"beta1","beta1_sd","beta2","beta2_sd","omega_b1","omega_b1_sd","omega_b2","omega_b2_sd","omega_cov","omega_cov_sd","rho","rho_sd","conv_code","omega_cor","tau1","tau1_sd","tau2","tau2_sd","tau3","tau3_sd","tau4","tau4_sd","tau5","tau5_sd","tau6","tau6_sd"
0.960037586110132,0.0703377523239405,0.980329674079276,0.0567040327176571,0.888644534514753,0.118700388723315,0.0479406859708532,0.036750278356033,0.206403073037717,0.0822533736846965,0.900454803357635,0.0182629617082879,1,0.999999999888815,0.246945189150737,0.20569735392567,0.66211685861417,0.0624676702928854,0.575887329340534,0.0611003630904406,0.66050431547062,0.0631070461215809,0.801997075542736,0.0741133175581258,0.64814550558415,0.0905839901456941
1.14391284418657,0.0729290602172647,1.07465486451414,0.0603497908767717,1.07362848219968,0.137415522216813,0.0690797429512447,0.0573082324248615,0.266694519084753,0.084843445235777,0.909906180805743,0.0175279914576669,1,0.979290906757472,0.284327363978063,0.204013243461954,0.796294175876933,0.0647603911506856,0.694914133718789,0.0643518121957293,0.737400316252232,0.0601770485784985,0.764384860177237,0.0718365947019068,0.617801990062429,0.095939356270123
0.977762926717852,0.0701650652461235,1.0358812603271,0.0582140250221255,1.07531269823284,0.136303646158816,0.0826167203795301,0.0445278362057481,0.298058397818696,0.0860210644291403,0.905883160504299,0.016738365540616,1,0.999999999998802,-0.169553681078199,0.197006696303439,0.774415863450406,0.0566591215468405,0.730814314903877,0.0590359642663214,0.764286004188083,0.0615568091859761,0.803809372611173,0.0711277163418164,0.615617267193885,0.102497143268743
1.07121104919681,0.0784425649836981,1.01336751378106,0.0619726231383755,1.22376628234892,0.151087944545513,0.122882783790397,0.0720745971836498,0.268620895926472,0.0941049868784733,0.884551415374999,0.0232662554569,1,0.692699750181584,-0.0444631098802518,0.206008631499458,0.689240848376298,0.0647725721542511,0.736809656999983,0.0627796333652543,0.6906459393377,0.0668943339696979,0.764579852333128,0.0715666281272618,0.630670143541288,0.0878230204119152
1.0172788487564,0.0744295617336307,1.11141703025885,0.059625600900001,1.237537396156,0.151872181640889,0.0646707724490818,0.0510950927193249,0.235660244382031,0.0860400170527235,0.901611816682177,0.0195009872509615,1,0.83301559859562,-0.0507059754660885,0.195058208790868,0.769684741226221,0.0598114670692601,0.722288538252281,0.0631065210525837,0.649689307712878,0.0662860655478633,0.717735079901085,0.0711802226115119,0.778390403846447,0.0789788831532001
1.01630827458102,0.0707770696641102,1.12354481432908,0.0577098641532621,1.01005439271658,0.139039641282073,0.100286427976691,0.0611944246629588,0.280860418515618,0.0825532920750406,0.923408997758284,0.0133149811099698,1,0.882464160456398,-0.0540635817611346,0.20527687224384,0.807209062197972,0.0617671638589017,0.686738685798045,0.0607324982504142,0.799182890813449,0.0643022853744813,0.571944506004299,0.0855233789084132,0.692556972681112,0.0925031000965193
0.923991968248228,0.0722806929690593,0.943582992092243,0.0572322403572374,1.02897205120805,0.135039496887625,0.0411027637644842,0.0516263526458487,0.185187531302991,0.0736011179885411,0.885764820428719,0.0207027599562254,1,0.900480765076469,-0.146297653789774,0.19636878047369,0.668110366180397,0.0632995434251996,0.661226599027352,0.0653326061487275,0.727334805955622,0.0671947584636328,0.70649205689882,0.0757064452745559,0.747255894797306,0.0862328825528584
1.03260726842627,0.078915977403109,1.08217399723475,0.0631012461483844,1.1685521934971,0.1452823137555,0.206197740689454,0.0735624162989261,0.300995490431455,0.0874618852046999,0.858301270638386,0.0311372858132184,1,0.613188470300277,0.0840315419679371,0.193712703200173,0.717002313015201,0.0638529011472343,0.734415487798862,0.0641389814806949,0.608658090424813,0.0689103564911106,0.777553296288105,0.0714911912689083,0.760882505329416,0.0807587648164244
1.129095571154,0.0749862690639355,1.04171378506294,0.0570885845205706,1.1325143689565,0.139937402361122,0.075509293962745,0.0512883746907644,0.256553908080059,0.0739198463613853,0.881791932009418,0.0233990198971803,1,0.877317049631201,-0.0967435792699165,0.201084199462312,0.807398344800606,0.0675843450015813,0.695116795441997,0.060567156616522,0.798387335646466,0.0616894522237754,0.67636359578073,0.074097310204876,0.719035619386835,0.0902233812050215
0.880407815637146,0.064149176660362,0.916685007838419,0.049282470053339,0.609564944299716,0.084033560461484,0.0367742843099787,0.0231076898145574,0.149720788597697,0.0493783208448357,0.890152975634534,0.0198463137560842,1,0.999999999358555,-0.133157816725968,0.197389268358504,0.716378556924905,0.0614256988954991,0.596517656179675,0.0587194316539406,0.741147408736545,0.0602583198912635,0.606760501984723,0.0797217335979194,0.691312501025437,0.071741317133916
1.06231959952158,0.0692181500142587,0.953529896938255,0.053537988548775,0.900549804652127,0.118250233687449,0.0805988600212408,0.0409095564465372,0.2694128572407,0.0741885161554523,0.897978148843581,0.0192933701652005,1,0.999999999995076,0.254636507336284,0.200037809500931,0.610325079241919,0.0637778660430342,0.669425259711984,0.055522068388563,0.690988492530533,0.0583483618554663,0.549796662605885,0.0834412762805103,0.619372075188361,0.0802054344179302
0.876023545893396,0.066812114893682,1.0013293369404,0.0500259146860894,0.743228087434908,0.105496255073747,0.0258586702346028,0.0223911674217632,0.138632211339274,0.0614683087028038,0.922125198077058,0.0117315271996424,1,0.999999999967308,-0.149990567907625,0.213591063094183,0.760714138477182,0.0620081896605514,0.676869836759579,0.0570375466101245,0.599781008743762,0.0588396744780786,0.692548362730609,0.0708551846667938,0.743747306698724,0.0791841163987405
1.03767605043305,0.0777797039444025,0.931053144489741,0.0535551305647846,1.21780936680273,0.150487162494757,0.0382172339793639,0.049584649570508,0.18290122351143,0.0813308955702909,0.860350807588813,0.0319815484660555,1,0.847807648041652,-0.0778051676073444,0.195676073124864,0.619659644492918,0.0681915219386634,0.673255682139268,0.0608697533680803,0.680562287563901,0.0669019647075225,0.635793409563179,0.0744880266030815,0.757332105498384,0.0751465445381309
0.989804437041021,0.0712484158762265,0.989605460345874,0.0520839598830315,1.02528411195767,0.127937164739571,0.0535122241696534,0.0507795897897267,0.234217486684285,0.0755722475004807,0.87232258977463,0.0238079552785061,1,0.999932539996584,-0.064290515162835,0.194662567279029,0.720504324904126,0.0602020954570239,0.64768386262047,0.0647180703802184,0.648159271780252,0.0635966044107137,0.726062617481606,0.0659747224376043,0.575864649007136,0.0859058955775549
1.07530731232925,0.0709051787853819,0.95184202442325,0.0547159915938051,0.924107258731578,0.115042773292224,0.104939799465464,0.0570068198158207,0.272201809935847,0.0753097357665663,0.897127520345817,0.0191843609478519,1,0.874097147230778,0.427503665105481,0.201077709930993,0.671700985706244,0.0660880462772053,0.633386031036091,0.0589426237919539,0.706611125504021,0.0649090506242294,0.73920622387703,0.0680460650700252,0.696278441478134,0.0763006384775068
0.965266621271141,0.0724887229401101,0.907175920615549,0.0521628520230557,1.00306095965002,0.132017588589067,0.0995755233531003,0.0432666143100738,0.316038478688496,0.0753404904917402,0.901098294666196,0.0184188098262739,1,0.999999999997622,-0.166188537488341,0.204880036803329,0.626212660755073,0.0640212423684155,0.693692827285202,0.0605478417431672,0.646827477298369,0.0641770492489032,0.695037315452785,0.0705560585748317,0.685773353419049,0.0757138879640236
1.07618589497987,0.0722277067667441,1.06098631868315,0.0539383710623853,1.07583548041681,0.128550830286923,0.0655835472072265,0.0369181109351062,0.265625877911346,0.0786371183052772,0.876013474245025,0.0216023464599975,1,0.999999999993255,0.335900278463398,0.187818687904414,0.654763078535317,0.0596830099302545,0.795965440487224,0.0562645541425908,0.675940237203904,0.0624444110769211,0.565518523428842,0.0808323218242119,0.701923997791076,0.0829005551738427
1.02720882608679,0.0699531924604883,1.02299687999969,0.0556673883048827,1.00747283128555,0.127259230990434,0.113355723043342,0.04510322704736,0.33793906436832,0.075326318419328,0.914754835192346,0.0161549696930329,1,0.999999999952887,-0.161677246800425,0.200450560879905,0.771253232064153,0.0604701131966438,0.675016985533381,0.062877568603026,0.678336677595482,0.0626083258697444,0.714352922657162,0.0742211215320689,0.804511146194413,0.0835534538245382
0.95733478678146,0.0693391401250314,0.964957520646524,0.0524266383008093,1.10638673240794,0.129756247882419,0.0213747239920512,0.021846868448309,0.153781372648415,0.0767583627650808,0.882310723029195,0.0220498754634912,1,0.999999990273121,0.055945282768175,0.180924127040735,0.774831751170367,0.0608111492378716,0.704510502676663,0.0640378245882221,0.698021195338608,0.059863318566098,0.697472041887858,0.0712488656704926,0.72222912318422,0.0989910877831523
1.08134232748223,0.0750232226199956,1.10479629086662,0.0586472785630127,1.24296370949741,0.147703609760295,0.124521570003496,0.0661161395024431,0.376292468001195,0.0969776765380356,0.86073321921212,0.0301489546766425,1,0.956475845808086,-0.145471286326958,0.184882511551798,0.673610415978715,0.0616779142017429,0.664645131438782,0.0626110259644503,0.584927167001359,0.0676546086896426,0.819085226487646,0.0691160427934951,0.68502805865891,0.0872644812461146
1.09455818582246,0.0754602199217509,1.01556098073421,0.0549834866803401,1.14464041656966,0.136802537325749,0.0459508401395184,0.03413745507003,0.22934076892588,0.0856757322389496,0.905942752626987,0.0171445253025012,1,0.999999995175497,0.115630000753287,0.214018192284085,0.729162387094723,0.0641520080315146,0.722804596354573,0.0625907545585569,0.734439615327505,0.0628085476775409,0.761459041356949,0.0666685655171203,0.845076514597145,0.0807658575056376
1.00416785922443,0.0759786261314573,1.01382976314263,0.0602846050955633,1.24940888040817,0.158388843037587,0.0474520897380885,0.0480114680762497,0.185437392739961,0.08931757502384,0.890933593181435,0.0252963852232503,1,0.761583185038564,0.143106091454335,0.202594615959226,0.598362497758895,0.0715074199359116,0.795940761812064,0.0560991719990359,0.662916914962732,0.067077418830355,0.767722538417111,0.0711536547901571,0.640963272956806,0.083758010426486
1.03409357481704,0.0745179675478306,1.03165431443437,0.0567405736321384,1.1688005946193,0.147321006441549,0.0860437813757129,0.0539269965340217,0.294961201454593,0.0927236780649564,0.890314600817368,0.0229644949149329,1,0.930111336223181,-0.0467939997492184,0.204882211408582,0.732205318470005,0.0675981029400335,0.642827154503582,0.0653162368273579,0.721402187432568,0.0656030524622086,0.669511396713662,0.0760903570653379,0.667690098903426,0.0804700517981339
0.894769086657903,0.070214106755168,0.933550550627597,0.0557043803766782,0.952228101360097,0.119863281184113,0.0541055987872828,0.0355172054060465,0.226982095342697,0.077739636133094,0.888151966296332,0.0232258009647138,1,0.999999999999956,0.0922175587859264,0.205757132952492,0.658153550159,0.0622101036521673,0.626962094144246,0.0579290903787266,0.619508823992781,0.0645400967328998,0.827400061750984,0.0681484563650368,0.57355975996563,0.0932385739862319
1.01701438143363,0.0805721978970045,1.07612456996356,0.0563994459491893,1.29263535604714,0.157690566314979,0.0811173544308434,0.0476896332274549,0.323813463201963,0.0969862442707149,0.869232738369608,0.0273052639772686,1,0.999999993441114,-0.0111451405143412,0.203324403213721,0.732269062353908,0.0636281120758348,0.708509705583671,0.0609785392976959,0.673903974416563,0.0700741438499224,0.81403162226262,0.075182549754394,0.677084682068669,0.0902013517431726
0.94596349054595,0.0737303614417676,0.961599581275269,0.0573405513194215,1.00542809499636,0.135754358784239,0.0459870187315906,0.0303658481162671,0.215027069540228,0.0752858881833523,0.918764935082637,0.0156129225159076,1,0.999999999969644,0.0320408405428858,0.230230895566935,0.724930197050862,0.0648949302908386,0.672019721665244,0.0648480338862642,0.720443632978003,0.065408416945218,0.756359530589962,0.070214102783894,0.728085296640514,0.0835024862973106
1.0240187215797,0.071585220645645,1.00161591512906,0.0550753142157802,0.909397204985114,0.127404724319663,0.0428455026041192,0.0301188886081827,0.197391945494758,0.0722239211006253,0.912258597479018,0.0170522450979626,1,0.999999997842049,0.494199773609178,0.211855439510578,0.656717680234049,0.0651683679375374,0.81167596235349,0.0589490483945426,0.679980567676836,0.0626242776144287,0.763429129139249,0.0695113985630391,0.702852702381143,0.090861341923646
0.999314347693567,0.0655451231354157,1.01494016375339,0.0542077823800343,0.809938895347596,0.108270789896329,0.0570389634141632,0.0354217573122156,0.214937374248371,0.0695489588167512,0.908278353484356,0.0159532865086255,1,0.999999998153006,-0.238135778939981,0.217654877268482,0.665293643038389,0.0646102311572733,0.654041691370645,0.0593491411228125,0.634026249490038,0.0651718394026734,0.749263866436864,0.066755196304333,0.644612169574711,0.0816482122947304
1.04851373722031,0.0700315567161768,1.06378009032996,0.0575382475978597,1.08785259005381,0.136620734867593,0.0639528215107593,0.0388113813095091,0.263763611050231,0.0830364094733388,0.904927017555209,0.0174362637111777,1,0.999999999946308,0.0817910196751167,0.195961732844016,0.715543347983346,0.0627489859725138,0.619929322540919,0.067542196914134,0.584453565674211,0.0673198687969911,0.771649367739137,0.0638756338259219,0.653315320267386,0.0771411474213696
1.09902066449419,0.0673153048175064,1.03927999608939,0.0598850564584905,0.73201014479014,0.107363003828931,0.144938589402931,0.065801996587153,0.171898969975496,0.0685913574193857,0.921735514897837,0.0139760149644063,1,0.527743276780508,0.385462679629742,0.210096024425466,0.780515952808812,0.0596067300656411,0.680104343098692,0.0599602000699221,0.679340318017311,0.0658611659912702,0.738208139147646,0.0719366637457065,0.712737464824879,0.08079390414263
0.909460010076241,0.068744709876943,0.975209104050991,0.0517902291834235,0.921304405579873,0.123184521562133,0.0988733525030198,0.0405492243260647,0.301815266720692,0.070419468778124,0.911889382750133,0.0159669391693374,1,0.999999999836421,0.0936783828142048,0.199196416125309,0.587093484981956,0.064151293312814,0.765636824475205,0.0554708721183143,0.641649854528548,0.0603223245692501,0.779613093474812,0.0703905757504497,0.691152768509502,0.0916036101718391
1.0463984114421,0.0682284824897743,0.957869899325336,0.0514069707740698,0.796116124002195,0.109063400743672,0.0171057686121162,0.0373007730373826,0.0598074875752484,0.0584932082302327,0.915785586750754,0.0134469099312444,1,0.512502575515159,-0.0745840709175485,0.203577185395665,0.732973484172373,0.0597546479690743,0.715476880690561,0.0588655553167476,0.656498369551001,0.0672298866345318,0.639145826489671,0.0743974024402585,0.665894332545467,0.0845799831908939
0.954156366753448,0.0669761982055361,0.968975130362299,0.0499210678996423,0.828405812616274,0.103637892136168,0.0591983615546694,0.0350989688990767,0.221450370910142,0.070118528460824,0.875391890170419,0.0231867094064246,1,0.999999999663458,-0.0610488681494216,0.185073414605015,0.703631353126992,0.0613023581259475,0.603585724986886,0.0588333758953812,0.567384972988063,0.0595785379307087,0.605633989877563,0.0736232655387214,0.739550101955197,0.0791965437284151
1.09095754308885,0.0761744203700391,0.991830249044481,0.0565257649956693,1.14801174515047,0.148401441774782,0.0903480381608648,0.0425859928124034,0.322056841174546,0.0839718557836513,0.889110199266576,0.0226879256298521,1,0.999999999939023,0.0807716098873441,0.206391214917014,0.73171801635259,0.0620724309979084,0.607486257036036,0.0612363690842375,0.620300282742506,0.0669553099721406,0.74878543145377,0.0704718628120029,0.788583969158446,0.0778955876744136
1.16123497896223,0.0667519100086219,1.05465663201164,0.0516372626134593,0.796393209916381,0.105515153540667,0.0235031352080807,0.0229952110518205,0.136812781899907,0.0692621813106214,0.908591866054961,0.0160124615894173,1,0.999999999992774,0.423654700464709,0.196433045529497,0.691045246111521,0.0586082602991975,0.623035590403586,0.0628934384104598,0.724308278192625,0.058015349645141,0.67404753898018,0.0697071890725389,0.842569151353281,0.0756707334522597
1.0362759483994,0.0695685080492079,0.973076936034273,0.0555206990852128,0.920769203523086,0.118991496170483,0.0878963450378741,0.0536063672786434,0.211126667587366,0.0722960175202313,0.895914941608461,0.0175750517674631,1,0.742133937360566,0.0992246670467607,0.1915206135504,0.724008251295904,0.0617164958947152,0.70542053276358,0.0575011640871102,0.708540577500776,0.0621232904659661,0.779645079083579,0.0761663703394124,0.753634121797942,0.0853098727878513
1.08543946300211,0.0714429548377188,1.07056756310953,0.0560404227985699,0.866066093409094,0.12471390798618,0.0460666211121666,0.0317850079919057,0.199741679613883,0.0730718184075475,0.919707607856207,0.0133170789334432,1,0.999999999897283,0.00496333064212561,0.206707835435723,0.752893016410786,0.0638003605639983,0.746790823041633,0.0529226879667904,0.670498375503884,0.0683522863560672,0.657210087351005,0.0816008691577725,0.63557558750909,0.0902991399385555
1.13254799259047,0.0761009901273586,1.02341074358242,0.0526474688696513,1.07128850708632,0.13341333948955,0.0588241493706572,0.0502404238277962,0.136662470301785,0.073611979656207,0.885082211582942,0.0231968565873255,1,0.544400124649595,0.311325819140414,0.206904636760257,0.694010794760645,0.0670441499161583,0.650109365283343,0.0619194698859776,0.638133993622715,0.0641097181581428,0.772118845839002,0.0673164458307154,0.791972427963044,0.0800869927775431
1.09613254973454,0.0735469850841634,1.02897266390444,0.0667195429115664,1.03787280127464,0.138013329062612,0.133053825946867,0.0756627194090822,0.234085264394931,0.0875314905390912,0.902231081603712,0.0192780778161646,1,0.629924248904163,0.24523372162076,0.199652504079251,0.689262048048695,0.063443304440431,0.677835820344118,0.0618142994074902,0.668763427540253,0.0643732965563129,0.77333406508009,0.0746882413765825,0.729538968064017,0.0821298573643523
0.99912029119801,0.0764816256937142,0.947864893461964,0.0539042182523547,1.07453876091713,0.138561223860604,0.039387547370683,0.0436326093826039,0.181144392189937,0.0831157540552264,0.918936862122641,0.0148170958797524,1,0.880510180280891,-0.205863933429117,0.230118977852273,0.734857856346873,0.0680784283318204,0.771618627791953,0.05754754940918,0.666786136717518,0.0698664809458834,0.672664009257057,0.0733677782408726,0.806800634602989,0.0790863593369905
1.0953590467765,0.076415886102439,1.10819692462157,0.055104054343379,1.02716502921651,0.137474521513528,0.0516877319326858,0.0304180813510454,0.230416645841283,0.0716405432948809,0.908140588606248,0.0183667802091163,1,0.999999999999764,-0.0131118916845083,0.222817953777469,0.7024096875754,0.0629959519664771,0.810244364220535,0.0557445182530257,0.837035037613027,0.0590928117482337,0.438760860516113,0.0907789110668158,0.847308708732292,0.077231886891521
0.857514935695178,0.0674639441582049,0.935833998047568,0.0538226334718028,1.01965761262117,0.133841314270546,0.0978105535511901,0.0634742756563997,0.312579850448761,0.0807804102244511,0.901451952804828,0.0174573956222811,1,0.98978515910295,-0.268058756022913,0.195112743683506,0.724717043704669,0.0601726021190339,0.733309039781319,0.0576327245084642,0.629998410104992,0.0704868768235696,0.686779598269785,0.072966840007325,0.712202947799232,0.0987682555503617
0.919738872341986,0.0715321783704622,0.975434630759618,0.0585286681015415,1.02965047025651,0.138412979756974,0.113459997662416,0.0632472819190176,0.275102989206492,0.0853028544300919,0.913048573616623,0.0169831224786289,1,0.804876065699397,-0.13300291855076,0.217141127683023,0.710270011912382,0.0580920600979784,0.733184894995304,0.0644601959907957,0.708315950986451,0.067001941463329,0.666109830213243,0.0725600424817932,0.585148719147649,0.0919085992994297
1.0471218770021,0.0731438963360391,0.99155341014523,0.0637583991582696,0.95524444964202,0.132688728109864,0.100061557055059,0.0677447674848393,0.208610940290619,0.0906190616240233,0.901578287559314,0.0171477408956191,1,0.674755123391999,0.0458595121815832,0.198724838762612,0.669842546140037,0.0665620404578946,0.677104852234614,0.0642301940398748,0.611234859420295,0.0671336884091923,0.742332034687496,0.0787213710504438,0.615952609360021,0.0873397962702938
1.02419037315492,0.0693601325388215,0.995891422242511,0.055385080550418,0.94839273548449,0.124211906881935,0.0319876070229026,0.0437901326391406,0.119588708057876,0.0730995144690996,0.900565428252724,0.0165263460568345,1,0.686602197094727,-0.108516772074877,0.200987142665766,0.742166999517231,0.061818643462028,0.736441590248923,0.0558725015796566,0.748246290693268,0.0635889207858742,0.605565870823768,0.0785453808784049,0.692204847631568,0.0811313601448664
1.02019803753067,0.0727957354923708,1.09877039814422,0.0536457134577667,1.03936909239942,0.129497003169013,0.0611402447827271,0.0369722670281437,0.252085859831266,0.080654306794953,0.888271441926585,0.021834918638798,1,0.999999999984004,-0.0564919017571636,0.195101916936226,0.682410359778903,0.0668716061796183,0.724696989189467,0.0574377238406828,0.678656294766208,0.0613062328012997,0.743772048186894,0.0744104036327373,0.608413055874436,0.0929358704440865
0.941089966360434,0.0773066701340739,1.03905751309567,0.0612275597175523,1.27278017170707,0.16124629183237,0.115214492329457,0.0669570963001448,0.307095911121579,0.100463874015516,0.881294653232651,0.0252817296159199,1,0.801943512212019,-0.184142405768005,0.199250391132354,0.740800098371025,0.0681141933458228,0.688704742020181,0.0650659125658661,0.785373313271185,0.0648960451617975,0.82847608654333,0.0719892861883199,0.838611286655967,0.0905836252452116
0.974321313476352,0.0666778078103739,0.991521573794846,0.0577769556227104,0.940435242069409,0.120332627073003,0.0903157534782212,0.0423761935896016,0.291438016539221,0.0763751685145725,0.876992768436979,0.0213685210459666,1,0.999999999996135,-0.110794895277764,0.17373833350444,0.681334501847865,0.0549073018212475,0.607552425269974,0.0591472492126896,0.694609763358195,0.060001525375955,0.758101117297642,0.0723900979025046,0.65409983831801,0.0991436156740095
1.22380154944386,0.0796752693679922,1.05376312216167,0.0618079657626759,1.08228900116136,0.145451547980912,0.112627304995933,0.0558090160094701,0.349135064734735,0.0952062370255158,0.917863019655613,0.0167518514534509,1,0.999999999999109,0.0381781951877336,0.220659714102603,0.820054933362082,0.0704783098239468,0.629493848503449,0.0650014299331571,0.70833377771729,0.0604672106757549,0.701388157051297,0.0745019491856306,0.779275795693195,0.0841089522641435
0.991353693022905,0.0729994082111663,1.01118426512305,0.0555295257483664,0.998579375526052,0.137343047390344,0.0713488441354417,0.0507499716931544,0.266465121437673,0.0756257001825285,0.90869838101137,0.0173084044652443,1,0.998287432588122,-0.152305486887419,0.202687614558225,0.63051087799969,0.0671029450568353,0.797575078698902,0.0572104123934454,0.632304601705464,0.0664877720408191,0.732450944436226,0.0675466519960021,0.62438812468449,0.086637100307937
0.998937250120345,0.0700850380449786,1.04748493353513,0.0549878550079757,0.902224235278514,0.117850839349323,0.0668813262559987,0.0562627924459944,0.228599565047839,0.0761030283368202,0.894544844319214,0.0186019171802712,1,0.930605718789833,-0.0255166243120402,0.194234417197843,0.621292009843658,0.0672893003619918,0.69297002420712,0.0588390774909189,0.720736674378011,0.0625292695531742,0.637434843488551,0.0714016351664191,0.719053062881921,0.076597968362811
1.05939651163421,0.0795698143508852,1.10475928335825,0.0656067719122063,1.30084837722555,0.174177121223187,0.201380104074272,0.0793618313996745,0.354011487825881,0.107530161627398,0.894943812014133,0.0208799985800735,1,0.691664896831456,-0.406084399751243,0.202630574879414,0.781084757933282,0.0615031288876925,0.683800113309488,0.0707375982685839,0.823821130362338,0.0694657724431752,0.844002645503943,0.0726758709161477,0.799582404156725,0.0925842579534314
1.12034513767627,0.0781062302283486,1.07222564703423,0.0574212815716985,1.19854439132059,0.161595500719863,0.0570698129929341,0.0376528252629937,0.261535282808499,0.0910020224366095,0.89969279687037,0.0206034937169385,1,0.999999999103265,0.0417006047689482,0.213500006992474,0.674128051872247,0.0665173334846035,0.758794328343816,0.058406682029615,0.689728324223471,0.0673634617651899,0.794554831147197,0.0692623001968129,0.64826664409895,0.0923990253315711
0.982145973324357,0.0737352081653431,1.02975878218193,0.0548516966584169,1.09056063355823,0.145273463025106,0.129195475973058,0.0535839337770124,0.375360493322038,0.0882049151495097,0.893878904893714,0.0215928902327324,1,0.99999999935033,-0.176782936076506,0.198482279196806,0.734984473127811,0.0598216625994838,0.817278313782516,0.0608767290441687,0.624029834733538,0.0737649196636616,0.685765884875274,0.0766490644340039,0.653662041733853,0.0900959296062169
1.00099535248702,0.0734287198234066,1.01598493400014,0.0602802985097335,1.00954789700026,0.138213818105163,0.147817655900702,0.0721295536233302,0.351846856263754,0.0969106731973121,0.92149510785749,0.0143116286917407,1,0.910808458754464,0.0923489340322137,0.228758321272584,0.650300959612709,0.0658604047796488,0.822409272041493,0.0586127399704092,0.648010439926104,0.0735273025108675,0.704873063148528,0.072288180887134,0.507386666314331,0.09865091505338
0.934077727320037,0.080128250942496,1.04696686114813,0.0597404591824594,1.42470323679064,0.186818205832102,0.0728165744345698,0.0620842471376297,0.27546780143548,0.100211184057893,0.893107850393243,0.0188941189613381,1,0.855250851472118,-0.0798332573488077,0.206585842357298,0.710967955126848,0.062361150493343,0.69370650113945,0.0638825592934841,0.656583119104209,0.0700230710585929,0.715431106276321,0.0739767106890824,0.715996128921539,0.0931441160879369
0.934084811007157,0.0708646162822389,1.01731780795493,0.0528331063054441,1.08691389583591,0.134640179059178,0.0836143439407622,0.0474612012814715,0.301465739855561,0.0913218400240848,0.877184240518717,0.0267654106968761,1,0.999999999924313,-0.22140057593876,0.190592421416708,0.722516792181564,0.0623890022555907,0.708330309885142,0.0626889487855218,0.65784133522869,0.0618301081765196,0.693169018225576,0.074410055144777,0.709089457023911,0.0814032451764439
1.12022297210996,0.0735459355817143,1.0215665421668,0.0605274008884704,1.05556479784986,0.138078498219029,0.118320006531855,0.0579679220772656,0.296885738008385,0.0884991600966902,0.900984878501822,0.0186632713419213,1,0.840074483223673,0.22721136787983,0.199128659931696,0.712778339831848,0.0647225994619172,0.683112732991261,0.0590358970966035,0.730893880197059,0.0583713247722839,0.754402896643338,0.0775156140459962,0.790395162616504,0.0810074878647548
1.05966656206132,0.0812828288206585,1.0550444566661,0.0603889322242271,1.31766902113556,0.173775346173932,0.0173480561616623,0.022016631069828,0.151191918329762,0.0979927550855638,0.904550043141428,0.0200956387770233,1,0.999999999717642,-0.0409661744895687,0.210807337471028,0.712663746420929,0.0689602799827746,0.774187394890935,0.0593956236034238,0.801679233694017,0.0646137830364905,0.765992682920938,0.0720603852680522,0.686484258258859,0.087211400068673
1.00627006654283,0.0802750104616015,1.00440810660366,0.0566146918565778,1.27254953515157,0.152677240433574,0.0391837210573857,0.0382137732630131,0.223300731882547,0.0780592874843821,0.843872356090646,0.0383724165892029,1,0.99999990817076,-0.068865629044726,0.196077052039728,0.59221989356881,0.0707495045936459,0.724971124407659,0.0614420428464936,0.71779199195324,0.0608089661781973,0.673579449357227,0.0747522085211269,0.670497000149148,0.0859018767481489
1.01670690220153,0.0671889842994258,0.953993758924496,0.0507107322180703,0.920885452367518,0.11597622719116,0.048538434818202,0.0318051981443416,0.21141981553925,0.0719419975140869,0.90309996345358,0.016580005520215,1,0.999999998857667,0.21733626702033,0.198893606624895,0.661416244466258,0.0587236016003784,0.710436304525513,0.0633989757353038,0.659280033924285,0.0580879917219713,0.698234010519042,0.0645984529713307,0.611112417811163,0.083708607179
1.03579832598398,0.0698692569270001,0.924891985933272,0.0557194335938806,0.909980526310674,0.124208331941346,0.0977947851342845,0.0589333260458454,0.220114573686286,0.0753581036135797,0.897440429132255,0.0207632327497553,1,0.737861584771886,0.35471719853733,0.206317331605316,0.608764545956308,0.0637054578247357,0.585451825098939,0.0625369418084209,0.70504500764423,0.0636566360398915,0.645396736876163,0.0827853588669978,0.572657049337658,0.0871317923095336
0.90923238003123,0.0708862865562861,0.905659501463751,0.0516393219743373,1.02837756336971,0.132777538682326,0.0479414604535883,0.0335134167063319,0.222040361837726,0.081726049132072,0.880532200679019,0.024216162222935,1,0.99999999999373,0.0678146606077815,0.19389076714043,0.570398230951512,0.0735750296753355,0.661215110603918,0.0580906418614193,0.706538928794249,0.0646071922036707,0.644624396634243,0.0732884518107956,0.508266364361943,0.0935207835909989
0.965418361949868,0.0681484638628298,0.991188649876774,0.0508774127838233,0.959711528021435,0.119103690125837,0.0423721276382528,0.0282381046096831,0.201655695087259,0.069331635677161,0.88804572989827,0.0176345416628145,1,0.999999999998756,-0.527305721064453,0.197516190844099,0.834226431748653,0.0541180134585325,0.639333118689201,0.058765863388415,0.706322588854437,0.0615574769008715,0.751700485664964,0.0629328865768489,0.693012747116057,0.0775983396884121
1.02378646675455,0.0725501290599908,1.03378293692755,0.0580878136065019,1.01143391369118,0.140993086383088,0.136534198886426,0.060219425687357,0.371611784966036,0.0900314085083437,0.914913990924435,0.0156519714889424,1,0.999999998527308,0.118726848890524,0.202528922632212,0.76928307527745,0.0612376702197498,0.707161781414193,0.0654484390359147,0.575302446912195,0.0701994281967669,0.745243701122177,0.0636808036842495,0.789539904812074,0.0806618857639006
1.02988768132202,0.0695526355940712,1.01880026200067,0.0546434715964672,0.844286448713717,0.110876500927682,0.0426627963611207,0.0307064694195338,0.189788357852104,0.0713894929470546,0.907243515479545,0.0181482571255277,1,0.999999999226413,-0.0583774530369634,0.210538806397103,0.723268205904938,0.0612911967086782,0.684999941984745,0.0595151724842288,0.687592059654221,0.0645496330028561,0.678247784752486,0.0686059197312319,0.667719377368617,0.0782888745868075
0.940017841297985,0.0667705543899522,0.958075108903285,0.0504922937952303,1.00950569678203,0.11211612272318,0.13116992457352,0.0503827792697369,0.363891173433417,0.0788137491665975,0.7969314831593,0.0468458743242533,1,0.999999999997402,-0.314883652506847,0.168960000176373,0.680602273301757,0.0592894886604855,0.612989166299095,0.0595680998103703,0.784727536756878,0.0598873228750697,0.754230048747926,0.0704760772643219,0.690869957194982,0.0851839631506343
1.06519932675495,0.0758903819776908,1.045684849881,0.0610848074467709,0.940855477945314,0.127763457675822,0.0659444053940273,0.059375096597399,0.217664876016681,0.0736874624383645,0.905785160596731,0.0170055226765681,1,0.873852064340752,0.109127936185292,0.211462050138878,0.689495634487022,0.0666428477898584,0.755317200375009,0.0597232780728121,0.648045452915751,0.0627620160417268,0.630175303590065,0.0808286230906231,0.708606169673712,0.0943694058003602
1.09255303696144,0.0709792437938699,0.975943083982886,0.051567012154615,0.883150097069,0.114497121306552,0.0484185494246282,0.0464051039970822,0.191552830025074,0.0648150283410047,0.915753924945653,0.0151475326385929,1,0.926329351120285,0.0526177759962109,0.206112277698144,0.702371262305019,0.0607930653494888,0.667268649242349,0.0633167167188662,0.678367859540968,0.0609567187737006,0.688575770256081,0.0653751669790297,0.668104327146475,0.0776639923840153
0.9697220992531,0.0738635496988069,0.997246548606415,0.0568021132736069,1.08750245921618,0.146555855629192,0.0460983624037027,0.0356779312761532,0.223901948358503,0.088821780823914,0.906542603319496,0.0183311585552977,1,0.999999999988713,0.152371718324429,0.210888808511603,0.695606411819796,0.0645873737760279,0.642101932713762,0.056073152286041,0.726589253101319,0.0622320750564953,0.665456909543625,0.0825069156364435,0.683824627664629,0.0971844012071697
1.04169576764094,0.0771514396992817,1.11845771659631,0.0601401376750934,1.1287404123023,0.145446782056273,0.0565462700373171,0.0353160747923193,0.252638200112376,0.0836012014274346,0.920708518895627,0.0152165390279973,1,0.999999999999547,-0.0168113476702277,0.217794934773631,0.660914523874299,0.0720460736639402,0.740518798092669,0.0613491790138123,0.68107397842154,0.0563188943694517,0.710060871847848,0.0704994117177307,0.729678348412856,0.081090504730355
0.967437751320591,0.0708209193290774,1.05111070712686,0.0593290028874799,0.885912362382447,0.125044888618726,0.091850171970269,0.0576970494703516,0.147454452483746,0.0740418723897141,0.910716758353826,0.0175227617099817,1,0.516919032718733,0.241247883881361,0.212052638155389,0.796430060290204,0.0624167635069661,0.706441739277401,0.0581627533940305,0.692203335099627,0.0661074063905663,0.66959919433204,0.0863944233339383,0.815266804361245,0.0820177285799099
0.930653833505326,0.0720898209669335,1.02080452977704,0.0584158428965801,0.951769979514427,0.124512006761602,0.148989383631693,0.0654654518166089,0.162317147727157,0.07234923479627,0.907054482466676,0.0166942026056383,1,0.431043141941467,-0.0691070595852765,0.209432982830838,0.721362779978009,0.0614246002534716,0.655895507648364,0.0628525674575745,0.768680841885121,0.0661183380031456,0.634947312316309,0.0798589115750119,0.727746001567245,0.080637616301207
1.133542430446,0.0695642585494653,0.973896677951845,0.058248142992955,0.865300773584647,0.111128954849953,0.115037331278995,0.0566219510109098,0.194419940954431,0.0623887707974128,0.873367224614785,0.0229983362384095,1,0.616222940289781,0.137086801493939,0.183329454629618,0.663395666301223,0.0625967474239883,0.700442591305579,0.0565609668351147,0.793575673049827,0.0605300044590149,0.677398846829475,0.0717222584650596,0.697846387920549,0.0838231360417405
1.09330160589906,0.0726270520566688,1.02049744194653,0.0543176010112951,1.02455192893888,0.13870195236843,0.0636062696589191,0.0341676007281267,0.255280093762438,0.0744542742179844,0.885776912845649,0.0216754704466543,1,0.999999999997752,0.308183583000394,0.202097928050847,0.634073016022603,0.0625785976141494,0.758432110770055,0.0601452316707347,0.642819607325369,0.0680328130721616,0.656230323500719,0.0777146777923074,0.576365546399064,0.0931766640065273
1.0799893219181,0.0735084393056138,1.0693147790016,0.0586628839422966,1.04227990309915,0.131660821177823,0.115946529602393,0.0536382035467348,0.333312148899,0.0811275760814723,0.8892966449374,0.0210932195662164,1,0.958804545891125,-0.0675459838568133,0.196627205099837,0.777589134735387,0.0591721388094619,0.737780519066038,0.0588709794093356,0.792974982074235,0.0615231305604176,0.651241269265048,0.0825482954365202,0.805025906522695,0.0809049453715728
0.966343382341921,0.0683107972571231,0.937106978365251,0.0529277912616713,0.85224849550159,0.115983648260559,0.05094502946946,0.0533052176282818,0.208368372185334,0.0651162122930286,0.90072002312937,0.0170059286492771,1,0.999994861642486,0.18650360819129,0.196703857143244,0.735376674538612,0.0585740413806086,0.571729280031918,0.060180721444612,0.643230821357299,0.0678281572025873,0.652856354740481,0.081712768032862,0.678154912066599,0.0787822935712717
0.958570553241915,0.0746747262080282,0.999910534216047,0.059460529013798,1.05245709020464,0.134477172718822,0.0708864365547277,0.0560009414389526,0.202271985755935,0.089743129468482,0.882374716852952,0.0254704405407508,1,0.740545873770238,0.222330996648843,0.202892742138972,0.674232355264237,0.0673355797344063,0.717285286523986,0.0587770844428504,0.661769984279982,0.0630983733207455,0.682399546552359,0.0760657343510591,0.736788480082753,0.0803270726242931
1.01921960106982,0.0778551660572064,0.980676437977338,0.0596595974464596,1.18846117740962,0.160845743580785,0.14025367433939,0.0758579838589109,0.319821832472021,0.100567564422848,0.890113678093354,0.0241626711787193,1,0.783354754591154,0.527271872016915,0.206788042177123,0.707721385060737,0.0580353965232376,0.638333906281561,0.0708029020192318,0.818969129943168,0.0733768534367087,0.682735121047352,0.074957344004474,0.708898092051126,0.0892559931978838
0.940317032390464,0.0667597230277666,0.995705457609845,0.0544338019926566,0.79641444207541,0.108952245257449,0.0462573517251928,0.0275696537163254,0.0907442698917227,0.0655117943841754,0.914041215939773,0.0154991550167035,1,0.472780183224336,0.0383852732145357,0.211955053541074,0.671043212788998,0.0662860529628824,0.671006062482021,0.0595793616413597,0.727298289280896,0.0632782930275473,0.729787458388532,0.0628497610558053,0.634930996243319,0.0861187241009369
0.965311416621354,0.0725816604403782,0.978858824060579,0.0534775532456706,1.14549203042068,0.144461594993293,0.0801083658210398,0.0431142566373835,0.302924899301304,0.0889004094419143,0.896522370157003,0.0189159716833165,1,0.999999999992804,-0.237948294773389,0.189839541498001,0.738705659332151,0.0570317653914006,0.664401384032719,0.0602965934347976,0.65407964488762,0.0642333240812148,0.765106034636926,0.0714892698345221,0.751393033123849,0.0895716046565445
1.07111389630836,0.0713974308423196,0.941200408195261,0.0586742807345694,0.915805221096152,0.129288342459501,0.0701956802042036,0.042655755236095,0.253545992729926,0.0813545212413396,0.91682461722383,0.0141305675433842,1,0.999999999999985,0.176757506804517,0.212090806844927,0.754212633051967,0.0640906544384684,0.61536691293471,0.0636579197233603,0.524660239665267,0.0728378725653804,0.742499766683883,0.0713486563586856,0.695764085575532,0.0873151580717852
1.02801383647244,0.0701149528815961,0.987241055392907,0.0511142960162179,1.04960156136341,0.136842023470791,0.0231502955114099,0.0252302278781725,0.155880038098093,0.0865567333751601,0.899336969165205,0.0178576314206854,1,0.999999999231696,0.244453699711762,0.204589740082746,0.654993004249406,0.0648825749483731,0.692728165705256,0.0603135689461091,0.645311028729789,0.0631738695829149,0.734995290246088,0.0738373948509966,0.599985367244077,0.0942525330759077
0.946200554689484,0.0734288479692225,1.03574047239872,0.057421395055467,1.16910608309531,0.142373781665808,0.115757119695991,0.0609401628552815,0.221469052979267,0.0908203853017963,0.880672660699494,0.0260520928119471,1,0.602021820156472,-0.250246427297171,0.197308062285343,0.705338549131228,0.0623875522213627,0.688697610778418,0.0605072035947711,0.752701463339497,0.0692630331764395,0.710552874633366,0.0712435930285659,0.672852389034327,0.0820863399915663
0.969516835430411,0.0718782699397925,0.995970913390822,0.0603174625230116,0.99358033509933,0.133704585670465,0.17213069690935,0.0687356588308723,0.165320419472734,0.077095482703248,0.88800384677279,0.0204189614656524,1,0.399756782828187,0.0298810216852363,0.19610931871442,0.692452443749677,0.05861516321746,0.629832635476958,0.0588709051616211,0.76106874129625,0.069382113346534,0.810518211766297,0.0731118588802129,0.57546444332589,0.100918031421325
0.93487016742765,0.0663459593071471,1.02862676855779,0.0544058978798996,0.765047936694955,0.104558759589656,0.0169616363607734,0.028180201420149,0.101796408129802,0.0617240540889787,0.912624609155243,0.0139684267559891,1,0.89362283123208,-0.191821325832275,0.206452388836862,0.667943560628005,0.0668255936637459,0.669071067684745,0.0608328214762362,0.650218933067594,0.0642321680044281,0.719792232109934,0.0702394201408339,0.636606153457468,0.0896583548217261
0.965766544885523,0.0696909906867917,1.03461205164605,0.0561457297834836,0.858194125748641,0.117112955347197,0.125445394571232,0.0647587786022595,0.280373488545435,0.0733454659008362,0.89322512631705,0.018884054623576,1,0.854509343277405,-0.120926662240107,0.201706108734678,0.682996891896646,0.0639868317455869,0.763338744005892,0.0588200002493751,0.695069767118676,0.066120553773585,0.650011565730909,0.0761830529621512,0.687209240630755,0.0869556108657587
0.944671916121339,0.0645042879044361,0.993916825064146,0.0538768596516794,0.811642205539892,0.105139164093356,0.103776389135787,0.0557285364510402,0.173262661648163,0.0676187769417679,0.900241026538101,0.0178019916274519,1,0.596998710130239,-0.212245645510225,0.198356012069876,0.716071586624552,0.0602658388016995,0.585000115785701,0.0611379777134493,0.738179728715808,0.0588676634339593,0.700439806226827,0.065790394307675,0.786647399962857,0.0785958922628952
1.09621123357909,0.073196443445752,0.976562707404008,0.0568856083487256,1.00907746271852,0.126866400463065,0.0478470687000314,0.0437739065560775,0.219611721942392,0.0697316443998998,0.909162316189647,0.0156090851846316,1,0.99946040994302,0.135901653957707,0.21319435208258,0.754958046969331,0.065472874195978,0.655057498063029,0.0645001447388649,0.726243800839274,0.0598886336743911,0.680082187362573,0.0734538531478086,0.681585023200889,0.0768509259959526
1.05833598498297,0.0733719590858535,1.0923238852857,0.0564586472686991,0.940735112340271,0.126923938450351,0.103103621984182,0.058192150182896,0.28244941546181,0.0780376403286782,0.898014545077208,0.0186247691008253,1,0.906922219461476,0.0982134110089583,0.206735221779615,0.713638176081653,0.061873076363846,0.647173438503185,0.0661037990365788,0.702773734024199,0.0653879124965591,0.641000754499607,0.0728145524492342,0.783064464548971,0.0782574956042276
0.978359133234143,0.0776994495440726,1.00794787032661,0.0552994079377863,1.10261914893908,0.146651027883696,0.0337261949210251,0.0262494902310098,0.192839695967225,0.0786035176096957,0.897493278470132,0.0205162235739498,1,0.999999999999428,-0.110614751610639,0.207417377179126,0.637545670235918,0.0652720697345266,0.597586060417759,0.0647075041919463,0.745499426297827,0.0628681876697561,0.682888062905764,0.070592613291902,0.716231919614692,0.08707715980488
0.937639850632313,0.0691281346513436,1.07571053397405,0.0603182986102784,0.900549037352117,0.119948664678781,0.0995174052528531,0.0509162354500684,0.299366503637369,0.0840161911986861,0.905216847984021,0.0175151620307801,1,0.999999999999026,-0.168036195508584,0.198752874404238,0.736509873041151,0.0604651985069497,0.716439139186902,0.0624089148304502,0.717209925429807,0.0609485710545927,0.678020408090991,0.0841759877577638,0.601203253379592,0.0842644445412697
1.03378849343384,0.0849566946820515,1.05137641418169,0.0638030274050391,1.31965714729113,0.186541242425685,0.15581771421478,0.0796231381143406,0.31297858002234,0.105066100136304,0.900575152624595,0.0181580851226431,1,0.69020109528775,0.0705041391343549,0.21338228223864,0.643853562107151,0.0665415048921926,0.704031180548451,0.0655117009447111,0.758774012011879,0.0626062017854296,0.696295626986697,0.0870095195185967,0.808974174383514,0.100516887179385
0.938322891986867,0.0677208918101102,1.02470289075466,0.0532127880033743,1.00788438572638,0.124860394247207,0.128703063267876,0.0619122162316746,0.301633727082536,0.0764388610898026,0.884058790139293,0.0246017744164916,1,0.837490906237931,-0.235218868987157,0.200487990128534,0.75197873008835,0.0616408070680912,0.710498350536823,0.0613116099086619,0.731479308113231,0.0578526794737538,0.683478704811558,0.0682633359647223,0.773865464157576,0.0762187593563828
0.947372540579483,0.0714289166955174,0.978570910255872,0.0570186104071363,0.997848065684484,0.127501225832241,0.167237832848901,0.0692493789549983,0.344224449475822,0.0819776794579367,0.911241119431969,0.0135407593086198,1,0.842640324809492,-0.457912436902822,0.208789477848489,0.757768099722383,0.0629599632775922,0.73574948583293,0.0560800894964873,0.717444854145537,0.0649051134618575,0.705569526127043,0.072451773311857,0.785292117782154,0.0839013910914566
1.00778465116938,0.0693720545625874,1.03530559400067,0.0536500994426362,0.873311730979803,0.117028827851726,0.101629094027568,0.0508980783981976,0.245545852420312,0.0609464622144341,0.915118490480313,0.0144401118214992,1,0.824211991344706,-0.216006002996254,0.199829696393509,0.761973026543822,0.059023762631276,0.715945344515693,0.0588242470829684,0.64818968578304,0.0599142882833046,0.695134040774001,0.075010941980299,0.674503503854524,0.085815554502581
1.076599918075,0.0714080369848807,0.968905081063728,0.051449492519458,0.956860253336047,0.122298997284926,0.0425115458723668,0.0291484342636112,0.201686907225152,0.0736346876308425,0.884461950497863,0.0243872888984603,1,0.999999999912819,0.283257163878782,0.20715872862635,0.734791447576152,0.0623144700258444,0.693201431928955,0.062764744330006,0.629078435129259,0.0649365365396195,0.721399433019048,0.0680890846555902,0.560592573228209,0.0921353955843403
1.03432519888728,0.0731912106683528,1.04467972405284,0.0573772106023942,1.10633069852271,0.144969846476183,0.0457155726786366,0.0599003413158727,0.162925108092985,0.078246355767055,0.882091112065824,0.0257259227429229,1,0.72445840243934,0.165286100011693,0.19424288878734,0.613689077136213,0.0643708623073957,0.768188873140307,0.0584978705805669,0.74684338011678,0.0642026493088051,0.676196433782169,0.0738951959149432,0.719612219597371,0.0851336528156646
1.00747920359147,0.0730942755044676,1.0134640874948,0.0579357930593093,0.984487025077191,0.128935475037227,0.116541335514725,0.0542069251326025,0.286528454509124,0.0815220747109105,0.891119380891815,0.0213645281132006,1,0.845907281942501,-0.121917864122704,0.20437711047273,0.729265180150504,0.0586016809148393,0.698515122122462,0.0577772040964807,0.645040865685731,0.0656969612234445,0.727284262521781,0.0722560706967236,0.80827251932758,0.0788651346821199
1.03532560436636,0.0717381052919564,1.01939032735518,0.054174990147972,1.12834379988481,0.140436705264911,0.0817901143320409,0.0506308035943992,0.303788357522327,0.0878923857230606,0.896313699709602,0.0215342250799516,1,0.999999987905629,0.126004265890231,0.196939500203116,0.680692142810557,0.0658799402846896,0.702618760590983,0.0620335549242627,0.671057894502802,0.0693737800400052,0.819643035436755,0.0611434204628062,0.823923945537151,0.0870121884206661
1.14373574914047,0.0801469085162759,1.09404873496034,0.0630635996642,1.17659975885321,0.159558121894356,0.162492617826066,0.0746694210431256,0.238978472754814,0.0980421631603934,0.914792351255747,0.0170720342312405,1,0.546547089757336,0.33429802006224,0.214609653993262,0.671699764872549,0.0663431644346981,0.722742563758373,0.0613229038408573,0.777913647160126,0.06957096150084,0.783640118595121,0.0703415409995366,0.852411287133895,0.0887400678288394
1.04667787638554,0.0701097122815847,0.97590764138496,0.053874923930557,0.889426152673614,0.11275386073161,0.0960706125666592,0.0496775390298392,0.145177257232228,0.0738738322596631,0.898210923759032,0.0175951556222306,1,0.496647621169944,0.249291482976191,0.206529535106061,0.537917896004816,0.0740214215279428,0.785270993954835,0.0547413390301593,0.724583789226162,0.0607909201198807,0.667968363801316,0.0720245967607814,0.716687666693243,0.070851930064743
1.00041610900133,0.0729559738169688,0.937990725071188,0.062776586152535,1.01644141380274,0.131440517416569,0.218749365772044,0.0876620990197387,0.377828392214379,0.0922722822794483,0.899970153713656,0.0169335569771577,1,0.801272085465305,0.238345422295495,0.204420805202649,0.634565403310512,0.0688168741843255,0.710703148176855,0.0622662791962961,0.628965757473702,0.0640352994567328,0.697444156211565,0.0731097754104284,0.779652601996408,0.0902233519868817
1.02979573528842,0.0685921211366972,0.969799190672128,0.0524869558417863,0.883071942823883,0.113291675957256,0.061853619214611,0.0363846324206556,0.233711779054953,0.0733440367413787,0.890996598616625,0.0205626067563964,1,0.999999999803154,0.120129421375778,0.198191520670264,0.650470337562195,0.0602490125446961,0.648735997260047,0.0580902726636557,0.780927475370534,0.0603864286347639,0.512438467824848,0.0791777745754502,0.72828294699397,0.0860108095465675
0.977834241979615,0.0701892044850604,0.984282328556356,0.0556234810282041,0.809702896036483,0.117671170611025,0.0621225982250889,0.0525038374584712,0.208623046226032,0.0784549677009689,0.927398214584248,0.0118850678360545,1,0.930196348776694,0.1914803874075,0.231019722171119,0.672632017334208,0.0701669835825852,0.660284091720109,0.0649633273446332,0.645301788900943,0.0629517690907235,0.680235472120772,0.0731782296989576,0.738155377850383,0.0744443177180971
1.05958609448617,0.0742543280394677,1.02527777511482,0.0598719634699685,0.966290742143675,0.132754174647388,0.108879326414651,0.067847973469994,0.206845092979826,0.0865874364846131,0.924198685308154,0.0135270689891828,1,0.637703206142592,0.160005335639701,0.227347307591004,0.667492553979475,0.0674515722942262,0.674683321485778,0.0595191368693858,0.733704554164138,0.0602310407165118,0.653284512823045,0.0761156788398314,0.787200190594299,0.0766889908253342
0.970305561538227,0.0753036089503782,1.03109317617196,0.057846850861926,1.10645005073007,0.150859740202283,0.0460558145482069,0.0299266650593322,0.225739802301678,0.077529920187628,0.912649498673775,0.0163525525740061,1,0.999999999999243,-0.135165912064161,0.209618540771702,0.71452059560486,0.06969608240347,0.698806949935503,0.0601208546644534,0.841093810966487,0.064469231023046,0.651610251034721,0.0771779386809942,0.793674716242037,0.0884430826705293
1.00354935036337,0.0729711101264502,1.03289611821246,0.0529766944148672,1.05369305876373,0.1330115299004,0.0894069087649303,0.0584495190678231,0.271492854895182,0.0783218492884637,0.912954925827432,0.0136676033124691,1,0.884536594729424,-0.221114392771736,0.216904700952161,0.664528698631026,0.0627615479756182,0.769845550229029,0.0626811248475839,0.693870530603465,0.0588609524421641,0.75454070989893,0.0715871056366668,0.740036317708811,0.0782579268922195
1.08204555259116,0.0758567628791366,1.07152810433389,0.059045517604552,1.12141666802616,0.147515630385777,0.131823374878852,0.068305737170024,0.312085298452527,0.0868450424207497,0.922156034901758,0.0136802640142166,1,0.81169635207924,-0.0247509666895421,0.206276836643465,0.675443616923987,0.0647602551191928,0.737571488698507,0.0607511500861979,0.76842944234793,0.0617373935373121,0.699897758651334,0.0698732974188432,0.858861856419053,0.0773715472377054
1.07336892251502,0.0688201687750965,1.03472005410071,0.054779226447837,0.923259298007352,0.116309468689903,0.0449305675816674,0.0329740031754172,0.20367268908143,0.0777406973651397,0.905822231258558,0.0158910849302821,1,0.999999999917299,0.0825157630674414,0.208025822045195,0.678106629184267,0.0600351403758901,0.669394538672934,0.0597081589395965,0.773749762855137,0.0589586911983845,0.708750495433751,0.0706074895434998,0.719231814610632,0.0842702456883344
1.01301002182434,0.0740947853074947,1.02817333687094,0.0577017601236505,1.04755844991895,0.146259867869256,0.0795543524220683,0.0402688774080953,0.288682930051275,0.0797415196389842,0.92479456198316,0.0126752664093635,1,0.999999999972528,0.20462826026557,0.221454375577675,0.685901144262712,0.063879502170271,0.690392185611199,0.0609172652965377,0.654916091573729,0.0665419942748984,0.751194741360548,0.0667850422976492,0.688369230954575,0.0828076710467436
0.989109866823671,0.0769621121172754,1.09804416368441,0.0682466898711517,1.10502598192386,0.148272001102362,0.23387956414788,0.0870306770442408,0.391061724176301,0.108156053182086,0.904249060652687,0.0179697642841124,1,0.769241893238866,0.165399143264977,0.217917271130426,0.70583371750825,0.0639007702720665,0.750472306924191,0.0645508878171529,0.758177540917713,0.0660076779331426,0.731670155121965,0.0721662423118138,0.690051252443921,0.093004996143072
0.977081076455395,0.0665065019196674,0.909238391284688,0.0509829182212403,0.818651782049355,0.104637841081825,0.0389270261357617,0.0263597715959564,0.178515207188458,0.0613181119775062,0.891009709288956,0.0214177410318928,1,0.999999998142554,0.0564912897535302,0.192275428320503,0.588536683145344,0.0652342256881995,0.701530458162183,0.0610630876131656,0.671384454526687,0.0631474275754162,0.732398761359369,0.0651905381625871,0.66257788775638,0.0758398609097976
1.08469438282728,0.0804450546146387,1.03002712402933,0.0597977402646883,1.47981738247088,0.176479848319972,0.156537270409496,0.0743227229064892,0.465981596616202,0.10564766699439,0.872857078456509,0.0278213451945367,1,0.968179370314625,0.266049771631874,0.182586018201941,0.626976417650911,0.0625552638171537,0.769757734546978,0.0589112346369223,0.714815378867156,0.0653234130655042,0.712840210361943,0.0734658443005489,0.734256184262484,0.0779997099877931
0.988466668305054,0.0732624316300253,0.976445382847441,0.0580389220456465,1.10556880837384,0.149536138394092,0.101801195063568,0.0665883561847257,0.259948446454509,0.0837766128426227,0.88869692383143,0.0247110511503693,1,0.774850467575281,0.182834142251533,0.196688336131957,0.72678018495243,0.0651723398732395,0.63427901308255,0.0640257352058426,0.680048614235922,0.0743055041128046,0.615809858069402,0.0782354710623782,0.701568591818384,0.088905623627179
1.03296349696248,0.0690988473942411,0.929499387919763,0.0528420159010642,0.917705197558131,0.120025538584916,0.0527068055171692,0.0480711995058108,0.191407094460083,0.0725198939109248,0.899349755020161,0.0177798246610466,1,0.87030822423486,0.0325783894342228,0.19560396922126,0.684501966379533,0.064432227447139,0.687772321538118,0.0600974704703154,0.770799584320435,0.0581395993695142,0.741364881478882,0.0731921636823217,0.68038845414215,0.0836225183671322
0.99503037444529,0.0740805253083899,1.10662786314627,0.0547266183223207,1.07722887274991,0.135048565681895,0.0724056730161339,0.0521800351330082,0.269064858056139,0.0755490667880754,0.863821314672466,0.0270446940359358,1,0.963422288366445,0.00917350368805519,0.187023271002188,0.670494720054851,0.0612081440574079,0.676107380288393,0.0640493430529587,0.696730705444048,0.0695306301431484,0.74391576608279,0.075368444338854,0.774875180378926,0.0797565921177749
1.02275951742668,0.071381141942455,1.0216046728658,0.0636042990529801,0.901102619098581,0.117509499223252,0.233789390683693,0.0733038945190283,0.39574419984876,0.0824098959896595,0.88223561679013,0.0214909437071763,1,0.862213925671968,0.332912598747859,0.194478503903529,0.61263275375129,0.0659433657033039,0.74316234778915,0.0630960394413228,0.653485185297144,0.0674241461911532,0.690197222564838,0.0732305288180735,0.744230139250129,0.0812000706456742
0.988443713999363,0.0709138467674384,0.990075821599138,0.0543470873301466,1.00764813946319,0.126181298385058,0.0626977940488304,0.0561113737924962,0.220461605803889,0.0793996022875921,0.899933183367425,0.0175853196467509,1,0.877106606665952,0.0416714527094232,0.201271353692548,0.731754440312295,0.0585831191905591,0.658623830286426,0.0621720361209429,0.731521920278502,0.0702975079219738,0.845155217607026,0.0598347712510139,0.589627066676572,0.0954571421983678
1.05218248346577,0.0692347141109226,1.07535075448783,0.0554050949176566,0.861776400011203,0.11418334942426,0.0112344539196339,0.0160378591468935,0.0983950570627019,0.0716568680285023,0.914850121109963,0.014504842904722,1,0.999999999969968,-0.254115250035124,0.203117460942715,0.782620491814717,0.060400018528704,0.669211121213451,0.0559660807483323,0.813255562014221,0.0604965654595598,0.645496682493695,0.0732064395879821,0.669592206507692,0.0854134093745404
0.918136332459579,0.0728586900284231,0.919684054447124,0.0547478043851714,1.08744535589971,0.132751917844093,0.0998647904597848,0.0618455085764636,0.2582717063146,0.0802509285255008,0.855894657540018,0.0319763197847644,1,0.78373079686614,-0.156667086264778,0.201002709594836,0.64387447229777,0.0652976016111756,0.646377293586832,0.0603853570009108,0.835721332488676,0.0524616297788832,0.572869815022586,0.0824489091008219,0.694343026543056,0.0969922991827909
0.963205956249049,0.0715343058819987,1.08216164405326,0.0576548994908234,0.934490639077459,0.1217301159543,0.075552288121081,0.0542755392968009,0.121048392154586,0.0674612143870331,0.901882245538425,0.0159194493445863,1,0.455562257878097,-0.499192620440965,0.207304073566655,0.779766306480947,0.0592162528542605,0.757938134438982,0.0592117677386577,0.613349282073677,0.0621025559468535,0.768457673441572,0.0727411534523185,0.760057177037354,0.0901295195517392
1.00629497786884,0.0743718702631285,0.975929757432324,0.053398500566191,1.21797036145633,0.145033819868339,0.0389952207382929,0.0501478126499168,0.0738939492619615,0.0826847941402437,0.841726294328496,0.0374366847137964,1,0.339066455600348,-0.384256334741474,0.176437900978814,0.707759544714079,0.0604568332098009,0.746797532555079,0.0535643757791403,0.682920302719499,0.0604759345726185,0.690280673305267,0.0730334538060756,0.717226541947908,0.0910141012404505
0.977794989366223,0.0727416648244251,1.00366713970321,0.0560517748775991,1.06122698918553,0.133599065090504,0.057921195243146,0.0334062972594594,0.247926472230825,0.0748510320752383,0.887017921862422,0.0208688448708655,1,0.999999999958606,-0.353564546314965,0.192565647208443,0.748394965357106,0.0595357598560864,0.652650169896429,0.0594034191168424,0.734349068076756,0.0594471578825127,0.635341857774943,0.074191372962842,0.581923353725515,0.0836203888224337
0.948082342142428,0.0658579194934609,1.02472835436081,0.0561947665358526,0.624964820240226,0.1031655304678,0.0450997158438282,0.0447532595082839,0.0740411245039112,0.0625104702386049,0.941547021492918,0.00946269642800286,1,0.441020033185145,-0.138139824292291,0.236222284949176,0.758871377548169,0.0620655763962984,0.687234105590289,0.0552197188195193,0.692373738245786,0.0609454255990843,0.611285016707356,0.0745089341320867,0.743442016820151,0.081583139614289
0.92895159510169,0.072347184225444,0.870292617775442,0.0525801260854228,1.02909538794047,0.133786068222873,0.072046625437928,0.0436986908983124,0.272291846104656,0.0833508481113718,0.888482270250935,0.0228677281862353,1,0.999999996629719,-0.372390160542602,0.204266456657769,0.695166460623326,0.0639538787590783,0.638962574048231,0.0600882828115243,0.70986011143329,0.0679834115436992,0.647021583425916,0.0661575164778948,0.589888545033111,0.0914957456356469
1.05190016179939,0.0828994838261411,1.00505695443007,0.0579778508824242,1.22389131445191,0.170343401243432,0.0193351804284439,0.0392169133735415,0.152132591512014,0.0895959453708867,0.90154258997875,0.0219442534010629,1,0.988955436969697,-0.170242898948854,0.21815350246802,0.672940941094269,0.0682915155483645,0.689651110254281,0.0606522031336252,0.757541274728735,0.0684628135497389,0.739864041706087,0.0744284358413316,0.646999851154252,0.0914959772661806
0.897111519827953,0.0691914949124473,1.0113280707235,0.0515463391448887,0.947376147796775,0.119899152346024,0.0287604263771298,0.0223741177586349,0.165066477365029,0.0659662561046607,0.90068249396528,0.0193832260588257,1,0.999999999991589,-0.335674872603242,0.207102820280352,0.678680442493847,0.0655736030171093,0.723276355717104,0.0540246911140251,0.691924559018644,0.0647976453149797,0.620346108011257,0.0678687447461464,0.726266423323331,0.0790635458513821
0.984439421105875,0.0777112963856825,1.04173482354537,0.0617798264184106,1.17976868723417,0.162940986733804,0.0843153448750136,0.0629981763420005,0.283479610844947,0.0908505634316707,0.927024011338679,0.0133391107890816,1,0.898814530910288,-0.134637562069921,0.21995554525765,0.844641490353435,0.0636949857344273,0.66772352928539,0.0624268962957036,0.797088122512598,0.0706635374279766,0.69890567108453,0.0814846787133089,0.696018961513207,0.0924511357737278
1.0503880651203,0.069427165185925,0.925936840567134,0.0577023920915672,0.866127205750404,0.115766929515179,0.113758649575597,0.0653052802527143,0.271806542216659,0.0738871886674667,0.915403505508623,0.0151827632987648,1,0.865918167657959,-0.0668999820569496,0.204411371833203,0.693555244363573,0.0647780992060995,0.704825393460826,0.0629436619016648,0.756306742651019,0.0587348411411358,0.628061056998626,0.0711734041475098,0.78993034827924,0.076812729791683
1.02835548236667,0.0767808318208021,1.08843456867528,0.0566321632088913,1.16246905903838,0.147523594620434,0.0771571557859066,0.0449793678530707,0.299487572838199,0.0942525419405572,0.871874937652495,0.027730997167697,1,0.999999999999969,-0.0805810382531598,0.193038068162139,0.647951312071579,0.0678099298294353,0.738291457590957,0.0595657782002383,0.610254165227226,0.0691762389553667,0.736094014450092,0.0714371079921771,0.747342491409851,0.0792850836499194
1.02423277523604,0.0704808906486077,1.0250326069864,0.0559278502284442,0.973922558227777,0.129893308481321,0.0463264782336031,0.0484613695796906,0.205774441898822,0.0697667795808851,0.901101852805633,0.018368467857425,1,0.968756382512916,0.196764289403628,0.205329018126178,0.599915310903125,0.0673898463971558,0.747996322685871,0.0555024830825979,0.633757144591217,0.0642268956124079,0.770814005497869,0.0671486591462353,0.694104439261732,0.0889389110767608
1.03079585286815,0.075979955527694,1.04417153835098,0.0575560194339791,1.11861803911584,0.146721164816252,0.0469500899048147,0.0326339402353168,0.229170705966379,0.0802589151440586,0.917229049797517,0.0124518197717913,1,0.999999952088893,0.0972703874441378,0.220607250026317,0.711336938026114,0.0630715523652688,0.683647548207812,0.0599945537614209,0.646398649212376,0.0675023933633716,0.675928091905919,0.0714795904915245,0.85648172433401,0.075768502488803
0.92416114556188,0.0693249397080768,0.97222396020209,0.0563924267374363,1.02446858174279,0.120129263124487,0.162912353288803,0.0675471869015914,0.346729935696665,0.0734446108304466,0.876787626897824,0.0252580614280912,1,0.848721117905641,-0.121056431349194,0.188945845564608,0.646898448799839,0.0661631199357329,0.717274679480792,0.0566662498338879,0.741476275464707,0.0627382978572883,0.686711092339124,0.0665020697611704,0.664342125286347,0.0827159860613576
0.985094357278162,0.071501236155245,0.993290485205897,0.054319765752906,0.99640698066117,0.123616617580651,0.095060330947426,0.0393329700527437,0.3077641585134,0.0709676504654023,0.880607824614549,0.0250486763016009,1,0.999999999606652,-0.0217081291450983,0.195230764700198,0.583317839618705,0.0658783247708059,0.707284476764723,0.0607521288562996,0.729373880816614,0.0614227457811419,0.684064944946331,0.0668736583884856,0.79979424001507,0.0749433689632872
1.13550484655204,0.0743790743470225,1.04306362169598,0.0576573934876197,1.17070368607676,0.139945169313976,0.0501721690419153,0.0341575084423218,0.242356644695559,0.0864253327318813,0.872915409832018,0.0256748778934451,1,0.999999999934051,0.334360161586668,0.191198105547476,0.711889712385682,0.0597327027493628,0.680062012763921,0.0591105753988999,0.711459344304268,0.0631723574692899,0.749136617805435,0.0702665663404478,0.71379027937873,0.0855991688656923
0.841336986536754,0.0675587090659917,1.01562476772091,0.0536725025061906,1.01445312428188,0.121381983597449,0.0833884680719847,0.0431374960578177,0.290849947444621,0.0800132682937601,0.857539614403009,0.0294947226759301,1,0.999999999786237,-0.0101713320022741,0.184327186300308,0.649353166123557,0.0599186760077941,0.590444637178251,0.0612884264345041,0.665397787473131,0.0632820073706127,0.750094988236065,0.0626901570819075,0.779264167263092,0.0833465257936056
1.05968117774547,0.0693904626684036,0.949586628144955,0.0505587270072122,0.958237440505422,0.112706893348213,0.0942591871525248,0.0395638087204224,0.300537322542675,0.0703461892795079,0.869815869048072,0.0248119453297412,1,0.999999999999795,0.051808504108143,0.187957640550487,0.640578782014658,0.06003173897915,0.634667079901423,0.0612146211530874,0.671496814776265,0.0592522976906301,0.673349926617977,0.0688993139396948,0.808801044131701,0.0747060766490762
1.03048702208679,0.069514271351218,1.0120516574698,0.0542584621262771,0.911458149950472,0.11302656359668,0.0532766812414716,0.0339162812537447,0.220362122890153,0.0738364398628384,0.885305921211965,0.021100274082478,1,0.999999998813848,-0.126224755808531,0.192659548196691,0.687173072477584,0.057994968160294,0.74494548955556,0.0525427886479691,0.637944164945734,0.0647272812824348,0.709245018390722,0.0730483656479847,0.796334380223831,0.0828558292543863
0.938714135863193,0.0700709915695921,1.05653375566939,0.0544318262655477,1.04276282743613,0.12836171061226,0.0707371598191696,0.054571663542758,0.246832742549012,0.0736394947169252,0.891936949167951,0.0181455665466236,1,0.908837396640368,-0.224213424342963,0.194573069853882,0.710522961285525,0.0630182940462722,0.639056038690251,0.0632731518427125,0.69021963095298,0.0631095485987783,0.758870490088374,0.0697117655034239,0.802659454796929,0.0828203016513828
0.98380710622859,0.0699895122669346,1.01288383965668,0.0548456851890923,1.04066622728764,0.121408753584264,0.0377750384255239,0.0320197813250395,0.198270539195923,0.0853988503961292,0.860112442156328,0.0286897911004599,1,0.999999999861446,-0.0139966409583283,0.187110689405211,0.649740565170608,0.0589755499380135,0.705424470476202,0.0556735584532736,0.6890614026576,0.0639804365080116,0.824696962422767,0.0670525775482704,0.474776206051808,0.0913669252133503
0.827236118171431,0.0699661050838647,0.988188413759652,0.0596206519724941,1.04514945665437,0.132300557233476,0.09920800881449,0.0572892670301523,0.222620058784531,0.073770249123015,0.876530927175723,0.0226497647267055,1,0.691355985249299,-0.0288613335230002,0.185373730750501,0.633728448107955,0.0630176102752108,0.628146282015275,0.0600150776650036,0.722965837260903,0.0585874522321408,0.682865328087712,0.0717157695620851,0.772430561914275,0.0950223869755333
1.08105845168519,0.0690720359397382,1.0085665371077,0.0563428940268291,0.942889630453218,0.122101880731323,0.10216547463191,0.0545530857805206,0.118950068933197,0.0741445136879697,0.888505544639355,0.0229424016847424,1,0.383250023184672,0.0588864838568711,0.190966318589217,0.709502416247847,0.0609180400838898,0.691133023615806,0.0558512106474229,0.588111259180073,0.0680938036486668,0.663518151050326,0.0713320581005435,0.701167794434635,0.0764638445059636
1.03937062559364,0.0741024183676022,1.07249704134588,0.0593552211488972,1.13043840547317,0.144720360677484,0.0202009191803255,0.0252065118125975,0.151115492210435,0.0820881394790607,0.901167052516887,0.0190147287887389,1,0.999999936912971,-0.0547025080477516,0.200001743609486,0.697908200559034,0.0642942980894365,0.783777685565348,0.0582631221928343,0.6967221296872,0.0617423746234743,0.767754091070149,0.0669324476723076,0.748083809697798,0.0861303502292913
1.13506552063489,0.0783473650071884,1.08757321495452,0.066458307709773,1.14213883517322,0.154598037140624,0.168469502328476,0.0704159352471804,0.303474535057412,0.0913789368035875,0.894343503865771,0.0237140476686202,1,0.691834410050089,0.240723747662133,0.207297020754958,0.71775060886775,0.0698147204005269,0.74882348098236,0.0625882777465908,0.701460951142678,0.0650468164629029,0.844717355478149,0.0742189179397626,0.58791100321109,0.0941976920591062
0.949806182113944,0.0654741188268917,0.915465671052044,0.0532864702264634,0.736581335730551,0.0997136228721352,0.0401863619761884,0.0290175632852969,0.172048028548195,0.0649643231353425,0.896550901704058,0.0190823900365141,1,0.999999999066709,-0.0186871166016459,0.18971465942352,0.655754125875047,0.0643393217392987,0.651219270349206,0.0606272295112631,0.580680726185893,0.0646817875632644,0.692404675750075,0.0655076132084877,0.551887503248879,0.0833241251212558
1.07666856692466,0.0783255087898966,0.990223036612305,0.0541203443146598,1.32887978916948,0.16518458219344,0.0626158077401136,0.0535234848120072,0.288459455884527,0.0922801530005289,0.867652571060549,0.0276243281119327,1,0.999999857592347,0.251984811637249,0.188610722318436,0.725350094701522,0.0628040464710908,0.740431542057801,0.0640935633740897,0.639463688554935,0.0654493882809408,0.783750364870999,0.0707695347638379,0.795931877931949,0.0913902224928294
1.07094744907491,0.0713639666868882,0.984934394451383,0.0573154813906259,1.03695672060662,0.131783163454007,0.0488338069455692,0.045746044076488,0.159467667328797,0.0741227031895437,0.895131926508366,0.0220970399715568,1,0.708650397656465,0.118708979778119,0.195032859485218,0.708072910949942,0.062651135964965,0.722020005103518,0.0610268675324778,0.70610048818087,0.0680718636604614,0.669656859913462,0.070318054750285,0.733988138202927,0.080205459742606
0.959748703928251,0.0686716938418327,0.99357881949205,0.0513989158511866,0.976793085496865,0.123540641192664,0.0840298851459809,0.0419442567195395,0.286495742976002,0.0771690821566394,0.906541156958589,0.0176643745756067,1,0.999999999742213,-0.0609226230409864,0.205311211948373,0.743346652276367,0.0615457049394156,0.717075203329007,0.0580670018203321,0.697619908134314,0.0581642482858142,0.691345220438504,0.0688360775168352,0.770685410609694,0.100373225795605
1.01000826205596,0.0765337164813227,0.97299294071871,0.0535247544188938,1.12668952645508,0.151524323465972,0.158285707776768,0.0690118862505621,0.372588681222057,0.0890622296098656,0.911995126351657,0.0150588147713613,1,0.882280493789849,-0.335158717514699,0.220323623820816,0.807886056637903,0.0604738493175394,0.599223965830956,0.0646485047736854,0.74119281771509,0.0640020078689999,0.78133885280044,0.0673227147034989,0.760565485618498,0.0832890186516324
1.03256801557631,0.0700283361243458,0.974664183582361,0.0553252411473737,0.906425079409535,0.12073495959451,0.0384817004526548,0.0470525556281654,0.157967953996744,0.0733189010863261,0.905618631413,0.016827085035472,1,0.84581602519741,0.0963232588026704,0.198701339380465,0.728731238239923,0.0578345753598098,0.734806544692032,0.0568898060725215,0.517580642844323,0.0633142386647878,0.781927376462087,0.0734561579442265,0.57329585007906,0.0921635717888263
0.936778855727736,0.0714832836934223,0.98578831973527,0.053631690602797,1.15438819400599,0.137918463456713,0.0376268771788138,0.0293627754889762,0.208413106077386,0.0852186428091948,0.843058687008414,0.0362723695607185,1,0.999999999911222,-0.0134539671782733,0.182233030580802,0.579385941691262,0.0654401108853868,0.726346376793558,0.0602578943589899,0.579024893736536,0.0634967212727299,0.705229021964802,0.0653517385734527,0.71147048064456,0.0834110884241454
0.974299317392271,0.0729737490111263,0.999594818184811,0.0568503704410921,1.17165345617364,0.141545441266314,0.0702155235784673,0.0397348406320285,0.286824442596734,0.0864964356470929,0.870765218047607,0.0260342062338038,1,0.999999999958517,0.0163684674288167,0.186680241516938,0.662534097396949,0.060470380784677,0.708984971476092,0.0610437225520302,0.726209304968051,0.0597307665757532,0.680997874610713,0.0739024811255004,0.590920298372644,0.0933005196066783
0.913669252415675,0.0659061378682741,0.957076830258237,0.0478856882666586,0.85961497616435,0.10418687748066,0.0568498931959149,0.0295311842435878,0.221063383635886,0.0627171504465177,0.859541154558064,0.0246236415685128,1,0.999999999999946,-0.173998916090361,0.178116171984229,0.684232916414926,0.0554494144794985,0.658720154365323,0.0555884422536419,0.704498435929732,0.0645025093908758,0.619821319782156,0.0726238915292336,0.649070290355419,0.0824017103943136
1.09055907316398,0.0724713359738515,0.950016839980978,0.0573199040256097,0.988084099748965,0.136335045331362,0.0689300694615804,0.0535586643543342,0.234164893659238,0.073205056885004,0.908819736665608,0.0165785506563131,1,0.897264472700695,0.13050926867314,0.202516510360788,0.679977460433341,0.0647450837942783,0.594673416691596,0.0660787619529077,0.670332726994269,0.0702307608989126,0.718996637762802,0.0748435153229938,0.690658253546573,0.0871654016391107
0.997859795403711,0.0689297414909329,0.992552024862952,0.0548149699663381,0.96744427036165,0.1268290536404,0.0763971005007929,0.0514447363745718,0.237132253377904,0.0745275975251356,0.916304744112588,0.0157322497784073,1,0.872246452407327,0.132672119712903,0.213215211144164,0.750779677502082,0.0639927613256355,0.756316995098215,0.0607837727937059,0.633836771483679,0.0618864537947382,0.813919717853765,0.06738124148085,0.671654234398409,0.0824853140506203
1.05698725617669,0.0751510177098325,1.0698384750978,0.0591806177305975,1.17105423602605,0.146908222332312,0.089258571628682,0.0617224244517614,0.265284164969848,0.0958126094921809,0.896616932223932,0.0206979577062692,1,0.820536408807427,-0.3834371564089,0.204505609363081,0.729059481587954,0.0640136893730331,0.73063921238462,0.0626957883918678,0.810160109711021,0.0643395061400486,0.825297377248483,0.0690558263162746,0.588945730924453,0.098830323790614
0.998404838448287,0.0642754303981871,0.942991561368324,0.0488980513344052,0.694249264671255,0.0932564430110698,0.0537405822272481,0.0384659406196905,0.188233876732751,0.0565126762285714,0.908517387508435,0.0155540872783952,1,0.97451580918129,0.110848702621766,0.195533091885183,0.594296260122666,0.0656788987878728,0.656546310565297,0.0591781182228897,0.672914376820828,0.059895693230899,0.696989132197793,0.0650124626845847,0.672887228657005,0.0797748642794077
1.06162772996088,0.0724779439376324,1.05570825087583,0.05979549680382,0.925917658555129,0.125636879905739,0.0527698085609061,0.0536474867105035,0.139357841093861,0.0646025596281587,0.905436343274334,0.0176432436568153,1,0.630452639033172,-0.0435734517509679,0.20145219989403,0.690092805289584,0.0681110324813625,0.750150273657191,0.0617385150253366,0.785803433637849,0.0665375327901958,0.646448934900879,0.0810360636563053,0.714817259149237,0.0822502918266452
1.02251750322121,0.0745176393583192,0.97373459903642,0.0558988802612831,1.25136056102303,0.150560867370112,0.0919159139167349,0.0566284267086517,0.339145857909794,0.0864640283394968,0.862597395600357,0.0284426220310828,1,0.999999840599728,0.0345731413910039,0.185865196188224,0.585451667797778,0.0685246635166746,0.7385796313284,0.0549828882282394,0.730682157027488,0.0604998378930833,0.72118904032023,0.0749817827765044,0.710812042724738,0.0906922164741112
0.883277832983006,0.0707243862138386,0.985981909373698,0.0534577404319005,1.05477746935374,0.129977422672769,0.0525102211332518,0.0371218345171159,0.235343574613463,0.0860225151227729,0.89480382587186,0.0221974501146338,1,0.999999999545974,-0.106424792744399,0.207841256825853,0.665614371635526,0.070828838762591,0.648632345051836,0.0600039797300073,0.648835998109069,0.0626507500079107,0.767908667328042,0.0591804141876349,0.739512620153518,0.0838469312272372
1.0114340086863,0.0754394680353788,1.07843795627378,0.060162585688842,0.908148802351403,0.131667290214701,0.0500356053955554,0.0392726929624504,0.182269167117969,0.0649759326571855,0.926006355846783,0.0126817939282828,1,0.855057109590788,-0.215966508846676,0.22574139579183,0.685825409706428,0.0704999409567092,0.734026122292751,0.0596049459822901,0.780108205078387,0.0659012195284969,0.640442132256444,0.0770239269034627,0.736667083844022,0.0835527577553763
1.07104923890469,0.0675320525520809,1.06138050309317,0.0550606496235582,0.861720940445333,0.114519252473887,0.0584282157157603,0.0341719733266172,0.224385420620383,0.0696819171311823,0.90003568078815,0.0203107909688315,1,0.999999999919149,0.0295598033017418,0.217268763795139,0.703847935035505,0.0731010952666778,0.742448598154494,0.0587419676408898,0.746758159663556,0.0567521748518011,0.691247791494269,0.073257206802739,0.65026867360685,0.0903416329461608
0.980120063649263,0.0702137565005665,0.960778823875291,0.0541185974027323,1.05933730740935,0.127780572856409,0.0616311634503711,0.0344473276780503,0.255515539102961,0.0757128338410686,0.884515751387476,0.0227580860176158,1,0.999999999854916,-0.0934845290148589,0.187758753126337,0.741254987404905,0.0611766317793934,0.666205250176015,0.0593644156802368,0.696048943633267,0.0627029169935245,0.804892183316341,0.0685575372806773,0.76224840644958,0.0843808013026059
0.988970577666997,0.0686572230804649,1.05280471051013,0.0571887446847236,0.855263062643424,0.109391653707158,0.0498109117719122,0.0409278338453641,0.20352342574962,0.0685676047351566,0.876441986363267,0.023915604005715,1,0.98605763566998,0.301157000856312,0.185189049972598,0.711542281417198,0.0580592831806874,0.626784998514588,0.0586354247325216,0.686788955683442,0.0692244643319474,0.633908705404762,0.0813061896570926,0.788177995808578,0.082189094720581
0.948716869059882,0.0687362481153644,0.939691460970973,0.0544473836437908,0.811839885337302,0.112783216290837,0.0651863570163192,0.0396087243866564,0.230045396835988,0.0753604332495689,0.916031299765608,0.0155037599492929,1,0.999999999997566,0.230224612629809,0.218517232181032,0.536425205013781,0.0686082890335144,0.762248877753038,0.0616998504821695,0.629908240710666,0.0657277101429817,0.746524738519205,0.0702243707924123,0.6407943590683,0.0882132693896189
1.02682154522549,0.0771226504024834,1.09430173819402,0.0650208142388741,1.15987703635552,0.150445168611451,0.111510500806696,0.0734290082721144,0.175565672666156,0.105801152097348,0.90247913159234,0.020386458624358,1,0.48817523787251,-0.141454349766326,0.204201416331071,0.803693970341678,0.0687589675111627,0.748344585638709,0.0649809965323727,0.716229446301566,0.0639355748020672,0.74420907165284,0.0716950578319854,0.836737774761441,0.0911006677442016
1.21659770075474,0.0841091408272615,1.04504859901727,0.0646422703052638,1.20316519228377,0.166257556775389,0.0627836924900715,0.0565889214867894,0.227188105871653,0.0836397275293531,0.902909078849635,0.0170826678135715,1,0.826607866545141,0.274487841954269,0.213559070530722,0.666325607076486,0.0662073726552065,0.691374564120906,0.0659193221581818,0.829629016783368,0.0657042581491644,0.733465494458321,0.0788338067912509,0.667728814800645,0.0927786457026281
1.01234240851355,0.0698599464839537,1.06327402449274,0.0544890666063656,0.948933940785735,0.118899548611505,0.0815508858339696,0.043656494944496,0.254268174324239,0.0738967433401431,0.878693484462703,0.0248188931140642,1,0.914028364435215,0.246237165746102,0.184458914869737,0.686197832307584,0.0644979563233647,0.586150334287829,0.0635971376486159,0.691958381146537,0.0585565181780137,0.760565269003072,0.0691214013891781,0.581159264384715,0.0913147666757652
0.959989376949207,0.0746929573299977,1.04508288903669,0.0600754889726116,1.22724308043305,0.145442164990045,0.134367472614238,0.0672903627091408,0.365896847686243,0.098114964365873,0.827101372643679,0.0423092696277955,1,0.901044619547025,-0.0870302021449821,0.18552293136015,0.618738448698073,0.0637018757213309,0.787704836622487,0.0596518143338469,0.738562956162506,0.0631644485200431,0.836915327545272,0.0657811435596099,0.56877097907436,0.0946202730349277
0.996499112110592,0.0692831658387719,1.03379467339903,0.0554639437710685,0.930225755579324,0.122731663261484,0.0717854074344887,0.0394542409140554,0.258411754427326,0.0766249922149657,0.900553500244183,0.018907092310847,1,0.999999999669732,0.308818143882135,0.210670531841167,0.625674864733737,0.0592254513195101,0.660686476416168,0.0636376295005767,0.750080646512307,0.0633785262230952,0.759546753357252,0.0742245762595571,0.617576447619743,0.0973349249623703
0.964865895214587,0.0731401402283403,1.00221354068293,0.054457049324578,1.06125225509765,0.140265324299444,0.0200750929503401,0.0375242485464795,0.109798215943874,0.0728353907802302,0.919936069525495,0.0126637951224697,1,0.75224132503461,-0.576945121976591,0.220229440186392,0.78780206459475,0.0657118502554034,0.740190260596436,0.0620720763822686,0.683550401784912,0.064998606425677,0.741344657299905,0.0612845742763866,0.634162359855198,0.0867252541818316
1.0292787945797,0.0721010479130211,0.942825585700273,0.0557169731247979,1.03250589608395,0.132217466070589,0.105059452722118,0.0558453557155967,0.311637173439877,0.0767013394738178,0.862664736037246,0.0268713893706789,1,0.946205393770274,-0.174282659479645,0.189790743049663,0.732103274166141,0.0612216751641574,0.627250471536974,0.061215043124906,0.728823014471029,0.064046176415953,0.678843597067208,0.0767894527282991,0.637120161233368,0.0876466177470237
0.939605079965082,0.0700345311852138,0.872610957939918,0.0515069120509689,0.861587283271875,0.113943208459233,0.0181752018711214,0.0186451491591037,0.125138014899645,0.0654983368666103,0.885942046546197,0.0224216705407557,1,0.999999999041042,0.350322555747733,0.204489201083435,0.623804241817663,0.0624509125519504,0.650570787943655,0.0600106949575203,0.610006027085731,0.0627795799378712,0.604281296673726,0.0784570349182911,0.615957042472171,0.0924584772377059
0.931669608351156,0.0736061693821883,1.02106984121335,0.0536582794740305,1.01506492179772,0.135618394788222,0.109246829496102,0.0539542936188593,0.283155366832474,0.0781367809006933,0.901812910205504,0.0186806840641803,1,0.850302520835694,0.0734564969763893,0.223721145689084,0.602043730878486,0.0699010298423537,0.714425917602118,0.0586802590376013,0.67483173509899,0.0583017925150456,0.788962637877251,0.0685494032853562,0.740785622064666,0.0822748528760585
1.05186404720478,0.0713570563949988,0.976746682870776,0.0561918746523618,0.917441419244635,0.119996237749732,0.00796965464672778,0.0440775430739733,0.0852829759660569,0.069243727768021,0.874199967721773,0.0248399116413078,1,0.997363393257367,0.174731556630911,0.189419053706462,0.755492652092051,0.0562225037597425,0.544528258361168,0.0632852145732189,0.710504245331953,0.0641946948693726,0.689695521282342,0.0789612023193427,0.678838324849205,0.0867951805658403
1.11763567058459,0.075358106481382,1.05432632084304,0.0558594623904712,1.11995427240348,0.145749899851841,0.066611116749704,0.0413283455422602,0.273132574493849,0.0814233741210458,0.904319841616931,0.0193020821198379,1,0.999999989653275,0.10611090979726,0.211251198138687,0.73629399563866,0.0607290048574311,0.80103668994711,0.0546138215834864,0.756859469354294,0.0591160118913733,0.725108405232537,0.0730057486540473,0.925370151593767,0.0752172457855475
0.946599263268324,0.0635218051902226,0.946686115160098,0.0534664006534809,0.691538248305234,0.100954579402793,0.0446006484448264,0.030745200683546,0.175621907100724,0.0630503065089645,0.925755524216344,0.0124003138837843,1,0.999999999268597,-0.109827544078248,0.207286826397623,0.741901142400556,0.0558688275033249,0.737950214494656,0.0578267678872411,0.679937152280015,0.0625355142208208,0.692853835144232,0.0727721375827356,0.583179170661811,0.0869024471517251
1.06247854023179,0.0725669244389251,1.08655194984719,0.0611593649580964,0.99750568651735,0.123709041761017,0.10799846015144,0.0589474187228496,0.295128932804753,0.0831642997949216,0.910685205605365,0.0157436964475971,1,0.899177261060095,0.0111502251027592,0.204342538450625,0.754953780044961,0.064457729537844,0.623732095813568,0.0614412185297698,0.626756441820535,0.0694863080215972,0.693943163035708,0.0714625736536884,0.761242530919948,0.0806239377538286
1.02193170259315,0.0747868231404116,1.0069413303526,0.0612016650391034,1.08128688073278,0.140245767321273,0.128950923013709,0.0691547347879154,0.318859044829351,0.0851267240427058,0.901590626115445,0.0185876078736512,1,0.853917760319634,-0.251936585838782,0.209901460107769,0.708963940778712,0.0679344090032609,0.774476146692127,0.0625782509776264,0.76645722873313,0.0611967835052659,0.635073108563087,0.0746533246196296,0.733282140933727,0.0869185928207152
0.999189691527496,0.0757044927549411,1.02254953049164,0.05629139156499,1.146525824335,0.147241059649866,0.0681430920790999,0.0537889151104483,0.254697128620412,0.0809024926311299,0.88072345620302,0.0236510021650373,1,0.911215733973142,-0.237712422366557,0.188941390716168,0.741121082458518,0.058977487892669,0.614432192968631,0.0610660410003243,0.605430882343569,0.0667200178899951,0.802379051977692,0.0637118525026028,0.738835611895514,0.0893757491332975
0.942559393324784,0.0733981613133838,0.994356633480715,0.0545852832425536,1.08553485782694,0.130948056698375,0.0551210844663758,0.0333124497884509,0.244613692525009,0.0776851284191006,0.863721497349668,0.0288755602381479,1,0.999999999843284,-0.0333568726327724,0.195249260193022,0.732823639139424,0.0598621999237063,0.653569996697678,0.0594209753722955,0.775785100610786,0.065543602288732,0.661372029017867,0.0775616790196535,0.744905236244003,0.0849701840507697
1.04065690822895,0.0720942745961139,0.939373938011682,0.0571620738758108,0.960520022480248,0.115876647952539,0.11205918894036,0.0556302949862235,0.190234389561933,0.0771888480937828,0.862524228471809,0.0235760714714527,1,0.579845218914953,-0.12700716228721,0.199103253410676,0.68113242105744,0.071760272686183,0.695593620071246,0.0608907132349322,0.68657726699276,0.0593754079839039,0.562027376497875,0.0715205207665533,0.685580430635928,0.0803296709478304
1.04618246073199,0.0799762504461325,1.07873519129842,0.0581772362107186,1.05557941008909,0.161283496160191,0.0912130123441489,0.0651630105838508,0.261715425403466,0.0884968194716363,0.930458237898135,0.0136640816197263,1,0.843442471298428,0.0527838685926482,0.239617268585217,0.735488139969627,0.0651114388685308,0.759489768831955,0.0633234633545895,0.686230051688798,0.0683181708877664,0.762892334970108,0.0799655781345809,0.653798095617092,0.0896300643495038
0.96397298365459,0.0680874202626707,0.947277204725343,0.0581437768510926,0.725156322341475,0.0991415359472212,0.147011025925498,0.0670987869435352,0.226151124138752,0.0680647659841802,0.898905391433551,0.0181203731638164,1,0.692640652825599,0.165007460077098,0.202311296566635,0.709170413935646,0.0630511800680977,0.74247872992735,0.0606946908745046,0.657803068052641,0.0689808362034181,0.701243852626586,0.0714576758045261,0.740359529946299,0.0862523116082306
0.979898270232979,0.0702309606599073,0.986328060066311,0.0510523455112944,1.0169236647168,0.123294135767898,0.0253320863592518,0.0227112176658807,0.160501707354419,0.0740482450443924,0.862563537636258,0.0272921970779038,1,0.999999999384931,-0.200430826550874,0.18763447438127,0.639286944408324,0.0621082424567756,0.674769693030455,0.0558748912424141,0.655588406152584,0.0602866573898784,0.676158941748265,0.0761604600758508,0.714932683020355,0.081408932928804
1.15662462736046,0.0788428553131107,0.965736293159161,0.0586716929256044,1.07185756274906,0.152001271835399,0.112994854708432,0.057242152169637,0.226366319493112,0.080098833250225,0.904404691649609,0.0205137167865413,1,0.650450028964385,0.321860588831881,0.213780249844202,0.741880939537409,0.0610642872907131,0.655506072005412,0.0662393914083248,0.744665192285846,0.0655000076004841,0.684596454626702,0.0849104503913563,0.75020826375139,0.0816343712833904
1.13127792191446,0.0696104994460983,1.0285512457252,0.055911145787505,0.732324037646659,0.101604849100774,0.084104470936921,0.0496258257908889,0.241518105446697,0.0615037109131242,0.907460634092331,0.0143655620219201,1,0.973169539409311,0.398800973042591,0.200923729222902,0.609620212153475,0.0677297481189254,0.791188658606871,0.0558662302763342,0.650237206140474,0.066659785658457,0.655811419128391,0.0745554035034296,0.717748462682345,0.0749060390194941
0.944392454279549,0.0691203384529009,1.05480605648677,0.0603152194806612,1.0314570923132,0.128961904297776,0.0895512894081546,0.0438404388386426,0.174322471525629,0.082515218072846,0.89286718010854,0.0178457102698778,1,0.573577187012446,-0.392326811467554,0.196767785016736,0.859451159228575,0.0605728273377946,0.746499764990042,0.0606815276758636,0.750199549983917,0.0585552857932098,0.791529419275777,0.0706043230766497,0.820008208307141,0.0894451214233986
0.942333431217628,0.0697178545634161,1.01220516999488,0.0542036351076244,0.976849749621156,0.132389920229559,0.0379280673760374,0.0457183463518054,0.137459191806117,0.074418595164207,0.906322472659882,0.0191757307687334,1,0.71413372720226,-0.0766036383162691,0.198308183548841,0.613085387552266,0.0676501627646108,0.725770700251418,0.0588018405297996,0.719997380527857,0.0649505150573191,0.688663235993904,0.076149820243083,0.736856467866911,0.0868200197754081
0.951903265837799,0.0654403160520473,1.06031510687669,0.0575155414997788,0.937753397487913,0.119878823441885,0.0530225220985357,0.0321338738846413,0.2229844168931,0.0714482301625334,0.877310484316945,0.0203279141892976,1,0.999999999355173,-0.134127948763866,0.184322882977975,0.711809160931634,0.0579982411290675,0.68026723874369,0.0580917612631989,0.70570973532415,0.0668483876487997,0.563293663632767,0.0771252579199385,0.692029075744716,0.0892302441499441
0.934101902065708,0.0679964598611052,1.04032430517329,0.0568378346100022,0.960111360516865,0.128830503218433,0.0858375254340179,0.0459686386956595,0.232107896639139,0.0686304074148765,0.889556954425558,0.0195458408542914,1,0.80851953438629,-0.26355014958955,0.184425698325567,0.728589713106894,0.0555525458609596,0.604298155834786,0.0580063025236156,0.740416595060767,0.0647393307010279,0.69716824518678,0.0750378080953988,0.691571107014484,0.0955302694993658
0.980520297703017,0.0683614266740257,0.967894176617834,0.0537659539244414,1.00520042299086,0.127559327992262,0.0562605082015117,0.0339969746283892,0.23780892845822,0.0747255214744589,0.886710833545458,0.0231085287404806,1,0.999999998343206,0.218095670732562,0.199028730673426,0.667766169504573,0.0633221156868472,0.611034651559941,0.0573686591377931,0.739446681099052,0.0626167241572653,0.777825795418464,0.0688974833280346,0.585817653284079,0.0919784318032458
0.960953486917789,0.0679116913313097,1.05481624454967,0.0518484365994996,1.02877898767601,0.132992329095956,0.0181712068437611,0.0163394377634644,0.136726573009283,0.0631185937635825,0.890748739415532,0.0206384466055262,1,0.999999999606478,-0.272427469617185,0.186323462264087,0.697017827761789,0.0631682028940467,0.705677802664377,0.0567846732130124,0.745157932248567,0.0583514411334054,0.650053327516915,0.0703017136843092,0.642994916747585,0.0847368372274578
0.85361764409572,0.0667723211236736,0.951682316211657,0.0541950984880839,0.992564836214943,0.12367947425259,0.0685242551570179,0.036770801695743,0.260796407302706,0.0751102598299486,0.865510902961778,0.0274042676506589,1,0.999999999745075,-0.0361424178484597,0.187618219356639,0.682813993827179,0.0629863784772525,0.591537534592732,0.0645043539735606,0.61521217804662,0.0692057311181057,0.775178831391951,0.0682102710975497,0.66229365874268,0.0859172988523158
0.993329864842471,0.0723463695793194,1.04366866955513,0.0582830143909986,1.15562679230329,0.136264127057353,0.0591542191245213,0.0420119747599348,0.261457836300443,0.0951935344732067,0.871841589535056,0.0280201337371625,1,0.999999997548518,0.0252811827017022,0.198758443024226,0.810626073368258,0.0577460617273506,0.706644423673609,0.058777133041582,0.526633278151429,0.0699605214793006,0.794859519752836,0.0673055397215486,0.713825111691679,0.0895167799264154
0.907333886333456,0.0640765416334902,1.05707651543801,0.0547248668394143,0.829659237729056,0.110753449847428,0.0722412540553637,0.0410893234633672,0.244817531567094,0.0755727188510786,0.898008365477847,0.0176170415023054,1,0.999999999920256,-0.140055988031528,0.198861062160173,0.604984177271767,0.0689611024544145,0.620865571788731,0.0585295274103527,0.727398205980859,0.057164683303496,0.686527695076201,0.0694869310186663,0.644120523408444,0.0841128080530135
1.04029248935024,0.0710836412349473,0.908775099026725,0.0597187101060625,0.996553474381409,0.142351881687039,0.0587288823716728,0.0530773955059271,0.24192243010568,0.0785789751912867,0.896669095083952,0.0200108434345323,1,0.999999918107227,0.0105344050450156,0.194496661572902,0.706480746055647,0.0637169825680724,0.691763623840622,0.0595936168287563,0.670446362553189,0.0714649096730423,0.62100529751998,0.0791541164785919,0.608544775756021,0.0876135582508844
1.04835249002245,0.0643853787326059,1.0224642001709,0.0525394947565472,0.798074719146296,0.101450639488777,0.00641790961407712,0.0120861574163941,0.0715679464445836,0.0634889358223143,0.896906770920808,0.0173198438646099,1,0.999999955635624,0.164638346652658,0.193428978398796,0.655699122475354,0.0648399770652106,0.663941323840547,0.0598625800667327,0.600012868946957,0.063938595794446,0.718561330010962,0.0661593625957637,0.593358614129675,0.0802276707138705
1.06609125783987,0.0735016487093193,0.999806513579676,0.0594105920920926,1.08328589636514,0.138670798749931,0.0898435990679797,0.0558434822862263,0.217605592020737,0.088370463146433,0.889444395116024,0.0228679524203521,1,0.697517224594413,0.118864846462321,0.197251913568522,0.741813556975303,0.0616549406353347,0.724059989027167,0.0627289672431621,0.74312767875472,0.0694788266740153,0.739909901949607,0.0744320833254452,0.604625661122204,0.088057549574789
1.04159525456044,0.0741028493251509,1.14759288374748,0.0574973008719303,1.10183010168426,0.130667624035601,0.122154073069867,0.0581664785788025,0.338755920319427,0.0775095679448652,0.790099568100287,0.0624107975653003,1,0.923369661600842,0.156844758605694,0.18064007765135,0.74746690411485,0.0585473303301343,0.706121555087266,0.0629186296922953,0.79955690213746,0.0632922528823236,0.841884382200586,0.0714936682373206,0.663354177572931,0.0934291183507795
0.930134457177218,0.0688845718530482,1.16028886660916,0.0638113334828472,0.987561101089242,0.126868298358984,0.128675759453734,0.0666982259132413,0.306935342357862,0.0844158669436276,0.915042379453679,0.0152132521051179,1,0.861026545247714,-0.435424484360921,0.210050949772254,0.689688275495392,0.0672549262837577,0.711665173312411,0.0606550662261142,0.80079767952606,0.0585847310203462,0.745110092185359,0.0707178048918013,0.636195472805335,0.0965313033699027
1.05187488716693,0.072553400970516,1.05652416165279,0.0601589849525449,0.963600835607887,0.133743586532988,0.0115372593450275,0.0158261510568493,0.105438668127944,0.0735133124727964,0.914833412550595,0.017288284556387,1,0.999999999599777,0.144170306727128,0.231237200150016,0.681433678868363,0.0696268962084719,0.701034368684999,0.0595209286179978,0.777703074699627,0.0635358841612082,0.581959466869366,0.07999380201586,0.789568730318501,0.0793460193544742
1.14171857494842,0.0723476215008655,1.06150996458676,0.0556935226570908,0.958005362503944,0.119654785749048,0.10223248404624,0.0568524041848728,0.198615382596654,0.0761279114259863,0.888567899951669,0.0209864022815533,1,0.634650248536042,0.109166239444252,0.189716635303193,0.671532622598536,0.0607398184992521,0.766744987754696,0.0571270238386089,0.732543168613415,0.057090210893056,0.721162740543359,0.0737457126301398,0.72778879378794,0.0848671736604249
0.895297236646494,0.0692636558490648,0.981714810647531,0.0581219649655075,0.870980613656051,0.111576208138185,0.0993643042399945,0.0623420406808235,0.168881905965622,0.0750388611084444,0.86981330143255,0.0257667026751136,1,0.574068450190035,0.138099636374679,0.193797203204789,0.686251491240238,0.0624406545620704,0.62456892586118,0.0642578438496299,0.692906522424075,0.0663403367998894,0.68499917721509,0.0754557233762225,0.681540708955677,0.0863376005802559
1.09721406677631,0.0709703078996357,0.977345243500101,0.0575697818579348,0.833143411799822,0.108965796293962,0.0451651448547877,0.0480485104219252,0.133389035390532,0.0662736202864107,0.910704300621303,0.0147687398886843,1,0.68763590603415,0.184105794434498,0.20272688980591,0.712909915041077,0.0636325676173256,0.795928552187757,0.0572570218167732,0.726907534513116,0.0619745181208005,0.556706418070072,0.077757624572946,0.69620786295755,0.0873119295018955
1.07334287751603,0.0772708473828511,1.10112692821644,0.062214366738696,1.17696368399433,0.160674139323328,0.0426245329982848,0.0484154295919597,0.203398598893019,0.0871495708436443,0.915758566979734,0.016584538396858,1,0.908106133026294,-0.000939813095013545,0.202383022359936,0.720688394298149,0.0638010203183592,0.870374298653338,0.0555603515068211,0.552189437688224,0.0707518273471239,0.707609728176971,0.0804125697765924,0.854733318524277,0.0807601403390679
0.995062446439894,0.0711298149299639,0.985059771493905,0.0508009726321795,1.02180211418632,0.128034151339341,0.0385455775935788,0.0351538121117655,0.134243604861954,0.0763531830678121,0.89416568889231,0.0212837204490585,1,0.676430105765934,0.0914841058256092,0.201822888932557,0.66391706935855,0.0624478696184888,0.706567477593769,0.061277644079935,0.738526590305874,0.0632771500649364,0.690831369558608,0.0693191266236807,0.665883744267217,0.0852287249585821
1.10858474174404,0.0743755605328428,1.04001004157609,0.0547992146260089,1.14188149392204,0.140772692493123,0.0847587035002196,0.0437652161830452,0.311101904481984,0.0863841183851101,0.863479002164016,0.0305607548799719,1,0.999999999982392,0.0269124864555134,0.19867933509255,0.737380660280795,0.0607256813377713,0.671731859416352,0.063713751459747,0.796519923256199,0.0626291040115794,0.70987711512119,0.068401739425682,0.677400259258343,0.0842283918854126
0.978138677775209,0.0721929647117226,1.0139842154375,0.0570506026771374,1.01824742842997,0.131141191484338,0.0894933647441783,0.0573231652078058,0.262537589408575,0.0883627286506185,0.884374151786789,0.0274770660959891,1,0.869699887454378,0.488853815477149,0.210858644623861,0.573100545309323,0.0714108712335266,0.618130429754241,0.0711671621725814,0.658638040862782,0.0667597151730321,0.761638746578503,0.0671303736834292,0.676161060172529,0.0836035338883895
0.899363932324572,0.0679088285196451,1.00351629896024,0.0537022267998631,0.994524963024384,0.125417348522649,0.100066167644202,0.046873595878227,0.31546521468497,0.0815460166243692,0.872668941954541,0.0243308626572407,1,0.99999999999946,-0.301708991915691,0.184847562444727,0.716246867026333,0.0588881340653921,0.729609945763486,0.0549770137351729,0.643099096583596,0.0684747778065992,0.728722570749677,0.0719070725565258,0.64983823140593,0.091604400005185
1.03951497051006,0.0727711045866243,1.03349639739842,0.0578862687383267,1.07311550012575,0.138004272620808,0.0966969994348243,0.0668593947292118,0.244346830623588,0.0806530741784748,0.881909382825867,0.0229367360595718,1,0.758537362710735,-0.209280189670413,0.190964387724904,0.792615953045296,0.0636758807717398,0.758167885149196,0.0528044794334494,0.676878629812824,0.0645906949006756,0.638873706097544,0.0809788090655811,0.664614306218427,0.0960043216361502
1.01239448477278,0.0719865767453171,0.93526449814893,0.057891655241282,0.867164096755455,0.122252854584725,0.135164206287541,0.0634446611771533,0.2397433933891,0.0750033560643641,0.918116970030461,0.0150893312630986,1,0.700269408854194,-0.0211192240859772,0.217514890996474,0.621459800990212,0.0653886913903315,0.730556141378657,0.0579480018422543,0.631146903146312,0.0621131689529094,0.645956510743933,0.080509859559009,0.67695815402876,0.0869849705836322
0.953300108646758,0.0697478672445729,0.986522020228147,0.0548250450611511,1.00032676885168,0.136160263895047,0.00937600343407214,0.0155630642599098,0.0968455836947466,0.0801399671237689,0.893886326448187,0.0209432822052412,1,0.999999992602063,0.112869812545651,0.20436203781361,0.594376735229832,0.0684649801704537,0.734045612418381,0.0563171207833244,0.699982631707267,0.0630379535072158,0.618477847713899,0.0830217515070356,0.542512337645062,0.0994030734090028
0.957809913635994,0.0707309874333972,0.947089006204105,0.0551695309585791,0.986553231414359,0.126013489915995,0.108986536949913,0.0634402673685899,0.263472770227723,0.0847077775058829,0.890015102335662,0.0205882730480383,1,0.803505861973597,0.213951169070633,0.198803374167818,0.626775830434206,0.0614829277247032,0.691226510030465,0.0570659506139048,0.637764418802742,0.0627183777368134,0.600020003447002,0.0861428830462383,0.759107753458959,0.082659410435132
0.997052737145066,0.07281464307419,1.05548713245404,0.0578501106909774,1.17752677536201,0.144982087180592,0.0129726678209183,0.0231940493820377,0.123594730663652,0.085230258718555,0.872876668674741,0.0258339642987034,1,0.999999795125483,-0.165993505353183,0.193563113646189,0.75967721294787,0.0586593879404051,0.816341714739674,0.0544692285313191,0.706845937520248,0.0676823169837927,0.752357720649921,0.0767917307904039,0.545330745282097,0.0945891827964322
1.0091616739179,0.0730797699507219,1.00358104981983,0.0552929508173829,1.06959715290685,0.136747851046728,0.0337665954593173,0.0280860610394887,0.190043822134189,0.0818127727661844,0.894570552895907,0.0203629460626899,1,0.999999999511692,-0.22025351628707,0.204937921773622,0.652988259923324,0.0677390448710929,0.819885604977744,0.0560757027690072,0.70280645547881,0.065065968218198,0.602322188443981,0.0739090898504051,0.828199331745491,0.0794322779433965
0.943532152858432,0.0681844138585109,0.965017252740407,0.0525129325224592,0.897002671359656,0.114456429419938,0.0660999190090964,0.036060365689466,0.243499083709643,0.0701061327727229,0.904871429664837,0.0161663424695966,1,0.99999999864753,-0.123023872041494,0.197719501382652,0.648738934673513,0.0631698755252679,0.705204415708803,0.0583063200039797,0.752405420211497,0.0600895760201997,0.727648105080954,0.0713511483891436,0.741920005114383,0.073041387456936
0.96887189215691,0.0698571477265322,0.973350097034514,0.0555831605319766,0.942548122762658,0.123551440642332,0.0709688342407509,0.046156468426845,0.175008088070376,0.0724980643904873,0.865063922623006,0.0281765433684954,1,0.67666313754117,0.103039878197022,0.183631891282263,0.705902867088094,0.0583252576495464,0.703993095402013,0.0533979572768538,0.673207795312014,0.0611671284758022,0.657664355499819,0.0759615761701125,0.75686095255168,0.0826274358972309
1.12890275710403,0.0810964096349262,1.0918922451061,0.0617144454247609,1.29712617540655,0.166951100205791,0.102528824906572,0.0518615577477556,0.358013482474767,0.0863603080954868,0.914951569702186,0.0150860892119821,1,0.981714669312034,0.271102585595174,0.215347689071959,0.770620148017234,0.0682858562718796,0.714654244658841,0.0611603292798564,0.890730844551959,0.0622725828843675,0.793257847995451,0.0695319734689834,0.830957806206725,0.0775690754923489
0.932983761356669,0.0700072700209832,0.891432238976697,0.0504342247118826,1.06867544817744,0.131108342680885,0.0243190406496503,0.020138049943937,0.161211543214148,0.0691485629601004,0.884201172552201,0.0213018016731809,1,0.999999999999552,-0.0542488345741849,0.194925933246722,0.750067770933166,0.0629054598372734,0.624543956004117,0.0585322508744569,0.637041368073294,0.0628514774396691,0.644280485837285,0.0666975409089007,0.87990407812342,0.0756863465215519
1.11422713535471,0.0777705621880003,1.06905515215239,0.0594877610099098,1.05583323521947,0.148233232525893,0.06739011764279,0.0467322205264349,0.255370257653803,0.083964278528823,0.920535837120988,0.0132054601564052,1,0.957358380076978,0.438762385639705,0.218065596826237,0.698017327292686,0.0644042741392341,0.710493298424007,0.0630928340738239,0.70724730400955,0.0689643320024514,0.793573099869642,0.0755004877755232,0.856964560297388,0.0851654090980234
1.08969659910423,0.0772480786352625,1.02129389117262,0.0578002966947035,1.2200697753119,0.155650247825782,0.125156579268412,0.0645280905290194,0.281564828381076,0.0878383489409528,0.859968522355938,0.0306721532577046,1,0.720541878511954,0.189326095558616,0.195967947606717,0.730812176004733,0.0604421799152571,0.731000079170554,0.065788843155431,0.703164095743835,0.0717227530819246,0.679574651802639,0.0716718071617557,0.74959606035518,0.0907003043859884
0.995308274040759,0.0715078225558917,0.919355438387622,0.0523146457607674,0.969631094408918,0.125264589854266,0.0535210140886936,0.0341753783065303,0.227806144481729,0.0764278444581487,0.901985305488922,0.0183751017192672,1,0.999999999989743,0.0217491605495643,0.214332197108513,0.616078359584932,0.0696145898833143,0.661827866781688,0.0567966242185839,0.724634925276794,0.0621662221191695,0.726189725301653,0.0650421690507403,0.665939679451311,0.0793200309737445
1.03699914143818,0.0741247547121597,1.09269402231162,0.0615207697993617,1.16689221050246,0.145850586487273,0.107188114062799,0.0660311621634932,0.263128135376947,0.0813679755042253,0.892617923583293,0.0197127148333982,1,0.744009708984676,0.307451732898822,0.203685133668092,0.75362420529722,0.0629787658692663,0.717597408668086,0.0628799041589653,0.737333150614894,0.0631103914872791,0.77748439937937,0.0716081706630337,0.684127501960256,0.0879367419349782
1.00887155384835,0.0715215119741237,1.02265710049103,0.0521427146762617,0.985967885421264,0.126415162207744,0.0107076323412336,0.0133794488270411,0.102749119785687,0.0649975016832638,0.900726210852509,0.016748744654781,1,0.999999999970594,-0.225565729252754,0.203505719581593,0.707537554502697,0.0631632074901281,0.633939244610101,0.0638202520994201,0.620376247573085,0.0649181528877259,0.724772875386438,0.0647026668035892,0.688099566731774,0.079385515387471
1.01829747526132,0.0704339417653472,0.954815772108141,0.0571097765315386,0.959352100218795,0.128912033697046,0.0808050121419504,0.0447803828442882,0.278424959561073,0.0824258005436059,0.902939209902706,0.0171549214535802,1,0.999999999999999,0.359283973962356,0.207355270770242,0.67220927371327,0.0607925061311432,0.699923782101023,0.05567353178535,0.658291180237525,0.068081599022067,0.598717106832486,0.0894138020576269,0.720223583933092,0.0907740307649777
0.987233282398616,0.0693872948683687,1.0169884500443,0.055368694784186,1.08178562449118,0.135000809693867,0.0865920939927042,0.0424779246550349,0.306062219858816,0.0806479579777409,0.895707921562934,0.020478865865172,1,0.999999999727831,0.0805370513705985,0.199695446690122,0.654932093057957,0.0639818493616369,0.745151555209587,0.0590652986641183,0.646679497942232,0.0630954642826232,0.843744123124017,0.0671580278153357,0.628244371572767,0.0879643796678005
1.02397895989233,0.0711922550030113,0.962276922891925,0.0554972920478115,0.916093416360326,0.126267174052571,0.0419602073426032,0.0392629268841852,0.196059831034398,0.0659968314910691,0.895731561710112,0.0216911029481678,1,0.999999839352138,0.0701966715172017,0.204622523833576,0.634010475112782,0.0682604076238566,0.627179033916231,0.0666374467611503,0.67309023133938,0.0638117894070561,0.710417657796405,0.0670591139996947,0.550598551314317,0.0973531752058849
0.900264130367033,0.0716145338578133,0.943190304203969,0.0559774499780573,0.982025681485468,0.129269162841818,0.0630804148148259,0.0372221258031202,0.248890713638844,0.0794268240279046,0.900128107542005,0.0187358605963589,1,0.999999999909097,-0.382031233659382,0.21534278429362,0.779128723867718,0.0616712241919844,0.638326847305664,0.0639383534497644,0.697984575014392,0.0682494583586698,0.753714400381909,0.0719363528997167,0.581635906081001,0.0952670538682265
1.04330196468004,0.0653735244359135,0.942813509078246,0.048753387948184,0.832564871331713,0.103729297895271,0.0705782732370852,0.0342331495053176,0.242406664463396,0.0633579114735601,0.877631239650492,0.0250915131501102,1,0.99999999999848,0.182689996619516,0.193683281049121,0.659229983748341,0.064233910985016,0.755581305061589,0.0548624729727457,0.62185799972999,0.0684456751366746,0.662096277537757,0.0663176569949242,0.565105610469439,0.0765556186089118
1.05362223560012,0.0709652962261803,1.03680464807209,0.0571780278674251,0.942762892851646,0.128082690755604,0.133675951879832,0.065575389450225,0.319146924824752,0.0847741432165636,0.912697482791587,0.0167957308056959,1,0.899006395419622,0.074944742831092,0.210092878225201,0.770202049685931,0.0574331483624248,0.730319437232133,0.0588892383975167,0.701478677586367,0.0659721104301116,0.779984489564788,0.0753066419619124,0.654471792030836,0.0889718155236757
0.927912103008339,0.066689863630638,0.887119173219318,0.0503792450454132,0.889970960117133,0.107484388200911,0.02119226436086,0.0197677674875276,0.137333535076711,0.0654154508095597,0.856354643413221,0.0270347171394701,1,0.999999999903912,0.0500605438176323,0.190421240497702,0.670802353281736,0.0574874105973198,0.601448313171145,0.0629022219818891,0.642450742053306,0.0676535231206228,0.633351517414575,0.0713300047221596,0.759858223300525,0.0862904198491554
1.05767047734273,0.0741763296508215,1.01458480929988,0.0597597906497804,1.12956595209677,0.143996254912023,0.129792134987798,0.0695033220369644,0.338445998013399,0.0903805655476479,0.90292653238981,0.0179661972063909,1,0.883912749838525,-0.00606951904457766,0.202132266230087,0.786279740221447,0.0637832053073586,0.721408563789724,0.0612043313498625,0.719229825063988,0.065876293660205,0.702689353312615,0.0739134560246019,0.701507105556055,0.0865057335367151
0.939307549256407,0.0755300667183482,0.94432071843156,0.0548055678384103,1.12657262606529,0.14215377026756,0.101198830229837,0.0697078317076152,0.282521609556745,0.0852313985807331,0.862837339382244,0.0298514940686706,1,0.836728050238059,-0.0109172307498829,0.203228726652826,0.643161494396535,0.0688201310481535,0.68947883672357,0.0643950147162944,0.68484105751556,0.0677369382452165,0.787389016878571,0.0698090620283399,0.686867164181082,0.085426621412949
0.908527802395668,0.0741187655098254,0.89075136388361,0.0559382119942443,1.05021731914491,0.13460167591352,0.0859808728970848,0.061567372382322,0.224942304386262,0.0894784174109846,0.882759561435019,0.0239622318681938,1,0.748566912638766,0.0831145652038662,0.206267816672508,0.684909898361372,0.0615240913564819,0.639372300377213,0.0632276257397485,0.737794629938129,0.0650560347050779,0.665812699740132,0.0738869607535068,0.610258740124523,0.0886633336291873
0.972571064396209,0.072550883672168,0.960115746543868,0.0617330078650552,0.98592683038657,0.130963038884638,0.124610015753708,0.0454842882441373,0.326729588299722,0.0776126411535976,0.900575937025854,0.019560851810574,1,0.932158249457167,0.147252799981248,0.211305519952553,0.599868351640924,0.0670323777968248,0.709692129172475,0.0669651108744369,0.717911206984192,0.0645563534438931,0.613403893617324,0.0757406356218096,0.695079106285774,0.0842006225977874
1.16043387266324,0.079113977411216,1.01786672430431,0.0609407261799207,1.03008834406201,0.138817828397917,0.108044448259794,0.067912927991688,0.278200850567167,0.0847520057647547,0.912608011442149,0.0170118839828269,1,0.83391154986132,0.301582552454785,0.210658170862596,0.646380649401086,0.0633638739735525,0.675365050703981,0.0648649903939608,0.644379784843431,0.0690604253454051,0.812482450732633,0.0662088962353435,0.667070483515955,0.0817046810972265
0.94356776876477,0.0671190615855538,1.005048672725,0.0541874115953285,0.782952495621365,0.110999778286578,0.0634153816362827,0.0509812072246456,0.147656339945772,0.0716251916727274,0.907359138353186,0.0179896746383499,1,0.662654402282477,-0.108121013671562,0.206113635687849,0.702392203907633,0.0633161170584065,0.654580642738445,0.0591431113450109,0.60364421785252,0.0610510864900921,0.601739627250395,0.0751164612190822,0.709048529977883,0.091299918678749
1.04239630492532,0.0713111983434683,0.920978540947838,0.0528764782137857,0.958160512861542,0.120313733879655,0.0320023891633131,0.0234910095740618,0.175109753050595,0.0673147817555611,0.893911340294024,0.02036183669101,1,0.999999999998787,0.241600460100382,0.192721093110336,0.648346586325851,0.0654198064473431,0.74389507322036,0.0546217125447398,0.6334520714679,0.0631604278265824,0.661066207394244,0.0770110302850384,0.563618993834892,0.0926290742783138
1.00643477896617,0.0668297490250331,0.986408326621718,0.059328945892354,0.963863254985447,0.121463947111987,0.134753191533432,0.0675934328884714,0.350178070524311,0.0880123065868851,0.898168821410199,0.0170739096079532,1,0.971654135433407,-0.0269078361402897,0.193386004107808,0.642704057798394,0.0603664175006782,0.633888247208796,0.0636950491547757,0.742831020257272,0.0633397519660679,0.728275178527738,0.06927074210703,0.724198548498239,0.0828534004194843
0.976327397137531,0.0698648104856621,1.03220157324331,0.0559616102598233,1.16152462842707,0.141320910802908,0.0438892982789716,0.0415108823869039,0.190502728530183,0.076456160018064,0.893182675633969,0.0203611518561778,1,0.843738118876778,-0.0677941562931073,0.189242289037666,0.729237954760496,0.0604121458513862,0.718771841021852,0.0578236555346874,0.702010346523673,0.0624625122042428,0.777572781830524,0.0655186531838287,0.748034325047107,0.086337790422606
0.912862143707115,0.0721709326433076,0.880943010145645,0.0523680954169361,1.21013375889255,0.151797840760714,0.076591930806376,0.0420753070809751,0.304444544283121,0.0879356854084388,0.878028380969372,0.0293141023845012,1,0.999999996850668,0.101485667735814,0.191651398836117,0.662401315068439,0.0651834730296382,0.639104500969059,0.0557755515147998,0.757502971136677,0.06398380529499,0.584276612649194,0.0815573179964863,0.686143305719518,0.0860356747549251
1.0112715077156,0.0768650224711107,1.07788417677647,0.0625927203284853,1.15121603689448,0.154495763248141,0.189559094468505,0.0802728924090273,0.403594933059824,0.0968826107435077,0.915122099911431,0.0179084477431573,1,0.863962668359879,-0.328307108255508,0.22757916641496,0.741297395508878,0.070840377492487,0.754968544374899,0.0621022545283508,0.844705356241213,0.0668915360712875,0.602117961611973,0.0781885867254534,0.901569273107011,0.0790897454973159
0.971337671288244,0.0736914656872573,0.952944192788081,0.0572923097673022,0.998436420383147,0.13472892563829,0.11444376077755,0.0540548315997471,0.281527166432858,0.0829317327853336,0.900437305026332,0.0182672267688953,1,0.832844728967699,-0.187299863341317,0.19623975168582,0.685096662841599,0.0638321480905372,0.734525393989612,0.05844444664863,0.66418840299946,0.0653465037938605,0.618155941399487,0.0786811309508701,0.796096818108113,0.0928691110863357
1.02843605517199,0.0718717640069137,1.04099107426542,0.0579350068253336,0.886865757483473,0.132591053894573,0.0846105093622322,0.0555952375181359,0.189521748179141,0.0768526193368853,0.918844049199948,0.0140750340682205,1,0.691859574712339,0.24800322571094,0.220093388478018,0.683069754657692,0.0606109783863413,0.737126296152007,0.0593486566560629,0.592161003054219,0.0718382793281384,0.667295326589596,0.0781400660560903,0.678073802773817,0.089106022522346
1.05149339119585,0.0799774027824282,1.01636183637554,0.0623983632871063,1.28408669228131,0.168097824199076,0.186277623651616,0.0797886880754153,0.488890167306983,0.0966928753684842,0.895607364527873,0.0209368544937294,1,0.999617350494884,0.339262746110531,0.208134750529256,0.679894052541793,0.0669301001152412,0.672677850303213,0.0602403032843233,0.780671549733776,0.066896672145729,0.662487800376389,0.0787908098477094,0.810000061224983,0.0909675352885012
0.915774038922808,0.0697898120479846,1.00246229980595,0.060630374326842,0.985029277994026,0.127178099295434,0.0576698764451906,0.0381822202480165,0.23834117721539,0.0825269578881179,0.891477801503405,0.0204804547888743,1,0.999999999996542,-0.196247347208414,0.206986611719729,0.660652571592541,0.0701914154693468,0.754699975002075,0.0581673495665394,0.723268900979051,0.0641239464330494,0.684109192153194,0.0665591205332074,0.599518686159231,0.0859303269700461
0.940533298382842,0.0726808832993082,0.97441277913135,0.0583478492397226,0.955696838378357,0.129918487089511,0.120670556994659,0.0614167750096781,0.232539427363939,0.0732625436115725,0.892477302065684,0.0210524418378431,1,0.684756029962568,-0.142697406026662,0.21301499656276,0.640410515960187,0.0709253260295425,0.738905156699186,0.0638609292185711,0.557364465730607,0.0673777707050122,0.802019398112587,0.0631367703158266,0.686833260582486,0.084568177562995
0.976569551953077,0.0661232967974266,0.954699574937927,0.0561124552508819,0.706457365142198,0.0999942445081641,0.0328434480641576,0.0280106617856792,0.152323654700044,0.0675288713548026,0.890326896024569,0.0203793248832612,1,0.999999999991143,0.0513304708955655,0.203739711503316,0.645449549666867,0.0615928123029404,0.668479970780385,0.0613214699107022,0.697565608374875,0.0698192421846519,0.670904696519979,0.0719386074023296,0.455102933727015,0.0915408911592752
1.06390346315092,0.0732154774871418,1.01499107129074,0.0603224613636118,0.96574720827692,0.128427436690297,0.144821550633675,0.0662413641883382,0.278381844161501,0.0811766085289241,0.899344501954095,0.0208951913645624,1,0.744376373561499,-0.0345664501667725,0.198403511213365,0.674147121703188,0.0656815167027984,0.757276272311199,0.0610068493603509,0.648278875359195,0.0722193700311355,0.783095355367698,0.0708668769595047,0.810682566255684,0.0811166809208494
1.03937204350088,0.0737377155642405,1.07821483160342,0.060228719484612,1.01681294032849,0.127481324165894,0.0663141335514286,0.0465011354802669,0.0966886899650602,0.0787008589505895,0.877038084022923,0.0259878257969561,1,0.372350630817229,-0.260277318260335,0.204194751255735,0.702574452330368,0.0639373154023665,0.706678004971859,0.0587061520079961,0.692511700041227,0.0599072903776024,0.667770707725564,0.0770065292825662,0.697529545052807,0.0803383669976325
0.966451934963478,0.0663676382822494,0.978081690560687,0.055991776851719,0.86578250142239,0.109773477870155,0.0538165632611854,0.033196316180234,0.215855133674708,0.0690563315402839,0.871089592614388,0.0268886644201926,1,0.999999999737096,0.187933046274404,0.18761339003492,0.620196977562283,0.0649643738884472,0.705569121609689,0.058949547857665,0.67863990661882,0.0609796714807781,0.563342554400479,0.0726525208897272,0.60604919294925,0.0806143678244215
0.989845730622714,0.076701431761006,1.04366904208295,0.0599031975324063,1.22440414224461,0.152242341654729,0.0902084380482249,0.0515041362639125,0.332342572071319,0.10177993987917,0.869467437877685,0.0308742964354452,1,0.999999999996906,0.10507454867631,0.197398051756977,0.686002863561906,0.0654191915504408,0.694960937681128,0.0594044886182887,0.693706937506922,0.0700343036335272,0.705460822841074,0.0774905800853533,0.758164779328145,0.0856882200132023
0.905019137000217,0.0704780305429719,0.995702254014943,0.0575223997827801,1.02258943782344,0.135252106332099,0.031939936322357,0.0243323361014642,0.180724767267042,0.0728660411026891,0.901362324360239,0.0179505589597004,1,0.999999999628475,0.0414265106766222,0.211564925050017,0.565189817197421,0.0660425211230613,0.670252834061197,0.0615212416308077,0.633934441119741,0.0679664938398137,0.726640824333743,0.0742108295182299,0.837086070027175,0.0731827742409816
0.962603367290588,0.0699438903476898,1.0477707821737,0.0511186386279,0.881237909201181,0.113222908303087,0.0366456094364734,0.0471292310605214,0.160116042360923,0.062421752536296,0.89475864161854,0.0212650906096422,1,0.890999144287821,0.250260115659394,0.21299050734489,0.614615040413883,0.0685534703610185,0.748117604771855,0.0584928629206381,0.63645953450486,0.0616251004305041,0.739320041533553,0.0667767137926357,0.664111051557229,0.0919979336092972
0.947175713267299,0.0766216378291914,1.00153047823052,0.0632674686795221,1.04070263755169,0.149846309913707,0.0675757751857394,0.0590549058096961,0.250496954452834,0.0827197954878834,0.924030513508228,0.0150010324833733,1,0.944590567068642,-0.0632762161764072,0.223805147477837,0.753423762931602,0.067095610670677,0.776490770834293,0.061941231145797,0.711706597108261,0.0688217849849333,0.641972368682994,0.0731180604701578,0.812357906085174,0.0823845068895244
1.02343501834679,0.0755559581981418,1.09944219960275,0.058579812006084,1.19214556179675,0.146138536135713,0.0552789364960702,0.0511099435528361,0.221463415828842,0.0899219348002435,0.872007757941251,0.0265959871346124,1,0.862695457818208,0.274190189354842,0.199152450506342,0.723373374063478,0.0631549623326211,0.702457833462506,0.0626620705999547,0.690084631368822,0.0668107694629799,0.858975645953061,0.0675895862887525,0.479858794853571,0.105998457484342
0.917141649361393,0.0720543249333122,1.01563105135586,0.0554594100452157,1.16787199658826,0.141520407916135,0.126278575659956,0.059192955873036,0.32609401901616,0.0882822789000111,0.87278449602138,0.0290927744514799,1,0.849142100050866,-0.304044577844639,0.195553128824976,0.583071470237011,0.0689080485263455,0.724524008710578,0.063260840010252,0.709952531827692,0.0591067015612496,0.702927800080041,0.0780865426507351,0.638418895721936,0.0831678025883866
0.979878488245859,0.0700635118829453,1.06969253174115,0.0575975014219362,0.909741547387089,0.11851808865777,0.114741480350541,0.0614440790459108,0.222952424485684,0.0843455509893417,0.897675249643186,0.0187882865368556,1,0.690069703100725,-0.0502065541565387,0.212014281346656,0.686686256147931,0.0676574615879315,0.732389347690735,0.0632755694046584,0.700982666257853,0.0585494697276027,0.520136831906835,0.0746811473136215,0.813680063586216,0.0749960751060784
0.952495068230999,0.0731680899968193,1.07007444036637,0.0573742156994278,1.13268514896232,0.144198914875667,0.0674013738260611,0.0547843567704487,0.240270376195518,0.0852233001450431,0.901931575419249,0.0162931372293543,1,0.869583420352017,-0.261256860003718,0.199846549032616,0.781199467691333,0.0599339815409032,0.660338605385461,0.0633141007136527,0.736124705886405,0.0613532224179192,0.748931886798315,0.0723308567921238,0.671756739037518,0.090367835412691
1.08563771326909,0.0749786114500525,1.10903463787061,0.0637440346450747,0.968087991649459,0.137209818814701,0.0550989352305269,0.0544631427329427,0.20918605886586,0.0809987873182147,0.909547216764435,0.0171338003396653,1,0.905740355009996,0.116649492719222,0.213974293187746,0.627914572014195,0.069261682490303,0.726631327969171,0.0643706797454139,0.728367893668108,0.0728077587926437,0.712249713554252,0.0787471162334534,0.59630129169266,0.0848721694423605
1.0882838245734,0.0745184851044775,1.03897141685923,0.0575539049269926,1.15325595657955,0.147366667042157,0.0953229996979372,0.0497365206422093,0.331559673656886,0.0935547086038979,0.912647709432206,0.0189163718800957,1,0.999999999976275,0.120724677271707,0.210927265854332,0.649317320526996,0.0721523749385727,0.678740479651489,0.0589272940750523,0.830223939875334,0.057727379184354,0.752014852657659,0.0689381384846713,0.790201708049734,0.0798659166976211
1.07046855587899,0.0749073640597092,1.05812002239,0.0562468190808622,0.996474488383428,0.129758759080834,0.0198086637852049,0.0424201735371669,0.110578452904574,0.0808774139252067,0.906675577339361,0.0159535819693284,1,0.787063598573312,0.0820853257356676,0.206814385909675,0.71456965672435,0.064010378870472,0.766491723189395,0.0587253376473117,0.542587292356685,0.0684466763292797,0.808474926770882,0.0651777424403922,0.708178291018956,0.0849937717137504
0.914027580335217,0.0685550320486032,0.961135068513629,0.0547074374742874,0.886011027703033,0.115307243046877,0.0954955722294513,0.0449869722062717,0.155155427852571,0.0725542301428034,0.897112659020289,0.0197249052844342,1,0.533403415014106,-0.0931108885838626,0.199430314129628,0.768350016476373,0.0590969452459884,0.659636662810503,0.0591745255041863,0.623655090845359,0.0673807266411542,0.682375596060165,0.0718448325535284,0.64170877691451,0.0848826343833857
0.950173456575585,0.0716404770950444,1.10263252418052,0.0598690846970622,1.12000598398926,0.149221866124148,0.0665952095252262,0.0547134149148803,0.216215378811563,0.0868087870232994,0.89716898350438,0.0187849115296387,1,0.79168955382725,-0.105506497744082,0.19422656972315,0.758891707060649,0.0584601780322628,0.700932327207542,0.05757982046038,0.748058783547026,0.0653784250457134,0.506342195199612,0.0862810372920471,0.759612036653681,0.0878642592071869
1.01765200222745,0.0724425887728104,0.972142327164651,0.0575024406448741,0.94011207059282,0.125148988847613,0.0941628284856682,0.0660242794145028,0.171136406730623,0.078039640097744,0.896391514340922,0.0219094760616827,1,0.575192013026954,0.104649827015555,0.210038486925283,0.678080316335385,0.0629488786910247,0.720562691924045,0.060881453021379,0.753608128392669,0.0673653743679247,0.603399723373158,0.0800122193788175,0.698268640147141,0.0837161899968935
1.0642975694468,0.0692628705338685,1.04145034405752,0.054136474859117,0.920805411497892,0.115821031145016,0.058430270250899,0.0352104720827111,0.231954540896061,0.0737023960294827,0.90158697935975,0.0176538569100353,1,0.999999999999911,-0.28106025720625,0.206028948559354,0.748055545687183,0.0626899816051779,0.689615207255992,0.0573014181536717,0.615165096409712,0.0615859132785638,0.68325710197773,0.0702499217616679,0.753952847257855,0.0778099146864626
1.04030333737385,0.0776898349940205,1.02142750817765,0.0531055632471655,1.08241540106026,0.133837156239013,0.046410228709316,0.0473028068199933,0.196105472054168,0.0818021657066335,0.860555723427089,0.0303852257507795,1,0.874955320601189,0.122437905456389,0.190439780000055,0.708008380794372,0.0629003128279837,0.68648842374045,0.0604904902054388,0.741390753274678,0.0653682009877868,0.645166456704031,0.0807658048104109,0.684209146802043,0.0775351411834776
0.899763961658899,0.0707019452620939,0.972481639106264,0.0552604330463816,0.82987458179744,0.112216891782313,0.0887773575703825,0.0517296028730347,0.22791991454646,0.0752234002603427,0.901589251568435,0.0183778913860756,1,0.839701511392064,0.141939504810533,0.205491539225249,0.57351032404091,0.0696446069234604,0.682038905286639,0.0568838794314184,0.715672476395502,0.0605225721643731,0.6184884219981,0.0713452336232475,0.645954934721588,0.0864036008810203
0.987063122743406,0.0723271252976967,1.00130124753924,0.0610317052829369,1.05148772277367,0.133697565457155,0.112233960650159,0.0740746090685462,0.255204517224715,0.0795584625339745,0.870772386510871,0.025771305936079,1,0.742889311114522,0.00283079280451927,0.191331327508752,0.723079577775126,0.0632695114948373,0.678268273689612,0.0567558836504457,0.71034094844419,0.0604335670455207,0.677769954560529,0.0845086894183444,0.866204817262991,0.0897401483869124
0.897259139983575,0.0696696452952217,0.934697918364982,0.0534757357243352,0.966217631883642,0.125612566317681,0.0404587783808947,0.0265578420854778,0.197716931558955,0.0679727051990081,0.899407548833712,0.0192131140272651,1,0.999999999859248,-0.05965594059226,0.195552518598476,0.745966508477934,0.0648488379982307,0.679964832836547,0.0573808796103443,0.636760439079976,0.0606649364472488,0.677023628337915,0.0664078370404678,0.714215804793344,0.0865891881964267
1.03018416758812,0.0689557816623605,0.928355448498579,0.0507229325226305,0.843387980581777,0.106288218402477,0.0650154658111509,0.042480597422226,0.230238789486794,0.0605835386570502,0.877593787997178,0.0254371126660986,1,0.983233009168428,0.262069526987115,0.192610327103917,0.563250030892175,0.067132917624039,0.586697597682906,0.0609347392300536,0.702545454990528,0.0592497531115129,0.676155583231836,0.0716446009843295,0.536364140991191,0.0811374089460147
1.00764173237837,0.0709927383463265,1.05825554970521,0.0602228534095309,1.01660571746868,0.125279344024309,0.055463197384022,0.0355143905966747,0.23745358192637,0.0802873311048339,0.891559740584645,0.0187789884221006,1,0.999999999999755,-0.243278583077011,0.195999496328349,0.724828306958264,0.0638927243150565,0.737003982493834,0.0568090864881843,0.739672678123888,0.0620134683055451,0.721322570831158,0.0763351288395465,0.752349720737228,0.0768004739822742
1.0158327174235,0.0686383654577862,0.988697137531657,0.0589573200614643,0.86031832509989,0.11249770357429,0.105908365612409,0.0624173895277947,0.18083753511458,0.073877186648462,0.893086134813796,0.0163309386767849,1,0.599092467246199,-0.0515323383576436,0.195405688066526,0.748224854428718,0.056715310479524,0.748031930530907,0.0547806430046417,0.577620958265311,0.0698625485229242,0.835445594358334,0.0696638213676724,0.710497319638433,0.0979208357231152
0.926223411446089,0.0645303483265128,0.951542452585383,0.0533940689562278,0.761225293966551,0.0954710662311367,0.0710390486273476,0.053309978707748,0.190207410833207,0.0659501810126889,0.870787076142032,0.0263527118392935,1,0.817941531344809,0.207291782067058,0.188348032616397,0.574508803637823,0.0620984698635786,0.622816847125411,0.0588383430321811,0.764215416436747,0.0640098571714432,0.558551204239218,0.0730521037357552,0.788845637290867,0.0768997292212381
1.02527507321289,0.0752234531629774,1.03876554136011,0.0609502362525205,1.22857904904931,0.153177832066775,0.0723642560732937,0.0549028945177281,0.252754567397069,0.0895251977794577,0.870746530136691,0.0270968633405936,1,0.847686777301742,0.373975735188886,0.197976513591984,0.657521658356472,0.0668747297530906,0.743143187545771,0.0619018241307298,0.652305425523282,0.0680907423258014,0.702503927580704,0.075084597241599,0.669404726163064,0.0906577623056234
0.947274820904579,0.0703725860523112,0.966707209088054,0.0561774249214887,0.891999129204581,0.114211135918425,0.0961820023636516,0.0578866714398445,0.204770882946707,0.0728533945872582,0.870770488244956,0.0259602848845312,1,0.699099643430045,-0.0699823920213704,0.189543827966046,0.639804475156369,0.0668272011837767,0.624435856739599,0.061739595671907,0.783149715040929,0.0581155353571118,0.707710525764325,0.0738468327760134,0.591575213744139,0.0888330488044755
0.965053102402061,0.072034982586478,0.96094503236623,0.0521748187557732,0.974613950806493,0.132493902210367,0.0139419923318334,0.0178238501593158,0.116567835269298,0.0756813966449381,0.892725876226586,0.0203954588287753,1,0.999999999658828,0.00423130030023958,0.206932833082627,0.632236731460859,0.0696394173894999,0.757650272979923,0.0568013182758026,0.625835958738691,0.0656622524629881,0.666842216619387,0.0757714143981422,0.488516695435871,0.098949791363704
1.09210898056791,0.0758090066880621,1.09667694269816,0.0587822894157463,1.00587645809647,0.133129642253013,0.00545752855724663,0.0116398313750461,0.074091831486128,0.0791698712660965,0.915084611471021,0.0135831836563483,1,0.99999999980374,-0.0882251711421809,0.215733156905523,0.737116330046817,0.0678518679733252,0.78811172694047,0.0592363486770487,0.733041351722574,0.0668360254473497,0.750051950364482,0.064433680493341,0.611380046130727,0.087647477660448
0.959730393969568,0.0753745259387534,0.948685486423659,0.056507726260656,1.10904728089388,0.14165830947361,0.122746728627806,0.0553618508863139,0.298466193392345,0.0861417271795613,0.901964863089883,0.0189493882238305,1,0.808937843225277,-0.0292359079390524,0.206137557735536,0.754089095880855,0.054200493206882,0.743371385780242,0.0566167499326711,0.738623999763286,0.0666540093940372,0.686484277671393,0.0755413390240952,0.668946821648067,0.0999522014368472
0.973377605290272,0.0756163032913188,1.12114690432496,0.0704769763316784,1.11336563686463,0.139730463142707,0.107692458309994,0.0562737169243677,0.142593464583348,0.0957384785539307,0.89054025219536,0.0219409873322109,1,0.411801637536451,-0.39973689821528,0.217002064386812,0.774058849615888,0.0704705416039941,0.68017953464115,0.0683300690191257,0.795185637706147,0.0627437386893921,0.736700640210112,0.0718239736365473,0.854088853789239,0.0797109174607235
0.914075653580685,0.0724034428396546,1.00257570171837,0.0559970251361521,0.982043548716046,0.130188172074302,0.102338086329442,0.0531739840758194,0.1925266906365,0.0851916176366517,0.892538500932358,0.0210385386265362,1,0.607305097489695,0.122486570958622,0.201169210692031,0.697782329006589,0.0642365879658949,0.749084894082823,0.0580274566192007,0.634281395461623,0.0697321627703349,0.694163614128148,0.0693250592419176,0.757289776791756,0.0936837460721418
0.98924969035138,0.0685758976134162,0.983727428854105,0.0552175357370648,0.964033126431159,0.125454668856654,0.0678950413713531,0.0401267887674627,0.25583797410027,0.0806571861923979,0.893534695046914,0.0189743714596378,1,0.999999999918508,0.0183407681081341,0.196807188671565,0.643415924455039,0.0613035915361526,0.794233620449012,0.053948324124457,0.684285001065775,0.0648944171920526,0.688594053502764,0.0782343626548186,0.66156102641488,0.0877071346416324
1.0521063728483,0.076495132374702,1.0077666695455,0.0563485975013898,1.05030336879588,0.130500918039616,0.0611932214855446,0.0402195079109423,0.253518138679058,0.0874531833877556,0.895924527073806,0.0167085738852554,1,0.999999999732028,0.0899625942049695,0.228127956333689,0.593251628050385,0.0700474772979443,0.727585014520639,0.0604181410186746,0.791908829377064,0.0614462524633795,0.707982137217179,0.069821696801173,0.873234092402453,0.0800251597627147
1.0290881534879,0.0733903701964657,0.982167995005939,0.0543781906450708,1.05825197465762,0.145824609171509,0.0287830517172106,0.0224931174241035,0.174527136326457,0.0717909779436531,0.911791807048587,0.0161367486128113,1,0.99999999996558,0.164288840113664,0.210157520394652,0.714718175688489,0.061074375733162,0.657962965731008,0.0593466258956113,0.742432611277592,0.0653100113106768,0.655275169839855,0.0707820142936306,0.575550414914496,0.0973357915555456
0.907538876282754,0.0738449230449718,1.06346475761638,0.0580875411041442,1.26143910219424,0.150986455767429,0.073523774180305,0.0589915225024572,0.274647661696224,0.0974499197614959,0.881213090583742,0.0219119318068631,1,0.901838693926215,-0.392225414050854,0.190097641324697,0.70750560801921,0.0637539169359757,0.715353247211886,0.062393444363897,0.814218947744649,0.0668917858650879,0.756540667545542,0.0640118317932666,0.784534263587891,0.0865679259591307
0.948519853094524,0.0709783852764147,0.901319382653581,0.0495074983708845,0.989456651273964,0.134313882286828,0.063719428951376,0.0350345058276494,0.251092836995956,0.074641541913927,0.887066881249204,0.0244339805074351,1,0.999999999994923,-0.111900994251977,0.19766446733408,0.633768054797788,0.0585156954068983,0.660472287438991,0.0541175471753885,0.603645065603962,0.0680215656997526,0.650362711483821,0.0737538725673659,0.506640363843709,0.105061179561034
1.02107868909511,0.0734041523414268,1.11023477363236,0.0568490489107298,1.10968064602339,0.144396035856141,0.00861052232475337,0.0143022401588028,0.097749320086382,0.0800915620965895,0.896670120118906,0.0196222449534687,1,0.999999979142644,-0.0977935750917078,0.207847029615628,0.762460670342226,0.0611966239331122,0.690552020803145,0.0612955986211626,0.697120756150608,0.0656500217039201,0.763293493447949,0.0655770857461481,0.657765636592152,0.0819393491208167
0.926573010013178,0.0649124318582919,0.944034775878892,0.0520176541037342,0.92128731203111,0.113926328583755,0.0200464732349541,0.0206486267604565,0.135899085508279,0.0715347785114274,0.890231386546581,0.0202923194591635,1,0.999999999990576,-0.120149900561359,0.194869097677988,0.673339321371858,0.0581437776765868,0.73526092142628,0.0576992169036392,0.712403893705096,0.0625901699262887,0.72215635258031,0.0638320409745652,0.637169628819081,0.0780971716161461
0.929071790064988,0.0736652169956337,0.978555002485532,0.0538542102017769,1.15533756095454,0.14485421735608,0.0311371274562525,0.0239694368998913,0.189667848810868,0.0768898237149286,0.876750350051056,0.0245562191642618,1,0.999999999751275,-0.100946832887438,0.191080175231068,0.680076167706562,0.0626619999607576,0.650861093730133,0.0606356155172445,0.665960052951631,0.0624291933048261,0.755879537409583,0.0748414347557979,0.700035215863898,0.08903746261931
1.03235793709914,0.0724875556377421,1.09137762700604,0.0604716371669742,1.00644478370378,0.134267341658907,0.0695592665926172,0.0629465208459899,0.227481164837332,0.0811329656340212,0.917555025985185,0.0139779149811452,1,0.85975155427617,-0.0796678788931582,0.213023041360657,0.797957941626131,0.0575501839072793,0.666071015081112,0.0648769673889398,0.77287419329375,0.0628705039283771,0.682039770572588,0.074246696526946,0.721660889179516,0.079082893705296
1.06369990437353,0.0743323067934817,1.09025376213502,0.056897661067684,1.12460304876012,0.144233588641541,0.129527472978974,0.0601858491618843,0.271744711931041,0.0872936022290824,0.910883442354449,0.0176293178899393,1,0.712000874375944,0.0350273543866918,0.221317697923283,0.790087552686696,0.0663586740134142,0.761726630811724,0.0606509138715395,0.798076719173847,0.063849719325344,0.756323854809167,0.0696813530224332,0.745055609373291,0.0854400091412658
1.03727187565774,0.075737086470357,0.966697945175223,0.0572185562148488,1.19695232368329,0.148743456393546,0.150679594124055,0.0668428576583927,0.204731985799247,0.08482495259118,0.84934244148855,0.0306218661568047,1,0.482081040792228,-0.037707624761928,0.191576108677487,0.753616227447818,0.0633769000315889,0.703829394840458,0.0602934661481318,0.713887494111757,0.0686283458731767,0.815361618801526,0.0758306286579845,0.633248788475467,0.0920320578831955
1.11018518620067,0.0726612540073406,1.0296645194998,0.059111259961,0.888654020669575,0.118052928250279,0.0609143411049038,0.0561535944672063,0.163391771937773,0.0697471869085329,0.912771539609215,0.0134565767563069,1,0.702269896026486,0.150132859167206,0.203398206043303,0.636615843057374,0.0608916448218997,0.757585849228828,0.0582578077974033,0.646385243369132,0.0625532787791934,0.691212628627519,0.0727140372364404,0.681548009258463,0.0842697966860506
0.979052029846818,0.0715089996062515,1.00340212973521,0.0565516496666006,1.00325250799357,0.137418049284695,0.0730109762294394,0.0498094362386307,0.146811036695544,0.0814464949895602,0.924378534797361,0.012871952271279,1,0.542449734110012,-0.246497876979412,0.219100622885099,0.823895343053056,0.0604940367852485,0.76008178021784,0.0579319540755,0.684905228130356,0.0681186148806398,0.552090690992268,0.0762234054447176,0.70813705318308,0.0885100650501839
1.10115143407938,0.0769882579452788,1.02422385752532,0.0574817513084762,1.10244598891158,0.147231900545378,0.125096928710464,0.0632794800427138,0.294948743176159,0.0787526073499986,0.901049787322124,0.0189928661242855,1,0.79422685084634,-0.312807423579808,0.201241740011502,0.791814129303764,0.0636955977381584,0.730930389034656,0.0610781630729351,0.765265118312855,0.0645243820156099,0.561739562355049,0.0803328531588025,0.817307422690134,0.0815047493258813
0.967441001761841,0.0742533215163605,1.00475392163334,0.0578062631126244,1.14804652098069,0.143714640030719,0.0155516459749194,0.020509899545522,0.133618909799094,0.0893296644055339,0.900829787520155,0.0192983552239101,1,0.999999999968322,-0.135605743943162,0.209477886755151,0.731045368348074,0.0625704575894944,0.783539281763477,0.0581910769118871,0.518329354350363,0.0741311457142805,0.814428322959168,0.071853786611268,0.656069235096645,0.08008153092258
1.10309265109868,0.0779462397765885,1.1221467390221,0.0578815695360395,1.01695163401547,0.136939841939487,0.069039075158113,0.0497376961187201,0.250485650320814,0.076020548934652,0.916421053763731,0.0164173962691929,1,0.945333872698886,-0.0597819797897252,0.225854490711272,0.736832830139486,0.0671548283502328,0.64047595416761,0.0625030154327089,0.60691681001151,0.0650735734801258,0.817964674474796,0.0573270234489237,0.654361515372761,0.0811695924950731
0.980329577304095,0.0754079884707692,1.10472824470148,0.0599476625965273,1.13946094074088,0.148652480706655,0.0690761490581631,0.0396191404122914,0.280552265698484,0.0881528890424546,0.9094013235779,0.0181022143709621,1,0.999999999999882,-0.332774357146616,0.224227529305545,0.782821802242044,0.0586036815092133,0.822390989999057,0.0552790792854054,0.705577705226444,0.0681811200139071,0.72319713712328,0.0717496904229363,0.812900957431441,0.0894553721253342
0.982492213041045,0.0696061334133819,1.03250933911492,0.0539808896034005,1.04446415043941,0.136201652050527,0.0409697543338652,0.0312662234018384,0.206860918614139,0.0822611172257779,0.886104531882786,0.0199453045916662,1,0.999999999951551,0.0879424135399546,0.19354317193563,0.706558529857382,0.0603733042012006,0.72107232988039,0.0578818374144711,0.673204436129789,0.0686080647626585,0.599940237589298,0.0768016572877303,0.6905573130036,0.0893321504813127
0.981102419103578,0.0769736956149626,1.05061029429841,0.0600488158983261,1.33496799577577,0.167843065795874,0.0718213110207083,0.0460785928977536,0.309643588056784,0.105547351907521,0.900405670596884,0.0217547406694537,1,0.999999999986315,-0.0465538195102058,0.216496718699087,0.699947880618602,0.0662609217030219,0.789994495301677,0.058633615772788,0.707034304307145,0.064914802599312,0.63959912662018,0.0795550355754939,0.954877810394263,0.079251207849506
1.01961263385866,0.0667177132902777,1.05882043335252,0.0564641584027209,0.968591515993406,0.119335730469522,0.0636694879081818,0.0578045725605097,0.194110005519631,0.0715398995838889,0.898005807808143,0.018571084220632,1,0.781649245776027,0.130027575163203,0.189249474151392,0.595062626560792,0.0687528760029864,0.726907557090612,0.0570120132103353,0.782443431810914,0.050916208702199,0.6980593034288,0.0611033033461971,0.839761728046724,0.0864034711141846
0.929064010042901,0.0636828174464308,0.940450760247639,0.05457336688224,0.68455925998882,0.103446908922462,0.0597960925719929,0.0525164402508093,0.167912056949253,0.0637402187264078,0.933931912421668,0.0098559759194385,1,0.829927115783011,0.0550940562561578,0.210123452630118,0.705331495157352,0.0610768636570465,0.641765048948008,0.0609888556621815,0.6374984519584,0.0621951660885068,0.61561203626359,0.0737015706129465,0.5936578710731,0.0884539714405491
1.06617719763266,0.0733558344026432,1.03990841430077,0.0568492675751763,0.942480010688019,0.125911001555846,0.0921759707767809,0.0519716770689623,0.204896700170723,0.0729147227695512,0.917244098603037,0.0146197028914514,1,0.695168412530487,0.109601929721905,0.208514054752598,0.654264207387569,0.0637528885441906,0.702840214098994,0.0636102101144727,0.70063224837987,0.06386920677537,0.673017395928349,0.0738770190142305,0.762346959797755,0.0882031223208017
0.929508012117093,0.0749880790568167,0.98662877799804,0.0588534755363086,1.17185887154146,0.141599529560003,0.0591150740377636,0.0594644828799933,0.0938822527214697,0.0839456355494318,0.860215995814139,0.0320355917079957,1,0.356694758023651,0.0714754470866343,0.188650170271904,0.707214347403998,0.0622064724544819,0.728887344730624,0.0576784611648375,0.756887025589215,0.0610915864165969,0.641897139946442,0.0803372601530975,0.665638182318723,0.0919473952421393
0.88892552642875,0.0667864103158725,0.965119318904748,0.0550122437655666,0.921151979912871,0.116101267647277,0.0719595092970763,0.038934331253874,0.257459986135925,0.075609895016169,0.886152221542794,0.0231520793918897,1,0.999999999989063,-0.0688779195278361,0.194169329726716,0.772493588089493,0.0600316900651095,0.686677000718779,0.0631582346424132,0.638152375719904,0.0681411496113773,0.628505916256866,0.0788051166921349,0.788459234730987,0.0826268115338822
0.935821972851915,0.0711797100125555,1.05964008603345,0.056896991574526,1.09488902584188,0.134776430920946,0.0173749640232537,0.0220412383614682,0.137926275355179,0.0891929704807844,0.885262707892882,0.0221603928709816,1,0.999999999997228,-0.308873516658426,0.194068574782609,0.7113650900441,0.0626426973681002,0.688899238563527,0.0588330439234692,0.657145088617057,0.0677517881374841,0.679047048821179,0.0761475079256338,0.652484101781576,0.0842724783082939
0.99470397005474,0.0762307006936396,0.981499298066461,0.0606619470844548,1.21602943814889,0.158016391101072,0.150203926849447,0.0733449652487167,0.274755832230723,0.100454562212253,0.885823080396009,0.0202317276875854,1,0.642886390671656,-0.110114567667469,0.195422153927073,0.62695983307442,0.0662507442867047,0.751052549370795,0.0613868078887302,0.776226657501269,0.0641304959231471,0.663072515108009,0.0840475901378342,0.780822038840427,0.0866946304593442
1.11204728921011,0.0741037553039613,0.96967281746122,0.0551889041856305,1.04722928610727,0.132431206661798,0.149086737357663,0.0700261412185757,0.371101261879233,0.0841834488958129,0.881174801288429,0.0239481755845768,1,0.939186921677571,0.206928266342771,0.208371078671927,0.710019234634054,0.0637427126509282,0.660143250446167,0.060437828857699,0.677622355415264,0.0636187803601005,0.705285684037671,0.0723763505504496,0.699162958826273,0.0828831605370944
0.961282101625681,0.0725229124599229,1.0738243175304,0.0576122219128966,1.18939307527462,0.151104111314416,0.0752917398272065,0.0594586382754413,0.280235312842744,0.0943134851552257,0.891210579820521,0.0211819342859278,1,0.936454090856539,0.00790769699282324,0.20295040154673,0.741748520718067,0.0616456754394855,0.679234992317456,0.064417462729888,0.695258343739079,0.0670358238238498,0.751560701113769,0.0666262375165337,0.785910237966096,0.0881437197124125
1.03622311557358,0.0749713730337108,1.02523662051931,0.0560155526506069,1.03050907315189,0.134009074562773,0.0391708534490194,0.0294447758117134,0.200912717060651,0.0781350180565282,0.914277759684173,0.0156640844431734,1,0.999999999930332,-0.14062805524344,0.221438434608063,0.749835414159627,0.0651597509218305,0.678659840279242,0.062014183934813,0.681064470297358,0.0648029797432189,0.753386512971865,0.0645785360061886,0.65530318709169,0.0776792193432851
0.973800364559891,0.0693678766728591,1.06052508229813,0.0580170222345382,1.02544681155745,0.127910850742083,0.10495949610215,0.0729657190974393,0.321143950699214,0.0818926516632287,0.89519695382546,0.0197356273490693,1,0.978886429165933,0.0516249755836286,0.19336476662924,0.654280046670978,0.0629103093651289,0.726866151334853,0.0562869862730441,0.694077876013034,0.0679362852941149,0.703655277353271,0.0770127280801351,0.64380061813329,0.0855182609267864
0.915397621870184,0.0720992547887361,0.963382060436911,0.0572943009763938,0.964855676854381,0.127663480398641,0.109293844436321,0.0570913414886975,0.21884057149288,0.0829978863676129,0.902173728752355,0.0197740391247783,1,0.673905205002617,-0.331802676939538,0.207574277014287,0.710877125721809,0.0636885045933259,0.729954364552256,0.0605117058852782,0.674932889741418,0.0679073305135036,0.764626110221069,0.068734848837119,0.700516008891366,0.0849552689880584
1.00330824709944,0.067627204844946,1.06509794721603,0.0579732600683065,0.978622354117309,0.121415816895247,0.06954221208038,0.0396639993358186,0.260874612190806,0.0798995797756686,0.900485781263686,0.0179131492978335,1,0.999999999919749,-0.0799231561148765,0.20267132248772,0.736666043781943,0.0603418524979789,0.685112648930134,0.0603002106868983,0.666183129720013,0.0630350218762161,0.722877535482723,0.0674993982561491,0.544390015957191,0.0839223838638693
1.00405067587677,0.0679623913894681,1.00250925235185,0.0524479603345111,0.929079942579604,0.11473114315541,0.0575267393736361,0.036607386591653,0.231085153088661,0.0695284480832424,0.858269588070674,0.0292087650883282,2,0.999564035895546,0.139078349991157,0.184149908018462,0.603287607075227,0.0627514988004704,0.783800475895206,0.0499289995020613,0.583495305955584,0.0615876973287129,0.631628795023857,0.0733348315084339,0.623595859814448,0.0924629938441975
0.989187888808278,0.0689663916910975,0.989215397447437,0.0551321602035558,0.944072718858771,0.122344899748625,0.0751908857433195,0.0606110067092908,0.255569889470943,0.0740651456477496,0.898072362854035,0.0193137131364567,1,0.959233551371873,0.303108508377167,0.198101522472235,0.690443521540803,0.0620814107124873,0.68650313003253,0.0546132280581826,0.729750583044428,0.0603637235800785,0.661156289039221,0.0728088924942475,0.680860158237265,0.091421249925035
0.888889515414577,0.0656691343984955,0.936352693011205,0.0532062117519261,0.821445528234219,0.105167566804107,0.0747137194147366,0.0403463951451413,0.247736252283975,0.0706845523032202,0.884746350994184,0.0236921483752303,1,0.999999999875577,0.0411222779586397,0.1943001156408,0.616581298957144,0.06496110974616,0.537435184520154,0.0650651061282429,0.684087592309472,0.0614628367746816,0.682199412472694,0.0675525492822048,0.738458507528438,0.0760595058733242
1.05100354158813,0.0728203033276305,1.02431842928006,0.0632506984449886,0.973008118318951,0.135805804030057,0.156199222319674,0.0700129832634554,0.308330104982229,0.0864314999606819,0.902342915609774,0.0167322973507309,1,0.790893971563138,0.370034993370428,0.203441861693127,0.705602943753222,0.0569442331399522,0.721353329984028,0.0614433340832302,0.73316673165131,0.0697424512813645,0.749923417530644,0.0786568862776543,0.725296044702525,0.0864500099971516
1.01446717703634,0.0692348125450619,0.945640935335274,0.0538794819232927,0.862672758113012,0.121328319690767,0.0627863844211982,0.0381016086772936,0.232731827247867,0.0753569956613867,0.912340264806301,0.0157524488463594,1,0.99999999994048,0.0962918996723583,0.209603723863979,0.574198887726978,0.0688791713046238,0.754206827130394,0.0585959237688133,0.616497602200039,0.0658057741349532,0.755212565203802,0.0720816506929575,0.615674238450137,0.0855224361730477
1.10832267040627,0.0751604897587464,1.09029883441819,0.0610297041750905,1.10786176944717,0.142573187780208,0.0506539264139916,0.04685605876727,0.134576752696512,0.0777917419711265,0.923037543757903,0.0121914437519096,1,0.568094649809441,-0.0554348678723433,0.205765835248626,0.782491022131599,0.0589340867264929,0.75677608238953,0.0604066255189409,0.785878932790472,0.0608862637870025,0.735872983817612,0.0709320619730741,0.737912367740488,0.0905146068752727
0.975352185527478,0.0748854145566748,1.07153740188237,0.0609715508283466,1.02365781328909,0.146647479558693,0.02613161704265,0.0254571943024537,0.16355376472964,0.0829996022324591,0.918160545502263,0.0150869808516486,1,0.999999999956102,-0.0955337014753428,0.220423859039518,0.716139043165325,0.0634006608951393,0.720855962568812,0.0628459932070961,0.764237547725074,0.062212132550394,0.697813922015924,0.0741241077825116,0.670958166359927,0.0930687742945665
1.04264454286941,0.0778795924977568,0.976516308817001,0.0626707811959336,1.03802037274059,0.143952339655361,0.126679396899236,0.0780351918122899,0.270253879752936,0.0933726266614117,0.891721021635973,0.0223216804402269,1,0.745274059560995,0.147150198117779,0.209651792603618,0.726596906986995,0.0642488640475376,0.706509517200497,0.0602034788599458,0.811069448784124,0.0652766705648795,0.630868756077419,0.0788512711683157,0.543756882346885,0.104090465239346
0.90159477803667,0.068016255556472,0.975979516416679,0.0545683690732195,0.98407349290156,0.120599510296976,0.0675870390154213,0.0385974423048179,0.257896515698322,0.0761673271504664,0.881390429661551,0.0199655882023715,1,0.999999994365977,-0.00357008844317848,0.186425729828343,0.740189598579907,0.0577992895960365,0.680713295897593,0.0580600043934167,0.714506998190173,0.0612256958603094,0.679851178433184,0.0758741395362186,0.75395020178611,0.086927751703279
1.00486973507872,0.0665613302707,0.994532826612046,0.054481265761154,0.829650336768194,0.110002774703872,0.0850709201933341,0.0541310252182564,0.247153878754671,0.0755834517485301,0.894300507650029,0.0191599186079385,1,0.93031348976595,-0.176734037566147,0.19769107130653,0.790385500766552,0.0579209198947807,0.633299715944515,0.0630020892511593,0.65391156987759,0.0612650194994698,0.662704531363426,0.0694478339475792,0.619314521221557,0.0932705611651697
0.961296653362344,0.0662352422290402,0.930540920851088,0.0510888146372015,0.98715201182043,0.120756922984613,0.155245560699649,0.0739952213279359,0.385958085004432,0.077999570119237,0.838102050662476,0.0323288584441048,1,0.985912857374495,-0.14925684679345,0.167119829561709,0.64358561979017,0.0600975867127747,0.632036683206829,0.0590000092329374,0.748990371633287,0.0571935921819496,0.637823910165642,0.0756867262491515,0.683593047501867,0.0842186997457273
0.954325251012813,0.0668378973055567,0.97726294517386,0.0581800531225801,0.882947235120187,0.111854922125533,0.0746529826664829,0.0541913771486533,0.211273643638559,0.0617217239370986,0.90284256770996,0.0180088538143443,1,0.82291383669191,-0.117799699561751,0.197926115867345,0.74459141638212,0.0631353081534755,0.813254669809294,0.0574862747070353,0.708718428012681,0.0645082225246543,0.710815354531321,0.0738121000951354,0.468039798132136,0.0938914659231924
1.10983655642512,0.082118239735094,1.09650775900313,0.0636460082261626,1.46867980954782,0.176502849306426,0.175301340705567,0.0768303769725805,0.410568351611862,0.114225002058467,0.892451307242752,0.0236394555184238,1,0.809150464861974,0.151547786128893,0.20743596005549,0.734326708975951,0.0665430894638175,0.865585800611567,0.0614059228683549,0.724178062210859,0.0697861758342901,0.741457837887857,0.074308984276839,0.794412030158297,0.0773230561058818
1.02070844810884,0.0728235257419698,0.968671095525496,0.0553551456546659,0.972456416552393,0.126179664111746,0.0487550111209622,0.0326997461784194,0.217743251104803,0.0774127479111807,0.887444704120135,0.0233070647039786,1,0.999999999979186,0.138504423903563,0.197220397911703,0.651931159643765,0.0628187783141767,0.743835222225656,0.0603573980537702,0.765178745408926,0.0650263701540901,0.639858587350742,0.0815330527006773,0.659660125969504,0.0912534236791981
1.00291838845929,0.0677938397803752,0.927994591232073,0.0595659204292128,0.820085543133095,0.110192119581779,0.0729334596289417,0.055501155877779,0.126992017641087,0.0735703502103257,0.903556058658717,0.0161666935010578,1,0.519258288784069,0.10927306447913,0.19118215082744,0.602834930326934,0.0606031841447705,0.789581367263727,0.0613774371298944,0.58908580963687,0.0654062183898822,0.690027568975898,0.0784751139935513,0.720210534309286,0.090291699849428
0.844018193475443,0.0686125266870768,0.965395755799413,0.057403715181639,0.892779463925201,0.12391699064232,0.0798889866475508,0.0541994009836234,0.156953144691289,0.0757014083745746,0.894336542188503,0.0188654708706032,1,0.587698347352199,-0.45542184464593,0.201963942021972,0.678222140979987,0.0623453611106873,0.75068161844164,0.059134675177162,0.588165160950069,0.0669017543900641,0.70695038854027,0.0734645424641879,0.641228163216017,0.10003320852031
0.939499933840634,0.0776445901557817,1.00239846312866,0.0545953172153817,1.29947511842341,0.170048309153367,0.0669768933024427,0.0406231808813792,0.135403668518799,0.0979146445103589,0.898686181839639,0.0187960136478413,1,0.458969627885056,-0.180047582645793,0.204092465212863,0.709931748056205,0.0636033254808309,0.739067758149033,0.0603440071663969,0.666333124915464,0.0710721515463548,0.651359847307333,0.0769574779083029,0.821766019802528,0.0925291927975805
1.13723280351882,0.072901675823664,1.03301168400281,0.0590314061337093,1.09325997915154,0.140084752719595,0.0759207975462645,0.041022866510111,0.288099235561955,0.083827694004308,0.878143544634284,0.0266598277996284,1,0.999999999932442,0.54252079624126,0.185507249474396,0.607124796235459,0.0594336315459898,0.730348841174968,0.0638464035713977,0.723448341761106,0.0675926999885506,0.656133396546254,0.0754030549515404,0.817356353639156,0.0840801058590785
0.983302452491852,0.0684772693661897,1.00949933962067,0.0561137115045653,0.859163765504618,0.116832419752852,0.151161550691959,0.0570767976054414,0.360378311068186,0.0775690266154258,0.924007233947927,0.0124823853704573,1,0.9999999999859,0.157841066903068,0.212992281316396,0.785287978792701,0.0591421026970209,0.6608500434054,0.0567525257544185,0.768883862627589,0.0574744624759282,0.839781025834501,0.0725497746523233,0.638242515076225,0.0908774176063275
1.03120753369222,0.0709176273044521,1.03226371456983,0.0556170719074147,0.96348297231885,0.119808820145713,0.074843061602851,0.0501148949990874,0.210255775582293,0.081136149675485,0.897770923365948,0.0199195215114295,1,0.782979046769867,0.114814518240377,0.195305177450162,0.564338686440451,0.0669412846743572,0.679110390301699,0.0571251655170045,0.748198078451106,0.0620463794268531,0.654885212305042,0.0686307700183589,0.72352786157998,0.0936349135195099
1.08122811908077,0.0713900507038062,0.958867600456762,0.052402570805521,1.00528644266633,0.124628909191956,0.0743774560481793,0.0386575162301199,0.273442220908772,0.0755049560587172,0.888473338715051,0.0209464108691646,1,0.999999999801234,0.153671607833612,0.193576343325914,0.66284194527066,0.0639131093108009,0.755302737507656,0.0581466999695003,0.72347414569858,0.0572049781531822,0.647271839409399,0.0696319097140149,0.714538380048896,0.0873332808581714
1.01464222935571,0.0702730307819471,0.936026814290144,0.0521667266114451,0.90551850868305,0.11892204483862,0.0339911189903113,0.0275865573613051,0.17544112219942,0.0747562917444292,0.894907834583754,0.0197978556612732,1,0.999999999707876,0.173220799722759,0.193250702036635,0.654489148797166,0.0611792436699443,0.670018885304905,0.0607991158068411,0.733182270488229,0.065247295008796,0.701791239743672,0.0692314961429438,0.489560450963701,0.0909939345183683
0.956096026171497,0.0656274532114397,0.981158691214042,0.0539937768738873,0.921764744942763,0.117017746477691,0.0185490583400405,0.0179659129290175,0.130758816202594,0.0647820867704507,0.869039124690844,0.0232988672471529,1,0.999999999560412,-0.115312167932685,0.178213945111679,0.649738346862792,0.0605713374780391,0.711411361275396,0.0530958501498014,0.590464820867666,0.0643932333978526,0.545637651456773,0.0799369608636223,0.601149894855871,0.0857511846195331
1.12885124411484,0.0695475246570209,1.11837853435923,0.0561317903016172,0.790364355913406,0.112289247296379,0.0152640349740036,0.0174219423061778,0.109836920773779,0.0642917848672375,0.921596441245434,0.0139929453914584,1,0.999999999759505,0.292179621527387,0.214273045250265,0.629134585600558,0.0649021197588358,0.811750485929504,0.0576777053734573,0.690203450453454,0.0650415034022592,0.723022372286464,0.071509309003689,0.705576748647095,0.0791021698104874
0.96596088402836,0.0743482523719854,1.06719073754183,0.0587841132325119,1.13723585951532,0.144540346180223,0.0395580207765348,0.0315569938058628,0.212100918802079,0.0888075480243371,0.894155935597476,0.0216364787930106,1,0.999999999979536,-0.207627435371082,0.210818049371667,0.666310995908477,0.0659635188420495,0.738952405866109,0.0566390221435003,0.632951803731864,0.0655622740712623,0.616235966523829,0.0790897596685669,0.758354705093266,0.0804723540985359
1.07070364201405,0.0720076310554414,1.01729802484954,0.0545619785773799,1.11886794067562,0.136527550168147,0.0249848186599518,0.0230122839222001,0.167196628557382,0.078604275001198,0.870551165769093,0.0265656888032168,1,0.999999999977485,0.179326155434374,0.186511701196387,0.714195071689425,0.0620370572509547,0.598592614713933,0.0568366559938601,0.713328644434127,0.0579225896267047,0.704349937816509,0.0777386787578179,0.886767108314878,0.0809203208744935
1.01172155039281,0.0755300334743578,0.99640007887622,0.0610202975054051,1.23745798759225,0.148030939337677,0.0985704574572739,0.0491269793421217,0.34925177145151,0.0943713882675014,0.880447056187388,0.0204172760143262,1,0.999999999757709,-0.151268508846509,0.194745883130999,0.776210641725344,0.0643247046694544,0.681029760917048,0.0637181138872401,0.649665111939846,0.0642261965940894,0.775265083381989,0.0654678232146777,0.772872617200258,0.0955079156412731
1.17131414094315,0.0722112775544649,0.980153014072986,0.0534958017729985,0.980966131055115,0.125608326017297,0.04167319152845,0.0464136815122477,0.13629527438081,0.0663546375500472,0.874203194658442,0.0257385377344017,1,0.674101681847739,0.3746120057609,0.18796298101653,0.661196789876042,0.0612798961152639,0.738509503394771,0.0566655358868647,0.659622115316466,0.0622538395322577,0.783098186736429,0.071093485369648,0.692686540705799,0.0840147334933856
1.12622199254404,0.0746315093374719,1.0675460170397,0.0598484332298815,1.06151887370357,0.130011831012389,0.149058588601732,0.0659547831154246,0.335372307422388,0.0812716999583346,0.864113386906833,0.0280055440785123,1,0.843111157011301,0.147998268261635,0.183652509242901,0.620654809868218,0.0641996495575002,0.779315020637761,0.0571688932879819,0.664566518327784,0.0699296711084831,0.656734800907932,0.0722258926713555,0.748896996040438,0.0758417465281785
1.19864325662564,0.0749251258375153,1.10838783344359,0.054871084746711,1.23477341254147,0.147857627495043,0.104823284548951,0.0565139391282578,0.359767888764603,0.0846680446728262,0.862594392355322,0.0309408594576834,1,0.999999725764758,0.109346188312081,0.1961831595664,0.710161941452396,0.0616343178963231,0.67218013075551,0.0556150615481708,0.827436745103516,0.0582599561364206,0.707835667641913,0.0650111199267165,0.736487208185464,0.0821218777211827
0.980154955359996,0.0695281633163752,1.02723839155587,0.0569346001157777,0.913352594007563,0.114718869869921,0.0705683918974509,0.040935562200874,0.253877576374091,0.0780839182967549,0.891587416379009,0.0195642543130748,1,0.999999999930983,-0.493400395563946,0.20577890177968,0.788125952334813,0.0604019433889111,0.673574729246534,0.0572356709021145,0.653066499317828,0.0611012586721247,0.842628682548447,0.0646568488512014,0.583401048355503,0.0937525844238025
0.97698310319355,0.0754297341707714,1.00958083395875,0.0584368770290534,1.04103122734297,0.137877800392876,0.0792924077955117,0.0547130106937159,0.232424142679826,0.081914885917784,0.908506225839195,0.0170288807339085,1,0.808972123130743,0.232941516597788,0.226191460142472,0.674916994683717,0.0707139715109454,0.782582709923169,0.0602930587591484,0.704475412485991,0.0664860034054528,0.796029931033403,0.0727515026259742,0.718324670593516,0.0902152712389747
0.894855706243917,0.0676779477021146,0.958227737818053,0.054810575492373,1.01465972273097,0.129516089928979,0.089343500254057,0.0424434537961925,0.301086783495053,0.0770229553973529,0.908674564205342,0.0132225429844459,1,0.999999999998904,-0.152232342720347,0.203223098253486,0.713202691154202,0.0632315553251223,0.687658989023021,0.0606184303278769,0.629872312804257,0.0657253023531785,0.606177598609361,0.0770016613214111,0.756282729679767,0.0802695267133497
1.00037853139691,0.0687197850122621,1.02055523753232,0.0541115187422896,0.941567108388075,0.112731848844766,0.0371802908082914,0.028499534788297,0.187103551279705,0.0751734653460877,0.915413081791568,0.0121327483870523,1,0.999999999944103,0.312240379935904,0.211043792084507,0.636429764784395,0.0610523125413814,0.621132926237176,0.0592927974171009,0.683674570136644,0.0665396978854533,0.647943594588916,0.0704725850777644,0.60925941042615,0.0829174568140371
0.926749955785133,0.0707176883887168,1.03496867325506,0.0562516819143398,0.995122039946807,0.130843162578622,0.0293538232460085,0.0228085086565792,0.170911194683596,0.0687109974819999,0.90560710490321,0.0165352391781647,1,0.999999999989183,-0.326838786164544,0.197777353225323,0.773739522459861,0.0582595753942909,0.693966412694363,0.0614731567825898,0.762179486897574,0.0651910808778967,0.589705386215465,0.0763723683299742,0.771311672039587,0.0928285488125624
0.938815614266044,0.0749858053494502,1.03129578228537,0.060976385755378,1.05661546084841,0.13831850668064,0.150240105325646,0.0744159064625715,0.373539767027276,0.0884619376210128,0.903541117793517,0.01739445787982,1,0.937530539041889,-0.354873512163815,0.200153980212627,0.773751302767563,0.0645198758761603,0.671721790482663,0.0677951623341408,0.702423063572412,0.0670176645137085,0.649922453661623,0.0709278959512737,0.780460918605806,0.0838095296556541
1.02465131934553,0.0759113958775422,1.01487769245429,0.057876432362718,1.14581817959517,0.141869989055473,0.0807227696648899,0.0536997676814604,0.238900727535665,0.0838062195673049,0.863137398186557,0.0324368817166252,1,0.78552785681463,0.337338144246703,0.183594196875028,0.647138445038431,0.0598972047153901,0.648724080067294,0.0620892464067656,0.641815026856989,0.0693218889543298,0.596759804758236,0.0799266279918709,0.681870649277883,0.0909846294876731
1.05913186035388,0.0748049728454192,1.11747910886799,0.0604600587507531,1.06066614098833,0.134599107313706,0.108846331142427,0.0619512644871671,0.278871114165946,0.0842898829173316,0.906074684787716,0.0180283960293293,1,0.820743178152212,-0.0143654406569264,0.212777373355109,0.757581315968133,0.0595747949966226,0.698475545830088,0.0601269652888992,0.675140083399543,0.0664344087514405,0.756959091363019,0.0721595167978943,0.585464745481443,0.0850096408705244
0.981348811144446,0.0647570101570034,0.925892770836419,0.0520533186916368,0.813956023876436,0.106052917264081,0.104978595427552,0.0555364890460004,0.266442465331821,0.0680282579386484,0.894870825268942,0.0171011140602242,1,0.91149143846775,-0.0757035640155716,0.183272418302793,0.63761607160699,0.0659279106142315,0.70198559206628,0.0586361367193739,0.551760542713717,0.0659181425060803,0.700961791573703,0.0658858358737315,0.617076346731549,0.0848986160637946
1.02084829806702,0.0733482046138989,1.01230395920229,0.0577775898207831,0.985814754648628,0.13170268788316,0.0186146734129968,0.038170073058824,0.135464413869537,0.07812683320936,0.900935513187456,0.0163768162252978,1,0.99999966544774,-0.0718556959341313,0.203731428064636,0.757237711404951,0.0604740717788509,0.665962260698553,0.062494216533775,0.743631804128176,0.0608372416411229,0.710713127282762,0.0768480911557134,0.715362567638693,0.0930152781916416
1.01392565380739,0.0686108659410048,0.986326949160539,0.0534160513623518,1.02065870700074,0.124138472748603,0.0527377105043757,0.0449799654829116,0.23044896716605,0.074521074107986,0.886191608399713,0.0214956540669088,1,0.993284955687783,-0.13435772607534,0.190736571156664,0.684372108263456,0.0604770494207153,0.70851118092432,0.0611138506616296,0.60688007001004,0.0668683892726018,0.725028242441623,0.0627144257617308,0.686948648172425,0.0885636463720853
1.00069509383613,0.07140345630588,1.01496254699628,0.0537955015750772,0.936477182728226,0.121096377563385,0.0569355005209777,0.0403994732235882,0.162723037165732,0.0758194260353051,0.891361108561808,0.0205845335213336,1,0.704707461762043,0.0136748669378084,0.203436004361823,0.756635573686959,0.0608340173680342,0.561189302237261,0.0658158295555,0.759152657203347,0.0635915044650248,0.587710769099167,0.073822908836969,0.865448745083152,0.0744979783347419
1.02987129337038,0.0755952162729884,1.10347230011882,0.059180865956789,1.11401645327952,0.13388564325261,0.0691556105998253,0.0415462787061257,0.277561683308397,0.0881510543213563,0.897470184276259,0.0192647512686633,1,0.999999999975298,0.0250119708491123,0.201559239409357,0.716509428930038,0.0677631949600697,0.707470899434779,0.0590846266443518,0.800029235365854,0.058373840551444,0.624802724507796,0.0702221441466579,0.784766858882508,0.0820080570518029
0.895361751872167,0.0694301147405356,0.99979130230555,0.058278207180562,0.97339665237532,0.122609810224529,0.0746673963281576,0.0602177495252282,0.229468621425736,0.0713864196133709,0.866092822067856,0.029361502967837,1,0.851163278231346,-0.113794400345411,0.190270691566979,0.559120618121955,0.0661052549322839,0.645806381703648,0.0610705785740621,0.654351931707233,0.0665858634639462,0.749143095679128,0.0693819318087067,0.818328181511916,0.0820199040028924
1.11662946712997,0.073080752582197,1.00796586685225,0.0561929465041161,1.02101365585383,0.132491078459498,0.0838120008689434,0.0375387580829924,0.292528968369145,0.0712770118395084,0.884345232533703,0.0209937357354127,1,0.999999999552969,-0.113501808903199,0.18563680048117,0.707524388075168,0.066225372144895,0.748741613856977,0.056841124232518,0.704199382625448,0.0619231316003225,0.785128056191575,0.0682144969907815,0.809822098673029,0.0768322054850967
0.943949393065737,0.0681023755954304,1.02747134640096,0.0529488807042167,0.954082030604066,0.133155964284592,0.0187926682288763,0.0212347530368765,0.133902005435781,0.0779290150923097,0.919746895838353,0.0134610232254495,1,0.999999999873093,-0.0166884865451628,0.205116497996678,0.800764248857415,0.061225594937412,0.649996833092361,0.0593727076167065,0.670875675127991,0.0661399969871066,0.674345211845019,0.0697961274942357,0.700182044160393,0.089823002093532
1.06340940650236,0.0696228483244837,0.9814551796189,0.0545871601471236,0.90992809161163,0.10944223163471,0.0941522865041911,0.0418905246743665,0.292697472443045,0.0711906038389352,0.868185261150754,0.0283737848130708,1,0.999999999970336,0.0634691023333709,0.202420777247578,0.63953170618921,0.0632984383350555,0.674678835154098,0.0571651502552124,0.650888887414366,0.0644483113051444,0.757462445980635,0.0618378194207681,0.79542955476422,0.0725495698733595
0.990850707549515,0.0665543266835408,0.924116421026158,0.052788264397199,0.839509869456556,0.107715434316304,0.0923871901553413,0.0502167962155329,0.199187274750483,0.0646983773639015,0.885628237563487,0.0233837324233986,1,0.715225199000537,0.304567690815695,0.188286159811343,0.684728766646228,0.0621521508630856,0.629760436314895,0.065049671290675,0.702350389127555,0.0617224201176139,0.671234782317642,0.0725240951911312,0.736466568739077,0.0793572726460181
0.840416504080071,0.0645065532815754,0.976942637842813,0.0512009707605038,0.865495255760766,0.117715938494172,0.0382023329881575,0.0255074214516576,0.181834919030907,0.0622848391916466,0.917146397572059,0.0144859850618084,1,0.999999997258842,-0.517197338557423,0.20901588561078,0.716206706746765,0.0619789607028055,0.639080924204245,0.0591665090514102,0.692640223785816,0.0607219831961552,0.798429235926243,0.0673163475145307,0.474361996872422,0.0978379363339131
1.00807357307247,0.066683261667599,0.833724386155721,0.0543905659998314,0.867708040216524,0.119873531818823,0.117563798555477,0.0636328684589758,0.30138673307619,0.0698767506411239,0.883706583198231,0.0222626710410451,1,0.943627339542954,0.274497345440457,0.195315548259153,0.618147144640272,0.0601984567393924,0.637566081486045,0.0606431913624845,0.587985225366439,0.0657009356492936,0.634491330545684,0.0820306167774214,0.531000530319779,0.0905364266307197
1.0057991076492,0.0643600747890101,0.942137867343464,0.049001255135706,0.737764188936567,0.101028958624844,0.0130589339915831,0.0178977512528779,0.0981550476042076,0.0635948515172821,0.914429532901627,0.014895483723346,1,0.999999975375137,-0.0268641161364773,0.218755675298458,0.714836482439291,0.0667619294690911,0.71554070393732,0.057243438850394,0.661018331570045,0.0580317711974983,0.592404966480119,0.0768467418903844,0.621778233881211,0.0867025510857811
1.11004502283966,0.0755592229565139,1.0909321761242,0.0536869036510494,1.15465737057512,0.144141248453545,0.0402027019204557,0.0312107332725324,0.215453814283027,0.0868518320095367,0.900977444896262,0.0181013738909959,1,0.999999999995868,0.0609341276861242,0.201489458231991,0.67454791611451,0.0612947734511195,0.735738579053173,0.0575917182953672,0.773296896946602,0.0607410752031995,0.657192177342543,0.0695726030642043,0.88515557889526,0.0798923235609352
0.87120106022603,0.0669286871425988,1.0018438576767,0.055963526440277,0.897890612569506,0.116082905272845,0.0720241712761362,0.0578232166622275,0.180061642984911,0.0708937652204804,0.902362061481669,0.0179228767632968,1,0.708060484798257,-0.463431205727322,0.201388832581526,0.72010194018105,0.0621041152376236,0.700671899181387,0.0588175672389967,0.677737894861422,0.0676601363232053,0.67651588724211,0.0721342204534982,0.722596449645939,0.0863070873008337
0.917490138774986,0.0732971735255415,0.956074437525351,0.0521046825967111,1.0583047875346,0.138158933764135,0.0732252720546323,0.0386723486536205,0.278378619825027,0.0793109133098363,0.885447314403962,0.0231884137134889,1,0.999999999946741,0.00377640731040053,0.203247664920185,0.674716980652129,0.0660150377633636,0.661838429452503,0.0656067570537121,0.721649487937606,0.0629659380972857,0.668693532678031,0.0777391572615515,0.628674575867365,0.0913126683298466
0.988385932665532,0.0703026910991017,0.921620150928914,0.0556599147616454,1.02154041540057,0.131277906387548,0.10859138327382,0.0617825058565698,0.333062171030791,0.0807585848428376,0.891079737128932,0.0214067964234861,1,0.999999652905467,0.0301125276711966,0.192531847339641,0.587218662340999,0.0668254554158464,0.610904388138037,0.0647231181061226,0.690400046312116,0.0668747299608509,0.636026116271603,0.0664364053327632,0.65680738725563,0.0821111783813512
1.09784848608612,0.0775561768097382,1.05692647996473,0.0611721315975585,1.06596815804766,0.14937897147399,0.136919310074497,0.068612170135907,0.274210967703196,0.078974932459047,0.930245065361576,0.0116655647403071,1,0.717761822128555,-0.0915205336470896,0.224804904375843,0.79855857741819,0.0663108379879567,0.731798642988646,0.0671612645361992,0.778846504586974,0.0626098695940954,0.735316468542837,0.0727743675572299,0.811697883819434,0.0768430274633969
1.03340839323094,0.0745093863814411,1.08168689606812,0.0575677532916397,1.04741780853432,0.135893971099789,0.154168218134245,0.067666690266706,0.305076124405141,0.0818489383538657,0.921806241555701,0.013565931576429,1,0.759190591525113,0.00826655072940594,0.219471307014089,0.682715980617641,0.0619518727741806,0.814053953599094,0.0562851295330688,0.679417838014998,0.0667470281374094,0.843869727431543,0.0626547782684468,0.694872590896832,0.0872028922761183
1.04519830050844,0.0695693993580816,1.00770398641963,0.0500588869475162,0.950107276896269,0.123730457553326,0.0253012938104212,0.0210318761609212,0.155044971180304,0.0655479887184685,0.904385678570743,0.0153477925582131,1,0.999999994262009,-0.0621764026904293,0.209235462499257,0.683722838841919,0.0597719095796491,0.704636966385974,0.0567591727458649,0.658087211401921,0.0620425020392893,0.676415266693728,0.0713756884664395,0.641605919311744,0.0900123432525548
1.0177247224071,0.073133521040177,1.06766135212135,0.056790502263914,1.00589543147177,0.141391238373027,0.0856415316418964,0.0587667295753979,0.150760468974088,0.074713365619493,0.90302527909607,0.0191840344600395,1,0.513651840996464,0.297438755711517,0.207079044195467,0.654012720658259,0.0626701784838173,0.687338407154945,0.0621518471612253,0.608224296168303,0.0719375049113352,0.704800582200734,0.0768753978503732,0.688495105223488,0.0858814531145268
0.955729559126928,0.0715750657233922,0.985798077166968,0.0520128552544034,0.984292609984441,0.120026691999761,0.0699291855937875,0.0409301075425814,0.262356208133928,0.0775915947735245,0.909986013191136,0.0153378998304591,1,0.99999999523627,0.197772005119241,0.205986879791922,0.670659335635453,0.0621022166323675,0.733409521663859,0.0596173969773798,0.635330652974112,0.0639866629911337,0.705150988747137,0.0653945087719557,0.679458463744774,0.0806026621092256
1.03249846258999,0.0740104737974679,0.886863743808887,0.0590559168583938,1.02839982456762,0.132842153435616,0.146278287210373,0.0734908015416237,0.333421326999582,0.0881748674478055,0.883943750594316,0.0210922943402122,1,0.85965153987006,-0.00559796808293447,0.196237786105106,0.728017501581528,0.0598704096060863,0.695157549862284,0.0586579085880778,0.707071081391393,0.0685623726907977,0.659994940977628,0.0786677879102039,0.873390383189032,0.0874526165558374
0.97712221806087,0.0680435763917987,0.974806118914409,0.0513126759933552,0.898125962243694,0.119426205438834,0.0527111786120386,0.0531732826687634,0.174094089529891,0.0745100960200152,0.904572133076832,0.0158735947386894,1,0.800136419011697,0.0544217813461453,0.19632152782008,0.771666724168176,0.0589728918664932,0.598888100506884,0.0619974396369514,0.719835154395783,0.061275037880467,0.660145967080885,0.0700521375154509,0.607338457153663,0.0946299756240686
0.974836483059119,0.0731018364683702,1.05732235029012,0.0611473255124617,1.12375388124966,0.138883546037595,0.0517074942548053,0.0558954783396426,0.166543144237609,0.0813773081809179,0.850591009817411,0.034833373919816,1,0.690898756582602,-0.131294457935921,0.188170070998293,0.669989277473781,0.064560052077003,0.694008547802938,0.0642989911767011,0.579200667674986,0.0687054656507447,0.841278626864573,0.0772764360717813,0.775865739836231,0.0849163391021215
0.968789341234154,0.0718352446355639,1.0665999256133,0.0610548561352802,1.10144493556445,0.141271410636901,0.121506792088728,0.0710349514504922,0.334412670458494,0.0987459252413859,0.904885736426157,0.0179926839336056,1,0.914115453958962,-0.0677008102101198,0.20222142839431,0.582977945898829,0.0638232303112172,0.758019138333208,0.05678209894939,0.712827125726535,0.0676386482530985,0.623405819058797,0.0783245632593724,0.907624990610322,0.0829516799810474
1.03604722757685,0.0739800948119948,0.987815727952539,0.0569769246829713,0.934903938416121,0.121490844195341,0.112752987987701,0.0569755977761346,0.251842742896404,0.0867810808887799,0.906138792956377,0.0182372260319817,1,0.775678789851561,0.142870715980489,0.21033506047146,0.707297153029502,0.0624151032002259,0.688185682845977,0.0637956878406229,0.706676453808301,0.0626209801675128,0.690763461765355,0.0697936645448021,0.671394442347222,0.0912045360775227
0.959997836753786,0.0684679256258999,0.952029597228627,0.0542407619529996,0.907532428243942,0.120855882452614,0.0271699533477249,0.0544848103540965,0.149567039934342,0.0701130723138604,0.892820749605298,0.0187406439047898,1,0.952489893274801,0.0308397105373898,0.200980457035179,0.655843594558156,0.0625110339164373,0.698885181244051,0.0580467113144054,0.632536542274672,0.0662811531943886,0.729764460738135,0.06776725066243,0.639999715295746,0.0954256373281352
0.798351735495222,0.0689928145094889,0.932712825707986,0.052166033763769,1.04202616946823,0.136472478784153,0.0635607885961539,0.0407719645996021,0.25735579470466,0.0866523058048889,0.911645979138123,0.0156628876118823,1,0.99999999999122,-0.237762871346218,0.207675823912731,0.571891431350705,0.0662327064522171,0.730610175274707,0.0558647239461873,0.675686399121305,0.0618091962069263,0.781372984874724,0.068954314727051,0.577732484348367,0.0958415462768011
1.0939711595764,0.0711779901503518,0.959713711957174,0.0546393597520103,0.947333952264685,0.12290701628407,0.103646043909739,0.0591780485217263,0.255226663868966,0.0718136162657873,0.87059611964153,0.021369507373254,1,0.814513200990232,0.246435984517448,0.188207777531747,0.657548501880665,0.0593532918863019,0.74934812147643,0.0545825866211956,0.596773973108324,0.064713171418377,0.693162433483356,0.0722515365189564,0.678157397214445,0.0940535253474506
1.08675771075787,0.071033990308321,1.05493935777636,0.0554286464967167,1.01296953489786,0.118417980051241,0.0464301624504654,0.0466350442172345,0.119821574535891,0.0700337536089975,0.81455737955085,0.0413996337399894,1,0.552505656385126,0.194547711945277,0.178453092829063,0.640577192178653,0.063800341364474,0.725282839859921,0.0591847183583642,0.705074058770889,0.0660409920821218,0.590385050775785,0.073668560948925,0.669980228947534,0.0878496454799496
1.14039177382855,0.0762267003473188,0.991377788091297,0.0597830471813536,1.09778699180491,0.136674191216478,0.125857677098437,0.057160695670732,0.292882135798317,0.0879291085385254,0.884767167275938,0.0229130214481023,1,0.787941521621044,-0.00352851396892874,0.200428923219705,0.731845659346026,0.0640289258364269,0.702278480112744,0.0594489138565417,0.758169038807582,0.0707043387695962,0.705975670979644,0.0687848778374167,0.82388664426985,0.0769114766309971
1.08013200052718,0.0737461534951217,0.953486809579135,0.0557334712439977,0.931002303930423,0.13550028539604,0.072880594157483,0.0404061453785552,0.260484166642566,0.079909368217662,0.923873060685973,0.0131847143764697,1,0.999999999992908,0.182647242395524,0.222335276922113,0.794605184243758,0.0600696451849931,0.619596659633466,0.0615581202202236,0.684229146150058,0.0702679669908704,0.753157591333616,0.0703714396590195,0.717225207456608,0.0936080432112742
1.01531359340859,0.0734256542588028,1.0165644549225,0.0569576225564348,1.05226864035533,0.139064069449047,0.0646952504105637,0.0553550908225285,0.225734799443297,0.0823941017745071,0.910356573266669,0.0180383137895966,1,0.865165120620106,0.207201687849952,0.202739530304288,0.699684952446143,0.0627727100857984,0.717362166791587,0.0600171620113041,0.771830118961472,0.0576191501267339,0.677686934614908,0.0783896457778844,0.665238388467583,0.0919186771397126
1.11172526325722,0.0746943899879177,1.0298218032999,0.0552697313719961,1.0973346728896,0.140318476884095,0.0762026148397725,0.0528556000389743,0.234429463335763,0.0808336334868185,0.900116375897679,0.0208183420387255,1,0.810695393527256,-0.313535381220709,0.210234341260032,0.699242573740272,0.06448685157734,0.760459436113237,0.0598375791852746,0.78058818989329,0.0605939428327536,0.811710311820723,0.069437330885467,0.625437176029028,0.0888134140613172
0.98677606205013,0.0611562257602487,0.945300981047768,0.0501898054356123,0.793494297853154,0.0991490326683913,0.017360035515388,0.0173902374898086,0.117367325904017,0.0604161990132718,0.874715517464379,0.0229222335856804,1,0.99999999992273,-0.100665108302306,0.180786183342278,0.605140265864813,0.0648052711768294,0.61396636456099,0.0624323936863738,0.643153010800608,0.0609966910668777,0.661284670323592,0.0622159758358423,0.520251540853871,0.0832711194718192
1.02487940450875,0.0821162240738811,1.02848951063859,0.0660408494332401,1.23654781247781,0.183218172060283,0.147276210108992,0.076871277404492,0.337345968882969,0.103937965547576,0.937548767504535,0.0112497244774092,1,0.790503447419096,0.134737542196718,0.232206436957576,0.801219151210617,0.0654732136594506,0.714823512287736,0.071368783162559,0.746886387302412,0.0745454040919616,0.768916910888602,0.0646404701996564,0.808383651676458,0.0868183756725139
1.05622567256434,0.0729703408507295,0.971572792526874,0.0562626290047972,0.996473441454023,0.131318785093309,0.041245926520993,0.0409318645306928,0.1313337400169,0.0709717759153314,0.89173569773608,0.0209252453376428,1,0.647817858317851,-0.000282418544000261,0.195625807059302,0.677325194377672,0.0652333126420555,0.747005248564491,0.0617053784872319,0.684156541767831,0.0636005579451828,0.655245529972896,0.0799640931155286,0.589351866375892,0.083979047975723
1.04928388982856,0.0733240303325851,1.06256989439055,0.060191627951936,0.956080505932714,0.12802643274821,0.08449096187151,0.057747313064823,0.139602212357499,0.0718325393637419,0.874994030529904,0.0246106109378769,1,0.491179171374657,0.018075489523294,0.188765913311461,0.700635713668857,0.0656449576344909,0.678200707087896,0.0596044078812473,0.676891922740858,0.0662970018084157,0.744709101024453,0.0770820208399493,0.794315057625654,0.0793819006744909
0.968580647461631,0.0715117850033518,1.00357635929081,0.0558935863869247,0.948909893424598,0.122855217741589,0.0632493040488682,0.0492074396495551,0.244985464528311,0.0682655971011727,0.896995755111581,0.0195604450645033,1,0.999999895580802,-0.0978173864053161,0.199979825715535,0.736589034184482,0.0614096526878562,0.682791493302387,0.0553107721274599,0.614715847845076,0.0672494093469797,0.758072869788586,0.0739245801393503,0.52934065384004,0.0942501553744862
0.955609178279053,0.0679312046790821,0.983503259451483,0.0499545594317404,0.903810554116108,0.117830824456765,0.0284529685593245,0.0242922937420867,0.160362381094974,0.0706904936807014,0.886868034145387,0.0220408401110769,1,0.999999999817206,-0.0511696735838921,0.189230879148372,0.733701194209841,0.0586686268991625,0.624401617459549,0.0587354647297155,0.765347615765907,0.0585754828713459,0.694504530258405,0.0817719000037245,0.530624878696254,0.0908725451779146
1.04582563073813,0.0741277958230101,0.996367130789278,0.055521059316306,1.18340586005741,0.138304744634349,0.0795683695931511,0.0517119556997947,0.261080778366226,0.0781204015041843,0.828005249934488,0.0327612653635648,1,0.85082023755252,-0.0612005561658264,0.179546155703098,0.623326989365395,0.0670039482181722,0.688048537271839,0.061174527465827,0.663561710391114,0.0597918447464993,0.722499043918105,0.0732233412706839,0.544432152272144,0.0972968037097854
1.025977024134,0.0766337215936789,0.964496234211845,0.0553900547166649,1.1273011158763,0.146630362023748,0.116100690085188,0.0636422741155432,0.285397889000552,0.0904585599951543,0.88026085612374,0.0244381534070148,1,0.788884435170556,0.428240953801889,0.207327736686217,0.540759693475962,0.0725981159833705,0.69422427564744,0.0598971873011733,0.663707205756609,0.064549469841153,0.721773941750652,0.0753659122683804,0.721974118541274,0.083255019207551
1.02768065787462,0.0738789648506918,1.00807485845522,0.0562943790102082,1.04717623224745,0.142121600569166,0.0880705275746974,0.0573625227269985,0.281928114475157,0.0844278953320825,0.914575224771893,0.0162415592666943,1,0.928353116320083,-0.19238364245186,0.210210985851719,0.673509471659358,0.0675440887035843,0.663010293975283,0.0620357882753757,0.783290697009125,0.0557158940834503,0.62598267645084,0.0811664973167809,0.5979775517674,0.0908867789407835
1.00765676816465,0.0725506442165801,1.06688840185982,0.0599478023303406,1.05078961038226,0.137272275414044,0.160548458137723,0.0701675093981433,0.328809068331035,0.0833421896007175,0.880724784754855,0.0251870773958769,1,0.800539622358159,0.166994845088982,0.189755788093943,0.629936194876918,0.0675598551191273,0.689295325299429,0.060810513959712,0.687255305491301,0.0665424694936754,0.881060736326881,0.0703514986729937,0.775728626757645,0.081668380140959
0.839895995371063,0.0645230888667852,0.935459197349235,0.0546469451121136,0.797193338476545,0.0994834862182537,0.053704094439852,0.0303749941174161,0.206911928935074,0.0615818576885465,0.896082371994488,0.018358796316952,1,0.999999999991449,-0.274852038971323,0.204151011896259,0.664662882577443,0.0604291082259253,0.662392939389259,0.0588659243097888,0.546596783969468,0.0644132409403896,0.673114623678771,0.0709534471220274,0.52665912381851,0.0914357426478268
1.00747836377194,0.0719818223464184,0.928637485758972,0.0582379578909141,0.993723652677385,0.127661595234465,0.125216269794902,0.0603085022993523,0.245669340328808,0.0842935950217728,0.878474376438671,0.0244917977188497,1,0.696446507992818,0.250259056936161,0.200357525469101,0.702648525644862,0.0622520500428868,0.512754268584338,0.0655656219080971,0.621948470805438,0.0689076377394061,0.795680721390526,0.0673420010500413,0.502744395174174,0.0889652476818673
1.07201653136429,0.0735012262045965,1.02199769854091,0.0565192868112984,1.04015078716424,0.139942507540669,0.0699668901631707,0.0362945609311047,0.269770487311331,0.0739948790221342,0.907907205333459,0.0159192900190935,1,0.999999999625817,0.0618971706614473,0.194551159815501,0.662853551295892,0.0649623699592211,0.736762254329712,0.0660862546982841,0.709906323074365,0.0644410910617185,0.770566516915589,0.0646066208144442,0.779159367235044,0.0804031126789904
1.15396329499426,0.0807542884882854,1.10055474123973,0.060102396042887,1.12681847014687,0.156066857887572,0.0558120671843391,0.0389767075876719,0.250778922562651,0.0929498660409545,0.919918971176435,0.0159310179855956,1,0.999999998738217,0.122370523688261,0.222344106607878,0.723523966644626,0.0626082198131118,0.714514325242625,0.0652090794763415,0.794974833862102,0.064910664812492,0.689869758737407,0.0819281688111929,0.641122358880965,0.0902445034731779
1.07874202660925,0.0719404439872137,1.02917281137028,0.0584760776202476,1.02514925985899,0.129595930433692,0.12146180924048,0.0649467205954031,0.287874366958118,0.0785885584826576,0.924227554972057,0.0121326145805943,1,0.815811028044628,0.105509979921726,0.21039099837941,0.705285128221929,0.063545022128247,0.676167207982897,0.0638408635243249,0.771881491352643,0.0656797160810445,0.771544289116693,0.0684470258896273,0.725371802164396,0.0800556835133891
1.09542220326674,0.0754243351609154,1.0173041007908,0.0571333707317677,1.15759066971549,0.141420964261714,0.119171729764017,0.0611136128256797,0.278094604789763,0.0909035775042687,0.885185080783872,0.0205810097196029,1,0.748735513830369,0.145373358286177,0.202909210702015,0.678450189701413,0.0640652408422399,0.793205419863018,0.0627934178385175,0.732983078530857,0.0596938611211595,0.669565612880814,0.0700562391752954,0.780302540830945,0.0950082040644403
0.98534386023579,0.0687588874363415,0.945350820626101,0.0549812540795958,0.808138395805963,0.114006308864354,0.0955867230223509,0.0623693758186665,0.230782341535039,0.067031898743768,0.916025344500844,0.0149632511507492,1,0.830349480516692,0.110194696639577,0.212791144347089,0.683093711393267,0.0666246952970096,0.626520882163454,0.0652538741604817,0.749777908362616,0.0629829930462224,0.679185025703937,0.0715904703495167,0.60590545091888,0.0789528583120377
0.910620504531147,0.0665848159772453,0.942420032431533,0.0530480660033584,0.793649275662137,0.110746069155602,0.051006735078246,0.0337192204082369,0.201200045598036,0.0713462672855604,0.916991978024432,0.0141725815368178,1,0.999999999998906,-0.0420804367720681,0.208534030904587,0.574764733452729,0.0658695271260782,0.715443857811699,0.0644437154943974,0.661133866989551,0.0638938868836973,0.654855358167543,0.0736651755399965,0.56142402782061,0.0845807337155548
0.899709182305195,0.0691993731271455,0.955775140530443,0.0526586434338617,0.889889360544669,0.113393865368002,0.0734428525801112,0.0566388034063124,0.235483684102128,0.0726214504588032,0.87077603126493,0.0267029053263982,1,0.921123889644679,-0.540335977500487,0.193536946767904,0.705157365567446,0.0645209033003398,0.630490693902326,0.0580896484170362,0.54941234724095,0.0642302657912874,0.69305918789784,0.06593945013622,0.625205624817386,0.0889710306630652
0.994395473062997,0.070221279426205,1.02387536059427,0.0570423358296608,0.905984258625001,0.121862764239272,0.0528132949320655,0.0496214307057936,0.213569191440489,0.0782060880624684,0.926238827578993,0.0127187598335451,1,0.976352507280341,0.466719640085135,0.221357971116467,0.643608867305953,0.0624294006380257,0.647423214168496,0.0628079459620919,0.65666547380524,0.0664174297461695,0.653073224517654,0.0680239396795938,0.765891380616755,0.078982236831044
0.89375911019927,0.0754562926003491,1.04188893864262,0.0619387161264731,1.09561070722678,0.141431224328867,0.0533069105929155,0.0404752287253202,0.241668413356003,0.0946617066589246,0.90076572294329,0.0198917481297538,1,0.999999999993399,-0.0520651229237621,0.21829444105238,0.752425579863751,0.0621285752307368,0.684076278817282,0.0596628035581721,0.667468478759089,0.0654455093233075,0.558146314603986,0.084221683640208,0.761215736567984,0.0914167610422396
0.996481824793393,0.0696147965339379,0.981174273157193,0.0544402976647672,0.983016590110987,0.118202513841324,0.025387440921648,0.0243368781047832,0.157975553774211,0.07777293899378,0.847854602332128,0.0286433662860276,1,0.999999999675953,0.125155928669212,0.170095030540087,0.685693619852905,0.0622581924799929,0.662730244361874,0.0581984471419421,0.559259519700989,0.0724538200899192,0.667317036007608,0.0712170540591363,0.608505419334043,0.0901140926134084
1.06513028574815,0.0774254820057939,1.11481481009176,0.0664796952666141,1.21035813374973,0.16045903465616,0.0476877600927072,0.0356796677861221,0.240248347138435,0.0942849148156463,0.919876032650131,0.0151247158925184,1,0.999999999950066,-0.2670913215886,0.212784821300803,0.748412561012134,0.0644047489803749,0.724031973521073,0.0649587019171893,0.720949145451205,0.070237237846793,0.832181783238899,0.0697986705653266,0.658171626330542,0.0941280635995391
0.942651311735193,0.0762697126744528,0.982240152961046,0.0606840345301224,1.31720578768642,0.162104980585923,0.105592351028865,0.0651431864168527,0.312775585332118,0.0932124589117881,0.901490614822393,0.0196875958800746,1,0.838667474831929,-0.29288933165293,0.209013459116385,0.735137991177544,0.0651949108924755,0.739217701836817,0.0640885965838853,0.699852097956869,0.0641301629886509,0.77429395055439,0.063082996644267,0.741710097960067,0.0854720809157252
1.0692731556575,0.0776574782883694,0.962714306091865,0.0586690421303089,1.22130931609543,0.160098694626736,0.0290938063396762,0.0263618611190771,0.188500760330191,0.0882112670855538,0.911357277865611,0.0181654255696442,1,0.999999998898717,0.456479667159353,0.215769769187519,0.700589324634959,0.0651385556971095,0.710949290289626,0.0633049280576946,0.651137860650297,0.0665536633930131,0.66947255530843,0.0732541260882755,0.755233178742305,0.0881509727416658
1.10875187321803,0.0768903771269673,1.11716675642262,0.0639181893499511,1.30951302809983,0.1609556352766,0.156096290343217,0.0532476995462186,0.266582607057416,0.0939602222139531,0.871454685707382,0.0273712216570853,1,0.589631406566154,-0.0517287572227837,0.193513715416711,0.748160436133657,0.0632838741790155,0.766970407969982,0.058095850322858,0.75061602167347,0.063515166130891,0.844633344035724,0.0715571600575524,0.69833812555672,0.093642748258673
0.970979790473987,0.0683945263913676,0.96798521798184,0.0550482197289053,0.780415795327599,0.111715620007553,0.101167200549036,0.0640833701143661,0.10165320645199,0.0695998616629234,0.914223652187948,0.0149982586767856,1,0.361774698695526,0.0581550426654398,0.210980693654001,0.748284727801711,0.0611799562804745,0.65491629870602,0.0636726144541523,0.69486934049808,0.0632052738736453,0.633521250551339,0.0757416726819305,0.65893798807143,0.0846010924431693
0.910771915157393,0.0661696345064256,0.946107304813182,0.0554276392809315,0.90540755011091,0.115280923610558,0.08420015359932,0.0474924836417604,0.276107686942485,0.0832823223303652,0.878151992015669,0.022002110971606,1,0.999999999996108,-0.193958585771587,0.193978358172735,0.629499495088936,0.0630411733460666,0.717230134497486,0.0557046308775242,0.646052278162719,0.0668517248545848,0.609413384938176,0.0744835651109893,0.692124161392862,0.0865932941072211
1.07421996393058,0.0776642899308198,1.06231688233925,0.0583116925695072,1.11468400219608,0.145365115400683,0.120443675792038,0.0568474226130872,0.344343783157941,0.0792698084620244,0.903529008360545,0.0171723238348936,1,0.939776026064962,-0.140035330560069,0.219256212001119,0.720353445046541,0.0664323272511977,0.732595703147379,0.0610983745026505,0.620138159619287,0.0684725240995577,0.774416588840385,0.0691123198596641,0.752219859579574,0.0787050314058827
1.01997431764758,0.0686026139189197,0.957031019749218,0.0524500794133439,0.8534434261971,0.114293718469059,0.0382323099672404,0.0311575186915906,0.180635305544524,0.0773386677462033,0.909796462528185,0.017417370237732,1,0.999999999989157,0.190013615872952,0.2039021863772,0.605820150859127,0.0663647786598553,0.562826548076399,0.0643379695002599,0.670747706919802,0.0592044762732794,0.680636793190285,0.0646400982504467,0.582946715270665,0.0844376300913461
0.810247293713051,0.0739672458535445,1.00092858851599,0.0576171004417842,1.12362123060967,0.145287519738782,0.0897216906367181,0.0550177047369832,0.271991440365789,0.0819674522226172,0.885291249329981,0.0224151040564821,1,0.856636439488377,-0.101458358740996,0.208152809946681,0.788275248917111,0.0611176443628244,0.631488787254352,0.0665155209651786,0.654355040773739,0.0693466560105987,0.744736881650117,0.0703879173864112,0.720851920956596,0.0946926702831958
1.09225438620735,0.0698128614310934,0.966824914094928,0.0531059221629333,0.980549320608673,0.121684143603431,0.0281642288801756,0.024504367393827,0.166181874745481,0.0740034900647197,0.881532721258518,0.0172249547993429,1,0.99999999999999,0.144701191025074,0.187999853514842,0.657671764606204,0.0624046235249977,0.731243014732975,0.0567658282394154,0.728687881287351,0.0619668412072675,0.692700711528206,0.068603765657785,0.678509952800317,0.0963504913672569
1.017417301125,0.0746030856499225,0.996506523784052,0.0550625469230248,1.02035712621284,0.142240940323537,0.0648854761295357,0.0557823083915878,0.188423990429772,0.0786268467431734,0.921985235406599,0.0158512946594847,1,0.732295470893891,0.0102318892359951,0.222524538088781,0.733692962249495,0.0603560988942659,0.679575762558944,0.0623783904840376,0.716319596095392,0.0717735528817835,0.676006049095655,0.0718538546844034,0.579682578308074,0.0850340023366374
1.03482473131417,0.0701494969524784,0.965032705195751,0.0569447816097559,0.930189776189087,0.125529719735233,0.0961655133762796,0.0640004815001565,0.104773450862127,0.0789000522995738,0.906927597441224,0.0159042906363406,1,0.35031262571767,0.190945135811695,0.203709111176564,0.745863917182661,0.0596515548730291,0.716632321039623,0.059449946567061,0.629689550025667,0.0665043169603728,0.671356553153057,0.0743299341222882,0.687743467207879,0.0993615004833356
1.05983949912929,0.0733806288395186,0.988898844330788,0.0574693442465591,1.06242544524351,0.136426678649314,0.0832121119156172,0.0627830017042052,0.150124770516364,0.0826485697665004,0.899502584263681,0.0183488575731452,1,0.504905210469538,-0.0261667392250617,0.206177365232862,0.689412468167521,0.0643331418156203,0.697177939110433,0.0619982253235379,0.617578010612472,0.0671442693791007,0.742064589820131,0.0718712128802652,0.613228406936284,0.0825144887693969
1.03833282549255,0.0767919595455892,1.01605643479831,0.0583798313646106,1.22953121140929,0.16015158793511,0.0619752844580199,0.0444719146099312,0.276044464854453,0.103897752211148,0.913681576502842,0.016511982318378,1,0.999999999997881,0.296472499906799,0.200052125827314,0.649055247709565,0.0610312905846783,0.729041829578498,0.0661670364067582,0.777638752316663,0.0670642709370746,0.748970162186533,0.0730213886671086,0.77518327663043,0.0879516448043483
1.18687085307433,0.074435340909416,1.01455452647888,0.0550504280140068,0.920312186791854,0.126682914159325,0.0273853785879101,0.0230936654172532,0.158754835052198,0.0702389634156699,0.912417710746048,0.015130726070805,1,0.99999999996207,0.0867813281065994,0.206268974346597,0.673700033898147,0.0653855386356254,0.847340374588925,0.0602844863767262,0.69872371711369,0.0670906312874578,0.715266161734915,0.0735819833790677,0.520804035677859,0.088802294209758
1.05053384839771,0.0672567643032611,0.985122607602601,0.0590532221297433,0.820564663129893,0.105894145989938,0.0159563912642266,0.0171438917804202,0.11442574355707,0.0624991641600645,0.883993605217981,0.0221611289681154,1,0.999999998705033,-0.0229625261562029,0.186865540278729,0.671282820683354,0.0658781862606367,0.679965543730102,0.0607228855774042,0.697333151080986,0.0640235428013351,0.73216045400278,0.0673938330059747,0.664942470716522,0.0816862001104222
0.944903779518451,0.0716786592400716,0.930071354392077,0.0570618492810931,1.14991304380496,0.139010822694818,0.114850453900706,0.0526613584408579,0.363411660554989,0.0907067905596759,0.848462474968866,0.0347555039866451,1,0.999999999999969,-0.0462221491583802,0.184523074893663,0.676077774202843,0.0640628608731361,0.617902930385993,0.0592599867027665,0.682193718715525,0.0631751244129429,0.739531986993021,0.0725488274068219,0.682414983687011,0.0964298437846632
1.14966456669053,0.076046025700181,1.05065855973391,0.0545564610830136,1.12004659264642,0.147711229480686,0.0223261238568874,0.0221745079071405,0.158133800539681,0.0799344301689685,0.901776829821879,0.020135747763022,1,0.9999999984047,0.480307597583445,0.211639965338275,0.603305268112798,0.067652409538742,0.800889115785242,0.0582346941720357,0.709583090212428,0.067464996899339,0.798911389240993,0.0721733463919169,0.687572423700098,0.0818978178332063
1.09929469333884,0.0672554121812191,1.05529193951679,0.0582508154596434,0.759647005046904,0.0947192576614287,0.0797544553155051,0.050211620630726,0.15889115462582,0.0611056704868541,0.888671702876787,0.0203023687977743,1,0.645529850004543,0.370784548232215,0.193892238431338,0.630485121797595,0.0631894014711929,0.622284165058288,0.0628975410478074,0.674342041452677,0.0603207704512609,0.646437720281768,0.0703600451063092,0.675827722237578,0.0854088468596567
1.09924827083233,0.0786347700593806,1.08849918092252,0.0648213457012859,1.01154599083796,0.141939555076541,0.135622417144662,0.0610748319189354,0.184759419316445,0.0833897657585268,0.919555987888092,0.0143786938613581,1,0.498824793994806,-0.0702823317644007,0.231241456191125,0.845905915780298,0.0616879068100821,0.788880944045813,0.0620683746996264,0.736299324204962,0.0701272452940542,0.758593392676032,0.0801014325188214,0.689346536352506,0.0867015398086254
1.14098765447741,0.0786720445203427,1.04301433256647,0.0583609824119546,1.05237264426028,0.143475115478636,0.0867122518070292,0.0597636952367111,0.186206324729467,0.0784239461021441,0.915343692064678,0.017048667284821,1,0.616409638348363,0.137625405343539,0.218328583610209,0.682440978324357,0.0663859632283541,0.759208012704628,0.063474353189212,0.72361368015043,0.0684585960864632,0.758323771005489,0.0759298249315236,0.808835065893317,0.078103356792599
0.934998030828607,0.0710513887980519,0.908905607518529,0.0577363445164679,0.948801463588878,0.123807306705912,0.237563920459771,0.0899393034823637,0.381654414869789,0.0892912681213706,0.890621056183591,0.019430024245634,1,0.803882132113745,-0.31448407970008,0.198736647967838,0.720735783269207,0.0605172347766821,0.790890846620346,0.0565790599208382,0.669012576159732,0.0706271178865475,0.692917333473961,0.0727616949760503,0.597948834868515,0.0952267395148918
1.18015148128612,0.0749914294703641,0.970266406714854,0.0564720270663701,0.970704287866526,0.129476356714753,0.0869170919331406,0.0444528674013395,0.290466510452072,0.0808902416367183,0.914864109541864,0.0160892839107173,1,0.999999999204791,0.0404295556800644,0.211291383309748,0.788407896035437,0.0645961778019834,0.606691242049297,0.0597401013083284,0.838777947421119,0.0619108158757747,0.579695378587235,0.0750089204822218,0.640627709025525,0.0811088660109353
1.0935153843874,0.0798638916764338,1.10544981025029,0.0635277809933848,1.05557883672316,0.145659726594948,0.106436815474228,0.0688012135807903,0.148364156280905,0.0866533640543157,0.908399793708999,0.0161400250575275,1,0.442626812159088,0.320818009223341,0.218392777666568,0.665468166605397,0.0691302842990249,0.697784479423391,0.0648231257166837,0.707325315040269,0.0695051968183388,0.807029972398501,0.0746252960939937,0.785258502619561,0.0812279434212466
0.86080588069726,0.0686276368862617,0.970300582444687,0.0576261051900678,0.923259436126057,0.119606699662641,0.111022332800791,0.0702761140364409,0.307232277116151,0.0786907253747046,0.887786616857705,0.0222000367281859,1,0.959621098623179,-0.150276285494468,0.182870377603325,0.62882925762309,0.0575763850887358,0.720452469318574,0.0599295211361003,0.821802188569022,0.0599250862940671,0.639909206977567,0.0799739984602458,0.655769369816955,0.0902855385177824
1.04977646046802,0.0719029888492952,1.02361283454272,0.0563026048358618,1.10809417282491,0.138372564076948,0.028673408143214,0.0478334736779532,0.142286038651863,0.0780993819748793,0.87779803737923,0.0232918436950202,1,0.798241485211369,0.101734834200595,0.182799592350826,0.628427707854372,0.0618714952158922,0.7348053914802,0.0593557349814829,0.659138490130437,0.0618404243242415,0.709637969170873,0.0772782215831452,0.635329600078966,0.0847372105263102
1.02832513115618,0.0668562426939496,0.945064668570813,0.0508410077049944,0.853467741557073,0.11428954831106,0.0391301580559463,0.0310772618722002,0.182746618643364,0.0678920423886295,0.886876355674409,0.0205234245974271,1,0.999999985070266,0.127155591540365,0.19469888030997,0.599162551054383,0.0621979173394822,0.767648078360121,0.0569461227743687,0.692667066944583,0.0646708937712523,0.667723506422382,0.0698653793692302,0.511846676111627,0.0849922465390367
1.00140334357183,0.0683947073047734,1.12357145890559,0.0605048319191093,0.921054631663356,0.117847724460502,0.090486611846575,0.0428521992798002,0.288692072881008,0.0740786320534329,0.894307716192293,0.0214969520367072,1,0.999999999997125,-0.0939200261048324,0.19680475345375,0.599676554255406,0.0646440476320953,0.747222023074524,0.056624906927993,0.768457466072726,0.0608286221815374,0.689495775061036,0.0651048860358103,0.666057147616545,0.0874014524910061
1.04411589328022,0.0683487772501877,0.893784266607633,0.0574110225512651,0.913476160528141,0.124520137561695,0.110841127662386,0.0590764903397581,0.218605907668478,0.0829759401733933,0.916323200987124,0.0162391774701291,1,0.687009618736882,0.13251587154872,0.219197385824536,0.632420536297516,0.0752498186098819,0.647580984795662,0.0601306030058507,0.689390405229864,0.0616666537415138,0.530150099085351,0.0696862005605856,0.754692296697467,0.0812855304621528
1.01473847659059,0.0741779161466619,1.02126253494019,0.0574559439860326,1.089022917419,0.144897825002798,0.0886723836669532,0.0501782084676611,0.214171301069136,0.0806734631392851,0.925017345248187,0.013681725422134,1,0.689205244901697,0.306796633078387,0.22454622930436,0.673034170981888,0.0634464986694938,0.720235723896721,0.0593915459506494,0.802146228222087,0.0650308722336959,0.768154501428971,0.0764631930885141,0.592800712396666,0.0971432390998181
1.0204638023768,0.0688742385695562,0.980343755643323,0.0563869280815849,0.9491509663223,0.119387306716209,0.0580983684527688,0.0346092261895786,0.234827857288369,0.0740037217694964,0.903090258221999,0.0188740776487395,1,0.999999999999565,0.109394101066359,0.20274072804937,0.709955233340691,0.066135488624248,0.683004507911341,0.0631645956964067,0.722308101608817,0.06154512583913,0.785144150825027,0.0640345720608987,0.755158690912968,0.0768957631325027
0.956217907177577,0.0723282039620883,0.949518559801163,0.0576952763553208,1.02868448305044,0.138051388249574,0.151664324827471,0.0699713742297364,0.256892662175993,0.0789477911828634,0.897986235101024,0.0190228980249966,1,0.650382559609855,-0.212777575726306,0.201675069454491,0.727257734562425,0.0583400081448783,0.738024456904224,0.0596890949558895,0.733727359698284,0.0599799693940809,0.728610202619376,0.0748299683223033,0.574660005162354,0.100505328471643
0.979624820014082,0.0684535402745028,0.935833104650336,0.0557500868392327,1.03506661831282,0.131123303819897,0.150469851326279,0.0727400935917259,0.346019495516907,0.085571161719279,0.901735440310436,0.0163923378385111,1,0.876782093082033,-0.113038679868792,0.200195688147443,0.744228735271231,0.0601433102506161,0.561678445522442,0.0664343534622385,0.75626805275198,0.0624301692664763,0.76765897343693,0.0697875352398258,0.566686557477203,0.0883613577007447
1.01308438134359,0.0743199626735311,1.06140738552566,0.0585870786901653,1.0738013351462,0.138158829667971,0.043594458139499,0.0312496464467443,0.216360318346735,0.0817765118930449,0.898941499748502,0.0203976504595986,1,0.999999999999271,0.210561980806606,0.206696348341753,0.645050230541703,0.063118228495287,0.771827707384915,0.0559302924474863,0.757234439669752,0.0632735040388878,0.650275096582587,0.081874695278416,0.779961964267613,0.0812118148548416
1.03684946941572,0.0710045412342439,1.04172385256139,0.0571162126772401,0.94037637397876,0.126218408145695,0.0236064957227919,0.0389796288345236,0.113062860783219,0.0711395430174082,0.916225688116498,0.0156343354805154,1,0.758845484036525,0.12833857082445,0.206871527025163,0.669479554505576,0.0703070261288999,0.711607028037664,0.0591219737096405,0.80557905244643,0.0641059486376312,0.752886855277269,0.070860634937073,0.653004558616759,0.0865303182560555
0.90926999999425,0.0655427192958729,0.94284012735954,0.0497467920038458,0.841037135608401,0.103774900379913,0.0695024680758602,0.0425522583237646,0.210300369598823,0.0647855005901811,0.904502406065785,0.0160954817203139,1,0.869825902467475,-0.468419500347433,0.201675950067643,0.733051357880231,0.060974813778512,0.689785185977105,0.056256677413057,0.559182985055591,0.0655013573395261,0.598530713744034,0.0645299614202571,0.712367614294648,0.0783418796760097
0.975941026407408,0.074353066112545,0.957034563474482,0.0553034998059759,1.00864174995101,0.141340450664742,0.16778350700733,0.0624482574806508,0.41137993401832,0.0880997060738124,0.930690126298454,0.0118777955940752,1,0.999999999976737,-0.236578367003587,0.230405072622733,0.686779143878398,0.0689049702323022,0.771586158948596,0.0619305972814419,0.662475429827743,0.0641746826029933,0.758946083327423,0.0650431591243231,0.62422079372713,0.0782309129954397
1.05986328526914,0.0708339211035033,1.06634896727302,0.058832781504719,0.871499439882241,0.11324156988972,0.0981388885325405,0.0599350883982202,0.212836055560457,0.0713554326198872,0.887988975841565,0.0236029960309209,1,0.727764853334806,-0.111529983596066,0.203199976770822,0.688968735852889,0.0682727447968993,0.676156870553878,0.0586203518416424,0.785170682419132,0.0617141293392253,0.722938062826331,0.0692593217595169,0.670258934148968,0.0829761192329895
0.941541672641965,0.069302183609118,0.963258646582632,0.0552728222061535,0.917371698253224,0.119650618656261,0.137045734788437,0.0705908909032252,0.226275915984535,0.0732647587153754,0.896639537793664,0.0203163584157714,1,0.638164881288206,-0.445538402454863,0.208953939037063,0.714818729775669,0.0656670219696306,0.67689421701487,0.0602659720924108,0.721135216518152,0.0635574546259333,0.766315524115642,0.0654638111517052,0.667997174475667,0.0835268364629695
1.12807590714029,0.073917907454014,1.09592580247754,0.0595016016238222,0.929492316064189,0.128582904119702,0.112023536359571,0.0611611271392381,0.312796629635091,0.0824899614016436,0.917998679826977,0.014063335957136,1,0.969358725304468,0.127108831105839,0.216373279187269,0.80994445024089,0.0593198511887424,0.72973694839954,0.0644809582653168,0.675283879318057,0.0673516659321432,0.702892114787721,0.0733780436672847,0.682250223024869,0.0844623781579567
1.01249145633033,0.0688706526802868,0.95813344212903,0.0538697541294492,0.798751028342521,0.113026582796762,0.0442154553814016,0.0301610975411394,0.187928551461525,0.068307888715186,0.929277847416625,0.0120845306496247,1,0.99999999999858,0.403001530042263,0.22449559364493,0.695086408689957,0.0632714996100678,0.726383410394267,0.0543571878679795,0.6928197222502,0.0645736055503777,0.653089866110753,0.0796050138565073,0.622949124747849,0.0866412822039891
1.04825983765478,0.0706648649659461,1.03327012477759,0.0572052617347377,0.970591856960284,0.116942458667358,0.152277635866815,0.0632573833602806,0.302728416580565,0.0771774827676967,0.864518259225246,0.026922766030275,1,0.787438790070005,-0.0200950240440777,0.189166810832366,0.778291455024352,0.0554358099179105,0.569936942365192,0.0639917905399612,0.636164968253772,0.066900057899396,0.677526376280694,0.0737122931902912,0.810910030411243,0.0722569054354523
0.854755343426358,0.0721960290934529,0.916053415808962,0.0525867257212107,1.00556841938203,0.134412022886832,0.130519145930842,0.0533552098452211,0.248441129784829,0.0786814039748248,0.876969434003936,0.0250436320704197,1,0.685773298263475,-0.176061108684172,0.199640409639082,0.653079787148683,0.0614001710700416,0.669445018079472,0.0608147593059817,0.611299140311113,0.060931276823038,0.748679070373627,0.0764233267657785,0.68131993435694,0.102242614998267
1.12216212167311,0.0749068499817422,1.03211865361218,0.059337977531417,0.945122142498948,0.127891641666668,0.132286490892109,0.0600284768679239,0.164036984390829,0.0718389117509202,0.921917118087921,0.0125206733799473,1,0.463916756763339,0.514310010460161,0.225131657471029,0.710118912099548,0.0627713235484187,0.759363902629615,0.0667636999947827,0.653530938687607,0.0687791421252103,0.737119876818438,0.0707662692728376,0.768277832147764,0.0832173564711206
1.00600428829236,0.0706169861686073,1.03298462093208,0.0585936392709887,0.996038328306804,0.131199136456369,0.14345532724766,0.0671626745411925,0.304144657018402,0.0862954409474631,0.906636874661689,0.0156720984741145,1,0.804607035800902,-0.325820580653707,0.20052487765903,0.790672461176574,0.0590226433554137,0.708103356872713,0.0588856221943141,0.686139320476737,0.0640650217741529,0.74931256710575,0.0733422779662818,0.735601343256713,0.0932918793914431
1.15927930954188,0.0768484635034009,1.0252622412853,0.0607966725061789,0.978108425833039,0.141802206937773,0.0441044049954168,0.0315255209571219,0.207699037332482,0.0767908026766196,0.92869597117614,0.012269287923937,1,0.999999999611369,0.50614539553861,0.227069399436401,0.714308567507629,0.0697590465614623,0.754978173460011,0.0598454090829974,0.742280357854054,0.0643279699263209,0.616712507872653,0.0758604090422853,0.746348853133646,0.0845578018687673
1.02855993534133,0.070584387898584,1.0357139977519,0.0492008398129117,0.984473238642237,0.124944041839222,0.028716397880632,0.0272304369556178,0.168138403807291,0.0656422634528618,0.893551944436939,0.0205378872478079,1,0.999999957750671,-0.110544560087512,0.199099316363637,0.69856536386077,0.0588371108394186,0.566022580683572,0.0602398470331998,0.674388828641681,0.0597589180516725,0.656840992883384,0.0725705948353851,0.69274072937793,0.079518887765007
1.10221504544858,0.071147393623658,0.986517317482162,0.054721770820753,0.997067261718375,0.123075179191353,0.0667469318952184,0.0390101041807088,0.257975154583602,0.079174846295174,0.87629434942473,0.0252876132023737,1,0.999999998268739,0.235430953016566,0.185816073798897,0.607633812688041,0.0615079070156022,0.67901217756258,0.0655408754755832,0.725783752771621,0.0620319333833555,0.666267758756007,0.0686458946602123,0.757361656715182,0.0799354671026061
0.965535423714398,0.0726511824933599,0.965034885957991,0.0501170572398042,1.04222480527725,0.130863551891057,0.0299912538546994,0.0239148547157552,0.176798271213618,0.0722113975618274,0.893031410922442,0.0194806288496604,1,0.99999999992625,-0.132336087183899,0.202951431144591,0.72704885867432,0.0631833340701139,0.756284170717406,0.0545529423261456,0.668730360757426,0.0629074571875205,0.759154188867811,0.0707348519192316,0.561541345675841,0.0868902038146089
0.856884030692488,0.0790420937701219,1.03189002776189,0.0624575249955442,1.38330828348474,0.178942317646851,0.060168210443737,0.0431083885827597,0.245462947654555,0.100568085455725,0.879421099297431,0.0239161132708519,1,0.850830224232756,-0.283268921578917,0.196140940026744,0.739751630894987,0.0590029538008242,0.696174899945276,0.0621889958461749,0.636722633703809,0.0728261115085711,0.721519385631763,0.0825366476573031,0.585082680561802,0.0988400140271193
1.01575481211911,0.0694528592740039,0.934868181638116,0.0563181108947283,0.903658781015405,0.120788592730311,0.0351907174816445,0.0278802455728834,0.178326668958656,0.0731514351098079,0.90455974285016,0.0154152808895857,1,0.999999999990088,0.127204821351439,0.199974131153775,0.670001294846239,0.0658916339156779,0.728322639610856,0.0619113947153635,0.594167872071,0.0634593664993789,0.803396161170959,0.0647650417763279,0.623552666601985,0.0948394543230658
0.94265689958124,0.0707540509452292,1.04312220189044,0.0517761655070777,1.09706510126463,0.140704188854593,0.0394930167040591,0.0287486607581383,0.208149970860826,0.079299628578217,0.883033830215588,0.0250191629543783,1,0.999999999996287,-0.403048218324666,0.20311870966508,0.728801831302885,0.0620377636300284,0.741193087060507,0.0525765795280612,0.707338825327045,0.0595340026128841,0.735273393744049,0.0756053088740457,0.613035766873255,0.0930124626087042
1.0664868147565,0.0722898628219531,0.960385119264919,0.0548883597551112,0.801706859466064,0.112456510796429,0.0552752602462255,0.0440032508261297,0.137713562032044,0.0685388639778855,0.914703080070416,0.0152603109517619,1,0.654189416708347,-0.0425036335947866,0.217007324075672,0.699263618090748,0.0663933795688112,0.743644832156934,0.0576784145551501,0.66528980207238,0.0619447270809525,0.713487220749922,0.0691027068137911,0.61832379372822,0.0880589563704675
1.08379070371723,0.0797569759773352,1.10047331939129,0.0613858677643621,1.21982508797041,0.153469466383699,0.0802322793884511,0.0533117992066835,0.3024303867739,0.0854349230486542,0.879006950534417,0.0218893763057031,1,0.96672306152926,0.195266964162588,0.205096182374694,0.680375947487102,0.0602839137156492,0.756696500102849,0.0619799994179501,0.706092709000249,0.0653354991439857,0.762131067806142,0.0704601308339076,0.73972684515956,0.0907427871807952
0.986585626488915,0.0720496925413121,0.945728566758313,0.0550672869324796,1.02009982713498,0.129116210922939,0.0301924314900715,0.0396636976038275,0.121996242897861,0.065755530494032,0.879111012845478,0.0224781948569475,1,0.69514607384655,-0.252913417007655,0.188369363195935,0.71996434496463,0.0650037823489193,0.656984943247874,0.0601178427846632,0.712924945675167,0.0601934268017185,0.587410778232034,0.0751286252307599,0.690857319267141,0.0774134824207976
1.00504051206912,0.0713623638260385,0.993107449811887,0.0573185211916279,0.815001813147579,0.115883242338552,0.108208868902463,0.0622964057271442,0.190057930555989,0.0710996339911969,0.919273875105251,0.0126976571482371,1,0.639993082684582,0.141007773611313,0.218358117600242,0.693302691550174,0.0681945435346182,0.762285099924319,0.0655217892558189,0.618916676949434,0.0676433122962554,0.774485720612224,0.0685204212148909,0.738543330552377,0.0845434069548602
0.953990225557683,0.0779766303664591,1.06490560624122,0.059330641721321,1.19754596929205,0.162607950700075,0.0866846958223386,0.0663843201836964,0.232737859751086,0.0991058397395652,0.923660000906737,0.0151732007662824,1,0.722353405827849,-0.00226432544888225,0.230386906793445,0.798012816341576,0.0628840018603082,0.685588271044419,0.061946523181411,0.849414717264583,0.0635053980540163,0.551550238767294,0.0868964054389328,0.880855463257455,0.0807640255719465
1.06647593011146,0.0773500383871898,1.1082998817358,0.0595199988204595,1.18181451591411,0.14868255366685,0.0737659224124904,0.0620745391943747,0.249648585175986,0.0869813135057192,0.889996330697247,0.0226921019933565,1,0.845525208928747,0.112828616768245,0.19202291153846,0.684121934818125,0.0654848034290268,0.718684030983542,0.0606974079017342,0.734114885716721,0.0639314541338995,0.797424878541335,0.0723000523328857,0.750356723727754,0.0828922915825919
0.91944984601174,0.0701285971845263,1.00322817392518,0.0561708067744105,1.0295481234459,0.138488694691384,0.0290481783507474,0.0229439028776259,0.172934951663855,0.0710450271365089,0.901336312558939,0.0183518945612899,1,0.999999999940579,-0.0617285198843644,0.202527964158175,0.719197641167418,0.0590521428661266,0.772787376704458,0.0583762764194372,0.640898691628927,0.0714376715942027,0.757740924658738,0.0707215400825366,0.650072520887326,0.0882629327736767
0.967940276543304,0.0727787044481174,1.05006742560999,0.0549400008134595,1.00965561881726,0.133042426299026,0.0599522038803621,0.0366424073047464,0.246030647496837,0.079100313396478,0.909098548294786,0.0185066788226413,1,0.99999999999527,0.111865616935756,0.223944361090097,0.778683862594009,0.0675863623446625,0.708221090622407,0.0661775693455398,0.753199780080754,0.0581154110808351,0.806307991425702,0.0655147500367227,0.686948964416897,0.0996903034894715
0.919749853814767,0.0736774590050028,0.978032211217998,0.0575833726687725,1.03296900481217,0.134877591874338,0.0403855093697811,0.0320366315560274,0.204247348627976,0.0845061765977049,0.897777791777605,0.0203163337534718,1,0.999999999988286,0.00491832665419093,0.217412045993159,0.688665321241014,0.0648089958397791,0.735598945512988,0.0596245009863058,0.660712693686078,0.0682321939880348,0.691791484911412,0.0669168424174447,0.646748376891098,0.0893965588744557
0.996933427931707,0.0672038923636746,0.995029420563303,0.0516112885519804,0.890422486558672,0.119233505379533,0.0305726609293316,0.0251798124950567,0.164992680771908,0.0703777466925102,0.908354417089492,0.0168513011878734,1,0.999999998951055,-0.17397755765752,0.206695568267749,0.668009551474997,0.0584604420659235,0.629907506407549,0.0597014319230465,0.66255743468058,0.0640020689076363,0.64746293638524,0.0677656888962259,0.678577834392354,0.0704394994135312
1.03902553596509,0.0711826875701832,1.03774091164342,0.0579506208453087,0.97546184983801,0.133150515223763,0.183194620282109,0.0617306896242656,0.422728474514915,0.0856702805064131,0.925708310392561,0.0126699438426844,1,0.999999999957887,0.0295764972561552,0.21802592134568,0.79138345486233,0.0608647384519932,0.646645564566499,0.0635136963754106,0.738966691019984,0.0618274468235045,0.691158047692158,0.0759059077699852,0.622742243465264,0.096262698991978
0.914504027690278,0.0732913328353095,1.05334197369606,0.0553314853787483,0.962512126467927,0.135405021253053,0.0402930066554574,0.0299673907162,0.196932748496638,0.0755032052469829,0.925833837584425,0.0120801616135199,1,0.999999998874616,-0.0599896674435161,0.222969248333436,0.677193843843605,0.062187419575024,0.700653480310257,0.0609151439790373,0.665341512599877,0.0652225155564997,0.707393097789348,0.0697384058240109,0.728656585119266,0.0910995234947184
1.05519293361854,0.0700450409691236,1.11677824968458,0.0612028673338996,1.03799862722314,0.135127592162216,0.140456068749638,0.0798928198406451,0.367644692925137,0.0899949265062292,0.894442028458078,0.0225058671133782,1,0.962852266930466,0.0451870472209169,0.205650123832944,0.73475404880381,0.0683327828768251,0.725301260254609,0.057158671451036,0.838243777859352,0.0595484050462029,0.508060566425372,0.0830003188352569,0.825301498476366,0.081274891436195
1.02818015436629,0.0738196166966157,1.03298130218402,0.0552580549912062,1.0886133921303,0.143464330163536,0.0771109414656235,0.0411244661836556,0.289730915745655,0.0840004294644595,0.890715348853167,0.0193617860524373,1,0.999999999878266,0.138377389668238,0.19138939917073,0.585251597025284,0.065172720984943,0.735370050354715,0.0604678792707319,0.662420669532732,0.0701888032611047,0.739224953566289,0.065499628339162,0.668065879013476,0.0895291054493373
0.970459779890487,0.0666499102889194,0.991331727477315,0.0537387692595137,0.818193408768058,0.109310382202822,0.0624890801766899,0.032751078984403,0.226115354455426,0.0636681933567011,0.909781060195118,0.0148294015668855,1,0.999999999999577,-0.255755450103449,0.200184872042821,0.673118331837671,0.0641884989833031,0.759480937142517,0.0537321267280002,0.747016605437909,0.0634432195139001,0.657185182464475,0.0749579237775663,0.54652838790726,0.0955785808368832
1.02829544090654,0.0709361224779911,0.942961133822186,0.0512474219853297,0.92612039497945,0.12794025472586,0.0509546384684997,0.0317050668744022,0.217232893089413,0.0729924653776882,0.902022921940124,0.0174341321705825,1,0.999999999316746,-0.41252854393745,0.200142794372609,0.773939732816363,0.0607331754968851,0.788651043228367,0.0568492021748546,0.736460179505416,0.0644546757237648,0.66928302892858,0.0800926088244061,0.670884153976209,0.0922453439304602
0.936852651495534,0.0717728133164475,1.01598470496479,0.0565025182485308,1.21973109005733,0.147889350741873,0.0460237178258271,0.031901168827011,0.236931550267454,0.0853942010111439,0.850995370445927,0.0295326214648773,1,0.999999999999571,-0.171067885699898,0.18189865679095,0.699533316489371,0.061757923179365,0.598131087426732,0.0616028751919685,0.834151561707132,0.0627480582583758,0.64449190582138,0.071861198042497,0.631360590312155,0.0901154552137116
1.01535060417362,0.0713089283638235,1.00021577811978,0.057212851230862,0.95143546520199,0.122470785068552,0.0759573182066976,0.0442114341167742,0.268827984802538,0.0768962839802629,0.893917963128469,0.0233011724095275,1,0.999999993285514,-0.00979017490790407,0.198377726345387,0.796636366375107,0.0551749733300239,0.663271973942322,0.0620453615149604,0.778015140444071,0.0636132166530464,0.621232040294135,0.0763935947751029,0.74504594821045,0.077096955042014
1.07806155829986,0.0707617331801414,0.962789778775087,0.0537353820027849,0.991161124889957,0.127768606681347,0.0990186696790795,0.0524348551738257,0.203102077227973,0.0733204945384679,0.913792444611428,0.014232803814432,1,0.648311449605704,-0.0743770912006574,0.208652475977929,0.735940049385572,0.0644149299332565,0.717543964252738,0.0588526193502979,0.699044956514841,0.05679056914838,0.83347036413148,0.0698726416828121,0.659022711421344,0.0908007970373559
1.03267858859629,0.0752266432783441,1.01107790250529,0.0575021743400859,1.16249653518521,0.139222525884941,0.0766613179226436,0.0433124323818015,0.298527245705605,0.0895379693861706,0.870262723735856,0.03093539027115,1,0.999999999779898,-0.105017808327753,0.204482126148065,0.710074612552006,0.0638527867039295,0.735850340600299,0.0567439957202123,0.716268377922109,0.063453866381732,0.701715200498749,0.0763695993342337,0.93023431530045,0.0719790105780013
1.03634429213955,0.0781277030067166,1.02817792196273,0.0596009315028846,1.22625010596978,0.165631843245009,0.109319308702292,0.0638775731195322,0.298384677984512,0.0968533210337512,0.918348767641387,0.0140603293068898,1,0.814964237081087,-0.0170215786367442,0.219725064756242,0.795066457961378,0.0591351017889602,0.693806905883266,0.0619503243605361,0.702724195836536,0.0672272824131308,0.714328282061691,0.0783953452263491,0.673105276425268,0.0868973093087147
0.960584709651494,0.0719467781849769,0.988018990467904,0.0545540365821242,1.03217504203155,0.135636379788859,0.0588220758371881,0.056617924663251,0.244675353904258,0.0781770756771822,0.890031465751857,0.0222104532706905,1,0.992986570492857,-0.00548351815984341,0.199183287364114,0.70067694390826,0.0656349552331413,0.718058123190966,0.0535451814604491,0.684465656439415,0.0637730230450486,0.664276602297909,0.0742807453856337,0.666934625058516,0.0807338204388572
1.03841000868988,0.075608059336493,1.02758602799616,0.0627752884303821,1.1996340379552,0.152849740790036,0.0984895741614447,0.0530194922719343,0.343731647569525,0.100367489519089,0.876251396934751,0.0270221708112507,1,0.999999999970708,-0.125127629413439,0.198188754334089,0.652236222293314,0.0696732280216017,0.799853593171939,0.0576050346002745,0.702805361749723,0.0653941904578268,0.70435871130077,0.0719484016346567,0.661981940218058,0.0947172443541296
1.12289298485512,0.0736657016070037,1.035658620833,0.0554634952628398,0.987535497281451,0.134569189952257,0.0419059170756725,0.0409634381395349,0.128889140371382,0.0706105076684338,0.912894104712629,0.0144155089147618,1,0.633581218509114,0.166381854487845,0.218184097154142,0.62927675733681,0.0629422796369106,0.65288885889211,0.0616769993266291,0.652590221614852,0.0634561750071984,0.781690241397968,0.0660756746289008,0.55882214262811,0.0814823789779764
1.16473283040897,0.0747993103918507,1.00852461494944,0.0588472182885181,0.992955541265221,0.131582080984985,0.140221972254044,0.0708711173925327,0.334918974496788,0.0860902219267557,0.889940670028164,0.0224612483518345,1,0.897566872534362,0.0864260983065334,0.208878368532244,0.641848059197404,0.0706651202051769,0.720044593886311,0.0592606687800791,0.669884591275329,0.0644291320968229,0.716541932286769,0.0684865320916165,0.650810961919374,0.0880019920987619
0.967570581562948,0.0745525898759827,0.962153966500025,0.0577292657186688,0.993991523940186,0.141672376580257,0.0360738324852983,0.0284724940639955,0.189359667633647,0.0780260566502296,0.905908897596034,0.0167512089004979,1,0.999999999998615,-0.140085514590511,0.209373271588867,0.707611867550069,0.0624700480752821,0.682122147541909,0.0619847349489225,0.588808844321141,0.0687754093953105,0.675030067222046,0.0824336866409657,0.480319305339211,0.102679724331752
1.06133802982037,0.0709858040445212,1.06069295087238,0.0536741997246167,0.797885251966259,0.109576465180162,0.0202582682725093,0.0207734630796932,0.127136829774109,0.0674916537470129,0.923290666471255,0.0135194378247626,1,0.999999999999987,0.193220180226699,0.224328327880436,0.729271315306559,0.0637587648620358,0.662565167199122,0.0607442927489952,0.66112926737453,0.0629084280168975,0.556429853431461,0.0708178251645164,0.698503833156163,0.0836761562832145
1.01743842277362,0.0713163843136551,1.00040228060368,0.0530672557558599,0.900896634074527,0.121251388166092,0.0238362770248924,0.0436808805473411,0.105605562485806,0.0808857483111855,0.906866006889717,0.0184117759819792,1,0.720659473142529,0.278009660312576,0.208030909432321,0.664213607179546,0.0659356898923481,0.726394864407426,0.0560327349773771,0.750145873964876,0.0680042318735727,0.776587305907516,0.0729606640598053,0.579644174313454,0.0982747787175003
0.990584116951001,0.0700417445665742,0.994574515261254,0.0546346176563944,0.899811561617957,0.128548275119696,0.0515374183159413,0.0353670748020654,0.215346151200579,0.0776934396699898,0.915413332135107,0.015709600782375,1,0.999999999787356,0.198428208940411,0.223312852672859,0.702988908320128,0.0611781716943109,0.699968754819344,0.0623070575027552,0.658845414098341,0.0669995593874516,0.666358417089523,0.0710352099896637,0.659469195788164,0.0864781355004963
1.06234893111011,0.0761147276871689,1.05727800896144,0.0576132286103741,1.14191062473881,0.145157753890238,0.0770915082584168,0.0436567469330855,0.212128130227385,0.0832597777827791,0.886250037876796,0.0203069197081184,1,0.714955375463461,-0.00697327251991445,0.197059389160337,0.693278112224666,0.0631508890242413,0.752985120513905,0.0616623497168246,0.63786142999716,0.0712300982885033,0.763625331271866,0.0686012144500917,0.767291836433857,0.0833460398707403
1.04536999499167,0.0694294177181952,1.09657666091368,0.0558091507964083,0.936287242349104,0.11829159377423,0.0543398800735046,0.0345256079092002,0.225560937361379,0.0742856600246766,0.89348824522173,0.0195698745691759,1,0.999999999997456,0.24549645190164,0.197375278913387,0.64784036002527,0.0613584882295884,0.664857446644708,0.0561109721201123,0.836915993186355,0.0558816139552829,0.743978302546328,0.071998384391787,0.719075593973014,0.0904742428274821
1.07428458957579,0.0750056777033218,1.06211878360466,0.0590381806449295,1.11973259772802,0.136655040051775,0.081945663687668,0.0542323473565111,0.189902582463373,0.0811459602263749,0.886442922580064,0.0220761378389155,1,0.626917973973895,0.0784997567445644,0.196559747272928,0.615781732834663,0.0640327775556644,0.713638569129225,0.060792880859716,0.762865136106358,0.0630263248719082,0.707308833047179,0.0763349859589903,0.745563108476703,0.0931925121152909
1.00195007240962,0.0732158214527826,1.07504485994949,0.0581517855023865,0.93971108344653,0.130645945018779,0.052488297353515,0.0529275186950853,0.204717759009237,0.0748096730417041,0.912986802339322,0.0162991642803556,1,0.921779619487735,-0.385114396088985,0.205169011223176,0.795238699949094,0.0592700307026654,0.652253386076447,0.0649853998048536,0.684591551139422,0.0616258622602144,0.749667189443923,0.0756499537748627,0.600740163451168,0.0933822133370907
1.03312782313106,0.0723780742006424,1.00585636219616,0.0537347840443432,1.06724855849754,0.136921549946107,0.0607244036406234,0.0362219453669387,0.254574217512611,0.0806544235018926,0.910607571733305,0.015452945777196,1,0.999999999776881,-0.0482824029435697,0.205313109878554,0.719858621381673,0.0702337288669415,0.710200079675581,0.0601425265211519,0.597487849916183,0.0664772979242328,0.784577532936775,0.0656765616593341,0.767325051612857,0.0801691134498944
0.985544263347365,0.0697947640269782,1.02924788236749,0.0543965194010204,1.02278278227857,0.126812522949472,0.0390328268133646,0.0283042313561712,0.19980516304826,0.0765053560662027,0.877494888959286,0.0245752797812232,1,0.999999999653966,-0.147232704471994,0.196526140847239,0.71786797554635,0.0617852349477385,0.740094720654162,0.0586673488272282,0.563950215973683,0.0675653815035195,0.775359543748102,0.0654320478866055,0.762608830950142,0.0815111324339969
1.03194152629053,0.0711426509731629,1.07902150266042,0.057859186915688,1.03054599128639,0.132253778700264,0.0696683855199742,0.0409658555092187,0.267948643000416,0.0841768334424025,0.899978885991654,0.0196702421952809,1,0.999999999086031,-0.232535003266485,0.213409783869981,0.773653320846039,0.0577956247709851,0.647443850838633,0.0620158126787953,0.779724401618845,0.0629164988474774,0.616473617645794,0.066730434761918,0.803155469412579,0.0749395732498896
1.07832836451219,0.0769261644281279,1.03726684899319,0.0557723181707674,1.20116618606675,0.152315206424317,0.0617251569718019,0.040695206239652,0.132221131134404,0.0929566357148705,0.89228638440626,0.02449693788847,1,0.485588304027453,0.0819501982884449,0.219527721022944,0.792817928496753,0.0633917060702977,0.699146950172325,0.0620053438332557,0.606441727853322,0.064287017190066,0.800288856092057,0.0669553687949841,0.727834452775054,0.07930376945853
0.976687694503898,0.073550779246447,0.96131644189924,0.0543724028950907,1.13005401956894,0.138236153212022,0.105346396522939,0.0450279742313228,0.326189141224907,0.0780593513982446,0.85430357165362,0.0351736339143014,1,0.945387933350883,0.182198540325213,0.187997118505045,0.621278643988454,0.0624519271700564,0.669317084449282,0.0585189879381339,0.623252055999499,0.0634193213072388,0.726926498447223,0.0719774806145824,0.600269006028894,0.0938096498294885
1.04485110264543,0.0748665630062999,1.00585451469071,0.055356154413879,1.12077966145189,0.136900327586478,0.0911260446027653,0.0444387093310278,0.319581315804909,0.0832596187848021,0.883124216712025,0.0259964606489863,1,0.999999999962108,-0.0574538445433735,0.204801619923315,0.736551663383052,0.0652162444148929,0.675604615047651,0.0616711209586879,0.845322455363832,0.061872426833331,0.828876722341996,0.0604786354104878,0.69108291681917,0.0802710961262511
1.04193359057105,0.0741590095102115,1.01488609020512,0.0563366859556815,0.975049810837117,0.129214505850042,0.13389506986981,0.0695055702312206,0.33398513680955,0.0804305550960778,0.880928945369948,0.0225470647204587,1,0.924339358455687,0.17956372912228,0.188431606926233,0.681885143870829,0.0611233856643024,0.67574340706065,0.0556547475201635,0.711057278744423,0.065556123571791,0.667283315789293,0.0763480752600102,0.510395597087642,0.103364814295037
1.01223949602974,0.0665520479275621,1.00143607368901,0.0498625566471358,0.841442261928702,0.10696289524522,0.0120679095119383,0.0177506401828047,0.100769283827419,0.0706634261288761,0.894450217134656,0.0212305621381682,1,0.999999974721159,0.157306856898988,0.199199920243495,0.58275522942556,0.0668332697566311,0.709658894317979,0.0555619385099924,0.692788362404159,0.0574347288303804,0.706946618892696,0.0678053313275463,0.667764857795251,0.0701162898870168
0.965932214484067,0.0685088511809179,1.02407834045074,0.0535353401714835,0.779017572650735,0.10887601522174,0.0438989818381151,0.047478071908013,0.184913189174921,0.0670109493522633,0.929587456074055,0.0102720214230065,1,0.999924104806868,-0.137817573827855,0.219869867121266,0.774968035988391,0.0564736468631088,0.76651438608595,0.0578360659470871,0.588008801044555,0.0664415030834433,0.670216978158207,0.0722870765169092,0.746908807141173,0.0848809109296423
0.894988823485292,0.068984776635952,0.96917788336246,0.0535136073816196,1.0366129319237,0.132446952381279,0.0638986340031179,0.0448866382396983,0.203784949783135,0.0749893551686855,0.896113573049226,0.0200166409325419,1,0.791804578098482,-0.174764636275372,0.190357962674508,0.79101568203998,0.0535291537859554,0.681170107924593,0.0597442449224841,0.594901036011137,0.0702672823570833,0.728035390123927,0.0767578955049757,0.583721441309194,0.102668350236272
1.02287172449916,0.0731606941753171,0.991519421574721,0.0561164454066877,1.11293987559232,0.135013787837829,0.0771294754285651,0.0602166256139034,0.288449244087567,0.0893555505201491,0.869744806818279,0.027575617204417,1,0.984517329089873,-0.243387192599724,0.183678925587067,0.721732538362288,0.064390805515975,0.742198396583396,0.0609144913906989,0.647339997483754,0.061847898377708,0.691739463465041,0.0713308736419751,0.830375235417119,0.0842552145149359
0.915462215593792,0.0682548794561792,1.00578252429745,0.0553932626192492,0.850581064892953,0.111130650885344,0.174627645455082,0.0646735884598077,0.257042977658366,0.0710712522662103,0.870468459456399,0.0239337849824014,1,0.666947100975913,-0.370625317235565,0.184966159402429,0.69866418562272,0.0583211246779346,0.722788391942361,0.0534479481293258,0.661235005684857,0.0677957768007699,0.656965785106205,0.0773849298509921,0.66144196907425,0.0954425991239982
0.969048545735995,0.0676089190633948,0.895884288107088,0.0538954135701459,0.932817884089678,0.123678129580528,0.0618369638272066,0.0342213303252557,0.240172075303041,0.071417908475006,0.892327155950704,0.0226063248997842,1,0.999999999996053,-0.00656497136267781,0.195854249275113,0.656629507418928,0.0696174907973651,0.645052494891691,0.0587773995251534,0.698791781793774,0.0594842367452612,0.651192983263253,0.0687303794641892,0.76660832725824,0.0800034429451043
0.957503393212127,0.0728168891785625,0.946444997984471,0.0551972745430511,1.00641368753503,0.131212188439172,0.0385652680089095,0.049886138512943,0.170771304413676,0.0694167597623223,0.895681669937643,0.0226013447718095,1,0.866819058533815,0.0167366174024036,0.205107443093679,0.702411158476907,0.0661010575773674,0.684711337921764,0.0551622104717529,0.74416931763457,0.0654894616350393,0.662573984155291,0.0766977460232928,0.769950830165589,0.0857032530601974
1.00728600606304,0.0722434098314758,0.916095456659133,0.0611785747994021,1.03249496900227,0.137541449822067,0.0220703998362361,0.022359732561607,0.15095554575284,0.0781450237168398,0.899235134924928,0.017773768776463,1,0.999999999972693,-0.312937615526108,0.193838033385992,0.780380321930884,0.0627813192222182,0.706301056443389,0.0574099242441736,0.616016927758294,0.0630588189512508,0.930331424196104,0.0740833379623531,0.634916775658742,0.0993635635916584
0.866530724853778,0.0638523304969667,1.05155495430678,0.0528613983304451,0.796098209046025,0.108373717421396,0.0219550673742207,0.0232109232913406,0.132205860807917,0.0702595671418167,0.907839812233339,0.0165422313336688,1,0.999999994732363,-0.122192605661288,0.201047092791638,0.600113623471172,0.0667239679445852,0.705398115952911,0.0541193081044133,0.690140745135328,0.0613676938699852,0.541697618393351,0.0775049572838523,0.601473598714328,0.0841448339985211
1.03408903829646,0.0767340331626629,1.04834107022957,0.056655146334638,1.24678418375693,0.157346888277063,0.103545016182442,0.0514064234645045,0.359302498934724,0.0855694807411424,0.89973383197739,0.0199499536582235,1,0.999999989378687,-0.0170307941289721,0.210781672648452,0.689987398198384,0.0614343390423947,0.786161078737132,0.0582374152635363,0.648595127402013,0.0658072484674297,0.724072246404622,0.0756050891061667,0.793620570224989,0.0853650543148335
0.92846865346608,0.0682231480175555,0.917757300266535,0.0536049457973927,0.829915265641421,0.117722402377331,0.0142226007104469,0.018065165578441,0.108644159745101,0.0708296739630787,0.919555183621174,0.0121805321591765,1,0.999999999999855,0.0095877369268339,0.221020026127246,0.576102284493228,0.0604015032781715,0.783928450953406,0.0563886859617051,0.582575342587306,0.064141334520181,0.682581695427744,0.0813818843574089,0.54806534867835,0.100893103492203
1.05100073892051,0.0749588230259733,0.916548020702264,0.0567560190283148,1.13511382244645,0.151630331255831,0.0684484589292731,0.0386352151992326,0.27874144264993,0.0841744495684219,0.899213466048903,0.0183397905414886,3,0.999999999966461,0.292791018832985,0.212421556068585,0.604018976978565,0.0734987094598121,0.691139528994113,0.0618106060529155,0.780844170830541,0.0681656779113114,0.58625852521901,0.072801122247427,0.706699518674042,0.0838270209873421
1.04078186636224,0.0681756040069564,1.02127995357279,0.0553316820645342,0.943876785028434,0.117288003082088,0.0401813397062761,0.0513721198603521,0.10688553581871,0.0682365329806884,0.87489235697191,0.0218845474803544,1,0.548844201231541,0.0083906645689423,0.192111448654657,0.714860766353588,0.0617527477029157,0.613705591854359,0.0642651984161891,0.738930696161002,0.0648769545358115,0.715305022230745,0.0656468448019482,0.630330865811953,0.0778559421191258
1.10382420015481,0.0734179346461405,1.00652525167627,0.0557141747073566,0.915817913560066,0.129730606470825,0.0652244202236193,0.0441719855632592,0.0931528149114814,0.0667143107571325,0.929506184798423,0.0121703858303354,1,0.381141555681143,-0.142842310608414,0.225180622666558,0.760310358228018,0.0617504989652171,0.739572728689193,0.0582987332944157,0.857206322625152,0.0604985353511841,0.68285704706879,0.0729593122166096,0.765668509844036,0.0757710856423899
1.14787096992749,0.0730328239777273,1.0397965626249,0.0527205777369826,1.04991973614344,0.126891852670888,0.0340846032791318,0.0271979036359634,0.189172137629522,0.0777505635370064,0.881873607492668,0.0220143981011295,1,0.999999999635933,0.209434420032764,0.189253128012618,0.739508787238134,0.0575832745715517,0.759898382930519,0.0571422609645864,0.755229980355229,0.0609277763018429,0.762371826006622,0.0653609175252989,0.720527188211834,0.0826104896626007
1.11150651405174,0.0745502790421517,0.996384243864533,0.0557781140497604,1.06119885985603,0.139827971390968,0.0324070961606373,0.0318119067190408,0.185446409383289,0.0787363900671008,0.901427298157111,0.0201808812383826,1,0.999999960108625,0.360542844347183,0.209013464908312,0.782468208653723,0.0673448262276742,0.663252874252987,0.0599117268538868,0.759124960474596,0.0647301164696894,0.777322194261193,0.0725689341939746,0.567209237969918,0.0950383803030215
1.07039440130206,0.0722083619291497,1.07887860249943,0.0583229380881295,0.937197154226048,0.128573686996925,0.0934521934475052,0.0533368198757912,0.285998895007525,0.0760338567811843,0.91832859473713,0.0141256013803299,1,0.96639377753142,-0.135237834393053,0.215295241282926,0.71932043074424,0.0632658773282595,0.727491761096768,0.0598058800697565,0.667827293420926,0.0634095932546982,0.70110606928845,0.0704990450845229,0.778661434575765,0.0824847037174444
0.963688079176101,0.0728587720939267,1.00560299803685,0.0524870434399633,1.20835784329284,0.14264697425789,0.0088368372058597,0.0146914273081518,0.103334695950168,0.0753493073951103,0.857680034723805,0.0323142537271357,1,0.999999898835149,0.194127591366012,0.189523337363247,0.683875058991629,0.063876523856977,0.743420799564144,0.0596646902749806,0.599824508977266,0.0713860639112835,0.674880361345018,0.0763706621782092,0.608617292071382,0.0943514214612704
1.02934865455243,0.0799366917197442,0.976731035202854,0.0569614379549579,1.27996043802295,0.157272157356722,0.0893744965723582,0.0476378918970732,0.338224510905182,0.0980592640750387,0.901730620152296,0.0199702795551552,1,0.99999999998345,-0.0980538208945852,0.219017394986757,0.720838313628137,0.0676410613414564,0.724081319711468,0.0669227088139485,0.661378548922097,0.0648481475015125,0.683800228912519,0.0693053837262289,0.734914179718034,0.084637953287143
1.00979310432589,0.0759296638280618,1.05758318507547,0.0580396733318911,1.18982229019223,0.151717446243615,0.0594525245711059,0.0580643701914763,0.144699468003636,0.0725432844818095,0.891154115183328,0.0198873424361961,1,0.544052403800352,0.202716547187753,0.203267676444346,0.711198564960875,0.0604954989989709,0.657384903947318,0.063252972027061,0.720878514225543,0.0602817179564422,0.684021374601352,0.0702917369361961,0.775684225577596,0.0819233794909835
1.03068363161196,0.0756151660401709,1.01924250403776,0.056009338307882,1.28073531435886,0.150021330909029,0.120349837797117,0.0649493669458984,0.235266605771183,0.0831219968460201,0.851271277828638,0.0329287394825398,1,0.599249720158057,-0.0747580000222729,0.188954070487462,0.707640626184693,0.0633767830431781,0.687193810083269,0.0599991147256332,0.748410487650188,0.0594127192544749,0.824467221690437,0.0674221369013991,0.68422952761082,0.0896148947545707
0.897209845537349,0.0687640015600169,0.921170057970771,0.0528973242301295,0.857124241767773,0.107762092302243,0.07876962210864,0.0442217927902555,0.259837165557629,0.0772645992251101,0.879699226322717,0.0239935969425932,1,0.999999999857962,-0.0479541260026921,0.195509509579319,0.461056476873641,0.0734069329047536,0.685457215127933,0.0597334577861899,0.776246160424005,0.0614053210944162,0.673015133576578,0.0688140918903168,0.618037297204968,0.0859516994397493
1.05539378387445,0.0736265017908698,1.04514573573895,0.0562403339041001,1.03815393836471,0.130849775256979,0.0520999567527815,0.0367351905523518,0.232567786435886,0.0868302472798823,0.901794230047656,0.019320930409501,1,0.999999999964474,0.255192614878119,0.206165431906659,0.773366321451236,0.0574751023427729,0.569326955163294,0.0646552961040549,0.792066583181833,0.0643442799242426,0.662665036572331,0.0717291834756492,0.651112089775679,0.0862381386678147
0.939809744772193,0.06870695795134,0.929234407375808,0.0566373803898524,1.05519742739518,0.127855054650545,0.0148967694452064,0.0182006488589656,0.125375566873057,0.0775603239377469,0.854616816728965,0.0285734973718753,1,0.999999999162144,0.067119016693836,0.181635002616759,0.609394430954932,0.0635862779482342,0.675250174918816,0.0568110286606381,0.588641063627203,0.0687591088547033,0.609679810443605,0.0733908805461375,0.724568725512321,0.0817448509347781
0.959587402900682,0.0680696396041488,0.9446653734342,0.0511950673964304,0.980601819226791,0.125161961762227,0.0256037035175414,0.0225365577940999,0.158452006134838,0.072039273617111,0.890085368057385,0.0209566047152811,1,0.99999999999821,-0.0671730850937398,0.19090404898466,0.74359626529425,0.0583253819184981,0.671095048244073,0.0635698529536703,0.692862268545374,0.0640142998905865,0.599594181321024,0.072866571082973,0.727835910125477,0.0797050798253281
0.957579445178023,0.0677767874218133,0.958353486624888,0.0536041169975236,0.923423515462566,0.114753563834681,0.0739278383680496,0.054540154104642,0.161515770611463,0.0744950514224215,0.887033189262619,0.0213717366414278,1,0.618173615752447,-0.0383154095389657,0.195493163227337,0.688611781675753,0.0624246313258292,0.628617793691722,0.0634766796188486,0.762037935738346,0.0563598760088524,0.586312113788429,0.0748907281867464,0.737200802870938,0.0838241983441055
1.01735257524582,0.0760003656261944,1.07760045105242,0.0578705503608689,1.01439071257669,0.133496070817572,0.067452017660462,0.055095777407609,0.113019782541266,0.0787784855176739,0.885203503011876,0.0248889551042794,1,0.432070248487865,0.109128271968462,0.220347285493083,0.782538280662812,0.0643375186850148,0.700735204234072,0.0637402837501588,0.72409611357474,0.0644014008935035,0.808653265811776,0.0711385805007429,0.762112071908041,0.0818107955728079
1.02008929447472,0.0764958729785398,1.00769938918106,0.0565181776739427,1.07971025812613,0.139345559630682,0.0313605529007165,0.0473155777649978,0.184011673420398,0.0760731408508039,0.887001052113291,0.0218322585811141,1,0.999999782748044,0.0625382280947899,0.200456701835702,0.75542791539946,0.0569692752452083,0.68608753868918,0.0602822357470768,0.731516260532259,0.0732493468202685,0.727200487337599,0.0743926066221029,0.789234825190895,0.0844585815366309
1.01497503037537,0.0663148604008068,0.91117869827513,0.0540249508482404,0.791455956770947,0.105216727420322,0.0313264970734715,0.0519391254139541,0.157459622637167,0.0637805545823792,0.915382280252811,0.0144273098479338,1,0.999999799291923,-0.0685153576123921,0.219172062943174,0.640777901173863,0.0691877466269007,0.681333203028101,0.0619418359764843,0.622363396130908,0.0638233696419565,0.729389420046882,0.0685197283368366,0.710395273209961,0.079414963777465
1.11342080430942,0.0768585739349558,1.04322709995279,0.0617865415486427,1.22655782237556,0.157385795276008,0.0935672995418767,0.0479405938959556,0.338770871154489,0.0948681996056348,0.917704670433304,0.0167557512332035,1,0.999999999874202,-0.15803485554046,0.222839834357073,0.866330341586069,0.0649023882066958,0.764185642053707,0.0589314808499816,0.672238984743068,0.0707558385532048,0.821959628299476,0.0764484763020098,0.689704903383694,0.0914839855689394
1.01222312620903,0.0727000069518963,1.03717789426049,0.0578054510042368,0.952153110403179,0.128027551644369,0.0719020636579674,0.053412786683828,0.213483376892132,0.0774578189169128,0.904358688985343,0.016698033397557,1,0.815905744845429,-0.215420812422091,0.221724730105475,0.731803424937456,0.0625684378626737,0.582948360754174,0.0637529402827454,0.656974069337476,0.0698098344496131,0.621474974851083,0.0729963577699272,0.71001716177111,0.081292522340843
1.05154674127592,0.0818406736463055,1.16662510941699,0.0625501262280549,1.28608822484512,0.174507544250477,0.117793938543181,0.0719215285253183,0.267682907720472,0.0996097153545188,0.914234976369349,0.0160472114515511,1,0.687739215179472,-0.0699259635792623,0.215197371363259,0.811561052581253,0.0578055388586732,0.671878690156625,0.0633613874495117,0.833554774691986,0.0638253592892039,0.717876750991055,0.0779794767729066,0.697151273624326,0.0946620483279689
1.06778736697246,0.0755006354475328,0.947825119290914,0.0577609756377634,1.18551070890218,0.149021013878116,0.0944149668220757,0.0480293329111859,0.334559343359506,0.0911642085666741,0.901875219249652,0.0196066928001645,1,0.999999999914808,0.438968925188953,0.201981314899439,0.643766862911775,0.0661369252216624,0.678220688632558,0.0628784070856988,0.77918858716057,0.0627004399898707,0.678403088681476,0.0705744767195409,0.820353251755077,0.0844800150619841
0.965471467557871,0.0762165414007254,1.0124630919731,0.058822817453621,1.18733526909643,0.152469861473388,0.0814388711159252,0.0581019879969339,0.229928096956065,0.0781974566025894,0.889886549687587,0.0235891672848602,1,0.739417096790858,-0.230219748310545,0.203750442272786,0.760180337406328,0.0593067555389637,0.678354295483602,0.0666719968733258,0.666473710219377,0.0650474383129883,0.612664176657014,0.0756480092288741,0.758502859525322,0.0754335111574831
0.901644201807104,0.0654747341215268,0.837118564796171,0.0527860753853205,0.838628239406874,0.10856325475773,0.0405848948228873,0.0423714639922508,0.184487488094537,0.065082404849965,0.898249086711375,0.0186981022088045,1,0.999999917316092,0.202496710893782,0.195108463439914,0.592800600495898,0.0656878185739888,0.654602978498737,0.0591174076859728,0.634346874720416,0.061689752920382,0.700700416078007,0.0636889104854327,0.625607023600617,0.0927244923569077
0.997760116934436,0.0729204192065576,1.00285444296776,0.0558937798024805,0.973099267620033,0.129626029254095,0.0371949767613205,0.0433283241694906,0.174645337195311,0.0718479162707295,0.918751317861317,0.0144419616636626,1,0.917986461647999,-0.164771408341083,0.224590865712725,0.782857747908342,0.0602485725620579,0.750865775440189,0.0644451879216841,0.584707621604882,0.0677677983716268,0.719472769918025,0.0722831869568331,0.70625908116275,0.078484257672161
0.886838062252035,0.0684337959436024,0.974070291760049,0.0559044669863875,0.854052394456028,0.110910658817067,0.0922145250513075,0.0488494335112696,0.181777273570713,0.0650855820325136,0.879557015836929,0.0224992720978867,1,0.647735442245919,-0.0678174328963131,0.19209619109664,0.683259618827152,0.0613202056882059,0.708529290599738,0.0578144783828243,0.753180767585445,0.0632394929776611,0.62147164188628,0.076670262454503,0.743926800670852,0.0800482620278415
1.03970683312989,0.0714023343769294,1.00786483227161,0.0554355293877523,0.970843196540277,0.121832502046701,0.0897338768808686,0.0403002441974613,0.295156778456761,0.0730216950313791,0.891901581023108,0.0207452782940454,1,0.999999999999997,-0.0364154480067055,0.200221911432142,0.751374141808623,0.0601123600637281,0.649468562258595,0.0586857557731432,0.655264654214616,0.0616595632167007,0.81230408383899,0.0719338887593384,0.669705292599558,0.0923619467476894
1.00434532892543,0.0711933337315498,0.964784694629558,0.0598220121550933,0.951901573849722,0.13111305374684,0.0522002111295811,0.0604077744907477,0.222365507206559,0.0819650569475848,0.9094046425569,0.0177608056445948,1,0.997551369580064,0.525084282163662,0.20410502227024,0.660140247395068,0.0654803475684495,0.619600913589639,0.0660136911824994,0.70801667536504,0.0663624936137207,0.706635920292391,0.0720110873592446,0.671668631107508,0.0884694756896654
1.02377307577787,0.0682136237924527,0.885883906950596,0.051710658650813,0.899930220236892,0.115833522017033,0.0312032780824879,0.0240403933879986,0.167573185666432,0.063638021060826,0.882690628186086,0.0201826515681972,1,0.999999993545585,0.130173664447189,0.194666852022215,0.612780862574921,0.062989241132369,0.692108884846311,0.0559341892503607,0.72000704312872,0.0591858234773921,0.598508364430246,0.0750261400027166,0.635330393099413,0.0875304993964054
0.933972330307657,0.0620459013793865,0.994040023509795,0.0510920667084869,0.668704390240159,0.0993684196997705,0.0444459175576131,0.0288605434598893,0.172398318381134,0.0590016260420345,0.921708890649554,0.0122803480399948,1,0.999999999690705,-0.19332798356251,0.203822414027584,0.727295041388712,0.0548684326160804,0.578730809002731,0.0632605770455569,0.683300890304056,0.0600401647453668,0.548926731152806,0.0745766358619664,0.632894112270183,0.0811107509758445
0.946544788650678,0.0696028808626546,0.958766168915411,0.0514554481725854,0.836271332928468,0.116989815161034,0.0548980110717256,0.0475957650161656,0.187295243782361,0.0644073634194652,0.918273698391579,0.0150227032418753,1,0.874127611892638,0.0978332381580325,0.215640655024426,0.729657431331508,0.0617734910182541,0.578858254905218,0.0622351956756288,0.574730460780675,0.0688193965730096,0.800730340979126,0.0660453195974493,0.587052469471933,0.0994030410352536
0.979642672608044,0.0748703801884392,1.07977537487497,0.0551912056571204,1.20846650147336,0.156690095294356,0.0626628403106521,0.0512996151790042,0.27000601066318,0.0911447145142199,0.903351875115097,0.0196502248447897,1,0.981185419495254,0.0849305509645142,0.207383655853593,0.779874850091714,0.0555024700396002,0.658917430580618,0.0610052810600144,0.721798124638846,0.0709090268354646,0.683920362425511,0.080403637968689,0.623266127327172,0.0955940937712539
0.972406850397415,0.0715328806124492,1.01853745632991,0.0556159901057402,0.95390337492677,0.123485457972824,0.088207957761707,0.0593683436820843,0.163803857776281,0.0757559002953929,0.912415019842403,0.0162416768786453,1,0.564700340291755,-0.3749326877173,0.203946223018087,0.708851384540168,0.0601623188481486,0.82612758222564,0.0528505227371475,0.581251640732571,0.0673105203522775,0.675748477561804,0.0761266873256368,0.706182516412885,0.0853366930094763
0.874091466572539,0.0708099881347725,1.02026558540111,0.0547677429029329,0.986234764083637,0.129081962631888,0.0320810068576177,0.0274151802904735,0.177874686679409,0.0781164418940267,0.908635216953037,0.0154984767883237,1,0.999999998917643,-0.150479282016055,0.208860827755302,0.692121699988955,0.0623812018122243,0.688713002976591,0.0587244420379737,0.710307887589257,0.0630418383107145,0.663337922901076,0.0765529135054585,0.603278741376251,0.0958380510725912
1.08878736153703,0.0764127468558128,1.02649889301154,0.0592660751323001,1.14802770316678,0.140480069861675,0.0356967014346386,0.0294539887478536,0.202437155491108,0.0850404540397401,0.893377608910065,0.0204499184497259,1,0.999999997129055,-0.0413230413089902,0.19840618702453,0.764612595564097,0.0639406010580124,0.697392629542027,0.0605269685415653,0.664788360258954,0.063493544315519,0.567541014893139,0.07753395654243,0.807255548306587,0.0785057129019692
1.07148092664506,0.0786614113453233,0.993322723452387,0.062797520291073,1.09412940051124,0.150371570873481,0.209270407192228,0.0812251887597237,0.284226667659686,0.0941740837361459,0.898827805469954,0.018447035057866,1,0.593986493189043,-0.0532565295376257,0.205705389552154,0.772924632626009,0.0604595060366153,0.719765616082191,0.0626117221977521,0.759499111276563,0.0630071591208248,0.759234598941487,0.0728413297009203,0.766186249694081,0.0920099243970202
1.03973784290688,0.075018479103868,1.03253551608914,0.0575445982639148,1.06377477009069,0.140155940081583,0.100469316375198,0.0596222571415729,0.19442087979557,0.0772009277338794,0.905433822565668,0.0182457192795355,1,0.594704654537946,0.112656421025757,0.200745333982003,0.592847929989271,0.0696622390981977,0.723020595650528,0.0647170817063629,0.753160850285237,0.065078008195321,0.771863673421565,0.0734768415413541,0.60821615322733,0.0850370043451574
0.990087528043234,0.0673116354131318,0.975421074081913,0.0543570526740246,0.908789766425423,0.113662414570232,0.0479544954107982,0.0299479285942229,0.208759561894963,0.0705207420181907,0.873330332315199,0.0255233141257885,1,0.999999999990231,0.0802511193180094,0.185800227055188,0.597432016368299,0.0626751278989966,0.713667040214192,0.0574342413235056,0.642801141406643,0.0683377788263495,0.635547966941061,0.0736588652397089,0.566622020635086,0.0878410917897076
1.08593335972443,0.0735304074555843,1.04425112443843,0.058422292253124,1.06653497426493,0.141667016011565,0.089912848220274,0.0483697840947399,0.309669495665997,0.0876042322074022,0.914376686581948,0.013546519722021,1,0.999999996263301,-0.145801180723374,0.204769155416019,0.745106278826771,0.0612417469498793,0.676234373693216,0.0638046782987608,0.718671213764501,0.068121606707241,0.725598802281553,0.0733490692707894,0.874982158359245,0.082471442480292
0.976597824396108,0.065989648184324,0.948778365474962,0.0530868967769409,0.807555959834553,0.105014464040603,0.0211975329428655,0.0228038206169126,0.130836516545619,0.071317666655826,0.86319416155081,0.0266836548913738,1,0.999999999999759,-0.0360729638328312,0.185705349740536,0.538537796250221,0.0667462392020736,0.638030806832951,0.0555161654745179,0.681423799169296,0.0567167045909107,0.557569110503189,0.0804486870270771,0.739306140153653,0.0882307977022769
0.979485819067198,0.0717137192607289,1.00811253107098,0.0523030402396299,1.06938417671406,0.140946138251265,0.0260629049930176,0.0229429690056574,0.166946872328807,0.077150023655022,0.906349550536916,0.0175626998880342,1,0.999999999670556,0.193881490712075,0.210888327318695,0.734509824317109,0.0608925115890492,0.724940265852438,0.0589397485185851,0.67000149924139,0.0704709767556407,0.772421942681825,0.0755947807357765,0.805120395518058,0.0839231018474028
1.15752264429018,0.0763090160481859,0.978346716335572,0.0632469006356093,1.07329816242574,0.135235236280724,0.181830556804544,0.062905605178302,0.441767362408159,0.0869146206603132,0.908286784110924,0.0151023270292405,1,0.999999999994606,0.339197824772762,0.203680445716052,0.738489728901054,0.0690782785924421,0.700464128582291,0.0631906920457707,0.845623005584604,0.0569270093610034,0.779107900432076,0.0714275355733906,0.824976077097537,0.0888480502318555
1.07768662912346,0.0720489337445703,1.05032153105664,0.056398786654644,0.989684773552126,0.131436235407057,0.0460915624251602,0.0487741070614795,0.20798842781886,0.06659258017481,0.892536137797841,0.0226001271965887,1,0.973822966532042,0.205471905426577,0.197667088489757,0.751949040494288,0.0651679816986777,0.634791351980529,0.0653067473348004,0.714745808432136,0.0622417058381815,0.605052245040421,0.0768314169677987,0.629333381344314,0.0898042104735948
1.10434522648604,0.0741452495541839,1.02074767930184,0.0539836561522523,0.991057785572081,0.123390082164272,0.063106435795731,0.0367693355556692,0.250084234829699,0.0767930271086369,0.878463362686883,0.0229938516073911,1,0.999999999962363,0.216013481996368,0.193604320326548,0.660308406999254,0.0613944647270902,0.720548144596692,0.0606283475707158,0.679225754225854,0.0644769459629968,0.672874232951199,0.0750060194859891,0.732405355147439,0.0857098953890188
1.08500186906862,0.0760876510642758,1.0584253100406,0.0568183564111881,1.13099542640712,0.1397085968043,0.0636466080139366,0.0386839319626213,0.268298383464741,0.0869552850013254,0.920975401403489,0.0134424043482056,1,0.999999999997942,0.188170252619432,0.214224882351433,0.737968873815237,0.0638283776556904,0.808213783340594,0.0604761992913803,0.802390502259467,0.0594691929350331,0.75236617248448,0.0773178620765066,0.800173467983835,0.0869067009273754
1.04650903975296,0.0730314856529297,1.11774815031471,0.055830623968514,1.04010913946825,0.133318660458794,0.0345235595868256,0.0242911790883922,0.189494774780895,0.0679268366440634,0.910175919270549,0.0167077093451885,1,0.999999997438309,0.0843247374583913,0.213994296552863,0.723301285691933,0.0630513818220087,0.753207231962626,0.0592084221508025,0.728492607335854,0.0601887795850559,0.765838321831119,0.0670292405275204,0.746069506167892,0.0885223744310517
0.981328978355717,0.0696024299824838,0.956009521822883,0.0534360500503264,0.917108887281052,0.123698146380387,0.0615823094679854,0.0469405294105233,0.208832488736167,0.0710276821724049,0.896702867386897,0.0174737370821958,1,0.878738444877593,0.000659263051426249,0.192735454885785,0.692724609265401,0.0608895778480065,0.692393633878234,0.0550319370605786,0.731619755922376,0.0642481135174992,0.549424196922542,0.0751991149790733,0.71996749205962,0.0833880287001829
0.996157375893856,0.0645486839740125,0.938418327207529,0.0493566687309262,0.788138164292991,0.107574332780557,0.0155504511604868,0.0165284967484099,0.110706386584967,0.0605038327965177,0.912918435795757,0.0138362554976967,1,0.999999999965172,0.176455551262871,0.209637072310808,0.654865709577631,0.0598276863157746,0.663176023596941,0.0557872302310842,0.651507499754053,0.0577162906182691,0.721875446269339,0.0694665118298719,0.635631543286637,0.0849998685636073
1.02572776369341,0.0765973194428813,1.04852512362432,0.0571930302685956,1.23862499332382,0.166941765459848,0.0355867117612138,0.0285457779116335,0.209949018585098,0.086922319110474,0.904270382662499,0.0171264373019382,1,0.999999997586081,-0.13094107603307,0.201282965240751,0.683479230315926,0.0596593070474097,0.64213820296184,0.063653940850348,0.794293056757468,0.0645776191916176,0.798252215136924,0.0768266761016901,0.721941356283435,0.0883540564901015
0.968808559282598,0.0693003413332492,0.97079468424642,0.0538586865738564,0.909532380075735,0.114947608231573,0.0208968210672681,0.0224356095447134,0.137863466475337,0.0762227393383886,0.901298302068584,0.0172775543887271,1,0.999999999665037,-0.26242986398891,0.21145033778132,0.681945513026162,0.0599461750068513,0.687284286663468,0.0597103814225304,0.645378257213239,0.0656787895597724,0.760865518617953,0.0660609161781254,0.642254614017661,0.0858289255272938
0.934669315551406,0.0681069731810275,0.961401130651463,0.0558361919601194,0.934331834842283,0.116013051545649,0.122196317583802,0.0710087399010581,0.258478589561277,0.0798557231900227,0.88424299519647,0.0248794592250593,1,0.764970949428732,-0.252556746404486,0.199730302775667,0.701994858755273,0.0639910110227973,0.729631117995761,0.0577639193523741,0.699659041774596,0.0622093577510762,0.733982567979277,0.0663661918282579,0.549430610816757,0.0931331422913855
0.925371693975452,0.0706026978985309,0.950984275391772,0.0526129989898664,1.10596731476436,0.135344539862729,0.0480286788203622,0.0360079840900751,0.127794725748631,0.0790311835010644,0.856013165510879,0.0309989486203409,1,0.554487122030104,0.118497651766451,0.18612107853426,0.686485086032898,0.0633906258670798,0.667948741961287,0.0629769471351219,0.761091612338802,0.0639282055359971,0.641460347028098,0.075451285958933,0.565375089286149,0.0917847904849819
0.987002679530823,0.0725921156118556,1.0076059817726,0.0566609743838974,1.02336267968981,0.135411078360343,0.0452316750934392,0.0294218732725829,0.215147410461982,0.0734850071828209,0.913976314270296,0.0157906685618777,1,0.999999999978563,-0.328771842424665,0.200222980794861,0.810434505969928,0.064142777529083,0.716112099472049,0.0634452635972524,0.720149050510765,0.0665009057388843,0.718390934691384,0.0771555232541504,0.620031913275087,0.0895370962048667
1.02505471351075,0.0700934081784944,1.07151659183563,0.0547323883642932,1.00421475639219,0.130370678269207,0.0863419299251596,0.0422897448684809,0.294458554159254,0.0783926128200052,0.920475467786283,0.0135701915044845,1,0.999999999950019,-0.325690454802302,0.212658561866734,0.712907141340733,0.0585815793218603,0.62510714281578,0.0601506770046409,0.740192672123466,0.0613860796006128,0.755253076181455,0.0703995969820769,0.543499191314462,0.0909033602557557
1.03687526483748,0.0731610176073282,1.07449415273953,0.0666761038598282,0.917791956094345,0.124197124486361,0.0998377736091401,0.0591713019038017,0.201708925454402,0.0700179910421396,0.900850178616711,0.0188469531574905,1,0.666354827648856,0.134500900313218,0.202871352494407,0.67971688892782,0.0693477059614161,0.703783606353841,0.0614771016080727,0.719566391606023,0.0619354795414282,0.772935072234107,0.07154515217479,0.637322235521984,0.0862381487243917
0.966997757271249,0.0702001765405341,1.01099426732072,0.0504948382866829,1.06183489298331,0.128408256892601,0.027933497498267,0.0238831785621933,0.172223001735295,0.0760106597758621,0.878846177283949,0.0256002441480047,1,0.999999999999888,-0.323342701304249,0.197405352033004,0.611622307934808,0.0657144229201755,0.682931649457319,0.0562494133735928,0.607433219122401,0.0626959394006834,0.728691092004034,0.0660561768784395,0.579773744196901,0.0833785890196392
1.077707644026,0.0711273936634468,1.06823076710789,0.0502605100338537,1.07537820838728,0.133805295580364,0.0147377159987527,0.0177594664592645,0.125891296857986,0.0773929455146198,0.895859536220919,0.0202351763157404,1,0.999999999940891,0.26426057631048,0.1986063657352,0.625499020999469,0.0582648339091037,0.777811049689626,0.0537435962802624,0.627171282239466,0.0632139715200368,0.68477546143125,0.0695760251069058,0.696413531480773,0.0915599576809689
0.986916255238211,0.0765789756579566,1.06260025059161,0.0568788840991387,1.21679131310148,0.157883315195448,0.0320660213891706,0.0299456622668217,0.197528874467484,0.0949796120017028,0.911423708436243,0.0175640013279237,1,0.999999999696571,-0.305264515413446,0.21361182950678,0.82254176311822,0.059465305531917,0.828658523625627,0.0540132888178563,0.703524886339253,0.0677711499083804,0.643790045074377,0.0785226619008769,0.858734728464988,0.0901995668527767
0.986794036450279,0.0744163359299562,1.02707524648011,0.0562263237225176,1.11721166303654,0.148880323533045,0.0400103501385617,0.0304556175897326,0.211423815440406,0.0852309275014026,0.893637876104478,0.0199727718523806,1,0.999999999087273,0.0828876754114961,0.193825239483392,0.723475416774296,0.0598333566276285,0.618879480585439,0.0637312588065988,0.705696669325262,0.060032243865678,0.795377757540571,0.0780860450480127,0.736958273415181,0.0927919419442414
0.999873549027895,0.072468547787505,0.939248452077759,0.0540494078516285,1.1650348351011,0.137705006935025,0.0568853113292931,0.036197212552297,0.257436146054361,0.0851521763441428,0.859565571946834,0.0309110877228118,1,0.99999999993304,0.00381600206972471,0.189450154281303,0.684724380945036,0.0624453649864474,0.65372969116151,0.059330347055934,0.762262390860898,0.0581767955003058,0.66982043364763,0.0730616115239352,0.826126843347059,0.0745755815589165
1.01081771037482,0.0734190800120142,1.04560171881494,0.0573773819590015,1.05981268779776,0.132285667296892,0.0675408117597907,0.0545929230445384,0.251627229819412,0.0871957676593157,0.899922619877821,0.0183650602708685,1,0.940502471626331,-0.0197557297646004,0.201481683974825,0.65837485544595,0.0654677479763283,0.704307373914301,0.066987964608264,0.732056228726286,0.0639486021239677,0.725023898699237,0.07767016979321,0.629373429380581,0.0840795319888335
0.996868656187853,0.0706967736308643,1.02599034892116,0.0554350831241474,0.979991714082277,0.127469577737415,0.0797728895201793,0.0345960732791295,0.279601092150838,0.0678499716017124,0.90980666052547,0.0163398490579446,1,0.999999999960122,-0.223881889563056,0.214077734214087,0.71236921820169,0.069229534660733,0.752428121269627,0.0601750446056106,0.785331457395293,0.057418508960839,0.640177383972924,0.0725987696096022,0.832758102351076,0.0824627479486239
1.03176665120956,0.0724534766273302,0.976245038953952,0.0549769489534117,1.07203709213991,0.135377014344295,0.0988541706051591,0.0513368946773131,0.243906103965242,0.0754329957481601,0.867453292370677,0.0273562687742653,1,0.749238808730076,0.138281132304367,0.187351753742953,0.641239942379397,0.0654874906085516,0.671388865374314,0.0628624772368757,0.700684751848179,0.0624159314104042,0.742953872659282,0.0675673828944025,0.646847680401496,0.0891050842169436
0.895062729363577,0.0679256736721142,0.981328933446004,0.0558939595702416,0.832449132048722,0.109905298782611,0.0488955471045297,0.0384869484686278,0.20174998132874,0.075610067814753,0.898812371051148,0.0188402356760782,1,0.99999999039303,-0.156488613212687,0.200338069088494,0.741556862432164,0.062190644604033,0.655811018801514,0.0583261321180745,0.726294624178339,0.0592464543012247,0.466259745906175,0.0779132997251823,0.808854817539073,0.0742855687299357
1.08073030330888,0.0730101157131378,1.03076193599413,0.0560932985713081,1.00954843419267,0.130512298517087,0.0254486984022199,0.0253596976470288,0.160286284687628,0.0786140502667285,0.901726898595088,0.0190898881350717,1,0.999999988999574,0.179622644143648,0.203813267648872,0.768633814736844,0.0644181126051414,0.731245946090752,0.061476560832192,0.769652085328619,0.0619128489137741,0.57603051005701,0.0728370785448342,0.573678320501266,0.0914270597622282
0.991465406165405,0.0762546623063379,0.968954989336698,0.0579984066539235,1.03802680203217,0.151636193061091,0.0575605815490182,0.0518044380715961,0.149426956427139,0.078790137788914,0.93331854739778,0.0113925571618247,1,0.611310816946831,-0.163199200337631,0.232589388291893,0.775178945425629,0.0685875462016046,0.676619952980108,0.0618835642847497,0.673032126855428,0.0659553131459775,0.66954407287443,0.0757353309941794,0.730209077778497,0.0836073148447588
0.934793452509551,0.0703149354203467,1.05265838829466,0.0567313893481921,0.995037007896494,0.124016709306263,0.0977783411270828,0.0583952197432595,0.0816164778760805,0.0780757204342157,0.878077395814541,0.0255313608577987,1,0.261659736573849,-0.119748279128668,0.201920063271152,0.73092667056087,0.067972557123251,0.670093218244017,0.061105477664049,0.754521182159643,0.0649895363682027,0.652344091631332,0.0794204381457387,0.700182238946482,0.0746149338839194
1.04741868222801,0.0733325923418036,0.997035230590377,0.0587199070574075,0.976976588613704,0.131546606211565,0.0749423849958966,0.0651833720976573,0.244828221203577,0.0815690619471142,0.913724557732029,0.0171491584237243,1,0.904806358160677,0.191650390538292,0.220176657084863,0.718509503681297,0.0615161943734585,0.766847567449327,0.059390976785546,0.767318574805658,0.0680909035851467,0.552540707638849,0.076503188135519,0.695940721992109,0.0930281671842812
1.04283122609502,0.0668599855331013,1.01390996669693,0.0536511845059208,1.0938698106177,0.127343587971182,0.0712266262351042,0.0373494029728938,0.279128386428609,0.0764048045960287,0.865165832901458,0.026937071595436,1,0.999999999740143,0.129806867205517,0.183832060282128,0.654884857420276,0.0605478000773792,0.704167276996567,0.0513834505531198,0.774145900175924,0.0572159617889649,0.66143012978222,0.072764694332349,0.76419229485029,0.0878879152898542
1.00810467164951,0.0733746320156753,1.025677230774,0.0551899231507258,1.08043499113368,0.135040412921323,0.0770165202642671,0.0614440404970648,0.213637060053222,0.0764988555560531,0.87820150135747,0.0222146331928765,1,0.740602759849905,0.170443676940561,0.190595687265565,0.704951541022625,0.0588376927720378,0.630535241516899,0.0650900261790598,0.685579293011151,0.0637218011777475,0.732674364232347,0.0709315754222219,0.83844590070032,0.0831496208638316
1.03048656303086,0.0720442726133117,0.978657485195819,0.0528126019805409,1.10980817085122,0.133620156675781,0.111506890937228,0.0464145950222465,0.35178297090385,0.0811802102982439,0.882116732601863,0.0249471979129546,1,0.999999999796315,-0.257161599383316,0.191420231693027,0.724991399241309,0.0635720077259979,0.717017212015605,0.058392005009456,0.702000341964947,0.0617049292591863,0.672617394667501,0.0678694340194083,0.633653506766708,0.0778437852892335
1.15947679068073,0.0774591504646029,1.10094373121128,0.0613919391271284,1.16366436080061,0.143907072390124,0.173049549638538,0.0711398053354119,0.369593425252992,0.0915376956354294,0.885352024145499,0.0237282239281131,1,0.823616680034297,-0.00897003687954543,0.212669230816874,0.787028768975492,0.0702102076682923,0.732072388202431,0.0629491614208132,0.729368458154421,0.0605625841578816,0.697011013685082,0.064881143304415,0.844778082490228,0.0832366280635969
1.08147588646547,0.0707928553422946,1.03534537317148,0.0558514599342173,0.850985395084619,0.118165234585855,0.0700348578867299,0.0625299602621137,0.177034932117889,0.0740246176291145,0.908444888348085,0.0161813836255571,1,0.725171603654875,0.061447994742008,0.20724104326928,0.710151552072603,0.0636175001954695,0.822537956653354,0.0539574076162168,0.643323618356471,0.0691830158272083,0.814545766784128,0.070347397921204,0.606931085747245,0.0833555650731904
1.00539938140408,0.0745160397749899,0.998489287866027,0.0575853318936415,1.15021081883634,0.146333179735248,0.0486038248253992,0.0579095901434686,0.206899001139732,0.0885159741870398,0.885901015079307,0.0212050424673228,1,0.875053178006715,0.00320519397642647,0.191439444885885,0.76647062717848,0.0591671094830875,0.730442924581777,0.0596148626620604,0.753234106620495,0.0642440579840053,0.705005842742753,0.0784275060084867,0.808033127544972,0.0800539401837482
1.10471826534853,0.0784707068274742,1.09662973155623,0.0568202010854565,1.25480500646011,0.154293021703788,0.0842939877964536,0.0461725644331944,0.325226871324749,0.0956034614121557,0.902563391467782,0.0168446715441652,1,0.999999999670082,0.241452384317732,0.215900212292245,0.6485223792235,0.0674637995902819,0.759839211424569,0.0581952837944954,0.73892784286067,0.0632479124850867,0.630817276885342,0.0739866073835191,0.841087902509647,0.0783396936553942
1.02927783135189,0.0794422779738835,0.969757694150664,0.0621766527858411,1.14962899802201,0.152699919335075,0.086587385947159,0.0629107103912654,0.297908357990447,0.0879701362760183,0.90985364689503,0.0192473745690935,1,0.944227225490518,0.321739103542374,0.207715658594352,0.749314786182812,0.06783305835331,0.765568693544936,0.062286961539147,0.717630388509596,0.0717324890712645,0.77309216990857,0.0774163305575101,0.779026947159354,0.0881911659431054
0.916082302594025,0.0686819634335651,0.894916473764058,0.0511843476575638,0.960714164361104,0.125046830075234,0.0469036509257594,0.0440490250304879,0.198401027475766,0.0713838353742296,0.891561522758428,0.0210100935950647,1,0.93463813166552,-0.0241376661198783,0.19965067835194,0.710255815022827,0.0592646286729393,0.652384564722401,0.0574293893587365,0.740336434486588,0.057835397864285,0.71373703127251,0.0774473953828778,0.680993648315771,0.092772754495179
0.970748681815473,0.0701501903786503,1.03063743632692,0.0543395171997945,0.909347821441895,0.123919314988452,0.0743892965414332,0.0391868157313157,0.260087955787109,0.0735809712573355,0.913840986161837,0.0151695156770512,1,0.999999999977603,-0.132545054877954,0.211894078642926,0.701725333806333,0.0607467053629673,0.593996688553706,0.0619670272587954,0.551298368401262,0.0700552363715984,0.696607477097371,0.0629632771689122,0.693152877249514,0.0809030953096517
0.831893701118989,0.0681352138484018,0.936163990277141,0.0555892689262562,0.958837227425815,0.123866648961722,0.10015666271521,0.0471286636114587,0.309893428097475,0.0794481785853505,0.902936992626282,0.0172520100636727,1,0.999999999957986,-0.393812409758124,0.196968299928458,0.762527434471124,0.0592802026579961,0.671916949840192,0.0546146520443599,0.691637340727386,0.0674340882771676,0.590493515083216,0.07972442269888,0.783811966837098,0.0897600616602508
1.05740135381896,0.0763392135616114,0.873332810412591,0.0517113434913786,1.20459574660225,0.151057998767236,0.0688641196225494,0.0387216358,0.288016363370203,0.085933682208967,0.881450448314645,0.023118728946891,1,0.999999999868389,-0.103145930143449,0.203091929922901,0.673900900063089,0.0647028790172626,0.712697541867359,0.0569986114008978,0.691640449296425,0.0668833568504537,0.626584101488551,0.0765885211634367,0.749777725711684,0.0842539342080061
1.06439325841143,0.0722411132094548,0.999404962122775,0.052350212879215,0.900453059235335,0.129090473498736,0.0206263734346786,0.053055432355156,0.112175635014395,0.0730695399426772,0.912357058165662,0.0148712748531567,1,0.823107501341089,0.428633010420836,0.196172136408139,0.588101753480729,0.0670669892973198,0.700479595232383,0.0582605053324617,0.594825467181315,0.0704224941247081,0.760146229018555,0.0682006960125772,0.795902508024536,0.0836253896883491
1.06156386876486,0.0768873296945191,0.882625953039783,0.05274718362528,1.1617838710433,0.147087132134782,0.0764028513678345,0.0389554205521507,0.297932207701665,0.0828351874091366,0.89801275128625,0.018957940240611,1,0.99999999980352,-0.483964101314878,0.200811994977394,0.695674832038548,0.0689651813947929,0.752951064481726,0.0569766044768936,0.752036123272912,0.0582652963968378,0.747252945487039,0.0675359752760437,0.651642364194576,0.078968337318457
0.937639546080726,0.0659989448067214,1.02106138272289,0.0546395367411905,0.891241547292176,0.116667562667643,0.0605267813231084,0.0481288051884553,0.16805337152969,0.0703685842295788,0.886637438912921,0.0206192258212192,1,0.723561962437521,-0.1394798614572,0.183793645575753,0.723360001139502,0.0610671751746662,0.632433666860306,0.0591532790728843,0.680207117496911,0.0623827701389613,0.750137971203032,0.0694752716972445,0.814108251656158,0.0946436570842375
0.95338396161244,0.0710521798740297,0.953079736459203,0.0521720453217929,1.0516593756766,0.131419653709216,0.0633624245575335,0.0318874305182873,0.258138892556498,0.0684626923858215,0.876298104093522,0.0261474606520162,1,0.999999999990725,-0.08576336983797,0.196256139191994,0.616848508689073,0.0618715141134004,0.751447613256959,0.0570186014507236,0.580362593290086,0.0650718484697677,0.666960247369541,0.0717333491359999,0.735380920434446,0.0895551990428815
1.03339725711944,0.0716185683911162,0.972214601811874,0.0549572320745349,1.03531859100783,0.132058701027194,0.0216775174215149,0.022815054464234,0.149810336068905,0.0810994412262916,0.900952983538842,0.0217721402768713,1,0.999999999993039,0.135327942566049,0.215735696606314,0.689822288653524,0.0658710884578852,0.687778040014393,0.0622198911035851,0.764955293195483,0.0659561476165915,0.709573247835782,0.0696650464279384,0.71268881648115,0.0771300983291448
1.00557346846919,0.0653072891096778,1.00523365166976,0.0530939183146604,0.859633671549522,0.114721330661935,0.0252190659098237,0.0267461528507385,0.147238434926352,0.0700751340247221,0.901992558952052,0.0176947001606583,1,0.99999996536882,0.0426314101248493,0.196193314310428,0.623537901517122,0.0616727084378657,0.724943758661853,0.0534030697212931,0.644722113164887,0.0644660413097805,0.716227362352671,0.0718167031249356,0.74872839475963,0.0843517486391229
0.909430935896318,0.0705594882025621,0.939613475242013,0.059670562493415,0.959365894624095,0.125485297410217,0.128087955708858,0.0585827726942159,0.19219842862079,0.0775980392177819,0.887022037980153,0.0221313037764949,1,0.548281443909619,0.0611335987878127,0.199101118554232,0.706595374857001,0.0598613342825008,0.713001648240117,0.0621016856757672,0.688099381589028,0.0691078017356729,0.730737729737457,0.0781740164016414,0.597765307802192,0.0991373870283763
0.994835873422696,0.0670697294690653,0.978386091057582,0.0522346992519771,0.853357131868839,0.107485134162508,0.0564018127917413,0.0309313021843425,0.219387531996813,0.0642382248705959,0.890516327321097,0.0188519235512688,1,0.999999999994694,-0.234230334962746,0.194306531994083,0.719289753519878,0.0617992212257438,0.667459006710695,0.0573468178002524,0.634045683360981,0.0603760777586435,0.61137795645888,0.0687597482491416,0.818169804293069,0.0789248830161425
1.02763805444978,0.0766631677752934,1.02335745401524,0.0618917323518773,1.13427537281869,0.148482564732394,0.0980960025525292,0.0705914096508077,0.193911336718142,0.0997786643830535,0.902861454474543,0.0182366842285044,1,0.581324054186991,-0.0183745661216523,0.228751585075293,0.653251870233585,0.0679416095221192,0.744360427181172,0.057021115052778,0.714045407492909,0.0626284470189033,0.598242331978333,0.0833738433495887,0.727772883988987,0.0801273451310952
1.11801829825176,0.0751206930285757,1.00770821179974,0.0537674795455835,0.974829782889058,0.131072414458745,0.0393552531121182,0.028779713468932,0.195869019619304,0.0755120881356621,0.907991144631723,0.0161398616081949,1,0.999999999997356,0.523319500172256,0.206273651268863,0.685623428639303,0.0583819836881871,0.750788211532798,0.0571404384727903,0.758729446982109,0.0616979037136715,0.72380732094248,0.069217187822342,0.784870998865483,0.0936757293641417
0.945041880977582,0.0684036045012578,0.92919652169658,0.0513548425761788,0.904343060146446,0.124619619251294,0.0345677753522817,0.0305397201346651,0.176808161887978,0.0715258780320904,0.912265517000653,0.0170993022006617,1,0.999999973859996,0.194195132592983,0.199877561964221,0.787255683528541,0.0592341287173039,0.619393289372696,0.0623952266150741,0.702160217468465,0.0625511408084411,0.645739043263297,0.0721279880404925,0.667036720998901,0.0946978324873374
1.01033393745096,0.0743838037582324,0.991678562011486,0.0581147679981004,1.1498574442641,0.153099466032382,0.0407427311889714,0.0355968400146137,0.216444756812624,0.0971293486505576,0.900349294775694,0.0218424880894979,1,0.999999999940087,0.00877723391074168,0.217860779652035,0.787926020578482,0.0636364447582459,0.785371294320719,0.0578424166825396,0.676795539835962,0.0666424361244204,0.765530502650743,0.0697088169209864,0.642187267436216,0.0920416426795388
0.966592577401954,0.0722547604959321,0.974429572429693,0.0590875372557517,1.10775321692612,0.141474452693564,0.0924498559895908,0.0442894221299543,0.291936619277516,0.0814642035766897,0.9090805302635,0.0165855895463071,1,0.912250153255877,-0.223248802644068,0.202541295915946,0.777381313496476,0.0580633295102998,0.711494196960753,0.0610271172738077,0.705382549300094,0.0650942075005801,0.731333519769722,0.0679156101444155,0.760731044955386,0.0878986764207964
0.977020520166361,0.0731198592084948,0.987801144887884,0.0574462295052191,1.11681052024256,0.142498917559085,0.0768445705701703,0.0538399850211832,0.276623421673858,0.0796006905262512,0.876596667251979,0.0245530150616209,1,0.944262204721816,-0.0121939614494292,0.184524279274065,0.634642971321748,0.0692279326659563,0.62768713151912,0.062790383910295,0.699670887093817,0.0662948866467973,0.665302247178456,0.0677541357872851,0.726012057725239,0.0847447983909975
0.961663439650197,0.0739143585008536,1.01585334367792,0.0563839569581381,1.09381451565009,0.144056035535809,0.100285210315742,0.0536654397074572,0.32312445566931,0.0830356986795407,0.896980382096915,0.0214060650900401,1,0.975617412348457,-0.076625783480098,0.210269817818538,0.720943806817766,0.0623114895246456,0.707325566691316,0.0599309867981513,0.661137438518558,0.0694705114828013,0.788166229599018,0.0748048038223195,0.568226576717182,0.100197586330115
1.07866763138097,0.0762012935724675,1.07397709114809,0.0643388673101931,1.10066715606635,0.137616279075817,0.203540418436141,0.0763607641377662,0.473318342665432,0.101811571053981,0.902364100811246,0.0168460784730659,1,0.999999999997519,0.0148625941948479,0.208984993314202,0.772128932823689,0.0575546723780011,0.653198998128699,0.0659498045244798,0.759291949908875,0.0685518372852515,0.792986549389423,0.0681916595702486,0.480804315264542,0.0912369968209748
1.10019399120494,0.0795383409143691,1.06878978581714,0.0632910158643605,1.11279401804079,0.149022976904591,0.126590488697843,0.0699945269109855,0.269384283396535,0.089338507634759,0.911130250225158,0.0167864829965548,1,0.717735330351606,0.2571450315641,0.212235908702145,0.729269839262006,0.0659690847087288,0.734627856519889,0.0638094311416773,0.674693485973173,0.0737973024450839,0.747720684532746,0.0781927363802579,0.742384194981367,0.0754508830278034
1.07857390916737,0.0778837871064061,1.03071137967086,0.0586188607479179,1.11490541818216,0.146288520912558,0.107157604092516,0.0536289132692844,0.345645183829242,0.0918957862970592,0.919628845753175,0.0160818190343673,1,0.99999999875361,-0.21910596553457,0.228763838393769,0.727494345814862,0.0706804165395072,0.724592111226256,0.0614129578158656,0.838657309839035,0.0624298354613241,0.82718422577827,0.0713009055506913,0.680549448346862,0.0835015097755642
1.01719412727836,0.0772484747862931,0.989985868095264,0.0610974042786077,1.20379472033598,0.154104861967036,0.10252832505861,0.0578753892742883,0.239987397626694,0.0851522749808159,0.856446947541578,0.0312756378389907,1,0.683109441506948,-0.2611280902634,0.209657370664553,0.745343965331552,0.0641610576444361,0.714060145915489,0.0654222179757987,0.696314023298481,0.0653083681673454,0.762693451447267,0.0783391097817041,0.740213280312281,0.0867488417229611
1.16487658937696,0.0755412677974825,1.01572357807564,0.056858928433805,1.0734933758633,0.140799762033499,0.109433159534888,0.0543487512238585,0.2485558226485,0.0827610914347475,0.873446105556875,0.0269273589415949,1,0.725186628630984,0.225836989123019,0.199988935093832,0.736452204086331,0.0643556550366874,0.609296763373785,0.0650817086409012,0.792045979343127,0.0628689597628429,0.75753870822526,0.0742106499324067,0.711278552832253,0.0849378521434598
1.06885256232081,0.0769143428287415,1.00195465464532,0.0558736555891755,1.21522594821787,0.158415110692,0.0390997800628616,0.0445367678095751,0.217979491422219,0.0909923161224648,0.904165755632238,0.018577907862092,1,0.999999909278124,0.40742918802915,0.200920081331893,0.687587581511742,0.0630261982529787,0.720275477958993,0.0619965838607249,0.654918509783389,0.0747303827441464,0.75343896869093,0.0762101185027386,0.737539130672827,0.08491438306643
0.943019284102351,0.0696986264032896,0.926592244085969,0.0553329992237629,0.938267308898518,0.121133751974584,0.0961700106270698,0.0623188490994807,0.258182850821867,0.0702001644500643,0.88378605745036,0.0228928936320515,1,0.859496806620323,-0.134183422312412,0.197028441129338,0.707852502775223,0.0662919243826471,0.633811922915561,0.0618578186558612,0.770292270843325,0.0574734035540007,0.572509642069249,0.083022804797406,0.743930228794578,0.0807739630013754
0.993671028123202,0.0729876895850225,1.01885801135702,0.0575792294383876,0.945772505549285,0.127904804034968,0.0253617156554817,0.0232515377830674,0.154875476920096,0.0738275382591299,0.917999919369235,0.013877112653412,1,0.999999999806428,-0.249563810752442,0.209178766297242,0.69057177110819,0.0652647658258444,0.604473559218178,0.0651179743623423,0.763623158578893,0.0663520445107496,0.708703775103726,0.0719941695672847,0.709611666529344,0.0921059568351735
0.954779967372551,0.0725186819944298,1.02023789112339,0.0561384215832093,0.958791587165205,0.123293840069502,0.0887789967251097,0.0457470092088714,0.291754271906814,0.0814722213597297,0.89961599950617,0.0199142279716274,1,0.999999999993377,0.0489666376358425,0.206955383819961,0.666642079736482,0.068640724089245,0.752160710009518,0.0540696460551724,0.659568149187396,0.0654960242187997,0.645086428381088,0.0726996317966884,0.792784504507476,0.0827497424535619
0.981449777749901,0.0736965997454054,1.07931278893566,0.059467879247754,1.00046245681631,0.131135783301991,0.0514261692406265,0.0442391654088532,0.141986677066265,0.0787445405004413,0.909241579723449,0.0165497792605159,1,0.625972292043159,-0.0390425696763256,0.215671707481626,0.702713843967589,0.0621175194571967,0.659908782505429,0.062969113607331,0.805924638192982,0.064561853893196,0.670705126320959,0.0763075556464035,0.713078094311581,0.0892816026212836
0.966424122229915,0.0747339393772189,1.07353978679604,0.0593029044381895,1.15910548745854,0.1499390601824,0.15045426674182,0.0635871268065501,0.35089446078839,0.0811631553346131,0.910682777027691,0.0164804988520406,1,0.84025823472766,-0.121884566983154,0.211346320554654,0.700499508070607,0.058696386527543,0.663048688797379,0.0627637105435475,0.725441341314063,0.065600301688201,0.646958316701156,0.0751667604222064,0.627551321357897,0.0840887366495773
1.00805658432151,0.073054908512006,0.991582882215415,0.0523000749097673,1.10004620324439,0.135095234640356,0.102099033284568,0.0383472208506896,0.335132293160854,0.0717187828073673,0.893905945371272,0.0205164663754311,1,0.999999999998399,0.0217941419976515,0.201358045544731,0.622394219975209,0.0643181309809673,0.725596676852564,0.0577340722830023,0.628013969688725,0.0679446301878592,0.822724418734891,0.0656245775324086,0.643048070115428,0.0772630307683007
0.921904510353297,0.0659938099006658,0.895799335456934,0.0533979890673283,0.881384735477303,0.11251481263219,0.0639714764505983,0.0572476622112846,0.151810601211187,0.0745142956780318,0.879942875169622,0.0265092834876305,1,0.639331570548236,-0.179217676841384,0.193865520590742,0.691087913208704,0.0627714960577016,0.710978860925611,0.0549793953085778,0.609438455346377,0.0655785228846352,0.865547720988795,0.0648351833550125,0.506306435757363,0.0934973440201844
1.09586539535715,0.0767477698637727,1.14719018301658,0.0636095769693753,1.10038679665866,0.148723093231939,0.0790341206783737,0.0547572832904298,0.152655061280755,0.0762460119356063,0.92111196988567,0.01256285375483,1,0.517644030024286,-0.278270418621414,0.212158752634865,0.647932337470166,0.0632613699048392,0.839650987138334,0.0583074735761288,0.738778869908103,0.0639668744042164,0.722244233353753,0.0754422835162864,0.731261181930609,0.0855393514421299
0.905344011429429,0.0688947653347324,0.924657820784083,0.0523309238770812,0.976946634945668,0.118063419943946,0.0607329738853308,0.0380801063464879,0.24358340347255,0.0798156063199308,0.879476621047891,0.0209259878217379,1,0.999999999829384,-0.148577518104115,0.186483559707683,0.613059286586832,0.0594610621913088,0.730729548496888,0.0543324971108261,0.627019028838724,0.068044764992163,0.735314000276077,0.0639426447665945,0.7673949844502,0.0805328855647127
1.11260662138708,0.0773389132383724,1.04885719682732,0.0576111450401703,1.10203140978132,0.144475911144483,0.0856253652595786,0.0552641419998142,0.233645855558244,0.0850530075161307,0.886296091648124,0.0220138222810292,1,0.760606227477578,0.129138200753369,0.19988104800049,0.685792129027614,0.0658558462396205,0.707506553962676,0.0636266829145977,0.728624030175282,0.06612782175896,0.741701839587144,0.0704327719935873,0.844693322275345,0.0867938432528801
1.14024240549879,0.0690975842724714,1.02598322310934,0.0607206310031426,0.803049314516562,0.112187262696585,0.177488338628442,0.0799416734447463,0.238454632186547,0.0789995095615185,0.922564060821205,0.0136470334770758,1,0.631611084990313,0.457780325091162,0.213115558628492,0.712222903791807,0.0636921755110538,0.737378231825508,0.0551172829618766,0.64470784682666,0.0667026972381735,0.740405665530685,0.0684842288366611,0.671506963605236,0.0897787893050857
0.912019015596909,0.0730369260074393,1.05051371268563,0.0541895378873505,1.06448168161489,0.132399423402046,0.0439538951085009,0.0320689960309618,0.216305608287135,0.0822059045635975,0.891662461656749,0.0221488873795747,1,0.999999999976984,-0.168453086454168,0.20766867720211,0.771636666394501,0.0635611625207881,0.641523574482631,0.0596046541981329,0.681106656363918,0.0612991406126688,0.648223176703464,0.0738305386484743,0.744354104777722,0.0924569662647928
1.05288564173522,0.0693300895714962,0.988172659919733,0.055055045625016,0.967785395376896,0.126451319488693,0.202761947479287,0.0703530879158284,0.389727077595061,0.0783072401474074,0.893087954297421,0.0204582996880244,1,0.87978757037954,0.0742060634643506,0.194951389853009,0.656694923742559,0.0609480444942167,0.660622602045496,0.0644286331680351,0.689951829439951,0.0608440176634763,0.755521092226849,0.0734695751778928,0.635920054379759,0.0842655164065458
0.982526797642768,0.0753828161043107,0.914645033451822,0.0567288163624893,0.943800795812581,0.125719082991608,0.0399529654818248,0.0321443490193168,0.194184552981844,0.0804319123257046,0.903645652342596,0.0193950357927705,1,0.999999999999199,0.188289044705219,0.21394696047591,0.640878987616154,0.0661894833645033,0.654841313000662,0.0610755620722566,0.675073938087749,0.0646463679497016,0.624421734926768,0.0732571195079267,0.636353951618501,0.087088935423548
0.945312235031356,0.0701947682179562,0.833779263157447,0.047195706630377,1.02391356160305,0.122753491980228,0.0163295841804494,0.0400163378047939,0.121418683939368,0.0664962807286456,0.863998898296577,0.0237966365288996,1,0.93900155327193,-0.107683854734141,0.178890912018663,0.643045702087312,0.0597260601110866,0.660498463277678,0.0579209020000132,0.589137390827497,0.067509870758855,0.716113647496624,0.0668952333826519,0.610455037858743,0.0803752245753323
1.01005022341816,0.0748897311417472,0.944104238457943,0.0535387001884271,1.09398243609473,0.139859344702482,0.099523309448506,0.0489779682146261,0.266752840918058,0.0757775601264485,0.867408870494779,0.029057199868574,1,0.808428236590263,-0.0455635708880136,0.202381470534416,0.64548938262265,0.0665810904117614,0.651578047123711,0.0586631337036356,0.784728383685632,0.0608983394660197,0.646328468811463,0.0725529651452673,0.76892215810345,0.0837518799208865
0.918811144046236,0.062558371766098,0.938162829216625,0.0507248856705428,0.704821786390703,0.0957848507353622,0.0676848534771913,0.0329345091939854,0.218416481378186,0.0578106559819434,0.889545941886009,0.0195796420930095,1,0.999999999981559,0.0902113298728484,0.192154256478697,0.63375548433771,0.0606278934059642,0.624919017566289,0.0580627345566846,0.590472455963451,0.0618536368361821,0.533588980463246,0.0775087285402744,0.587704060452143,0.0813841854362463
1.00147054706944,0.0711565442534611,0.968106404485027,0.0570322127650014,0.964297689631013,0.124717078442833,0.0984095699919465,0.0554902236047877,0.307051282774809,0.0780248738620879,0.890404978091532,0.0220110475621629,1,0.996751013444785,-0.0122718019692972,0.205982159709144,0.671722007523528,0.0649772832247611,0.677712567252418,0.0594510145470057,0.627753137684734,0.060604289165003,0.7664570771503,0.0690704502400062,0.584838037269255,0.0936751697887394
1.02810590556654,0.0736634608967534,1.06183829026605,0.0574377061510883,1.06148922000837,0.142637912314087,0.12333755596146,0.0638475806080214,0.286550003210612,0.0909763599929064,0.920223840886324,0.0137622895529864,1,0.791944878389988,0.219847407858027,0.221942698448847,0.823213802406024,0.0593942666179282,0.765899097433122,0.0595647196626824,0.762702859668342,0.065889706197556,0.632052833458858,0.0789304400203431,0.735127054897816,0.0827728717008286
0.961972922965243,0.0709896474196732,0.963502843598971,0.0559849713910962,1.1674502097771,0.138279135390442,0.173021889281074,0.0788697140627563,0.376948716455212,0.0979872499535729,0.854386012733808,0.0303935368162331,1,0.838711427045007,0.0752222405569402,0.173674281476892,0.614045883125579,0.0631014920671148,0.632248380874019,0.0623810200976135,0.718541489169646,0.0626251249785865,0.685748785006691,0.0721785227115869,0.75013776162193,0.078905986204071
0.976089704522575,0.0700397808642402,1.01944873577112,0.0522558894377951,1.0106015702068,0.129085500754893,0.0855590190927313,0.0422365827927323,0.294051150203835,0.0785196711214992,0.876500536645935,0.0233411526593343,1,0.999999999397052,-0.218307864604948,0.195662058364217,0.735146867811189,0.0631489848296542,0.69493309449501,0.0574538061840022,0.704673774269916,0.0622529398602627,0.783581402495087,0.0725096219253905,0.642256518060665,0.0947203703337284
0.954744826729691,0.0752553563600227,0.942437218952489,0.0568485532290778,1.12595685990975,0.140145224124958,0.0977529228048983,0.0629444334923423,0.15075317800721,0.0810934177579253,0.860486212780674,0.0306034209331502,1,0.454402513299394,0.213448841626403,0.203326190500053,0.670603902055829,0.069618977994904,0.602756597719035,0.0637092741304296,0.693321538737097,0.0687771696656279,0.632806455427532,0.0715613013716428,0.751817201995051,0.0800721098486177
0.918544661319695,0.0676342525613648,0.965680859362835,0.0541636700889275,0.869103910854352,0.115355686256691,0.0401231231458096,0.0321318975736264,0.186738221147138,0.0778507703011238,0.895311662940856,0.0195024556801953,1,0.999999999935243,-0.0829908227371145,0.202261839477849,0.676321120025599,0.0601014377553654,0.638689228951146,0.0637040737536898,0.729731709473328,0.0631426324932592,0.56753272497203,0.07928712807015,0.664615908147624,0.0890202124428313
1.02634544506548,0.0769260160839685,1.03390442288796,0.0607447974799739,0.973230641845344,0.140985079855406,0.119931589111084,0.0711690444511786,0.326361771456289,0.0876755828754886,0.921370554571363,0.0138441921588661,1,0.955266616093344,-0.0692348188204095,0.22159266935228,0.75434773299199,0.0645182654975099,0.7197579461946,0.0599960102421392,0.737939641145427,0.0678904946544057,0.647996280056357,0.0830040244716141,0.754392546288053,0.08200951826707
0.967506538986488,0.0728972728425932,0.999947040878689,0.0579840906718815,1.01243040048343,0.128300756743228,0.0632583138495823,0.0367812295899224,0.0472616193189464,0.0780454589951294,0.902495054508129,0.0186490429757491,1,0.186752834960574,0.0567479562429565,0.211016171415562,0.726687766721145,0.0627392986518884,0.709389305563273,0.0628005975636366,0.653567583462138,0.0614629411146747,0.607942852158891,0.077495720351668,0.771045760950172,0.0786106824977654
0.895887272548887,0.0636115974120062,0.925533220400648,0.0534947535362985,0.797237903648484,0.0965777141865402,0.105187445219117,0.051323088518234,0.265455952525869,0.0749078806184178,0.813945675401115,0.0387143905242884,1,0.916677444788222,-0.132912754695475,0.175750536966428,0.63279700040916,0.0603196416784036,0.628025336460642,0.0601965026567323,0.596129254737167,0.0602786753123736,0.834305530023404,0.0682659712853476,0.701377442545395,0.0912369999950802
0.890534636008071,0.0639189008032936,0.857735232713844,0.0521161327393287,0.803271766217662,0.105128107527165,0.0268553651588285,0.0238983266102681,0.146874628491213,0.066271389986267,0.885952155712314,0.0219146180708691,1,0.999999997470797,-0.019820400918825,0.195375043530269,0.643349313013209,0.0601582325179655,0.67006798520931,0.0564352260427157,0.600506800351461,0.0622998458894694,0.712229835269305,0.0716497839156107,0.54284449510274,0.0938301528819084
0.835930756673743,0.0705787370131679,1.07769851827346,0.0637144946576017,1.03470544189821,0.130307088801263,0.218071236513251,0.0804244540687711,0.416165822083574,0.0910118741135459,0.86399236651777,0.0298419184042017,1,0.876110430667011,-0.446028615575481,0.186615905566688,0.720465536975384,0.0604482386949397,0.601641146117968,0.0592106669606313,0.828778945100951,0.0649325485146396,0.757170790005562,0.0796319766237147,0.721221545268494,0.0986104750281728
0.948704040252233,0.0673472203817496,0.989906553597973,0.0499733923778077,0.942973446992109,0.120656560960074,0.0206065236285539,0.0178950029786419,0.139396573169647,0.0616862781835069,0.899037118513383,0.0164836568761168,1,0.999999999868745,-0.165488179597172,0.192761708766423,0.700136627515593,0.0595497020540143,0.557174424057981,0.0631854917539581,0.69482611485028,0.059968157755879,0.716543994927468,0.069369991984936,0.581871062180776,0.0807195779389062
0.945214291901627,0.0743185650419575,0.993823047784249,0.0558126251687475,1.09122894743821,0.138863081585279,0.0391537579666206,0.0297599443707265,0.206701993401114,0.0812043589892137,0.877959964816225,0.0222123892836891,1,0.999999999787347,-0.0728604043891256,0.209379747621036,0.593359583571911,0.0684957286103704,0.756122728873987,0.0551644981928958,0.690907430769081,0.0627460635536596,0.727383554100328,0.0750193130617311,0.799070496131641,0.0866536236911183
0.888935178071889,0.0684363480547037,0.855144401569659,0.0548416718824302,0.989106345830022,0.119309681108785,0.0567665168448939,0.0472588131581347,0.236955927923813,0.0800408115064863,0.80778603317438,0.0410110112457857,1,0.999999908601424,-0.0977334472134519,0.167677350762159,0.778526539692742,0.0543755391893785,0.595259546753879,0.066851732110376,0.633293358225539,0.070012081233524,0.60348503144303,0.0781974222531209,0.591440095740897,0.0900520743833692
0.918119318579311,0.0667119346077166,1.0127653358698,0.0567581794823821,0.880062658759578,0.115226914463503,0.0861428441427658,0.0603947821396546,0.197210571306204,0.074192466609202,0.894291188405959,0.0183168026924268,1,0.716248607825045,-0.459636112564157,0.190362599911618,0.773030961004647,0.0553334810154924,0.768298244507399,0.0606779563571473,0.645316415460153,0.0675902847334433,0.590334685041222,0.0745089351807886,0.558551585914625,0.0934897131217038
1.05211705945752,0.076071992915134,1.0612691402479,0.0585662480293672,1.10541179662987,0.163658008672314,0.100738384383175,0.0493255133006801,0.31395700399688,0.0900011445574762,0.926119720623499,0.0137032874444751,1,0.940828875000523,0.18747634991684,0.229583073377584,0.747422159690991,0.0645856025719244,0.70513857247245,0.0622762474305788,0.755296392259576,0.0653719438323514,0.78750818483078,0.0826168747737571,0.624810350380983,0.100778612132374
0.970777255380616,0.0767469853359044,0.94957902385647,0.053673538624745,1.10153428458506,0.147982950136761,0.0973482070843894,0.0592516925106944,0.316498558700912,0.0849395550179887,0.910149522186624,0.0160771699375077,1,0.966515333897726,0.185504161033793,0.207385865030531,0.63413139627217,0.0698869532967325,0.710592732189061,0.0616865870845084,0.675230148504511,0.0654863782677665,0.765336886042713,0.0778248410742339,0.755510400055763,0.0918507691911923
1.0822884559537,0.0751672969388673,0.933128202780223,0.05045501687264,1.11438919949358,0.140000971784862,0.0468644087500215,0.0288129274079135,0.228528315363782,0.0740767115582256,0.87798804138813,0.0281200331791903,1,0.999999999725531,0.3216610610359,0.204153278574788,0.604313534826903,0.068110915276646,0.654769786421298,0.061750598590219,0.765861910302077,0.0597391069544801,0.628494168913789,0.0771969066032861,0.7596098071463,0.0761323647654384
0.972812969591621,0.0670447498276338,0.974720354759843,0.0552194556407406,0.855755935914513,0.11092550599915,0.0227523483959748,0.0226899052488368,0.139536580102842,0.0712604625901442,0.891700186163414,0.0184310531151169,1,0.999999999767502,0.154344985816707,0.189807043647347,0.634089067093155,0.0611302223896211,0.698892732896451,0.0560076584164526,0.7119442518412,0.0643817581754561,0.720347110834378,0.0684874220613364,0.759097828684223,0.0877696936433069
0.947655592666009,0.0707055645340722,1.01315900315031,0.0557927271324076,1.06323263817204,0.134143579332272,0.0563096074378856,0.0381493853179287,0.244683903158953,0.0863121796218238,0.896345772566752,0.0212503644525283,1,0.99999999995394,0.0183143156098523,0.209105602515788,0.699105295787965,0.0612582601133421,0.745532344487341,0.0567017331426246,0.581437063751716,0.0689603279181208,0.628659045192913,0.0765958921827726,0.62004098417508,0.0884247065452609
0.989347031735326,0.0713537215070888,0.944431302910884,0.0542317639994517,0.974081558964069,0.139036829791234,0.0496803076654213,0.0574598958276435,0.18161599659299,0.0818578786058517,0.920624543289788,0.0147968618080238,1,0.82558976271755,0.0914916866681149,0.213330180019848,0.588376524880276,0.0681171659533111,0.706490478874638,0.0583893173021695,0.629132426948629,0.0678593647513278,0.539402404871725,0.0790059619437015,0.700618030377926,0.0812062293843521
0.890807257955417,0.0645679096265471,0.966410696044693,0.0557788821336724,0.846839060689301,0.109271857433277,0.0706309297969363,0.0386344702752344,0.244567026074414,0.0717882036433043,0.895811512477703,0.0188402956769952,1,0.999999999983561,-0.0204844286564951,0.188202366405723,0.736343290383897,0.0584756692195527,0.623411925525645,0.0606103203686277,0.53180593284157,0.0657269213966891,0.812423002231458,0.0650944501416822,0.56799105950772,0.0891219117153519
1.02346398415191,0.0731761898332404,1.00747462257071,0.0606732940208479,1.01183314403269,0.136264148466938,0.0801265181474001,0.0639462585278004,0.166051488017776,0.0835230139295132,0.906127522029615,0.0186119262528115,1,0.58317672890432,0.179844111891586,0.205633936246143,0.719037628394991,0.0627057391343075,0.68601180723081,0.0604508333644209,0.714043110836594,0.0667735354218696,0.612607498383493,0.0786519179664936,0.736163292054947,0.0873613345681434
1.00513882607373,0.0701490589086705,1.04667453944994,0.060604646074574,0.850805762506333,0.114330971636118,0.160955885747805,0.0655860206832436,0.322331588794841,0.0790858085416765,0.90920639459926,0.0178117098285301,1,0.871032232448937,-0.049123882584404,0.213989217546073,0.768462244136546,0.0627006670601495,0.709595741486903,0.0579363921384102,0.763444210179411,0.0568964274935739,0.714177884446714,0.0817889460010196,0.649694843251765,0.0879322514181562
0.983806674626395,0.0708008837484463,0.976264824197394,0.0573250098746651,0.987775078777814,0.130462535164725,0.106290574151347,0.0501813063631965,0.324023424960228,0.0799412994003664,0.92352375818297,0.011850597765206,1,0.999999998415444,0.0465796841298573,0.224139542613626,0.623384854384204,0.0646144364952183,0.711665744497772,0.0587741761765273,0.680524639828787,0.0650589666110114,0.705575867704052,0.070170802905351,0.776103816466471,0.074899342402561
1.02752114638161,0.0695483574639676,0.94235892585369,0.056011566844365,0.930746259402621,0.117376069171808,0.0716204358576837,0.0401525041706159,0.258186855780719,0.0751318516443435,0.884752795601455,0.0239370686411023,1,0.99999999794938,0.0988781737419302,0.197591893118891,0.573485655918723,0.0681161755739967,0.764357192457833,0.0581787853419145,0.637831276224717,0.0667445320849209,0.748929507778209,0.0736716244256159,0.626537869259266,0.0875666932762112
0.991885075430051,0.069967310838307,0.91651876124488,0.0491413742234517,0.988222254218774,0.123984386979803,0.0153097652567294,0.0158432340124476,0.123001832108722,0.0647528245672095,0.877289758127034,0.0244229535332858,1,0.999999998960199,0.0775771895556835,0.189740188292694,0.623013534139588,0.0648046988767926,0.738058689559726,0.0554484719591675,0.589448291708657,0.0653075357760275,0.698684700043734,0.0662509861403207,0.532176054340456,0.0970994648879734
0.844187757708855,0.0663621602949745,0.949652897065524,0.0552006527268873,0.95556641089387,0.119579569070721,0.082385088360175,0.0658718439196015,0.280578458669049,0.0830273401238673,0.873582948754486,0.025117056771663,1,0.999999036344283,-0.0568536022127328,0.187442936306454,0.585935687600348,0.0624550396708039,0.727544732807955,0.0556830378401609,0.667100475360874,0.0674485606867438,0.828934688022838,0.067352609928203,0.625898877903803,0.0910779048239057
1.01993603420225,0.0775222776999754,0.952001969972384,0.0568800591155428,1.16889236292534,0.149452234686969,0.0980852817077409,0.061415984716706,0.305203637567002,0.0883059640029474,0.877141964268428,0.0268909553508139,1,0.901364652565514,-0.0634749132940781,0.203298212889346,0.760002913921342,0.0628099488276648,0.737854192152188,0.0639610086028498,0.775393547531729,0.0611070834754401,0.684089213305357,0.078045119978185,0.755724693050778,0.0900957189926773
0.977081947747144,0.0675008099237227,0.872515762575136,0.0498704185116618,0.913811959390679,0.117365815327349,0.0231647393939675,0.0199954563180839,0.145493009775747,0.0653839788287367,0.874162888055733,0.0225178422708475,1,0.999999999981803,-0.250307408583711,0.186548736060174,0.692345175721727,0.0608018509600663,0.716624938315464,0.0568792536327771,0.760199404965483,0.0640200149185711,0.694812478363802,0.0734839886823205,0.568660880231275,0.0910510982435772
1.02236134578404,0.0644521580886541,0.996669503472047,0.0516423877251228,0.813489229952388,0.109550250859085,0.0874901315788862,0.0558682987314731,0.240965911948596,0.0678328498767429,0.907738757974054,0.0163949044815649,1,0.903233779590338,0.189017123615321,0.190730468603117,0.69426823056361,0.0606171513016376,0.589176599087049,0.0599081418502563,0.729463403821603,0.0592429467536107,0.753595661638235,0.0665749419886073,0.716921373378373,0.0791516690244613
1.0516055516609,0.0719010362323711,1.0957614266954,0.0550507105814731,1.11470416185063,0.142891892587098,0.0532087773959909,0.034694442691356,0.24354064455572,0.0826261682284591,0.910736145389944,0.016065916179303,1,0.999999999496904,-0.121544840138007,0.20133286328615,0.684844904974471,0.0675035805285798,0.763135687790258,0.0598159563509431,0.681417625712536,0.0604017045965641,0.720912990188352,0.0681067501860539,0.764458799436519,0.0893871650518572
1.00798579210199,0.0742007269069825,0.995275931872322,0.0601399590350432,1.15461304763016,0.154493442959364,0.085360132052548,0.0633177432854356,0.233733555546765,0.0935651033012892,0.908243752604712,0.0181529101063937,1,0.744518161098278,0.298520888018526,0.198867316544263,0.638561169421859,0.0641358721583063,0.690580483584783,0.0631960864240783,0.614486162629503,0.0706474210705435,0.701247304564561,0.0782998626668921,0.712746750353247,0.0813227415171047
0.983038392564962,0.0640882541321763,0.966852907023808,0.0505325597687429,0.921597383942992,0.117601705574345,0.0714056348815277,0.0358192812438,0.256529230898831,0.0698109048395562,0.877189357285567,0.0230812166202798,1,0.999999999999555,-0.183094146092591,0.180319591298519,0.673969615108516,0.0589985286948031,0.631029505792934,0.0578714882916656,0.691478887953149,0.0570422673605346,0.695404409697584,0.0700260715035332,0.667193567861491,0.0944265165660838
1.02497962817696,0.0740771022063336,1.01182083214311,0.0591147702833503,0.940967238192584,0.130112763665721,0.0166519946664934,0.0199376109287733,0.125175802101048,0.076646966066094,0.914273084052795,0.0150071096447152,1,0.999999999997218,0.232326144028225,0.221009472427732,0.764714923834566,0.0565919644816221,0.535057202572765,0.068620360093071,0.705677264074991,0.0675814401612876,0.677043672500855,0.0701220632253642,0.572542221593473,0.0934768199995572
0.934410973502592,0.0710862419856322,0.902301641247779,0.05348423747539,0.999814764534999,0.125915161458634,0.010266102964237,0.0154072598687997,0.101312394143199,0.076184405923453,0.896139931363704,0.0213558108215808,1,0.999999994599978,-0.104885904853081,0.203146849146081,0.634646403712282,0.0631553854481238,0.701859456210752,0.0594629409942165,0.728496533702968,0.056748321017286,0.678014099731177,0.0768820245873964,0.571864375390407,0.0979040404136613
1.07101379496384,0.076428152679423,0.946403480805888,0.0605835875750373,1.05466808280145,0.153717700735071,0.0816344487408766,0.0607838480795709,0.187262937052045,0.0929771421277853,0.934881632613051,0.0116380432390081,1,0.638200583309557,0.367273430629676,0.239716936458069,0.655631157745453,0.0645357787063094,0.695082345762852,0.0663323400599001,0.676828149974928,0.0690951303855185,0.764668122533394,0.0798718525635577,0.666464649039448,0.0902876009069941
1.02946797054056,0.0690411107575812,1.05892768698964,0.0545414957183793,0.854071824490115,0.119984278396602,0.0563822987890277,0.0357529059810958,0.219441410849492,0.0745161438245667,0.91692451939783,0.0149636642491484,1,0.99999999999921,-0.126353530424839,0.203296244161529,0.634372831118836,0.0634890274309303,0.652693405584039,0.056971379484623,0.804296994732942,0.055617119401167,0.694728419063294,0.0733082647897925,0.626517579711014,0.0894222432595154
0.978290430418139,0.068253259488897,0.938215707247418,0.0510663535311069,0.920452196402368,0.114576719523866,0.0408465816877127,0.046960431668407,0.17619414017677,0.0651261280761432,0.841268426151104,0.0346183753266667,1,0.908684212309301,-0.253312705355924,0.171578167505066,0.700367929443795,0.0615317507033302,0.659238457333144,0.0637691943055006,0.656909775902043,0.0658837608956027,0.649430191172913,0.0747352074163164,0.642414100324992,0.0821056193482949
0.899987811484528,0.0697089223171828,0.944384741760297,0.0510233328495202,0.872381221848055,0.109911302288332,0.0082539370103681,0.0131088278108252,0.0848562278774962,0.0664665387524737,0.893269592556526,0.0206669093566991,1,0.999999983017739,0.316300292338276,0.207522805116211,0.695639091344364,0.0605319429243007,0.656835916736847,0.0601717020512156,0.59275030216616,0.0648013776513112,0.683462260883137,0.0691173466507649,0.72047038110675,0.0879611432243542
1.01710700746576,0.0716068430526183,1.0603210455255,0.0549023215498875,0.99405466234889,0.120309105714752,0.0725421515774347,0.0378447656020781,0.26853466069034,0.0756494467132738,0.894168789656089,0.0204079201655052,1,0.999999999997969,0.101916900119395,0.201319372539136,0.614845096574662,0.0678075706672106,0.604584588659482,0.0633650292402206,0.660906328195052,0.0601700107989068,0.752045879070294,0.0643524291672605,0.836367414347429,0.0762787154081872
1.16633874950192,0.081388250670551,1.04277466214504,0.0554117790956332,1.26119284772603,0.15350188804828,0.057700446775137,0.0495849024809133,0.255507798035682,0.0912952179404695,0.898724012307635,0.0188894308310569,1,0.947161031210103,0.0268019220607498,0.199580215531516,0.819828427954107,0.0593229469793149,0.739833713946361,0.0626088993576751,0.728694066874524,0.0613790927678219,0.775441213422759,0.0763401107547243,0.732034908613301,0.0876706455601117
1.18948059226736,0.0757625560527068,0.988719446253098,0.0571808719149174,1.0209956896851,0.129183743497081,0.0466283159480253,0.033945978267841,0.218190993377229,0.082860085210934,0.901800148421258,0.0201821537509541,1,0.999999999902674,0.643653142674061,0.21328194551445,0.678963573026799,0.0686301472398032,0.803552313944839,0.0565198541176157,0.732971747217506,0.0593015322949342,0.723852719582026,0.0674860178970526,0.668916969963866,0.087425839696189
1.14550673185392,0.0707759704133352,0.980663568381296,0.0498959444614342,0.932682641846915,0.112885393692439,0.040400439308274,0.0263455203313093,0.19411539984188,0.0670019236778598,0.886398780020373,0.0203445725453354,1,0.999999999866724,0.0933694171173325,0.204779071016909,0.731832515923035,0.0600457843556766,0.634307981034722,0.0601849241517737,0.64238453211255,0.0621764519334738,0.701282192617243,0.062403931380102,0.699584493976506,0.0797298247483193
1.04562173099891,0.0760230833719709,1.10982262226574,0.0659483000482117,1.07815936152633,0.153617634425029,0.0915363953512439,0.0699671597401009,0.000139619012379357,0.0950661567304322,0.916318281257993,0.0147924295768973,1,0.000444432878002158,0.00518319825793746,0.209685997038099,0.751596510696343,0.0631434771172867,0.829817945385264,0.0551526617324467,0.748433812232558,0.0686865721998532,0.583263888698008,0.0843396878800248,0.737911840801049,0.0931898873458761
0.990025088183465,0.0740696319441214,1.03131273573227,0.0602255402883384,1.09175895146286,0.13636012933693,0.156132543789205,0.0668350243849993,0.224368769154569,0.0776574665472094,0.905857714066699,0.0168068273245335,1,0.543440882720869,-0.550350790975734,0.201342832190932,0.72126820600364,0.0667301451970368,0.824227722506075,0.0578388886930259,0.769832508948283,0.0618833583295799,0.705727155278524,0.0714158679304307,0.842785957185598,0.0777112434279981
1.01242238980946,0.0760381813670915,1.04008593378523,0.060251208671852,1.24675858510249,0.150492926851032,0.0881070946767073,0.0422420294747653,0.298193164807708,0.0785416150580327,0.89328226987137,0.021062740564158,1,0.899706918874542,-0.0284112429776194,0.198503055029998,0.750062386216191,0.0640026978157367,0.830894849599979,0.0584078911066885,0.791855581740521,0.0618742198594906,0.675283647786735,0.0797128496485612,0.690157570037554,0.104787839037017
1.01195367004065,0.0709848977356249,0.99237720880797,0.0535983780998355,0.963326782281115,0.125739055118268,0.0258529183851594,0.0484582473064662,0.157811896812565,0.0703271463267302,0.889522527185606,0.0227117541236789,1,0.999995705539555,0.175874025384047,0.194064949652475,0.693306251951977,0.0624122070028357,0.680716912208677,0.0590653222295975,0.585773265216474,0.0665065503983948,0.469717390086887,0.0807685729540139,0.735855017832187,0.0823781977229292
1.03420797672534,0.0679170136522,0.990107896416754,0.0564873547457638,0.834982496610768,0.111003863042478,0.0765675708950587,0.0502795899653113,0.133105361120264,0.0631855147115304,0.896773196518532,0.0191844300516426,1,0.526422480857641,-0.0113679681132301,0.202974056877011,0.758647034369529,0.0616976247866327,0.710091988537565,0.0587089672827628,0.693040317480173,0.0640214733987288,0.695201603951725,0.0758339630133848,0.598308598526418,0.0809766036489673
1.10017608486424,0.0752684404175063,1.0629785267912,0.0571722113091731,0.900656430706653,0.121866203552623,0.133183805259071,0.0612306935852142,0.252692096164315,0.0735338972225816,0.920019168782218,0.0129135192599313,1,0.729602597260631,0.0892575701679052,0.228225564085843,0.735344861035453,0.0636921422375665,0.793307947355371,0.0618591336413629,0.736658426627376,0.0649706870032346,0.702473090087844,0.0677544341626118,0.77123364096845,0.0781262407905567
1.03786204206668,0.0773343268605802,1.01939733066229,0.0536431640072147,1.21999025540129,0.150605111107091,0.0746982091485451,0.0408056366391246,0.301879259248154,0.0885654290295893,0.89238268543145,0.0221091223356796,1,0.999999999490085,0.0493065871730406,0.202626279934494,0.676087144935809,0.067004208404343,0.732152632797207,0.0636076082899444,0.701319442242889,0.0604183379522454,0.694048922767593,0.0720832555308175,0.800284551489813,0.0878338286496986
1.02802920760349,0.0694261767975005,0.971874079064062,0.0503715599105409,0.976486934472102,0.128338071340606,0.045247346576478,0.0351692544635756,0.184112876053175,0.0673107445715056,0.900620724900844,0.0172295348392576,1,0.87589971655317,-0.107641436205502,0.200685559647593,0.707521664361772,0.0638743149747339,0.694843439836558,0.0632354624322031,0.694325792015515,0.0612418175620514,0.799013750753774,0.0615095826122353,0.684036468513548,0.0924178479951084
1.10186503176243,0.0744303650044556,1.11311166940078,0.0543214531868163,1.12713923468072,0.143234374587042,0.0261579819214626,0.0223740205317307,0.171708146821284,0.0755951975529801,0.887367220130374,0.0204498218051477,1,0.999999999339466,0.138668105427345,0.193718113783644,0.642817735277792,0.0636035783607992,0.670579631307951,0.0535317015400427,0.769079016124834,0.0596153430665755,0.657183432516403,0.0739267489176097,0.921317008481762,0.0899377063035427
0.964706817420876,0.0716601747130517,1.0396606076793,0.0577608693451042,0.96506111753614,0.132779019068022,0.0615371162216892,0.0455500884137761,0.243694638870383,0.0917540431944698,0.924742847130649,0.0131405117218377,1,0.999999990429836,-0.0591791922787292,0.223474109103786,0.671342585555508,0.0641570608102195,0.741074320963941,0.0591857174637296,0.795281412588363,0.057561979256814,0.703630847006632,0.0786100311217239,0.665935147060165,0.0974157537452946
1.00362602795118,0.0689672292411013,1.0384009643975,0.0556651234234375,0.998133577738526,0.11950752843558,0.0804773771661088,0.0463824546635882,0.28342048690422,0.087456693053009,0.848278335882547,0.0303717296709198,1,0.999999999995046,-0.107301313558726,0.186354295118767,0.642761438018133,0.0630001832741301,0.662635853950252,0.0570053470481609,0.712684123980317,0.0616662421153952,0.667259303142229,0.0692155401122777,0.720844914483247,0.0812356640954979
1.00423810473973,0.0691835119914826,0.973185602037227,0.0528846329639339,0.868017481242603,0.117417265666301,0.0353172595567086,0.0351672919097804,0.159252340774976,0.0736406474102546,0.91657790261934,0.0147425701377683,1,0.909553166538057,-0.132594923400404,0.212804696289529,0.670048958185712,0.0625055392337427,0.79255036347466,0.0526113076311734,0.671248515527455,0.0646747266720387,0.724721351744992,0.0667558222203045,0.744704201818598,0.0882910609526295
1.04688082781572,0.0741219859146997,0.971674598339818,0.05212809344909,1.06911168759216,0.129554305971518,0.0577676861067975,0.0347119419050764,0.248515811129957,0.077864476003512,0.86538310896051,0.026545937024591,1,0.999999999997149,-0.0501416608231115,0.192310436001412,0.470026664889245,0.0697981712666991,0.70279554364514,0.0584160240707107,0.66010492980204,0.0593546120284074,0.788080818446724,0.0621283328701618,0.789665627285765,0.080290133279182
0.988580688503598,0.0732076431652964,1.03686253162216,0.0555953080863921,1.08116986150868,0.138375485960378,0.0444710448411598,0.033815688854177,0.219273239114926,0.0862093303379065,0.896048784829932,0.018021236459699,1,0.999999999998841,0.0281047404016598,0.19746775665019,0.691123904210408,0.0596276826992269,0.684051055671653,0.0610744143162972,0.71898249723251,0.06040839164412,0.667924924541929,0.0781614318418432,0.798520892686363,0.0886375677169218
1.10661833541076,0.0703261066353634,1.03693521572289,0.0564946284410147,0.955994018764593,0.12223772285834,0.114948092922306,0.0535162509676397,0.269966003581384,0.0709371928678278,0.892335774944786,0.0176767163228835,1,0.81438657314131,-0.185963010069488,0.191090444863774,0.766911565766165,0.0626734073410611,0.689066463800893,0.0638009479970891,0.621366692231704,0.0651004733453453,0.77538793780429,0.0730983090738925,0.622786524897432,0.0908132243472114
0.943758078989598,0.0714187788941044,0.923954153104343,0.054601600319051,1.05442876309591,0.135383616337842,0.0314971036622174,0.0368706662441031,0.110107455973136,0.0697113361059901,0.848189422882246,0.0295416459489226,1,0.604188975290339,0.10157686136836,0.185188613796191,0.611072686140856,0.0620754298508064,0.66462739571423,0.0590010831556102,0.552015640350053,0.0730434335664051,0.741229899010084,0.0732908569074626,0.642315044983891,0.0904825880159974
0.977675797983051,0.0710707159013199,1.04141304680727,0.0578845447955311,1.03806428336561,0.13144910856193,0.0858527838539016,0.0575802780023975,0.272456101233452,0.077370211354116,0.895703279429849,0.0209617036568394,1,0.912656229228471,0.0214449026547282,0.198384958404211,0.616790326083053,0.0668067888297646,0.677487979654221,0.060001345211329,0.704137396918411,0.0650360581024874,0.709928263782812,0.0736130719591377,0.749394406940965,0.0810009394490258
1.01045749019017,0.0697920123542492,0.910162429362558,0.0485294773690212,1.06072985445758,0.125926884084863,0.0203904542975435,0.0210438563348238,0.147067207750546,0.0772398642568556,0.849420897342446,0.0278308014368965,1,0.999999999449458,0.117256225182266,0.183109297695938,0.642295903702543,0.061681269243232,0.651660112490828,0.0574884024221819,0.670109492551463,0.0632494163730508,0.736657509596125,0.0732091358134541,0.714826039291866,0.0876803625284727
1.0819682307537,0.0712070542827247,0.970283023985854,0.0574014394545954,0.823946786268076,0.113905985635754,0.106080911573556,0.0506960233980259,0.227571827995537,0.0651537483139061,0.910741452212172,0.0147837092541723,1,0.769751057892014,0.226294852584421,0.208862741010395,0.681920961000739,0.0625791749745864,0.746231613269978,0.0595713553055009,0.681379095418301,0.0652137320535582,0.779597738619408,0.0711321852198185,0.454216714444334,0.100527971228784
1.11980522886167,0.0775401091956793,1.07746517818127,0.0587508654974992,1.28490368184708,0.163137841236083,0.0414150079786562,0.0311666559858151,0.230682240829799,0.0904410521674107,0.911239124173991,0.0150937311971492,1,0.999999999988308,0.154348627796628,0.20955281448396,0.770526043236723,0.0583509426918824,0.711556564338044,0.0600859014291854,0.720501296266787,0.0648155034836856,0.781026458466255,0.0678945332033809,0.630547591426371,0.0999500798408585
1.09096866356337,0.0755834670850124,1.0602774874535,0.0567378820894236,1.20291016998285,0.152265516129834,0.0895396160328647,0.04477498867233,0.328189144728443,0.0894917673782567,0.87358135768838,0.0239812356067016,1,0.999999999885311,0.15886976826631,0.184668730767421,0.560231918539195,0.0646262904394422,0.718882716565301,0.0564952233592307,0.688118192075157,0.0669731039645892,0.676189235005049,0.0765377060250178,0.620207806150955,0.0903694080026712
1.06441651961495,0.0732633851847341,1.086027230107,0.06013137013462,1.14490416038432,0.140605499110501,0.120498401176389,0.0602990882827225,0.320882195469459,0.0788945550339535,0.871603539318872,0.0247303632446168,1,0.863913799963915,0.0745635643909334,0.191348823148304,0.716505106777731,0.0632388700412888,0.752946803634812,0.0599333566383335,0.675432915295328,0.0624946094167538,0.639003314117596,0.072686561874285,0.71311248671365,0.084142767262618
0.917930946626909,0.0718808943171147,1.01607259804975,0.0543827967467234,1.04942919059863,0.137708720496614,0.0680027667083145,0.0401907664583881,0.267140578012238,0.084713036196095,0.877037623405808,0.0238211140015279,1,0.999999999968742,0.138283190545265,0.20183246957367,0.660868818723181,0.0628831398420361,0.686623058912106,0.0599506175728641,0.626830023321589,0.0689622026700334,0.540086782656535,0.0755247712093804,0.629758050156156,0.0924465434938354
0.891385975781909,0.0712886429919009,0.940782999340946,0.0567451106418317,0.981302989066915,0.129061626324619,0.0328979834955359,0.0267769135264324,0.17967439866815,0.0761774798834301,0.884617411374778,0.0230767629186745,1,0.999999999973946,-0.086777058309541,0.210148579712419,0.554492629648953,0.0701499107179171,0.728800770074743,0.0588116920739891,0.620316417152517,0.0653584683990098,0.757649709806966,0.0669651448261497,0.70471936376435,0.0960402028329326
0.972041078890106,0.0762619983846787,0.980243640347689,0.0565816381151332,1.05692462186533,0.138146401427072,0.0675593356862365,0.0548840133059137,0.232255013473543,0.0828393877777123,0.900569163538576,0.0190488570364333,1,0.869161347623525,0.013214018883276,0.211514328873547,0.624888610041753,0.0628609795025127,0.676968911035259,0.0627487966097557,0.672605533173361,0.0683154969751506,0.665387119899716,0.0722241323192701,0.699761715349704,0.085260723647316
1.00195433777161,0.0763864084240095,1.02602438813565,0.0571212023651434,1.19293367967354,0.152978959816408,0.136564133633986,0.0750985077673035,0.352193359513217,0.095016389909545,0.89573734229386,0.020989473715626,1,0.872578858315797,-0.0918399811555545,0.197574023242515,0.782641177922999,0.0607860615282282,0.702867689819857,0.0600313014227579,0.684169021377635,0.069429337096224,0.750836501262919,0.0711688372610087,0.76299770480989,0.092978592460543
0.987277863453613,0.0790768033497054,1.07697002689668,0.062606549638993,1.3518993976571,0.167218974921139,0.116301182294617,0.0641800267256552,0.22270000630549,0.0982532686577436,0.872209001707019,0.0284618133200458,1,0.561637344412711,-0.200682193782003,0.212756793755573,0.675109392477609,0.0705822872889322,0.70549589509862,0.0644196180917557,0.876317596177982,0.0597763602303449,0.826946338683008,0.0746302664135072,0.770767304798766,0.095211262614261
0.953735572307847,0.0676168088932239,0.976299046915541,0.0549086194641544,0.902515631827836,0.110787760007401,0.0408855292574089,0.028513562566363,0.192093282711412,0.0702679720108211,0.866956603072459,0.0276928111337067,1,0.999999999898113,-0.0517850586853928,0.192258486193098,0.691710691299515,0.063938014047186,0.704419298960727,0.0595923281642439,0.704563278944779,0.0590628590700835,0.623992904783772,0.0697062244905326,0.718820970533509,0.0771652821676251
0.987753803771076,0.0675941515127403,0.945738675925874,0.0541235499270864,0.799045837271362,0.108731143945093,0.0679478511870256,0.0604271769826314,0.220521547169088,0.0701841823502573,0.895324307338647,0.018907096738567,1,0.946405641962664,0.0900024074618137,0.204105634476111,0.567840107769831,0.0676812062307112,0.682891538330477,0.0568851259521315,0.743728011606844,0.0565447097383052,0.665249957252902,0.0789620757927361,0.589788669193432,0.0824143048971315
0.945090221864784,0.0768955082949744,1.14809791840718,0.0579100870608455,1.29872974886053,0.166557149192051,0.0431803822730402,0.031737861307305,0.236811416178117,0.0907751574954349,0.90789434607391,0.0159519199186492,1,0.999999998280288,-0.150243615276962,0.210411521727565,0.79629865521985,0.0571390096993062,0.777053543706838,0.0616710781483148,0.749704369630978,0.070251750791794,0.83636629016547,0.0732165206975839,0.630027924529803,0.0885338086448448
0.939745105874183,0.0682554967897891,0.933160894957854,0.0528746045420988,0.995555267969224,0.126874585878657,0.113817489286193,0.0602925147360773,0.336617857856519,0.0775573774835372,0.856837591490071,0.0322508939851665,1,0.999999916963535,0.186471789249794,0.183931406387917,0.564908101915164,0.0640976249266894,0.644532040897888,0.0577366095905066,0.65102587225762,0.0619515783389066,0.686876566582734,0.0709281813142623,0.706783008688377,0.085672660244501
1.11564012096733,0.0759711360680132,0.941584819033682,0.0572050750900076,1.11785964664121,0.145456544610616,0.0358843257222468,0.0479847173366373,0.151675145182725,0.0822443799610685,0.889826108285786,0.0218156014446606,1,0.757300746270679,0.365963122241034,0.197009093305086,0.747196426644175,0.062476691265369,0.689194008906023,0.061134079336069,0.70021785678943,0.0665194704182463,0.696922603184384,0.0790685320955197,0.841096694379995,0.0909240094246599
1.08071213379337,0.073850915038018,0.98178827858701,0.0564160601241378,0.928220673533087,0.126226788274121,0.0487786942236307,0.0438406997111508,0.117991158695825,0.0592120103037001,0.914254743444712,0.0140293307319636,1,0.554509208122358,0.13867732938666,0.210032860772627,0.583986915712817,0.0695782223758946,0.79032625403182,0.0590906211013248,0.702773831331839,0.0685894534154638,0.70983933976488,0.0728536746785787,0.594567983755232,0.0878089854992247
1.02523983731891,0.068314425389688,1.00244275196122,0.0543765354021376,0.988091222613919,0.121115093947982,0.0318088452440273,0.0274244784646587,0.177285196185204,0.0790854355373997,0.895987466220974,0.0200371556229975,1,0.999999999989154,0.0484314497447022,0.197922596737486,0.675980729283857,0.0631662364234842,0.694342448893415,0.0549281662477536,0.647265919525484,0.065820703497337,0.708191818632485,0.0677663657806001,0.669721697877383,0.0835188304161342
0.91002800153995,0.0700041619673416,0.900829611921766,0.0488374793166945,0.870882265613801,0.112882380713036,0.0578820151539792,0.0340420822182652,0.224518196354836,0.07109224375459,0.885444696969969,0.0202207678467754,1,0.999999999988483,-0.0253578491401751,0.198976992797274,0.651449998399645,0.0600414859825129,0.650811426291041,0.0603639660661467,0.602802476397253,0.070501734661288,0.575126845694925,0.0751886142210389,0.728099724636421,0.0814338607598283
1.06111603079857,0.0702096998248072,0.992202654952708,0.0576359337898988,0.781124217251867,0.110213570675316,0.0600406978108223,0.0638707921745739,0.198221570712563,0.0729477658060344,0.911119518326156,0.0152911974002151,1,0.915309555759417,0.146131196106067,0.210471247172139,0.753674917981202,0.0580151100626086,0.705109881848527,0.0604595102363141,0.709695555844762,0.0642408359363515,0.636642538355534,0.0805567447676939,0.572052870195428,0.095801547072903
1.07177012972636,0.0754029985019988,1.10325240301858,0.0612453122852586,1.0264321563122,0.136673194520308,0.0748074806288974,0.0425134344782668,0.27710071018379,0.0837744193155128,0.882044237527607,0.0253171269583074,1,0.999999999571261,0.331593019285882,0.204003382809162,0.616026085542875,0.0649484975236826,0.771928910836257,0.0582656670122862,0.64971488515529,0.0671906072236864,0.689866480337251,0.0765885917408382,0.754875291652315,0.0839418323534203
1.04346615241594,0.0730581471685371,1.04229719970448,0.0638797210059284,1.02188511132657,0.130769898244514,0.15489968092909,0.0758273698303768,0.288719787277638,0.0802238108922875,0.900519477212096,0.0181456403669184,1,0.725688518075339,-0.159835191865256,0.205595034075542,0.694064681899237,0.0710806781248582,0.661158701208809,0.0643815802397173,0.765248698664571,0.0631409621512924,0.858130397004968,0.0643128202716483,0.548281418703836,0.085469908979747
1.00069717292723,0.0706881986570473,0.992552331523319,0.0509267752006127,0.905991106193916,0.117255298986043,0.0372700878100587,0.0398227037204254,0.0611443583234495,0.0605131586562209,0.913112041428502,0.0134981503491074,1,0.332747052002767,0.199574399890038,0.216044051611425,0.683269627435828,0.0614586803285143,0.728612505166778,0.0565219267511306,0.712751513411697,0.0573459479698454,0.652067425307913,0.0733921031208471,0.705932426688277,0.0891228234420308
1.05727696290915,0.0758355004627302,0.949496660269907,0.0581188739851071,1.08207526238521,0.136358626109087,0.0951464736893795,0.0589609371316641,0.214092282597556,0.0833129244088689,0.895363903793156,0.0202577760803639,1,0.667230560500362,0.0276365053562307,0.200397630532447,0.749342407911148,0.0623432168886116,0.784619476990206,0.0609207052356817,0.657269635416344,0.0643554076042398,0.753597118870285,0.0741519794908108,0.646303627343689,0.0954043717191857
0.958231415327284,0.0719894546045444,0.917635164121475,0.055497198773978,1.05039807680444,0.126155818471841,0.0634890484436909,0.0448761004097143,0.135933697160688,0.0813950673583503,0.862625542998862,0.0273358829583995,1,0.526381674299153,-0.0243037192087685,0.192046414550923,0.699062565846328,0.063211891598099,0.676179351509406,0.0560558025502406,0.684735809005854,0.0618768626274368,0.760251202524309,0.0716828565919938,0.624398767912417,0.0883322546461651
1.0631617722697,0.0717626243547254,0.935025534939105,0.0497995034510137,1.01557014102472,0.129112798082047,0.0248355520203051,0.0455341260911673,0.126014352508279,0.0712700962918169,0.888214259569361,0.0235434044386187,1,0.793465670622742,0.140383804104697,0.199815651300856,0.625928220745831,0.0664567972510783,0.703871632947553,0.0596899173280857,0.743318039858978,0.0612675354980122,0.537537442648425,0.0799239167583421,0.693327381990916,0.0893594146938545
1.02876891444989,0.076467997876891,1.05479202455498,0.0571308081918244,1.0349375541703,0.131576612579059,0.12220699974407,0.060415200991146,0.236947638329292,0.0821007331096375,0.90391586861647,0.0186151770787064,1,0.666265415180125,-0.0154828198579292,0.210077859762706,0.735491732744561,0.0651593294393621,0.747129949318491,0.0584117997214054,0.688176793159523,0.0631594649899881,0.728874925950941,0.0721420762868558,0.70445481172093,0.094950904240514
0.979652709363883,0.0636941969558142,0.97598887183247,0.052805300168271,0.856459080904975,0.103440339627559,0.0797742926326428,0.0359705570804043,0.261387485003423,0.0641780970974955,0.864429038377577,0.02167424013291,1,0.999999999768872,0.163847068691442,0.179753897861617,0.679585213759712,0.060754997548384,0.637242621271116,0.0612661295286076,0.540015608840348,0.0636278609614798,0.700442300349456,0.0631740968908329,0.73400751067829,0.0788476906090722
0.964889500213493,0.0715768317620159,1.06091266346878,0.0522855494007398,1.04464819721514,0.133565704397997,0.0253240453917663,0.0227719266876533,0.162649064785893,0.0739185214015139,0.913628179167406,0.0152483282710372,1,0.999999998318305,-0.144357589233433,0.217147020473329,0.776113702204255,0.0589607457716727,0.654515335161809,0.0622915410836858,0.729100755503921,0.0625425027496652,0.699385073401774,0.0717618231350177,0.670311410588762,0.0810800642892409
1.02933660184119,0.0781754687085232,1.01406460811766,0.0569869990757436,1.20887444224973,0.155065461053394,0.0912701524848647,0.0446950184662665,0.332165854165343,0.0881971244577275,0.90967730079546,0.0142645592795076,1,0.999999999973732,0.277694165400412,0.219775612426499,0.706598103795703,0.0654050407429123,0.676275660931158,0.0601499238295631,0.780636372281927,0.0651520033391425,0.774342940765803,0.070175614229234,0.653917439244384,0.094327180061113
1.10913774763665,0.0820922500743612,1.06746019059563,0.0624286094691984,1.23277987784663,0.174793033379505,0.130831926968436,0.0750921717897838,0.360509163036264,0.0912657383710743,0.9320183742297,0.0130619396080506,1,0.897669914820244,0.237115440600841,0.245809532713144,0.827737613032498,0.0754475927594856,0.669587365206504,0.0661521128203541,0.827879245808059,0.0636526034453954,0.773246992185374,0.0753060443771682,0.864220364670895,0.0930162151057681
0.905605692734468,0.0676803792185626,1.02950554073096,0.056928476743362,0.869379731207003,0.11784526181602,0.0461035655778005,0.0506223993055486,0.200203599731555,0.0685572977813246,0.918897315020709,0.0134683683981123,1,0.999999699309654,-0.0912342198177119,0.203740088706093,0.738300354978813,0.0616139628311353,0.759656688878281,0.056944306146862,0.619203499545679,0.0693535835883001,0.720331020242755,0.0743569526433742,0.584979005022665,0.0918763471013228
1.11570772123915,0.0819006523754815,1.04998153383782,0.057721435224784,1.29183996410427,0.162214975710299,0.0817797888532478,0.0569009210472395,0.293910400506961,0.0903363168589861,0.907987913718376,0.0189761536295559,1,0.904248098723666,0.0137345135108169,0.214809513517452,0.790267976746802,0.0659096017650547,0.785698838121338,0.0623764873685418,0.750759490818492,0.0640678912849015,0.584473330124338,0.0839934561817528,0.771321385054871,0.0881396222210773
1.05162204522577,0.0732052765865607,1.0480215424994,0.0583803694957716,0.940830676635817,0.128110182505321,0.086813623134082,0.0587814910232234,0.247634085925787,0.0770532815181746,0.910622323557938,0.0155611104738092,1,0.866484399424062,0.0675336324451508,0.20437022848422,0.603484160625255,0.0687550224305606,0.758258574980779,0.0557750462861006,0.698284355168118,0.0632950586440824,0.783912855733624,0.0732310060065393,0.601315793673191,0.0962528950341437
0.998383949196633,0.0688806199093406,1.05521130654165,0.0523599550181746,0.958794982368429,0.120369477698502,0.013417741945286,0.0387456715815134,0.0946993514394859,0.0610305603700134,0.900938305458952,0.0171051026316363,1,0.834919127970581,-0.121615805509105,0.200901316995272,0.606681225514155,0.0605974712757666,0.752425910344492,0.0590248610936415,0.528472442252233,0.0690949021200999,0.742787742629129,0.0687124085805539,0.722028603639224,0.075978156056687
1.15217416485228,0.0809440337301351,1.07182277613049,0.0681944893943035,1.20889136750581,0.166299962024463,0.170333953387221,0.068845536331801,0.295914400664361,0.099352560328851,0.928492968161295,0.0115679250067099,1,0.652111485249642,0.315154722093208,0.216925798861026,0.720424535334474,0.0675167477374637,0.836061841208275,0.0608897154114413,0.717097172005038,0.0710309935427764,0.719189587459598,0.0820171998200306,0.782257969001942,0.0754380978334251
0.971916989860323,0.0675973103866355,0.951699310792335,0.0543262040520063,0.859555654301514,0.109057658696963,0.052757880177924,0.0346793120055438,0.212951483085841,0.074416703642493,0.885095200237034,0.0198537489187342,1,0.999999999256454,0.000877544931757914,0.184792687558451,0.568982692636024,0.0671439026544614,0.704492830462949,0.0563390050466176,0.618841065060548,0.0624936757625645,0.613080630994557,0.0699826177287476,0.646839852578325,0.0812876243085703
1.13311403091623,0.0739960227911576,1.01504223770866,0.0587386035183348,1.03961580913088,0.132151564246322,0.0590655600922289,0.0573594910854781,0.219310314079695,0.0879241545900501,0.903318615877091,0.0184417481574998,1,0.885024831524986,0.259612940804188,0.203321910278339,0.66773331959367,0.0654223271124781,0.774691313785653,0.0566466608321142,0.784608688718344,0.0639066062275231,0.766224764089441,0.0660013647293874,0.64256735187197,0.0862967307376923
1.04166067044119,0.0715765454169269,1.11234475091284,0.0560047160937941,0.879560321443699,0.120548628833269,0.0346290793031476,0.0442221860025347,0.0960392441530151,0.0711159640446952,0.89704445398445,0.0173920159164584,1,0.550294847277909,0.444143387830628,0.202490027843046,0.707251191956863,0.0641347058755527,0.776657398100723,0.0544041143302463,0.658715505651933,0.0651529268767855,0.671943305770499,0.0762451189866857,0.700012187149509,0.09260730238604
1.02099455801172,0.0721289111835493,0.92261288226889,0.0573978048416646,1.03512080297467,0.13208277319259,0.100615997071475,0.0566482136130389,0.107894744085687,0.0886967325329513,0.891907120345544,0.0212911997802679,1,0.334326847530618,0.0204968048765571,0.197164820585783,0.6787675901879,0.0682063465436846,0.620267242620876,0.0612965196176151,0.722996585152578,0.0613525383700931,0.7155339540167,0.0683860154110874,0.837415300706557,0.0901064030177245
1.01452922213788,0.0774868145014838,1.05593930114532,0.0566958673719275,1.13744267429508,0.15121652087321,0.0656459830637058,0.0538124011668286,0.254558658480746,0.0840203513901612,0.904863444860804,0.0172365758419479,1,0.931577598144472,-0.134350270430533,0.208131062961376,0.69052947578206,0.0601879115179277,0.77070100199703,0.0599488927277689,0.82752170157139,0.0596139632315121,0.739061327137817,0.0798695105749166,0.476433099806067,0.10254033351213
0.910986537681787,0.066421193271684,0.932905493826493,0.0503534303726794,0.810648585566111,0.112051279529087,0.0613354859063311,0.0361570202648907,0.222983238949309,0.0701809477568845,0.904067561801083,0.0166534732883971,1,0.999999999571083,-0.111248118118207,0.202423825988117,0.695405733042261,0.0565384121023256,0.679317700695375,0.0594649098243887,0.699760635092775,0.0655416944003654,0.587295473087359,0.0793309714270761,0.559678027232295,0.0916435645190513
0.93248644788058,0.0677461385679745,0.872461014511639,0.0526998399221844,0.93399578329477,0.113126452613555,0.0986968003369581,0.0431786651015983,0.303615538698157,0.0726372600026803,0.877573793304464,0.0251532784696174,1,0.999999999997653,-0.00538124989841906,0.194337524721029,0.597357081734434,0.0636090767021253,0.656910141684496,0.0596718480643652,0.661743916460346,0.062726083263868,0.611655758366056,0.0717076744387873,0.762994636531055,0.0747095833645173
0.972295548634998,0.0742959766546794,0.968581035496818,0.057860784031543,1.08190506627778,0.142733465076219,0.128428860992224,0.0614078219730132,0.257656545229917,0.0847685795487222,0.90996877842977,0.0175981178933491,1,0.691218393942654,-0.491335969423933,0.216637083155389,0.770421550547538,0.0684102176477945,0.682075064783238,0.0634351739186129,0.656947740228013,0.0630707558326561,0.756147666579524,0.0611912267397185,0.7576056035542,0.0945244241227846
1.02483386301167,0.0750800459204664,1.08565195426826,0.0646307045649224,1.04827278036198,0.140566542384713,0.174180156057768,0.0619539355620152,0.354040599505708,0.0845026170184446,0.908038605900716,0.0159435135598436,1,0.828545905244792,-0.240665029938635,0.203583572487908,0.79064373354015,0.0599815006354188,0.687856273094765,0.0680822330998519,0.714484355011601,0.0694820187072775,0.729938344795362,0.0644111964334432,0.831575822898597,0.0822602782793784
0.89821731703823,0.0673519778048985,0.920657171396007,0.05545874683067,0.872423813381007,0.111851155740245,0.0406147320935164,0.0496439653492389,0.115012248615623,0.0749622562179921,0.895955860737699,0.0182535101173688,1,0.610996246581415,-0.0563450387260537,0.192546769361258,0.698610819979016,0.0615674500269017,0.578012227077941,0.0659692016309806,0.667825801809417,0.0668660491599508,0.590825230778131,0.0748785295504162,0.70117976934354,0.0804687851739617
1.07884741971848,0.0738474575350535,1.02122505608885,0.0574284690644186,1.08202295218214,0.145041937134323,0.0514485183168833,0.0511628000034534,0.197841644047019,0.0813343904369958,0.91055270519523,0.0143081798090893,1,0.838519254898671,-0.283631204159853,0.208044270235397,0.845937282944587,0.0618575720903878,0.70563336568985,0.0624624980797504,0.712561101929819,0.0667441374273003,0.776853837843439,0.0739809958311602,0.757695837748373,0.0818285476981544
1.1346647821193,0.0758640584553472,1.08416963850236,0.060503146145072,1.02811698786728,0.135374247974281,0.0701178219154511,0.0510088487506322,0.143244010344146,0.0843136859049148,0.905364926138266,0.0174768997209313,1,0.533508072560347,0.240816271851219,0.218965797604441,0.670238841450967,0.0664447408269995,0.802020422935905,0.0588271978979901,0.693498702312049,0.0702167558439931,0.753585728718521,0.0687398486677948,0.790333809536978,0.0855558526444283
0.966735116468765,0.0738560697025779,1.03833916019404,0.0562364182536002,1.16028123335552,0.141292601032094,0.0349176928506236,0.024252376211123,0.201281752059996,0.0734626892357358,0.882979937478753,0.0246339880453795,1,0.999999999823411,-0.0211395777574924,0.199883080189198,0.669861097622137,0.0645582284538692,0.734504047006386,0.0602426498519073,0.656360231404981,0.0653872542864608,0.790406164139013,0.0728553270289451,0.707213806283817,0.0793243445986629
0.970813242466382,0.0671566151523768,0.96058106267813,0.0562794213473378,0.790093243571703,0.108764029878232,0.118382842909775,0.0591331435888941,0.107008015930648,0.0718546797523381,0.904091483178469,0.0165900286966192,1,0.349890986793801,-0.125001938461689,0.199671587224951,0.703984731024086,0.0643837145339453,0.722116693058983,0.056845340803913,0.655283446055051,0.0666269380259739,0.668562665298801,0.0790104953839797,0.564340561716647,0.0891738446706739
0.862344305291016,0.0707976701202741,0.937136345245594,0.054194974658012,0.900032302289684,0.117626043287455,0.0424461200937227,0.0488969370417114,0.183080399551584,0.0750367948520824,0.907379454205159,0.0174488473004664,1,0.936685514338702,-0.0359051607731484,0.215676088961433,0.725716968434811,0.0625330539542914,0.697876198587605,0.0620633576907507,0.660163208900201,0.0632424821496549,0.651995177422986,0.0741632125959221,0.720114177854722,0.0893702728285325
1.02810333116407,0.0776613830571697,1.0822397369774,0.0660170322479262,1.21520242616956,0.165467571745223,0.17451540039208,0.0820307201378962,0.369884075514826,0.0886188001407235,0.905644014580898,0.0172050276090361,1,0.803201371224751,0.0490513812039329,0.209438557970476,0.727675526106646,0.0651454203156855,0.728241103975191,0.0624063502919089,0.70963344972457,0.0651415954017018,0.79694581812499,0.0719575779987593,0.671062381438479,0.0891339274181374
0.95979785763329,0.0696113843533025,0.941146756533775,0.0509493308549067,0.920186956837701,0.118886975087186,0.0250925794676545,0.028915290659643,0.151953489092067,0.0818882619401368,0.895109494184455,0.0210742900616315,1,0.999999967685035,0.377488669468753,0.207091954546647,0.7126922185675,0.0625777380111774,0.619578069976651,0.0620546956034016,0.656851692657847,0.0639010723540291,0.665060617277777,0.0725059303911009,0.668051000863879,0.0841117498044224
0.999710356420782,0.06564283066336,1.02040559404015,0.0548182844951254,0.857083519442014,0.108872087167452,0.0586296430703098,0.0349823410541365,0.224166234802234,0.0714402832663431,0.893453118431074,0.0160167016176892,1,0.999999999990848,-0.0926942585858171,0.187701728886082,0.599473128784016,0.0640495315426014,0.646979879963028,0.0588251317632368,0.668610689057652,0.0625297057976544,0.655585613969669,0.0773530321111846,0.754784533615817,0.088805625708811
1.13581254578675,0.080557607524062,1.03462408427137,0.0609956357249349,1.1320261852405,0.157242354948728,0.102714722099935,0.0656310475979571,0.243333040671103,0.0948314923322805,0.919585476557985,0.0155757754778306,1,0.713602723605061,-0.0265099509144395,0.22785187919255,0.670039386268428,0.0673052473743032,0.761096126932067,0.0644989061573624,0.864309711690715,0.0630632472556596,0.67330103744867,0.0712954938120591,0.576023339834836,0.100207899321623
1.13917728710865,0.0765398379302737,1.07358652584777,0.057797896935938,1.14033492796885,0.147978744440872,0.0960987722936735,0.046419820596263,0.331035929140609,0.0856193494091596,0.892060206890249,0.0189584226248685,1,0.999999999090133,0.239635500759661,0.197138267478926,0.720950354855075,0.0611260782843839,0.717350390617544,0.0568302280413519,0.746389964105173,0.0633551740964111,0.758969899451095,0.0714264053443627,0.667948257361872,0.0950674425372411
0.935565903990022,0.0667801730906712,1.0347674597748,0.0532465000949328,0.933064765335572,0.112790392797452,0.0285202622539419,0.0252887014504871,0.163129554673115,0.0728783458381086,0.893833713487034,0.0202481077358189,1,0.999999996252819,0.164722679832878,0.200965667564677,0.708118724770271,0.0621063180131038,0.609757774377811,0.0585443563883103,0.736030502691275,0.0613475331403193,0.601804427522202,0.0729016761556358,0.804171971466137,0.066852755902062
0.987639276043625,0.0711035014432859,1.0660372608426,0.0617851661305164,1.00315670204454,0.124799863339571,0.0446356874655034,0.0480369424753311,0.158793037171785,0.0802750255542394,0.866976902687402,0.0288874755347579,1,0.750422681062382,-0.24184728935758,0.193154438945832,0.693597146452239,0.0664629662124808,0.774568874149778,0.0603255788114502,0.745723689874425,0.0642937923442562,0.68800628846266,0.0698710778328785,0.834334192905373,0.0801119396129578
1.02711852866042,0.0720333469253273,0.991240652254902,0.058831028377337,0.906623147817787,0.12449166904353,0.0551980455588211,0.0469638934505413,0.100248351045066,0.0768091955197956,0.912376526101786,0.0152392580521278,1,0.448127902436619,-0.080355035558111,0.213001996796652,0.764481933398136,0.0597148036035259,0.706610338507931,0.0637147175734502,0.674647674538722,0.0628690320495199,0.649967452523221,0.0749279662407627,0.731124199528539,0.0846166097886823
1.03395323480562,0.073751548918262,1.00733680838975,0.0596197807465841,1.01383227320939,0.133767843202,0.0500165609691762,0.0455935865892559,0.22518524840636,0.0772561789673512,0.899551698764237,0.0181531402663417,1,0.999999925005898,-0.181881700907548,0.204477928618751,0.686263424472305,0.0724084259326697,0.840880489461572,0.0592357728549451,0.667656820839049,0.0652027195694363,0.563053818240776,0.0801346278164219,0.660145878492269,0.0916866384779006
0.982643558175719,0.0684264468346655,0.97838607430463,0.057250184886549,0.823770917447129,0.111963453275151,0.115586138876657,0.0574039719385068,0.19598178449021,0.0621510020947182,0.918650960689583,0.0142496514607585,1,0.635125576002544,0.0309840632120992,0.203747644813563,0.740848507007156,0.0630491087812524,0.688075699648357,0.0654371706778312,0.605991605941289,0.0663384126500937,0.726706466797103,0.0689349174356262,0.650374040396385,0.086858839309206
1.14204176125409,0.0791444769864622,1.08477202450884,0.0641346950896495,0.928064012521127,0.130989516136602,0.147821550965146,0.0681258753730315,0.264081693499637,0.0793699379940335,0.910221414819,0.016504303997258,1,0.712985098051709,-0.0339689162803888,0.210854802253791,0.742940841374229,0.0695354114127273,0.743881739328921,0.0654773292017095,0.676872233510444,0.0697100581191338,0.72732956102292,0.0747689283200376,0.700668693879231,0.0869181135966034
1.03186876059612,0.0781851896135829,0.958969901465303,0.0645642628936248,1.15174052776633,0.155289816891855,0.286560470827749,0.109684831157766,0.441259071957071,0.101747023151873,0.918474047623808,0.0151170824760614,1,0.76808305070186,0.201816451677952,0.219763132294918,0.606523365319847,0.0728993496852649,0.780275930406966,0.0629716398168823,0.749009074346973,0.0687029878613667,0.739415405809512,0.0681823943699709,0.755984645243905,0.086644152519396
1.09250256084029,0.0712924728328724,1.02367024462186,0.0563211298721874,0.830811295975759,0.11401944805326,0.0385778736715457,0.0259435259886639,0.179027744277375,0.0626554219790219,0.921016854540954,0.0128677806052504,1,0.999999999999988,0.174113639987182,0.212222453022766,0.688809659088173,0.0624427922813866,0.760274873969922,0.0591261599132519,0.626862927748782,0.0671488689256468,0.710394229222304,0.0700259634023942,0.685479887648587,0.0816600704114746
1.0598820787188,0.0652076055616502,1.02192847143366,0.0546706476095111,0.760581567214349,0.101951906147491,0.0348725461095711,0.0282509034566529,0.162860110961855,0.0678302402625556,0.893711300308496,0.0210210959220187,1,0.999999999429475,0.253208911339804,0.203442495431035,0.571564861473984,0.0670614555887691,0.697160461492203,0.0611850044379235,0.650286871722916,0.0619572159939482,0.700771892705453,0.0667905454560464,0.610382621966538,0.0767816034717582
0.930080839272304,0.0768633140822576,1.00647034588444,0.0599331000091527,1.14054466584799,0.156771471535415,0.101261968602359,0.0644597572026282,0.334512277249385,0.089721458540313,0.906104806600584,0.0190950217799419,1,0.984311887112816,-0.27695476206779,0.213758885780262,0.659331826943265,0.0662039949468105,0.682449026669969,0.0597169914291878,0.724031967841637,0.0669194898623206,0.903962969579213,0.0641132667323737,0.515399025161029,0.103385108313182
1.01836004120307,0.0744125093250304,1.03627918168542,0.0611626731433411,1.25839559421137,0.156597572569809,0.113684140054186,0.0610507933014332,0.295023314681729,0.0856685533058155,0.874391350183579,0.026321708717193,1,0.780005748003934,0.0185972682231115,0.179855310683787,0.683423368461604,0.0630422580788999,0.727538787438984,0.0577420231755541,0.753692154829468,0.0658526096591824,0.725728523480103,0.0738883471187165,0.729680728205301,0.0866869132767374
0.939901979607217,0.0755604099751854,0.961291583562808,0.0568697010654498,1.11293677956064,0.144534751154893,0.139709681122402,0.066723716451999,0.342756239079701,0.0919872828971919,0.914558673490991,0.0163260537491934,1,0.869234330904067,-0.222304254280266,0.223968927670954,0.783506214958999,0.0646028328636773,0.648317573661788,0.0626695116258251,0.705629255218739,0.0646923465290862,0.641839405794484,0.0705274905911991,0.826638246788659,0.0863910713150508
0.980655886445024,0.0670823097964692,1.02228745204934,0.057747828056622,0.913160407569721,0.115139904141723,0.0812119870884546,0.0637690300827765,0.262170633741815,0.0763891746974205,0.887557118045497,0.0217446453228928,1,0.962720985677414,-0.072105933677421,0.191304923948563,0.725298040503635,0.0607439095164684,0.713403441284944,0.0579697090913188,0.753267373869641,0.0585294700633179,0.627102969649662,0.0727993261505511,0.639200368016268,0.0933826254325569
1.11605551722444,0.0757421555196542,1.05509467656186,0.0605369195940524,1.11548848846718,0.147938625882049,0.162206674331435,0.0672108896320769,0.259714093279637,0.0972003419378864,0.914936048900829,0.0154911670948991,1,0.61056036816181,0.128251758198513,0.212832635664612,0.773042236237054,0.0702403259824673,0.636496523243521,0.0646174916306021,0.673520884823046,0.0602941032004764,0.683168883463463,0.0687347066742781,0.64148727319962,0.0802193103366207
1.03408240210354,0.0741396632680125,1.0182593715982,0.0550835901687508,0.988250835014838,0.134566937254947,0.0400972438277438,0.0309546390257892,0.19906314155043,0.0777862813954133,0.919245379776723,0.0149632004777314,1,0.999999995323352,0.02001069362698,0.215716978516705,0.793663423676974,0.0599302551495993,0.768457875073574,0.056491849072825,0.738513951195571,0.0657295817921417,0.742909388608976,0.073342573083056,0.645341974998265,0.0913887992025208
0.925637296710916,0.0701328261584289,0.966498619946331,0.0567218287565866,1.03294286964007,0.125826113257564,0.0116338388445709,0.015562951403027,0.109622492557708,0.0741565712572936,0.857133294956165,0.0303325974600982,1,0.999999999730529,-0.208212072593049,0.187852208865942,0.741446546526013,0.0627507194836334,0.703461379792184,0.0554091193118832,0.684645611648252,0.06915174031336,0.667585934898714,0.0761949405047864,0.699516388036946,0.0837461202490972
1.10654031106939,0.0741774120525455,1.02600273417515,0.058729274204047,0.978146422111526,0.137359840298133,0.0883347283242217,0.0528972368023246,0.155484998046628,0.0899522658823878,0.909233055277273,0.017986294277608,1,0.528957547543093,0.00798805894526984,0.216400211033825,0.736380011771077,0.0632032980075806,0.717323452089725,0.058992014477024,0.671062499523035,0.0642215200330458,0.703901618216954,0.0744008278698678,0.725048512079956,0.0793261863529895
0.909567792393017,0.0715609544019192,0.973392099290533,0.0533148989290108,1.07832408365234,0.138517772357192,0.0605982780141358,0.0388066618565482,0.255625864339106,0.0854118002340288,0.896485874445357,0.0205649050224718,1,0.999999999300727,-0.246863254008254,0.205583110284114,0.636287528702492,0.0639812686431239,0.645102242566922,0.0664925384555007,0.666287464119397,0.0705525465505996,0.72879491236732,0.0656695121927393,0.670440502698379,0.0865916515708749
0.976029673232554,0.0686441657424755,1.01828988506801,0.0548474078400151,0.956085429069099,0.126306581947581,0.0679860570890905,0.0454794226550803,0.225088693915165,0.0753667314899183,0.889467880402071,0.0218572582939311,1,0.882867244228191,-0.0753028754612783,0.193936624444141,0.610149896910768,0.0682144479344699,0.564081540519501,0.0677019187015897,0.664945719400638,0.061615230793749,0.747968770843676,0.0704959943950691,0.701214262304016,0.0801445133730895
0.926476170895183,0.0714412760632515,0.977060242736722,0.0529624353006808,0.987313559591798,0.127835245434053,0.0713750211534774,0.0431317881933624,0.265460969260944,0.0849416211618901,0.913422391242938,0.0160002594368216,1,0.999999999999858,-0.0373534166013701,0.217752810377864,0.697375065750096,0.0615581938005931,0.646810543558227,0.0588292552789443,0.716983300448272,0.0651559422150658,0.623615518120389,0.0710825222924361,0.796679280227611,0.0745728848683052
0.964826482059531,0.0728750204423051,1.03716067712965,0.0548036590916792,0.999583822437862,0.125692463504939,0.0702525153201473,0.0413582043970167,0.26499675054396,0.0828154587482468,0.893709285291976,0.020673595239278,1,0.999999999994805,-0.0344687708928183,0.207425669316662,0.695003249144323,0.065555167228991,0.68445316404571,0.0594847811423104,0.556242430850703,0.0658279304598057,0.785027912440445,0.0669590443351264,0.519422651726904,0.0805350462862399
0.985548609816855,0.0721480404197787,0.911871757634026,0.050158637026746,1.00721894986078,0.130805845610671,0.00834313268324677,0.0166142369703057,0.0916698360022056,0.0759672442922163,0.919619003656839,0.0137869634167763,1,0.999999850827678,0.0939102764774867,0.208674359143193,0.647485086939767,0.0649412827783823,0.7209383857637,0.0629692334139324,0.73346296250809,0.0650088785291642,0.612410193408517,0.0724249142661984,0.697438907492092,0.0759373059241423
1.08379118693034,0.0737891833625759,1.06228576509554,0.0565586521362247,0.954442431137022,0.121997323254128,0.0397573251857616,0.0557063689770683,0.184382129018791,0.0780461628040265,0.884496404135606,0.0233457125051551,1,0.946532166083152,0.21252600089748,0.197751225847641,0.593067283786507,0.0694435045565829,0.71699880971967,0.0546573715611147,0.767950510976462,0.0624572187238007,0.736002352405545,0.0745721524075677,0.659511964573589,0.0845697401298228
1.06453980001434,0.0807136539191269,1.04605598065015,0.0625199420114716,1.24000633988485,0.162293330103189,0.204154720777686,0.0835206403742009,0.414724279140917,0.0938375362163042,0.893179301982056,0.0187440730987289,1,0.824266775608505,-0.136047637227293,0.201564184444943,0.730938881706012,0.061818008916648,0.723050242078939,0.0596366265026468,0.745266422753979,0.067660002805085,0.803088620245815,0.0776556093902943,0.679098254793888,0.0966269379743025
1.07478757094381,0.0778696238082633,1.08771826796224,0.0591824512856534,1.18406897427552,0.144035184540979,0.0950585998021823,0.0448294959761112,0.335493574847243,0.0863979898448068,0.886422622968501,0.0232197562005377,1,0.999999999999759,-0.208610091393383,0.207820230563475,0.701668331748184,0.0640504712458499,0.710930682627829,0.0640341513663546,0.688859760834513,0.0658755775017623,0.735017754648476,0.0696598387687299,0.867267146574828,0.0696129664533348
0.947623112866802,0.0668878415666655,1.06063090531308,0.0583247545821631,0.798582455636672,0.111217543693453,0.0617104844774546,0.0384057445121978,0.221993040948016,0.0738318536479678,0.931632769540647,0.0114881678638667,1,0.999999999967667,0.0355930985022296,0.219949825631937,0.660465096500933,0.0651025561045828,0.750065217528404,0.0613631822995877,0.789575512933622,0.0602610064766838,0.752570773793287,0.0712000537346249,0.697442262934675,0.0890346812765141
1.07065730768164,0.0763635004810855,1.01000236887249,0.0577200004204959,1.13898968298929,0.146581819661478,0.119536123032869,0.0587342010661611,0.286811674629558,0.0839583077766348,0.912715605105434,0.0163747717401425,1,0.7772976363841,-0.0600129188041748,0.227468419472555,0.770804377564273,0.0636170660103496,0.678455147208662,0.0670079655201417,0.677971364943284,0.0646503192856379,0.750930694659818,0.0650591233921129,0.591660884736052,0.080846580185661
0.99421494439431,0.0710189481391364,1.00675272761893,0.0568647481369475,1.10762368105544,0.137232374991608,0.0956464416693411,0.0630727339249961,0.260249546981581,0.0777743050645009,0.87683065505635,0.0244772272895848,1,0.799575461088179,-0.16999434845217,0.189442085463055,0.704916334911067,0.0607321968421052,0.736355731387523,0.060025406268883,0.721662160799693,0.0646223163423364,0.707391174149384,0.0698364133945859,0.79658803341658,0.0760391750459459
1.04526359175392,0.0689363922809323,0.997585540388,0.0542687890581833,1.01176816575408,0.121950045977453,0.0671774632593566,0.0534794854964229,0.222941449334734,0.0734826442899111,0.85570471496107,0.0293478567402626,1,0.855142546576393,0.0591714665488163,0.183491429125474,0.63274682783198,0.0695351119477313,0.753153025261358,0.063692110224501,0.652209252258351,0.0624427799922311,0.710884617716904,0.0657212161997407,0.740758920259955,0.0793245254824051
0.968090347592164,0.0693477871342691,0.940473648960763,0.0554302367027181,0.864279580532673,0.113063490524104,0.143069936142987,0.0577080933100144,0.261709606694462,0.0760550392762789,0.902807406645284,0.0178755963600725,1,0.744249149257444,-0.107657871416545,0.207925806396835,0.702223455471234,0.0660052999768771,0.741839321899569,0.057688246113959,0.610549268365002,0.0671320287278249,0.80239014563494,0.0716042331412504,0.586745653493817,0.0885663299535293
0.984380891771357,0.0658861016221395,0.996754075718282,0.0523465954321773,0.878224490422739,0.106706189799731,0.0508592269283375,0.0381759513759148,0.211342889956762,0.0679842947608729,0.87781356086554,0.0229936144356222,1,0.999999983016571,0.0658445946216974,0.175960064845318,0.6568143105863,0.0572980583744613,0.612588965135816,0.0558506264220231,0.688393606120094,0.0586230804899719,0.81101707887068,0.0672899153495889,0.691746857951463,0.0861753969317031
1.02923883441181,0.0703950365795122,0.974239250382839,0.0555751252514687,0.96825237435544,0.118675390276569,0.1376495224991,0.0532334958994664,0.365074618383113,0.079284850377513,0.911514673080424,0.0167033642579046,1,0.999999999995981,0.0475024323858421,0.216084031580876,0.70370936533265,0.0623513571320895,0.725529888943166,0.0559502848391244,0.64229789154107,0.0613552048660301,0.674261060029569,0.0678941358970423,0.612765458187421,0.0778694760072264
1.07443338023216,0.0730122639577353,0.945553918195644,0.0584263353511791,1.10321636575179,0.140919088770495,0.112760166319451,0.0619195735922674,0.331308337462698,0.0884317356416242,0.876203130997861,0.0229870452495862,1,0.939342913530728,0.331118149712889,0.184011798066227,0.588940959796329,0.0653870590952976,0.673905219916805,0.0612313978985532,0.625169082167238,0.0692833889525232,0.751249717664178,0.0687753543101119,0.562304651618115,0.0857285625864714
1.05294665703552,0.0670556601671735,1.01901336825793,0.0586785672394986,0.758147846947002,0.103536517005152,0.153730358284802,0.067467257858378,0.246241369371794,0.0686946538952602,0.897881823706808,0.01757865591161,1,0.721280589519192,0.178963681578366,0.191296201230656,0.727462198650769,0.0591962420418693,0.618222589684917,0.057059482299879,0.678243560392296,0.0607445081717423,0.615349089612137,0.0806315858281626,0.565421870388405,0.0898421742979847
1.0410196900752,0.0720815814431471,1.03991195345545,0.0565833200867887,1.04387918754974,0.136234469688087,0.0529384008397596,0.0531930048228973,0.21951442363929,0.0832197840286055,0.911235398441565,0.016218166582458,1,0.933797126685357,-0.0992802907153933,0.21033835279072,0.756684341026343,0.0588221453782336,0.74981179308591,0.0591831929475996,0.686834571626063,0.0661978703835912,0.684078454794289,0.0745542676405288,0.667799803098371,0.0904853722515605
0.968063311340056,0.0663277273980665,0.940159941296399,0.0559109870785042,0.863776988209648,0.112630750814976,0.0842506367910037,0.0547856428141375,0.175416831510757,0.0753050834487209,0.892802065410952,0.0193313480844771,1,0.650255226040542,0.0109591357521511,0.185433412164584,0.744807863431823,0.0618799766125471,0.603536804672524,0.0613216300416381,0.666249666147023,0.0612190053773604,0.61869255716101,0.0717753608571904,0.688705563165403,0.0780179198073739
1.06234981102623,0.0794242412541481,1.05158057165663,0.0601827859376986,1.36791899581006,0.175854557040301,0.0862813237767735,0.0447954857501471,0.343548921953849,0.0958910145471348,0.895471619103594,0.0208362308028199,1,0.99999999999053,0.0493320475990755,0.201461186925852,0.788778910151946,0.0593162919279969,0.696782511088917,0.0529880398777727,0.733826498179618,0.0667551499166083,0.759906786208665,0.0743970928850224,0.634025681053636,0.0996945256324053
1.02910074708706,0.0762067776774783,0.975977503720975,0.0575429454404118,1.05802083841738,0.143657624092011,0.0701343682773761,0.0523902617105636,0.23945459762254,0.0814740472310833,0.909515458631285,0.0179989561116599,1,0.879044021493904,0.0454559451534756,0.224585440581587,0.702585968683645,0.066878923402533,0.767839539862139,0.054869796504616,0.634091311890545,0.0690693953649937,0.623796086974234,0.0766272364772191,0.719028402666938,0.083714889362797
1.08384619656575,0.0733163440738799,1.06428994273484,0.059638000981429,0.994033722859087,0.134148901650653,0.0906185984927791,0.0561987349508823,0.188777414738699,0.081594877459088,0.90969037041301,0.0170646546872427,1,0.628985747388794,0.201111793055561,0.212608795557549,0.684091663130646,0.0651003597408615,0.726855037653479,0.0581474132080087,0.623622226504785,0.0637419775656382,0.78339799516734,0.0668876217897318,0.727997985300502,0.0942387331546355
1.04972113238323,0.0784663744631279,1.00771581988123,0.0591108026068485,1.1551518966608,0.14999613524846,0.0986098118877457,0.0669025533582389,0.279478530561596,0.0902600598322956,0.909218802365041,0.0171473164103579,1,0.828073407831936,-0.0851992430356238,0.205141369485353,0.730961954276417,0.0648858122658679,0.681238820596586,0.0609505041169296,0.803161669348908,0.0597278726980346,0.709409429703147,0.076553797192437,0.811638983395331,0.0860486391950946
0.969176192430284,0.07765311365374,1.02022518605911,0.0575000976663551,1.25246750643593,0.158681747401746,0.090497145609057,0.0480554848895274,0.196819138318895,0.107099709287549,0.881713135810138,0.0269125521667924,1,0.584610554424594,0.126765726678902,0.204781771204056,0.70931152597125,0.0611839265003268,0.678447493731385,0.0604277693032972,0.672421100111644,0.0682905698649575,0.663864005935358,0.0855694154662214,0.672699184873853,0.0929953766650225
1.0157520700698,0.0756719432651125,0.996511996543326,0.058683516445569,1.02121849203254,0.147909391673331,0.0501003737630018,0.0483216209335165,0.213811479578922,0.075407751654036,0.924199488143994,0.0122893842061029,1,0.945259826454516,0.13185933326154,0.220462649485658,0.736326390783097,0.0668036420022181,0.714791988531187,0.0608579683212616,0.727984295591278,0.068170566869675,0.764692546840589,0.0739171520877862,0.546945306219902,0.094140077146401
1.08419452690721,0.0682598563790304,1.10238486402744,0.0567469352055896,0.804686824037612,0.109009835977485,0.0353453999997793,0.0473639485145489,0.059610443474067,0.0677307286557303,0.90476269607818,0.0182309834402499,1,0.353461777590406,0.368072782981524,0.210015047287409,0.683200235637256,0.0614881145059823,0.57508999382577,0.0611633691525205,0.804915021323938,0.0655028008885147,0.736301065263807,0.0683172138256066,0.700442192416915,0.0743986750250594
0.86816012511686,0.0684231945564165,0.9397825727425,0.0546998660753039,0.974266446771693,0.125116049417628,0.0668312471472842,0.0463735955669471,0.241551460127348,0.0779286364826181,0.899726879043461,0.0198935339228338,1,0.946631629392471,-0.191876660970056,0.194551398433881,0.749606965128408,0.0548363202297215,0.67666670224061,0.0600741061873728,0.692469450349976,0.0648988297209929,0.644147487842801,0.0720229053926292,0.556476182478607,0.0864426022858556
1.07887617376038,0.0741315258694469,1.04141399004765,0.0536863289247688,1.02895438204587,0.130286935464696,0.0345678541651207,0.0260223416178743,0.188596778836055,0.0733645594467319,0.9052761846408,0.0174659382423114,1,0.999999999525038,0.164393651954389,0.206005815016207,0.678246040093964,0.0622364719248512,0.708970017257829,0.0636250730214497,0.700463630711332,0.061162966687333,0.666928359651779,0.0731190562163271,0.649782030829036,0.0845698770960952
1.00311426868143,0.0678198080448524,1.00708637942381,0.0564541466224987,0.831133389874728,0.116149337056633,0.0365124730355535,0.02816318024791,0.174203144307777,0.0706357065581977,0.927106897518119,0.013351400884488,1,0.999999999999458,-0.171853802369611,0.221028088514262,0.656159065433915,0.0682523122857053,0.799507240053364,0.057419337831276,0.628178938308363,0.0677830684893498,0.650834027410871,0.07338975904163,0.701875473593154,0.0801252841956364
1.04128629916735,0.0774592669108814,1.07373944647624,0.0581379984611812,1.23374691659798,0.149235483432401,0.117382663549314,0.0663046785383744,0.332530634053403,0.0886716100222391,0.895578573486132,0.0205318076275598,1,0.873809255133795,-0.0746854827391856,0.203313417175709,0.749880385775585,0.0723448496559901,0.634200522565314,0.0664718411370502,0.767927606963057,0.0607361955826734,0.752982732576961,0.071510888518972,0.870433958451686,0.0781478210255007
0.990143516615497,0.0778354306988093,1.07333038715647,0.0606351027979685,1.208524955671,0.153929614912249,0.0721210471739899,0.0558367028721264,0.157067295546721,0.0991694696496923,0.895927492854879,0.0219377801671701,1,0.532018754993029,-0.0388872324869835,0.210907963621536,0.701663960839148,0.0658466873031156,0.811237113653067,0.0594292988321881,0.795119857207112,0.0612634514693747,0.698098530193849,0.0824739875357448,0.692033850777567,0.0903953952285152
1.04703315191449,0.075247077095704,0.964645598165901,0.0538005218161711,1.07511689423726,0.142421467862178,0.0530576784846966,0.0485297606075801,0.200177584255616,0.0782615775031835,0.88720717934835,0.0232580465374016,1,0.838134038817504,0.0788050898146401,0.213279580707585,0.68839264197561,0.0692028434003249,0.673793095049724,0.0649583165977493,0.660501857551829,0.0637779950886216,0.814904763747115,0.0724642309765439,0.6735830908613,0.0814823140522594
0.947525587333059,0.0699592738875142,0.99572388515981,0.0548464560485887,0.929056365421074,0.132756890694252,0.0765533940090668,0.0385480326394059,0.266687866237799,0.0716925442404094,0.918786867099693,0.0141803845748285,1,0.999999999998305,0.111940499262417,0.214679877129937,0.704139486493524,0.0619609638154875,0.773853965156757,0.0595136068650228,0.555840235176357,0.0757308328738138,0.762583349691239,0.067546346504112,0.64023003397633,0.0871252071016034
1.00067238392792,0.0781127833350291,1.06224373410829,0.0641084376584472,1.22700309233592,0.164399832357462,0.106281285203731,0.0631039917229775,0.322711033527621,0.0899096565629559,0.914688340197891,0.0160946300029982,1,0.893639973222768,-0.410693747688163,0.221507207843687,0.790218250755265,0.067570569783217,0.661401383336691,0.0668932587849651,0.733148858287153,0.0656857723907312,0.771083941489546,0.0770143978119883,0.807430006614307,0.0836447254218134
0.947099703732034,0.0718928976285861,0.995630864218156,0.0589220012331451,1.06033393612554,0.139907662610267,0.0264364358025708,0.037408969334243,0.10131525766239,0.0704354339911772,0.900667028190143,0.0188201574773018,1,0.605134719654859,-0.253572754011746,0.198076327778961,0.669190014545372,0.0604688672830461,0.673514191919367,0.0658281416489578,0.656299127054622,0.0663568183726406,0.715139597449671,0.0711921837547164,0.581663118744101,0.0835294342034596
1.02219716093276,0.0694390402688217,0.918154137106589,0.0563280506457335,0.982191852391912,0.132759707868538,0.0710505497979852,0.0372550202862357,0.264169019859055,0.0740564770594732,0.922443806965869,0.0136814076666163,1,0.999999999525308,0.0608783226075077,0.210203932092173,0.674550376129933,0.0639721279516554,0.683213167146687,0.0531654569828643,0.771313104675421,0.0604356322116642,0.72970545912227,0.0789653890493746,0.711958513013137,0.0872796303914948
1.04352664569025,0.073835643670172,1.095560192517,0.0667364677633896,0.952056808004747,0.127863262744737,0.121591262609371,0.0680261466910825,0.145556755885993,0.0867978831553739,0.90245724214519,0.0193390749003478,1,0.427808837736311,0.219006980550296,0.213455877665778,0.675257550756913,0.067375713224557,0.776577825734446,0.0596886905155157,0.728754935541837,0.0639970406021735,0.621795148335203,0.082504545517659,0.807495160023601,0.0750159558425312
1.0964644863593,0.0745257061735252,1.0820619351933,0.0550801044358649,0.959087599720429,0.126921810723821,0.056755092179801,0.0449814110009019,0.138860122911641,0.0685951947799452,0.912960177703906,0.0162769771013409,1,0.595176795367279,0.123480124733305,0.214405231554067,0.774433355975431,0.0572827706488128,0.679786923184669,0.0655992925138251,0.721579339765134,0.0670915587752734,0.645779894780393,0.0748258020312331,0.770447839295177,0.073542127853813
1.00209790378386,0.0716886425461292,0.999261762567464,0.0566753724310948,1.01636423083404,0.127872395133948,0.11965547539005,0.0527511580195707,0.3447254051748,0.078533906425233,0.876245896859035,0.0274682853054421,1,0.988512843204783,-0.0467538393521267,0.193578957628357,0.714889021617429,0.066919801902474,0.771332094303505,0.0575427328210833,0.635881412738306,0.0654250318513408,0.667842281633668,0.0715371166090452,0.752305042626059,0.0812906718508167
0.995968651042682,0.0719644228587065,1.03876643078429,0.0584367028226322,1.10888949825082,0.14238255505079,0.129335914994017,0.0646649498481538,0.230376867758977,0.0907719172579407,0.887139186423521,0.0204875963921134,1,0.608324298611009,-0.111744365307808,0.187840107255435,0.689161502412546,0.0602916384202077,0.773043590313778,0.0567007125315803,0.766132074369034,0.0659180974071492,0.699237204666123,0.0723985903253716,0.783511368364596,0.0888457834729599
1.04774074931317,0.0764914147309383,1.01750486112193,0.0566390934725882,1.12820911423515,0.141846765694575,0.0865853731025625,0.0476912447046959,0.312548247625485,0.091774198205887,0.90890248205119,0.0192306566661779,1,1,0.21197720151737,0.211825539843612,0.733211892185427,0.0638893021026581,0.758180848993209,0.0590828644389405,0.68282176481339,0.0630716925086581,0.801600256612034,0.0763463512225682,0.559162585491684,0.0986087257795526
1.04314823750613,0.0786066164503142,1.0204123931323,0.062398672498727,1.23048008758257,0.157574496400002,0.0125516358334026,0.0193058640000159,0.124276052551806,0.0944675874693298,0.90588543538081,0.0178700953424016,1,0.999999976634769,-0.0513421082648141,0.216014447353301,0.757522149932903,0.0676351045054958,0.770428524621802,0.0632928032655083,0.623930406681218,0.0659853068368212,0.763884425989108,0.0736058520573458,0.786171752852704,0.0809892870316306
1.06380306063534,0.0748012531872795,1.04912688525796,0.0591228189977388,0.923261803893652,0.13321655079141,0.0620072590406774,0.060406784651699,0.184850842453481,0.0779588108983183,0.910793457116268,0.0152588319158981,1,0.772569809291032,-0.0255592034712459,0.204300791319834,0.662130568256375,0.0650146643505411,0.69620922559004,0.0647866258094513,0.810353376153337,0.0612883643712736,0.662116352004485,0.0741501627442697,0.66597564843895,0.0904043647496934
1.06486975060753,0.0758526982246228,1.05907388710039,0.059673324195093,1.0978655878584,0.145107058785969,0.0338493233129857,0.0274593445367408,0.192774498397257,0.0809087659649836,0.915287907095135,0.0142400964013437,1,0.999999999928608,0.113247455626265,0.216521741405787,0.679683692680729,0.062352858385102,0.687799075909578,0.0631067346172212,0.703438271399916,0.065577687803202,0.607606129618505,0.0775747737092651,0.766220822248017,0.0759350865007584
0.947333595320481,0.0747126295781998,1.00540760958212,0.0598770383854135,1.10313643232579,0.1491456069848,0.114128389910053,0.0500818387015144,0.199671604869347,0.084619698012714,0.886771352096404,0.0243655553381065,1,0.562736194655298,-0.21440904085383,0.203214891129075,0.710010282480213,0.0635362129079053,0.620322698067863,0.0641364129768937,0.804625798239613,0.059062070553678,0.730131146091059,0.0711863324966615,0.605362275052376,0.0984441086293704
1.0483866644924,0.0672031942634366,1.05313933722172,0.0573319608810952,0.929574730387563,0.116362582038577,0.0770791597224015,0.0432056932216749,0.167389377261841,0.0757491484551849,0.886672682621116,0.0238956908634091,1,0.625341503144899,-0.00441880434572401,0.194536597967158,0.721802232071587,0.0627371994661849,0.670260224655631,0.0626981471388149,0.659347207948837,0.0637909476259649,0.762104173643464,0.0612144888765672,0.664007120989992,0.0822471041315488
1.04923546587759,0.0761907163848569,1.0684023928189,0.0583126917735717,1.04136710254777,0.139194637408793,0.0383287546612389,0.0474050267365189,0.105537829325898,0.0815514478574013,0.908110471894626,0.0179905394575275,1,0.528255315898944,0.16337618233619,0.214040210561652,0.785255160000083,0.0621684828117088,0.786964124335817,0.0608059475920441,0.630015957376904,0.0662329588020884,0.810572428219938,0.078924579043991,0.655156899310569,0.0922161516426741
1.06746989285117,0.0722214766834307,1.14597279256728,0.0647833892665208,1.00313532732425,0.135994120086021,0.231217423330645,0.0864296036077957,0.428847166736357,0.0940853138285359,0.918550947600498,0.0141593846220769,1,0.890456080831858,0.0904368628907102,0.212626733930477,0.788289069040927,0.0671243222789518,0.76585863194958,0.0567178222380192,0.654059580599623,0.0667508698074661,0.702881345887534,0.0749674831976095,0.700263479984503,0.0941624233928659
0.95605709769926,0.0727031901890818,0.991879888613459,0.0531634389789259,1.04104103399465,0.139236601942854,0.00328162211304338,0.00851336045014407,0.0584491501386862,0.0754286677649322,0.895375033857234,0.0211547716551704,1,0.999999981587157,-0.124338798063178,0.200117974774462,0.669985805222946,0.0614269847300969,0.720502577863447,0.0574842152192465,0.729863047684204,0.0662296292503805,0.710548684033049,0.0741325012488383,0.672471941907478,0.0918834094279567
0.933453210781588,0.068366612213975,0.98352793696292,0.0511648187924771,0.940216616864805,0.122682423709361,0.0377003561162678,0.0273059745128157,0.188272412353011,0.0722733563253706,0.901728829806054,0.0169658319725144,1,0.999999999590745,-0.321147360103287,0.20473717681662,0.769780143805043,0.0513466506257959,0.675778875445926,0.0528573948735036,0.681422604298989,0.0627011884903643,0.667892806841453,0.0793816285207126,0.671891010622749,0.0843807189127676
0.87473197538503,0.0687781920220328,1.02440713289437,0.0580434953513402,0.85174948610384,0.115732924986608,0.109349376486769,0.0528853445193249,0.220311682293845,0.077398333327588,0.917245667111664,0.0142467102141549,1,0.72189399822603,-0.139892095447404,0.218086023746343,0.662521228155959,0.0603150630742702,0.692928455377574,0.0613797016500739,0.726406648701531,0.0635445623539323,0.665188123826397,0.0717077857785047,0.738314959764822,0.077525554222956
0.988959385585314,0.0705115535158548,1.02369268423623,0.0520150969495012,0.958186653683657,0.118292568546654,0.0604925204567347,0.0474263140532454,0.160532749155069,0.063273220461441,0.88838128779849,0.0212504999933957,1,0.666787952526255,-0.261766111808757,0.191031386978397,0.702129378119525,0.0598934888138279,0.642129076370284,0.0601469003598241,0.760426510982228,0.0572704488947434,0.611715654911983,0.0690254998617103,0.76207309710895,0.0867455010880361
1.04033304163581,0.0714339158596362,0.97868930159493,0.0539415744139335,0.907463456188236,0.122595004968378,0.0159310264525805,0.0190744237819455,0.120236533132004,0.0709690595454786,0.919065494055962,0.0147465896271185,1,0.999999985277489,0.026198198326795,0.21371106913317,0.712939556807441,0.064877089383622,0.624384812171371,0.0607818689946053,0.669789806773828,0.0674053350183402,0.662043605023128,0.0682552899331842,0.644328545331746,0.0809023651357095
0.934999565176727,0.0667583159502209,0.944805153343507,0.0507415093920189,0.853251183506239,0.115711000546761,0.0330747050072721,0.024940668731535,0.167991164018493,0.0665149557395714,0.907447135823709,0.0173203520386382,1,0.999999999941775,-0.198590585977992,0.207790957899353,0.827473870875659,0.0580365220326508,0.585936503825448,0.0595313822814777,0.682500255976172,0.065435259204237,0.681978007067593,0.0737529819904663,0.589539671703003,0.0927776253285647
1.0692679098343,0.0735323933761514,0.988697582057113,0.058318841594039,1.06672930518343,0.132740793702492,0.159168050972083,0.0764084715672004,0.362702415143367,0.0917166637739477,0.878336172430102,0.0243206070863273,1,0.880228417230851,0.0618215155628865,0.188565690153691,0.710302207279683,0.0613391693420125,0.617244862980619,0.0630778923180495,0.671287029950736,0.0638680821083918,0.58008560520202,0.0748659560948921,0.716827685583056,0.0868884086944188
1.0670546861993,0.0766883340907047,1.05286702947042,0.0588982458578523,1.02943362384488,0.136830560914025,0.0688898552516155,0.0428362722335114,0.132741065191081,0.0767163346313037,0.895882557592866,0.0196519370980219,1,0.498457904734715,0.280881965118312,0.210743130948739,0.638705937799364,0.0665079866994518,0.721480952943771,0.0631827541797504,0.611779209959156,0.0696437656707056,0.709364657795626,0.0661750840900864,0.780318152112097,0.0827876401080467
0.939219459363573,0.0707016028408852,0.981049665584186,0.0551978324152382,0.984649643940633,0.136340187394689,0.0796944333072367,0.042260612317671,0.280126927266867,0.0817143720962469,0.893558010785602,0.0201703835310799,1,0.999999999999715,0.114629792574446,0.194732802241901,0.647762888255739,0.0579031172723775,0.699622359109801,0.0612269318182501,0.774048207765869,0.0629834875847236,0.679110267937142,0.0787626214506363,0.558354433577049,0.100613019027087
1.08132119376209,0.0766027470985685,1.02960576633764,0.0583742100221773,1.01264425921563,0.148150546314608,0.0863984589431382,0.0568241904703418,0.292023892068932,0.0845285930985774,0.923891094764964,0.0123462771200535,1,0.987272259464031,-0.0924859062435208,0.221978736612555,0.699935615747503,0.0665663830808976,0.737213863660265,0.0599501202641298,0.753530228372764,0.0645432334174104,0.787852612921327,0.0783857444961146,0.671194557577857,0.0948770920744403
0.933319740408488,0.0737544495148616,0.988235215894718,0.0598134453014362,1.18271120757701,0.150803275163295,0.119699207691337,0.0680281601949854,0.322143269501103,0.0955130810405886,0.902300159227507,0.018383156612487,1,0.856178007715872,-0.045362288837834,0.198670207396995,0.723093105569387,0.0618789043199872,0.68407711559659,0.0613542930397099,0.762334068717907,0.062887507152679,0.611752267246584,0.0769601122352939,0.627385881594056,0.0923350643093293
0.957072714689255,0.069177192315514,0.947522703571719,0.056571412034,0.987163443372411,0.127488809511618,0.0481806022257475,0.0486608816600624,0.188085508409079,0.0765331202928065,0.895909806510439,0.0186929378698971,1,0.862431660139119,-0.317192291290405,0.19406732552015,0.73672047160744,0.0630964186849514,0.673360036721915,0.0615632164459212,0.724286800698692,0.0620901402117838,0.737430640432591,0.0704072181991161,0.667421205374461,0.0880225733949417
0.999496496164866,0.0706873513458118,1.00307212488076,0.0565128332590608,0.883325256314916,0.115918076095626,0.0934495195583724,0.0416674405204926,0.287308755062253,0.0716989471475407,0.897194210459287,0.0174485792041514,1,0.999999999509467,-0.0121217693067174,0.201780615854623,0.60561389798303,0.0657903745249659,0.698641989039612,0.0592137975684981,0.712410366975814,0.0670727439858595,0.638839729518547,0.0770483813549017,0.70776548558448,0.0824141439461701
1.0084969323211,0.0682436642872999,1.00472014484108,0.0501110342658166,0.966698335583559,0.118087652653456,0.014043376292655,0.0265630618836348,0.11651481490564,0.0652279014357601,0.860486550772765,0.0276614150712251,1,0.999999764447347,0.00701475033405418,0.18277411223427,0.688816010886723,0.0634994854532587,0.674977661937703,0.0603550152440024,0.640212747017921,0.0602488941422664,0.563745756122881,0.0701220827701336,0.662508998889657,0.0868086644897628
1.05848229741344,0.0673720666560832,0.959457596122343,0.0514723999872329,0.902801618878836,0.114113761949479,0.0122490394412752,0.0168708366446241,0.10515917565638,0.0702797220700146,0.880878722225086,0.0214763850730913,1,0.99999998134619,0.25581127861109,0.191680356971975,0.704672595519759,0.0616371167140307,0.729902416452718,0.0537665099851942,0.631611173931952,0.0656562621021075,0.47567803244364,0.0821547296016513,0.742272515588587,0.0839057863863247
0.998127371189259,0.070654429890105,0.957321846023002,0.057713993856784,0.904377740427104,0.123895982474853,0.117330694146513,0.0583652325022369,0.292298512166352,0.0784734886214239,0.913794792138773,0.0157683281690619,1,0.897316910767038,0.0146875476825156,0.212344100294173,0.731679929133641,0.0620614288043205,0.708633678944454,0.0584942472935178,0.673503598347773,0.0663070367457284,0.547289356808044,0.0716675988150325,0.879706140488574,0.0821925506827348
1.0027162347974,0.0681031409540052,0.962189532756503,0.0528610974096637,0.958142196274106,0.126070759600229,0.0515731134006738,0.0367669483593425,0.222293444261347,0.0770275389019448,0.910140603000703,0.0150919412688036,1,0.999999992099036,-0.17629164611518,0.208187181205401,0.712578287806178,0.0594757129951964,0.693616246174965,0.05510404252643,0.554453482852223,0.0694864516559316,0.714401982496191,0.0739375443962921,0.639348351004483,0.0865554152132677
0.944154512828621,0.0698988197591314,1.03720135693233,0.053672059799602,0.935139428909795,0.118181561252117,0.0385976850475276,0.0289975043373168,0.189984781355987,0.0745987026535371,0.908260051192715,0.0157152081009857,1,0.999999999920998,-0.139460557580993,0.208853207191929,0.768001803278171,0.0648187029102464,0.648923736435786,0.0629529749961727,0.706334191653903,0.0632614705041666,0.642427577200102,0.0671230564946718,0.748871633335032,0.0774909407690527
0.900942016703446,0.0695731235934433,1.00859423110946,0.0598464609611574,1.02355168305618,0.149209741047025,0.0560071791624332,0.0447560122848746,0.113411246555755,0.0793608613792965,0.92366228644848,0.013772541492571,1,0.473673824237781,-0.330752562494695,0.217125893381535,0.731313210030715,0.0646688097542845,0.709401270112968,0.0618406904425515,0.554629822950323,0.0661132855259912,0.730514255260812,0.0701620975547147,0.575265395294706,0.103116256635801
0.897941491962372,0.0733167951362155,0.963934367553213,0.0520984908823767,1.04285002207053,0.138961939820586,0.0567765426667866,0.044904155898622,0.229002197754189,0.0744235427383214,0.87812201326806,0.0242593395158544,1,0.94111837162593,-0.142607200507036,0.198032980732312,0.63370683298711,0.063465568144168,0.692321882999012,0.0598716117865116,0.735298981860663,0.0657150227666967,0.699874669161639,0.0716206651135727,0.659014642926547,0.0965376046636712
1.1389105123719,0.0786281615927121,0.984557151196665,0.0523694711961083,1.11982197762227,0.14460628140908,0.0365426617301989,0.0230960416093678,0.202290078170365,0.0679453439156149,0.896016543930425,0.0201696953631454,1,0.999999999998525,0.256175706178897,0.212034474198229,0.68923936506863,0.0674125112523493,0.617489197825302,0.0681971295975432,0.655432057005025,0.0614091767792408,0.715324765236062,0.0660173012740899,0.851770108946008,0.0798895859440738
1.12063180695561,0.072142876708207,0.949114717056486,0.0511091869122346,1.06551376084727,0.129264233864449,0.0230223557933832,0.0448355833135459,0.150690758676486,0.0699088043200695,0.883334516021968,0.023793917128369,1,0.962126567886807,0.22306490042335,0.19256442744229,0.748671114381355,0.0607579840224776,0.759611274273513,0.055902430965172,0.683040181766394,0.0645063921590936,0.679032177957913,0.0678848565020004,0.773077051631981,0.0743354024700515
1.01333149262004,0.0651769180472136,0.989121051103276,0.0531089484001685,0.822951101740612,0.112876238211741,0.0167038448339514,0.0387587059717165,0.105917316616673,0.0615036293270536,0.908922787806039,0.0145717940772209,2,0.903382618924566,0.0558766578601069,0.190698155372095,0.707926924208936,0.0628271076380124,0.681448053756972,0.0560481813350416,0.753949166762751,0.0616148843445298,0.57415518217329,0.0772659723753789,0.57936025781082,0.0913565357958866
0.984483479780477,0.0761265709683489,1.0491738686102,0.0616743249501999,1.24067189252687,0.157904105441047,0.102744527251288,0.0657383262952923,0.339554813542842,0.0970608481295746,0.873593325446705,0.0289308753090382,1,0.951047198547397,-0.111105831631114,0.19046334558897,0.6650027375045,0.067918541897858,0.745272055643427,0.0644305395571958,0.752333144123647,0.0629546257572119,0.781297802363734,0.0721967424427662,0.639985618706603,0.0899257740942851
0.930571301450752,0.0656827593640079,1.00307090681729,0.054211451572233,0.770517821236671,0.109200795116806,0.116148653366267,0.0544552678864488,0.161948145893731,0.0709270374873036,0.917674400670119,0.013815074577259,1,0.541349259195383,0.192504244053778,0.20598035563462,0.652456021013054,0.0651282110614901,0.687059979737194,0.0585857246834711,0.670624300837787,0.0609867143404312,0.597270182046807,0.0801462824129548,0.692920972255348,0.088821538159415
1.03477820633271,0.0742083642680505,1.04428184158936,0.0589340018563382,1.17384125361937,0.166832847400433,0.0619861269067206,0.0381811295524321,0.269744087070717,0.0864321850883154,0.917269150792756,0.016127753450718,1,0.999999997212968,0.203121295028816,0.205568128336828,0.727792691744247,0.0610041107908549,0.661146479149633,0.0630990218784589,0.69306243348414,0.0674352005235319,0.782999603320146,0.0743240322230508,0.75795132615121,0.0902018536213187
1.06963460624567,0.0743507582277995,1.04294257689657,0.056487214233141,1.11515647272709,0.135683515233454,0.1101972630282,0.058084017587993,0.338535602021572,0.0912921504540157,0.840322251337487,0.0391372900096434,1,0.965719585078456,0.353249129783877,0.181782326916915,0.653421158915092,0.0623593670292715,0.701859466110829,0.0594445554344679,0.660652575176158,0.0716152256921744,0.571505124917462,0.0778680402515304,0.763099361819978,0.0774095774722389
1.00411820096087,0.0726632786275186,1.09339127867389,0.0646739774316809,1.07526314468639,0.142225142006872,0.0972364261534197,0.0515956798048127,0.176040631519808,0.0832523240689642,0.901534516791891,0.0199029039551387,1,0.54442874037603,-0.14468552768501,0.19461475371973,0.738178975777274,0.0635808931206679,0.65696022823362,0.0635423094336878,0.804563110561978,0.0662399391502026,0.514215411663627,0.0806647882608974,0.806114080109641,0.0869468056417243
1.10998338766752,0.0714903382070834,1.12875546375074,0.058433639158214,1.02865299727929,0.126997985426586,0.131587742857694,0.0544221776484767,0.328520367645161,0.0741586790080579,0.884529198170765,0.018410877644708,1,0.892935590793394,0.112307339478995,0.190186329876435,0.699441324984258,0.0552235752243785,0.760529020357213,0.0569856989960087,0.791203599472583,0.0626932396417705,0.711574167983442,0.0718619262999498,0.675827130759382,0.0929702672229721
1.00353297096633,0.0697923427920546,0.94678538177223,0.0523372190130999,1.01000870307586,0.123006993758422,0.0613077503818815,0.0296449330693985,0.24884003170151,0.0639561518346353,0.876814047443761,0.0238698196288277,1,0.999999999398475,-0.199532181597562,0.188846652073547,0.719763326354453,0.0612341987445567,0.663086094806831,0.0609668243398519,0.653864172684995,0.0637967730949144,0.584060818167764,0.073047569129518,0.734650511607955,0.0802826835090029
1.01785426947736,0.0793210777247114,1.07399942121822,0.0657276208123939,1.30762150132053,0.174404006241613,0.120278851250103,0.078911622942588,0.347732194745998,0.110096096242017,0.910218860128708,0.0164741480087863,1,0.876817560921587,-0.0700572288466635,0.215285332550818,0.744897690391258,0.0647800822011717,0.828921747779301,0.0599900693910603,0.700008746352292,0.0668514898919205,0.741217774166635,0.082730371895427,0.692816264393234,0.0955962600180341
1.01353754849239,0.0713648085853159,0.975869005584133,0.0496594429514461,0.932401051213595,0.11616405030772,0.0191735453264361,0.0446070772141553,0.127398717319765,0.0703450891979885,0.885536387300302,0.0229438494210768,1,0.952823513418632,0.286209153051135,0.205067657776965,0.647998486167247,0.064571878981287,0.633487267110749,0.0586901351097214,0.743050908463907,0.0582913130710029,0.714924397494168,0.0715611184488022,0.652033017797998,0.0879368150880599
1.02092450438887,0.0676317424263905,1.00984768018658,0.0581826501237241,0.920521164758727,0.120861939903988,0.0585201195907438,0.035678759066611,0.232096981042276,0.0755066490901472,0.899920497271516,0.018097225448489,1,0.999999999642161,-0.091613869026266,0.19316320698886,0.716516702579,0.0576364758249405,0.68201019104087,0.059845676041186,0.690124677411681,0.0676539177317033,0.630920048261235,0.0709321470306437,0.619114769090572,0.0926916475145318
0.96996946867218,0.0717054480522452,1.05863486822249,0.0578200915130863,1.04528755186331,0.136499452404705,0.159876348341848,0.0606091128690533,0.408799164326849,0.088974992025908,0.907753055421076,0.0169999806107401,1,0.999999999985742,-0.435694290793264,0.206547969728803,0.735155658193161,0.0613858650264877,0.651867633730975,0.0600271678574953,0.652961552492856,0.0592556162375012,0.828151219438129,0.0717656879886351,0.652561895998247,0.0866275287356651
0.923649288669509,0.0649108813567342,0.982112087354679,0.0507284420672905,0.683514867031581,0.0931846932121273,0.03479164160561,0.0247094905619823,0.1542096115223,0.058126703062667,0.908958937180411,0.0151612881127318,1,0.999999999999782,-0.00907988146206233,0.212042860088917,0.623587867679226,0.0618403242585576,0.608220661966807,0.0592739302321729,0.689396319355908,0.059661411684151,0.645561464507539,0.0671171467707704,0.62114575475137,0.086611982882612
0.962575422696305,0.0733374951172724,0.927882441505201,0.0562328399784942,1.27555329470949,0.156069263834552,0.0557352777394586,0.0379995851417501,0.266633300899398,0.0956838308085978,0.883524536380024,0.0226821467165733,1,0.99999999997464,0.102786929100777,0.184639871555471,0.59261232781594,0.0642579493352959,0.743048925985263,0.0582535949574046,0.735591266081552,0.0580017998262107,0.65255417550337,0.0793589084841669,0.613306264176534,0.101821848302772
0.943395868756661,0.0729829300235591,1.04884682038447,0.0602711998971388,1.05977072347935,0.13025929802271,0.140208628240233,0.0708018663681541,0.146810276232449,0.0857718201529952,0.876334980545327,0.0265015974229618,1,0.380858038832806,-0.43970662213482,0.200964294287662,0.731552741948633,0.0609933583468991,0.733993989526263,0.0593788523876551,0.667797622487243,0.0638404729178163,0.643451791454504,0.0727356222777473,0.69504991504484,0.0943222100897669
1.02060913034932,0.0771816201990758,0.97494268671312,0.0578547393642621,1.02508670316886,0.14220316079626,0.12635780400248,0.0677768673432837,0.329333711529871,0.0867989271923044,0.915694922276334,0.0147665286218406,1,0.915071129820136,-0.00510107637534567,0.214678705977531,0.737417516376663,0.0626173837402336,0.650184713252128,0.060456582223016,0.776707223855467,0.0632545176266468,0.58314841431567,0.0814904476400716,0.756922515579584,0.0863184533439962
0.992727625832453,0.0715531129563008,0.905110155404266,0.0494799333707122,0.953378924962461,0.120632854171001,0.0163060785662216,0.0178430238723367,0.124683084847321,0.0693670518550899,0.881748613326972,0.0247896659185858,1,0.999999999782143,-0.0679259811483329,0.197977524316566,0.736270553427029,0.0630533782242121,0.666552122812501,0.0572947084267876,0.683654927362476,0.0617919667025288,0.629391705088069,0.0699287671997607,0.666857669190628,0.0863459370008986
0.966346534910406,0.0660984110989979,0.954797549791802,0.0561805983262622,0.89194349343243,0.10786697982529,0.0867435084339889,0.0547252775948901,0.10296735825169,0.0714727016754707,0.853893773497912,0.0270675528003507,1,0.370179536953083,-0.251148145316488,0.18434686185352,0.664840321696762,0.0603816754047619,0.657881086869847,0.0572059341450469,0.664467463487239,0.060745639201052,0.667098832091679,0.0676136378404043,0.651353970366384,0.0855445039808427
0.946063811733928,0.0682610162455846,1.00595150748919,0.0564943671010273,0.982274148949797,0.12876105816574,0.0578545006507891,0.0447162282055401,0.193370169989972,0.0661951348031626,0.849036440446315,0.0325959217357313,1,0.811156302594681,0.074286525987707,0.177327706945557,0.656498162606995,0.0590544972161699,0.675386648577374,0.0645176230715271,0.652544998479715,0.0673507385925238,0.598885099973014,0.0813382794791401,0.566160848180882,0.0960280677417919
1.00303250372048,0.0789287518627938,1.042686465276,0.0608494981290208,1.22279149019676,0.160254646368926,0.0944950974107857,0.0683541655264553,0.226626645711684,0.097504609378355,0.877140879859824,0.0288002704170394,1,0.666699498591714,0.0749961530070508,0.208209684212517,0.731117068686865,0.0600370043496971,0.787511508674249,0.0621181225988837,0.711259291218436,0.0710815009434203,0.725715245874162,0.0803306515189309,0.754096051961821,0.0860269923372007
0.985040416213892,0.0707494430181054,1.03765375487475,0.0543764522746812,1.05954080322729,0.128415944462999,0.0567622366757884,0.0496036675949122,0.245203982230137,0.0769996818506056,0.864220277383934,0.0274071280639397,2,0.99985938150855,0.214857426926148,0.18730668262319,0.62845054614442,0.0638405338956612,0.625417340311091,0.0632606616189896,0.750536535157829,0.0629885775384956,0.716408037586946,0.0737294738940893,0.718045248330968,0.0747255610518106
1.05835470839622,0.0783202835809563,1.00955807119948,0.0610872076638814,1.32141654955964,0.171509269118231,0.0787311526455265,0.0586634062676854,0.230065280235857,0.0968501267348949,0.891872496282642,0.0218264141037217,1,0.713276486299599,-0.0155185843241528,0.194140501797461,0.776816844054417,0.0554103064752027,0.683278871024222,0.054529869448673,0.694330883001455,0.0628262916887801,0.726140071180713,0.0800418851651277,0.686937294505039,0.0972065087633637
1.02111038077279,0.0711507586277441,0.968124273104205,0.0544119058886236,1.06013387651528,0.131326646292868,0.140476734046073,0.0534844944919764,0.385906911229624,0.078883589796659,0.875238582035924,0.0254873530010616,1,0.999999998355942,-0.148238101474676,0.194888805245021,0.792311746620448,0.0632124831058896,0.636885046197035,0.0612486804560016,0.602688675071228,0.0670036563993581,0.717221670295852,0.0704353690652456,0.64482783063052,0.081421371698245
1.06664821488534,0.0791831442159046,1.04769269708091,0.0700871048975032,1.19509780734658,0.166668779878584,0.122156063125313,0.0702872238078388,0.278276185783875,0.089404763173239,0.902580389391547,0.0191282345544884,1,0.728310889362973,-0.145858927878694,0.222412582040231,0.698050700341001,0.0714738808987081,0.767334840188021,0.0712340653871833,0.681051870228017,0.0679822323265643,0.767150155336745,0.0749898816102899,0.67256097951063,0.0879072750132012
0.929540586187087,0.0655982554745685,0.946257271494342,0.0498662894337418,0.786954489258183,0.106002141417635,0.0458934104978727,0.0291802452752976,0.190042167460833,0.0636405563674737,0.885499354958407,0.0221971316510093,1,0.999999999924436,-0.217300640020968,0.194366586587464,0.613922374149037,0.06460881641042,0.681247895765905,0.0552892853656393,0.599059576676703,0.0667533410597869,0.585190526396989,0.0697073026398801,0.705266178614908,0.0716352840040259
0.926823522587786,0.0765199890565007,1.05673416310974,0.0609700813331127,1.05956756042312,0.146432317028074,0.0352481675099709,0.0513187011401419,0.174023932111654,0.0865877675638661,0.925478748988938,0.0136470853938256,1,0.900484784205537,-0.401026787955961,0.21948512793182,0.784451977441085,0.0632824631155741,0.647009745281089,0.0632882336389523,0.719206764228997,0.0684752069051226,0.786916063567387,0.0679895804685575,0.680184290406076,0.0905874561030113
1.00862122545944,0.0722261648040352,1.015653533977,0.0614829166570163,0.773415927954149,0.111342342400616,0.0501315387738545,0.0483917615330803,0.165715117892149,0.0657239468615633,0.928278281702105,0.0108666832440327,1,0.841589011905425,0.103524008704986,0.222134959354909,0.70992657177071,0.062946139147476,0.708946056078926,0.0602652635994331,0.644697775375841,0.0702614810433655,0.780729636876242,0.0676283973596473,0.730329106464839,0.0928263950319277
0.991012853351325,0.0724827824919816,1.05098235452611,0.0616259814212243,0.957384265577286,0.123768082540076,0.108421030060581,0.068517258718406,0.244332016868487,0.0846551559345817,0.900169905592785,0.0188984180445665,1,0.758368826528673,-0.0480652793463637,0.201853490132888,0.809062183708013,0.0625001958247485,0.638407184282912,0.0625398563999502,0.565498126488521,0.068947342599449,0.81824822942628,0.0648230741165027,0.642244551392374,0.0951031179231122
1.01912569335785,0.0738764214659521,0.989638847747493,0.0498629633614982,1.00133973019467,0.13770546148065,0.0345928695529943,0.0261614704272629,0.186116132182077,0.0740145760376299,0.910609878778566,0.0159904375531053,1,0.999999999907065,0.31911493743533,0.209536640551499,0.719024515607503,0.0612180223572053,0.671385660610678,0.0542775117167887,0.649133903167939,0.0628973279959151,0.616843545842504,0.0782242370222763,0.683104063816169,0.0853255428438384
0.946729170546709,0.0700191989505144,1.09732066548082,0.0574190094458307,0.899587116610008,0.114723336967769,0.0784556555487637,0.0475031450960925,0.265664632491353,0.0857268067479025,0.893718353331378,0.022218907664248,1,0.999999999999327,-0.0615145049149361,0.206573815607127,0.620975151322132,0.0715171521571023,0.702665461752689,0.0593893532626211,0.698716254059696,0.0606718760840278,0.767007901451561,0.0738482222534196,0.705957966176505,0.0775604905641976
0.921964099040479,0.0741737254317476,1.01326116769981,0.0587066988779409,1.14216372081743,0.144335580589478,0.0644176382624747,0.0506940075958675,0.120117509326476,0.0779180221310753,0.876564892070093,0.0256383493464011,1,0.442832756785451,-0.26551249709733,0.194731510839852,0.733334953855212,0.0584648864975797,0.73528559228768,0.0618289865029439,0.518835449460774,0.0759582385790172,0.743507893505663,0.0706138567600288,0.771428777272984,0.0811887993464337
1.11871368301066,0.071761386893508,0.993377855773201,0.0570245321060352,0.915157700798251,0.12019114596592,0.089498045039649,0.0529917298744046,0.220634278991386,0.0796384311197729,0.900257477707307,0.020910159782188,1,0.770935854316945,0.216203980213746,0.206998151030719,0.716193805033913,0.0647001367329934,0.759503969643613,0.0633900408853977,0.676396718448532,0.0689476606772473,0.708900868148146,0.0669743578482787,0.693326733290413,0.0878998340695898
1.10143534786432,0.0731337697819758,1.02395867810032,0.0582014107344534,0.821988929997871,0.125987297018939,0.119913848832449,0.0570355502207475,0.313955181979338,0.0856408283641426,0.9348667387114,0.0113026520475991,1,0.999999999989695,-0.0387041155449161,0.22055245157713,0.78589001590819,0.060270514389525,0.650924603286321,0.0600367274232606,0.655645040002736,0.0702813593227465,0.72194262248595,0.0714072926626541,0.7265791329537,0.0872681252862208
0.987899047551878,0.0707978821306397,1.14770864602565,0.0555171213276649,1.16009041913168,0.142951846454832,0.110008311191226,0.0470738418517538,0.35723883864145,0.0843699860526132,0.87417897002387,0.0273554630214033,1,0.999999999984699,-0.331981508834093,0.183928156944038,0.737981089687058,0.0612488451146329,0.672683553962887,0.0599009049269158,0.591459318800135,0.0682321077317997,0.79409097388241,0.0695070679048363,0.638599799124892,0.0899035469290663
1.08079623415682,0.0712907462984321,1.04207215644375,0.058269256273295,1.04344024589913,0.135125104099177,0.068588888912873,0.0379804479691634,0.267522722601721,0.0785555624391499,0.898804126997119,0.0178165314707669,1,0.999999999965352,0.364596941425839,0.192866041690013,0.673519907670056,0.0617622879412912,0.726537355884232,0.0607465914987345,0.694580189352713,0.0614485621513495,0.778388395515322,0.0730512918150763,0.560301973286338,0.0931957228197979
0.995975289365986,0.0706351944150152,0.974216752762914,0.0594879804254768,1.11471523451394,0.142707463399909,0.13770034263042,0.065321446983011,0.233248387725975,0.0888029721982847,0.897578020602144,0.020129855824127,1,0.59534563221814,-0.0683747225748696,0.19403750763735,0.602318041650263,0.0647307580466831,0.728129155656354,0.0621210198798462,0.689150665090068,0.0694321739180575,0.691529760896931,0.0714989026272974,0.651389192695268,0.077652303402424
0.926854301282789,0.0694384887877734,0.972986845259445,0.0538894691071473,0.954227460063987,0.119928936340943,0.0509863888169144,0.0450873578041611,0.16641903973452,0.0795603171827286,0.861752256725285,0.0283183343796376,1,0.754483818511755,-0.0645585257617822,0.185450363789315,0.698753864090872,0.0616216604943174,0.684843847656762,0.0578540138069008,0.595687543106399,0.0647164636421127,0.68522882594169,0.070474712652875,0.706319434316522,0.0837727006877571
1.10279512188998,0.0692224460753045,0.997995747342383,0.0522011980423116,0.823653594995346,0.109420549721241,0.102257780210181,0.0577370322749107,0.282523753678257,0.0659459355783192,0.895961702911202,0.0181186317465424,1,0.973496710002719,0.0269741046095296,0.200746901762651,0.730994734443486,0.0628110879836881,0.656318386292795,0.0621788312457207,0.774467250091204,0.0606507749522548,0.678662602544795,0.0656423766841394,0.658945745086961,0.0836064342083924
1.01191937342255,0.0724438717107519,1.00088800057236,0.0562601891120928,0.966444480875348,0.13314624884108,0.052386607829324,0.0451956702527929,0.21470121057482,0.0777758882100201,0.922825795054928,0.0140033147773344,1,0.954192281522402,0.108331598183112,0.210231171130805,0.67212543206079,0.0649988371447971,0.707239014218314,0.0626984793684716,0.528944532403567,0.0736775473018364,0.791245517609637,0.0718036590753146,0.68014330336129,0.0761587196482365
0.936000185787031,0.0728427500890903,0.975208016276149,0.0588921813580414,1.13059258831844,0.150017229667956,0.0429470883464856,0.0505396480764006,0.220353463278624,0.0864284212251457,0.896000465413491,0.0203490482870497,1,0.999999886774161,-0.0860308609865409,0.202787729843099,0.608868535712668,0.0667986547019782,0.785594877261175,0.0596065120523097,0.74858645328659,0.0670648795807645,0.743836256316325,0.07734755267063,0.728826940944031,0.0861521146790262
0.951296058854859,0.071036807380721,1.00975612820532,0.0526189934744147,0.95371306957289,0.128035536818024,0.0880877567902049,0.0412712336505876,0.289845553472683,0.0774295145913047,0.905564583186323,0.0180782127587929,1,0.999999999688784,-0.0546823099495691,0.211909778467203,0.674657995656172,0.0649690784390594,0.712869989656908,0.0567649718629479,0.69530470213383,0.0655103145139612,0.527648412261768,0.0802027038710118,0.831664429000492,0.0829146355033767
0.982478256372705,0.0704383359479545,0.9761806881414,0.0572150179762146,1.01973550377931,0.133437244496715,0.0686882677820809,0.0577625616544358,0.264657990361674,0.0804922663558499,0.897330961694369,0.0206676435825875,1,0.999999903715982,0.284254579648801,0.191896453351829,0.605761378662936,0.0589887644876077,0.709255503029955,0.0620762222496846,0.575753783134222,0.0684078901053825,0.772855078238546,0.0735549188865073,0.77434809904665,0.0883357581027201
1.07185269121956,0.0795245105792845,1.01587609048507,0.0565349553510719,1.20480770759741,0.167194942695599,0.0368057419318689,0.0269393645219266,0.210579774819276,0.0812647788910197,0.926861686244249,0.0121764196190408,1,0.999999999995265,-0.00832996689174272,0.226619288828366,0.800727973971074,0.0636007657529177,0.706540883460424,0.0607925877020013,0.786925558572995,0.0737384462786553,0.730751533289332,0.0756773121454264,0.799243456832963,0.0955254505859883
1.12905803659886,0.0751663357559067,1.04371351292605,0.0605547450097227,1.04427233881099,0.141563594042974,0.101917547585437,0.0566770402374605,0.247684156508456,0.0855348816524428,0.896955641099547,0.0207461236533799,1,0.759218632019577,0.521780796768682,0.196355094277643,0.683302118724297,0.0649744536962886,0.727424489477906,0.0622508489656575,0.750571269265632,0.068189374497187,0.767271129296761,0.0698360461648784,0.681955550190924,0.091255520614624
0.879397189407223,0.0696552248661263,0.990510327355722,0.0539659447792737,1.07305799865058,0.127871596070333,0.0191648177354731,0.0230047688373509,0.143404878142568,0.0769829578880363,0.842454304679771,0.034360218026227,1,0.99999995408099,-0.296499224280086,0.18991451445457,0.679335375283271,0.065130031620951,0.580605494276136,0.0623780011980197,0.621204433709318,0.062821967786906,0.674642884028677,0.0661713418697698,0.647131577183211,0.0822179463152866
0.995279951194061,0.0746617425606638,1.0324543156108,0.0560154197033388,1.04519223251308,0.138578766018658,0.0723209282386741,0.040463929053792,0.27493503304418,0.082933943022775,0.897140701825656,0.0198755759612788,1,0.999999999681214,0.283121940236749,0.200592436603641,0.55194821200619,0.0700016473981039,0.640318269756798,0.0624066419457057,0.792665420468819,0.0588095399333003,0.679767918224225,0.0797291256013996,0.731971392564878,0.0845947611825149
1.01663803196611,0.0723816149365279,0.973105715770672,0.0530995295428172,1.01707474102299,0.135520592446206,0.054120574219387,0.0340511071560113,0.234616003250734,0.0767350996925196,0.921404965338589,0.0135193570798102,1,0.999999999756102,0.250404499514303,0.217069781253681,0.815796295470816,0.0614971746624421,0.62785684825791,0.0638674200630756,0.684695005690026,0.0624661066228156,0.660685203610599,0.0717110137259738,0.844699543822804,0.086190829312569
1.10810353458265,0.0720219837347373,1.02625854732543,0.0608343394547737,0.965513692489401,0.120403773216708,0.0790161315410134,0.0681979148124057,0.201142888647011,0.0879661603360219,0.883343022411225,0.0242116884173194,1,0.728228350538225,0.014529564892949,0.189353961885506,0.64265215772559,0.0662600010251379,0.697753134665376,0.062201007326635,0.603010950671181,0.0644891063160966,0.750366521712301,0.0687015591692065,0.812241320275182,0.0844855161939282
0.965988644117932,0.0646915688659602,1.00813805550239,0.0498716918644329,0.798359604376365,0.0983989162507843,0.0324914708390739,0.0241907110206398,0.161058615969183,0.0618067693380508,0.876005759866284,0.0227050009110695,1,0.999999999483797,0.227100927752169,0.187108264013485,0.596796280456286,0.0619823953455089,0.627492831752039,0.0586936852595377,0.551694212645004,0.0674689813691335,0.672019499693159,0.0643550049408638,0.720001753039135,0.0826669233097489
1.0419654833259,0.0723499102787139,1.00733096386315,0.0555791559420709,1.02455060645011,0.138224912963182,0.0885954475015679,0.0503179997461274,0.301281460816506,0.0858006090324948,0.917549271410804,0.0148155986311419,1,0.999999995402017,0.20196783243969,0.212664455740245,0.818232894522976,0.0591614457857288,0.580631824102884,0.0671106816731573,0.694688978543571,0.0740693046823551,0.701085537528979,0.0729491820333915,0.656491678342432,0.0795448212678167
1.09291419902217,0.0700671123763926,1.06388963387459,0.0535172967253748,0.914443127828799,0.121637002470421,0.0582171392741176,0.0346533092211967,0.230729848371312,0.0742906621666958,0.91470021943925,0.0163950696656084,1,0.99999999998478,0.237750598282988,0.204048621520485,0.803988815112152,0.0610907496383624,0.750711064065017,0.0550386651383367,0.7661972996778,0.0635380984753705,0.742604984767685,0.075099864655254,0.651740566443898,0.0934151017559072
0.997624686828948,0.0657115726362403,1.03219730215943,0.0588632775251588,0.812267375319653,0.105585824455215,0.110451070215266,0.0618652206202538,0.130936109084803,0.0653956337683356,0.891998064901548,0.0198943392859162,1,0.437144442990407,0.113513091063073,0.196249639099676,0.610062730700597,0.064835554558597,0.704343389913219,0.0571358990042682,0.742975575448229,0.0608156632320107,0.769807633208281,0.0662018193596168,0.674310436770418,0.0846366339956605
0.864323794347958,0.0667362534976515,0.928110825057176,0.0560587416849478,1.03782367135974,0.131175102169896,0.117826176261664,0.0732904444182239,0.318180454340678,0.0856837468078161,0.868193523058171,0.026680405809835,1,0.909894038414781,-0.00232062656772194,0.186386329904131,0.620715538065425,0.0604812218211396,0.664653781813551,0.0551918752959772,0.613722932573714,0.0674397182873374,0.784151890683733,0.0731552365176018,0.55702181575822,0.0985219376490253
0.978454859971588,0.0711012184755309,0.971379117755861,0.0549366884555393,0.992270549866665,0.130682263714665,0.0528330526369945,0.0562432967699531,0.218901764759789,0.0836050950133079,0.876290399164264,0.0218286515742886,1,0.956051659406822,0.0558751974826653,0.186653804281966,0.655447154540292,0.0624865694524503,0.682543780307223,0.059943073452894,0.736231286128906,0.0621625115609989,0.684976012087007,0.0784761292252715,0.798851466885708,0.0804131047464285
1.03032936221858,0.0754699974064323,1.05096163155088,0.058923425458571,1.07026948249879,0.142417688090334,0.148471798328385,0.0744573181211423,0.389848632989171,0.090637790831935,0.918420469293128,0.0141334527694534,1,0.977974340489195,-9.85157320056059e-05,0.216681366838284,0.71708952292297,0.0682897008628031,0.786993968029509,0.0590864381062169,0.761553693510426,0.0637147637568451,0.714414651004953,0.0735629973578352,0.689841868280261,0.0806890394124712
1.07702745009095,0.0743297218200066,1.07912416100993,0.0569390066556532,1.11900457514456,0.143700535084993,0.0788000714290998,0.0659930485010376,0.291301685518827,0.0846353881949557,0.890361218744408,0.0204066384060356,1,0.980988149048941,-0.206744850106315,0.202166296649787,0.731818324026877,0.0580702777806849,0.658339904131885,0.0609736073329433,0.788192452454137,0.0659222108299489,0.790173385018108,0.0686423315910513,0.736230795778553,0.0786638752686792
1.06043157775656,0.0715728554814899,1.03109290937855,0.0562654495738795,1.10354051238559,0.136174857377801,0.021966038141733,0.0207447023191216,0.155693329883017,0.0753791874377498,0.902543795746078,0.0200113747976581,1,0.999999999671061,0.139494547247331,0.204591609580039,0.740417515689742,0.0673360310501667,0.725681855478726,0.0604168621117242,0.687630755776574,0.0655535880805665,0.745942476223831,0.0664317196096465,0.753303454520098,0.0798342596082882
1.05766803432985,0.0676026485391674,0.965361126441213,0.0544652663320208,0.90816260391783,0.113340702001525,0.0236207319699109,0.0224412465748981,0.146463187975831,0.0717761941288213,0.896433985492704,0.0151692187514077,1,0.999999999529264,-0.000862792076784316,0.196950832412335,0.777211972386123,0.054472786228441,0.618033730581243,0.0625992113555921,0.7144239070985,0.0589968116632464,0.652295306639723,0.0725125931504123,0.72420617532831,0.0864245679611393
0.982764816449062,0.0665741650836762,0.945147390763741,0.0526720331892926,0.901170056542193,0.107680027936353,0.0671453463719994,0.0345129112716538,0.245986534776133,0.0668341237232236,0.857848432318665,0.025323463580672,1,0.999999997558808,-0.188460032691209,0.187204008573187,0.64856910995909,0.0600405775230893,0.747048000328161,0.0523139207034251,0.57706090384185,0.0678195291714182,0.658771394918935,0.0720105087205106,0.545563956171294,0.0852767467210769
1.1789964556753,0.0754555823947684,1.08571009124898,0.0576753273300143,1.05024142275587,0.135307067164045,0.0267250171339422,0.0245950816155418,0.167534235219034,0.079333007720751,0.894604824213934,0.0206999259633509,1,0.999999999153835,0.184619168039754,0.197558622775336,0.706015865257245,0.0632990733691701,0.707192718460862,0.0586771460416611,0.699553090480059,0.0614904777805475,0.851443486129269,0.0715726603895572,0.683419368670239,0.0893013792016723
0.923481166596105,0.0737141317667581,0.938098075562222,0.0565087419437516,1.08972342946838,0.148937415020998,0.0311244262554392,0.0400809960279454,0.140825262167675,0.0882120978594207,0.906769352465699,0.0164976546192881,1,0.764665941435063,-0.267817363665252,0.21441747642606,0.760720731734585,0.0647979063243975,0.661397293844527,0.0650797726084556,0.689104463649283,0.0607117446706948,0.660091278804933,0.0739518586358939,0.638887814058614,0.0881284888639473
1.0319821833606,0.0682735621967413,1.08094055700036,0.0562528769515617,0.992284119070807,0.123189397846924,0.042525203484837,0.0304035734065895,0.205419288476644,0.0769607993624266,0.893878683555645,0.0185645208368422,1,0.999999999999908,-0.185297955542275,0.190549219053734,0.671282420288485,0.0647433191403324,0.69039219941179,0.0581336509565271,0.78967448136967,0.0588720737799492,0.804958772240992,0.067056266209531,0.732259380441657,0.0843979806120881
1.0945276269463,0.0718192884248718,1.02059290712104,0.0548497015967598,0.998328289424306,0.125502337037568,0.0105870601132489,0.0157061983733469,0.102807400497751,0.0770789866495856,0.904330343423938,0.0170568099339292,1,0.999999999253171,-0.108622227880128,0.200980742347072,0.796480890379593,0.0633988016437273,0.71796224672377,0.0577745318460796,0.731886594976454,0.0604381204741708,0.627559700877679,0.0705440651100114,0.754064435776848,0.0825092317373773
0.998747397879472,0.0682160520847136,1.02932938086493,0.0562677081399532,0.990562959615028,0.122009201933788,0.0413689797231728,0.0276114204142097,0.20243166498781,0.0715088962830786,0.892547358432948,0.0199726047510473,1,0.999999999986538,-0.114843689617637,0.18332099815152,0.654151123919752,0.0583560214901418,0.717203911014743,0.0558884634715433,0.72563953648094,0.0578763490650779,0.612955151327294,0.0779801891358027,0.715285054033923,0.0916847838452383
1.0408401868269,0.0745676575159605,1.06270355619742,0.0559656215236174,1.09818127535213,0.142199673076103,0.0669166765009712,0.0382744883399637,0.271084195651492,0.0826245861766957,0.897486961721265,0.0207778011972725,1,0.999999999930968,-0.145672501951927,0.212242830414937,0.630574819022315,0.0692348576920359,0.747888412413152,0.0581207801733005,0.724010765648738,0.0596645467222546,0.776536734711441,0.0721973756699303,0.657602690873961,0.0862705127020907
0.898934026611551,0.0720948764841943,0.871185290704805,0.0488519861821952,1.03514975220102,0.127161232725532,0.0273360520939891,0.0264219991591923,0.168216846811489,0.0822484490093028,0.892629731861488,0.0213075828059469,1,0.999999999999173,-0.0596185382470887,0.204714312935148,0.693561805068476,0.0565187561531359,0.626107836038953,0.0597576947137396,0.575559962322255,0.0658883705770153,0.794398711711234,0.068754428381308,0.609615020202885,0.0936237211542449
0.983453990850957,0.0749864733390159,0.940726394790197,0.0557899239724067,1.10772342796312,0.140827602207882,0.127613325388704,0.0680139960165888,0.369065653395885,0.096589857944385,0.882382379428485,0.0217357036331883,1,0.981612198302416,0.205883176001642,0.210724007080813,0.585929031608969,0.0660407820900127,0.656204644185044,0.0565377866366605,0.73003168311425,0.0636936367982947,0.640755562375796,0.0768673539484928,0.878799215504723,0.0802320249634787
1.0726417014075,0.0738942493694262,1.09355514894754,0.0548422888715506,1.04090435400139,0.132901655839569,0.0287219577687398,0.0254018158128755,0.172906942464227,0.0775641441350127,0.897251540969444,0.0204983246812885,1,0.999999997581719,0.47917229883864,0.2056862260826,0.681840759430699,0.0674777971084238,0.823496914377192,0.0541914081916886,0.704550202219791,0.0610754284559526,0.662102730157914,0.0801192586443413,0.69247205814381,0.0894834292080388
0.996607648115004,0.0678436341607291,0.975201805193537,0.050416227933428,0.761228423192156,0.10517299284288,0.0322370042955369,0.02129307679588,0.156651600496724,0.0541319866675034,0.913311444674197,0.015028134932253,1,0.999999999793295,0.272868510847507,0.210139635552184,0.664659546799358,0.0611610387426573,0.55799947505973,0.0633319857370751,0.698599164266405,0.0582907807832596,0.65109666710087,0.0671375751854578,0.626235657233504,0.0823123051555761
1.07068464772541,0.068222304494617,1.01259815106715,0.0539800777368106,0.752469348248008,0.114260703458106,0.0820782179234198,0.0372384385136054,0.248518295395262,0.0639734171177368,0.924429049665164,0.0134320765284456,1,0.99999999999978,0.340225639458308,0.216099200962332,0.730239750983486,0.0618390598203972,0.742121337515871,0.0567580100658254,0.674501025396617,0.0686511782589251,0.560156063340176,0.0753319088025141,0.5815434355122,0.0865954847247385
0.951543031212935,0.0688715985925193,0.912848037654361,0.0514777361830144,0.930223976904488,0.118464344023299,0.077088133193349,0.0404945132261401,0.267785790939711,0.0757078226026783,0.88596870962742,0.0245235793811076,1,0.999999999985683,0.324655348722203,0.195317891711966,0.590048152856993,0.0631890281673477,0.544726667768472,0.0639675454264179,0.804702285479714,0.0609177140403009,0.641238965543321,0.0694651413071107,0.615545134437016,0.0886830237397475
0.93961777736714,0.0750684753183378,1.06077875815555,0.0547057171319673,1.18655216730019,0.161557743000293,0.0262850589658565,0.0280708076985813,0.176602924200468,0.0926944571573167,0.93455928829182,0.0107945160985845,1,0.999999986414999,-0.219059966504564,0.223982434689505,0.80583139790822,0.0620562312906942,0.718653475547931,0.0619891582741737,0.728392605669122,0.0658660445360477,0.634314676435697,0.0783065051170799,0.660094294761917,0.0834646903358175
0.968564814021592,0.0817982442472225,1.06948139523925,0.0581396428082016,1.40239467120192,0.185715427630303,0.135744374170179,0.0629288918656294,0.436310883404424,0.109535544320879,0.913507063976141,0.0188359300721696,1,0.999999999987525,-0.160889691017944,0.22495282429175,0.757918313728608,0.0613392057232798,0.659512079107352,0.0655467908756546,0.597532370392769,0.0728063326191486,0.778380791496184,0.078005173243908,0.69273679152629,0.082994651068798
1.03983274836285,0.0679035990098858,1.02443144446982,0.054730511167951,0.842037175408368,0.111767830728263,0.0913442175774201,0.044569597354418,0.277335945955684,0.0732316830759821,0.918546055195496,0.0139360555163588,1,0.999999999742285,0.0772694670541807,0.208367813808852,0.691316442409113,0.0636009678688238,0.646442577476435,0.0611969361234099,0.639858718228081,0.059633883973609,0.670580734772819,0.0671149107538998,0.766040251413101,0.0792660302062781
1.00127577181053,0.0718613555083934,1.04203944316019,0.057232412827513,1.07831958181578,0.135411050887225,0.034468747226047,0.028756377686613,0.192790884344651,0.0823010486618546,0.901929274640779,0.0191748868333489,1,0.999999999890869,0.12389898214617,0.201951993748541,0.707921044965886,0.0662447631968364,0.714143200955703,0.0615291261540711,0.715871567867412,0.0627681755664029,0.727230153207215,0.0662992709609312,0.665232022731605,0.0802427013376534
1.02189524542314,0.0741096499865482,1.06008788780196,0.0568535068156741,0.962537889792976,0.126502140647227,0.0221591847345168,0.0230999945833724,0.146044700028211,0.074937461215134,0.918516841452089,0.0140477900901298,1,0.999999988101574,0.0729713504380743,0.216109360827617,0.760704622771974,0.0600071783742313,0.665259711843782,0.0605569891177949,0.7790806461451,0.0624835600407928,0.669566518417265,0.0752311576313463,0.785276089377799,0.0839547683893702
0.961338703264615,0.0713131983778846,0.967217821815365,0.0591876518849309,1.13611791248711,0.135095973176663,0.224683453320408,0.0823699759615987,0.442568028650722,0.0971176582366204,0.851179035646646,0.0264174049757393,1,0.875957001670248,-0.0553919899194503,0.185136414431371,0.727455431749597,0.0574812746103063,0.74286651813416,0.0575272282171655,0.681753670094805,0.0644560199145512,0.767381420340236,0.0691921326082783,0.651720145714757,0.0978874466973755
1.0908162659062,0.0752724120461959,1.1040082361342,0.0602468067932441,1.16705477231033,0.140433449113637,0.0723454508832865,0.0451124942473024,0.236221210045497,0.081477029009388,0.842128189100871,0.0330665647192136,1,0.812957152874002,0.0881892124805791,0.179095182118914,0.617138289988639,0.0654070185537065,0.722151465609565,0.0546956415133749,0.753933258174957,0.0636855690984791,0.743377248902405,0.0676736259085162,0.808514986016829,0.0794377655020364
0.976843012015493,0.0755450022874847,0.95735132023081,0.0559996981661489,1.04835142139589,0.146210473112365,0.048903868848989,0.0505348703868102,0.20242781790838,0.0829526871034345,0.902420311224309,0.0161667180925183,1,0.894015689267574,-0.367032798233013,0.20819454293419,0.755500689118417,0.0587828451393341,0.752712968888244,0.0598885351767285,0.650949055290879,0.0711015647647469,0.750558347486203,0.0761833571182687,0.51471933619314,0.10345824130327
0.94061885468331,0.0708349500940641,0.999878310650643,0.0584169504667995,0.879054255073271,0.11763549658736,0.0621907776820614,0.039676687298609,0.233814173529067,0.0790494383742518,0.899449180634158,0.0201643888268924,1,0.99999999995746,0.219154330972852,0.216363202717808,0.610088184590836,0.0681027441168973,0.661116852599562,0.0617249007826038,0.66878037934912,0.0668786877256626,0.665399960711294,0.0747400649486489,0.684049758135623,0.0770937235185242
1.06475165007093,0.0750221906281979,1.07523177711411,0.0607289613687065,1.0524893968574,0.131335541573155,0.0481446898537644,0.0470796412459916,0.225054520548302,0.0852268716061923,0.87125825240015,0.0230247604813224,2,0.999780540477706,0.177703876011234,0.189244873118395,0.638163976598296,0.0684629315036686,0.663996969843462,0.0632974175209975,0.730374810135258,0.060734146299358,0.628567053303718,0.0764441251954296,0.846995070186605,0.0719402167518584
1.10674173978386,0.0789476788682354,1.00404082633468,0.0577083515320441,1.30665557318628,0.152758166764893,0.076200031003246,0.0443153979807674,0.315542699399974,0.0965259717017948,0.877629362534655,0.0283587908486392,1,0.999999999785387,0.243934686872889,0.206560063435335,0.701570318303304,0.0691254308654965,0.648052520285171,0.0594500325000946,0.768150842294785,0.0568520634376788,0.849107726797226,0.0701409003780279,0.75520595373403,0.090557195294458
0.950448868078618,0.0680745193142876,0.970772585777348,0.0534517362400455,0.991775584997103,0.123764561618257,0.03218572490296,0.0549698498106555,0.166528987314298,0.0721497844906444,0.876107527088202,0.0232009929650345,1,0.932076346950135,-0.0901589725714955,0.185584672527046,0.746484422535674,0.0589273889896412,0.584960943625342,0.0615562957967326,0.800863998648527,0.0574572552476184,0.630028481951444,0.0720817630434412,0.616060043883748,0.0892538592521309
1.06433482748138,0.0713189199028323,1.06075298213564,0.051040737389148,0.989549499716159,0.127017805341648,0.0987226487177773,0.0466414875748656,0.312555511306594,0.080988652924625,0.903041826549494,0.0189753907746702,1,0.999999999993838,0.20560225687626,0.209010347533225,0.681989146139107,0.0627263584282475,0.698122998117204,0.0587419806954824,0.716192591095656,0.0599190727611545,0.740415977643454,0.0727344993518095,0.670239568361252,0.0814312961113042
1.18633950546292,0.0782779693401396,1.11554846514271,0.0566020781749696,0.989399477419208,0.139014487659822,0.108379675321606,0.0538975877322741,0.251942151890498,0.0801461350564241,0.923519837760782,0.0145787144099983,1,0.769380320022975,0.377810547471776,0.226289964118906,0.688586996255047,0.0635668862222953,0.781847069440168,0.0622226045608962,0.706241178588244,0.0697231496775892,0.776175571599127,0.0767331919417947,0.869721212723015,0.0723976976019187
1.12655941488494,0.072205381955705,0.971679739845117,0.0538869213310984,1.08122415955045,0.13170036156744,0.0184793101789433,0.0194189527888604,0.141351606170716,0.0760124433735515,0.877288539294639,0.0236342561100266,1,0.999999998742285,0.0489426598850106,0.197957571504439,0.808157959615247,0.0560682630253934,0.653723787042193,0.0623633931895853,0.691154226089904,0.0613636981306134,0.638512579100645,0.0744275849252141,0.773922248969287,0.0781316900790068
1.01744864628599,0.0779314235776209,0.958086940745878,0.0590851179204474,1.21449488876786,0.158480280977411,0.0365652842428625,0.0300844550939935,0.210732889680616,0.0878810370089753,0.903836625497969,0.0182959186138266,1,0.999999999705486,0.156184956431665,0.212983894157217,0.703022311908082,0.0650730589637822,0.725950251567675,0.0603128621295532,0.692268925716366,0.0650283535028979,0.664770242096613,0.0765675984073228,0.889902853804892,0.0869623100840857
0.959868078236763,0.0702127789134406,1.01490654726563,0.0527221171499515,0.942969200959206,0.122565763233296,0.0621934519217272,0.0533680670131076,0.134555167121224,0.0683234025334242,0.860612198924667,0.028042567803517,1,0.555621822731567,0.0247335922793366,0.193408279696058,0.624081060216018,0.0641329826796947,0.740512010209558,0.060701643290416,0.566897944547262,0.0672060736038609,0.693756778912394,0.0674396752951329,0.746603631351751,0.089159331728859
0.983262096719034,0.0698801701710074,0.918419076381091,0.0559938835512905,0.900793647734204,0.120592170877673,0.0726183405965264,0.0535923047835187,0.217339884525805,0.0737818016027852,0.891314620498223,0.0196625926989036,1,0.849774342579899,0.15030222490199,0.187442202608638,0.666076388000194,0.0613722306856332,0.674630236054396,0.0569292926335778,0.602059012497295,0.0650210782129473,0.633193450165316,0.0761279235547603,0.775122882944704,0.0851678884416645
1.04790087628,0.0748364407096881,1.01094967212577,0.0566120092004946,1.08016692463377,0.140348953632986,0.0661923218146419,0.0547482589992955,0.12455071758655,0.0795959659549858,0.899537587248033,0.018745972086747,1,0.465797323928405,0.124229130486829,0.201781063901813,0.684386181352085,0.0681892172327519,0.742725329583382,0.0587982746806864,0.649336976847688,0.0616927508907887,0.694784579992582,0.0736084700652121,0.768311676604317,0.0814981263892599
0.999383905875581,0.0764346929263795,1.05135310301538,0.0619742525624092,1.19679015929061,0.158825922886321,0.0522721100088336,0.0621411976805383,0.250114496586688,0.0810582016595781,0.894265109380857,0.0221479354497892,1,0.999988127400177,0.0551376379293554,0.207812948563061,0.721993356867391,0.065783103825101,0.725253911654396,0.0630989309494433,0.777252980301989,0.061475442387769,0.643294278613806,0.0760999306872747,0.651533514535124,0.0875748757136373
0.928653631898359,0.0685517334447152,0.951523794895796,0.0505143695938387,1.05315986134127,0.12585800059684,0.0712758441427768,0.0402014776649627,0.273979667373928,0.0829193329285222,0.858449025742336,0.0301219322283707,1,0.999999999999599,-0.175398026697574,0.18448099847949,0.620734047398077,0.0624948221837971,0.720019848084658,0.060765690591417,0.675415850173323,0.0579169354649217,0.623047005397194,0.0669037732934756,0.748462011185872,0.0839885109784044
0.950694427572014,0.0649198195472773,0.97181569842424,0.0519125180590074,0.731323048400007,0.10307946800596,0.0423089868486875,0.0307659427258036,0.175902067172833,0.0677133651097479,0.919755901453346,0.0138621438044347,1,0.99999999998025,-0.229382179883325,0.221819712263604,0.663555317016726,0.0636457334216766,0.700004832523618,0.0600658946160253,0.607101070236514,0.0645613844858632,0.701850426086286,0.0760527553667226,0.59397210140893,0.0847173412678933
1.08151813709246,0.074718638158671,1.02085000890315,0.0597912832194826,0.98917006239084,0.124161464395113,0.033817561373626,0.0555046834745936,0.145574433450547,0.0779659166198421,0.900123180482998,0.0191283675543748,1,0.79593661407716,0.145266602605496,0.205001280864823,0.692462344489951,0.0625468718183891,0.661147094196887,0.0646488551118589,0.675692967862055,0.0695179383732431,0.739351383666857,0.0687161599698427,0.734017939135172,0.0811786762095148
0.931395873814069,0.0707240874351342,1.03929337203033,0.0528602925099884,0.982981635401718,0.130388986030785,0.0173891716161907,0.0206780700373396,0.130741102113473,0.0770593042956912,0.902021760710489,0.0201158801008973,1,0.999999983276467,-0.0713330590181409,0.207662520824793,0.672128451300554,0.067206568109605,0.695594865301581,0.05922497786612,0.647192779277668,0.0644293082646911,0.669635667657601,0.0699362825444385,0.817382075057473,0.0782157292286741
1.06305107879227,0.0825073970771668,1.07322215455212,0.0632707253978244,1.36114877216702,0.179226087303684,0.160067174708788,0.07248861915965,0.362349172334283,0.117471952049725,0.905262448742683,0.0191433309217352,1,0.77628882806321,-0.300848224702816,0.216808751023661,0.714002063268768,0.0634643385535148,0.717220689815021,0.0644172373039962,0.74291942367302,0.072390447317102,0.817310095492195,0.067656256809474,0.821283210243087,0.0768460256172335
0.990017553347072,0.0681808263818973,0.994718588335665,0.0550676563634257,0.968378447446443,0.112540401373423,0.10914198630026,0.0492252931031904,0.32510113387155,0.0803774029561963,0.862244167865711,0.0250447351017217,1,0.999999999999532,0.0593726936419707,0.191854608859576,0.673435813094679,0.0602888257740957,0.667921970327113,0.0591149718571225,0.771655929643758,0.0591613142741702,0.627782353521895,0.0735594469259201,0.71042589474892,0.0821286031667402
0.985496985267932,0.0723024967193766,0.991447619914087,0.05241596432411,0.88302076016496,0.125218492801134,0.0374024310312566,0.0246798343085059,0.181733659730231,0.0636180660363838,0.927010410796094,0.0118425235133868,1,0.999999999965268,0.187092557104488,0.226498475534455,0.651222203685766,0.0619452751955917,0.730297006358519,0.0593496665704126,0.737900152126748,0.0620396370256863,0.715988355834962,0.0728643996465737,0.688683943944561,0.0938632768739718
0.940398207003187,0.0716837802925766,0.911404945102347,0.0535192463911519,0.928662258411629,0.124555919579061,0.0836945340563448,0.0519129847455791,0.268097496111864,0.0678476493038578,0.893949387897796,0.0211748424750389,1,0.961646182845168,-0.202069366757269,0.209706700653493,0.774236890583509,0.0655191784493539,0.661033962699779,0.0619019370090198,0.705853686858192,0.0679858979842082,0.702505236354949,0.0789732796106112,0.709162823163644,0.0845842708312701
1.12093550748214,0.0810952930002374,1.0352718485824,0.0613311491120714,1.24206304309158,0.163820477404694,0.157649738587814,0.0734213044123782,0.372192990295313,0.102954364899917,0.910852178331098,0.0176222069197041,1,0.841104084983765,0.0566760688146621,0.224366560617818,0.667603103409042,0.069893361269109,0.774250350202993,0.0567087615009323,0.818486909315307,0.0637496985940451,0.716667716950071,0.0749768333119817,0.761993026356395,0.0837045961115298
0.980502854095929,0.0721158098853823,0.984475656296069,0.0568567823807766,0.935186812821287,0.128617935992327,0.0705650082851933,0.0472210459992072,0.178009880868551,0.078306271717455,0.92236746409718,0.0143369878538905,1,0.692947327301878,0.111756396108857,0.226356020150845,0.692995614824355,0.0609234450180382,0.711348369284881,0.0617643546446127,0.743530890298418,0.0635576160831207,0.625425731943523,0.0776098849124857,0.790732904845989,0.081021520985959
0.982375938751215,0.071726515490842,1.01555730432893,0.0534236403972828,0.917272099497462,0.114544711999383,0.118901821228184,0.0641881505223231,0.242871354473734,0.0772769156682963,0.863415216523914,0.0325731502499676,1,0.73541578868562,-0.162550216451524,0.193240503534042,0.692745731403264,0.0604224880485285,0.642740799543304,0.059245313345084,0.655215781618853,0.0658766677114922,0.633042352370678,0.0707461714314131,0.701875519534071,0.0737755231737934
1.1235360094382,0.0726871048289991,1.06143716117268,0.0556443071128575,0.901202608791561,0.118535899333394,0.0544662591401116,0.0535242924394647,0.202936662181908,0.0670361572640941,0.908406873217589,0.0193084480449415,1,0.915979003901118,0.303884125689869,0.212566571675845,0.568367223069053,0.0759477979856889,0.781175866157216,0.0590524897345413,0.759538713411813,0.0636640607387065,0.643790616540464,0.0684191845826466,0.703405590549509,0.0809266072648072
1.06563853548102,0.0692600393786165,1.00017967572853,0.0546690559492835,0.925308363964478,0.119480155463809,0.0816766991203918,0.048081945860618,0.160012105744916,0.070915416869952,0.911194548886724,0.0146523384750583,1,0.582050286956709,0.169328357642727,0.204853967558429,0.662606398790833,0.0591562247344259,0.700484932163225,0.0593012745650623,0.697748026587619,0.0643528207047976,0.781967113564432,0.069204766534773,0.651843366642623,0.0926035198782559
1.02597831493806,0.0682845981013589,0.987815448777308,0.0553341501544329,0.994873528119888,0.132454229381291,0.116513658727419,0.0593482291722271,0.31204615706149,0.0791053683474982,0.899299769953605,0.0187222247217167,1,0.916529569355056,-0.281313089141219,0.204360134359963,0.700051352882028,0.06648286281873,0.688256676525817,0.059009169027532,0.655667562517651,0.0687942658308086,0.672326961433779,0.0726463826997588,0.728795207632491,0.0790229897226832
1.02060222718061,0.0680675971158612,1.0592791420682,0.0580461312228532,0.920130908821976,0.116642353588312,0.0937337225661797,0.0560681028138013,0.233046293510344,0.0711223039537812,0.875939978644264,0.0257415487980348,1,0.793541159494501,0.0205638089558541,0.186816433709772,0.656839698476557,0.0642217441934474,0.707140859326162,0.0597909814872826,0.749239787457646,0.0616760741361015,0.70268730449122,0.0683162375510777,0.57084277335264,0.0963949315525779
1.03946985401564,0.0719654118038113,1.15098461615576,0.0597237942118377,1.17309228226866,0.136525434403011,0.102069749044715,0.0529247420634324,0.221565389211981,0.0833775493069257,0.883549981456833,0.0208092103241337,1,0.640305611360187,0.174618577444086,0.195943686351049,0.698422576836534,0.060489245878455,0.792905286604542,0.0600094793067795,0.700959747163755,0.0628804105739117,0.738420528252164,0.0714776038332976,0.782151122682215,0.0826684627997325
1.02851614990342,0.0752244412268936,1.05598770891525,0.06310762610819,1.048934616015,0.137722043495505,0.122151079810321,0.056100210519508,0.28842351280027,0.0807794984203935,0.895728341531772,0.0182957107626702,1,0.805763884515756,-0.0386295976169613,0.199858811105051,0.67941550641668,0.0653149205148771,0.72488772414357,0.0637102607652301,0.75853390834821,0.0674031719769049,0.71174036264591,0.0835703347239953,0.758535949481294,0.0886861138919735
0.994563005844507,0.070698354622546,1.01610506414863,0.0524430706698678,0.973540383814301,0.114429535504734,0.0407725833174241,0.0306318396003001,0.14529812235915,0.0699007176407605,0.877851196812222,0.0238692025702056,1,0.729287721922406,0.0154830508173644,0.198104684379565,0.64956960395688,0.0653591560536806,0.797298810705941,0.0534897320636691,0.632372226363144,0.0640710671933348,0.647283685328156,0.0672023543633598,0.743285355972515,0.080250089053958
1.05993026970028,0.0705052664097712,1.05750516851225,0.054842336053059,0.889072678282824,0.121355851489347,0.0893637622389393,0.0581157996459623,0.271339197246219,0.0702735024355596,0.906483969253438,0.0157370430341882,1,0.962638399086771,-0.0966172305429508,0.194150103419426,0.727016903547471,0.0628276303633785,0.656457815027081,0.0605499712273024,0.75796742600937,0.0586690998287683,0.768718068239732,0.0718145081861232,0.633175601020302,0.0955540050905503
0.939130212102203,0.0696817120599419,0.904057790232384,0.051377521715141,1.01373668764729,0.123949136356947,0.105731234082547,0.0469446990844919,0.327389112552237,0.0777477875364814,0.870692123014315,0.0259104104427861,1,0.999999999990856,-0.247930731258304,0.192352327930151,0.573072230515952,0.0669926570896025,0.705928827492486,0.0592846467981283,0.723173363850192,0.0559998887277733,0.69091264090923,0.0686988711237596,0.735855239464109,0.089135917570536
0.888128085215494,0.0697264451825571,0.967253676293,0.0534392107350899,0.890577462934595,0.117481321587619,0.086722505334718,0.0571757771575282,0.265434550566741,0.0718812532256003,0.907079334319797,0.0175125003085138,1,0.955115063209179,-0.312521503347059,0.198491072084363,0.613437845145527,0.0708047132599555,0.736507053459088,0.0589862309202231,0.773471149094906,0.062457569741782,0.700665637362889,0.0618117041831293,0.648815529715875,0.0871511330925734
0.970815935608519,0.0692389400414717,0.976827776232818,0.0545198440334983,0.889880501520641,0.11995298947379,0.051814807445922,0.0374392056757108,0.214730032448697,0.0819728547268378,0.887445459716385,0.0216395090999304,1,0.999999999991825,-0.114660043868422,0.19384935677854,0.703360532627824,0.0570090835453332,0.642019693413977,0.0553079633715314,0.697002581489619,0.0665008583175665,0.668296095049571,0.0822519852587285,0.443138778014844,0.103388392282737
1.1090724868581,0.0759410384397603,1.02719443533332,0.0600912154777731,0.989019329316773,0.134606503125013,0.103897538686483,0.0599464620450601,0.300126196510611,0.0840906269184698,0.900292744174163,0.0197216240509268,1,0.936265207855712,0.485328887457547,0.205642034774413,0.670253252425268,0.0662232958367707,0.702133407292338,0.0645124520256632,0.672394425968689,0.0699750572309687,0.711240632076456,0.0757630088560586,0.760845549275843,0.0858008560563848
1.08699323481896,0.0743353347041631,1.04644151683645,0.0575882666045526,1.15806190618857,0.139137594031571,0.0967430789549288,0.0635973672201689,0.314103238595294,0.0772051006371707,0.883526231611683,0.0240167436692406,1,0.938418527678309,-0.102197863942802,0.202087697763553,0.791072533895059,0.0627416936607997,0.660241676573166,0.0650400667919794,0.627435892439456,0.0624801834208086,0.854884026597717,0.0619065596128097,0.638710314055766,0.0811993296534969
1.12752148371835,0.0778185821894414,1.10726450744283,0.0598641589676731,1.14533178432631,0.147199403798956,0.0700674139467332,0.0581008490725886,0.22263948030765,0.089702279560305,0.911144302011972,0.0182100511570883,1,0.785920249454205,0.51155898757907,0.208198458093446,0.766347353465129,0.0640328465860109,0.809051814868243,0.0574551770870346,0.678456030980885,0.0705332505244178,0.854237652847774,0.0735352875330594,0.795323196299031,0.0897307858200293
1.06295290260809,0.0739453188953074,1.04617530960518,0.0563888052625441,0.9301965153854,0.125001954795592,0.0546213816674105,0.0533524362316007,0.192929683870369,0.0744253314641464,0.908882539718096,0.0158643788283789,1,0.855914448680315,-0.212969671162598,0.222609605992962,0.787859174749795,0.0588271305420034,0.75096634477596,0.0581872581748805,0.616164920845336,0.0709601407118952,0.738514994746065,0.0686392550274001,0.702100779430142,0.0857805297361268
1.121648716874,0.0701537862066715,1.02551556177196,0.056927756775407,0.875145172507743,0.117851846385458,0.0738740850413684,0.0358109372665802,0.228199378298539,0.0656508763116505,0.916022368643474,0.0147609563091029,1,0.897487376253144,0.139879718141065,0.208176445367193,0.69194071466655,0.0649729583871392,0.736926376482334,0.057327054502813,0.709369031943757,0.0613469329148068,0.671623298370053,0.0721968713218087,0.757086931387811,0.0760065537320372
0.930582654290422,0.06750189026298,1.00588154500435,0.0540948757197627,0.95715883278875,0.116760985062773,0.0651646581223996,0.0458325492424575,0.182159709380506,0.0727908480599634,0.882442322421775,0.023631977592412,1,0.729380685057707,-0.163930578557369,0.188560264453488,0.662653280638869,0.0601999276915403,0.704642270324599,0.0599768450328047,0.603305308396845,0.0658658385817631,0.728712249060703,0.0661217871926604,0.768542630341111,0.0830127677610335
0.906701642955023,0.0701021406473574,0.976141621104705,0.0596180761608365,1.04913866671895,0.128777238458695,0.0774495957447345,0.0583279232287652,0.262089961420275,0.0737884527660063,0.844759051335271,0.0370143855699945,1,0.919442051048165,-0.118369477599124,0.176715595492167,0.585175142784365,0.0701605822790124,0.70987603185898,0.0588600101621561,0.620021226059438,0.0659454438155787,0.698494134064296,0.0752966438159783,0.757241367847343,0.0831582160335027
1.04785446542603,0.0712881758194297,1.03401346770385,0.054086213536021,0.901572517357711,0.121277850847364,0.0550067304184252,0.0319003243385789,0.222693862542544,0.0698584186980742,0.914854255481308,0.0133193715165385,1,0.999999999991539,0.0997611778388538,0.218127032671452,0.704906668826962,0.0617513405557836,0.715867002914302,0.0518466014574289,0.72702868663348,0.0638604172470715,0.859707524410837,0.0734530032008289,0.669727341055419,0.092479463771821
0.961331946695975,0.0680469500290344,1.02431863597276,0.0575855603049907,0.823840960724667,0.119218918530303,0.0913342696419934,0.061412488684178,0.236648958460975,0.0773111925492604,0.913282520196511,0.0174128902312802,1,0.862712373127339,0.113206358239589,0.21169036100829,0.647921439747079,0.0661211217297211,0.668695346378615,0.0625237845711629,0.689486196108629,0.0615742696738764,0.617202596081339,0.0760056438997299,0.779558345621367,0.0812670614592987
1.04668889988362,0.0697501668399957,0.968481062544661,0.0565489576183533,0.89083385689646,0.117745630128515,0.0678397349376231,0.0508929749494114,0.138611747064486,0.06312366556717,0.903094917402422,0.0176807945232821,1,0.563844838254843,-0.0749790767973564,0.200104965304317,0.754146023806049,0.0619250631424015,0.723501956175922,0.058571549284356,0.631693277995079,0.0680767137073301,0.658914263854351,0.0787977067073798,0.665419003493548,0.0859519989681481
1.08549167055032,0.0758264592711844,1.15454876884547,0.0635558744092277,1.14227850132577,0.143828444257499,0.107488350225713,0.0698279580760466,0.14415420590536,0.0909284131007618,0.904127868705,0.0188259753182988,1,0.411396524026263,-0.209884577560347,0.204954469708987,0.762286638939135,0.0645750014678032,0.795573141648178,0.0588328513105495,0.75652058015478,0.0620600423075897,0.744566850950804,0.0650907496597414,0.811146365835091,0.0780255341461948
1.09568273304996,0.0746643265621156,0.99043729241798,0.0579351393183449,1.10489100493617,0.139396183233775,0.166670576149233,0.0785747919268645,0.349526467583332,0.091906828315451,0.885397079708542,0.0213563361167351,1,0.81449960977439,-0.0461509855379172,0.202996208336281,0.66458672419703,0.0669507863795185,0.734964621478084,0.057048162766545,0.6852054753957,0.0613872860922659,0.713558456180839,0.0744333590346264,0.883881166250117,0.090115656886342
1.02771015064051,0.0740345654091928,1.0408452785668,0.0574042150356363,1.05941492820916,0.137861120875785,0.0607228154291894,0.0488527203452376,0.123661381989875,0.0750265053817927,0.904500372212956,0.0159457212721271,1,0.487556669572787,0.145389709799719,0.196826980139075,0.659499223033305,0.0621955206934816,0.792658829362037,0.0600961497198038,0.659964567866382,0.0696692949987153,0.701194467878575,0.0728773831542824,0.79437164804144,0.0830583411571214
1.01327876871383,0.0770437025307838,1.09438517500975,0.0599637254718804,1.20527939077849,0.155748191917586,0.0697126271003161,0.0368870680602317,0.289867543405705,0.0817433214495826,0.906200625894764,0.0184925937199967,1,0.999999999994175,-0.0502953272161829,0.217743158844504,0.773842227363926,0.0660045864178382,0.746451564339228,0.0628618570282114,0.702764808553137,0.0658793110698849,0.656015131796979,0.0766447769424139,0.762106621247699,0.0760399601582544
0.998677975345571,0.0677804388450033,1.01937381732243,0.055865855105034,1.03485513553792,0.12001718213463,0.123353325305613,0.0610156447561506,0.325416461832948,0.076501367275196,0.878154067984893,0.0224902597739296,1,0.91080269802547,0.183736910599441,0.187362503854873,0.636993323190683,0.0659906608447833,0.750012292568256,0.058360490708863,0.677840174928703,0.0586105848929824,0.626046292464365,0.0723405837929952,0.843130896742511,0.0767004571958711
0.995039771339688,0.0715444830373876,0.994123066912397,0.0534278721525707,1.0228489799725,0.130614502148238,0.0477201843844394,0.0482089044242344,0.190595583124617,0.0770281260391909,0.863638999720495,0.0283989719339771,1,0.862692489857666,-0.0839247514639675,0.197901911278067,0.708486676973328,0.0682437611887226,0.670353250595287,0.0579436515687955,0.799763937873342,0.0589469548405793,0.508778515282742,0.0784844063247973,0.631680842931134,0.0928559707638051
1.03239877206345,0.0776816856948822,1.11753711002048,0.0578989740986512,1.26164744656411,0.16623729356491,0.097959877596607,0.0433886615086321,0.351554873999216,0.0856994354149728,0.9244628042913,0.0130925998818545,1,0.999999999988319,0.219205644637951,0.224786358678105,0.807233589570228,0.0630960890335189,0.732476015162452,0.0623987977368959,0.670382286684377,0.0655953803106569,0.754680371857584,0.0729252997901151,0.811466002413176,0.0910426863483356
1.01373087659095,0.0734518006511728,1.07340558652555,0.056751263513711,1.00600701887981,0.136941695202014,0.0334316287968344,0.0521086506058742,0.183135568951299,0.0806426628134679,0.925583108327737,0.0124672991809064,1,0.998604292668647,-0.0873990788346558,0.207100698212032,0.885601547774816,0.0583274950324583,0.573983469112666,0.0640563142135909,0.703562248752345,0.0697452761016236,0.732616223870852,0.0689198274103481,0.726441019381148,0.0822246638493421
1.11324666350073,0.0764532058080201,1.07704738588203,0.0655282526782095,1.19338720823286,0.14867093848073,0.22475930418127,0.0990267232392176,0.262775051698686,0.106363380489534,0.897622886899919,0.0180380338197781,1,0.507381469038691,-0.152464641747721,0.208389912600083,0.777364464041703,0.069042699230432,0.695164748511991,0.0595273791428228,0.77285344236668,0.0632259306157244,0.80200387102652,0.0738272287630276,0.689683228089163,0.0881579736515213
0.885332071518193,0.0652370609395985,0.928625265055664,0.0509219427212985,0.963214036622051,0.11714629457747,0.0207451748366516,0.0213530461368537,0.141357853392828,0.0675699378227644,0.838033877009699,0.0366531290020414,1,0.999999978004921,-0.411684281571797,0.185139300435859,0.739399356377308,0.0611138263125142,0.671816449286069,0.056666759861758,0.570806061481243,0.0681817400310064,0.656075831183292,0.0718931495901684,0.615632871969122,0.0879619483620854
0.97199956954031,0.0695796668014163,1.05208505497756,0.0539671961234007,0.880182753726691,0.116193128883583,0.116800504217322,0.0504280742534833,0.172375555044237,0.0746943586602554,0.899154224149255,0.0197739647696867,1,0.537609446739368,0.0100221867314718,0.200302197118021,0.704858504651846,0.0563957516249699,0.708938030299754,0.0607436604290247,0.783343449986153,0.059724217871396,0.610058782566138,0.0756703567307459,0.74869922295895,0.0952719823770378
1.08174657255394,0.0708008664633533,1.03211065449324,0.0591964839423571,1.04808639656004,0.123891959504137,0.114396591149971,0.0593734421571112,0.279213555850439,0.0794551809925719,0.870898398640658,0.0266231094277917,1,0.806364529616843,0.0019381951669574,0.192225864398583,0.734573628144708,0.062057991883587,0.730438718558413,0.0588909892269346,0.716481460262574,0.0647265719146302,0.736321546276,0.0672970790864967,0.708918838208689,0.079453067319368
0.996445025345927,0.0761743359310446,1.04436342884511,0.0575930025953463,1.12092639438023,0.153339718237414,0.0606250512569211,0.0501283439080494,0.241421517805545,0.0770773658247173,0.892744125403904,0.0192617922664329,1,0.926107430653736,-0.356576016634761,0.197244378265643,0.725432983457679,0.0618385143351365,0.763674083364143,0.0616388573875148,0.76877490368534,0.0671148314283284,0.721912589985202,0.0740668504822231,0.753925126079869,0.0943447983719826
0.923313449492218,0.0682365606695579,0.912833975449395,0.049782750698175,0.940127053757338,0.11318062968593,0.0525546273908495,0.046518673927781,0.210847906070071,0.0695257273921032,0.879157485386046,0.0214617877768431,1,0.948572514478218,0.0713795616661903,0.195014446783934,0.648452275264331,0.0649186956019272,0.60569332868026,0.0645139483266524,0.730836725154847,0.0619504168407313,0.606168247515172,0.0725583861709617,0.713388321773174,0.0798244512224075
1.09651792307407,0.0777779759691065,1.11123248207152,0.0550275467060147,1.15113343437178,0.146071265520473,0.0491959282370559,0.0535172231490992,0.233903151195051,0.0752117642453729,0.920654767538839,0.0139358736415711,1,0.98289847005663,-0.145717733176991,0.208860597798998,0.807454555696542,0.058754328236624,0.702425755107799,0.060478801698006,0.762942318688722,0.0608985095242849,0.848972574905872,0.0639348110747165,0.782723677452645,0.0830755169211972
0.844441395822589,0.0671551101106402,0.945657020024691,0.0545155351902517,0.862583132562311,0.105520327096194,0.0893430506920278,0.0489927424055729,0.222603257219073,0.0640529812102529,0.876277490729548,0.0235108015452332,1,0.801863869147538,-0.0197225781572828,0.186345426775296,0.532725983201065,0.0667096914758877,0.77027620456323,0.0565589354241288,0.644965782953023,0.0615428995973314,0.581157115789574,0.0686740281487806,0.739224294506501,0.0862511530567319
1.05220057150809,0.0722943513917629,0.954857411575399,0.0526932684649031,0.886530505734068,0.126777495695545,0.0217517308961805,0.02326326877698,0.138865305102733,0.0774663927480786,0.911444313287474,0.0145796789590293,1,0.9999999992038,0.286914433618713,0.212679124689489,0.748222777332762,0.0624750037405839,0.683130040611127,0.0620331578159151,0.634524317731485,0.0651078465990635,0.635037987208065,0.0793116199985104,0.538465243859521,0.0942322131811701
0.882210208589527,0.0680306520909725,1.03819555506973,0.0538074738617769,0.886915789632814,0.121313317157124,0.0770221687924544,0.0446136132016681,0.255614684402734,0.0801771218117224,0.90756528837617,0.0175858063382013,1,0.977995224840222,-0.187430929878004,0.206512183719469,0.683723271249363,0.0637408097093146,0.691889998119396,0.0606324019141582,0.661498107467467,0.0620009766822293,0.632534171349362,0.0728023567829252,0.646777816137964,0.0877059107575568
1.02170502348596,0.0712702147455224,0.929377546471363,0.0560490283716137,1.03672799138656,0.128451054718408,0.0569474526705186,0.0380588772436388,0.242979460491546,0.0853091116662578,0.888411153244531,0.0221640402569643,1,0.999999999992161,0.0570155113416523,0.204979214522348,0.663529005190154,0.0649754052421034,0.700473505775911,0.0599461042842781,0.756331344017459,0.0663399150562424,0.630757560740269,0.0717608077489812,0.721960990812465,0.0762298617526742
0.97399307356441,0.0686348543698912,0.983901440850786,0.0508237620127306,0.927447171143453,0.122427342463805,0.0697387103017777,0.039881573206067,0.254320603939602,0.0781321024237228,0.895314914753723,0.0181869711970424,1,0.99999999999712,0.0471736634929037,0.187457187015601,0.739600390959723,0.0542198365948847,0.63210654159277,0.0631808541850005,0.687356700571497,0.0594225328074278,0.685400532708256,0.072157259993519,0.560396439335239,0.0963619033509461
1.06791223998566,0.0707805507469201,1.02424156299681,0.0579761516919517,0.932420563007409,0.123242997283324,0.076892058244874,0.0527207239284312,0.20957168360506,0.0817490811252732,0.906293997792968,0.0184522380444266,1,0.78268306655857,0.352527235509856,0.210297359408106,0.828699316563672,0.0597640059133921,0.689126828307681,0.061379017496494,0.583089169602392,0.0641956093081784,0.649354199195448,0.0804076470953626,0.58211410408148,0.0956649213899286
1.00801471896801,0.0719331641527429,0.94913670970185,0.0552231162115998,0.979552251409491,0.130170223833258,0.0539642666854564,0.0474337069748332,0.185130010118189,0.0698192846330618,0.871987744387446,0.0209570000029946,1,0.805211337828152,0.0752916165998497,0.193347036628649,0.631685630780392,0.0671125218611629,0.644026102121243,0.0567147992255334,0.72387132667595,0.0627773591999823,0.767797111473723,0.0724631533896628,0.792993716334123,0.0903737671164341
0.972907717161015,0.0707128607339653,1.03801182899469,0.0589208431751497,0.967779441751954,0.141311247610063,0.0932159291394841,0.0523601365546236,0.293247826353937,0.0845384040047562,0.915998294591044,0.0150231766660295,1,0.976341026697135,0.0209177456276816,0.213129606736817,0.754743237464085,0.0587582315119744,0.712804374270715,0.057661655512335,0.755395915777941,0.0670579040481604,0.685134380429612,0.0803806154005822,0.693907311950252,0.095481443336336
0.946391007170822,0.0686284326658586,1.02244274709692,0.052443252623152,0.941220055681205,0.121304347339481,0.00610787344319384,0.0118018705849438,0.0758211898617009,0.0726379471328868,0.895837688823526,0.0193143693817889,1,0.999999986931954,-0.0515315078791124,0.204596943643786,0.5907995454052,0.0635170066872496,0.686663443922191,0.0611158706814432,0.562235155361515,0.0627595847194719,0.662339266998581,0.0722040393595132,0.612628483226183,0.0819850047484264
1.06517145466732,0.072045998590833,1.05178636236786,0.0544244381695117,1.07038777369482,0.132261047702102,0.0965698494475612,0.0421993740637217,0.321507676622553,0.077094664512954,0.872214465242261,0.0227802281345936,1,0.999999999859783,0.293632558245349,0.191640753305163,0.688422789653421,0.0611598784996715,0.686122602141626,0.0573516447651368,0.713342154220803,0.0687434717571139,0.701134722872776,0.0691184701932134,0.718528799747289,0.0747860267256482
0.999020644798748,0.0719884672907138,1.05208720423693,0.055827100987908,1.06721813806491,0.138902442818932,0.00997594240629291,0.0162358416825528,0.103181910621631,0.0842443251074236,0.907697686348245,0.0181567309252629,1,0.999999999964475,0.120459760774823,0.204315224437075,0.692776199388196,0.0626796045587553,0.657698715692429,0.0603807251954313,0.762159855800518,0.0618995838093892,0.672933823427444,0.0744715528500984,0.712553692362038,0.0816041087054931
0.987708914779815,0.0770007003374957,0.981588657363109,0.0584915540160509,1.26643726781256,0.170406801922553,0.157937210507684,0.0757942849737681,0.385646645801387,0.105258657416858,0.890927564596151,0.0233890366219944,1,0.862294241240793,-0.0364066229785596,0.211285689922347,0.67457816240117,0.0616474906518291,0.739089812934454,0.0623070911700366,0.692562972145795,0.06742230829536,0.602578057704642,0.0875509799489217,0.848329239177503,0.0903443624786594
0.927327188829516,0.0714518505882033,0.945340536493148,0.0565531811086969,1.04804497519231,0.130822486582902,0.115926577383023,0.0599155676783078,0.301376444721113,0.0798283368054768,0.88191662619564,0.0237768574287292,1,0.864625098697668,0.121640552642524,0.19706989750378,0.719176530989205,0.0609026732559499,0.602482458048489,0.065731311799703,0.682365286072467,0.0652406149073289,0.728371967634753,0.0738076938359627,0.599819688570585,0.0968455786260973
1.03369253682071,0.0684807611847356,0.982835049968729,0.0543494141605289,0.861710074409238,0.110796871035034,0.104468973016621,0.0591574048409528,0.202959000319056,0.0733416614608927,0.90460029738496,0.0173114806793205,1,0.676447455039601,-0.0179276502004311,0.196780860144621,0.703722172430832,0.0619683473333567,0.712340849911869,0.057532798689549,0.707405958535792,0.0626011836223911,0.578216896284419,0.0722616788030466,0.682040302855712,0.0810060650442273
0.896794751430842,0.065694488675236,0.989079317973675,0.0485152370986383,0.814677435353161,0.1050620481695,0.0132551732323426,0.0167859136097482,0.103916745333347,0.0610216429443235,0.892686988455927,0.0215613170922838,1,0.999999973449972,0.0408039084589083,0.196473956037116,0.676380839091735,0.0550183793334227,0.741269220221691,0.0542586387740838,0.628872603096906,0.0631788743459046,0.625047175225525,0.0738547635017789,0.572959643928575,0.0891077586556662
0.956845793558422,0.0755280531185642,0.867357950564788,0.0566486114167007,1.1142858740038,0.14111897158814,0.0430564253922585,0.0294118518412753,0.219036906712263,0.0795090147874933,0.888848881426073,0.0192551413994231,1,0.99999999898269,-0.241128343342426,0.212948938830274,0.603655679438818,0.0684045538075274,0.614878481329398,0.0633415027054814,0.666988853938324,0.0634691981605801,0.667113191666827,0.0724297645545325,0.59556792262422,0.0848965181700112
1.07284152237393,0.0761369145418882,1.05445551231186,0.0640724534084882,1.01222748842239,0.134936849099002,0.121055238817528,0.0534779331248255,0.0993362711614957,0.0856266120510892,0.892587167391807,0.0229336067029837,1,0.283776870975937,0.292504625113738,0.208140385016237,0.802654685074265,0.062349986030733,0.662378906954928,0.0665968965256033,0.695192264516765,0.0669803929833025,0.676515935841585,0.0756483816555924,0.692566092343294,0.0890211784686115
1.06042599186091,0.0762652365379373,0.935228689625437,0.0549869331050558,1.1566177228321,0.146801866105509,0.0684986166957017,0.0514259308404245,0.259013570613425,0.0788360399393684,0.905640204887675,0.0183341257683784,1,0.920209467017037,-0.256506441020341,0.213388025080993,0.741279991605208,0.0620353468506147,0.753759576786359,0.0578693431712314,0.658825219201509,0.0628889279062279,0.815534880021119,0.0693618307044214,0.690098004545396,0.0884457403281234
1.0672720083864,0.0700224959009642,1.03863711053501,0.0600195324031292,0.824564471225503,0.10435433675821,0.104064980720591,0.0635665090923644,0.261827633350435,0.0662485230675079,0.880214838218879,0.021700387960853,1,0.893821644348654,0.566506420471405,0.190099637441143,0.684941593617698,0.0583850489613636,0.643629976486645,0.0624291678677666,0.800555727545908,0.0623131941714482,0.61634332924571,0.083083000543928,0.706050689571418,0.0894787661649758
1.00327763705675,0.0685435576204446,1.00079563453138,0.0569456877234713,0.848975771655491,0.113084206217885,0.0573905471638807,0.0557758274543556,0.124122477691826,0.067437543662567,0.894864727200849,0.0210764093650743,1,0.562318802406577,0.268755439380286,0.195544696756206,0.56566195262,0.0688294005725682,0.656207696355453,0.0629280488451274,0.58182396063858,0.069080857022503,0.757199276522956,0.0706675603637531,0.543159002821361,0.0852933593841707
0.952104288876423,0.0684839177259962,0.932511147035459,0.0514445803658588,0.913554076454451,0.110686783260207,0.0500579319047544,0.03552356644886,0.213847206472585,0.0783575534114772,0.849450990961097,0.0348351475767258,1,0.999999999624549,0.292526644539077,0.197631375745416,0.600600201618037,0.0613530554961914,0.578265124045754,0.0579414675601296,0.607350535596489,0.0637836740755842,0.718334619245211,0.0676467681110019,0.641622715764405,0.0892827002572241
0.95968035939277,0.0690535827481265,0.97883179508766,0.0522748500745913,1.06894771292791,0.128079628942852,0.0503791711768205,0.0312818525544579,0.232061844792359,0.0758578450616473,0.874772946499525,0.0236146390457258,1,0.999999999997837,-0.111918009800528,0.187594566606751,0.624715583659691,0.0659200232689875,0.755602324037766,0.0567836589297179,0.762389163471178,0.0622189675721399,0.721974660003179,0.0646778977677673,0.711027720701492,0.0890460714749789
0.965997198687852,0.0737528964539792,1.00183767654533,0.0564052628066573,1.11373122372778,0.141059895117975,0.0450297491190729,0.053889681306153,0.222869419481708,0.0854525680094386,0.900518700274556,0.0192775008908944,1,0.995200350934796,-0.0865123943274076,0.207853261655709,0.736162688064611,0.0585300540645516,0.603614764566073,0.0625573645562242,0.733990177678288,0.0685277633710604,0.747972719425093,0.0681497232404911,0.735182235247426,0.0768295274845443
0.966430564700723,0.0672952988011193,0.967421707047644,0.0555088033125097,0.904943497775524,0.112019153328059,0.0128493370576496,0.0172332310081317,0.107832851981895,0.072862929801445,0.871005836765797,0.0231525693469776,1,0.999999997656637,0.0829229586062011,0.183747808446455,0.68447576467819,0.0612867620925034,0.608523975605384,0.0613908423189818,0.704639609440912,0.0624481216274453,0.689321329477617,0.0687719073930511,0.544688130180793,0.0947236617086831
0.976775188742835,0.0711224226884273,1.06535672704122,0.0552848338114774,0.962108582892429,0.119871280579424,0.081335995031594,0.0473271985106597,0.182084390475189,0.0782285955297491,0.887912722509364,0.0213782443481678,1,0.650907506765738,-0.332943402053882,0.209548023464816,0.771177870365643,0.0620648037978291,0.694458510762718,0.0579903756117574,0.68094631766609,0.0632608050464378,0.706032879981689,0.0626368501903482,0.644148787150423,0.0868854448134036
1.04324041773578,0.0793628175624245,1.02980224631182,0.0587517068384931,1.29503182362672,0.163593906234128,0.0319279236896554,0.0322748848634214,0.203341273631587,0.0893881913982758,0.865116212308394,0.0319134023459125,1,0.999999955519709,0.203478722878276,0.196021518516123,0.663238998741821,0.0620707746616255,0.812493297947698,0.0598292186925753,0.576720241629362,0.0774644874101189,0.724935242444308,0.0760264273090401,0.649872209659137,0.0914923396263739
1.04123028908759,0.0725130283519112,0.926956540071601,0.055326514500894,1.01624305670067,0.130949018450584,0.102219687529754,0.0561171121258454,0.314235772984202,0.075308155706583,0.866951816418704,0.0279265700503631,1,0.974966186590155,0.155902057705577,0.183157051811455,0.586511275015354,0.0654199875272277,0.582747881837866,0.0654193670331118,0.804697763779397,0.0616769561253957,0.610955509901773,0.0728169616008767,0.715460986111716,0.0929473805990016
1.01065005783873,0.0789233726538559,0.980708599235962,0.0578619116987606,1.28924990485575,0.174976728989778,0.0961379055948905,0.0554971878533167,0.220915620310441,0.0992758443561774,0.903132169414416,0.0191094827567501,1,0.627495394060751,0.196686601588608,0.217817704913896,0.66398284845616,0.0643407849036337,0.747571202178943,0.0605964597802454,0.696141816766591,0.0661831400479829,0.762146151752354,0.0769166600497575,0.734064487079192,0.0801742243477256
0.927305380330374,0.0700273416565285,1.05923891028092,0.0598174177149907,0.996506231632235,0.135529963940982,0.0815683593281867,0.0648321697850517,0.278735906706243,0.0856883571703494,0.903147695027147,0.0168202760681009,1,0.977669451035535,-0.452754682529455,0.201480636286235,0.824444098539137,0.0650556796692313,0.771227663773972,0.0609258874367304,0.681004057339634,0.0684137285617724,0.672859691617342,0.0784640160856935,0.612801931754117,0.0956163262885659
1.14602508011724,0.0810868782311094,1.06530962648637,0.0589073573193052,1.29631842899582,0.165449873892706,0.114792952735956,0.0639150889167173,0.36204319771399,0.0997566786074085,0.906438498103873,0.0180191016507824,1,0.938527345437827,0.404809529455149,0.218176424471879,0.653221874066437,0.0717389371276611,0.712664276515699,0.055921735717771,0.731384623543568,0.0637465715626935,0.797579522712526,0.0663549193856797,0.710488094463552,0.0906472758556174
1.02286575662914,0.0711258651231366,0.972397989606954,0.0514572785783168,0.899257487920799,0.117084263566759,0.0713642255433356,0.0391413350042504,0.253327484077991,0.075074210905386,0.895307013385649,0.0227150497557136,1,0.99999999999822,0.0964680398026149,0.207934031694091,0.788131361821088,0.0559813998458071,0.531777584419877,0.0670922414993486,0.654532440715565,0.0688168432197425,0.744576358585583,0.0661848947709468,0.804133342715966,0.0793752237059356
1.08073998173804,0.06906477609736,0.947234802339622,0.0522619945114428,0.888867261322795,0.114606514846385,0.0544730397763994,0.0294504982837342,0.220043863012037,0.0637463239880692,0.890644449321597,0.0166622868171547,1,0.999999999662164,0.306335541101053,0.188593015602799,0.579034232509814,0.0620225453817296,0.623614028839116,0.0613632835640375,0.7030334281969,0.0673206305306725,0.633525957312046,0.070507111046167,0.693723041362556,0.0778429171801942
0.995816521636243,0.068168061808168,1.03455528413936,0.0573360946391645,0.917511593473767,0.119623175380909,0.0855506143164929,0.0581225814051239,0.25287544502392,0.0730966477029911,0.89405656111537,0.0207772114204873,1,0.902587497712254,-0.0882256346284432,0.196918924100705,0.662671012748595,0.0665248151668297,0.720686176685143,0.0564424024737569,0.752319948270168,0.0618050587709151,0.738130935740323,0.0666110985242642,0.680988925733438,0.0888544956033802
1.01511457193624,0.0719227960852106,0.950493209020731,0.0524320645038679,1.0655240782032,0.132531633926023,0.122287845044206,0.0541353253301491,0.360971803879286,0.0867973570087674,0.88927591473745,0.0188246104470278,1,0.999999999346442,-0.0310980469516024,0.193574662232025,0.650440713623977,0.0624463301893021,0.729494561635139,0.0567613523331285,0.656565869999764,0.067664657423536,0.673260612863137,0.0699570016947466,0.756392937714039,0.0821707864517666
0.933421529552941,0.0761698050532322,0.908553446072747,0.0537090961694795,1.23173978861023,0.155716013226461,0.0427585285908916,0.0316582420287558,0.229493749231242,0.0887285570821289,0.859761607824739,0.030057534175299,1,0.999999999699844,0.0471524050666946,0.192222056835887,0.689304401222707,0.0626196184350403,0.634995242387071,0.062252668103673,0.616686454411176,0.066779482506993,0.750679119827168,0.0768412305054903,0.670290344299347,0.091570129556519
0.995746352833407,0.0720070379914481,1.05627332333218,0.0615211438368016,0.912977281957281,0.126393746613096,0.0633589006132755,0.0663062683525705,0.192062068615726,0.0806789476686372,0.928737985750136,0.012245348225011,1,0.798560455505038,-0.155638363687094,0.226442957275799,0.777392173822628,0.0615391641577691,0.732790380969369,0.0629640420663387,0.567120671041148,0.0684191398436415,0.648126663683204,0.0717345644532422,0.806926221780943,0.0784671787539499
0.94065765576457,0.0705548170765403,0.989254367298699,0.0568578767333458,0.959292478267188,0.130670295843222,0.102686056063158,0.0594045750724171,0.284197113764002,0.0787645277604866,0.875954193110998,0.0241621319562148,1,0.9054998995206,-0.0688565700470157,0.187759972860853,0.62961769837968,0.0625537200097509,0.679484596761487,0.062435068485943,0.62988048802208,0.0623997677631854,0.8153370087864,0.0717654828338651,0.575946059352209,0.0977852346427526
1.04426456839072,0.0710860667600115,0.973007078829109,0.058371406717851,0.902169670090905,0.119302068182034,0.158735450202821,0.0635989075217692,0.206386354622421,0.0719476199520475,0.880008106049987,0.02197411278328,1,0.545380875704486,0.0379015747984394,0.188530806410706,0.652505217256355,0.0580958920019862,0.657774759723662,0.0626907952094595,0.657520816427981,0.0657486761827085,0.717020387353197,0.0733727459650125,0.728229387329481,0.0829292227183665
1.08425276835707,0.0700130022695713,0.975411681778486,0.0587297596051722,0.806050618708881,0.113014429021287,0.0455105979161592,0.0504783235054302,0.0569052078688397,0.0709807344259732,0.922167759259975,0.0128185121937259,1,0.297108164023415,0.233764039896462,0.214870102390072,0.741466061059753,0.0621293883830734,0.74472359019017,0.0617657849028682,0.745933686849707,0.061936804705122,0.644972908940362,0.0721522950739802,0.600393718075982,0.0902025900091238
0.939741004472706,0.0743330507595438,1.04097582502383,0.0605614393070956,1.07304075841561,0.142853424581129,0.124757993033447,0.0610808005384044,0.293353916854273,0.09117686845698,0.91210643143524,0.0158367318699459,1,0.801769612373327,-0.0388010091181388,0.212632253683789,0.651078769859624,0.0701656587796048,0.78202361343525,0.0655154016221431,0.696075257601608,0.0675001981424618,0.74053825159484,0.0749732302878845,0.7133610579178,0.080666033047543
1.00469073567749,0.0706988205452085,0.923125700121471,0.0529478029547954,1.05642398835541,0.131541349768758,0.0777864784528704,0.0550575267470527,0.279651493858809,0.0808799334198078,0.884263245577691,0.0213861225967885,1,0.97554197619823,0.196343392466714,0.197017494520866,0.624894765474134,0.0679929892419009,0.704907642220376,0.061394779990314,0.708454055787364,0.0622788860568926,0.667392588429988,0.0699455428463667,0.714225042002855,0.08300699067409
0.991565618688079,0.0672249054731455,1.02745512367189,0.0551227109964238,0.903421563663946,0.114330335781633,0.00987684503128903,0.0481396776405777,0.0425290615820877,0.0680654286381998,0.876432708417649,0.0240048003317684,1,0.450226914893969,0.262366084670821,0.177140760739138,0.679918871697373,0.062384650522956,0.755618628570415,0.0562159572891252,0.625830314194876,0.0668469034103607,0.707004142757477,0.0763758892252715,0.58238094979789,0.0899448091140545
1.07567937343065,0.0740816805542617,1.03269251694707,0.0584329211058865,1.06180827533332,0.136793877340276,0.023181091254426,0.0231991290829665,0.15688809552872,0.0802691842368003,0.89351039552195,0.0219841880634849,1,0.999999999866387,0.297159075154255,0.205473779604314,0.726769067148501,0.0666088235036149,0.764521871706589,0.0614689469071361,0.671240628309194,0.0649759162579223,0.69293132095014,0.077954315422167,0.623723497633613,0.0905894987472567
0.916598272485443,0.064959114743921,0.928578485503265,0.0508689124479774,0.832757302206161,0.107407038902684,0.0481708051135278,0.0300843353438298,0.200286269402213,0.0661046736956698,0.883925486422969,0.0221028624900768,1,0.999999999995209,-0.0871296941154629,0.184387167246317,0.588295799802651,0.0647999463104284,0.745265846734497,0.0563474492400819,0.619652017175134,0.0597969065351933,0.630038395096553,0.0722155029081156,0.813766994665629,0.0762605185569492
1.01733959760369,0.0709629124483496,0.989325706773218,0.0556965559848015,0.873420933093874,0.11794193067997,0.0119654726173469,0.0402587914160238,0.0975559946176066,0.0670618696936764,0.892268401888151,0.0216885156217656,1,0.954283103444494,0.511477188279572,0.217881642683864,0.717243172158964,0.06250453356323,0.587381122390327,0.0636589953863841,0.642704109398885,0.0693687605602942,0.619418573610548,0.0769036461066387,0.692546896975318,0.0724095443854285
0.993203110532267,0.0708339884042681,1.00337855859174,0.054748399018347,0.976594421026072,0.129786112694942,0.10492389295724,0.0532578086127322,0.273537757638075,0.0751554481849572,0.920012489712236,0.0141492325131248,1,0.854521442766474,-0.0382123505035281,0.215287419443139,0.751025163671307,0.0624272034998214,0.674421288798823,0.0616501933029752,0.771026734755583,0.0577862583586877,0.806667263706696,0.0705868615475503,0.669538319331463,0.0956853390846692
1.06086591007821,0.0717754112908792,1.05145307993743,0.0557775493744302,0.969129214846356,0.125765678750507,0.0828132957023919,0.053438573953412,0.246345804063257,0.0751666403852814,0.894163181661855,0.0193272590093396,1,0.869569487544472,-0.0279844044471624,0.195494326188029,0.772683922193987,0.0587616784215461,0.693357451615526,0.0620610920949066,0.676647381414705,0.0672771010742525,0.704367980383857,0.0747174773405233,0.759758869592028,0.0802274106259935
0.968852893332899,0.0719611196245298,0.979787181974736,0.055851942360829,0.997043469596733,0.131790866839815,0.0681043047655476,0.0560898748735555,0.227716382136096,0.0735748675349324,0.89855170485691,0.0198938882706196,1,0.873876270859998,0.145723341172843,0.195102456903415,0.634065636680189,0.0663229470401027,0.741113499997396,0.0572035241162068,0.748852372784623,0.0714395446116597,0.689127741828105,0.0807128328526374,0.539573702846538,0.0925589407240313
0.908101364273841,0.0655785517809227,1.04886596566061,0.0581444029069649,0.770449279950459,0.103923494796721,0.112333630145604,0.0627276709938998,0.217817220400231,0.0649280026854256,0.873726005152547,0.0227016583495548,1,0.740398087045234,-0.0492102618607834,0.184041567770521,0.64595421606158,0.0600679585711064,0.587430123289123,0.0615344891983951,0.652463029861949,0.0620731303701902,0.703802765381759,0.0697904338614994,0.715970515852236,0.0815529705373512
0.995187850497732,0.0697672383423495,1.0425293237195,0.0596402477222579,0.933595898830771,0.124499577942213,0.0823888485005926,0.0457855827664381,0.277340748924546,0.0831622593096446,0.890291156622351,0.0187690927306136,1,0.999999999639127,-0.0601433049421024,0.19592215074311,0.647835566570026,0.0620217737540709,0.779943088843769,0.0579383425730239,0.557349347468123,0.0684259083164596,0.7424737825528,0.0696658862930964,0.525783195202407,0.0891875328243108
0.994996899585986,0.0719985025770024,1.01267702979591,0.056989866697643,1.01489511074244,0.126270118278099,0.119425064062872,0.0502829864664254,0.348143524433655,0.0813744811796353,0.891920787633298,0.0201953223400124,1,0.999999999948747,0.210948803077219,0.19917665241887,0.608205592877692,0.0644139905195367,0.76486296188932,0.0595001854556161,0.660349398458393,0.0622144702777511,0.585851164020774,0.0758309157173352,0.740742212084563,0.0852453501210653
1.07252035264966,0.0712986458929576,0.959820308737727,0.0559372380420657,1.11178473739517,0.139684146030058,0.0390927346533291,0.0263733903949999,0.208477110751309,0.0730563823581756,0.892437789469541,0.0210447458391884,1,0.999999999730837,0.137962606450944,0.197705861042035,0.733006361247347,0.0648436328499256,0.743503110736754,0.0565331254758338,0.596800789258391,0.0636399735493553,0.863836992282925,0.0640875702696685,0.604736507779757,0.097608292797519
0.953885444884845,0.0702575901526021,1.01332804662892,0.0559650075656341,0.975922286534696,0.123981664696755,0.131544640578137,0.0633400515846785,0.334014563260625,0.0799765627351984,0.900521171371603,0.0202944194118797,1,0.932225987494905,-0.213083071219579,0.205840310129351,0.678373299120722,0.0631953265378526,0.727296392496051,0.062795653819615,0.613878356029766,0.0664335006709968,0.698043199534349,0.0616020249070619,0.675770088300684,0.0800222725916154
0.905882102112842,0.0700369351052583,1.01308932893877,0.0557289529032073,0.92356381510044,0.128289813954246,0.0235116897971974,0.0493584065014103,0.088752328714851,0.0718489098047854,0.915668205067836,0.0166493985118238,1,0.602288236507854,-0.271315876539728,0.219486022218179,0.741530765801822,0.0673209871315673,0.664279543720653,0.0628679570867933,0.700463518251444,0.0699388419205316,0.759339467614223,0.0715438699204672,0.591089436315858,0.0918385249461161
1.01505480747215,0.0712444510475718,0.982242795064017,0.0511968790636169,0.940552409025102,0.120158054360936,0.0060186161374729,0.0379990282496011,0.0739718158965485,0.0659443347528057,0.909940628824594,0.0147947227724059,2,0.983165108335201,-0.148293885451415,0.203746933869995,0.722213754998046,0.0645649676186575,0.776880197392095,0.0583538458875236,0.692874586592237,0.0612268848009859,0.63678770019241,0.0697190705099661,0.569401585943865,0.0896716955691432
1.07891693995418,0.0776132363304642,1.09520126130416,0.0572072721715161,1.18935159153894,0.161173219210447,0.108270407876903,0.0579369955823041,0.284933309842603,0.0958543075578874,0.911360363355437,0.0166955834144963,1,0.794023228435823,0.0927830156946296,0.216478885681676,0.7619114875464,0.0646996743264271,0.782322958958416,0.0583967396043249,0.718176290789528,0.0654312797442258,0.756313321941911,0.0701900217891036,0.784604309579293,0.087653082457519
1.05876519013458,0.0762079447109146,0.990971759878611,0.0579657247331578,1.15042440037245,0.138332803985834,0.0598616031660369,0.0534433086891144,0.259254470708411,0.0893130498038896,0.864886253633099,0.0299273563041045,1,0.987922872258227,-0.0956633289889164,0.197226239567431,0.69258159307621,0.064698627085572,0.649842492935395,0.0663939867212734,0.67326471450268,0.0580750112020723,0.776053343562104,0.0731125926361387,0.749813087108654,0.0806030973479677
0.96584507180211,0.067212299001825,0.971232863691408,0.0544243317165444,1.05950404884428,0.130139622754829,0.0582121930040652,0.0351137814867111,0.248346641166231,0.0794012692921229,0.893432143541218,0.0197442379645011,1,0.99999999998895,-0.324384159065965,0.190029845931964,0.729635408201758,0.0612017676534016,0.782095525725473,0.0525214318541378,0.612154341106502,0.0670760709414791,0.685099037348294,0.0751606732003465,0.681561951081101,0.0858883016767134
1.07059513778011,0.0753875182544353,1.10654183681481,0.0622773836559621,1.06218267360033,0.142597124023009,0.0493412483165944,0.0499786862664945,0.17919218575827,0.0862055290542891,0.90711149298443,0.0181747908625626,1,0.782734351843133,-0.00884407804075804,0.212149823109459,0.784474112127772,0.0659188057034722,0.728537471098795,0.0607337296273885,0.702978591457405,0.065700668591676,0.737232122570677,0.0741688656481911,0.66448880886678,0.0901888946676946
0.961590662787864,0.0709260812605312,0.986114360736907,0.0579569773830539,1.03899576857703,0.136010834913676,0.038182612676543,0.0328642708561101,0.199177240171821,0.088907982402839,0.902292068081347,0.0199335022781096,1,0.999999999978817,-0.0300837395697888,0.199028025429743,0.630131306861166,0.06594546859066,0.69203474765936,0.0544986128335349,0.69755021371027,0.0654807273662006,0.590246879451065,0.080986526349026,0.687431961819565,0.0904738697016803
1.13598913445996,0.0688085568841169,1.00409496152087,0.0513651519899926,0.906983183126214,0.114042367208364,0.0537653007224981,0.0313591780362765,0.22082622939997,0.0680872735185788,0.891609214811222,0.0202371015832064,1,0.999999999999781,0.370173622181647,0.190924746067312,0.649915806174998,0.0653934482739714,0.56934297918095,0.0679110920094479,0.694815278819273,0.0611039361737623,0.736222023237619,0.0632544301942429,0.655237118579339,0.0835422217999636
1.07539501955346,0.0753398388056948,1.04350504125023,0.063037104005211,1.23384053141043,0.156132346172023,0.197479210126112,0.0900855622108656,0.419083307359138,0.105424493713413,0.868329290322242,0.0278001095448046,1,0.849004819542379,0.340782234707036,0.19720298258732,0.735527720364748,0.0659280708030476,0.662041294529387,0.0639658339386496,0.760263341993453,0.0624165642454968,0.691731649214029,0.0765304033226094,0.704783360160872,0.0867456932507644
0.870785623641383,0.0620338118881785,1.00788222180313,0.0541593339979466,0.79511911090462,0.100397306462446,0.0665918897503378,0.0476136382366168,0.190460884717641,0.0672445468373148,0.88297814950547,0.0234526448721251,1,0.827711580819542,-0.17324434090914,0.187096606056152,0.621966580355395,0.0642141903666755,0.631790829661249,0.0562422012425473,0.718917983332008,0.0604062227091945,0.677900261696671,0.0709543878587122,0.710579604102121,0.0787230082140377
1.06603752014269,0.0737312975002209,1.01763586494444,0.0531089603917384,1.1163886890913,0.136661397778493,0.0571933516969924,0.031333270568204,0.252685596981189,0.0723469101840898,0.877070906486703,0.0240236801144243,1,0.999999999968652,0.175500777327884,0.186183166532818,0.614435058109523,0.0652225435243294,0.763573792514775,0.0599502963564643,0.694821496662974,0.0597596299089647,0.631182390225125,0.0819146934527383,0.7806368432652,0.0768156753457808
1.06757756905216,0.0743735862410899,0.996357742372336,0.0580408571798749,1.07034227629086,0.139362680835025,0.114504744201259,0.0628977590206596,0.333803260499372,0.0939176202456267,0.901992905213736,0.0180328830522675,1,0.953492967483737,0.225531702281194,0.205387968687093,0.737413078186994,0.0610008150359553,0.639918750503914,0.0607179035617425,0.6637282710175,0.0609337251495878,0.747997867971496,0.0702782022977508,0.537399186977293,0.0962066023914558
0.943822177620268,0.0710740542556359,0.962010037388747,0.054720304673042,1.0199434463517,0.126814178352193,0.0469958950550178,0.0341666736214158,0.218936418080934,0.0822039739234997,0.891521545152994,0.0214226967085929,1,0.999999999951096,0.0708261169810617,0.209567328743139,0.657217985377652,0.0652588553721453,0.662359603612983,0.0620848081320881,0.662479493045064,0.0654301355138306,0.741333031678406,0.0724365895242693,0.396300527333806,0.0918845126123533
1.02698707569034,0.0742104699508603,1.03661777068943,0.0585444176400957,1.03094898733015,0.141297856440244,0.0671987530615418,0.0616082747917551,0.196872817735322,0.0782097102369648,0.905042352200202,0.0191933965252318,1,0.747974103312918,0.259748892024906,0.203684238982319,0.6537878343191,0.0666212758094434,0.721963264363923,0.0566440269630889,0.652837295266428,0.0682149983592256,0.750835488954999,0.0784560984426487,0.714137653900841,0.080033026940549
1.07770173084804,0.0713359361226894,1.05242192195628,0.0526946684878914,0.983761424659715,0.117601795105549,0.034719183028035,0.0289593659794528,0.184811777083235,0.0789083969496026,0.879903647789809,0.0233895493157696,1,0.999999999853349,0.250391289120059,0.19934089105609,0.671779397756713,0.0601758040630675,0.622471369170492,0.0633071958030931,0.720441082019767,0.0599241190560979,0.759218373105306,0.0667634045188548,0.728442409372411,0.0741034588585274
1.03660365350317,0.0764259414763567,1.0339788261975,0.057931222880734,1.09992338368026,0.141135231208174,0.0385273732467677,0.057896277341257,0.192878363304804,0.0860290922734066,0.897513426700714,0.0194971100372526,1,0.936952543461808,0.0183460346704652,0.197350872306707,0.758066388621758,0.0608026887792525,0.666088845071994,0.0611835437447135,0.699490373737297,0.0675341118238483,0.698418276203008,0.0745653526172729,0.703145116763823,0.0863155642564601
1.08865779192825,0.0740117767646768,1.12185890563836,0.0549015631622849,1.02807177834439,0.134132630302671,0.0277254140257822,0.0236904183711958,0.168830433480882,0.0732342251654114,0.923870903258339,0.0140358975593917,1,0.999999992396116,0.260751589434038,0.215405051294802,0.797145612617246,0.0602615556544692,0.740793604012786,0.0590813883575506,0.640400271457971,0.0680555686525369,0.729844151017799,0.0685371045801303,0.765569013608027,0.0771664644417063
0.93536821468408,0.0685550508375324,0.899583454211225,0.054683995548638,1.02943354205203,0.127315318416183,0.138173970899429,0.0681873821351382,0.364029898431618,0.0788933483520236,0.868337105013932,0.0233675787160183,1,0.965216589726434,-0.112345655898712,0.184761903547935,0.637107901910198,0.0659002403619239,0.716087750485449,0.0646017781335903,0.644622154469675,0.0690780561224222,0.640083047929071,0.0726650659532043,0.730185452852489,0.0819947943086893
0.925683210655076,0.0766881712951039,0.940669510445023,0.0566329378352967,1.19139184092385,0.150254747352934,0.0260261575836764,0.0450550694717003,0.0794339340573617,0.0874516498263075,0.906173647285457,0.0149419650344812,1,0.451100941702884,-0.570123894707019,0.226795037679623,0.839061884930137,0.0637942914704507,0.709251832742624,0.0640999132235616,0.699069021087374,0.0626125418080796,0.653856333874494,0.0730839700718906,0.632772110730044,0.0870051950939341
0.929064477655256,0.0795137923480486,1.06762161487194,0.0605287385765492,1.36285864817977,0.172000577430217,0.0470596818902618,0.0551932872716791,0.169785040812048,0.0990050080138193,0.899146729771622,0.0211087912547401,1,0.670423953266481,-0.135691051291732,0.208023307803469,0.778864043611781,0.0692862671097322,0.773603249552168,0.0610145891303312,0.691070154358214,0.0652436391294353,0.74610090709762,0.0745844269216381,0.828666048429801,0.0882681007697148
0.943171248625473,0.0704848744781015,1.03040683560264,0.0602833459450591,1.01509069247146,0.128683070366048,0.139216718587132,0.0631572955225773,0.375922325912991,0.0936711918183017,0.896325774597111,0.0174813223604332,1,0.999999999453772,-0.203240231786033,0.199473240983131,0.733487458246681,0.0613980587477339,0.758112374711886,0.0559200864950464,0.656632545577959,0.0690218425389338,0.760460243674819,0.0730857052650344,0.838083898013979,0.0777057458172125
0.973552096335796,0.0792597795392777,0.996968968910979,0.0648964006164965,1.34395792279019,0.169154090404219,0.133905709958417,0.0699731904832905,0.262509572529772,0.108139269761859,0.896226091206225,0.0223898451580478,1,0.618803498851616,-0.0548006615632265,0.202811519701377,0.697391402477476,0.0708790679262176,0.686899304495699,0.069053381335251,0.904444258929697,0.0589338224158976,0.608708670929192,0.0887427563607196,0.762172221318901,0.0925207071235648
0.967435738788992,0.0664706234346289,0.994264930789082,0.0491112914170104,0.928446228998402,0.115327855468065,0.00445078920522882,0.0134331071639925,0.0642830791784083,0.0688512416270212,0.890102549330309,0.0200203809020087,1,0.999999493625057,-0.0363704240003991,0.197552770084221,0.737206403698728,0.0626537358564875,0.74800209459924,0.0567335360017472,0.615279954775177,0.0622560396318502,0.686108013805249,0.0704619318911159,0.693728747082297,0.0739938092257554
1.02555303337197,0.0705876517739544,1.09443925158651,0.0609353004148927,1.00547493382366,0.130337729038215,0.193698744356799,0.0731884296163494,0.38511518330242,0.090172424137704,0.910364467762103,0.0161488677557058,1,0.872653056859553,-0.0662461834314012,0.204109833321792,0.738163264510698,0.0555771428175895,0.703550398161909,0.0673976780183759,0.788785161588857,0.0667150794449042,0.693041279213639,0.0789892718964028,0.851724110625146,0.0749436592057473
0.954757928023857,0.0703094405451739,0.927673294766224,0.0575476126353064,0.916729069059013,0.120184019065604,0.0858950664761291,0.0584543543576589,0.188408965498448,0.0797006038649449,0.897847312081645,0.0188416143813302,1,0.671424142978132,0.200780806877027,0.194574755902124,0.695869464209427,0.0626621653015021,0.587295771012338,0.0647447721851682,0.690649197286187,0.0628208240236854,0.711076932968486,0.0739479119215431,0.579217710258402,0.0901789651921514
0.982762067910184,0.074157992835634,0.951235079594724,0.0611940817504692,1.04167455466556,0.15462898021623,0.096049106117392,0.038627551087334,0.173215820001621,0.0767375863617669,0.917461054786159,0.0164625711967252,1,0.547614403536625,0.284648615465714,0.212274303557038,0.746265764213105,0.0673709380354531,0.71310335705455,0.0670601900290442,0.670841683657598,0.0646064061311251,0.7540744194911,0.0773224077769676,0.754111201530249,0.0813058002039749
0.9981790387775,0.0670432625554554,1.02162658692613,0.0566213766121588,0.956299465084848,0.115307844932197,0.0285069706418094,0.0253112351207695,0.165109661843028,0.0739114909182557,0.865382154320275,0.0244259234279564,1,0.999999993726746,-0.125225173246105,0.193322354237657,0.699967263147339,0.0598229992729267,0.780259679828498,0.0536085298369038,0.613142828655934,0.0637430904731831,0.674466618592771,0.0749795952138374,0.627939274303129,0.080775772148661
1.08611251268894,0.0776605112406071,1.07133142328783,0.0539965388347213,1.18769779750863,0.146500761352645,0.0420174721912354,0.0306686548802642,0.223392163591786,0.0828282988478655,0.890538560603181,0.0218197472434225,1,0.999999995749933,0.0389222313710462,0.19606471874811,0.639621338178174,0.0668884965015212,0.722436476060402,0.061239560491185,0.739811973675795,0.0610269725489083,0.631797690600486,0.0744843333674622,0.851106500987985,0.079774873073652
0.935571771664498,0.066816338612366,0.893839126907151,0.0486103145890942,0.869102291110133,0.107177477306085,0.0745748516344637,0.0304731912907058,0.254584316905908,0.0578678432956455,0.862601961893295,0.0294491762507946,1,0.999999999997973,0.040828143996245,0.181296455014105,0.611853319148226,0.0601726189990036,0.647712080884952,0.0559762259070346,0.67043447319261,0.0640053264514068,0.536161668353857,0.0742677134112087,0.739332501519001,0.0782531979535212
0.941591893470204,0.0728672053320691,1.04550625343406,0.0571605574010746,1.06098934010494,0.138814989380361,0.0204315916489045,0.0545982287742063,0.0945812269893944,0.078204900300251,0.900978526818101,0.0188040811006621,1,0.642389351749231,-0.161337641635822,0.201214619292238,0.739302684314224,0.0607995408318387,0.710057889638874,0.0598631637328033,0.549351654984384,0.069086011738367,0.745701204598355,0.075863512536401,0.66007105296251,0.0906610846634991
0.922675279078195,0.0631067069777048,0.913464124525065,0.0529774900717727,0.820959269625569,0.104538833174616,0.0933381673779568,0.0533298272679164,0.24458599030125,0.0671026967781574,0.904673700579404,0.01653028197202,1,0.883570356670261,-0.2510118934643,0.198294054906733,0.642537706715592,0.0636219725285884,0.609399611907277,0.0657372273172827,0.512340029912637,0.0708564766951438,0.6994251998658,0.0601317121583267,0.602448926712178,0.067384552404053
1.02401830220411,0.074336983587957,1.00651147396235,0.0589366765152924,1.09293839986668,0.141688064698862,0.0816167508446475,0.0515937077058213,0.158498517014882,0.0780181539791774,0.894411225667305,0.0216954425008715,1,0.530686096748395,0.261075346874287,0.207634265336336,0.590624231416953,0.0658876981303533,0.749070524333429,0.0588632226365088,0.766085003581058,0.0570819813795339,0.7602754274272,0.0771125138560338,0.559480897177383,0.101112291043297
0.89451375034991,0.0678010315995848,0.967517161104257,0.0535899307699208,0.810479325043983,0.110408557257438,0.0376511824776499,0.0292120387994582,0.174686876536197,0.069459477613499,0.910816054597895,0.0157603072052393,1,0.999999997908917,0.110278085598192,0.215363577181065,0.600022278796843,0.0645118478754889,0.647116793856753,0.059068777202353,0.649018725802908,0.0653917190807408,0.513935552912417,0.0756565759123721,0.66773609094058,0.0838630833588552
1.05228753567125,0.0731527988400151,0.963985514105369,0.0563056154387678,0.970399940581992,0.130394198617323,0.0481780685969853,0.0335858981756307,0.216222096238026,0.0788839129843154,0.90562486944146,0.0162304924224201,1,0.999999999975366,0.0891313258495147,0.210240851495597,0.573767680128189,0.0662105545011272,0.76607658914633,0.0527598061835643,0.539346193175484,0.0703377331017438,0.710571987025483,0.0688728368342107,0.638178641489261,0.089745463585035
1.05561167744623,0.0727225215524747,0.959854976565647,0.0525381560485624,1.06807041784164,0.136504946218351,0.0740863844580078,0.0413658500286116,0.28129961793718,0.0826308405125912,0.89135877223547,0.0232852258810525,1,0.999999996506755,0.0268007184241174,0.199095390373173,0.740638631626865,0.0600374962513836,0.579920762558636,0.0617932893552233,0.643305161261414,0.0665940910098114,0.609497134769578,0.0746972948038898,0.628940680008664,0.090683253491997
0.849263875013187,0.0642692294691636,1.01405209940293,0.0535528409921017,0.932320753819048,0.112995092214402,0.124403582289685,0.0688304505311496,0.322856605297549,0.0786009225979556,0.840228009174606,0.0314741208999653,1,0.948004844999316,-0.0473126519549737,0.168286529899534,0.606310906476587,0.0646107086417723,0.672408902445218,0.0589311315532527,0.541021305784721,0.067024383191158,0.654782036891192,0.0760138866769512,0.757464850268639,0.084835004251002
0.986070107777847,0.0738386360319502,1.02573197155085,0.0630182923546604,1.11374391537443,0.143675110587251,0.183728345966722,0.0731946765520834,0.241300703305868,0.0823440764214862,0.903973621975715,0.0151663242277102,1,0.533430486648646,0.0159019114386123,0.195767709096613,0.729041151624705,0.0636306509919213,0.637781940199148,0.0605908235958445,0.717271888913315,0.0628335974589149,0.801643361351231,0.0719165487994445,0.565522958447468,0.0984979545120506
1.02872399762447,0.0714607262521975,1.05312050064789,0.055150358709107,1.04005339909256,0.128228298718696,0.0708197642863794,0.0535384817256546,0.257321777152658,0.0689364770516935,0.868895174121101,0.0250729378113346,1,0.94813785151897,-0.188269759235704,0.181409877743931,0.68309784017418,0.0568414524235216,0.730500487939138,0.0576397113708101,0.779812359107385,0.0648224629162523,0.665768624552985,0.0808859623732561,0.76639432909048,0.0784004972480047
0.984686976623791,0.0720217826479657,1.0055887903852,0.0522815500470937,1.09812676806105,0.14005589946681,0.0432131877139476,0.0299524872184035,0.21783837622053,0.0786105043291625,0.895414625373838,0.0187127268605824,1,0.999999999920602,-0.163567655957101,0.208316528838311,0.798075553510964,0.0624739161192061,0.568566058995193,0.0641977197455633,0.720196333967261,0.0603047690333629,0.726736415920955,0.0712264976618278,0.90001911546624,0.086360383222559
0.965921959728355,0.0719751411511879,0.932579399111704,0.0520260227214622,1.05838414208819,0.127309749522388,0.0369471141143399,0.0288019696657442,0.197747919516019,0.0795502685624532,0.881033283845855,0.023969184497069,1,0.999999999979206,-0.113137616437863,0.196975938676118,0.694126730870679,0.0592325007195466,0.719978391442626,0.0577026165644075,0.602208223801829,0.0663847941679948,0.727737842490121,0.0716785560870944,0.698965426521021,0.0839330144979236
1.01828460114081,0.071062125080874,1.09528749970225,0.0506226117656456,1.01055342544114,0.132573637449453,0.0390249313113048,0.0306138596716042,0.198586953258008,0.079825383970009,0.900764656581394,0.0194700858849528,1,0.999999999873902,0.189256232505371,0.210626750811023,0.726348666965391,0.0634317076820019,0.589369663617598,0.0670539353977489,0.684043234285949,0.0664930843464586,0.676157451422692,0.0666456576593575,0.721057829440755,0.0827301501990855
1.0888593627395,0.0708640571574449,1.06087195750346,0.0542360030027884,0.901513768240058,0.117283430233366,0.033590944907369,0.0327503098296804,0.174019242505963,0.0661162520848946,0.898801977863088,0.0209404271459827,1,0.99999995773433,-0.0898283249011828,0.204575819710807,0.675899052427659,0.0635740784690071,0.737726269415807,0.0554154298873024,0.729344038985612,0.0596795416694011,0.767653246342509,0.0703685235214607,0.675375731642051,0.0930334630195898
1.05576305293272,0.0737497343766752,1.04595815347692,0.055208466399837,1.14953457506704,0.150351959118381,0.0470459108991147,0.0326845467376746,0.232553006925369,0.0851505665555427,0.910007410699375,0.0174231176345098,1,0.999999998483524,0.0909024900552092,0.20375185049996,0.677495974861134,0.0626705558736063,0.737151038338269,0.0641334633965497,0.632338903370409,0.0675667209619732,0.695163420367264,0.0698089624966023,0.631843311672366,0.0816162413604489
1.16815537021335,0.0764327698950442,1.01562622547707,0.054912250286365,1.01818302835734,0.131330104753748,0.0925949966686327,0.0489256434261647,0.307048291681743,0.0824179824720187,0.90779683402384,0.0157084610985925,1,0.999999996318735,-0.0705605673233851,0.207246214158505,0.81546005956252,0.0598166583088558,0.654927804212856,0.0603439291331655,0.723668362000972,0.0585123543158712,0.737426044911677,0.0733075612465294,0.534071336525778,0.0969478317257599
0.873460621425268,0.0684313868581746,0.878546004787916,0.052042629875331,1.12854803565648,0.131124443312248,0.138112657459609,0.0562848171703184,0.39479965586507,0.0891155361882476,0.838102015700492,0.0371834882624037,1,0.999999999986654,-0.451633795261095,0.184520908569959,0.576067486458378,0.0685675714866762,0.66916405530772,0.0566619239343926,0.705873940790308,0.0583725967550777,0.654677605539639,0.0728105974671273,0.646487141549187,0.0795635328342573
1.03268370853,0.0717846304699014,0.995589538844117,0.0547801050409747,1.05819655587825,0.128924883009762,0.0363122056912304,0.0320310201313675,0.196024108206053,0.0885391051744695,0.87247367578251,0.0263284781419367,1,0.999999999989277,0.012970813061217,0.192237152879626,0.583643727046162,0.0724678159848404,0.705203001167293,0.0579953141579814,0.772070597428558,0.0606798258821865,0.673415617323731,0.068546861108207,0.678097573200432,0.0891459097243782
1.09939204394991,0.0734585608834825,1.05508383157103,0.0563687626888354,0.9264921440552,0.129745287452507,0.055460377924046,0.0350532255893651,0.226679519262236,0.0754395718465561,0.914904124201898,0.0156492932692098,1,0.999999999999974,0.187409184819008,0.206931779098656,0.785346694102363,0.05847279152649,0.637772997290122,0.0616491690230057,0.673823926614049,0.0670673425593688,0.682547999371037,0.0784881446831826,0.839618729544617,0.0829073758034047
1.06078698114321,0.0777379787699538,1.0252608615164,0.0580469568338568,1.05291642952332,0.147387883740052,0.0636685699086873,0.0600372610384365,0.192341263482932,0.0835994195198952,0.926067354868925,0.0119826972531365,1,0.742870249157563,0.0926960390741871,0.225953579888771,0.665957371839904,0.0690846484763018,0.778603493722068,0.0588287386395153,0.723048762044078,0.0629744178940973,0.695032163162862,0.08165072800725,0.815502204090144,0.0830025232101451
0.846889827558051,0.0671397813967944,0.97885010888293,0.0583260815214766,1.04349632233343,0.130535708917984,0.0561180245099429,0.0586197047410688,0.052312512218682,0.0783431760930024,0.884708406336205,0.0228478904550425,1,0.216176722523955,-0.431967323127254,0.185638335513546,0.69274507079299,0.0623091160099716,0.595900649256225,0.0606538463758648,0.601625913450647,0.066711215540312,0.652051307751752,0.0731480501110717,0.591699070535594,0.0988908809971225
1.01236690866547,0.0744727721502987,0.961882749562698,0.0583761727078982,0.992389557411068,0.132994398168175,0.0670348499683264,0.064561625824006,0.236420230795886,0.0736344009593816,0.913788732829498,0.0149325653337235,1,0.916628219219775,0.148730284434617,0.209664495718812,0.771311756206973,0.0589568960823607,0.718674200822003,0.0647013126777523,0.657149748751187,0.0725873981004544,0.694038951711611,0.0750723219073452,0.754616499829019,0.0781502196142006
0.953702031459546,0.0729551547480738,1.05438999789414,0.057532322968508,0.939109043701023,0.135798983861323,0.0289281558468415,0.0271236000471275,0.164823216728053,0.0806210325274844,0.93320251397905,0.0111928400299341,1,0.999999999985668,-0.1879278535439,0.235295647159503,0.772240714972358,0.0646146566145763,0.742619698435913,0.061417290152147,0.706344169061602,0.0665873600524507,0.765675878808021,0.0686605241225346,0.692154393936381,0.0822636815929343
0.931976438092366,0.0741272028365241,1.03816255336559,0.0624070348425493,1.0525735542784,0.142757357762492,0.0813735831082009,0.0521723006216409,0.237550591337472,0.0885557671346485,0.906308133101512,0.0184198413214116,1,0.811686212343214,-0.0461560740632834,0.216001318328891,0.675658794634579,0.0702225802681291,0.655740945033611,0.0603640286527458,0.797043344212272,0.0611221269360103,0.761056103962767,0.073928960421828,0.639584031118341,0.0922244513310604
0.900315586355967,0.0635634489865713,0.906367178693502,0.0511341125813555,0.861384498605234,0.107608609179636,0.0452004116320126,0.0282029820199389,0.197319370335694,0.064791542340037,0.876659722501637,0.022385590297092,1,0.999999999990799,-0.0491451720106681,0.177453613600157,0.632363554549059,0.061548860733149,0.663174252132595,0.0585583620624841,0.728486477013855,0.0604000820519225,0.451709391919528,0.0827375114278938,0.698818021818486,0.0810355967447085
0.944506096071175,0.064480763929261,0.911456534626805,0.0524372087448839,0.883759530828055,0.106427009688679,0.0377002480766511,0.0261215398264383,0.182532061707565,0.0668766816999512,0.833953657525306,0.0382503332212519,1,0.99999999998337,0.0857795634810312,0.172514932402784,0.642454708570745,0.0588834989039639,0.681765905741123,0.0609260621596386,0.723466945181401,0.0671545615864936,0.62889550088411,0.0767835652462197,0.683140815308055,0.084030277978642
0.905643959307603,0.0661781276442839,1.00653329615489,0.0500208176955231,0.886866400264203,0.112001417625576,0.0454377586096055,0.0261428749164431,0.200741678220669,0.0610634838339026,0.886720145381778,0.0193498439723416,1,0.999999999512077,-0.141890677693364,0.187627274637261,0.656426112264742,0.0603549421623902,0.644421692386915,0.0614651696623018,0.619804530716648,0.0648945137463851,0.61937676425692,0.0737581214807565,0.769375770801588,0.0761528314564302
1.03381385703775,0.0799768107090722,0.999962483243653,0.0585020276025894,0.996494717522863,0.136162054927552,0.131435461226121,0.0496386342223976,0.272811772026304,0.0788364476504753,0.908662436402648,0.018432604717111,1,0.753822904922218,0.4351591119592,0.225943746506497,0.637690516757563,0.0685940905358832,0.753970922306474,0.0637022463272452,0.768169966111419,0.0634379136303579,0.587671947849205,0.0847564953520335,0.736308112845687,0.0881401845915767
0.986938064487762,0.0711143303067223,0.989224311419783,0.057523782865884,0.982019968434755,0.129169497443722,0.17649033637922,0.069071979825821,0.311341919425906,0.0788632052885575,0.89995983127269,0.0196669784661622,1,0.747854263109212,0.147172078277324,0.204541842625688,0.602065853261278,0.0662417137064244,0.762479008177176,0.0609347624624562,0.668659887464059,0.0685688939289239,0.682201360734193,0.0721236020847089,0.753563477168619,0.086485820157839
0.945456383319253,0.068662128851329,1.0112603675619,0.052258944741377,0.799426731873915,0.104871426325909,0.0494749922062786,0.0326258369301779,0.198875919421231,0.0685379415839751,0.888769021645788,0.0207930620652161,1,0.999999999958121,0.0387058094469645,0.205309148389285,0.605991543049316,0.0636859704000771,0.633642676618475,0.0601453484915836,0.682661601421731,0.0651638899979206,0.584352722537755,0.0724801393063279,0.663305589567748,0.0806525986563657
1.01376819729501,0.0705842470151886,0.957634381310413,0.0470969625337919,0.976066138588152,0.132035993866681,0.0178229536707925,0.0204795328282599,0.131895343230849,0.0779640192822787,0.919314421676159,0.0127062495743439,1,0.999999999951067,0.233251379053607,0.219626921221822,0.646875053139063,0.06471523500279,0.668747725683635,0.0612319615502896,0.695798558688512,0.0671803230420172,0.66873587045449,0.0693214927034188,0.606616460279678,0.0903718237472129
0.917601151110399,0.0732994400133797,0.975042061930642,0.0574670672382036,0.996625291147625,0.134830146980082,0.0570178667531505,0.053889533326382,0.146508341460665,0.0803175276140084,0.889143471950251,0.0208770606531025,1,0.614597681535076,-0.167362942795225,0.197696225944724,0.707564999840863,0.0621726269528099,0.721095834223799,0.0586782306156147,0.74601009487021,0.0653191274629326,0.683176147363217,0.0770654461209676,0.729443259853838,0.0990556488413773
0.996478802140821,0.0685805559244908,1.02305508292601,0.0587906553225249,0.979999846485918,0.124362767276939,0.0777458729687021,0.0595173016540023,0.242002731601042,0.0813312207305315,0.898821559472154,0.019137051744589,1,0.876735500185188,0.0444220299320805,0.196108232027892,0.645179393576019,0.0632060053756893,0.679768770760375,0.0588173158587365,0.607350512937857,0.0624231075184167,0.795390485414284,0.071345799815609,0.822787014224235,0.0837496260298261
1.10223565694886,0.077885798902303,1.03042677662288,0.0587836083833608,1.20098810445312,0.159535141574384,0.0561928399481775,0.0551502880147622,0.247922060661552,0.0827235932775737,0.905637535351722,0.017363902518385,1,0.954344839103016,-0.01690096275018,0.206822464928087,0.762230113027985,0.0665404531465686,0.774844808361786,0.0610840120546869,0.643785245964156,0.0707566016600988,0.763527199836759,0.0748800033939679,0.718074049022294,0.0866323579258672
0.972876973485037,0.0712124849752526,0.987917690520217,0.0536927536867927,1.03405237606185,0.130870380145665,0.0406756743878151,0.0485389629235259,0.177931137773367,0.0711051806082467,0.877184094028369,0.0239996632884816,1,0.867587540295467,-0.186774141853812,0.187931781172076,0.661931284903362,0.0603838021016933,0.738303772821221,0.0570562749320571,0.646022217791166,0.0643662708967153,0.579803977476919,0.0747898827545801,0.65582015858117,0.0902799432056455
1.0659168857223,0.0760495438618815,1.05807365182306,0.061299414333941,1.04345242828316,0.137533165374091,0.114679062458733,0.0691170474002817,0.276369661880849,0.0855603350257114,0.916223654566577,0.0139028516029161,1,0.798935967634012,0.253271575730361,0.208367741058653,0.617241972448996,0.0669506415340609,0.744120251408095,0.0616565204798984,0.724627368756421,0.0671849019332355,0.666288999675402,0.073145980458445,0.808134192953964,0.0785059330202619
1.07783803367847,0.0725369256974109,1.0468315509684,0.0498144206258155,1.15184107544131,0.134696103616745,0.0755969656417187,0.0495822553698836,0.245272859744981,0.0759553555039932,0.868438007459709,0.0253099355751041,1,0.83119138248624,0.0431386139134551,0.194270266170594,0.721975525997107,0.0586076296597384,0.736948902767561,0.0514946821807809,0.652759648090297,0.0665104697532714,0.64569050742734,0.0772757826910016,0.618278074904278,0.0828359197618003
1.04132023100726,0.0696518856760693,0.997612449445687,0.0563412936008027,0.931472622715315,0.115978363689906,0.0664252273957691,0.0596508813134176,0.158798005587207,0.0719268741802062,0.866027235865757,0.0264299928713687,1,0.638400871593078,0.29632846263392,0.191107275077452,0.536027941230666,0.0674129313776162,0.650489272328451,0.0605469632297874,0.718505072722506,0.0602768070173399,0.684093355058638,0.0647881295211509,0.76323288895952,0.0841549469457312
1.08850666285098,0.070949918916958,1.05561916068404,0.0578255973578853,0.961145927600507,0.129019482941575,0.0558456183487247,0.0575591027551691,0.0699229974250633,0.0632401519251054,0.921389374756866,0.013416936152185,1,0.301808050494676,0.148326559861136,0.210081073843759,0.878937804853024,0.0545773170609738,0.727137012363286,0.0636524192949654,0.782510944524192,0.0623554708630506,0.741282399994872,0.0773497102078817,0.693983875716452,0.0893088956629414
0.97538885151838,0.0694324747628979,0.999704957567599,0.0561930396924171,0.929828508784181,0.11466714650961,0.139546641070409,0.052707000628192,0.360214443313314,0.0787396380580008,0.871203753652886,0.0258760919011198,1,0.999999999996846,0.0056905491737816,0.194098591745303,0.642431313302405,0.0658676152499313,0.687892025575044,0.0614543856864311,0.683059736109347,0.0611112432207194,0.553523955712077,0.077218251508446,0.818753864960893,0.0733582339817592
0.885757413980125,0.0734576870175246,0.981988888301549,0.0591572628140649,1.22710326652231,0.144839097875615,0.171943512173599,0.0758998355300055,0.42839017287091,0.098151130941283,0.847142787995684,0.0324961077498875,1,0.932622839331045,-0.0837220206482013,0.189468013010185,0.666598159059635,0.0675050011184486,0.519349488006522,0.0650573741953028,0.70219886860505,0.0659860985196741,0.847040874416788,0.0720314048118874,0.680256619372673,0.08372049317074
1.09518503254702,0.0714867466798173,0.986272902947091,0.0554175758693953,0.987942319511013,0.131885557100298,0.0402631780830456,0.033844938052694,0.19944346663206,0.0797402521693578,0.890604153891036,0.0212089931027537,1,0.999999985368242,0.317238240915245,0.198526319641007,0.677761135775137,0.0617501606665986,0.739690834046931,0.0585093016262888,0.714238619193326,0.0636157629550713,0.693083345213106,0.0727952036084138,0.671388711659568,0.0880325438690335
0.896189154224459,0.068624595245487,0.916658345945123,0.055912521339864,0.8811058258929,0.115992239602985,0.107284912702944,0.0575273255006411,0.307456272636686,0.0742966881065729,0.915121271391351,0.016706071604618,1,0.999999989266132,0.023810563858041,0.213679087456095,0.68353309101024,0.0636783092494735,0.676425497056846,0.061961400883925,0.706287851822174,0.0606803478312406,0.612576970685177,0.0750521231786457,0.610243523473031,0.084824551141475
0.879722297519784,0.0672445749454177,0.945090956054487,0.0545243108797686,0.9184610617317,0.112215888993466,0.0582069600316045,0.0396311936851531,0.209850294651881,0.0700242408059113,0.850880744982766,0.0305072533461751,1,0.907594279294001,-0.364573646840642,0.188004243987853,0.699704843260312,0.0606035348381601,0.621951711508319,0.0594733885644513,0.732336435478573,0.0587951728831132,0.615938812735506,0.0745442635118432,0.565993952495993,0.0899499256687643
1.10745917292963,0.0793456214805073,1.10089971395603,0.0639996756057074,1.32542006352294,0.164797957558799,0.071746373904169,0.0566793991133347,0.275418242513883,0.0897804195066071,0.890032237559067,0.0177620437402854,1,0.893132625638584,0.230605994921728,0.198213816700516,0.693738783771596,0.0646292474438184,0.818268433271606,0.0563367537397853,0.632770825808483,0.0723479335435297,0.860052650936995,0.0771469803812799,0.749420085859694,0.0943184271798407
1.03973859486989,0.0665892178889852,0.972095847029782,0.0545378452229042,0.780549132213976,0.109549468975723,0.0305040695883415,0.0279284096886635,0.154304650111921,0.0732955677360586,0.909685317011189,0.0162238777336642,1,0.999999999999741,0.436400663405453,0.199960139228921,0.716513175651054,0.0534827126594011,0.618351048642264,0.0634928036422832,0.695836822137047,0.0644229477641511,0.55875283884332,0.0839372869304009,0.59712131694816,0.0977784931138975
1.06616925841373,0.0707712459302064,1.02224710144289,0.0609897837809193,0.927444891028949,0.123220100274637,0.114914354250415,0.0465603318832967,0.307557394118439,0.0676691522128653,0.893872298007155,0.0212362667704453,1,0.942095600075726,0.0277126634087207,0.198246787542065,0.648228487829752,0.0680560037220996,0.685839718116865,0.0589264648026604,0.664719952270473,0.0652904415014565,0.76437854356542,0.0619827714763588,0.570420850910467,0.0844282977999812
1.01069007673923,0.0702134299207707,1.05537480536707,0.0574604638992818,1.00840925790003,0.128365554800872,0.134726994226022,0.0593068703846438,0.281214412498954,0.0819962673678251,0.877633227784409,0.0242751423654533,1,0.762942577936268,0.0886770809932029,0.196258206956331,0.693826771392206,0.063170406122921,0.66493307015146,0.0613521565060836,0.619495503548659,0.0637589207144644,0.747095147056601,0.071843827309544,0.629601302878856,0.0906247211149242
1.03438982088235,0.0753130527021613,1.0171745447155,0.0627404630456951,1.21832662830887,0.159427281679977,0.116741521934413,0.0612726311962791,0.326918139263562,0.0874659875382349,0.908075018487522,0.0174108006276256,1,0.866851040315683,0.0956591726146311,0.216209284669992,0.720761288140785,0.0643200412955535,0.578122512779139,0.0683938416851003,0.746058717440583,0.0626529417762629,0.608648387500533,0.0763456974470612,0.791652211076498,0.071744028646657
1.01656273828454,0.0700343624628689,0.91880251283217,0.0497017586182727,0.955492226343209,0.119788099118226,0.0481272548951362,0.0272657778820312,0.214441642230003,0.0653799415109531,0.884875717375979,0.0222664756458796,1,0.999999999943021,-0.0409463085324198,0.192204201454958,0.750045435114348,0.0576450453694698,0.648566373559901,0.0558128150166735,0.594155221900237,0.0613687993763064,0.753656758356841,0.0678782036994005,0.456446116947898,0.0977739974404328
1.00438328382508,0.0714891006236211,1.00673189425749,0.0579025576107758,0.953834400260736,0.13004636505467,0.103341413764905,0.0537912664535637,0.304228839480146,0.0778499629564725,0.909764968819091,0.0164031290656034,1,0.969006501187303,0.345280184167209,0.213509459335979,0.603292009896384,0.0667328425230412,0.705825028997916,0.0641694302878333,0.702956411060985,0.0676389821714384,0.713740862091258,0.0710726323185901,0.524388991202082,0.0924952159479325
0.995784017810308,0.0700998040734445,1.04853830573442,0.0496072289647934,1.0261738269151,0.130535192422512,0.0470067033476994,0.0307831082822513,0.219629343815675,0.0757521595942524,0.894413062349301,0.0192761099570784,1,0.999999999999304,-0.385572826339114,0.20526702544751,0.753483674306606,0.0619582748267285,0.744118800573486,0.0553547990739006,0.742055290392877,0.0616704503608435,0.602597460528653,0.071476809665443,0.578150187250286,0.092418285053404
0.887890149591317,0.0761076247771863,1.06130294010478,0.0616906352275498,1.20356365586568,0.159638201492356,0.0803679867693795,0.0607685524054024,0.179069561569908,0.104552771160914,0.915957179003174,0.0177136705042561,1,0.575765572813496,-0.0770933206026021,0.223153134756278,0.76347163020544,0.0662473915401622,0.773920743834929,0.0612642326632685,0.70164249041713,0.0690229962963557,0.673691963727173,0.0848002798069356,0.754026638988954,0.0840957474976663
1.04193928170248,0.077351121209915,1.03706367915625,0.0586945987528959,1.03889470574934,0.136784553461843,0.0590612529494075,0.0455206859965651,0.211066854358444,0.0700846022249886,0.914951150208303,0.0158361450906097,1,0.852085045130942,0.0199587270146771,0.218151899572286,0.812364162262585,0.0599918107088381,0.656969115588649,0.0639001213588863,0.678352836258275,0.0658541552905642,0.73588235610981,0.0700341585274903,0.684075266053976,0.0859208306574293
1.03535959812117,0.0773657709104116,0.983802019520098,0.0578283140801962,1.11082284623892,0.152544236188177,0.0086401818406345,0.0429368234303195,0.0979114642880673,0.0906129518738586,0.902134554850483,0.0206517038758601,1,0.999423834970943,0.106633200327181,0.213094015515251,0.586436236197824,0.0672416020638861,0.788314346080014,0.0608841482966732,0.643010422975388,0.0708608001192736,0.647964737502527,0.0791393029874893,0.737693587055001,0.083428491776249
0.900010989287722,0.0693471135107886,0.941406772962837,0.0558206129357805,0.971783547999062,0.123749870510564,0.104909366929642,0.0520662325754419,0.319294843072248,0.0861128662856432,0.884720867447075,0.022210904391571,1,0.999999999996606,0.105785506208742,0.204133941276933,0.661860179079765,0.0656350517296013,0.70235475336548,0.0610285423035033,0.704404798134602,0.0654469823814597,0.61632534254103,0.0710065620424236,0.91102368301908,0.0810610735538134
1.07051074959721,0.0683418062428972,1.02826482081897,0.0560175841998086,0.76470876961974,0.103908729049949,0.0451060674950878,0.0322462604682021,0.185722926203262,0.0693202460150847,0.914432040708589,0.0147854683051985,1,0.99999999914401,0.0839516423401606,0.204666004465995,0.713713816903547,0.0608200515816611,0.670271126782379,0.0608593643692188,0.721495211619278,0.0605034440172566,0.647555026402825,0.074196787932701,0.632039530209147,0.0906220763266687
1.14378076325001,0.0721155812381164,1.03923347806193,0.0559242175773382,1.05022681178883,0.13687739281378,0.129722837870565,0.0701922117940925,0.220022409015626,0.0831607585431332,0.883631947081501,0.0235704566473206,1,0.596097285671296,0.122700585417961,0.191546979353551,0.704254028762658,0.0614425282725971,0.662722604056059,0.0616556967809428,0.746418206051768,0.0613749897268841,0.771022889169359,0.0724212321780922,0.603087666894545,0.0895443723850242
0.96991705789979,0.0720081965854203,1.02765514607449,0.0532819824150953,1.04574779339786,0.135445325213695,0.0917072633785449,0.0415007952562376,0.294329203543004,0.0800774042851359,0.892872481398169,0.0198923816943295,1,0.950425346552668,-0.185800318511405,0.204306463705504,0.682921917470154,0.0611045060361414,0.70036308547012,0.0618618774602209,0.679117378889206,0.066946147863142,0.784928928053004,0.0711876505124311,0.747414649249681,0.0867215413342429
0.917267888705922,0.069324016271762,0.97679216024061,0.0500725994339855,1.08412244768499,0.131828163417319,0.0369094269108059,0.0321029488940146,0.20003583570673,0.0739757963188208,0.895038808739893,0.0184394722727345,1,0.999999966533202,-0.238792571448166,0.195547525222749,0.707056642441289,0.0588482857211428,0.715436933638781,0.0504913336363915,0.814964242236768,0.0557043105724131,0.681787199539706,0.0755970696179649,0.610669394109044,0.0914791973256089
1.12884659150063,0.0813034816656623,1.06801336063484,0.0612213846904313,1.30479616136276,0.168139383173384,0.152694358331729,0.0721494492759003,0.320967591092938,0.0964182203888014,0.898585994867227,0.0213750014592283,1,0.71908189125557,0.193634825326811,0.214732273376724,0.726421462532591,0.0638264493851698,0.814359985935905,0.0611189027171189,0.756846212296979,0.0687614063296953,0.751552382424323,0.073397153974852,0.794744382728363,0.08373701621541
0.927443454832901,0.0690300690543569,0.947875190310208,0.0604037787024264,0.903982384580543,0.11251277528726,0.107429999127115,0.0540330960856684,0.25398846242849,0.0765587257412556,0.902327360016698,0.014923792735267,1,0.815025541589192,0.195119307217483,0.20278090629649,0.602302558119402,0.066299990325913,0.728590001260488,0.0656475554847445,0.662628904850571,0.0656835628410137,0.701291087335275,0.0732236168060603,0.745261548823027,0.0747430460949639
0.972075467441054,0.07414854376983,0.929312152607315,0.0606710865940109,0.995491776044293,0.130882098232551,0.156855799468703,0.0732051861754659,0.348140904171824,0.0852961923240003,0.888659506338746,0.019327167053882,1,0.881020318263662,-0.0779115047306102,0.198999427176926,0.701129625733646,0.0626354789745552,0.658398740508393,0.066126479297871,0.693390812573168,0.0647016484746159,0.711583610315379,0.0706738020671939,0.641350762235076,0.0863921207920136
0.924013311670375,0.0653018962316315,0.98400845758236,0.0491417518693798,0.780826014767487,0.11537509363117,0.0423069209643747,0.0470902668911159,0.145293577052147,0.0741461854028332,0.921467862951446,0.015035813386185,1,0.799398942256628,-0.105972246615476,0.212677807987843,0.697067068105478,0.0640595987169887,0.678403994370341,0.055908899330443,0.63262714974472,0.0590408992299342,0.57128803320455,0.0760523587445429,0.658595472053382,0.0905059444566352
0.963891545008621,0.0719344650691614,1.00874640070515,0.0560207788612653,1.0521293299325,0.134231576403374,0.0952545862191141,0.0485114504792414,0.316575652841012,0.0864778652260257,0.906903254963553,0.0158151059166369,1,0.999999999999993,-0.00265972553673795,0.197657178414004,0.753044861070987,0.0598188128083172,0.656197377599136,0.0609100669922148,0.754769077900395,0.0696593431460246,0.69499383598602,0.0727350503314545,0.817609377658377,0.08065466649688
0.99116274748822,0.0738050477632957,0.931650273191252,0.0538485685597282,0.980497157160887,0.132400904272135,0.0331908146305074,0.0445196164387728,0.180398062430911,0.0627916405618573,0.910841364966891,0.0150700499834428,1,0.999999409094723,-0.125889229309183,0.199312557487344,0.688574740988583,0.0683988745390399,0.731854534268068,0.0648034066786246,0.763038407791438,0.0615754392885634,0.757773974920908,0.0671139583627429,0.664950503322764,0.0863124638809323
1.03297976035538,0.0748939657399174,1.07582823961401,0.0562371527594477,1.14640713780393,0.154686513635297,0.0333224249258552,0.0310090395576817,0.195450929347737,0.0937843085055478,0.918931834957182,0.0161851858009553,1,0.999999999986364,0.0689663015643771,0.211522887542072,0.729060205022204,0.0658439171224881,0.674205368912651,0.065468688113696,0.770663346712061,0.0632943124838204,0.696162300941343,0.0763181364291465,0.65902901915995,0.0805831873574007
0.875693540105351,0.0659483992787071,0.968827891941556,0.0520823926286048,0.858105202861645,0.112480301911733,0.00199352021326741,0.0451342785450307,0.0200596391986417,0.0714770727083929,0.904086590966221,0.0155765998493038,1,0.485000881539139,-0.201582496695577,0.199866745408526,0.664075575804116,0.0628769253346604,0.698772452241875,0.0623541729292077,0.657879954303277,0.0621858695142663,0.629279234640272,0.0722898617709135,0.621444933524245,0.0797696695414646
1.09067351291474,0.0715799136367577,0.90423175793458,0.0536355373779301,0.950520151832519,0.123945220393249,0.0517002308114444,0.0443735766929099,0.221680176376976,0.063415604735648,0.891528710735465,0.0206468447954282,1,0.999999891720733,0.152707321726826,0.198172483399954,0.606090765220467,0.0677458124246783,0.762654363962184,0.0595733992036545,0.709553866921396,0.0644675339531702,0.589620159886645,0.0719493881887726,0.812038828675127,0.0759910879289543
1.15897058614278,0.072174293277788,0.994923623458024,0.0574037596684063,0.931215287577873,0.132224639449635,0.066910209796723,0.0633247552387365,0.23270330696551,0.079708643918279,0.931925703192974,0.0124262775022798,1,0.932247678987354,0.363489337030652,0.232439375628812,0.697990482992921,0.0649320960933444,0.736399090505008,0.063300566089826,0.605180258044577,0.0665742175732922,0.643478247230951,0.0761816805633157,0.679634387512294,0.069678350243019
0.931284757124051,0.0650314638885248,0.93368940241639,0.0537054259632544,0.844533070047512,0.108732796181021,0.0744417327872679,0.0454149529631343,0.250735927083617,0.0814463265304015,0.903080657888697,0.0177972252203418,1,0.999999999999946,0.00242702493885495,0.204156526215346,0.559881902762321,0.0704508755661654,0.688130116196967,0.056562630817244,0.711984520550137,0.0576570401392683,0.650060614324014,0.0680628176694029,0.762318542003569,0.0840554434121125
1.02439273353518,0.0778778202578576,1.02811249630371,0.0635515453292893,1.27300719717938,0.162445403954599,0.142852291521403,0.0733828081555077,0.327658107356049,0.105027552383573,0.881708370105245,0.0249202149676075,1,0.76835493165833,-0.101716548728154,0.204264746279267,0.78489973472543,0.0647886712313594,0.694600213877324,0.0644802138592844,0.784522738950919,0.0754169560588962,0.615924763372834,0.0846139545624644,0.810725256933822,0.0766699136438985
0.988614226696765,0.0754196256030247,1.04971364091711,0.0569534688107339,0.906649102498617,0.130557921081405,0.0708964719185659,0.0483637765414771,0.114965715315462,0.0759229849202988,0.926475654599541,0.0141000461657567,1,0.453457319083684,-0.0980977158622905,0.229128451273375,0.753372517063925,0.0643874556082703,0.702543621664194,0.0607716809327564,0.782625014558722,0.0651862739387173,0.753204839703316,0.075584723114693,0.741766875062796,0.0862846159603413
0.908757633866826,0.0692337808700774,0.977724009067767,0.053349433647113,0.973748362263233,0.125240158806556,0.0909452426495942,0.0626554812545139,0.24130300448161,0.0807494835049292,0.892112563892325,0.0212452400788739,1,0.810866514596767,-0.0248338906558533,0.197586716594612,0.640519681894691,0.0670745281487768,0.746120243135488,0.0567999961459788,0.642378162957116,0.0648637199424632,0.630187637367417,0.0783087245769303,0.702919140752832,0.0802125852806728
1.03219620856118,0.070880141253041,1.03246902097865,0.0542380224975886,1.0795097988402,0.128688726305074,0.0146987360126883,0.0167679610339833,0.125965985702109,0.0731831848495317,0.884899911807598,0.0254519349722494,1,0.999999999925687,-0.032662001254793,0.196453141125191,0.776660339737936,0.0625494308894316,0.549838312593576,0.0635762269662393,0.760003480647132,0.0593462782389598,0.809660251374657,0.0638940751348781,0.659745556846047,0.0880951160095877
1.02838034996845,0.0709686516263126,0.943423500961644,0.056917339169108,1.01844253363901,0.136471026699105,0.0861857626449768,0.0630291598969232,0.212958812427864,0.0813052320939925,0.918072951802982,0.0114481757622486,1,0.718802514141723,0.0465169027068826,0.212977648683721,0.68124660112632,0.0597716963277694,0.658970729826966,0.0604826659036986,0.640965530870181,0.0674659206426966,0.712257865801311,0.0665327995994316,0.8904800166145,0.0846395054916499
0.879802160912354,0.0682562442725052,1.0573434174497,0.0594863183491994,0.943276117175005,0.121155002701452,0.132983563264836,0.0712165172789238,0.282376343352623,0.0816237211905296,0.897095096658197,0.0184911375186079,1,0.797278234048642,-0.199359125742063,0.200690907716653,0.696366986045159,0.0623436059695987,0.721195469463485,0.062189559368344,0.679860940720036,0.0656813213881783,0.666208569257653,0.077783589252963,0.775049850553348,0.078028228486507
0.92671421084944,0.0696598670972378,0.956452748348351,0.0616740496616656,0.921286706040938,0.118333363867358,0.0853879011348282,0.0705525638982616,0.175233938763205,0.0809505855250906,0.892167539463888,0.0215550896329528,1,0.624773573047356,-0.00726267670187625,0.199208910677443,0.687996078307695,0.0653929306028476,0.692889216184891,0.0603360003820039,0.722342514852695,0.060181614897172,0.612506489819568,0.0765161531417734,0.599817068105057,0.0905207979774686
0.957110658422599,0.0785592888912843,0.996729584338864,0.0579022409905701,1.23823929804701,0.14698276847895,0.0984804435715725,0.0634375900250435,0.299532083117112,0.0923060144027529,0.876730040677285,0.0254776585852287,1,0.857760528076906,-0.0940314541630599,0.205748420629093,0.657172338131618,0.0694622749883387,0.813622803882318,0.0554245417611944,0.653022677744697,0.0647846094381551,0.76586284421556,0.0760728915066541,0.722855202424554,0.0865158766406173
1.0089196497947,0.0757887716201886,0.925156579039561,0.0589397309708285,1.03164597642372,0.142351004933565,0.165628456508561,0.0742291683754731,0.344352161641703,0.0825142535585356,0.905977226154362,0.0177172847568647,1,0.83304793444321,-0.152961360512168,0.218063138675954,0.768030270106185,0.0688805323990704,0.677741300442645,0.0640014915081844,0.657481112618565,0.0612964995744875,0.713616013054298,0.0695133760611178,0.751736979315164,0.0829505745425047
0.899990440765481,0.0707058381865932,1.02156491709243,0.056472738993373,1.01217237646233,0.129035235536579,0.117100262307778,0.055440269484132,0.20037573215925,0.0785368767126575,0.880443783190666,0.0251245463892038,1,0.5820213929058,-0.200721839735659,0.196456455569925,0.73503547394847,0.063804579550971,0.742468945181164,0.0609212801431167,0.676704327456654,0.0673250710769175,0.664108440310284,0.0771279485103408,0.694331495092799,0.0865293392613291
1.0879290694739,0.0688246530178184,0.94408855461123,0.0554534120235802,0.82476285122584,0.112536376154509,0.0688296104727987,0.0526234104792645,0.223189229100837,0.0678523946169886,0.893505921608169,0.0185373661520301,1,0.936744238437042,-0.0764138556680211,0.195541370920074,0.676238973156079,0.0623910828592246,0.709465195298924,0.0567469367786754,0.722838806592952,0.0600769738139426,0.598101744396542,0.0796529570464991,0.644416689528817,0.0922774678115588
0.949633281910661,0.0778471775944489,0.961547058496084,0.0568327610098528,1.18065240397783,0.143586155478731,0.112272564378131,0.0511324700331995,0.364080860547783,0.0895606044361018,0.890477682429806,0.0214402651661733,1,0.999999999937452,-0.12899891174181,0.211876518854229,0.754665735728586,0.0643904599064601,0.688111194182958,0.0612677469904642,0.768597814251298,0.061559380395489,0.704995560065827,0.0668446903423942,0.693580849589236,0.0773954672791903
0.969376822302061,0.0743246085114201,1.07171856819874,0.0640280760816945,1.24460022688165,0.15626272140168,0.111405576244766,0.0666908032542095,0.365224515950302,0.0931656066346156,0.884405148818871,0.0218652893524817,1,0.980824983362283,-0.2335182319747,0.191796685117079,0.623542599813618,0.0677348768304538,0.72043149226933,0.0605131281304544,0.70526970656306,0.0624175205157279,0.717756711166582,0.0704255643812044,0.875482657674432,0.0828422481746323
1.0817501298349,0.072316060284842,1.03559250895024,0.0590709577974671,1.02769090796407,0.137359567810829,0.0749231753167856,0.0553424522316451,0.270987724100379,0.0795833649226525,0.912562213432804,0.0161159008110482,1,0.976585502632475,0.162556430487051,0.218485375917216,0.61910328291585,0.0717004402571457,0.683662475886124,0.0639892454780154,0.623380396720654,0.0631723136070565,0.750227963387186,0.0685212454220979,0.744190439177443,0.0792538967489332
1.03574771292163,0.0739700390088193,1.12651994939751,0.0574376887887268,1.09946669662989,0.140940428406507,0.0317897794038381,0.02792133597194,0.186954015059007,0.0848671783164247,0.898119501151261,0.0206159568858787,1,0.999999999985017,-0.373607029120332,0.212042886585608,0.798717019910244,0.0652915630478353,0.613766083208586,0.0647199229275337,0.67122716386353,0.0613288668118,0.785253019755129,0.0678014811139934,0.799709176350853,0.0752789175481002
0.979606799783741,0.071136741513226,0.965579241316557,0.055646173241116,0.948462442302647,0.13491356374491,0.133747754354456,0.0693461506507031,0.263685738669608,0.0832312804232089,0.91252694529282,0.0162182408259033,1,0.740343594645556,-0.122379645375324,0.209953098777077,0.674505692434771,0.0661410107414096,0.710533226841864,0.0572184856356893,0.64280704261064,0.0641109032441361,0.690697844813306,0.0767919179003787,0.585110584899893,0.101134515037663
1.07170467076838,0.0705820738175421,1.01725374769851,0.0648686997376185,0.898153620407869,0.124709093754264,0.161546881476612,0.0710576637515617,0.192370945015184,0.074204023042774,0.923260616447764,0.0114143018726951,1,0.505027324954516,0.245913883689358,0.210937015751331,0.824443695766188,0.059054435444532,0.723219089103731,0.0621246853528478,0.69660677403724,0.064754943513074,0.662904546449858,0.0763870692537602,0.785550917299389,0.0884109543969131
1.10241106034841,0.0741274660765422,1.00933397542994,0.0537850359662915,0.956609388585582,0.132580645375135,0.0464252810324585,0.0455661795101744,0.136543689282424,0.0690393965343255,0.898090293000005,0.0195893048039415,1,0.647928439371696,0.106166823333405,0.211349992748992,0.724413470233385,0.0648655319013205,0.62316051730892,0.0672101480948808,0.743947453333556,0.0613558477779098,0.636116025943515,0.0664333452428813,0.647341091848315,0.0922214567450534
1.00007970146197,0.0685152836679749,1.01863222805071,0.0562174694137475,0.895613672614389,0.118822528251113,0.0155827346572188,0.0184043988262732,0.118135981884041,0.0711032925646302,0.903653505572198,0.0144758015876615,1,0.999999999999256,-0.225198632234391,0.191316964381514,0.698837873264216,0.059335576206912,0.691593533266297,0.0569050141737762,0.689392689175156,0.0685266025432725,0.680672391006853,0.0747181537346195,0.719133352760887,0.0913710340130233
0.98388958402025,0.0725903258021601,0.939999494455851,0.0538252265980955,1.10111922697898,0.136123759900977,0.0416118685468989,0.0315559902153609,0.214055199203766,0.0829493822118401,0.88694254026558,0.0227730802652966,1,0.999999997584566,0.0477161867968748,0.205273386997225,0.647875630537598,0.0675252493058486,0.755083125354699,0.0603427241298817,0.676531132828505,0.0624965806148882,0.686121520917296,0.0725442720897648,0.779094812052357,0.0847807602898244
1.05987027607603,0.0744058155268947,0.985486106426756,0.0573574371302043,1.19696641005058,0.14576807074738,0.0292336607714551,0.0496760555054677,0.147424958607344,0.0773882493116945,0.880630725303809,0.0245248358488979,1,0.788112891291879,0.139258634476515,0.19553607849833,0.707068046981066,0.0639952297048817,0.772954526559708,0.0577699357158672,0.777967981725154,0.0657969459470058,0.613248595415693,0.0719354405097109,0.786941376178791,0.0878088733626612
0.982191717864336,0.0711107904191745,0.960861662768535,0.0543175970958131,0.890003537880811,0.131197662057376,0.0831447922515984,0.0444613595511207,0.272027864858693,0.0800234985606523,0.924695680002013,0.0132909419288848,1,0.999999999995213,0.155707302796246,0.212440423416977,0.596343281828386,0.0646723674121681,0.7023286042871,0.0603362566533759,0.756855552259258,0.0634445953814828,0.686129789470749,0.0864074968581194,0.577662408569968,0.0964172814771204
1.03868869359366,0.0781267355138644,0.998801675792459,0.0592811761275041,1.16584180268256,0.149774180845606,0.0889704055370336,0.058009048808681,0.265372433844159,0.0904848916359939,0.902655222192298,0.0172112962562495,1,0.823973436067959,-0.128118784263454,0.227475575038945,0.873507178335038,0.0564964327593763,0.763723318710372,0.0624055438942645,0.690255900715732,0.0701917969668788,0.718736382694674,0.0791037084491164,0.696256627255566,0.0850627864028052
1.01875188005418,0.0712646593017724,1.03900387135443,0.062367689405321,0.955152047521298,0.126289820750181,0.167878388837042,0.0711293432578258,0.219412646937699,0.0867247160262622,0.906462392979859,0.0172406205437082,1,0.54793369103244,-0.163943939478612,0.209064543220054,0.745580670873472,0.0641162441073303,0.678698179314499,0.0610923471049958,0.726871547823396,0.0654449061778953,0.699829278595737,0.0717558580904978,0.703187441903418,0.0787455549882619
1.05273556359995,0.0694752512721239,1.02372302090901,0.0539118200625473,0.949280387090583,0.120510585803107,0.0696928097094614,0.0388549824192354,0.257212007533825,0.0730002017207825,0.855810454018177,0.0300278958774418,1,0.999999995776421,-0.291626739679824,0.184345913703875,0.719441997064125,0.0631243877151306,0.633365702479978,0.0563050047244511,0.74683187287408,0.0641066081255253,0.74434760853119,0.0661928586656095,0.684383556819206,0.0826287370749092
1.02088372617549,0.0778436250382079,1.1321640951455,0.0607250435237263,1.19950327638771,0.155135863281368,0.0794950324447603,0.0482478051789352,0.308795323592107,0.100378958280463,0.908975440466864,0.0186130393317857,1,0.999999999991173,-0.0658759942395925,0.222306402671228,0.698600136227649,0.0670489498657602,0.815832439976126,0.0587124740463459,0.822588773890432,0.0672697514987366,0.514583200781411,0.0834066767211976,0.904899500312202,0.0745144526326915
0.932213118280717,0.0727430532305071,1.00570071289856,0.0551369801501677,0.948074618078746,0.132154003220776,0.0769265277289031,0.0543033546628452,0.256998151015044,0.0820895912409118,0.921820765651432,0.0136658337356006,1,0.951635586059602,0.143292476537885,0.210118590007518,0.684065514225047,0.066086570591365,0.623897164096499,0.0645153259445001,0.706201789406176,0.0623598671804316,0.706440093164888,0.0705432365059205,0.6664294927243,0.0883757039053319
0.973761225886034,0.0698547762315318,0.966525225285718,0.0538763277449295,1.04473049866373,0.129920308758281,0.0892418856451076,0.0493337662472249,0.251121220280876,0.0727986092985417,0.848448111044979,0.0333208458959398,1,0.822426143609414,0.0846001326069093,0.183427150636118,0.74210616820419,0.0580860655208857,0.511542000603526,0.06428246821572,0.73165413564275,0.0588899455914521,0.720944069576403,0.0720489306761676,0.7140212249252,0.0836826367357119
1.03584303461745,0.0739607899632571,1.04603369161669,0.0613290917449137,0.88304537364306,0.125430020896327,0.192157124652041,0.0669618547013042,0.304312473132429,0.0851761425026335,0.922496960229018,0.0144019627968974,1,0.738754259589064,-0.135382309851415,0.232064707893397,0.73954345148716,0.0663081834393001,0.699498054814459,0.0641619640604791,0.740603901851941,0.0614129283924903,0.696306663812742,0.0694704040898363,0.731211955144672,0.078374128978721
1.06380610764777,0.0800481332328208,1.0314041892577,0.05760576339529,1.16926683833011,0.158448450563183,0.0152383478144867,0.0511508333102722,0.0996252243491522,0.0856641027019205,0.903642794064866,0.0174650765009271,1,0.746351749135423,-0.0411094670315105,0.211971509598411,0.784978462621425,0.0624865207646628,0.695623456115232,0.0580261674812646,0.737365870370042,0.0687002489161526,0.708481472305011,0.0812580843460578,0.512336725093387,0.100054881868505
0.933598514075257,0.067573854508298,0.94986327868487,0.0552567538482453,0.838173957320569,0.112237177714899,0.0394042981654654,0.0490080541836009,0.150790895400541,0.0680944141027407,0.896025545221687,0.019561043481112,1,0.829728944332897,0.0894668288689372,0.199457784366953,0.613016904101498,0.0662360260862639,0.704195148258624,0.0634507864055407,0.619994184032823,0.0617429129264048,0.610608435243716,0.0728494454851825,0.662722755878803,0.089362027105863
1.04972143841391,0.0712336675376218,0.970879589885794,0.0539109317304673,0.920140064017514,0.120428959752595,0.0367242848940968,0.0308431292263725,0.183824606182724,0.0796188819177723,0.916996643253451,0.0159710322052974,1,0.999999999774824,-0.141019111771085,0.221157952264284,0.792296796214773,0.068889115204436,0.735820487179239,0.058604510970134,0.731494675221587,0.0590492967548632,0.638765079910084,0.0664396690695333,0.880447345242007,0.083494904789373
1.06217521935163,0.0779718822524536,0.99048490207852,0.0546419888055365,1.17808368259728,0.149202918721538,0.0483074125752455,0.0329273622940311,0.23855853475274,0.0852554655175339,0.872323090799861,0.0300355085388971,1,0.999999999999849,0.527428968061488,0.194350418664439,0.539016793957699,0.0708658089643502,0.607123169773654,0.0655815889452271,0.66192677209275,0.07159672167411,0.829578345561976,0.0659847244681002,0.719524081096122,0.0818056725920828
0.89053157471022,0.0717185955052232,1.04378652770013,0.0576328953971024,1.0174861267786,0.129769237777286,0.0460332510003539,0.0558480851444872,0.198283072464828,0.0724541927043113,0.882635167660724,0.0232654309275885,1,0.916190043934818,-0.282605489246274,0.193854338702973,0.669052226907335,0.0596647791313986,0.670400037652834,0.0629202206956736,0.694707491672318,0.0642248225050395,0.654812187727603,0.0724996699451486,0.721430382660882,0.0845311387876541
1.02445878483396,0.074843654155698,0.984651662660503,0.0614490268728649,1.05450920903983,0.145683849812972,0.106306690812057,0.0515351953334907,0.164138064316382,0.0774807706821846,0.899694489627415,0.0209097978386432,1,0.490234441488741,-0.00826768448592023,0.197355307281157,0.67432288568933,0.0640743939979457,0.696189586817334,0.0613260110113161,0.600785680606468,0.0686968691877215,0.633170391206582,0.0802167617679919,0.769611729803333,0.085808723514698
0.959923379495495,0.0746767556921176,0.963363974718449,0.0605015855163989,1.22129239904822,0.148758959484756,0.102551555940484,0.0685701940223282,0.349665037513384,0.098934073245187,0.887621938240458,0.0212837144638065,1,0.988032558184896,-0.0829130045670054,0.19716307975975,0.64061866321659,0.063146057486766,0.831256107759836,0.0574842287065368,0.611140504957447,0.0703784396793428,0.626670896963454,0.0771083872610974,0.735254499819738,0.075261013466666
0.984766976320602,0.0722391442068251,0.962641379829594,0.0563622483749101,1.03553914435053,0.137855663265197,0.122027960159106,0.0673586455503039,0.355150630203769,0.088317346315137,0.882087886789841,0.0258645503551139,1,0.999078593372955,0.147840839110794,0.198435306505671,0.682869953538938,0.0651020323313054,0.680584606632929,0.0673614250744143,0.637114212031806,0.068049709342777,0.646222532054126,0.0829041388948349,0.638712605224838,0.0872170461920399
0.968263766564277,0.0716941418843545,1.03486004866347,0.0599764503016745,0.974607880732862,0.130059655828487,0.0562952036210111,0.0577925480331944,0.190268449922164,0.0739033386266561,0.897669100536502,0.0195803126365389,1,0.812299383323487,0.0922631476931621,0.201430382645568,0.64087171439653,0.0684941621822376,0.708527094571981,0.0590552323419383,0.717594448032103,0.0588609829709723,0.609402736614792,0.075838146853719,0.683786226579606,0.0893779745445044
0.963342759043962,0.0671006479068889,0.976174134521382,0.0526315309474335,1.00075250600155,0.120503463957125,0.0697205598283993,0.0362133415584924,0.264145840334965,0.0730809140002011,0.88073948690871,0.0193428855605909,1,0.999999999986836,-0.17950671202415,0.191961248203722,0.580472772544324,0.0666876716553235,0.685469258372577,0.059651825989282,0.674359875860929,0.0599845189292734,0.666768189518829,0.0723038746004849,0.680875000709516,0.0756418145522413
1.03129770969279,0.0735221780106548,1.02929296598016,0.0539260184757819,1.06876698216869,0.133310465499215,0.0419038222478886,0.0284709289342414,0.211625663919844,0.0758409088978964,0.894037033521266,0.0190830855157976,1,0.999999999824784,0.053845739674541,0.194764630507328,0.652267961379829,0.059439139805938,0.697854039591285,0.0574870477512898,0.750554235586129,0.0565702187185891,0.632385942387392,0.0798201700630511,0.79706280526207,0.087003694747151
0.95456503193477,0.0666674059599605,0.955705060766409,0.0525725648630236,0.919629686880705,0.117985080127344,0.0312841386649644,0.0249272002427366,0.169616693277521,0.0699949819091303,0.892696132388075,0.0203775347465846,1,0.999999999888892,0.16700207965162,0.202203246067762,0.626834457184126,0.0617635360672993,0.715704826426295,0.0601194859399639,0.583025121031556,0.0655955956259749,0.65883713941399,0.0671353142373331,0.570859813003275,0.0839178439943858
1.02178686014254,0.0750771957659589,1.00258109919296,0.0555134004305429,1.14580721096507,0.139333150021243,0.0685636859705665,0.0509403115501408,0.160814491600956,0.0828471459838763,0.841108095560315,0.0341804090380199,1,0.573749510445192,-0.0698401362650401,0.185871270562215,0.665595140561891,0.0634114088310722,0.614393406642895,0.0608793581396801,0.776270951614759,0.0634117314621311,0.577867003574853,0.0826727146024519,0.654318028120669,0.0796081663434142
0.983304093094961,0.0663773359720421,0.935241829897019,0.05351636760153,0.787995348033948,0.10188624624047,0.0321255030315608,0.0434300170735199,0.15910606632925,0.0656144151515163,0.882775823647926,0.0241215940443877,1,0.999999869653976,0.306652604136758,0.186895143522107,0.553619709517721,0.0669929264748407,0.641121312893305,0.0551575970546786,0.677362777113238,0.0568555763360159,0.693484557859869,0.0632940819810588,0.546213550640755,0.0952702431381368
1.01303977596715,0.0800729898351699,1.05858635594435,0.0550567162987198,1.36195291343828,0.174015096981402,0.0563983184578405,0.0356856631627733,0.277149515840522,0.0919973336239017,0.906306662521754,0.0181437276747998,1,0.999999999960682,-0.082301231597191,0.211711068520074,0.657916264112818,0.0670328138951709,0.74799966939662,0.0648649140533631,0.683690798094514,0.0617746694945216,0.795703688864168,0.0667585000995021,0.597992933856325,0.0889749548728586
0.895878043317758,0.0734611024305225,0.991171707359525,0.0521825383455716,1.17247972468614,0.139295777576005,0.103709212681994,0.0452450648740855,0.348707540928716,0.0836448683619653,0.864586117523765,0.0255424434003754,1,0.999999999867399,-0.372892815832001,0.193106030968385,0.684182260789547,0.0592704953976408,0.681337852445215,0.0620986903363936,0.72301757100762,0.0689216310562183,0.789985682964584,0.0704094574541183,0.767658371673715,0.0830884175809597
1.0499324787528,0.0770908631235182,1.05160634899473,0.0593847332035873,1.1478722604109,0.145183662198253,0.0782984890636372,0.0405093838709157,0.299794368740117,0.0849636607345998,0.908508408280742,0.0173340519854769,1,0.999999999443959,0.25833770270133,0.212168099602714,0.780310496321184,0.0637258588644825,0.651568492397118,0.0604520279580132,0.72210870693093,0.0609217892381957,0.782188092805294,0.0715264994320659,0.744781500132151,0.0803774615393843
0.949229930081735,0.0698743182918429,1.01916127632754,0.0585442622596104,0.92711001007785,0.131605522106219,0.101218224142497,0.0600738265127268,0.222872945655264,0.0847408831960258,0.90779433417691,0.0174197096354776,1,0.727549189522565,0.22036693712141,0.206089438109479,0.664677906654299,0.0614770643464193,0.78195470826469,0.0554871185470685,0.576032468202883,0.0682083318709484,0.731620540892873,0.0745819231448254,0.616601778645398,0.0920945893426804
0.928620566576757,0.073557297814338,0.991398332407208,0.0547197642648571,0.969158255814512,0.128999476015412,0.0447425162610985,0.0468766697491864,0.159325469122732,0.0737679822283606,0.90622876361587,0.017290471212951,1,0.765116651497036,-0.356580274467918,0.216245890017367,0.803495632623952,0.0584648361310014,0.714255368924378,0.0636793817630415,0.687183340959303,0.0656054390679271,0.616084796107657,0.0753258198314601,0.728995866553831,0.084331908813129
0.942774132124141,0.0705467546988714,1.00599466127648,0.0528020310825515,0.933370369483192,0.129405885057846,0.108789857535253,0.0461211439751801,0.318655345980777,0.0767014521003542,0.904952123833061,0.017408016637166,1,0.99999999999225,-0.108526307581591,0.207638549987427,0.649140685518314,0.0582858027435706,0.765846159921632,0.0538937736758955,0.647976001213906,0.0659968393805568,0.670780492460433,0.0695208327014331,0.768558467994039,0.0855772774604491
1.15904961993947,0.0815015801054573,1.18121765603361,0.0688703427044287,1.30403916724791,0.171073854928262,0.17361987904338,0.0763809853028811,0.288582334029574,0.104300795791015,0.909509366093493,0.0183980682420567,1,0.606491472752869,-0.168642781770202,0.221674850939798,0.859656577599999,0.057325726696421,0.76358492977823,0.0587605883807386,0.730979391918397,0.0703177672271422,0.703171323575229,0.0732110505346835,0.85505775682894,0.0820343366293504
1.04036317082145,0.0734264979304818,0.997944717992212,0.0534584649938075,1.05428340505833,0.136830142097843,0.0271401247995776,0.023624683303981,0.1691549086301,0.0750993851939912,0.909665698608838,0.0177699486976042,1,0.999999998711281,-0.0122698780417917,0.220945483692638,0.732380843866848,0.0628808841970106,0.634197033736342,0.0635566030157277,0.811768065910171,0.0589522307345384,0.679799003914215,0.067835270242684,0.817824337097997,0.0868889197387192
0.922225362242434,0.0718187984429765,0.981137204156393,0.054858967478161,1.08427391936677,0.147633820338004,0.0455616742089371,0.0325356460168056,0.222264111062977,0.0840442546864355,0.898600330966786,0.0199622035885899,1,0.999999999991697,-0.132568658482669,0.199324041924894,0.652275305688653,0.0674727558406045,0.689241448937459,0.059892352123414,0.611667056152081,0.070281354905044,0.708648280702392,0.0705126178556776,0.603119240056141,0.10370486015723
0.936506264870037,0.0755051874880654,0.965972729674499,0.0583101712945112,1.1780097199034,0.155849502222854,0.0611727395795892,0.0548334483202148,0.251951417897384,0.0871358191816879,0.906581563468335,0.0196120893215904,1,0.938562946166901,-0.0132365333122323,0.206406853518223,0.775247005134723,0.061100380133349,0.710195200235906,0.0614838300908502,0.581350968517779,0.0733767507611996,0.694887859179835,0.0745228540239854,0.831614091677447,0.0793940453329364
1.01705395181017,0.0763405331673856,0.932450275347479,0.0597292806921881,1.24945529529442,0.152314130832124,0.150916608433066,0.0682726145824023,0.301952235380599,0.0874350661219581,0.829415073709422,0.0424784847584419,1,0.695359463804251,0.307230727562461,0.172464024377212,0.683388203952656,0.0618109002235153,0.628237030824158,0.0667393012321433,0.647333363620021,0.064657471171537,0.704377590928302,0.071204689427132,0.735755205125311,0.091648866692514
1.11709555813978,0.0744015551311588,1.05191333054247,0.0572915927918022,1.04112042691861,0.133889354012781,0.0668500639213055,0.0474454816571004,0.209512682770949,0.0758353812142147,0.909219947872761,0.0139545385089912,1,0.794161667536069,0.00373540685751166,0.218276401907933,0.798236296471878,0.0647426000917705,0.766001647185258,0.0627335731638025,0.651676689685928,0.0666666443157781,0.66362297686769,0.0658956481432129,0.848306099475319,0.0814478746542603
1.06091603488989,0.0730647321725821,1.02426733874411,0.057512790876497,0.90600928749726,0.115416530387929,0.059037233478406,0.0616584666832749,0.184417675531218,0.0775063898235455,0.897025001637673,0.0189912890338805,1,0.797394470788334,0.0794570412334389,0.210407607932623,0.663883607355837,0.0636455292063792,0.686299881486995,0.0626599157269792,0.721607937070123,0.0636380639130646,0.561146916761555,0.072745464601198,0.710017948224691,0.0801704727624357
1.12718898520414,0.0766097392493645,1.0498648725067,0.0570657995547986,0.962039843970293,0.132111688738034,0.104029357888887,0.0594024762503175,0.173572592807011,0.0709933064729671,0.924518078083664,0.0144785114192282,1,0.548664248951718,0.186426677281314,0.234424758227539,0.737041264442714,0.0662332500186542,0.808648223249605,0.0571290370723783,0.795406796902289,0.0604080097967085,0.694218325998585,0.0717840629902547,0.687605970122717,0.0907982015756631
0.918780758252228,0.0690488517248561,0.976467898523294,0.0551869683020005,0.869893584471665,0.11651365662534,0.0171149741022552,0.0217642044207187,0.122017237183722,0.078676953682404,0.887729849914241,0.0221777074390987,1,0.999999999999939,0.136302677814866,0.195347711957781,0.539323683566937,0.069050936542743,0.646489299940271,0.0620026640161322,0.587119549495832,0.0671486526855093,0.687705305069619,0.0697736139584825,0.724854799201212,0.0847823244367609
1.09867502598889,0.0823057942399444,1.04607316826108,0.0655009424196461,1.1618911943552,0.16668330855951,0.119332393035263,0.064387720885322,0.372359040899633,0.107790777609596,0.927878626969672,0.0145219357478625,1,0.999999995206278,0.16641704283626,0.23660878301654,0.725939563185947,0.0670981030346135,0.833268328572728,0.0588912439519645,0.78844058361272,0.0697556633852172,0.762217459813355,0.0810531911122041,0.680719634383885,0.0929389079147071
1.10756093373951,0.0743203650432256,1.06709036478997,0.0577122002055497,1.10930013887821,0.140247032291069,0.0815109711628181,0.0472117283896395,0.283024622750113,0.0797935729127513,0.902686271892591,0.0199966000385804,1,0.94122109616252,0.0476551581897194,0.220336479696404,0.750939536593455,0.0643501640431167,0.623353523549984,0.0629037061088608,0.726281941697063,0.0608705556811882,0.644187627693499,0.0733212400674862,0.663872915778392,0.0856642803723307
1.079786497705,0.0815658196886546,1.03306286676572,0.0600001544241338,1.08593835067365,0.147001885404634,0.0441584037187118,0.0509039028679451,0.180175045733093,0.0893976711880803,0.928619496768418,0.012480285897622,1,0.822783118987609,0.0499782988774693,0.242194841722754,0.795969594682382,0.0645936843011776,0.639554259353353,0.0672548756585584,0.818200664493069,0.063261672684963,0.699702431451761,0.0748825294532857,0.718238440227679,0.0831489932941165
0.976365114672956,0.0712262317131531,0.931333633555383,0.051501108623057,1.0166794956002,0.127020901590777,0.0876204906100825,0.0518335768863447,0.298463061895001,0.0717911206011095,0.861309648936589,0.0292712956315391,1,0.999990138908603,-0.0567836102732094,0.193699226994356,0.647820793480435,0.0651281113230143,0.676789028387877,0.0616329933858326,0.682006813870257,0.060618262880824,0.69319030504794,0.0747387814736732,0.677543040454661,0.0888332702405234
0.895510773107629,0.0767343030989856,0.999635046180356,0.0551147779855332,1.35289090857641,0.178721910683336,0.113618070962131,0.0681462915828699,0.354774548723944,0.108160381954814,0.904915464304889,0.0185840170430438,1,0.904893276634193,-0.409999384646753,0.206988281227954,0.708460884151928,0.0666490797350066,0.615281792784247,0.0650018293870217,0.663388000931342,0.0625555982027451,0.693894932321474,0.0754615702785841,0.702311407642129,0.086561168088996
0.93712182982368,0.0722945416009661,1.00251401580924,0.0528608229209266,0.986682305290113,0.132677964137499,0.0250815220434195,0.034024640989374,0.157313350334918,0.0874992119702695,0.906788222140811,0.0171125156777422,1,0.999999923297494,0.014274867289848,0.213568153027865,0.665756503730542,0.0618714764499119,0.725525780057899,0.0595547394793925,0.611790385296697,0.0659274794957526,0.667818353023586,0.0737213271345848,0.602296212295977,0.0971356330289466
1.1112944611413,0.0692053977419339,0.998397470025124,0.0560922129120213,0.865731194482369,0.117811674748185,0.0637892117193459,0.0388059683808996,0.23499853288229,0.0767841227373114,0.906438903659166,0.0163447766983456,1,0.999999999999555,0.271732976240759,0.206771933374437,0.658238408153824,0.0697967943599298,0.612301106770041,0.0640265246877583,0.769758786041996,0.0578757903711564,0.633785294107683,0.0728313509660437,0.652110949247376,0.082910069088753
0.973531282445521,0.0735879612915346,1.00356999967508,0.0559937657133799,1.12422107612636,0.150290628160337,0.0918510080277739,0.0652289299728885,0.279230354345664,0.0921023022804736,0.898952075547798,0.0207502781150855,1,0.86895003003521,-0.283880002341958,0.213414510269507,0.765956707403284,0.0660397802537253,0.624901291286076,0.0706604872306606,0.736078772948601,0.0629301069110739,0.720396586436641,0.0713722923352414,0.710526474920999,0.0811485853207434
1.06310087273145,0.0704334732503494,1.00419292623483,0.0524107017055385,1.05018560088806,0.124145433492444,0.0817311386874486,0.0414469451641758,0.292972464557115,0.0800304077058675,0.861344136320442,0.0300845800558067,1,0.999999999970443,0.171480943775947,0.177453519074141,0.659308103175835,0.0620305539172149,0.658465153320535,0.0583115671188766,0.730979915429473,0.0627634323943558,0.684356618325613,0.0694351147553714,0.661911763133411,0.0887984089852156
1.10817361475561,0.0761387062126911,1.02928311867101,0.0600569049195774,1.03483427004965,0.143369839820654,0.0557090133295254,0.0534190123728776,0.237176026059047,0.077612443356414,0.905010577714518,0.0175285084445196,1,0.987808260147585,0.493535060520371,0.207597457749009,0.746658259147963,0.060936553615738,0.604262826485164,0.0665100728603177,0.732804042161337,0.0728140162101702,0.676922848275809,0.0764439826056732,0.823830087129026,0.0842622404008767
0.988753626596904,0.0731155176628607,0.983958323926987,0.0589392639306302,1.05639443207037,0.135209319261813,0.0892777284291914,0.0628269970522006,0.221126726318311,0.0816680326152817,0.888832054205538,0.019888685970915,1,0.720039992779485,-0.086279277054403,0.203226824597946,0.755289381831024,0.0593522840660934,0.713566237794912,0.0612827069906165,0.604214888921524,0.0680575890970471,0.642709780909148,0.077500250833702,0.738746579270242,0.0843546599846257
0.911252331126596,0.0675246762503544,0.974036426098343,0.0531921883749014,1.04822110578573,0.126330824276193,0.0310983195096996,0.0243984401826786,0.180548926500058,0.07357267683587,0.845909609238208,0.0358532683837646,1,0.999999999935397,-0.147373738918453,0.183749147245402,0.703917487306684,0.0596265758706566,0.673567648727275,0.0561107953672903,0.621266151941675,0.0656531252079832,0.685993168431847,0.0732027900276223,0.731771911678552,0.0872884322449754
1.12809426290266,0.0762954662727616,1.03108573488952,0.0596447520107176,1.16552019011342,0.1487417210001,0.0907518779278238,0.0458636996754067,0.325227835909261,0.0853842024672122,0.902453647135666,0.0175716557441727,1,0.999999996382042,0.041010102221598,0.200227752626132,0.691633901527745,0.0671064058890593,0.730994889630551,0.0581866007720029,0.734172297867326,0.0605071018458441,0.811858322879195,0.0677350751537891,0.774573946567522,0.08245976904561
0.979043679302208,0.0705275174103323,0.926607355495957,0.0557553302299624,0.999163883477232,0.123983268614872,0.182764175530842,0.0572904465860352,0.427330508369504,0.0797637548473752,0.901892624471784,0.0164908731507085,1,0.999999999998435,-0.232582887658621,0.195910466120513,0.672165822138736,0.0594645010114802,0.677847468924298,0.0542078498847838,0.750126027174015,0.057443039007233,0.65131564244267,0.0707519767943816,0.638928162203111,0.0913478885448582
1.09021699608322,0.0768114887358288,1.03910504768329,0.0646285066459856,1.2323294317374,0.15661106640042,0.158997836639349,0.0636281855075425,0.299285980231964,0.100750339289114,0.904073694864893,0.0182590556221282,1,0.676125561543161,-0.0706775343034275,0.209745684533196,0.731603401884928,0.0629410838352033,0.73843597838787,0.0642650004572905,0.658104360943137,0.0693388423345053,0.785257920602623,0.0743532378370489,0.73491048166784,0.0838511192763148
0.871885183342618,0.065516404808698,0.929397828713431,0.049269631714906,0.926849173623417,0.112229776122305,0.0287533574000399,0.0218880757922491,0.16324835538111,0.0637852230170807,0.871370421731465,0.0252673545657072,1,0.999999999803215,-0.529791334901198,0.184135339046724,0.641424145013708,0.0624019606006445,0.725956740400644,0.0534603524052361,0.65211344675472,0.0638138165477547,0.705667951069716,0.0696549494737518,0.6574821544608,0.0878349378802626
1.04708166634908,0.0731422240456577,0.971877873713592,0.0539940548347518,0.871604738763955,0.115152825389775,0.0730520648064379,0.0516606849659449,0.229931384031094,0.0735001183239192,0.899619383664066,0.0193735570478097,1,0.911217840813667,0.168819985113844,0.210868624379703,0.806517129903389,0.0607646591788882,0.647410657950379,0.0610313710699147,0.658980785177626,0.0640444375906845,0.681800180903448,0.0699714535838321,0.615379066163563,0.0932946947499049
0.964898420782442,0.0635575766393097,0.954358363877952,0.0505918611996483,0.727534930489864,0.0999655345155662,0.0179742527085807,0.0195882170959748,0.11435425932482,0.0630087779198978,0.905392699394158,0.015233084894325,1,0.999999997353491,0.181622844852025,0.200856873071642,0.648888884209095,0.0570752416589146,0.609922910650562,0.0551537258491437,0.637900424975706,0.0644908661830438,0.811025376757103,0.0719259308038284,0.499392262136319,0.0860052293325438
0.995277504847075,0.0717339106618244,0.976056448587732,0.0570617807771063,0.972865812894203,0.130226304229776,0.150417979793772,0.0755879735093669,0.274698077757433,0.0835182062144507,0.89846948360875,0.0213385158478754,1,0.718090652488189,0.110893170263339,0.200130569024674,0.624143136508902,0.0659372836154138,0.700911036831977,0.0615054599972441,0.782834515886473,0.0656271904024892,0.666657844091354,0.0737980719802423,0.724641962196014,0.0876231454566764
1.10231018667172,0.071937895521965,1.05891807658387,0.0548984995890227,0.889970738759084,0.123219511208667,0.0844536208694051,0.0413400489152478,0.274155523986322,0.0743884930633113,0.911833467063305,0.0147677529552186,1,0.999999999841613,0.182607764917878,0.206480001668248,0.543243131904562,0.0694367626884686,0.770490745120926,0.0576958620884815,0.749707007343684,0.0643712850690997,0.712065385272819,0.0773450111013316,0.679595316192216,0.0802845511840711
1.07752477413048,0.0771450054741871,1.10213385103324,0.0605421167602986,1.14006184293019,0.145522833711537,0.0259885377622555,0.0238199383240645,0.172129428654179,0.0800573249470077,0.888955854221031,0.025856194437913,1,0.999999999198683,0.112618365114228,0.209801225867126,0.759422936111016,0.0676129551531416,0.680768899229255,0.0602462252010538,0.742200721490421,0.06209060686889,0.766106268741256,0.0705218458990981,0.677633032460637,0.0862589190062332
0.986823214141583,0.077525089701122,0.996995192293525,0.0647318558463301,1.19802203538229,0.158443833503612,0.13654116645656,0.0693300829254236,0.195611576181635,0.0982893711376979,0.887454929722325,0.0224533756383001,1,0.483649056731405,-0.260390327436269,0.206065159833587,0.762628909853076,0.0634536236654146,0.698907666184983,0.0625217278796482,0.754713340848675,0.0654854348071189,0.713833607109965,0.0797386362343638,0.732143654191029,0.0973758994869899
1.0347396291346,0.071572953247555,0.949158560906142,0.0539138796508933,1.07907943339433,0.136516768519275,0.0958146953385717,0.0458613863979062,0.282844386431947,0.0668499583157405,0.888525971090333,0.0194186394517004,1,0.879639645127907,0.263479057944657,0.191739057757589,0.660807995791876,0.061510299279189,0.765193879609227,0.0571411493692026,0.679800916053703,0.0632350120439926,0.685233923106257,0.0768790696290921,0.848279069692212,0.0818482193911546
0.939041421471773,0.0704921540080402,0.963064257599963,0.0555520006794431,0.941730139934275,0.122205854491235,0.0626773986557254,0.0537896614691157,0.232458194031189,0.0775375233601746,0.911052213540918,0.0161207966521733,1,0.956810962851831,0.00645173889362287,0.201780624343381,0.608207416560547,0.0648724554790076,0.659742154678847,0.0621601190151885,0.754020667740241,0.0612790114560142,0.691352786214432,0.0659794760754898,0.542009801086893,0.0846044598669685
0.998980845310136,0.066200793712881,1.0231063494988,0.0557991107471079,0.928982135453697,0.111625675749893,0.0861082146828499,0.0484908621831425,0.201598174049858,0.064969938698071,0.841246767713712,0.0336018802634718,1,0.712788395391951,-0.261304222347817,0.180511299301966,0.744188815420664,0.0629832868806777,0.701387133906682,0.0586131788725251,0.666040188406371,0.0651647918173019,0.647936863281069,0.0696209304697032,0.694043336534875,0.082550714145175
1.0807270296011,0.0779271096878777,1.07326118827578,0.0609765000022239,1.31673848329655,0.164549843626669,0.064756420545392,0.0557068184506598,0.232530203353009,0.0904206736162901,0.910936190342244,0.0163882489483329,1,0.796321038414795,0.0286533745163354,0.209884406113109,0.722702479498632,0.0599015040393347,0.749662931841755,0.0597627659443467,0.766649793611636,0.0632588346478776,0.73252200478786,0.0720698304868349,0.825437166990561,0.077724546355371
0.956046206789573,0.0660958841594944,0.933310648503571,0.0516165092921573,0.82942242032526,0.107373694961546,0.0698003860792671,0.0518992073527914,0.196113892920119,0.0718911727669067,0.856240420759429,0.028728469315545,1,0.815063721091675,0.0688676876331685,0.181500563739321,0.763566547004188,0.0586596367778907,0.536113718923811,0.0595982359862173,0.75630856529378,0.0608844370322304,0.534337334980794,0.0810074200114996,0.718225644200174,0.0904109230361343
1.05448422128429,0.0692330643331148,1.06918365384124,0.053377119990033,0.823982836551831,0.109765022211478,0.0175224017357188,0.0362648931896957,0.100806780451638,0.0632232075395706,0.890661892572558,0.0198952695801816,1,0.838945686072845,0.346225735278771,0.19220866703687,0.669135765065531,0.0627672012862144,0.718731315004169,0.0551898288314388,0.678376926737747,0.0615072540166125,0.616807705420334,0.0744264725692339,0.732894944090951,0.0807091217615965
1.04351086063699,0.0709371156255428,0.904878491776597,0.0531132263514746,0.850052179981844,0.11662410555428,0.0666911554938551,0.0345187012792934,0.238098639454369,0.0680105136760428,0.916081917794977,0.014986173174953,1,0.999999999973204,0.321675570137924,0.211702631419976,0.686019906501591,0.063545541661098,0.675436481900883,0.0624711253209226,0.723248365872142,0.0652434737207784,0.620778219798185,0.0733553086097263,0.660887796271867,0.0830098642475229
0.912081398805391,0.0708875367096891,0.951192437873702,0.0558577458202964,0.998164329379267,0.135958114632141,0.0575080313343856,0.0410288064346726,0.239588116422028,0.0894290900592616,0.913540478484636,0.016055547835356,1,0.999999999998664,-0.300275935218184,0.220364759589987,0.738664228863276,0.0620887631570417,0.672870754796226,0.0612025022347446,0.635455079567341,0.0629068611218338,0.610188286164268,0.0785972301167581,0.572936180043236,0.0940046998949469
1.00086302281794,0.070009644363717,0.963913589850253,0.0544483225120045,0.878103488394384,0.122009713814731,0.00207006005497826,0.00706528587048062,0.0426348040768812,0.0696255396382961,0.911387997660208,0.0174280507411334,1,0.999999879853172,0.0343005488671575,0.208824404748498,0.668192100725927,0.0648413893112866,0.716350409104366,0.0623475478734316,0.637001294539014,0.0676389568602719,0.599216988847143,0.0687279245075155,0.6106178187411,0.0788495204336468
0.956392381065994,0.0762479590063126,0.995594817277211,0.0555456150211381,1.12035062026463,0.149059982624556,0.0391267146487006,0.0308270423007919,0.209369622928038,0.0871722324810976,0.913967316073532,0.0147353080171461,1,0.999999999765485,-0.0387566292412545,0.215715590807979,0.755499298945362,0.0613324934181122,0.60902850817973,0.0631165768511306,0.777854082344327,0.0636645943716604,0.683608413811113,0.080560069764457,0.66387549008591,0.0939241746323844
1.01637130408404,0.0766226355628428,1.01152801693579,0.0566593917214406,1.2043446565951,0.155099111899473,0.0100698938140356,0.0149158660648966,0.110125486455285,0.0823430387876183,0.905155560320261,0.0183657829979645,1,0.999999998334356,0.0356292939664756,0.208465246504064,0.73319268533963,0.0584307805625718,0.748051270233931,0.0621562330372442,0.771122017508828,0.0713150049149995,0.704069381711809,0.0791074846873375,0.661380195123758,0.085881062837401
0.935187485774126,0.0724123237995933,0.98898443048561,0.0567154081840524,1.0951602276515,0.145370908997222,0.0789966621680623,0.0422738224117897,0.294132627377155,0.0858215641245907,0.914008705679869,0.0166186344044703,1,0.999999999792546,-0.0864117322241559,0.205927767457275,0.732525185044739,0.0644346428326693,0.726572950246132,0.0603750518107985,0.720607819302275,0.0673934388367931,0.627315726546044,0.0803770477424471,0.854435438612135,0.0928290574689184
0.85100542359978,0.0677627882391879,0.940213672504484,0.0557728923532653,1.01991665686866,0.124735836879404,0.0443420491908385,0.0285464734323655,0.212662160558196,0.0710047681599524,0.885594285928597,0.0210843616947485,1,0.99999999960038,-0.0679496656629032,0.195336823458437,0.684141767380395,0.0571696705875322,0.725214966896582,0.0600540150622109,0.691445656342201,0.0604188176403827,0.771892266939046,0.069957399018054,0.563434030941604,0.0996462231664387
0.931035675292454,0.0745119897152675,0.952945458600551,0.0604362732065443,1.2026163834637,0.151236182080636,0.0993070598989444,0.0508617784706581,0.333988595521431,0.0961504882268371,0.864740003984469,0.03020459500408,1,0.966446944516921,-0.0507711260465131,0.194785617909848,0.595999160648487,0.0667030044820772,0.653502705145821,0.0601616249289453,0.750874664588218,0.0585037265808884,0.794006913264595,0.0711219025481811,0.641620097801874,0.0969386094499966
1.0140759640399,0.0711996663772332,1.0115025665893,0.0538079505372941,1.01709848185326,0.139478921558309,0.0999509859969747,0.0540944785702333,0.205453856013923,0.0753703082183519,0.922022569672827,0.0133159324152325,1,0.644375845153169,-0.27910920828317,0.221811761285599,0.805398596308154,0.0593278165256972,0.793908930806668,0.059990055024598,0.637724900619681,0.0666042048885979,0.65490932217908,0.0736527924399502,0.716625215450483,0.0845068386796655
0.943890619516911,0.0681983786696356,0.991936383622742,0.0524526561880613,1.01341663215804,0.123960405846741,0.0395723448597079,0.0284503688396653,0.200258014678396,0.0750049020097529,0.844606277886821,0.0355361723813611,1,0.999999999858004,0.151676142415183,0.183248150353943,0.678359531376495,0.0641583529882972,0.599633313693465,0.0611020338334807,0.686803393000037,0.0605946181419563,0.777055207960135,0.0711700782934342,0.685422036076979,0.0837638027510506
1.03968572347757,0.0706420862820238,0.99880097871607,0.0581929757349514,0.863392026021184,0.114403622891421,0.0224216515212873,0.0256043017488782,0.139135455997995,0.0806012766243529,0.915853111568036,0.0163905551635039,1,0.999999999536769,0.258747246011894,0.224949494209163,0.686014268389595,0.0674088278404132,0.673552727892749,0.0625024041239671,0.668422320969933,0.0678104641323571,0.702373042107285,0.0693873117908967,0.610375329703571,0.0826856580166891
0.929746915314221,0.0718173297346233,0.980769940196499,0.0578317304111282,1.02846788348003,0.134838742921498,0.0325905177688362,0.056825818838253,0.183076550914324,0.0711887875071084,0.88886609858926,0.0205743824935281,2,0.999980945503108,-0.26134589693637,0.201832416031853,0.76140984856666,0.0643610556232243,0.657734335509929,0.0629209678097414,0.693985202549291,0.0656220327296972,0.576905529211128,0.0771888634825697,0.662883525643244,0.0850924718825823
1.03732385255627,0.0695992327918535,1.05143445329358,0.0565294008645878,0.935049171613853,0.117765965975973,0.0143700375618757,0.0181357844499816,0.115916744766813,0.0742009110932856,0.913478955061446,0.0165282094246778,1,0.999999999964377,0.173971398185539,0.20813518663814,0.732442856701457,0.0612642563115968,0.721799484909635,0.0608129837123384,0.703215009282639,0.061127475216182,0.682480127236336,0.0751876287256508,0.761391606961371,0.0888692545311051
0.960647644568257,0.0663073831600272,0.943548107858688,0.049516109152434,0.691529071964072,0.09008337971578,0.108069714827769,0.0435595830216862,0.273374010471146,0.0622661425315082,0.905331972072642,0.0162237291346135,1,0.99999999999203,0.0495271577895379,0.20505080935439,0.539132410414668,0.0673240561346515,0.639160883411239,0.0582079946622294,0.703619887259078,0.0553982195678362,0.652755695985142,0.0724605327146859,0.62581238653367,0.0793540037508351
0.921880843144382,0.0716888320847745,0.969836326530859,0.0525855979562252,0.981909741884341,0.125899988035636,0.00261330974085407,0.0446148765968806,0.0502656830303811,0.0696766131192769,0.909834170814433,0.0162153481762632,1,0.992293988328581,-0.276785228327069,0.207812391213417,0.807377702075639,0.0604292110391404,0.73222905481103,0.0572024689197059,0.742931388047293,0.0649935793413959,0.606291243318803,0.0831124471201238,0.656550076835038,0.0868292505540215
0.985535306897428,0.0685772653662566,0.981448154257102,0.0515926064007757,0.929452890965845,0.119765277461606,0.109932665505163,0.0429327843538249,0.319651738213977,0.0703996216279271,0.895297526357117,0.0206440035900926,1,0.999999999891669,0.0750907693323441,0.191766196591845,0.676042763891337,0.0672498677293934,0.731449602060748,0.0586495216957821,0.855029256548845,0.0605870959744523,0.429839017897367,0.0771950639400082,0.785867628758958,0.0846154173578951
1.01070365485127,0.066978912375243,1.06041839175172,0.0571038280260623,0.74406727468972,0.10490280665932,0.0954016874033609,0.0483145025882263,0.19095743856826,0.0611521640140061,0.917636314484535,0.0138697888596325,1,0.716724830241266,0.0681963181424421,0.213770911682549,0.689803202947541,0.0622285435923724,0.694765612177797,0.0583886799628554,0.657983913541306,0.066645825341332,0.647032651944052,0.0717071236308261,0.871675276441603,0.0836859088683567
0.920673239590095,0.0783899025742292,0.96032912414672,0.0579880698678647,1.24313227616415,0.172220854568185,0.0916558396190824,0.0640144012839449,0.258086561731872,0.0963755750655901,0.918200098394757,0.0162948706410477,1,0.764586544086334,-0.240950211445693,0.227113319509555,0.819194957684037,0.0597807799940618,0.668225298888078,0.0647047079211482,0.784886935004494,0.0675238257811142,0.666947070954051,0.0816341994135535,0.717387623566382,0.0940272875698736
0.962430548343145,0.0725993402975853,1.06938749242748,0.0572977040801185,1.10873480645925,0.13321270621868,0.0497526474035788,0.0484367762698355,0.206834521531198,0.0704357181124123,0.86194007125265,0.0289481865667468,1,0.880645434016109,-0.0539600225471755,0.183834501256744,0.779301463812534,0.0536801725942306,0.603250348188509,0.0628919102328355,0.633466174854733,0.0695218511432472,0.860421711074086,0.0700677318454746,0.706844982494774,0.0787065274250742
0.977121258328737,0.0751651291057191,1.00700732879099,0.0586672800914316,1.12453581392199,0.145099957903967,0.0612442087767221,0.0413722832734321,0.26243343187178,0.0928515662488572,0.904785189906086,0.0185530456160734,1,0.99999999999463,-0.197503667266882,0.202184450256472,0.654684923483396,0.0651307419518442,0.825770112088259,0.0566660900321251,0.806510422463087,0.0672380522406217,0.684931517246233,0.0784737869586053,0.70324061129563,0.0977812100454067
0.889967827350158,0.0654122588315444,0.967789780407978,0.0492738496615828,0.881605561881586,0.106814231905779,0.0449681426511519,0.0282275697077413,0.199108424400031,0.0655334650129236,0.857505359796634,0.0264866271587449,1,0.999999999978847,-0.213599660800458,0.186889350166938,0.595007602771432,0.0606676997750005,0.773458515760578,0.0572009516764372,0.610349359768729,0.0602565978951476,0.542876493487052,0.0728248862182264,0.67018907746666,0.0859154657136624
0.895078035170931,0.0640918801265289,0.924359903048958,0.0544338891863958,0.905643679004571,0.11093137269754,0.0851632224207569,0.0597649524226837,0.257285197900303,0.0746691160903808,0.846095580614061,0.0325103822885297,1,0.92642459863052,-0.0297141472688284,0.166653429498271,0.723876243595593,0.0561025844236051,0.526844903586156,0.064011743159447,0.577784543736254,0.066740913523559,0.694074358246095,0.0718136258774,0.584691057628258,0.0843111740946143
0.99441197790209,0.0740805226699177,0.946307423598274,0.0500950073143999,1.16390115840043,0.13629173671813,0.049732703475218,0.0435549797043034,0.185077215710179,0.0724544693309409,0.848572118431387,0.0321961374011743,1,0.76926127977056,0.291325742575361,0.17770236948071,0.730965755766326,0.0594126745551921,0.610527367979868,0.0622215801687986,0.775296374560168,0.0602933348348459,0.514801888291111,0.0826138644574767,0.796274865100759,0.0849387255754802
0.955850077932889,0.0667398616877474,0.879361823979293,0.0536484511845954,0.888495990936746,0.115412372811327,0.0453347154084825,0.0483126605259696,0.155917345584353,0.0715722885809175,0.900915808280799,0.0176884311335715,1,0.776875184951897,0.0540292483949677,0.202727038643498,0.662506940351823,0.0667584598223821,0.611779249553378,0.0594616986226554,0.74493976270556,0.0604501897805173,0.606210303734367,0.0711318062858458,0.512333679757488,0.0913952585657457
1.0371103782832,0.0754297845098597,1.0022993037814,0.0561897332273021,1.04396197096785,0.14081842652201,0.0525357276856803,0.0452350646893236,0.199516667791784,0.0784135871941787,0.896957462545657,0.0216491900165409,1,0.851940898234612,0.334003862093651,0.204514785461195,0.644895640712477,0.0600849584340305,0.707917617318365,0.0655265801399191,0.677599971288646,0.0743734994026115,0.636173875682568,0.0768828731853297,0.782734652869315,0.087077015756277
1.10707787214997,0.0748189550637451,0.996492875998426,0.0649133388302029,1.03414372319228,0.141169783322704,0.133035517342113,0.0616128076116672,0.323866086891372,0.0813258076399451,0.899983814886293,0.0178732543399389,1,0.87315475292911,0.532364629926765,0.209360934923781,0.705179645048791,0.0625529207556428,0.694853265699625,0.0616448041876703,0.786062224931944,0.0674763946549554,0.645370560236806,0.0800016238718522,0.774886275986837,0.0890206325450863
0.945657458692624,0.0735939345017503,0.930832242387491,0.0555611219623998,1.05525909668911,0.136882662643364,0.0607714290612099,0.0430845022030595,0.182050868187557,0.0758870439882393,0.910902711282725,0.0135127684032734,1,0.718891713395297,-0.066369060991116,0.212196567119842,0.712454732178697,0.0605827089724374,0.634538256677404,0.0607809161609894,0.716287187664013,0.0612062787812102,0.69031273964938,0.0729602910787558,0.64791800357272,0.0886586751748187
0.94062922686857,0.0681831513784767,1.05880545181624,0.0527642144535114,0.9099539905144,0.114286601543773,0.0200045395384,0.0186647444556122,0.134919274010291,0.0643841274668679,0.883000919516469,0.0226465409901819,1,0.999999997750225,-0.409592970496952,0.19579026515468,0.75687068421938,0.0606550839576978,0.675274345904743,0.0618978355570899,0.645556771528471,0.0643282019383518,0.816532897655667,0.06865584273105,0.745109957480408,0.0777546193814306
0.926466453450661,0.0750561785759624,0.994992784759218,0.0558213934460867,1.15820302687281,0.146006040958007,0.112944817107949,0.0557368894489941,0.342570360953394,0.0882870448857008,0.869374539626594,0.025585345343082,1,0.947162039978106,-0.124940883502931,0.198770790943219,0.702300713569922,0.0639460501877483,0.640682692965096,0.0672500147793982,0.650229308526783,0.0665816982622923,0.837296678983731,0.0631436098867044,0.635156583451156,0.0975847385450477
0.918177227728832,0.0711347565358892,0.936147304358695,0.0538788925504179,1.02409505709943,0.139093854392982,0.0659302289975706,0.0392834645825151,0.259843840099418,0.0811559442495392,0.896322780971074,0.0193646291951161,1,0.999999997095375,-0.177681361843008,0.201573691144309,0.637515907857709,0.0672342739611237,0.612073507387061,0.0595849561732234,0.679606879355395,0.0624898240177616,0.581760880049185,0.0726843053393487,0.683799113200803,0.0886518590229007
0.971978307450434,0.0707924778061908,0.891745731402479,0.0564294252812908,1.03478864175025,0.136065526067892,0.0523526046719686,0.0519374011202908,0.120328836208636,0.0726734787342906,0.902872458930665,0.0182259013041696,1,0.516981191213648,-0.0716349646818328,0.204499634567401,0.712904306265784,0.0615243158299678,0.723122096670046,0.0630036214736183,0.667943670640483,0.0676480368701062,0.67142808072523,0.0801581727189354,0.562006849916312,0.0824012197703043
1.01377081211747,0.069749449219349,0.983241830024624,0.0530079581843695,1.03839569746802,0.128800478091007,0.0340430961457028,0.0252183455023641,0.188016500777001,0.0725595455817236,0.878864672810364,0.024061946851519,1,0.999999999975108,0.0490587891053234,0.189688386696123,0.702955496407359,0.0620307072055309,0.704622152206663,0.0555013743370632,0.653519416881108,0.0647158596001188,0.830195112077873,0.0714547787502316,0.631418508241091,0.0892847621805975
1.13554408134596,0.0745446371405776,0.982785334029311,0.0531611733559661,1.06909458065165,0.13860298427378,0.0181257587033393,0.0287214045581108,0.139173337495745,0.077228858903895,0.900592091660287,0.020774003583756,1,0.999769494000457,0.242132679885561,0.209339880772536,0.681162791098864,0.0663679607770185,0.825068656876441,0.0554833964492521,0.636223162891127,0.0663492515228196,0.759247965166749,0.0694018395484183,0.697459997661644,0.0871408500450628
1.02908551822539,0.0738646797834516,1.04206897312738,0.0573045200387347,1.06216884770348,0.135981778013168,0.0511085877799485,0.0351792545783152,0.23299345438468,0.0833587624121121,0.894240741539564,0.0226079622753398,1,0.99999999996432,0.254178534263857,0.202003458971296,0.699913161703274,0.0651605140082159,0.617883839054519,0.0653875575471528,0.732234580939306,0.0639413923219551,0.768068612651103,0.0716185938809417,0.683964101112905,0.0835221768027491
0.967890727454051,0.0685787339008665,1.03041733987882,0.0515448466091345,0.951098600970141,0.123892473968111,0.0078478641247873,0.0136426511778619,0.0863949793862132,0.0752809113612864,0.891182603192331,0.0190676620979648,1,0.999999991523098,-0.0286254245804915,0.193066655419861,0.667225904187735,0.0636210613083421,0.680636679347234,0.0587680903147347,0.712364304986163,0.0611067241016341,0.690147910022024,0.074450730449751,0.652946870589952,0.0949345341160426
1.11761732413267,0.0862473027173542,1.12792590881936,0.0647168580232768,1.40590442902221,0.181954020544929,0.0706287313980574,0.060847487924086,0.174703376584966,0.0965215614771928,0.866185156859132,0.0321408895053042,1,0.554412095341272,0.0965210470438909,0.201475363126785,0.781438030809809,0.0618910562237477,0.66121705566685,0.0676063391636827,0.734013182841918,0.0709892800162424,0.701258868517792,0.0799474482188166,0.817172586617746,0.0847071779519522
1.07951709960323,0.0682853488132143,0.936989544746617,0.0539993079664113,0.813010577194927,0.113155271429931,0.0861462944385967,0.055196826191568,0.225640066794378,0.077935559659414,0.910756112044142,0.0167304399796951,1,0.852608820362368,0.348512526649345,0.21751626963904,0.659056539850797,0.0639082789425368,0.6037723112391,0.0585322659136437,0.691928446811563,0.0612672423189693,0.639215803031771,0.0690920993941752,0.559373208838703,0.0845758893444641
1.06459413271412,0.0767307850957535,1.01131527253744,0.0650948539280998,1.09635142626069,0.142049114385879,0.16791766895865,0.0717297208868514,0.198623347306452,0.0841778800287905,0.895497008032319,0.0206621665164224,1,0.46292134391284,0.0515191243767201,0.198995389399629,0.586034012790292,0.0651432705713178,0.73958205051851,0.0625351801215947,0.799862695264286,0.0695834643032199,0.662372273571879,0.0762731173433301,0.814223878136219,0.0806790254534144
1.00413863974827,0.0715213901277732,0.958328291199688,0.0554777407781406,0.94288915380258,0.12313940445318,0.0508893884307567,0.0452937782931533,0.176000433768714,0.0709763435979207,0.892674010258536,0.0217231715725533,1,0.803470252742512,0.0855787590833002,0.200678810037651,0.630874815601864,0.0662163890791716,0.69055274233078,0.0610625765717569,0.763158490874733,0.0567073465427883,0.713639101874932,0.0734705433438236,0.676920998589319,0.0801495282420443
1.06313992929766,0.0749511948514041,1.01791229051634,0.0588225796217533,1.0647016454319,0.135428513482185,0.0516683471400178,0.0570305084722839,0.159914464252837,0.0772658599515816,0.897580434654372,0.019675709373876,1,0.681807070136764,0.189700116204318,0.201414233685997,0.690147796280539,0.0651906190865493,0.637867299334183,0.062321251912454,0.689577023100541,0.0637764331918282,0.630909907388665,0.0780583729559892,0.928579740300855,0.0726363192986207
1.05931670693499,0.0723616030273165,0.984398947783354,0.0566046595587396,0.949232596652263,0.120765758415391,0.039462487332208,0.0312410006309147,0.193543481674977,0.0787050223847519,0.897206806150411,0.0198793863632966,1,0.999999999708525,0.0185409540322955,0.199152714508108,0.728994983508955,0.067207583102917,0.632118119882619,0.0648291134950242,0.60573833268334,0.0647003673626217,0.806664553343729,0.0623242517450531,0.821691444648003,0.0772522515255551
1.11188293779018,0.0823574603258489,1.08340068492827,0.0612280048552408,1.21091691817392,0.15687754997686,0.134501793625589,0.0547182798009028,0.403572171265367,0.0937240806652778,0.901795042086493,0.0210993549740789,1,0.999999999981212,0.316261594313162,0.214735161325537,0.67181381105661,0.0674628879142287,0.79893441557701,0.056868697490128,0.751135719455173,0.0622743232045432,0.772213202680639,0.07906780059529,0.729965153033238,0.0899662608447841
0.904314255597849,0.0770039042581909,1.03592299826997,0.0666394660275141,1.04260021742258,0.147779279457325,0.116931780882038,0.0620595084932738,0.254627788160422,0.0825163639481017,0.91303980250638,0.0177132737284561,1,0.729257005697157,0.0649371194591296,0.220963171169304,0.679939288471526,0.067463508158296,0.701257188839668,0.0627474861459527,0.682909820610421,0.0727593238468958,0.660214204333029,0.0791346358358166,0.619979208279602,0.0895351526447644
0.912266204368778,0.0695701289515987,0.963297199174034,0.0559442462484408,1.09713196206769,0.138305553712886,0.0625063469210951,0.0358338359933705,0.261873463765684,0.0794625212355179,0.896845598209374,0.0189653550606948,1,0.999999999893642,-0.207045961290019,0.192792828457929,0.627529688992574,0.0661941888726167,0.692213477191255,0.059410758456431,0.695341832699256,0.0625589792432933,0.698227584934124,0.0698536731548248,0.679438821089574,0.082495449157196
0.926447159311264,0.0644221776200476,0.880757042852287,0.0479781366835244,0.924649431411467,0.115108443201949,0.0467936937028231,0.0387475915650069,0.181986880068201,0.0702452348562657,0.878655595527863,0.0225541537639757,1,0.874898883238892,-0.154254304719585,0.18735004178973,0.716294447739885,0.0578758258184116,0.622152210468137,0.0604949829797117,0.681397448916533,0.0638010220928531,0.648504940853799,0.0719946266738909,0.662994540926943,0.0830039814794793
1.03113879993374,0.0727893052699468,1.06503476380229,0.0623331438513171,1.02685919209711,0.1362547827883,0.131395245970309,0.0682814330715416,0.291618243093953,0.0889295077124796,0.90606915116215,0.0184527072351985,1,0.793906605634266,-0.0769455750132015,0.206174298366049,0.74468684006181,0.0688358933332979,0.632647711906245,0.0655290708396691,0.719623376446908,0.0582509435156717,0.607269538301525,0.0746005497336275,0.759216858533148,0.078340096490594
1.04246235062319,0.0740452236288855,1.0466348410188,0.0546326015836024,1.06420131409928,0.135190925437365,0.0892076223540347,0.0387646274864632,0.308115025485334,0.0742957574251464,0.900314547690156,0.0168061956831973,1,0.999999999963092,0.0302315722424498,0.197336497707744,0.708837932773498,0.0576886713249412,0.616675673476824,0.061610495667974,0.728895708419848,0.0597998889805751,0.773035986180518,0.0682939590946497,0.775080629889781,0.0839405409887763
1.09864262878028,0.0747342930243147,1.0138272114466,0.0578310290448008,0.995067127653095,0.139506368387013,0.0395965625473928,0.0325856286279752,0.198497450253865,0.0857536326785535,0.909407700834127,0.0166490278586183,1,0.999999999978624,0.270167937164285,0.203150705185554,0.650214435960999,0.0605504433912652,0.75573744827983,0.057080407221935,0.652228116050077,0.0688137689554906,0.747744852724965,0.0776187552535979,0.636019500075346,0.0897144815869304
0.961288915808513,0.0731124347765205,0.950304030456197,0.0556057772362139,1.08968076385751,0.140262860131716,0.0698833390734414,0.0427273678229818,0.275953855164796,0.0889933366350676,0.903406972039096,0.0186432054147203,1,0.999999999197985,0.122163084382003,0.204776116728169,0.707451937031332,0.0650507203952055,0.595756949987999,0.0608368671812614,0.733639007084914,0.0648058179724326,0.710171351379164,0.0678113172078912,0.570383353600759,0.0925399523877569
0.93313772190675,0.0661786571687257,0.960812023933804,0.0539491996059619,0.829781931034129,0.108597861759748,0.0609091074342206,0.0355320927744567,0.224813871422842,0.0692530369778731,0.897786422259634,0.018917216762791,1,0.999999999997954,0.14626192829915,0.204385158578925,0.654304575338186,0.0666190950640714,0.67094081545892,0.0621658781606041,0.606322020592596,0.0634791849443687,0.764474941015648,0.06162373947833,0.611920151625813,0.0842986059574397
1.01524919165281,0.0734552723688984,0.964564817235287,0.0540220835168613,0.954133105360124,0.125031745490382,0.0552473836573956,0.0411911877644518,0.200597533466523,0.0716453546224276,0.875146724177111,0.0266771126839694,1,0.873705859439407,0.264318128796649,0.197414495343043,0.500805327880004,0.068120116205977,0.751634456878141,0.0627811209624133,0.679188072216428,0.0605653287190819,0.678751265643924,0.0678663596963699,0.692454379751008,0.0870692776164985
1.04643811528586,0.0679411338147617,1.07235465889098,0.0560699585796129,0.965170623274931,0.125029624466782,0.0843354748867653,0.0413370588938248,0.285303562645783,0.0766141683707319,0.907963673981189,0.0171221610337722,1,0.999999999986053,-0.27903504137638,0.200626661085924,0.821960479003209,0.0607095851305208,0.663789812277631,0.0587199991434662,0.762653007175983,0.0624784348156249,0.641578721935346,0.0755579764839101,0.696263643993912,0.0865964324861789
1.02749167977029,0.0723332341032581,0.931785433980829,0.0575779787994215,0.982355944931029,0.125222009616221,0.126569316959325,0.0654953006799542,0.291573681149464,0.0863063214476829,0.892929960725576,0.0223683055070183,1,0.826893661401232,0.14422621323292,0.202152116519134,0.646664984888903,0.071024918258194,0.703922666630142,0.0624257582073809,0.665885344748284,0.0622661308239661,0.836955968241364,0.06819782279561,0.714363756503184,0.0860108887435153
0.936802830035562,0.071153619684253,0.940925983529168,0.0531333350911833,1.13375659805973,0.13794112901275,0.119218636253585,0.0532851450614832,0.367647814438936,0.090161139552101,0.892192523318101,0.0197839493871671,1,0.999999999990902,-0.324693048679137,0.193415433537123,0.631458713884174,0.0646165294526071,0.7413096002015,0.0580824165791691,0.708644121261398,0.0657920180497467,0.761998672822068,0.0732887891403767,0.619530452772562,0.083197930724694
1.04201867994854,0.077806701175077,0.986905550828584,0.064580226195563,1.11803817354826,0.159147217036454,0.0507028713690107,0.0582633494674832,0.159114094990196,0.090228145905981,0.917868914622179,0.0159599527091313,1,0.668288610489677,0.0780773238308001,0.214554874066934,0.711040512068268,0.0660562309723464,0.743789838136395,0.0642883403163437,0.712201379474553,0.0652831261505693,0.652979442491901,0.0816803227857246,0.728441415905376,0.0881868715358321
1.05873489639758,0.0746111081809859,1.04260135304165,0.0553968094611443,1.04616878272756,0.140073932243404,0.102996797715738,0.0471158412570786,0.328256050140704,0.0829719707434465,0.902657121256361,0.0189902093999036,1,0.999999999827691,0.231308119201875,0.213574054985454,0.722009026990646,0.0641276930281492,0.70046461414099,0.0574349140258855,0.822876615303312,0.0615628530482867,0.651871291961824,0.075044107743139,0.856149849709072,0.0802549448491102
0.950111177115235,0.0695034459420039,0.974450109971507,0.0511705811566304,0.884942667377864,0.11265940890533,0.0155634378667354,0.0188964767400219,0.117357361132589,0.0725248665436813,0.870075659359589,0.0272530190751328,1,0.999999999733043,0.469041707167557,0.195775582800819,0.608195589474906,0.0586885689405976,0.725280903216042,0.0596399809835622,0.659284334188389,0.067117080319337,0.575658271162554,0.0738103104428486,0.698852140595148,0.0847938348733416
0.990756878821028,0.076340734118422,0.985055104023553,0.0564096478726147,1.23247747969263,0.149600997690465,0.0445932542720825,0.0341829481289158,0.2344358795686,0.0928319017275683,0.882711189039936,0.0251380984696307,1,0.999999999932263,-0.227950668466478,0.190502586955141,0.657481250336308,0.0631958119131612,0.745489399134856,0.0589797069460989,0.778789467973778,0.0617122296000928,0.785224561578688,0.073284008128722,0.692791810784231,0.0965579787775333
0.941760761524881,0.0654245473503768,0.98810570801365,0.0509380292595871,0.806141939674217,0.108040999935274,0.0449089737478735,0.0437333884012844,0.19027060018916,0.065872085135507,0.901567362086227,0.0179085122310416,1,0.999998537281406,0.171047050115156,0.184201051828487,0.608208883354106,0.062718722154623,0.654344300465676,0.0584031857616252,0.641444380822118,0.0604932962373098,0.571682630182971,0.0711020827032043,0.72697025106525,0.0909731971895753
1.04539116419479,0.0732481410366231,1.05253342589695,0.0548215222478345,0.979064870892731,0.142363552485939,0.0608587620987975,0.0575409987985481,0.244099697115209,0.0797964291853676,0.924181862014659,0.0130505590695273,1,0.999999883147686,0.389313289557365,0.21396189745784,0.571395190016848,0.0670592739897518,0.733808807229176,0.0623698636656981,0.704496865857324,0.0659172650498032,0.649657717386473,0.0785480621426635,0.680378293755168,0.0869901897000437
1.11857783325911,0.0692561612789145,1.01454174304181,0.054611965869847,0.976207473812371,0.118441726915267,0.0708829169262564,0.0356710947667375,0.263052149269603,0.0706276938411517,0.887061438502778,0.0225814158421688,1,0.99999999975667,0.134763174428208,0.191816322480953,0.741992614517973,0.0635577238397488,0.632136012825623,0.0649431562436723,0.638926900154218,0.0664911723666841,0.827527761662395,0.0604398228403595,0.681719687556969,0.0790160777052668
0.954297301784259,0.0713010977504874,1.06535857515972,0.0572991329425209,1.06852865294674,0.13443254721976,0.0548283001196635,0.0533432405179298,0.23581519421547,0.0798531497867662,0.868205497757208,0.0263886065718065,1,0.974263220025779,-0.0689479639869934,0.185064658181623,0.722953432136638,0.0646209292399975,0.770448920821715,0.0586014295020978,0.66622057148119,0.0643204231528139,0.751236825940163,0.0746935207725945,0.649063945319527,0.0886600543770803
0.993468681251276,0.0725105100105181,1.05078956371733,0.0587837960503794,1.16680308216932,0.149062586753191,0.0985912521550059,0.0602618894821719,0.267467074020012,0.0818024984572851,0.887301868785838,0.0232531105274034,1,0.788591972236133,-0.206048886410347,0.19401056414057,0.838417526408664,0.052638895795619,0.636739118694645,0.0582314243326925,0.757491720416853,0.0622997903312342,0.91135423399261,0.0749998461595614,0.556708400509864,0.108435089619767
1.08351852957389,0.0720030669861714,1.03010738233123,0.0575499684302856,0.93574923828978,0.124084312391889,0.0397013867813481,0.04255884602041,0.191797369778296,0.0621571324554581,0.902716638594126,0.018769759830632,1,0.99508474291709,0.140848610898031,0.199710979765482,0.645187154993239,0.0650562305280142,0.749371245421801,0.0611185487943247,0.544979413917019,0.0668628647093296,0.740470909867137,0.0678181642390473,0.815299220773009,0.0794395396274887
0.900503926729752,0.0664057950854282,0.93801694644863,0.0498286667856478,0.891886406752417,0.103536396488906,0.0394677155318258,0.0266526680010298,0.187618546454149,0.0659353665442679,0.862303831098711,0.0243750669764721,1,0.999999999789224,0.0410712555222108,0.180674866497435,0.636771564785902,0.0607474120950915,0.612625856336196,0.0551110435781397,0.623827194828487,0.0628286486801379,0.699471719527187,0.072078502612786,0.593665103238822,0.086353864882117
1.06498358646079,0.0752665861507605,1.05485049848156,0.0550697391857936,1.06011765186929,0.141979851097633,0.0115571544990747,0.0178167192327183,0.110688497549876,0.0860550260782047,0.903245296261087,0.0181212023289008,1,0.99999999999997,0.0585562558044522,0.206477033192148,0.730425691733884,0.0599779277226101,0.703373513758646,0.0601247424439742,0.696864462721254,0.0736558704869699,0.66873005099445,0.0694356109517925,0.575379579166231,0.0849935504065401
1.01873908203212,0.070130472686709,1.00479667241971,0.0526311192273988,0.811816440748643,0.111760880238109,0.0116028165881019,0.0158265215080497,0.0970533708048186,0.0620630996759083,0.897557484827533,0.0199717247482422,1,0.99999997448687,0.0614937289184345,0.203675624651028,0.580231055926505,0.0674362520641334,0.68949810898201,0.0600173592856029,0.729534629825586,0.0598400939258914,0.622742923506762,0.0701710388579062,0.730519721875992,0.0835222749911571
1.02277861028643,0.0707534832359548,1.01746690568332,0.0537572450189486,1.07718549549845,0.128747394476664,0.0211388519847406,0.0208328284227259,0.150898853112831,0.0710549507724767,0.872812808721582,0.0235085490284942,1,0.999999980705636,-0.179279433598045,0.189435509959528,0.789856756485165,0.0595269777795679,0.611911729827466,0.0604488641187192,0.705049243847228,0.0608910339792447,0.662732457115445,0.0701590112980927,0.628626814027223,0.0852632444105366
1.16643102410269,0.0737760287796108,1.09960633069126,0.0556268959089773,0.986989356599201,0.118869027996376,0.0438103869560659,0.0408942867348659,0.0907224027931726,0.067757166976756,0.868231287870314,0.0260448655056873,1,0.43628448074074,0.0413530411936648,0.192808757614071,0.667065889929285,0.0707923370151503,0.826847167404324,0.0602803191144691,0.634285719886397,0.0666122421143668,0.710202103207583,0.0666031489612125,0.80070700841024,0.0698545331303174
0.946224575241464,0.0745458076918525,1.04459691885097,0.0582243602483969,1.0819864316808,0.13650328770765,0.0746097757044355,0.0585610546243688,0.252245769934767,0.0846893559442195,0.862809556621408,0.0284871101494792,1,0.887799952567654,-0.0609835128567577,0.18913861044808,0.609677026187706,0.0688666521281477,0.732726716252143,0.0606179997238016,0.721644128282026,0.0634066178814622,0.669291051470477,0.0771134988549082,0.844589634653988,0.0768676073898164
0.993260168052067,0.0704565889574214,0.959463769883889,0.0528892197070929,1.01245572841653,0.128498114849312,0.0624711904511076,0.0326155630872523,0.251494164079322,0.0705497738928908,0.877761811462983,0.0225536893572488,1,0.999999999468241,0.283142875985014,0.186016184823443,0.599589271209574,0.0596229213556944,0.633650367089974,0.0578275754388308,0.683195022278502,0.0660756653430599,0.55803948816737,0.0790166790426936,0.621911310136751,0.0941624679556347
1.01112663585438,0.0660990503409777,1.0143402485876,0.0562973825867779,0.797149899531395,0.106700509024991,0.0427391536488528,0.0292678817249513,0.184579283878879,0.0660407432138927,0.918468525805767,0.0149167971956678,1,0.999999999999998,-0.179871749144524,0.215311710389919,0.762854912634783,0.0635886625725455,0.710808755723263,0.0592220825733799,0.685922491995069,0.0607137188006255,0.754797720472081,0.0687401500209989,0.692047280959104,0.0876493982902283
1.06887476601739,0.0726835533053387,1.03606732802751,0.0600889004871637,1.04282978810364,0.140532661310342,0.109144788052381,0.0555281981154191,0.290982201771281,0.0843921075450342,0.900419620540301,0.0195159469548127,1,0.862498226474787,0.00755073326565565,0.207092179290484,0.728554431268097,0.0595650692684586,0.736482683924317,0.0629396182705568,0.733799320509823,0.0707832809437412,0.596543027031605,0.0796364898204369,0.649358007826389,0.0916421417431772
0.881584242199948,0.0675209958789603,0.998874653336976,0.0553226565578364,0.849339214460706,0.119210702769795,0.0766862975317609,0.0550318831615856,0.172656277204912,0.0732109302984257,0.912089586987477,0.0166631189544263,1,0.676523519067915,-0.108365814576444,0.207350994760881,0.662608625762938,0.0636863568306287,0.685625542899677,0.0612148279139581,0.640836804318673,0.0662038195795881,0.684844523480131,0.0691450438625985,0.698840149011364,0.0962233869516168
1.0306665203504,0.0792147436535141,1.08088580208822,0.0615150623583887,1.2133386722324,0.150158705949523,0.0189178771593653,0.0233389900203336,0.151505088861683,0.0947723295237486,0.869334151384499,0.0319061156910806,1,0.999999999934358,0.0104564194491895,0.20968128237664,0.635284154143287,0.0704377796356651,0.725836081782958,0.0608119276822072,0.820525618571729,0.0642560539668044,0.67384304328216,0.0739502717468724,0.904464203487697,0.0813628640932439
0.979987363789685,0.0638037807807574,0.972614361502846,0.0543209341548895,0.746734519450889,0.108271125752628,0.0486496742247806,0.0334012271983931,0.190600081593627,0.0701692147580686,0.916754257383488,0.0132249235713316,1,0.999999999997432,0.38354020477741,0.202543436956169,0.729540111950257,0.0591710828867277,0.621347668420702,0.0581064476735902,0.686192761941995,0.0620147274518617,0.517873858237682,0.0749967019951695,0.615960713831347,0.0906566097875691
0.991758412494052,0.0790080566413584,1.0454838776479,0.0646438093774294,1.27220021607557,0.166016547638942,0.180590132552237,0.0835642370295589,0.386564355545745,0.110587276350385,0.915362413498306,0.0167028116263726,1,0.806486431426219,-0.0299952838190735,0.219804981565288,0.665673249798817,0.0645242036081373,0.628942201847458,0.0662017180716319,0.695530020868006,0.0680576724130671,0.889073440556404,0.063015745387029,0.699150008407279,0.0818807575232146
0.995635355232419,0.0686814686417803,0.998744473301002,0.0537149235606044,0.960548738193654,0.12288533967648,0.0543743088744193,0.0329526138981166,0.228537029329656,0.0725677419328227,0.86515870818155,0.0283691206270609,1,0.999999999955473,-0.145907787260694,0.174989364277963,0.65057948523606,0.0600743978302648,0.695497754124138,0.0559707371074121,0.69609080881489,0.0627816790251477,0.835071447316086,0.0686604996439626,0.670601340560824,0.0825567226324631
1.11151545512821,0.0765910329034793,1.05845013041707,0.0565446722600327,1.04867610758122,0.137293081532761,0.0584620661928596,0.0492438335902447,0.220460653299858,0.0813739526679115,0.886196428257081,0.0213040189331537,1,0.890375749997067,0.0789419941423719,0.200809231542935,0.703098348508999,0.0651869689522782,0.705623480909852,0.0536758056617563,0.652003003832429,0.0682797224525431,0.740403740813721,0.0755691589930815,0.616597282005178,0.0903300684902183
1.02505414421534,0.0721536920111494,1.02233075351912,0.0562947020044347,1.12474493592263,0.141723134618879,0.0734613919108293,0.0665697688372439,0.207956427042606,0.0807597618115808,0.888625285898593,0.0236933195949776,1,0.723462037936198,-0.0590883410184931,0.200866559467396,0.707076465697552,0.0668953342335611,0.765453540518527,0.0595277312915889,0.686296611519488,0.0623921233225865,0.899255078667114,0.0691882049756723,0.649829138805167,0.0908975404661969
0.983794290223444,0.070840408176449,0.961115226949498,0.0591840238700618,1.01705082128201,0.131075983229314,0.119653749014993,0.0597528116685682,0.2590542013881,0.086902956337563,0.869205613080112,0.0260419060044331,1,0.742602073349762,-0.0158635317808738,0.189577465808288,0.724024474548052,0.062616550962209,0.693363360851281,0.0563052314845443,0.565996788953821,0.069464387996664,0.706080633962849,0.0806669744555052,0.748509590211259,0.0930159042706157
0.871576354733814,0.0664408442217243,0.968069855491421,0.0556718066643032,0.998025390425272,0.122959755052867,0.0138244795285295,0.0183095073172125,0.117461404578097,0.0787242006065816,0.906915935833723,0.0154255147721454,1,0.999999999513399,-0.393955658332817,0.202695972348023,0.725852078821559,0.0607392598131569,0.625381764683488,0.061272156271077,0.562402987444621,0.0631611082098331,0.685909078024749,0.0640331683526888,0.714421745039496,0.0803378078843992
0.999464115543323,0.0711410666014001,1.00999944408207,0.0546604764578957,1.09737444480476,0.137298186003478,0.0165963473203873,0.0445873658735216,0.133559026384682,0.0768694583386735,0.896424256994622,0.0171583287992008,1,0.989668086295358,0.0792260249483887,0.204266285340482,0.662822693244,0.0639031767413317,0.686185670951649,0.0620449125480805,0.656093437684931,0.0640033868914947,0.663547704814331,0.0756230106523161,0.74353392681907,0.0826486455192975
1.08603569541011,0.0736414493763092,1.00131926330838,0.0533873630797525,0.9917752927321,0.135256249969183,0.00663085855511527,0.0117186413525723,0.0810945231361743,0.0722588279370628,0.910154874163073,0.0161936393604306,1,0.999999999856981,0.191721366280444,0.206167831876349,0.690059569802779,0.0599983969221821,0.755689277141885,0.062877522650374,0.511146466053716,0.0838708965889099,0.68055568989977,0.0715925491860795,0.722029001065957,0.0807326668711034
0.924852594226358,0.0763383146899147,1.1034193018176,0.0632558005332376,1.18342094196412,0.148091898006604,0.105495804867304,0.0605176333646938,0.238744458147631,0.0856537161867517,0.892904805140746,0.0197583092734027,1,0.67568780263676,-0.148320550478613,0.204687340076206,0.668220352009123,0.0632678152934102,0.768432769933846,0.0558089786915602,0.71970149148298,0.0684498913049354,0.675362119974329,0.0827661200127075,0.569958905884313,0.0991422793273831
1.19270180929721,0.0801743828080967,1.12577496514259,0.0693183199099071,1.08355750141027,0.142133334311806,0.199403399189793,0.0873724498031623,0.330153203817177,0.0885867424117237,0.909307105767026,0.0173738372696063,1,0.710269647148067,0.167695226786743,0.210007674830844,0.75810478089233,0.0655083808860183,0.765322439190335,0.0600420495982786,0.764076988671942,0.064151086514286,0.745109434063019,0.0759607043623774,0.900991667499497,0.0801257252501518
1.0041771668476,0.0773220100650934,1.00213962482537,0.0607170172277901,1.14803662372764,0.158779025294659,0.174226990582444,0.0780614011938941,0.316776728430097,0.0955514759241517,0.924255653952644,0.0135242165650408,1,0.708300715123438,-0.0316635290011501,0.218110118137475,0.787514384463191,0.0666907186073703,0.784023247094002,0.0598557884514731,0.687550471882971,0.0671292661158552,0.648317180771845,0.0799782502970117,0.757452779348275,0.083976769180713
0.955566340069871,0.0687072922736747,1.02689920076989,0.0531615515342104,1.0595064639815,0.131077448798874,0.0745897978243639,0.0425445754385027,0.281119855116269,0.0863821442297009,0.866574368606082,0.0295026240105282,1,0.999999999991175,-0.175281463387277,0.193092611864098,0.747690498811678,0.0596970653892687,0.67536088970462,0.0564277748569987,0.842725243515027,0.063568073762851,0.645206264231905,0.0810286128139681,0.649432674671051,0.09109334404423
0.85460966563467,0.0654803499052016,0.943092094812086,0.0567270985737611,0.921287044897784,0.124939797151961,0.0642181593695435,0.036422731814949,0.243235191261344,0.0742699753575192,0.888162448533436,0.0210432887049942,1,0.999999999945922,-0.343623050650958,0.18196136408699,0.749246210274319,0.0565893731993116,0.69353776131998,0.0600799494590401,0.634779748762744,0.0615430264921185,0.706087819311046,0.0871182482054081,0.533789806893282,0.0977408384303535
0.961701689756959,0.0736435970669406,1.05899185751996,0.0559432129073701,0.98057874312772,0.128310423745791,0.0359001722712097,0.031264994284943,0.18762447932114,0.0814753465423627,0.907563262955082,0.0174339980130815,1,0.999999992000065,0.00884674066159515,0.211227011298524,0.721746755200929,0.065904091928819,0.698653820338746,0.0623752915999279,0.662240717181828,0.064664975749248,0.774523673797761,0.0696316615836157,0.727937287045769,0.0830136329149022
1.07454855283523,0.0806179566114067,1.12091129067417,0.0606335779064254,1.13481641560181,0.154409501767016,0.0676527540419295,0.0411695685945384,0.277080233586745,0.0896429920891549,0.894421242048637,0.0222236505998151,1,0.999999999980667,0.107563802565572,0.205711313693815,0.787066455538653,0.0613338295392143,0.672352222298006,0.0664033867297101,0.732553472710136,0.0698490089180209,0.655545372720693,0.0777415713961521,0.757376636321787,0.0837601806598497
1.16999839653121,0.0806126773798259,1.12869117523436,0.062259513846177,1.38963036918999,0.18031439613651,0.157700177453195,0.0816541097842572,0.393512224101014,0.110823422661443,0.917882879166077,0.014805306426293,1,0.84060600575117,-0.268158844193601,0.210725088190537,0.829981111897278,0.0596255826610856,0.799470641659652,0.06573193860718,0.879241429756228,0.0656686825089048,0.708770165512617,0.0798363976044513,0.826696102017642,0.0830082553500992
0.968493628065888,0.0742593235579609,1.03252019721473,0.0553733517172502,1.01871858275569,0.1407413304029,0.0149733456754553,0.054511147589961,0.123505372502315,0.0780036959553665,0.918034728372171,0.014440817897282,1,0.999998411895131,-0.142995561650342,0.219861549774365,0.895331190688671,0.0589268639630977,0.502040551097414,0.0654705427850836,0.663265792792494,0.0638634985054519,0.693992093687054,0.0699626231992872,0.471168023640058,0.0973613418687469
1.08503458161808,0.0787126717642429,1.05980980266389,0.0641219984217552,1.1571896789048,0.158119893004974,0.142802262886789,0.073232287396639,0.140770757716221,0.0851132445046915,0.896396975280562,0.0203987066117334,1,0.346292134879185,0.158648146631155,0.200019724098815,0.770928195377073,0.0601947438473627,0.666583754209384,0.0641816737875788,0.722383443905631,0.0681417156712274,0.73921236115171,0.0836533916114058,0.592460493998446,0.101307874771432
1.05953879407881,0.0699299279780295,1.08507008289488,0.0577928869275065,0.992123700698125,0.132676793332788,0.0874160994506207,0.0499699514949762,0.294495473479822,0.0886164640403322,0.906149838933341,0.0169702563316176,1,0.999999998919372,0.323392933846364,0.204379294300549,0.717778224856676,0.0594286867927543,0.730948965786782,0.0579441067435766,0.733427417949533,0.063390336677478,0.623072632949518,0.0800402517923016,0.777125785402059,0.0780017525341262
0.955594697044697,0.074509367156893,0.992535455530852,0.0584995425963596,1.18055916708737,0.150521647268414,0.0839696952683124,0.0619159237424975,0.253781467227961,0.0798633716867846,0.870709053111218,0.0250215021041083,1,0.806036551752086,0.0597167708967561,0.187795476926493,0.718954143339206,0.0617594893301588,0.68235675710968,0.0598433970966372,0.716606525644854,0.065092461143095,0.80240661071939,0.0697529735022871,0.601517106715181,0.0944414676721897
1.16123498525827,0.0737542352078871,1.01789225596397,0.0573786475600554,1.04979591522683,0.128897107942609,0.0870521481591819,0.0517423133326264,0.204457659844999,0.0813780296186807,0.876943461527315,0.023711040781774,1,0.676333968436033,-0.0117218816379231,0.193040118242071,0.680035095666512,0.066285149408542,0.719476748967829,0.0580475367625522,0.702427259604925,0.0641548390498099,0.714412692903569,0.0753749055685216,0.754385609042044,0.0852644121796131
0.933488179287649,0.0670098444838461,0.91653336199232,0.0496062266296484,0.867938469739756,0.109021902425222,0.0231881173300899,0.0439892640241183,0.0965692902164358,0.0593258777028922,0.869671090636547,0.026315428005292,1,0.680709522010823,-0.132934349870615,0.19023762611766,0.663619768605467,0.0597125213880399,0.642296308399113,0.0614917670651496,0.652968138376092,0.0650521650013009,0.505059530147765,0.0758892925177498,0.600923446226531,0.0798020797146088
0.928655077345723,0.0731631570598914,0.978272895218387,0.0545841311110228,1.22463167516265,0.150391365987353,0.0347503175223025,0.0550323859370204,0.206291645531939,0.0913581814899243,0.891039786945452,0.0196363441234069,1,0.99999886569719,-0.261523932913085,0.202193581779905,0.835386946418683,0.0584167547625658,0.705495850127342,0.060188595251189,0.672147372366075,0.0699545263361687,0.747525914641673,0.0711526074136448,0.644512298140817,0.0828164044163724
0.974688228051373,0.070846237603525,1.00866784930618,0.0564352494765477,1.03729638490688,0.127520090801683,0.100313794490258,0.0577034707384866,0.233888129465188,0.0794231493491922,0.847144510117323,0.0374597299036812,1,0.725064127915414,0.0724239502867707,0.187668981970801,0.649576864020447,0.0640376978172653,0.542781307092363,0.0645773750118556,0.753825255202868,0.0561276116865839,0.792257873768546,0.0685887256098516,0.59926254069459,0.090380316541943
1.0555578061702,0.0775102987812556,1.03470824735054,0.0529106820645655,1.07710032750056,0.145359637895537,0.0331297365144137,0.0219909797761925,0.188902223514397,0.0678129615917656,0.912324731566688,0.0175454357757704,1,0.999999999986004,0.0128027607744975,0.223226234928652,0.75877203756845,0.0633604685369113,0.762187913421162,0.0559036804513513,0.717524988748269,0.0639007903229003,0.658671835450014,0.0776032506166244,0.766711272084426,0.0818841484436719
1.00476064268386,0.0677171831954449,1.0465868141438,0.0609585301799425,0.880913118647239,0.113873706435936,0.0769015338427048,0.0524405320438394,0.230636661486375,0.0666364263652483,0.909346257799355,0.0156577886121936,1,0.886123599696999,-0.23307431556528,0.198811585807864,0.806025094451479,0.0613999986858052,0.711761227628623,0.0586635476057503,0.685292911662321,0.0654608874965911,0.698729684891054,0.0649020754860737,0.70375516868796,0.0795738108938628
0.965903968038083,0.0706490259981268,0.943208847841402,0.0599211595649272,1.12193619116808,0.130749148551351,0.10722858130766,0.0556307695512441,0.346848131159468,0.0961751168783131,0.862933536663355,0.0308082156806148,1,0.999999999967343,-0.225953920500454,0.1925034865011,0.694737101581799,0.0699142306759924,0.632254521705174,0.0622514773522114,0.665084130325825,0.0653115409677237,0.659094316671788,0.0705467885230502,0.696329865688106,0.0794503153426949
1.01534707164713,0.0687696172695479,0.955377457682842,0.0566041739285251,0.934178356985177,0.120870510316431,0.0928142259813245,0.0484332213421278,0.293054997714991,0.070367369082488,0.88098694970833,0.0240820240122018,1,0.995238018460775,0.231014654152912,0.19390381637135,0.647332677438336,0.062104409501898,0.62515103712394,0.0602186768706552,0.651771289214976,0.0664980948493515,0.701069380385485,0.0676908190890994,0.723370220213719,0.0840382529340361
1.14220878262285,0.078121043189831,1.03519654471945,0.0538537524160095,1.1736214303355,0.161588678875785,0.0670028723276879,0.0377492951624519,0.280421124064564,0.0841431903638891,0.914391829184381,0.0175043868500399,1,0.99999999976999,0.30137387324883,0.223741977176172,0.788558630578677,0.0628965974275895,0.724792490614208,0.0590700769875631,0.754774707821128,0.0708365064205273,0.790860631781796,0.0696925133426191,0.728681719742371,0.0888519486871321
1.04503039741523,0.0746531785850826,0.92138082389445,0.0530498238315417,1.0448518346956,0.140089523795924,0.0435133878143662,0.0331515976383743,0.213225334041137,0.0850525331547071,0.915851733623696,0.0170397888841936,1,0.999999999838256,0.286218094332044,0.221272736812034,0.757640025393475,0.0656849445138599,0.625390691849814,0.0734465550197107,0.738209427202049,0.0649822376571717,0.620826300086989,0.0701458856403966,0.778667855095732,0.0783824994809265
0.93534795367447,0.0727890723106787,0.961679225301623,0.0556397236888438,1.0962946329296,0.144983434864181,0.0580251607402789,0.0545080571650281,0.232533594988179,0.0812935125784197,0.886385263577497,0.022540664808797,1,0.921963835158613,-0.204905545890194,0.194878931867609,0.705152082238464,0.0642620854435558,0.764801976978484,0.0602449672348886,0.714725876245481,0.0636010454735987,0.573255358219285,0.0778423451089287,0.681260502112083,0.0840865926292039
0.966735640117456,0.0709095702649553,0.963731354221435,0.0568833863944365,0.764137783014945,0.117073929242296,0.0728819728967209,0.0568661871935214,0.158548811890307,0.0753663682480113,0.920442143003196,0.0150997432558222,1,0.671841914269187,0.18310990047438,0.219669926888732,0.707663643012603,0.0643521025780728,0.639551591969542,0.0665683063516468,0.672491358209574,0.061365565417471,0.652499286027183,0.0745253945608103,0.685632157439735,0.0887980799506433
1.01485199351928,0.072832218812697,1.09044775517612,0.0568963575495839,1.06139315633788,0.130686749879323,0.092650463018097,0.0601490045189419,0.303757325398385,0.0799400872330998,0.890845927331467,0.0234585580849278,1,0.968645402740993,-0.456298742789075,0.203480832743923,0.656165332954465,0.0665529963051401,0.63507494787379,0.0646906136247803,0.74493227026523,0.0587135935033735,0.766463095940003,0.0644858137202301,0.728551866249733,0.0814860739004527
1.0443092333985,0.0704859337332102,1.02855498287653,0.0564709841049955,0.898538325270597,0.126498201096719,0.0723811379838512,0.0594613142504702,0.204275355883334,0.0801982245875281,0.892883723587116,0.0210366390702261,1,0.801004524989135,0.340812963723949,0.178266182045087,0.605128306298251,0.0646275677093998,0.67971879837206,0.065545912798856,0.648568970705633,0.0622673880665499,0.734164060073712,0.0793010706467674,0.713545471353874,0.100260236415017
1.03103260546466,0.070920316968273,1.00357329954752,0.0577911089785824,0.925897621543316,0.125795269293413,0.0932973895834822,0.0681661804826258,0.189407994427962,0.0887700395929056,0.918273488555722,0.0146031741881885,1,0.644439385698284,0.0353914084715426,0.207303336844012,0.658588508603448,0.0637467499086083,0.699265154367291,0.0581050661269269,0.711148273412858,0.063997506150747,0.697539515789273,0.0731494879276628,0.717850069651014,0.0885401319316394
0.977550364777877,0.0686229275955439,1.07725992890898,0.0573342420274475,0.973301071388595,0.12286016869004,0.0770023290289534,0.0612622949527986,0.260079695815475,0.079606676543909,0.894890759715079,0.018238477791041,1,0.950015994746498,0.0529081025896688,0.195304044040474,0.652684391976563,0.0578466147226737,0.673864702765205,0.0583092943726784,0.726462202406483,0.0652046125830215,0.685759065549965,0.0711504590840854,0.850365776825223,0.0773552163010152
0.937116670781982,0.0685120342083612,0.94615169783445,0.0512376083138736,0.886722866386942,0.116831040162603,0.0582911006378362,0.0350580361713856,0.227350064529743,0.0738319556448681,0.899599458359034,0.0193231297044268,1,0.999999999992713,0.255723031558148,0.191556485939283,0.676335910051467,0.0594445318301286,0.594472518768629,0.060973048265029,0.686930605500598,0.0615364149336806,0.552848124791595,0.0763115245230255,0.769541548124857,0.0783708391699817
0.924602738293732,0.0686281185021861,0.992681881975318,0.0587017575364686,0.941149646541276,0.12539612894978,0.0470476894215204,0.0357558679266989,0.210425559924689,0.0824940866493921,0.904903942711953,0.0183109448787626,1,0.999999999999674,-0.0220775984304659,0.202053621605926,0.684058064083904,0.0640979739178717,0.564374035271718,0.0597326951692774,0.627225731638948,0.0627527815658172,0.6877703357807,0.0658269489281583,0.707418973556163,0.0940714430130917
1.01280614326211,0.0767931022206871,0.985824038654277,0.0600197705362055,1.22196612023109,0.157730100567189,0.100657435124743,0.0572142714570702,0.285525331486299,0.0979091129809664,0.892500970511717,0.0241308110034452,1,0.814126951096573,0.385649047545347,0.203281294987117,0.637914537738958,0.0686902966698297,0.746312198027126,0.0635207054461733,0.721456713652192,0.0667166339112951,0.768354226969054,0.0731990505446639,0.657204516242423,0.0866110888830492
0.983623226750451,0.0660152841468748,1.03879329639985,0.052709012580011,0.840480438663434,0.109190478072239,0.0119333837818312,0.0168414043881243,0.100148767471998,0.071380309871153,0.905775206292912,0.0174525196810961,1,0.999999999524798,-0.00599552399913793,0.197902347512116,0.728568538068075,0.0616117322876588,0.713151106168436,0.0593751937289504,0.615438515980111,0.0653447779774944,0.617251149497276,0.072738547200956,0.60506603800973,0.0809390100977059
0.975931983478227,0.0755949490757496,0.955226647694821,0.0605033525751293,1.26383613308808,0.16231943064295,0.0872393221076991,0.0460016437298014,0.332048501735203,0.095738902031355,0.892177516830152,0.0224237668854362,1,0.999999999994434,-0.00410139023707246,0.207174911405105,0.738425605746306,0.0642465634182831,0.614789461659563,0.0638449811298605,0.764614857539361,0.0646756392391652,0.794680302966097,0.0791410999796706,0.835916625455113,0.0782430854246094
1.09292931736171,0.0765857951822233,1.06611573893321,0.0608153187602227,1.07404245577186,0.150220094340921,0.0958990257945083,0.0479634536445084,0.128861844144221,0.0826794173368879,0.916629505219159,0.0155892912405622,1,0.401519387451606,-0.029423186923946,0.221746466961306,0.799666105933146,0.0643623635808928,0.72884789326171,0.064985322515249,0.765057282850601,0.0635937874710374,0.717021053360082,0.0761797769129673,0.781746831416572,0.0867196611482465
0.931599240004504,0.0695050316636106,1.04275182917933,0.0531084326971758,1.06765006898395,0.130013285131168,0.0538041979117337,0.0336949592374398,0.239674895657234,0.0792856597367976,0.897240359093856,0.0195723663399232,1,0.999999999967077,-0.15242094230934,0.193624936866291,0.775312018236808,0.0553083998934614,0.754338268732736,0.0565288748207588,0.66330608535886,0.0637670962324336,0.702197899268903,0.0752689941309417,0.801728713717325,0.0813013658387852
1.0069073053407,0.0662494683713124,0.965843720559251,0.0533632595355812,0.921101959836024,0.113135856757557,0.0155643422469384,0.0420292340300723,0.100303053177836,0.0671446577146421,0.859808319626379,0.0283002893851426,1,0.837712341644902,0.0906657855885176,0.184151797213572,0.566143001936361,0.0676894354945523,0.755003080786238,0.0530363303385792,0.65453165926771,0.062267876883583,0.586538881330772,0.077416285367099,0.575292171384168,0.081966652766149
1.04705058459145,0.0716525052604819,0.963083168440468,0.0541263095680163,0.948588260859072,0.126512251449627,0.0388087952340359,0.041865935473166,0.181000862967024,0.0804986746576427,0.908819977655251,0.017799318702386,1,0.943358337522349,0.326076937947826,0.213732907383303,0.616289774992258,0.0672625431880343,0.734626807886256,0.0598496485518935,0.685192971254128,0.0652113352999883,0.864716803038196,0.0606499849694484,0.735736541591203,0.0942402981860251
1.02648417860886,0.0699335991574643,0.989956493907382,0.0534724235354645,0.947918735515094,0.121977226457071,0.0244347211831803,0.0255989123271791,0.152191091992369,0.0712966767998684,0.905116841830983,0.0136706543454925,1,0.99999996708432,0.395826848295361,0.209229798678966,0.713075950721775,0.0579375350761923,0.603796725635928,0.067390320120335,0.778826584297144,0.0613918490445685,0.697729726639771,0.0784404906444149,0.740816079541804,0.0815872484242856
1.04883748830487,0.077203565472062,1.078157692398,0.0610436064592125,1.14674818237947,0.145915295065627,0.0357466568678815,0.0487396212952824,0.14984844394701,0.0816824081779923,0.912657466777916,0.0165791770339511,1,0.740117190426261,-0.366839061203081,0.227427628616707,0.764964936849116,0.062331060914651,0.744382073665693,0.0644082711071216,0.813575361815759,0.0579226658060216,0.669938414956716,0.0700683242031182,0.71866389181736,0.0794654742384225
0.914571419450029,0.0729630389133488,0.978165494708188,0.0538556424120517,0.963286281789329,0.128835505339486,0.0659006390227128,0.0494686379207893,0.224509307387308,0.0788354231266738,0.914255340264995,0.0179601221899456,1,0.891070055459781,-0.00240716751809419,0.22625630974788,0.69106144063683,0.0634983411252031,0.730759546634521,0.0612375492041678,0.747674976242151,0.0674248232348204,0.697267290060533,0.0709355828344121,0.786748803788746,0.083582168076869
1.01126511058228,0.073184777246419,1.03470618418793,0.0633357290420962,1.0563987725067,0.127341055719338,0.18572287901056,0.0723037264952035,0.272286252537788,0.0848947127607141,0.862991857517673,0.0311938161461708,1,0.614722440233607,0.0150623349518335,0.193241322351292,0.789222303012437,0.0662688406963068,0.80278672112468,0.0569301444378283,0.632222108283017,0.0632004923285176,0.815432529106314,0.0723091447195367,0.573521008996224,0.0844107856660531
1.13772185685418,0.077188984035293,1.14912188650212,0.0630509894923874,1.05239908690546,0.137843274679217,0.154869345883515,0.0798763533432906,0.287637769626899,0.0885227320829012,0.915136890469596,0.0135416338160673,1,0.712480445276374,0.207669398824333,0.209471240737062,0.731316205146429,0.0675345236307716,0.816589891856288,0.0562124529824152,0.627228726027343,0.0665460588933357,0.742154141949879,0.0699190434871727,0.664133577998715,0.0810646701372189
0.984572748759593,0.0705074164398023,1.0044582227839,0.0570438591635226,1.01271345303322,0.135555478534819,0.118218661057934,0.0653836245382009,0.266841171311944,0.0890076910631943,0.908954620362318,0.0168312427702059,1,0.771199129359788,-0.150601375903975,0.20595640097277,0.75715394969795,0.0637769211498226,0.666422734813082,0.0602207210616415,0.743764220640598,0.0631128831450561,0.868406288751064,0.077770594130714,0.59968234597581,0.0982264535237298
0.945720134881108,0.0749357033135994,1.01431239113068,0.0544772594263614,1.22058698706303,0.154813253222286,0.0164981133287607,0.0211190180446398,0.141906245237609,0.0926295557922229,0.882329663730086,0.0249339501588753,1,0.999999999931964,0.00685044437470053,0.193329691207796,0.633201659396199,0.0642265861312375,0.728601595530503,0.061190957746751,0.748160691139419,0.0624979408380249,0.638759667648858,0.0756612150632693,0.765468313458262,0.0791998302672941
1.06436315664389,0.0731161615275114,1.13363331778178,0.06093133748251,0.974348853507919,0.126662019839883,0.143352926089431,0.064916765551126,0.220521513636445,0.0776834476951619,0.915567434656273,0.0134029454831561,1,0.590052214296457,-0.220990016441018,0.212063422058434,0.799269220045488,0.0620411953354793,0.678010007742709,0.064095190351389,0.746249434779029,0.0637394941382287,0.733676196167256,0.0747328605910347,0.859730783384085,0.0812000851217745
0.966039274553934,0.0765406251822986,0.943870094985225,0.0604819818819147,1.1282162015251,0.144663925047199,0.0709706538413602,0.0622076191424968,0.240672891135298,0.0892970499986974,0.911517861751984,0.0173937047964336,1,0.850533856454161,0.208117781050759,0.220680579047408,0.677865292059842,0.0678289522154299,0.627370657032549,0.0652968912022381,0.65897801879944,0.0644675510769005,0.833230417574433,0.063250065444555,0.744370444101803,0.0817361680086395
1.11933431583877,0.0793524567955077,0.950011875519657,0.058536869450214,1.08086530096881,0.14985526150183,0.0878328398937872,0.0641776771515801,0.260703867695776,0.0801365347465254,0.918632909047809,0.0164922860768387,1,0.846122461743228,0.553385766318237,0.228488156908083,0.673230219572088,0.0704644587095797,0.812150936862421,0.0638278138338328,0.604340433113479,0.0725007880039641,0.780055358132401,0.0698452646934468,0.662185449380327,0.0891160260187973
1.00432205522414,0.0737826237365622,1.03494702623875,0.0584130041637425,0.948129025031528,0.117659472828386,0.0770072794313658,0.0487727115764741,0.218567861232726,0.0679276363189972,0.867805189318684,0.0289016332330227,1,0.808884831323716,0.0400978229098074,0.197531348376395,0.656476416895802,0.0617867129170258,0.628149741624974,0.062046611486783,0.736361147796587,0.0588797625453784,0.757419530824321,0.0686330905642737,0.609057197821916,0.0874918359089264
1.04417999726949,0.0845174572912913,1.01644416416955,0.0672646925725857,1.28702240641245,0.171977053160363,0.216853793773173,0.097396809321274,0.373477347071083,0.112782235844375,0.906880003206848,0.0205757033419865,1,0.706948372687725,0.114301722329492,0.219468463435462,0.64687245170656,0.0714815111961736,0.676672639003751,0.0633375034868789,0.806816704692539,0.0652791390668788,0.777761550760541,0.0723236602113993,0.737405588102671,0.087491297728473
0.986303940057706,0.0672133747452186,1.01672307426389,0.0545762077025033,0.863005890086619,0.112844963999889,0.1274590822071,0.0566109675638193,0.331659371478165,0.0803379898401793,0.927552538384072,0.0127276312697775,1,0.999999999997863,-0.160808218736157,0.214984976442585,0.660239101628221,0.0661967865629687,0.727198006558584,0.0591890256412161,0.71557539379932,0.0654529421971812,0.795696871473682,0.0607062847800776,0.785713449183369,0.0714109279271621
1.0983629198475,0.0755969616848428,1.10090615114081,0.0572663362088696,1.01493607540475,0.125605772272365,0.0204701189534256,0.020934263104757,0.144138343938428,0.0751648725830116,0.9010658550448,0.0198613686744877,1,0.999999999991682,-0.0623387109690296,0.204142265375121,0.701901624672893,0.0646767917830125,0.729921953299327,0.0631968283034184,0.616757723419744,0.0634379729441311,0.846349640794873,0.0616770475699448,0.709940182632855,0.0794590523596313
0.905721125653692,0.0675860926889862,0.884689792781597,0.0497340609214244,0.846613502802181,0.115829219890084,0.0608970253321205,0.0336682951225137,0.227060000706526,0.0672294241730069,0.908695834897991,0.0159561988390764,1,0.999999999943632,-0.0557180678033546,0.198440180880044,0.70731592262409,0.0589998637342028,0.672696815032197,0.0567225442105197,0.744341203458553,0.0650218667979998,0.655932405721979,0.0726424818536628,0.547445233686972,0.0894580106423226
1.1112213435212,0.0794870318129203,1.03455823147569,0.0587427520315193,1.3039659548676,0.167540178960629,0.0750600799205489,0.0588513428968801,0.288828582261703,0.0966767007499957,0.900432340811889,0.0205801737394795,1,0.923214317291842,0.211235415094265,0.208324237939829,0.752643231166211,0.0663500489406531,0.790447289436807,0.0590733223950072,0.687056868256859,0.0689409052210824,0.716059961101145,0.0736276337187794,0.67403832702571,0.0938366022986325
0.993484122340896,0.0663439267638847,0.911408551715381,0.0496942398760851,0.822455200323693,0.100247672726752,0.053141944545675,0.03204330147905,0.209061877540668,0.0665823021526204,0.889106390473762,0.0208757674555627,1,0.999999999930511,-0.056251240509948,0.194096367504013,0.652752537357303,0.0654341588243493,0.578045825880943,0.0578843754044752,0.61397636467325,0.0588340901923411,0.579349042503117,0.0675708080139456,0.654043226508538,0.0781548130066811
0.983925324914319,0.0716529607670584,0.96920944400555,0.0534282510093415,1.06321916884581,0.132771649542961,0.0305739281889843,0.0276148709595506,0.180296384996426,0.0835274235013202,0.90031701272352,0.0174916811296096,1,0.999999998851563,0.285271376992937,0.195552777513495,0.518336496233088,0.0678750229416235,0.740951238189393,0.0578513477730295,0.676752477323294,0.0684254723778376,0.61817650942468,0.073126389872614,0.724582678819397,0.0784478167030511
1.02715480362934,0.0746436687742298,0.981472844892091,0.0529421903710778,1.16290376305128,0.140016593099,0.108063300422835,0.0460306496530677,0.354495724511418,0.0821811919709564,0.878164039236841,0.024359640755849,1,0.999999999949942,-0.103017922307405,0.192694983405593,0.785654088916339,0.0583964240340131,0.742823595365196,0.0597918070269103,0.688150205131488,0.0640181459832085,0.625883458655996,0.0734163657862303,0.630862813579969,0.0872584954321849
0.971291943689923,0.0725014926858212,0.928353080614031,0.0582950965544942,1.1455614874385,0.147518670480742,0.0417540815285969,0.030348790177043,0.218704978767404,0.0824267338828042,0.869722222533579,0.0270359992687989,1,0.999999999949019,0.167666450235902,0.183694868532062,0.664311756944529,0.0632825838901724,0.598111389757838,0.060922418885495,0.623501480958527,0.0729345182907358,0.746695243891045,0.0716743075418302,0.627096561507106,0.0897483507214869
0.983331067048166,0.065336874286979,1.02682067473149,0.0527578433232281,0.812788176779743,0.102639446231777,0.0805127848136639,0.0543850443107441,0.19928204912081,0.0731041160744249,0.902246588799598,0.0170320937907962,1,0.779017236912911,0.185710634373345,0.201930867232917,0.632371884562276,0.0647772196503251,0.68540973000223,0.0574164696430531,0.640474596006111,0.064296172772321,0.706375043490474,0.0655002618869927,0.790219385312324,0.0743749888682958
0.983967557312801,0.0711436727070249,1.01098401105022,0.0548031426163736,1.09585418017341,0.13899850036939,0.0887422524600093,0.0563063327789242,0.308816312757618,0.08323616853785,0.896931940207325,0.017192675404499,1,0.99028140694873,-0.460735414257482,0.198284714853596,0.77340400010595,0.0575671371952479,0.740470682060551,0.0546970856792522,0.60987256260079,0.0678597288462769,0.665708683742438,0.0700946433923257,0.693177042089771,0.0829988932793146
1.04196095478656,0.0690060533236364,0.981142336188254,0.0555957362033669,0.886161736880796,0.125802673517589,0.0649498944085214,0.0495481962512064,0.228139055567271,0.0770818714149367,0.923652576475236,0.0130585807432197,1,0.950941755908897,0.180520445947814,0.209346129515167,0.734041946254305,0.0662193914524932,0.758033213923251,0.0593658211242783,0.628131494027933,0.0677693626274586,0.627935631108466,0.0743832577062415,0.787817865830166,0.0816128235372
0.925173186784064,0.0696249333952907,0.985173163807296,0.0578500765432733,0.937675525480954,0.119555797984309,0.129470279908229,0.0517838451068961,0.348426624624345,0.0779513383343083,0.896948519121949,0.0188273041129533,1,0.999999999999999,-0.313038024471921,0.200539278452038,0.703941210669169,0.05989726798952,0.707384116892819,0.0595562584153537,0.691538647337715,0.0640072822752942,0.640686675111436,0.0749254623080402,0.656475241225902,0.098630313486815
1.08267218286118,0.0773512214936776,1.05460341207912,0.0616122756781606,1.13069437314901,0.150429355016564,0.089085995641504,0.0559111550212383,0.249054398341946,0.0868215957264656,0.912097514565517,0.0154592260544219,1,0.784723902521912,0.161750649999524,0.215268014990199,0.674872361606538,0.0629145660560918,0.689369021217035,0.0631312426956998,0.653700974553173,0.0686109323602229,0.714516672087206,0.0720742644598707,0.650622031669062,0.0848829873410756
1.00992684454338,0.0647254070628533,0.915705533803626,0.052327919459102,0.936588207752513,0.115999469055008,0.0392812020435282,0.0318285073585265,0.191807997615821,0.06179830123624,0.875567587977938,0.0210059977818744,1,0.999999963700744,0.0983683263493308,0.179519739706979,0.722875244955771,0.0564230662351111,0.689378544067257,0.0585891494384961,0.628173389866825,0.0664968836016005,0.653625758357832,0.0752720089273617,0.601573014131714,0.0857140721908822
1.00878214230969,0.0749898680360962,1.13339165304698,0.0629682163209217,1.20675279464185,0.152952183757623,0.0560587493832086,0.0503677439499546,0.199812129025527,0.0846580644738163,0.891272299988313,0.0251181478822701,1,0.768229514513223,0.117333865446993,0.192842525412408,0.832739068981834,0.0590969850701748,0.732685801461679,0.0618341297916537,0.685317798611533,0.06614109674307,0.70053016055838,0.0746196179547956,0.669962424888241,0.09080392615636
0.950566307048181,0.069414849482449,0.994856878517883,0.0548210712962079,1.07364543600044,0.137861433073598,0.0980809440651137,0.0504547845396833,0.269050008091178,0.0758968501985944,0.893990169782657,0.0206503030659215,1,0.829106365709463,-0.292701571042908,0.194128263348458,0.658460109726964,0.0645769963119499,0.692590582351393,0.0556804268839123,0.661408786732615,0.0646429137784976,0.763386261733324,0.0712614363886402,0.704810007025259,0.0933743542020439
1.06909641471897,0.0756327483553883,1.06512117890357,0.0594315576499305,1.17283802153514,0.144592230429359,0.0723862942769763,0.0446691355223034,0.291371580893903,0.0949735629480219,0.876050490635222,0.0227330908737765,1,0.999999999920742,-0.177739119835011,0.194928704582451,0.79201694028608,0.065024897806578,0.661678006280943,0.0583906484947508,0.805199174411609,0.0635870994405379,0.714101392531545,0.0730633070612866,0.79537353841479,0.0842610165249472
0.950106230539383,0.066796387024311,0.944611370233601,0.058870057579278,0.844636187943528,0.115261716159166,0.0159692072564044,0.0206205370424185,0.116138582484516,0.0761445647135694,0.909450077806052,0.0162267691337006,1,0.999999999999373,0.164340111042315,0.204174682862136,0.589486236400126,0.0658541955525751,0.662013670809483,0.0604704160348255,0.578355176946516,0.0677054070184211,0.744206551609849,0.069922105726998,0.510536103872765,0.0970160192176809
0.871546654407295,0.0644188452540524,0.974478729301502,0.0514911147590317,0.830157013905093,0.105217038333124,0.048825943696928,0.0264435251280083,0.201328586196987,0.0579438941441072,0.884658853208473,0.0179011181071256,1,0.999999999994296,-0.149030782403112,0.191226475645073,0.591074506998435,0.0612186557800453,0.661309669799685,0.0570326341382738,0.570567504218484,0.0635816288083933,0.742854818636064,0.0660207405275559,0.548979308362661,0.0907587166337767
1.06944751965982,0.0730297153883028,1.06173415034879,0.0553363991110435,0.879923229990303,0.118321758434017,0.0757562334258727,0.053153010857075,0.154442270264832,0.0685444706918392,0.90163449751948,0.0181520409816901,1,0.59818373295996,0.163781207619472,0.214467903384721,0.709753534153844,0.0617074030833283,0.746722537189461,0.0578301070207415,0.627720518201279,0.071958523310082,0.651676409994973,0.0736764831437443,0.68378246974657,0.079658663035835
1.03179141137265,0.0739980946305761,1.02283115482133,0.0633285959333352,1.03906624381363,0.135293797144357,0.135615794701861,0.0612500442468347,0.296772177805,0.0924989511040632,0.913020760349988,0.0159910525697865,1,0.790581102422173,0.0854537097928599,0.213611382303248,0.777422549304753,0.0633104632413211,0.697850952961663,0.0630967974641992,0.703913543801919,0.0668657178877767,0.605344402440239,0.0742216900503057,0.847990856751511,0.0811781095127756
1.01752029006613,0.0686873902857819,0.928130505729798,0.0520066767059558,0.854249985738142,0.105506357308114,0.0891884390683882,0.0467212103990305,0.276023953312314,0.0771882636891188,0.870014929012067,0.0227497858718988,1,0.999999999999874,-0.11447155479468,0.187143198843113,0.654763870545727,0.0609073811374826,0.738567174778286,0.0540338320659757,0.659613881626159,0.061586377754553,0.755877235748787,0.063265018458996,0.639294228287721,0.0921125259887615
0.942199748685579,0.067822168954998,1.04414886117305,0.051281065401941,1.04174429889441,0.127612545015763,0.033099577435703,0.0258575265688033,0.185691400135814,0.0745016464157239,0.882642128797545,0.0213812236441467,1,0.999999999926647,-0.140462032158809,0.195132263699103,0.724526448326197,0.0626198268317827,0.724228326574525,0.0541336157599337,0.586597409506102,0.0636087041749908,0.670298370946236,0.0652862093206631,0.630900958643234,0.0813392500968182
0.973469812518866,0.0698425081379586,0.940749853313202,0.0556696300479921,0.89113665381593,0.116573585201745,0.0580976711141276,0.052063219353515,0.211681244721159,0.0696412116052753,0.896227601344292,0.0193976037269651,1,0.930316803026108,-0.413736092460306,0.19879733972817,0.794359940437638,0.0678015885186036,0.644224571633205,0.0620762831445985,0.622738947575973,0.0638430273370524,0.74406555812793,0.063141619732797,0.690454918472438,0.0798503038773648
1.0244744585256,0.0671394774513233,0.928700358561827,0.0505734197959122,0.91861259598761,0.110535207483363,0.00497957272010798,0.0226385382593594,0.0676334218699153,0.0659897050764831,0.825961618602052,0.0373788545274216,1,0.999997981164401,0.408609282102817,0.180259796111096,0.632449727843401,0.0620826209430487,0.648720018259017,0.0596808513403184,0.620138931938434,0.0655203050047893,0.645837855806866,0.066853192096498,0.6207043587417,0.0908058706827137
0.919742634674647,0.0644786298162803,0.899692328634723,0.0523974552412285,0.836874292584075,0.112574383214638,0.116291650703632,0.0646280669792571,0.279208778443894,0.0760587505349284,0.891886105208175,0.0180797861586354,1,0.895003404576951,-0.138696020617935,0.184720232379498,0.656373478748049,0.0629247406875814,0.673740327385999,0.0580276938876216,0.598170243678309,0.0639609060535132,0.569898127723379,0.082727958123094,0.628626642903208,0.0849878104046482
0.946051534370156,0.066803439724996,0.962860490892408,0.054412397678541,0.985703424841134,0.127524841853518,0.0309138543048937,0.048965263294281,0.0719486373084552,0.0702526299595236,0.879030859560518,0.0221663771203677,1,0.412166663130971,-0.0139438877244549,0.182848469935254,0.688062440641095,0.0592297327346161,0.723574046773863,0.0556979854764923,0.661535687088195,0.0664552420358279,0.631374052831569,0.0798969948481899,0.611470571090562,0.0919865499747856
1.14559228098067,0.0788921102646828,1.0498241254103,0.0561150624667705,1.06339293339935,0.140302329008519,0.064594751275754,0.0380970683386969,0.26208701149609,0.0810619728538947,0.91758339005328,0.0161810302246535,1,0.99999999675079,0.394742142491231,0.223195397697095,0.680809926991959,0.0646262059980379,0.691836506356207,0.0625812723465262,0.849367765910076,0.0637580723616408,0.711709297922524,0.0766699941291964,0.740589295435757,0.0796891768454897
1.02366245080284,0.0658451677021429,1.02308455799886,0.0534680441135013,0.858482804992339,0.108763843577712,0.0349511166048601,0.0251433054203841,0.173219319202651,0.0646798672212124,0.874605950204481,0.0225583902921489,1,0.99999999874146,0.0523169899014148,0.186778592116861,0.664966027058768,0.0647386931650798,0.639737349698817,0.0602391380872903,0.62019931831093,0.0644660222214314,0.737958954740745,0.0649846235385459,0.714903252716333,0.0734352747051108
1.00913514449542,0.0637025194656062,0.975335355285659,0.0496286738980578,0.771415626746222,0.0955009725198349,0.0766939814480901,0.0488555131490847,0.187691819791625,0.0548422599325124,0.892099085988492,0.0183586959674365,1,0.771650224627681,0.199735699186447,0.174653023642863,0.649566608825655,0.0566808525229649,0.72474160339101,0.0548837838752326,0.691898679996742,0.0618870810329207,0.735284474495747,0.0687957028953608,0.74617783856917,0.0842391178895788
0.897283139871282,0.0676563108955336,0.994906360676582,0.0538084014422553,0.883585966673966,0.12173305560973,0.0838941717562979,0.0468746003581142,0.272264049865267,0.08139247330553,0.907476348611646,0.0168467451550903,1,0.999999999996197,-0.00477470437540248,0.203966011556239,0.686445056025009,0.0638001800636936,0.694291646035101,0.0556978134637469,0.65463071453383,0.0631439508729785,0.663090748207326,0.0785345738819516,0.623343890972821,0.0860467748218778
0.855369486176442,0.0643852764345437,0.946538987188218,0.0570606268936373,0.811462643904382,0.116235171437259,0.0589656846484578,0.0541665910170858,0.217564568590249,0.0723742185386919,0.905472044469507,0.0159744916194242,1,0.994613228980068,-0.261258441321059,0.198947190023139,0.666764616378869,0.0607538419443785,0.643327992896087,0.0604265112996464,0.64739834353157,0.0664649618391808,0.661706087918942,0.0741872294954019,0.639292077045562,0.0943965704188004
1.14414169537642,0.0817226926485575,1.09587697023805,0.0642170550336965,1.40089160167881,0.177385744902011,0.134633062079841,0.0664403166612405,0.309448312614991,0.0981469890391625,0.895707674677487,0.0214931354584273,1,0.712541217157147,0.0656084558559697,0.202066129178708,0.793845972460755,0.0593313162933656,0.645491813567105,0.0691162747139958,0.782948819511199,0.066331856547704,0.682557088755724,0.0757414202625996,0.866358573343794,0.0761778902604627
1.01572211683963,0.0734553448287292,0.994479261894366,0.0573846912458936,1.05141951871418,0.146637689384221,0.0285338273656899,0.0262537247928496,0.173208033977784,0.0825363610440276,0.916468265462248,0.015383640162576,1,0.9999999999757,0.386015074880459,0.221403542874848,0.647419774962602,0.0632346138262851,0.763329714339008,0.0548675500506014,0.678478066611515,0.0707017964476011,0.679892938553297,0.0794398570784151,0.742956781554178,0.0799929617383305
0.972406398635482,0.0722158160339656,0.952287577386485,0.0507965353696584,0.927404054165335,0.112852248998942,0.0345070221020141,0.0390281557106164,0.16838028560884,0.0641515031800545,0.889607144849013,0.0198184687834736,1,0.941245701312779,-0.00219781907591144,0.216426578807302,0.705922519882471,0.0616698546387489,0.624222048091919,0.0604794457862268,0.631236099228397,0.0595269620107903,0.504408929078642,0.0752064888819288,0.673691394822759,0.0787675022245004
0.93733318474672,0.0713403885362122,0.946870193640809,0.0552689987083169,0.962247059517098,0.124168412116112,0.180692141892986,0.0632302082240568,0.416977795782741,0.083550474094804,0.926105018822134,0.0125853948720626,1,0.999999999889172,-0.0421212281681105,0.223886398099505,0.822066247391354,0.0625822335744911,0.585830150531754,0.0630808287939995,0.684938509546965,0.0680920477265731,0.755550608234111,0.0693076561747076,0.724236822473871,0.0769038800218923
0.952895169134184,0.0748668469423339,1.05405081386291,0.0589327550460979,1.10684675705753,0.1476614930764,0.136680714274398,0.0615480874741054,0.38895321611581,0.0926259260421709,0.922174276620964,0.0138130336825327,1,0.999999996628563,0.0383645068593021,0.222872010872503,0.712147661882828,0.062855939034208,0.683761500987894,0.0647064567880964,0.715495805123488,0.0633789057366724,0.703543911615562,0.0743592721416797,0.869659628550082,0.0729921244134403
1.11292648083559,0.0724042065841377,1.06397552180841,0.0607417889409915,1.01566343815645,0.134053543383549,0.102585238945882,0.0473786414852591,0.32278797450599,0.0818270845675897,0.889695494452506,0.0216808539551996,1,0.999999999970267,0.161820678512786,0.18547315237701,0.640129514390117,0.0654356588985205,0.775742358211066,0.0563511083140898,0.725049479867149,0.0655682114983813,0.776372343634366,0.0752687114202126,0.740041615677656,0.085167504471978
0.880377508711323,0.0698878302882341,0.956271690024977,0.0520146272064996,1.00241903317938,0.130448940653567,0.0206213960954093,0.0199392327937546,0.143775101931823,0.0704524407970128,0.903886323512067,0.019574509652012,1,0.999999999969445,-0.18451250164481,0.211744847849247,0.679717507453447,0.0651371541329945,0.707160779140755,0.059420981773768,0.77088445738446,0.0566856867333906,0.685537724705665,0.0712518050644665,0.742146772587466,0.0784395023720744
1.06298469359096,0.0715864382264747,1.08587747101981,0.057407207658695,1.02293361064743,0.137507635842473,0.0830459846014885,0.0714610925218408,0.185794911533641,0.081164627227334,0.923644170904738,0.0131755824945335,1,0.63745682023452,-0.0649130726257418,0.214736459118426,0.756287602448944,0.0649363881525221,0.84782438654747,0.0563761303976479,0.771650678152006,0.0605977641380885,0.765245939654032,0.0744509740980156,0.699961971957352,0.0896259787917149
0.995217825094163,0.0701935237390574,0.952003875803892,0.0492502632492317,0.952410195196684,0.121368386408824,0.0262558138613277,0.023070074251872,0.158133819288466,0.0710095465103203,0.920313354088874,0.0146346699435333,1,0.999999999960855,-0.376305691236703,0.223004075349308,0.74441058728448,0.0619347010267225,0.743975050641563,0.0603835466313205,0.672205166523985,0.0673450323708864,0.653907636710675,0.0662450355763204,0.574377623455332,0.0732625792557463
1.18357063753465,0.0755675244318271,1.08630321491273,0.0641926204119045,0.922755361318603,0.128458789092111,0.213829307450818,0.0804028668663313,0.365150395941021,0.0884378787076063,0.91745995586257,0.01460591737952,1,0.822043638085845,0.270229280755583,0.214052943890723,0.701275131469311,0.0690108068884006,0.634901572935323,0.062489455881726,0.766082119061964,0.0634042542907115,0.776641770585342,0.0707287092033684,0.71353962810624,0.0892146923256469
1.01153767222261,0.0737000614355186,1.05499389401971,0.0565468677717195,0.999499714099718,0.14217292298496,0.0513486093440035,0.0326650224787216,0.22654562490792,0.075898131996396,0.93100145062539,0.0134451358821229,1,0.999999998111667,0.26759870153334,0.226174124689518,0.768983916834323,0.0653071729242922,0.734959292183567,0.0634632502516963,0.719768245854476,0.0636055370492428,0.78257282229223,0.0694396403081294,0.712674837442905,0.0870155928124212
0.953378044908861,0.0660595629983849,0.948716497386683,0.0538443772182014,0.803702046301161,0.100871511953721,0.0533725053190806,0.0467976235903928,0.154916037235242,0.0674480425275536,0.869630108267255,0.0261836645297628,1,0.747980106748617,0.140847684836335,0.184817151663985,0.723842580747367,0.0595090208533946,0.62798618298592,0.0607300255576527,0.64385503243813,0.0664565245427929,0.608388396825126,0.0729787488200851,0.659892996022403,0.0871653718275415
1.05210675571752,0.0737305285728354,1.11037412385064,0.0605223845394492,1.16341493340687,0.149987485817841,0.170790686466008,0.0651668765462285,0.44575826953343,0.0976973437099085,0.906793826142919,0.016698848391615,1,0.99999999933587,0.254153703861565,0.205335154088821,0.827171021376235,0.0597258921270849,0.772616371346368,0.0591130239854204,0.732275367827897,0.0649063269142261,0.731347339602501,0.0760727345273498,0.75040242517947,0.0842278231337839
0.951383081598426,0.0718421191466645,1.05839544313249,0.0545132847170077,1.09727070828546,0.137607111123223,0.0417884936633137,0.0503560061873684,0.214133622133345,0.0848075036079781,0.886218148197193,0.0234580742323789,1,0.999999106801093,0.161055748382424,0.18941675650941,0.602592318915735,0.0641840971915212,0.705616449685181,0.0607942303758639,0.777119337421342,0.0642198153639486,0.710227126819215,0.0725058147377832,0.586458291853124,0.093087258749471
0.954864102030859,0.0752093650823872,0.968683029139956,0.0569909713634183,1.0283908431841,0.138930236687205,0.0371150778062327,0.0583381865157601,0.185901333879674,0.072010679950134,0.885030207159045,0.025302706603715,1,0.951542559677923,0.0206129348819188,0.194993658855669,0.609704231207751,0.0692657236535833,0.716311718062856,0.0567712248145055,0.736002556855093,0.0616347362541394,0.645662937841828,0.0782452861817074,0.741003356140535,0.0878962604030792
0.984272310170302,0.0721398121774905,1.02635104721177,0.056543422511754,1.11608427612978,0.13540241438409,0.0877397453378129,0.043194097975949,0.312929624921034,0.083575452130096,0.903991937181835,0.0172802921437719,1,0.999999999949223,-0.231112086714186,0.206913369558394,0.678675515833653,0.0584771607468986,0.807071482464943,0.0581145045530542,0.695291387050298,0.0609244274583843,0.75488947651983,0.0627344636206758,0.474216491252696,0.101362598657707
1.18924716125782,0.0783312899797623,1.03041557643713,0.0537579469702678,1.2625927056225,0.157980910014844,0.035797834666922,0.0339935705223494,0.212598408801105,0.0953148518083765,0.890206097296511,0.0255326658986557,1,0.999999983375682,0.389602420305184,0.209389808875067,0.699345844853859,0.0674896113655213,0.690341816427341,0.0631622324840173,0.689174132711633,0.0756687606839623,0.846756194553228,0.0598527859822637,0.650538975733213,0.0788378650079681
0.989131620314748,0.0750457103508882,0.903170940685418,0.0549847956484378,1.1162681945757,0.147897605736684,0.0992617011199593,0.0598673752548353,0.283279000274615,0.0844777014741465,0.908648267469879,0.0185615107760455,1,0.851018985330577,-0.0703249105068278,0.204144165703146,0.674713328106138,0.0722613523671804,0.630118508264164,0.0617011596824866,0.678741456106516,0.0637618096216275,0.767317808042265,0.0695039803225971,0.752649062745651,0.0875269701240755
1.01109209398551,0.0733034293025684,0.933119307786274,0.0579195015943405,1.1047339689136,0.138999626106786,0.0199700812799001,0.0234205099552276,0.148531569518127,0.0882782135794694,0.894024308143143,0.020997528936053,1,0.999999999810683,-0.0212804149354213,0.206953136231267,0.777672593594195,0.0608473890718224,0.764858877469652,0.0587121835059967,0.631582060903118,0.0683589117131301,0.716028796856054,0.075142003124681,0.53091827161188,0.0951888868720316
0.940330774125459,0.0708676445502714,0.9912021088163,0.057843961846973,0.949151458678661,0.12387912133761,0.113584079134764,0.0612032622036775,0.192720611277855,0.0764582883532423,0.873398465508959,0.0234584479550267,1,0.586950766422733,-0.219322949239411,0.191561211902937,0.655810489057192,0.0611501469431111,0.712485570426866,0.060230865207705,0.695081140660037,0.0647248575986262,0.64978279233115,0.0712301411530826,0.71455353317212,0.0895628540741513
0.968157041960311,0.0709240197555001,1.03832390374668,0.0560901063393431,0.99408287448846,0.126070502520364,0.0678546606839362,0.0405412096087138,0.25971745434365,0.0819121673580118,0.898165651855054,0.0172385280015857,1,0.999999999633964,-0.352355075297069,0.203807831140975,0.612643357922928,0.0666698237235462,0.891976811400049,0.0523436724048786,0.795630396154953,0.0616152324741292,0.664668911609004,0.0801776373808166,0.768444138718348,0.082004276715951
1.08164641235564,0.0720810552715486,1.05099892662418,0.058216036585047,0.942683433967978,0.122442007124665,0.0601123693729146,0.0596000160991743,0.170062008348203,0.0736443543574419,0.90191404664784,0.0172312026177443,1,0.714401639929414,0.176027221081079,0.205341506402588,0.695829700439964,0.0555101398362396,0.58691851537909,0.0643276406825992,0.725767439333128,0.0634940785278314,0.721672817941379,0.0693457976164125,0.764089171927846,0.0799859863846136
0.935731285324614,0.0652862432017327,0.983077456727253,0.0520679001711113,0.91678957547749,0.113694588347455,0.0540469132870836,0.0299113048638501,0.222597499283302,0.0667328708724418,0.861090293033149,0.0280437498686511,1,0.999999999988353,-0.0707283481863269,0.177198070555004,0.676821358817858,0.0561531008509696,0.623139854395604,0.0588020533076376,0.779377990061259,0.0608882513572733,0.56036892544534,0.0845856439372995,0.719546029260119,0.0905139074167702
1.03914998332661,0.0775401152602443,1.05614112372293,0.0627040850194282,0.970538812882749,0.145273207430483,0.0860920156234621,0.0617676521533942,0.248457890898244,0.0818828139523599,0.923834762048394,0.0147411400584503,1,0.859537645450756,0.191213882759394,0.22947404111067,0.714328617273446,0.0656870521805534,0.792034664490569,0.0617803673661798,0.696306393067747,0.0666572271041413,0.593147583158362,0.0811304711407618,0.690484826013969,0.0877623440375818
1.10455958309493,0.0778719187097878,1.11430072088654,0.0597402383550286,1.20055774922177,0.15240794795698,0.0902752641357577,0.0539614343134841,0.253338242846985,0.0834619991904731,0.892734671260005,0.0218581647221451,1,0.769528736629367,0.156383985350231,0.202193173489561,0.726554972727706,0.0610662222340545,0.679712103669823,0.061107667566995,0.750338337434596,0.0654480021953786,0.620569334446817,0.0791280051315111,0.888530447802017,0.0821211623304553
0.895497146842076,0.0719061272436507,1.04726548747548,0.054526739502069,1.06507544411207,0.136142972894453,0.0395132558749715,0.0510230896421155,0.185825641205659,0.0763949196209514,0.902065128574947,0.019162134380392,1,0.905824463973789,-0.334511835813989,0.208671866644089,0.753034811559511,0.0599782622065054,0.737896500843671,0.0618548987994985,0.596171211346913,0.0718051425259751,0.653151080538064,0.0710842172911174,0.637855224145067,0.0890224912606076
0.998969831541001,0.0754086390620548,0.976599387719573,0.0591504917963086,1.13238418637317,0.139206518605687,0.199389613207132,0.0766436921784135,0.416170330423758,0.0917580218759728,0.913590813901779,0.0169320573101094,1,0.875836321949398,-0.193131618000685,0.220508020215426,0.772855542341013,0.067102470507397,0.717630782963021,0.0664857938279913,0.738162199555504,0.0557381196405503,0.72705256289375,0.0674002766838961,0.734170226069188,0.0860093854057682
0.879520664989209,0.0673542855251869,0.945702118488828,0.0555230930427776,0.96090837053647,0.128579870718594,0.05069767799377,0.0486958037625099,0.186336861913259,0.0818859676840237,0.892760312142147,0.0205871419803247,1,0.844235780795794,-0.230136724678829,0.197194207192849,0.651265005992768,0.0629970512465865,0.66555410352853,0.0615216367993604,0.658966588181983,0.0629467423180009,0.708559368029798,0.0685994147265997,0.550257261757944,0.100682386508957
1.09181641621417,0.0746480418069116,1.089297860148,0.0565957696997616,1.05816299828683,0.145600824244346,0.0563006659747584,0.0340448875784094,0.244080481599004,0.0800160097431273,0.925848055262482,0.0141479851889603,1,0.999999999867445,0.305677251333154,0.218445835581285,0.651935886419687,0.0651170570863665,0.792326301957419,0.0591034462494367,0.747766246325177,0.0639608323706724,0.82391405296343,0.0623839743353719,0.794582229405461,0.0977363200664282
1.01288508629111,0.0698243345879769,1.03779623026002,0.0559681501741473,0.961600022449014,0.124718250342455,0.0844442264928345,0.0524139894280729,0.212132630672847,0.08263964494014,0.894909136393092,0.0198216540047498,1,0.744432395965928,0.0121830657755398,0.196564981922491,0.674374620762031,0.0620845587805207,0.616200069581999,0.0595851031885366,0.707797502901967,0.0564293652678445,0.7831109677975,0.0713947269555823,0.620959053477193,0.10037865682034
1.03694211383382,0.0736720676683474,0.994655730198673,0.053702373940442,1.13467524798876,0.143261212889002,0.0296221793035314,0.0234989243229507,0.183334540237595,0.0757955225890202,0.862176466266131,0.0298570137265174,1,0.999999999954305,0.0250823901339937,0.193683420928555,0.692992670040869,0.0589364546014867,0.668913957165209,0.0585831231916526,0.661542956124466,0.0682271375529731,0.690172515197099,0.0787774758589527,0.627304927020337,0.0993450931952788
1.05450514684016,0.0733395446977778,1.04399784677156,0.0529102357612927,0.989347299688288,0.128395404733403,0.0505143701729779,0.0437994849770101,0.140215768247043,0.0681754401201858,0.907848481432687,0.0169414354831959,1,0.627212923475069,-0.287332009199627,0.213971061112351,0.784904240362088,0.0636185068622334,0.667995101376882,0.0646459340891394,0.729334412829184,0.0658256815236159,0.723195602466209,0.0626541733768101,0.607876943900651,0.0753021306572842
1.11210067385743,0.0705007341271087,0.9652333406255,0.0524159365852799,0.804377272987435,0.10738945469391,0.0937718578128056,0.0529601701283363,0.195104625388175,0.0623669237434403,0.907575385357166,0.0174236267149095,1,0.710397475620012,0.158807255564224,0.203032884103944,0.663472093249301,0.0642879677133084,0.76917502307253,0.0557592791062035,0.607486327237708,0.0655269068414057,0.740715271640135,0.0683698622011456,0.790198967599101,0.0811046648018673
0.930127151344118,0.0723953686214841,0.96379952696532,0.0552539952091372,1.10289980544332,0.152861668442349,0.0790671589498262,0.0432254611505428,0.295301801926252,0.0860902547898774,0.909295635302837,0.0164686920594135,1,0.999999999989517,0.0665998189685491,0.208450954457984,0.544991723156485,0.0673332174692579,0.658023581083329,0.0626997021201396,0.726689504243991,0.0628140036762032,0.602488129251877,0.074864205642994,0.6907849155052,0.0866228576630336
0.905375760385665,0.066152616792303,0.988422398643588,0.0572338683469806,0.800980339253836,0.106252445046002,0.0844256656313231,0.0554051977710579,0.246604202218804,0.0614743481030996,0.911179566616185,0.0159908001615178,1,0.948314296945206,-0.155684578833801,0.207197595522038,0.749614715790829,0.0586215875386946,0.634508037097831,0.0652024023272366,0.695490619209841,0.0607901176088723,0.653143217655861,0.0655954721988508,0.71997784562367,0.0816443223162888
1.05382018274869,0.0664542073589822,0.923427217117423,0.0532920640977946,0.792216776029478,0.102272499807715,0.0386103769379253,0.0347334632540766,0.174893645145961,0.0718389906608714,0.867346533495194,0.0267568420220918,1,0.999999979949436,0.382250015766447,0.186294169497624,0.583212334721052,0.0602399296673202,0.6698658087845,0.057275533916681,0.730336377523904,0.0634205802987723,0.662088996782188,0.0780553743754289,0.680257797733599,0.0849044176636961
1.07487500888542,0.0769510725190111,0.97730699872603,0.0590795944031941,1.02475174765553,0.133935651459967,0.059340344386946,0.0420005975778936,0.22250788541979,0.0740638922599757,0.892226724100552,0.0187535816634634,1,0.902320951108315,0.455415417480286,0.211464685170956,0.75765089099385,0.0586921473664544,0.697266829294145,0.0620593189477848,0.749571974959322,0.0700732786920459,0.756697075301147,0.0771719578706567,0.74642530688985,0.0847112026922236
1.06543931700928,0.0768898985949501,1.04668627746033,0.0595138487986101,1.08088388157034,0.147346995761751,0.119427500081638,0.0622401409347529,0.249257994316843,0.0845911015989431,0.914172035190098,0.0151870358936075,1,0.693757042925823,-0.0595475277063028,0.221600486131706,0.714893117435239,0.0669291895837829,0.7354750395455,0.0663822398758374,0.757932628694346,0.0627838287241484,0.632169677531189,0.0767917778189717,0.733989831354407,0.0871187270242163
0.995283494994309,0.0699453865960184,0.99990090887345,0.0564862920570571,0.973882644162417,0.124692238121529,0.071274877935679,0.0482521413804163,0.112383859679157,0.0761382709702049,0.869519836724082,0.0266002389501821,1,0.426562221082646,-0.0795601130461517,0.18563177878639,0.721714102681108,0.0625695249127465,0.639054167449861,0.0589614950965792,0.804840319488228,0.0622214211450848,0.712830895376869,0.0810226575516628,0.644891578139133,0.0870978286774397
1.10658603605271,0.0839689229325963,1.1165029783922,0.0645430381672346,1.3782555861954,0.194683961721436,0.0591858507238189,0.0639569952130072,0.281296663082157,0.103709662440846,0.929605125731367,0.014071525062622,2,0.984896858981444,0.0394614165841225,0.22442074958705,0.747459419908389,0.0733515329422202,0.814040552159786,0.0668186256070934,0.91997772768286,0.0625619677684983,0.812059718656809,0.079469526047931,0.836377641369043,0.0877790119928614
1.02246759375451,0.0739361625670726,1.0922899568841,0.0648149501451825,1.07481069144111,0.141181926028107,0.163834746357847,0.0741486338676894,0.337017778020489,0.0948461898273018,0.904938378520626,0.0178858069988513,1,0.803126239841137,0.12941172200965,0.203424073089124,0.718482023273116,0.0596915248075924,0.694115794628263,0.0598545141509619,0.776139758119177,0.0667842233574031,0.725125045835215,0.0708780601045243,0.701672000237259,0.0935175824497552
0.952437069135618,0.0686934626910771,0.968021974605562,0.0520354902624208,0.901657056283782,0.113622061214623,0.00694171285158607,0.0469260896192086,0.0790321928653377,0.0596401788494314,0.876911222565659,0.0228325123044486,1,0.998964412304149,-0.409856417151608,0.192518428186512,0.725743423380897,0.0590065931333236,0.611470501597885,0.064222081019238,0.707683544773153,0.0610709388396075,0.76108583162373,0.0668664470351611,0.749150842452942,0.0852608736516252
1.05997418070986,0.0725367692123279,0.962575649904978,0.0534006197996283,0.978919310920814,0.123959730455525,0.0257665148290034,0.0216816988049194,0.158818572406396,0.0701098048776806,0.904550481044585,0.017731873030711,1,0.99999999999934,0.000929142873010194,0.204864789884234,0.772041649257876,0.0629644180430266,0.728856859256514,0.0597781590780808,0.658985062366907,0.0665396101248667,0.743543198129454,0.0735059341435901,0.579883112573759,0.0952057778459656
1.0434290854343,0.0672412007874153,1.04777076972832,0.0572784594399114,0.825014264313814,0.105644465748668,0.0803256826388935,0.0474873039573108,0.194946045532681,0.063057306611468,0.895919846418959,0.0168316137027088,1,0.75728000278797,0.226859831981006,0.193753566681387,0.641455102628859,0.0602482763741714,0.733349014075618,0.0580204357050035,0.637538682633766,0.0638327689804389,0.743891686018443,0.0763622669726528,0.601000133299985,0.0946377746443227
1.01220705198716,0.0746518966884668,0.949499753094659,0.053839865306524,1.2184090647621,0.151987742370741,0.0459883907670537,0.0359864379023281,0.236712212750145,0.0932736323539429,0.880547557897576,0.0250895680306639,1,0.999999995365828,0.0059232820080432,0.19410812803791,0.675646258973809,0.064098113813086,0.635711110412187,0.0604244841646682,0.669837590759746,0.0601576327437594,0.667306226288105,0.0736292031559859,0.797980136658672,0.087373937389846
0.953253315314985,0.0670233192793291,0.959890181879826,0.0570524413630312,0.904349918905916,0.11029674900529,0.0963723172421105,0.0566843322234706,0.234987265786569,0.0716299767879933,0.864709338450655,0.0250333510577193,1,0.795975912040186,-0.371662729171936,0.183682064088762,0.649056727823671,0.057589081731725,0.632582233074463,0.0615676109415824,0.729391946106828,0.0602742192628753,0.667979168902898,0.067123503279103,0.651005049067231,0.0819134360432797
1.1022298698378,0.0706465167329014,0.94379472045779,0.0537872655667563,0.942191793345701,0.113545758529299,0.0260651257594408,0.0213849145872981,0.15671103209797,0.0661353981977799,0.867549998866415,0.0259637814684334,1,0.999999999962175,0.131897012061754,0.186563775970267,0.625285863168187,0.0659620065697372,0.666234120758255,0.0597382817405377,0.706893316234256,0.0590600258485764,0.622629785908713,0.0682877621439642,0.780326370891782,0.0753216257285416
0.941443707021496,0.0718482312984205,0.926662633553896,0.0514131810566723,1.12039259498462,0.137945968703749,0.0775298497906557,0.0584051219954164,0.268658285517492,0.0881195079082184,0.886607121104035,0.0225805657736333,1,0.911550330246869,0.115642369750449,0.190309232593057,0.685306935158033,0.0574642918145962,0.604271926093452,0.0632692999998686,0.760230164854037,0.0598097144365016,0.727748527605983,0.0707712495527841,0.719598605339748,0.0833473790231297
0.924184624678263,0.0706797002985949,0.961434445491464,0.0520534968394236,1.07002503873638,0.138998174534172,0.0633441061642322,0.0468654898294431,0.235730749782429,0.072993468032452,0.908446255392851,0.0150413907077724,1,0.905453519620276,-0.262589274763744,0.207527273394241,0.689133061098733,0.0625865407982055,0.667470648834887,0.059006854264136,0.679779903428234,0.0651819639024958,0.749010919813264,0.0799146998157672,0.750388597606624,0.0760975135460156
1.04548533060515,0.0756149394554411,1.05677454707272,0.060601517112417,1.09943650443655,0.148165947687006,0.0490186078075586,0.0578415324038838,0.221091322175056,0.0756291098087297,0.921013573973277,0.0130184925593873,1,0.952370937983908,-0.234409183295957,0.216383748311771,0.839229375859594,0.0635206914133864,0.664561625226078,0.0667406945991195,0.796033836843694,0.0616507939146886,0.794997597754413,0.0735653711277835,0.587190355099643,0.095027158936409
0.944907390947213,0.0694704807669248,0.993329964097939,0.0585688683944662,0.923083204057648,0.126864480445988,0.0470892743052848,0.0524100564374043,0.171972131210358,0.0803766315266406,0.890863921654653,0.0229879196813498,1,0.824853174599304,0.20801967906021,0.204384530465026,0.656347890334895,0.0620453527737023,0.681451384883081,0.059239163456209,0.536372975855971,0.0720328835390084,0.689014284630611,0.0788641929970938,0.542783368206821,0.0910295816370524
1.05309899837422,0.0723304969498927,1.09220289931181,0.0591615372065018,1.07668255624956,0.135947197542939,0.159199546157606,0.07097363843454,0.353931598842959,0.0874086998780834,0.890928244635463,0.024431239744832,1,0.854878877993894,-0.0216933727854335,0.192521239750448,0.674576313921966,0.0656908011005732,0.76271692060442,0.057881463560217,0.7295065428964,0.0682020260254525,0.757794863576096,0.0720220584535767,0.793364560240069,0.0816805760435764
0.990154433079102,0.0719422694724,0.964909550319561,0.0547644338782601,1.14718124774,0.14235822633995,0.0543774972684473,0.0350760748100765,0.249761574644942,0.0795358447401324,0.902010267527024,0.0199413677035708,1,0.999999992014575,-0.0424007407244704,0.203493466974246,0.668707172529732,0.0614751599021321,0.701786083395623,0.0619408336761267,0.639324440551382,0.0665080555285909,0.772192193962343,0.0717499864488449,0.629992915845893,0.0867756680320119
1.10190717962679,0.0701549219000822,0.957331159268822,0.0562800032885432,0.920884912409499,0.121883125540413,0.0735380239405757,0.038848355280704,0.26023077589513,0.0726464415490128,0.909560108951971,0.0161246032579437,1,0.999999999909162,0.244068218663171,0.207260311593521,0.717386899985908,0.0587717444790421,0.666509277744265,0.0591050373161653,0.707348389910324,0.0604432249380045,0.722781570616687,0.0665849349476521,0.789663038745916,0.082187088530549
1.17270730854425,0.0695487159294145,1.08971328989911,0.0543310937993795,0.787861692023818,0.104913218605621,0.0628789737213003,0.0366546708146542,0.222575682922791,0.0694360446870474,0.909965901776708,0.0166101266761832,1,0.999999999997599,0.400633759120203,0.21084480401464,0.672236597336686,0.0632258483136383,0.787626807943455,0.0556389142329933,0.739884612027787,0.0619071804388513,0.709803322397141,0.0667165402928557,0.80163185752796,0.0789491016581772
0.938965214717807,0.0730002824832079,0.997986978361564,0.0564955960069381,1.09821376732029,0.140210552911964,0.084849608026167,0.0568395276325233,0.264676082024168,0.0823880289219724,0.88079338727572,0.022010150297343,1,0.867054377347093,-0.217833389664147,0.201466177217456,0.718637067094451,0.0561777252653933,0.738339481142138,0.0580614096353734,0.670479123240899,0.0651028322413085,0.643735463386976,0.0809280097570019,0.721701041260001,0.0919035553790395
0.991779300172264,0.0708076615361476,1.0061362347343,0.0540439682014675,1.06297426217207,0.134141305132201,0.0683245117097271,0.0485783796743276,0.237345578893621,0.0758800164603751,0.880011271438605,0.0256589820907077,1,0.880707112244972,0.0428092712375154,0.188502613928673,0.589940656046789,0.0665568359532589,0.726509585950788,0.0585710289107977,0.681981176743448,0.0647121324588105,0.747002982484277,0.0764704520453269,0.651222925118614,0.0843954647097489
0.89524410281589,0.0720028013986924,1.05134527164634,0.0567455709989687,1.08203869417283,0.133620408739238,0.0632224710031538,0.0388933332355075,0.261551448027313,0.0852306846449995,0.904488481201901,0.0188550945872801,1,0.999999999989415,-0.240098005627396,0.205062693569965,0.623965731358156,0.0653852000660838,0.752947175768685,0.0542480120914152,0.757148438360218,0.0605558996959854,0.665562053898597,0.0779490207656545,0.606912044271015,0.0882978100368817
0.973300425359882,0.0672946039375465,1.02421652517523,0.0537373061557934,0.867160582092041,0.111808139625026,0.0227923793583446,0.02395011167083,0.14058681626863,0.0756197288342074,0.911494616688706,0.0152052728334835,1,0.999999998909792,0.0662220413407873,0.210871437366399,0.738421070461737,0.0600856999452316,0.739568240727115,0.0600660626475014,0.641090774432133,0.065207819094733,0.687598421171854,0.0712045146723901,0.758413118525716,0.0806628555787787
1.02997605579907,0.0749757504539974,1.05607959883713,0.0640150816506334,1.06131836962857,0.148146998175629,0.0667756616653921,0.0549869597425126,0.174396688828706,0.0813735207738238,0.923854375428232,0.0130543417392489,1,0.655098031386655,-0.0908930495253359,0.21581473419753,0.776463418256052,0.0600816108051105,0.775123250798615,0.0629049116919731,0.789563459931767,0.0637857793567102,0.749881978869115,0.0813490525554361,0.741750874666984,0.0814562286578874
0.977344674292441,0.0660950040112634,1.01757195651229,0.0529818906873659,0.83557261090451,0.107061528483219,0.0553360555386579,0.0518748247697587,0.150815954014373,0.0654060493311475,0.891018155883401,0.0201286707710269,1,0.701376302852291,-0.0574125741450982,0.190302207334051,0.745238142923041,0.0573990517284325,0.60732666257778,0.0610184868944467,0.701348548614338,0.0615930488653776,0.706201826647618,0.0714013877574933,0.659295660738397,0.0866219467159819
1.06288455835103,0.0719526048967807,1.03202122932811,0.0568801932972323,1.03180794240135,0.128125327744218,0.0895486807619475,0.0466607664047087,0.130359815828063,0.0762807580992445,0.887363733303709,0.0195283138300251,1,0.428859178024716,0.0830065218868666,0.193768128815005,0.723413882982178,0.0614320098879282,0.626286638296665,0.0596286183472256,0.761770622461163,0.06252385552779,0.682139338642062,0.0720840752851732,0.71856066428906,0.0911201951987257
1.04405053486872,0.0686282665862012,1.05341316693493,0.0510692579683274,0.862035390159304,0.107836644992789,0.0629550881733943,0.0459872419145976,0.215525249690392,0.0660890858343385,0.880433894417882,0.0206366529902589,1,0.925167122104656,0.156236302077278,0.199250218282975,0.748459866845887,0.0581513036600065,0.762333023773661,0.0585288914773943,0.603036430178366,0.0673078172166095,0.730885305835916,0.0644632770183645,0.69407919756208,0.0879928756204101
1.02545020748401,0.0680321139362309,1.00630598674384,0.0552514463484426,0.863894320054082,0.114333865097341,0.0318822666855905,0.0251858194054534,0.16596056489019,0.0685139995080362,0.907599058921865,0.0174474057866511,1,0.999999999973495,0.274202021732954,0.208227922476573,0.733756209287763,0.0648616019653627,0.645895675342718,0.0590204076059943,0.63560939907721,0.0627860348320718,0.648893197824561,0.0693921525146109,0.795866117645106,0.0771988993304734
0.824667729505938,0.0688470224384591,0.97030118835316,0.0527668890852608,0.88091004841677,0.113353268266732,0.0365704443549209,0.0274845160700351,0.179486132904703,0.0704995641709393,0.886915745281844,0.0224557360173399,1,0.999999999965364,-0.00250627482649949,0.19963660284105,0.659912015279017,0.0606069073600006,0.640730138011353,0.0574974079877296,0.642603735717813,0.0572427031341184,0.743839756390813,0.0775346567202763,0.611970471315965,0.0989974797904935
1.0509968937188,0.0723770078616287,0.998949122542016,0.0544123989686928,0.985987522316902,0.128183385046521,0.0307773975531557,0.0293048141822248,0.174201406297206,0.0845896453417927,0.90884993638785,0.0170283928601806,1,0.9999999999856,0.0367305244947033,0.203397022701509,0.80511543057212,0.0614147064914955,0.720910457257029,0.0574707677772432,0.71400328576387,0.064304989184051,0.54620767243653,0.0810040146309162,0.738645454848754,0.0848378002790245
0.932010993902857,0.0728110332060739,0.950604311190869,0.0491789928770375,0.951226638926962,0.128322381922859,0.0706167219920194,0.0342791202084718,0.259176594082218,0.0702162515232131,0.879479752096864,0.0238175652798143,1,0.999999998567498,-0.0399968737335817,0.198036171378431,0.612344832248153,0.0694897953134115,0.670275879941923,0.059712683623489,0.658064149280573,0.0635587422103361,0.55098669988549,0.0794253570417998,0.861118337118176,0.0796072033152092
1.11850008004201,0.080227285662048,0.970650018546455,0.0601562693257908,1.24047987304715,0.154653697371429,0.0473539868965275,0.0338274124341979,0.242366803846152,0.0901502007575275,0.874848604763583,0.0285366336856194,1,0.999999999599248,0.369208038874962,0.203437365968416,0.658125900359698,0.0642584760623002,0.772913364191711,0.0600935068723063,0.731928202230153,0.0635114678496404,0.640379469244897,0.080111091879297,0.83502796639623,0.0895986457902994
0.946010643183673,0.0713168807581752,0.972119487502169,0.0588950433236929,0.995239696321879,0.135511885878018,0.113738041304663,0.0703783921418569,0.332731200856259,0.0884924651579719,0.897144306782722,0.0175299464216536,1,0.98895563622951,-0.252035086506066,0.202036728801176,0.799191685595839,0.0576568888107098,0.695879807176342,0.059291632718397,0.654299572413429,0.0719387560128832,0.65657412995242,0.0765010709273963,0.637688765700735,0.0879239828766485
0.920775393559338,0.0722800781291134,1.04116507272622,0.0544270759095005,1.08494779866974,0.136554705950343,0.0532618757201832,0.0329023702717986,0.240387925682577,0.0779123747451896,0.893107210304559,0.0208470710452876,1,0.999999999985619,0.00827420567678021,0.19892138748467,0.644231875664839,0.0639109880193314,0.691259735298755,0.0568317827514032,0.63330326891854,0.069510936848389,0.734420992557534,0.0721364524810068,0.652817599854619,0.0805619666649786
0.966411542467589,0.0739854215392088,0.975167687731175,0.0598064784052502,1.06682796296041,0.13729611714262,0.111211568093773,0.057082843343466,0.187705041392271,0.0769997434267779,0.881124294004427,0.0234903668966679,1,0.544946364465418,-0.0953595626073845,0.187498484795784,0.68075764915459,0.0633747530438884,0.687168001455122,0.0673948078814726,0.777708566133532,0.0688979998854074,0.6557967215347,0.0758488546650641,0.603211449682882,0.0848163077447095
0.955185136125057,0.0717754430754358,1.08238903246876,0.0572778230219669,0.982899260748533,0.124935401603423,0.158018511555803,0.0618604414368733,0.394101862679963,0.0873442081938933,0.912437523238915,0.0166502395178758,1,0.999999999919628,-0.0619355811965647,0.22144734741443,0.736362526913256,0.0613266622385938,0.596872564359679,0.0663526376030628,0.775149736677252,0.057129117847811,0.750881453631596,0.0654007033825734,0.755645036222523,0.0860155900276036
1.11450120403882,0.0802250375751764,1.05301211576716,0.0553915974417868,1.28462485537983,0.166978895793534,0.0406603712802512,0.0507660090577983,0.116615942287665,0.0848717304646357,0.873804174397524,0.0236738717043937,1,0.510251271411459,0.0884706189365969,0.198484791746835,0.754963140633766,0.0628675680188269,0.656605276971019,0.0627329287549381,0.768096352548792,0.0636208751142983,0.74432287514986,0.0830981019203303,0.796020571220006,0.0930005805161757
0.993463312882729,0.0719495677211164,0.926993758231736,0.0530656915535894,0.986713317923882,0.126251123016394,0.0855231979259851,0.0593830845530337,0.28548217152186,0.0800740789024805,0.881840130970514,0.0213311647214817,1,0.9827465562095,-0.00484175163883062,0.188568507625964,0.705638054399796,0.0621867198209703,0.729777691152187,0.0580079165739178,0.63380796061565,0.0682241750197968,0.747181805157237,0.0708316046445511,0.745029985642199,0.0942887112519297
1.08565072110415,0.0711316193757287,1.03536740135128,0.0610969634062806,0.951658967903212,0.126655403905409,0.209215716558125,0.0789546218825236,0.399733967679025,0.0907343861306206,0.897880682112528,0.0185649594269723,1,0.895845732008209,0.0427936299217322,0.1984228426999,0.673177068788585,0.0665081313774701,0.686989137803644,0.0578441685212555,0.693588478394912,0.0655988693893193,0.834522462147883,0.0649956240829279,0.658588923367889,0.0840750367722045
0.924897743873462,0.0659282922235657,0.934707664254088,0.0521688893001695,0.962284444623979,0.118429999414679,0.0180980835018457,0.0186392921963478,0.131967815132723,0.0686232784739239,0.901420028651039,0.0163503904181858,1,0.999999999987732,-0.284834687539112,0.198262141668431,0.699502015313093,0.0602225346328971,0.804137833610772,0.0541683414384923,0.672099366619311,0.0610139570013704,0.597810436308032,0.0725829623917068,0.699634849542402,0.0785330183713634
0.86759871024313,0.0710965672278372,0.951851423441812,0.0572710265805772,1.00268088951191,0.13357355880102,0.0592600111433612,0.0522961513428443,0.236405250909997,0.079399797433731,0.898081898540914,0.0184229021171784,1,0.969828372703412,0.069908130118165,0.206019211365823,0.66074177624469,0.063417347171213,0.653858470951319,0.0628556168590963,0.672836744530708,0.064520038663002,0.621995344782539,0.0763721489332761,0.622850790669914,0.0851150168665352
0.948350381876107,0.0731667032332495,0.993112146263621,0.0550488470167802,1.07617277317837,0.141902838956402,0.0515408408363739,0.0358196620300013,0.235514011136595,0.0851930618048655,0.911958574464166,0.0174538223948826,1,0.999999998438914,0.274307420336266,0.210784152959493,0.707422294505868,0.0614601602287697,0.575797565129497,0.0619495839993212,0.682878549859193,0.0658868138642752,0.681039522680231,0.0707640788687633,0.880264661133417,0.0724634417546354
1.06629089834819,0.066118346998433,0.992332756205006,0.0555588885600493,0.762904410116107,0.115628636201834,0.0703526639186984,0.0356605316815483,0.231672953896197,0.066121799761,0.94065004984281,0.0090464723516792,1,0.99999999999998,0.0518547190301641,0.219883404161129,0.716872268408415,0.06759596795357,0.781213602135943,0.0567699046059367,0.81543145212352,0.0555209582478966,0.635163731645713,0.0722140602626353,0.595202330610246,0.0847317133172198
1.03623992136806,0.0755502893343978,1.04243294617936,0.0547840098062408,0.995831040545322,0.136863211199488,0.00777145700495415,0.0351746630472155,0.0836941682883237,0.0767474103973118,0.92585868484652,0.014508972194691,1,0.951373705304485,0.0839808199481071,0.227676898983078,0.73924991795455,0.0664696207292392,0.692740454910313,0.057182635802669,0.746694604864124,0.0676471957200142,0.759970080033665,0.0669586882858711,0.649198855392547,0.0908494381337942
0.969669998292384,0.0661505021001858,0.90040571460682,0.0526552538680824,0.880435262100969,0.111089334422033,0.121820313936917,0.0628705508770958,0.147916619479094,0.068913454223626,0.871441231954678,0.026438200411758,1,0.451656642309983,0.0823568687329967,0.189745056084226,0.645982829223176,0.0593919928156398,0.696868990505987,0.0603822309154556,0.65836646233744,0.0629667260649331,0.701270370015093,0.066900848883582,0.596946339795483,0.0826138800251864
1.02940512987474,0.0714855380653936,1.05130735374255,0.0554200165142913,1.01459543306302,0.130107685388125,0.109614988089071,0.0495298364201957,0.333488929816912,0.0845049830435107,0.896309909067065,0.0178654741970675,1,1,-0.112147433669489,0.205903202816074,0.78819046391616,0.0591258314222449,0.7207204607894,0.0563825877758308,0.632136560584549,0.0663707101586583,0.594578191187438,0.0851368395547316,0.715430369345301,0.0950644709845048
0.985029728096237,0.0713187881726182,1.00156014272213,0.0530124398048558,0.990878343135555,0.128886576409995,0.0554456871068925,0.0414064821339985,0.167211571291637,0.074948287613696,0.872377329908653,0.0252829952818429,1,0.713382209887105,0.0795559472654185,0.198308318034446,0.657466240264472,0.0662322008721831,0.648437296872112,0.0591549146482847,0.625191326053192,0.0651072178215501,0.696567948114863,0.0752291593481832,0.670800155404309,0.0857955911290265
0.993688502270711,0.0723394008143898,0.990892925805614,0.0547288013316874,1.0864058529795,0.145598665559679,0.00255578352806245,0.00735065029940295,0.052693625644426,0.0762668297132289,0.904350540872485,0.0170653451751393,1,0.99999999994945,-0.262744801410087,0.196200702041556,0.776876696687451,0.0635506660649686,0.803363054051544,0.055278623721822,0.631513845362483,0.0703288787353857,0.628601278765987,0.0769343633530294,0.764000065072249,0.0841085268371757
1.06108095537207,0.0711852649928241,1.0078994339852,0.05581331514737,0.852160157190346,0.123387123444584,0.0290956756960844,0.0421885199629984,0.0905491261959308,0.0675881532682871,0.911954298835114,0.013784426841875,1,0.575055057821599,0.00913945615079119,0.210290649553895,0.687622110930599,0.0652716254100786,0.666960825955689,0.0657995959646707,0.591902015807082,0.0672179584811485,0.735652133080716,0.0716332429086249,0.50610852974551,0.0940781020358569
1.07553050570243,0.07256479229332,0.969555962804057,0.0528746538994783,0.903231297501981,0.112941685235387,0.0463196469674493,0.0474634123169992,0.181292484397126,0.0663737744297424,0.889104688850507,0.0223797702604859,1,0.886334575544833,0.351638444676281,0.20745532354334,0.682867097117964,0.068456991339868,0.653732371095492,0.0644794211715705,0.69134965670226,0.0625314654919858,0.771561679527816,0.0662453430381641,0.661100209445113,0.0859707306829541
1.05537354923999,0.0751137953588179,1.01228347514254,0.0592675256579241,1.0585081201084,0.13615849967429,0.0554427328211139,0.0459603533551579,0.189086526846254,0.0859177546636917,0.885730795378874,0.023342040370032,1,0.780532827657059,-0.0327465220213377,0.207502452309118,0.708506445333471,0.0660873285185491,0.618122690403019,0.0664864310908786,0.692700777904193,0.0654324790503122,0.763613246504394,0.0713185468798034,0.67737075036403,0.0876611365085273
1.07386890579679,0.0783548478668243,1.1401374068548,0.0598464605507939,1.27516618578767,0.157995767115322,0.0836960243770812,0.0456698770022968,0.326689975619837,0.0952951908397891,0.900384954777061,0.0207882813107239,1,0.999999999999886,0.0921217166546919,0.215501801632406,0.728370371824054,0.0686769474742138,0.753976184940804,0.0585536310192998,0.806824440834575,0.0632558988823252,0.78417163328135,0.0674326768763061,0.840991392407874,0.0792803901051223
1.04951654820825,0.0734861748462089,0.980047432361516,0.0558676482878382,1.02844267187105,0.12763475044927,0.090408140648212,0.0660688332591603,0.282238007438455,0.0834791284329219,0.892531878572058,0.0220194467889696,1,0.925596459317005,0.0217323907404495,0.219581090705876,0.705039351428242,0.0716131967669197,0.686404525960901,0.0599102311542988,0.69512203086533,0.0657948812751653,0.69952723030613,0.0662994681616177,0.882016216885694,0.0685765206352771
0.958863365723902,0.0731289900326186,0.984933493134637,0.0544564030441564,1.10091459113796,0.137352620897238,0.0676505964522027,0.0389107127163346,0.272905713986321,0.083082917676821,0.890609860982591,0.021570535646972,1,0.999999999952788,0.22845513333668,0.194938502542196,0.70978877850986,0.0601171243323265,0.661577131254704,0.0643340064520006,0.660269758607157,0.0630368036334282,0.593139459155112,0.0728887206761292,0.787965602375014,0.0883048700527722
1.03767824535231,0.076825499742837,1.05140577299398,0.0603626033004246,1.27730096451212,0.159947840150197,0.0771914292446032,0.04528512291399,0.314001092867985,0.0936427122366247,0.916158976213628,0.016692527828102,1,0.999999996430349,-0.0665791387644655,0.205837243496243,0.755182887952705,0.0666318609249707,0.788966023491237,0.058183808218083,0.795103289705108,0.0589870761348264,0.706677337736641,0.0708589074965286,0.802828605118779,0.0773203165092596
0.910153634628105,0.0729872034556448,0.902221873123403,0.0474344877123115,0.971864765682535,0.139252748399029,0.0138904843327377,0.0175832956496137,0.11618809018443,0.0752887392625425,0.914150364256186,0.0154268112219417,1,0.999999999979708,0.179987564572059,0.211117178107461,0.669069707631037,0.0616704456872236,0.652738813927106,0.058611300953562,0.642184387016668,0.0694901103709857,0.655478976292625,0.0731509719432915,0.468803985167552,0.114488695779622
0.9988776452588,0.064950658671563,0.995339588756657,0.0515361777266943,0.785627568916858,0.106906914149268,0.0170736676829232,0.0277515000211406,0.115816840119065,0.0634892741723285,0.901735600848354,0.017223863603526,1,0.999999866587667,0.114350015049547,0.187147971710784,0.66826336836487,0.0603256802463959,0.667596258438507,0.0557419324672834,0.623917183423349,0.0701570348549299,0.747126201898276,0.0751880547602034,0.559094890596745,0.0885719469312269
1.00614481318866,0.0828235916948514,1.04078745616984,0.0575824753943338,1.44583431283953,0.196672695700985,0.0419958547806603,0.0541370981681721,0.157432637508637,0.108181962894687,0.914524080801929,0.0201502843154209,1,0.638899127523923,0.00240612290394675,0.225544569580892,0.765935363399129,0.0683105610409972,0.660568335859627,0.0614857807129338,0.791190776734435,0.0649638243200674,0.619492719792082,0.0806146011339498,0.704642867670542,0.0891367762942691
0.968239360508449,0.0702109334291523,0.900527481717512,0.052819000274079,0.950836963636414,0.1287306061389,0.047151865634977,0.0338773713180081,0.211739785455531,0.0796342041238288,0.905557788889776,0.0199887038871651,1,0.999999999939783,-0.104790781883155,0.217125130775286,0.660645488874272,0.0640276978838382,0.596886497122196,0.060369508194953,0.691952897062646,0.0631342107287196,0.542351563283201,0.0751519415560947,0.732444487522483,0.0840552719552658
0.976231359197803,0.0729213597938927,0.993460236006231,0.0588272640655066,1.04171209494788,0.138098470383459,0.134225300712541,0.0588844819371545,0.2738417053382,0.0883826153974224,0.890824530632969,0.0233071185440375,1,0.732332898900239,-0.0366432250884921,0.209554684030797,0.58599092771846,0.0711954445427945,0.748098733217327,0.0554952016914959,0.697638000042892,0.0650794106833482,0.633995788010689,0.0738207046286556,0.67490784859879,0.0829889981431972
0.888823817070826,0.0759266541910232,1.06816610519743,0.055258816124508,1.28412084095728,0.165462748498362,0.0844082231130063,0.045582362567551,0.329226910270895,0.0948149935586706,0.902076918850316,0.0193703211421864,1,0.999999999995093,-0.321037222433577,0.208627751544836,0.758486363436098,0.0549917631500879,0.795829959718289,0.0540141047701739,0.651470026616367,0.0709102408528151,0.67802315375149,0.0795954136780522,0.651220198462331,0.100545267882118
1.09637398949357,0.0745986793448409,1.07813048845739,0.0603372511731923,1.0135830102344,0.133325585408645,0.149110261693539,0.0718174002528405,0.331940088681187,0.0854784375476449,0.906715375924875,0.0188268009550229,1,0.853839571269551,-0.0704032187690586,0.210539423793558,0.707244922771214,0.0713494628157616,0.728845912065119,0.0636837464394104,0.726433097095376,0.0696410420224466,0.76637953290158,0.0727151460198203,0.889385907205536,0.0724460582930315
1.05806477694692,0.0713982488211999,1.01142766712624,0.058334787606991,0.914508561713613,0.115567010608289,0.11920978256887,0.0467534101209699,0.33017929490533,0.0733643545476176,0.896648602157839,0.018902172383474,1,0.999999999930886,-0.162365265739531,0.195859141493695,0.685791620675334,0.0670793634960427,0.734448140716943,0.0544128980499757,0.663094137981546,0.0623262678094442,0.750794865942077,0.0650216099822434,0.623431215509242,0.0969572722688962
0.97688167704377,0.0698714877478915,1.00079692708666,0.054845231107233,0.891809884263231,0.122776838060934,0.125639034251938,0.059813955842648,0.26094814548127,0.0754059775887417,0.915537055858995,0.0156545742668129,1,0.779571187136163,-0.274310930070117,0.198887646290862,0.838208212163912,0.0647871326397217,0.679845612011503,0.0578186231222809,0.690774551818953,0.0593898584890801,0.740477298646765,0.0772615288870581,0.759036857387121,0.0917717316870504
1.01664496102081,0.0787478725683389,1.04567037275978,0.0599834089813481,1.11933505822125,0.151958320469851,0.0628082484380134,0.0351048628990092,0.224724090234978,0.0818663298979866,0.92162617994911,0.0131629744806748,1,0.847542015130978,0.417730284335022,0.230083922900869,0.60388164049833,0.0665211481027994,0.773782528426953,0.0628140939713977,0.717335019274397,0.0658425474435322,0.602029573432087,0.0774587432376711,0.785239631076806,0.0865753396840802
0.86983193052374,0.0660290088011224,0.957844158902074,0.0524234884961273,1.00593480704203,0.121681061486214,0.0793029964149788,0.0406201530726861,0.253789539923036,0.0682169629788413,0.858466190830204,0.0288233524830491,1,0.898553627898023,-0.255191608263906,0.190368206491687,0.66049221792266,0.0666645423875942,0.623459503594566,0.0596302951582239,0.567564178663836,0.0608094296335347,0.677193896131696,0.0751728032077536,0.76539777067933,0.0783285106038508
1.01761860834227,0.0746994250375962,0.941046106116127,0.0591217626466805,1.08306949160067,0.149630516809861,0.105239164312437,0.0607309570022189,0.319848751111672,0.0782545196530495,0.911533288631284,0.0146995852953712,1,0.947387832339957,-0.309993528368105,0.204202695466704,0.800897859870114,0.0555912347986236,0.685421454464775,0.0616022454624959,0.774249087231922,0.0665912683026343,0.786800568677517,0.0838709175187318,0.793033835133623,0.0960001015153359
0.896489251067705,0.0654397126893134,0.970745504020037,0.0543738750119967,0.797439108681328,0.107870613023748,0.0354793855822557,0.0500527969104712,0.160263025364719,0.0658614773860486,0.893285989383002,0.0198727660179939,1,0.952788543099143,0.12000781446335,0.197992112190494,0.647841039861769,0.0636240061408616,0.588864836928816,0.0627086177770336,0.68858432217755,0.0622604915851068,0.635558925287398,0.0772665540185634,0.620003666262794,0.0899951046650699
0.959490508286732,0.0731874329167504,1.07293830012765,0.0594828365919937,1.09453640372732,0.143679868258141,0.0834912258693238,0.0551077915831939,0.231307066976906,0.0834343438569774,0.911209274037646,0.0166327494794614,1,0.765161971662257,0.0446437689331792,0.206538917595806,0.70359401247469,0.0662354952398438,0.73209149907072,0.0611293753666425,0.699376367902355,0.0642050627558522,0.751827988486176,0.0743212364612556,0.716990113556555,0.0930365233823198
0.98921191057995,0.0746650806634484,0.980154731281733,0.0562887347795355,1.16404535295031,0.14871938552937,0.101206457461309,0.0571953154275178,0.321200751486405,0.0913281565074344,0.861838578513411,0.0293185175404222,1,0.935809587418698,-0.011348148807464,0.193735755588716,0.685725052141651,0.0607838188981398,0.607863615205332,0.061129670087888,0.790551208642422,0.0643567191048926,0.604110067268265,0.0822295461931388,0.595142854921011,0.0896972281965191
0.906342998347426,0.0675353950335711,0.973946174842098,0.0514929911054154,0.937772362374431,0.121801498858077,0.0420610501655598,0.0308393092755481,0.198604356137116,0.0758688715162715,0.902990965664985,0.0172400597503221,1,0.999999998718829,-0.267380553830873,0.20278913616354,0.757345013507371,0.0608436122038436,0.713529185781795,0.0568836404231514,0.657680376025217,0.0665711221229197,0.649080113477744,0.0757366040832115,0.644730946353785,0.0861594222295606
1.12033562039747,0.0774206873058483,1.09748059313954,0.063569312869679,1.17685507818152,0.154229054815209,0.083932479204299,0.0488734986943394,0.314287070524365,0.0915391532176034,0.927750028801079,0.0128632433652036,1,0.99999999151033,0.0454373260584973,0.22092572629816,0.774492266488531,0.0650016711243604,0.804275386067196,0.0633862943803451,0.781906038387525,0.0600005921968224,0.753155603600278,0.0745836522720439,0.68311413680016,0.0846120211345921
0.905479686438924,0.0667931918149888,0.927448358422404,0.0499654653915783,0.976938002646401,0.12051507533853,0.0470422208875338,0.0329447054609714,0.214376615197444,0.0776703808191996,0.844193514240118,0.0329962241631195,1,0.999999998146052,-0.289661506473948,0.183364597290098,0.658103594092628,0.0575231473713276,0.604352683134528,0.0586014623653248,0.661758331407732,0.0636480807877551,0.575658160008407,0.0826991526205843,0.748006415024853,0.0857786952963729
1.03931289858626,0.0743529322175123,0.998358468483215,0.0628197039978576,1.03188375891835,0.133943773123664,0.11227059739713,0.0561218500662144,0.288438935173953,0.0746631109764902,0.89928155913734,0.0205788833265218,1,0.847433207627697,0.297208505639005,0.205750416276191,0.607258538020745,0.0710231847927564,0.717454800840799,0.0668707387909077,0.610997794645862,0.0735121922614328,0.849897636058667,0.0644924487475462,0.786510005424669,0.0789527666241712
1.04102493602039,0.0730266912282012,0.945357185949139,0.0601576214666665,1.00177867645498,0.138074424069723,0.15442119195864,0.072081502618865,0.366191138788795,0.096486859260835,0.897170219049693,0.0189509953690106,1,0.931040319958246,0.237873396754474,0.20096242995767,0.712319169632304,0.0595796242378017,0.67699182119316,0.0633895464830457,0.708080863407551,0.0631062346646934,0.67497730542578,0.0803434694525234,0.617578190939406,0.0938882092240047
1.05333616454932,0.0662754137305317,0.970961296144489,0.0521867730931974,0.827058073192804,0.117062192377712,0.0253414669494195,0.0224847523926313,0.144771766443521,0.0622554280133286,0.90439750188286,0.0144441214058216,1,0.999999988837933,0.110755456726274,0.194106894205316,0.751869174597305,0.0591152475792445,0.640755297073743,0.0602690827103898,0.641253719217913,0.0675815614296962,0.509149811256502,0.079290367822259,0.752136745991885,0.0835249232247225
0.930343280228962,0.0701679634508141,0.984952358172692,0.0558519414400745,0.803473370767078,0.113152735781722,0.0897387557358136,0.0534301397332518,0.194310651753491,0.0713592491035169,0.909714507631335,0.0163255133195521,1,0.723637130570769,0.154704541501418,0.216430234461562,0.557066325466072,0.0667468085232981,0.653147764660993,0.0620992530709616,0.672024596530913,0.0669160898184106,0.742317713058474,0.0681981502738387,0.636202575166516,0.0861111986807656
0.991923798900375,0.0724268099124362,1.05264500597322,0.0550115837573432,0.903107717316599,0.132876125814661,0.0340801002148258,0.0469498881255847,0.136144957343552,0.0686061557866114,0.926400511489302,0.01241532433047,1,0.77603507690004,-0.294373838644285,0.225471234174659,0.837360478021046,0.0629881974629962,0.733590814168626,0.0617401859831068,0.670438936421735,0.0665112639125092,0.637086979471409,0.0765521507322263,0.581568837750193,0.0873639044356286
1.09029209002881,0.0766912934662056,1.051893489932,0.0562607158694698,1.07938026279939,0.144744915871799,0.0525236948690295,0.0377963457203747,0.238103001991115,0.090348109292444,0.896940784755738,0.0214761959954148,1,0.99999999987876,0.189090496373728,0.207550575301982,0.667304962613524,0.0651053772642741,0.655897602622666,0.064285779824618,0.687739781928075,0.0595767854738007,0.683099044548609,0.0781008856893106,0.763135724825806,0.0892795617103648
1.01600978422496,0.0674954438832429,1.00195566007382,0.0548758156088373,0.924290357060806,0.112589479000567,0.0838622719492384,0.0412605209976812,0.278411726149843,0.0743742137552275,0.869624335046548,0.0266413081356648,1,0.999999999831275,-0.0275170203991246,0.180743622470691,0.581183462753067,0.0669998148184307,0.692191691355463,0.0572528389148432,0.646395868431719,0.0605752561838058,0.654704317554887,0.0663945919291453,0.789649697336038,0.07947705243213
0.922493021853768,0.0737655986920271,0.9303966332413,0.0580097257147343,1.03397006681715,0.132502659689584,0.236406875953138,0.088223266466813,0.411642652031373,0.102825766787382,0.885199955099491,0.0239958353712844,1,0.832599857874989,0.256879018577055,0.198988025235129,0.548995841207998,0.0692701920598074,0.705397692933176,0.0602849907332623,0.738467778487107,0.0616129256949309,0.786704423719856,0.0749101966194661,0.625781615693659,0.101708537989269
0.910492367235293,0.0675496797148671,0.995459977116877,0.0519144422282635,0.928593781282303,0.110946471622053,0.0458015332977487,0.0229744044652316,0.206230499665498,0.0554969232780256,0.883952330622829,0.0199906982521236,1,0.99999999998586,-0.00342097687178039,0.192430037059313,0.655232565787149,0.0653987634881322,0.725833844657479,0.0562989092887467,0.633401225893226,0.0586079589719694,0.668501035292997,0.0713206417795963,0.793673871917833,0.0820252472090398
0.918332278864099,0.071234067424653,0.942878630463513,0.0563295824154679,1.04588714794171,0.129218964041825,0.0424007368443868,0.056804876824018,0.188153034980452,0.074273044917974,0.884067644797235,0.0194301471203235,1,0.893474398790697,0.03976477332451,0.193494429610864,0.619374621087579,0.0580428925929085,0.764050834146619,0.0599764619179422,0.580562757433422,0.067033192064254,0.773768812467737,0.0753396123692025,0.74561063467402,0.0863371936892313
1.06473960365132,0.0787772114645852,0.987301560639803,0.0582199964787462,1.07841195948112,0.149696968296905,0.0426568144172089,0.0555504229037761,0.165631094390638,0.0824401326062245,0.893095155615011,0.0214226215039949,1,0.77224537135017,0.135589791145671,0.204946466746212,0.712160630529088,0.0655300943819598,0.721129742900026,0.064941865773799,0.72535946185512,0.0717046430037874,0.72791018348809,0.0727750810836698,0.714296874820178,0.0849401614507195
1.00315793083435,0.0684331142008607,1.1438867100369,0.0578820646340527,0.888264763711672,0.112342606787633,0.0366009458853813,0.0486230980687437,0.166998171883693,0.069089430695832,0.877874939656331,0.0241316333243301,1,0.92617775347799,0.127350085332299,0.188758353224282,0.628815646770611,0.0649021255470169,0.731536391922152,0.0578863269134044,0.746033985691296,0.0606441448903356,0.620668089279138,0.0715147612483835,0.725309836477022,0.0922166662149647
1.12127495033204,0.0770964439385967,1.08804917910928,0.0596752743369752,1.03139003049043,0.14116107546753,0.0986093868086096,0.0574475696027528,0.207111364327902,0.0761097161666751,0.907765174214919,0.0174999396519782,1,0.649431479168629,0.285726842300665,0.204885799211322,0.691592527890037,0.0671477353175768,0.778611141022097,0.0620768640554247,0.674261062132038,0.0665562849359607,0.710500741428604,0.0752310792627793,0.688785472412733,0.0849737011706908
0.924325065495326,0.0767241846226125,1.01303872473495,0.0552127379792619,1.23405158068018,0.158468989848507,0.0867179868545915,0.0465187486867766,0.327130660057609,0.095911382625608,0.900844603765985,0.0211597383885478,1,0.999999999992596,-0.0942392141025902,0.214551332202097,0.713885574497451,0.0631155997503279,0.624612369945919,0.0644271241923396,0.735183995110487,0.0634115308401094,0.742162553688294,0.079128389617795,0.711275754136572,0.0955350048740936
1.00382031562166,0.074488081093168,0.990674676240794,0.0525451485234696,1.10075555300161,0.137849678134022,0.0453086185802841,0.0327300278581206,0.223324234019317,0.0840398270536684,0.913668852134829,0.0164871664502955,1,0.999999999992333,0.0648092112259951,0.208679953943347,0.67915217454534,0.0606776918750718,0.732910928314539,0.057596288411202,0.649048359465457,0.0638474242356262,0.795866674684127,0.0689054628694279,0.588193167856013,0.0929139976248702
0.994386905867277,0.0711039125226213,1.01205791421412,0.0514534244832858,1.03460820078875,0.127862989213652,0.0148390409387714,0.0180841009611117,0.123905582774038,0.0766547974513884,0.871445825086317,0.0261006535819585,1,0.999999999852825,0.0500125650811173,0.190659801887604,0.633564833881118,0.0574978393564875,0.66520038877043,0.0687395947154301,0.743743578332991,0.060415079367673,0.688058747058305,0.064190236103234,0.59337420505529,0.0860303454784205
