"beta1","beta1_sd","beta2","beta2_sd","omega_b1","omega_b1_sd","omega_b2","omega_b2_sd","omega_cov","omega_cov_sd","rho","rho_sd","conv_code","omega_cor","tau1","tau1_sd","tau2","tau2_sd","tau3","tau3_sd","tau4","tau4_sd","tau5","tau5_sd","tau6","tau6_sd"
1.03452024020838,0.0979684117394566,0.940340508825771,0.0838264921541384,0.777371297031458,0.122263929418779,0.0305381346820722,0.033577798789384,0.154076180372839,0.086328201413303,-0.590816583604754,0.0537616039600967,1,0.999999999822232,0.212878557644145,0.19182771120784,0.693536958396603,0.0729976776939532,0.593073168704192,0.0884379244839694,0.642050517442604,0.0933778772461814,0.500215295524482,0.112595093769117,0.731557756707242,0.130042947339628
1.04090001084995,0.11440852953403,1.01720057383097,0.10098091494509,1.01255875881498,0.16133764994886,0.286960409618461,0.154555560596626,0.320324795360419,0.112835522789277,-0.632498829450504,0.0499771118230144,1,0.594250352751811,-0.158356254128155,0.21757268956479,0.682256217623016,0.0895394415293281,0.776739429034665,0.0832783076913119,0.722215877658993,0.0976977375132805,0.781402492786517,0.106530821794243,0.784036155366771,0.110805720587493
1.13340545535236,0.112993290609835,1.0119778644221,0.0876587742983404,0.976664887477749,0.151692462292178,0.0509320832196984,0.111874638048484,0.134613458944471,0.0978628958646248,-0.536449842651071,0.0680623663331967,1,0.603559342156016,0.313034360256682,0.212116433341377,0.687560613888115,0.0836189088825979,0.738504937301937,0.0850324141678775,0.74154533342888,0.088553094139814,0.587127351802399,0.11828151282528,0.755228924162315,0.119167643798195
0.927594275554988,0.09801548197469,0.941113345642231,0.0899225315802048,0.783719396975311,0.130237936514806,0.159610712469559,0.12434477396132,0.2818498649339,0.10422691518985,-0.512122618754446,0.0736949342825015,1,0.796904932835544,0.0609886739122716,0.177850703249397,0.461005505896854,0.0897218662305359,0.691386084862584,0.0776548016349258,0.574084708887967,0.106341116690174,0.688152560912632,0.109021268627705,0.602235163454429,0.119930703947724
1.10116511087461,0.122378835816773,1.04314870579771,0.103920644686467,1.17586645480369,0.198922508432031,0.21700848143704,0.124290610665017,0.0497250063566307,0.120100688369086,-0.633807800126074,0.0523556096871422,1,0.0984368013012739,0.121014057279315,0.19962894526038,0.784429041941188,0.0882708765052683,0.794450854420087,0.0846760012637711,0.839187607616076,0.0990807734557775,0.483502420512951,0.129643782411068,0.873164853410838,0.120821741842824
1.00328219505285,0.0928209913187056,0.887667863246762,0.0770081085762954,0.817502846751833,0.121183115875415,0.0491290556767036,0.0750508212587392,0.200385384143585,0.0810776871031993,-0.530816602948537,0.0579420608238658,1,0.999889934135056,0.34483937690408,0.166933200995079,0.521918353923238,0.0947706528288349,0.578197383785624,0.0825623618866794,0.637268427447159,0.0899259317770035,0.663937262076693,0.0915327494001634,0.506200867200029,0.120061193177247
0.832536873565994,0.101446039288814,0.912079203832332,0.0821795352749637,1.04267212874057,0.162828313320995,0.0178402142846041,0.0227307851479831,0.136387294808808,0.0879975302510468,-0.566063837269553,0.0589601585178081,1,0.999999999461033,-0.37440188644713,0.196923685142347,0.816354388474509,0.0770527330704002,0.704203384957771,0.0770066734381507,0.560579809154689,0.0989981399137934,0.732879260577513,0.100822876655,0.5464064083717,0.14033556292722
1.15558853231983,0.135870102611426,1.09081730216706,0.111996678003379,1.34981339590457,0.240687553244949,0.178801428645427,0.132138623417997,0.255700567659901,0.152431187712823,-0.701454566506741,0.0468393318515006,1,0.520486336266489,0.00235369456229113,0.276534713040168,0.973016086301528,0.0866903885583658,0.912729580080016,0.0976094493603427,0.479554671871349,0.127405876407019,0.840613058260456,0.114347939361576,0.746092157343257,0.131100667761091
1.02975729428489,0.105854114084132,0.943958811164479,0.0769095342191626,1.09589817249804,0.172380299146767,0.0669032340937061,0.0557455844597208,0.270775057888792,0.119050067715581,-0.606743984753687,0.0532559933162542,1,0.999999999980752,0.158211151157548,0.20363079383588,0.550275622323378,0.0876085664757031,0.770676186036911,0.0799277118823994,0.617201370043129,0.0980064728724357,0.761424437915776,0.0986479426676552,0.911153006851679,0.1146671008827
0.988459713745001,0.112427253627325,0.928951624923525,0.080801118840175,0.959357797089164,0.153432258879932,0.0529326341469918,0.0430497238803088,0.225347143955488,0.0950625941565504,-0.609090012195751,0.0538729029682588,1,0.999999999995181,0.144584193586002,0.229134993582849,0.613457231792418,0.0887128651173371,0.67931064036035,0.0876080880501568,0.599115401038611,0.0983078317665588,0.730456157904092,0.102935456481968,0.715815466712409,0.115973161792671
0.9679647332842,0.110153841928968,1.00441163487259,0.0996249192872477,1.11577071067744,0.184841427532899,0.158656699589069,0.120663816315317,0.260087562952705,0.133696792793274,-0.701299748492599,0.0455938252867863,1,0.618162846385903,0.116719956941605,0.207841742529431,0.724560341982249,0.0868371701118796,0.819602742470204,0.0880020623679388,0.87350656091181,0.0913343485513757,0.823937599157011,0.11217279391367,0.61688374598488,0.154962631014269
1.02985999848646,0.113764049833099,0.932379548740305,0.0906159789783047,1.07712049168902,0.175820438401295,0.171045348271565,0.126665247665739,0.30503337770779,0.122638279706676,-0.610396066717575,0.0528248912994281,1,0.710656259818782,0.135965968217962,0.226055246021331,0.651112943867278,0.0951232924511468,0.703415795160088,0.0854104880014754,0.765951258506529,0.0982223995834438,0.76777595076992,0.112965060460356,0.741573734970289,0.134292386257529
1.08679427872887,0.1200956167189,1.1927972194028,0.11089093610233,1.18990011115538,0.203872831639465,0.144829143870395,0.117342005173053,0.190145523716692,0.105295684791405,-0.626599653890101,0.0572877998148565,1,0.458039436511938,0.0109901625279809,0.230157795568391,0.762897142217444,0.093697127096035,0.786316721119489,0.0971129730543471,0.763750307259296,0.102210962169256,0.850777458915706,0.0965510362758975,0.786516435198611,0.127268761884925
0.811248932735759,0.107052448987696,0.946701908612267,0.0939187837662764,0.968393103270352,0.167949243450958,0.0640780059589422,0.106540886588616,0.0910092638424632,0.110133486313395,-0.584156788085387,0.0618838798548625,1,0.365346762566071,-0.400823475023353,0.236222474517542,0.836232744093484,0.0826948893959459,0.648650185043649,0.0933074603863235,0.610954619565463,0.0957588111464707,0.700449427187323,0.119687847375387,0.727538681496645,0.154520603952429
0.914375520513794,0.108471902508449,0.95802343041433,0.0917116563530457,1.05295436273977,0.172950831389602,0.0483615304422804,0.0468570857856568,0.225660101510703,0.105456211582922,-0.598282436338002,0.0599140214621414,1,0.999999970011764,-0.247477643634031,0.235789064321257,0.755860948147183,0.0841335977876933,0.729178679287372,0.0819397190439817,0.681672331777492,0.100574769186009,0.81129581970097,0.118939044328971,0.897289749363317,0.125412057346722
0.847559552751119,0.0978808101175299,0.872318655072786,0.0866449049669495,0.86788720425224,0.1439416347053,0.057762814356947,0.0957772117490197,0.154854060057182,0.0832294668227387,-0.638980701333305,0.050897493114081,1,0.69161878600148,0.0681302272136425,0.230953938707619,0.755492287548041,0.0829243201933242,0.613037776752927,0.0987707160728004,0.737444182176068,0.0950149301546234,0.699645402628355,0.104224451347425,0.787218327256637,0.124341578622625
1.00835081331845,0.0993482029860166,0.981879204298966,0.0800264834497104,0.930763960756981,0.142372410405446,0.0630448338769098,0.0506937036212164,0.242239260394413,0.104089343483044,-0.564490820071692,0.0543192267159639,1,0.99999999993093,0.0820845989840954,0.204032641040254,0.620883033985151,0.0860055540384236,0.639746352500636,0.0795535547050186,0.559964075674668,0.0982140085029661,0.755610787821274,0.0899281768241906,0.737446427753787,0.112959510982939
0.889919271925089,0.108016227779461,0.962898978436544,0.0952684063914679,1.09695024667965,0.170132425336583,0.215258587549436,0.111206817451773,0.485929995460198,0.138989752632691,-0.66701105991954,0.0449220530015245,1,0.999999999525005,-0.269719800780167,0.222615910876903,0.708757254354657,0.0862501236220801,0.674308395019043,0.0833710427532989,0.636340295363579,0.0951502438614663,0.824396372453456,0.0953208236905717,0.747435228610534,0.12042383435873
1.0283588190596,0.111543205566389,1.11389105260611,0.0925314397218642,1.15362666070371,0.191303842211979,0.0402828877382975,0.106531177172178,0.21556252103153,0.123924662888118,-0.604801311737554,0.0503633850809454,1,0.999954672273231,-0.13439260947342,0.214978512849885,0.82309723377068,0.0909414910701166,0.555500316228001,0.0856752422844989,0.805317054940746,0.0897392690063152,0.742203014615622,0.107442855489947,0.664822763508792,0.133908827098595
1.11281589096677,0.0992264452606416,0.963662701558924,0.0866427773588433,0.856265361903522,0.133462042692794,0.199545346198862,0.0894206803547753,0.413356708036762,0.109390596468749,-0.609955860217467,0.0453812435604194,1,0.999999999999579,0.162858839268908,0.195248624093825,0.687182636532453,0.0740908357733649,0.772097155564369,0.0712760845942014,0.737138527010584,0.100870055139885,0.743677717230854,0.109870417605462,0.827289254202252,0.106892292803654
0.999287005086881,0.107413108536541,1.03284160488414,0.0907649083871813,1.09435918976603,0.186300132557528,0.122073651454356,0.0698055442840678,0.365502971664018,0.114480740511093,-0.585171915493335,0.0659383585863859,1,0.999999999991985,0.148912364190698,0.217355809907002,0.652606585634654,0.0934705098562584,0.704174160318118,0.0951096087584624,0.667245656625736,0.0935981679752905,0.848777998858236,0.101406327920367,0.747516305168732,0.115469373438619
0.984165541818938,0.116134409447963,0.959593768929477,0.097637299569619,1.27315286083913,0.2029968850613,0.0657392198695856,0.123536443849904,0.218448171949133,0.130684105873033,-0.630785649714529,0.0485522913014032,1,0.755085041121736,-0.0391869331939688,0.203897131368693,0.744236086771947,0.0827563215709547,0.692012313431914,0.0876116321050889,0.5759090701933,0.0931489508535548,0.774776028410335,0.1049914124045,0.684151091164577,0.135761607838997
0.925804389318945,0.102803384623937,0.955458621727796,0.0904223263439863,1.13675782633528,0.179080133287944,0.0234710504997826,0.0299457280166712,0.163342891937138,0.105482797941,-0.683685922446716,0.0419083386410511,1,0.999999999970936,0.0351285328370052,0.210139898040877,0.670779572931585,0.0887671008934025,0.612780469818466,0.0873834041002647,0.729257548456113,0.0881713598408355,0.678539941295297,0.108448044950019,0.815562196858225,0.0922177165935741
0.857430296478017,0.0953366711407173,0.944862876645903,0.100597904075109,0.879060352403214,0.153285833176966,0.0999378273557532,0.0680867594442297,0.296397337595485,0.112743984663205,-0.526754248266294,0.0712809824006706,1,0.999999999999613,-0.206765683489231,0.186175223187665,0.732941689113116,0.0817297691445835,0.584924907128433,0.0971811180568851,0.740570963566798,0.0972825105129085,0.483104158787441,0.123651523405593,0.649945167694086,0.131475069049721
1.0424023638555,0.103407905662725,1.0030430733361,0.083642939976708,1.03352356401815,0.165481848237544,0.0680312720429764,0.0545172870989555,0.26516395444954,0.111323882296158,-0.606296220651244,0.0516378328767181,1,0.999999999948602,0.14724786600145,0.197463519785493,0.548515567851922,0.0904298680420408,0.664381276455812,0.0781613675005287,0.747162585851883,0.0952175507747837,0.809903869349218,0.111948461530655,0.630756912273635,0.12544025762133
1.01782643483949,0.124562299082445,1.13173464724418,0.0975498362796013,1.51071467278468,0.250394923929583,0.181961003902592,0.105497468251668,0.524300637486495,0.172944041793918,-0.628772906807386,0.0551256024840524,1,0.999999999997214,-0.23509004730794,0.255488318487446,0.770157882264473,0.0908859964568258,0.681011425190021,0.0877932999448692,0.65353387105522,0.099322668932213,0.664628282290708,0.118470138378324,0.755281200865571,0.128552657436725
1.02050425473908,0.117868357707879,1.01082859407456,0.0959849400831149,1.138445788559,0.19061055756738,0.18562046941832,0.121261490246277,0.194206840034005,0.116315296807517,-0.648515733205148,0.0497143939173366,1,0.422469549014906,-0.117942513719489,0.203113592192146,0.745734726829716,0.0830296704313438,0.81323333179876,0.095173696601887,0.780852186326085,0.102126320995365,0.577392264084195,0.120241430703822,0.775429014965952,0.121047175066166
1.00757482095819,0.109741896167218,0.911294952690357,0.0940136436409508,1.11990391261966,0.180093603580604,0.0474034893268777,0.0446514665100083,0.230406925499042,0.103828820128852,-0.668419439804766,0.0525014867646557,1,0.99999998256578,-0.211639712296411,0.183065511205461,0.768915164001819,0.0853560660385956,0.714283168161051,0.0867080437128515,0.772230447770541,0.0919463091812249,0.827855959291388,0.100942891378662,0.918648197243612,0.12535694071073
0.948514717643288,0.101373841176149,1.03158534811737,0.0861887298139714,0.87771718908618,0.142778544952156,0.091304304695554,0.0547332062068645,0.283088957143952,0.092355139176056,-0.45082738173489,0.0845899520590092,1,0.999999999925135,0.0883143052986762,0.206322197920164,0.730937680357957,0.0788578429926986,0.507243383286997,0.0872229941632458,0.606590133480673,0.101922568937947,0.559668313926501,0.123651050142305,0.498472177810694,0.143941190988886
0.949494865280105,0.106096533762132,0.913953392461433,0.0844049159704338,0.901197888987228,0.157889696132742,0.0503966305834892,0.0538487687770394,0.213113437149241,0.118557061036967,-0.566400627032757,0.0643513585423744,1,0.999999999996189,0.374145200442596,0.218347692788243,0.617079146108149,0.0800911615536056,0.778736231129143,0.0819246116895392,0.574637745725385,0.101953576895353,0.582123510087547,0.114258790141834,0.72591945356922,0.148336927656433
0.873117287604312,0.119877252175865,1.10739753270706,0.100877336256088,1.38131773005799,0.239483024627311,0.175751911604156,0.110680390533849,0.49271617630675,0.173048997372866,-0.631216533857987,0.0540245472361123,1,0.999999997536631,-0.31374517013606,0.242363697334612,0.66312395824387,0.0937057804146153,0.782154508991934,0.0942100623866841,0.700727075665175,0.0974547637061212,0.789984746384083,0.112605647167353,0.669507578656764,0.132629608175798
1.02441936432923,0.105706202897764,1.06729423763895,0.0917901592577888,0.994173722175865,0.157634345696086,0.00319300024790757,0.0166820523792622,0.0563416757251352,0.0981086381178102,-0.664901531708547,0.0470712347757037,1,0.999998028307894,0.171077205833997,0.216815895278606,0.722580089007399,0.090035548486097,0.747426033571542,0.0847494396383263,0.797765848461055,0.0879723859657881,0.70545354887666,0.109246772056277,0.709003487153779,0.109385417999853
0.972605150876043,0.115687973480217,1.08531668337369,0.0989224963264276,1.08212582764168,0.189598101610152,0.0635421069012386,0.0617549363896592,0.262222338904083,0.13473943531842,-0.612898454828165,0.0667783292616029,1,0.999999999998027,-0.06296182681838,0.220902699241256,0.625799390377111,0.0941892699588096,0.695713705009516,0.0926962454997821,0.723461074822558,0.0901991594673648,0.729861748845695,0.103948741951995,0.661990843195529,0.139557107768664
0.935211943352879,0.111439440827062,0.896594315601893,0.0937742138686431,1.14849731031315,0.194609387307526,0.124864382138029,0.0776662851574022,0.37869038408924,0.129340840335904,-0.630597905819014,0.0505973543811939,1,0.999999999868263,-0.315737942251521,0.222803964314253,0.656730148035281,0.0911375183200768,0.554404513103649,0.0910647737083423,0.806525775948759,0.0887226388789569,0.636208375251556,0.113663081320053,0.661418685110696,0.125891975656908
0.901822922029888,0.100701838725916,1.02287097529403,0.0943331621676803,0.816192238524298,0.138762853828978,0.125211654413156,0.111295994764615,0.268176761361521,0.0987411485546222,-0.589421274503117,0.0584644991422067,1,0.838885203926631,-0.406315379363781,0.211716375547075,0.628903640661897,0.0967104893597103,0.723604548575626,0.0800837684125773,0.754896151599703,0.0889721356154682,0.669837771799793,0.107765846304922,0.589911240129749,0.141170176741677
1.34651877868598,0.120111113264176,1.14579425972407,0.0869407021145313,1.05768915505163,0.170876698481104,0.00640114546672684,0.014573636699433,0.0822825749436213,0.0950926396700023,-0.606378417653411,0.0612530907340539,1,0.999999999947402,0.204165703449366,0.228004641684512,0.815278919316048,0.0879914807322043,0.688182654820213,0.0849317804891778,0.783011255315601,0.0981547355495777,0.766610784647963,0.106952094752036,0.72919336942374,0.11320605627323
0.855922451555625,0.0971981929452143,0.82282441720642,0.0838562544930908,0.930960238741046,0.150454076482961,0.0781145732349808,0.0751665885362175,0.0726644459518877,0.104900827650228,-0.565438857642079,0.0547254235388137,1,0.269457556982079,-0.0765828751906593,0.202317290880322,0.665776286588599,0.0837452600448025,0.910591399897685,0.0692806550680926,0.665727218178924,0.0945689232196678,0.644199483961031,0.117883621231244,0.809634813143808,0.137378826599515
0.951237684638209,0.108805794833766,0.960212463276342,0.0876610654656795,1.11281895538454,0.188343735279638,0.000151500325815336,0.0892040832982227,0.00497650089012007,0.103161061733667,-0.582890019642545,0.0554106368740525,1,0.383270192943092,-0.289620245202109,0.17423738684426,0.755597122298549,0.0817062774096055,0.693517101985377,0.0851759051202283,0.721076788804855,0.0882225508299959,0.599008937328868,0.119960423316157,0.549542503686866,0.134798887257984
1.07324092109644,0.101615958158286,1.16496073193919,0.0870913126439498,0.985231806821002,0.147316396415586,0.0650870873777576,0.0486116443789801,0.253230860473472,0.100566508151778,-0.58068398636098,0.0498665426648256,1,0.999999999986202,-0.140222076862806,0.192402135746009,0.74271678424008,0.081291358013492,0.717587811663582,0.0798954455434037,0.909494586527278,0.0808590846030038,0.746941943446603,0.105500725865921,0.747014222904843,0.124911575957861
0.911769617754453,0.103026753812186,1.05097004130673,0.089682185438409,0.962298963348816,0.158747249283227,0.06856431638639,0.0523314498620732,0.256864498477724,0.101963133310236,-0.641266962911719,0.0497396748447675,1,0.999999999976274,-0.380652888050711,0.223903809801592,0.854801728293453,0.0773691805460301,0.741629056146227,0.087874520054941,0.572931711832678,0.103404428386703,0.736867450242014,0.108095343095674,0.695608392884506,0.113021121992995
1.39127836193321,0.135713003458693,1.26973407918834,0.10912737993179,1.31288635501393,0.223065745493182,0.35448984423467,0.174562864172862,0.194342603959378,0.13351250346242,-0.662804190895411,0.0479597454890305,1,0.28487382790643,0.202348525865947,0.256578526630431,0.917148969067173,0.0833762026258395,0.616652588040922,0.100544387465852,0.782285223465301,0.109429208560463,0.828222037025661,0.0991996444886947,0.999084707406327,0.101542491358988
0.742327271718058,0.0956669992748937,0.842577388797659,0.0857108672128093,0.921980101237325,0.144837389595894,0.0892342688374885,0.0976853721198862,0.117785982768792,0.0965519172881311,-0.563055283611188,0.0665569888183084,1,0.410645436792803,-0.189336588589229,0.188750661280401,0.579962214628503,0.082868710259861,0.54577741460048,0.092193756438838,0.626971051720058,0.0936996196392632,0.634564608928716,0.120928823221553,0.667296644672877,0.127012451932825
1.01236279102624,0.119243253525545,1.09090804704112,0.115856700262785,1.35327734004113,0.227623505207114,0.19045215249064,0.138151168362287,0.354264250994336,0.145294575036255,-0.690500956363418,0.0475998396913728,1,0.697816094784163,-0.222801359999388,0.234392639080231,0.806755047586528,0.0960429650751727,0.850330285431719,0.0846828945717482,0.688610357534195,0.101870140872144,0.796417912140854,0.10223461351527,0.945752162333368,0.119465080499229
1.02291162442793,0.104680315838665,1.04035553400102,0.0808965768297118,1.10353107286428,0.172740144693151,0.0330608044133075,0.0360433375123342,0.191006871348029,0.107635068640341,-0.551063433460888,0.0625679417592679,1,0.999999999152896,-0.104951550730251,0.218216603656428,0.791532926697293,0.082970509022078,0.59459373912482,0.0916720330076831,0.812562601033253,0.0857862714119901,0.739926659262293,0.0990431151805341,0.726886255943311,0.133386128453616
NA,NA,NA,NA,NA,NA,NA,NA,NA,NA,NA,NA,99,NA,NA,NA,NA,NA,NA,NA,NA,NA,NA,NA,NA,NA
1.00391519527102,0.100313098409163,1.03720066839363,0.0955596526445215,0.89599028404427,0.152929781951661,0.0825751433440565,0.101155380322096,0.162281528795195,0.101666802399506,-0.70740672986988,0.0416354954886319,1,0.596613082216267,0.192594290356393,0.225240741516982,0.764187477571662,0.0825978840413274,0.786538602547306,0.0819735012193915,0.667259240534909,0.104296746600651,0.612949609469662,0.116205194202909,0.851293716925147,0.11458280849816
0.813559081658775,0.0979657927181753,0.861226470327751,0.0878402968545967,0.851111098346961,0.152460219518165,0.0178132086204794,0.0273851926675822,0.123130090974256,0.0951772188946979,-0.546785835095964,0.0679091917233234,1,0.999999991731055,-0.0546877585728879,0.203242086519774,0.659767234346691,0.0878916339931343,0.557719749611325,0.0939072882177908,0.572058787090426,0.104309989096924,0.51251423724604,0.119496506694637,0.583532899159563,0.146460820932693
1.05976292115457,0.130277520628361,1.15388280292919,0.107102355626835,1.39746548403199,0.253559042826207,0.281202989456589,0.13363233814488,0.456528112369873,0.131658276905386,-0.637391442050315,0.0586977023847941,1,0.728260934783374,-0.161277897813563,0.227971284889978,0.757618417363173,0.098717489326528,0.649716945242881,0.0977787691741229,0.877330942170042,0.101603789565596,0.661558068546171,0.110180669537653,0.59385986814427,0.150793861018474
1.0556359610913,0.0974008996715528,0.90645779318691,0.0909766016215222,0.761023269969202,0.134553970247219,0.0656903126386397,0.0497871590909515,0.223588587200055,0.0901688224183784,-0.585501055136813,0.0617209055378591,1,0.999999997965268,0.253171126088542,0.21067073299389,0.586820834861054,0.090297656658975,0.61603708716781,0.0923114532861663,0.684847162724,0.0870894292692893,0.661636330730327,0.108083250491782,0.773669062910697,0.128350080671562
1.06258555821014,0.104846771991587,0.942515484076421,0.0973771523799487,0.805313967368974,0.126375290459729,0.238226630590415,0.139712499935259,0.161035308858529,0.103946567326076,-0.678620758268551,0.0462800607904449,1,0.367657424583475,0.202236116752698,0.233687470369651,0.643278736462522,0.0940726308561672,0.704050042252819,0.0872163078026036,0.803205509301159,0.0943267298756427,0.573817669056406,0.105831758366358,0.898168035587762,0.111890112210311
0.879882592409017,0.107204159343945,0.935571416587181,0.0887821736348401,0.94082310396601,0.141754751098727,0.0875434245281927,0.0530894649117938,0.28698933116976,0.0928605242956144,-0.651588773547036,0.0468667769597595,1,0.999999998839513,0.210729019086751,0.2341980897101,0.585513381878774,0.0823411857289906,0.708845358639179,0.0851718827338079,0.620559798960506,0.100798473180822,0.497091054104352,0.122059915337881,0.601748522793661,0.129915958369391
1.21694878835784,0.109078922978409,1.06733878141585,0.0988319352489956,0.955188840491478,0.136078677131572,0.26198471038622,0.139183975836748,0.460948223770951,0.109089502248023,-0.62228234720073,0.0449245518275324,1,0.921445286169884,0.15169338088676,0.209824914594787,0.715956713710714,0.0856755246468281,0.776172286014416,0.0740784771915372,0.65770599389185,0.093834822562385,0.898752592011619,0.0886830990105311,0.757429626948744,0.128727709473159
1.17939712925765,0.118467739140468,1.08557523814718,0.0963628281244153,0.981529011930164,0.153258191278163,0.110428768084211,0.0894093931893277,0.284438038835329,0.106530871197355,-0.637556988665038,0.0452996927398787,1,0.863962696856626,0.353083061088894,0.22657384043749,0.701116621875853,0.0850029393611134,0.574808088928102,0.0890850604678146,0.767744863709057,0.0851160261964455,0.823102218077166,0.0930142247875198,0.728161265133892,0.124604658391428
0.822058664289537,0.100187028442599,1.02302528134198,0.0828680494446115,0.927368602773029,0.141706147613225,0.0175987829527932,0.0734650097848902,0.0875065501540698,0.0939051944644057,-0.613599242709642,0.0445893192244891,1,0.68497236589375,-0.510600899020615,0.203560990788835,0.653196000042453,0.0829864566131533,0.661943026539669,0.0793689948237281,0.656569013934479,0.0905880412268204,0.881628000377169,0.0999997896899381,0.531207648452955,0.131219355037675
0.963242508666836,0.104392820655752,1.10335341064186,0.0953730784508916,0.942194274203186,0.157026017992675,0.044429727692607,0.0756492991175899,0.190928833710175,0.105461181992843,-0.588061207193202,0.0588774485183285,1,0.933177939846167,0.143868383529495,0.204125151067703,0.762665449319613,0.0811734747580133,0.668165589374418,0.0863790734593085,0.742892817386517,0.100501281242458,0.673944797685305,0.122138940285783,0.735976431926148,0.121202764961609
1.03813161236015,0.10083492324301,1.17326029199781,0.071483190959851,0.898872423307838,0.142160620610939,0.0454139616197427,0.0388107668453333,0.202042960067989,0.0899863962459581,-0.614104522740672,0.0476778624899785,1,0.999999999753653,-0.0997204309652266,0.244113246664392,0.808350312194444,0.0754135244270742,0.689837495535166,0.0823701665972679,0.723334283564055,0.0915731352153335,0.762619094818071,0.0973402302022831,0.688421412789345,0.124472110868176
1.10872487888391,0.113134936677685,1.0412386946623,0.0855956458892557,0.966995165985595,0.153906135001843,0.026543265828214,0.0331537171773319,0.160209890634233,0.0994998231132297,-0.574609001565403,0.057814447312313,1,0.999999986591441,-0.173728921697538,0.217243064823838,0.752616158001858,0.0861040055934698,0.730150015562965,0.0830157652727273,0.836538580970749,0.0889084108573279,0.718614144341413,0.0955469916508075,0.813009130152351,0.116887571379765
1.03628244579084,0.116321632833642,1.08759015003431,0.100555827800913,1.12505168392294,0.198040020377384,0.228149452218798,0.130667299966344,0.227308324543255,0.11752395677153,-0.573767020301832,0.0663268505201661,1,0.448662104021041,0.096694084905374,0.213467027122824,0.715451970119132,0.0894138701217557,0.762119935337668,0.0969870952906685,0.672703383024225,0.103309627666713,0.740159149417514,0.113098449621266,0.721681577283338,0.130426379513183
0.941750943104981,0.107330536701757,1.06338140410325,0.0942412254653382,1.02163845352188,0.170887369035706,0.0455061111127127,0.0882045897179783,0.0974265131308269,0.113323357973319,-0.517232299355131,0.0694201779519367,1,0.451849371555493,-0.712549536957636,0.22682449687518,0.729813447873673,0.0812432911249102,0.73647662579795,0.0916322337067815,0.54408625026625,0.0988077588787596,0.619497257119875,0.107599362784407,0.590519243224225,0.116831950351026
0.952511653905773,0.0995104059230279,1.03315744304667,0.102923140162548,0.862422094990788,0.141588464149338,0.348854278721699,0.174708775343012,0.249509898891028,0.105912186548313,-0.535016788513457,0.0659088227317696,1,0.454889399075358,0.0291328572368911,0.199678235714371,0.715550357809961,0.0827508217312735,0.602758432369075,0.0922276377235774,0.803613333355088,0.0921318146437302,0.704695959927521,0.107873346089756,0.897881248344738,0.119991532042772
1.18937884307049,0.117243767540682,0.998784843953798,0.0875058505116061,1.05672248896605,0.167563118212523,0.0422082624843101,0.0420086839462776,0.211192850699005,0.10869203839561,-0.643257596926897,0.0479049852542509,1,0.999999999989008,0.216353918070392,0.203882271489775,0.668931702221133,0.0867289153290959,0.732179204721173,0.0839292318677498,0.784591077686534,0.0865708906571867,0.870465554588548,0.100712160452711,0.650648632564863,0.143733253673441
0.982525737153423,0.102596143953895,1.07563529920827,0.0986206435448642,0.914318960569352,0.137778364320614,0.148884457423246,0.118711440499817,0.33487362112719,0.0957352883946834,-0.62696549789478,0.0463213859085877,1,0.907626973533828,0.136818237601644,0.183941430459807,0.659107302991918,0.0847570987554772,0.617131820886185,0.0809954479929039,0.755657876824877,0.0879322529402179,0.705448873579322,0.108822323223228,0.725203301017963,0.116927679664897
0.963302779222011,0.0928402666088473,0.991940465970484,0.0856664098716555,0.775316768735583,0.125494965877098,0.00208503687786329,0.0873015593885017,0.0401793034835365,0.0896121948524605,-0.654142417866721,0.0487867594662045,1,0.99932314249561,-0.0263838637626893,0.183317405573414,0.702741223981686,0.0874976472105366,0.80436170639808,0.0780017297616578,0.68767568959263,0.0942210277092326,0.644377400831126,0.108896730547852,0.587377917212492,0.136164024928589
1.16371846798312,0.111546142593056,1.09621144972171,0.0914662873641108,0.924400150407244,0.149698987355468,0.0581901924988987,0.053994920537924,0.231928917334799,0.11332743187952,-0.590302606331114,0.057320067835299,1,0.999999999980327,0.150628394621765,0.231383685459278,0.675654513532487,0.0915480899617181,0.708505067986437,0.0795184264242917,0.702389767369861,0.10164602664011,0.650331291338955,0.0945398880467621,0.693017776148876,0.12438332409242
1.09114995296703,0.10640765406205,0.902578259442642,0.0869798890392694,0.872231972273338,0.143814763721759,0.00649673908014299,0.0149646592105349,0.0752772444385172,0.0874937930894072,-0.502821156310718,0.0710484744917652,1,0.999999999032753,0.0885163808643067,0.191774530645732,0.777601270588822,0.0890219573559631,0.474123877355908,0.0957919052875342,0.621692621077063,0.100290155789261,0.675061367990988,0.0960522573151218,0.670146964436177,0.0982223376145743
0.972495007758034,0.112580585181566,1.06029011703832,0.0911753649421449,1.15978860672989,0.196326604257057,0.0216439409026673,0.0355475527322695,0.158437356894512,0.132730904253748,-0.597692951429076,0.0565358268800201,1,0.999999999921728,-0.157764976352106,0.20254697402485,0.728366335009046,0.0875897839465896,0.656696255883329,0.0904421366722138,0.68494551683505,0.0934995478288708,0.730695750263241,0.112329334192704,0.625556145578036,0.153907417703923
1.01250173864733,0.112874761916361,0.953199078256971,0.0922191223398339,1.17459559927527,0.188991290369523,0.114746018012484,0.0901200259723178,0.345147028655001,0.114928456063602,-0.64967590164058,0.0478307700746599,1,0.940136994549896,-0.344707021486116,0.216778965832969,0.728962373249448,0.0911996569647124,0.84690579387178,0.0793685408489556,0.63086697053121,0.0900403017614357,0.762080288307174,0.105103792582478,0.745867367805164,0.127659573418585
1.10334730433116,0.10078599299034,1.02959077808662,0.0889385579243276,0.806145096358134,0.12093450560445,0.0993938885762783,0.0700827816537963,0.283065179541923,0.10750969648324,-0.662572155444201,0.0442851316554367,1,0.999999999908691,0.483983319037294,0.20913634213517,0.666210618579749,0.0894149971807242,0.572846409490584,0.085999174176573,0.74213047799498,0.0858946609712823,0.689206032088266,0.0864361601827254,0.907290784293793,0.110631059816201
1.13170049218191,0.128834388572954,1.04272278621129,0.103670847070787,1.30068993592258,0.218941135647119,0.195573346279531,0.135392303740725,0.368594553387457,0.129192585218099,-0.613617222988498,0.0566930674045977,1,0.73081455833129,-0.367873076561753,0.22233005168838,0.829079528501901,0.0939528972134416,0.645063115981285,0.0921870782962576,0.730265180393359,0.103436925422834,0.676435880199979,0.121266741550371,0.768152538482619,0.125917135864815
1.05538499109892,0.106870239949066,0.96573336243547,0.0871393291938931,1.15587117745509,0.178288579132361,0.0319816953618141,0.0315922604006921,0.192267313589358,0.0983942152813268,-0.587173336347151,0.0620373948587697,1,0.999999999999978,0.190880367023607,0.19718279330648,0.606947056817999,0.0868096832303905,0.711720451582802,0.0882410252193222,0.774971603237397,0.0929708025770823,0.662069607491184,0.104131533341987,0.689067252808986,0.120628954779968
0.992337415053989,0.0985877971721211,1.0937700154419,0.0890578784788932,0.905458524057791,0.138055736288181,0.0950713882019021,0.107050739598773,0.128291919229234,0.0906011899821297,-0.610444227454633,0.054910917455794,1,0.4372603556603,-0.226586370569646,0.192982409050122,0.750971613150193,0.0795474872600879,0.681712947292739,0.0755110607327141,0.657474708193199,0.0852058571259111,0.77858495598593,0.105860209108139,0.537733286361662,0.130527904093601
0.930535385075131,0.102576012408208,1.00321254550537,0.086925582718631,0.994034073622433,0.165315768020968,0.102054005418761,0.0946367775987069,0.141212015156372,0.102889857771256,-0.523773319398753,0.0637655027965954,1,0.443359468309569,-0.120704653862354,0.215316080674049,0.717099660527754,0.0843720347066191,0.733521635322751,0.0828058091326708,0.66656970502536,0.0964026180076751,0.531680725700182,0.108932234516035,0.673350567255413,0.128931729213366
1.13276651462699,0.113962271643263,1.0697257186578,0.0900409239549324,1.08095159765618,0.168121324497025,0.132021504045347,0.0814423339334693,0.377768256624348,0.129625837286067,-0.647471881928973,0.0495324625093557,1,0.999999999965697,0.0561900018113148,0.20478717888155,0.698714869916097,0.0864991147739397,0.726305979238357,0.0793418373393716,0.644887047815226,0.0982437806393906,0.777603846452106,0.110756058236035,0.666275615607115,0.126423742195863
1.03354766651954,0.104639287827322,1.10892004383597,0.0942197829386929,0.978896459463167,0.156362627868162,0.0940913942562355,0.0753251302064678,0.298867333621766,0.105847124145444,-0.57815094841411,0.05751171294771,1,0.984770699145274,0.0150089422398754,0.20464834553663,0.568006471239779,0.0887154004452912,0.643639987852077,0.0875501693611206,0.744830391400396,0.0909751477921413,0.67709146579132,0.101231560446716,0.62931394017927,0.109575295017426
1.20887233251825,0.117309936846489,1.11758429800311,0.0932580970165728,1.1416513703173,0.186963334773763,0.116096474793084,0.0904840368830035,0.298952324104295,0.118301843072586,-0.649610525050696,0.0467456873757001,1,0.821155992388192,0.265409611642353,0.198557120495552,0.573700367786684,0.0908190033004238,0.706499127884482,0.0895286186107623,0.855304569985537,0.0829585799886219,0.772549692750183,0.105801680311324,0.789150895695044,0.120505543073191
0.79886231164591,0.101419453971199,0.92618151932706,0.0852008245667094,1.14009707689458,0.176103994491909,0.0903532693332205,0.0640696577974551,0.320954043822045,0.122532644303762,-0.535627062611992,0.0582942164850783,1,0.999999999956556,0.0286887175356793,0.182834448486329,0.48643915089381,0.0900466429578437,0.77932944072112,0.0747783351373482,0.794038213781539,0.0917642339963904,0.69670621605041,0.107085443468058,0.779304082073637,0.123830505572587
1.19587137072632,0.124608527202926,1.12608380609284,0.108445877802446,1.1125260475604,0.184887895475785,0.335539685689552,0.174666195285711,0.350886964505213,0.128974261846402,-0.636615564578626,0.0528690875108017,1,0.574301821572147,0.294501438471274,0.266836378458352,0.668784972675499,0.0959679635283075,0.565555648859565,0.0935637679204245,0.787142423823058,0.0915656533097396,0.832969880203971,0.107724111117918,0.913723808257131,0.117171170516898
0.934815299061695,0.0973524988613436,0.907578318509307,0.0860101392473036,0.865269263279734,0.146901034029662,0.0333676951893133,0.0718538504308756,0.133957152960913,0.0905932935309784,-0.662375259538961,0.048821960046177,1,0.788364692077941,-0.00295658766032694,0.183281955026492,0.797715075780929,0.090122152346766,0.820033196147614,0.0842406191184691,0.530570088429871,0.0968267287012603,0.605492223224345,0.118532682411789,0.494924214673048,0.14586039722593
1.16648933047148,0.131720477724837,1.01981633116271,0.09696719866752,1.48085466009079,0.249275074955632,0.122109018913929,0.129345695709876,0.418036530568221,0.135932166866081,-0.643269388362126,0.0495380584154165,1,0.983069326555097,-0.165243470040865,0.202546900446368,0.806710358181245,0.085814825611072,0.817674213806965,0.0948595461592303,0.801498785844835,0.103409684703039,0.706338441820943,0.103819287928289,0.71997450245996,0.123890315386698
1.09251081123092,0.108232560331087,1.05985297875353,0.0880913099017426,1.06213617137377,0.164676037005581,0.0773510921277841,0.0521766057759394,0.286631109342467,0.103809630593105,-0.544590311010563,0.0555689313873184,1,0.999999999992143,0.192444692434115,0.210718988196986,0.637537741367441,0.0870459475936622,0.627400954628538,0.0862186545725172,0.668139625094183,0.092224589052414,0.669724098408194,0.110617536171971,0.571153289908809,0.129929964009448
1.16265546944686,0.116735189868422,1.08135095534941,0.103212627368146,1.07396765553198,0.169275397334158,0.266096046382049,0.140588478498917,0.387330322484496,0.117963608488312,-0.582689065757245,0.0547351557365533,1,0.724547205017193,-0.231930313735229,0.208202574343972,0.811904017849983,0.0869187279070664,0.897487243678353,0.0754200985615441,0.755571124678671,0.0881640441642115,0.815456026779259,0.109757605210134,0.613836985466324,0.139673570828931
0.912996600864887,0.102603236519577,0.879610661523815,0.0858195994976964,0.893175956723063,0.145700473212173,0.127939237512349,0.104401537212498,0.22071154837423,0.104675444576043,-0.470105846951037,0.0814033624507023,1,0.65291202387027,0.0846839907822818,0.243905855567969,0.555373873631639,0.0903774421738972,0.549229604763182,0.085335035853228,0.710254813579969,0.0902204331015003,0.532945280060219,0.126462058702634,0.662737142640164,0.128015864071565
0.809914876475724,0.0914186888445971,0.912007894851639,0.0936328676088668,0.91355351909161,0.155859050409203,0.0506868270153409,0.052090856813411,0.215186266183569,0.114706919897609,-0.6163015083142,0.0565547065932529,1,0.99999999959587,-0.0385670001157024,0.196604566400925,0.650367220209191,0.0810417309405613,0.610617163864397,0.0877904138436864,0.780827815409474,0.0902249610541326,0.505917693847189,0.127122663352171,0.711123737636084,0.130833242600527
1.00340676266873,0.108493108433311,0.952527677297454,0.0752824861519082,1.02253227341028,0.152382847707161,0.0582132547338741,0.0581363356605119,0.243977318007776,0.123814443890198,-0.629644082938116,0.0466874569467168,1,0.999999999971671,-0.0524907542787867,0.231922817993184,0.623923796120783,0.0896090511661431,0.655756443747368,0.0876811519077109,0.655300715815821,0.0897329835524799,0.655177206333341,0.0947757164094613,0.83120241025,0.106236121319192
1.15634471975387,0.119561474424073,1.19609850056697,0.104910914522759,1.28708531922777,0.214291281924953,0.225241450545811,0.140348388072522,0.352120057831641,0.134733412346478,-0.678698971473779,0.0464649798279039,1,0.653977698274078,0.119250248703992,0.218765457907624,0.819523631404312,0.0889987514618577,0.791666295267427,0.0878593310249728,0.72631081153555,0.0993556537518587,0.772190291849516,0.109082075271352,0.838144476605844,0.120144769325652
1.12872285176349,0.112170392321854,1.03010517131727,0.0771371105504125,1.00264802252694,0.157344862617267,0.0831608369267119,0.110090121639086,0.123402998022524,0.0966111395473871,-0.536361407912308,0.06014736404318,1,0.427358192963837,0.261294312171635,0.212436020467829,0.643917822105417,0.0789111914060585,0.720177805163093,0.0762313461517325,0.58106073910332,0.0915369385674344,0.748758932826948,0.100165502940637,0.485500038732634,0.151058089979479
0.863091700773577,0.088647434487645,0.988443901345606,0.0758428920970713,0.668535515998891,0.104673201344339,0.0550315051567888,0.0777353613901144,0.106435839513747,0.0715333070152073,-0.402101794976185,0.0813954062462009,1,0.554906679221398,-0.221875503623856,0.209131030835114,0.554645274214129,0.0813304954573345,0.590003394162711,0.081936818392518,0.548686858309334,0.0903283344982284,0.546318398746648,0.102504088572866,0.538474884872939,0.122867133043081
0.868704444816304,0.10805663092141,0.842855413190369,0.0831911599194097,1.04272249339379,0.162001841230814,0.0998206574466591,0.0603775739162311,0.32262244914249,0.104574270627097,-0.565906224226423,0.0662276672729625,1,0.999999999354907,0.290696477065696,0.20081373522569,0.48480048759482,0.0986310772549051,0.623535931116989,0.088012253364036,0.513589931071896,0.0895300186218742,0.751033576416232,0.103748517522609,0.844457506091433,0.123432741446541
0.875449236679842,0.106588459300271,0.991318631411773,0.0756516780867178,1.16108428491795,0.1783067115196,0.00954941197118882,0.0209590953392546,0.10529801457215,0.114332587507749,-0.550014373100097,0.0624199055323422,1,0.99999998660143,-0.0513604265278195,0.219158095229443,0.641745674296687,0.0832497347152662,0.641254114119575,0.0851728893791194,0.69275992826964,0.0903061245214397,0.704533594168995,0.10144858438395,0.81807877798881,0.106707032000925
1.1257394295167,0.114829896403116,1.02781633758553,0.0920174255952578,1.09088991955688,0.173457243759732,0.0735004623693714,0.0537969232206477,0.283162344568441,0.10843849107778,-0.631422050300877,0.0529631310789841,1,0.999999999376282,-0.0149956664728877,0.188209323642045,0.774992148553419,0.083905831793726,0.820942077286231,0.084396956283554,0.742520413738528,0.0951142357460648,0.782165379424077,0.10803482996105,0.663407520066774,0.130247936727439
1.0627906571356,0.103393977279965,1.09823454522827,0.0859390123373482,0.845518084365459,0.137930402332126,0.00589435828165609,0.0157049788775418,0.0705959330362679,0.0894006821239852,-0.587049325008053,0.0615442000753998,1,0.999999923591396,-0.142126331878241,0.200309085885304,0.766832554967418,0.0880337312469508,0.699867332087298,0.0760109814341385,0.805703380374812,0.0847756537463117,0.789397112710933,0.118370855939721,0.460794793075877,0.16149972849323
1.00667476410838,0.0973656070664456,0.950279336678396,0.0770939794872359,0.814885386330687,0.128227269666046,0.0582285682704034,0.0918027522969881,0.0367372076711372,0.0829181991908734,-0.57820379435864,0.0543277369439629,1,0.16865135028229,0.00798801836545344,0.191943530800855,0.60039903108524,0.0857822487328402,0.667820666377786,0.0805819271114458,0.661302742371562,0.0894753857523347,0.70012787455469,0.0988431450468568,0.696919866063639,0.121555432164773
0.913867642947133,0.105484783105594,1.01966687498533,0.0961127436725086,1.07137945544295,0.167791498790503,0.0810750740971797,0.0548330852758623,0.294723883523332,0.102795537591878,-0.598563195619526,0.0556238062288122,1,0.999999992993738,-0.142454223135603,0.195751867846075,0.683017738516155,0.0805107767531753,0.701972279447767,0.0861638051305113,0.866738437601118,0.0948483411016552,0.807409038480917,0.104449012469846,0.675889458310554,0.133922169039394
1.24933797937548,0.11549135173196,1.1573130410555,0.0983469430531342,1.02463257530141,0.179110789230013,0.0748676266560204,0.08812030564646,0.27696893986472,0.125854003953129,-0.596119454644982,0.0573439692838284,1,0.999999899249692,0.570884065962601,0.212860984712959,0.70174089958206,0.089669471474045,0.671371632791159,0.0898424158945933,0.773821777300808,0.0914915073561148,0.616851753208109,0.118858403823362,0.853177250045315,0.125729475349852
0.816631296387637,0.096676860013989,1.01764616616072,0.086729431636861,0.822253786562278,0.129223371250126,0.067483572245934,0.0516882148984525,0.235560231806585,0.0959262491715952,-0.620918828153414,0.0478792420707206,1,0.999999999989222,-0.462783237051469,0.196461475588558,0.74752183700176,0.0826045009814783,0.607685568838771,0.0844436961921481,0.739158285581114,0.0895706959791814,0.681575228959891,0.0984762853904041,0.56692012152123,0.144131257709039
0.890939959690567,0.103563263125575,0.935928027435701,0.0869246638138315,0.87759866175791,0.143626455192733,0.0466418552619933,0.0830478815932864,0.0474932172646756,0.0906848262426794,-0.615138016476137,0.0539167880261708,1,0.234744651394114,-0.162242680813719,0.209748706705109,0.709396621314002,0.0861854513885658,0.831452493991104,0.0789680109643064,0.525833124535384,0.100277225043307,0.710286034414075,0.10354999596705,0.669470950382432,0.124557073240322
0.945250873990241,0.102604422585129,0.929738240361496,0.0821227620705967,0.889511782749329,0.133895605648985,0.0831977889480753,0.0572592855460143,0.272039360327489,0.0980680993449879,-0.599951865313697,0.0483856490442852,1,0.999999999995842,0.122275788316486,0.216859351098729,0.632684905736858,0.0791253900746485,0.608132654401853,0.0805428056351353,0.796212306939343,0.0766517898296843,0.603575143149633,0.100970356896036,0.879882258105856,0.123262368850475
1.21640185739377,0.0972681329581011,1.02633331231193,0.0852408491051269,0.762115415765606,0.111020421038445,0.0605878397412147,0.0465720924851696,0.214883518822482,0.0871557507709023,-0.525654244567133,0.058664197350368,1,0.999999999857243,0.384843557122781,0.20512753803707,0.644941687512318,0.0892531869598148,0.680917394072208,0.0753450281514002,0.700553667281455,0.0841495402124602,0.544241710728923,0.0962480372757548,0.709796837565391,0.106244341512973
0.910937457948531,0.102158668355615,1.15109811655833,0.085854962871254,0.942069283910572,0.139135672605443,0.0403984175350956,0.0379792219912156,0.195084874548676,0.0951954362092858,-0.593418713386617,0.0484333937786465,1,0.999999999990343,-0.317910572116308,0.2028383678844,0.732048447325718,0.0785644898278917,0.768083329255478,0.0722711718313004,0.601365374237279,0.0918862064307784,0.683709357035231,0.107505031269401,0.794391650950736,0.128525528295031
0.893054791350353,0.103423604963957,0.825344416669918,0.0821231170815056,0.944087174795307,0.144199473125323,0.0897431904704158,0.0604914312238182,0.291076269975215,0.103976187853716,-0.582428047681888,0.0561107377835444,1,0.999999998786386,-0.035780077207838,0.198965499650873,0.620025153256741,0.0823962818065331,0.629974262878194,0.0805166177208195,0.698232728479118,0.0847070593941935,0.757493875633671,0.0940748936126772,0.625046463508349,0.142793305698867
0.780615094115892,0.102543247591279,0.920521690036392,0.0804107841331192,0.976130772089899,0.159128850575178,0.00276050905500796,0.0739642824256902,0.0385494945980585,0.0874170792500513,-0.523430648961212,0.0661314378772937,1,0.7426259118285,-0.358948394111746,0.202639272088228,0.708913618659849,0.0836438032707856,0.760983322699332,0.0799002323308303,0.559009594266768,0.100429167643694,0.746004223536317,0.104287847914724,0.554260793346467,0.146182498648423
0.970954797688529,0.0971090323740225,0.969031491395744,0.0856253837981139,0.900549340474221,0.140983055732585,0.195557368034681,0.113459191219469,0.41608045366845,0.111808840055434,-0.566365254712067,0.0562894216346257,1,0.991485726080004,0.119548164695311,0.177821942906656,0.646996336197747,0.0881115543592595,0.605241843658808,0.0838735622521284,0.58733312319145,0.0930426971717908,0.695140953468474,0.101289055690633,0.68730598536259,0.140026872032593
0.938892256481567,0.0996516276230386,0.950555033331795,0.0808944762028953,0.905750905830152,0.142889631668309,0.13838571993725,0.101044665128722,0.336776894874306,0.0990112281549358,-0.560737764179849,0.0510890534109462,1,0.951244724253183,-0.147887180374217,0.196352991835719,0.679415490942812,0.0775321272037033,0.755389643181969,0.0801504889348741,0.566303933650986,0.101778548978212,0.786494454138343,0.0994055171846965,0.677231919744564,0.129690811522956
1.14352487339415,0.124020946491481,0.98803445812749,0.0825070743494605,1.21706483100041,0.197915692086691,0.0796840429656459,0.10039198317987,0.259999121172883,0.121711380641291,-0.617756858674973,0.0535139198608973,1,0.834890161023636,0.258958843733329,0.230057432342764,0.684996268990891,0.081092066702943,0.710525720394052,0.0902187082272192,0.702667175539558,0.104687881214272,0.792369422793831,0.10556900399739,0.659005236416824,0.126418252778577
0.907848459480852,0.0979941762366271,0.890470140761999,0.0785074136376072,0.774999932532632,0.122052960693712,0.0618047459119882,0.0850961764655942,0.138439754972509,0.0874634949595138,-0.530792947861882,0.0614516443393058,1,0.632556141910462,-0.315889903929408,0.183994437701883,0.721860526395764,0.0758054239775539,0.63801884438077,0.0797510887249225,0.597901441821136,0.093036383607455,0.574354613415015,0.104692882665189,0.760348171976271,0.119984614358458
1.02099980082956,0.103019298806585,1.08961321044475,0.101904074696691,1.0636677813935,0.174501021712803,0.128418674392326,0.150186302651012,0.23667586868194,0.111360283599408,-0.704846669153837,0.0380512230250238,1,0.640378711845494,-0.308673409713385,0.187279147705292,0.879673456330763,0.07384579609921,0.78247863449653,0.0843472844958202,0.811982505298096,0.0938098848520272,0.616873212766185,0.119526757492612,0.75968137061289,0.146571306912646
1.09622586112245,0.107419157056628,1.14316936456999,0.0946324333278641,0.939032217087738,0.148121007727567,0.149417413329874,0.0798133315105903,0.374576779867235,0.109352899995808,-0.588007153969872,0.0496132748735328,1,0.999999996810725,0.0346748955101408,0.197891947257383,0.788700272804293,0.0753813759502389,0.685530524993738,0.0857833249844597,0.842637901958964,0.0924203205383149,0.773225713002245,0.0966687945631462,0.651366521137037,0.133168293853298
0.929160322947298,0.0995322632969676,0.988085497822727,0.0778745371866577,1.06024316721887,0.162973117446987,0.0720972460295189,0.055086431235951,0.27647895468908,0.113143487823373,-0.564725013764263,0.061143954850263,1,0.999999999397383,0.0500746944376576,0.186210041022731,0.654562461187636,0.0807257240373948,0.600613627119897,0.087087896922676,0.649984589471374,0.0841730040495703,0.772501013373982,0.110529959813302,0.67080116974371,0.139545085682432
1.085371796298,0.125312403470989,0.994671767646293,0.096331536120477,1.30242023464897,0.22276834644211,0.106226031826131,0.108550192438199,0.335042944497335,0.128503487983067,-0.531716866038656,0.0728109579672153,1,0.900760700920084,0.333659987850787,0.224827447156152,0.731753774289268,0.0865844509668003,0.723548403908173,0.0928058446169889,0.527721821381969,0.119247454955707,0.86224673260397,0.115317809214854,0.828165230048631,0.137699324378183
0.974582104886231,0.101299940511928,0.98710129059481,0.0836221269521527,0.961723894099164,0.149276007692212,0.00588983887508614,0.0293629706379867,0.075262040507423,0.0972365768475165,-0.571140357190848,0.0607996705934072,1,0.999997878217094,-0.118972995949668,0.208037686611531,0.583976887299885,0.0871188624750657,0.807585209549309,0.0763379156100888,0.63682812878948,0.0842496185809516,0.614401038661139,0.113383938502411,0.740892510429294,0.123349747975594
1.17206029043957,0.107999720365214,0.986851745815528,0.0853215308296231,0.727538946432399,0.117717360840425,0.0460288019198913,0.0805330669664061,0.148940968210283,0.0793066475695832,-0.58770840213229,0.058317439936862,1,0.813900309971574,0.106807434205092,0.214205730281999,0.669484428886823,0.0898347517670902,0.68078932266372,0.0823868973867905,0.654710979651478,0.0979778881236325,0.585677973754359,0.10588629252309,0.535537154775869,0.133772803674116
0.983401096804003,0.102216394872008,0.979556647075903,0.0950496846607854,0.933171721005037,0.143920317208185,0.102556755234542,0.107046087051242,0.303665232394424,0.105029837596632,-0.564509746360279,0.0603073756811613,1,0.98159457696639,-0.058796162535259,0.182878796539916,0.64080350640193,0.0854638180936382,0.681924357604288,0.0850653758411604,0.564451180536831,0.099533968022647,0.713445994894238,0.103698693074526,0.755061133430021,0.113006638794539
1.0375323209885,0.121977928877399,1.05652136482381,0.108981880300864,1.20923795072473,0.212510016269535,0.230814172019382,0.166281315883355,0.308663118111169,0.139589339800798,-0.646304710682948,0.0547415146229199,1,0.584248517790591,0.129751125247111,0.213876587099182,0.726844296260191,0.0887175085940602,0.703628672980888,0.093737599879321,0.802838130277255,0.103074792839926,0.84039177196261,0.108616106682996,0.769853589254938,0.129874855780706
0.844077043390307,0.0977246459489287,0.813681363498147,0.0854182796503282,0.861866482216488,0.136267918232277,0.102328160144574,0.0922484724483304,0.178462202091028,0.101042678696153,-0.495103136271993,0.066173208792,1,0.600936618742206,0.290573409886074,0.185882629668717,0.475172136194953,0.0894952392215933,0.805643591733719,0.0781613125528297,0.556283749831086,0.102750028585787,0.561632434016226,0.129742068548177,0.353315539984762,0.16570036333926
1.11177485893789,0.104056925669844,1.22648582873272,0.0924753595894059,0.912993980977895,0.148539643989292,0.0623369535660386,0.0447719905897144,0.238565008719067,0.0921272079182599,-0.597824480716001,0.0562992012498785,1,0.999999999884355,0.142669218901194,0.219493091233691,0.75376021087208,0.0867323426528203,0.777161361143821,0.0827120401472829,0.802693032883577,0.0991762003365954,0.521259312121907,0.114726148191115,0.788208355104499,0.120112161839269
0.917500001032608,0.0915742435389857,0.768491125003439,0.0771458761802311,0.80116825019719,0.124934451390038,0.0212162473135248,0.0271023652811744,0.130375548842138,0.0863750216402794,-0.522625827967808,0.0649208907730624,1,0.999999999998861,0.152458023117123,0.181210274726901,0.645643357122063,0.076619512579382,0.566532198432164,0.0861657726222385,0.722492658173513,0.0947167276902692,0.704064245602988,0.102666486295333,0.367693243793254,0.132404583534207
0.940110809887294,0.103503591836419,0.963890289102181,0.0751091732316246,0.979164631706898,0.153722615942739,0.000421154966033112,0.0749348363513802,0.0195752170022205,0.0826605746947734,-0.468660281040924,0.0713754361675209,1,0.963957225811116,-0.0541077954749335,0.169546261177746,0.598420694033236,0.0822852181467245,0.566254970382313,0.0913904328885891,0.65776552171563,0.0880209719129959,0.728614509336425,0.106070654860262,0.592943410328863,0.143216849211363
1.0706660612615,0.101623354798492,0.929451293798439,0.0818988030924816,1.06230334134249,0.169160811464264,0.0180475143041705,0.0245135587136564,0.138462755650879,0.0955959185316677,-0.530262160926382,0.0668030674287938,1,0.999999998805242,-0.0460800720949432,0.194708834330559,0.688272637092611,0.0795893743404443,0.809218932620259,0.0750812967321444,0.54188086034332,0.102905400295895,0.708960334343649,0.118638839651765,0.586032494824365,0.132549022753508
0.966208111654587,0.117968210376092,1.07080110663006,0.0861951455870228,1.14759846029464,0.192458076998251,0.00508250831433813,0.0423513502444134,0.0763713979109619,0.117488421628354,-0.647151730095142,0.0522500804594057,1,0.999992430799538,-0.0496513463979013,0.254900044111121,0.707932742625302,0.0855990406861404,0.874846931930547,0.0812678836494266,0.391600482103377,0.110354257258182,0.58751550043488,0.122254894967916,0.562978385368135,0.141911793635815
0.991340244026722,0.118548932577259,0.962151649163411,0.102330336331264,1.38350784510087,0.24070514869587,0.241486771148991,0.153056723034199,0.527270156181638,0.167782386479139,-0.665008298229692,0.0493226242514477,1,0.912211840896626,-0.20531578923349,0.218039981370784,0.789935678641634,0.0883312371974363,0.69805242446779,0.0973463247994292,0.83331084726422,0.103691387811719,0.738810030641705,0.107690152049276,0.904635070204198,0.119287028896467
0.893233639527776,0.111303031620379,1.03552659611999,0.0933674724207347,1.1506025400784,0.18059928246055,0.270922649112285,0.114399434123689,0.558322745580063,0.137350552860937,-0.57227333648501,0.0596863051795609,1,0.999999999997909,-0.332702481466652,0.24892508329269,0.75099294262674,0.0817998951564633,0.626992000868764,0.0866870209891286,0.547582058840764,0.0966821267720447,0.679557993219289,0.104006069998442,0.607927421112906,0.1213088736349
1.12973445219606,0.122818402653627,1.0469332809407,0.097784173653248,1.20456789822165,0.195101275703007,0.0842492161425341,0.12478766141518,0.273476834235553,0.112903975940445,-0.619839694950053,0.0542752460047857,1,0.858463761491509,0.233246150220936,0.220733544633341,0.693133597793184,0.0885536103153622,0.740752020534834,0.088081746493054,0.744044477169587,0.0878880970629291,0.657038837500109,0.111361987625019,0.752657238407534,0.132867798867023
1.08638190447362,0.11438426870153,0.971955977233811,0.0808481593935502,1.30254351294782,0.206699731519353,0.0200034029127205,0.0312350426113744,0.161416550098134,0.12793608443883,-0.609599122031564,0.0537381325022342,1,0.999999998939521,0.019423141796318,0.236942143099963,0.789197605029805,0.0816326789016177,0.864628494782902,0.0801145059703043,0.774884586771494,0.0888284772796697,0.65200358389466,0.113353328760916,0.755208105960526,0.143514166746278
0.907835638124469,0.100532373528809,1.07374178164604,0.0866843137404556,0.855875191549671,0.125115208052616,0.138848413284717,0.119006629310063,0.326540751382828,0.0971715819499755,-0.603083483422734,0.0486645386100717,1,0.947243662094825,-0.361749185132183,0.222770531283678,0.74053598102466,0.0789274290933909,0.760051883092513,0.0771401981972497,0.557594136894786,0.0999951392792191,0.625936266333655,0.108427741358023,0.684791007610496,0.112499098490775
1.09138772540106,0.112272437648674,0.972312574225139,0.0918729776687748,0.962779619756451,0.170780819709633,0.17693730430277,0.121344389838562,0.299417822880045,0.103980951022681,-0.574971576388048,0.0649047329307498,1,0.725445015063104,0.182450340850651,0.19686933629966,0.668985310236435,0.0979094010743949,0.567090785624678,0.0964461057289609,0.744462309594827,0.095586202775945,0.66401438036258,0.104966108593718,0.781286160551129,0.130038520224324
0.911919430812361,0.106824318396536,1.01111576925156,0.0926600656016384,1.03737933698942,0.163131074120998,0.0762648340656824,0.108088854070881,0.222500775362184,0.10413210297136,-0.624401122517292,0.0462550838496996,1,0.791043866059195,0.0146719243152101,0.220271774956616,0.711787531063036,0.0836260305839231,0.676464908133117,0.0887426694653821,0.618047369394733,0.097328030495564,0.792551594641891,0.107940086332203,0.486692501692606,0.130637933088803
0.938317355530396,0.107843540382491,1.03405735658662,0.0880778966048841,0.916709239648358,0.139726161124089,0.0962370590068378,0.0674624283488522,0.297020876426066,0.109113511313721,-0.498858713964471,0.0629803658002043,1,0.999999999120145,0.0709725515550444,0.248621261868901,0.547792054606376,0.0853709869603454,0.75786493486474,0.0806004046562086,0.611703612827551,0.0886066561999355,0.489056530679089,0.119716899921165,1.02974554982767,0.103359096089852
1.07929170597806,0.103000867483041,1.11467991498772,0.0919671923991811,0.928128975696368,0.140098625107205,0.129425125532943,0.080530226560614,0.346587953035749,0.118871354731762,-0.541557373124008,0.0594434846516698,1,0.99999999999686,0.0926519768593694,0.230381372916701,0.698487966439734,0.0867243010005354,0.690422504006928,0.0868700327798282,0.788109940769389,0.0799919199749859,0.693902509853413,0.0882497887504552,0.73112820102147,0.128685495461494
0.795265560526684,0.116754220729237,1.07508217816105,0.0985637712373445,1.18295619846707,0.196082850375202,0.0247163558011194,0.0381864704665643,0.170992290034036,0.123368123201161,-0.637812499644965,0.0539913725545386,1,0.999999947887513,-0.287588204019435,0.251085270909849,0.679770473698503,0.0862216267506043,0.732891448004938,0.0909811541689923,0.73063350816374,0.0967472994465747,0.77166184354834,0.110119491990085,0.458630747599457,0.167281196513459
1.02862798905517,0.101458258998466,1.07623709255568,0.093528060681962,0.832845271128959,0.135554065163189,0.123428175222571,0.0959679095334636,0.266933169990919,0.0977825635392667,-0.533258840144189,0.0668104648503802,1,0.832555564305481,0.00578273300249937,0.198062397203118,0.687255037941111,0.0886134233316832,0.695504854930999,0.0860401985953698,0.574001534453211,0.102402028665286,0.677121655194212,0.10505310901992,0.377181711047717,0.12963432897022
0.943038508513881,0.0986003664951515,1.05685294656376,0.0883987793840931,0.835702583671493,0.131990551217807,0.0258249230147792,0.0305348552266909,0.146907980763769,0.087969369876212,-0.57983641092561,0.0559226002158382,1,0.999999998274476,-0.301863787397514,0.178470562277166,0.665430463341486,0.0788647236951809,0.693087372139326,0.0773781024316791,0.592905491686736,0.0985399823062959,0.597644549628678,0.109386588986521,0.941816460624819,0.120642238528765
0.895228340947822,0.0973561920124157,1.01581913664431,0.0835528529787513,0.906076242501492,0.145387007260905,0.0320968780162458,0.0694571759000252,0.0916590250497751,0.089262857384302,-0.580767860956511,0.055942651260749,1,0.537478957314352,0.0336586966849906,0.192664315812873,0.66244320343429,0.0824918095605249,0.720850495178123,0.0831906563410589,0.662291523450189,0.0935111381230182,0.642254298136048,0.111085726016703,0.515910832015256,0.141057001125381
0.984252794102925,0.101026202869279,0.91773196754502,0.0843831075027714,0.802349087319612,0.127585200272605,0.0198920478606707,0.0270719006421604,0.126334343888588,0.0879018880750492,-0.590936216904007,0.0558372269897245,1,0.999999999994762,-0.0258384976147863,0.202367809802081,0.692684875307962,0.0771007238480426,0.690343732758177,0.0771500494096028,0.629614570497412,0.0938300898648938,0.634179530869301,0.121916010003089,0.323861689496597,0.150587774542124
1.0050873448369,0.10273353180315,1.0112682379832,0.0782031604939392,1.01058442455291,0.156327701860505,0.0114825756211125,0.0189187919259241,0.10772238428186,0.0892668584301492,-0.596616131987712,0.0535620970643445,1,0.999999999953529,0.166551651743472,0.201280728747056,0.727616212150921,0.0842305503537632,0.699796657763789,0.0795873700545033,0.70396088128188,0.0934226377193473,0.759370465093511,0.105255106104402,0.60645466242829,0.128348947023871
1.03522271043055,0.106212030925241,1.00436143826143,0.100474509510449,0.952713361356414,0.160001229623635,0.311093961955502,0.17020545308469,0.294696494513503,0.107228179541643,-0.556265360245857,0.0568923592062181,1,0.541312493656288,0.10835249806119,0.198962491340858,0.735360118512791,0.0873372989936076,0.620235961536594,0.096278185111209,0.705503947220026,0.0910328800347389,0.81416866528662,0.103789145022123,0.597651689704096,0.138315012016044
1.11134416874134,0.122006730902052,1.12079607193646,0.0972981141046444,1.1370772432258,0.20305663584893,0.0659280757603865,0.0947564898263838,0.143300840440044,0.132809415282642,-0.62263173216897,0.056217679890312,1,0.523381724020169,0.21454835581832,0.201114478481618,0.560514317964084,0.0967905173579614,0.857490301422111,0.0847428312709804,0.657810719979988,0.10251369375117,0.738631996789261,0.112792158422913,0.76173085978743,0.131378348170435
0.890484999525965,0.100140912513651,1.0002113624559,0.0909893349544736,0.967215941555835,0.153666964963576,0.0446046574055706,0.0849434944639348,0.159879669368559,0.112321774117451,-0.560891046915601,0.0639797859166319,1,0.769735319082493,-0.375282160737827,0.193854971365011,0.735215685106581,0.0777181280193461,0.753833464547545,0.0830265595337318,0.617126655961693,0.0944732028317576,0.564799187665077,0.119924182062027,0.68945669719303,0.129103202436837
0.92513208915401,0.10100609321275,0.928478025675052,0.0821277991354344,0.909873988426746,0.144550222265691,0.0286478057977205,0.0343606912391004,0.161449352046871,0.0985572283842926,-0.598293265959742,0.0501717884967481,1,0.99999999914654,0.0468649107140998,0.199905869209007,0.670111790032873,0.0794941586237086,0.79176379093334,0.0868244312170897,0.581865965483992,0.090964204706826,0.704017072779768,0.102929348257376,0.476060472949261,0.152877497594976
0.954287317824512,0.100582177558541,1.08882748418046,0.0874963170912414,0.770615164922492,0.122917458108963,0.0468662103243893,0.0866806934303969,0.101625647404628,0.0908913937926728,-0.599180031353925,0.0571412218297312,1,0.534754725550112,-0.0340479558021165,0.206297442557616,0.698572644230238,0.0830213985809759,0.537694997849969,0.091339072465374,0.718344751664596,0.0871124404009789,0.659485981957881,0.100775192716478,0.607939536902976,0.132634546025955
1.07188832112413,0.121388111587633,1.23452265534261,0.0998634173979118,1.37730528844322,0.232675384787045,0.0512987219508423,0.0571252270536844,0.265808203308753,0.153485648855188,-0.615393235195818,0.0539462267256074,1,0.999999999383995,-0.196153180174028,0.230915583137428,0.831038769345903,0.0884803274975774,0.71217334395051,0.0841647217101089,0.90926579776922,0.0849532731636983,0.641706544996527,0.110020076769723,0.900946078839811,0.123518704190136
0.873399563860763,0.1001191432862,0.87156534717701,0.0864220739832976,1.02874956740025,0.169696455436106,0.00112044303545322,0.01345448986351,0.0339502916356532,0.100390426150971,-0.555290376388023,0.0604210574540066,1,0.999985691251517,-0.0794987918822617,0.202726492427268,0.618342394653901,0.0852203944735803,0.690081983151793,0.0864324885364915,0.620200159845849,0.103149376122564,0.727028088960869,0.107118249774749,0.392231980752133,0.142688087350398
1.00681626602284,0.100456496461799,0.999886325608528,0.0980210469090456,0.815619815925905,0.120741671190323,0.170069103092561,0.130111868650781,0.185061180727132,0.0915823611837649,-0.580464639391496,0.0572004382443218,1,0.496888257659835,-0.259436043912847,0.209861410062671,0.742294548884685,0.0755326709194565,0.732314479399399,0.0803263902551265,0.781986433792455,0.0906956402683755,0.661109200074088,0.107938212835914,0.625964927594087,0.12451735590574
1.34443035738644,0.124522519654578,1.14425663683437,0.106241555034128,1.15143648520305,0.208729703209647,0.200782507426407,0.168620981643724,0.338580926670678,0.134745087290843,-0.638014272174465,0.051269480176013,1,0.704173308424233,0.699735082256171,0.220888370250393,0.781094094612845,0.0905832504017541,0.700982825190059,0.0948321007683823,0.696843804389616,0.102113031282777,0.885174257578996,0.106218711467372,0.930446178581144,0.13037815529692
1.04952559652073,0.106394782771472,0.975411848423309,0.082871439769831,0.960331347825606,0.155648516209961,0.0159581299523603,0.0266528791886599,0.123794556949183,0.103338674568206,-0.589287839593452,0.0517768833950927,1,0.999999996225739,0.166654852399445,0.229840829383173,0.680369663283807,0.0854280363506693,0.593913110940164,0.0859754558433548,0.683423837147095,0.0927262250667823,0.758755647279065,0.103121157070745,0.715404083303489,0.105423561205204
0.934513994923852,0.100818838641617,0.821244881725801,0.0855852831481324,0.922408600809561,0.149798932673841,0.0376171092375899,0.0975837559081339,0.125820063191125,0.105061914696807,-0.515786379100001,0.0680240655072177,1,0.675453595692588,-0.0946039261638526,0.194481902903387,0.689910981965833,0.0820121717791509,0.578957711121763,0.0912272234073127,0.68887289915749,0.097030358148889,0.634831311847805,0.118084893713781,0.586355008770361,0.123487599761548
0.963949360380555,0.106185083119375,1.06586341460459,0.0869979533566017,0.895793464740023,0.134044882830441,0.155133057714157,0.111738376314719,0.301096649301464,0.0925009749742115,-0.614106298185916,0.0485705612952197,1,0.807699476487813,-0.217361216316693,0.230338313745392,0.782094324190804,0.0787885546422305,0.682254961427508,0.0866816189620949,0.759588601360011,0.0855689930207409,0.7240179907278,0.105264588880432,0.876769326777248,0.106917240648575
1.03458500587965,0.110725842643907,1.04810002286053,0.0884045516887979,1.18042934579726,0.18245856852698,0.0769404304777893,0.0613847935934068,0.3013681170988,0.127904301470781,-0.677809230979704,0.0443574688628708,1,0.999999999941753,-0.241034114849064,0.23444408066645,0.95397788497813,0.0798751217683593,0.840066809902256,0.0848209569707903,0.541411390961524,0.0993422750869902,0.700490397716098,0.106091033612696,0.659128757658481,0.125636657935843
0.874917814108061,0.103893674570772,0.895272566187688,0.0792305838929772,0.935115027317712,0.150576181109308,0.0797133564461844,0.0508670117860615,0.27302226516046,0.0921015112458944,-0.557897892607484,0.0637014199134644,1,0.999999998541666,-0.11429639797828,0.204400233826898,0.683066355252489,0.0860100649306559,0.596182382529014,0.0825836430364928,0.602793825763548,0.0970476903826402,0.720448728846521,0.0959633417484306,0.620243755771554,0.123694926856333
1.11212315174245,0.122119174511072,1.04211604617615,0.114087766432791,1.12018526456023,0.198287197155385,0.4383493289604,0.167815132959561,0.277306596803813,0.118783976277061,-0.620175590854822,0.0604784424537421,1,0.395735581377412,-0.335833947626303,0.266031137309746,0.850057578661243,0.0930293902724899,0.779253325710915,0.098793636157061,0.793920596576045,0.0940926911204208,0.802639502423075,0.112443017567247,0.703979225811926,0.138960823603143
1.23459818916421,0.121615164849497,1.06327212566271,0.0864346185913881,1.31426540392695,0.207382330865661,0.0011993067842253,0.0840718254354816,0.0396699763365488,0.133180331892813,-0.654491650596412,0.0449952730930989,1,0.999206517797725,0.120572558578455,0.223437050181114,0.741838342363128,0.0861777575815646,0.716210634862037,0.0865087715631205,0.874055952761433,0.0852480830752655,0.690400284632852,0.112455313293674,0.922053775946172,0.131330768899982
0.963027314546249,0.111971626379571,0.961633209549433,0.103533040921432,0.92032735478948,0.156385683089668,0.0765011061804798,0.143887875491901,0.0130466435761399,0.1181912128433,-0.580907777544624,0.0646021820613365,1,0.0491692716563319,-0.0859765795681392,0.233881005151536,0.687424709413356,0.0969559471632289,0.81039780043952,0.0807726240099997,0.618707526905962,0.10079869469135,0.437628114394019,0.121654435441492,0.659137388402529,0.130116596430269
0.80420423259511,0.102858392853044,1.04037510412513,0.0881822773634222,0.876431239345194,0.140714787327123,0.0597526168700908,0.0503315410093773,0.228842871906009,0.100918450869322,-0.59738226525558,0.0559153151286806,1,0.999999999662182,-0.121268121052014,0.208002352490163,0.689027323257359,0.08172653351737,0.61392348718835,0.0850725081358769,0.694724846619365,0.0970498662711852,0.62655376683437,0.11208818731568,0.574103269281792,0.134922626228807
1.02284351329366,0.108285286405134,1.01310146819203,0.101056226390052,0.978679783335848,0.160103840047312,0.310233816895212,0.151634516042578,0.261116228139964,0.109643332961994,-0.651742071671447,0.0509991524873089,1,0.473880662598642,-0.0181620784939861,0.205302534647232,0.73861742221719,0.0902421654451252,0.759207548964945,0.0905470988745327,0.818630805536243,0.101029839895593,0.663343451056705,0.116417797339118,0.627114338914221,0.120928597444782
1.07610761112166,0.121402225864718,1.12269151439621,0.108016940417037,1.25209546466214,0.20133489484078,0.208751010652663,0.163555284001402,0.384612573521613,0.143078842924503,-0.687325760936034,0.0449609032402374,1,0.752298963086003,-0.209414586640498,0.233756127219404,0.837794980999927,0.0860895449164756,0.772158881680388,0.093328168263852,0.678117715642061,0.0947142798045961,0.69590296934481,0.113809592074314,0.736515527231741,0.129617325779582
1.0107904447277,0.115117109377,0.962272810348712,0.0930418231906661,1.37115633155279,0.211269255193119,0.147959506702914,0.0834963173400009,0.450417156007024,0.141659458295902,-0.613760379948,0.0567186324855418,1,0.99999999999095,0.0824653126781148,0.221928005138919,0.741445446845834,0.0871341523344168,0.761554227410096,0.0817118364445097,0.683944494454398,0.0965436028976693,0.7259962866256,0.116247294239944,0.64321078784351,0.128647088217092
1.07201525754168,0.112060287887844,1.02539591251786,0.0919906753389349,0.879913361168783,0.149218135361038,0.0503957535023054,0.0406402311764985,0.210579905900691,0.0882792648336164,-0.569460772958781,0.0622931617618345,1,0.999999999056204,0.0816325129610076,0.217077703294154,0.765167333440768,0.0826877921471358,0.667767676040756,0.0850557808003065,0.600600726026078,0.0917639278427101,0.757367060735496,0.110413278522216,0.698501202093565,0.127308973354492
0.798674331905584,0.119921055555669,0.974099810910524,0.0946326982599176,1.19148403521626,0.189235868459581,0.204638538589131,0.122076699817858,0.329663633341775,0.133495690023652,-0.602176773352448,0.050768275702835,1,0.667625958078999,-0.208043919166509,0.231976066722916,0.782576816474792,0.0762370360574742,0.64367078071815,0.0868421690131122,0.798591883042149,0.0970941353996597,0.649294531560944,0.133766287220554,0.429781080952893,0.165150541788582
0.972241642082374,0.102400386140254,1.11411891135425,0.0976174370270146,0.868644838872456,0.137384715766618,0.0318088842138536,0.0920570107748122,0.0736522088256445,0.0986333498427908,-0.627858453896694,0.0487535661558284,1,0.443088457135059,0.125758647594122,0.225466444643147,0.740045089268582,0.0865311277868816,0.683535068808126,0.0857425609873219,0.685894236855386,0.0937350121565562,0.726599067917777,0.112948074534623,0.518069143097229,0.146039620257939
0.973553343646309,0.102021791957908,0.983757332518761,0.0831665393607285,0.90679583088752,0.146602956588167,0.10978136617981,0.0711929129993195,0.315514318461443,0.11181312537298,-0.550013263227461,0.061516688355761,1,0.999999999965854,-0.146981675682251,0.198477813727101,0.622434371302576,0.0889979910789248,0.771856492956587,0.0776284634643828,0.72226194725115,0.0872607983828693,0.806387641516396,0.103291507410131,0.684919108464567,0.13437554175556
1.06029158901696,0.120401146370234,0.970379156544379,0.0949454377427278,1.21617852326191,0.201675413581493,0.0995348700108467,0.131519493177907,0.31339250836475,0.126375381923421,-0.623499599867539,0.0502402107186971,1,0.900745951326944,0.0750071286543288,0.234057442029707,0.694872466567652,0.086871990756277,0.782267150743601,0.0917664578728651,0.663780070225218,0.0945520613195613,0.834457495278999,0.102640462075685,0.832604376026018,0.112617954763393
0.942364212870397,0.111929049415888,0.920733277712178,0.0805888482884798,1.05218730225975,0.165983123049987,0.0136029141738662,0.019813661689581,0.119636171604955,0.0884106890165755,-0.617131010682301,0.0548644973981045,1,0.999999999609411,0.0817948925030978,0.224370723025881,0.679786174173825,0.0851398613797526,0.641359751871944,0.0845636978270304,0.7023946923989,0.0921016897179413,0.814273184497842,0.10179240079758,0.574401643441948,0.145578509987834
0.798278556883412,0.103109461410037,0.967430715668327,0.085981658522499,0.957429242514303,0.148106361205063,0.090225098008946,0.0643965654658237,0.293911800612228,0.105590643226744,-0.552067747956062,0.0626198567104378,1,0.999999995928873,0.213688378602148,0.221389477615836,0.591167414987228,0.0871727177065963,0.683380431238123,0.0823265243508041,0.630629502776946,0.0929923420131991,0.532246103612221,0.126893069939457,0.448351009625905,0.158489487788375
1.04224636377696,0.107998677360293,1.13417461420156,0.100606448102947,1.03467211558622,0.149775384607239,0.196836880166493,0.105326861487324,0.0934570178804145,0.0914987550584076,-0.596040065336084,0.0491437478276312,1,0.207089133072715,-0.218573489890191,0.212706566311362,0.856903039423646,0.0780284473314378,0.778766952998727,0.0780353222276017,0.76009901143078,0.0892151617493548,0.86070429756178,0.0843926682764791,0.561345707913622,0.130043602696514
1.10864207852319,0.111991762512571,1.02685226342685,0.0878320736124572,1.05475990111173,0.161214596759797,0.0979687805639303,0.101475809728231,0.233519962883637,0.11241814127553,-0.651733650245903,0.0416397752399942,1,0.726446032782713,0.223584105116758,0.211814105905715,0.663737194602594,0.0829964832270934,0.67940279221581,0.090274211889814,0.725692251158459,0.0936291471672883,0.706564775089496,0.0981007620672574,0.787005762184993,0.10763457870201
0.998861295517474,0.106452073337014,0.976041538773493,0.090198320548425,1.07441124842937,0.182600425746324,0.0674776215678018,0.091734748336397,0.185671006930391,0.103486552773221,-0.513220420505339,0.0635801065014169,1,0.689570916489652,-0.0187189487204694,0.209610422836006,0.711345500831004,0.0856712158369781,0.674565931131523,0.089076704110203,0.649405127747197,0.103634494700631,0.737032467459533,0.0964940500729527,0.603488358297223,0.108658296822288
1.01732332897222,0.110163160497285,1.07983259040559,0.0992415550421498,0.8782221965888,0.154689879692871,0.0510873046427662,0.113246674873331,-0.0101161579449157,0.0930734460813876,-0.641208113556732,0.0496757721933647,1,-0.0477591844119895,0.104391316840862,0.251184963176406,0.731300538823001,0.0871859296823873,0.645656591202573,0.0946333738895606,0.748792723842112,0.0953472672890764,0.703598565146933,0.110210279223688,0.547821341519303,0.13303070985903
0.968972157601946,0.107445867340594,0.930194382719744,0.0891432143594253,1.09297205873865,0.16845994002838,0.0744985217066763,0.0553063684293358,0.285350313167144,0.104784439816226,-0.590981010348872,0.0546408669380852,1,0.99999999129169,-0.0340164418157756,0.215747960888046,0.568729360586745,0.0864978891627814,0.601010438333624,0.0899358284030015,0.650367434487119,0.0902236868504005,0.684517247536557,0.100598470808404,0.677556596626765,0.113151283076874
1.02966409191447,0.102297302322705,0.956194984276896,0.0821400695710102,0.967724731810175,0.146897849344096,0.0941677261154613,0.0620720088736339,0.301874870464009,0.107169273892211,-0.561842418709172,0.0574376769607715,1,0.999999999546811,0.124777175991999,0.208314167806038,0.698105495051879,0.0832640237318648,0.745730528593408,0.0803258138306277,0.594765535592273,0.0944176912082564,0.597446140243231,0.102458217626763,0.652536888820027,0.12671218022871
1.15971579140049,0.114281211375832,1.03747267270322,0.0866825396579211,1.09364382610957,0.176243618951741,0.0602484818098911,0.0550371899063183,0.256691215580024,0.123887363555806,-0.566365720451436,0.0567207602851599,1,0.999999999939963,0.0806673733340519,0.223002480125421,0.590890647124921,0.0884802874357399,0.698934496381836,0.078729469369731,0.79291356481339,0.0910963942468597,0.762134727741344,0.0981075280230587,0.796931784625066,0.129484835753995
1.02824013122418,0.10723579343268,1.00553457418301,0.0924586431993165,0.859745380826426,0.132984435013749,0.205244381438155,0.114965247688111,0.122359706283103,0.0983844954593042,-0.553556495544412,0.0538817246140097,1,0.29128482619984,-0.107671819674327,0.199269849565585,0.56475164099569,0.0947164829955332,0.69426586452683,0.0832292203715745,0.811326862786685,0.0816360667287668,0.548054326386336,0.103870406369042,0.63443934876112,0.113169258556654
1.03209390893289,0.106352301582294,0.916402784718343,0.103508786300335,1.01868228194981,0.162937894770351,0.254803176379644,0.129710444897773,0.349623113831451,0.118664008097909,-0.662743375467999,0.046397719959284,1,0.686243654013826,-0.0328871913142083,0.17626159940022,0.688908237126579,0.0910500581553327,0.768185264515359,0.0851902693931755,0.712208922031625,0.0952810141563438,0.697164571383273,0.10163296526953,0.675446607559703,0.128518571774816
1.02158044142407,0.0952045285928906,0.949660458735932,0.0828579353977682,0.717863597687537,0.111999993782894,0.030070000441392,0.0907955933734265,0.0996160052263667,0.0778427511113166,-0.574864605290413,0.0567547248753153,1,0.678018336153781,0.243828575673399,0.198728532078822,0.645179709456296,0.0805221207704664,0.756771977600141,0.0837668666693058,0.535919416327162,0.095615824850393,0.723218011661642,0.11071176389852,0.770062861961791,0.136887355193268
1.04652691267877,0.108972695324642,1.06159976182828,0.085004178180475,0.953336375115831,0.15827719114284,0.0745010090738938,0.0557374676568288,0.266504262440438,0.105826494722847,-0.569368281550829,0.0572661265941383,1,0.999999999760254,0.40163846059511,0.20638855550121,0.636339276463809,0.0807956782758994,0.924101737348648,0.0779824375780281,0.844996260066328,0.0945334902935935,0.764670461256758,0.113856684648048,0.705833697971334,0.145254630465352
1.14355903480321,0.109950283180753,1.13845119906853,0.0940127917795867,1.06226303983903,0.175095254297804,0.0901530643946756,0.107259733823604,0.286280872877548,0.103339831436288,-0.643307872565305,0.0437386457514777,1,0.925094396854881,0.204245161095689,0.204687666252165,0.703094761813472,0.0823319957100687,0.728178852809485,0.0827792237096672,0.7367792725795,0.100829234707846,0.6451829345721,0.111497818969528,0.856358130657484,0.131600118930725
0.826185451961805,0.0983109191792954,0.931913106053786,0.085692857849085,0.900001981244609,0.145872493475817,0.0654398018615704,0.0614100225653136,0.24268487538481,0.103754368909085,-0.457838809525389,0.0667011614686756,1,0.999999978036458,-0.0783181299504748,0.19309154592784,0.641726353779482,0.0794238590890085,0.604518544399909,0.087913764312384,0.626142564717289,0.0972902092684408,0.626400402439715,0.113618923977846,0.633514230600134,0.145175248039259
0.991348073581365,0.101765799651423,0.956440075175781,0.0896606542703915,0.933930321709704,0.153028429184941,0.0120337580244471,0.021940931827042,0.106012691029696,0.0952375999077518,-0.610650515692644,0.0511259438378177,1,0.99999996246045,-0.234902442154565,0.192581062060408,0.752174441703875,0.0736001607663507,0.76844030387568,0.0763461633013591,0.721866817940715,0.0941061591708926,0.735882357607401,0.111229910568888,0.464500665198744,0.145439557922139
1.07514642960888,0.109935840809211,1.03906313587029,0.0903272631144647,1.02412026244484,0.175570027166919,0.173188830918762,0.0813341256386612,0.421148656383851,0.11527614924663,-0.570122595281689,0.0644286455534759,1,0.999999999438691,-0.172664349656817,0.192609583914979,0.703815906195995,0.0914838859644687,0.79971441866784,0.0862200491275042,0.706904843330497,0.101358565652894,0.799215803869893,0.106646945920308,0.761663767011542,0.115695119146944
1.0409061271599,0.107958102052198,1.04123041218273,0.0825754995339023,1.07074419754554,0.163226290175244,0.01155998738963,0.0816986499684028,0.105734766675798,0.100596610555643,-0.619969816255587,0.0462028383353486,1,0.950377763441475,-0.456605741082548,0.228462142276468,0.88322973515448,0.0782404329439114,0.575497392574248,0.0869498026795917,0.716014706896771,0.0852605399108588,0.742710770038362,0.104442928694046,0.634003129751766,0.128811815394897
1.21061205462764,0.114349732428459,1.06690653197522,0.0830895331035549,1.21981628826472,0.193599664091135,0.0901237315593158,0.0967999643981239,0.298259239170599,0.126701831648797,-0.63840765661166,0.0527799450899219,1,0.899553730445302,0.143095493407675,0.216056898775265,0.804133849211994,0.0846870127966818,0.744940898138631,0.0807716784667991,0.859980029823952,0.0923834190509745,0.741946037023773,0.109569935724521,0.872213342958657,0.115318706681643
1.06296635342355,0.119396613197306,1.14120617502014,0.102343588298824,1.22693854531564,0.206139352995563,0.0630440090055461,0.0881288376069755,0.155912785802015,0.142459377457151,-0.712665711159217,0.0397737114588988,1,0.560593961050306,-0.336635098648024,0.203122741655655,0.896590321057519,0.0797392204823163,0.656627910834374,0.0901275388395726,0.71304154733098,0.103476825677349,0.627606763942791,0.117552316745005,0.74327279874405,0.13061647163962
0.935236161054134,0.105424478349912,1.04013153844773,0.0840093122970953,0.959615440303879,0.143655983858492,0.174763104829497,0.115815773313473,0.266371273675752,0.102679973753187,-0.568014741671876,0.052307252140099,1,0.650449969791311,-0.142557626391537,0.226600538867818,0.687767972393809,0.0891472509098205,0.72971129790259,0.0749282683267246,0.676475718140082,0.0877722640640199,0.578505363826799,0.119756667203452,0.837648726914539,0.106959951660365
1.31084664696676,0.128949171768548,1.26559486743295,0.110798910965953,1.71444395543769,0.282310154870677,0.123989171821352,0.115061374650215,0.195337345117186,0.147355576491912,-0.659378230525492,0.0494238709882207,1,0.423673943212336,0.0853679926923942,0.240705924125596,0.722148709682826,0.0990585678715405,0.817035278282722,0.0773071459062488,0.914227616125225,0.0970113654566077,0.982404384978702,0.0880431572144232,0.834505110757631,0.120321567283469
0.987237314907113,0.105039926268164,1.0479204766447,0.0824155035225125,0.818120124645574,0.124945466425577,0.0164380862431313,0.0272267772820565,0.115966928310153,0.0928200394017808,-0.531563228777159,0.0605670631534351,1,0.999999973808154,-0.147278429667589,0.210801820352476,0.727388185710677,0.0805785610532855,0.520039547293449,0.0870248009417683,0.64320789368027,0.085301714083002,0.709798096198672,0.0810488389797043,0.63872696608332,0.118285113701355
0.976433102549596,0.110961333827843,1.03694868519827,0.0862116072060203,0.984818110810239,0.157355485742139,0.0333785803357487,0.0355378206828609,0.181305901418982,0.0946418600181678,-0.583411327365231,0.0581326098323989,1,0.999999991810156,-0.189523263963341,0.220894497810735,0.754626487888832,0.0818499638979504,0.636901513971247,0.0864936778812395,0.691745096327415,0.0948406017871006,0.584138265599273,0.111045659362171,0.666925245417422,0.122322383895469
1.11723661639767,0.108704155376508,1.0173162591599,0.0926974441540308,1.08571401416074,0.176213691134762,0.119552373183903,0.0719052707295248,0.360277236291537,0.118145965546737,-0.648504121381703,0.0462984142071549,1,0.999999999992022,-0.196107539334976,0.207465585281322,0.769755322019402,0.082493073330616,0.775048288421751,0.0783505166958092,0.731100933267086,0.0907648462088055,0.816676120830739,0.10920887357988,0.779438458976466,0.123286536480659
1.12629850322888,0.116790963822664,0.984240530362811,0.0974054625367783,1.00972115956357,0.172403688626245,0.112890126127063,0.0722548721913132,0.337620421557756,0.11738537366384,-0.604731486383171,0.0643714148137487,1,0.999999999984829,0.48947543043815,0.195074967977941,0.460250208348692,0.100228393660277,0.737487796149007,0.0901078438083279,0.668984613733836,0.0990893941385945,0.662367759838417,0.109968798550036,0.653484807468412,0.132999330411611
1.11303389352264,0.117102714855753,0.851841922795768,0.0938372117982674,1.12364425367377,0.18536561720746,0.138520008308673,0.146969242097646,0.35357203348612,0.139585602967623,-0.648595432387975,0.0451287742106213,1,0.896204735223809,0.313430323079799,0.217709273531785,0.790660133301189,0.0856685484285845,0.69222098782566,0.0851010195490799,0.650523687562472,0.107820769807079,0.677068227987766,0.109748014533626,0.855783555385503,0.113748837336672
1.18159606866678,0.120256909707646,1.15298253349043,0.0888700121184055,1.06147585998808,0.162803886801605,0.113293359671689,0.0694930832900668,0.346782592213219,0.11574285635832,-0.467826402404394,0.0812650867544342,1,0.999999999474774,0.0538933046743733,0.21870800463754,0.693669403357673,0.0852313621824769,0.769910618678829,0.0822462223231667,0.838174069361369,0.0883486964435326,0.735537510215071,0.104966788014401,0.584021212687322,0.137663719969499
1.03299016836441,0.110032467786901,0.940518186827647,0.0887979917235556,0.975315748636862,0.170277067120098,0.0490346514296807,0.0477619425716519,0.21868760171495,0.108385173399648,-0.568377117444302,0.0662266241359629,1,0.999999993471413,0.0124039023827962,0.225520225850417,0.715548474684177,0.0826967121627465,0.751240915026247,0.092785481831187,0.615196195101433,0.105889072459291,0.631473178052888,0.105895213629736,0.728407088546331,0.118251242714886
1.11195444092759,0.106843282446723,1.02359691943924,0.0849634953662533,1.00025119873419,0.153308410254195,0.0113841068885459,0.0209609255479716,0.106709730398353,0.0979816002129231,-0.657159052977586,0.0454081329910781,1,0.999999999995741,0.162995487210796,0.212744599401326,0.72862266325876,0.082663723756856,0.69390032212366,0.0826615689765766,0.862180715881674,0.0856262146205115,0.648231472498244,0.0973575236527236,0.63960251901937,0.10862954434355
0.976009167038881,0.0948281452347483,1.03306717471092,0.0903115921840709,0.847645471660817,0.134700647937035,0.0784829288584659,0.0509180957547952,0.25792576304961,0.0904639306328437,-0.647842467710966,0.0513066730529894,1,0.999999999963674,-0.109116190105087,0.194410255142719,0.815952108583984,0.0830796764910928,0.657260527566167,0.0885574483362545,0.647262511988005,0.096808934354475,0.674298075696152,0.10955766734281,0.772680730091025,0.118049465651761
0.79277071984745,0.104373722539961,1.01949695411614,0.0919207090799747,1.04994657933145,0.169276036846619,0.110102655136349,0.0710961607362139,0.340002803072123,0.119331961204086,-0.57921719031056,0.0546803357235374,1,0.999999999832095,-0.225941454681084,0.20215732871561,0.651865258144595,0.081172820777013,0.726769479763365,0.0828659849256868,0.61753924152189,0.0940904451978128,0.797197409551358,0.102723414968087,0.568188923291625,0.140553607065584
1.02984301452501,0.121451226808252,1.11848848549777,0.0908180037829701,1.19133560846299,0.198869192936086,0.145606657505503,0.10633519317119,0.242264849669883,0.12343356315713,-0.657045955699345,0.0516818208553008,1,0.581678121418753,-0.231545865519811,0.241621802259062,0.702189536485417,0.0885836443554086,0.849033576204143,0.0853930119115218,0.853815033105846,0.0984447046010363,0.74005804475281,0.122478954069169,0.675592427054339,0.141010877612232
NA,NA,NA,NA,NA,NA,NA,NA,NA,NA,NA,NA,99,NA,NA,NA,NA,NA,NA,NA,NA,NA,NA,NA,NA,NA
1.04403692889404,0.114624807374711,1.23740661693919,0.0958896726732461,1.14180195626946,0.178278151869999,0.133077589470754,0.102367786975553,0.202939222024498,0.108977949623446,-0.599896684729959,0.0524281083248859,1,0.520616750322077,-0.0341548573383006,0.217958154223735,0.69123110587969,0.0848346861836965,0.792434843004403,0.0897793501649608,0.748821864840259,0.0903249013797705,0.762894133445703,0.103987284115269,0.653119999411176,0.13015484790249
1.00325598541831,0.120560606234351,1.14826213607278,0.101206606632185,1.24546914057859,0.198994836811654,0.197500411600153,0.125210501965918,0.396650159777222,0.117222528991605,-0.661760079198322,0.0465731521580865,1,0.799755334103102,0.11986213034887,0.237237476432348,0.893652590315602,0.08706764101457,0.678240841770294,0.0931264645991365,0.882571580655485,0.0892237832903764,0.686521035244352,0.113228402031582,0.736728164497342,0.139130065890241
0.823290660389546,0.104732191185583,1.04251552913163,0.0882009388686676,0.94861486117676,0.157039642288237,0.056499757016348,0.0915007220125838,0.137534669114534,0.100713426213596,-0.551009690546962,0.0615769098131772,1,0.594078636138409,-0.255322516844183,0.21734295500583,0.68626825520634,0.0792579043095926,0.734389836688286,0.0828203178162239,0.510693159031982,0.106451698317642,0.770677050803895,0.118556522872458,0.680639640627646,0.153526988310735
0.888839687654314,0.105610239540276,1.01094024392477,0.0843266757965879,0.935564155005048,0.14784038369578,0.0853428175551484,0.0951997000912639,0.239784538121193,0.100188507655803,-0.593220891852738,0.0540999450239564,1,0.848595842920256,-0.411238225108153,0.209961870975599,0.705194173521355,0.0810758555279815,0.714507624452418,0.0871817572940693,0.747475436665268,0.0922319582606432,0.734933103428638,0.101489375814046,0.71041832378885,0.123807578005039
1.13580029740428,0.123932578268828,1.12105632675671,0.101327090212558,1.45401805215164,0.232881110385805,0.278678545379505,0.155997100736952,0.522548990103152,0.148514258254083,-0.593693052649621,0.0563842602039906,1,0.820900170777855,-0.201384543931806,0.216604986060053,0.783655975253799,0.0872361755885884,0.785449491691333,0.0815842658028231,0.813191548154543,0.0977632292333325,0.848885378029652,0.102644289538461,0.747733275424949,0.117625496071466
0.859654109062757,0.103860121807356,1.03853630882651,0.0907156283744031,0.944093317679572,0.1503790578109,0.091270783951238,0.0637369580226918,0.293544097563255,0.109549441525674,-0.660193006773692,0.0461296990847343,1,0.999999999921584,-0.317102623085249,0.204214551779088,0.749800964668154,0.0808075985397784,0.724754540101876,0.079853377327172,0.630531578114615,0.108415861285559,0.728810211076762,0.116736448168301,0.463299748156463,0.137905157577475
1.15390739588814,0.121097807058124,1.08013147805076,0.0970951752053907,1.29215231911006,0.204842733877492,0.190618403192659,0.120687437424053,0.479846605937612,0.138224210319414,-0.594387190121417,0.0557823714729095,1,0.966859030759049,-0.0264363202012361,0.244194481947667,0.851067444073129,0.0772274197216655,0.798510522982648,0.0808098570276657,0.964113494938148,0.0915023454320557,0.663511467782822,0.127402350073509,0.820082330059439,0.121886288017756
1.14438712781064,0.112297485335149,1.05441875806672,0.0957308712836334,1.21215384370253,0.192344028786909,0.0873234015301674,0.109712357250377,0.285359911123378,0.122565769555928,-0.582997940927884,0.0595982147409521,1,0.877099305877003,-0.117080894455368,0.218924020300304,0.798625849805615,0.0856129334293636,0.742962088584455,0.0876379918306082,0.773307583661312,0.0987783424715514,0.860575517698487,0.0958010006196403,0.66021844474634,0.123110524142261
1.0733013463186,0.118739017558465,0.942647487910434,0.0946110406126096,1.09523403483663,0.180949412084954,0.100926458181136,0.0939109142865258,0.230550373443779,0.10896669049322,-0.619425999997903,0.0530731973738425,1,0.69344153025148,0.194260687730315,0.241680402402909,0.599151527632292,0.0934096980675005,0.748049687755588,0.0866348725708534,0.827634365901204,0.0899457792842999,0.58766590268819,0.112728906932518,0.860593255566998,0.118915548490055
1.1282816465397,0.115265776779139,0.946447625730193,0.0909340439941892,1.03753117970056,0.17048533654087,0.111956491080509,0.0723946382036923,0.340820114229456,0.120700372226617,-0.604253328240216,0.0567510624788406,1,0.999999999989167,0.235905118136917,0.215072587659022,0.657351586065655,0.0872902777348901,0.642981952173346,0.0881138402560864,0.605105170955407,0.102240748763652,0.695227943779207,0.109910408536776,0.550235611538117,0.119789370068054
0.805307660044449,0.100426802194909,0.896993849862477,0.0832233785130196,0.884404454065171,0.128522997175291,0.0650177080051308,0.0520278041925382,0.239795643010026,0.101202226503692,-0.562041353944592,0.0554592680025544,1,0.999999998728264,-0.152930986866278,0.204220233080738,0.614746948688724,0.0809517035955985,0.518079315528864,0.0908657040048327,0.651160589837206,0.0898213297041862,0.706967533775498,0.100667835829497,0.855693279135423,0.110152756963885
0.916707781813646,0.11090602875767,1.02788923976824,0.0798733663162728,1.23364044687262,0.197730035223165,0.0484469916765829,0.0855811474981396,0.166254420598459,0.119331535157432,-0.598184313885889,0.058217596477592,1,0.680057280534975,-0.395120141571149,0.210787665368013,0.723093368236036,0.087372927901353,0.805409838725151,0.0846601725994711,0.568009808952868,0.102794777549241,0.878221558135387,0.102374700066288,0.744917461066899,0.116479369116183
0.909014290784927,0.102921617215079,0.832406578732959,0.0867415156169914,0.855736394303119,0.144355896210319,0.200781597913263,0.132412141182317,0.248995497166418,0.107121893733819,-0.522743409426366,0.0685046169703554,1,0.600702637565929,0.199107821366955,0.197785494360495,0.617705579734408,0.0871351038134029,0.539531437432698,0.0952931200668416,0.433688828079935,0.104395865230357,0.647079245789334,0.100677231992774,0.3156583266208,0.153295360475597
1.02829250142496,0.101543314625697,0.90389630190262,0.0829560216323481,0.908951663137793,0.139744661086385,0.0962193088450815,0.0641747166118897,0.295734172358025,0.103518324284065,-0.528209748586811,0.0636671208808181,1,0.9999999994259,0.00339585684928287,0.221824342100095,0.707879104799042,0.0878609873187013,0.659875516737994,0.0847215282413142,0.681188946404815,0.0855263183946243,0.53050500930524,0.104247167705182,0.803810156575101,0.112612631828198
1.00462598711743,0.104927135966241,0.826835960293882,0.0818460808678793,0.938532584151157,0.146087741959782,0.14605831292074,0.11459851975639,0.329688490301921,0.102913503637237,-0.57924198436818,0.0511189928208948,1,0.890463183871695,0.0176705209024831,0.208949225863299,0.595864893197069,0.0848830513095459,0.659772554952156,0.0775680720237434,0.693520068948187,0.0928244862830551,0.52122724338953,0.115833604284787,0.897730023320895,0.107070632095287
1.02073608873943,0.120680908811329,1.07682283141409,0.103789870022761,1.28414945824456,0.216404554716295,0.2350888848505,0.108978495826926,0.549444505015952,0.151480005468968,-0.637836348723861,0.0531157132466836,1,0.999999999953855,-0.107319638465829,0.190545878645022,0.648577922749223,0.0942588884021792,0.71135342682328,0.0861899291441272,0.74950730238579,0.0891915298433126,0.795608372828562,0.111669140955479,0.499297182244259,0.144539114880582
1.10897950969231,0.1164868420185,1.11537060097117,0.105847987517047,1.17266178708949,0.192589503782725,0.203315878240049,0.13352244109156,0.285886805442846,0.120598360486589,-0.629263700951673,0.0489090005728666,1,0.585493498319792,0.188308583964833,0.216169028447235,0.70583396775277,0.082615339033013,0.839859163638154,0.0811098307287854,0.705341323017641,0.100795667666085,0.598850359293525,0.126277019019862,0.741021661275129,0.123054323929717
1.14503237067812,0.106968848595261,0.858191814727444,0.0880469752378484,0.930082508415108,0.146347344578558,0.0948044836185798,0.102100914868971,0.143525071315004,0.0899380218141417,-0.548314243224721,0.0597603967344815,1,0.483339840423102,-0.186719369974727,0.231030909640347,0.599436646704425,0.1004633742238,0.730152717279594,0.0828305463418836,0.745773191771594,0.0814190269088306,0.716578966436359,0.0862227568598223,0.553460893214382,0.134784119088565
1.3236426988168,0.128703565657038,1.10765751783585,0.095642678259305,1.21026393832738,0.192480765805555,0.137498837034716,0.0777819712714442,0.407933675983883,0.129695604527394,-0.639142838282841,0.0493723836082912,1,0.999999999929852,0.0937603758604702,0.252086827895652,0.860331415065659,0.0846002034205856,0.821380788125729,0.0820952800905968,0.731630106058834,0.0908369118260406,0.881687420761476,0.102831898374078,0.73835903272186,0.119427871311583
1.11170997406377,0.116086453043625,1.12266276960201,0.097449386093842,1.1788405061394,0.185115951189445,0.0662169394476182,0.109192149049492,0.228039142110742,0.106768541614028,-0.651652212030748,0.0438257851446043,1,0.816201373971632,0.183652328462236,0.226633077469006,0.860603592014823,0.0818731414559153,0.769916656772253,0.0834092886645968,0.676148809344409,0.0999575051577294,0.700348467966745,0.123790960950021,0.679209747638264,0.148136288009443
0.928788458010288,0.0941484462904252,0.925043159145129,0.0767195430963814,0.860304028939415,0.134663892569836,0.0411187995864069,0.0394435514231372,0.188081547978974,0.0924609651748496,-0.534679651046071,0.0587750333616151,1,0.999999996336771,-0.0362041615166775,0.206402835704262,0.701624136442655,0.0800516201326434,0.638059091545652,0.0846078316572673,0.658481537659029,0.0964193582133165,0.70724568075104,0.102049671563898,0.631771029235323,0.120301510302353
1.10297931233436,0.12298585133023,1.0585692645509,0.0965212372844673,1.11062903818678,0.188253599785892,0.212673335449056,0.14107883102942,0.289463396028847,0.130829522904399,-0.642255241509606,0.0534413752294596,1,0.595597162047215,0.32562274885441,0.245575013004732,0.860926285521539,0.0870509978817301,0.681631186750534,0.0964397314701903,0.827073436914929,0.0904117169669875,0.862456552642365,0.103688394903354,0.677875560095973,0.138836600982118
1.09983177205216,0.115437679948757,1.19174604714248,0.106087564572076,1.28427463495448,0.219301748537694,0.0801329625174397,0.064131849686447,0.320800142038585,0.133712158195687,-0.67456195843123,0.0460729667478153,1,0.999999999742842,0.0916510652082908,0.209818200665224,0.775425749342898,0.08808555314582,0.800900692139183,0.0883177771484159,0.720508850936442,0.101257433250643,0.742363772764085,0.114603469767529,0.951310997475516,0.124942890323381
1.00945001293239,0.107762205641112,1.02569318882595,0.0860701375123839,1.0630451511648,0.165139912768087,0.0338372793326401,0.033919273523044,0.189659049405091,0.0930180030482412,-0.614106185661374,0.0499260266646318,1,0.999999990243002,0.103914006274005,0.228055141207858,0.553473878171022,0.0864149828836652,0.817203113464149,0.0819920908755048,0.823420646980027,0.0898770644432204,0.803629261422566,0.103601600598804,0.611885704703621,0.127105215878485
1.00017356105076,0.0970713570270942,0.974411294176374,0.0860684978861954,0.828443774366785,0.128811250697037,0.144382714432649,0.0954868051826573,0.0291274408055476,0.0890298976680469,-0.551427634741685,0.0556307349669821,1,0.0842196064775582,-0.315407769919932,0.210081383728475,0.84269765892646,0.0784151540987027,0.540441718189599,0.0829570798285666,0.777565924971374,0.0840226685608346,0.536923376965678,0.101152527657675,0.435584709920624,0.146648832716514
1.06097696202183,0.113674520078052,1.09960039719382,0.091568086425643,1.34352467194353,0.216148236953134,0.35301194363248,0.167253423207023,0.270216748639448,0.129355529723892,-0.59449410647817,0.0551207193917234,1,0.392369048536719,-0.158110465967928,0.194884501746331,0.851153558514942,0.0770068862701617,0.745776354623392,0.0820184540951048,0.906668868916822,0.0919830690319763,0.839897350537648,0.106310048736316,0.801472426263785,0.142797319411235
1.01072737656162,0.120226202713742,1.06362262833996,0.0973599320528234,1.36861839854568,0.225259187665951,0.0625643386670327,0.1120906319725,0.266071917375449,0.130764429888014,-0.648611285079656,0.0496994944211299,1,0.909273267626549,0.0299161349905568,0.239564396620656,0.72996976056944,0.0902583524754281,0.636672854529964,0.0867861965579197,0.732546861198771,0.0948162514187998,0.750308486939287,0.113425071239729,0.927623580784904,0.114292291328082
0.798545768742053,0.095756948365388,0.974299738319949,0.0845394671532039,0.952794705169141,0.146244106435155,0.0479589649710409,0.0489127294028998,0.21376400042532,0.112633809136012,-0.590445661418813,0.0505576580151147,1,0.999999999869091,-0.660503110767133,0.223596736051661,0.794090563242683,0.0777089714811781,0.66416119349651,0.0873981105509171,0.663890425915645,0.0860173738863571,0.672441315448029,0.108361815158659,0.567910561887272,0.136201165108032
0.937078480568045,0.111807067213372,0.960596499558875,0.086750757079094,1.34670438017954,0.217922962671059,0.0444053457995264,0.0444877542820119,0.244542171590421,0.126178470918035,-0.578123932404971,0.0538768684321371,1,0.99999999995443,-0.0769633057947246,0.209232222900845,0.839794798129098,0.0722117978983308,0.755183988085909,0.0772912985666319,0.570986381665353,0.11157905937947,0.635909955296024,0.135203717683623,0.673360652792229,0.141023406902789
1.00414484045361,0.0934586332297097,0.967258183386248,0.0798690655001651,0.782355157949373,0.11881959343365,0.100471736636541,0.0573338191761428,0.020843392204728,0.0927888551319138,-0.481263408594331,0.0588229379843456,1,0.0743437512506676,0.070850624863981,0.192516229098691,0.68987366376407,0.0830429490992763,0.583847309593613,0.0826279370382751,0.74204077463947,0.0922326547507018,0.50967686621443,0.106112909131208,0.851249416741739,0.100391879245949
1.07486680419322,0.13028601443929,1.08384002845665,0.104598541540025,1.28720063174909,0.219826973547362,0.193598362446651,0.144129227028466,0.195453317438196,0.13940496206243,-0.608108578185333,0.0519394899136038,1,0.391533642085066,-0.246591729026016,0.244585889694857,0.854080783974606,0.0929781819341876,0.762293133139981,0.0913083549776636,0.767050824968234,0.0945495564663314,0.821529158912619,0.111781605755215,0.718908865379458,0.115735048113491
1.06926646240713,0.107592440180335,1.10799644118667,0.0859141217116134,1.17945406491211,0.169982917561252,0.0379537195441575,0.043542498021352,0.211576624888557,0.123090676753782,-0.528505862962955,0.0686058068022939,1,0.99999999334679,0.249948724617968,0.232201569802612,0.540333790690554,0.0912874659933243,0.639387817139397,0.0885566783831911,0.60566229808932,0.090499506886929,0.624218973147883,0.101838874331408,0.820538582804135,0.107253511344165
0.999544767832771,0.100953217672684,1.05819479233209,0.0856304911886173,0.805537232415146,0.126637841890796,0.0248594074434324,0.0290369665919121,0.14151034683306,0.0834018222678003,-0.634591427950746,0.0505745932791981,1,0.999999999734084,0.0944173389824078,0.212702072403887,0.676512426162103,0.0856378705921554,0.638131124197367,0.0888440848995896,0.684556511803854,0.0911854199842849,0.660392147936952,0.100224997501328,0.894636285288915,0.115292348257756
0.860108194604806,0.100444693018258,0.911449235817059,0.0916592672953302,1.02801159877394,0.168540379427473,0.206100180397494,0.110368490606699,0.29438396444923,0.111529709077954,-0.510382848467128,0.0708666301693208,1,0.639552139764503,0.0435294425814663,0.183666936975796,0.670557106552981,0.0849228901045955,0.710248809167292,0.0859241624574339,0.632314236665591,0.106826348417228,0.709857879139087,0.108259448351099,0.757369719115629,0.125897460120981
1.18582771435693,0.108362695574299,1.01821544577054,0.092827290781339,0.999035906474129,0.155731677753187,0.222003848773738,0.132128940052768,0.351074264957372,0.122081631782958,-0.634179613349721,0.050191177820253,1,0.745466607908036,0.403013432710823,0.20775985743907,0.639037833593936,0.0873176951396465,0.822709175631113,0.0734181411982074,0.688394560464218,0.0887226220866072,0.634053162551146,0.117005157990974,0.640747034969618,0.131974058220262
1.09976410434468,0.111661524772377,1.01406567511957,0.0942709063400298,0.904757763846671,0.150763401880965,0.0959991453899503,0.0892704433183079,0.256150152449364,0.100498314726209,-0.631762141728493,0.0566854087457801,1,0.869150083029305,0.179381057793097,0.195535679394921,0.579822944940829,0.0909130329595675,0.746451054090862,0.0857477187557848,0.656672939604699,0.100240490592155,0.738691701043561,0.106329045390578,0.662297021936374,0.123521243211104
1.02978405840639,0.106443987814153,1.04399094184814,0.0904959116623447,1.05281067450832,0.154518468069527,0.104108787417063,0.0914580537697875,0.19753657398774,0.104766100604078,-0.638393308123681,0.0476491648866792,1,0.596662417386865,-0.57572517176407,0.22333534621851,0.712193158563468,0.0858208713904244,0.756689691014264,0.0756631388426523,0.767813833060092,0.0850753296292105,0.812810738556789,0.10026501136538,0.802132615354028,0.130054067497538
0.90620481039513,0.10936882991554,1.0943670312416,0.114582578000297,1.14943588064419,0.200723384125989,0.0627535341387416,0.0844108376810822,-0.0238754321547765,0.117404934773528,-0.62955797950479,0.0536550991515951,1,-0.0888975458152295,-0.141495136356232,0.214685765936711,0.650524808906088,0.0954902791427034,0.705347708022374,0.0890636591331941,0.707502097302928,0.098962956635402,0.622583872375509,0.10507687020512,0.550626946710849,0.142350936918452
1.13942130897471,0.116084807522808,1.02164161008254,0.0835165343280947,1.14830692157568,0.174931618554141,0.0237318138926465,0.032517875909671,0.16507999883315,0.114507607698601,-0.539749749800955,0.0631184716050055,1,0.999999997436477,0.0491238848499404,0.223219333525613,0.673627172531769,0.0891052710237854,0.78316501345603,0.0882660692542531,0.472599314839581,0.104355408537571,0.692735365535003,0.103599987879255,0.675122427505717,0.10361931512614
1.15939638924949,0.127525340537533,1.15433506808566,0.104412185342763,1.30481931323314,0.230984169312901,0.279774903746692,0.139185106394593,0.43694841911955,0.148679827563318,-0.639016212722755,0.0562902569686718,1,0.723186993516759,-0.062733679390194,0.216030662816425,0.823819327582578,0.0871880701724425,0.696283183683753,0.0978239930960812,0.801018247459606,0.105144440220979,0.838611415386943,0.113904161820954,0.81132844450339,0.122528235791482
0.845794572439235,0.0913990343063008,0.904633075950724,0.087390279753083,0.603161095051194,0.101700959015009,0.078449905998034,0.0909557891057299,0.0818672553654633,0.0763812122491542,-0.489732007233808,0.0755140049069485,1,0.376354710820556,-0.0248780080206674,0.199964799717986,0.585927597783296,0.0871816151754673,0.49015265957367,0.0884491181185365,0.530037197722013,0.0979982101242523,0.687130191472561,0.109649530538555,0.207346973886615,0.149319826067588
1.1348584421632,0.112253027742855,1.0788740293053,0.104128644702489,0.950313946486921,0.154740545502181,0.308429607453714,0.166950357442406,0.28913440226051,0.116440826949256,-0.634475711975835,0.0549929307727775,1,0.534057706896075,0.00302236853553339,0.232699572750952,0.760768897779312,0.0861740206724575,0.677595072939542,0.0843148098300337,0.745734009870008,0.0947504835491138,0.760462792828173,0.102771581615634,0.721235221578524,0.115600822936746
1.03493695136113,0.106863319005034,0.904935462327481,0.086242734429295,0.888777606882385,0.140165251117585,0.0350427713303631,0.0616058660681258,0.176480073605575,0.0886378787606242,-0.652453031307836,0.0455063023625614,1,0.999999774255978,0.106166722340735,0.203579729503517,0.589940478607737,0.0846621787004102,0.80191117975855,0.0799655289921564,0.724411225459575,0.0907402299182517,0.821455853410296,0.107789574125739,0.390506238003546,0.152435907518092
1.16612306978931,0.121502434599299,1.20112490178286,0.112506209932365,1.23760927455837,0.212322060564266,0.315998062998404,0.178840259444535,0.450335018671449,0.157789437571783,-0.625210281228069,0.0533150750227564,1,0.7201147916677,0.333072762627033,0.217849665478077,0.569146525018655,0.0954072091479886,0.755056495338468,0.0874194979100075,0.779877419505506,0.102034970902662,0.719609462738019,0.104819730824588,0.956432589359468,0.106403234264071
1.05220892631556,0.108995499832956,0.969886269378003,0.095664339321924,0.962104524816246,0.152333947082038,0.197162997569385,0.107559753914605,0.351489471156451,0.0876468354394208,-0.568505170501685,0.0623400130361884,1,0.80702778188779,-0.0859664287207584,0.224433393681756,0.644936883727129,0.0790074051201788,0.782872139259219,0.0773643754839741,0.701333289007592,0.0977714669345039,0.699793342158319,0.108852704039313,0.665639024055374,0.124891898026718
0.902701760690657,0.103657881873634,0.973237952496646,0.0881633783970494,0.998027779991505,0.151420412518156,0.0995332374828418,0.0980329633035839,0.17948559710713,0.0949521251434043,-0.496261722312973,0.0662955013594072,1,0.569474423950135,-0.145792335640756,0.212578764434623,0.727142819039063,0.0798053770700434,0.493485484432758,0.0875990888198117,0.707832842575125,0.0846957411131952,0.616585252465237,0.105589962032378,0.748752665368306,0.122778032791486
1.20546615253169,0.105994173039566,1.04405376593116,0.081386515795286,0.92085221413726,0.145569479488484,0.0696967478486227,0.0868398440286003,0.186592627171296,0.0972654326402945,-0.60104234107199,0.0462845661173765,1,0.736534771065368,0.275475438902188,0.188698784243481,0.676189813549351,0.0764732642473636,0.677269835614926,0.0766301683787631,0.853530802122007,0.0879080374560698,0.783383659533757,0.109295415370884,0.686564531960061,0.14427058455824
0.966903241514172,0.103845197482019,0.902124544628456,0.0800285288207421,0.869095260522191,0.137724267188321,0.0328726088229557,0.0326973559288148,0.169024933518644,0.0846118000680519,-0.61898640180572,0.051280877647281,1,0.999999993383686,-0.117288358417363,0.196427698382471,0.695396293089245,0.080808742262064,0.712734183478141,0.0800577965097014,0.695817660580084,0.0905714452480905,0.663607786677237,0.124899276729822,0.635295077337688,0.140321125921723
0.881667813293307,0.113435259123404,0.956977857942075,0.0860769391524309,1.15340045222474,0.184667732800489,0.0627995808017302,0.0556547411832584,0.269133916231937,0.126079100924671,-0.632536412520493,0.0488107504741228,1,0.999999999793601,-0.0925220373854842,0.235428546652074,0.683849096562225,0.0847398376770104,0.683975999068224,0.0780730902973072,0.690415752931192,0.0989282586904938,0.635629012413435,0.122287431170929,0.653523002304713,0.141252640866183
1.06384023516443,0.101683543205483,1.0913396122751,0.0933198985785214,0.964355526296556,0.150737665534247,0.00353698424768673,0.070355024473885,0.0321853624437446,0.0757902205969661,-0.668393755421789,0.0447419235938777,1,0.551090918809066,-0.0603451159316631,0.224745695045837,0.736612917771676,0.0845108436059131,0.760936141374106,0.0806591086775541,0.682712845942414,0.0953959412980017,0.662965119700627,0.111898630193008,0.760717214490109,0.11067137912175
0.967047320580274,0.0904140332935035,0.864549161077407,0.0761498725819151,0.642462589211588,0.0941031378467537,0.151877266742812,0.0678528513296257,0.312370712487075,0.0764022650706374,-0.421419585312794,0.0749876146940607,1,0.99999999992681,0.0817561209717024,0.186330772749551,0.551901341007468,0.0871968854784728,0.61357325414611,0.0774970699246171,0.686216743185712,0.0811988384755322,0.44834087200011,0.104038503364858,0.568245677498022,0.120385685964805
1.00850093007219,0.102816925839582,1.01375431925133,0.0891353971518888,0.951244873597768,0.143924699787491,0.14054812842876,0.0771081822046036,0.365644207674429,0.109596682346121,-0.627696319493556,0.0468830475468162,1,0.999999999791477,-0.119975650230979,0.201813647701829,0.724116500100273,0.0861960965770851,0.748804974890303,0.0819683572384443,0.634580375243322,0.0829721694980519,0.6412434502625,0.102449081835538,0.776608797993743,0.106716074920713
0.894290291142223,0.0990314876291215,0.997965512765413,0.094147747967768,0.993406537895605,0.155823780426927,0.0792486127418027,0.0606154938793417,0.280581698693417,0.114289678145699,-0.535524693726251,0.0629278832611152,1,0.999999997617178,-0.224317147271302,0.193994481238181,0.684013593397135,0.084505415257174,0.65589094186934,0.0878912299977812,0.652528934925139,0.0931351387916355,0.651379720994992,0.107719262824113,0.467453738046145,0.141422530476903
1.17531431773779,0.122293669622934,1.15426770537174,0.0982549747094929,1.12953750855023,0.183901965834052,0.0769746141045066,0.0995124786377418,0.166856645724215,0.120667924091195,-0.554636100819821,0.0652881434636991,1,0.565873583142851,0.330068308272468,0.23645763042248,0.747518955088076,0.0895316869234089,0.653940639712587,0.0923718577983848,0.855162596246371,0.0905183099421316,0.862825020471587,0.103738756839004,0.865056809274493,0.110838477182059
0.969380439363439,0.0984121896949337,1.02272634007309,0.0768101026598218,0.781479214540109,0.117919699355001,0.0162320000696176,0.0229366674245012,0.112627574975123,0.0797176158806643,-0.502915341190812,0.0594079227268109,1,0.999999999209979,0.0116730610626606,0.205791824659532,0.736786039962973,0.0748716140757211,0.770217955233911,0.0787776643544893,0.622378386609884,0.0917514351560738,0.56868038442691,0.10880521363775,0.505433350980685,0.140487120692417
1.10914779971791,0.104723996387034,0.972615626674488,0.0851517001812929,0.956154510849402,0.138487869950744,0.0611575869737998,0.0553093802509325,0.241818320011551,0.0961236975798472,-0.654715879911236,0.0496406032849781,1,0.999999976362528,0.34882594800351,0.212230193489138,0.499758496664685,0.0968069331421844,0.79533700277397,0.08229594421014,0.707573422569256,0.0835041919083548,0.793566391114622,0.0915103165462023,0.864770855531315,0.103468289864277
0.989346771108804,0.107346832066477,0.997138554294526,0.0948952518368227,1.01914143336715,0.168213294431271,0.0354240960999287,0.0560770431134642,0.19000564400222,0.0873988708547445,-0.60630521495358,0.0561962410562145,1,0.999999732393865,-0.0735152503533687,0.21474642127764,0.748093620224428,0.0807571463431313,0.584205557130722,0.0941203280716445,0.566343947214868,0.0982503283049614,0.736795623321358,0.09832141486528,0.749609051035715,0.117302160492346
0.924922607527629,0.105410137727722,0.883953638523667,0.0858629952649737,0.989912792157564,0.168055672528801,0.200076705580583,0.120726697248578,0.434454988647068,0.121762860383708,-0.537513695616432,0.0644089617321524,1,0.976220798845894,-0.0700291361402822,0.18394703937839,0.629040161838335,0.0866861239659163,0.637968283750991,0.0850577570902966,0.626508528432746,0.100790786798511,0.77135787938781,0.111863266088747,0.737950599262607,0.124807585892978
1.01616059358017,0.127271819558648,1.01299493798268,0.100226794016465,1.1931696340612,0.202797020802721,0.0749048462951337,0.0975518009101275,0.263590877186473,0.116859918123853,-0.6446827740258,0.0517897998131125,1,0.881707064920011,0.386767024089335,0.259050565608198,0.73732486416792,0.0912231832158398,0.728758434640831,0.0954528712866428,0.767286059539456,0.101008276147631,0.748733501131206,0.100929755970854,0.785997649511003,0.111226765095127
1.11017189893197,0.107516747734005,1.1488142375239,0.095766269719955,1.00846146761578,0.156160496076594,0.237393525453516,0.116237203294745,0.489287464632173,0.136015162528296,-0.684619188512415,0.0418169871170667,1,0.999999999926576,0.217776507529962,0.230137326048472,0.685933971757476,0.0916650298823046,0.90727014022266,0.0712034287643876,0.709874866708253,0.0950635571869891,0.858095206159684,0.103486065436136,0.82755287152827,0.122324335997421
1.01930141847685,0.110077610508954,1.01262445116032,0.0877322331789246,1.03475447906071,0.159284952755702,0.0721174473301523,0.0936657344943133,0.23613900239344,0.0981163419129556,-0.647765042151008,0.047763418875028,1,0.864428135012292,0.23562835023235,0.238503118170707,0.646672458991537,0.0854027431883763,0.690140644571992,0.0836399033348721,0.813309525274759,0.0911877390513015,0.565049819865935,0.11644792591163,0.649596253734975,0.12339709056256
1.08268920470439,0.0999392946010062,0.891974455260638,0.0791436373050612,0.823846541419847,0.134985235867904,0.110368716878823,0.0894347150271198,0.265660132785875,0.0831857885071875,-0.510761700933243,0.0612553716780116,1,0.881008760998353,0.128647270748888,0.184296844674521,0.704728576773133,0.0807720148591693,0.454276404132708,0.100264345072162,0.619582104528807,0.094960493039769,0.75367731324056,0.104616306522758,0.842739792764332,0.0988752233666391
1.18711854299438,0.116306414381895,0.999644152411898,0.0959247551893198,1.22620610488489,0.207956940150431,0.183327021885499,0.114380940087162,0.321537349587826,0.130733745535553,-0.534386783043995,0.0691551719970782,1,0.678166681306555,0.00638275430992562,0.203114625911373,0.713572565867971,0.089892842653105,0.614080091155279,0.0938282844004018,0.763580523049473,0.0970103896195201,0.776443475153962,0.104616694511548,0.799719744804724,0.131681595867344
0.882517737058515,0.0905807964208067,0.927069170569966,0.0873880740781461,0.806131407054282,0.122816181792409,0.0975065125928105,0.0882826333014508,0.149978436651879,0.0798545568952187,-0.560176358118236,0.058587279731254,1,0.534944946926196,-0.12723099769425,0.167135146679459,0.630463066022533,0.0800150060962304,0.752310635737969,0.0805159940121396,0.619909119426786,0.0938403321494898,0.548214259063997,0.11386883391668,0.799018589241832,0.109655102489714
0.959066268125866,0.0979275535094623,1.07656203698567,0.094454040827882,0.809251437881597,0.135266903054932,0.209172461610349,0.116874795972375,0.184946388942506,0.104674867633212,-0.531660334172854,0.0604149883719589,1,0.449522943251365,0.029029366843878,0.223775034158492,0.6874725274784,0.0931333620113449,0.681566286641911,0.0815352660988971,0.677596318842806,0.0893940957096089,0.783226637533863,0.104803727590761,0.511350017540878,0.147882900762086
1.09076517209107,0.111846373065525,1.08009655991686,0.0925121213918353,1.17106845488409,0.182476840366293,0.102010970338308,0.115056741917492,0.324217331821162,0.135153914997764,-0.674414939764428,0.0406673499542137,1,0.938040623801165,0.219859450378137,0.214461490818846,0.685163941037578,0.0815863062563618,0.537946296960183,0.0897172258014328,0.869583541478752,0.0876120157203855,0.659588145090518,0.113890973847917,0.738663199807836,0.123240520363283
1.03274177433253,0.102693925405777,1.08152111591842,0.0965701095861253,0.832950675630974,0.127191017171937,0.226153073609785,0.146236540577324,0.38593947894577,0.10150618028607,-0.640624739317855,0.0422399348869846,1,0.889218145732234,0.0465751429976692,0.201602592143172,0.709961788653391,0.0849152183832441,0.55052495198438,0.0977720477377471,0.685878579947337,0.0887997287218393,0.797027481398171,0.0850551154258568,0.623044138216003,0.108914206583163
1.09860480415827,0.11792225969579,0.954733231315387,0.0982840662397802,1.27778226029194,0.213992264950788,0.0785865177888379,0.0811358432202979,0.21158774744396,0.10780958942826,-0.657264545621783,0.0469709702809804,1,0.667710283931802,0.164175038959622,0.212235287964502,0.688372413251977,0.0872611543402077,0.737819805338091,0.0892371123070938,0.849806830210808,0.0944531666661109,0.726832089988891,0.106580699669251,0.893776427078172,0.131211377167894
1.17056890570774,0.117256806748356,1.18558504120248,0.107677394824386,1.00693987462159,0.168819066517489,0.140158629409645,0.131756224131696,0.2343375918274,0.118425972847386,-0.679965373042323,0.0441258369681933,1,0.623778313747919,-0.301740521975494,0.210998458036969,0.642855503209581,0.0958377372054642,0.780830508350397,0.09124155711783,0.736634711689331,0.0926902032818781,0.827032297390602,0.103995175333627,0.875197010120207,0.0983425450833497
1.01498314352226,0.100920367137952,1.02976052079393,0.0915786347948862,0.884121452067896,0.146635341595674,0.0474775859739152,0.0474898078310598,0.204880335848582,0.105860261576766,-0.556839667207693,0.0621914855663266,1,0.999999997206632,0.133557179801309,0.208558631595784,0.636429784722293,0.0902165393326481,0.749791201972706,0.0808616011045775,0.662318747624943,0.0995607990853845,0.700630796104082,0.108849086386225,0.482221593473737,0.141113426092527
1.15568598866998,0.11039461465061,1.16877124985322,0.0953378395391115,1.04365285568808,0.159600663061708,0.0221862043877109,0.0289625853189834,0.15216667034808,0.100113766504007,-0.617487855973029,0.0502759101814789,1,0.999999999972087,0.367972073602942,0.188218013765683,0.619733046932109,0.0891313640464223,0.719021114669477,0.0831796265397575,0.771404382745674,0.0949640475349558,0.793187853332395,0.102492243485632,0.764241776145721,0.129527164914234
1.23043001681457,0.113793643047026,0.981995134890292,0.0930484191738092,0.993494577731799,0.158858347105823,0.19859279517225,0.137661748790593,0.356194482783286,0.109505180394399,-0.676284128251449,0.0433346959696623,1,0.801904579067512,0.26863572213261,0.220547755700951,0.693717722476104,0.0906203802893666,0.77426571007268,0.0820582901458302,0.728776784117027,0.0973057731704286,0.609726628589664,0.110843252713017,0.763895656030242,0.13075497893854
1.00811103881511,0.115141876315532,0.984251529039211,0.0861935772611249,1.14306875458672,0.173300829290607,0.0464408783337541,0.0882308547088858,0.230401967072539,0.100929854715884,-0.591412718104587,0.0543940963272831,1,0.999999524085117,-0.00942506160308271,0.223962229709624,0.625263673541307,0.085416129873038,0.703877089461514,0.0839352991871245,0.699969098186304,0.0919684331680056,0.685836963331424,0.104094067880423,0.715091256125424,0.117689459187968
1.15067013026682,0.106348003966092,0.932244215864745,0.0798650073892219,0.857664704589203,0.127965256585891,0.0701868783487774,0.0745882866067707,0.171739902070627,0.0931085981770503,-0.612477061242707,0.048952592120848,1,0.699978141636502,-0.0456739050506405,0.223530678562763,0.775363000521294,0.0871844169446019,0.714270091241122,0.0748449517300171,0.715142869259811,0.0879192962752586,0.778092666375271,0.0993606460657601,0.688059318274127,0.118967876343761
1.03282881724077,0.107695733871797,1.09373012086313,0.0936647778248652,0.977572501050169,0.150796649386437,0.114275385171599,0.0757193151992967,0.334234160560727,0.118662042973933,-0.602856582458211,0.0596082332921057,1,0.999999999977899,0.0444387981413735,0.229650106212686,0.720077270767379,0.0884893972959568,0.60912443552255,0.0886337146145858,0.622192846869883,0.0993679369592733,0.834969146158925,0.0971486864366302,0.562984192848511,0.138776024787586
0.935847379861011,0.106636245644535,1.09229302248456,0.0898390221269562,0.968083924587084,0.157542668437838,0.0001929262259542,0.04843414279659,0.0135671936130245,0.099674670129289,-0.60241532617032,0.0538857794219182,1,0.992745401655444,-0.602985736792014,0.200168946972887,0.859132712951593,0.0751654636871999,0.706103909806311,0.0855958407940664,0.638163078628197,0.0923776371820307,0.574977727696805,0.113838934476741,0.599622934537593,0.126720956229731
0.806234429350322,0.0989567940457936,0.900723939830232,0.0755403243337324,0.93696918023914,0.152748926011588,0.037565925741443,0.0686403378220113,0.1381222236398,0.0881606777121474,-0.419421923779196,0.0751913350060343,1,0.736213642111199,-0.333607731864017,0.203588934827449,0.644780180518887,0.0858752044243216,0.659031563313623,0.0885062442902945,0.584077249729641,0.0864337018267093,0.565605510640241,0.107145485838179,0.650887042879793,0.130155716685013
0.961818247408148,0.109925929199367,0.965989138989657,0.0860750414713365,0.945114527563499,0.158228612980588,0.0695078097929788,0.0906746860191904,0.174611061972732,0.0955191368078062,-0.533496909406141,0.071231765808252,1,0.681259752252443,0.2427227070451,0.21746964379122,0.646803423754859,0.0859984097548082,0.704662234660495,0.0884936391974955,0.498040760871868,0.107540033009063,0.743607260911933,0.115457774157038,0.45776317925535,0.140699266319572
1.03823747134565,0.107538040486342,1.08488057632064,0.100065913685686,1.06172659155267,0.18486801448452,0.0753899788991897,0.100390663302581,0.26752892122735,0.112893479665856,-0.583488097951645,0.0569472592646136,1,0.945600253835534,0.0211445028003639,0.206298858313321,0.717680559606346,0.0898700628674574,0.776289087832545,0.0902770300946368,0.734716573692216,0.0928526151478034,0.814380500006271,0.113552760563065,0.857267484745933,0.122701443667557
0.948018580443893,0.1033193768191,1.1007992697614,0.0915221576761866,0.946794933015341,0.152079621653814,0.111044510220268,0.0998930041858275,0.124485856226278,0.104126577102451,-0.582525362422803,0.0513331677110469,1,0.383922444178447,0.075130367648963,0.200841389840071,0.669389098297862,0.0856234175061903,0.644806085260803,0.0926686199049862,0.694952873914011,0.0929226453836571,0.815050833656894,0.104453330032941,0.529551879311876,0.132649571484008
0.908476552276629,0.105738767963087,1.16853355129173,0.0972300343418588,1.01624748144843,0.164595777004669,0.114168343911324,0.118666278277103,0.0775663891068844,0.10880582861493,-0.65325189421285,0.0476546966304861,1,0.227719899084699,-0.0967660216334031,0.232632779585454,0.710262881636982,0.084187789865987,0.879467108443673,0.081727484462586,0.721100117039582,0.10010933618988,0.561220706618124,0.120585467025403,0.86792002006938,0.130956870663595
0.984506352238538,0.10074557263249,1.04436430094188,0.0762469948678814,0.853808924618477,0.118861903561239,0.0302401764486998,0.0326723511718934,0.160683952315328,0.0901886796733432,-0.523367692344671,0.0563196236553281,1,0.999999999956181,-0.157095529795561,0.198686276227612,0.818712138419324,0.0749474785462594,0.452844748909915,0.0900458597953042,0.773996178002204,0.0788461886357186,0.735259463360216,0.10426607791085,0.741511967619732,0.114249305026753
NA,NA,NA,NA,NA,NA,NA,NA,NA,NA,NA,NA,99,NA,NA,NA,NA,NA,NA,NA,NA,NA,NA,NA,NA,NA
1.0770914005011,0.119928860604525,0.995990715830284,0.10105236757051,1.35238265420845,0.23446394493512,0.204842945948434,0.14943883310807,0.108171022672323,0.15921945239468,-0.644589339111126,0.0466207224824901,1,0.205518363569374,-0.0885774185644998,0.224045251814585,0.872590536655556,0.0824207578885006,0.724452615667851,0.0939476675387687,0.722593892490564,0.0973901518136711,0.873551290355025,0.0928732915754758,0.799116047694393,0.132041255566247
1.06109606475928,0.105889974001405,0.965279922150547,0.0819644073470481,0.921849774058369,0.14023465090656,0.0870716512510164,0.0541004287910813,0.283314280436541,0.0910651195123031,-0.560476441163212,0.0588242358515849,1,0.999999996677567,-0.0232857591573509,0.223262547933263,0.703592463408027,0.0921478562032207,0.579540680262269,0.0837802494349448,0.794009076580169,0.0794901088713706,0.825707604829725,0.0910183846683129,0.602541926921873,0.123175939585599
1.03376007756157,0.106509030644477,1.08605319846354,0.0884647491956411,1.09785670137437,0.174294353496409,0.144943592852935,0.0827035199308451,0.398907626812241,0.125261770483367,-0.58014907272849,0.0517033462380783,1,0.999999999981464,0.187080859772157,0.210786268362293,0.692340182364268,0.0827377515442903,0.701542767287604,0.0801532987545387,0.636596052262218,0.0992103215920048,0.777870531135213,0.106314867955718,0.786617872009575,0.119579892149454
1.10267078691344,0.096142085003472,1.00166793511696,0.0850270975607428,0.782463971142855,0.119745026361361,0.0848503703801334,0.120459823934934,0.216768547932374,0.0924357097289748,-0.478680873814482,0.0587540143882931,1,0.841273526318438,0.360969679962665,0.197582843038816,0.575352354830896,0.0854914278738915,0.599905989701806,0.0817279902703716,0.774355718778692,0.0891326903871029,0.526137279523477,0.105939040074143,0.555078384715517,0.116762528927016
0.908679328996453,0.101472214101514,0.907914939418888,0.082238225626028,0.921892195653596,0.142287885073962,0.0757278884228877,0.0538086448501367,0.264221402101673,0.100691107688166,-0.601764534556924,0.0508967388218691,1,0.99999999998702,0.0277805116644784,0.215038403934227,0.680724948148464,0.0750791169193674,0.726667240802775,0.0825656936746092,0.624695009167962,0.096749703905937,0.537954060277663,0.113105979954911,0.615463643835871,0.141762962530291
0.999051185987584,0.111465559961061,0.954178063774338,0.0858572140383661,1.08101640917466,0.17459546375448,0.0100519458488019,0.0175740018079506,0.104241633192713,0.0902603137083585,-0.6431638262155,0.0509737906910548,1,0.999999985459381,-0.284941289176551,0.231868759413183,0.70590133132177,0.0853726113414761,0.730114903013465,0.0888811603481791,0.78642282879452,0.0939887003198938,0.657850127511542,0.109596078164788,0.638727437396711,0.12572440568617
0.971954063932468,0.10804195894679,1.16218656472041,0.0904592843677216,1.04880491227269,0.174328919099868,0.0268165877490784,0.0344434264240858,0.167706194504775,0.105273540638406,-0.622456309799419,0.0569922838702298,1,0.999999977131828,-0.176863873644222,0.20856225917593,0.885707726914011,0.0732407960313606,0.651687344599668,0.086758203851621,0.607876357652163,0.0991125933318184,0.600718551004267,0.112395407719002,0.702871743142732,0.127252342914631
1.06009421169768,0.125095558509642,1.0809418218993,0.108110635082833,1.30534836257551,0.234061813208794,0.206690191013789,0.141734053959656,0.389189206508528,0.121521596134127,-0.649528152932227,0.0559360441187048,1,0.749268784456549,0.237299327830057,0.209511046450768,0.854640477428513,0.0834946720062411,0.665978622926932,0.098948466781105,0.790795970799206,0.119942956134648,0.93740944930978,0.11683957688772,0.387903706113006,0.161737167401851
0.976022004501513,0.0982521443440596,1.05656034814413,0.0876626753550631,0.994786937967129,0.14829597752155,0.18717539963247,0.0956806116205105,0.431508566071766,0.121095804983093,-0.489649844352974,0.0621884883051662,1,0.999999999812441,0.0323137634699064,0.209292582140627,0.632903810869753,0.0764863629902378,0.607739162705362,0.0903590167913316,0.664602704623965,0.0972024532202842,0.846028848561698,0.087431190265491,0.608720662180156,0.115827542305952
1.0478864800964,0.109512291641708,1.10038654470201,0.0964809823447062,0.983390098498651,0.164864329047791,0.161836113097681,0.130296574786187,0.384521796213897,0.126244854365906,-0.588363104886244,0.0598749106608847,1,0.96387413672881,-0.0831302414468258,0.242236493759443,0.707660214016201,0.0880820272179793,0.767180737813349,0.0862637790143184,0.643685719970965,0.101463558478844,0.712857299835037,0.116050051071847,0.810315866866542,0.115796527451085
0.955545592781622,0.113187332148558,1.01123831521206,0.101358173061686,1.0345376529938,0.178977119010423,0.173041772746362,0.134876804745139,0.0664140212657919,0.134827866887789,-0.659640289257593,0.0540544698863754,1,0.156968008450334,0.0583997604176141,0.216819857119651,0.794466014388007,0.0892301872797244,0.733572977445193,0.0898462213853379,0.673871876602185,0.100928610861467,0.672604653839807,0.121669318690231,0.789708218665743,0.124116202463063
1.06107725235647,0.110742797168622,1.01305856745202,0.0989848156100573,1.22320958206441,0.187408150671805,0.182228950403982,0.0952252002270339,0.47212731065433,0.129775490914885,-0.662773093470561,0.0492094266458491,1,0.99999999820999,0.21613352388912,0.216021548363245,0.553030573567093,0.0915734743899701,0.734083175522087,0.0799535181883249,0.87280324441099,0.0929118049979837,0.583945740313128,0.117859917897898,1.02912810533014,0.116285899965311
1.04513628020479,0.1181964529703,0.904076192452461,0.0783203384912573,1.18471511813156,0.19500258490882,0.0401007747442115,0.0627968322863993,0.207659222887728,0.123670521048445,-0.590247947568851,0.0538080258895042,1,0.95272569340337,0.406079823195752,0.230940472795918,0.460250219954924,0.0962108036275044,0.789164230830872,0.0880140518591065,0.706464883778258,0.0941543709082048,0.507957911611149,0.11739739554755,0.625185370372778,0.138734054938977
1.12689245856645,0.116001782714915,1.10037715480087,0.0886861839110132,1.15112551719744,0.177681129862045,0.0719543577274152,0.0867971993150669,0.120742006874306,0.107604261832464,-0.613756404079791,0.0529348410880443,1,0.419535290794959,0.300140225471544,0.218672198635407,0.73056665388004,0.087055141465716,0.72516007232486,0.0833154119047727,0.687875945610191,0.09562040061522,0.744049536930796,0.105587455251558,0.682449941050572,0.132786953189064
0.996141239143979,0.115723174827333,0.99239231183668,0.0961407257297975,1.23855242974876,0.196170932785537,0.00527983039744935,0.015466844296667,0.0808662274276216,0.119100633825093,-0.627398004935552,0.0582463983203543,1,0.999999997779104,-0.0209461391849703,0.218729986697878,0.724435546071811,0.0884698114204722,0.659188227454472,0.089781618077513,0.748795250965864,0.0974985264688507,0.780402130638782,0.10608877881725,0.719524034422539,0.138282582871805
1.02872795029635,0.113553615188165,0.971371921792477,0.0867684411800755,1.13265854682925,0.187224703860459,0.0531234272474013,0.0455030839651293,0.245297174670859,0.111098262960565,-0.643847685985374,0.0502809441926903,1,0.99999999994079,0.0432604163463175,0.252061363967159,0.70573041561154,0.0862386880684169,0.684948175909838,0.0926914684767675,0.695478058777781,0.0942590797531484,0.560991337413765,0.113778232027368,0.953213220287324,0.0965758055745457
0.904337036909852,0.100516416948787,0.940834961529516,0.0874516928033554,0.87436524301999,0.156422073154962,0.0800774488622513,0.0936013809320461,0.240508309575182,0.0966575923412974,-0.579523712834917,0.0615229392067635,1,0.908926004192487,0.314993858957841,0.193226039967494,0.694542938040612,0.0815257176088409,0.648026391227869,0.0840911915943336,0.785416073948449,0.110445150542384,0.399326180218886,0.147359724019668,0.57445143251086,0.145411514610178
1.12246159340059,0.117058430476698,0.955379602672038,0.0955038938431903,1.1155023239982,0.17919625483002,0.0935260030746349,0.103804847686079,0.287469482796931,0.118318695205057,-0.567980307249381,0.0584573807268048,1,0.890000643253411,0.0790747901271168,0.210057985343348,0.660374592688634,0.0885027057184851,0.834306215039422,0.079788909005323,0.719553040226164,0.0962546825890819,0.651379765686819,0.127374887154611,0.764798228978029,0.124368122100197
1.071102514415,0.112599691809627,0.974669898916615,0.1046806856152,1.11248283793031,0.186513930722945,0.306700355090425,0.144244135474838,0.349691104624622,0.120854692727881,-0.625951981179411,0.0553317446585163,1,0.598660750224588,0.136814483294185,0.217441827684086,0.711215183153187,0.0901455293910174,0.786179054671236,0.0851596744158954,0.77944897100532,0.0978083955096692,0.78755851086523,0.112449531288307,0.695310960747483,0.125567648610671
1.10698240237869,0.110373138659733,1.06936942417127,0.0977597669252796,1.13112196641917,0.178761172750161,0.0634051622822881,0.104719500363911,0.171727883114472,0.110031777248715,-0.535720233257085,0.0560934179882457,1,0.64124470050528,-0.0849483992155046,0.233248870187872,0.700921116130098,0.086994843733229,0.778968080669238,0.0824163760917281,0.580993870472313,0.112585141864752,0.766676560663221,0.094927773939657,0.589141270628242,0.109927213486314
0.935450502579165,0.0960259613289542,0.903976389700075,0.0881120858146416,0.793200068068862,0.122824567854122,0.0734553594337854,0.0535274156417538,0.241381018147789,0.0932665733042934,-0.565792468756248,0.0569360388734573,1,0.999999998448135,0.136761153237869,0.201586448608363,0.654003211527995,0.0840039738255053,0.628061299506288,0.0833804494958115,0.55409548043808,0.0969693839393746,0.508953356119422,0.110057278536832,0.709387451292402,0.117850591212317
1.04516727427286,0.104390165126301,0.988378035609247,0.0906788981992844,0.993342253473393,0.163003309769497,0.104733318251984,0.0950299792703113,0.29266877792022,0.113006065026931,-0.540041464411617,0.0604820239464644,1,0.907370191099217,-0.0225597629083074,0.18321377651364,0.644620976389655,0.0906241309516395,0.575209563565302,0.0872925765307652,0.857369344101565,0.0905794798564315,0.686828618195537,0.10983727409866,0.619450283789893,0.128233286768645
1.0009165772385,0.113465615603582,1.10067137690944,0.0814700763142753,1.18882121800482,0.186098892036784,0.0461473837121752,0.0459669443702039,0.234224227825264,0.119586976550531,-0.6578119309954,0.045120262571343,1,0.999999999889698,0.0536889190204426,0.236096756549148,0.681434483653849,0.084869516659571,0.670521352455284,0.0792994304506002,0.839347589467557,0.0794135051697762,0.629225648846839,0.120783720424381,0.698087828653925,0.130825588051252
0.971148052999306,0.110177034737017,1.05643252334571,0.0913985828630317,0.925997083769051,0.143547043365469,0.0482960310295374,0.0850310393398622,0.200323896898875,0.0886203283461677,-0.582769821957137,0.059281266320556,1,0.947266610650623,0.140978709016215,0.216291589189535,0.720522678239794,0.0870969823001256,0.637391229743917,0.083027345705683,0.785018897279555,0.0835183795906132,0.706017557353747,0.103900376668846,0.505939296718909,0.135592095907391
0.9179421279469,0.101375757206798,0.949566595287539,0.0827586453138371,0.87075584738806,0.1350389234556,0.0206662547395474,0.0300114395539805,0.134146420545548,0.0993624749017301,-0.613981287030211,0.0486766821697041,1,0.999999999641871,0.00359292725717872,0.199441339312157,0.674285923932031,0.0833221981345955,0.594489639338725,0.0861887576142039,0.435152056631315,0.102958834558279,0.644391208879625,0.107442189858151,0.550320985692973,0.124694597052948
1.03548050816272,0.106607502410347,0.927689604302602,0.0786426439239869,0.985536215346026,0.151197341630439,0.0583742110127861,0.0480621784247038,0.239853911745031,0.103143696714442,-0.627850610853199,0.0483705751359544,1,0.999999999861303,0.537773269979832,0.191985563922202,0.556000779275309,0.0842883900270114,0.79404307965334,0.081117685819577,0.645101524058155,0.0976408909481378,0.809531168979253,0.0960919057575234,0.445873662586517,0.141306036493073
1.00956208592238,0.122579556850202,1.1242214882133,0.0877973030840267,1.30922072400838,0.208406040108013,0.0294034258482589,0.0359338138244677,0.196202890764392,0.123980711631544,-0.598740974512954,0.0523956058996488,1,0.999999998271488,-0.228113694212746,0.228494957641801,0.815349918152018,0.0800289659333693,0.736585006926023,0.0875720076835539,0.730654731963166,0.103451084717123,0.735119009417271,0.113412297939831,0.728439547346481,0.140350336837904
1.14400014928907,0.121780514797368,1.15555851009815,0.103169677607821,1.25337218594845,0.208411311766639,0.186833281112051,0.14172666539326,0.414465303629824,0.154358268099436,-0.621539273571193,0.0510584847810017,1,0.856487508233569,0.135577221580308,0.23294552235863,0.778064788146775,0.0900359271534869,0.77285315436109,0.0852912749669501,0.810635308059141,0.0980096026042857,0.765068113544611,0.100340377438799,0.784933880808409,0.1252443370326
0.926368208570216,0.0930171882521545,0.92486237073135,0.0759439940019464,0.688455967340043,0.109477473284783,0.0524070233563548,0.0390013639236692,0.189947171391522,0.0738361081935159,-0.507662701181893,0.0616627445595278,1,0.999999999437762,0.178912000970168,0.205463820918147,0.595480526665043,0.0854103325865224,0.571215603510553,0.0805635273352058,0.664267914739151,0.0946914214943513,0.445139011547466,0.12187102881287,0.739148710394921,0.107212209992724
1.03812060902461,0.103613638454711,0.914124775622023,0.0818186189708456,0.918391897998691,0.144280430414981,0.0266376154781306,0.0319523108057848,0.156408983791981,0.0958498144473279,-0.467505688331106,0.0715009465218591,1,0.999999999462886,0.318138609829029,0.191958196948951,0.690156126668379,0.0806165965846153,0.572452418858746,0.0835303128724733,0.687020503200895,0.0849203984212202,0.743442813803372,0.113232872582384,0.445997769741673,0.156314377946746
0.928091384136143,0.102459952075948,1.04644625014009,0.0957671903867824,0.924776916848514,0.148056050337502,0.137990878114199,0.110704831853886,0.109039921028439,0.101746301731247,-0.568474664493551,0.0532843829385889,1,0.305240283813406,-0.249491586105042,0.215483053736391,0.639634201391552,0.0859125698767906,0.739950102949796,0.0849824757836871,0.605553630215193,0.0965320022786476,0.667067314162804,0.103858141800913,0.652859901312584,0.121422679634584
0.920568617203489,0.10085539641351,0.864388837484821,0.0821116085778906,1.0343155863817,0.161999036652648,0.0735549622591525,0.0508988319762468,0.275824298990504,0.100329373553305,-0.495255310334957,0.0672234585941942,1,0.999999999955599,-0.0194469838666625,0.190776225527374,0.686770785304384,0.0771949549205185,0.655600315412567,0.0880210578556084,0.660416537863103,0.0977984719763947,0.452754568050424,0.119265963204854,0.541176404146198,0.121549560594584
0.94106719361296,0.103069642649498,0.951455765432698,0.080556260859551,0.840037846607371,0.138853675174344,0.0366083567344825,0.0544024863635633,0.175363613694732,0.0964315881666434,-0.574464166596103,0.0598883330799142,1,0.999999867473871,0.120868766350063,0.220012334072191,0.675885818190522,0.0797213309942387,0.574282149550307,0.085392506532125,0.775950799631223,0.0988489599697216,0.553581638237311,0.114745116666414,0.631574510555608,0.123306888266721
0.983363282294726,0.10217185896367,0.919671727864978,0.0872553120559408,0.92651276170124,0.148450472743975,0.0474072079895024,0.0431663968672799,0.209579061548105,0.0982834715920834,-0.549317121678879,0.0619487973552869,1,0.999999998184171,0.0424536205688665,0.165281118565182,0.668393524462212,0.0831310385947312,0.625701693213707,0.0822461989566904,0.595442436743,0.103801969776874,0.645889580188771,0.112923266665661,0.607325411080053,0.125333291507346
1.03568663880377,0.107897260041835,1.15478767548608,0.0866570352737244,1.13084904622905,0.172248454971333,0.110153518139115,0.0810080668748608,0.352940501676126,0.12360534102881,-0.664260943440507,0.0408985332724959,1,0.999999987143475,-0.00203865238248018,0.219687005340403,0.76082101378288,0.0820290122828027,0.676657164037681,0.0797678404011713,0.696801007516395,0.092746266195602,0.83427842654795,0.0902048012910817,0.764529532681133,0.136640631162835
0.889411045729978,0.0983258208526531,0.875498785597442,0.0797760740335432,0.853763625161849,0.133100796807277,0.161961367089068,0.11347932161491,0.265401276528956,0.0829611425431959,-0.533370226876888,0.0589914787169591,1,0.713720985750034,-0.0294750809646521,0.19713821789899,0.698315164706547,0.0830884714788067,0.546693193644298,0.0834196423773381,0.586636895035912,0.0946153746494265,0.582949334275061,0.105937228357301,0.90402495383764,0.0976865658692968
0.969165428478604,0.104234929804694,0.997186401754794,0.0840744664589831,1.06567970310941,0.161646154739834,0.0648559479423896,0.0977343535681963,0.124276719631546,0.0888863979114329,-0.58867432764238,0.0565310319205536,1,0.472717334766265,-0.0215336636753183,0.218719684594336,0.589259892431809,0.089673294988709,0.798484413733415,0.0765263069000653,0.629490602600869,0.0973495794374185,0.674865974961505,0.110855006838124,0.58466762209711,0.126432501384031
1.14087562649597,0.125555307962579,1.18843316512933,0.108836364050935,1.24572025379275,0.208043345790884,0.297776060692919,0.176593480172102,0.119846204687646,0.147241147605548,-0.684937153079893,0.0465961453585072,1,0.196774642631748,-0.123831469323911,0.240325480793806,0.899743603498387,0.085488720252615,0.841324970897404,0.0886660870286365,0.733040076823286,0.0908127576879889,0.950216655984133,0.102976937611706,0.855213894914816,0.127278416904579
0.908238639856944,0.120501885473018,0.976460729407357,0.10623557259017,1.15980787399345,0.200318924520382,0.198307365291292,0.130822788414795,0.280589511544187,0.130145033708424,-0.603738363300433,0.0604045925748267,1,0.585071555309563,-0.131091824457009,0.245969727093268,0.66197318461678,0.0978154535857034,0.654072624791268,0.0930385180266281,0.826115233016308,0.089224363311344,0.68060846448847,0.110182612450983,0.922547038082306,0.116197441107471
1.07100970443528,0.113490270305668,0.982591350674561,0.0897453626297995,1.14830602799677,0.192220028321895,0.0263798814004623,0.0360456689719926,0.174046478090309,0.119471958644983,-0.628942022516929,0.0521149872788077,1,0.999999995141482,-0.0117512782684223,0.207441522268102,0.821687455882152,0.0871001605148757,0.451153067177981,0.0974574578131493,0.726508611952198,0.0912393458494468,1.01648291894055,0.0845741291911741,0.68610965271052,0.125546033302862
1.07589994562226,0.103864456671304,1.00321739456164,0.0957434398381159,0.928207290784815,0.149892367568846,0.163791793701505,0.0902140436508756,0.38991375593178,0.12013668400392,-0.599820658905978,0.0524323023058932,1,0.999999999935437,0.0226401838980135,0.194421063421572,0.716078828204693,0.0861949367156278,0.636859732049236,0.0828908028221359,0.755752946890234,0.0959213014837453,0.633147231329596,0.110788218783034,0.693058286393018,0.129925142586477
0.990408548384749,0.101444080649268,0.903437769054804,0.0861373710852868,0.913166781882306,0.152846927447175,0.170677734822091,0.102632606341145,0.359077121039763,0.098178574002958,-0.456257584782431,0.0772003530168162,1,0.909545117473432,0.231496365682329,0.21299809247113,0.547979297330058,0.093492888408119,0.784441195358327,0.08402045077729,0.625075009215618,0.094003495726309,0.579792254938086,0.104014465178328,0.640490271967214,0.124622332150433
1.11065790541411,0.108349260705745,1.12539808874664,0.0948232314752172,1.06067728123354,0.170951516697229,0.160983902442631,0.127332008929011,0.398501177918354,0.114639708934975,-0.450989897500154,0.0714123363564254,1,0.96437679236828,0.0209346258799348,0.231374889594441,0.687505297551974,0.0949784210883765,0.70769420443727,0.0917896172099441,0.72889401694274,0.0938066870831147,0.571129418669818,0.0961939403126755,0.787497264055601,0.105172146749824
1.04646765828262,0.110448348455226,1.12772349142688,0.0967941332414087,1.23389829037576,0.198823384633716,0.0588449200438064,0.0576124003938842,0.269459911035093,0.128690803042802,-0.637606951006789,0.0483849973817393,1,0.999999982203834,0.134432408420009,0.21502838933087,0.628723939830385,0.0928462822011773,0.758724712321176,0.0830234876867317,0.757636192108224,0.0936680353197461,0.725165972305533,0.110790347754735,1.01267871645535,0.132428820715188
1.15528109516562,0.103096286124661,1.05122822991964,0.0867834338230768,0.858030235506969,0.137014623458608,0.0299496231593404,0.0360287300513387,0.160304965951231,0.0985742329955866,-0.641552653447399,0.0489088832814315,1,0.999999997973968,0.0173659419645611,0.208483456355728,0.743006598576519,0.087332823860961,0.500966659333341,0.0914285779768613,0.696357206061237,0.087821317623706,0.789553591380227,0.0893049494643896,0.550612780812978,0.129243102300138
1.07689652724271,0.107696325461494,0.97926935589556,0.0853406243106694,1.02390954065253,0.166162753144142,0.0443524436470785,0.0398287640117951,0.213103003733703,0.0993938605296974,-0.566765342993935,0.0631154762855087,1,0.999999999987106,0.359300088367418,0.208704499014826,0.646051316510865,0.0953075867346312,0.521165747805882,0.0970464885166105,0.727822198535328,0.0943105561364306,0.655859414438003,0.10067253493226,0.782535538383782,0.113375829384043
1.22539930599275,0.10929985573305,0.984339535007088,0.0900269132258933,1.11871539102176,0.164725399158217,0.000897704452531174,0.00593242639833563,0.0316903088513526,0.104204449743779,-0.55335818208167,0.0599777530145878,1,0.999999943968938,0.646578449920682,0.190420225194663,0.646463160476213,0.090822976549989,0.81702641832391,0.077371152310288,0.804277726179396,0.0939347527322559,0.640119326711283,0.111696335192579,0.763992482719336,0.116662524518916
1.10862558984474,0.110103098436474,1.02116315009213,0.0805493727962539,1.05246765176119,0.174908649424646,0.0520935194328439,0.0474059274265413,0.234151113688409,0.10812762260724,-0.613517874883391,0.0581013833669335,1,0.999999999745209,0.0947439102769536,0.209305016315575,0.729329373235805,0.0884749242947876,0.701444902236143,0.0857099472619711,0.601824247837338,0.0907407293154833,0.794427159531226,0.108989325048753,0.610178126585359,0.132127870309928
0.869397844554169,0.0968526343815791,0.969643174920238,0.093077803217295,0.881938430848707,0.127421445200273,0.0861989472846085,0.0687539451175455,0.275721170830776,0.11521045292859,-0.621142508005597,0.0491149626166446,1,0.999999998259034,-0.15210155448921,0.200794498673942,0.695005189907166,0.0755967614472959,0.817880795759026,0.0702804448518887,0.595197868520965,0.0955392959153469,0.663692396599157,0.110089214712721,0.666615866712188,0.130342782475526
0.94235751935713,0.108411977185062,0.916809002232487,0.0867160833093031,1.03397275986357,0.175583587039038,0.0466899636959641,0.0941642585653911,0.195357206463461,0.107042017732736,-0.57565664687735,0.0634760236607876,1,0.88912560984892,-0.102845047884501,0.191874712276338,0.666868596780233,0.0892372980403908,0.804706177102734,0.0885352406469238,0.602509163783563,0.100236782849943,0.693181214633282,0.117702721543424,0.633831115736724,0.133606992915776
0.955500780532863,0.103845009596773,0.913444659093705,0.084014234576259,0.996144378181612,0.159358783489307,0.00761623471751078,0.0194178368088313,0.0871026345895443,0.109697712524267,-0.630065009958343,0.0527512652242215,1,0.99999997071781,-0.0927788172775993,0.195571387399778,0.804837179436947,0.0762257358068673,0.614327256051909,0.0879440073627231,0.580827526069534,0.101385078948436,0.679327585001575,0.107811038683639,0.662359918220254,0.123502295254036
1.00694579897328,0.11335445023042,1.11482506351964,0.101277799309837,1.0714271574921,0.179246121967839,0.130814441997642,0.120155494012243,0.371553375174195,0.133015487802155,-0.642658751077159,0.0481024808499522,1,0.992457776719121,-0.290950022596191,0.206524583965627,0.716219349557607,0.0835656649894228,0.7036530512177,0.0856984348246358,0.644848549578694,0.100002499755141,0.701883753607052,0.110906015663546,0.952026804109261,0.114192772489321
1.0719216295492,0.113557349539845,0.938885392018301,0.0818281762192708,1.10984556333201,0.182939481700671,0.00142254355548277,0.0592612178445311,-0.0394710026660444,0.0937665592381695,-0.515338473819088,0.0678094671315043,1,-0.993376993022446,0.362063907753607,0.224055561020644,0.692646959145157,0.0839987109024455,0.64964548190638,0.0835176497992985,0.624608634704201,0.0938641117374451,0.652857727438992,0.114733219076319,0.823477039858514,0.115956045681868
0.973843782335168,0.113080757561268,1.04105261068576,0.0928102555871742,1.0401256402033,0.167072858695773,0.0961658575774812,0.0625881766086268,0.316266618792748,0.111603850502012,-0.620769726521043,0.0540621152607273,1,0.999999999920624,-0.407036826395594,0.238173434638459,0.819495409331714,0.0864019100554169,0.755470143972178,0.0822480678813579,0.587360949048523,0.0987372783822434,0.672990619038744,0.10657357968713,0.578500061952912,0.130597734181401
1.01041088620603,0.123228235052732,0.972254353400702,0.0874971558372945,1.47422837143663,0.244373523716859,0.0941253203214595,0.0919085001095356,0.372507860647402,0.138631156337023,-0.571075836148655,0.0592483743584299,1,0.999999598434012,0.107536519688787,0.240343280682294,0.761252166074474,0.0870931611782932,0.71627066225664,0.0893289733528481,0.764617402570712,0.0916598486145523,0.893405032751746,0.107987712999904,0.611439224236614,0.140840855784851
1.08305145316587,0.113871171825344,0.925679435757583,0.098364800144672,0.989738817519284,0.166198313302939,0.207241728203984,0.141091202931639,0.329120192694282,0.12804667455913,-0.622486700247966,0.0597469578851981,1,0.726700776408785,0.23144805453525,0.245178685447052,0.708699451735638,0.0915064718479058,0.720491437320592,0.0895541940375315,0.741205641042835,0.0951695428380214,0.801205290862768,0.103218367079245,0.5201984022654,0.131871978445233
0.889733174831492,0.11026765762869,0.973782518692662,0.0933556276568057,1.06107299332293,0.168021327011803,0.0537428485608174,0.0515396293544861,0.238799256981547,0.119276340490044,-0.614114057293485,0.0539722759350324,1,0.999999999498569,-0.146878128103928,0.226523760433104,0.795077203470463,0.0865756086832188,0.592661420819578,0.0908642336721027,0.705435432093193,0.0866370158208634,0.740039018579908,0.10173490472729,0.546253452840478,0.15407076291352
0.948613645783179,0.0969526148741441,0.996914705808521,0.0879435628489165,0.736515914166968,0.121441508646293,0.0250112570070288,0.0763246676560479,0.0623479378650617,0.0926096415089488,-0.505696173777917,0.0723049145537857,1,0.459370674273003,0.222858084252142,0.187789600778611,0.596059879787089,0.0841390586694386,0.743108096685625,0.0867318564702015,0.668963590798061,0.0988040674507472,0.574506618949867,0.118410108775079,0.601975388939654,0.13467144264383
1.13807131513929,0.112914769778957,1.17001548992458,0.0911331145205721,1.15579576908184,0.169805848916527,0.0694358560148434,0.100780349568899,0.167220256833877,0.111049755695439,-0.598943726769342,0.0528489230431791,1,0.59027778508995,-0.0118534571094755,0.21880119698621,0.759980154198571,0.0744797273069479,0.689363782601709,0.0816979612307428,0.84520981261891,0.0910645496900622,0.718180911747836,0.102265580472995,0.67306062795676,0.11180533339484
1.05961561017466,0.109804401074543,1.08030688533023,0.0957005462749782,0.934735614314228,0.146166012364777,0.0207037906876961,0.0722020847699482,0.0178680927735926,0.110683177927675,-0.597583937369486,0.0519186401648431,1,0.128442535329412,0.257238274174517,0.213202382077356,0.772897806804883,0.0800922468702035,0.720152857630513,0.0884831706220545,0.824791042539316,0.0892841136417177,0.740893615412442,0.110621302147785,0.803305650349872,0.109521709203639
0.93173999463108,0.104386654556169,1.07154991010516,0.0914037987710217,0.982109074564163,0.159671593507132,0.0969158359475797,0.122829927946891,0.280155821828369,0.106303758612931,-0.600091799262977,0.0530809673961761,1,0.908076458307579,0.135940755599588,0.2242003644624,0.566715175267878,0.0855497614324906,0.678856562728174,0.0815323409022398,0.74774762988805,0.090799662365693,0.79498170071571,0.10422363455469,0.547115785878535,0.143235859421707
0.985380855514722,0.120391604381285,1.14970601695846,0.108732037284928,1.2923182803757,0.205139114573966,0.28073224946101,0.167903366323229,0.264545645920244,0.143275841423272,-0.602952414509981,0.0531756264137817,1,0.439207473466975,-0.146752769602312,0.229487081248447,0.821610894218627,0.0877993296108488,0.71359640217702,0.0931318080545491,0.649155990046008,0.0971703929029419,0.890191879815293,0.0901788377079281,0.917257773869084,0.11822003606908
0.988455840200534,0.104809971505715,1.02818342063027,0.0846207971876322,1.01307718332458,0.160491144412272,0.0070592163599579,0.0169703445728806,0.0845667238772216,0.100786413740221,-0.590643359553283,0.0579971861906074,1,0.999999983283387,-0.304449116178503,0.243624265899034,0.881656606599883,0.0818802737167972,0.644099351613448,0.0884111596364674,0.703181265168358,0.0924305296397273,0.586041735325853,0.110218603489707,0.849085702039071,0.124655999976038
0.957036209260419,0.106366712102007,0.912433873408632,0.0943032178204933,0.853841583180556,0.13555993408455,0.132595502194417,0.0736170321368105,0.336475190041112,0.101388369061884,-0.602094146337006,0.0527839413089428,1,0.999999999986311,0.00284819832808637,0.208095664261707,0.615892990603357,0.0868252988008232,0.611353836100186,0.0872562327874179,0.695157550599534,0.0859773678912508,0.714407448576884,0.102088123038161,0.66301333848368,0.128716709260917
0.994913231754591,0.0990503527941206,0.937932774952721,0.0840684701408545,0.856661167078897,0.132236920775005,0.131509397738771,0.0947521610019376,0.169183826690862,0.0864449599585933,-0.429192472087284,0.0733954368959638,1,0.50405265788727,0.0328925056042664,0.187207865480293,0.63389079107849,0.0782775631631149,0.673759929112494,0.085321906072329,0.649370747385796,0.0928190065043339,0.623134467191371,0.100570252810661,0.621588824517228,0.143486212537585
0.942331247687895,0.12073892615081,1.00303434816161,0.0975221450894567,1.28294797795977,0.22855375966174,0.175967717823318,0.125797905511096,0.289423609365138,0.123222957147946,-0.628808999373128,0.0506852785116413,1,0.609134126221398,0.121651591169273,0.21481441892001,0.783678170734857,0.0875816584258323,0.757282226877051,0.0906994640338203,0.792280841587057,0.0968705997682961,0.630887804477002,0.117748822319242,0.554738455468081,0.16427116933602
1.21007868889701,0.111404295416859,1.13010516528051,0.0894524469956785,1.13781942867334,0.178978078133838,0.14376403228153,0.107882432270937,0.343588245698107,0.127790192546624,-0.643436840284,0.0393612960996557,1,0.849525662790725,0.492252383857215,0.245372102648023,0.57462635034014,0.0880568581564148,0.794202806236754,0.0783408550706729,0.792717764746745,0.0957087044293896,0.865356680526603,0.0992056894409204,0.853597776967816,0.122270100054426
1.02627074140397,0.0998928629142248,0.902468758225568,0.086424145928369,0.893253929145911,0.128388642441918,0.129490050302801,0.0655199480665244,0.340099244659823,0.093269572753934,-0.551316717382928,0.0584495684146175,1,0.999999999999583,0.0988254096067127,0.193824899122095,0.681693127197876,0.0808982544446916,0.63212928153078,0.0799339969555376,0.685840996866725,0.0925299533875276,0.736513664937411,0.0984315926084895,0.608423999141673,0.120251244432851
0.844997546871873,0.0955919334712992,0.896909324010178,0.0834907916929417,0.841255083338231,0.136350054071113,0.0286668139570801,0.033699446036413,0.155293601713353,0.0921187942531857,-0.530553952608095,0.0647013303001489,1,0.999999995202387,-0.1765656250066,0.219957772769708,0.657279381011696,0.0806223095748657,0.725600163243299,0.0783335014024092,0.644040493202282,0.0952544446424562,0.707070083144576,0.107400063387471,0.367690263700727,0.151217757449179
1.05734623987687,0.105597244903006,1.06323228097504,0.0797461060634657,0.914061488600448,0.144930481070664,0.0139701328440855,0.0233152215162752,0.113002479670575,0.0952468341507724,-0.576340437629554,0.0565694465369652,1,0.999999999541407,0.141788816066289,0.225135835983502,0.818856307578335,0.0768627299031506,0.714681857826716,0.0841400727234982,0.753626536243766,0.0864188198765373,0.750718233364747,0.10350473242092,0.571151595456156,0.148990458287722
1.06073705920555,0.104185364894044,1.04541728252496,0.0841420811415722,1.03251266318986,0.160823885173259,0.0269072131165713,0.0443333369541425,0.166679430310486,0.109987999148281,-0.596712698907311,0.0574253544649082,1,0.999999895879124,0.15418895938878,0.209427867969916,0.640085025928255,0.0871369049125298,0.693459543989795,0.0837385517391893,0.707690687742283,0.094684286299416,0.843442373264547,0.0979956399751085,0.906085995205444,0.122608125765918
1.01822539952599,0.12179760176596,1.06571808604112,0.0862758295322652,1.26678135121578,0.200903169056046,0.0511818314279535,0.0785567434167755,0.250237255125372,0.122000292770519,-0.54662896138047,0.0660177104363406,1,0.982750392357702,-0.139121500590739,0.245739061469702,0.72085597737148,0.0918887339002828,0.705191405616436,0.0896004013557638,0.611916577610081,0.0958179846464926,0.675202292176469,0.104394786210672,0.926803645035252,0.101779238758814
1.00067491047809,0.108063380262318,1.00133321340239,0.0913932333800129,1.2129053495411,0.191262778249165,0.271268675846689,0.149262899135419,0.483015075783428,0.141020235090638,-0.603259060266777,0.0544871192739502,1,0.842068470872613,0.0327866829671544,0.196476035559651,0.705141372330351,0.0834431979146673,0.825323061687261,0.0802077062706596,0.669077056094773,0.0976094776082492,0.776875554580919,0.0995007382768011,0.69238556201213,0.128139921807395
1.10522930658773,0.114655460093978,1.0052086992832,0.095705518487728,1.08464068584025,0.176053035331602,0.0820370627239774,0.0600824768558274,0.298296388975137,0.114459337963933,-0.627100846861705,0.0540141074653006,1,0.999999998304979,-0.0258321063642552,0.206998867037378,0.75556847371137,0.0913295440091861,0.834681513412201,0.0867461519243179,0.783326406496962,0.0906201413320864,0.673758438189469,0.105393631632676,0.883378510342802,0.106191029220976
0.832713257683347,0.0941228153429059,0.949328232302804,0.0844722959945343,0.848939150266432,0.134735793653102,0.111984419271103,0.103249712467327,0.204522621492093,0.103219999198712,-0.610237350158741,0.0497490633752938,1,0.663321796810763,-0.126192088073516,0.207154354221234,0.749372197599767,0.0838010732914223,0.58883902252833,0.0874628407954499,0.652740274725832,0.0953828476696503,0.514052202335997,0.117987850134686,0.383805170960783,0.14651817575824
0.791859901924495,0.107588812689314,0.964979943591619,0.0968520593632039,1.19849815307734,0.200861749255491,0.13119621536576,0.0724509310928919,0.396533001928603,0.12178843455179,-0.595715922139244,0.0612658133846453,1,0.999999999401893,-0.332279130880863,0.200508047840129,0.713416379656124,0.0886633068920222,0.587022454619738,0.0928139487442422,0.769848415659987,0.0918873013371766,0.7627441471358,0.115682373979315,0.769344779967229,0.138649021135695
1.03296592682674,0.113630088302,1.07879641719829,0.101550920534015,1.09707239039998,0.178669168006448,0.270881962377225,0.127006783540238,0.468611521268813,0.145305786914563,-0.549546399484802,0.0595659097100995,1,0.859617554408205,0.105655001921437,0.227684018094259,0.733774479020672,0.088225282193018,0.609104637759779,0.0869634016169545,0.733047737494295,0.095638601629294,0.827918061884497,0.090783035166765,0.651038788213258,0.116852491992302
1.01055302891254,0.103856843231835,0.931951775285613,0.0802294444410625,0.809782898174782,0.129051472531884,0.0464647892666387,0.0369477077628074,0.193975234756975,0.0817385599081601,-0.503491711417248,0.0692110526880507,1,0.999999999782127,-0.146211840029375,0.224201937015466,0.688145306222513,0.0809816382229218,0.643108975603517,0.0882844076289623,0.642511591017174,0.09204799532146,0.613557143073087,0.102460806433437,0.674369092995927,0.113060528754399
0.797401247479328,0.0941473606082501,0.92531934012069,0.0882882165125696,0.854816948855004,0.141793901955561,0.126296162584823,0.118312506709465,0.290839253894108,0.102135185420702,-0.611164326165598,0.0549103708421014,1,0.885159188707261,-0.0881635915062063,0.1736034920298,0.667065615748651,0.0847960376572792,0.678251596835337,0.0885307262071109,0.63121477260378,0.106644927188949,0.612269760494565,0.125566608807364,0.696379596421276,0.130708691537323
1.07967966487903,0.114249397150595,1.14401561487835,0.0964197875288636,0.909653951614649,0.146044112319946,0.175281362269691,0.109909070492644,0.378193390085694,0.109377569812485,-0.557957233105207,0.0615056387944409,1,0.947126436576332,0.191996145138227,0.209606037692109,0.596743428053184,0.0928015239205039,0.641940333527255,0.0968570324461931,0.768157286901372,0.0927287649126142,0.881093931443007,0.0916373070401203,0.681535502291466,0.134161755123241
1.15193558196987,0.115588091762818,1.00850904715402,0.0937208665277043,1.08461237805917,0.17602218085752,0.103724072708331,0.105264564951285,0.335410759247477,0.110518845349708,-0.58479939547367,0.0551506590100286,1,0.999999841141918,0.134106154937179,0.213773563350738,0.697473945171973,0.0876911554857522,0.668211580110581,0.0840980339104054,0.658354846348588,0.0949464206721963,0.878494248775217,0.0982733532487335,0.626533528228448,0.122143075191212
0.848643660467287,0.0910151471919634,0.887217770878514,0.0788633155467043,0.74540521697252,0.119591537734581,0.0156583555829169,0.024661176065605,0.108036197363245,0.0853665144157105,-0.471634153804448,0.0716291257247759,1,0.999999999999701,0.0828395099381061,0.203107449654624,0.461553198203171,0.0923607113333739,0.47164390958023,0.0857832666319316,0.535906785160695,0.0862211440637297,0.644630668531869,0.096610107520389,0.551478653287945,0.13816703450746
1.02245444095504,0.119934552638503,1.11172267345016,0.0961819761241557,1.31544001683718,0.224076230785666,0.0269658019264257,0.106012559479105,0.181870379610509,0.122343583786806,-0.597402001711391,0.0548306445214073,1,0.965650074955609,-0.038933594577497,0.227869882492481,0.73218710648671,0.0839445829530252,0.790075805729981,0.088891638229123,0.754672242741126,0.089155226082697,0.728657694851777,0.12121550521534,0.849229490524181,0.11726400364267
0.958613742808774,0.118722684192919,0.916135550291007,0.100632616428214,1.07083579064806,0.200583259727241,0.285292565939745,0.186291667601657,0.20544517514342,0.12805658305279,-0.603247013963744,0.0622851695822577,1,0.371697191558377,0.33889067773772,0.208580423676824,0.703758195376734,0.08997655059678,0.532534437997661,0.0994662787105313,0.76103539843699,0.110193505445635,0.616065581041434,0.136779987769865,0.732185705112294,0.13750937850015
1.00168764420155,0.0937532014956211,0.959268878598385,0.0852943901237674,0.696750666268948,0.105475372266632,0.0423566031957046,0.0707837108913236,0.0629799702210137,0.0696117622328877,-0.56691923252344,0.0524129295010759,1,0.366609059102304,-0.0395444795638995,0.203205471275709,0.695513943867699,0.0824304108941838,0.665371181878026,0.0757228589046082,0.673704277339464,0.0888145137658118,0.581651703629517,0.108159407509019,0.451243857218075,0.134769086495713
1.06868504631574,0.111984706123337,0.938612695443911,0.0775926592722906,1.04296159012353,0.163770952568976,0.0702370589201188,0.0432001365720956,0.270655786298589,0.0901329070623557,-0.475658908957564,0.0743834362021081,1,0.999999999999866,0.139920751866154,0.226682405100783,0.720559691395774,0.0862117304798399,0.570432151786405,0.0872520108725459,0.679901935226012,0.0915281502211781,0.774863676403762,0.103498779777116,0.724701448921156,0.11331206186742
1.01044055386042,0.119008619700163,0.991024297347914,0.0996981691016673,1.14396036157998,0.210583321764601,0.221926649265631,0.140525104996256,0.391359555613713,0.128361948039934,-0.641179694538197,0.0550446028955201,1,0.77672221401217,0.102342522214153,0.229356063491173,0.806680302653991,0.0911626980222779,0.664456286848633,0.100453903888387,0.696948636562618,0.109979977475724,0.643408289362729,0.116685232495251,0.724705715461309,0.129098148009422
1.00671873136632,0.112955392260476,1.10815346954485,0.094716407112323,1.16227259462057,0.19095517240689,0.0190067436514731,0.0983619854722138,0.0575057532754927,0.115588647805777,-0.670724871655821,0.0440124738428877,1,0.386904195578584,-0.178480687670625,0.219742650616794,0.683159418418954,0.0968377272040514,0.739515940142152,0.0882646062518781,0.719282235766996,0.102187161421086,0.709618946915095,0.100012878639556,0.753439109266926,0.112973753391189
1.09907839545684,0.107563409401379,1.13712224655806,0.103338412532892,1.15923463437071,0.1943911181139,0.0855483190634272,0.12879003108824,0.26391056637296,0.134315343782099,-0.646078963625567,0.0488047409431217,1,0.838041189168105,-0.0404881078982863,0.218113319175217,0.740171011303233,0.0801944203471336,0.703327067857693,0.0839508610941966,0.709958161576795,0.0961909551057184,0.695474573058629,0.114028339399016,0.688604712442792,0.130835433310944
1.0537378474155,0.116900019596082,1.19848993950686,0.0971645934705558,1.20065414488804,0.175894898998523,0.108890382261965,0.111724076239208,0.247092495573931,0.122642147865137,-0.592024494742288,0.0539370455082537,1,0.683369878715168,-0.348084382506251,0.242236820475938,0.921034532463055,0.0822477122806217,0.647654989823501,0.0792557870886048,0.683705821569801,0.0949191223785258,0.798913011771335,0.0980679941785575,0.673452590462547,0.125626587240211
0.810498170231413,0.105361310496902,0.955160455575339,0.0877578695846536,1.02248681329068,0.159735743415095,0.0221345973182007,0.0900968381707816,0.0695444162205762,0.0985558053388106,-0.565725739994284,0.0562304794824566,1,0.462272006792474,-0.194229857641925,0.198941267119578,0.720474209704764,0.0756632652010847,0.656574443804543,0.083413812372823,0.560069574726249,0.106981014266256,0.661873725184448,0.109542958576215,0.621182982432297,0.152557518038075
1.07850600002525,0.103848569373401,1.0660222885185,0.0919613156302412,0.982236329476533,0.156738590779233,0.0899911791014713,0.103457425711495,0.192513299823968,0.111166263384303,-0.603417600093534,0.0526388180476511,1,0.647519379046758,0.462100420038997,0.224929391179874,0.768137703036486,0.0822558955102434,0.641317186977317,0.0908825437787016,0.600689026332809,0.100875789465643,0.862879461303648,0.116215891491905,0.589557662931672,0.132847204871336
1.18310127694461,0.127900805974435,1.12874136739656,0.0972265782234544,1.1502141267413,0.177793008065188,0.0561138432858772,0.0927874276770839,0.185491734979697,0.125204183733771,-0.690895344775056,0.0379472131601821,1,0.730130023442901,0.0180669597555143,0.265947242960549,0.847144023902114,0.0823924225092572,0.830490415733846,0.0813788070022175,0.690481098831457,0.1087060481469,0.730641605453976,0.104745725318205,0.974124809276495,0.111694105484502
1.21396328634629,0.113823094870405,1.17175360752914,0.102794898809037,1.18804474874964,0.193757992276301,0.0762888239293646,0.132603788722222,0.282452330259433,0.131179864481761,-0.624106401888607,0.0483479894261439,1,0.938206208689639,-0.111247733023944,0.232226255018654,0.773411335177109,0.0943295729877209,0.805735871021379,0.0820823806840993,0.834125538134381,0.0895698142775538,0.73056608308052,0.107553373989321,0.910364546932488,0.123532331493887
1.00795692549336,0.100953616422696,1.04881006642753,0.0925953890467191,0.772865685157078,0.12530907665095,0.214376814902573,0.140971140030553,0.318602521503142,0.0981433788058252,-0.601849185740775,0.0476111706287281,1,0.782723348432911,0.153747182110339,0.214522933428217,0.655732247960499,0.0814023375135751,0.69692384298088,0.0828682603752262,0.625678180667452,0.0934128849687964,0.816285157078717,0.0962766462121993,0.60053153446089,0.135970343028347
1.18621790079223,0.110973157782552,1.00565158589877,0.0922192789055902,1.03470668630728,0.166201809422816,0.149813203540167,0.110020314444761,0.310371187101131,0.113080179789764,-0.612796951467734,0.0533755526751591,1,0.788311249407884,0.224851277159796,0.198899275601161,0.651513442661153,0.0911053461506473,0.557539174395339,0.090901441695839,0.744424956595417,0.0823276454377643,0.862878259188527,0.0945228676014914,0.578528407284774,0.137453105467981
1.12121722367518,0.116167383135294,0.917500132315864,0.0836400973348944,1.04183029047861,0.170627980911198,0.0727890273767054,0.11039829448214,0.198459662313472,0.10736181423868,-0.61324002815887,0.0516671384837415,1,0.720677228755802,0.100745095989512,0.231786205846403,0.751554203494853,0.0842977782393886,0.614727787941187,0.0898409082498327,0.771334313150623,0.0945463472769203,0.622669797561951,0.103712556261953,0.719159614999704,0.122873512570075
1.15784019621754,0.121365927246718,1.13674960748427,0.103771416918109,1.16465467695212,0.200756061223659,0.161308955534355,0.129595594113611,0.432158217252849,0.132696742386582,-0.581718255686631,0.0601332364111188,1,0.99704543218668,0.430212602495282,0.227065163373339,0.715712545911014,0.0817244105290942,0.807201145469584,0.0840589384969144,0.710133878211787,0.104617028331589,0.71259250746484,0.116551597564341,0.995318504162972,0.117684291540521
1.0266569284464,0.108911230277255,1.0501763719848,0.0880960054008347,0.887233811020254,0.138523738521281,0.127037164378979,0.104771401168511,0.123181940506694,0.0907144323529959,-0.581673383549862,0.0525309849530744,1,0.366912581342652,-0.0301065952427675,0.21060099134605,0.770792176896008,0.0759604778689265,0.753626663653973,0.0758917706928986,0.711567723128295,0.0891069601769416,0.713202337810283,0.11222014000834,0.68482945192036,0.142704908503248
0.955401200963692,0.110401247680222,0.928950363016647,0.0894271019956786,1.07349099285289,0.164110241316522,0.0732432405987979,0.052634089198445,0.280403207777144,0.10227853494981,-0.569577710265002,0.0601717255441891,1,0.999999999119537,-0.198693124563771,0.206917301729044,0.579008899186654,0.0931013750888725,0.697517477885665,0.0856608037618387,0.798564201556613,0.0875389014747818,0.594664922857499,0.108848177272129,0.639716828549257,0.122830913243647
1.05212773594093,0.0957087243010095,0.927916437396941,0.0834728225860689,0.838091354464759,0.127292518124789,0.0507068099260756,0.0511522976717385,0.206147852200173,0.0917874972060522,-0.620015762795509,0.0450901103889779,1,0.999999975941947,0.141994339880108,0.193391941843003,0.59073601967505,0.086308648112823,0.587391446596494,0.0841219749923233,0.68306847756708,0.0928742739284287,0.67071034402524,0.0968426132597703,0.797269615045366,0.100209149135689
1.15963776236686,0.116250870116716,1.01480305053296,0.0884575278833705,1.01304789162473,0.169073573932744,0.0886517457979838,0.0989099863873415,0.296296519480906,0.102710739252554,-0.633232433980203,0.0558093814527559,1,0.988707697225254,-0.0795047585440081,0.21384608062157,0.80195703108299,0.0809318146389132,0.798447749925778,0.0841614240145811,0.786245326107187,0.0974469196652561,0.788645762969127,0.100586909080339,0.777356614018181,0.130841922512867
0.896724368238359,0.106222630652496,1.02175696135716,0.0937540418908658,0.936343262013531,0.140009970092974,0.269593957797325,0.120944682687373,0.340138412112354,0.0977898271740168,-0.586050254805889,0.0512325112552596,1,0.676991253673963,-0.364033339800238,0.224184616836781,0.798476578237564,0.0815891510395061,0.792996599298935,0.078656081062121,0.754419193532312,0.0889604042619753,0.567951188239233,0.105015813192771,0.720148345912711,0.111644640707495
0.761232336109746,0.103356488183041,0.980724609083094,0.08616549545166,0.986131873493349,0.151803298799022,0.107504857183699,0.0581838054194134,0.325597859673294,0.0986355317658426,-0.516161661651964,0.068893000197365,1,0.999999999998277,-0.0797077806144606,0.206376739753898,0.56032749712926,0.0849627298266074,0.711806136593622,0.0812778286821768,0.734443168591587,0.0964796160527996,0.789708885201288,0.103915758708893,0.725299845032645,0.122186271151257
1.05866945373277,0.118541520008993,0.956698373832592,0.090944348896901,1.44603058923947,0.227909348088062,0.151260041793351,0.091574652632007,0.467682207503511,0.15490705364674,-0.588082796490341,0.0570603551290882,1,0.999999999662891,-0.0162189078959263,0.205417020011668,0.628183978937644,0.0918559129317438,0.697077575239761,0.0818247697890478,0.862535095639974,0.0831662301017638,0.740893581526264,0.117580478827695,0.47189454359007,0.150525768829911
0.91920526829798,0.0960128096941149,0.870001802324973,0.085423508036174,0.806725323714423,0.128482984931848,0.0301842575196335,0.0348658034182699,0.15604616211833,0.091413084612551,-0.589523371057544,0.0628056775474424,1,0.99999999575478,0.236189856620539,0.188474066936755,0.534492843291031,0.0867916046337971,0.689308230924225,0.0780067921064517,0.813627470719416,0.0917874449351372,0.504397422561154,0.115676948102641,0.786552253072064,0.11325297790612
0.868722689350231,0.100006229956202,0.973025664362105,0.0912287475915289,0.906580909913491,0.141578662679797,0.0546824767284493,0.0881210517177651,0.211927632652803,0.0936348731910741,-0.61432540825403,0.049928281107782,1,0.951831807439648,-0.189344152041456,0.202048687827879,0.671734204763923,0.0832660889793204,0.672000465017302,0.0829483366480825,0.738955730264897,0.0932627764497067,0.6978007373523,0.110227986694187,0.49687454765495,0.137953532625546
0.926154883233589,0.105925204443312,0.985182641827582,0.0913098929632498,1.11992557748741,0.186902401734446,0.0125328007153105,0.022832782024109,0.118472798873335,0.109017444053052,-0.450911771867481,0.0735264876159377,1,0.999999999795275,-0.208278007189771,0.208397169133795,0.689787408347362,0.0826815084732017,0.640009562479225,0.0840570782079144,0.524483179879575,0.0954795586461354,0.673030008198123,0.106164328088459,0.855653029756266,0.125440261631513
1.03178057500413,0.110430603631749,0.89671387059835,0.0867811836992413,0.852022453598017,0.129916692822028,0.11543658132211,0.062618186964489,0.313615304544148,0.094192593542391,-0.615403523107544,0.0489725166021713,1,0.99999999995571,0.297177902938213,0.250917217274008,0.656873597189959,0.0858251123806786,0.657275292167471,0.0898682517815417,0.722610739538976,0.0860908429057213,0.531104078070684,0.105479289536366,0.865996693282114,0.105308062987231
0.791129003813197,0.110583748198189,0.980666544632655,0.0970188771569095,1.20261564808137,0.202602595131385,0.199334997077182,0.120368161492587,0.306593746401025,0.135833546576353,-0.629856369096438,0.0499975664222228,1,0.626192829188427,-0.292458573888628,0.224247760182492,0.76678990361566,0.0851811660287894,0.731821865559563,0.0873851642034221,0.601111204839113,0.109420167340053,0.619267049871311,0.119112202078106,0.658860289005898,0.139413986244515
0.963732422221795,0.0951760068014993,1.01132054904496,0.092505347959758,0.734319819925976,0.119300329976884,0.0682771878478831,0.0475878021311842,0.223913582158236,0.0845985981034872,-0.556137886287473,0.0611790793355301,1,0.999999999894526,0.0203213104206249,0.184693980654381,0.602256379441432,0.0773905220981088,0.643295291817261,0.082305565923374,0.714230600903908,0.0953233136060287,0.582676732707026,0.117754531015089,0.436206434042367,0.142839328494991
1.02172291432849,0.112502963085154,1.02329140103135,0.0896978489848883,1.33078198490564,0.211009957598344,0.169782748649526,0.0906879481356849,0.475335484934418,0.143737322692763,-0.565069114127766,0.0601281457306967,1,0.999999999971868,-0.146537066196846,0.21045790318915,0.771673344666484,0.0822273501459555,0.640639026923518,0.0907615233783602,0.850633126776722,0.092584669101273,0.641350807544344,0.112493342329217,0.93634595924396,0.109005482937377
1.03740723249478,0.107313993203227,0.928780934339467,0.084337608529966,1.03326622195206,0.17369632972327,0.0241891985288944,0.038523798401544,0.158094520910554,0.113339291443384,-0.538827931270801,0.0618096546402129,1,0.999999915298035,0.0131287589102314,0.186369339127361,0.687330606622685,0.0783852002602775,0.663866690358736,0.0795970074159576,0.69397656087845,0.0981208584839138,0.548949494178814,0.122067532762845,0.488613590835344,0.152517757349736
1.00235337955106,0.0978395565975041,0.994089789874263,0.081788082223265,0.909893795684104,0.134733895310402,0.0592198361076151,0.0810616483392315,0.191219588128452,0.0870732427261581,-0.651425712664524,0.043977930838461,1,0.823765171143018,-0.27379802807841,0.22948186807633,0.836409754580862,0.0847248655897889,0.64892489342114,0.0871869565791431,0.625666554349791,0.0826355912859781,0.856951261239258,0.0882027188767809,0.839505804766517,0.110169312050458
1.15207241347492,0.121313256742032,1.00650433025873,0.0932492577136372,1.18739204804098,0.189413892378073,0.00265602335028848,0.0103029805702204,0.0561581556209713,0.099398945369774,-0.656024459737731,0.0557739311205871,1,0.999999593689687,0.0308484438390444,0.242505965046886,0.717310472866993,0.0927795182696073,0.818315850868953,0.0839479752335676,0.637254410768217,0.105489820597031,0.731226683366684,0.113224988018231,0.868187601941708,0.11259328349593
1.04587170512784,0.10171449097955,0.896434912847489,0.0732735776669172,0.966073438217978,0.145479240940596,0.0607473215163461,0.0491301635609887,0.242252706384854,0.103142637173707,-0.472204071680356,0.0712593724411927,1,0.999999999922955,0.187207371366697,0.196753434212513,0.587271024536867,0.0858587217724481,0.545387783803796,0.0859947915262485,0.698996031927387,0.0870284604170849,0.49411851136181,0.106209205037909,0.61426267177246,0.113484147051328
1.04454445449895,0.1077797807629,1.06181483305757,0.085372927482329,0.902307061849353,0.142573445280371,0.0211386456552498,0.0766211892612832,0.120898173884107,0.0970407557411436,-0.57216134446477,0.0552258803024219,1,0.875394842337996,-0.0272961370595115,0.232639808078384,0.570231992508462,0.087402184272632,0.693647345861314,0.0837288914496256,0.735005042617235,0.0828518264473565,0.733285013242273,0.104442793461985,0.605615221307892,0.128605752754129
1.28498119274966,0.122318946280594,1.20542006788445,0.11436289814996,1.25935125760458,0.220267359200732,0.210736939285298,0.169331707453518,0.394448626438238,0.150513693659573,-0.687835347959391,0.0496069508485777,1,0.765678890519427,0.340926144201633,0.204308293768984,0.741298501344194,0.0855660865547657,0.779876087906,0.0969972320571372,0.811673806515345,0.0984606355056257,1.01453294566522,0.101226846527178,0.695746602745354,0.148316430107518
0.964777735277153,0.103102627178645,1.00170687301423,0.0867256354123927,0.945194411670575,0.149018980780621,0.0323284137276821,0.0359054433783373,0.1748045651391,0.101477389589406,-0.547916685416244,0.0651823595713117,1,0.999999999998209,0.0970812882066275,0.215781007369088,0.724447344109956,0.0729556492231697,0.641177756992576,0.0846016587764017,0.751583025054324,0.0926170361208598,0.453200993665324,0.135087985716494,0.901765787250532,0.117226240205888
1.15153005866312,0.115909131782979,0.98187007762858,0.0922697311604206,1.03138003034453,0.163880177043983,0.09211889223078,0.0840242823077714,0.216685779098819,0.100741475735903,-0.627522735276942,0.0547354474041199,1,0.702986034386114,0.291277648962542,0.209765447716515,0.751564029801592,0.0871094563832188,0.648947754243399,0.0931465997957498,0.706657504595364,0.10135492814946,0.707915960169471,0.103399225115799,0.678449938930837,0.115331000424987
0.91820257590358,0.107025081488054,1.13556490265924,0.0963348494943607,0.994302347106206,0.158829653193465,0.15741560182315,0.129202535828901,0.310344625459843,0.121953712609018,-0.663859220737198,0.0450553311249914,1,0.784442489606772,-0.0969445740382644,0.229262676265387,0.788914698050372,0.0833422048585598,0.676054737434504,0.0907384339652312,0.814233830079662,0.0940782674737797,0.832067599562201,0.0986614638818203,0.657085370036433,0.134852543339077
1.03379558353377,0.09921707551418,1.06730249913504,0.101647081640707,0.819362314496286,0.135547785090003,0.28542303499334,0.168601086225666,0.428361352159972,0.125205195427507,-0.657149583671093,0.0441218604252245,1,0.885783891749286,0.123256938460446,0.200711057885096,0.635880949222688,0.0803259310169748,0.683927097701213,0.0840699976054197,0.782331424716864,0.0954884625074421,0.587179058908889,0.126006301468493,0.659939344183611,0.139504559564888
0.962742706740887,0.10186074318913,0.930697693569188,0.082298308259748,0.962836121632911,0.149419027986874,0.0203272865721392,0.0267999352744322,0.139899412145969,0.0926584194828284,-0.53828654282234,0.0709629964395209,1,0.999999993673268,-0.0460779206640692,0.207478061730337,0.653000350843219,0.082499193445686,0.670838120778789,0.0845816452643007,0.706267266616206,0.0840816819970032,0.645998643954315,0.107505356372715,0.643765348660913,0.137182084247338
0.972657595256929,0.116427131630753,0.993808210939975,0.0855535368331842,1.28828129400856,0.222578704903329,0.152149372530585,0.0979185061746423,0.332024644928042,0.126579519711965,-0.461842840343228,0.0790881083049673,1,0.749945818036099,-0.0320883167771145,0.230241792218077,0.756095232547306,0.0885656873226361,0.696223330458147,0.0870124040732742,0.606622660571032,0.101985606578143,0.731911529597763,0.111187661458614,0.740024467792297,0.118163215141081
0.944556244682184,0.099422036037863,1.05862577066789,0.0877713131834947,0.917667776335164,0.147128164983017,0.0624966401808376,0.106523531291141,0.192461614222481,0.0979342119264294,-0.455892129089425,0.0694220797164996,1,0.803661285919259,-0.124309974230133,0.213401263861511,0.676807808459923,0.0864096366225152,0.685191685238046,0.0832028079590451,0.617135833766201,0.0929822487561172,0.753378571622379,0.104871421561442,0.735034622895815,0.117045699469449
0.855751267925922,0.0989072313363497,0.940838671921391,0.0809605301947312,0.893352722026672,0.136564845756245,0.0268259778577216,0.084031709808002,0.109098394363453,0.0895036056313179,-0.526238670107779,0.0599463702750944,1,0.704740281487597,-0.30120993515225,0.205240483309765,0.644977657643973,0.0885271583738761,0.685789761371478,0.0838231254858917,0.556012501050444,0.0899821847924367,0.62727491310567,0.0997770051608301,0.840596098776615,0.105016740223869
0.878251480015253,0.0957546681782175,0.813901595771443,0.0697538625246941,0.860835487369652,0.128867091270094,0.0287087747084135,0.0284834815007071,0.157205381160167,0.0786661857136053,-0.402126887323924,0.078984897020023,1,0.999999995909343,-0.145464139103842,0.16905891794768,0.653225334749212,0.075944242740639,0.560450460884929,0.083083890803694,0.495687340887982,0.0884217641161623,0.530084772314458,0.10307402784821,0.573212285849087,0.119704886944796
0.846810077716611,0.0997992161184292,1.06997074862949,0.0836081137626199,0.907796922203467,0.149238111071431,0.00147415443674905,0.0226160432983629,0.0365810084283516,0.0995092033160227,-0.6664852969977,0.0480525390283745,1,0.999976579699196,-0.515764112328604,0.218950945554628,0.696880084398095,0.0902011525870736,0.749822818526521,0.0828073079694149,0.635444903410613,0.0911689107008264,0.692241152013108,0.113423207829089,0.710388563526422,0.125781074449362
1.16894396617992,0.108282962694982,0.986535616193403,0.0794750185140012,0.956338875660192,0.146643029629842,0.0203916828468198,0.0541966361772262,0.0845553781337865,0.0913511485385161,-0.605763944171201,0.0506506940394982,1,0.605492540175085,-0.0262379546951876,0.205998882056444,0.742118808500631,0.0782087183333917,0.748394015763916,0.0853167873858789,0.717897322554229,0.0910303662707126,0.502350546797906,0.112871807213307,0.855063946058093,0.099074199618734
0.982433174363317,0.109781596709061,0.884724613030224,0.0839337197110823,1.09699333290219,0.177997036587744,0.0595131515727745,0.0821525236688747,0.161706031859782,0.103159017746692,-0.563402442704476,0.0574535386624047,1,0.632874724406689,-0.0558363641866644,0.224521194670682,0.714060077601625,0.0902828568299572,0.726763624588551,0.0851831661937629,0.739119892206123,0.0895309268514227,0.718456898271882,0.106510960609708,0.536219181545145,0.148375727593968
1.02172298440292,0.10959663606855,1.05426609205988,0.0954394135895034,0.986788313101458,0.15535332146284,0.0179346972343259,0.0251242395371872,0.133032889005854,0.0946436915518642,-0.579073104817681,0.0641798885820388,1,0.999999997948833,-0.295025936895524,0.236982351009557,0.813652645218517,0.0855480538021249,0.602530113377461,0.0884605701381131,0.847399589592622,0.0827381137010595,0.518941607575468,0.112805005878925,0.703106783273007,0.12879404630795
1.20922072378558,0.106423626148314,0.996381823109342,0.0885600593203071,1.02166258968179,0.159005995669547,0.0682454416489099,0.0475082907369302,0.264052673999493,0.100021002110819,-0.587007987959054,0.0531320384511641,1,0.999999999980492,0.152481416420277,0.19705182342354,0.701992199563005,0.0797083086093488,0.751346566873513,0.0865010240618506,0.592797700061543,0.0943344869625791,0.681948266988332,0.111209421095767,0.75298769663404,0.107040252305985
0.966635562173081,0.101868637032274,1.04992439409416,0.0901834988085071,0.928390933181571,0.150666069832994,0.0207754741573749,0.0292296404380653,0.138880385536873,0.0981506320145701,-0.648251542457473,0.0499394296540523,1,0.999999990839151,0.0879353989584931,0.220591678690769,0.688046563486084,0.0872352137731056,0.694115416094499,0.0831898390356079,0.773697455603214,0.091089818953943,0.518403817797991,0.11634911535187,0.820213569042197,0.11340744434094
0.903821665010276,0.0982854419813661,0.950229970215196,0.07359095053709,0.931773648778572,0.146037149008052,0.00328139451745517,0.0127705810305743,0.0552947851834522,0.0881155779052437,-0.516021054303432,0.0638943325655184,1,0.999999399164705,-0.124383967342988,0.210061092540686,0.713887731849923,0.0790017595391464,0.671828404947795,0.08346531343997,0.501994792888143,0.0977467604407611,0.634391885795002,0.0945553480375056,0.738028381211939,0.112672541223241
1.11476890364256,0.10515487881496,1.05507317600223,0.0895246089446101,0.999721227281095,0.150025493687146,0.0602304097070111,0.0618691319497757,0.24538462567121,0.109925211723333,-0.583220925993816,0.0552979882535874,1,0.999999961834744,-0.0445459440620086,0.205523720498126,0.80024404861055,0.0810145394096063,0.764593756358515,0.0778150158383459,0.693986152883054,0.0862164952329358,0.721973869491732,0.097791413297673,0.516725731642524,0.13640151601516
1.02934095808933,0.119155545775317,1.02439378000992,0.0964883684491213,1.22234117426133,0.201387179179115,0.118015861005138,0.113348189609731,0.123406092303537,0.108047285184682,-0.558467300414813,0.0629603154086212,1,0.324915320861958,-0.281018851274639,0.191615823678755,0.800753998744693,0.087114576628315,0.587491009430211,0.0933031784334255,0.743883563183137,0.0978923896974875,0.814747466993309,0.105869283113517,0.44060788862867,0.147880840764489
0.941671163344639,0.112894771901793,0.984805622385045,0.0865552504118439,1.28257185880282,0.215815926950182,0.0194427210445248,0.105776507582143,0.14842901571003,0.110170485653294,-0.612186489854723,0.0517318066330416,1,0.939938484459733,-0.138627812903735,0.201124727999128,0.752325863526502,0.0843240156313291,0.687168772460397,0.089835871081671,0.821681436560227,0.0922798998681566,0.57500520331052,0.126410646161461,0.863375370360171,0.125638022218346
1.0137582735542,0.100666799234978,1.06425807321806,0.0939207935667488,0.892034499076555,0.142403574312656,0.115906988617259,0.0720001742554682,0.321547869725304,0.107634982404365,-0.684525169268906,0.0444426542559197,1,0.999999999972013,0.0578453098685443,0.216618448832213,0.697257883722331,0.0860596804436703,0.674074546040351,0.0797084328569696,0.567097648293343,0.101998446657059,0.778954242985247,0.092213143103151,0.713942575111509,0.122258516089259
0.91982006871535,0.103317415733128,1.06636504063595,0.0809124064031219,1.09866501518824,0.17643054136846,0.0196749334655822,0.028885890512829,0.147024353645657,0.107946534758849,-0.557693337645247,0.0694987894322644,1,0.999999988206319,-0.206224260077557,0.207001801647615,0.723482548805926,0.0868682802585658,0.682923726967317,0.0788537593407376,0.851787568682774,0.0854096787288472,0.755062317079325,0.105524540246177,0.643321227757055,0.139658634233347
1.18889691875633,0.114466610959195,0.962362373809424,0.0849712908597028,1.08296176165396,0.166643681139343,0.0723332505065086,0.0520343780339745,0.279882375822105,0.106029398609173,-0.559136842945801,0.0558779191837696,1,0.999999999368985,0.400443940283786,0.231657844774972,0.631183090260345,0.0855062966475619,0.698525568596837,0.0789421125192298,0.698099938659921,0.0948665119300262,0.650073698203513,0.108458490220781,0.85799923720421,0.0994178669082409
0.993199451343564,0.0991598184932254,0.936551261607248,0.0814323286501837,0.862850908548716,0.135971856702665,0.00342537621699864,0.01045959696119,0.0543653285988337,0.0835483023856002,-0.589961114918336,0.0544521783053924,1,0.999999995381754,0.342830326536414,0.209684407634676,0.584156913704786,0.0887686628660238,0.623980472523882,0.0836499240645461,0.736498890024708,0.0886540658558168,0.731438248045019,0.102483901070149,0.584903270095909,0.126254175546662
0.903656464684211,0.10793887065065,1.09496727622636,0.0887059383293021,1.18768193368154,0.191120905745244,0.0443938503909162,0.0471575808786947,0.22962093299291,0.122714531589481,-0.553821350468432,0.0690109928930814,1,0.999999988550971,-0.174450952349233,0.221039145671468,0.700285454189483,0.0844381640899694,0.81672974787156,0.0832973338039599,0.635931172618451,0.0985886576636462,0.802425597969089,0.110703156683327,0.645058425453348,0.139668508840778
0.985663205468568,0.100644349589813,0.966577084503451,0.082248080261226,0.839925286562969,0.13129108792107,0.00739761177451765,0.0667889224202457,0.0788160531719962,0.0811355520216936,-0.564205448844005,0.05547589851923,1,0.999881624448913,-0.247495076215437,0.20442373496477,0.741926313699251,0.0803183006916178,0.766651654911888,0.0796368510619409,0.574793706512476,0.0927837872290649,0.736519245526351,0.0976589018847685,0.75663271947529,0.122814536300142
0.935084368701815,0.106625096013145,1.05181470462026,0.0903606356550931,1.09301683192769,0.181159539629508,0.0447673225555039,0.0447354039093181,0.22120450944491,0.10608278572643,-0.620670800282306,0.0509255888564694,1,0.999999978799534,0.0392675653726995,0.186561618841252,0.697191672587087,0.0755190585579135,0.503005390942748,0.09108196655786,0.908830657168643,0.0903314241665265,0.676808519226177,0.118348397663657,0.762896866583896,0.132476275916676
1.16920595212444,0.104002939897039,1.03483678255131,0.0806509455584086,0.973743128962068,0.155881317595765,0.000652091375084195,0.0266827636258281,0.0251937799688127,0.112475631443362,-0.621146173927713,0.0504932201362518,1,0.999808675793645,0.321385658969037,0.236954596203569,0.676628182214846,0.0957166266748493,0.750510723637173,0.0847929617632447,0.798161132562809,0.0867607900531612,0.636507109284555,0.102061939282563,0.697786874893799,0.122410336218205
1.13417955624593,0.116186628528559,1.06677488064124,0.10525855051503,1.21693171378826,0.205113879839202,0.116353176181925,0.139039589251959,0.263678509081172,0.132934744860631,-0.630211481167516,0.0454719529949316,1,0.700732899707294,0.268716340339084,0.207062852559668,0.786493929023252,0.0880510889347354,0.753339254871622,0.0878217495739263,0.53455319875479,0.111732284550942,0.726315997782952,0.111063980209861,0.971444425653262,0.128082197935893
0.984414972617129,0.106907520135396,0.929405897762436,0.0856552097186787,1.05006025429263,0.165792989626997,0.0528325156219422,0.0591975005563261,0.235536238390233,0.109408744070633,-0.563714896582131,0.0637745578639657,1,0.999999953189205,0.175955048017658,0.223125727508717,0.584080064251816,0.0878224968199253,0.702802937423638,0.0783912099424565,0.566829861441215,0.102303884543104,0.560180685763661,0.106085873393163,0.722805585316624,0.110204504158997
0.877778508777891,0.0963022253280472,1.01093409873888,0.0847265792333783,0.753125038394861,0.118866097948165,0.0231665114569943,0.0712758332713531,0.0859793720304098,0.0854431653699362,-0.566555512712382,0.0530331566413039,1,0.650924181289017,0.053254049557321,0.216263187373169,0.674656323703978,0.0861651625249308,0.616569528984199,0.0778728966484048,0.74617168113773,0.089956553050521,0.689982356280051,0.106536041925332,0.698151643787381,0.138803652149801
0.87722916271138,0.111361522696296,1.00821749630073,0.084696519770833,1.16672676672895,0.188964841013789,0.0387535419339702,0.0387901093495407,0.212637707516064,0.10953837869375,-0.618892987361066,0.0506377150357248,1,0.999999999754189,-0.00134365796755445,0.222077716499652,0.64048589858687,0.0828428654021439,0.704948545039983,0.0859368005109743,0.573725819344236,0.104090653873302,0.794273165631251,0.098906846139954,0.676597350008681,0.1396668338496
0.882339081459866,0.107337376367025,1.00518218486685,0.088522453688558,1.02575042403661,0.146683187177498,0.0431598860351744,0.0432582672946373,0.210407393462084,0.108269986471876,-0.639992813858029,0.0407432930374007,1,0.999999997984656,-0.0360093521386359,0.224848087897953,0.65943949878531,0.0813103958005664,0.723342276316923,0.0827198915643764,0.746303177352842,0.0830091965085363,0.608271009148412,0.106337216729599,0.769738822834184,0.129802460694757
1.10706616808089,0.10747529671298,0.891975911276585,0.0837629937462739,0.793185262695305,0.134092294559641,0.0932070222591693,0.0769307111395766,0.225105800086083,0.0908351401789004,-0.643765696707697,0.0524862649179904,1,0.827894600601043,0.095064981970007,0.218761570056565,0.758350655309957,0.0760100230794683,0.746054959195751,0.0856640101516238,0.425939598279551,0.106216467722058,0.767849551596405,0.113236697589593,0.430188820440191,0.138394520576296
1.18485735658929,0.108359606422042,0.975576409802487,0.0861992761840745,1.04038507982391,0.16788388294455,0.103225272994722,0.0857574130805175,0.241516124815372,0.105411535641218,-0.502420467820885,0.0640903413857606,1,0.736980596912487,-0.215919332617857,0.202406946000764,0.812163248314844,0.0843367045212511,0.653881788950732,0.086837320766694,0.874221611786072,0.0868934616541761,0.510224964557187,0.113305866216123,0.653127273911578,0.126533836511719
0.974995784238336,0.104064055970229,1.07089441551961,0.079706418881806,1.12627228809531,0.159162279394103,0.0941093325488051,0.0587730441591704,0.325565251712443,0.108642627704514,-0.540326321996736,0.0547751008487256,1,0.999999999159005,-0.201611284239355,0.217746904885692,0.703703714228971,0.0796932260537255,0.619820180176643,0.0761964423280402,0.855811022792898,0.07572512951718,0.745235619543449,0.108005210440354,0.782121404473073,0.124240664706483
0.872076716588799,0.107332921408245,0.955872105649541,0.0997073003096375,1.10046555467971,0.194720866799742,0.104476791988347,0.115655292408742,0.0700189911642822,0.119776425182368,-0.62871833215353,0.0558439827091034,1,0.206498883569288,-0.374102190305049,0.219612697674673,0.682456314951833,0.0930289995742458,0.623742132582404,0.10014610692251,0.837630682851152,0.0893572670639798,0.86116303568489,0.107538055293009,0.803499619817531,0.136090300359287
0.873612266351595,0.103521562597268,0.867740425255004,0.0804265739280045,1.09247761827703,0.181552487923304,0.0457785163541458,0.0386545385589516,0.223633638533615,0.0968925939425327,-0.505083676700498,0.0696389876145785,1,0.999999997690054,0.109372594334191,0.206519197801303,0.596463245024789,0.0894646431939922,0.50055214988115,0.0984251652175692,0.590629075772223,0.096482595365791,0.604165272472326,0.100820258007341,0.714701424405053,0.11679002395012
1.12045045858889,0.11446405144395,1.07937393379332,0.0994144258685972,1.19925373643893,0.204898994569862,0.136807281701574,0.135272857535835,0.133876345818253,0.130130849378902,-0.644130743371266,0.0508179244698943,1,0.330516924314122,0.310121154445687,0.225342289769495,0.81309034738417,0.0845185951879907,0.72766778076864,0.0930538665146771,0.740437178933303,0.10021960463713,0.651718905310121,0.122386785664394,0.860072866295002,0.121678526635765
0.992789681501407,0.0940224037215878,1.07381088915125,0.0832064103881826,0.778779302693411,0.116546833971403,0.047114371021028,0.0753773654542916,0.133724333563022,0.077722652017934,-0.580665857357713,0.046015970869893,1,0.69811431419587,0.181598675045811,0.210492336956858,0.599750810845521,0.0815262104289311,0.77872905696638,0.0769916538686485,0.55817225951296,0.0880619800895243,0.615546795709763,0.10267931089997,0.713194424646481,0.120909897381916
0.920854924811388,0.0928195318015726,0.897348103139493,0.0892656476867159,0.712204172083944,0.115139199925253,0.0210825585300408,0.028131424369294,0.122536060580638,0.0836800135175838,-0.537365102987142,0.0678909264855959,1,0.999999999977453,0.427863730873437,0.19731955504978,0.515483133301993,0.0915372484235442,0.563365781327075,0.08689815292565,0.54950921472803,0.0934850288998575,0.751820171754614,0.104362217032393,0.515848943592107,0.141706667623566
1.01312034570923,0.101524019083202,0.943139751285283,0.0897010929912642,0.927419092820935,0.14844821169823,0.135715661490877,0.0765773107995226,0.354774993001316,0.110169160567534,-0.66469593129737,0.0455554783996308,1,0.999999999990552,0.00645718089407404,0.206895044401902,0.636507622944556,0.0827742595948392,0.797890904215053,0.0762073451857368,0.598237859754772,0.101851471739046,0.414200952023766,0.133143637452413,0.844811510020999,0.123807646250589
1.15794081985799,0.125861018384295,1.2979220871362,0.102200878432981,1.4669434417772,0.226240393258996,0.0102010617228613,0.0232322865121976,0.122328985087514,0.141548675887192,-0.712118822877957,0.0373679543755771,1,0.99999999996744,0.0869755240831603,0.248637273288772,0.894170708155521,0.0776269266590247,0.718482814265815,0.0919599416795328,0.971163013580458,0.0813582428576505,0.798351910918224,0.105711743799604,1.00820525782264,0.116803200054252
1.08183304954812,0.107133089848687,1.03817947014124,0.0998881028928448,0.997720397308216,0.150892172409507,0.00190146864213743,0.103156807203438,0.0160509699330942,0.104812640973176,-0.618609134041543,0.0498814045771232,2,0.368512540815737,-0.0643079436311754,0.219640874057836,0.768101498904449,0.083724968087484,0.731718861141464,0.0827439586415898,0.726057722299797,0.0940675968993228,0.688318894667237,0.108326541704974,0.617387109227185,0.126854863295316
1.01374074120299,0.107002547542417,1.05006461961123,0.0869571678239903,1.11698081915345,0.186467541080531,0.0771571678760252,0.0554018102218194,0.293569542838039,0.109591702954548,-0.589986740842,0.0609605127219176,1,0.999999999445437,-0.352491224960425,0.192672266204262,0.740379374979683,0.0854703580664604,0.765495297198001,0.0795693920689125,0.688526987277033,0.0986727202990824,0.868842771606306,0.100830998694298,0.67328024323609,0.125984954429182
1.10167020209104,0.104840125563486,1.0194498302721,0.0798511534375458,0.866328070098403,0.130934030284919,0.0144012614736476,0.0241266259811946,0.111696983275702,0.0886919651251978,-0.567408909655171,0.0536610464574356,1,0.99999996046257,-0.0910120615741829,0.238243233317154,0.808409452400118,0.0847908484160181,0.605625414615445,0.0828000645614235,0.684118230078095,0.0781186771468331,0.811978472641138,0.09812439136615,0.875031784914248,0.106486389640555
1.05117950552556,0.108209803666185,1.01208419404879,0.087820360587691,1.05086262977415,0.153893460430542,0.22486409270165,0.103631444495682,0.38694848341086,0.101421137597999,-0.507147268382286,0.0663662075664656,1,0.796012924643883,0.267928120133067,0.221453761237782,0.575713368792022,0.0870883147651949,0.702270685671594,0.0850341509695198,0.629246290988518,0.0927560198309086,0.740225042750154,0.0927018643951256,0.776078244961286,0.111291983235227
0.973134665616241,0.0976182337831876,1.01761842617929,0.079914750541308,0.820637691213793,0.134458058459606,0.0462160160352834,0.0340586143618111,0.194747540921488,0.0759348112796331,-0.510221951792638,0.0708932605917906,1,0.999999999982493,-0.290626284120408,0.187716050494513,0.75087609889346,0.0786297769259939,0.595626323161872,0.0915247030536378,0.596558205598336,0.0911067894122742,0.544431768371426,0.109323452997399,0.711814615371269,0.113278266964646
1.08147632026176,0.0956513768206947,1.03623997746084,0.0957248476048655,0.780250216445339,0.120517392465702,0.0979955711449879,0.100092671849459,0.160474410050342,0.0832367283531649,-0.544422060133352,0.0667749145649178,1,0.58034415485075,-0.289822691807436,0.18115724327518,0.758872089343037,0.0797303680203424,0.68447931668499,0.0869496074608651,0.611752192739318,0.101750413066364,0.652027675479679,0.104180626660451,0.682000329314023,0.11069376592989
0.994261048109479,0.0955309379179483,0.97715863022853,0.0797414918136611,0.686826553285412,0.0990125794951082,0.0171876508497409,0.0262889748772174,0.108650517678143,0.0837952687038062,-0.5101529188725,0.0622603750379459,1,0.99999999998,-0.0978504428041656,0.210469955243946,0.65059773910128,0.0880793585728169,0.66277207585097,0.0769696403308386,0.622075509285704,0.0838685160215048,0.745783239593779,0.0867005083297812,0.662093364205455,0.121609624097618
0.997207298862937,0.100266910551044,1.05558438801881,0.0828312938583562,0.907234453590565,0.146104526113974,0.0245326961943053,0.0339977900180046,0.149187482767724,0.0908952247228569,-0.535776402274831,0.0678674287873806,1,0.999999950299157,-0.113079678951228,0.20650821155576,0.698125511599902,0.0890524957265276,0.730888107801549,0.0846410149237296,0.758246880895549,0.0874254649448965,0.531235551276413,0.0949085660539185,0.833587280728864,0.113340233593525
0.870202840483343,0.115319444359099,1.00160544095212,0.090135214501193,1.07200189656772,0.176006959048564,0.0597801439427931,0.0472481776699985,0.2531490226279,0.105102880794065,-0.621193852670818,0.0506733258006627,1,0.999999999794765,-0.300515680789097,0.212247329955937,0.783381190456919,0.0819776128770144,0.653209811678681,0.088794986061694,0.5260677565582,0.0984413800178879,0.795005226315466,0.110244130182827,0.695166608029229,0.135371715633804
0.989673126548357,0.110872300919833,1.01759663928689,0.0857115738759377,1.00624536150969,0.159821375500977,0.0682653435028015,0.0512501275022332,0.262090986589037,0.103859757823531,-0.63845863084843,0.0479995343143875,1,0.99999999999749,0.0468024837235493,0.21138237591591,0.71523353373873,0.0778828041795743,0.554479239858572,0.093621899965696,0.669030028350951,0.0966021194704632,0.782833004054017,0.0893956527414794,0.630362311004849,0.135606651655813
0.98581277805442,0.0943090567794004,1.07991139952172,0.0840372401043311,0.7806980209133,0.128030207567801,0.00568145799818743,0.0340699198574375,0.066599370561359,0.0733652231981083,-0.543773647308085,0.0608977637917218,1,0.999996972614119,0.126162837900168,0.188268834855191,0.662515352282886,0.0856388290177883,0.691599550447969,0.0805220576424177,0.661103671062196,0.0973452779072331,0.585114746161287,0.114615060098671,0.548756800407778,0.129823498195008
0.928243531339528,0.109047822228009,1.03902544433918,0.0977003446174943,1.09645740620435,0.17348964261537,0.160714430267184,0.0866398143654194,0.419781523352431,0.124679265157084,-0.605364846651447,0.0567694949231154,1,0.999999999993534,0.101668346280168,0.235829858491636,0.645794186596899,0.0845074629641468,0.690133222378483,0.0848085097924912,0.803902965593989,0.0870272261095044,0.618039100267536,0.129801138005513,0.79625575777676,0.136843865140879
1.06746116696753,0.106999622639454,1.00518126645134,0.0912074202350196,1.01991241206091,0.155827859638426,0.0375885396656136,0.0437634026766221,0.19579841203626,0.115792732122627,-0.584602382464251,0.0533564811445388,1,0.99999999999632,0.369689440797603,0.203658394841171,0.726446447984193,0.0768712876109724,0.711705793402264,0.0814337264288593,0.913888988329779,0.086854621062463,0.702015964433164,0.114906428209741,0.60907988811711,0.135778778523619
1.14849314641959,0.113475824825558,1.26052727911838,0.102483242498014,1.03009736942642,0.157090649392159,0.275761610754115,0.152710061719434,0.156645228627559,0.0971241313470893,-0.582428285972812,0.0594220442373399,1,0.293907811061936,-0.0693213599092316,0.228653510241073,0.787135332523482,0.0844798127530507,0.791318864344483,0.083913453949941,0.675675689508592,0.0992489878657669,0.83634327581851,0.0947726951904062,0.746326242487281,0.115253752700382
0.942145181643884,0.108814488160136,0.995038413583791,0.0894643832594993,1.16623040431467,0.188147919367177,0.104513908473162,0.0674248462292006,0.349123611896285,0.115510952437307,-0.597984483775809,0.0585046546996528,1,0.99999999445531,-0.473532366796766,0.227556730849096,0.730469079482428,0.0852518105789254,0.634682513620988,0.0853300306415364,0.897462715820328,0.0789859640497755,0.560273798556191,0.125462042619106,0.738228307422529,0.122734420952299
1.13527157195453,0.102051562539642,0.971331566304967,0.0837983549684638,0.951525179418695,0.141927137820059,0.107466217322969,0.0709159015983073,0.319776190030397,0.114452456018384,-0.587297992571816,0.0513279856053145,1,0.999999999954376,-0.111605888698932,0.181169754227089,0.703128440654974,0.0786908352150617,0.670511504466472,0.0778546163934346,0.713733045671917,0.0887878436113657,0.675133621404004,0.117167425568098,0.619343304719784,0.132960798212215
1.04699837988354,0.104958895103717,1.00129962317582,0.0861868406081913,0.849845309196205,0.129284233758388,0.0272657996511423,0.0765650159941426,0.122108481945383,0.0950991155564774,-0.584721996986021,0.0534840977795849,1,0.802170657088878,-0.200799517386558,0.210723144193979,0.719163812180274,0.0844277832056866,0.735291820891621,0.0808188823589661,0.643527869449075,0.0901951537187931,0.764240853313164,0.100915388678828,0.775480496594956,0.12632952507058
0.91676170431024,0.099157108999665,0.9909764504691,0.0827985042570862,0.944363446712345,0.143443616916011,0.0419877112826224,0.043128694317333,0.199127245075767,0.105645261972594,-0.598007841342457,0.0515551589238656,1,0.999999999811416,-0.0522019019991647,0.200627858307037,0.717376870356092,0.0780315575575308,0.773081245016509,0.0777411377157432,0.639211062556286,0.100071206767298,0.616760986835239,0.0991944218876457,0.573070082469322,0.148892836700281
1.13063310511835,0.112417248165873,1.07373598299357,0.077799249925681,0.945417701289304,0.153871213607963,0.00501338479616156,0.0129120666955313,0.0688457893128673,0.0887392232524327,-0.663665100191961,0.0480997604570619,1,0.999999997515256,0.263088331794907,0.200623220677528,0.579043305798282,0.0877148950305522,0.800859162381977,0.0807901127472379,0.81028918183193,0.0965468000882497,0.851159196660137,0.109827658480333,0.708352283451992,0.129143009481752
1.18631066870581,0.112929965550827,1.10177465339552,0.082119347319695,1.17576653078071,0.168186473561142,0.0747100991785425,0.0895055987341601,0.196833597931422,0.0991137824043345,-0.603766598016658,0.0464329997208662,1,0.664123774991509,-0.0818761358839166,0.229112645530041,0.816402660210872,0.0819447599406707,0.804040724552763,0.0756307578382889,0.661391420678846,0.0917238253929969,0.726577906569092,0.098850291479961,0.834535784116175,0.114960537102102
0.9943564757455,0.0957725902048522,0.982224420635689,0.0770270744510144,0.922584208567834,0.144251793569947,0.0646124137430512,0.0479290494698632,0.24415239613091,0.0949662088018045,-0.517207430823603,0.0627191510947002,1,0.999999999494003,0.121834913265342,0.182337858240601,0.629516911494615,0.079927279047494,0.747528058951153,0.0746023929127596,0.555895547074999,0.0994298073836029,0.703618006251788,0.106983006839666,0.651496558535393,0.123200513945854
0.89492773515813,0.106550482242944,1.0668196846794,0.0906417472200927,1.00269857815811,0.165581732916507,0.0096141932676785,0.0272639948396125,0.0981841627441038,0.112394584720507,-0.590566977269859,0.0596358957674097,1,0.999999579576576,0.0799772964769569,0.216727000222348,0.596695329506226,0.0856765195092926,0.752817403376905,0.0877044164957744,0.598307518958274,0.11475793633441,0.69973312260876,0.112595618054678,0.55474024882794,0.13053548423128
1.07914794698513,0.108086919526286,0.963670976013236,0.0817417391044938,1.11266214897065,0.171531277439542,0.0655223713316335,0.0497533708604195,0.270007893374957,0.107869914094497,-0.601138749475046,0.0510071260016663,1,0.99999999995387,-0.100196130438773,0.200650714028025,0.668189444404941,0.0799579313260066,0.803480080114534,0.0733029051969943,0.536690007488929,0.0945337309883739,0.829120532501411,0.105083236988579,0.420055174529237,0.142997356872377
1.00708404324632,0.11219518717799,1.10690143631922,0.0968644827597117,1.05805684885154,0.19351137252789,0.0944155994448111,0.127019378505659,0.283481747095209,0.129974023466666,-0.648382387508054,0.0524197417295648,1,0.89690970200572,0.385838900310263,0.206066931881076,0.762859885815761,0.0972463555552882,0.68760389813332,0.0891266441495993,0.842681667369303,0.0962055814667306,0.908991881426347,0.123742060489014,0.269066840418066,0.193865618867466
1.02919184540877,0.105377634283441,0.901942712456011,0.0815925065323881,0.883476642789435,0.139581814641026,0.0905844636332191,0.104719984357581,0.180266606181181,0.0988424042555244,-0.594067754693276,0.0560828586311124,1,0.637222185589572,0.33877165112846,0.205614357177301,0.691003111875499,0.0847792546970128,0.654837106096319,0.0898846963069297,0.743463658319268,0.09467111652585,0.643070838483579,0.101404659253359,0.970286117696233,0.10887985111587
0.941254133442197,0.103276519695301,1.03497235851991,0.0912488801090849,0.881440072695335,0.137637787381699,0.118532459804337,0.116259074618784,0.289171241976266,0.102456345840747,-0.610845382613972,0.053426338409776,1,0.894622993820131,-0.210433523387457,0.187588837837765,0.630802290484238,0.0841534053091665,0.625736497302007,0.0835590566482465,0.662787672147646,0.0879166625286685,0.706794750322568,0.104278466908141,0.472921187158711,0.147605039311716
0.947503497050527,0.107516438112706,0.993952912413456,0.0842938537559954,0.975960103060067,0.146245445399945,0.074310151910363,0.102892269679528,0.165325670813385,0.0943767330732127,-0.536497434380082,0.0643592065470832,1,0.613903609520973,-0.199959807769173,0.21911377979572,0.736838470083217,0.0828730397161674,0.643766643397204,0.0917353320022414,0.773681101537432,0.0869884241026939,0.798550486343544,0.0953976207280973,0.509506048456634,0.139874392108795
0.93607801298498,0.10483247443992,0.940426502015372,0.0918705508019934,1.14671315056759,0.179684254266105,0.113131075478734,0.0690776662817818,0.360178972091229,0.120006537213897,-0.578772223638022,0.056770169638621,1,0.999999999797176,-0.333064072976007,0.203770704413906,0.696393533966441,0.0879793754825108,0.700728433652986,0.0841789430807449,0.536423523421543,0.0928545229372414,0.813071266478058,0.100092684041394,0.767019477612722,0.132978743115054
1.11980396790785,0.11554990995647,1.1144129443635,0.099017693782337,1.14661327826243,0.174769013358239,0.12779165826113,0.125177378499592,0.204717251454995,0.126097045512463,-0.62824872253191,0.0550107785615663,1,0.534804072606068,0.150028511586424,0.198154782254563,0.71018242545539,0.089267121637245,0.722417416183792,0.0852018107056816,0.755306686236473,0.0947494869352248,0.547907897793964,0.116173139866732,0.847813519358741,0.112117671784496
1.00086725854298,0.111219584794337,1.04791858674183,0.0933942651847995,1.21648449596489,0.186897255943272,0.148826884059185,0.0960353163301916,0.208777869672859,0.111652104121914,-0.652400591243253,0.0424556712938891,1,0.490671098711251,-0.211372095418084,0.226487907638006,0.761210014639538,0.0798651167901834,0.797788444252658,0.081436832748026,0.700076367895213,0.0948688319606393,0.865843068275289,0.0928069382110713,0.768532790122988,0.11997502633676
0.918549513815225,0.0966689475375939,0.971061370794328,0.0812945905998951,0.807448448391553,0.133596290811081,0.0453864858371381,0.0815044319390594,0.187288783624555,0.0892108634893081,-0.493571070440782,0.0650615254044982,1,0.978342878484531,0.273808204786796,0.179320816097868,0.474587544520969,0.0884310101580719,0.57089960609591,0.0906802565336252,0.717593522769087,0.0952788548533047,0.547973282935734,0.10671833754613,0.801263031220205,0.124258425484303
1.01408659633798,0.105013050632182,1.04691320646486,0.0869903872639491,1.00291182684002,0.164149787575324,0.135593132667156,0.0802172882090158,0.368765448981145,0.120904251211528,-0.612131874476437,0.0509765037931845,1,0.999999999897369,0.00275438272197834,0.204849459630974,0.684749160184054,0.0843641722001867,0.777956360983306,0.0866066756440425,0.769782139815804,0.0958488982326294,0.646040258255702,0.104039853647991,0.671277366551532,0.123892530907058
1.02013022798696,0.105459271817527,1.04271581269483,0.0827784878691584,1.04876557145276,0.15751748236691,0.104215751262423,0.0734196896767629,0.330602312288579,0.108229426011403,-0.601884935585882,0.0512633936782423,1,0.999999986108793,-0.184558124188374,0.206150433326624,0.688197160361921,0.0832705870844997,0.734204274257524,0.0792856230457559,0.745327322067159,0.0834594624788114,0.564291876269873,0.108176464188343,0.760390452890982,0.121079632110887
0.894074786425176,0.109487234973912,0.964444936405078,0.0821694730834634,1.00872523723397,0.161444559309317,0.0642767039703552,0.0536814281588692,0.254632153234971,0.111829980255066,-0.519487732686257,0.0679575541483647,1,0.999999999999719,-0.0882513651069237,0.213547398595167,0.562347101661588,0.0933357427159559,0.604174529334514,0.077897401227636,0.677497755209995,0.0873007117270139,0.670091760689629,0.106985276054203,0.521856997882653,0.131522974521097
0.939028407095399,0.0999410725652646,1.01430276370118,0.0899528931203483,0.99260173248072,0.154178964609867,0.043752163373042,0.0449000158243773,0.208394993114174,0.109809778025258,-0.628513360794305,0.0508414900201319,1,0.999999999898634,0.161102920895596,0.184242231182625,0.59870907043814,0.0793784775775658,0.774028375646146,0.0819116440422163,0.830143106375109,0.0979574464753643,0.556736707655178,0.127003453117692,0.720789301925083,0.139867349795551
0.918688850401212,0.0959811478551913,0.928059023064655,0.0827220079560283,0.795714730815872,0.133618387862363,0.0742383193937088,0.0793131064190117,0.161502095473526,0.083300850791961,-0.526150165654881,0.0618150879836596,1,0.664485328987769,-0.0528689991461169,0.181083026869132,0.620253848249099,0.0855356404718135,0.608828188012091,0.0857842752183054,0.591520105904171,0.0807086503955359,0.665567093466101,0.109538362347414,0.699836932634968,0.136817568345195
1.10918351351223,0.110552977029284,1.02552058204934,0.0863535193158837,1.01722993359713,0.163740606192205,0.02546305830801,0.0300916127338547,0.160940315353539,0.0996375793664067,-0.609478488973168,0.0471768577240017,1,0.999999999889193,0.0455502869986851,0.206484327415146,0.7131884919896,0.0815086001530813,0.56326347983173,0.0935030752571199,0.564730008220468,0.0958244994059853,0.801762381017967,0.0982304420610206,0.798826394701857,0.102622308457434
1.00495905312884,0.107361374649652,0.93878127966929,0.0771356910031463,0.989404525474369,0.151577967172128,0.0607599936058492,0.0711219074353557,0.22978382774603,0.100192693875862,-0.550921947652967,0.0511185473733834,1,0.937181384887381,0.0268917663028788,0.231196347208144,0.695606208106949,0.0755512481635792,0.516216728285118,0.084888141590013,0.771783844549257,0.0793484233349261,0.675270334239372,0.107670178195949,0.862739690117495,0.124223336064422
1.10700747410888,0.109092110415929,1.04115813593913,0.0892540367663723,1.02051218067219,0.159889826649527,0.0809934141754063,0.0910179736611997,0.104510890472996,0.111766637814291,-0.610602616900624,0.0488405168517209,1,0.363519404696521,-0.0498339196289412,0.209295539192682,0.73276349633766,0.0828642661031408,0.683705714551052,0.0846588750121398,0.741869802166251,0.0886399917088175,0.605468360334774,0.106312910801914,0.848400572376102,0.125481075788133
0.957927518765242,0.121035767220905,0.871737353334113,0.0875622121066351,1.30364743327225,0.210544416462955,0.0461957618795373,0.0567313928286419,0.245403720642508,0.155463055353885,-0.561297620300136,0.0617468916467466,1,0.999999997533095,-0.11560363216059,0.232799344241054,0.683407922904206,0.081076313905109,0.714049370796938,0.0820369399403255,0.759228001279501,0.100640503831443,0.681587265807838,0.119322071517735,0.715582159768335,0.133806904496628
0.95852612950535,0.10486465325819,1.05877495908538,0.0979474661426675,1.07856577736312,0.167397913156362,0.230240776877035,0.142498094335194,0.358627794751878,0.110376175146088,-0.58517087732504,0.0558614196606204,1,0.719663549710822,-0.014272652042592,0.194027412477292,0.57013929574566,0.0914894752990474,0.73891462082537,0.086503465139399,0.892587830874264,0.0800143233188345,0.485327139436735,0.118476913130386,0.62259638142504,0.129101212910591
1.07481999875286,0.114275472820752,1.01948904360081,0.0837354171420338,1.22741209799402,0.193241763508901,0.0456059057350602,0.0456680001411598,0.236595098072578,0.124194537060433,-0.596172900144343,0.055539256536516,1,0.999999999935551,0.153173264471218,0.203518516080822,0.770441315384098,0.0793392361183961,0.639240138044904,0.0865077065269307,0.680571308226454,0.103933130140242,0.682304879711568,0.120743830228542,0.817477193713284,0.123607561435867
0.838319018288578,0.110278248038342,0.986137903235803,0.0911082024934176,0.888511362632539,0.151218890729226,0.0350572111535857,0.0397832465389766,0.176490029283921,0.103095453503017,-0.634351373015475,0.05429740809243,1,0.999999999750715,0.238709185852541,0.249277952442515,0.544521379828825,0.0942591552981162,0.567433853073603,0.0962649346026443,0.681715837988805,0.0958578839962455,0.520949717236779,0.110539891869851,0.667701287509115,0.132244909699399
1.02409770018774,0.104743100888723,0.944394587328493,0.0968211191608706,0.93884806282555,0.144965822345209,0.109325032723503,0.131843892731637,0.271628624017864,0.110215232664135,-0.593542699765593,0.0542386189519615,1,0.847848133418459,0.233805327239734,0.205540358438481,0.696923368519217,0.0830872206301622,0.768808264787586,0.0775571584706539,0.567718412636077,0.111807457301562,0.795690625452775,0.112836177022033,0.816307922835961,0.128700229179295
0.933146500805535,0.121226314651487,1.1981099318559,0.0881654159689496,1.34420071834986,0.217513869982711,0.0740222264476769,0.0584436491622458,0.315437361858208,0.131286890647692,-0.652867322857005,0.050169933676371,1,0.999999996438432,-0.452205627217416,0.254186330607318,0.758682312667233,0.0883312450955222,0.843281551749112,0.0785093445104467,0.810500416924525,0.0986434178279623,0.747869302565349,0.109918608003994,0.528341381111897,0.140863248780855
1.27629157256686,0.129059251435309,1.16144975062948,0.0952105179391898,1.33502405107175,0.236970585352686,0.0376235442110109,0.119480124696291,0.146742339891628,0.119192165964391,-0.718412729679879,0.0435764538356935,1,0.654758345648215,0.424831002476692,0.218090560921669,0.834453792953397,0.0915161046590911,0.797421635856064,0.098959417072204,0.808534365688324,0.0879224360467757,0.79363147679853,0.111057482671285,0.890317714332764,0.134519949328872
0.992912042978267,0.107100537375864,1.04914955476184,0.0923043137347512,1.14156485179905,0.174491424644936,0.0646255784131127,0.0595742698958816,0.271614226723227,0.128173572305725,-0.647482085664883,0.0474238158840466,1,0.999999995356537,-0.181327855690528,0.199381525343314,0.790208915251834,0.0807974246362598,0.745098409475638,0.0771231267316256,0.683070185053891,0.103102762677115,0.724862367441088,0.105823982922723,0.689476333575787,0.119137512050181
1.00005092233707,0.109462814828913,0.924492105156676,0.088412558066773,1.15053084031777,0.188986581049314,0.151814774045583,0.0871511408485413,0.417932505643403,0.133224635981969,-0.622592536302297,0.0548554708434042,1,0.999999999192913,0.172054078513878,0.199262290661537,0.600098177064435,0.0886243877079456,0.518496752880089,0.0892884040188841,0.767139642066588,0.0896582612358513,0.572376430217178,0.125768951467608,0.813361149498635,0.121364798900108
0.797469698121253,0.0984954704301358,1.01402379395609,0.0944778467274102,0.912564427453612,0.146742563508992,0.247660750603127,0.134358360379683,0.426329975497576,0.114382590745261,-0.532782157655193,0.0621468554628321,1,0.896779163583054,-0.317372484465514,0.198008478047363,0.550400266164612,0.0899237762913976,0.745370283325384,0.0818207670942453,0.627364090561463,0.0909209451674585,0.653183879628074,0.105119672632151,0.891444625202442,0.125512957639051
1.03292823572548,0.110165506834327,1.23843550239613,0.10637312967933,1.17695482749907,0.191824356021205,0.0280665979306026,0.035262696630503,0.181750149926849,0.112860796598498,-0.693721536719172,0.0391328468708622,1,0.999999985961575,-0.0526610113548864,0.231233630375529,0.794978622973321,0.0784989651519698,0.717040751581973,0.0836757570389315,0.822523022933286,0.0984681833086177,0.755012102018914,0.108362581197176,0.787744527487858,0.14144209824226
1.23833683003391,0.119188433709687,1.15905981850926,0.0889969436174927,1.05858635039195,0.165821423912614,0.0966964755443963,0.108791682170113,0.103203293077408,0.112499852369618,-0.634706394830704,0.0528826232239476,1,0.322570827179868,0.495066960624192,0.235662819445451,0.626158257894372,0.0859491193649811,0.745756495982346,0.0843397250734827,0.82716770681208,0.0853739517855155,0.632186655997736,0.120328678142856,0.874657909728723,0.118137305193327
0.789657612251291,0.106945631158201,1.02295427436142,0.089067245896283,0.953765849994179,0.160652505847061,0.0509249300736647,0.0387493992774543,0.220387066628194,0.0871222401256532,-0.565437714758092,0.0569782276422387,1,0.999999999170043,-0.297327389136474,0.22427702363886,0.765865058348815,0.0825217319213514,0.776456350724372,0.0859931136200941,0.551444947154292,0.0966829591066116,0.72163787602769,0.104846734347533,0.817045747386484,0.117664210660243
0.972763534225443,0.102289008360553,0.943896207686979,0.0807148872782785,0.926040762465932,0.143056158612187,0.031058513810364,0.0318176867984851,0.169592009861469,0.0900677347004442,-0.48634473138497,0.0699228252726653,1,0.999999999979912,0.162744835033421,0.219687426461618,0.679336804481572,0.08654171619536,0.580478606390124,0.0835913256902906,0.611430501042909,0.0903377215239423,0.584482092531616,0.110493293474481,0.638549433553027,0.121242083656758
1.0295536380896,0.120173396030778,1.11353225779868,0.107212217026897,1.1733550412406,0.201030540106678,0.206366010961028,0.141868437033715,0.37109741281623,0.134271636725594,-0.653901857463929,0.0495619172504276,1,0.754143722110314,-0.0639568565647802,0.213083301119474,0.828916294150578,0.0831978468943434,0.730100168113054,0.0855540994369067,0.845426914905063,0.103580689652946,0.782634197665966,0.11325911363288,0.931673650232005,0.131350868207591
1.06582359027238,0.114387636018872,0.891039882837368,0.0875946513978195,1.03291225098193,0.168792993142323,0.0918017371594354,0.107806378367463,0.268866818002434,0.110417019648731,-0.629689967655282,0.0462011136848064,1,0.873132277857647,0.099502370804811,0.205797577393277,0.71151681673245,0.0795948358223499,0.778466108378664,0.0821783712492746,0.722512526852075,0.104658659055642,0.654908334819473,0.113541692256079,0.65793499684552,0.123342735759392
0.878094943078554,0.106287083464511,0.979071000587799,0.0943509606455722,0.956902817542712,0.154003664736818,0.131168203615636,0.0695564146601615,0.354281276800735,0.0981872644446101,-0.617255274703254,0.0524511820704029,1,0.999999997927505,-0.132175400162444,0.226537631110273,0.61102270110347,0.0939334492625628,0.682061077521768,0.0838704823553798,0.757373609283,0.093927269509644,0.813555905634907,0.0960314792399225,0.531734237032829,0.13535315960732
1.17967305246737,0.117214186781036,1.16500284951607,0.106504321176269,0.986442965233542,0.167044745552919,0.231300509708656,0.131105272345995,0.241314599968948,0.129652371928889,-0.569363885663643,0.059755813891055,1,0.505195313817383,0.25661509690646,0.219159309119835,0.787428173507036,0.0890541969943023,0.743143430781445,0.0900600793573535,0.813953813758573,0.0948709645786434,0.813631119562939,0.102548266098,0.6958825538556,0.136462060997422
1.01149793168132,0.116276989021144,1.07308786185671,0.0989611165292791,1.24079896778249,0.21839634695409,0.203564117727213,0.122270568532499,0.296241842192518,0.134057271521036,-0.617520838837442,0.05279103847297,1,0.589447424337182,0.0679771090264484,0.213929125101997,0.778883900803981,0.0854200857145819,0.7591183609467,0.0930975704794768,0.713326537650192,0.106435726417395,0.692472642719484,0.119049561854781,0.859208641029161,0.125744212679213
1.07620802086177,0.107943992692154,1.0345023369945,0.0962513426040729,1.1116326221768,0.168112077680481,0.039279484153931,0.0407186772524455,0.208960172430598,0.105015090548675,-0.663646871507368,0.0438153157006028,1,0.999999973599046,-0.0962660630912853,0.216341606358624,0.746522863722104,0.081407174696278,0.802786961957248,0.0805997964609439,0.813300943967359,0.0893341382012091,0.830163850910705,0.103173911090226,0.689415441036823,0.124063093303955
0.984412697425895,0.105154568000145,0.928264639460258,0.0930337198540093,1.04350163226463,0.177261765975153,0.26163440308079,0.16245812367113,0.507930593841429,0.146564144158013,-0.549153836870532,0.0649670817332844,1,0.97209874126979,-0.00265802625526859,0.201009359292272,0.678620745991642,0.0914852823438733,0.76494623427764,0.082253636553573,0.639341076780922,0.104552198633712,0.765101243792595,0.107989507733406,0.49742001226989,0.15499422138274
0.80647425827551,0.0990879141421961,0.854874403479113,0.0852383380432724,0.90241967992558,0.149012267347129,0.0611714105662145,0.0514860869063208,0.234951663243937,0.100549758961446,-0.519217170920295,0.0632365808955877,1,0.999999993816675,-0.0753266480752816,0.204292141921837,0.661838663629914,0.0812351942196593,0.644598987810363,0.0871695048072022,0.659353670511669,0.0884415224770148,0.499548014455132,0.113931152922335,0.636562053396981,0.140407719360308
1.10991688550065,0.101692754183466,0.88588164606341,0.0874383672330189,0.839314258095264,0.1321980518534,0.0916528627002659,0.0489385130631381,0.277354564519068,0.0824992091606484,-0.60274185837242,0.0503716352762828,1,0.999999999999876,0.169428835530741,0.186248062285623,0.59801070438474,0.0855459377935295,0.666983134183169,0.0811606376510236,0.653516528934457,0.0968908117003811,0.534658068667782,0.122437000117274,0.811765256066994,0.109920969558233
1.16557733345275,0.109198870714313,1.0773226207205,0.0890097124789647,1.05910821212953,0.166004696607193,0.0508519604126619,0.083749641048424,0.217514488628486,0.112585328216756,-0.571046638087441,0.0561463398150696,1,0.937268826644984,0.0704295254436087,0.232414569654651,0.770050214275507,0.0869885090689591,0.736094175896328,0.0849794023639821,0.607381261483065,0.0861410735548308,0.842211525260541,0.0869344396006948,0.702386744560561,0.120639363106677
1.09300645843086,0.121872724869706,0.999371951928454,0.0924175549239148,1.08404581595494,0.162293793762921,0.0450596030726481,0.0947817310094473,0.18313965500121,0.0977830440654481,-0.595928867003173,0.0480988688778984,1,0.828638088960455,0.176494315313498,0.253804414865725,0.7255597998742,0.0881695444153321,0.824137412893409,0.0768299011829627,0.684027138597318,0.0925668703512877,0.748276480822395,0.105776066157444,0.632202415743823,0.136718184447332
1.0792936426142,0.109568175506837,0.989753397685732,0.0912053865143872,1.00979692483794,0.159782161492557,0.0342289992888559,0.0408249715459739,0.185914868209611,0.116329157370039,-0.578478907174337,0.0587931114435288,1,0.99999999998887,-0.328984630867068,0.201963308968591,0.733528900126396,0.0845290939364618,0.631049953488269,0.0871841352327835,0.583801174851131,0.0951060754908979,0.730274131917663,0.106086016609452,0.70543280765749,0.123830027358815
1.0995880537607,0.112831504803871,1.11970442160724,0.0870869201850326,1.22417673768158,0.199684873269474,0.119331099549754,0.0671014121465887,0.382207215754954,0.117491688096212,-0.607442714547369,0.0545194885543829,1,0.999999998714356,0.305548628248528,0.197769286993748,0.665167792787794,0.0866099309728965,0.626614216904781,0.086030512880521,0.647016014941739,0.0997216172218283,0.699915438130226,0.10762203807959,0.762536400322758,0.115912545085869
1.16081906746304,0.125884850597994,1.21510801559722,0.108535587102668,1.23960138482243,0.214088172315606,0.194460995477785,0.144891914841311,0.328976204888354,0.13201349046903,-0.68337353645609,0.0459434956419938,1,0.670049993826207,-0.144964803952643,0.240645855417051,0.816063568821796,0.0911971666600498,0.740003792173784,0.0973446156605084,0.932162517558667,0.0967452331897227,0.648275965113279,0.127349129592455,0.9095043836931,0.130946120196342
0.810854357349507,0.102369710282304,0.993549603314232,0.074231680444135,0.98740432622368,0.152265369418738,0.0266096671215303,0.0341701339374759,0.162094109802,0.106098055883246,-0.611688592840545,0.0507664754378188,1,0.999999999949222,-0.397581007452001,0.219074522474818,0.740968069366418,0.0769306955490124,0.737841011026219,0.0794710937455129,0.515296738907949,0.0975786158347764,0.548347681166457,0.10195135549175,0.67556813505103,0.119414595401316
0.812801568461466,0.0940696986917403,0.993980640450848,0.0806840805885447,0.781517524807513,0.131833291001831,0.0435717501357529,0.0780276609125875,0.156965058617267,0.0879260313343749,-0.527512455606666,0.065101604244477,1,0.850611252853074,-0.320983417891164,0.188174186306219,0.740689535298901,0.0804037507467822,0.552676954772017,0.087386737383792,0.65602424084885,0.0944907701072298,0.621644792199269,0.107989237531322,0.655232659992353,0.118197885489544
1.00372756400606,0.109938426479811,1.10134293063948,0.0959583944222209,0.977729664000863,0.158052587453723,0.0537598655340031,0.0706177949769351,0.171640007633066,0.10086918241793,-0.662403853706609,0.0455754507343981,1,0.748652091863739,0.0870183337130479,0.194691426749812,0.734115615281254,0.085095569911491,0.677886774580973,0.0854197910715813,0.632173949216195,0.0981222341348648,0.560382083889243,0.112146032615994,0.772362108078594,0.123994463802075
0.98615306535711,0.108137783791649,0.95666530936263,0.0882614547642077,0.918790765932427,0.147440777645134,0.124470911337362,0.120721212574563,0.0529456977614485,0.084175812926121,-0.667769531013395,0.0398066774766782,1,0.156562746242915,-0.287512068805947,0.23115187617434,0.851913231872325,0.0852611913977073,0.714737416557523,0.0801697361132502,0.74822707079224,0.0919096290772611,0.741061309868703,0.106855127808851,0.79130177124414,0.1310195413192
0.910842130508385,0.105961112069842,1.00944131758119,0.0841426805985484,1.01436377192941,0.160397874493702,0.0288345161114737,0.0342738341703278,0.171022479564069,0.103617252838163,-0.599919444277428,0.0561398593661448,1,0.999999999857237,-0.404879908739556,0.234992665713967,0.65669204190576,0.0898921031382276,0.633923698179345,0.0867989787576135,0.799963261835635,0.0912161616107894,0.734387431203843,0.10006496587842,0.831249334407078,0.117472379021837
0.976740586313931,0.106195785869781,1.12165725320237,0.088341153155324,0.967904903516223,0.162886883464599,0.0303646248045932,0.0681754772404682,0.171435237259606,0.0873218225833344,-0.565027758414062,0.0612139112004528,1,0.999999512291965,-0.376675907727385,0.193295308154518,0.794741886783597,0.0795100010235181,0.643298379794254,0.0853819336828717,0.634081400110711,0.0967627114458192,0.68337812127507,0.110172039008701,0.569827454562772,0.127100330774333
1.03085025348071,0.108618784713438,1.02148086430826,0.0922517481159211,0.931072102841028,0.154622049656935,0.0293298910006239,0.0312599164642292,0.165252059837184,0.0902493965609769,-0.549379725578422,0.0671786929830119,1,0.999999999823919,0.266968714790762,0.215169432374712,0.680031002622979,0.0872258730493583,0.579207755109999,0.0891395661043916,0.545013663592105,0.0926970921844838,0.707389758138665,0.0989888675877694,0.638849052024086,0.120406685649057
1.09645262806584,0.117358130199879,1.00556884345285,0.0946572236315101,1.06680078006628,0.179186764521464,0.133866269671999,0.122149261348124,0.221440941778764,0.12955227420739,-0.666795454339815,0.0515717788794043,1,0.585977144091446,0.222898695979169,0.220937993121475,0.712735832839831,0.0840386651520022,0.734280876839943,0.0950520424903366,0.666355374026434,0.0973594229656071,0.806405596945467,0.101106423549034,0.678643251398122,0.136851980470439
0.970929685799041,0.0983918722464996,1.02404953395179,0.0886247208622261,1.02366451086889,0.162142346214142,0.0501381755226052,0.0447032234209092,0.226549488901686,0.105037634174052,-0.555211345335257,0.0579195087335946,1,0.99999999999424,-0.180728075176837,0.18983348782307,0.744510944164794,0.0801512042586055,0.691276985074907,0.0869547846429337,0.585087189512494,0.110350881112432,0.751982676924331,0.0921293313687347,0.59870203453173,0.127029817160657
1.06145897664712,0.1128570595484,0.915701397660528,0.0914652624415772,1.12186774038516,0.178665831578879,0.0808468366966711,0.0545878124946222,0.301163507030544,0.110664109604719,-0.621114221829848,0.0519777435796429,1,0.999999999805699,0.12343892886928,0.200637918935281,0.697813788614145,0.0920291680009882,0.719736261189451,0.0856481588881717,0.770748960770649,0.0924501103055106,0.812380390373261,0.101804158397541,0.755980251928018,0.128807301516363
1.00797229041919,0.108831948716179,1.03420106124093,0.095949637872698,1.20227545472324,0.196712043153243,0.229573419706572,0.132760902117659,0.207127312206628,0.136111667380173,-0.541642742616893,0.0706184595326751,1,0.394252610319256,-0.0697645673018442,0.232525709318975,0.64648219015568,0.0946358176075581,0.767893169260224,0.0981332015329056,0.638791970704162,0.10466098611619,0.79217744946914,0.0997991799188468,0.775192153157453,0.101252143025536
0.93124334808523,0.108075305766972,1.06909381300474,0.0963212341083761,1.0360033249868,0.162849132116077,0.0295961913734443,0.0333628307834004,0.175104976131143,0.101533625135998,-0.620624258480083,0.0570379207542495,1,0.999999999935659,-0.31743784528516,0.233400780309714,0.785375999828557,0.0841534447997488,0.655846807980896,0.0858725975870788,0.78831895974968,0.0921974202455661,0.614955421566048,0.103002957598094,0.808148692910041,0.123618995515075
1.17458196752968,0.113253900919936,1.10339203152481,0.0887653145954742,1.1081802018908,0.168986921446728,0.0179525477437021,0.0861590787365335,0.0900408215828731,0.120947381307163,-0.607975980007888,0.0487140304662986,1,0.638368149537395,0.373137275595531,0.225880530687876,0.745733519550568,0.0886400352799964,0.696546011218434,0.0879323229727684,0.8442204695736,0.0790092562780465,0.747179364822308,0.0991404879144558,0.732364325522707,0.124038895839399
1.08393117851302,0.0984289521496909,0.924963902744205,0.0871715136193175,0.728313424388873,0.113319134749065,0.107463966360193,0.0799481112893258,0.180262706256538,0.0775016418398312,-0.551067204311305,0.0556344409526856,1,0.644340302087557,0.229899614312358,0.201847006033539,0.539499950304326,0.0895404048206312,0.55842706744101,0.0884850693593697,0.605301809157213,0.0880789144196603,0.585757133857429,0.0986860806012483,0.723723855071819,0.115643831169035
1.00012975617226,0.117391411334538,1.03382704519629,0.103679338602459,1.16260012753959,0.204029940458712,0.139176025903658,0.126102674931148,0.344230524247977,0.129514866490597,-0.57667205726742,0.061330846740128,1,0.855759993481696,0.0128203949239034,0.226758817697106,0.696933750637625,0.0916828169453169,0.717998013293312,0.0829480253275407,0.732276047279802,0.100802438913049,0.615176510811412,0.11859488695657,0.702340660993116,0.122762920475036
1.08251699808977,0.104744344682566,0.983505264385401,0.0778640205274805,1.02522055816961,0.161135731335759,0.0362790514066758,0.0425090329046321,0.192857536308245,0.116339102861492,-0.540602238483809,0.0580712581737861,1,0.999999999702503,0.321451256145828,0.202310942536635,0.64994202234642,0.0832699635342945,0.567630581557986,0.0848994983263989,0.68861662051728,0.085971436154213,0.775620582191475,0.0943821534361249,0.849623436192218,0.123045165609796
1.04696358663246,0.0945058322534541,1.00513922008985,0.0934631633170934,0.760276957223111,0.115324402436638,0.089465517913892,0.0624501415899026,0.260803703455059,0.0973985394113999,-0.58701775850574,0.0499204257249597,1,0.999999999999344,-0.0231972795264874,0.193612519987273,0.719441635777001,0.0761210428461557,0.711552908064617,0.0748742129777633,0.559129343763867,0.101062139171326,0.633361485238498,0.105307033109949,0.61173215910745,0.12308877835034
1.02770460964135,0.120467237686525,1.07567486405037,0.0998508760660231,1.34414679483586,0.214106095947279,0.0993909261684924,0.0733078869898712,0.365507858643286,0.146966544142218,-0.606389238717641,0.0585513610010438,1,0.999999999569049,0.274848473429039,0.237970430249994,0.737532467951118,0.085653892984989,0.708677747839454,0.0935086878455472,0.77349440924861,0.0855757940492178,0.944148097195028,0.106378550681831,0.677895013690861,0.164235892599568
0.986574194776992,0.0992850605722574,1.04904307653847,0.0882635389877456,0.86394855992618,0.138450324047325,0.0787811667284059,0.0566772044923011,0.260888625261981,0.0956751908685171,-0.600737601444614,0.0532687860758992,1,0.999999994466702,0.0494140840428089,0.222672913273503,0.575414893713093,0.0855762996985086,0.742794175213901,0.0800041384362815,0.598312555634557,0.0829201190420839,0.721954242412006,0.105852796801311,0.419182862581683,0.148906501237054
1.02417852641355,0.113289331084497,0.936263476342622,0.0880577384706001,1.02963425701057,0.164921204874483,0.118876356950058,0.0740264950099532,0.349855926606182,0.120685702839508,-0.617162996488083,0.0529702181234967,1,0.999999999661246,0.200392201785449,0.225918793524467,0.691066910653813,0.07876997922383,0.685215199253304,0.0838602886908245,0.650519195601329,0.0929920782476326,0.727505303849551,0.113707725597023,0.812693383568917,0.124389211895917
1.04328651718765,0.105296991284529,1.02150253044272,0.0918322935589507,0.932636807155822,0.147007017621894,0.0460508942617692,0.0398839494151368,0.207240823485753,0.0929686723933311,-0.530725210857978,0.0666227785182833,1,0.999999999162795,0.314295818411795,0.189543605022795,0.682173374076727,0.0752891235292237,0.716859307989916,0.0857943634930358,0.627327660793045,0.098844574607694,0.663755000587943,0.116595025076629,0.688726398035905,0.130099505643483
1.16623078164871,0.113349879766287,1.05664271225897,0.0900922481476547,1.05724279928242,0.166521862502066,0.0537097849321389,0.046522360505562,0.238294530580081,0.108514175470604,-0.588645431135912,0.0643328197436417,1,0.999999999417705,0.0752332856219638,0.240046135518444,0.590505132880971,0.0974753855441751,0.697128185391824,0.0906263760106401,0.776325752470774,0.0850228658494703,0.546704142686922,0.103561124831825,0.863522140478094,0.0994193104151255
1.23161332256655,0.123138133748274,1.09576019179591,0.0983807026222895,1.09557817739847,0.184719101423377,0.0526888482010555,0.0483465057107184,0.240259760011386,0.115105507398542,-0.609625589580878,0.0575919483594333,1,0.999999999994731,0.120588931860659,0.203014008056796,0.82934498925578,0.0797494099666479,0.764366358436619,0.0855664880946784,0.633442648304443,0.107342913149501,0.777564492358497,0.111439373833799,0.557153047481166,0.130190067780864
0.923692604612496,0.113202704462487,0.932430189046526,0.0882689850173437,1.14349011339252,0.195474905597073,0.113593496152222,0.105336855545849,0.293931317473285,0.123355231285776,-0.500930553561916,0.0743330610714565,1,0.815554373598603,0.0171298185239658,0.229593921714118,0.551035047929783,0.0956360408389275,0.538550203337773,0.0972312403373633,0.756034586496416,0.0945511850543576,0.58036941239306,0.112699964748412,0.904571660548105,0.123924964468842
0.983774631051592,0.0962777792028447,1.10191745914025,0.090601067222948,0.904534334418655,0.134126184293835,0.115377393946515,0.114476876516326,0.310456124235185,0.0969943919044597,-0.601444140970559,0.0485846109387759,1,0.961008746886305,-0.2578945361885,0.216325397917693,0.586276352245227,0.0955782374068094,0.796644656022031,0.0743231497653447,0.654306981616781,0.0822529898221969,0.666390470035195,0.108492430541336,0.754879129634004,0.112040901957125
0.930523086352721,0.10066965757758,1.09030731337045,0.0970484260269216,1.0181073483663,0.168585701649737,0.10090435036749,0.072533827693182,0.320517488233888,0.120579639379964,-0.626472526947474,0.0528814084275381,1,0.999999998405998,0.0308887655562923,0.183310607197604,0.652275140615453,0.0833486711794645,0.740848732486583,0.0856882887957288,0.820333573269528,0.0963999331677983,0.776085187891791,0.111964311340249,0.759168360327144,0.132272268894893
0.867653211693016,0.100804659447988,0.991400335076252,0.0918751746870812,0.892012161111977,0.148059871199824,0.0489829087859972,0.0670376104065785,0.0830517848889277,0.0939378419557287,-0.564351302966436,0.0617020998738912,1,0.397320796111717,-0.108095717349344,0.222266537278469,0.59914531006712,0.0917268059857265,0.70997053544613,0.0814613030723881,0.706226660868504,0.100379748877646,0.645290628612324,0.101920642464263,0.659195807951431,0.132585345676039
0.67806746542413,0.10114566182727,0.770821787638598,0.0847414980508402,0.970262842824576,0.171407500256458,0.052431498751503,0.0905442090380825,0.190331433190927,0.11801381641927,-0.558615889079958,0.0628680501313294,1,0.843858601952086,-0.102466252906369,0.211337998686627,0.579439413221003,0.0889271329990655,0.709673588744975,0.0859393189409274,0.603311784636475,0.096204923178461,0.740203825703696,0.12451252387993,0.232454163828992,0.1838801411608
1.04162928886368,0.101703610236893,0.938944537208042,0.0869341307701551,0.737747118509045,0.120125436123107,0.00832708307262242,0.017987981371335,0.0783790884088525,0.0852736831308155,-0.647115716899079,0.0496761503161532,1,0.99999999653199,-0.00837194816996581,0.19750065694156,0.717443402199747,0.0856764358707206,0.681689058426457,0.0823356095623787,0.804923860900818,0.0932799963142795,0.598115878069235,0.105462826773861,0.590457781232924,0.119390331248794
0.995281143975321,0.102413745962543,1.14013142911783,0.0961555845140167,1.05461393198152,0.161148482456144,0.113420731762338,0.0777065386668514,0.116159249435902,0.116964831676152,-0.491815895744841,0.0645295233878878,1,0.335861963470296,-0.0240674873246209,0.189838246198781,0.747441975575224,0.0761783985825618,0.678494991990821,0.0872729298415958,0.63223545151285,0.0959718909381791,0.740759034130035,0.11221680165972,0.741042365326841,0.132216297809566
1.01384294923663,0.104101161170035,0.968709418550632,0.0854548462118011,0.837614284000816,0.136835152140683,0.0977637215300992,0.060598666788894,0.286161299957834,0.09622631652065,-0.616195430191497,0.0510329666543077,1,0.999999999895396,0.22889055999345,0.21838595660402,0.660963626080661,0.0888261202492177,0.653645756594342,0.0812978879440592,0.730452271330734,0.0929611568331008,0.58921674596908,0.112990222922275,0.763578976368101,0.112515616936935
0.776894594370202,0.0877116266146189,0.881756511993637,0.0759237880945438,0.719206365988545,0.112205842923971,0.000757903004194353,0.00533407481303584,0.0233471170332388,0.0756102541319226,-0.415183029235732,0.0726611954002313,1,0.999999273829186,-0.229762235939117,0.18954847180592,0.612744987666594,0.0720446093349394,0.740056899328417,0.0720254150490812,0.394795670119993,0.0976564788766534,0.497494333368431,0.114288536459588,0.625764539735372,0.13717057173173
0.992954841755257,0.116286412895893,1.12512725752282,0.110314355146125,1.13195794046982,0.193368023594279,0.338653905769264,0.127191983540102,0.246009241792678,0.11026336790027,-0.543841863600775,0.0686070026217727,1,0.397336290512177,0.0877531068999065,0.214442383979534,0.706922270503036,0.0881681272941103,0.712896607315958,0.0866696023373903,0.690013384768619,0.102644974393601,0.800657632961429,0.114710495182572,0.57076014213271,0.144992285406201
1.06282549611996,0.105745608528957,1.15612866431731,0.0895910053180425,0.927507218180132,0.145263802485171,0.0651313891894279,0.0527384324239925,0.245784119903817,0.104717175171301,-0.621305809505072,0.0505120141721444,1,0.999999999947027,0.237022660530923,0.209917385469817,0.593085020640964,0.0851323183200729,0.678003364019038,0.0822605263428592,0.825531896380813,0.0891574253672514,0.493979869738347,0.1134437268003,0.830469588696262,0.125053882255827
1.0151104297899,0.114813737969125,1.2296638955616,0.0974399876729223,1.43100234398269,0.210164225132211,0.0333333940644929,0.0393601979996789,0.218403674483987,0.13178669331249,-0.678382463110719,0.0458960881531469,1,0.999999999883848,-0.195996505508613,0.216237119910382,0.7903973771388,0.0930933143748816,0.816859431224442,0.0773640276116344,0.797720524805471,0.0898022921907133,0.754670038846234,0.0946530098026443,0.658410843000179,0.130386698194594
NA,NA,NA,NA,NA,NA,NA,NA,NA,NA,NA,NA,99,NA,NA,NA,NA,NA,NA,NA,NA,NA,NA,NA,NA,NA
1.18674441031909,0.114088852888746,1.05256811846386,0.0887245243224989,1.13616668201666,0.179657947584314,0.0377672732391878,0.0609398728041611,0.12296553199417,0.104624112482364,-0.628700099752452,0.0492381834671513,1,0.593614571617576,0.0982796229862628,0.2062956458346,0.77555197934819,0.0845291015903569,0.780604564983068,0.0769209823813363,0.677437374939488,0.0935102645252419,0.811452643202428,0.109151856121653,0.690673192435472,0.118524988865499
1.21413625140528,0.126107762038815,1.07964026364653,0.107179546633244,1.28194471201366,0.202919812255313,0.238958985248675,0.131700003941963,0.376841275659061,0.123618466259994,-0.704627789444025,0.0373724313407805,1,0.680866764062763,0.14801050025003,0.245935197265461,0.835214975459011,0.0795880842356993,0.706328659649037,0.0862613602507827,0.767724918575691,0.10186170849305,0.697236572597618,0.112264793781091,0.793012455320963,0.115599505807277
0.958816644746337,0.09581112306186,0.944090088514783,0.0815519937665806,0.855872180169155,0.132956743734479,0.128085960469581,0.0851404643119946,0.275679196074301,0.100588328888492,-0.531216803394532,0.0595519023632298,1,0.832623710385329,0.0438968173725088,0.18448105838854,0.553966252393375,0.085934981313959,0.609070484172195,0.084872600132864,0.739439898865496,0.0800791089583823,0.788644141641452,0.103646069240321,0.560903964100046,0.153509243958022
0.962852114865418,0.109813732375382,0.995245843230485,0.0955468907923727,1.00183324330643,0.167231439533322,0.0709940229098191,0.127263551328117,0.186027650586864,0.111818898067297,-0.571088074703423,0.0613884781820492,1,0.697539633411763,0.206416748142004,0.213742533823839,0.657031913044107,0.0887056375349347,0.776671669001976,0.0871869385994376,0.710095749111998,0.105651968075009,0.534144880262352,0.123603258162703,0.788668540558283,0.132279962184912
1.06659705945181,0.125484939190451,1.08687213520324,0.111027914997467,1.32466926088169,0.242182154019778,0.249712536859325,0.164772178055022,0.320791778468377,0.158265694803786,-0.705184978175605,0.0439465358246482,1,0.557762518753039,-0.113533440321214,0.253459273012575,0.767972882035025,0.0954551879682571,0.751336497509505,0.094401188943178,0.839406363020912,0.0963135871833817,0.790939701440522,0.129512305539143,0.881005250097858,0.1317444538597
0.941807160383617,0.103202390856022,0.991061611298493,0.0802081972685485,0.94052398500461,0.146216167054725,0.0176788861072634,0.0248137590581302,0.128947339682968,0.09193904180834,-0.577361457402731,0.0632379231796701,1,0.99999999997801,-0.120973052081796,0.209144232820949,0.621690264926807,0.0861334699495632,0.706854969353616,0.0861285014315444,0.552731757656871,0.0982468335549806,0.701490281317648,0.101074191182757,0.681301899086777,0.117521690659161
0.890823426707055,0.105873392739034,0.922869338928074,0.0864220732630029,0.860612803628832,0.143797648305135,0.0387417941464101,0.0423638118817156,0.182597053762881,0.104096510037634,-0.603634421194305,0.0585958034717854,1,0.999999999474103,-0.129395000247671,0.227425564502231,0.695120900763434,0.0859811190761198,0.670244473748146,0.0872135404967862,0.612773235428954,0.0952922825928375,0.660178717150128,0.113884183799798,0.342905041463947,0.159746470339075
1.14509841778276,0.100132122690711,1.08702825751595,0.0871829537815401,0.971022764006405,0.151498708900153,0.0549233468879414,0.0447684764500487,0.230936831135348,0.0974920200249784,-0.584001800398751,0.05552804875709,1,0.999999998792697,0.177003417215306,0.210962686976062,0.58360868456698,0.0906044040152996,0.765345173231914,0.0741293121918674,0.591630421051826,0.0923859139068738,0.852655936819868,0.103349048011092,0.654373852643788,0.115666332727137
1.16673677518166,0.105259743541427,1.07967128761509,0.0944929778791394,0.870028299947913,0.133707585951624,0.0249618135069339,0.0313176773555952,0.147368531809581,0.0945935132168898,-0.599189148327826,0.0547123037577039,1,0.99999999996908,0.104609817738523,0.201644732297632,0.645712278690251,0.086305348342393,0.762280204483043,0.074938737772749,0.596951852956432,0.0937247328921004,0.757154350028585,0.105417438838104,0.775140865795331,0.117067946584133
1.00634774229281,0.101577235280303,0.947641165653253,0.0783185901697878,0.952826340426251,0.150215725986834,0.0340078664691951,0.0378698179563436,0.180009974544716,0.10413597719516,-0.607667012028286,0.0508433806160208,1,0.999999999722897,0.151931902920485,0.19474909893462,0.624605486282866,0.0877164740035284,0.514825770627192,0.0918774899043242,0.808443020851468,0.0817212194564097,0.800196808314281,0.100775182063635,0.720166894162421,0.118513845337378
0.998427661703364,0.105574047824629,0.973923153944238,0.0917216388558821,0.965099546525621,0.161399442505025,0.0344356843789337,0.0386303625866742,0.182301572607114,0.105655413056458,-0.659494375280443,0.0509384459566899,1,0.99999999994913,0.124717112917333,0.216363539571909,0.71377722994484,0.0861322924739104,0.700833862488511,0.0880708714115735,0.819177781223532,0.0928412328765142,0.535659216810791,0.126746741174492,0.647449342619047,0.127875376136569
0.949813669793502,0.102709681645493,0.907910100349602,0.0755916367210537,0.832059755217651,0.126299611717108,0.049855599119975,0.0898757682028356,0.122750441174429,0.085378710707109,-0.557970871205292,0.0622718488840302,1,0.602682850302604,0.0616566053086012,0.219354774804813,0.677350084321315,0.0841534643913746,0.540244080992616,0.092014948078949,0.603743825203694,0.0874192831342973,0.639700927600403,0.09906607899737,0.457488296664412,0.126042041633209
0.84167108003134,0.0842206142515143,0.781901842497377,0.071299584165731,0.671460191431204,0.101621164183244,0.0119405985911715,0.0163141422366092,0.0895412565012338,0.0618510283239964,-0.544937819307202,0.053775470970935,1,0.999999999999285,-0.0177370556859546,0.181510003715514,0.475465786753552,0.0806394797967504,0.781676524560549,0.074212627124955,0.544418262835051,0.0916412234741155,0.503159412837268,0.113675232691026,0.445248841976209,0.146835504977691
1.09179717096637,0.0952150247778787,0.964376928258812,0.0886752592243269,0.796901009178643,0.126916650989341,0.0226141420333681,0.0300286969330207,0.134243184585761,0.0909717815314821,-0.535636765483184,0.0620903684119327,1,0.999999999989641,0.0487406628287081,0.223371809718522,0.784672393260889,0.080083710509012,0.643726617375609,0.0861367325028378,0.719271297107143,0.0942630448753347,0.667705036513012,0.0973333710696159,0.653111885601696,0.13323311546545
1.13814253278224,0.101861752045161,1.20637098484697,0.0878014353603859,1.01948095610528,0.14540628600027,0.0473768879783914,0.0530173362962053,0.219772227294718,0.111381515707801,-0.64386920533838,0.0448871412575507,1,0.999999967252249,-0.0492375579608966,0.204664265149847,0.708981868518854,0.0821399912239265,0.859884508330358,0.0784405119209794,0.690886567184111,0.0902767768604934,0.929746312817098,0.0874276996858086,0.791494762802421,0.121055690040786
0.94586586947246,0.095490769091541,0.92604110239907,0.0732894960483875,0.795068794677332,0.122366331166214,0.0465887169153698,0.0964987972663812,0.187689480793379,0.0856267989603547,-0.535425862368909,0.0587659867941725,1,0.975207884392588,-0.0291206319829386,0.192863830481345,0.519053534318798,0.0859237849474977,0.669235610019994,0.0768837525608808,0.666205629219065,0.0896935417893506,0.494887583128956,0.109976147356739,0.668833449605684,0.112768566582135
1.22427578511478,0.120575165903978,1.19859399720605,0.0927064559361121,1.24460742548032,0.193504132345546,0.0967052509504256,0.0626734932070374,0.346929493126196,0.120963258883429,-0.651581512015384,0.0458874638053789,1,0.999999999106691,-0.020200230179825,0.255718839852937,0.79382498817248,0.0896655025014565,0.745792896056557,0.0859472359553792,0.887071863399743,0.0904736262618176,0.782363960554943,0.0966214319925697,0.705227424655938,0.107846854285162
0.870714242578943,0.104777622260757,0.953249717335855,0.0900237749577856,0.923358522363555,0.143913643229825,0.0861485136355056,0.109658253504273,0.212299282920535,0.106756777107614,-0.583660652115709,0.0558377615815297,1,0.752730393006234,-0.186210991729287,0.220821797408272,0.708370638903683,0.0820005145480799,0.679771245776409,0.0833413215491328,0.575571665353538,0.0965952252680301,0.728189376425175,0.0936245926594382,0.718916863001247,0.130800157266198
0.835258339647491,0.107886458278036,0.972184123183401,0.0810722900896166,1.04104286373906,0.166563587566572,0.0474492909988421,0.0406350808558271,0.222253786837727,0.0998400802658626,-0.58189687903967,0.054357252280279,1,0.999999999796416,0.0740568762101728,0.221070659392819,0.615673587203962,0.0832643575433534,0.749570686497303,0.078393306949209,0.68129260160529,0.103844827521214,0.492979029944498,0.126751247025454,0.673894393030126,0.144713816336171
1.13936945811673,0.119097212644617,1.10716871768402,0.0982844700255005,1.28716888492341,0.204088979106686,0.0167857285149065,0.10367513718464,0.146989354485583,0.115879485217646,-0.656814791462417,0.0446919825266739,1,0.999995438236945,-0.0713035123616535,0.174883012765119,0.747462601313948,0.0884656165949138,0.758558334721259,0.0821113573605107,0.65825866246557,0.0966824993920753,0.752548055530207,0.116219197977381,0.717917947611798,0.142408752621535
1.00511978908815,0.101246210986421,1.10273203130839,0.0813735209884976,0.897961534818512,0.130204098245798,0.0555124617688549,0.0684953098872856,0.216014681418951,0.0785193670164205,-0.574064935228385,0.0499560137062907,1,0.967518234130992,-0.110813281356642,0.197308670828054,0.685658732477281,0.0787778162646894,0.730984336289008,0.0794984865574428,0.625105704047483,0.0936017267711261,0.61682467802663,0.105092291764741,0.829664054725019,0.101629997970725
0.942473549142777,0.103379396531075,1.00881073479799,0.0942640993800023,0.99646948681877,0.171629779824082,0.243618281404522,0.135337414867001,0.4467022928481,0.115081690875039,-0.597284622223131,0.0583330497734811,1,0.906632413655618,0.0232718809714379,0.226509617164206,0.807263917986683,0.0864949490784438,0.716594673725661,0.0986080062003674,0.671157488998999,0.10832392497026,0.786427287352748,0.107807286350308,0.806578780362636,0.117704440221787
0.84829203422638,0.111756616530881,0.992516604289675,0.0856868420432061,1.16344980892056,0.187477312244618,0.0498270602244827,0.0453221987801466,0.240772265110189,0.113875947019087,-0.560615001899554,0.0583918736896591,1,0.999999999560502,-0.297158588235149,0.209941816540942,0.739135970443952,0.0789314899366466,0.618677656664687,0.0919397318399116,0.760404167573497,0.0891227283753256,0.728779517543552,0.119179413382469,0.632891701809436,0.129592224138254
0.903449176667949,0.0971489315213242,0.998273891178927,0.0807396872378888,0.923917581322316,0.143448287861316,0.0686226311198493,0.0987050858693171,0.167873851733676,0.0995001056134429,-0.64156729626139,0.0421754098483563,1,0.666703532968375,-0.191028959896276,0.222887354800142,0.743581423003401,0.0807952878949179,0.597259895183442,0.0825245895715115,0.779378696190657,0.0851193953886096,0.477524632022289,0.116605877215717,0.76588504788929,0.122150338791659
0.838856419144069,0.101675539718625,0.977367651450507,0.081905400815687,0.947651528780411,0.150524248807762,0.0308873135845729,0.0380270059873151,0.171085972247012,0.10706682501794,-0.447344695816585,0.0685994629534268,1,0.999999999340028,-0.184675853453247,0.18871256832005,0.715065563281461,0.0835760341300411,0.669453787223604,0.0801678191382912,0.628220793018001,0.0959208596281192,0.493796717358881,0.113788399341992,0.73581353162397,0.130023482675948
0.991316582885864,0.104572996049912,1.00893258024325,0.0814388795203766,1.02221397459112,0.167892003290449,0.0605474890043198,0.0478958304323081,0.248782011664057,0.105711464364049,-0.557742691281375,0.0586884107725439,1,0.999999999523343,0.169125913593949,0.212096006757934,0.699959000578274,0.0804854602542087,0.747155502318029,0.0767759589582967,0.539167405894516,0.104841464176716,0.730194130103198,0.10130197273541,0.693281309128555,0.121948570733526
0.983785765574608,0.0985743026139084,0.970346252727202,0.0877470013010974,0.852827885881269,0.134173867148148,0.0597601769788389,0.0499324678121956,0.225754613176597,0.101219136996424,-0.530352755443882,0.0619005511577772,1,0.999999999781826,0.0487572247709106,0.199610604656697,0.701851844620772,0.0804215136718936,0.555863494337138,0.0844291654788549,0.506291154826208,0.101871222082894,0.551574910067739,0.109437716731424,0.595675937210357,0.124312894812266
1.01429665796959,0.106754810957724,0.986943885822245,0.0981710080939638,0.926758405783964,0.157432081231489,0.0161415689322904,0.0905710523497719,0.101161880112061,0.0981122683045605,-0.651484114564526,0.0468434695637366,1,0.827105202848171,0.223899634061781,0.205155170170644,0.646302817324813,0.0882792524271761,0.673630982089075,0.0856475989704905,0.622672056750232,0.0928423837499409,0.756001379171518,0.11156828089585,0.772948010974389,0.147441252549913
0.94684240615248,0.108363942423155,1.13250979450727,0.0974207271011222,1.08574145835525,0.185436019659948,0.0854231878527058,0.0956060606396618,0.229294350082977,0.116214188925964,-0.634703206744375,0.0533357108958587,1,0.752908596238297,-0.194806622593375,0.21560279617199,0.783161377925238,0.0830944989941528,0.649339630018511,0.0952499541837658,0.768299160660298,0.0938040351741312,0.704901025790308,0.12672108467405,0.688238868299569,0.143529807634392
0.837393308756456,0.11062660398595,1.05698669900799,0.0968151068135381,1.14471428112862,0.188005937292481,0.105436430706826,0.0841388003384255,0.347411266341669,0.147949209612359,-0.60422774655398,0.0554017359057383,1,0.999999999999129,-0.0488655585599629,0.227489601505582,0.706352174233482,0.0891973431522345,0.763215889369315,0.0874977534619187,0.630885078722726,0.0985119926039951,0.800589938853361,0.0985879423045772,0.645837450886019,0.118524816716612
NA,NA,NA,NA,NA,NA,NA,NA,NA,NA,NA,NA,99,NA,NA,NA,NA,NA,NA,NA,NA,NA,NA,NA,NA,NA
1.00054917160528,0.104640013957239,0.99823737427361,0.0887668380338924,0.927973224099652,0.162270747216711,0.0701359247639309,0.0638880871089846,0.255116160829496,0.0957516872179589,-0.549087877056263,0.065094310465681,1,0.999999963800659,-0.0506111790573149,0.20259240031234,0.677573221476156,0.0836757443714867,0.623397058771917,0.0847459182304749,0.742187701915251,0.100546522335413,0.759957648099621,0.103964988094014,0.553817481000087,0.163689286380071
1.03960934566686,0.0952689479039232,1.08069620420565,0.084965874135176,0.774340495728725,0.113381948118599,0.0295411915998626,0.0371863446018785,0.151244639038388,0.0965437563814256,-0.569592561200916,0.0512045423200502,1,0.999999997595564,0.123375047581859,0.191459529909651,0.629799285262546,0.0814553915779093,0.71885076502543,0.0706561056082301,0.62936852388222,0.0874134007663815,0.807665591760426,0.0974505607960539,0.681615444802015,0.11396665241989
0.835882800769773,0.0979490476836425,0.750597005881138,0.0835782993501291,0.777606478047882,0.123851829820889,0.0917668991577398,0.0644584676093021,0.267130184091599,0.101531461567069,-0.410777141539791,0.074875989163974,1,0.999999999981687,-0.0807113834990055,0.216446198898259,0.540143626817865,0.0767783891902765,0.653267121687849,0.0802350320322247,0.687375446113657,0.0950023607172044,0.592037038312938,0.10682379573753,0.570627089378255,0.136972839038239
0.917923416613099,0.109966986606039,0.948954578340909,0.099401438228029,1.19301109202107,0.194012171412697,0.0664439715743626,0.0823705530512876,0.232963395848672,0.13375250111221,-0.550300573393486,0.0594220897351562,1,0.827442179518368,-0.0168525282699922,0.226895408754587,0.686516378731303,0.0931241450642877,0.762410104288793,0.0898352722891706,0.697145773718913,0.105571279723575,0.631394119318102,0.109692946936034,0.676607700386434,0.127415668849358
1.08508991531839,0.124508343574996,1.12743342255587,0.0926027820992267,1.37200795590681,0.221726014748341,0.077887307292042,0.10378360776277,0.189841531961978,0.137865570333724,-0.608539889470872,0.0536888110734326,1,0.580737098097085,0.162771725261557,0.232444422265279,0.644899520977398,0.0947545631475588,0.85476255968123,0.0880296470201911,0.733207372962369,0.096054444256129,0.792813951241501,0.0947000352856183,0.709672184424377,0.122261855451536
1.00455413364231,0.116550715484857,1.09541816215256,0.0901244786941559,1.08244269409143,0.172298294958628,0.0183736345389,0.029042018215985,0.14102626050548,0.112156658787897,-0.656368638009615,0.0504245340527441,1,0.999999991995869,0.171442515623617,0.225588179694663,0.718845885401757,0.0812268439693881,0.674559305383224,0.0936144843135761,0.654017217525138,0.0974788900859976,0.819654076231925,0.104633261315296,0.582624857216979,0.132503997244396
0.916627918534432,0.093213669022388,0.917923018141018,0.0837503752770784,0.736322697009412,0.118613765165229,0.0681002626507271,0.102757353279625,0.16353418641224,0.0887235775928739,-0.557589052663077,0.0573658065422561,1,0.730297926110451,0.0421064472356983,0.185141447392846,0.503111143230057,0.0899270605318639,0.715180164043532,0.0823208052011648,0.56938008316685,0.0963725963285555,0.641232205792719,0.0997514052050707,0.735255751824333,0.112211685324642
0.983770876754721,0.110080583770696,0.993742855807158,0.086066416042975,1.03952736196081,0.161316531379322,0.101776215127659,0.0640497619817334,0.325267827771495,0.108835958121418,-0.56992002594809,0.0534727825238364,1,0.999999996980963,0.286638216758784,0.219515011767579,0.662969913919202,0.0851840045044702,0.642846966346239,0.081965401775671,0.651873574479311,0.0896950582904005,0.712691277947174,0.104211441204476,0.627359855165116,0.140285109030471
1.01145508013631,0.097358475620629,1.13549517703906,0.0898513558292647,0.729162296761291,0.114507159075464,0.047310602390756,0.0430457596170126,0.185733969695519,0.0882377622087503,-0.569863669244257,0.058286736864155,1,0.999999999977567,-0.312999527395634,0.21405658232502,0.726385262816531,0.08174742335274,0.784089824661928,0.0781142221073132,0.507970465928421,0.09578260546577,0.745516078123769,0.100963232292589,0.627585359470271,0.126550189585654
1.00581428857682,0.105963762224389,0.959914113069043,0.0878672133088843,1.01319100932343,0.160000868667591,0.0535848084080811,0.0597175649229343,0.233005666777678,0.110621352169331,-0.533810141896166,0.0639830028073202,1,0.999999950592066,0.0477874519202759,0.212278070042351,0.642676050853041,0.0888321046132626,0.625000138123594,0.0911302225687174,0.623070358049417,0.096187372045622,0.741913343361186,0.0936692961726558,0.671516121633092,0.121081795422377
1.11623091741061,0.10116156740898,0.946243665769473,0.100886702129041,0.820174060610394,0.138359992371977,0.103084002538441,0.0684885701244391,0.29076936724589,0.106571377204526,-0.560332158346232,0.0599206967081389,1,0.999999999897394,0.0466951220586473,0.195230314795889,0.737965192166102,0.0883350539985073,0.676369941654238,0.0960997221129578,0.625454780267672,0.0945912283135142,0.65420884664932,0.104798133303629,0.745774759341614,0.108096358702132
1.09786054617435,0.102859913991018,0.945389706066597,0.084544993098541,1.04061793625335,0.160920358203156,0.0769240336790267,0.103652406575351,0.182603300276498,0.09395265084698,-0.553465832690045,0.0653881825388455,1,0.645404433235166,0.209993150443787,0.182748933472053,0.563381686370715,0.0940639944847809,0.677047615995205,0.0804713000746789,0.54585345015488,0.103987046545145,0.702075440849322,0.11436215627153,0.658832102589495,0.116431301902556
1.04952962424816,0.10344729942853,0.994421404606648,0.0869412574637637,0.991992197111582,0.151248290457836,0.160416649386184,0.128196821827426,0.311190449178302,0.107764874067995,-0.512390042451742,0.0611550335034676,1,0.780094850260856,-0.0710152553029157,0.206764324952466,0.617923673669763,0.0916336875991358,0.670251961980062,0.0831945600901423,0.779817058036033,0.0833425148792393,0.645574010177774,0.0950516555999195,0.851028493695551,0.114268590146315
1.10963769729874,0.119060457858841,1.03779640344361,0.0906475819290186,1.14221960540993,0.184246588709056,0.0239382392843343,0.0913864837733839,0.164651992073377,0.118920170993788,-0.692267411293003,0.041951669783884,1,0.9957402954279,0.164959844636488,0.235181512126114,0.686257401351258,0.0904651491424746,0.709943870770147,0.0882723080953423,0.760933652796821,0.0982888869250318,0.6874320012563,0.11332889689321,0.658795663222219,0.119458868160251
0.913451514043962,0.0965833111898837,1.09948454512782,0.0877872345283905,0.725196451214982,0.114100309690592,0.101570963361975,0.104794166626829,0.147600066876446,0.0845558625520564,-0.65169185888838,0.0465265655168837,1,0.54384348891531,-0.261112051653442,0.214118038846078,0.592759146111426,0.0817803876791189,0.611938327740653,0.0804032701998544,0.750835980564321,0.0828948324545708,0.79659915558281,0.102855679414454,0.486262719451556,0.154018738309082
1.17514146184624,0.121284293430994,1.14097563379046,0.0940605688262006,1.24458449209319,0.200716669239039,0.067739343207632,0.0546767395450734,0.290357255179499,0.124683556352814,-0.597807873537168,0.0518300035365042,1,0.999999997476942,0.117192140919024,0.194976355036086,0.791508512253711,0.0821406414073781,0.808631462358634,0.0796427802092404,0.739580446019123,0.096835386946746,0.855690657966508,0.115232570482397,0.893780865409915,0.118425778815706
1.04319510967378,0.112040304680354,1.07298794723128,0.0926208415518959,1.09413672560472,0.180289782629743,0.0595694245891661,0.0935838895859094,0.127300773750148,0.104743232250838,-0.656558831269678,0.0426494263622944,1,0.498635900028614,-0.0146727070131683,0.226528350114473,0.747867959053579,0.0873503320596278,0.716129024515396,0.0864900808610256,0.906957014377512,0.0931118528833283,0.689598746739533,0.102995793805249,0.9480836971379,0.111771371948446
0.94029878248797,0.0951237267733113,0.928341937343385,0.077850398427656,0.803248901384246,0.114742162036531,0.00905117791356734,0.0198887235174971,0.0852663375207817,0.0920157786592322,-0.602573758997539,0.0429921804775189,1,0.99999997241546,-0.0629025030460709,0.189125795406912,0.775774122737331,0.0700357500875923,0.556218113405053,0.0778305900496877,0.73696456497994,0.086735366722218,0.633351004503251,0.106998981945468,0.599791523420718,0.130367646512084
1.02872578422786,0.115566092923822,1.07586173089724,0.0815124294213316,1.2235303320162,0.195290174316663,0.0123222693158192,0.0251647788092712,0.122787093235163,0.126289463174566,-0.592347572538301,0.0554610780468723,1,0.999999999932454,-0.227784908917149,0.225820500706176,0.716805942968177,0.0927356967265279,0.706130903587051,0.0833633396924695,0.638463792114271,0.0997693062912013,0.694671381151618,0.104839417629052,0.694188854537999,0.11398753535873
1.08708264909289,0.108516084189742,1.18400895647475,0.0911539711563171,1.10986667469211,0.173874010855327,0.0998365325390177,0.0613655251144457,0.332874211045026,0.113057911444648,-0.614121252988409,0.0546611485324241,1,0.999999999986365,0.0109755773097318,0.204609183367705,0.758408099526303,0.0811943701703901,0.708079924342829,0.0826810218122746,0.649665400219947,0.0963881761810732,0.925721639373527,0.0840534426247243,0.750774829225527,0.131991642550895
0.914774831668852,0.103264473938889,0.863413632091428,0.0767676101995039,1.03059458491097,0.157750247209189,0.064233391658072,0.0743237023844962,0.164468006422143,0.113916232296436,-0.550685359323802,0.0607511110707064,1,0.639229888294526,-0.125029664408956,0.231302695144611,0.832412043896431,0.0808114557747344,0.649213075459968,0.0810804550930098,0.623890961489395,0.0941072828429913,0.731119836323381,0.109617563715381,0.642068734782319,0.145943280189471
1.10473594517567,0.124566237021028,0.966537728967663,0.0990278307790398,1.28215763698456,0.215035099752329,0.0146986516157072,0.0589364502798346,0.137280437949508,0.133597511540469,-0.64884486789785,0.0533785001489763,1,0.999998148706538,0.100782994777874,0.248360663529191,0.8753970880067,0.0854805389336803,0.793024684671601,0.0921781150690675,0.512501977014237,0.108744483685134,0.707577280231706,0.116150337932301,0.662422297484725,0.129589322115149
0.882912939692209,0.102986403433997,1.03613576287251,0.090574738349869,0.977774436845341,0.163587650936583,0.0323683287089737,0.0565185643773547,0.1779014201348,0.12111077165468,-0.564187371957961,0.0624562691687664,1,0.999999856408013,-0.158751248530141,0.208175881589701,0.730220256114293,0.0814747640275551,0.557179366062743,0.08518519320308,0.634543823568742,0.0975077409396738,0.597380523214893,0.123534748256724,0.431672792800599,0.147961402621096
0.892228214612357,0.108145990478019,0.954186816496556,0.0845920870159865,1.14240235352977,0.186012450132171,0.0896209767557785,0.101557100607577,0.258182233547409,0.119835199040131,-0.601142875942812,0.0549211229766885,1,0.806885614183894,-0.0172963803648219,0.20610875385415,0.735056085189599,0.0862930128964149,0.596810039787597,0.0853925327980327,0.765794796107015,0.0958768242801171,0.55830758114759,0.128638658561652,0.610987414079896,0.137889340808958
0.968416848425774,0.100388651678547,0.993970131607883,0.0833446479555487,1.07360926181631,0.174435330699763,0.11157546647567,0.117019478852399,0.323338538588727,0.112625718387235,-0.575580797096882,0.0603405182557109,1,0.934221785934795,-0.510650934211719,0.182947563732869,0.740611685626627,0.082104481931029,0.768062407876476,0.0848032467417687,0.691773484912525,0.0970854181805545,0.655514490349548,0.109894987629225,0.567586791967313,0.128697976678732
0.974707902126622,0.0990108488148962,0.914890978128157,0.0883754234373694,0.793563322102463,0.125567752099481,0.0709637205165603,0.0558740036301115,0.237306141497602,0.0946854617547451,-0.506636392360967,0.0698088479659263,1,0.999999991037854,-0.331295370005475,0.193989468951023,0.74270963816883,0.0800526427161198,0.679248008451155,0.081719480823572,0.570782004637184,0.0880462963733068,0.659443169454351,0.103803937266911,0.707990172573809,0.113159397969484
0.97631504654764,0.102325606264793,1.014578613989,0.0852705586142173,1.01335936153883,0.163542820158754,0.00544865471776379,0.0167553590663203,0.0743064150113201,0.107192687926861,-0.616213570864505,0.052583265570698,1,0.999999823035075,-0.216409831582697,0.225279911106403,0.698980537886214,0.0857469974124364,0.674653374484202,0.0870656252058623,0.74181278445462,0.0887826130018581,0.608494574104798,0.112133076638459,0.676243662382936,0.122833525061838
0.846189099021666,0.0957500781246158,0.894987035419849,0.0835152124615172,0.858926867293752,0.138480492977879,0.0244943564716037,0.0310267043505688,0.14504778762409,0.0941291841366441,-0.492337020861213,0.0724421922800002,1,0.999999995819928,-0.225535427746504,0.183121355862858,0.547522330607894,0.0925057615884313,0.723568141978674,0.0857951269959801,0.668231657884225,0.0969038740115711,0.700176339361819,0.102594329445112,0.304315989264666,0.146485424670858
1.00846999479224,0.107041118082216,1.15121478017116,0.0964986560723157,0.959484679026983,0.15667627811063,0.0928952312388386,0.063298575668083,0.298549076571175,0.112573903935842,-0.599580573867573,0.0557286406897664,1,0.999999999961667,0.0265408883062095,0.212469711329094,0.699785529908081,0.0863171539135232,0.709535495405563,0.0838131391131883,0.519395844872427,0.104749003023893,0.706852637391549,0.107666796840671,0.802696101185684,0.116586001732701
0.956451911135906,0.115224266316641,1.1314690563952,0.0903009023129925,1.20552101195002,0.190621814922264,0.0554872534101278,0.0839579338828945,0.236994214850392,0.106004726628618,-0.578666921339557,0.0600736885639822,1,0.91633386810014,-0.217716922460114,0.21725920570724,0.805341544056371,0.0804603867421259,0.745629586946848,0.0841874551468163,0.693252741525953,0.0886155840180833,0.673341580771603,0.121557197938922,0.827273473183223,0.152294728441195
1.0415465720797,0.121225315933243,1.13524152833194,0.10106265543831,1.30058806169516,0.208761988640272,0.28977047029291,0.161152467924352,0.426310976396025,0.132866231878337,-0.638555650746318,0.0502367173010101,1,0.694431752200415,-0.118386366452763,0.212519075709847,0.753450579241088,0.0825848166988653,0.844923298325324,0.0788643100464377,0.827785453090654,0.0970001487106745,0.771529758067164,0.114342815931958,0.640896377536713,0.149549278751058
1.02874646448714,0.102526680967664,0.961342959390767,0.0998490966586975,0.97067022943136,0.151493759922199,0.2486969359988,0.164660186994574,0.235281392923079,0.105243390611741,-0.619784092334228,0.0460053544030437,1,0.4788687648963,-0.0303384587155428,0.19636640816417,0.802334709157142,0.0778680445812007,0.587375719410021,0.0908839607506995,0.851701747365732,0.0934172523018904,0.639045551358085,0.112885325324684,0.666923534522231,0.138615673979637
1.04470119003497,0.106492733294659,1.07948140211199,0.0864888147055786,1.11625788524607,0.169991567859511,0.0233206979050394,0.0284421635059687,0.161344082398401,0.100514103375157,-0.583051433619564,0.0591349859951638,1,0.999999999981565,0.0584706431411218,0.175955198474538,0.786383149382915,0.0730886842531821,0.691098412794665,0.0832044702789418,0.739025287379085,0.0911737016875236,0.793443703533696,0.113318709552726,0.663228882253698,0.135190807346699
1.15395936608455,0.118230407512645,1.16828001145183,0.0938911295690407,1.13484926959228,0.179479818013502,0.128668483389079,0.0806360048340717,0.382124762802347,0.129020347118381,-0.634972027178846,0.0508820395020707,1,0.999999999839429,-0.155129304532043,0.229895404200892,0.825398933444582,0.0845530869543304,0.749701875077815,0.0908693954934329,0.651967519523228,0.0927950251799988,0.953403070390613,0.0874784280689617,0.423990616071838,0.133204942016267
1.01383926939255,0.102567587609598,1.08006266322487,0.0850773858628212,0.920041549694233,0.138182005738807,0.0437984588285196,0.0399943753494433,0.20073963704254,0.0969678689907734,-0.635014590378434,0.0472214260090762,1,0.99999999931955,0.079164255607084,0.205435173902287,0.734313984997,0.0775671063216221,0.598208665359323,0.0803537313127117,0.674912096353652,0.0890108090268144,0.46941658725159,0.11501122820196,0.588609785048599,0.141585908861496
1.02593675124314,0.112349956609935,0.937195623324566,0.0830871542798207,0.99625719582683,0.147215536295796,0.17417331854873,0.0813813047930199,0.416559025707671,0.110506306884324,-0.58652386701668,0.0538637508870889,1,0.999999999923104,-0.106795977981088,0.239934675390821,0.649395148367448,0.0832448433030332,0.633128767018728,0.0821117892389006,0.743512364181018,0.0813862583007508,0.678275018584329,0.100772356659195,0.931909977472291,0.122887140614977
0.954826455169902,0.102218446088489,1.03163060655837,0.0880448380959377,1.03599210941083,0.160242600855293,0.0238802429039766,0.0311984237558983,0.157288725623388,0.102672103605936,-0.565613526108995,0.0557492880784097,1,0.999999999775577,-0.249412667405889,0.183300198000046,0.854057969390845,0.0764343163907764,0.526450798126513,0.0906338569146336,0.652701386743831,0.0931593104651369,0.620072057873368,0.11228481194553,0.684800808265723,0.13485616637428
0.991877172634257,0.118692346076406,1.10168871671546,0.0993865952018112,1.51193809548658,0.247629581690214,0.153596291150856,0.116788317481294,0.456278155539395,0.152534998884046,-0.627520859868794,0.0543527794451525,1,0.946830649444524,-0.163136630602156,0.214965484512309,0.817073514998831,0.0861948351507146,0.677094849066891,0.0895249893765255,0.684227429948107,0.0965156643785159,0.693842347817398,0.107353639524125,0.785412457292361,0.139489406419604
1.00922641458338,0.10095169446707,0.962455825063782,0.094534763105753,0.756672004442921,0.121557435207265,0.0981368819682862,0.0938107902668223,0.128788478253018,0.082094563260415,-0.532942147763053,0.0626141052593134,1,0.472614509911194,-0.0632306944354282,0.191404759302412,0.698950333046196,0.0847854165524212,0.567650636608786,0.0934861212102453,0.748338933100395,0.0924398862244963,0.692598042765675,0.095640202704453,0.522837897421006,0.12385364585919
1.06904093170124,0.112739990836454,1.1019943776799,0.0877579447286779,1.07655555176883,0.173530157565407,0.0641714576794406,0.0878516032798425,0.243874962138448,0.102579136483691,-0.632063465188756,0.0443012913293878,1,0.927850572869865,-0.00604792359352483,0.214455849434845,0.764867576643667,0.0844272231334899,0.774849749715175,0.0855071884886725,0.704440340520124,0.088399820606412,0.884466687067656,0.0989012730361229,0.527311581107808,0.125188259496747
0.893990589025841,0.107472254744273,1.09105149953729,0.0893645369218137,1.11483943763132,0.168864087388502,0.0822073391749021,0.0590969550826826,0.302734180056519,0.114879885306675,-0.636852347238082,0.0463163227922284,1,0.999999999997696,0.0534825154598516,0.216707552162045,0.713415479615183,0.0798144093686779,0.757264607416274,0.0794363183208648,0.615934833788462,0.0917442253140274,0.745487334610709,0.110884142264008,0.688412800236156,0.143773732120065
0.990050522330914,0.115069787527403,1.07901753702871,0.0863513349024282,1.09030105428107,0.181559005929575,0.0348828849543746,0.0800051951248532,0.183518299294202,0.0986860596306627,-0.587474991098662,0.0550275258672356,1,0.941022401262122,-0.20344729458707,0.22932364862717,0.849002231432276,0.079198196880234,0.618526015820229,0.0879500649009325,0.709378519798453,0.104567631516566,0.762283408968393,0.106894459196383,0.582740504281781,0.122101030980727
1.04326541345145,0.110647638685437,0.889777797322368,0.0877537994830925,1.01604555581692,0.166651367463407,0.0545166744384989,0.05545373051827,0.235353828626223,0.123584057947029,-0.60977562812966,0.052878272097417,1,0.999999998807279,0.226069052609012,0.214244531118413,0.732560863576689,0.0841503788935933,0.55043148002945,0.094197987569821,0.718346873755069,0.102327580712122,0.742428181383203,0.109739253296634,0.705793511230676,0.124473917982475
0.839166253301322,0.0993931558380308,1.00593996176169,0.0881127718455861,0.984326339656449,0.152511581636568,0.130232439001846,0.093723971116961,0.277029379472797,0.109966310274764,-0.458934010341566,0.0791202935092248,1,0.773742921367323,0.254575591771037,0.227831261500973,0.60428698560499,0.0906156141815651,0.504285684340777,0.0938770092219625,0.62452163612603,0.0945900373165586,0.738782544669309,0.0967744914635802,0.822787154964764,0.110021253818825
0.867965955116766,0.101585311349999,0.949269175454945,0.0884091966601521,0.855487423226176,0.137697345284739,0.0530410021452144,0.0759508375989072,0.199514769259727,0.0873535655412432,-0.615260675161867,0.0550731718668624,1,0.936617731136794,-0.272662571790825,0.194324985290006,0.624369775991521,0.0790624867985543,0.668214366934673,0.0829950437584759,0.603784500425453,0.0923244292025567,0.666338336921916,0.110552130963678,0.5758597117411,0.139004815728751
1.2584324777198,0.110173178686335,1.04988095120072,0.104255584231855,0.975228562629506,0.152589208664022,0.134014408128255,0.118615746884402,0.251977901066297,0.121641970962205,-0.68460511723391,0.0419034717234887,1,0.69700116091092,0.240631780506546,0.223507608753804,0.731749624088637,0.0871548999687691,0.816551797380937,0.0812971974861125,0.745434282969815,0.0916534043434468,0.743906814835001,0.116636240132878,0.705699560778368,0.138715713699833
1.11592138811785,0.125435226273804,0.968670371618065,0.0895058148731967,1.44581640057352,0.238869514103109,0.036630610524443,0.0421258380447068,0.230132860786752,0.125930874573618,-0.670980878429003,0.0438219878329419,1,0.999999963696342,0.0501384633773464,0.23126735214032,0.811940561541767,0.0808637704568212,0.891813572576548,0.0866675785817047,0.746075117708197,0.0932522206386975,0.694768247951608,0.110486572436763,0.607922992561261,0.13483621777992
1.03853288544772,0.113015037007624,1.05692079154765,0.100004996353577,1.07148487273794,0.171436134253286,0.211125617973047,0.122714596242957,0.109439077151251,0.114886264927339,-0.599586197996115,0.0526518734567565,1,0.230095928127055,0.0161316205963759,0.22196910763875,0.74630366673163,0.0887202889064693,0.710142850016887,0.0814474085178916,0.688447889884415,0.0900531124063248,0.880141369894165,0.0970107685008727,0.465396686949998,0.138837843656426
0.831179404078798,0.10059535833379,0.933622416883071,0.089852131765107,1.09171658182339,0.164881712419043,0.164782269679709,0.087871846548441,0.424140939024193,0.123064902467078,-0.61639301829699,0.0491926441716676,1,0.999999999879078,-0.326885004014615,0.208373631034711,0.729783049708623,0.0808507540620956,0.644876675278756,0.0832086795657282,0.692526505027234,0.0920005205363074,0.697705332305288,0.104063004776148,0.681236353444455,0.124109997011796
0.919192694969946,0.0923411463374217,0.800887307070223,0.0773191355859422,0.789504074783351,0.12384380226438,0.0265172080959832,0.0301625447989212,0.144690856098036,0.0854425914848627,-0.568906159588646,0.058617974335806,1,0.999999999874033,-0.204484879282918,0.1876134509649,0.679641589704062,0.0812659467097241,0.597393210235422,0.0845801427053405,0.652930078935307,0.0845003891665646,0.718945392248011,0.103151026051893,0.543407374667681,0.123734164187751
1.06137518966151,0.103935590267552,0.940206930702411,0.0933556768151133,0.792778783856654,0.12882983051426,0.243777950674588,0.125541746656525,0.426544944311449,0.117524237299057,-0.548946592354378,0.0614317307811661,1,0.970267709477943,0.238371993746025,0.206356359317384,0.554207476589266,0.0876176678053338,0.488697524316938,0.0883786366449704,0.791359297745708,0.0895465695418075,0.556604045435617,0.118421312936828,0.664879570092056,0.117886283841858
1.08557444908376,0.120077402103661,1.21443507959862,0.110109782475999,1.26480371171503,0.205698021347994,0.220928731933318,0.12690302882285,0.272151890377359,0.128458381803763,-0.634500173746077,0.0585842907016374,1,0.51484166916529,0.00202617989798314,0.20811309993557,0.752663262963173,0.0865727447522688,0.793125020916206,0.0946595283465382,0.781216152449548,0.0931029226025435,0.962019776188986,0.103261186262346,0.714460299664658,0.146669230691633
1.03424872303733,0.0973653818089131,0.955732268194517,0.0799278477190299,0.894673439540358,0.140769659275168,0.0388281555577486,0.0600015686349665,0.186382697328895,0.0961335953749545,-0.482394109694575,0.0645369129534856,1,0.99999986153317,0.0229471000650589,0.184479219644271,0.633061447593579,0.0847410364085263,0.666064573435831,0.0772363936769555,0.605236816924132,0.0910060797256782,0.758659986185026,0.102105572606043,0.428425420228738,0.125995178616257
1.03240343541409,0.107689352485256,1.10517985938349,0.092420751913658,0.941533277445273,0.147060218049831,0.0832404399733821,0.0714715148064524,0.279952931830442,0.123049039481074,-0.626954802377895,0.0520512361439758,1,0.999999998573086,0.0565051114068459,0.231549542732769,0.748918660814544,0.0879709609073172,0.760648194774685,0.0813017752225786,0.632199721075449,0.0966518813431688,0.655978119957473,0.102624767983968,0.873779360117202,0.105018970918156
0.896109853672493,0.103666177572074,0.994818413059101,0.0876273553812184,1.05402931995784,0.160533423819798,0.0894290307042728,0.096344175882015,0.267558800013336,0.110535106351283,-0.606886189779113,0.047092319593099,1,0.87147238890328,-0.168911354121467,0.211414208731658,0.659346886179649,0.0842201449971937,0.561681881937037,0.0883592388324492,0.623604296862157,0.0939269778809017,0.642381807629903,0.106940217432608,0.625232722193108,0.114980362133751
1.00239283632837,0.102942793460897,1.06852664758046,0.0833671507330516,1.06383141083256,0.168341097350934,0.0459721404809165,0.0378453751407579,0.221148381796106,0.0916871607026252,-0.560840730523004,0.0606601963274062,1,0.999999996976179,-0.216292895433012,0.19411059810435,0.889345002023456,0.0770186953969167,0.747706094351703,0.0859926053703249,0.801941065922862,0.0911974850220252,0.808314332708052,0.105452385266353,0.649700147978452,0.140008672732753
1.04558557582201,0.107054524828398,1.01755339047002,0.089028647474803,1.02739866188154,0.161285158134427,0.0426220012189792,0.0706756532354212,0.148843944878661,0.117194065954372,-0.534649919941031,0.064781134059767,1,0.711286810115601,0.0681276628550511,0.216249891177904,0.616637405429657,0.0845645856075094,0.877471394096683,0.0725344350345828,0.627639570335265,0.0985294370960516,0.597141999179518,0.112655262003264,0.378458723479015,0.159982537131464
1.11676138072999,0.117310088862431,1.08106621164022,0.100020922537295,1.15054675417786,0.17689529805255,0.120917772427259,0.133081220826771,0.297042564197633,0.128057651063652,-0.696144105551081,0.0425415921608193,1,0.796382082630557,0.100855158873791,0.238966162436842,0.694751982812912,0.0929921165069955,0.794263746475546,0.0840752668731181,0.903530705798101,0.0840455987613205,0.738712187247423,0.108158735545927,0.640417724464251,0.123570289502591
0.830217776241209,0.11309255275835,1.02545349401407,0.101097981219475,0.987016738601263,0.165914164404559,0.0662468027704808,0.111409547807218,0.128003256207257,0.0876225511351332,-0.637489176413924,0.0550592323790646,1,0.500583231033643,-0.180977236656214,0.223603384063807,0.515936388746303,0.0999569697060082,0.738465432720337,0.0862260861292488,0.696558135247705,0.0980744499510406,0.672464151904252,0.110500755595267,0.822976474057614,0.121608142855354
0.800857201104532,0.103579151189142,0.941275281614872,0.0872029541050461,0.840606976446134,0.135582964017303,0.108846813653855,0.0942743886213689,0.0781014371915804,0.0977067492846397,-0.531172986399372,0.0637740795256635,1,0.258199068162672,-0.253338511117953,0.244030366867616,0.572825182186787,0.0932731903444084,0.747031435576916,0.0765549707594711,0.736472316257966,0.0864944324467319,0.680097885759935,0.111291185807376,0.586463954421345,0.14772256490324
1.15268281583901,0.113979295903109,1.12967409738734,0.0997799349957882,1.12887051931434,0.182724100578191,0.0881585898867288,0.0553380461371378,0.315467324990236,0.107706789586205,-0.622734181191312,0.0502919213186509,1,0.999999999944953,0.0841640874036176,0.20820727097235,0.814943060225095,0.0789868415180208,0.696176969458329,0.0855520693380277,0.875877777842824,0.0892787452674424,0.63373860016462,0.113394592495937,0.815996888442482,0.11967831499221
0.944792936333072,0.124424124440137,1.02592028874016,0.0922776855295983,1.26719971694251,0.201910296350671,0.20702766430798,0.112852109911538,0.311799815079739,0.114407722070359,-0.596665252183815,0.056680089432882,1,0.608750216181646,-0.408998488934333,0.231588754434134,0.779624359369175,0.0827509906214871,0.678599299304317,0.0936037932484128,0.702612014767961,0.0926721718046333,0.905790775819381,0.103523170226645,0.6905724641533,0.119688529625671
1.04176413125364,0.102317038376932,1.02790392610348,0.0886838504091165,0.918091765679953,0.142772691229074,0.0249606984534075,0.0317379224778115,0.151381015040076,0.0988991737779901,-0.553110986628691,0.0616653502281343,1,0.999999999975343,0.0312210373375709,0.206139351883976,0.713420017512591,0.0867624925673721,0.640365364859283,0.0836983365111931,0.819022848927651,0.0839961297384794,0.646014691863413,0.104142111264346,0.723595567584156,0.126835106201078
1.03952445580074,0.102163333443735,0.979439611847899,0.0927091890147981,0.859950309474626,0.135426330937293,0.146964102739052,0.080756281132031,0.355502216071892,0.107185108965551,-0.567448545576149,0.0581170134723848,1,0.999999999999675,0.125245312099245,0.219912742042371,0.669987062702356,0.0784517357157406,0.671598082212863,0.077402402423585,0.626811063466649,0.0959775898778157,0.740815294095311,0.115716211789066,0.554689049301664,0.120766793421165
1.04662436339513,0.108468201167474,1.02333361951308,0.0866771126185984,0.982273762074897,0.157563825288417,0.013473767550103,0.0220181789770469,0.115043158138141,0.0944195669222534,-0.661459996849733,0.0486630781646966,1,0.999999995981651,0.0593590325592702,0.194271684071104,0.655482489837361,0.0865002484349382,0.811576206075521,0.0888323822468502,0.542796674131426,0.107988967126515,0.674709194579005,0.121163333728955,0.689286895817935,0.132502281645813
0.79394004402178,0.0960290408622301,0.999369357075189,0.078388567619647,0.846223156296085,0.131604248623906,0.0452988611455037,0.0411325091501706,0.195788007963581,0.0832343117690317,-0.57708580141554,0.052111840610325,1,0.999999984441336,-0.210408967078941,0.199321681586117,0.640965096319437,0.0855344587917643,0.648899177783649,0.0857135916467677,0.654559685107816,0.0934470088552759,0.674202621457064,0.0975067811817558,0.714060114767743,0.121786008755162
0.942531984820452,0.106629797074286,0.923585224388128,0.0808246572189866,0.976424379350051,0.154209613591679,0.120263074571408,0.0922803837617584,0.250030353031721,0.100449657112396,-0.520774135880198,0.0636428404369968,1,0.729637716751748,0.263633437428271,0.232925055139443,0.510715404189111,0.090595515091634,0.673930758343866,0.0884830999210313,0.652041736143914,0.097298358881358,0.704534337883564,0.100502781147543,0.595073178697187,0.126093323774104
1.06817098864759,0.118572282951584,1.05678205191104,0.102474473895505,1.02767649111642,0.176168350626729,0.254076388939064,0.149753279286518,0.267762947897978,0.120495873618343,-0.583067907954176,0.0651647848007833,1,0.524010652288266,0.00577420902275208,0.25096355761819,0.653591822649119,0.101636623929117,0.793865907308722,0.0892339750316993,0.658083559912466,0.102839176877742,0.760148920212426,0.106419719280187,0.746350776512906,0.116921022894354
0.998133669059736,0.112221049294928,0.990038517809215,0.0945725488445399,1.13908553217319,0.186764225965001,0.0433662320842554,0.0401154992239178,0.222256265471758,0.106324021827673,-0.580017782531382,0.0567135811050717,1,0.999999999892831,-0.0788958052946527,0.210893988293378,0.728585749574317,0.0894089473663926,0.705524765484506,0.0912503169344762,0.711095184262305,0.102009682193595,0.845088170639556,0.102502798751168,0.858113318304122,0.0982351933097215
0.913974713493743,0.107963341900048,0.865030869578696,0.084756342211837,0.964391767092883,0.151888095876131,0.100783187137893,0.0938694322234763,0.182180224723864,0.0866089317142684,-0.543227260984627,0.0612257108166339,1,0.584359948637434,-0.152304132654403,0.218320075803778,0.761226047267691,0.0756225245215113,0.690796319047026,0.0834188463013556,0.591328391246923,0.0924283017024287,0.710972750561049,0.111254891201331,0.786985405357972,0.124905274367673
1.07959239016123,0.114445537990736,1.05445898746348,0.0965791540396659,1.13520676573466,0.176541012940517,0.0470112369257954,0.0384403096700979,0.231014013031851,0.0991878892943119,-0.610018349161031,0.0525558501136169,1,0.99999999993781,0.260831829251803,0.241312439107259,0.626405779644083,0.0933056650900723,0.818303083407052,0.0804097187029691,0.670921103322038,0.0883487308353387,0.717956063408193,0.103623733388792,0.791463454926072,0.108516747345537
1.19585841064706,0.117277836665739,1.14564755606287,0.0985299367091976,1.15745549126477,0.192889855891704,0.0435377650112269,0.0446132336929526,0.224483908419808,0.119113583881155,-0.632161400835683,0.0522747799821759,1,0.999999999501844,-0.119074467537543,0.214369705507042,0.722744973688391,0.0886634649293047,0.775145135481354,0.0806995341913438,0.805050338792652,0.092818846833835,0.78646479565997,0.0999431371120616,0.672405718566786,0.131710155904288
1.06848944913686,0.115085444390383,1.06442862781282,0.0944593788575648,1.08045871277143,0.185172207713279,0.100833800490959,0.0970544596783434,0.256578538903611,0.127022030431385,-0.632759226720449,0.0487613568161638,1,0.777343858189018,0.48279650012142,0.224437963913759,0.676985841950092,0.0830476083214974,0.702639464373322,0.0919991046255257,0.709127211046856,0.0944801739063716,0.624388951967488,0.119525833483167,0.641047946333721,0.142030293788231
0.995020529575398,0.0977278028919605,0.912782913967694,0.0872514380583663,0.79875574518478,0.132776377697173,0.0522454302809404,0.0705065592638387,0.19249430954414,0.0926959263237539,-0.506941682565568,0.0675969262138056,1,0.942294688191506,-0.259953776525833,0.18649841159201,0.813648096516707,0.079028331232509,0.546574316672312,0.0912489981685293,0.585872800219802,0.093072647945501,0.645102062653299,0.102420649587443,0.514054632252075,0.126643164855601
0.860367410041332,0.105316540118432,0.946447429624482,0.0879403240347927,1.03516176626829,0.168310329946262,0.0312817538972334,0.0346510662469845,0.179949090287691,0.101679037409631,-0.573554176799291,0.057705903341286,1,0.999999991957449,-0.152706100669031,0.216699784519275,0.760337584241514,0.084292727782734,0.77035709152404,0.080158158787413,0.825777291633119,0.0923463220886724,0.530472875815397,0.120268471259772,0.893811181305427,0.111435197123274
0.930259218669903,0.108573985489435,0.766737681923125,0.0869918189423289,0.844110133475765,0.133909388335629,0.125711324593421,0.126642163178873,0.148050092037217,0.095860349213213,-0.606152851001345,0.0549114924353852,1,0.454487479469667,0.090957075484096,0.19863733219784,0.639096857856076,0.0821934363395724,0.737249335503615,0.0845232932663929,0.539524052289921,0.101146384967172,0.640975573594877,0.113181653754564,0.647091581558402,0.132955331264301
0.866934611909275,0.100069344151727,0.897013997067886,0.0782594149487579,0.805903690364597,0.127527846950719,0.0625713401428343,0.0789400366361004,0.150773249235233,0.0833010328057502,-0.497478212841076,0.0622626942102246,1,0.671421112937249,-0.180866830659869,0.228754063149421,0.717385822860181,0.0863965085081363,0.53598976088863,0.0933997833596301,0.638934308390299,0.0897383240448267,0.666085225929458,0.0983476439947805,0.556174297873759,0.141383423482293
NA,NA,NA,NA,NA,NA,NA,NA,NA,NA,NA,NA,99,NA,NA,NA,NA,NA,NA,NA,NA,NA,NA,NA,NA,NA
1.03202453845292,0.105203247760815,1.07370562417406,0.0894399238623208,0.8894291106992,0.137131033464765,0.079435933511496,0.0538218695264452,0.265805625631576,0.0899599673793706,-0.558821151997154,0.0585396730017306,1,0.99999999233364,0.0108783203779367,0.223463925106563,0.710047223010499,0.0778107826659268,0.620858726359305,0.0811255467550731,0.679391030503939,0.0821826656074077,0.815218314349796,0.0989178996960013,0.719152633265483,0.135746126599493
1.03114691942603,0.095946882151335,0.984587136389222,0.0878564377799098,0.65745612133914,0.099807072036948,0.0370837921099081,0.0372653112342511,0.156144053504032,0.0740685554720479,-0.537537223879592,0.0653131085965854,1,0.999999986045322,0.145577592313365,0.220369284133236,0.633917903541513,0.0876482572634013,0.666489501609254,0.0807551967538515,0.607411905444923,0.0864952852231845,0.732886498394663,0.0975797790316621,0.67329661689995,0.120595549432668
0.97988263706122,0.112005209138309,1.00713007821944,0.0938928697342566,1.18507952084784,0.189222803201666,0.172368031340762,0.092304442756757,0.451962192977772,0.136098906592176,-0.585800249693533,0.0583410007915383,1,0.999999999731927,0.17920295719792,0.225190888650593,0.70667720454409,0.0799263641750254,0.750067431179904,0.084407447397706,0.691697644732641,0.0893353768703137,0.715498362680823,0.109103717301714,0.349205111827354,0.157374976832149
0.9068354880518,0.113255013218177,1.11191881422868,0.106910693008309,1.23377594384336,0.200346605661954,0.0990104975620244,0.131617480708407,0.23676065596093,0.126976229355398,-0.665269528790144,0.0431007075844702,1,0.677408690595314,-0.177685572865012,0.240238272744737,0.738779939201124,0.0893503863634035,0.854309927450505,0.0851776443905777,0.685688855781147,0.0914312524766256,0.81674972828137,0.110143838422016,0.884891523700675,0.139030793707094
0.824517188357057,0.102894997376761,1.07152065768812,0.0993179546610575,1.01097213502642,0.168899258843094,0.25457290671913,0.140812644948549,0.286981762099682,0.117974510183769,-0.479524987524346,0.07723007141971,1,0.565690147046567,-0.196587454034109,0.196050117642132,0.683037942864704,0.090481623023224,0.681763360809121,0.0938378390327903,0.581195183141772,0.104927433101124,0.69049513400839,0.103770116480019,0.665477708117084,0.129673279013855
0.778346421021063,0.0958893731388339,0.922700156938941,0.0787868676801934,0.806122041585356,0.119633019889807,0.0170171227928212,0.0367067370827271,0.117123318981653,0.0955249885787562,-0.578955202103933,0.0579288042823635,1,0.99999978428222,-0.261771710584905,0.203344012905645,0.698266688382221,0.0755489321665236,0.667145557080475,0.0801119571407545,0.643466869545452,0.095286888347726,0.671973330430821,0.105655221320888,0.504257621594136,0.145714586908406
1.01339159084901,0.1220368440464,1.02003427673828,0.0975967737815003,1.25758345614522,0.210500746383046,0.107118342970978,0.117335191746113,0.151921368158281,0.122456088610043,-0.608585047482812,0.0615852184198253,1,0.413922021327702,-0.168408245828697,0.246123313810756,0.814213737661528,0.092323673369865,0.61023825318588,0.101204103046144,0.685354432486295,0.101794116065274,0.656414583868242,0.107304630342175,0.566082303155222,0.127723582146311
0.941449372429707,0.111092376476975,1.08878718180131,0.0881383220439266,1.04369083522091,0.170185978398025,0.0653095980799553,0.0816355778617362,0.261080394898446,0.0946188670992209,-0.591081629411172,0.0569524230859956,1,0.999999586522966,-0.263046954111184,0.220658642925628,0.71890780419093,0.0879004626176572,0.613563172675359,0.087840385039037,0.79081164655416,0.0930398614960923,0.693697700346571,0.108260577219756,0.576974245717149,0.122520540077956
0.873675250027027,0.107587878678214,1.02175334512572,0.0885145689427872,1.06893832416408,0.180553217449353,0.0991666488636066,0.0954171115126728,0.266153204413698,0.10943114006401,-0.500046007302787,0.0750230582935702,1,0.81747137982942,-0.315720785576398,0.234422382913188,0.667623840275525,0.091417774192482,0.690262969794128,0.0802168181026948,0.709885989753829,0.0955962707380259,0.668237162711832,0.117103246709225,0.719886688688542,0.127760014746077
1.01942087888713,0.108979159667844,0.962629636802326,0.0798611026521081,1.06290525795232,0.160789845184911,0.00514393848996482,0.0127389835745532,0.0739426755396871,0.0916287809164492,-0.56184448312761,0.065846588895038,1,0.999999999853728,0.144014119477039,0.208019593176779,0.632583874319612,0.0831253495716801,0.900700472496765,0.0698243963386168,0.582505844538928,0.107263383250413,0.659385427317156,0.105501043507521,0.803064432297502,0.132648962556465
1.08746599435171,0.104204665623394,1.15509589822734,0.0933044797610556,0.826225912979539,0.14700291574961,0.0882270555098869,0.0975198174433527,0.161180003686059,0.0908919851018874,-0.571586051939113,0.0613614406648222,1,0.59698148624273,0.0135511466591279,0.199113393460467,0.721098647116351,0.0871261976750552,0.714991342411771,0.0873664830421792,0.847106070651078,0.105628843752596,0.662956149732124,0.110290172864572,0.781536432510819,0.134793946245547
1.00129860143624,0.102787842488395,0.906216584385074,0.0865354886234364,1.02132242205507,0.172117868126137,0.125123647037725,0.0934290234935401,0.314994396149727,0.109364989394465,-0.588553514489742,0.055125970107024,1,0.881153756710006,0.233105659213269,0.192611152232938,0.64083283803021,0.0827004676307592,0.546640311497783,0.0938975502681722,0.56312013859774,0.0972203725512445,0.728934531740877,0.0998885796016017,0.70379855342247,0.125114676699415
0.919971043139674,0.112381977815846,1.00005075225741,0.0908724825175545,0.968846212678083,0.164979102455652,0.0913873902421409,0.0844900783988451,0.250969072786847,0.0951288572673174,-0.495767840154226,0.0807885357252989,1,0.843431167491211,0.20403730577803,0.213409436581853,0.536508842211286,0.0933975400078516,0.477594838197964,0.0904939684725226,0.575251466919477,0.0958985388417218,0.529837175459593,0.115939280820767,0.740089962520298,0.133710920048387
0.916427756235208,0.0992201289992496,1.003750822691,0.0716369005023308,0.833372189301306,0.131368478784232,0.00727723185189169,0.0620106132345958,0.0674931120488025,0.0788850257644944,-0.528943790496028,0.0653182704042629,1,0.866676151147993,0.222141001743006,0.200715326969426,0.621261821231399,0.077654633432791,0.6872727140769,0.088331416690617,0.631577284616377,0.095388703730098,0.719361420858852,0.106131637912134,0.531580722790756,0.142432537445296
1.22575947434233,0.11212761411996,1.0248382091245,0.0822049611163154,0.941857912645152,0.143709068182767,0.0135036666750838,0.0208031912770534,0.112776483576262,0.0883922468750867,-0.611323856046001,0.0484379243277406,1,0.999999997648182,0.0840911991946387,0.228300373494617,0.625163431306653,0.094429202289437,0.663816797456069,0.0855847210851581,0.799744910179924,0.0752271179928344,0.826508333371292,0.0848891289104469,0.730245833098248,0.110343692410688
1.03665509892346,0.103480358430826,0.959000830910206,0.0845506231309931,0.927714961388638,0.151939972704629,0.0251495995079627,0.030926932614505,0.152747044924849,0.0960162496322338,-0.606035660443252,0.0575651535789277,1,0.999999999931519,0.400122149005707,0.199737722240134,0.57426592751561,0.0868151169825338,0.55221539349082,0.094901644500113,0.646911757490615,0.0961681511209354,0.804719251918174,0.0881007384445286,0.648019215709599,0.135278679632214
0.999734721928374,0.112182626663787,0.973894145595059,0.0851615402705249,1.12221792416564,0.183340459381386,0.0220118650113257,0.0705070425098691,0.0922092303340924,0.114274912009679,-0.534058584076916,0.0644651245211843,1,0.586688230670097,0.226861423732311,0.204014572056985,0.608129280264331,0.087057903849863,0.647295885505948,0.097821335362468,0.70312943382121,0.0968579632257584,0.751365351661838,0.104515900509665,0.439419228666029,0.137277864851592
1.21276290699163,0.107687315321412,1.02217607151663,0.114464833548322,0.838590419181903,0.141961533485311,0.202836493688164,0.171857568516626,-0.0340671135594712,0.108708619242718,-0.628331926692414,0.0560669162541596,1,-0.0826013875567852,0.288998595227511,0.226409616222739,0.731416483660163,0.0859836261333293,0.734484370343878,0.0857029374845999,0.746918892801874,0.0954195476048193,0.654796304940629,0.1130458786662,0.751728712996119,0.145614339544553
0.933372344742155,0.0973593884119402,0.922070077137782,0.0770670706491579,0.772397098478011,0.126238400106728,0.0343983986018844,0.0869758786969992,-0.0106939592953101,0.0822578240336546,-0.544202460006267,0.0568095564763534,1,-0.0656068365784738,0.114196956838502,0.202021964389134,0.670044120663701,0.083213358102823,0.670602523602666,0.0865326615707647,0.589402986177116,0.0992740518413,0.538918731523365,0.111821839597739,0.70585070015839,0.1105534294415
0.98436832417951,0.103645421637707,0.893238457083834,0.0829346443170655,0.925443309697828,0.138112929652701,0.0485715309245028,0.102466352665125,0.210775336935628,0.105390198002925,-0.559606279820968,0.0532717445824594,1,0.994154736652197,0.215521325939383,0.213973527183811,0.591411178349858,0.0856469373458258,0.741035172965028,0.0770552438693982,0.731441406874755,0.0913813929288235,0.623098117252796,0.102956240175271,0.842407544732743,0.113917398314727
1.0819523604093,0.113628817458652,1.13463574842419,0.0946379074003576,1.20609379850962,0.193263402009949,0.0698395286353916,0.0605130308009641,0.290229258117733,0.129144374865518,-0.656931639451697,0.0499065791759172,1,0.999999999344607,0.353800089574802,0.237325771762334,0.744432440371301,0.0806763515315877,0.704224659663969,0.0951607635971471,0.843367177906739,0.0850698106863418,0.702008240245429,0.10447724181307,0.848933811382545,0.117410791741645
1.19593160343565,0.113654970968988,1.133578405151,0.0885517455432419,1.00923712127134,0.166284377767825,0.05120775573639,0.0495606983598829,0.227334044933426,0.115790261166349,-0.575014182897823,0.0608582608220872,1,0.999999999996448,-0.0442185918503664,0.222834471909558,0.747745195904246,0.0848323125636082,0.753524603636114,0.0821435555700073,0.735209548511606,0.0881252592162885,0.816957878040272,0.109371190841178,0.725210008477667,0.138207187328923
1.26930074992535,0.120459921108078,1.10539972006758,0.0919041876056719,1.23599564238906,0.191603871627077,0.155055050019723,0.124575451232259,0.243528573989759,0.131168875077789,-0.708232780461339,0.0416692959564804,1,0.556286471315868,0.0678402337465353,0.22187170157544,0.902908367059569,0.0898146770554112,0.827721616151804,0.0897416408920411,0.8141584406185,0.0970618741036361,0.688539704197733,0.112026474759185,0.968883209495715,0.10070564142878
0.962563671428939,0.0982940539661279,0.931447211651565,0.0920057738293752,0.832841579081604,0.133198329768653,0.0311121719448191,0.0369833490949341,0.160970526528902,0.0981826431077597,-0.523636379096939,0.0654418145730423,1,0.999999999996344,0.170655471643955,0.227406154108719,0.563716350505086,0.0878309864903018,0.60063114996909,0.0891668277833853,0.797123740096046,0.0854981286656914,0.632337908662447,0.0935117190838698,0.662455740199013,0.114990696928439
1.00001355686476,0.104261914244958,1.01401440130696,0.0848131705939785,0.897577859643406,0.143987355002255,0.128947029347812,0.0884364911872699,0.339171665010251,0.0947934344325347,-0.556644745436088,0.0605874311126398,1,0.996960213649367,-0.00203829663025078,0.218147655312194,0.641381698168672,0.0875225494892708,0.522007323773497,0.0918989493381187,0.702556236908847,0.0958496194973478,0.700686548990079,0.0975420808282499,0.730724889641403,0.118944039343958
1.05813385216269,0.108066132963802,1.01880780688663,0.0767377746370432,0.915385199630667,0.149148969443398,0.0223602461744353,0.078819792447117,0.117905419240287,0.0948727220919457,-0.589884981220253,0.0526371339259011,1,0.824125843822679,0.0393497546615704,0.229829318897513,0.72615245957464,0.0856014522783115,0.768294814996595,0.0816906242314749,0.683153567017664,0.101523332606914,0.684210761149369,0.108116246445239,0.78268889233549,0.101492194534813
0.985790412985456,0.1132895012938,0.982810407922712,0.0902228859652902,1.11594229779967,0.187555339754825,0.062769392312866,0.0507554459160025,0.264663975424756,0.113246988648127,-0.617674502417242,0.0600541234348221,1,0.999999999989487,-0.317401833077941,0.225702442975407,0.781846953858951,0.0887040755965708,0.86481826637044,0.0821485590241247,0.625811199455253,0.0949815858132211,0.690617081630728,0.107037470452568,0.713392431005854,0.134486866306866
1.01990077190835,0.107660588380443,0.961917566533045,0.0854112399897001,0.851752675493517,0.13312828797791,0.107487382227122,0.111290880405015,0.0338650379344448,0.0941917438126021,-0.575499035256595,0.0579731652984718,1,0.111922156672165,-0.0359005678835391,0.203252549993573,0.721571561576739,0.0785683149712521,0.720263024195765,0.0806584173707285,0.695450960270473,0.0927046846379033,0.572637449675677,0.113862477264794,0.526892993875747,0.141843759928804
0.828081418076553,0.101221122963926,0.933278097577391,0.0933355408781617,0.996754861450215,0.16409372234027,0.0668802658513336,0.100843801446128,0.126291244675317,0.0919338879727443,-0.564403363449418,0.0652996570794526,1,0.489136494605904,-0.105605694648734,0.198698346533343,0.632404994254781,0.0903459521633068,0.716472803884621,0.0857204156332471,0.591651896328864,0.103696647813217,0.662608957191397,0.121651111153403,0.678832766856746,0.138970847483608
1.0553137394814,0.107684123844469,0.907032448011083,0.0838980834455815,0.974008155562341,0.154639244290585,0.00115737091091769,0.0123894730085894,0.0335747663417724,0.088836596104232,-0.550945202682343,0.0667584802730285,1,0.999989456354427,0.139638875731713,0.234563648145491,0.742804771660221,0.0858966360926813,0.681980168644962,0.0805358183830339,0.688115041806359,0.099162669748089,0.606363162967517,0.109987353046775,0.522528541109044,0.127369223699871
0.981685838908079,0.102239715553915,0.999240568187535,0.0844314551167865,0.899225531973072,0.135865839702185,0.104323352352938,0.0557278458372323,0.306284544201276,0.0903236616601358,-0.642640914891097,0.0442158820008675,1,0.999999999998926,-0.168698116466055,0.199175566433715,0.619997320534421,0.081861546656605,0.789449467233391,0.075955543279478,0.737197058104996,0.0914229314890957,0.699098292231742,0.103172881556144,0.744232251224775,0.121752219302618
1.06895348099431,0.0957469148450519,1.03421173894693,0.0872918988663369,0.671088996683066,0.106588702386447,0.164070548548181,0.10564267911117,0.314708207385407,0.0780178106392839,-0.546258254880901,0.0524923528907865,1,0.948424348877197,0.0547860116548113,0.219106683039992,0.632070212666383,0.0841035534719808,0.732659627198309,0.0794150890279155,0.653786260613434,0.0826204061478348,0.516553701119965,0.109386172342057,0.676751766288895,0.120563424144304
0.996371586683598,0.116279661022279,1.06975207625371,0.0915747667952489,1.20243796303336,0.201426139517507,0.000214137551857204,0.091557282347068,-0.00637126144841803,0.116834574230151,-0.592888283134176,0.0596816957038619,1,-0.397052258525912,-0.176287017113254,0.23623836117254,0.667713877427245,0.0987918304515677,0.68014855600485,0.0868753435092391,0.715961271602969,0.0921520596794028,0.681446001763112,0.112293752980779,0.670200719930386,0.125655735672948
1.09615936240542,0.103039474471625,1.08316775061307,0.0896949287288696,0.878507338855777,0.147069829104433,0.0223414506446656,0.0830213669385073,0.0730933758202365,0.0887368996850051,-0.649120332466216,0.0458984600050884,1,0.52173460010084,0.0520886304708799,0.193920317672064,0.758225460531945,0.0843693995596323,0.74223264391903,0.0877782039377033,0.64285442661998,0.101975187135325,0.780878918820243,0.109009382084267,0.590521777260462,0.137259681381663
0.906239409561386,0.112922910196604,0.984075593417318,0.0956927057175028,0.956578272915131,0.154614113392926,0.324221566572903,0.163597844680201,0.305666391094209,0.115151858524433,-0.591768199671427,0.0472656364971805,1,0.548866195181354,-0.0585173835470544,0.240649519001024,0.604829593247177,0.0872302766947897,0.737844084646942,0.0897182255806465,0.756431014943609,0.0923848177537812,0.625993349675968,0.113049766851015,0.75174131493142,0.128007744464022
1.05603588000454,0.110461204164752,1.12688656491629,0.0981700782209355,1.10929931808524,0.1678967035844,0.279227484869459,0.135728857796073,0.350867470211506,0.121169751630043,-0.631560326950678,0.045073490312838,1,0.630434033739084,-0.216331315509181,0.214808987181567,0.742368363029993,0.0870433582152955,0.715564709052046,0.0836123930653773,0.704522005351905,0.0938057207980109,0.781266063653177,0.105883803749908,0.790576653579074,0.136501385306472
1.00897383877823,0.104081788054376,1.06868972651259,0.0912685628474168,0.80173155535934,0.126191356590057,0.168039020927865,0.0828918401276888,0.367045209073611,0.103245316510399,-0.479886746553101,0.071404555770629,1,0.999999999607835,0.137790745114921,0.209852558327606,0.543420169038675,0.0879476117250915,0.718320558943333,0.0860453929153835,0.574612414237112,0.0966888145895378,0.768790241916463,0.102208117243672,0.847010552040887,0.100512666036022
1.01149569959062,0.105203026864837,0.89520713686252,0.091510329116919,1.03064940106772,0.170376107777231,0.130429391284207,0.0743194551542388,0.366642842528815,0.118238018937582,-0.564007042715334,0.056861151251397,1,0.999999999884377,0.250276446910246,0.194988155343806,0.614073598337224,0.0846430192896778,0.684301008566779,0.0902530107860307,0.537827759036957,0.103135352157449,0.713278927558347,0.0945885622476545,0.769349303302243,0.115185515911504
0.844077393533089,0.106129202955779,1.00481914527512,0.0901994684684597,0.943299048904822,0.150751783849414,0.168346016114302,0.0987992729884083,0.259054253513611,0.0983329084039496,-0.625481402361207,0.0470211648842307,1,0.65007671081441,-0.366516624514457,0.234130812321368,0.688509879478318,0.0840772283075229,0.59672586903934,0.0949415006684352,0.683394369939314,0.0846697264117641,0.745063928370015,0.106497956833281,0.630524659732906,0.113440765906799
1.12273677320188,0.125944332159414,1.02253596995911,0.0944464901700781,1.25131140406112,0.190983382492691,0.126295863652644,0.124210148196976,0.361215608982496,0.121655189131853,-0.650455190348658,0.046651939887624,1,0.908634545066822,0.38702572780568,0.219435424461312,0.619697881965076,0.0910650344456977,0.743636971760442,0.0829836381535179,0.673966877702139,0.0985460346693595,0.656606979986732,0.112875164923222,0.768214643178759,0.131143735730879
0.960804815302813,0.110655135769867,1.03237395352906,0.0886318219667682,1.17349388275544,0.19554552278613,0.101991440270806,0.090877943826235,0.301378537584432,0.129239954049271,-0.619734199444524,0.0496152527709648,1,0.871144188613188,0.141079550341682,0.237735648988284,0.745966342937715,0.0871661189332172,0.716103662073106,0.0812244366585132,0.623849334275045,0.100088379734625,0.78552473014566,0.105567734193972,0.761889025793885,0.134945946077292
1.14442361397227,0.115542476809491,1.02179763733649,0.086757728898089,1.11012004927981,0.174728041357896,0.042643960665667,0.0455752270308437,0.217577378568147,0.121100126744593,-0.567080203874378,0.0578319552245693,1,0.999999999460606,0.0481473650330708,0.231453755422765,0.798413288573518,0.0798462059422392,0.6829480305549,0.0860143982482621,0.771401838719801,0.0942239315767646,0.566479268756939,0.116483530735373,0.900190380704302,0.113056021865434
0.944436644950526,0.106247129841768,0.994090422844983,0.0965066863095669,1.03041557346605,0.159977689618177,0.0779368871662843,0.104495721208175,0.257271903721062,0.112050842328688,-0.587025746242399,0.0595932484978194,1,0.907851102370029,-0.157754510735062,0.227130818952211,0.669170423896251,0.0887937612239206,0.710543424529394,0.081521426196022,0.737825207092802,0.0963538501088553,0.920618384842322,0.0977834435940428,0.621565110252839,0.12951251607536
0.862818298541095,0.0958566005019428,0.93023850318708,0.0877880203422696,0.807419904038682,0.129263564561515,0.0784358052429448,0.100306478726773,0.180911632728121,0.0913899701772055,-0.460872996880401,0.0666001824530563,1,0.718885274698904,-0.0616350224479258,0.184580613496013,0.646314484585411,0.0811334831959325,0.753989678676042,0.0825171861318291,0.572619075706069,0.104138188535048,0.621065690041137,0.11549302929675,0.746419849218817,0.108653964157803
0.937486394208347,0.102067922808085,1.03346425745354,0.0890292384558385,0.808990158635094,0.122503792586272,0.0033971757258072,0.011553706346946,0.0524240551925567,0.0886464604919833,-0.583405397287506,0.055955740450703,1,0.999999969708378,-0.167177109465798,0.213865496022058,0.449962853828995,0.0924957236539337,0.697994696885757,0.080346437761931,0.678250196859897,0.0838523189906956,0.715576665580325,0.100870813494455,0.525704296301897,0.145043527094308
0.925909594262417,0.100293432925465,0.99182205862483,0.0854085557477803,1.00576615900627,0.155419553883524,0.117427706795721,0.0617785908759998,0.343663809009338,0.100321370130252,-0.535723481159075,0.0638539246558261,1,0.999999999991361,-0.150054402180286,0.194174969235331,0.735248015119053,0.0793083298159128,0.696796349559529,0.0815752427489078,0.795975710813114,0.0840371293920168,0.559683083135606,0.125134656372401,0.595405580879543,0.13127569063119
1.06921066213696,0.122436559160217,0.988038572344385,0.10923833995766,1.27704885405269,0.216086191401567,0.323970311047366,0.157159797459432,0.330727803874212,0.152230448578624,-0.6024985227597,0.0635789469986739,1,0.514179011204252,0.0597388029723979,0.237885887578705,0.853513089536914,0.0798768886770699,0.632060508612713,0.0953739346353439,0.778627440121209,0.095549386200756,0.801573759130519,0.10608221318931,0.750878289626634,0.143589728156574
1.01771615200187,0.0982146110358652,0.973919239108151,0.0855427318182069,0.927318283269216,0.15310196261395,0.00643045142139673,0.0206967607735862,0.0772209204059124,0.103567920225765,-0.632710751539418,0.0482194887168826,1,0.999999612247018,0.30894936430127,0.195584067073101,0.65145429000718,0.0807200841705715,0.642149849908844,0.0843890183943797,0.631959508172246,0.0994134995642559,0.754056407050472,0.0953048260350515,0.720003429076989,0.128158651816379
0.831802670049166,0.107403049668028,0.973859754781382,0.0949176188129075,1.0639281750556,0.175908370199014,0.122505340642427,0.0892307558207937,0.361021997785447,0.136259650264094,-0.640098808349841,0.0529966223673467,1,0.999999997624362,-0.0519039371684805,0.219267631148816,0.666672684293511,0.0878355832276417,0.617568223490052,0.0917861495490707,0.798234035374704,0.089513347951975,0.724448985196768,0.107549668498366,0.569431610072846,0.131289859147954
0.902578517846428,0.0946386341300063,0.998946610108678,0.0832258684517574,0.839126549101019,0.130482713255379,0.0136216920429511,0.0238421274500131,0.106912685903454,0.0878255622208514,-0.517492829602714,0.0624474146967804,1,0.999999954951936,0.0670792560556797,0.177820092702741,0.672983348514576,0.0828026355065932,0.629969356883809,0.0754731199268951,0.576961089984535,0.0943103811898302,0.539032897172411,0.115778748451063,0.694292906955292,0.142346233499215
0.972942685199915,0.119900797885788,1.17645908688376,0.108806538408553,1.10219860011379,0.180978724287017,0.10664299700313,0.117831046820208,0.257971587642257,0.137017374883017,-0.659428369457979,0.0490106106504326,1,0.752446762819506,0.0621662386346512,0.256040267422546,0.673724677089782,0.0990323623944006,0.764542572152963,0.0885492769357374,0.70952217967306,0.100526178477577,0.699868199279718,0.113906260371185,0.872009040262238,0.122783959320348
0.960799202902224,0.102034338930335,1.05453917251331,0.080100763764069,0.773192937045061,0.108514689408329,0.00880915269757294,0.0167074284758711,0.082529838921104,0.0759945676680133,-0.547377087205886,0.0515651779184602,1,0.999999975424836,-0.156713420420643,0.228819513747693,0.712266433484592,0.0797664129247848,0.636496300129648,0.082299584904307,0.620280627118345,0.0815485058305077,0.665873976078629,0.0879738111843345,0.68859350993054,0.11028122158691
1.16738146252306,0.100333260838326,1.04828998109603,0.0763011674175867,0.808120649813183,0.120353490761253,0.0672270100821787,0.0433392088631699,0.233082677375866,0.0763559582139973,-0.549048656956761,0.0572722054949113,1,0.999999994662877,0.0719367984408227,0.206696226423836,0.63543981258097,0.0888021697630459,0.651511777344437,0.0796814663411818,0.623208575313142,0.0806837788231195,0.70863298056036,0.0946459554418864,0.548392289868696,0.114997712285297
1.01798341194151,0.0957595984341979,0.944222188663047,0.0931831431832456,0.721061958890098,0.114823951459429,0.0784262872647327,0.051688173647255,0.237802885429052,0.0842373844056177,-0.599773166060171,0.0618694326088384,1,0.999999999953997,0.191712234933194,0.178521239802016,0.598074228230172,0.0846346628154248,0.570551336987684,0.0882481518185367,0.678294972718207,0.0972124999225365,0.789278015916311,0.107682955453913,0.645995450520749,0.122420819835522
1.08282258869172,0.110060098775871,1.09968841452036,0.0996965822416503,1.19234470931715,0.192675041647027,0.0461227961257295,0.0434614722800015,0.234508575216743,0.111586922156199,-0.652106381889644,0.0482938525133872,1,0.999999999188642,0.0540813535661237,0.216106856541541,0.85701210971048,0.0845036046368033,0.781619157219144,0.0954881953303586,0.723065740753509,0.0994208592877617,0.832972025173791,0.0944037865741446,0.675676709760274,0.124310442476018
1.01460001703836,0.0990035918115563,1.07296043696639,0.0787216742727345,0.883956870337086,0.140627986467552,4.71634915331021e-05,0.0665630582770026,-0.00147678660041571,0.077063063128291,-0.620915122919743,0.0492547700598327,1,-0.228717413479659,0.20310089658267,0.184081313985162,0.71907211445522,0.0827464908947344,0.576082648081224,0.087528001718027,0.654809915075202,0.0974170310512702,0.782482810928075,0.0962838935507654,0.730117710866103,0.10670125893163
0.988860833533153,0.107019558893426,1.08011799767253,0.0959618831360764,1.04472099615746,0.158485136037136,0.174458852465704,0.0787137777139442,0.426920163654758,0.110783358164687,-0.536949913622814,0.0561720709531574,1,0.999999999996017,-0.153021962070165,0.199175170630604,0.784187508308733,0.0788948376528423,0.825447408034919,0.0785231317603183,0.62409576768291,0.094480251133685,0.688095320294808,0.109813477860324,0.621840676627067,0.145813351053689
0.907179312137934,0.10532229201511,0.912399064151793,0.0867016233399035,0.972967880349359,0.160359343299232,0.0414073614545741,0.0357908779265941,0.200718789858717,0.0909542717406351,-0.518333473795658,0.0724746429284326,1,0.99999999872209,-0.192146442470065,0.223456257859547,0.71691776009921,0.0860889810636031,0.700925673189412,0.0857653630909726,0.743164182773257,0.101942152929677,0.624749360664981,0.119420779849405,0.385411407226942,0.147243077259327
0.949285466397625,0.0959485515185454,1.06457613093376,0.093001175071372,0.789659306844062,0.129896570612491,0.0239473494119067,0.0314383698446519,0.137514534961536,0.091885403389683,-0.563834948504275,0.0656984490916003,1,0.9999999996914,0.208379181992577,0.221437663653067,0.491047755251427,0.0967071183751103,0.67632958990817,0.088822387009342,0.769878368171079,0.088469419087805,0.55821858813759,0.113915952587502,0.615024114399193,0.1307248185567
0.979299194901985,0.103294666934861,0.951788489463969,0.0855535906157836,0.836914719043927,0.135698117847743,0.0489760443460741,0.0901814191397577,0.163394220647709,0.0823376950709921,-0.565453973783308,0.0622313136938773,1,0.807057049729658,0.0258396716824371,0.203431946972898,0.685067676720755,0.0819004036611921,0.770249347656334,0.0803810780772985,0.600896823323552,0.105614386735166,0.652857763936807,0.110671411468391,0.692966622827221,0.119154289661205
1.01941711718119,0.110207529523704,0.91904369975834,0.0937659010791576,1.08892104754051,0.174305544769054,0.00559521085513407,0.107538326354681,0.0780514306328794,0.108696672437417,-0.625984717737976,0.0496816752834595,1,0.999941154348929,0.149328574974768,0.190816761018101,0.730941352025822,0.0802237492133123,0.732830279837072,0.0907022987630449,0.522931323207879,0.096608489407328,0.666732015167563,0.113742979055312,0.653815529078767,0.133584435125476
0.929304586375438,0.106984609799959,1.00990229143677,0.103471606881397,0.975858754064603,0.154451163637571,0.369691981920978,0.172318440509795,0.503293968647081,0.113928559595422,-0.51410860504779,0.0642613525415454,1,0.837930944442969,0.282827902991563,0.222058960251404,0.679646892438565,0.0875732554408532,0.642203596015321,0.0864456627798996,0.739176682441538,0.092474518317677,0.759871900224954,0.109818249054531,0.597048348426667,0.133703357730381
0.819979296548779,0.12226088998521,1.11858089414305,0.104433269155842,1.23070450742913,0.217817890220841,0.27702211613388,0.167810503246351,0.473765428153955,0.151255629055552,-0.600460009901534,0.0590864042244495,1,0.811389249385619,-0.0930938802084522,0.247170292535311,0.804989029967287,0.0902919071582828,0.637108099723995,0.0993600537995995,0.717737926532923,0.114037350819511,0.890386969101227,0.105778007499152,0.675465925095211,0.148522580062456
1.05686803713763,0.114392072790702,0.985731344784106,0.0933584322058221,0.977248569231444,0.156419082912534,0.0715069213522245,0.0610877611561777,0.264348324305441,0.119101418265683,-0.657105110484878,0.047972682832385,1,0.999999999867541,0.488226758426886,0.244783362069243,0.59523896298056,0.091508220701767,0.737064324823153,0.0803634570843405,0.608059826005064,0.0953971139691286,0.47429111187831,0.119878168138425,0.551989755006043,0.132096461712011
1.0228960660262,0.105616041307366,0.848465294896384,0.0898918569288976,0.923096115517096,0.153599908560668,0.126411549484614,0.11359902068656,0.303585274064454,0.108222807869386,-0.480034499042928,0.0748917881457668,1,0.888717766810939,0.107088052360891,0.205915698529598,0.767717822818838,0.0771189188736085,0.545743207564903,0.0907160183806773,0.550533271935516,0.102552855907501,0.612956246161156,0.112644489348966,0.803475190898931,0.11324339454869
0.941724722771519,0.0955470894091479,0.819940648436225,0.0795157622193161,0.842703875884251,0.131996522249016,0.070581086906141,0.0475995418061492,0.243883077509316,0.0876178044754587,-0.525174012420369,0.0650972964854685,1,0.999999999962061,-0.130205024783502,0.173004248902199,0.622492037295548,0.0843302523781723,0.596071797263537,0.0803253234212919,0.613764317059433,0.0882962318905531,0.816898229346142,0.100066985173314,0.721301931677343,0.137956328556498
0.882874724608948,0.112074145837065,1.02718761299797,0.083158278732252,1.16652922696547,0.175344560569621,0.12720126885572,0.0722229110355311,0.385206435307605,0.11956718219702,-0.530766526197338,0.0632542300482021,1,0.999999999916101,0.0494906949002612,0.221099637599973,0.657087595798959,0.0852637850391587,0.778417413581753,0.0830364599552384,0.852790969852954,0.0844247352767194,0.841590786052991,0.0985542746221429,0.59860860261104,0.124694705713787
1.13719383033846,0.114428193195628,1.01605739571003,0.0874205935796229,1.06339297331399,0.160419840252515,0.0531389556313192,0.04622944403109,0.237713255886994,0.107543493723772,-0.638290952256096,0.0474657749281632,1,0.999999999971743,0.191942247314411,0.221923486024929,0.677224669721484,0.0853685539512824,0.755836579845801,0.0818613074413578,0.669405083108333,0.0893575055045381,0.90025465168146,0.102058269402372,0.648832413382819,0.143176980951655
1.24273527520208,0.11342923436224,0.991099321941394,0.0828741874780441,1.06554075315636,0.177481278435147,0.0786128671670765,0.0610125345543053,0.289422206564971,0.11874554777849,-0.607890560601045,0.0559847898968274,1,0.999999999784808,0.613916861839571,0.218674519021769,0.727465907995451,0.0847916527717654,0.706898061713626,0.0813053833841068,0.539156538603596,0.105179865726578,0.895051869491098,0.107329836964767,0.620308994647004,0.135010035266126
1.00251610577585,0.100884195637407,0.976451614116439,0.0842410584366591,0.882101447235892,0.145900222922118,0.0618923428968985,0.102640795041249,0.220841245137236,0.0934167504239834,-0.603077417466071,0.0497638114312191,1,0.945153742439252,0.0301368194110609,0.206216670240934,0.733312372277629,0.0860903576291009,0.580524102544022,0.0936375968194791,0.651233904599352,0.093847232315648,0.803787146495218,0.101224736310197,0.786397985664119,0.110537596303304
0.983986192852612,0.114558613169665,0.990733355241551,0.093735401811794,1.15992485188736,0.19752100652288,0.0983321082371212,0.099963321351988,0.312978968639183,0.120810402467938,-0.599524122967322,0.0573612061058925,1,0.926728572231224,-0.040996721499885,0.202046332884561,0.65633477198469,0.0917506536942208,0.753479094169118,0.0873668710625832,0.729746399045477,0.096198441791512,0.760669069254007,0.116296967198681,0.616306727676499,0.139592112093337
0.989669492014949,0.0989081635903699,0.937153067746961,0.0854819285274871,0.918691753355393,0.14958424457019,0.00477654479152608,0.075289137455062,0.0432134072263462,0.0820388985404342,-0.580273851155807,0.0611888260807181,1,0.652344002548109,0.328242196108361,0.187355562053673,0.727996942864805,0.079093763994126,0.630408230484653,0.0842521343836231,0.659744472017881,0.102700890528488,0.377542055985014,0.1284308551212,0.542346942602683,0.140852807648271
0.989307373977218,0.0994162098208012,0.925577963666603,0.0855076716032935,0.833725047686701,0.132919958147623,0.0682891678664943,0.0482035000364585,0.238609282583908,0.0906219369144975,-0.578729264645428,0.0599395302534868,1,0.999999999993229,0.144954585841501,0.226240541934555,0.710693070104453,0.0844010480061516,0.685117989654375,0.0851129183443428,0.662786850031122,0.0971059021925249,0.634970892519984,0.10578251935078,0.592683828470876,0.114493988383221
1.13117882329023,0.116641503498256,1.05995336577974,0.0907155692502875,1.0077835298452,0.162915002994337,0.057925399241813,0.0494474798438471,0.241611802632836,0.106742263367567,-0.675267310430056,0.0450664212001355,1,0.999999998765607,0.11249814301278,0.234420573380939,0.785708767848242,0.084456999828764,0.824457987114902,0.0831292575121141,0.76821683576031,0.0969793175909548,0.607756008116782,0.109182133139904,0.7438692249722,0.126380092864001
0.934616741340212,0.097073789618674,0.954961941398574,0.0831038507626668,0.879784800309801,0.13730582872976,0.0403662878331999,0.0983180773854458,0.141838794432802,0.0910073982594632,-0.561685355045039,0.0575470479647679,1,0.752657507095011,-0.112658166414281,0.198170753016222,0.634813705611879,0.0876696946363332,0.641567170025972,0.0822867855450355,0.674517559164376,0.0860592597704962,0.594967154761848,0.0991724379498108,0.676834393298324,0.117705620843933
1.22731784766627,0.112801298599164,0.998530048323792,0.0886098383650675,1.11316099801277,0.178804129830436,0.0616763592524707,0.0720006163355172,0.26202233860899,0.11160238846854,-0.590006726706384,0.0562367885437609,1,0.999999914871251,0.423611118256824,0.23155681544629,0.780792082238633,0.0834820873926082,0.722785329051668,0.0880381389972935,0.809414598999459,0.0881570611394179,0.791995272328209,0.104138737635728,0.818070981873349,0.125971935479342
0.885879785003335,0.101931690909292,1.00513431756228,0.0848033146129248,0.89614499488056,0.142426399597315,0.10527688875345,0.0687280479720336,0.307153636027248,0.104915077132615,-0.55307465568298,0.0584383885050233,1,0.999999995716481,0.0162302988697754,0.205688596736335,0.654137767612909,0.0817747697178498,0.575882083665795,0.0910276435458275,0.810314820186753,0.0854438620047339,0.603938578750174,0.121410390407234,0.699812466145887,0.121799769078777
0.945770543032011,0.103484101030049,0.99633840813876,0.085268964154105,1.08063371575933,0.163801103641325,0.0978903944365129,0.0715416876241268,0.325244001754178,0.125680579929847,-0.564754693024045,0.060875253410154,1,0.999999999999985,-0.0726872416253353,0.21908475678661,0.711787174753653,0.0834935362747793,0.473844623627122,0.0934624950520176,0.668707738206707,0.0870438932257218,0.636532350075703,0.107786224958382,0.81390175420207,0.103908657211575
1.01028560849974,0.103202378476884,1.0556079488912,0.0806576010716971,0.814803212344465,0.120354512868536,0.125681994281258,0.0974199731774993,0.248184316618787,0.0860918755839687,-0.583118160058896,0.0561289175608129,1,0.775552917553876,0.176306191549749,0.19982068234569,0.603132705689182,0.0894633284371347,0.683466359566686,0.0781290561055609,0.629758891422724,0.0823855522339466,0.616467713198035,0.100332088895723,0.57975311572573,0.124402031445169
1.02073626722961,0.119727806396419,1.04030968856779,0.084545219695754,1.34203549790921,0.225424438890214,0.0462300816429097,0.0794008174460796,0.249083060659841,0.123479576532089,-0.670042639100708,0.0410400671496959,1,0.999999681440827,-0.166621629362402,0.225775774003717,0.869411649035168,0.0844439998681513,0.699610666195038,0.087558856253409,0.610876364667161,0.0949034047577756,0.772384899635416,0.114856236529064,0.788692674132343,0.132767173487043
0.872002837032285,0.106870190024347,0.968180956650865,0.0941057403346888,1.10573382319115,0.179764128451429,0.0958085625581127,0.123345238516198,0.310301073855367,0.119787729221059,-0.541036459784097,0.0646577526367694,1,0.953357569539573,-0.143673198871429,0.207872486845431,0.67688145392521,0.0871171368847264,0.716035666647798,0.0869096595047244,0.623616893495266,0.0904203858108846,0.61480266294354,0.11272659578274,0.502255535040819,0.117323892381074
1.20039582959586,0.119689902022228,1.19468478477675,0.0943192934546157,1.12863890617507,0.179362369770948,0.157386739295241,0.1220119339878,0.215459344316398,0.114409540976797,-0.607274583159452,0.0555501236956254,1,0.511215197822003,0.567039576367904,0.232955418914141,0.743849043966325,0.0816865923729604,0.597781933438953,0.0923868585648167,0.695874003854803,0.0956906523214964,0.663538987308667,0.111000658611186,0.922570875759995,0.100271598093511
1.07319391514835,0.113190368383063,1.00938973236063,0.0896399385738685,1.0727711281222,0.175726125898297,0.0669218814911384,0.0483440278307402,0.267940034901667,0.103845004717626,-0.5858815072945,0.0605635907122802,1,0.999999999998591,-0.123952469481551,0.207902053568037,0.757245007701774,0.0810979832642464,0.682390627664413,0.0844902644923904,0.757792374192446,0.0978589711952051,0.518747112636733,0.11897823861808,0.752514350747724,0.117966710876776
1.05459900111055,0.110057012730486,1.08162849203928,0.096832370005366,0.999950109485121,0.165026219614714,0.107763066747528,0.118776219949906,0.211294241596667,0.121122708703829,-0.600911274092325,0.0587962068528562,1,0.643670379489807,-0.14666834120217,0.21258487026522,0.740357514684669,0.0877704968999613,0.720379028877407,0.0824607162706197,0.738570463891286,0.104672517008155,0.670972457426769,0.117715020781478,0.685714697225605,0.12372982565368
1.05369242215572,0.10930600612513,1.03508619939771,0.0928841028632193,0.969702024197812,0.144150331980039,0.0331255321557964,0.044568655374834,0.179225812273933,0.104499469325131,-0.645891211428354,0.0470476663612365,1,0.999999940868147,-0.187604464978788,0.223711860196683,0.716661000559064,0.0847937768412817,0.740883214234743,0.0808392381131151,0.69767612403601,0.0990979604785223,0.771028890983113,0.0955337747031923,0.674006002560335,0.110727312576785
0.850601548587975,0.095944380284026,0.792724684925344,0.0735360838155868,0.925103108369791,0.149310240884359,0.0393909359157703,0.0376266668093917,0.190894413680693,0.0943919661510281,-0.465903765416673,0.0770578207421747,1,0.9999999988642,-0.0536427614337195,0.151398089297413,0.611774159923507,0.0836829612382013,0.517475097970983,0.0918750129810978,0.767077206207585,0.0965425653919357,0.357457769463484,0.129141821196942,0.738942642176917,0.122707123613911
1.12971748885745,0.11071538540439,0.991303833861659,0.0811505045300748,0.987517880203198,0.162342172710427,0.0244286936607977,0.0248834202383508,0.155318291663075,0.0809241700968972,-0.607480051680639,0.0555014775352203,1,0.999999998861947,-0.0558120813313046,0.200862501745826,0.710900259653674,0.079112336081403,0.706694988254289,0.0907123668229381,0.657875257974782,0.101579355381205,0.93071917604992,0.097112174442038,0.714881984324012,0.116453680073061
0.870913136571965,0.0985490009424484,0.947216369826003,0.0899565309992327,1.00537597765233,0.168865790616743,0.00520913829795683,0.0205706412116822,0.0723680505494735,0.112908330614936,-0.586945634596394,0.0630182473598528,1,0.99999925830677,0.124494764903113,0.194649742630687,0.654579910632842,0.0876132029597767,0.758123985202579,0.0805195011905181,0.687361564010175,0.0913094020126217,0.748186182837196,0.107388940831259,0.588825792903238,0.140137198510199
NA,NA,NA,NA,NA,NA,NA,NA,NA,NA,NA,NA,99,NA,NA,NA,NA,NA,NA,NA,NA,NA,NA,NA,NA,NA
1.03680042760648,0.0937414322664762,0.922871666164709,0.0783325080830652,0.815381216993204,0.130972351891584,0.206624603864122,0.0935149125752302,0.410460498640883,0.110226489890628,-0.591711666906193,0.0532885875736372,1,0.99999999995565,0.0357019918426675,0.20640538112227,0.721512119810174,0.0800420074999876,0.56090226723644,0.0868359535965444,0.466967848761037,0.100301528277094,0.753252629926953,0.09721441248125,0.685828777117111,0.115164527662656
0.996324832336493,0.102793953816706,0.946862039842639,0.0863151026896742,0.996456680075818,0.166330583608537,0.101562208508356,0.0612166410026342,0.318123153839664,0.104645960665354,-0.602475530629527,0.0543453362067493,1,0.999999999493538,0.203346805279839,0.189266932108246,0.733056756183005,0.0847119853884031,0.705014485499079,0.0832664813659398,0.599870293606784,0.0942097560072996,0.64925956134258,0.116652179238006,0.716499398104875,0.126400257362777
1.248621365247,0.122861651544001,1.09484948144229,0.102058097386337,1.32453298729381,0.222260375504466,0.0801963889168887,0.0926226957841293,0.29688348437566,0.140115315252405,-0.6096817374558,0.051953550668261,1,0.910913717969044,0.115360593856946,0.240217339218824,0.815895141869488,0.0958228394955011,0.876626835855596,0.0938078727532274,0.716788420805654,0.102561043440604,0.876762731208803,0.0994882399985055,0.794198552654489,0.128686829977021
1.04411906556392,0.112883243011521,1.00113574546894,0.0924574273893922,1.01528494061202,0.165711648734458,0.106970372790168,0.120257530551329,0.241979347776633,0.116564741794393,-0.565037123680417,0.0625024490368026,1,0.734264573263243,-0.270822710531261,0.231703826346698,0.795267759277576,0.0721511817342801,0.724844851401366,0.0803345069583909,0.71960145885577,0.094129202772077,0.684738356570636,0.117105957873724,0.452308095656284,0.18622781266599
1.00187157170783,0.104454322376788,0.90863217614041,0.0838281677394387,0.977825682294976,0.157654836079495,0.0532630520301938,0.117691243473072,0.0707861820377343,0.109840652250492,-0.514194988891276,0.067033456118046,1,0.310173538521345,0.0771257760384501,0.210090934740838,0.706210821560504,0.0787130225483501,0.67354891907981,0.0801103469810247,0.612592589380916,0.101426629957752,0.659181109486722,0.111472239573344,0.386804706347594,0.15064597943243
0.898780359238988,0.11069169776573,1.01826804040205,0.0908763704059701,1.17365879217461,0.1932189638957,0.10288389252436,0.144455938161934,0.346677643905412,0.134895255295974,-0.638589827196152,0.04923505328562,1,0.997656909156477,0.0694943173236067,0.209841706195009,0.588348165528484,0.0922643745705718,0.857315877033118,0.0824943250672693,0.639062509539303,0.105250233477389,0.651220768670658,0.112501245652792,0.696432985106181,0.134290930537784
1.09438092411046,0.10631411124537,1.0857591070208,0.0937755514573596,0.977829204094615,0.149568033917998,0.0681290983255678,0.0522605045327834,0.258105834862949,0.1058363309354,-0.611473351255193,0.0555834355027252,1,0.99999999999194,-0.203128393121746,0.207412766303142,0.741393332112712,0.0861405078729496,0.649993458813012,0.082420213776239,0.74902601355471,0.0865763642537735,0.771448241019279,0.110266898196469,0.625926827181751,0.121651623762866
0.980458314821892,0.112245199418132,0.999859397199959,0.0834033461587825,1.11993766741386,0.172333494224517,0.0283970134781356,0.0689439788784967,0.134918256333089,0.0489835255618464,-0.535916490917567,0.0604753352880918,1,0.756549694318691,-0.131567264586935,0.237044142045184,0.664394563183651,0.0908451121045415,0.579079115317479,0.0929034928890346,0.6679679291142,0.092184583374212,0.806523071698957,0.0929798889321001,0.59303141580055,0.130409099855538
0.946815517894571,0.0992162237756683,0.996258880305115,0.0751438369948578,0.768333304594993,0.125210160622555,0.0458458048085318,0.036629124559487,0.187682867256448,0.0800341110837811,-0.531872377312561,0.0666832861179002,1,0.999999999307951,0.0853964643060992,0.202238801919927,0.643882072432442,0.0821514684627687,0.65256296606687,0.0825191440449509,0.626669420673478,0.0974176673151938,0.584562238525434,0.116240766040338,0.676267531399551,0.121440701175252
0.83662636527559,0.0969029397988667,0.868361694231089,0.0864185336789327,0.819491702098877,0.136532605963972,0.124054363842813,0.108977967819319,0.176153229473898,0.0894843321736992,-0.581918669170338,0.0604908822216462,1,0.552474587671044,-0.182851847122054,0.180198830606753,0.578313239332057,0.0867000784493724,0.667701693254765,0.0855135256758295,0.671845468875433,0.0947743644228051,0.514416052678598,0.119575227176683,0.755604677207966,0.133529740036277
0.978434587444482,0.113074893704358,1.00619961417828,0.0918901274732487,1.10501823200653,0.167870926855739,0.0970942483245147,0.0628239708009358,0.327552918558982,0.109590071007631,-0.600638996907967,0.0517330084943137,1,0.999999999230826,-0.184735968954586,0.212745277268908,0.619879272160163,0.0903037488471542,0.822987459453383,0.0799749487487066,0.68724602803227,0.0952034621611064,0.787878477192273,0.0950195672315236,0.78317540373631,0.125987903283418
1.01579317334696,0.105948840190604,1.03514389464344,0.0816491997990985,0.924777441785692,0.148181309214538,0.0323310791451,0.0808250738602673,0.13179477206319,0.0820415979782045,-0.612607558541741,0.0503469093423209,1,0.762200921101891,-0.0544638434315987,0.183096605966989,0.699944282858354,0.0876439012771378,0.73839077591894,0.0779415651023687,0.865092733426792,0.0883570105800796,0.701722290887902,0.121335326010796,0.628140359352766,0.133391021012689
1.06198943186221,0.101375257987936,1.01683747844595,0.0891460390505014,0.791392831576017,0.124316930418559,0.101450499318088,0.063014858701928,0.283349956621204,0.0966844874602488,-0.641986220535612,0.046192132316555,1,0.999999999981916,0.12835467505363,0.206386119977139,0.708468057828845,0.0778979963956212,0.647419935890197,0.0855294654650647,0.642906916085667,0.0947000282314953,0.785657096295628,0.0993461498195185,0.613991582960585,0.113228382931322
1.1750516009536,0.105734760643761,1.04951229503754,0.0812629937763731,0.871580062265907,0.14012135398539,0.01946807116759,0.0277385759233763,0.130261209409959,0.0940724266057255,-0.624274450821857,0.0469065515411271,1,0.999999999896867,0.620789239937954,0.227757385286546,0.572178213283908,0.0931790971156292,0.710962976245564,0.0794116298172516,0.792398386878595,0.0848195915122681,0.660405442527293,0.0993033992134144,0.754836233440863,0.124033312882475
0.874084109552103,0.105351773891161,0.992226432347744,0.0838013277344894,1.08947635346872,0.162795671853275,0.0305859618601902,0.0540035527013435,0.182544966074063,0.102940801604382,-0.57582962571485,0.0537072049694994,1,0.999999736578904,-0.141588577281914,0.204338023170289,0.569577345982684,0.0876182094132131,0.777188132092169,0.0746310994733169,0.594578600661843,0.0885664604252321,0.717465060554131,0.108759693969515,0.787987315765546,0.125762426347808
0.983650239389098,0.0898034695086714,0.981300781763983,0.0836335800716694,0.72560277914369,0.108927438859836,0.0583982742738907,0.0716657930817389,0.198740490164065,0.0711930884838897,-0.578010874569989,0.0475295670249889,1,0.965465770892554,-0.0140912705720031,0.206897136211138,0.74483561817223,0.0793041706621569,0.706818533170348,0.0766784227681659,0.615398241732221,0.0978132958217598,0.681377139787748,0.107307419803874,0.695001258632386,0.107948073473182
1.29258920934281,0.113754647146458,1.14673772632264,0.100443656076019,0.965971105180088,0.158991842690451,0.250321831940454,0.141298027366414,0.279395798805115,0.100409664570137,-0.670993967532969,0.051733837416096,1,0.568183266726659,0.478388789101283,0.214868134009532,0.740097769729172,0.0870628697927548,0.588185423922967,0.0980359747732307,0.85265987767208,0.0883434208525468,0.831188763028299,0.102468651500983,0.648136191061841,0.14067033007111
1.11919597080457,0.104893312061556,0.937871135757188,0.0925679968965806,1.05497214084184,0.159005732887935,0.0884841659401885,0.104341071164597,0.211203919642983,0.101018673392747,-0.603342204013752,0.0542127313479169,1,0.691271572379025,-0.0133691489097563,0.186278519939997,0.790018568235572,0.0783459795863473,0.766707270140369,0.0853598393369651,0.72547198662216,0.087413239351437,0.612644053308673,0.115861705679257,0.817139214594776,0.113578331759643
1.05827114315296,0.11609174938857,1.14948371982672,0.0942849410678589,0.992696590986855,0.154193203062676,0.0246074578321345,0.045850603723044,0.156293722218491,0.102298259608682,-0.634840340419509,0.0478298310692875,1,0.999999756467368,0.266823030120083,0.235351242338058,0.812555479075746,0.0760123327022426,0.830520159016914,0.0872521449600013,0.791939719368074,0.0996853908091652,0.924963555485785,0.0981760106456647,0.608667107554226,0.124011691915102
1.05551863364141,0.104432583329795,1.0056629000027,0.0903934268218748,0.883850690415851,0.139734683120434,0.0393426143177136,0.0371838615252753,0.186475190878483,0.0922032145042355,-0.606861517212427,0.0553412000518118,1,0.99999999979425,0.318885576333426,0.241661081039837,0.804688577616592,0.0861322494463766,0.61899274860401,0.0869253634166915,0.782213601647991,0.0928455591836639,0.656443823285249,0.107875800952836,0.769438551485028,0.119369940356874
1.19388964718548,0.114161275746067,1.08761861880641,0.0863207052002105,1.33301348203518,0.206039257433013,0.016130624417528,0.0287798989654902,0.146636761419655,0.132441949290593,-0.632668242791318,0.0423225018473616,1,0.999999999475273,-0.131310009648137,0.225440532436133,0.78327340017758,0.0799533835592998,0.878885688229119,0.0813440544727098,0.685729454618091,0.0996198058736563,0.834850920848598,0.0957530312283638,0.680526769022048,0.119384811460531
0.909852327052713,0.103370275853736,0.960707257045429,0.079328117189181,0.907474092198351,0.141124773552963,0.0841783382357954,0.0603267117730044,0.276386796064045,0.106576108168705,-0.491444174536256,0.0731651055345911,1,0.999999999772572,0.0413528104875543,0.209502922893429,0.536083342025496,0.0922369130755785,0.74940244227301,0.080570478979997,0.682076281131268,0.0941572300755895,0.454950747779026,0.117541988305319,0.711166267347365,0.118236268765835
1.13089261763091,0.110504750201032,1.03528581912133,0.0898747030289304,1.27361840938611,0.203661094445934,0.159651677939261,0.0812252898739342,0.450927172813833,0.12601113821042,-0.647285973953737,0.0515532851794164,1,0.999999997710805,0.310499643312299,0.20611700419659,0.66863450984967,0.0839832707737491,0.914105623419959,0.0835302594045122,0.724782004147983,0.103689670368461,0.865970064848887,0.114102625229073,0.729487786610146,0.134278935002573
0.940473478115954,0.103515496123874,1.00313082618887,0.102436394387529,1.04390511656787,0.17406106608086,0.255452614236899,0.135791926132621,0.351199756682773,0.117258326819785,-0.522690697509954,0.0694293769239844,1,0.680093333051891,0.18009652634299,0.201022511314899,0.532957224247566,0.0984295197671666,0.624372397215616,0.0929319185571269,0.653629830187606,0.0937962393215279,0.781513181886433,0.096715705848734,0.703616040689351,0.11672782137784
1.25661052438808,0.108689505662822,1.08346947977458,0.0903129063616579,0.902308890801435,0.142108715272454,0.0289243660371284,0.0794625703858655,0.161550866741437,0.0821395996894128,-0.662014010027043,0.0456952000379259,1,0.999999423511889,0.228725641304419,0.233804744409567,0.663278277906945,0.0949091545014081,0.776953789278252,0.0789643129311118,0.719090642610129,0.0910396643745819,0.751514542294238,0.0989621039810933,0.734541393947336,0.116404591360439
1.12057327777395,0.110718850516245,1.01017795690172,0.093134125639991,1.08309697472861,0.18097852870533,0.313264806669987,0.153310317890501,0.41379638099535,0.134306360265373,-0.503058391641868,0.0699198495107307,1,0.710390611185618,0.244343714222299,0.22573226514472,0.666921534377478,0.0864259966228486,0.622865266839068,0.0943012022123926,0.751373213466814,0.0942333127674268,0.772958599729708,0.107142772165408,0.856435163936152,0.107684900310807
1.10954324419408,0.113449419684614,1.02014018310164,0.0856909571708148,1.15157104947306,0.174027339494004,0.0155111337622432,0.0251603260646764,0.133649436945615,0.108851532568416,-0.650608954299986,0.0440887133390654,1,0.999999983506387,-0.0276434774463499,0.216589257986981,0.622872622685473,0.0888276316629524,0.79377655485714,0.0820307042691575,0.637753619748317,0.0904378171951286,0.830797884209166,0.0950349056519324,0.772841688555569,0.120088994809944
1.09231187790185,0.111763863991772,1.04353373384622,0.0895711996592637,1.04244798989399,0.16365253931441,0.00858592826614917,0.0234501715856137,0.094606429518666,0.103513783989116,-0.557684877066072,0.0597536906073804,1,0.99999960023209,-0.170459916631478,0.222020318390834,0.716486053075393,0.0844125787753531,0.706309425219722,0.0754245264651311,0.701842597244681,0.0860943250815799,0.707878475387578,0.107360047167304,0.591277986104256,0.13097528323476
1.14783522235402,0.11888471540607,1.08161912166752,0.099803195023769,1.23358709589356,0.218712764305108,0.0414679195073263,0.0822735480723167,0.226173055941205,0.127797098716586,-0.626176645269322,0.0534032860788138,1,0.999999617197166,0.356558130245542,0.194532125434581,0.781989352326911,0.0913698209864639,0.723600030099497,0.0885533170610019,0.784382786307508,0.108386151520479,0.75717361086455,0.10897337547779,0.655339444943029,0.131824489168007
0.774690651435775,0.111188431692592,0.960313784675307,0.0817853776275153,0.973816851542829,0.152840753915405,0.0344899178298046,0.0770155280142149,0.183267066942909,0.100833077089164,-0.574231250051746,0.0521112006111397,1,0.999999324659325,-0.157061190282747,0.24059062062635,0.68030315239923,0.0893878406323986,0.649974695905765,0.0846286646542017,0.633804278943487,0.0797206706924378,0.523714036426212,0.114398416827906,0.537545541642352,0.125116880978119
1.16885069615825,0.115656608392725,0.946840713895818,0.0932774555613451,1.1206660233163,0.177201523793525,0.11581999598988,0.0763403613905465,0.360271473019995,0.128228793206352,-0.559177426891156,0.0655344485428095,1,0.999999999790084,0.332339975751005,0.208594079042279,0.65584988100611,0.0861130751394839,0.758403981367701,0.0891436757812263,0.578132491814209,0.0992415624780611,0.742603092206077,0.0993058041347618,0.654109546398058,0.112949107710694
1.28125794342721,0.112419224991635,0.996446942981319,0.0933078140997334,1.05971022668605,0.179595557286252,0.137024509838366,0.119006796058462,0.304791020596007,0.114681511621933,-0.631044285033159,0.0529221088522303,1,0.799851708534808,0.123370318948456,0.179407390691491,0.699822996883796,0.0914876114692726,0.662293794569358,0.0971581803046276,0.776256692819561,0.0897230270009334,0.771961080072232,0.0982278217081079,0.82366428818702,0.104285931318454
0.895556079008849,0.105755864882605,1.07134354170398,0.089073502849552,0.970235097551487,0.157735148435189,0.0340981025034725,0.0670440365229341,0.181886616505926,0.109618045747105,-0.509708620875143,0.0699110777317794,1,0.999993432519404,-0.0742655267596213,0.193868395855354,0.569865612265678,0.0955731632514956,0.681121519390174,0.0818801896553756,0.7065684299195,0.0926726045047561,0.576103958648984,0.113286503043245,0.630215325119827,0.132397484745165
1.0143919696495,0.101127807670919,0.881633684413564,0.0898602010885742,0.798045567208892,0.126271353031795,0.0832219715961758,0.0889068168956483,0.242039239035805,0.0930085991869165,-0.510732677284363,0.0681964149371208,1,0.939188862638148,-0.00501629826739745,0.189740017205634,0.62607568507049,0.0928274548434994,0.497159609930281,0.0965979660676004,0.657066411718832,0.0906683834601705,0.747100280144263,0.0895703010083695,0.600040585128414,0.117338422701916
1.1545667818354,0.113884474514057,1.08445609814554,0.0987896182151238,1.16654798818596,0.182808207151421,0.244025088480479,0.130958110310258,0.204020300812981,0.142177698644562,-0.630436636061202,0.0457084450241971,1,0.382388514808041,0.0240680027955446,0.238615149896502,0.724683551907612,0.0847474381545512,0.809477866695607,0.0772841985560263,0.756167053621054,0.0995112651486405,0.67653044433946,0.113010422540704,0.713231017397742,0.123481625651561
1.00791548234231,0.106483597036343,0.955627572266106,0.0884342906087141,0.875483751450727,0.153747937671242,0.031403321638843,0.0406233231135019,0.165810426869294,0.108544135405513,-0.497655270171447,0.072965029348404,1,0.999999996766267,0.316424169698685,0.224606950914214,0.533989114774388,0.0959995949070629,0.620847729564258,0.0872720664053459,0.757244990328014,0.0903865749350298,0.557526645902198,0.114794534669222,0.575604012658131,0.132969106027698
1.14744271052153,0.104610126406468,0.957579450786194,0.0817855906607735,0.941836793906355,0.14179897459151,0.0654540628856117,0.0450768296597061,0.248288229062764,0.0912674354775809,-0.572802154538877,0.0563015646740478,1,0.999999999633349,0.125099785782876,0.207728181230388,0.812661568556126,0.0718518425725053,0.533643847724296,0.0941300946893652,0.825325995589198,0.080344360780767,0.69226691897341,0.105175133538942,0.528391116225891,0.132558721385876
1.09934572696604,0.103629233716416,1.13094676416711,0.088057172597683,0.856946953274577,0.126359018738521,0.132771395601672,0.112857025286254,0.310611567226122,0.0940032697359986,-0.64400422904151,0.0362752046686991,1,0.920848945734439,0.0894891809071881,0.229808219964904,0.690390595410633,0.0852334634375635,0.674413404617027,0.0817481516574332,0.783228400462301,0.0788187581030128,0.658209799187596,0.0979242135571943,0.807499888321985,0.109224100017614
1.02313160326935,0.106915588085731,1.17685272642205,0.0999761972213997,1.09372355419754,0.17653461594015,0.155950549463205,0.13105887704362,0.376611402530496,0.142740891487104,-0.601303804913246,0.0567228261137212,1,0.911897925432065,-0.0168672907738548,0.205815828809247,0.800436031690146,0.0801109064397414,0.641989451010113,0.0926214555629981,0.864985892936487,0.0951077155664519,0.792312809689275,0.107153204569541,0.692121288893806,0.126805431827227
1.05803382300082,0.113707635250069,1.02513566633272,0.0739613576159221,1.10529525902691,0.162284927774669,0.0148855677178976,0.0245229335311397,0.128269042847184,0.105863770429974,-0.519729603231696,0.0642603922369641,1,0.999999997763824,-0.21888949918344,0.227711703691747,0.71663209740352,0.0907605673757079,0.719591915395802,0.0759927842229802,0.763650164331738,0.0833416545337737,0.693425875617452,0.0991989875101077,0.854455022972659,0.118810605178202
1.06429733107434,0.1132342195942,1.15803394843949,0.0885545319160971,1.0838466605122,0.173223001291124,0.0376742068392847,0.0891561430525553,0.202062758606772,0.102081654435001,-0.595010586600427,0.0489703904170118,1,0.999954633106486,0.0660079145629246,0.191876738051798,0.799406919247504,0.0790455846377147,0.722352287554627,0.0899725137960072,0.739046361988919,0.093867267284596,0.800025181132638,0.0972787548416805,0.557144646942694,0.124250022936606
0.930877808093637,0.10856043501211,1.06097026555436,0.0958881891609633,1.17187664942374,0.190322490239891,0.260621383843205,0.114566219387693,0.552644654364762,0.142413200723649,-0.67229939251461,0.0464521848539948,1,0.999999999888013,0.0509777514480381,0.22305986664468,0.803516056546292,0.0754286102241923,0.741630380185401,0.0848383082090726,0.603633579107149,0.115661125917182,0.676459876146836,0.122718074789731,0.819417745783706,0.127056849734478
0.993541935161776,0.0947260537052192,0.853068141912479,0.0739441347828266,0.822148613697005,0.122616613500977,0.0603731500828845,0.0396950584477596,0.222790712654323,0.0783830337010966,-0.545099774912263,0.0560136410388452,1,0.999999999998556,0.135152724021858,0.192635427014311,0.701700190449955,0.078129334283038,0.648071489345039,0.0782786882522676,0.715481742801109,0.0816048398001571,0.648547569616957,0.100281806506944,0.7240150701413,0.128168493942453
0.936709225144983,0.111758428371769,0.964147878217461,0.0850787572110134,1.10980178654838,0.186865934724148,0.00532507585745065,0.0149992292998622,0.0768750849330383,0.108545166868037,-0.592376105578532,0.0644558709059505,1,0.99999999859195,-0.228362257577178,0.175780145880247,0.728623125903565,0.0882519603304645,0.620446244747668,0.0873721108545359,0.714169326792749,0.106891280821407,0.623154589297786,0.110204625500729,0.503103496825877,0.141621146927057
1.10710373075018,0.10635101500965,0.977610869138886,0.0922184602286258,0.949014531267878,0.15380868971541,0.194704133291094,0.121852674489616,0.397661490370812,0.114623722319533,-0.566917940467988,0.0553022028825834,1,0.925101785398372,0.47464503391019,0.206575613381741,0.687588281451364,0.0804382495518144,0.611862180010028,0.085559057549875,0.716407955626999,0.0905458152061264,0.722767780124374,0.0993660239824563,0.679265384166531,0.141279302403424
1.01477268034901,0.121566094419079,0.946561810529726,0.0934494879118155,1.27090657724923,0.204682275663986,0.190046069028394,0.121071186551576,0.228234391739447,0.136011686205559,-0.687530716445993,0.0398248898947153,1,0.464402798367146,-0.0120676522966495,0.237400471133785,0.815409128876743,0.0809119583403806,0.7791750355739,0.0848347072338416,0.726740958298509,0.101035891036369,0.684027646275425,0.11303173859783,0.911969174126916,0.129385867600201
0.968193464895911,0.0958242485143527,0.839596811316692,0.0785491145728419,0.854996881185957,0.131838596740518,0.0597582767211834,0.0732420617743605,0.0814676193970715,0.0951794178830058,-0.518347457620528,0.0639903259151011,1,0.360415722455668,-0.0705759329057285,0.19124470782027,0.710389787909099,0.0753323780926807,0.784962849589195,0.0774071176084993,0.652280409266391,0.097176359593576,0.617553476181309,0.114037671754354,0.678841730951111,0.120513554102112
0.933038072658528,0.105485715767414,0.841284385555355,0.0885815025827083,0.991987444746162,0.157417166094231,0.187017954178713,0.139972959830437,0.350355849044073,0.117649058823335,-0.640850690663239,0.0455921335275601,1,0.813419601344452,-0.125232206951559,0.195372414158933,0.671738481415512,0.081100792697071,0.696920605411326,0.0827672934432042,0.775746523764347,0.0847351481712012,0.722020955122442,0.114908764145132,0.731613624758232,0.120852500036688
1.00928762297976,0.0941105162746662,0.858244140023483,0.0796575730800093,0.657620592207439,0.102872258304108,0.0606353586536715,0.038729708589116,0.199687406840763,0.0707874246261658,-0.611588866657989,0.0505306439943777,1,0.999999999802512,0.0875578050138711,0.184671356005498,0.636243421761842,0.0811032831436784,0.624101098223988,0.0804184460500932,0.702259797796216,0.0825075789114467,0.53297074537832,0.114430697860396,0.720890904129041,0.114052624541796
0.975122403745432,0.113065924945074,0.915299166513309,0.0995767057516675,1.00124304309447,0.171564425299525,0.249142786022812,0.14015715919179,0.384233704899833,0.136990541333166,-0.563237195265302,0.0679285494900518,1,0.769310295182057,0.0650775211032837,0.228403274292163,0.619833566071579,0.0886552864394476,0.715148677841326,0.0950449612565973,0.751276019149262,0.100773111839793,0.462178479961928,0.114735659373097,0.678309089878107,0.12177203200122
0.904289206869942,0.104798904551431,1.06928272924623,0.0859949284742276,1.1358990956217,0.178428404294149,0.0275062383475252,0.0923245106006079,0.165175730402471,0.113740268137393,-0.587884930446962,0.0567158623014253,1,0.934460090675842,-0.407452618335883,0.222487166087176,0.674144394410512,0.0882938672417063,0.789831349333638,0.0839400746306036,0.797150967110783,0.0862399591243944,0.686812321046094,0.112227081998224,0.64882900672988,0.124657928362959
0.83558319321806,0.0985951817407103,1.08510621558662,0.0854684371756081,0.964836899874892,0.146884638862034,0.12078217775292,0.101816849589695,0.321723677306569,0.113639323865692,-0.588252782732431,0.0542220504290259,1,0.942442025174658,-0.185104597024453,0.194094416457683,0.662063972486948,0.0776149032831804,0.69220438169249,0.0813784110610452,0.79082109128633,0.093797877262762,0.799661692278207,0.105992769408688,0.757836720296109,0.138506220622505
1.10009240113101,0.103126316166045,1.06558963015725,0.0934397822743901,1.0190975962862,0.151046794004126,0.140592474579692,0.0902003099047844,0.37852008125148,0.127122880837734,-0.676421519362013,0.0409480949109208,1,0.99999999654703,-0.0325634333182737,0.220459765095175,0.69876023523304,0.0834629575373848,0.730021861915264,0.078460646653311,0.807480792490636,0.0815124707395298,0.859706831878018,0.0831472232317349,0.665307940088734,0.13942136127409
0.787358022719649,0.10725816387601,0.980084303437537,0.0839958544539126,0.983328972255145,0.172136798991192,0.0802497590133853,0.0958412104881561,0.143148287419462,0.115536791286722,-0.592257092475424,0.0541985122052861,1,0.509582928838353,-0.090530826571313,0.207058917281629,0.712292352831515,0.0797390457040411,0.587182966155284,0.0949675301208534,0.57570550353256,0.108945961988104,0.564491977417918,0.126145793713481,0.609399973434477,0.139616610227696
1.03255959830592,0.111037814409052,1.06110158517343,0.0972856629482759,1.06663397667215,0.159209878837207,0.116987714777458,0.116856072296039,0.252283355454369,0.101395869974021,-0.628796676561701,0.0445237953742913,1,0.71418506335178,0.183492229979606,0.220892723586101,0.719590835258946,0.0811016622820153,0.583401281439809,0.0889654043896611,0.738918114512834,0.0882703846357379,0.836193946159732,0.0885739952038502,0.801257950313086,0.127084108153007
0.990752453598168,0.098463119392014,1.00287539715659,0.0778614862057451,0.771609715070599,0.109923359361613,0.00175972358138276,0.012911787025278,0.0368484700556242,0.0724516312284321,-0.491566401962088,0.0723357937871472,1,0.999996293391764,-0.188464424271767,0.245057845259642,0.650647639856953,0.0898850556586462,0.705564985739683,0.075640164926416,0.532197275080312,0.0914826394194346,0.83870180095908,0.0877508970479062,0.542677404206809,0.122071269600013
1.04710588489256,0.115566212550449,1.06942019828478,0.0886566826846023,1.34156435682782,0.211727122101954,0.0430765653453483,0.0419405991320813,0.240395475516054,0.119706903651466,-0.682490120845243,0.0448185294206261,1,0.99999999971194,-0.343624282455784,0.208234548089525,0.931563212758732,0.0777468628561505,0.82516061213181,0.0817131507783179,0.813687772431003,0.100128692270925,0.780295652572107,0.112376240565632,0.886040060471099,0.125193895468352
1.19565342218918,0.124035567181293,1.05085612490054,0.0862739834000123,1.25831516218035,0.202774870554059,0.113983348848314,0.102820573552814,0.270085897327314,0.107655069471062,-0.610401307098841,0.055401596707283,1,0.713159196156612,-0.0868674791536219,0.225552186194446,0.82555124587541,0.0837275767451406,0.723360201686517,0.0892403980477781,0.665713739314021,0.0962448813610829,0.855057012306628,0.0993965100513661,0.66431065906665,0.135957333349174
1.14110639286679,0.103686870809562,1.04697749619182,0.0811053202309679,1.008845817426,0.149864520914251,0.165713305821498,0.0704281452494769,0.408875501184735,0.101423127525389,-0.56465992349788,0.0533076758301007,1,0.999999999997651,0.210932289176808,0.213913048429805,0.591014215004497,0.091756943065093,0.828160272444187,0.074377793500981,0.666016722532721,0.0883471855119064,0.713552700035646,0.102932155221406,0.84225822193845,0.107557609836115
1.14341857214961,0.109361674553503,1.04311043374566,0.0976121623020469,0.865490558179371,0.143763764137293,0.0918390561155655,0.0934389764277368,0.0518502260173436,0.0892275125306848,-0.654062465424023,0.0478350283059243,1,0.183910184820778,0.305891697821095,0.211319266008679,0.743727871737174,0.0874762658056744,0.715942893085959,0.0935511717322609,0.716095470650248,0.0946949830847934,0.628076516906827,0.0992000420514587,0.576875205141704,0.125437157113508
1.1724334459172,0.119468790427787,1.00037848432132,0.0968277168832891,1.30602681573598,0.207070299630956,0.15732282167803,0.0954641919711279,0.453285587442394,0.152229124549354,-0.648894440008137,0.047179859511644,1,0.999999999864308,0.287425724136811,0.211896405284781,0.808793262359916,0.0757727415853652,0.781226009409769,0.0901974734488753,0.636183673496545,0.102376683284774,0.670094836416371,0.12041521501898,1.08839666867187,0.104799242556164
0.955031768055927,0.113956872421677,1.05683835897049,0.0949540114270988,1.1694953474093,0.197687451409809,0.118463288786801,0.0875031740934011,0.369791656707878,0.134613360576677,-0.559123785584069,0.071727936242205,1,0.993495642050284,-0.181051775742717,0.21362521530748,0.660315222222763,0.088267016305538,0.794522592760702,0.0790162031164283,0.6030035209523,0.10627041294373,0.674594234079891,0.118215199684169,0.733052677031732,0.138620244457839
1.01841946335248,0.105752960468124,0.940352917377538,0.088933252921527,0.939824277076303,0.159147621548712,0.0526727091537082,0.0899095215317729,0.222490861244108,0.0949649951441425,-0.6194564524452,0.0548932910292811,1,0.999990834218296,0.191081091337741,0.20667207283718,0.583382249970728,0.091321596413016,0.793356568764822,0.0879275499598063,0.611952269522088,0.103170116947424,0.645972806745659,0.105419791212694,0.820535543508159,0.12887043668879
0.980825742822751,0.11714486751494,1.01030994297746,0.0956756292107309,1.40463768712983,0.216441149673834,0.0646334997238405,0.118392294020155,0.18913015864512,0.128891600850664,-0.648879196167607,0.0466867490678653,1,0.627696623300315,-0.176706366527651,0.212234820544043,0.833171662512232,0.0714578499350576,0.806654861566966,0.0873550969583012,0.6765772130793,0.101372705539408,0.793956356472422,0.101281986028667,0.547626639625012,0.149356755441895
0.944829221457359,0.122215501995923,1.00131279914791,0.101359906476277,1.31204480923747,0.216288921361679,0.200593617572981,0.130553718008558,0.339080815590849,0.132933937300653,-0.676145271924075,0.0479718252154187,1,0.660952622442828,-0.0983123697297982,0.245537177447485,0.565398424369953,0.0991871946524093,0.74350869281416,0.092778488407933,0.841962251466673,0.10241517638847,0.800873394332872,0.100707320727856,0.9249542366423,0.120528607545648
0.868213536057777,0.0962991354817479,0.818364584120867,0.0826383780000926,0.768724073294788,0.126951459488422,0.0777673753221044,0.0955499455139903,0.0559510394204953,0.0850751391367677,-0.558870253651989,0.0554165823094099,1,0.228835920735543,-0.118882398323763,0.186354858965544,0.717320693649279,0.0783486254649939,0.541286268620125,0.0903760997228681,0.623647979682365,0.0934860326987607,0.646734828862823,0.104713613483119,0.611667505743033,0.147672916728839
1.05701688790115,0.094633336729597,0.920640254621225,0.0864651277717823,0.839499735860396,0.129185614834076,0.0995521540190693,0.0590575631304682,0.289091693067975,0.0944134756234206,-0.597035832496643,0.0522561961163442,1,0.99999999998544,-0.0108113035659488,0.195105612624929,0.678995241068592,0.0763247756153623,0.711349792665911,0.0798757221233375,0.75481397580744,0.0882584186633679,0.775840372130039,0.0999773063119553,0.371400842756018,0.162220770067538
0.991139170511209,0.109395780941879,1.01088906567192,0.0947918596140653,0.929770484434152,0.152626346341997,0.194325863693364,0.120248743650016,0.205837632371465,0.103800965915529,-0.565213755571717,0.0634859826417732,1,0.484252193707272,0.0923841089832376,0.221493482829741,0.760998570379493,0.0815978498100633,0.58501188883399,0.0915997705114835,0.632739394858318,0.0973112610807528,0.740456880263723,0.0924493698500521,0.522195873258405,0.131720159214766
0.889866707267259,0.097419828529403,0.958564035710263,0.0889980010323058,0.863663709409996,0.141227072827708,0.00612467294521586,0.0163209918310778,0.0727300331470659,0.0974212665887084,-0.495144771526577,0.0749342168527794,1,0.999999996860395,-0.179381737235318,0.186810864882979,0.657226733851863,0.0731432565109738,0.693093014167398,0.0828519619140602,0.567577084856333,0.102167491458387,0.479350025261275,0.113043485127836,0.745859672442238,0.12179212843699
1.0313124034974,0.105523588845749,0.905404615165705,0.0906218000951576,0.865232673891189,0.147233772580342,0.0865407368245374,0.0684875201344321,0.273638215557558,0.114890116424419,-0.656729779511109,0.0470908308231405,1,0.999999999267582,0.334673072527794,0.221851156181838,0.607632795418788,0.0865629696957923,0.59228144094077,0.0874760217739712,0.682727793190031,0.0950635757721041,0.556570747580415,0.108943207067539,0.533927952350325,0.137478928416739
0.901158774883623,0.103574599862192,1.01392998788396,0.0881459648743507,0.916062658866838,0.144449562405712,0.109554558480039,0.109483738727198,0.173561113660951,0.0865297254719607,-0.565611930658675,0.0631021767549175,1,0.54786633052653,-0.265193451922927,0.187135010163154,0.703815472580148,0.0851429142490097,0.692112540523175,0.0854466574940449,0.599043372994745,0.0953731804754208,0.86206056847034,0.0984255480764268,0.70604666641087,0.132103466349311
0.842085827729202,0.101616292554063,0.968848410555173,0.0810035751352688,1.00083214980846,0.158662314041367,0.0239062431907508,0.0310821971486046,0.154680757545402,0.102709415767679,-0.534287486912523,0.0640656542421351,1,0.999999999757092,-0.136837185807111,0.204067233728496,0.630804954588091,0.0859368128582227,0.612166766696187,0.0866484925841346,0.641018144253531,0.0936831235390475,0.64430823125796,0.0997060756457435,0.698608752146706,0.118203428321907
0.899558360827028,0.0992765488973609,0.955666331476553,0.0926577853591122,0.894708633498323,0.149229677113526,0.156978912596257,0.117885673994838,0.280920238756249,0.0971952799773672,-0.467806657055536,0.0818850103622806,1,0.749586155297454,0.236881849647097,0.16189814145492,0.524174283443058,0.0896801599742194,0.689193553907427,0.0869177970761153,0.504952261536981,0.110406817525944,0.578947926596771,0.110861687041488,0.811249080334728,0.107108076251549
0.981833196129832,0.0971878589701015,1.03282903129382,0.0842540013777376,0.92568944341419,0.14199396867152,0.0707407400841619,0.10125665264734,0.210515948259976,0.0947369479433605,-0.547271282490558,0.0552165394605589,1,0.82265463249788,0.0572361567697262,0.188195543624763,0.601623306327824,0.0876188843441165,0.717194295805639,0.0857509326436928,0.74153647899136,0.08592193111951,0.66001197320649,0.102408140132842,0.548094330769047,0.140993193528249
0.962449172611084,0.10901905413431,0.987750174234115,0.0816842406146836,1.07414794865684,0.162366815802519,0.0476650437718598,0.0437446792114154,0.226272642595712,0.106533592344024,-0.61888715086175,0.0469165850526029,1,0.999999998018191,-0.0586941176655265,0.209518545324981,0.672726689093832,0.0797193647500991,0.743341230632504,0.0753795485439759,0.563220110488756,0.101432592982286,0.596607512383053,0.118263722159123,0.79016700382082,0.116296261281396
1.14428161531457,0.114284801480836,1.11929261359845,0.0970391385065559,1.05211347086273,0.16587602403984,0.118849006228772,0.119657550603663,0.353613649971485,0.104139041089768,-0.650952803057734,0.0440605072001436,1,0.999999892013698,-0.0561000215683836,0.199541480799064,0.751879830347291,0.0813545487183564,0.803013703848811,0.082592886400026,0.675806871161907,0.100556374628944,0.706174111249449,0.112583143957837,0.758585110700415,0.126405076871592
1.10834968775458,0.110002496155504,1.10754744159338,0.0965966606777052,1.152798361357,0.177769554725241,0.169936420679788,0.120423316923566,0.42269690537391,0.126218515841204,-0.575849204104326,0.0505182086047672,1,0.955012728121883,0.0969340791244328,0.207947767361555,0.64142887714633,0.0890778622615171,0.736078013244818,0.0835441162866414,0.749280279726758,0.0857549215248088,0.774996574862682,0.106491705765274,0.74079757154707,0.12855821402228
0.933699110157627,0.104896296007229,1.05320193610391,0.0921326348037888,1.01814529490353,0.172086147274284,0.0851553959359292,0.062956112988443,0.294449597598843,0.116907013050554,-0.611653852300425,0.0562544934127057,1,0.999999998952181,0.151255035924524,0.200525593002108,0.568684002395633,0.0857479217787855,0.653871888890061,0.0888123506549457,0.772418353384174,0.0910536687599422,0.698052885366283,0.111570910200346,0.595513622581336,0.140709572757846
1.08132943523672,0.112940390522851,1.0379614014485,0.0979509112511659,1.28191272291294,0.207969024601421,0.164575038870722,0.163632898651382,0.204342777377199,0.135934736627281,-0.673476840416383,0.0456939966900415,1,0.444885324439058,0.170435481725456,0.217610056665123,0.708867529657528,0.0893920844264982,0.77556840374896,0.0900132251587901,0.591694423605267,0.0951924911641498,0.77441391167916,0.106291572767901,0.988460448342161,0.118387949200374
1.03857039339701,0.104715156012722,1.13907305179514,0.0890248308523175,0.911117721868796,0.139431319727943,0.0213794725582708,0.0695875206615782,0.139567826575802,0.0989041081012368,-0.616971355920826,0.0461400782867458,1,0.999999021598895,-0.0246672825771714,0.211378218719525,0.755817372288653,0.0809587437166524,0.857460164977525,0.0730039740235368,0.555952055022558,0.0943454877201735,0.566435709212885,0.111252994850491,0.655234941474259,0.12463008708436
0.897133889542782,0.0984142775051463,0.938404164363885,0.0707910086510296,0.881404689651604,0.140648424571188,0.0595738183718509,0.0429672093467134,0.229147644260666,0.0871129388863304,-0.470706103977263,0.0712023896802385,1,0.999999999779183,0.124628516668406,0.191920846113455,0.755223660900047,0.0799597530090483,0.375044716625519,0.101184594137759,0.631545392610231,0.0931671427169423,0.604457580244133,0.108094935213222,0.573484065851426,0.127449064008743
0.863121460160875,0.107393286337444,0.922863948827352,0.0870128657016374,0.861647351558873,0.146280595565633,0.102137589664971,0.118668264533477,0.275316016741675,0.0967952731008735,-0.57932956615566,0.0674371487160483,1,0.928055388000767,-0.242098719295041,0.242218056460856,0.568890552848324,0.095760198514876,0.807933785137514,0.0868440949058832,0.649614498196426,0.0975790108396504,0.631032890793834,0.111743972836716,0.64925276600448,0.134439530579735
0.940382307585856,0.0997265144636634,1.11662484010456,0.0929828910355234,0.984591268589758,0.154282700790088,0.0286610364415253,0.0330583759794164,0.167986327491367,0.0986664388343838,-0.604427139615279,0.0567555684354689,1,0.999999999911021,-0.207271938910428,0.188669345710095,0.801639605804132,0.0728410409688569,0.643316548354766,0.0877383505650561,0.65739567506777,0.0989322869921196,0.626579579805941,0.106840653028049,0.768802134605669,0.114407652969773
0.869998610084396,0.102862950090201,0.959511836506325,0.0807982806719658,0.908883992428531,0.151692477001465,0.00355744139979489,0.0614582233481314,0.033972685166663,0.0830214805023597,-0.465375684232527,0.0840999040501216,1,0.597457159421388,-0.214515425800555,0.205797749698462,0.771802701825881,0.0783489096218364,0.666238874576902,0.0855605468218573,0.592039931585694,0.100520623548941,0.574396875152887,0.131150607222155,0.447602061414252,0.153333812645229
0.913503123976931,0.103459866557865,0.936302961444467,0.0779392438692851,1.0152033593338,0.155197486423822,0.00600327818763767,0.015066495755476,0.0780675872163069,0.0985496601798239,-0.58090370244939,0.052613540898016,1,0.999999999234612,-0.121113871354199,0.205398512702302,0.556673616623451,0.089607386546756,0.700730360321699,0.0770784626063807,0.555412706307235,0.0861862396660518,0.708172773445177,0.0994831705684496,0.783380699592876,0.112107535309575
0.930452571428616,0.105641195996379,1.01252705532671,0.0845127196949198,0.991598813805566,0.154957237733324,0.0666402226070948,0.0678343263634099,0.257060997893081,0.105840071605838,-0.518996905361196,0.0708075695693672,1,0.99999993151409,-0.0818289362768882,0.202818879688905,0.594777634678767,0.0848061656389428,0.795679352195195,0.0794944334919352,0.575568791943204,0.106197047501842,0.460120455253315,0.119886704384195,0.719739620133041,0.11513177899698
0.968615887337764,0.0983532726812385,0.890043115997851,0.0778126926020864,0.901213541759269,0.131862446023686,0.0613039633281788,0.0489098617915228,0.235048847341921,0.0920654924621351,-0.558413376568694,0.0523121173064267,1,0.999999988433031,0.265352699674407,0.213742468069672,0.668398453960674,0.0805804434333681,0.457204477737419,0.0963435581890188,0.758730644555497,0.0895315121188791,0.581648874433913,0.0999108145687043,0.829971943551351,0.116431677524225
1.17305409958352,0.116917136654808,1.0208604835895,0.0939331597121987,1.14324275544531,0.181372027476344,0.184202545076276,0.106898350620363,0.384283380926891,0.114361096464566,-0.622541935374343,0.0520919865074217,1,0.837403093197554,0.171023391117524,0.212872866184288,0.709615835089318,0.0862484007180294,0.909716942539474,0.0842645367350568,0.713294986644712,0.0985670416468947,0.776255676820835,0.100596848547868,0.59034246215768,0.120739130133951
0.909596784651016,0.109324423097262,1.06014212749893,0.0909552831199112,1.14591877346683,0.184421809595556,0.124962778674264,0.141861274255137,0.126694392395219,0.107000992254233,-0.656378801699827,0.051320052857603,1,0.334803615320409,-0.321558256156512,0.234149079522046,0.779097005805933,0.0882716918323488,0.703109352418334,0.0906201531804328,0.601468980201881,0.0924189260377685,0.692690461078426,0.108654855087325,0.8984698525424,0.113267105400812
0.784886074998886,0.0978566706913487,1.01719872369725,0.0961795582665203,0.824539083076165,0.125683804235733,0.0868103715521402,0.105646196896789,0.217045698555192,0.0939928485022083,-0.598253523894056,0.0458202991276172,1,0.811259420297652,-0.533716451065858,0.211547322347162,0.697324749684594,0.0845593095205708,0.710539574846234,0.0800408841359801,0.611330061883006,0.095256008675572,0.817173462014986,0.0953752642294609,0.728290699319421,0.125062759058028
0.982444895379671,0.0961874787420321,0.976412261063544,0.0766951634992636,0.907440157907034,0.135470933395395,0.019450156120194,0.024475890910391,0.132852748258578,0.0851386368269232,-0.474954206017031,0.0678588670667355,1,0.999999999400328,-0.0699841163429843,0.194079765282706,0.626091720277578,0.0815368436339404,0.660191371207534,0.0826864483073713,0.58926856525222,0.0875884955319527,0.575324853807047,0.105715986363674,0.483323651544351,0.115891912577954
0.95882919687761,0.102678494343229,0.985976005405758,0.0858111370147209,0.955638018101327,0.159606160301128,0.157396964831598,0.0983477130487114,0.348809490001574,0.110038416064469,-0.590642738504033,0.0574279175049745,1,0.899380373475218,0.0657270651889111,0.19424146836238,0.689015230237314,0.0842102716831365,0.712603374752779,0.0827125781483535,0.591713611276417,0.0926608603484794,0.71266730275861,0.113360762797033,0.61339469121982,0.14361644633915
1.20385969252473,0.11078888777082,1.00366599769741,0.084264534252165,1.01815559331831,0.159059390001194,0.124296343352137,0.0690942080183445,0.355742908868299,0.10907081108368,-0.582132132525883,0.0564572446883241,1,0.999999999988492,0.264560741779032,0.207475370223837,0.680819952612262,0.0794266915325121,0.805733836253361,0.0797693317867343,0.660599921764352,0.0919270502495286,0.65058659235099,0.109034395121131,0.708148870134305,0.141159936164767
0.961063415276447,0.105382615305796,1.11311591130025,0.0887207021938719,1.04858222543413,0.171830805764905,0.0246912689257347,0.0843953351356358,0.143660205498875,0.0832991327362502,-0.573473906527904,0.0556496768857424,1,0.892819223671328,-0.161098680859436,0.184381837115781,0.736793553405372,0.0804051360503483,0.724310258513417,0.0861220261977111,0.805270347993248,0.0937108482267847,0.575965142937919,0.113149772503163,0.528526809647001,0.143407932602383
1.06773626888857,0.119930270802864,1.03730961916461,0.0916255377193355,1.24119844075954,0.193662898642506,0.00393221715847365,0.0125423832419441,0.0698617331068399,0.111796179701245,-0.631228887005797,0.0490399154956422,1,0.999999994556676,-0.135768667447185,0.242591908184203,0.769339283953379,0.0924922388961032,0.82229026411511,0.0819522381425269,0.734726930277588,0.0832763538705688,0.789812580830881,0.0999154955035766,0.540341705743266,0.130344723729596
1.15006040953527,0.134051840595511,1.19028305957453,0.120519157343544,1.43927605168993,0.243502960039862,0.17735381247576,0.182569492640263,0.201519513696057,0.148247117550115,-0.655681217873744,0.0555175083936995,1,0.398863956167429,0.13637834429784,0.247003147809859,0.762738327997723,0.0961784634944955,0.872173627926679,0.0916156415733074,0.842726436161687,0.101100681572022,0.740525637646528,0.117998176609317,0.566950926254128,0.143339420582596
1.08254472003237,0.118440366648516,0.998155070109909,0.113592264201124,1.11611658809592,0.189242985765769,0.302845530519593,0.160341332365138,0.321300015376417,0.139501334653498,-0.620934561366467,0.0548933186992687,1,0.552643899897166,0.441171802945115,0.233048219200843,0.687142461074587,0.0965251533793277,0.672372254460229,0.0936728567390054,0.660306630162405,0.101646001763315,0.715517003446786,0.116854515623967,0.610027743662518,0.129321876790175
1.08387852531056,0.125320700903398,1.14268837935962,0.0988779459806987,1.22232027751591,0.202627705477666,0.227119743055339,0.146539264773413,0.0796938987983471,0.119112971162565,-0.680982146906887,0.0463523976323349,1,0.151253391559134,0.0213985507527197,0.260686112516188,0.824174316166346,0.0907411442633774,0.717454200249856,0.0983865549631732,0.628620955828875,0.0986367980563617,0.663437372406119,0.113099796238884,0.869476386400758,0.105199505325525
0.982071959115509,0.10412614863839,1.19341599993303,0.095830789507549,0.939206586956049,0.150449794468339,0.139119013960513,0.10681270634069,0.136148691049042,0.11479735900102,-0.60885686460488,0.0551732710110027,1,0.376651464182257,-0.147127014820906,0.206512622349117,0.643389848810224,0.0885736971001606,0.727713924272271,0.0860547368222085,0.797557719797863,0.0895094437415598,0.625567457111535,0.0989641306836896,0.696223190705328,0.124608880571595
0.770838807261564,0.0935062222945883,0.871018983197127,0.0796702387725771,0.80572974046135,0.122338476687465,0.0498546570137984,0.0358068268036043,0.20042300217119,0.0756530344043692,-0.550372716025423,0.0665915403947781,1,0.999999999287958,-0.219457510905754,0.185620144375478,0.627820911239034,0.0818502244273764,0.590478256019225,0.082196443498883,0.56546567014395,0.0925428831902549,0.663571673870999,0.107174979273058,0.624776207894427,0.134680931252131
0.895556141936634,0.0945734224238463,0.964794881079366,0.0774394482321622,0.964320096052612,0.145025287665011,0.0167939144123396,0.0234569636183429,0.127258434292957,0.0892052863895768,-0.530503419972103,0.0625001066625939,1,0.999999998131745,-0.173980005460107,0.197848797033109,0.767265051959326,0.0837671381556322,0.554948225593658,0.0928762258785032,0.668300954836877,0.0900366719803651,0.504390692895103,0.115173488639383,0.868995348602043,0.0981550094861455
1.01745404406632,0.11152313102423,1.17816136401879,0.110929468433438,1.07751695493624,0.173618921984104,0.0874038746222238,0.115727755248734,0.258916945136615,0.128896511210538,-0.664961872718147,0.0464001407816754,1,0.843690337511289,0.01842455207387,0.223551304204435,0.696593191404807,0.0894741927134033,0.669479722601951,0.0858923003072616,0.701667052437849,0.097774234419653,0.787489610501932,0.0988572523079421,0.659920498293147,0.133342785995326
1.16907463648543,0.111030512302173,1.10040862619321,0.0867303947213943,0.983811523160082,0.15485336988667,0.133155869620529,0.116873028047844,0.306703164360053,0.113482874033024,-0.634229494479058,0.0470403107469289,1,0.847387682004851,0.0561104780118191,0.218150143212081,0.74996827232186,0.0768815076816768,0.658954626382527,0.0878272833565682,0.692338561050922,0.0911203123838421,0.842631137760333,0.100013902811067,0.818655088837087,0.112362399179953
1.02721542398288,0.106212948142569,0.937027625197403,0.0938787577816455,0.834125591958806,0.133752555513364,0.267453027906387,0.153859205417326,0.305936084945438,0.101432043482719,-0.635132410599737,0.0487398426511694,1,0.647725838951541,0.0677526809844208,0.21253291697659,0.615527056413757,0.0864677703433217,0.690207038517689,0.0863360453443005,0.6072814026648,0.100344103919291,0.704847883741079,0.1039449313543,0.696952211791621,0.122886715255299
0.854515128471489,0.0887210126194044,1.00131070443059,0.0801383013546827,0.740712367234745,0.117973589936328,0.0340449606663088,0.0684110509782035,0.141357210485854,0.0782413227421191,-0.586911288434535,0.053362041358111,1,0.890157284096357,0.0808112308085924,0.177049945662259,0.712181279815143,0.081794165007429,0.642380155183106,0.0817269546418879,0.649305405886826,0.0971711325385595,0.561385324350885,0.110483268754445,0.670374970287265,0.14316467413952
0.776516018366174,0.0986140158998946,0.8060647662353,0.0900727696186581,0.844575271378024,0.136645358230394,0.0775906514156874,0.0638124695633794,0.255990518304239,0.112988251109227,-0.596921729513666,0.0548864053812369,1,0.999999999892198,-0.085151261172035,0.226087798879737,0.593765434685181,0.0874396865819298,0.592412839796857,0.0856811472383099,0.583903227936123,0.0960514807184105,0.42544876875988,0.113293558036486,0.612580829338603,0.141511272311113
1.08326802309068,0.116108037873059,1.13697978382448,0.0971304211595653,1.11557061867117,0.173642863302252,0.125609932860177,0.124857282938454,0.104978861422791,0.125342252148674,-0.617169284468969,0.0528858773532677,1,0.280440887411821,-0.140734062566809,0.228451099207631,0.883203336169374,0.0740844451646407,0.64352149453701,0.0889157713737198,0.638561346405692,0.0991956367921669,0.692013751249363,0.103840659776724,0.759027642970542,0.125409595866411
1.13099265688253,0.118728023056726,1.0277910128421,0.0935977845427918,1.15027821591118,0.193868745611093,0.156912842514341,0.118303606836551,0.316039492662121,0.12152451489345,-0.635385557094795,0.0529387161047586,1,0.743893327889592,0.00666790370296853,0.209452545877497,0.73062315942109,0.0840511642850509,0.741703984317662,0.0801463616000043,0.621290342941793,0.10143628982527,0.810772485666505,0.108072715365558,0.767837587429896,0.1209564267199
1.03371219046838,0.10179296446068,0.942103582627921,0.095604497196244,0.936196346645291,0.157275230261062,0.127408623247552,0.0857557070144798,0.345368625544215,0.127123084460694,-0.488185590212321,0.0683745572786726,1,0.999999999559168,0.439242355587349,0.219878185869721,0.554963313452362,0.0852765880036723,0.587721103419016,0.0810530762516703,0.607600939827687,0.0971617000410349,0.490585885236216,0.132012245294186,0.46753444727808,0.142636834389022
1.12377337848583,0.111276400198138,0.955009752351177,0.10030858529431,1.01923643911261,0.172618513788569,0.157646912172863,0.124868140713343,0.338936360523106,0.129070863570544,-0.604268143263559,0.0561321911711241,1,0.845547396092692,0.00416895736451279,0.226004177961086,0.783987461160774,0.0874229127742071,0.785862314067014,0.0928431780137322,0.631459364927468,0.10669813076991,0.570825355712236,0.117833701115287,0.69960210250118,0.120920603402235
0.83861930780533,0.110010756105598,1.0804657692216,0.0989797122027206,1.10937433929579,0.175388132765334,0.200248663855974,0.125125069427282,0.142084337634836,0.125579423830582,-0.679046929450269,0.0437853365182499,1,0.301454891676717,-0.219742740104434,0.22776980116081,0.746510674472762,0.0828794148810488,0.751666555801476,0.0856625250399004,0.601094010782498,0.100875578246938,0.695687728137956,0.110581019434321,0.871008230645891,0.125014945475854
0.965152778795086,0.105643680670908,0.973538350201302,0.078657740183736,1.01128816262762,0.160268899862894,0.0720044176053103,0.0479229791330974,0.269846651218985,0.0949120160044751,-0.549982008433324,0.0626293957931363,1,0.99999999995162,0.0181196859384027,0.191792389691035,0.754181984275898,0.0799629217045044,0.650721702625901,0.0831448651375906,0.560482595566658,0.100998625142562,0.631363353001412,0.112988915475212,0.933978622012035,0.114063785974538
1.23047826793138,0.110375111966528,0.999681036031927,0.0794023330359475,1.05427044667797,0.15983676110425,0.0889116232106296,0.0537730340120096,0.306164819049555,0.0998322855598418,-0.611851688705813,0.0509612422115455,1,0.999999998434518,0.141061134689554,0.217374018097718,0.700683566981641,0.087398955344702,0.693769413551182,0.0833422213351767,0.669313554381587,0.0928593516798618,0.859136472068593,0.0882782090536663,0.986326568015337,0.104338666996227
0.967508767051974,0.100010682682137,1.01517468961176,0.0891221726095751,0.884239125445707,0.144767524153956,0.0397589317036968,0.0949537465131685,0.0679639787494358,0.0905544259882398,-0.587212249015522,0.0604194218874513,1,0.362473764596867,-0.175120151161667,0.206827543525503,0.719432877949519,0.0862803014759775,0.550262429274941,0.087218799779386,0.573713133862904,0.0962229812122661,0.766285235864218,0.0997852202295227,0.767865663575286,0.128874918364059
0.914366071974265,0.105573008513358,0.996624141546231,0.0957602370557937,1.13322468259211,0.181917357093454,0.0396985964355985,0.0440472475038608,0.212102402902805,0.121590160307991,-0.583955753864349,0.05726392282311,1,0.999999999689476,-0.0308721501547753,0.225789323337522,0.706932297309625,0.0852013413471075,0.76825541111316,0.0829283103099043,0.886217998384045,0.0923484462607632,0.616361661119829,0.108472352139665,0.911622065177383,0.124215057437047
1.02953191147754,0.114742827374665,1.02918570607791,0.0857983532914743,1.06162607788825,0.153552226047488,0.0365215650665408,0.0416954736232636,0.196906692194697,0.113539665952468,-0.642386166496521,0.0455205598361799,1,0.999999994211387,0.261751150258746,0.224128461347754,0.660921053830358,0.0802892113230471,0.645417628859868,0.0841125315678629,0.78634193663666,0.0844174524057999,0.743176776254829,0.0940771038133736,0.532850999449181,0.120592777185276
1.09157279016392,0.115388428485479,1.0990265531341,0.0895795370297396,1.0745324719305,0.153256257424745,0.100741471222212,0.0892583744841871,0.294242841498164,0.0876172723857155,-0.685987400912409,0.0372289998609465,1,0.894318035771589,0.00280811739147647,0.231478493791048,0.854436984188688,0.0800941329191486,0.728533709394239,0.0784875314550997,0.796562607606391,0.0847174319436506,0.663571892887361,0.0960028276718013,0.647461496284682,0.123248915717645
1.07901286090875,0.112581633150069,1.08002593373384,0.0959528358759594,0.886280402074391,0.138735942657849,0.0742776763246899,0.0839031816022683,0.188303771383841,0.088642815711152,-0.638634390278432,0.0490270734731183,1,0.733912510237407,0.110554092374829,0.225668682059037,0.628729963814401,0.0871628016744673,0.712058119790883,0.0843134138205418,0.758906496148404,0.0823577185215413,0.602982500902177,0.111448362124073,0.80421440245244,0.114717484796709
1.10291240491791,0.11648702905832,1.18602993397212,0.101750735527899,1.11543535928271,0.18287854877684,0.0783872068991789,0.0917720350101096,0.202629292621822,0.130522060862514,-0.642971957421081,0.0468287561330388,1,0.685263231001601,-0.0434250550892588,0.22275456579259,0.824477893938608,0.0825442665864155,0.810534117808628,0.0894366442151044,0.855074957172003,0.0889022886530124,0.725993459930196,0.117076493014264,0.440824271876681,0.148375397753438
1.11614441167461,0.111645876907037,0.995096495828144,0.0993574495441755,1.24269941934155,0.205371113472111,0.118250231672121,0.129679925286322,0.224712611821117,0.129356122202244,-0.656255820025914,0.0481701333698858,1,0.586196741116326,-0.115809607241197,0.212680330632513,0.827641071746298,0.0834660125699039,0.846285724532561,0.0921808950832955,0.600255336885802,0.102272392397383,0.794475922092513,0.105419508182403,0.775321415092429,0.120124875216221
1.19284699010788,0.132642338030372,1.09228237831244,0.106752611199618,1.23610836072176,0.215085288909418,0.216484128955471,0.136301147622379,0.141982917403349,0.148934850571285,-0.668855564024126,0.0517185132049132,1,0.274469943180537,0.10660076709873,0.249144877606986,0.740267528535483,0.0934144730877792,0.827647428634344,0.0891841933138908,0.604226126873226,0.104548452279032,0.91583273750917,0.100463300209697,0.657747249792524,0.118136430784246
0.988084637560782,0.104633572200376,0.966344234618911,0.087072591664156,0.891186832450716,0.147358844192045,0.0755175454232447,0.0963964166635405,0.24186786482943,0.0995119173460555,-0.487044138256157,0.0766383952940349,1,0.932330426235532,0.301740415683794,0.225943847449508,0.574385142793787,0.0988397459779921,0.531222228143608,0.0966294309053178,0.631664139672631,0.0909500079516193,0.713936259839272,0.106180747204623,0.736766953065274,0.123565837188611
0.975940265541777,0.100744170066886,0.954614128267276,0.084393218506866,0.94687558860979,0.148789333146995,0.112455876831948,0.0655079652741335,0.326315375926682,0.104198350781363,-0.52498261674409,0.0651344616465081,1,0.999999999991977,0.162327437200796,0.198182508303794,0.641978126396759,0.0837097347510077,0.5894510706616,0.0911919970667432,0.689269457083679,0.0879190556774886,0.58614350981058,0.104860731541306,0.729148860263048,0.10838518981694
0.916233656715615,0.107685075535467,0.947752027546054,0.0840315087364036,0.979310162939252,0.155678410526908,0.0379728547499309,0.0391098082186161,0.192839836444743,0.102581200010756,-0.559768655538587,0.0627834413968444,1,0.999999999295614,-0.122519479004129,0.224870265483977,0.607352041277181,0.0845030922230829,0.715535594990881,0.0806804537147644,0.744695379570281,0.0895400021720748,0.660614146188663,0.121567321287652,0.608586578447934,0.137650499253153
1.18243754051691,0.115579281218753,1.2647711529092,0.0968410547647986,1.1992795465235,0.195259390217779,0.0109806447286297,0.101888923346297,0.114740589336618,0.113427758936512,-0.623431452887531,0.0523617294101412,1,0.999868628873187,0.00382022382026728,0.200765938631879,0.724681570915055,0.087069444805349,0.651552134196485,0.0901191385468396,0.705531720401239,0.0911443626389524,0.764829881785172,0.0934290889386807,0.669160146268752,0.131630612676611
1.06154993225888,0.113458171598732,1.13841434895099,0.0893380943192848,1.02644062030131,0.164077293589101,0.0259128235220378,0.0295893111694501,0.16308885507432,0.0958544182308474,-0.561971927493571,0.0629753032833274,1,0.999999999994993,0.173387120068648,0.226578609219819,0.685884317129217,0.0807255509103713,0.738247934622685,0.0902787925259396,0.685812348749576,0.0945752789820382,0.723132179025476,0.110594405389605,0.74854884615134,0.122024230608027
1.06352587312721,0.110172263148827,1.06088382298786,0.0910410757104288,0.925453547346043,0.143817780262946,0.17197532453012,0.101069342970054,0.115898056983955,0.0964488631575027,-0.57105209654705,0.0589356674648916,1,0.290513135737093,0.197029344058765,0.233732787163283,0.673723474937449,0.0815939954716561,0.698707698438647,0.0844350121924133,0.648067503749772,0.0923021935139346,0.60517982154457,0.118614409997811,0.727088375181858,0.12782917498772
1.04646771051116,0.105580511782696,1.01572094287037,0.0890210236073636,1.00707985186658,0.176158126204483,0.00396783913583721,0.0133673975476115,0.0632133720220361,0.104517821557238,-0.610361535430569,0.0535550330136232,1,0.999999944099003,-0.239828074512997,0.206133214897353,0.705741250759354,0.0952117018945484,0.644971916680917,0.0797281955370638,0.491014121228857,0.107957998826201,0.672827095341401,0.110345809814973,0.796286036740845,0.117361120227564
0.851649170533573,0.101590129342764,0.980926069162005,0.0996622078224698,0.98724873204802,0.16055780553049,0.167685317684255,0.118597835403636,0.327537819862636,0.139158218412497,-0.470796317983117,0.0723827983151977,1,0.805008827347904,-0.223855799767944,0.200730974035928,0.609612312281816,0.0908083743604625,0.686444678605942,0.0901016746267232,0.513301456380659,0.0990425309911261,0.643590984881546,0.107162220822953,0.687850665255164,0.118760726402882
0.938043748710789,0.103880514919691,1.02154089511357,0.0865609165738617,0.825703067913351,0.129035157690712,0.105108471307561,0.106291756646919,0.200672035270424,0.0687676086365881,-0.613674256899524,0.0508699190079952,1,0.681170837326426,0.0445714879059989,0.221314032943131,0.648933601019858,0.0842586245605244,0.698238694318127,0.081270998991386,0.724508527169759,0.0920405967738884,0.563040249399613,0.115604313749709,0.611333267838757,0.116419059900509
0.922608706084076,0.108582397305555,0.895612234430914,0.0855290382556921,1.10242699299453,0.169931450959748,0.08494608222158,0.0601472244387424,0.306017734270392,0.114043392440818,-0.597270682746104,0.0529798746737322,1,0.999999998386391,-0.0211407088059539,0.222881473642616,0.746939859459661,0.0827289162054613,0.578666721896311,0.0873510276754044,0.689203347241509,0.0910011308448932,0.747214340976978,0.0980227870204233,0.772089243374299,0.113159076080742
1.04336795696057,0.102106382348961,0.806922890408813,0.0908568510389029,0.834575810877293,0.134325785825705,0.135137111148229,0.121165086518854,0.09018833361545,0.0982190795942075,-0.578254815016505,0.0570130305216009,1,0.268553088143034,0.109632789248706,0.195756321666347,0.730218508480807,0.0813868644709525,0.73658017098191,0.078478090428987,0.601926201536369,0.0977724290765382,0.622632092813016,0.105989556799418,0.652752987362984,0.123294783599289
0.991938644776927,0.102710979662183,0.945517187217792,0.0870967035957503,0.990703732778337,0.175119274419843,0.0549778387274984,0.0772699844138911,0.219266854597648,0.10089965241404,-0.468057413372439,0.0731776678411055,1,0.939522652092747,0.0124445493217535,0.173770056634891,0.68373190574703,0.0809312519335401,0.691169895658846,0.0855783249003279,0.720408120676275,0.0995396053042045,0.721053592073142,0.120320977806297,0.410196261916305,0.160003453541785
1.15534711541,0.112919410964505,1.07631475113752,0.0936326556647022,1.11476240643816,0.184577031176146,0.0924894378586715,0.102780328605295,0.261960994734502,0.122059666967078,-0.591546740931993,0.0596410991224465,1,0.815829497396238,-0.123305780160299,0.204823408196619,0.773438282971033,0.0799236645273852,0.787457343929096,0.085516389075036,0.637348267203028,0.107428003729508,0.759114190057887,0.109330498819121,0.843311615525008,0.121278165378297
1.01215995588233,0.103293987642125,1.018918452463,0.0842699224465044,0.947506700651131,0.148087978413237,0.0862901937970248,0.0984626603753015,0.122992846789722,0.0918303729225987,-0.549142056335863,0.0600433760968127,1,0.430138173526609,-0.0329685957363888,0.211299112259881,0.659364264091453,0.0866481439007168,0.650795115965529,0.0829546291103444,0.614749504460628,0.093233256227794,0.784518011648827,0.0994869368207371,0.812835139338177,0.113902576562566
1.13365233181985,0.121042209731695,1.05745814692746,0.0949949761461499,1.15933931721061,0.196874692319814,0.0883191357340024,0.109428472593966,0.234109641699214,0.141678810367575,-0.623430643451085,0.0525543452532221,1,0.731621758157829,0.496077986809036,0.240736177927902,0.692043639000345,0.0923135921219442,0.823502047008455,0.090633511727345,0.760201385239639,0.0972377868773109,0.671348778716247,0.111486646065079,0.713503692575854,0.135396383214047
1.09471675937065,0.108359078721921,1.07353451573467,0.0781573244058217,0.96712024718475,0.147476911083347,0.0261657502686251,0.0280054700025143,0.159076795090823,0.0867915032058576,-0.527493113482457,0.0593621309168857,1,0.999999997407682,0.120132108840501,0.239803159780952,0.732615534983979,0.0787081068066658,0.722651017233284,0.0810427683509608,0.64233733502797,0.0981891937342364,0.59167701808058,0.107460019680586,0.860024048513005,0.101423491095484
0.876965232658254,0.104828133979815,1.01765004984661,0.0923163429872896,1.14111779063041,0.18799713656438,0.142620885605938,0.130762978216218,0.256528049139337,0.123507416323688,-0.502273492419893,0.0680632221726269,1,0.635884231846653,0.0734081077948516,0.190077197196564,0.640588179139413,0.0889482016374232,0.708187337366726,0.0893027850231108,0.606047245085791,0.108048142843985,0.636740922556467,0.112706498490004,0.920490779267996,0.104909911667859
0.97963608194379,0.0943669932270002,0.868108348699817,0.086435421721133,0.752572549415344,0.121426372462052,0.0824846442974496,0.0620773261942977,0.249149912649024,0.100336361756219,-0.587492936982176,0.0613036248586578,1,0.999999999407712,0.162429979482383,0.201965155676594,0.63393650861117,0.0888423781113507,0.624723925282118,0.0868679298373307,0.611900037054793,0.0986069409256438,0.645775765385695,0.101781900842512,0.657527930198994,0.122410679864934
1.24959548475343,0.126729617794285,1.04743719483356,0.0939313771181302,1.17949021277818,0.197694255491039,0.100028452449642,0.10519760477283,0.188521063674336,0.12038529780494,-0.589995592974065,0.0597198513687267,1,0.548846546425011,0.379011931902428,0.218675881562669,0.590928773452091,0.102724446437904,0.735791910498608,0.0914854193475447,0.61090059500736,0.10649138204554,0.677221806931267,0.103339063056138,0.80662798141874,0.112902373863143
1.13482314533003,0.112203058949497,1.07291583544934,0.0970385559307346,1.02498636551628,0.15917721859204,0.103192496728683,0.103965507030503,0.214764926623349,0.123656058773114,-0.665172101338366,0.0455774209492083,1,0.660359231757926,0.2205668718424,0.232248642573134,0.75301543129304,0.0853228174468589,0.692199569913819,0.0792314100550369,0.748460008120583,0.093319319113306,0.828173495857544,0.0987304258914013,0.667665041832203,0.138601659821731
1.01331574697689,0.100038079331081,0.88746080438411,0.0897547250785583,0.980769130974529,0.157564606598254,0.0596678634972771,0.0489384270620997,0.241909897748992,0.103331517680119,-0.581691320811358,0.0536655704298626,1,0.999999999996552,0.104513261575335,0.199059876688753,0.65861009945073,0.0812146429096985,0.787216471923406,0.0815940872810796,0.725660769546668,0.0880589901291505,0.698133874613084,0.123715559627095,0.693403829432633,0.125857655023611
0.953360519898536,0.113338476529173,0.95099511799046,0.0898515246903762,1.26153851019232,0.202443075030312,0.0949078807397516,0.0804983845780612,0.346020151751084,0.151219450647271,-0.556123801796062,0.057022332522244,1,0.999999995589685,0.0516650574136154,0.214771953055044,0.575289783588428,0.0970731583354394,0.795436693250838,0.0765318640702805,0.714005647722883,0.0913822898749725,0.668006441957677,0.115289546676627,0.548553026213614,0.135452570226101
1.03919062653247,0.106924146399387,0.964698262986238,0.0801678465236021,1.03228183974618,0.169687697913136,0.0330454290518627,0.0341072096157604,0.184694873484236,0.0997716843495371,-0.58655874255443,0.0550143557491126,1,0.99999999991937,0.160555015005507,0.237243568189874,0.781140324962974,0.0728367060033851,0.508592317460772,0.0924492378899055,0.664916078328177,0.0926578179284,0.633510310251962,0.110249764984441,0.54605645205876,0.13857412562368
0.811901674346725,0.095041230920997,0.944265192148348,0.0819897597377481,0.764610107759751,NA,1.97526315242442e-05,0.0490888335868218,0.00264874495375051,0.0768332634797391,-0.553284738195191,0.0631075334425387,1,0.681565570450748,-0.0700890295411246,0.212087047583473,0.587695236983657,0.085485987901955,0.595663066366752,0.0844925125563454,0.565439255852824,0.101261481908664,0.636304398134513,0.109647487674317,0.469614626842645,0.137617706942767
0.973442094910598,0.112437587769044,0.948952359834414,0.0900216799312737,1.18218347991955,0.198653741620336,0.159352237878849,0.111835072455663,0.235002459011319,0.121877759408225,-0.608195123289151,0.064060906700051,1,0.541440677099633,0.0492190792998225,0.222393741623607,0.656630335843353,0.0964035954317941,0.679939287847988,0.0954126750830347,0.695821714045894,0.101576591861866,0.791861955821096,0.097717541847559,0.728619224829055,0.12354907602167
1.108534923506,0.105291325076537,1.00691940350724,0.0857181955297978,1.03731445347624,0.162445526056178,0.159984622521921,0.0940773687317279,0.407374960127296,0.114795387491329,-0.53445984069219,0.0661877959264213,1,0.999999990547967,0.0601076006658031,0.212316190361981,0.655499006929099,0.0921577301401445,0.789634385757493,0.0769144195040024,0.688181108167943,0.0925655338104459,0.699433062653476,0.108268532142058,0.582457711597167,0.134021402772901
1.13853047500386,0.127531409853991,1.1651683874363,0.100020612653694,1.52513238289638,0.269503674906202,0.0628985210769044,0.053804288524738,0.309723377935206,0.139581747250278,-0.649143344873026,0.0562671571214025,1,0.999999997440372,0.421159347434416,0.24762133191553,0.623606430566622,0.0960852203057981,0.859706307799114,0.0852812488505393,0.864285107059046,0.102306551851355,0.925483883468546,0.10941167103827,0.973198452959267,0.116329645024565
1.10799996233514,0.113298107163864,0.987958361336327,0.089586211174263,1.28456976349691,0.20428921161092,0.0870596858022331,0.0833019937734416,0.334416240415516,0.126423358780064,-0.614116303940728,0.0475197074404122,1,0.999999918864551,0.0787260762544815,0.209048787245938,0.760463600643476,0.0853894218173043,0.636425378601167,0.0908274609399064,0.740099961121907,0.0928990901135777,0.715937680684304,0.104653450320207,0.804384175462655,0.127353284167026
1.03114571151721,0.0979792951981652,0.96449446784252,0.0793656419750869,0.858828317703122,0.132640793380188,0.0828018926738097,0.059108290887145,0.266669477405053,0.10106563732432,-0.473705994976556,0.0687032281741544,1,0.999999999942356,0.203815752862431,0.201885949102412,0.548449859173631,0.0913007190933223,0.664282622939551,0.0771813953846885,0.672407819555929,0.0844035248996661,0.653057274948525,0.0976283884262703,0.552217683434563,0.133695939493177
1.21493098159746,0.112349855204242,1.12261710813547,0.0966535424077925,1.05479346898539,0.174377046269292,0.0826019453067856,0.119123955903679,0.215741202503804,0.100578808494831,-0.644748409990889,0.0499060657877852,1,0.730893738639634,0.341932345671879,0.223615074936006,0.805545195410594,0.081875009772819,0.652226600625292,0.0911606692197909,0.765897290910463,0.100630597031111,0.727503044266489,0.111005157003873,0.754326775981278,0.128088939633893
1.15039190993254,0.117607757265408,1.11305317059909,0.097339024051348,1.04756620079677,0.169741904000633,0.130253650572354,0.105346881293456,0.275623929466101,0.0960810790766113,-0.570765966970952,0.0558255576561832,1,0.746158737927196,-0.0145310526858924,0.22599715218405,0.693237761665126,0.0835373473256457,0.696883638850483,0.0926638018208412,0.790064819837698,0.100097693760067,0.720789673236727,0.106208979869353,0.70052486448119,0.130654353967884
1.00335892737873,0.0949676242500277,0.892076071384091,0.08203160633917,0.802808911394192,0.132525315871047,0.0812296198860992,0.0770095637217864,0.228212540729555,0.0853605621373875,-0.533178396085712,0.0595787603616734,1,0.893667991897059,-0.0121186605617962,0.192296120481917,0.671907777699043,0.0800880857842285,0.746861193939272,0.0737705148574604,0.670781823430486,0.0968236056934086,0.6254064728477,0.114832548755839,0.671171532186958,0.139394865288712
0.997762974349125,0.103463832486034,0.827311750080315,0.090143359139412,0.977900352340246,0.159691616389564,0.196572092102308,0.140761389650579,0.209128790874755,0.111790581124748,-0.64169270529848,0.0469198859568713,1,0.476985959360858,-0.154210264117988,0.220611089561321,0.756417117107836,0.0844160912941185,0.687985937151543,0.0789700698178178,0.682282579010676,0.0889180595305457,0.827176314535821,0.100287340126631,0.565825534763212,0.13756287289948
1.03850428064298,0.116201612131834,1.05110606038705,0.0951834936221091,1.34811705840189,0.226260751461535,0.0707001441591266,0.0714370213968079,0.308726528206953,0.16056945964517,-0.68583170792186,0.0447451587818049,1,0.999999993947919,-0.0384993438539306,0.223582667110449,0.677291178129293,0.0876681934928462,0.723170893361814,0.0870329715758038,0.802630876030049,0.0901432442797356,0.671993194187922,0.11387262081164,0.783597568636709,0.144885021615664
0.862774914763067,0.092615421372637,0.983207762595737,0.0817453821413465,0.849833462337734,0.132840220947474,0.0268271848785131,0.0365338541502107,0.150992171965697,0.0861243786216881,-0.602884951328654,0.053356133956035,1,0.999999925101606,-0.0657741878472621,0.206218845706372,0.668966485729257,0.08338320698674,0.779140400939593,0.0742747081586124,0.725953020439754,0.0929984737897635,0.520104636079276,0.132610716886911,0.612152938010321,0.134849381479295
1.13606901655247,0.11325476559351,1.11370113072991,0.0972775247099817,1.14811052605648,0.192597884416102,0.0902798913159248,0.0622577902024308,0.321949209517651,0.122184706548868,-0.626908945660928,0.0543984608159079,1,0.999999999990314,-0.227891643564427,0.200851033312492,0.903572648887956,0.0824439286625177,0.726724953129307,0.0815745826960746,0.608959435172572,0.0997068594013264,0.903316998325165,0.102484391203432,0.621477061815933,0.13278559228679
1.15211147864292,0.112834780833649,0.925821654464076,0.0763067962546001,0.926580851449093,0.154558284214681,0.0147852173166893,0.0217850920659404,0.117045711120378,0.0844922221461146,-0.595648517454253,0.0636844387830446,3,0.999999972317537,-0.0424094726879781,0.214919177378398,0.673684174474728,0.0813614376801961,0.746087137049033,0.0831057323539376,0.745597317430191,0.0931325322805066,0.501162807654378,0.118795742755786,0.684911335702977,0.117956955162154
0.978501720020368,0.110550078115206,0.928570231460723,0.0845715323446714,0.980969562451883,0.14411791976789,0.0623807126804164,0.107992036958322,0.209489283893949,0.101456629324963,-0.639314126167597,0.0463373527847245,1,0.846854656718608,-0.15862424010497,0.233907421984345,0.666728787834872,0.090989198082885,0.841254516307433,0.0787113312304915,0.619354728689574,0.0908043255102276,0.677481850692947,0.0979641354080113,0.727190385723591,0.116053206268818
1.14300246224815,0.118801482769775,1.1313048742276,0.10496534271588,0.980330473911434,0.156769753903898,0.195406277787683,0.150318185023357,0.253964962164141,0.122855743962284,-0.640726503692871,0.0427132004383419,1,0.580254205122392,-0.317991687268636,0.230198886673784,0.773685493327249,0.0846392930351073,0.775252521932877,0.0810135130103357,0.72448235197632,0.0960052452184741,0.538475834841686,0.114607599437875,0.768547662289781,0.113636163959254
0.991762715840032,0.097008974409578,0.958143155994533,0.0845299139126345,0.813382652184858,0.119503949802268,0.0750702139614702,0.0467276343000321,0.247104855046991,0.0797392677052272,-0.591089741856179,0.0546349629650159,1,0.999999997180919,0.176608540571249,0.214830885145934,0.724520720408065,0.0815772709542875,0.651177419216435,0.080194831063823,0.703840212615721,0.0918273357741314,0.63724603696723,0.109972561250137,0.653997142116381,0.126937900085284
1.1678154483607,0.128282045685122,1.29757249467711,0.105441576249285,1.30070786594092,0.223283685197634,0.164344245588138,0.108911208537169,0.164458496855309,0.132198520883407,-0.682566413972644,0.0455579261873371,1,0.355704354761271,0.214863602463067,0.25598156053858,0.818570536352504,0.0912816168078413,0.688029163621288,0.094670039985232,0.799446030724587,0.0976386806164252,0.950212880016879,0.104565244433085,0.822623579288923,0.129811816019651
1.05425732878205,0.105823919615075,0.954927571772572,0.0862127911197477,1.10238673484983,0.176270442747526,0.142344410872305,0.0670264064409111,0.396129511562861,0.104436379692171,-0.62979402694797,0.0533631743636043,1,0.999999998742621,-0.015546814184359,0.186732340717968,0.698962478547216,0.0827076464830017,0.737853303339317,0.0884857122578905,0.729430702047834,0.0997307698002339,0.752405062428602,0.102368283153199,0.978408790107531,0.107445248325573
0.845416268067604,0.101290221176306,0.768931464082666,0.0809421137970148,0.89443516032593,0.148641063807889,0.0750635616554871,0.0677216366554511,0.259112887952083,0.122911696466915,-0.624900324378195,0.0568810870578631,1,0.999999999247147,-0.179325969934854,0.224504600349681,0.725988598888311,0.0883066036984702,0.56847794520189,0.0903695560566927,0.714394163769437,0.095371172964168,0.511268928276784,0.121590783029794,0.458444995464915,0.123365822687248
0.942283577235848,0.111938162713176,0.996971018636553,0.0900281606698566,1.07901171892577,0.169395308193873,0.0359362177319796,0.0449653645437877,0.196915210348664,0.126063039268643,-0.651907959057312,0.0464035350735714,1,0.999999999999801,0.374760095433821,0.231570162630792,0.525814471100985,0.0893743431533021,0.796265174666481,0.0841477884399291,0.662324102920535,0.0978158936562396,0.774011403015178,0.0941247067780285,0.842131079343928,0.125143311335487
0.864852300510327,0.109438000026707,1.04849697928303,0.0849035337426625,1.04797101937478,0.170884533036446,0.014752746491854,0.0278240203177473,0.124340050448264,0.107352147084592,-0.605599159587383,0.0549890504685918,1,0.999999914809425,-0.209860546375755,0.232521398097075,0.774542872948859,0.0713973504673616,0.789077257231768,0.0798426385317843,0.756959403195189,0.091955228488217,0.764615373616874,0.127355446812275,0.506043993417904,0.160278373578377
1.13303471916044,0.124227857311907,1.05575115002512,0.096526639044859,1.22122780808583,0.19773993832087,0.135846171570307,0.104264673993666,0.0674239328424367,0.125246204541732,-0.677086954709203,0.047375008543323,1,0.165535840057267,0.0440158717735564,0.233794959533674,0.840347747223091,0.0870660695470558,0.712409022410046,0.0931877054020216,0.795887047468301,0.0934359680050231,0.831770330924388,0.101839491795242,0.746101585175139,0.139797994065048
0.908749734454468,0.0960179676887695,1.01144329280588,0.0898027978342767,0.881416948728287,0.146843725045422,0.0773459915719134,0.0945723577982997,0.261101624176678,0.0940509299907844,-0.50206235704482,0.0792495826847495,1,0.999999928565354,0.00279979240620467,0.177964132549715,0.617088613550054,0.0852093101308704,0.615106963074616,0.0855644120577288,0.69744007016541,0.0995709990606393,0.692048886638172,0.105722280000672,0.33025136918083,0.170058419371089
0.930555833621765,0.100474957103741,1.03563493220388,0.0895279065476805,0.899586251085724,0.150782511343425,0.0202565333156632,0.0791944557773925,0.129756226400343,0.0893094070396977,-0.610732482544541,0.0515918662916953,1,0.961223192294588,-0.0099794047849187,0.194960924876536,0.725679786616672,0.0883046598095193,0.70923601994991,0.0890222811499813,0.697678817691818,0.095044727567818,0.58117471391194,0.120356520216078,0.689042724343558,0.130544083336185
1.0069929078136,0.116874469180698,0.980361311511858,0.0868079833216226,1.21098585550342,0.195769339712144,0.148899346882727,0.10975071786517,0.387564609101308,0.121171795406423,-0.5791757542181,0.0577367062554344,1,0.912700272973812,-0.0934113917451539,0.222985185150651,0.707339770341407,0.0843903069058072,0.680517639714023,0.0856009413141976,0.5711253873631,0.0958332906756983,0.68861715236271,0.110245529610185,0.72412235869247,0.121904627152085
1.0855805497764,0.103219908400432,0.996761462476005,0.0915749376901292,0.899986642884745,0.14457374653122,0.0963214374229297,0.0634065446932899,0.294428270547157,0.103203395249269,-0.560246362566927,0.0599877276935776,1,0.999999996500637,0.267788012999784,0.206929058382885,0.621693540844542,0.0797170173681226,0.728871056812604,0.0775568000226554,0.69877384857684,0.0973770780469235,0.577279871166674,0.127111908584795,0.608789839609252,0.139662995610946
0.717658929218461,0.107431615372461,0.990866600876177,0.08411424888903,1.10140779877838,0.17676132105522,0.040330853151137,0.0914091677534387,0.0684310127609668,0.121172281707712,-0.671530869376283,0.0466831412552377,1,0.324683477875879,-0.145545070671142,0.232797907990342,0.696512861375351,0.0823419457940487,0.682674020073646,0.083079913471506,0.662336235262733,0.109241870055345,0.528986245562221,0.127717307633592,0.700420255040277,0.123435753663196
1.02460484874436,0.112068202386858,0.955209045952367,0.084553546163762,1.08960319403609,0.17753828636058,0.0257390905194294,0.0338879299974526,0.167467592250475,0.109266013274702,-0.608194560267055,0.051776018752757,1,0.999999985962348,0.238437134965122,0.228502350315631,0.640911837078088,0.0855189554195725,0.706659513622527,0.0787744309931299,0.681556877534309,0.0957682692387814,0.640432637208414,0.113466771759692,0.652832659517044,0.142679758193715
0.902809273456345,0.0991365202739017,0.906294118373262,0.0820918934181436,0.692158186180526,0.111625876824757,0.0548049518382387,0.0854115777707069,0.151889703841378,0.0700820973314559,-0.604467192730608,0.0505182519847107,1,0.77985840156216,-0.10391698069305,0.219685045162037,0.61164809965704,0.0862157702644612,0.559783815198636,0.09140410286388,0.578704028919851,0.0929889978029988,0.594544563804516,0.0900864561093656,0.657425717671714,0.108925791651006
1.17072786680909,0.123193207885127,1.31947616222547,0.0971306286851627,1.4607760636483,0.246864865259451,0.0544027507556913,0.0494846379275225,0.281904657810359,0.131959638097486,-0.683276014179757,0.0461250007017418,1,0.999999999966261,0.250472932483943,0.208823955439154,0.743423477707489,0.0825122912565995,0.874477052653543,0.0877555459964549,0.692949691896897,0.106584799894946,0.863549917128183,0.110977037757832,0.807739152076843,0.119245372847453
0.933752294234342,0.103372341251081,1.20063188494333,0.0894060129618213,0.954435568360955,0.143355461717672,0.0895698110985451,0.0513193777701355,0.292384359286775,0.0904392339880758,-0.552613223444653,0.0519671028625915,1,0.99999999995154,-0.290874489849195,0.199946309515591,0.7819132403981,0.0779116905287427,0.620824962098551,0.0788611606420629,0.690641507278354,0.0918695883786921,0.722487581041699,0.0927538983389456,0.781198242169107,0.119315473088848
0.828391620757902,0.102182314953291,0.828195868157005,0.0808242019010362,0.876962705507307,0.139215301057783,0.0765666424568716,0.0524083866436483,0.259125625689992,0.0935221609121178,-0.406574346409035,0.0929371991563298,1,0.999999999766487,-0.173048242160874,0.225529574976353,0.611681837621096,0.0816894720880314,0.608893449497132,0.0855906060153566,0.665852010565544,0.0954297247739067,0.658885159818599,0.108561647564231,0.738159147182063,0.12485150573931
0.783620034255636,0.0971142662206469,0.883689637760709,0.0652554440313779,1.01122988368067,0.148565743956032,0.112021005591986,0.0578158430339112,0.336569440761555,0.0959527990733626,-0.564771008593147,0.0510417566589586,1,0.999999999999867,-0.384555633185303,0.193672751569842,0.596811417113194,0.0843588188036045,0.6572701586888,0.0736683542911897,0.670649916717754,0.0844514188924501,0.691689853136449,0.0923975217068295,0.542591327980959,0.132326116872196
1.20232390589979,0.113363990024871,1.10539928343628,0.0943131320374939,1.10836266759478,0.17029533489495,0.0950273741634703,0.103848696161934,0.323992587373484,0.109709514086124,-0.660378461167809,0.0445942268878308,1,0.998319984733374,-0.0897787117747538,0.215583521173847,0.765142810872866,0.0853619433984894,0.809956176127153,0.0723557019656006,0.654550989007623,0.101125736435613,0.797360567769432,0.105240586928397,0.951061198992052,0.109848512546319
1.0328332650533,0.11308476771375,0.97670348069167,0.111071095447092,1.033571048405,0.17703471272972,0.319818563397498,0.149655962737748,0.240913034224794,0.130316199230486,-0.486688785690789,0.0785702455488331,1,0.419023418433014,0.184269486043015,0.212005365355803,0.764085268971181,0.0862594449936276,0.864732879079531,0.0872104671200224,0.689310511735472,0.104109410952321,0.412725037680887,0.122309818294624,0.702888602062376,0.127757960803954
0.958608287084071,0.108075118824821,1.11789607342388,0.0901828768118651,1.10449909365887,0.17274017604271,0.115852063141656,0.142263751049184,0.357712838788602,0.130124058232911,-0.576868319434879,0.057260591547968,1,0.999999907375163,-0.0806286019461084,0.199052230038205,0.721441316981611,0.0840271358232162,0.710873206228653,0.085464168065562,0.673794725512085,0.0873560283100462,0.763527399563881,0.0949513120286533,0.668446990697428,0.133005328414759
0.995455352024966,0.109645231942517,1.10398910689064,0.0897170555145629,1.17156215070864,0.172616865961368,0.183806652885081,0.123471162454813,0.343348664844492,0.116427907016651,-0.607270098131739,0.0500585908000153,1,0.739898391684426,-0.0148179645779582,0.216368048712439,0.687803416960316,0.0837447868234034,0.787872859957824,0.0786536650852739,0.666711359391813,0.0909391978401863,0.864241490613051,0.0931358073103712,0.766907500893737,0.126754791206357
1.0014158257488,0.109786905570275,0.942095120037715,0.0921826098021468,0.952458442299629,0.17386417447839,0.178956383630783,0.113844716094532,0.329162022748374,0.123151916463296,-0.628518412783372,0.0576069049430415,1,0.797284107398431,0.0493249286210122,0.2363274342793,0.659017961810384,0.0915650272355303,0.821637722794683,0.0917779903489999,0.644106684479784,0.102681687242702,0.697497390105767,0.117896018004325,0.688356518236049,0.130696104059769
1.07410977193472,0.111541698245667,1.09906052471225,0.095592435570639,1.22533389111249,0.194511345379077,0.0883650949620435,0.063414862059511,0.329054319677068,0.126816783054313,-0.625211020581219,0.0514702397054183,1,0.999999998382722,-0.00285340730565997,0.208725273903121,0.750880088733411,0.0760098061280511,0.746972547260427,0.0942215301616442,0.668490607355787,0.104564827155619,0.779139440985151,0.11011646060985,0.730685790768647,0.122322914173318
1.08438134751195,0.108756050389501,1.08123923153992,0.0860218866449527,1.04392549230183,0.170233319333831,0.0574647994322573,0.0535995442581484,0.24492645637255,0.119345099364463,-0.610780778343116,0.0582691165385506,1,0.999999999948904,0.203574584231832,0.19390066702063,0.801058039514825,0.0876472760538306,0.593427355123341,0.095607450649257,0.780003360848965,0.0972560084165799,0.68445037626662,0.106912819346856,0.848132065180381,0.111227249974922
1.01004524729749,0.115576823232177,0.947084333702235,0.088958457928084,1.12165688034647,0.185482571270382,0.0376497037120222,0.047157523118105,0.205499511417047,0.130731393840508,-0.60862645865828,0.0546784569739903,1,0.999999999775623,0.134658839156572,0.226997746779575,0.488573439278616,0.102315540705037,0.775779808481896,0.0863229299467987,0.565450235532951,0.0965293416985422,0.67687117713318,0.102451918353977,0.735326310367899,0.132763226042684
1.12786625019551,0.111002156271289,0.873010843450061,0.0833660885401406,0.95359147424124,0.144528423024185,0.0805488604279162,0.0524878706252696,0.277147445293769,0.0964733203641132,-0.591100430101382,0.0569173818713636,1,0.999999999146957,0.0490289373329015,0.234468157372746,0.555511255568528,0.0819251169782009,0.724704260822046,0.076913142383945,0.678511987370858,0.0887099700979463,0.552995764782785,0.107972316681386,0.600893326685104,0.131272748179741
0.984247101503883,0.102189592719124,0.984992965214184,0.0901130423897197,0.99019902682467,0.158311240229026,0.0613395777013064,0.102518776880985,0.0570197970893948,0.097681188897165,-0.639016279557313,0.0497418557415665,1,0.231363065029091,-0.150603863235095,0.193826107490745,0.827383404195367,0.0800417629518244,0.661966822140862,0.0795736960673579,0.728429302497649,0.0918749885154977,0.622459490355731,0.116461326092373,0.850032270597078,0.109419250989314
0.940545966160759,0.114506365199858,0.829312659830492,0.0950952957490332,1.14307111991118,0.203513314901711,0.0650897473037802,0.0571314795624581,0.272767685614693,0.124816006445718,-0.594053923842562,0.0537535832532396,1,0.9999999998006,0.370342370616357,0.219657700596435,0.784578834990036,0.0799696720217444,0.727952061363587,0.0875880077104194,0.647501959571587,0.104683409605889,0.572556944192608,0.127392503101808,0.701785270744037,0.144024901893658
0.973616647148049,0.116872120589335,1.15884998501354,0.102803821168485,1.05602672210671,0.178472817068407,0.00123807004288653,0.0915816377500469,-0.017828785870951,0.0955900578210588,-0.651197943170756,0.0527974545823856,1,-0.493073551335599,-0.20355041919465,0.236955857716759,0.876980257594695,0.0820306945803332,0.728088183308478,0.0847658406311806,0.809846653483241,0.0988402050860549,0.878087551000898,0.114590872545579,0.898837116855167,0.142729564889542
1.14364962973197,0.111256964343778,1.21901880760693,0.0970701191455908,1.08365528587027,0.188548185828604,0.0599214619530249,0.0849492331469789,0.0581471368875494,0.112184030159221,-0.619567537384864,0.0529179018205212,1,0.228187346487668,0.0581000718241703,0.20231551339535,0.781037343522935,0.0843826086131302,0.682909137830336,0.0893342727906221,0.789331036388649,0.0886652746788275,0.773557864755412,0.110354909873218,0.512235501283097,0.138235128655114
0.873095108653528,0.092168081108861,1.01202729693283,0.0745218673518265,0.78497975916046,0.117176700547097,0.0238582335098978,0.0290409645032696,0.1368511242402,0.0833853499319284,-0.528639503705484,0.0551125975660876,1,0.999999994959831,-0.179196878278469,0.201378788028212,0.685371880345886,0.0765103022926188,0.626270791822692,0.0763702091220338,0.657378118483441,0.0859291336128072,0.640150322762046,0.100837979711869,0.650879235877613,0.133182684990439
0.946955295217479,0.105884566027899,0.979368828254853,0.0860540887099474,1.05152128697206,0.163437490043666,0.0640223515958118,0.0573047289592818,0.259462647624141,0.122662121497601,-0.62708126174481,0.0464943915519586,1,0.999999999755823,-0.0790315736262965,0.219242416506041,0.731448649567024,0.0854379904773127,0.692089549236477,0.083171496999819,0.834569240363969,0.0907954698870634,0.53523619306197,0.114379254522439,0.495625602179897,0.144554126389215
1.03666310599365,0.111670306108267,1.14115177790724,0.10003911808494,1.10577641888273,0.176448276075176,0.0898023838742943,0.123116534453531,0.177956680638008,0.118869639502215,-0.686635655176636,0.0443392276893005,1,0.564724593607746,0.259685067441809,0.23199276411381,0.787071629886537,0.0829584625532184,0.750360098036073,0.0853243970592441,0.676932532275305,0.0996571475724783,0.797828443409203,0.103316106400438,0.747885700918735,0.122518942596587
NA,NA,NA,NA,NA,NA,NA,NA,NA,NA,NA,NA,99,NA,NA,NA,NA,NA,NA,NA,NA,NA,NA,NA,NA,NA
1.05810674306841,0.126174513064822,1.17734970574957,0.101085484327947,1.40484470166378,0.239285475286538,0.116646760784772,0.0919822862858184,0.404809316570347,0.171693030485468,-0.638694381228532,0.0544874389128551,1,0.99999999672736,0.0418240486569814,0.241807155367447,0.721437927609291,0.0941128848399433,0.683106217726659,0.0929328503654681,0.75212227807671,0.093237414661281,0.835868886546827,0.106117675988891,0.625044958891423,0.145249789297271
0.974639724767468,0.123147156058014,0.985867536350851,0.106530947664803,1.22112571255455,0.206582702910866,0.178578598458918,0.14918719473151,0.455507411510176,0.156897451499468,-0.721311463514182,0.0437477768608414,1,0.975439986149033,0.0434347428909855,0.271354444283043,0.883846148002077,0.0910737123905613,0.741634027134654,0.100369748604609,0.703824425957523,0.100681489719498,0.802987867632066,0.105061067438047,0.691188886818644,0.138079349485891
0.979135082149663,0.109353489142022,1.06296548779801,0.0827984704064254,1.1589738157334,0.170107886909725,0.0420542907809078,0.0872282431380454,0.183162750101189,0.105169106638212,-0.532615418256373,0.059968734860924,1,0.8296505145666,-0.148478139969041,0.189452743656434,0.760236366134957,0.0742436117853917,0.679107795996986,0.0834118733782031,0.680608773935962,0.097820390048158,0.784081245194298,0.103445271214073,0.610015567177077,0.133491807221462
0.8729081585467,0.094313250498028,0.865394405407783,0.0823811098877342,0.69174624269043,0.111966636487075,0.175699011166865,0.117088714747767,0.171138691688656,0.0758975030889451,-0.538591810304736,0.0637437592574507,1,0.490896736046766,-0.132238963448534,0.200356561380932,0.668795127647167,0.0835315575949842,0.563648943363208,0.0810802927722417,0.663858729281444,0.0926492379160259,0.626136204146367,0.119718055577553,0.56947154328722,0.153159692592405
0.840020778738189,0.104335273257183,1.01262283449622,0.098179674591765,0.952341661078186,0.153240783776559,0.140765322147778,0.133915348032489,0.0984274911550991,0.103686573628462,-0.505983940836002,0.0718257836150705,1,0.268826566029019,-0.385890026716273,0.234773180621903,0.734382476317763,0.0815776051659318,0.613982953369451,0.0847315619183569,0.693888821508392,0.0913015558027532,0.483259683818384,0.12121435342134,0.577253818421209,0.138990199687195
1.00030745735337,0.118725922819705,1.05804957748772,0.0949910789816608,1.34567744386426,0.21024611512867,0.443822517031676,0.167138665861632,0.628095035974769,0.157053053589492,-0.565413602513375,0.0546342410985344,1,0.812737331318806,0.0397904293845683,0.214451390162113,0.702162761634514,0.0857243562372469,0.719629715807746,0.0846933888882626,0.860569271918158,0.085742125217738,0.846454369567922,0.107561652277971,0.748101238293646,0.14344331358783
1.30810072105643,0.106901705999238,1.13809370829259,0.106234559733538,0.973279700790264,0.159043160250555,0.128370702363968,0.0717919068597491,0.353469374578433,0.109152469652897,-0.62698741396172,0.0527023551414934,1,0.99999999991128,0.194658811660449,0.192619915517179,0.754535469243038,0.0868166300025628,0.712517322050265,0.0831826578911505,0.80637306890102,0.0940213956511696,0.685479316225115,0.120295064990595,0.741898813006631,0.13175620467716
1.13169213152945,0.10556365780775,1.07217224448612,0.105224406511306,1.07431590582072,0.182201849383217,0.136719545383813,0.100692249082468,0.0972199146556418,0.115817550788988,-0.596917275851285,0.0524554691780098,1,0.253672815895133,0.151120762856423,0.208413258634213,0.728094820467381,0.0853583300881345,0.691579624542727,0.0904535853310321,0.791139396432385,0.0950170535141823,0.76705790903648,0.117870820469814,0.761227969948423,0.140872165524554
0.9430412434337,0.104983948596172,1.09332069620414,0.0914729256627004,1.06111077870573,0.179639357210095,0.067955619142672,0.104186850633474,0.107008787236542,0.116925313863345,-0.651194627816113,0.050024167701778,1,0.39849822583896,-0.0695628672555846,0.220612331431778,0.793868160248639,0.0815199145569396,0.71960355457777,0.0855085791665758,0.618066275247832,0.103758279185058,0.690953378712296,0.107579864928117,0.548717673236382,0.143389418853099
1.29105235064301,0.118846729770346,1.10102097701609,0.0981441430966135,1.16264804761355,0.187402528859432,0.202292763009066,0.126459332532709,0.418249764601327,0.134780321864635,-0.648563860419231,0.0461524776943264,1,0.862425121921973,0.272449083943961,0.214748934992668,0.78146437100561,0.0872899523370343,0.637010814212304,0.0884452473045781,0.677914608561711,0.0959657912967273,0.90889392519178,0.105643035156968,0.764826205754746,0.123334770730811
1.08798519862313,0.112453535426143,1.04846672419947,0.104354321232876,1.00655020279521,0.17746831946041,0.0916122931528139,0.139172429026508,0.291912282016532,0.128229780989275,-0.609105675651419,0.0620385597641372,1,0.961297406497729,0.350706656085772,0.195285668012398,0.564426195250645,0.0981603130094,0.814183246303017,0.0913965825857598,0.523619756463915,0.111246814496181,0.80061278510131,0.117247611454672,0.191766227007026,0.157819830701967
0.978262455566618,0.108162640912789,1.02800237083825,0.0898280975766797,1.01827541704155,0.1672055338495,0.0988901241770812,0.0820029278386204,0.208685359318034,0.098179345088005,-0.617248647032719,0.0508283288931421,1,0.65763192903427,0.129994564782928,0.222032520062955,0.642306650049411,0.0916786683165917,0.787045267389614,0.0817434056496481,0.686062980815512,0.0890115663201235,0.782282340648915,0.103852528939285,0.605954901676691,0.134799143414557
0.917745915341255,0.109214317865783,0.945748599489143,0.0883232183167335,1.08101511755513,0.15772946620381,0.0901865057854539,0.110786031982301,0.273806172595636,0.10574018110546,-0.561623560882717,0.053440489701809,1,0.876913125102366,-0.262888878558481,0.198679199089764,0.800990778679832,0.0785463092989185,0.564390260116172,0.082591828424815,0.651051879112912,0.0984975089706729,0.666589396415802,0.0979486896252404,0.942874026418168,0.106037644959134
1.08036227699074,0.115068164265405,1.04122363100274,0.0987730149173123,1.02424244231867,0.174852964451066,0.111300666944827,0.118326122881867,0.272516320213632,0.116225125858222,-0.660044408885163,0.047109167735764,1,0.807127693316946,0.260548274728975,0.230133814699017,0.78703144065633,0.0861347346715908,0.693033757607218,0.0883830184015544,0.771720285476338,0.0956768635487633,0.643014011405553,0.112439156650092,0.656117634570876,0.136801932317196
0.990040749941871,0.113062626363762,1.02749483651538,0.0917613979188923,1.11858811450717,0.186228472172707,0.071310480980482,0.120552897195491,0.199236378065021,0.119397747251123,-0.659284726612816,0.05020828799123,1,0.705434759084691,-0.210093109660533,0.200082323911684,0.701384600832965,0.0906756627654248,0.631549146359287,0.0870509930577296,0.829309743653031,0.0859163560656331,0.734314197782839,0.111541619853721,0.688324822804202,0.139153264189933
1.12349191172305,0.119119918510198,1.06428161339368,0.0995191788706242,1.13093124450939,0.194676640389294,0.0998350025295774,0.110409260716184,0.2810181346746,0.112519843694471,-0.673542015902923,0.0417584394131176,1,0.836324517762288,0.133259921939248,0.224384082691121,0.702235415406736,0.0909517715982858,0.74314528541285,0.0949198009780201,0.776778180988573,0.0985446685114489,0.761828228388922,0.103128389414388,0.749690443800467,0.119552672546008
0.99624074324242,0.0954937405160446,1.06240447755391,0.0831228894673667,0.763044801621691,0.114731006454937,0.0605979452445428,0.0430292527378214,0.215032429673638,0.0690562535796742,-0.58559170759953,0.0520064126567561,1,0.999999985980909,-0.0863764374912968,0.20382487505867,0.692721379281374,0.08002599633868,0.770093437767557,0.0711246290257565,0.641484883697104,0.0917996177400333,0.691433349648796,0.112322129681389,0.764752780837157,0.125337574073943
0.896447044347633,0.102840578232845,0.991268162473836,0.081012303951781,0.987110880548245,0.151978867300096,0.00905342145716956,0.0179981218377736,0.094534283772355,0.0943675573333838,-0.629318393144458,0.0469021322192087,1,0.999999998981234,-0.128723888444646,0.209347687998371,0.580311576621373,0.0886348700308264,0.705734813770673,0.0806862450831021,0.566158657511662,0.0942821399595042,0.526413261851243,0.112070866006421,0.706486088330411,0.10732013602627
1.11388649569661,0.115828033565784,1.01379111064065,0.0943709973718146,1.1347656552113,0.19045754672428,0.123327558156065,0.102700917582698,0.291654596834949,0.106291369657397,-0.578735926673171,0.0611440443313163,1,0.779624840117535,0.327608884115164,0.219798300018816,0.780872239972425,0.0918016131732754,0.692647216474121,0.0884595598860281,0.524861632388432,0.10390599099115,0.753896178822218,0.104979376060273,0.676343866858853,0.138020411133337
0.990487071126085,0.110963102249593,1.04774328488755,0.0953559340857153,1.12703519897448,0.174370876623257,0.13951157257592,0.121642534146264,0.389100468045227,0.127456348967881,-0.648647001544662,0.0452712403675689,1,0.981268587099509,-0.100735008638222,0.220104580751993,0.814590978235334,0.0876432000968406,0.751872706758261,0.08253554434293,0.553304611034352,0.100939842922758,0.720266013978022,0.101687718438499,0.890570082751939,0.102534380905495
1.13995873747067,0.113095035558067,1.01947491211734,0.0916638678214386,0.925137386918113,0.148001573786978,0.0748352298305179,0.105313710573107,0.147695248811643,0.0828138865992984,-0.643731107099802,0.04691378569698,1,0.561319798081671,0.126701193524189,0.206493011690811,0.634374713311679,0.0881433394644338,0.817384417953451,0.0757368509392154,0.618591887523445,0.0976274541002976,0.818948618772074,0.0945869418057909,0.848141023742486,0.130388460322552
1.16539767835223,0.115196522037217,1.06734605120812,0.0934186358138958,0.972306416097984,0.144047400665944,0.0813791637181635,0.093570072469221,0.195050534462998,0.0917431821680399,-0.566732228098902,0.0564631176274426,1,0.693408175124151,-0.277826274988654,0.23272061726963,0.752446557111281,0.0828148276199814,0.776956644944148,0.0809755734322442,0.725980978886084,0.0890819502569978,0.812243351534374,0.0938713909458349,0.661561046191911,0.124341903254175
1.09110864661303,0.100035767200818,1.03890484598175,0.0883773305540095,0.804602378891618,0.132226467845629,0.0599850750754716,0.0469187271123633,0.219690996724168,0.0915828498688913,-0.569873200929514,0.0614012979951523,1,0.999999999357097,0.207129401938194,0.183460814495256,0.607979879233614,0.0806028707327287,0.631633874347,0.0868815593806449,0.720863888138814,0.0951507138575458,0.577400808675785,0.117037321756389,0.65812442811365,0.125054831460868
1.11505577218377,0.122006336320791,1.11404183248332,0.102496366966074,1.26817289101817,0.221723593585822,0.0777287469743794,0.136084500125169,0.109850717144246,0.132040717181501,-0.637320154441533,0.0497406036393593,1,0.349882991015213,-0.0353015802761218,0.241609615900831,0.816985376225889,0.092353520959289,0.802019469172527,0.0819470284736746,0.676736229476375,0.110846169930829,0.666717895359844,0.127381017798758,0.709621239914883,0.117866972988463
0.99224479740982,0.103654259229757,1.00450583601741,0.0834316814315499,0.928731363584993,0.141689681822947,0.0326089226497119,0.0301329699421568,0.174025656488714,0.0823147088221393,-0.550255845981485,0.0531376499754421,1,0.999999998659782,-0.178790595579418,0.244603211268813,0.671260393943405,0.0874536942412554,0.630037383282406,0.0794884031081145,0.632695524650511,0.0939845686604813,0.553060850740053,0.10156941493857,0.80671862515939,0.10749409743403
0.942158651573572,0.0996970741080087,1.17371449827616,0.0932226050896275,0.805437264727541,0.125537465220511,0.0985274873782487,0.0927030315615471,0.235209757619253,0.0888059395342168,-0.548175678777217,0.0607210046637938,1,0.834950580598926,-0.483463933681209,0.205366496287527,0.774567690002098,0.0793206781544504,0.683837494107089,0.0774673257988298,0.671964681368597,0.091700269032032,0.587525667043852,0.114288919492462,0.630261630284901,0.126294364364414
1.035305468011,0.104024155565816,1.03803439626405,0.0862298720914504,1.08600355840852,0.16347410272223,0.178781437740716,0.113581824603685,0.200565108681116,0.100273093866358,-0.61174822205777,0.0476247921065924,1,0.455175152418291,-0.0367528559077129,0.205599088846285,0.782798309526934,0.0792613399361509,0.663912465567845,0.082864595381789,0.731839655782457,0.0922793931628695,0.844035408039188,0.101777364647856,0.830435663740777,0.12196306400884
0.866670887984506,0.108055735692501,1.08568523810503,0.0862584893255871,1.01979045756918,0.158899114364887,0.0174149515928421,0.0276537565425988,0.133265151398546,0.104656992979968,-0.636870976238811,0.0485654393818067,1,0.999999975333567,-0.28162084494445,0.253601018733861,0.848157808933091,0.0772662336604674,0.603354169408075,0.091397283528137,0.808975991544938,0.0898957892295587,0.73147109740713,0.118958804047867,0.641224716278411,0.137438601591199
0.886989849406783,0.0986056943250468,0.919039905339135,0.0887174443091447,0.823157003500459,0.134837229661449,0.0826843651861605,0.0985159709956849,0.0312270938538292,0.0806487599982734,-0.518208482267976,0.0593992186359844,1,0.119695695216268,0.10443500632734,0.216805413917523,0.639747988497633,0.0839774595936585,0.733142193832322,0.0843829744464483,0.518121626001404,0.108449043378975,0.573481132018234,0.117217089575736,0.636255503895369,0.132588584533208
0.91328827005041,0.103621499054248,0.941010505928815,0.0873517325166902,0.806550415540035,0.131220391913036,0.0459793235129578,0.0808883946012542,0.154836825243518,0.0898945353368177,-0.582309646499129,0.059919152423973,1,0.804039175836293,-0.0244317683384479,0.224232915577363,0.60615165612177,0.0859629074700442,0.615656897509786,0.084894340207973,0.655113865749389,0.0993526021984747,0.68206710461788,0.100481490881054,0.664762789109066,0.113653068746827
0.98527338455389,0.10376256222084,0.914609605538835,0.0785053395077113,0.977365674478387,0.158360674308961,0.0317559965079521,0.0900742661497858,0.152514128115235,0.0986783687266402,-0.526668291562465,0.061496124876021,1,0.865702481484695,0.071357439171324,0.186331552887647,0.646359144148532,0.0827615155055833,0.70619058155357,0.0815650472839468,0.759550078005918,0.0870368360127,0.67467483167973,0.107842630176146,0.657849070928065,0.144852603641174
0.901739338205171,0.108381827119096,0.993272288612788,0.106198858603696,1.06637081307658,0.186953730684847,0.244241183229391,0.131084292071553,0.370603812933166,0.114898397545356,-0.605614306654522,0.061836306822399,1,0.726183389390505,-0.102382613958674,0.204672565561495,0.480821858289207,0.105949466404714,0.687068284158118,0.0890065488864466,0.608656066858532,0.101973153188096,0.784025571323091,0.104349512651127,0.904504375284901,0.116891440003587
0.953708883401936,0.113436327678962,1.16626976088708,0.0964507462584101,1.21020526085075,0.177892060030972,0.115171141803876,0.113311605928671,0.247602321331464,0.129966447734114,-0.664840741062201,0.0393337985521105,1,0.663213499419824,-0.130137542466022,0.247053566049042,0.701092330409919,0.0902729472311893,0.776218655381978,0.0797026792251551,0.622357585428016,0.0925883485362037,0.80684880356238,0.100847034167276,0.81205842502084,0.111240143229798
1.05599076082932,0.113478020334399,1.02933130186911,0.102707567708233,1.05548770200625,0.171543141502459,0.130243986242623,0.109345661387424,0.148673167112495,0.098954514867441,-0.616438132897719,0.0543658049554744,1,0.400984111396578,-0.329154735124777,0.216229051111548,0.819879257103658,0.0790352702765754,0.755985394040254,0.0867100175195731,0.723934087443499,0.107091846095095,0.69907208337015,0.109141440106692,0.597691361864577,0.156805459270837
1.21434181723724,0.112826055822513,1.09539880232312,0.0903761496847982,0.994530496934004,0.158885893434978,0.0412499118686221,0.0938686614864939,0.191200354273811,0.0959181747051786,-0.65891320196588,0.0433622012730041,1,0.943991595142227,0.596210810018417,0.203076387974144,0.56238090828394,0.0922260486984749,0.869097139457057,0.0828138355969643,0.832283886312244,0.0859464431261513,0.571600334911364,0.117191039535774,0.786096922388026,0.149784835926808
1.12505615839422,0.105334146874916,1.02493351572456,0.0884818074385553,0.959471462901721,0.160525042624397,0.125245028906418,0.0848134089965362,0.314125466581795,0.107835458637417,-0.556557999461025,0.0633964800724693,1,0.906164130015857,-0.0401776460657225,0.232598451578165,0.590338719655609,0.101560106140609,0.707453502543053,0.095800938333438,0.688795994274989,0.0914096944895683,0.808740827547087,0.100277552449157,0.603770035978665,0.12950078711645
0.871192189838707,0.0992689807360433,0.838713318550519,0.0878970436921631,0.920498512684531,0.142832217742134,0.0524514390272554,0.0628089326848075,0.21973042851492,0.0989842885908928,-0.664501190161737,0.0421165650526924,1,0.999999892325131,-0.137534876596689,0.215796278902823,0.830540704246768,0.0805965145879705,0.607471244211576,0.0821674034389167,0.684202352131291,0.0936227926591501,0.528071079185179,0.114273883341687,0.78792615433777,0.126569544286986
1.28977664332023,0.119910972612896,0.985070268635576,0.0906166917765491,1.15713926138167,0.193510930544918,0.196931809506159,0.115554584730961,0.390394891024871,0.120791571941062,-0.549766139192003,0.0637702935342672,1,0.817811804885786,0.605939039970603,0.200611983791074,0.713459920867315,0.0855782391467643,0.706695775164162,0.0901996528072026,0.705896556020418,0.0956282351152808,0.655274045117374,0.108095097145788,0.759862641674144,0.14561513852658
1.00846676209675,0.0969016461882792,0.915650474689124,0.0783359871401476,0.692817389720752,0.107205861058739,0.0705435967104374,0.0463513198885928,0.221074264645878,0.0769538869504296,-0.532382328656791,0.0552559374583495,1,0.999999999532235,-0.0660247989672915,0.204712825723327,0.557162383243638,0.0913301318869318,0.667258819997269,0.0786992536781311,0.538436865666178,0.0927674870436416,0.612418920601607,0.092783011973919,0.899037559682193,0.0926769913184824
0.98288295942407,0.0997501680851805,0.940467224775862,0.0765064484590018,0.785699827328885,0.115576900354541,0.0420353182331908,0.0375741643525593,0.181733712512893,0.0832992878676671,-0.552588800228591,0.0543899427801938,1,0.999999999790871,0.0487017497753629,0.221963166315762,0.735501798750488,0.075336610198441,0.625649025179896,0.0760615119085992,0.65632439703331,0.0930694340553292,0.63557857554642,0.107609453168095,0.798195882412677,0.116468066947928
1.00323814526356,0.112814602030431,0.943301471351311,0.083877678582894,1.05394939045244,0.169484750109572,0.0889143441010144,0.0602611479582985,0.306122881680455,0.110866152225623,-0.631195895930617,0.050802565131576,1,0.999999999576376,-0.177805610914491,0.231241108984504,0.639029986001234,0.0961141106934815,0.679620701991499,0.0872339153959761,0.701302425618519,0.0839541352912204,0.828035072423252,0.101089279136483,0.605936827778752,0.125243359084663
0.982265541138029,0.120836169186758,1.10826716586016,0.0998639304994084,1.24406294652407,0.19921376305546,0.0599445468523974,0.0541475355325261,0.273083850818151,0.128288286213917,-0.609232600655553,0.0520574284788082,1,0.999999999949221,-0.286692015702612,0.253595883161968,0.786184396064988,0.0809358777909459,0.798885545902601,0.0814322552590332,0.633644316697161,0.0994129735208678,0.717436519791806,0.112793878510814,0.595135485340042,0.127193162919724
0.906511807468841,0.109792254656599,1.09873108891023,0.0912611513667096,1.10621395547831,0.169688905288408,0.0321529237427987,0.0354070918054434,0.188594837948629,0.108788480268979,-0.537244225795188,0.067364663146563,1,0.999999999257142,0.00429120943661314,0.206881929099529,0.602529524494189,0.0848115108739363,0.702960056747327,0.0803662205525593,0.503426747309486,0.100508294480561,0.704972373947407,0.114070268367726,0.62032633249576,0.131753268866527
1.076861070027,0.100057957367759,1.1059419205657,0.0837360449490513,0.881775775838061,0.124509684271293,0.0146380093134502,0.0252008169928285,0.113610915427789,0.0874478879298729,-0.59500926171368,0.0510446337145484,1,0.999999925827591,-0.212761539937211,0.225459060712016,0.754063565340794,0.0787127949596295,0.739897461713633,0.0729221363399273,0.67624926375334,0.0809007860327606,0.775824227264926,0.100079828582378,0.868608554960501,0.127043210520297
1.05216035132816,0.114910612280828,0.956034997055885,0.0845186293408452,1.068543733747,0.180827178822368,0.050051972569997,0.0401637172190832,0.231263315812795,0.0969902388440725,-0.584764099874985,0.0579711092996068,1,0.999999996161204,0.104901177384462,0.216007800211031,0.654451044463551,0.078236658070614,0.758863681744014,0.0870514603494413,0.661466693596746,0.100216239160962,0.663036273772449,0.103639784412719,0.569799354889725,0.124222005609046
1.12934277650129,0.117611804680831,1.03727186991201,0.0948064311992981,0.88335434813214,0.144593981268055,0.153849272987115,0.109393119643224,0.299337162188938,0.1005831198822,-0.586142734056113,0.0580410900375833,1,0.811980196633704,0.155765914990533,0.215841124702066,0.598700839006448,0.0879464097920071,0.610860303576011,0.0831249871133302,0.78317924506368,0.0928259297123244,0.765354247921704,0.117623884142124,0.559053699610585,0.136462140819432
1.07437935626508,0.109649600656806,1.17561543966122,0.108052964259702,0.932076332615821,0.167179110596481,0.166698220922716,0.131732136396647,0.271455139238056,0.111816900157952,-0.612390153306552,0.0542203330342095,1,0.688663151278734,-0.0452192043876998,0.198482761280883,0.751633418278617,0.088524327157929,0.791704575971178,0.0929592763225027,0.554057937966525,0.110640445874553,0.733477775679081,0.1061539645045,0.606361208900828,0.125118901500491
1.01278218689398,0.112642975528646,1.06764635751527,0.102987179915213,1.16361253750311,0.190026860110545,0.244708627442408,0.14744078900381,0.518254216116151,0.142940120440627,-0.56894051470049,0.0542903939356085,1,0.971211927449024,-0.019762150201167,0.216014969286025,0.674567852030626,0.0920730469740622,0.762985809340259,0.0832434374157542,0.623430411140222,0.097985936489656,0.847328862497521,0.0905436893755903,0.404586196667871,0.155205437873441
0.987959638817342,0.0996563445082928,1.04621335184994,0.0890558655440459,0.92755061410053,0.138364819874154,0.0670872732803584,0.0630769536505226,0.249453084270363,0.11947605967573,-0.607104588824095,0.0453964544746947,1,0.999999997770018,0.0459963239702412,0.196154102473322,0.626234632772007,0.0871172147548886,0.693494717172996,0.0780751307709349,0.514051407625319,0.0968577865579524,0.721095084494873,0.0992707712590805,0.883848273768684,0.101766469094732
0.883443623961236,0.100079853322197,0.896159689807964,0.0869017708589992,1.04051932499367,0.171951888136388,0.043115783096751,0.0431798163015733,0.211808417029166,0.109831223433173,-0.572742350166903,0.0621471744396333,1,0.999999999999958,-0.318847532596312,0.197298846324683,0.708381636857913,0.091171069349395,0.492634482551634,0.0924358674346932,0.736513072887009,0.0838168089914018,0.666125240279974,0.105936145789413,0.627128610712776,0.12249968764944
1.17112970413941,0.0997450856549077,1.10994733581698,0.0953319064624062,0.801570620972238,0.120819809009239,0.223689562426027,0.113839343669376,0.237561520192988,0.080637222258522,-0.520276012044804,0.0661095101436046,1,0.561025162475765,0.0566696375674851,0.191333169532692,0.741958836823719,0.0900432637228883,0.732815192936559,0.0765763929489399,0.660098133177111,0.0883612624293672,0.723083889523937,0.0956269872904569,0.828214620353314,0.116493637703608
1.15950269649457,0.12376218799103,1.17928804646498,0.110994062396367,1.10299139690331,0.188713366394662,0.117101347524459,0.105474691770763,0.206487468956975,0.111372675970042,-0.596759594009715,0.0568357932833749,1,0.574548495870082,-0.0855204545695577,0.247708933253992,0.868797455477438,0.0834158389775935,0.694323975622962,0.0915329597099555,0.779135548141975,0.0962000580180117,0.736550687973256,0.109705936624738,0.613526187773327,0.13003358160991
0.973191401178771,0.104837229792428,1.04857570777035,0.0913976927174613,0.94886853614454,0.161349615108912,0.106859678375349,0.098915489458353,0.238509816522299,0.0988250379625869,-0.564774882497826,0.0592785773823204,1,0.749024983985885,0.0268395520162783,0.193759740030025,0.753894687923381,0.0790853469688812,0.746956500530272,0.0846576243482918,0.721180100416088,0.0976354084992912,0.836708941679,0.100894362887098,0.645007317835717,0.144028065052486
1.027845225227,0.114513895474776,0.952697074904861,0.10046312523343,0.96035058186425,0.156334324075689,0.130949603036177,0.101982269763514,0.156610715504478,0.107147085387794,-0.567521408541441,0.0646531370669485,1,0.441625842218081,-0.051643144694347,0.232491267748844,0.588503266376493,0.0934340478594543,0.823464918900136,0.081036272498221,0.756653612620084,0.0874482243577137,0.658541724372647,0.113392937507127,0.643057130252343,0.135422562479516
0.991386433399741,0.119161133077778,0.940507160474998,0.0952009044595785,1.32022524218372,0.206145456302224,0.245110372061902,0.136394624263295,0.401042747651929,0.153928161129339,-0.676896440806034,0.042460405788655,1,0.704994625975389,-0.0862920925624462,0.236977252126085,0.76629709635981,0.084624253446458,0.878128809945307,0.0859169814683365,0.920360426850689,0.0887564522697995,0.836148077666672,0.114325465847176,0.67418613585132,0.139090301195523
1.00291619180999,0.102436749939349,1.03919029003682,0.0864096577392402,0.896533228310186,0.1467761082657,0.0920513137237148,0.0674580288943995,0.287275235353635,0.109111458284696,-0.591412910038578,0.0583242733360462,1,0.999999996271348,0.0949031524951136,0.20157573344595,0.693633905744905,0.083563353939888,0.693388802649792,0.083029045800294,0.760473896634188,0.0915454726114291,0.798137183566581,0.11619362833746,0.851708679820944,0.114581989970295
0.840016819590516,0.11179624003998,0.963624420141385,0.0917053870773001,1.33743059663087,0.217910364657284,0.167844062473503,0.109964404707152,0.341470784340347,0.130443674379583,-0.603235058967584,0.0521438774927836,1,0.720717277906647,-0.711801813320895,0.253491465126351,0.845160736900976,0.0888742288759275,0.742204353326997,0.084059825828983,0.578849592738297,0.106716102174164,0.836380997518285,0.106746941772677,0.80093851242676,0.119322730972792
0.958730526248021,0.109088239989477,0.978550365559075,0.0908882891222778,0.844210264175389,0.148875286959312,0.00183315077577523,0.00774796305792602,0.0393390983070853,0.0831302408802243,-0.61877879712524,0.0599068497391667,1,0.999999985436472,-0.0495549364658361,0.209939845807991,0.638375032147676,0.0839364494190466,0.621246468000732,0.0915780556938776,0.690659285948893,0.105559628501133,0.635854095570782,0.108229948753579,0.726222257819431,0.128809154926058
1.08075708179671,0.112618372595641,1.09114203781422,0.0982287270272908,1.01706682998459,0.16859390862758,0.0224931210807141,0.0310899335214567,0.151251470478741,0.106208762604982,-0.609676080633607,0.057562287655044,1,0.999999999299734,0.0692660715947193,0.212611819825725,0.734413985386944,0.0837661576026619,0.788943390424127,0.0858066072739489,0.71262289563405,0.0969167890095246,0.69702444143322,0.106016306986094,0.547732979199851,0.119592313972238
0.943315404367097,0.104266577265514,0.9148796090203,0.0822211630493131,0.934112604560425,0.154540256836935,0.0636735245289575,0.0478479056613353,0.243881614292275,0.0980294089851919,-0.612004525601189,0.0540255808514013,1,0.999999999584045,-0.12024381928765,0.204809353131604,0.736780974714542,0.0753321754037241,0.635205688311967,0.0826545142746432,0.716128156901446,0.0921171782187362,0.663028083176062,0.119855744172966,0.565659531056179,0.131680702419072
0.931291897649621,0.0999256865442969,1.09650587927805,0.0806339025345367,0.952272332324558,0.141033692315307,0.0592334215607588,0.0540423261448947,0.237500206613887,0.111836030538588,-0.631507989156347,0.0432560638904859,1,0.999999996812519,-0.28317673887483,0.225356774950695,0.691960975782389,0.0795899670018432,0.794805819162076,0.0733386559833633,0.726969764004066,0.0868004021107334,0.631018236749013,0.110441590623108,0.714739886927951,0.124963142125816
1.10765186581056,0.123594305097907,1.14213662194638,0.0897814269280001,1.22410788052493,0.196877197513211,0.0285778554531883,0.056721699204976,0.180783404214922,0.117192431089659,-0.610938360625625,0.0559567470613237,1,0.966571299659459,-0.151217134186163,0.225890410175476,0.944867900518489,0.0780002546910091,0.773507352930954,0.0910518292055188,0.660956805765932,0.0953962246265079,0.738018895274625,0.110876672583769,0.784796993102824,0.121421452587972
1.21695392548237,0.119323284442915,0.906463026628697,0.093852354654522,1.35855729434578,0.216423733260646,0.232843044447523,0.141389443301165,0.44630611323114,0.127994320959836,-0.609687965917336,0.0520016281395013,1,0.79352793803807,-0.0298458175212234,0.217318158596901,0.809317723752701,0.0823234031725164,0.664639709717101,0.0810025683757551,0.613723049195529,0.0994644923410943,0.842675037159636,0.101390684151809,0.761816925979232,0.126548136262949
1.10832748443284,0.110622456340694,1.1038068914209,0.0944800281956663,1.03775773059677,0.16113046414239,0.127586834243377,0.0754500417463029,0.363873911619217,0.119317411516921,-0.616120054595117,0.0523425460478599,1,0.99999999999485,0.149093473764748,0.20155248900019,0.596859811099254,0.0847509896933435,0.700323347072813,0.0828583659347173,0.767191781942169,0.0988044704083534,0.669235637066991,0.112630795466955,0.746625366358044,0.118330274436606
1.00734236795232,0.101403872014777,0.896307944328568,0.0811438082780244,0.948543076310335,0.152217139545024,0.073316053460501,0.0602304359735425,0.263710891834371,0.111893614472452,-0.595206516182402,0.0522466630354543,1,0.999999996978311,-0.0358252411285795,0.219383080930376,0.599667527827213,0.0899971580278849,0.681900384939844,0.0881392147965213,0.62672692189578,0.083574084088105,0.77528903466904,0.0996880767203257,0.698236292368539,0.112550430794031
1.10064848922784,0.110651885415568,0.944257186445388,0.0887877639870383,1.12697990954342,0.183406415338415,0.120363625079425,0.109600143964931,0.262640871623945,0.114786501229917,-0.63266201587677,0.0475346209331647,1,0.71311011123761,-0.018615944333827,0.241042821838692,0.783925701789235,0.0835741697943742,0.817588931627119,0.082581405710972,0.76199565974314,0.0982961966442403,0.586650211309291,0.12010409538565,0.887443761823997,0.111626604250148
0.931396728019147,0.116527932497312,1.11054645600786,0.102735326065065,0.966404303535624,0.154976623914146,0.17179099994849,0.124335676353147,0.219838418812378,0.11715148728437,-0.594074232565922,0.0591856732516561,1,0.539540388474924,-0.121200956773012,0.231317785661669,0.740390805805019,0.0933973319213473,0.595589344731461,0.092775918212266,0.810419740149876,0.0860946430136409,0.802217925717344,0.105660872613343,0.772319457457813,0.112014327677327
0.935115982955084,0.101741021525909,1.16367717270114,0.0896283523673798,0.990693008324889,0.153413946784535,0.0726416342876312,0.0924362349080557,0.196142929409909,0.105133761433556,-0.605729843101065,0.0489314229929123,1,0.731156432326438,-0.163621639662384,0.197581148406593,0.746794871479505,0.0789359073187333,0.777517320822307,0.0716969310039557,0.636443579388223,0.0876472413774248,0.915928427641361,0.0999749013244729,0.680236758123649,0.147597238444612
0.91723890899637,0.109494485330928,0.899631038638397,0.0802769257526894,1.0501448653271,0.169516150114073,0.0367625467227344,0.0396864643014251,0.196484093781703,0.107573743398431,-0.555682647453359,0.0539840718224173,1,0.999999992643499,0.178655014099897,0.215476418961484,0.605369846608339,0.0787691564209244,0.705427831308572,0.0783624569510561,0.759941125794257,0.088726457939176,0.655357288319003,0.120849352084211,0.448578227904827,0.167975487848661
1.1580934207198,0.124034541636027,1.2203974381577,0.0984786246779338,1.08031857301231,0.1765823699185,0.0291899951407702,0.0313296967302764,0.177579541965889,0.0986815224424683,-0.600748717103712,0.0648058713881709,1,0.999999997274444,0.0229182600837695,0.217175579732331,0.707654511643933,0.0951053526651519,0.77122844546687,0.0859650259750071,0.624193187100796,0.0955526294440898,0.879923358751611,0.109447371530493,0.974436009238781,0.107916783933916
1.10008975264889,0.123850508468449,1.16805370876038,0.10214514785781,1.37332996020619,0.224641351890382,0.206324150755604,0.130479761858117,0.151513297195211,0.133230990734404,-0.599937844430797,0.0571043464798557,1,0.284634978414797,0.133388535348959,0.218430559001124,0.722786399042809,0.0818983227166464,0.836150419689288,0.083836935781993,0.765952604708349,0.103309960881287,0.858142789107576,0.109997544247339,0.780354973925725,0.120961673627183
1.11711386149217,0.112831538838947,1.01281060866211,0.0865569166243533,0.908878894880699,0.152698264354041,0.0929553592898239,0.0603212090686091,0.290663317629492,0.102973476620195,-0.619666722153461,0.0571811593777903,1,0.99999999994561,0.162181009714038,0.255400839813873,0.695534756470752,0.0844152613676195,0.755495172328123,0.0864427367060785,0.674452951251301,0.0907874674779589,0.629231578090423,0.111410343425896,0.735129001442943,0.127357794633282
0.959835325205962,0.110727343648124,1.04308510721094,0.0875402339911916,1.15841681421532,0.188610548152852,0.119706266189244,0.0863173096227308,0.372383874340968,0.136105553898523,-0.554934068432478,0.0600989197200087,1,0.999999994045692,-0.0972267694806148,0.196182871473972,0.808541671713527,0.0857183888264601,0.645136217652715,0.0920221489557012,0.751119621962256,0.0908284619794135,0.805340679706529,0.118300477886733,0.755199798194155,0.124083467899591
0.945656286522417,0.0949606911683336,0.987027338057518,0.0821186907721744,0.787887086923829,0.121401191475079,0.0768930038507443,0.0524912190015526,0.246136150922928,0.090501105139179,-0.528898847677797,0.061381066587846,1,0.999999999854485,0.279185774081648,0.208553062768574,0.567852844238332,0.0835234231965789,0.565839407770565,0.0850559641460943,0.659790731245909,0.0875112437605595,0.525633281183063,0.107678645181777,0.636326047845962,0.123209449655108
0.949876106523701,0.107876851024369,0.91745468342865,0.0930196617819962,0.965186493065872,0.165330541575608,0.108919534100993,0.114334950860598,0.182025434918297,0.11000473924795,-0.553988640108414,0.0584731011625833,1,0.561401504342248,0.0722870846298914,0.191698686328877,0.54246071474228,0.0888568501693569,0.632721004451642,0.0969934169155659,0.706126592025702,0.093391739058661,0.575944652699899,0.115100466086247,0.658418349746901,0.120013077584059
1.04104987244345,0.114736729732837,0.978229243275106,0.083402283275612,1.17520588450655,0.205373241761088,0.0166579269960163,0.0276435217104911,0.139916022507496,0.11624554565135,-0.601724598402711,0.0570750938419764,1,0.999999987866041,-0.00722059577057177,0.205954636990563,0.677252410479665,0.0900076036568806,0.639376195503685,0.0881838721284009,0.688750586090409,0.0933367647234415,0.735260515170554,0.106413284828491,0.542980120683993,0.131655513320831
1.05789008018343,0.102766248172662,1.02276014632148,0.0889798386838608,0.904356761155072,0.142946860881797,0.0309681506108732,0.0338282164196102,0.167350698789194,0.0948411824687864,-0.623570323896048,0.0514606974584784,1,0.999999999996783,0.119024401588655,0.214874421266931,0.568621872642159,0.0858722558088162,0.657144565599906,0.0842263472688227,0.675589872719832,0.0954772837729632,0.48920099189566,0.107051772660958,0.77834310296742,0.114522221557608
0.850112821822465,0.100055308574843,0.947656734432188,0.0882942470810329,0.818381129614669,0.13482731667056,0.0971523810563501,0.099194803644473,0.118349279194118,0.0881577636642826,-0.596399375522518,0.0565224607844668,1,0.419721377321327,-0.108119969307818,0.194555732419635,0.665155110121161,0.0824562378015893,0.650051919528149,0.0824758297965524,0.594551145152459,0.104809595072102,0.684471335639879,0.116480396775668,0.66258437405929,0.13045742816053
0.942361763555955,0.0949223571140004,1.08526272771177,0.083530174946024,0.952932682036726,0.149838724410344,0.0858432229626617,0.0580749551937625,0.286011909597981,0.101375840165894,-0.425474374932988,0.0720731619881886,1,0.999999998407131,-0.0942491698059572,0.177922646950567,0.540027678043404,0.0861694860596462,0.666203841950189,0.0824687003801985,0.710821055764461,0.0939370302473256,0.668330081140158,0.0910029948458543,0.657248809777586,0.108137553625983
0.879746517291816,0.102121084103248,0.90374775069477,0.0852502647201922,1.0043387879401,0.164426577479152,0.0244456545563886,0.0296044221636991,0.156689881820499,0.0971252250820369,-0.532199558631764,0.0662790260262621,1,0.999999999946162,-0.219676523472559,0.188867397652389,0.712882076612257,0.0840377636738376,0.634762783055728,0.0890307716689259,0.766315034387402,0.0855532287201711,0.368585476390481,0.131781959082137,0.576157173846712,0.135130868203774
0.877208619111736,0.109268838036782,0.95456532173805,0.0942071179531476,1.19017554448151,0.185944265777492,0.197361870703659,0.0901349453920339,0.484659954942197,0.127995449635891,-0.604271913870602,0.0534504863794823,1,0.999999999999904,-0.424684745818178,0.200570728305006,0.78267312285998,0.0760009948165263,0.73112335690626,0.0812746710816914,0.692669222313488,0.104516859617034,0.644223104615089,0.121065847740587,0.628027934456003,0.129702892311733
0.950936662822048,0.096714802858608,0.905444486003737,0.0887886537580587,0.858501688310212,0.133043109533456,0.12019720537592,0.0689320810280584,0.321231230962001,0.102878984426804,-0.472378708290952,0.0741695805760033,1,0.999999999999836,-0.112917853067957,0.187954001266156,0.574400821737554,0.0852438315736729,0.810481364871285,0.0739135568032687,0.530866254191517,0.0992244833482204,0.60011220478046,0.113580178240677,0.667059643520582,0.130932045384248
0.976595712356899,0.0942233120051992,1.00277538878448,0.0908373015666042,0.840102465389508,0.131511023381078,0.167814722000983,0.0806717455661165,0.375475114595209,0.104971026710494,-0.58763278141629,0.0549262579164472,1,0.999999999995051,-0.0570048006020124,0.205754714310914,0.680064177076588,0.0812390400800677,0.604217235265132,0.0854627374108877,0.727765059172381,0.0953656359212671,0.696834143229953,0.107936522652,0.622878060342637,0.120154874021106
0.968730647426684,0.107426622533446,1.12279101654746,0.0883637591958013,1.05020465394256,0.155955154730767,0.0994768989059783,0.0775557106812428,0.300948122863429,0.0967783808615027,-0.602020387705301,0.050952724930977,1,0.931094048101063,0.0841107471038556,0.205866804060942,0.683013030417819,0.0812772957083734,0.68387207112227,0.0850641823822207,0.719833662283728,0.094924306040342,0.78542428026145,0.0994311095301668,0.806469329592584,0.123900928679421
1.00013045496708,0.11155716855483,0.941354915120214,0.0800013988936099,1.22191453696983,0.186182778175786,0.071266189916135,0.0626067882076509,0.295095227703106,0.134711006691238,-0.647014741694224,0.0430919587312848,1,0.999999999771307,0.00637895649586663,0.232745552224269,0.706352204699569,0.0735815539727747,0.688899815468156,0.0829066349348993,0.722525234222032,0.0923080740837999,0.638756900425396,0.102815320634034,0.729607070604432,0.119051742621412
1.01175815311558,0.100950975396774,0.977285771174901,0.0892124144977263,0.838827331946682,0.133506550718953,0.261795252072491,0.118749241877182,0.468616060595837,0.12176564226024,-0.633120819258886,0.0481351101587681,1,0.999999998716046,0.247386317749206,0.201958143476114,0.598683759424614,0.0858359501316369,0.706094481946329,0.0792902903285925,0.707543286231092,0.0895425576185181,0.648130118317509,0.107605864014678,0.787561333646878,0.119946954797416
0.9979563572487,0.10344849953947,1.00821248736667,0.0945862151840727,1.02589638365661,0.161628105477127,0.0858507837446309,0.0951693796158029,0.260043015489939,0.110831926871635,-0.588344336658475,0.0471855767527527,1,0.876236443525381,-0.118323226739903,0.181547894348837,0.798428458219942,0.076356973163119,0.738005930367361,0.0816741634836453,0.820778792857042,0.0936163388052363,0.674006774502301,0.113201015753585,0.845419709451405,0.125745046488232
1.07712621220982,0.110766765534107,1.18807407406862,0.106051615226815,0.900519040339096,0.152527109860917,0.0520116779023103,0.0884066981332948,0.172719959602996,0.110713371712492,-0.626449075311517,0.0592832152728431,1,0.798078563261334,0.297665241457614,0.206367810542657,0.648057673531507,0.0852546236368874,0.849509987346951,0.0867601668080985,0.691919896117497,0.104111352722792,0.804089111221191,0.109086196602589,0.666926010285131,0.151494480320898
0.94372211659524,0.107617454995261,0.952357923986227,0.0976072950336569,1.07768842973066,0.168951622280729,0.228901297515748,0.132235874065815,0.250401473919027,0.102308238428053,-0.570607374806985,0.0603072568834133,1,0.504157397024966,-0.210016598487709,0.193072545927688,0.759979020556631,0.0835841269775845,0.664111814242267,0.0855995952332507,0.637592111200226,0.0988285470702583,0.729942560200309,0.115947678252787,0.840325312775173,0.114983407094204
0.910913368071635,0.0991584681575597,0.875834134467483,0.0835816799450796,0.843088240833326,0.135045591818458,0.0596157345411796,0.0469845243260884,0.224190376151773,0.0929071970526186,-0.608293852220661,0.0551140905982274,1,0.999999999987701,-0.0543628484055701,0.183986624956402,0.608453106249675,0.0818773549342893,0.654797228814928,0.0825793570150496,0.667691555600502,0.0944360879488375,0.712898441988341,0.108752632456274,0.455376998854978,0.138339168565997
0.848106365816508,0.109261753776637,1.01784923929641,0.0861328565434189,1.180574955653,0.185204671924401,0.0542868971282417,0.0936357049340001,0.164698145375374,0.123028687017867,-0.556261966858344,0.057908927033733,1,0.650570574321094,-0.0701543330216577,0.199857215278848,0.734462406817267,0.0779196908758931,0.701707725418257,0.0796294733763737,0.756168866475822,0.097955498636552,0.72254586282267,0.113571898778094,0.731829355668543,0.141635153182468
0.781108581262472,0.10351178978161,1.02498555808579,0.0967515354363247,0.823126856480783,0.136855574295468,0.0310232327305297,0.108122371024375,0.0386555707828272,0.0892476275908672,-0.639339885375085,0.0525660928980795,1,0.241899616057277,-0.311351420442491,0.215629654268079,0.658197928776633,0.0921602787819935,0.60510028581697,0.0887804515163924,0.665325485303467,0.10432815354433,0.793858125011954,0.0980165878774435,0.428290858844299,0.154853592200879
1.09706695795293,0.115238000661053,1.00464902009148,0.0962976389658031,0.917577817545587,0.152766631104799,0.0428872086143096,0.0844065133894107,0.198373938781892,0.0857746753430099,-0.618847951467546,0.0596294727371849,1,0.999998326742817,0.0189714317301549,0.198506569709092,0.816507161857391,0.0842835816509233,0.625099911862605,0.0973942434470028,0.650453399139762,0.105755411054885,0.698434460900571,0.1153311686657,0.820474990089995,0.11785165960264
0.902441096629972,0.109894809475522,0.977901895606661,0.086688915177233,1.00852721711061,0.162780518128892,0.0308862966135516,0.115683639296289,0.164087773017919,0.106834432967731,-0.525558013310794,0.0679508597103334,1,0.929714256135281,-0.439354132426585,0.231684632561056,0.632005984483183,0.0909203079622317,0.677669651981012,0.0864896717454387,0.495737568538126,0.0945603924719553,0.651525801299811,0.0976519869177274,0.588809963838763,0.114772726650817
1.01822470068501,0.123632862051496,1.20546109775424,0.100696079412479,1.29076472932077,0.209147903439364,0.0774213995210774,0.098273362811594,0.0671253659284872,0.124171547383127,-0.578917506356357,0.0657790542050097,1,0.212340390939324,-0.233145116922414,0.238918527648321,0.832084254990527,0.0801978916235042,0.744045145743494,0.0957951524599432,0.786670380111491,0.0963647045519619,0.759948334109392,0.100691291463882,0.829989352891495,0.12438260908919
1.13038143962293,0.121531698291506,1.13711178892431,0.104980545512223,1.27243588013036,0.208081054743562,0.243164805434227,0.150049033353763,0.426014017436858,0.153638831463508,-0.584505421955113,0.0569863172981445,1,0.765870915411659,-5.80613448758213e-05,0.235954966420267,0.848556615251371,0.084661533254022,0.661362073629212,0.0931198192308056,0.631193582452996,0.103237181973995,0.997314670622658,0.0978849020969737,0.633429650215907,0.130007823831773
0.935894208551081,0.0996913954188971,0.987602904257412,0.0746484755710091,0.879207865512437,0.136933551273955,0.0631254141745295,0.0507428278533242,0.235585145234355,0.100033094126764,-0.556512110327594,0.0579311551260938,1,0.99999999999203,0.13488733630951,0.227628015097857,0.646386307651328,0.0890744475992853,0.602182172814858,0.0833349776807165,0.685661555423405,0.0871877353315421,0.628073282562174,0.100867892512568,0.820336950981804,0.0966205733487204
1.00095668631569,0.113065928913837,1.18056854677483,0.101053954077073,1.21026041156877,0.203229363561011,0.0114808337858594,0.0480714484743539,0.117875979154056,0.123890529090026,-0.686068936339313,0.0456241388634587,1,0.999998122990132,-0.116127321232641,0.24327545792401,0.765433793071122,0.0922140488440742,0.793586355989147,0.082526294644882,0.679466072931049,0.0943813695779807,0.669238433421897,0.108309884452222,0.677149624467096,0.145406088094543
0.962469343835605,0.104378958238487,0.951142445189598,0.0860974127209749,0.852501019720786,0.141364561895102,0.0368067793300657,0.0409012833132733,0.177137847122674,0.102805761466085,-0.652761348421963,0.0481824346952177,1,0.99999999954963,0.165034197743972,0.230850322257132,0.567230488373888,0.0958715743538606,0.725014824690919,0.0820500709419418,0.661908830170065,0.0976674340048421,0.545663376177193,0.109350648324699,0.969870915779032,0.107565130224721
0.952989588474092,0.0974232148216034,1.08359490720627,0.0823759177958782,0.804605622931778,0.122552316913725,0.0386636643141246,0.0648059701400206,0.17637740465352,0.0889437315253473,-0.61396759259788,0.0476198587393893,1,0.999999793661312,-0.214587960208607,0.199660572727506,0.851511892006716,0.0746893320726688,0.723260614970477,0.0790347947154531,0.777534886480885,0.0880636467494682,0.694605569922835,0.10568274996284,0.723753072906041,0.135966220864295
0.829294870104934,0.108276809488591,0.977703227945146,0.0926892059581842,1.11583065790613,0.193325183782698,0.0639449720312994,0.0942337205301237,0.240381264309008,0.121737928592885,-0.61510428027427,0.0555795450770312,1,0.899908324770698,0.0264828735920478,0.215282358299062,0.619134088700412,0.0907960798136904,0.605715055183412,0.101219214681437,0.638118604793803,0.100277824825145,0.677983097502129,0.113542147957251,0.779153515380649,0.11936886274271
1.06064191418837,0.116398798015554,1.06344782879035,0.0928567850166263,1.17736104042997,0.197663460947996,0.0683351445870974,0.0569479193335322,0.283646147298742,0.127015839968887,-0.632274275974367,0.0536412413142746,1,0.999999999679462,0.213432694138267,0.210951953258896,0.714474564858975,0.0860086459282379,0.813041489378303,0.0901896062981523,0.711045423548339,0.0980185349447396,0.92729418768499,0.10339557074503,0.672910165365091,0.129935612571105
1.04732532586649,0.110986160297194,0.985415437015076,0.0959866083362326,1.04784702670142,0.175077362319583,0.00778857437530977,0.0197357438293923,0.0903395510065431,0.115071859811596,-0.622508532126524,0.0531016454996448,1,0.999999998447084,0.322168356625141,0.198697554760239,0.631542172690873,0.092379926936415,0.544780079619996,0.0950834696067464,0.621835104123963,0.0984663404816725,0.682608503590937,0.115211149489644,0.701381307907589,0.124414807475307
1.02671089000219,0.110278809983037,0.991054149882442,0.0858854427311948,0.962827635019623,0.157437356961003,0.0323084154001669,0.0535945103406739,0.176372972021761,0.0911732584616142,-0.511739308016658,0.0691545067793959,1,0.99999984037279,0.0667519863839882,0.199449985895544,0.752334824826233,0.0835646926664412,0.788156986619204,0.0853743929223907,0.673996779108554,0.0996385915235503,0.788010285680358,0.10146897164667,0.488594780736043,0.139293505488525
1.01255484057503,0.108635525560599,1.09443039681659,0.0988169267824504,1.05400929112038,0.168173890090064,0.110391104573611,0.0852245052311614,0.296309416802564,0.0996856478360392,-0.511359695125757,0.0680362977775616,1,0.868672743208099,-0.00401799579386132,0.199676983867945,0.681549736715549,0.0895559761752455,0.71084277456341,0.0915604655383795,0.651755319167736,0.0961867242507652,0.618654767524351,0.124827640745876,0.736198712458922,0.128720438504536
1.0012476951634,0.113721242640377,0.918711574929059,0.0885526199488719,1.11033581738906,0.175540660572307,0.117926942083187,0.124608424454547,0.0575488075377492,0.104711703303022,-0.550165774816563,0.0608215348041173,1,0.159038633579386,0.29182250993823,0.224089832441065,0.614235689829956,0.0883134841707648,0.727873562486802,0.0889066579031833,0.643952409595935,0.0942439986403315,0.742975974562984,0.115055512370223,0.430790940553483,0.162408503419767
1.07659813112363,0.101357650043599,0.956848644543417,0.075407068238707,0.815887234049411,0.119189829624407,0.0247301480614215,0.0298099170581986,0.14204580902994,0.08594072202991,-0.604400861033317,0.0444281207616158,1,0.999999994139483,0.0213212270506947,0.214396189096603,0.768750899693622,0.076250924332947,0.624890696434504,0.077844033155814,0.697940721224124,0.0901212785946113,0.711448580049239,0.102100041622927,0.46616938644522,0.133769215707139
0.981892585798098,0.118413809495824,1.13561361973885,0.0960039886596103,1.28707453502919,0.210596791667669,0.0208269930344881,0.0396982325478482,0.163725043880243,0.151302039978567,-0.701819297266257,0.0440821965786145,1,0.999999955563266,-0.241634112107136,0.27891427251355,0.754333703488837,0.0921949908847214,0.758891046866559,0.0924199277740021,0.872114553110206,0.0890439731480861,0.883711982627935,0.103590246564534,0.750621279991283,0.125757339286364
1.10260471782581,0.109537576813096,0.940565105188211,0.0858316577903541,1.00811914560441,0.156325184034805,0.103568322221016,0.0583279662122653,0.323124137860674,0.099178258544649,-0.602219253000105,0.0504588688044374,1,0.999999999803997,-0.217077820465545,0.211095767322206,0.736127871986278,0.0846455926421094,0.630488881931688,0.0844846509051409,0.766156008668217,0.0860276561137756,0.654581839241862,0.0929147916503769,0.748280252158675,0.114754170237964
1.01544805709374,0.11403178840415,1.01891420459883,0.0968241809897274,1.04562399408709,0.182198194498061,0.11104163815217,0.0965159969926975,0.267849431975221,0.0957294823147325,-0.533515105065575,0.070655634687001,1,0.786067841490983,0.0388745631572064,0.21878955463544,0.647360451812394,0.0914962513480526,0.581659010682126,0.0969623087022398,0.642043578105345,0.102273289914239,0.678468583989221,0.10631144675508,0.657400239652126,0.120729429882403
1.00114021608204,0.102669113192294,0.909973478201622,0.0913405888940817,0.984806269049179,0.162151940357025,0.0979667110739485,0.109596575774324,0.232169625122975,0.104334237418391,-0.60777340224772,0.054901435788965,1,0.747464779861247,0.334418123114599,0.210286078105229,0.777740878347053,0.0813400124383093,0.669328928158378,0.0832868661507905,0.702934654013105,0.100727247571654,0.850761966049651,0.117222685820979,0.655737203661023,0.145105165089635
0.886758095516091,0.0971859401075803,1.0251112974655,0.0781515637009051,0.841841721147263,0.133082924130693,0.0447784012361111,0.0388263927233078,0.194155418052264,0.0867522977690156,-0.615819562753967,0.0532420555083592,1,0.999999999896792,-0.196195533940223,0.204704651533904,0.687572392930029,0.083625459746968,0.634310568263282,0.0825336105772661,0.7968891830126,0.0876751815486047,0.619330853458617,0.116604962827902,0.695992317962534,0.139838414790869
0.895373720146026,0.102369923407463,0.89718711925217,0.083856719330408,0.883801413168077,0.146820428630991,0.00344392768008455,0.0106207674587255,0.0551701742984668,0.0850544159709181,-0.525193211717845,0.0668226013957495,1,0.99999999698001,0.00575674092051463,0.198599833771858,0.664062119199587,0.0796889722532152,0.607934113441541,0.0848260655470891,0.609964987287786,0.093873872747729,0.561601692539799,0.115649891807538,0.660096121893698,0.149255084649883
1.01520453056487,0.10206236398229,0.954978114684403,0.0892366249933429,0.851243770176027,0.129090777031123,0.00898855346222573,0.0361576316893221,0.0874724370180412,0.0867288820524113,-0.618312995347201,0.0515425074345158,1,0.999998503567601,-0.122438013604423,0.206835856123029,0.662889690512895,0.0857527677772375,0.718775746464759,0.0784784669165991,0.61940644069794,0.0884848904203537,0.520424453578566,0.106619338520885,0.766376420108212,0.108267897519628
0.976019637960986,0.113907757973233,1.12122962146977,0.085813881709523,1.24175016463456,0.189580965532729,0.07968715514785,0.0897708224835404,0.25701701351988,0.107303412166853,-0.530876059026362,0.0696629634121877,1,0.817053695097616,-0.223214697692926,0.242936940336469,0.83862173905008,0.0868994834479285,0.506554668869465,0.0926658576797512,0.749589471490521,0.10244453577959,0.413585867659921,0.116971320123459,0.883998023577547,0.0920717072114491
0.991952679811086,0.100095902853078,0.890871718545652,0.0886669706173284,0.870921945444475,0.151574114065402,0.100916022630334,0.0672220978935817,0.296462440452723,0.108313763081832,-0.526618166677076,0.0716615522755779,1,0.999999999109425,-0.00383902657232019,0.189573891382431,0.762281803523867,0.0811976186848808,0.557543956988084,0.0957159049604639,0.512863066095325,0.107153397879711,0.646875553751236,0.102368409951394,0.59744396363961,0.135245906298391
1.08230551337799,0.106982661772325,0.983872293428063,0.0815855843745389,1.02006738811835,0.149900373859366,0.000220016551799314,0.0158251285652471,0.0149715437858893,0.100959248310958,-0.621545359194863,0.0445946838892586,1,0.999365784189164,-0.106083226674145,0.219294638777699,0.755847851595407,0.075527533511773,0.664142427358156,0.0767902651317775,0.753105561897616,0.0852111311263144,0.468810327371978,0.116418146807227,0.635316944549868,0.129887925374362
1.0909541839248,0.104767234356999,1.05418204951683,0.0969160589051071,0.932448527642829,0.149826886290791,0.113412121326994,0.0974552373236331,0.252832880679946,0.109763750420538,-0.620820155213225,0.0494876983615942,1,0.777483860084861,0.205067669771655,0.209830496101999,0.673111614465136,0.0847337269892227,0.772547784323483,0.081356513582243,0.769056795661575,0.0974786849925883,0.621670182578735,0.121808551155071,0.601716968801185,0.140801536358177
0.895938055373506,0.0886507145905487,0.945933847584962,0.0827378260957003,0.766543579201478,0.118838445407824,0.0640107353670453,0.0439997348497215,0.221510763145728,0.0813429933008451,-0.448318113595031,0.0730052327958664,1,0.99999999993712,0.0242264825161983,0.158509923729371,0.527040549127178,0.0794553103277087,0.616805600014014,0.0822576798764921,0.62568467930827,0.0936594233282232,0.631611717746699,0.102903485477568,0.452673293335645,0.138432928750844
0.909359504328354,0.0963141121770964,1.00143118375927,0.0835203176571415,0.776911957281422,0.128263602542526,0.0205608920842782,0.082308863857644,0.00351548066598121,0.0875751125877513,-0.560791416938517,0.0624303138050031,1,0.0278149212152362,0.0873995018150837,0.199961206920187,0.666949167929768,0.0814584370530878,0.705724982681474,0.0888077441182298,0.580487134049285,0.101664057840918,0.482943573355346,0.115957373546365,0.716240434958591,0.120146986756077
0.916924979665991,0.117535643958221,1.09146691267557,0.100411566604091,1.07955155094046,0.183808551234423,0.118563855290412,0.136155037668121,0.109487134573318,0.124745624661822,-0.606166465606916,0.0520450119600875,1,0.306030872654705,-0.446063685646839,0.269270110032088,0.748383415676915,0.096055123427977,0.68993949784514,0.0930266074115474,0.483142871765638,0.0941384200413105,0.719126731542532,0.107390345755679,0.472572246376109,0.12156684317886
0.893932809462755,0.108585173234902,0.896253797087488,0.0870338751414407,1.1607914290988,0.182262700960991,0.0695724451936055,0.0622866547728034,0.28418145243901,0.134718104262858,-0.490270627480202,0.0661213826610206,1,0.999999998936108,0.126804467612355,0.226679347556253,0.613809142699328,0.0890648007534826,0.648125969725876,0.0890831107126574,0.58956175955956,0.0979792516239747,0.545912287776176,0.114080364211,0.635945239587626,0.114422539214139
1.08638853608433,0.129777529417106,1.17369617896564,0.113459278404047,1.47225752805959,0.258639503310904,0.205428239443706,0.126071020818304,0.47658479547259,0.166498434521991,-0.700612025775943,0.0448505748240921,1,0.866599070676853,0.0953293129921905,0.247891644648862,0.622624945235168,0.0883279430381773,0.919959809662454,0.0850692019903156,0.818936887248417,0.10181265999774,0.817606389226127,0.1186998499217,0.774254937244157,0.126984280605266
1.11064859052991,0.109785086606912,1.02345852891549,0.0943808734748838,1.10908505459828,0.180937165197274,0.0922883824656698,0.0525179037712869,0.319930718721276,0.0964083528114106,-0.583243417332331,0.0528592688810993,1,0.999999995485289,0.102085519304924,0.185646672766402,0.641613076205727,0.0887014844621835,0.917261906675649,0.0867698910747563,0.590251422108802,0.100265711587114,0.739949397130006,0.105433149814853,0.644064393723538,0.116565503848818
1.20835835927705,0.119170367671038,1.04646527348229,0.100638784867399,0.971927057102097,0.160113264538321,0.196792699195766,0.140183399136549,0.167921636370901,0.111213593737705,-0.597114425047958,0.0614450650285684,1,0.383959422895477,0.109675360620239,0.233164890549926,0.735848852746255,0.0853314529965888,0.750150250124122,0.0776740640397726,0.845004781070232,0.0928926707600224,0.913356023297044,0.110251333618033,0.667759317406519,0.148715485927825
1.29500294310588,0.113260531053507,1.05569314920694,0.0808702647394148,1.08139311038154,0.174810672044428,0.100575722062846,0.0692933451624724,0.329790680438798,0.123574886798502,-0.583658790471341,0.05768540385727,1,0.999999999971841,0.195031686848229,0.221361396687398,0.767082927025388,0.0840688800875392,0.708525875635831,0.0883547354151087,0.837833016063512,0.0889582538884773,0.528209721332593,0.114898789823736,0.593852405103815,0.126908616782925
1.16014530332358,0.107531760325582,1.03281207416234,0.0798294500186075,0.895279783891369,0.140790572652924,0.0659109785221848,0.0515112733128076,0.242917200669987,0.097716368359776,-0.530365127557155,0.0561202438733986,1,0.999999998084458,0.457736949515495,0.225485524412878,0.695530106655233,0.0832837462722132,0.594208436747595,0.0837479679766455,0.580086093400023,0.0922491097920903,0.781810705731161,0.0834607788739588,0.761119745020371,0.107240583447149
1.03104622181043,0.105773044152351,1.13027266547942,0.0945148310326538,1.01239655935956,0.162104827751903,0.0824473734841584,0.104645559720201,0.25479396415917,0.109233785922262,-0.609895771558081,0.0527924059506805,1,0.881912286329313,-0.168503255985088,0.191585870902568,0.843057883118751,0.079838748362874,0.629896936419081,0.0897184191628629,0.781619450747352,0.0959994282112059,0.693330219977249,0.0993868356522616,0.673835778360908,0.138291657270264
0.95363491884122,0.126281530570658,1.02087862861589,0.104730686887679,1.44076164936529,0.242853049868019,0.26239072421607,0.148445834051974,0.460754984484921,0.155080637589349,-0.677167951751385,0.0434644412992417,1,0.749375919188345,-0.362352868255398,0.233590857623765,0.779689282549541,0.0905509297241251,0.85101875963776,0.0929304734990181,0.699938566847007,0.0956342525000469,0.909092494569377,0.105735064888369,0.777853255355521,0.13610386527997
1.00866007523951,0.107283955654228,0.958719711650837,0.0939809913565257,0.928240838375906,0.156940925605455,0.167691233385327,0.111432684091787,0.366311427318332,0.119686351581371,-0.589067962260522,0.0600463690847402,1,0.928463748857243,0.240239777820374,0.197247267577487,0.60041079009694,0.0888217903340529,0.685535621185196,0.0937215794068695,0.686799399517406,0.0977199292721392,0.626272256406499,0.109866584051016,0.653122946002162,0.130324555274822
1.05196487943393,0.115199112624967,1.09697139851728,0.0987407170550498,1.28539261272297,0.215573784969169,0.23059650362403,0.139429995767883,0.467826311650714,0.139177471326686,-0.591073220902174,0.0595104797525908,1,0.859291241196715,-0.166486681323316,0.233310334486765,0.696244608843603,0.0954111617998993,0.662986787256693,0.0876828886027516,0.811286783755891,0.0893250587201403,0.724866367450907,0.112107495328199,0.836185864067358,0.126776380198159
0.972871176296907,0.102043891721445,0.961319766762201,0.0870073735971392,0.898179830460323,0.133783018075654,0.0540496334251774,0.0847987845006296,0.0818335648002308,0.0958952515556969,-0.571796562398096,0.0547562429488818,1,0.371409873331143,0.0684423996216349,0.210814509318554,0.764822806311303,0.07464393007644,0.568720686601614,0.0795509907560947,0.793795519346936,0.0847016589093181,0.726867729607249,0.112860468248547,0.584642729036459,0.134060515633959
1.10642314718113,0.108117599842166,1.038191561476,0.0956980634758756,0.986589354653911,0.157927232215244,0.0756204937600719,0.0601257835593846,0.273141674093291,0.117144273183833,-0.602173500239304,0.0560257899052465,1,0.999999999927124,-0.103934698360935,0.191103675798232,0.672706502524842,0.087513556825048,0.777360561182412,0.0782965722506537,0.668184926098047,0.0902063595683669,0.707464789878116,0.101044747168151,0.781153193284718,0.131626594789568
1.21037019374842,0.111917997338229,1.16427666312636,0.099011859328779,1.16407798935191,0.201472581175094,0.0253880661225187,0.0359213101599923,0.171911863483196,0.123897139920254,-0.662441141550687,0.0531208960222071,1,0.999999997307104,0.165855510859351,0.200613082117722,0.877437088258184,0.0807081969013967,0.736080220074823,0.0908304932082397,0.721369465637232,0.106039867503626,0.683579272508253,0.112368260093476,0.690279601851809,0.130059499349799
1.00344542309964,0.0973036673860097,1.08992201478871,0.0822997058758388,0.941158502526552,0.136802869915027,0.0861206603550917,0.0584377856225,0.284698421894909,0.100214656682067,-0.583911911402771,0.0527555891334823,1,0.999999998106526,0.272437511976108,0.194445962349134,0.593461760638542,0.0791564150020607,0.61030654846806,0.0846301257477682,0.744212355220395,0.0829618435377035,0.842463453791128,0.0966995085570656,0.767994923141135,0.126721103417924
1.0484857687557,0.112712707630973,1.1519385079454,0.100761921194453,1.07675130808225,0.169161439576306,0.187826398325285,0.115574515261689,0.274307965523917,0.112860823519986,-0.577359156736532,0.0565150388930765,1,0.609961466223687,-0.0768439414018747,0.210832343431922,0.736945793505952,0.0872788077296486,0.778184437112901,0.0930225882148262,0.793983808418404,0.0918383674354839,0.611866556418482,0.113576199698585,0.806917797621972,0.120014006861778
NA,NA,NA,NA,NA,NA,NA,NA,NA,NA,NA,NA,99,NA,NA,NA,NA,NA,NA,NA,NA,NA,NA,NA,NA,NA
0.881584631455547,0.109365845689819,0.975265744480588,0.0918330994798256,1.10706507041409,0.186477643483465,0.0552538784606335,0.0529047412210199,0.247324965686578,0.124575409866321,-0.599200241355867,0.0584659194826705,1,0.999999998391309,0.0919781989059449,0.210534531834346,0.624641514610536,0.0874173773680711,0.712484750967794,0.091046357846415,0.809819894608746,0.0969398184723502,0.550948105028805,0.124066628707137,0.389800038210811,0.141801179541916
1.1498712854108,0.114841353521886,0.988733049944958,0.0896272961369037,1.12959664507423,0.185831658088763,0.153078128476015,0.111258681097277,0.356768021993653,0.112272954098715,-0.600981812999792,0.0571940068105571,1,0.857961207281178,0.205232899742134,0.199731044995679,0.763405114364612,0.0857824777543116,0.68678066340765,0.0802649712190732,0.650771456642113,0.0920737571874405,0.670437707096711,0.106920415603883,0.777065157515701,0.117601457285632
1.0290653590335,0.106129858916017,1.05153360379826,0.0903899035733174,0.996431391101745,0.148581618251502,0.0230782601621833,0.0767342641671282,0.151642317808856,0.101064489541442,-0.624313020308864,0.0489182981443257,1,0.999988903892919,-0.172855198793931,0.23334137114564,0.832612368124661,0.0820583999061588,0.647653159824247,0.0863704125305394,0.765958429713449,0.0898124100901602,0.55646922139816,0.108229562754859,0.623103101571993,0.118042477837135
0.995175603617196,0.103086705615383,0.913067622850983,0.078263614202544,0.954004608905195,0.146587755759669,0.0595541587767405,0.0459256079879546,0.238358849737006,0.093204665021892,-0.573229311609729,0.0566803795565679,1,0.999999993799751,0.127685282798971,0.186599538220673,0.678580691850309,0.0777657326439993,0.642459329562915,0.0791876846061959,0.749555825001043,0.0942954949750289,0.784256518222669,0.111064270776977,0.44426347335476,0.137499317047046
1.03013960281449,0.109607685042244,1.08228322662307,0.0867769091451911,1.04091009011179,0.160567464321834,0.134616490162011,0.0984080434933922,0.309392896643397,0.107629037909003,-0.599213870036606,0.0531661959345502,1,0.826522342267993,0.202809976917198,0.221779401901579,0.610150580505115,0.0869088118550934,0.772392034825379,0.0834981884384999,0.71052895588709,0.0962650829494196,0.914581402690865,0.0934179416646689,0.836327323035828,0.115579050307734
0.896086254334557,0.110565293957075,1.0698599435056,0.104996883945511,0.928083012155945,0.149702544411396,0.264686211102374,0.160258884405303,0.17798059024708,0.104789392336609,-0.616012938344458,0.0569494192491462,1,0.359098484639658,-0.317178070375345,0.250504391985702,0.84587486954321,0.084632422986317,0.655669776826928,0.0922801061126975,0.713220895599527,0.100316658468033,0.631818939801269,0.119362797577862,0.660320849258313,0.125862309220036
0.919064262240186,0.115429639273132,1.0596473242565,0.103337848725332,0.951172403236016,0.159798094084692,0.204881755720248,0.147058785128886,0.295776624571222,0.119205667746211,-0.554319032366815,0.0634576585015083,1,0.670012004795215,-0.18012057044575,0.243208738854243,0.70064302728869,0.0927044544857346,0.76469223569724,0.0848365663166057,0.675420870358751,0.0931126815047058,0.570308657980699,0.114858974088506,0.831518353646612,0.117271836278689
0.882410263209191,0.107507605434848,1.02828911100317,0.0900729517115878,1.06444082583065,0.168820409271064,0.0496855270999644,0.0415480353882322,0.229972397119345,0.0987143165699263,-0.584298554952398,0.0558003301875281,1,0.999999999420471,-0.339684143826108,0.229395168746226,0.712097743498172,0.0859641874188516,0.757226566529378,0.0794050329976192,0.777218421513813,0.0861648577991419,0.494629001113158,0.106562738116055,0.672893911156502,0.118598968510872
1.1794538648148,0.109226383660058,1.01581116992294,0.0953333973525838,1.0109337092724,0.159216693032671,0.149213450898543,0.0866067997767444,0.388387573638166,0.120497467266137,-0.616573322704454,0.0497954540269078,1,0.999999999888441,0.307753151799277,0.233353723389712,0.67678790372316,0.0796522361631397,0.832953379047474,0.0691852956802703,0.730897493470566,0.0888794166190008,0.842624325686215,0.0987699591255157,0.719415514245773,0.129308088623943
0.949742454681966,0.107379266647065,0.783996219096534,0.0793424566392417,0.976411800477905,0.157263654605347,0.031459991740504,0.0356394089630988,0.175265247761764,0.102307580306264,-0.535044469703016,0.0638627978951441,1,0.999999998284828,-0.131524755169652,0.214599604863311,0.58671634178414,0.0834633237942905,0.758367558508067,0.0817806181385836,0.594645688666754,0.104440857263334,0.446608915305712,0.109734267663862,0.638946736465061,0.11322993769175
1.0708791949641,0.108348161505193,0.924792281114155,0.0869484531642381,0.959522669561534,0.149444757368249,0.117429876105762,0.102147913784559,0.280356573994719,0.115153233135821,-0.584086016773146,0.0502092754285653,1,0.835206418056223,0.219861624600137,0.21598783433979,0.499034586180419,0.095195151625227,0.768282478386385,0.076409915412922,0.674738993154955,0.0891284838782326,0.798154719000656,0.10121471938732,0.730504196150493,0.12923446556434
0.971516921755596,0.111816059850108,0.927234830816197,0.0937632828765506,1.06798305114756,0.171851778125075,0.022623587471282,0.108073645035451,0.101213893412488,0.0916373701621833,-0.623888365852732,0.0550342834848995,1,0.651144256965774,0.0280089217011723,0.219394252183905,0.648231682103829,0.0800532291914328,0.691483512700682,0.0846882783379492,0.576330306061917,0.101771719874828,0.737630212958296,0.112180526041185,0.636504549731801,0.135821509274122
1.13082876923504,0.114149464577465,1.02076014934982,0.0891774772415716,0.97203011710819,0.160514442874632,0.0367892977741236,0.0341254323328426,0.189103954000202,0.0925384327006253,-0.589947974749619,0.0610252259718382,1,0.999999999927307,0.0860278799253488,0.221428678739093,0.771206974363799,0.0905094938980749,0.612662156782603,0.0975590718430319,0.669472600475714,0.0959502084600687,0.638605504676923,0.103399774983666,0.90849209631567,0.0954246868406763
0.932201470394505,0.105771464062421,0.982021302498714,0.0897833881213289,0.961483671926074,0.157577632841813,0.0109296332978558,0.0499802969083091,0.0745005436464851,0.102029324554502,-0.581283529049489,0.0535228810950114,1,0.726751086406822,-0.0766065395170605,0.195931674106721,0.648600377840317,0.0906694276338819,0.773925689722765,0.0848369005693677,0.65614791280323,0.101598565665955,0.68799168133807,0.123257178325665,0.709865282902138,0.132904899836925
0.985620407381044,0.10073999191362,0.95389560679508,0.0885091027942658,0.870833558930207,0.146796268145011,0.121245505503192,0.10964408018114,0.20064520917797,0.0991232787821137,-0.561246237701864,0.0572772699300145,1,0.617487814688181,-0.101655871911952,0.187969675411309,0.648579850997337,0.0842659139510581,0.778951671782218,0.0775157889930149,0.701995150761137,0.0887923195544465,0.496310541275904,0.120797073646751,0.434191842249169,0.152663279160516
1.05261503634612,0.0989000692708107,0.907704547725531,0.0911729401876671,0.883268252049417,0.141677498755191,0.0473469564596573,0.0427015549568258,0.20449954393947,0.0974787157387146,-0.587592302194581,0.056959901524884,1,0.99999999999366,0.376488915874694,0.183386060502348,0.658643199049594,0.0846973063945019,0.672620608978556,0.0901358245239812,0.612064847595583,0.10573216791354,0.704673173112051,0.104202537611331,0.636747842343385,0.11392577486
1.05895772898865,0.114522137426215,1.09326737733644,0.102286247414868,1.11546482411098,0.180599979331652,0.0728830355197854,0.105382638249898,0.195268893629248,0.114948953765906,-0.588057049324608,0.055609464095013,1,0.684844385528571,0.145637868345671,0.234563129425726,0.763160822610391,0.089121666033847,0.588627615797969,0.093314176913034,0.654326058391869,0.100106990872103,0.681128849970613,0.103008652975017,0.698849938688128,0.133243589566282
0.984016854397572,0.106711263389664,0.961473987751101,0.0834797869543515,0.978405526838686,0.162838060750412,0.0498348136151839,0.0399808018953666,0.220813624870236,0.0928199190200045,-0.554530265571083,0.0653014051681528,1,0.999999998546532,-0.0194862405729079,0.201983572256546,0.691932910413923,0.0832782052202288,0.651889750974714,0.0886457768165,0.585797126535088,0.0959037597062939,0.645049683004321,0.114008421981865,0.676580281609123,0.129512471310406
1.09145455814019,0.120278408817806,1.0499998152246,0.0873569863129366,1.2753024163062,0.206431531834263,0.0411589407953452,0.0984264013278945,0.196076176918995,0.117348366009486,-0.614235560608573,0.0491125055223745,1,0.855827316466756,0.0095215723185561,0.213314485678816,0.755536886228809,0.0847532877842264,0.889063334381984,0.0773185795588757,0.847057881273036,0.0940511816663234,0.735092949887206,0.114937712390283,0.604891179332572,0.142782669730433
1.05864073293166,0.115356558854229,1.0373677832088,0.0962250392444257,0.942739409459689,0.154565983668177,0.176840111551427,0.135058285516095,0.188454406284925,0.107473975271946,-0.608712332620248,0.0549994966645795,1,0.461551402477107,0.240713807446705,0.25802278149068,0.659077202488787,0.0925305125161313,0.651703307587642,0.094548535211789,0.811088599011884,0.0916171979017027,0.7337869861355,0.0903290588705843,0.800643804803828,0.118804875673208
0.948783842908269,0.097193278292463,1.04886130743059,0.0925640462093219,0.858573759535199,0.127793451263517,0.0503276744240528,0.0459841099213521,0.207870199393794,0.0918233647174978,-0.61906679665758,0.0486805588685861,1,0.999999990246395,-0.102086003379498,0.222523249992317,0.667684307875903,0.0912429670317554,0.68249947230372,0.0837659506727818,0.656102557251652,0.0926508657479219,0.690436570608768,0.0936219885709402,0.699035557291746,0.114561475066137
0.959870924222741,0.112683429762886,0.980224266080916,0.0861099388022038,1.08778626109603,0.183822906456009,0.0880060310058053,0.0877173167100258,0.18876498840887,0.120408591097544,-0.542866590906949,0.0669521606460181,1,0.610089349569299,0.101045885174604,0.204627432797055,0.671491827861092,0.0863948134663317,0.736330446820349,0.0793211749583679,0.77681239741077,0.0928529048421327,0.613518573340449,0.116946963503807,0.743547404749317,0.155054301432637
1.19111627521683,0.127354315350191,1.0728031488906,0.102132595184113,1.32915411267681,0.219946266684922,0.173364270351416,0.115791619286082,0.31549098255462,0.132074795053293,-0.608912811095284,0.0540396652330471,1,0.657233183768329,0.393187749944099,0.208105751337953,0.640754901615508,0.0966778664626011,0.73803673656916,0.0913997405615692,0.771482630545065,0.0939136500502735,0.659216858929904,0.108147446326385,0.841865977826815,0.10762437978258
0.783897950213919,0.101309372607251,0.969683354105841,0.0794830587208464,0.902347272774053,0.143494979380939,0.00795869192250621,0.0178626702527861,0.0847437545465046,0.0956985084093784,-0.563656088173917,0.0652929203828975,1,0.999999998852319,-0.176621466541995,0.210604490354183,0.663168673615203,0.0868183877638855,0.660821575468485,0.0780295999953469,0.487096277054764,0.106563778357753,0.584364554482522,0.117665613390834,0.638325332387234,0.137097316182224
0.995557007038763,0.102276616185863,0.995689275910948,0.0983220946659764,1.05799956226262,0.181939020434366,0.251814629027103,0.138492949207756,0.358714089038185,0.125598446827519,-0.603328628400552,0.0568072872132987,1,0.694968647197601,-0.0284364002971881,0.187869977282605,0.69196945457374,0.0905150301513799,0.668104222112802,0.0868726990579008,0.656478141793465,0.0961166468110152,0.658226070733109,0.116421946778801,0.70892048808948,0.133304387510047
0.968126725775248,0.107325533494511,0.971072249270263,0.0876809694081561,0.92000088557517,0.153551677988568,0.0881945574225664,0.11208382677865,0.195237898702394,0.096815039977595,-0.618988387318069,0.0543298998317129,1,0.685407905867865,-0.303388116695256,0.205095927572881,0.836721856462535,0.0823636038332665,0.676410321379637,0.0795089610793247,0.6817793240582,0.0984374455684674,0.593892214361865,0.11720401637369,0.732024676115339,0.129817030009733
1.00391377579645,0.10551293005783,0.8592149977616,0.0909213201015626,0.993792296497812,0.15899078659303,0.222778467029012,0.131170615750021,0.333508033836109,0.115195981341634,-0.541085848428223,0.0586558464898973,1,0.70879701757753,0.0708978648853749,0.194687598128022,0.624042299703845,0.0837903802744856,0.67270402185198,0.085417876587162,0.60860119971135,0.0981575229382626,0.475790786517284,0.119400562331743,0.621477090018513,0.131471128427233
0.874751651611171,0.0951798195455906,0.938886774823926,0.0877932090051091,0.825376885819698,0.1264617175477,0.110226426819811,0.072660942606905,0.301626167465513,0.10950517396746,-0.54800194606209,0.0626367741193656,1,0.999999999980025,-0.0486475811082234,0.199219671184935,0.525169546483373,0.0843039795597647,0.758130144504435,0.0812141286558989,0.709693572126098,0.0945453090548908,0.539435204793601,0.119321806497932,0.638909632228814,0.111226487429539
0.833892345800162,0.101870257235573,0.957953317131212,0.0849314368831575,1.04244650798186,0.17687248475684,0.085805765441011,0.0611654159816442,0.299078452163616,0.115767963122874,-0.511752011679053,0.0782988271135535,1,0.999999999999395,-0.059427488307464,0.206515412946988,0.65091483193822,0.0912918008685421,0.668840512315537,0.0866670225550436,0.737981251659059,0.0869605174901519,0.759646560194625,0.108587699204944,0.680978334292227,0.154811415678552
1.33077160267867,0.1410881732032,0.974364863769997,0.108332031499791,1.39292463858304,0.255673848926491,0.276191470411953,0.148834764645526,0.196535282941017,0.154384972913367,-0.710060769269866,0.0477952644945574,1,0.31686304179952,0.545444793728071,0.249771178827214,0.967628246753549,0.0908758625847462,0.766404698732396,0.0986532805257869,0.80201361754349,0.112884426560081,0.923434940741858,0.119851517073797,0.796744823195308,0.139283030737903
0.993315246737524,0.10487134327448,1.06148594945557,0.0924032435594138,1.06485717480338,0.176760768388647,0.11582913970784,0.0681658462050075,0.351200071766915,0.115794171977369,-0.556856337160608,0.0605692147808187,1,0.999999999756325,-0.0154624529900787,0.201649329886145,0.678091639944108,0.0826856036678413,0.636583624878382,0.0945272038002477,0.603020903392506,0.0925087389383561,0.681409137114509,0.101734065358778,0.758852176254516,0.117226440704829
1.13933809223618,0.123551882685042,1.11984903124329,0.0914694260445596,1.0524593041097,0.177541167768063,0.0194937951258934,0.0257655148196485,0.143235561379435,0.097587074437968,-0.596909406037081,0.0585694292630494,1,0.99999999978132,0.147171220639213,0.23265817337982,0.791587069098148,0.0847344076005096,0.7656990081666,0.0888049909566712,0.730534571149831,0.0976114154533257,0.723107542133407,0.106742269794408,0.633137265253832,0.143508683562898
0.99984516676834,0.099235204659022,1.02294243814873,0.0843287187417158,0.90780217956774,0.148218886210704,0.00425732792721518,0.0124087401059625,0.0621676049766325,0.0883594734194022,-0.559941517606284,0.0595760927992125,1,0.999999940109636,0.14994510068939,0.194612809614366,0.671818908865215,0.0816375765312496,0.640330286667343,0.0796546577295655,0.706400159435459,0.0975397547539127,0.444637328687574,0.128468419262274,0.588373272593048,0.127977089745566
0.769004418963047,0.105823372193077,0.891079618790356,0.0923306499325821,1.15297865358701,0.188795974690329,0.140162470001493,0.112659712005946,0.32752976160693,0.139323402592856,-0.625957650836378,0.047172624808434,1,0.814749803904542,-0.168720290115544,0.226455318327447,0.656154896590422,0.0889314673935132,0.835271622237858,0.0769558700182406,0.731889560679589,0.0886843882451765,0.830397016937487,0.107448821139847,0.723050286444734,0.142863014907169
0.953050323722382,0.117206373424128,1.03677579321351,0.0976336256024484,1.11685655368978,0.188111192970618,0.0817149174923996,0.120409212702525,0.187042415712931,0.109148314874516,-0.662661127666607,0.0477046057017568,1,0.619142663512086,0.00897066048096167,0.187299534628855,0.684697060831992,0.0879402968850079,0.620325587418884,0.094360855421253,0.72942306528893,0.0943494337113337,0.787309033044511,0.116894303214469,0.531550827245959,0.155067723457722
0.995745358998981,0.0986967320095488,1.05435332107139,0.0803792658719336,0.973297990061576,0.142704579535798,0.00216449367133311,0.0698899844272375,0.0458917462624202,0.0955787958915295,-0.557261291390987,0.05237676690744,1,0.999846913423567,-0.061267382643555,0.208350447313334,0.760673990897982,0.0819768284453165,0.6987789778302,0.0786327421182044,0.71346180577079,0.0834582605418876,0.620200908566942,0.111089222017862,0.838598132075728,0.120706264699927
1.05788061185624,0.109306170953854,1.09052560388329,0.0956066445522569,0.974727657707952,0.155720034913119,0.0558450131922952,0.100636499422073,0.211575398871018,0.102747638740784,-0.531427055863727,0.0632344370038496,1,0.906841370757663,-0.0613938916264542,0.213640018303779,0.821930385350826,0.0761305790616075,0.571942777149875,0.0886257679884005,0.688948889751826,0.102246394028428,0.601814011923446,0.118691520192677,0.697050994544025,0.114046436404682
0.956844162753477,0.105808589532127,0.967486153781233,0.0837370036771459,0.870334784087328,0.146653643359519,0.054553229820818,0.0965826211310966,0.202673357644557,0.0904536982156924,-0.462098755072783,0.0825742399064713,1,0.930129155586607,-0.00443653806943868,0.214950205364382,0.626688933120836,0.0900732753030502,0.741817894061892,0.0925823402613756,0.553411951596801,0.100289739212534,0.732613929804186,0.102560237702506,0.773781852015559,0.105553163315296
1.06125828049025,0.111422188249577,1.06065056008505,0.0937319524692176,0.954967057554699,0.152419111290102,0.156928701552802,0.123075957945358,0.379221623734027,0.115186704888761,-0.687301514084744,0.045092730075768,1,0.979597588916783,-0.0117416682276315,0.244633710942459,0.81374392670762,0.090444866912457,0.723046841230976,0.0789911341370976,0.673998085256935,0.0976064415355774,0.944073034899541,0.0963914168963881,0.62039917705326,0.130256984629491
1.38607876983112,0.133912352418172,1.1998568413593,0.0954211777770703,1.45535240851885,0.254046848574871,0.202203060250516,0.13251030644432,0.354047252039105,0.133410360136474,-0.646598744549372,0.0537321883799112,1,0.652654416736206,0.786295800470493,0.26069090576994,0.664177329431386,0.0940363590050708,0.730197710735219,0.0985635164217991,0.844331668914187,0.092336459512383,1.02049253264872,0.103770794163319,0.758455862433329,0.130038057681854
0.960762454848266,0.103711822128306,1.05627766632423,0.0899661365865042,0.923969508308534,0.146874461806984,0.0561946842749601,0.101528817602175,0.0771327014092612,0.109224106955484,-0.572441228700525,0.0587121406803055,1,0.338502674521654,0.19579258359532,0.220740452312952,0.641029035628818,0.0922150955257681,0.762952770495693,0.0856631868856305,0.715013399641968,0.0991592743291474,0.618326205405277,0.110714692246971,0.761949523305979,0.109049016583677
0.867952657946053,0.11013533404146,1.02004321375933,0.0904899052890815,1.21710925919342,0.197897188376743,0.0159371819008217,0.0259229874628923,0.139274159884357,0.114455067724525,-0.645693204449461,0.0487972224221069,1,0.999999998828539,-0.549583548978152,0.22938803320742,0.717080562523237,0.0839015413151697,0.73868886150502,0.0868246255046288,0.772927038370457,0.0941114840455932,0.731305770712766,0.108142303444257,0.526693994631573,0.131827266556084
0.977627021414593,0.0972843829838475,0.990111905707837,0.0896151834567012,0.847490887058163,0.134698447324907,0.163120383688612,0.0831033347519285,0.371810487357633,0.10571084606832,-0.617675564319453,0.0510277893219699,1,0.999999999419829,-0.195010956684462,0.192371945917171,0.650612052021494,0.0806510668007205,0.667281584953133,0.0831946625754782,0.557812121832238,0.0880342373356452,0.627325910501243,0.108368170624369,0.543979526341231,0.141334750570128
1.10508526886296,0.112188179999255,0.97345250832404,0.0832007857492544,1.0911146361001,0.183073149958959,0.160374999304064,0.0849525269763939,0.418315083322862,0.126433485159181,-0.597033757636459,0.0535682794726617,1,0.999999999800574,0.283969535626784,0.224877135721071,0.658957659759878,0.083457942363496,0.823390222094778,0.0813276910558277,0.564306834017728,0.102482498945231,0.716326325517594,0.119738892269129,0.847181593178862,0.137586117860285
0.862167334962648,0.103832465993749,0.944014277414733,0.0785274743704405,0.948248856855294,0.143214829027403,0.0703969709656916,0.0916711910032248,0.232314092730421,0.0801198024074169,-0.513184752186372,0.0596734466116548,1,0.899160884076341,-0.109034769849454,0.186450598779163,0.660324804507504,0.0816718377549298,0.637043830375458,0.0802009249192842,0.805594305876893,0.0867250216779408,0.718625523211699,0.0964135522153382,0.41899598337578,0.133469523780379
1.14114502743082,0.12129280178618,1.09961282256974,0.086256673384616,1.28650902596952,0.205367566397032,0.0849932398164076,0.0797338504632158,0.124156750370212,0.11468474648821,-0.574000562294828,0.0551060177918181,1,0.375466959807317,0.190644087308549,0.228724034339032,0.605755101517033,0.0929329907662246,0.745955225854544,0.085973317918562,0.966601239966014,0.0869964445839991,0.679597761695657,0.109627787654904,0.74379471677035,0.129844017725251
0.8905727881831,0.1146981576271,0.844575893384271,0.0810461053979189,1.18547854476617,0.189329358743803,0.0128089266588218,0.0262251654479003,0.123226246122296,0.127695527768889,-0.60152090538593,0.0533592496629694,1,0.999999999930061,-0.268984109849585,0.228051166152001,0.68637062350843,0.0779843454457458,0.753100131198905,0.0806455397673498,0.648341249922253,0.102054716324516,0.564404715325227,0.133395371567117,0.6952380098615,0.145157545339394
0.968374867933565,0.0922503558017878,0.836145481604017,0.0655260219935228,0.766736785514178,0.113673271860949,0.010008605288422,0.0198759932004505,0.0876011722575992,0.083500229670256,-0.534463138261939,0.0532145866666501,1,0.999999969675439,-0.106898822385249,0.199732264647779,0.589645216832012,0.0835179771835317,0.68523259612598,0.0707038728985505,0.498996366590628,0.0914757294991368,0.649661775191961,0.0932554840859249,0.684788956929412,0.122018092108427
0.926443542341668,0.106672502998622,0.995976770952554,0.0908904137966746,1.00142857495684,0.161321477411467,0.0574621423857454,0.0912186673710034,0.236649916421511,0.103228370333352,-0.553729508062456,0.0551837182065739,1,0.986519010641937,-0.351905828903079,0.220870318840613,0.716314656409455,0.088411115527146,0.549933544773629,0.0847659542774515,0.690413776412713,0.0860102833657342,0.76418840052872,0.0972876471213057,0.76078341414806,0.115716772984355
0.934721833697003,0.104610394049569,0.958974276668298,0.0851532874206835,0.888180290807095,0.149892884584129,0.0445543567849545,0.095798390195105,0.083959450029581,0.0913146001331862,-0.601052967931192,0.0579685412877384,1,0.422059742944557,0.11339912094946,0.199164440084703,0.639865915429074,0.0791854101351095,0.564208839889359,0.090363116985825,0.766211440209793,0.100612915153905,0.539473784324811,0.12652902012073,0.7888225887776,0.132958804108916
1.27981528679979,0.121335082895031,1.11458424639055,0.107618636761512,1.07581054821342,0.19057350628151,0.160017316892605,0.12697924172888,0.247679512106338,0.124281182686719,-0.604279474307875,0.0603810399590248,1,0.596951011451604,0.31336114742068,0.223486373361986,0.719189568952239,0.0915551945469749,0.860735972718754,0.0846260822790838,0.715021707574725,0.0994272325504655,0.740689442870673,0.118287385612988,0.584699977506416,0.143120857669081
0.85812761094162,0.0926176387129312,0.840561010671206,0.0735369421330561,0.742914041371082,0.109660718294914,0.0463379770373641,0.0384468090968782,0.185540112982025,0.0784947602143311,-0.443935477531582,0.0754542094723264,1,0.999999996159696,0.0575070051897645,0.182104156523572,0.614931471024834,0.077006508152772,0.485785296647357,0.0841274340540977,0.740750651597278,0.0849771012495373,0.30404048747673,0.118628345870366,0.610941839728088,0.121083657611477
0.956446859246408,0.10464403105249,0.956611476882765,0.0843301141512243,0.901852963944052,0.142567633721242,0.0560407836217524,0.0419210054652081,0.224812247905351,0.0909911006403637,-0.491473358166563,0.0774059364803976,1,0.999999999972619,0.235189275354572,0.214946166277475,0.609096403436269,0.0875217588549392,0.626332949720519,0.0913785953746871,0.733548414836916,0.0844967820044214,0.702428589607579,0.110300060325197,0.644900384149404,0.129188656267901
1.10749926952621,0.118618350372699,1.13423737963309,0.105085307903442,1.10355677073146,0.184833038855477,0.0991334447119921,0.0725404651030813,0.33075577445896,0.121841406343397,-0.650098720440421,0.0573206931651934,1,0.999999991865107,0.0656407914354819,0.220470991900159,0.70978130751579,0.0855029264899229,0.713519831140101,0.0857100383915685,0.647523575512188,0.0972295339723831,0.877449592231525,0.118937513594984,0.517893072317451,0.142142509644836
1.04986277344413,0.116506773700205,1.25251747346424,0.0942969696761055,1.16122426257117,0.181880877507862,0.115994121817986,0.111533344433886,0.289858431746195,0.114879006288204,-0.549180708680801,0.0593252525219756,1,0.789786847129764,-0.112760681971028,0.228093114081627,0.727019932833204,0.0890632413350653,0.84160939807809,0.0830188671548862,0.760736986163296,0.0967264033568782,0.591364855542679,0.11400766733007,0.730716325992418,0.123790442323826
1.09721360921073,0.110023688305053,1.04321160325622,0.0974467438423813,1.01233329905174,0.162774554997246,0.113368596165906,0.0801407758864276,0.338772496454479,0.127180789700363,-0.663690684827816,0.0446516033833836,1,0.999999997335916,-0.00182758922098693,0.214750147805024,0.627177809710709,0.0908785970775107,0.621184954515649,0.0899341776148824,0.760783728507953,0.0861008478910923,0.635820524919593,0.097843255780382,0.862768418699657,0.11215757240591
1.00306506547594,0.118705610403613,1.13131410123684,0.102657405978202,1.21942016544114,0.202377867463233,0.150355141778532,0.109519813322117,0.340467583641075,0.132773288941009,-0.605415086694702,0.0558581845501855,1,0.795133296189601,-0.1839679075101,0.209659382620161,0.841857244339876,0.0842414478214165,0.724911841315816,0.0886924068234606,0.831830540387217,0.0983009346981425,0.707172737591377,0.119112829105211,0.740488567055811,0.138461806562267
0.857057831541165,0.104023513535622,1.00576855586584,0.103407465210165,1.0285660340452,0.175961732516822,0.240856657884813,0.155344568278223,0.411756191424729,0.139165055243841,-0.615857180089055,0.0514634189436547,1,0.827265134149522,-0.00696058174322057,0.198675633201572,0.688865958188314,0.0882601824848187,0.816995780332369,0.0843244177789608,0.753842097143457,0.097063349350717,0.757479666288016,0.112358470217314,0.769959878513789,0.137021413607954
0.959886569953801,0.108815027959734,0.902735574028478,0.0831502879919969,1.01380177610759,0.160559892465763,0.104506427939762,0.0899490377908517,0.313815580921435,0.103878027443663,-0.556389978504375,0.0544138385958572,1,0.964109754176545,-0.201717957150485,0.20733204503967,0.795078800529005,0.0775827531378624,0.554690688842098,0.0880138680364245,0.825834446062387,0.0891684831558365,0.409669228233387,0.133743900308459,0.630205149201379,0.157352414433776
0.992780203423437,0.108154409380211,0.955758523868378,0.0862218381712967,1.00965804897208,0.160383259358972,0.0402255265711304,0.0875133825587247,0.105472241662027,0.111090361454966,-0.659858181688125,0.0478147728320927,1,0.523359547814157,0.0235278551028492,0.215828126685351,0.72914264829684,0.0877717506355729,0.712554182811796,0.0815644613005068,0.749449895675431,0.0958736802213361,0.773406410799945,0.0981867794288224,0.645036479470317,0.153034913031829
0.98441836520176,0.105779561572119,0.996751742490323,0.0943309934940293,0.873737655142694,0.147013951007622,0.0706534614121732,0.115946754595588,0.235056996818704,0.0994923241114012,-0.58115068500098,0.0559914253606267,1,0.94605401911265,0.0709051909264323,0.177999174388192,0.715821460560855,0.0877057376557224,0.614147585304829,0.090789386899227,0.64667216303676,0.0971728602001696,0.806096938777159,0.105943096518368,0.389493789900564,0.148017864502122
1.00021975101699,0.0978689224380831,1.0471403226357,0.0818455297947112,0.835161608790123,0.120622511785996,0.0758858110390245,0.0537507749478608,0.251747722976547,0.0956172457566634,-0.586554419789157,0.0523281225715301,1,0.999999999938316,0.000298150940299513,0.209992241334313,0.590606149442723,0.0863001641384037,0.625789141481569,0.0780499131093649,0.617759700831955,0.085016359491343,0.863058663471032,0.0969372741960704,0.731104007445439,0.128214534149995
0.968282360647448,0.103004302057803,1.03219774336839,0.0850149288291098,0.942101671707954,0.142180020161106,0.0382897906421685,0.0391083736195352,0.189928605502081,0.0984326094454155,-0.628011626451344,0.0452730974387405,1,0.999999991886295,0.110879036910548,0.192955428731732,0.652371334649148,0.0843032009920294,0.672762022729026,0.0799961929262613,0.60970160904274,0.0920682158033746,0.80584043938583,0.0974810435480822,0.705991151159665,0.134836533538976
0.77079979537788,0.102154256899896,0.933304797526498,0.0873221047036652,0.890772493510666,0.139797280713968,0.0662897963198153,0.107635527716367,0.186245259361569,0.0813276501692199,-0.543151361668926,0.0643525818083135,1,0.766440571284614,-0.0367554641393707,0.225126557662437,0.717216512992805,0.0808429647406448,0.528278399537528,0.0861934549043539,0.649133831302675,0.104840188613477,0.561399556171628,0.117244104163431,0.562470461554662,0.139076454209471
0.957941919360754,0.108900307755686,1.10819255609187,0.0938233763138205,1.06817176120595,0.166261307688907,0.0516696772508292,0.043665232801654,0.234929968596455,0.103045133682214,-0.495923516826871,0.0698548358870136,1,0.999999999952619,-0.36236566525925,0.22754371206211,0.692201442856916,0.093039524436163,0.599850843070069,0.0867107165571085,0.764792100694971,0.0834442770396235,0.616090214900966,0.100605134855474,0.735823674195397,0.110608606611721
1.05217634359415,0.107663313582878,0.997005205913185,0.089017367543814,1.03552402762264,0.172541025767961,0.133449952677716,0.0720427059163526,0.37174000656059,0.112331975638923,-0.541870317349275,0.0607152451627847,1,0.999999999981141,0.0882448455120923,0.186870208681587,0.540233508945466,0.0939550370782022,0.758700706306687,0.0892107737200275,0.71219760137679,0.103941283683186,0.720120662938478,0.0998370162787187,0.674408960497242,0.117736137207233
1.17745226078023,0.114602675258129,0.955804698930887,0.0940761816359782,0.898023109778741,0.150093265357545,0.101546070643796,0.0723293510344812,0.301978009363099,0.114286688305814,-0.587148300011749,0.0637367477440541,1,0.999999999964613,0.459173490985435,0.23145119348536,0.649282714055768,0.0956153547131314,0.619580660348468,0.0927579110547526,0.774288278564999,0.0966536808071475,0.645916626655323,0.107990421016271,0.781615824876475,0.114767771936762
0.890823647006175,0.0992637628115234,0.803497568362915,0.0840292165692327,0.906058322092199,0.135483776911479,0.0689911145131125,0.0888747454539212,0.225332561104485,0.105767322613754,-0.604139012050905,0.0500485744876994,1,0.901258338010473,-0.284890355891618,0.188024868929543,0.739875291020195,0.0785981920342247,0.696953948247661,0.0801555952449331,0.684930755475846,0.099166390115363,0.717075364368111,0.0998729283081166,0.666769113581735,0.126931015133381
0.874341192194539,0.101047302641406,1.00069820714479,0.0919980836435778,0.853428614737278,0.140206234638566,0.136457506164185,0.117591814367655,0.125981628242593,0.104654736632819,-0.569864553354166,0.0605141728697256,1,0.36916872522568,-0.293372941155728,0.21542020417958,0.650522810190949,0.0826394983280372,0.647055484893388,0.090101878662296,0.68328776975716,0.0912304568584778,0.69815979420388,0.0975641890104387,0.797234970250644,0.111647788122096
0.810594630402282,0.100095724056884,0.934751965433991,0.086161715315659,1.07704314918644,0.161965382305356,0.103341051750645,0.0669476885546791,0.333620700522448,0.11797997974664,-0.539892042193741,0.0705342796214564,1,0.999999999997012,-0.281265955530165,0.215451406986768,0.778688611444792,0.0764742091659381,0.555893033864784,0.0844483184937648,0.669844935832901,0.09405963477033,0.610942903836099,0.121493290869338,0.635794498588567,0.154829121213012
1.2176285007859,0.117093607277655,1.12323794338368,0.097368740875999,1.00073030636217,0.16328241137048,0.11758918670538,0.108546214992296,0.200204867041468,0.105641783309705,-0.609909664574317,0.0544507945144491,1,0.583623017456413,0.400556124338034,0.223262141915496,0.739994007708171,0.0825231201186453,0.715867257757341,0.0804544264869362,0.854564761270022,0.0936290207772955,0.636492775508447,0.123948811839545,0.780894759254979,0.128185214385732
1.07090652203359,0.111220514925485,0.950539281076168,0.0893988130696841,1.17061667784135,0.189780545827937,0.0207509852544519,0.0320391434284025,0.155857144267957,0.121065050975531,-0.641914153031452,0.0576687344518928,1,0.999999999976561,0.252484348098023,0.2195696240198,0.765382564057596,0.0844529265032406,0.60926239453164,0.0992495946766124,0.808855686240398,0.0907013748568046,0.600648413360007,0.116681716117843,0.683975231105677,0.127722618087382
0.739459231769618,0.107550319942246,1.09274318636952,0.0939825361468074,1.01873537187515,0.169254164927503,0.0226384999021246,0.0282314714834539,0.151863888437834,0.0971086300196112,-0.561855112061602,0.0639282204909876,1,0.999999999891005,-0.53811389209069,0.235844043098598,0.741245598535061,0.08509476280074,0.725251623340137,0.0848421605614276,0.703410479143429,0.101604189137575,0.546551117953447,0.117012381051009,0.796208497175506,0.120376037600426
0.856954872824125,0.115763774501821,0.90959006868003,0.0940274850654201,1.22292336278699,0.219240805685718,0.116880290595439,0.125550375144325,0.254531263746404,0.131004212773449,-0.606369636615335,0.0613016879219097,1,0.673241488467114,-0.15408557167509,0.205739199395652,0.701497905238616,0.0948542724661894,0.738479142283409,0.0890108398130691,0.71132986234832,0.0952269167642784,0.799179225070161,0.11733017761544,0.486699261156884,0.165412114259526
1.15564904898591,0.117368517494075,1.10451747797413,0.0970761953552428,1.12600829753759,0.18098637084161,0.155810782390883,0.117820203480067,0.317331605658764,0.122058866672274,-0.691598637663061,0.0422644916980842,1,0.75760665265203,0.0590051522090897,0.238334293626801,0.818639486094928,0.0867551949502729,0.632134686185057,0.092638202145389,0.805978483873306,0.0948678327170657,0.740313608685962,0.108195701850454,0.642810116000222,0.121463010404749
0.921963704719279,0.109740904960429,1.03117544799444,0.0833990646196219,1.10201972045137,0.172000688343053,0.0697040049844436,0.0493816573958636,0.277155529449648,0.102906913428331,-0.536520273357793,0.0650942963036582,1,0.999999996206591,-0.326099942440517,0.209324969882807,0.70316343622762,0.0821568358003922,0.680819407451161,0.0838965608173493,0.628939400131039,0.094218029708667,0.676551912423161,0.0994553540414055,0.690751243473202,0.121420645476644
0.989410884665985,0.108798814104523,0.999453442461002,0.0864076075174054,1.0714898672774,0.184776712081986,0.158690265623835,0.105740214861884,0.268093629051585,0.12303929268719,-0.618400164029131,0.0529173856092387,1,0.650155612285726,0.0750925960906401,0.222454836214362,0.636780605929632,0.0850851001158947,0.747898430416502,0.0859847259439928,0.500331163614767,0.107573209137151,0.783944624851466,0.116531931451193,0.670816140123285,0.138232348248992
0.840837281847549,0.10470522200546,0.884072784966182,0.0820725006320842,0.862539616843622,0.144300804914473,0.0169651347467762,0.0290209300838223,0.120967354339315,0.104099631577835,-0.558401885987758,0.0666768632410464,1,0.999999999715326,-0.247620018638358,0.248628500496151,0.574936457357755,0.0955108786697844,0.627645361638118,0.0863236615327462,0.621163240867146,0.0904984782183419,0.538145794238414,0.108321914215307,0.513805057297078,0.133757281440024
0.931227227748895,0.104584530217962,0.991735279127728,0.0851497223344306,1.02282814517489,0.157880915138048,0.128658731264341,0.0646235476339155,0.362761314576875,0.101351406099707,-0.509727938644994,0.0614664257509274,1,0.999999999596806,-0.0164802803103736,0.184729786691065,0.689751106525892,0.075675657021684,0.582788663879029,0.0868253214650273,0.520534421994697,0.100772888902914,0.734185563171437,0.112396947800358,0.53404726601657,0.137154549646495
0.756305132069919,0.0953016195858636,1.00568220280281,0.0745647458905136,0.882043802094767,0.141710216478627,0.0537143162706705,0.0798050343250928,0.143232386786113,0.0953728898344769,-0.624754125809881,0.0476851249773102,1,0.658038231707824,-0.428498766415887,0.219894775811839,0.654257482912891,0.0868733351230664,0.623363091522027,0.0816995256057561,0.648141425309028,0.089539990629571,0.719594485222885,0.0986458931705085,0.72317678540404,0.110026160235229
0.971537253589894,0.0997424153997397,0.868479963314603,0.0843280927289834,1.09064702316176,0.165602573018519,0.0936595041204364,0.0594219198335574,0.319608290488807,0.108749816454911,-0.52305446612745,0.0598632466752177,1,0.999999999948199,-0.0269374932094674,0.17574783133063,0.618374569627198,0.0807108795204993,0.764250380955639,0.0779554941420715,0.714713485887161,0.0981925796682632,0.868682158859133,0.0954684504505732,0.834608004192761,0.127573138735883
0.795181043623774,0.0972106803321214,0.804143272661827,0.0784359703423671,0.932393159794718,0.152209359307203,0.0666022474772796,0.0550249466490367,0.249197672470721,0.109860121640737,-0.553522422085936,0.0604174832169087,1,0.999999999919922,-0.0644599968463603,0.181140541291309,0.626212999451373,0.0808791627824829,0.706069425221348,0.0835253876521892,0.656187051943389,0.105421526609123,0.533781647744037,0.122809182110487,0.689461208840306,0.127951812569982
1.00111209318121,0.113532241206502,1.13287997873831,0.0959111097664369,1.22676387280842,0.197448485466856,0.129672464720623,0.0762927944075755,0.39884520179747,0.130090980025733,-0.6936495265106,0.0377904984070891,1,0.999999999935819,0.081334117860577,0.210325104315708,0.667255360341898,0.0818415507380201,0.84124973270961,0.0714317781096948,0.704158087633521,0.0972327450085352,0.857125940508629,0.109939144823551,0.778731024149002,0.140469967667421
0.871591199974241,0.10476313996465,0.918885833268669,0.0902775216110088,0.93736149074796,0.145696456346164,0.0645214189369642,0.100722271917949,0.201171480452874,0.101597058767107,-0.648224615571652,0.050880353403744,1,0.818014314170492,-0.31248700881481,0.212440139941765,0.78788282128167,0.0835617145303059,0.64621648038897,0.0796035861327332,0.570120608924151,0.100101192285667,0.623871546681258,0.114852129592551,0.730133078778279,0.149106527855594
0.962105761840449,0.106795352485534,0.903276891833405,0.0845391732563628,1.02821878874188,0.159953253329442,0.0848132484066599,0.0573023620600759,0.295307594401637,0.10513703771799,-0.539924156116066,0.0591390164768466,1,0.999999998654469,0.0268399280608559,0.205115666739929,0.708435335908013,0.083415348255148,0.617976389127673,0.0877762170093987,0.778077512410214,0.0856150724393629,0.848897051948646,0.103134976912129,0.40614671478906,0.170599331721922
1.01659531397693,0.0945010880868361,0.987940225457496,0.0886560264945899,0.700718995274912,0.112571580885119,0.0965386159325136,0.09364888650018,0.174868099727337,0.0825480494329037,-0.497340195846019,0.0663860479783469,1,0.672338701858196,0.515920408016179,0.204923767089025,0.640944066152137,0.0881792407543617,0.664556646778191,0.0854187646982505,0.597069828287414,0.0949734577881355,0.695289732932883,0.113921118102135,0.503571962420965,0.140416631555671
1.05574554895011,0.106992507204198,0.910960277777092,0.0878173580569604,1.03768613713746,0.165382200817895,0.170059769921479,0.0900471546572032,0.420081736922088,0.128971259771447,-0.655897932731766,0.0442014597823945,1,0.999999999895657,0.0632786970926438,0.208212405638231,0.619565554931247,0.0828908657043065,0.644845380956652,0.08428036271887,0.724164982440708,0.0994535962907285,0.747624342858771,0.0983726052233257,0.677348892784182,0.12749696885542
0.994518929211801,0.102164178739121,1.03541565020962,0.0895130031698622,1.11311965715986,0.172105397733214,0.0526275840291839,0.0915120714905147,0.209764736628142,0.119667278159169,-0.582108762624045,0.0519971698857396,1,0.866672144665214,-0.381869439834206,0.207422765057618,0.593647266683802,0.0852240263634608,0.759590073379159,0.0739595141092049,0.686583333791383,0.0890686067736888,0.740843726094258,0.108718012402771,0.545029413459674,0.138434384258006
1.10142150081463,0.10134057770502,1.03934162208967,0.0984282377871944,0.814580375759288,0.130897548643013,0.075539315585289,0.0539365251920216,0.248058146483658,0.0949446341469221,-0.599473214612017,0.0549545291730577,1,0.999999999698079,0.131200066036203,0.204841232404723,0.675298654268689,0.0870259604412976,0.564865738727527,0.0913196103889968,0.627302770555212,0.0958733560174313,0.731020600568572,0.10202275899333,0.773452454912222,0.101482364708276
0.938370047079761,0.105259344981669,0.986313827085897,0.101778112085828,0.894778382906822,0.151868751951807,0.205643181859862,0.107591418842632,0.343502526346453,0.120464079833543,-0.59673836350319,0.0575331445025984,1,0.80078335310079,0.199796552264342,0.207676817013807,0.796423699721351,0.0905710869912064,0.655589309360466,0.0900365188419354,0.650194877881093,0.103435122515957,0.814282056816174,0.0987814734921627,0.685860940037864,0.128668410115799
1.07591094399578,0.106685696970171,0.995340112608414,0.0904589708844233,0.91943763688207,0.145989069529913,0.0453671502443917,0.0397679774530153,0.204235808326339,0.0942683546039891,-0.581138733573709,0.0562024843684003,1,0.999999999879359,0.023854521591248,0.215198543313481,0.717358850882736,0.0764523178217565,0.613047977770455,0.0937936659333328,0.805211561653118,0.0903810567886121,0.800744823711384,0.0948058714209887,0.587822425557846,0.125866800850579
1.11258716422783,0.115060426342092,1.05209499254134,0.0920932902728605,1.04040495644865,0.167551730154191,0.132645858660239,0.121461476363769,0.320011733290875,0.12116423319741,-0.515676682852253,0.0630615226677668,1,0.861425746960211,0.422524836368401,0.2263369282665,0.645273244477557,0.0879014851386741,0.622352764923102,0.0895475323837365,0.90535316182106,0.0851835737796659,0.555828673593402,0.111395774752842,0.780093694681354,0.131435016997614
1.04516891501437,0.10712833733952,1.02130463781909,0.0931029754183637,0.910066204859537,0.145905941394477,0.0757848548718172,0.0608343448221282,0.262619944370165,0.109128723954531,-0.610069722458671,0.0508938943462341,1,0.999999999434264,-0.0434295279496824,0.204164905107914,0.640167334713729,0.0859000221598918,0.771352322738286,0.0825867408301012,0.701606798205938,0.0955798740359393,0.638424163128313,0.11917459036699,0.587364607164179,0.135317176167638
1.10745335928753,0.108791021907048,1.14590150191565,0.0979433764945732,1.15527668410033,0.181903657570527,0.101480107442096,0.0813334721290246,0.342399769067422,0.142877594810051,-0.649503397284317,0.0487815694294189,1,0.999999999273163,0.179588215560888,0.209637148629412,0.662368469520528,0.0883086613176473,0.744088158023696,0.0919526676497918,0.773556871082684,0.0925346207283974,0.828999840991933,0.0968928987867549,0.731135975479533,0.109387700924777
0.957600994447646,0.112828665151049,1.05066183613994,0.0816288985397417,1.21112481090514,0.186615945769499,0.00605780048260405,0.0681206273743099,0.0856534969429932,0.109390925990138,-0.595117014798911,0.0527237881036052,1,0.999984262297944,-0.20378469003762,0.218866313078739,0.864660243032258,0.0798998277450149,0.760024976123977,0.0822368238085764,0.780098841012869,0.0927562050746505,0.588936373494028,0.104995041109794,0.624760939955891,0.135831756255053
1.12347595518566,0.12036484996582,1.14169064185499,0.0933194742099666,1.25746312093761,0.210260441885258,0.0378037938010329,0.0403064437543825,0.218029531339182,0.120561657472895,-0.630249537784819,0.0524344774853686,1,0.999999999996367,0.232378042771155,0.222772223478375,0.797091871012385,0.0874026557227874,0.871461263918125,0.0871503779781126,0.842580106585371,0.0900709112073369,0.846739717014133,0.11908318385077,0.8757363571574,0.144365153627348
1.11646251030808,0.108322570088839,1.03910884511871,0.0901552016779258,1.09120484801079,0.170254334714622,0.0942889521163986,0.0644640373560253,0.320762469212851,0.117377067891001,-0.524535087412548,0.0644750811438188,1,0.999999999962359,0.128938581536854,0.21217813063609,0.863964048965783,0.0794344794990651,0.744133551159558,0.0835193939110474,0.652539391305451,0.103930677317076,0.808989686718066,0.0976589641768127,0.623423419343933,0.131669067202414
0.925385357917775,0.0923331228422137,0.976261725889896,0.0829920966324572,0.822103195621572,0.125117738034603,0.111754610292206,0.0626074475256003,0.303106948394518,0.0936670144018698,-0.535598873609457,0.0624494243929721,1,0.999999999555759,-0.321237851048792,0.175921828588406,0.636928646414652,0.0796932765479884,0.578277966567081,0.0838480845893064,0.765900306642902,0.0845906109526998,0.585114995039211,0.109181295610324,0.706512070414067,0.119777295711023
1.01246837652412,0.108751176534611,0.946636838117829,0.0797329078344056,0.944938228046617,0.159359226045927,0.0449695799316445,0.0422630692813655,0.206139455630208,0.0990578537677332,-0.519754103104445,0.070722263333873,1,0.999999999893037,0.156011173211017,0.235253953533306,0.616503812964042,0.0886655358788642,0.633452808094857,0.0870079528053904,0.603786310380899,0.101590356936521,0.676538824835991,0.10196659314849,0.75139367503406,0.114105942031522
0.840126669193829,0.0928984101161925,1.01882911457575,0.082224902088689,0.790204142422671,0.126242351193709,0.0321184876930607,0.0308964514219521,0.159311525078983,0.0796093071324213,-0.492688521887741,0.0724196305311817,1,0.999999999991789,-0.246046659312742,0.19774197518706,0.519373729167129,0.0881755705311882,0.737697028719314,0.0788451848478918,0.526096723654643,0.0925066448762158,0.678617733387846,0.103088952357476,0.771700130691799,0.113753123600133
0.945199976235296,0.11132486499403,0.953253949578597,0.0863422189072125,1.03624924465141,0.159259822807571,0.159621338068241,0.118074861456102,0.23708214792263,0.105786400290235,-0.658110647577465,0.0420920627145075,1,0.58293652293567,-0.315713346221429,0.217706263729974,0.635362940390831,0.0884657435500272,0.74755462467272,0.0793901604924728,0.834424428844056,0.0918490133705043,0.77549332638847,0.108010862872659,0.621647820606276,0.143287581550442
1.14930911545499,0.107578859992751,1.03337229180675,0.0925735578843861,0.988054051434465,0.154189487550269,0.152623131439239,0.129506916875181,0.226950356927641,0.108265462448305,-0.648687735946546,0.0472748657675344,1,0.584427089826201,0.157606251440644,0.230043014664561,0.657767412974129,0.0868759700344829,0.707287983047377,0.0870852599467062,0.548234608925463,0.0976402166816765,0.842951148453726,0.0912003371827829,0.803086680397779,0.118101188961262
0.997234847173596,0.105003673944081,1.03340922356911,0.0893485444174532,1.09401892780852,0.183762207820337,0.155537865552817,0.0862339444549002,0.412506204188996,0.126140665734595,-0.603344676539162,0.057564866341274,1,0.999999998791424,0.313317611274072,0.185980641045928,0.662742832931052,0.0845713233972142,0.731700043726695,0.0915211354235812,0.656708433816115,0.0945078247556723,0.894432046456521,0.0979556039668184,0.686429647070959,0.147050764071002
1.1952466014455,0.103488644814005,1.13991530762234,0.091491802889117,0.959000107198213,0.149166447784655,0.220857516642594,0.101300108606945,0.460219928005621,0.120732330388825,-0.56545629788848,0.0634620465614395,1,0.999999999994618,0.220018367283642,0.199618234190396,0.581268616481164,0.0882612995056545,0.746993830469469,0.0868790634463965,0.66835841374209,0.0956962115755973,0.807262720711998,0.093320863739803,0.799732710318108,0.110768873262795
1.11259304219706,0.105541935426061,0.947222294866958,0.0905113508602588,0.891308235364759,0.147834719269962,0.0242130362947404,0.0325612365767871,0.146905679438717,0.101524482528099,-0.539486220343355,0.0729142965123891,1,0.999999999969027,0.221129836085206,0.227030710373029,0.764943114158948,0.084132953692096,0.664018788634827,0.0930016251262895,0.575244561983831,0.0932672641171278,0.617136425206115,0.108446318845549,0.385640420251717,0.137525060055655
0.941708925640842,0.114202190304352,0.974636461189037,0.0844838269421869,1.09019435317144,0.15435231492768,0.0649401890711108,0.0571388512289112,0.26607785933499,0.121503270241644,-0.668761165651218,0.0429554717185784,1,0.999999998651647,0.160651530602066,0.24843783457256,0.647510085937474,0.0778426124112759,0.837778819782693,0.0739510558276704,0.753402676675898,0.0911155718143734,0.606981156273925,0.115858993802224,0.523567112095553,0.153713845563397
0.942671810188363,0.104580157937877,0.927792100153044,0.0836422737104203,0.846161105848764,0.133725934201085,0.0916413571669094,0.114001519333794,0.0859889376520248,0.0924871538537508,-0.627679557105165,0.0523342119878377,1,0.308795027210272,0.0437718290328664,0.219305686652223,0.675597284045767,0.0814629441311063,0.6883460787103,0.080996037037573,0.566929323958756,0.0988021661378416,0.680328737755954,0.108829452081087,0.762458904576811,0.109188160985261
1.0468714218409,0.11149190632061,1.01171560667521,0.098454338283359,0.9893470239091,0.157790547941798,0.126789134299162,0.0782556751152309,0.354172912388845,0.113067537344947,-0.648689547825147,0.0502199807956559,1,0.999999996759805,-0.0809308995940028,0.218470397094194,0.74255150316942,0.0838111615927339,0.737702140869772,0.087019112155134,0.838006266889269,0.0938214045702323,0.682488904367114,0.108331432718295,0.767584930436285,0.118762254503176
0.990233824563305,0.10584211617606,0.950138338664784,0.0859289414937268,0.986882493706154,0.165177749811864,0.0983688736294369,0.0997367645585616,0.144482802149972,0.101226762546351,-0.583214440153641,0.0618821774960611,1,0.463718672675154,-0.116876047444262,0.215938413125637,0.763083927309343,0.0817301891860829,0.621479128536682,0.0863113048249945,0.607134876403268,0.10141687911972,0.627689164751191,0.116782478119506,0.846578581386672,0.121561029180758
0.927735704851248,0.0951617577669377,0.980133319084702,0.0859364168612606,0.836346371065689,0.133284095488748,0.0803882068241133,0.056532570430734,0.259292084401275,0.0972353551738587,-0.480845006475915,0.0663224592135716,1,0.999999999846301,0.14621648740285,0.200543993060461,0.645702554767706,0.0774767742392357,0.589923331284471,0.0873804648695801,0.650415535855973,0.0875862750918193,0.761369459489821,0.102500431485712,0.392370954330025,0.148983350363416
1.24441366481048,0.134078409173335,1.26630563207394,0.103177465331334,1.43559150357634,0.239985788650717,0.110304962509808,0.124784509934055,0.176194289543328,0.127346998988684,-0.702011651981987,0.042410436893901,1,0.442770689205287,-0.220474662055661,0.268875919152318,0.852211588020417,0.0934411824841477,0.831533679713463,0.090946829479301,0.832138825587232,0.0968501161178525,0.737588724969859,0.111401353282584,1.09715811777986,0.103794117062095
1.0405449111104,0.101562494459504,0.982253959190278,0.0845058072976468,0.787828621354633,0.130384241946175,0.0727420134901922,0.0544708456919692,0.239391393358282,0.0858152602691014,-0.576147814969079,0.0554499213287234,1,0.999999991375423,0.0528002797242919,0.187054432953277,0.588157590970753,0.0852446778921222,0.652612083212034,0.0879294796558305,0.664880652438155,0.0967272276958911,0.511998633314801,0.115924517237318,0.591856616140588,0.117229303262621
0.935801588752286,0.11125639907191,0.988768699989761,0.0896278423460854,1.03549955912054,0.157769811614821,0.0445369788579681,0.0435460897015326,0.214751068212727,0.104111550853622,-0.635233167774056,0.0491923816380894,1,0.999999992698305,-0.128055231404991,0.220989205878288,0.739708701085407,0.0791937623212867,0.652169681388552,0.0821049154607556,0.699510380879795,0.0930030933768235,0.732196426271946,0.0958324631471436,0.822367219812824,0.122070164389788
0.84569560402267,0.0955064557989481,0.957659175284583,0.084238231054465,0.838352540565962,0.129767082099296,0.0695468683614347,0.0520935616624049,0.24146385604694,0.0955946631872683,-0.480425861603941,0.0676486367661084,1,0.999999999981495,-0.127772681567461,0.191862140847857,0.644305247422054,0.0749611912193262,0.567571366179335,0.0831790649371477,0.580993611476432,0.0950317772421169,0.696279009903208,0.0990293690424518,0.42252558436147,0.141005466692632
0.975216725624667,0.091322799916513,0.872055323885,0.0860259439922348,0.75807865491152,0.117960462397089,0.0907208737565493,0.0648546494193468,0.2622471314423,0.0991057759776319,-0.543702416773571,0.0623876538586492,1,0.999999999999653,0.272227330555481,0.180549699238727,0.606796245167632,0.0808473746610746,0.539709996033795,0.0857993877387115,0.634046906663846,0.0884029529339652,0.48650671145638,0.107829780786363,0.770626574596558,0.10583244189815
1.35586322986247,0.131952141924649,1.06635126579235,0.103969079555566,1.27220117329183,0.201833901319948,0.194395930918622,0.161895903513738,0.324289701035878,0.132264536402288,-0.674081845716275,0.0487850883562262,1,0.652096209003005,0.257038926258874,0.233753519969519,0.834825988637796,0.0836063932630965,0.773627164093603,0.090650305245216,0.822051206604498,0.0906320067132164,0.878588621181321,0.104196110963266,0.935176092132473,0.121736986465013
0.900050681760242,0.0991150173968601,0.868983813287269,0.0701880423461162,0.882250646132643,0.133261407125417,0.0330638884781235,0.0392975427974415,0.170794125032144,0.0776654550395737,-0.536919396825967,0.0538597947696953,1,0.999999934386305,-0.10226917610236,0.190520371049984,0.814468928009319,0.0749191507458949,0.6264316996848,0.0800896288745755,0.584515562005617,0.088240316663935,0.880380465083311,0.0990888562569852,0.742114802841272,0.123177938209962
1.14105885697726,0.121475219016207,1.14581558494439,0.100467685468032,1.1425008926376,0.184273083565487,0.138872528208845,0.127796299264857,0.115990819460218,0.106725084767337,-0.691229287956621,0.0395099012268682,1,0.291197184532445,0.208968173533471,0.218426812107284,0.763307781246216,0.0833163609385947,0.712009335504551,0.0890173750319207,0.857477185858787,0.086624573056656,0.827483621391095,0.109812776293514,0.63775951167349,0.141879205597806
0.966258951902995,0.0921029838856323,0.922991962257801,0.0744196611674739,0.6550464655139,0.100966595029706,0.0576041563633094,0.0376783049414453,0.194250866138236,0.067274605442626,-0.515969039459395,0.060146257257739,1,0.999999999612533,0.0373122080976825,0.190517904107788,0.63274286696554,0.0800829321753325,0.650072007990036,0.0826029742423511,0.46846809415791,0.0998057339018809,0.649282665836795,0.097192290814446,0.517832796074525,0.133754361442611
1.04557472832138,0.102508887509487,0.96238413978761,0.0759445116264052,0.808237057425497,0.130086694952431,0.0251955355428072,0.0722984096172364,0.0865677052230555,0.0738457036690028,-0.603479218747212,0.0503381065287218,1,0.606631180183076,0.0143317659530846,0.20368914894343,0.641714326691561,0.0831402610169481,0.728301716517771,0.0756302880933702,0.750648525703986,0.0943163399306494,0.542696466112809,0.108670620314347,0.472656670101534,0.142809347538419
1.09246458885438,0.110889393009259,1.10480206986654,0.0994560579380781,1.0389314067069,0.171637105558801,0.10096789631311,0.0809324959528841,0.20029952429352,0.109674706653589,-0.677855703969677,0.0449746862047289,1,0.618436091012342,-0.151739227906569,0.235523950880429,0.748133117502705,0.090876381118103,0.64821643787871,0.0947825823149287,0.924963704166214,0.0927089531551406,0.804463419386768,0.0973142598521057,0.537621957187484,0.140761065526302
0.903085468707442,0.109477921845063,0.865320371545656,0.0911219190544393,1.03691961435687,0.177794946340234,0.0509468791323238,0.0948605582167444,0.13959065098252,0.118219516556649,-0.58839586578948,0.0660894740953137,1,0.607330364624836,0.154356124420652,0.227163335464141,0.69921524999958,0.0864706726542331,0.533138927377445,0.104347641333701,0.679060494197551,0.0992652423399561,0.452479684442972,0.126609572565421,0.678162057154285,0.133421299491679
1.05885148849473,0.104692818483587,0.81850835824135,0.09610900166308,0.9782714068554,0.157337898374616,0.0863381794500352,0.0755656297218459,0.290623760882639,0.122656512270632,-0.56985847034503,0.0567548324596408,1,0.999999988833162,0.113692144669089,0.231614541629842,0.687550396512648,0.0892720701136818,0.625409906426827,0.0875865180745801,0.570467692047566,0.0951707213540315,0.617098123994354,0.101653782687707,0.550657770798027,0.12437062997094
1.07119709309076,0.106735651267566,0.961123270451081,0.0870563800679861,1.00237278530014,0.161216781999001,0.0809579177731702,0.0503688755590432,0.284868414408241,0.0971920596919266,-0.6631941451185,0.0505800543551424,1,0.999999999981962,-0.0765673983932142,0.184550006095079,0.779915785866339,0.081904299447552,0.704651179662057,0.0887099748021322,0.753988011602899,0.0943836144303272,0.52387037104325,0.125224775879688,0.641310787622587,0.109468543408033
0.957897223183706,0.108736730836018,1.04835352858658,0.0882487008808115,0.88927347384262,0.141486045383676,0.178722264639094,0.116638396618874,0.109303341967857,0.103280353712815,-0.56706220378387,0.055697290928226,1,0.274174110001713,-0.0928571570947111,0.215286667398932,0.682751405374902,0.0877193660884163,0.648281688244155,0.0807760267662338,0.642467700476308,0.0961784024921593,0.807908289581197,0.0992881094690712,0.722938642354076,0.129062102174283
1.07617980756335,0.119112436314785,1.02961066851946,0.094277065824395,1.36943622035117,0.20698366822644,0.297335375997384,0.167991158299556,0.482018985837451,0.159228426613565,-0.593672829494381,0.0553297396411431,1,0.755387767679296,0.164320659489667,0.219799981415531,0.611449836330795,0.0944682362697521,0.763812529609164,0.0888627788172115,0.662023423803882,0.0947684602599625,0.895556152434519,0.0865594398135911,0.747012951096628,0.116328009906991
1.09831060571253,0.105107381832153,1.06965967484083,0.0911202343496546,0.897042318649385,0.143092655018601,0.0316916976634324,0.100904157721777,0.151289410092023,0.0965749236174728,-0.617575962196468,0.0541083803483158,1,0.89728273536692,0.290863291300137,0.213974776339659,0.579252606515331,0.0953518814359962,0.663303975027956,0.0789517728960693,0.643073785199394,0.091184048110652,0.811147067844852,0.0950057766088533,0.717206967671639,0.110962725947087
0.862747676823813,0.0916996253975911,0.877311970678319,0.0773439528766472,0.734902883565591,0.100351102783953,0.0438657358433875,0.0389036889440619,0.179546806601295,0.0819894116500069,-0.560293840269076,0.0500758636612812,1,0.999999999995205,-0.0803006887458274,0.189110685161712,0.598270481446117,0.0817125010892074,0.520120017114172,0.0825381195922881,0.65909501286602,0.0780077127351785,0.59064127720475,0.0935628846598449,0.778135966022655,0.111407232659065
1.06700500589708,0.11678734425233,0.933843096503526,0.0939224442559615,1.24793394021548,0.198005044185506,0.0456234007614971,0.0407914918310557,0.238610540096968,0.110996852012128,-0.666137480697582,0.0450252719091908,1,0.999999996197781,-0.263342218578816,0.216604621631999,0.799664580693349,0.0835451231734876,0.634367606244554,0.0890837103193495,0.728420335617435,0.0840909945615742,0.692595415463653,0.103449950398281,0.914099978819109,0.102565343354161
0.961386043228322,0.110931936526904,1.02395520528716,0.0880989683897198,1.00400948289306,0.154989930409746,0.0394041260754624,0.0888817039906649,0.146573004709073,0.0869006342229999,-0.560345761273563,0.0589713261369734,1,0.736909632649172,0.20607185944382,0.213812280317361,0.682231556124536,0.0882235684587063,0.768187239073639,0.0813656871920034,0.704406906677799,0.0955286095654069,0.600237573936935,0.106784613125848,0.724503228087416,0.128919119633983
0.990887904004717,0.104625555522843,1.04686428398963,0.0979077769256667,0.951225190834087,0.165268588589293,0.142366929358642,0.121299927789152,0.245416166823522,0.110517268699986,-0.528576180035481,0.0729566940370597,1,0.666894196413681,0.453704259725028,0.186830993331148,0.529950642553031,0.0937111541123779,0.693331595352029,0.0857936461590856,0.869541814527273,0.0882427036216176,0.560862465488113,0.13295870741135,0.641069771114517,0.132600340248718
0.913389085402993,0.0894711955396778,0.912005072131119,0.0806288476392967,0.688802767177263,0.108075408135421,0.0787805548893627,0.0496611363738787,0.232946912709979,0.0783883851025862,-0.453444862711555,0.0679628548944338,1,0.999999999387785,-0.0909650618007656,0.182277072836123,0.551582149369276,0.0851917538061829,0.567271445978588,0.0837597402527979,0.646356494446306,0.0886841351655937,0.609549941668972,0.0998307103703785,0.753509577062059,0.109087546964804
0.888992354866554,0.106572693156327,1.03434870183333,0.082312700852166,1.03235703648821,0.166578032686377,0.0495385408278179,0.0884307482867126,0.0757909033585212,0.114131145670322,-0.636177347419927,0.0461826641299041,1,0.335143281201784,-0.0816633543930766,0.229553774798238,0.618553583591092,0.0942314770149538,0.690772720393061,0.0880089106977849,0.763262079000317,0.086878110512711,0.54449718005751,0.112320189876247,0.706596450126591,0.119043103576421
1.00455009119446,0.103713965035235,1.05428396990322,0.0976287511969947,0.837028289816902,0.151190968168544,0.142793635210061,0.121434486347136,0.0995095836338042,0.10000643512974,-0.609138104833436,0.061851788956796,1,0.287832888415043,-0.191773864944541,0.188198272186645,0.763389379622159,0.0814993339221784,0.650829312065839,0.0939673399130506,0.740939610401711,0.103240249103398,0.404937090875022,0.133191085791024,0.640445649588582,0.143676280729511
1.15955043810592,0.107539874590614,0.959764836897503,0.0977119380220115,0.849589394827343,0.132352807010096,0.235981353361109,0.146634643012097,0.197859574959783,0.0984377645931876,-0.621979939202965,0.0497879943158581,1,0.441889504672372,-0.108792096846376,0.20591617367991,0.754882060136736,0.0850418619329952,0.823905004089624,0.0796290237061823,0.664889768533609,0.0989814485951664,0.750262542743441,0.113083681899575,0.870875931742444,0.119913206362548
1.01855614294612,0.10855491625192,0.918719409579789,0.0951803364492632,0.881457372520659,0.143105551832799,0.0808328260892915,0.104881650441621,0.0257340554761411,0.0995344820054883,-0.598050919206093,0.0582002463213775,1,0.096408137779441,0.0269178211138376,0.222997667850619,0.766627095414037,0.0833505824470128,0.681682958896515,0.0819322035564638,0.576758130748569,0.100617705569915,0.762600431729507,0.103613250239381,0.811494038338277,0.124533749155703
0.861110090439306,0.096693254551959,0.956269327943661,0.0835775016281332,0.968641803422202,0.149929135623817,0.0363742874621434,0.0381015932906746,0.187706300867902,0.101428268382404,-0.542417783356264,0.0570907397019181,1,0.999999999715941,-0.252636781026146,0.217761258271452,0.680135624088066,0.0808315033087867,0.623469472571085,0.0810243689423422,0.538302155811865,0.0942380442409577,0.744967347932306,0.095119526560451,0.592873895682044,0.131914810447346
0.915460522115323,0.0957566940726485,1.00625383914833,0.0765965730063186,0.749440720781409,0.117332787881539,0.015901154980119,0.0224580071690195,0.109164889238327,0.0790633192085727,-0.558639809638121,0.0628937735580922,1,0.999999999700384,0.0877799421709915,0.210214787464623,0.550481420309532,0.0962362871939464,0.56602486832397,0.0839075586843288,0.634424425462936,0.0911622912619775,0.747065987656619,0.0966454879077986,0.489899713755763,0.137568713544028
0.956735011311888,0.120075582844659,1.05485044272595,0.107192317153515,1.13212988211634,0.202031855912567,0.345789697880133,0.163011216342618,0.259241957077456,0.136397875447171,-0.55008209497162,0.0715288557677037,1,0.414334540746454,0.161372521533063,0.24755893142461,0.613414432742823,0.098796528396229,0.731885454523818,0.0965240300912933,0.717807011149628,0.105175244058272,0.817586544417726,0.113570191331819,0.689181618974759,0.129693359563553
1.00987909147991,0.104824995477354,0.953524329076927,0.0843458023483008,0.952335330035841,0.14811213489525,0.0387659322073072,0.0423813430821244,0.19214100770732,0.108061822987381,-0.65113979589129,0.046223664871085,1,0.999999999999887,0.152435045202186,0.219468414862867,0.708235243552935,0.081279158775385,0.706991869609014,0.0855569243897547,0.661497912827294,0.0981177086499479,0.407564959887806,0.113536700996756,0.762737062487295,0.123175267752298
0.985900974573655,0.105115442636214,1.00173424857152,0.100726109655409,0.880459939654412,0.147215917474016,0.246439487303888,0.162858642874703,0.292238088932824,0.113115890464827,-0.531879474729823,0.0703776569119972,1,0.627374511534527,-0.203364831490645,0.209939726569328,0.678812096886838,0.0902454283165227,0.588513238010618,0.0944233803712862,0.732962980254425,0.0900513314841979,0.691548902524924,0.098911493906332,0.802770650738545,0.118774888370832
0.94251665212737,0.101387335816823,1.01175396060043,0.0923182148378713,0.931546829997602,0.140580012267235,0.0890313066508557,0.123823422205857,0.15991180932193,0.118071471936713,-0.64756711811706,0.0496925544965011,1,0.555273333470764,0.107450793756542,0.20480799577856,0.574748835312209,0.0838495921730105,0.761543718988499,0.0795959062126703,0.654570137100387,0.0951188145994034,0.806628618263724,0.106027692174735,0.820662756753507,0.122899535034017
1.05025921252461,0.105347428082837,0.934150465613677,0.0717452290235407,0.892751129393385,0.140058398422234,0.0632947953061806,0.0419910239729257,0.237710958704997,0.0853887875584051,-0.569021287713446,0.0552608377335076,1,0.999999999063233,-0.0840465611407336,0.214835083570066,0.706116477852369,0.0810591676024098,0.591092944611908,0.0880752337946873,0.640476680069135,0.0881215996043746,0.709458112553032,0.102481798941195,0.62696841283225,0.117167594695379
1.07584312331097,0.107448447264052,1.07531244262017,0.0827705988995104,1.12503634826539,0.168682891198868,0.0433160509409707,0.0826425926208489,0.133528035362303,0.107213972717719,-0.613221957775089,0.0454180894242111,1,0.604873773093415,-0.203950865220135,0.184703515116784,0.731587843360888,0.0735305759093861,0.663357083596706,0.0805674075728891,0.712387713010578,0.0880907654234985,0.832763983194824,0.0955204561739233,0.75170017622038,0.118900448722924
1.04491773886766,0.111495000613354,1.21675125600733,0.103797934992164,1.01506698510298,0.169572268537368,0.0390129398349784,0.0989945892832502,0.134394858881136,0.0971355735638473,-0.607037803357786,0.0548758445940244,1,0.675353205119804,0.203374196783843,0.21846552617365,0.774509038008502,0.085850623205356,0.796257891080807,0.0896441743516289,0.712948162879552,0.0929866664874066,0.526404603712592,0.126802742797766,0.556702138864208,0.139687306576799
0.984810783739155,0.0943850790618633,1.01314270901006,0.076932175185942,0.722210488617726,0.110359899083522,0.113789336111155,0.0809113302425888,0.145333751256278,0.076822729264133,-0.515588861461187,0.0613822097405245,1,0.506971803843291,0.0702337619831177,0.201624343347174,0.604622797580154,0.0839705575832007,0.769769868043297,0.0723850612897824,0.610332519686673,0.0992071222080731,0.53212137451037,0.115879071275695,0.720632022032696,0.137200941858529
1.08485578904298,0.109190832777359,1.07540579095048,0.0832046665115015,1.02326574387758,0.158339956025045,0.0557869920753658,0.0461778841518032,0.238924502377824,0.104539694413605,-0.569481197495073,0.0558270301297469,1,0.999999999052281,-0.0725867891752451,0.22359146342901,0.676994763032385,0.0812932233893792,0.657593137239057,0.0828857468163472,0.80933885864042,0.0888336462948037,0.612885549069107,0.124048545391712,0.797665182967309,0.113308338652435
0.882949415094676,0.0999873015213445,0.997909227943993,0.0888202814385636,0.886329623961295,0.131369515131034,0.147981548684415,0.109318706439688,0.145851578711958,0.0840025185175472,-0.452478700479028,0.0731024065226366,1,0.402726045618015,-0.157639185704741,0.188902941318265,0.790859062581651,0.0766571724083998,0.576022814450391,0.0844829937839016,0.775919422339419,0.0900894814223286,0.815396092649885,0.100514975561004,0.747400055607368,0.125589977156313
1.08337330199543,0.110930810038115,0.943096728376787,0.0876028792551468,0.998877963442179,0.176569938054397,0.022724333349652,0.0889904623242821,0.140492977488078,0.106600257055501,-0.548424674739697,0.0684213488566625,1,0.932508555186218,0.26862476131772,0.193357271681937,0.723789443875841,0.086599670659063,0.622940579000604,0.0951784927743826,0.717092881090193,0.1080693069399,0.553310530533871,0.113276466206549,0.675402202896552,0.127974952776518
0.865145262590096,0.106356437515656,0.892261775399488,0.0960466538037847,0.95907990825259,0.157842275173302,0.358125954212751,0.159170248592273,0.255173614269176,0.111065718184792,-0.591488833146366,0.061913751811755,1,0.435402050735361,-0.122544660235854,0.218719038242741,0.578085616199485,0.0928029009272638,0.689837396014469,0.086946306771809,0.679489925689384,0.0909409736813849,0.714441808665231,0.10550351400475,0.92832585108321,0.11758278691056
1.14301747884694,0.117795881098262,1.21134685183782,0.109796312535337,1.16311402160973,0.189333024843837,0.169835309076791,0.130833804217061,0.322920093540097,0.122498497417675,-0.672058092595555,0.0485456323394095,1,0.726557400974215,0.222241971535798,0.236573171859517,0.785700504997137,0.0860619312805066,0.792423910625237,0.0811081693566672,0.833242090394531,0.0954587801184291,0.801297521651881,0.116542200941442,0.870808478406854,0.111062675328613
0.951024800534008,0.122705410463542,1.11813137355648,0.10118950963571,1.3909016800038,0.242759529374403,0.167815151954188,0.153091450882014,0.305872816002252,0.160116675965216,-0.693730012770908,0.0419626607406719,1,0.633106948907919,-0.0787066367546224,0.216406387483202,0.780035789340974,0.0832123746571449,0.847063341383296,0.0907934629109215,0.825813239821483,0.105409096000234,0.739085587535078,0.120448754534594,0.783723261175257,0.152430586899016
0.917817958719425,0.0980298597922162,0.995122945211225,0.0839193977038762,0.83465427232771,0.135941623647312,0.0738664779595247,0.0582997956703285,0.248300163936141,0.106472371075543,-0.586507267662796,0.0561160097478119,1,0.999999999999971,-0.0853255012231898,0.195941668448613,0.655192594588812,0.0751178458647638,0.595939898989592,0.0852449339375808,0.533344652396834,0.105330553332949,0.706851563768256,0.109700364606076,0.356391440718688,0.149925487600527
1.12576437448998,0.13175449415075,1.07792702984797,0.116330072141997,1.45183089589345,0.251461384017719,0.252258506176942,0.184808391792491,0.290869096832861,0.156486777457792,-0.680437881459318,0.0483760988782355,1,0.48063639711063,-0.0398901854429184,0.232368464302949,0.877466037362198,0.0912947607773157,0.754542705291546,0.101555684481343,0.772277331609813,0.103450345751679,0.685257045114356,0.118371696183703,0.795387001165277,0.117489748560634
1.2137903528579,0.12772481126747,1.17558712171981,0.104158969329577,1.51305684293018,0.244166712211056,0.367754902136997,0.219593915554592,0.414242777577241,0.167389512522979,-0.574877874151589,0.0611022841135858,1,0.555326102952441,0.134706695509341,0.198862576579724,0.751958992565436,0.0887136951223894,0.714787079289941,0.091270214198818,0.742771060606665,0.0946460151812844,0.835245031588762,0.112639459739421,0.71399828470847,0.129302741787831
0.967984233325091,0.114292495056483,1.09592082447772,0.0898419042275557,1.17702841769848,0.191002342841462,0.00646781925581614,0.0177144165341087,0.0872514012182666,0.120194520642933,-0.583081122557855,0.061709728604779,1,0.999999996710668,-0.198530260580825,0.212450760682444,0.729754837163633,0.083682664051107,0.736803302740434,0.0807062888234451,0.778358910619125,0.0843176686756277,0.798596348775967,0.108972628471494,0.838088867717433,0.137566813510071
1.0163166786444,0.109922372011106,1.0251889298497,0.0893505449961141,0.994448418553076,0.161093783024643,0.0572140334943347,0.0512612143603322,0.238529673448804,0.113414495755043,-0.64401063356858,0.0501920544635656,1,0.999999999895504,0.149223504819953,0.217341555272875,0.751205961841152,0.0820136755305952,0.717775697496918,0.0916206027961931,0.740203483335184,0.0947924992449558,0.85983234114155,0.104553911004441,0.363591194043406,0.149715501189682
1.03252945216294,0.123692687875608,1.18053521788586,0.115104361194103,1.2191669209846,0.208533297863072,0.26730731689004,0.151874261982203,0.374478114451109,0.133562807643562,-0.651403932019192,0.0489023196432009,1,0.655978239163997,-0.122002676604341,0.214646030584719,0.799851119004882,0.0881724260780609,0.732514507352722,0.0940289813947472,0.693506113555772,0.0983608364145001,0.742716947228908,0.102751633270857,0.854876163388141,0.13295778936527
1.09830362632788,0.112727602275154,1.04818397750921,0.0963835870791325,1.20052524360218,0.170703784007137,0.220603104340009,0.131856376958277,0.313026656783574,0.122176221526103,-0.574782385484889,0.0517744574054692,1,0.608260850473348,0.232924009481275,0.217628278660459,0.707641610317974,0.0845852220983615,0.744438300328889,0.0784558715430287,0.855947491438011,0.0935601682935887,0.691054125958556,0.111088893247349,0.760078979677515,0.123956281205617
1.00073836960013,0.112090986832943,1.1028386345902,0.0922919588182806,1.05452024247255,0.177069507008322,0.131391730619283,0.126037850646045,0.337233538639383,0.114663344827894,-0.583671506890687,0.0557832242476087,1,0.905981402437967,0.281804853175887,0.209438516940981,0.667228844158291,0.0837790050089279,0.743623160106939,0.0923367274664843,0.687614548411014,0.109080309484187,0.710579350388285,0.118037906951623,0.728465284893403,0.13071021961529
1.00717723380392,0.119790206223806,1.025965650493,0.0951031655185809,1.46083619993905,0.243435638483365,0.129757141193891,0.108610559927597,0.267546061873713,0.130803841761885,-0.708612165479214,0.0433398756196481,1,0.614514545924587,-0.0913932376148771,0.212794471014579,0.726998114483282,0.0863080439694427,0.790981583545571,0.086071509269406,0.778559074612769,0.0869548817968311,0.714324153890458,0.120820882267953,0.863537542304289,0.126061167458675
0.998472490466775,0.102919614364294,0.9834585492459,0.080694803121828,1.02204944500959,0.148261362499094,0.0843066281467858,0.0615504014741567,0.293539677871455,0.113468509212147,-0.669868567192902,0.0399593069298739,1,0.999999999865522,0.139794540581545,0.17880517634738,0.689752960055853,0.0818525139602434,0.676673830313512,0.08942107626779,0.757595514360413,0.0880094156193386,0.901089451467306,0.0842600131352885,0.715705893887979,0.121150116974914
1.04303632094668,0.0952304916367504,1.04942471020031,0.0793396206241557,0.814318880291485,0.125140894369198,0.0252624882885368,0.0298753343233237,0.143428453159292,0.0857608652207034,-0.651475192326353,0.0431190814129729,1,0.999999999979806,-0.0625013114793679,0.183687862231253,0.753460344429343,0.0811927337737118,0.537191979859872,0.0860013889985342,0.638855343844268,0.0853194841206851,0.77722208717565,0.0887992307047161,0.65037216448848,0.117195799303205
1.03666829905116,0.113850213268124,1.11894647452538,0.104004771260363,1.23603413495169,0.203290344233598,0.196895419388129,0.141347250333934,0.448209471167144,0.153050024258695,-0.682582557454221,0.044897934785051,1,0.908548238573219,-0.0991999443781537,0.226392850645399,0.678070247991741,0.0887167094773241,0.710260961889193,0.0836794459866531,0.71084204699219,0.102230948838429,0.801444584349949,0.101767449977034,0.803681076635502,0.1189738632631
1.04429430506337,0.107036803787461,0.946089813029193,0.0880265269054397,1.1133544617526,0.167771243746466,0.196385946766731,0.0920414458479001,0.467597230521125,0.126737128298482,-0.543246823800894,0.0591422647291638,1,0.999999999846275,0.0608468644465232,0.233725163404458,0.777974823320687,0.0797232377810462,0.618286100412277,0.0861002914038451,0.612104832250238,0.0969891220162931,0.685554691015846,0.0925983382937392,0.915501538939565,0.119594682501083
1.04418841101625,0.100578647394933,0.976731014434313,0.0829025237893325,0.872072305326606,0.127654315510994,0.101554763147973,0.0640929442512969,0.297595524841758,0.0983985696746548,-0.635828127516282,0.0472378419847982,1,0.999999999946317,-0.159447459333661,0.210575814720889,0.737535338022468,0.0824583552754363,0.783913703350608,0.0744666055276238,0.817122748064402,0.0840564435974321,0.736650225752506,0.0914422250171916,0.777311462739313,0.110385037560754
0.838765156084642,0.0942609338666203,0.822525760729988,0.0828829733549676,0.672781864482139,0.11130104554821,0.016871308851972,0.023766440190159,0.106539713825329,0.0758755658468272,-0.546211014074247,0.059773845126855,1,0.99999999983698,0.112094814532015,0.207813133356684,0.660168315449773,0.0806941594976706,0.548011232523704,0.0853974996027037,0.643990568539362,0.0919256805435785,0.478485095640629,0.126249982425048,0.492173390727438,0.145051005868791
1.01563832229894,0.118917018108527,0.971020758820809,0.0910492973069537,1.23413136894934,0.213345215637266,0.229276090430187,0.12597488896155,0.511041382739661,0.12750060875238,-0.571457076502168,0.0618728529701751,1,0.96071813799858,0.047616055077665,0.197582292618064,0.711376652794336,0.091752315672462,0.629486047896059,0.0942154261209983,0.832553306639747,0.0961186393716462,0.776340994443616,0.100671009768035,0.925313227819546,0.122712927142713
0.870364841720934,0.0958291105923128,0.962392633559113,0.0878782782666503,0.828575318194403,0.127890930684279,0.0250657751713136,0.0286890854229395,0.144114130430896,0.084964024691483,-0.623140781293877,0.0499700751799751,1,0.999999998832218,0.178795871549149,0.22004447250666,0.54331347409324,0.0924740134074829,0.772539893329316,0.0845581876948897,0.631748002761306,0.0941485324519381,0.726170111579308,0.0986950424062455,0.819579521605003,0.118841592594795
0.883465950205665,0.101117030100877,0.909335032528477,0.0851511050549596,0.901382751720176,0.154517309238437,0.0515302630010581,0.0449956376460712,0.215519118026661,0.0999858290742023,-0.563683368799456,0.065523988963711,1,0.999999999722615,-0.185831264416501,0.196958921551486,0.759421990148483,0.0818438187798232,0.686618077501364,0.0860540504030954,0.710940346474479,0.100985820103666,0.429288372071613,0.124532896736675,0.831193300013756,0.0984438012003476
0.939615996308147,0.102018186373193,0.936567333753075,0.0893728635184531,0.963790169414285,0.14689277225382,0.092717183127826,0.0633514356847799,0.298931279089452,0.107894997453194,-0.643870750292067,0.0452787103993254,1,0.999999999908646,0.0898302756617318,0.232622077138683,0.545190718815148,0.0890017831715022,0.833761252393387,0.0816828652494436,0.810620414602934,0.0864779652531562,0.752509321669754,0.109008434810205,0.778388715279494,0.139370895468294
0.743783364766891,0.100503124095629,0.956446215912691,0.0866697065886327,0.876847783812035,0.129027204666948,0.141673171077457,0.12229802645582,0.201868292009372,0.0984327863837846,-0.580820443244908,0.0480467058457967,1,0.572746174018097,-0.557990574053785,0.261435520274402,0.699973971448221,0.0813684163322399,0.612008677365737,0.0847166313208936,0.715473150823501,0.084632675352854,0.783941349963304,0.104835505189116,0.520278598851264,0.128986863879129
1.05743546259858,0.0989710128782376,1.02227974853755,0.0935796223997574,0.971306626635643,0.164419726650844,0.0668271932183676,0.0553278663412745,0.25477381265027,0.111866298522159,-0.527696134534527,0.0655659825684804,1,0.999999999999184,0.12006733191405,0.168130129696955,0.627684882922627,0.0843695298308373,0.630717386092108,0.0917143192281852,0.718012994581812,0.0892790050535576,0.697686274984829,0.111224176410406,0.62962338074333,0.136894801107281
0.99345124772044,0.110639426522106,0.974477730335074,0.0917853866615212,1.11252249511573,0.179426107990748,0.162511870626223,0.10061700311674,0.425203612144908,0.143980404191399,-0.61871123762401,0.0562551491294338,1,0.999999999961466,0.139685571411152,0.197988064161826,0.647962694051552,0.0856952149564871,0.806522073997685,0.0881877912667026,0.619819790064661,0.100187530565405,0.529103713305061,0.117981466223911,0.839162074875816,0.11212047197232
1.08904140894466,0.0999868193532062,0.920583456652891,0.0914347119174151,0.831534900437885,0.134723306509643,0.0658304100212445,0.106884117312814,0.233966087615673,0.0782706349855254,-0.646627183925404,0.0498439798239913,1,0.999998599854498,0.321740858921347,0.226309652086016,0.698783644976999,0.0876532610807549,0.743983921283232,0.0828902663025367,0.759512773317481,0.0867790000026761,0.621179175194575,0.1132590564732,0.586946661503899,0.141504805749545
0.863314045157829,0.10854861050545,1.09499601629337,0.0925662108051695,1.00844001737633,0.169924605096713,0.0437495732781435,0.0966239658685286,0.21004470345977,0.101033821630817,-0.639314460581211,0.0543908670831885,1,0.999999512845931,-0.50266489022943,0.212142075718519,0.783119233051168,0.087403000321439,0.821217799768799,0.0843895843428192,0.675843885949648,0.0943187877612616,0.631928885693433,0.116719589970089,0.507162320993116,0.168167663409551
0.922921764524505,0.097241447134625,0.972884673445917,0.092030979103924,0.830998472638942,0.139974362154163,0.0176656216379721,0.026002652506095,0.121161481491172,0.0918489902181459,-0.552996901692255,0.0728334862789765,1,0.999999999923819,0.0795701546530386,0.210913055458663,0.62259145659995,0.0804382715835461,0.595988223347159,0.0859039669252845,0.573748046026261,0.105650968236978,0.705232569778232,0.11562640371122,0.680310351728477,0.123505526207158
1.14254608387997,0.107920667917961,1.03691286712063,0.0958265107836097,0.792151319503966,0.130163283069041,0.0465498539789334,0.077096075729496,0.129379101829225,0.0832101194920525,-0.61792919583683,0.0555529665005551,1,0.673753284564404,0.265159267009814,0.198568965247969,0.828292564863456,0.0848448094584861,0.6849290244989,0.0888176671906937,0.623696225982945,0.102364577243735,0.711245771732922,0.107434842703104,0.64532356835544,0.141506828424854
0.869448632946587,0.107930791508839,0.971624124597795,0.0874218806926746,1.06255185314532,0.171231401379301,0.0811285143538892,0.05458246260171,0.29360390539935,0.106402159019567,-0.532655749493004,0.0627359282693767,1,0.999999999977373,-0.343216717795682,0.19276467552834,0.716429063402932,0.0779283405062128,0.665526323690691,0.0847743456535016,0.526421831324655,0.10598330980583,0.824465020946596,0.106026133150313,0.535542149507684,0.139103449610735
1.11652321338475,0.0949395302726832,1.00846083877021,0.0760265851928424,0.909307136153056,0.130053550017269,0.142751044362131,0.0746018138305769,0.360283975951827,0.102459008758754,-0.571150885721093,0.0477723875930401,1,0.999999999984091,0.0866564597206661,0.191267782232293,0.682519529590596,0.0747800729244003,0.772973165792204,0.0736272098847088,0.595242632191352,0.0935599328362101,0.802836880771082,0.0853572531007167,0.683478467516822,0.106728585565114
0.967692738665455,0.0985273041741509,1.06159248733567,0.095256967103146,1.01533059752569,0.160253440626224,0.0486981451283301,0.0487253738487215,0.222361680123816,0.11620433750031,-0.571704340742116,0.0577390446596054,1,0.999999999959003,-0.0791230906436346,0.195686124408955,0.671246690740363,0.077772829248628,0.7715827120066,0.079492932531655,0.668148235478499,0.0930944098795872,0.725706826677852,0.113966951784017,0.718875252252666,0.126154275405497
1.05242575249696,0.103628672532106,1.07153687758483,0.0731160422800175,0.90899447561081,0.144551896464011,0.00122457425450302,0.0079001022062991,0.0333636212129765,0.107883385659755,-0.606367640444966,0.0481472407148332,1,0.999999994665724,0.230635138533271,0.224858096848764,0.742184644582536,0.0776126403536314,0.632159956142759,0.0867685617419673,0.64150644930458,0.0970460861242595,0.737470174321509,0.102202232325873,0.669653307722775,0.120718578104107
1.00044241902216,0.101898921869877,1.04751490109871,0.0880777000842235,1.04144054592947,0.162093961489767,0.0629361866017612,0.0468424517834724,0.256016203643363,0.102833403858972,-0.617696070547182,0.0531952785393952,1,0.999999999959592,-0.249219018257509,0.195326202836097,0.76438848242552,0.0835395120866525,0.627414727407582,0.0852435166490168,0.825447152758347,0.0912955777397534,0.778168900707888,0.106372081184955,0.718546066342892,0.132409077748341
1.01393990698363,0.103190083891558,0.956380087762333,0.0921375951759593,1.04416063153131,0.167047063394652,0.117003301106265,0.122373726714665,0.179010706598043,0.0934437686689626,-0.587187085405446,0.0542553903236527,1,0.512148956210339,-0.0100004827717124,0.16594321996471,0.706365963426916,0.0805265247542497,0.606306461376561,0.082239708942513,0.663770792697416,0.105960489031653,0.709883454655133,0.11048793751291,0.596863030404034,0.129308136650845
1.10224389013597,0.114119356445501,1.14233793870219,0.0967973098267915,0.98170159004431,0.157570502267778,0.139031893060391,0.11932862205079,0.203965864388706,0.0975057750213895,-0.620510579871251,0.0561518965676555,1,0.552090818803164,0.215803217182677,0.230350262669145,0.64439053869371,0.0898513692803043,0.655183408153014,0.085544504621678,0.761265044296044,0.0906499716618529,0.783521254676365,0.0983609341346582,0.620190485596792,0.137135630043909
1.15985429968953,0.114385004053078,1.05012292489932,0.0872760761702374,0.948609251356138,0.149946425357735,0.100975346398533,0.08441869622097,0.226780864229472,0.0863371740099647,-0.589316858798141,0.0520372430092586,1,0.732748692621062,-0.119043209687637,0.205297940175009,0.757525995222985,0.0844183719283934,0.670849925614219,0.0840627499720887,0.681177189420667,0.0861331203910635,0.561781011201219,0.0993323027198874,0.759074660211272,0.107384494135161
0.818879214258314,0.10739920153049,1.00098313099831,0.0954849928459197,1.03724236115949,0.169378064610642,0.184661406916752,0.114391672681491,0.307629389932449,0.114411384671476,-0.557559309118227,0.0567957658502904,1,0.702909853910599,-0.428394300733044,0.218113583948592,0.71535968248512,0.0855242366437963,0.630620729185275,0.083832783737767,0.751127653507435,0.0932896794854092,0.762410717798199,0.0952395981630364,0.497790435044889,0.148419841134346
1.01466815348834,0.107868673789916,1.00632945358957,0.0893502045147491,0.918079472108624,0.159540713060119,0.00114110829351731,0.00777305221465341,0.0323670454899152,0.09747165514298,-0.592927341876536,0.0627339028506799,1,0.999998823062135,0.188702995316099,0.212966760148296,0.474507539764843,0.0937206484236211,0.684627955052625,0.0867498886347699,0.609370548770174,0.104412956515285,0.641121506100882,0.1085640263409,0.601463260315184,0.119546727965157
1.05029242360488,0.0957855601958003,1.0312664778378,0.0826833096839727,0.733087135172411,0.111526347828886,0.0654267778304899,0.0455406451206899,0.219005774176101,0.0818333668603543,-0.5652543748139,0.0552818461791165,1,0.999999999991221,-0.0717974473751184,0.20241118648469,0.680316409185128,0.0850232994410801,0.652560806826187,0.0771982605892414,0.789760131108297,0.0882147700201026,0.557515057995421,0.104900473183961,0.688926625258988,0.115122199537893
0.98733032439872,0.110854892997835,0.962365739479937,0.084606887599319,0.954681923162056,0.141006526294159,0.0282289381418251,0.0325921776305099,0.164163506270619,0.0971483593745587,-0.623065885043681,0.0491465960210206,1,0.999999996975903,-0.18708890367757,0.239933861557833,0.606241270571546,0.0844995644505218,0.698720342910312,0.0815411508803075,0.596889128948774,0.0861552015438347,0.708420957577267,0.0988439773103809,0.600080740347747,0.125242011203801
1.03156796279275,0.0959122707126293,0.917984539040815,0.0825818167655895,0.772917768829517,0.122796064916662,0.0527597418597037,0.0419133561935431,0.201937965619201,0.0851246966742384,-0.559151121212438,0.0676751437683923,1,0.999999999953387,0.33022535666103,0.192523675180516,0.661789325094739,0.0821763638891824,0.642383334403764,0.0915365639409968,0.472294265595327,0.103138363293974,0.5997684660505,0.110561422920172,0.662660757642917,0.117903496647913
1.03760461449418,0.10397859729736,0.942151819892871,0.0902801329147684,0.84269587006779,0.133164391740904,0.145090382276582,0.117036327153333,0.278784599389428,0.0933186407425989,-0.614710206308857,0.046860556849048,1,0.797285808034424,-0.0435304976135355,0.201189933184134,0.583366544055014,0.0894561219595832,0.684734930023686,0.0840416746809919,0.921623948087256,0.0832602427857261,0.560126980620603,0.0988582680258301,0.705200187270032,0.127878799712738
1.04409954806801,0.108863615826655,1.01114545791343,0.0895130717220594,0.913357596030045,0.138324289546559,0.139634049192091,0.120124273806842,0.202210583579129,0.101222135941141,-0.620071836189992,0.0455460408691393,1,0.56622337490944,-0.264885297178539,0.23115894823361,0.807947272351356,0.077306234107612,0.575211887336904,0.0828373597893277,0.662468361224389,0.0927208857598074,0.797119499965748,0.096248676167553,0.664638227135478,0.119962860486602
0.958853614505652,0.105392894437134,1.00227289327748,0.0791818891810766,0.93576971825909,0.148549544213516,0.0472726900067933,0.0719781272334668,0.205719399693599,0.0876186184410091,-0.60199825459181,0.0531733734992425,1,0.978105265058163,-0.0889491586165967,0.212734382150622,0.689206628824857,0.0905489372608385,0.752624908288687,0.0772722027386886,0.594018244547866,0.0930340124676402,0.649159678866902,0.110603508687847,0.67864851240544,0.12694420117468
1.24026875689075,0.118164539714051,1.20063592150253,0.0944818529808438,1.11947969300438,0.173632188167257,0.0180682447223332,0.104531360961023,0.142221041790493,0.111288448422731,-0.633142957567152,0.0484510517059008,1,0.999994850271706,0.0907594623630859,0.242116918631322,0.783695888814521,0.0892985184971017,0.737160925636833,0.0839255440114985,0.725734735496288,0.0967864059102036,0.570746459226232,0.109332913954681,0.734432104544243,0.114942619552583
0.970117855009088,0.106038731289865,0.95260456917548,0.082202520935768,1.06463572047532,0.175973989342331,0.0075328018360429,0.0169993236378111,0.0895527211193337,0.10158340227651,-0.580071767252316,0.057672959578104,1,0.999999996880416,-0.0135705296285346,0.203142888210599,0.620598699949032,0.0856708098101992,0.727265954601373,0.0859570736464426,0.779265562546885,0.0975412565846449,0.72297749920535,0.104508936843582,0.868317749454893,0.114402485650992
1.04319816481383,0.116347503025642,0.945468503373169,0.0979053640474099,1.13476837304127,0.199763144882757,0.193918481298381,0.104756002118742,0.313590752583184,0.12882235550873,-0.556561468344842,0.0669166783954805,1,0.668497881311385,0.111082991074112,0.215434878495669,0.607550436607278,0.0934487219229572,0.78507888735927,0.0901246047893989,0.455957928929087,0.103852613721756,0.795794040540535,0.103716183247185,0.57526733874469,0.13031397471233
1.17942950835719,0.104356761021605,1.00797933415379,0.0964448744717642,0.943444994022764,0.14626322747392,0.188600844073449,0.0987802790332001,0.421822856347946,0.122576287954301,-0.601704123925155,0.0504889404777569,1,0.999999999797613,0.229014181352958,0.197745640282456,0.638961335756371,0.0825957855059569,0.515809917495525,0.0913764699579636,0.702681385579801,0.0947043910242545,0.718579632139149,0.0976238004371027,0.748095239056673,0.113057482277139
1.10844842347269,0.102418113314585,0.905683120258489,0.0870642175652103,0.864237475040331,0.134600017341857,0.166598340824715,0.0825829656665582,0.379447663604631,0.10756425970122,-0.533375965333566,0.062382189346045,1,0.999999999981779,0.415701005607417,0.194261590115506,0.576548260308799,0.0889889301664069,0.612194190942581,0.0908765914411992,0.680244924467665,0.0873809855938028,0.740316955509928,0.0913711904195854,0.595014196660447,0.124233033143235
0.927069202900769,0.102510577256333,0.934981216542825,0.0782077504177077,0.896411418311149,0.140647899415868,0.056239929495239,0.0452299400389878,0.224530877475388,0.0956623770579105,-0.658179377007617,0.0480467344917059,1,0.999999999755243,-0.0468556390859567,0.186804357156985,0.79734940070163,0.0733658626708157,0.614028279720979,0.0864470975055283,0.62240177450353,0.0950589078374801,0.624624161362917,0.118646574399371,0.784734251020264,0.126830546525704
1.01579826271367,0.0996952393429886,0.885895981774261,0.0808528188357874,0.786097675260491,0.128908894724877,0.0163472603101367,0.0235103330892907,0.113360235794081,0.0811401720958434,-0.534492361321823,0.0619322499286158,1,0.999999989596281,0.253687418948316,0.184061558358913,0.500701819959077,0.0784324922263139,0.507308072705653,0.0921928894537422,0.647700358936484,0.0995719694583226,0.704016653502416,0.104799420797105,0.594160238244968,0.125692648099421
1.2359807652014,0.123358840757117,1.14175317168198,0.100595136916251,1.27776241899019,0.212597723750874,0.051548110203564,0.0501727232657052,0.256644185571265,0.129229874768883,-0.620068892622942,0.0538175466544493,1,0.999999999995895,-0.187428203696313,0.25333470171524,0.834438936709709,0.0837191713209993,0.708802484440987,0.0888850755019059,0.856248287051838,0.0889201293899615,0.791071722120078,0.11263440011545,0.653459115232748,0.141243224608611
0.988366270377434,0.110032807487349,0.880307693592166,0.0873618382949708,1.0400357494949,0.167884857819866,0.140570759776135,0.124405342613179,0.31291456917931,0.104306709372714,-0.572600080325353,0.0540797303394898,1,0.818378392506315,-0.0350399569236763,0.20433714784283,0.610551130281735,0.0857942846926543,0.665953110357228,0.0845763380995324,0.674951634042641,0.102218321144038,0.89811524700002,0.097835189208594,0.743150380590642,0.117628994852187
1.09852448701152,0.115163518650972,1.13445389824832,0.0992071920526501,1.17507790389429,0.189660477775531,0.123891910468596,0.0729663289466756,0.381552940571997,0.123939218673771,-0.663083451182123,0.0464904158265726,1,0.999999999987091,-0.245233170944925,0.207321731391834,0.687317464638187,0.0914144854213963,0.770594848269165,0.080582888581177,0.822668303551713,0.0974756378992579,0.762356366665159,0.106516881696824,0.58760868713523,0.126885592857365
0.974119817226425,0.103404850109068,0.892920094255108,0.0893284384732318,0.855985256908344,0.129959105380014,0.0907166636432525,0.0883382352679852,0.262737799319273,0.0857049198549293,-0.601401263231942,0.0570449846156339,1,0.942857111103407,-0.0566422713413104,0.241233071188852,0.634429594374245,0.0930820526929167,0.536819776396248,0.0920689338986779,0.762772602971586,0.0842497506333261,0.608054656587706,0.103064737387287,0.605842682790162,0.126494421818703
1.01720477284536,0.103106658783092,0.999168101437728,0.0769887705553672,0.890743844250326,0.152563358856822,0.044316908268493,0.0834326885893521,0.198637739889072,0.0947028948856042,-0.565503259560065,0.0580179998000333,1,0.999771202171922,-0.215678217217916,0.187253967940302,0.578027967426554,0.0952374273043783,0.704809417647708,0.0858007271862611,0.667554597384149,0.0938338759862943,0.563003877396658,0.102755726310847,0.716519531763423,0.114015943143461
0.884999514525266,0.11058492017151,0.997626910711544,0.0809889658838669,1.07945755993058,0.169917784269156,0.0337935715157216,0.0350263203380477,0.190994047506254,0.102901901830302,-0.583913339603628,0.0585986477660042,1,0.999999999083313,-0.392625351506608,0.223958366707877,0.794809107238696,0.0795407162981266,0.66248192442898,0.0948323824614076,0.784090355527219,0.0919658324071151,0.573142384625055,0.108968042213602,0.705714420369806,0.126812715528448
0.937819311269442,0.113973488574405,1.03616674105413,0.0848699254075185,1.19810248032907,0.185305754889322,0.00917679078136482,0.0187923350267145,0.104855785423742,0.108717948013704,-0.66985999733384,0.0477463874177618,1,0.999999997281227,-0.350847923215521,0.217141496242993,0.835607994148155,0.0729355673701515,0.774580918995909,0.0799346228245971,0.786239591484092,0.100342625081325,0.72738037737806,0.110257034307772,0.531491019185689,0.154331094902256
1.21206423626119,0.128395889799333,1.3365270017617,0.114975663069367,1.13901807984832,0.189390428294723,0.295895918294896,0.159938585716224,0.101552230009506,0.125434667266149,-0.694836528560706,0.04546859934311,1,0.174926122133641,0.238776020979959,0.242305313095707,0.661826970156068,0.103379382451717,0.785312507496805,0.0950541166906383,1.01109289081634,0.0850680596144009,0.832297909909004,0.10844269666864,0.986064923036697,0.120077783455453
1.05086649217611,0.111997548113053,0.884823410325048,0.0947728102268883,1.05506595343814,0.190416076348077,0.211568488250052,0.141924258251635,0.145971078670447,0.109341134733423,-0.611705725062063,0.0601568371189115,1,0.308959477168203,0.0552383438872541,0.186470340918216,0.73394409761849,0.0913548306547556,0.62154307936604,0.0912876729207683,0.671050967175553,0.105741672454634,0.830074847352303,0.110576664684919,0.597743664189466,0.152765248576362
0.983478469964623,0.10317397230481,0.991729554734208,0.0904000275858498,1.01381638093756,0.162013733044339,0.0949929973706448,0.0770883964532626,0.310331204762721,0.134451225466176,-0.645534029733065,0.0440225504897152,1,0.999999999173276,0.138434367158016,0.202627878276295,0.729933489154274,0.0801405193558541,0.66744359081246,0.0854647536608415,0.681031545320645,0.0985970841621423,0.803402453047562,0.0932270604490955,0.581697456781194,0.129426184791175
0.927184904005198,0.108843703005366,0.850275189819373,0.0754121229118159,1.14180518991163,0.176894829308723,0.0461577413913221,0.0643553306120401,0.146089608007356,0.0947210777794843,-0.551356045001437,0.0587307555495312,1,0.636357317753131,0.227984976062203,0.210295911328271,0.76545627081456,0.0833856316353095,0.702471445368923,0.085808557729633,0.689751008987098,0.0912009367837281,0.468246511790796,0.121601960592846,0.690768066487167,0.118933371773174
0.926179623380335,0.105739854879644,0.963770406559184,0.0992028366983304,1.10863012890027,0.178105319807311,0.113751265600822,0.111269363755889,0.211323886703308,0.119361557243263,-0.598302534540602,0.053373770263931,1,0.59508243646014,-0.0867559781715149,0.20648719491126,0.784968826287281,0.0767198902427685,0.69501038335402,0.0848652068289825,0.657680212404999,0.0992328294270714,0.707986241073767,0.111767479166936,0.751715848648627,0.136454033396425
1.10953149955803,0.104712376390677,0.889551531053835,0.086172687127138,0.894361298127419,0.139822990992314,0.157006443159455,0.0973227552451001,0.361336560293261,0.106350730942663,-0.534417720368285,0.0528284491970778,1,0.964265591033209,0.172283920546187,0.185872399777709,0.739760011548211,0.0884773051212155,0.607000850012365,0.0892801923367895,0.702792501515551,0.0811433186668711,0.650563897479784,0.0938618565464788,0.742346748678802,0.0986319519116304
1.08140442962942,0.104592552884273,0.950980205068629,0.0781073082809988,0.819871985754381,0.134980421359798,0.0367686733321403,0.0297876417217136,0.173624897812482,0.0738819063914861,-0.558438686789737,0.0557366562240864,1,0.999999998706592,0.142011127035298,0.230143157859675,0.845270453153442,0.0791351848646064,0.70621338942626,0.0895881693244852,0.595875111781931,0.0982343152063274,0.555803190058409,0.112415180527736,0.695315967670613,0.116536813793505
0.929164241162634,0.112098603096768,1.06597934378044,0.103054493811465,1.05719874703095,0.165961169725496,0.280643969354695,0.132858273309353,0.499037997931222,0.117670747450616,-0.531072432878177,0.0680868303911905,1,0.916172893023974,0.0247184511835895,0.202179277149873,0.680797609881417,0.0863907849541411,0.57171642656436,0.0927854572375844,0.744235099686277,0.0827525848908797,0.932848716473061,0.0940181617516083,0.461710189536982,0.158484587392266
1.02047543447455,0.109373715319168,0.995070816721363,0.0928133942180063,1.13353140053968,0.186328505554851,0.0125987211518436,0.0261386526754321,0.119503329637107,0.122508423185882,-0.57645807639222,0.0595293242417888,1,0.999999991670671,0.299971385643841,0.225848710035767,0.692483205790863,0.0849767978839719,0.584915777915968,0.0990064259801832,0.7517186709809,0.0941312427965002,0.511870053924251,0.111355763706597,0.552635699164371,0.136283954286376
0.966912035298054,0.102963117389897,0.855579374846188,0.0853082994284724,0.971239715398815,0.159185543982034,0.0536215512249714,0.0432487249551539,0.228209070803119,0.0954124312102961,-0.631451382837944,0.0554157896880811,1,0.999999998519938,-0.0648452614208573,0.198507613980525,0.674504236348288,0.0763952469922669,0.612614973494273,0.091051893664866,0.617614502303972,0.0992454918822106,0.729340224175712,0.0997314945043352,0.672319228403796,0.137366408456335
0.972510476651784,0.0919261016265421,1.001393462045,0.0800521988349872,0.786148372822844,0.128943839280416,0.0205229977359656,0.0249000907203099,0.127020160554609,0.0786854145874803,-0.535966488443425,0.0620634958170625,1,0.999999997264877,-0.0816856873556565,0.194373816351469,0.804507897859157,0.0755227742846184,0.596434758371438,0.0831542631560871,0.505954560513585,0.11035841108696,0.460914961041999,0.129134876540957,0.677684823388616,0.12006693494648
0.877986984723818,0.0999843547749135,1.04393082957696,0.0789956684301844,0.924845831594501,0.147377148526371,0.0211378593404674,0.0294786840171006,0.139818670407466,0.0962100380154508,-0.494048019872111,0.0683155817233269,1,0.999999987074944,0.176353314574151,0.219555534141753,0.606190344632872,0.0817183241366993,0.791117773002528,0.0819930686624809,0.684344521137698,0.0966958940988359,0.653052945593803,0.117356180176779,0.696661989273155,0.128713475430907
1.01743085337307,0.115686691793773,1.06591596052119,0.0955954446832508,1.22815208878377,0.192401752347368,0.0358756004969984,0.0333779901405427,0.209906391463356,0.0995692974681129,-0.650367051545599,0.0537415770780366,1,0.999999994217148,-0.191285904216714,0.23145394492766,0.765380829591094,0.0877227056951532,0.745690561502258,0.0903991809068613,0.745791797511811,0.094736158602334,0.690279216034046,0.0986024993400201,0.757168126944248,0.134531205824883
0.846822037142786,0.108564455214794,0.929711388089107,0.0858311275552488,1.10817630170794,0.186164261863795,0.099487658852616,0.06544941998043,0.332038952020644,0.119932602514327,-0.538792799394644,0.0676954641244361,1,0.999999999120605,-0.311714665032963,0.229753660242405,0.588110336365166,0.0909305280857894,0.719365770377024,0.0878581142511416,0.597723419020897,0.104069266954679,0.591623917088352,0.115705344267187,0.833549713704038,0.112257722020459
1.01237877867377,0.108906644420109,1.08478446015686,0.0973563442704387,0.89333545294677,0.14245044646605,0.138701054508354,0.114046082436248,0.282458690234208,0.112442851878564,-0.50639819264883,0.0704520496364301,1,0.802431141070419,0.0878365845046598,0.232487607661562,0.669566581981995,0.0894051776848341,0.59344942652066,0.0845947020762989,0.61022201708723,0.09509008858942,0.701594265476031,0.109698390625913,0.534978374288406,0.132411319191103
1.13895996036895,0.111084778194916,0.945491057296625,0.0906191445271706,1.01281415749007,0.168004466330442,0.0981173158264108,0.0732363086362223,0.315237381287933,0.122109926783633,-0.569660003614806,0.0595515189773781,1,0.999999999986717,0.185854196064709,0.22404408504916,0.707280216464377,0.0880136589250132,0.790443669663837,0.082822400949531,0.59248611558583,0.0935333337174276,0.656716589234232,0.105003765188765,0.618862693072049,0.144812340588352
0.915420954064749,0.105044870329506,0.995274246356721,0.0864979481552253,1.00286690530428,0.156257848550599,0.0849257478591639,0.104132002224772,0.107496561469173,0.103137647728943,-0.652553577491734,0.04693445098624,1,0.368343688465271,-0.141449138309261,0.204707432949746,0.68737256709744,0.0775005419953865,0.815976547930198,0.0837062876199848,0.651570188505571,0.0964697611180888,0.849154444135946,0.116352383280684,0.700768760033669,0.130427433904721
0.960512638358227,0.0947301695623535,0.96090636530277,0.0780554817323847,0.928310236699507,0.145372628494524,0.0244827416618617,0.0815549807056626,0.0277109459833801,0.094010876566543,-0.504881357341521,0.060601279820022,1,0.183812379442007,-0.0593412101563688,0.218205709068435,0.774272597097308,0.0799082435209543,0.624926999587116,0.0806648813168785,0.630577348883994,0.09656712127717,0.618275598099511,0.101369491701563,0.604059363930548,0.12135768919087
1.08293733524703,0.120150309971203,1.16680558442371,0.100812884665651,1.27167007151931,0.205060518778825,0.161663331021912,0.106486051926828,0.309056694723231,0.14014818690205,-0.695372104305549,0.0441088364179791,1,0.681624463569117,0.226904279812179,0.233937685036775,0.805004602303457,0.0842517510618773,0.761929980071459,0.0925975291638222,0.800539466787698,0.0931077894421225,0.862377352536616,0.111429877877747,0.825306836542714,0.112395512248773
1.218278539643,0.113311350704102,1.07532651058943,0.0907425492945341,1.09901027922613,0.167312345018228,0.169708773317831,0.0882634196587841,0.431869987786188,0.126534370611733,-0.604530594385222,0.0538997878080433,1,0.999999999998095,0.308161189211664,0.237288293606144,0.664539043609072,0.081266472455781,0.771252111704079,0.0801875077482137,0.589995860592774,0.0987862045672279,0.730297744155527,0.0948146053529337,0.751671751863063,0.10598409301916
1.07661041863575,0.101932073400429,1.01857553297989,0.0956509565686041,0.877602280822077,0.140802613283738,0.148306116709213,0.0833942341966066,0.360768327494205,0.112835087623042,-0.552409253000677,0.0626654593569618,1,0.999999999381867,-0.0282800542277635,0.173323011516223,0.712656920369648,0.0823542808957803,0.745212427090965,0.0785317751091529,0.618130150853001,0.0925428544970007,0.720866666096081,0.111059987620663,0.792769488658302,0.115155081242304
1.02329515228383,0.123128114285113,1.10815586356461,0.0919409486200653,1.34851177953943,0.223295244318912,0.0470929692763901,0.0442331662612455,0.252002824968107,0.122653971347567,-0.494894497435443,0.0743543898783875,1,0.999999999915017,-0.0945675590080918,0.223753621624813,0.761998260938371,0.0845749896850771,0.72276648810141,0.0872079845939704,0.643345510813394,0.101848132140863,0.765345138168769,0.104130042176574,0.58063384408854,0.132075156605988
1.00687186155463,0.0972950322295448,0.932879431599757,0.0787534521063791,0.975444491300275,0.152402787382494,0.017906698994297,0.0233093548376859,0.132162743233816,0.0865054818936044,-0.521604323598607,0.059327745541292,1,0.999999994496143,-0.32476803760105,0.204485244550737,0.71180989199007,0.080879793376777,0.641715655084241,0.078894029455529,0.677675054410379,0.0819936787774046,0.764775472751684,0.103651366506698,0.594222763237974,0.121012011868904
0.873518693607041,0.094399121587622,0.901230703705678,0.0812105531967227,0.880474889155792,0.12915172816206,0.118443838942702,0.0710705858727861,0.322934708134034,0.10590183750611,-0.616821958426347,0.050311343634319,1,0.999999998817451,0.00826939837116755,0.183474125004016,0.625747825111873,0.0806214708732605,0.715337652366146,0.079429281239747,0.726857168424011,0.0835073418638669,0.774244906020906,0.109089573983117,0.738820148497502,0.135107293078796
0.848012818139341,0.102036155863528,1.02538818120019,0.0830372904616324,1.0246572513623,0.15802468575683,0.134746565815316,0.0782866173727263,0.371576433244781,0.117078319877049,-0.603420262274555,0.053107537711408,1,0.999999999942359,-0.442382754248754,0.215638980015741,0.794184230471511,0.073647663906336,0.800808473001142,0.0752400380055446,0.758288017336367,0.0873063871837596,0.902548720970586,0.110775827214466,0.565367046719167,0.157484419730188
0.972192334948342,0.111401873983023,1.10046505657019,0.0958360394062163,1.07014156898659,0.158318681735248,0.0468346299169961,0.0464903956083778,0.223874257969583,0.112953284164023,-0.659218034696824,0.0441932341598266,1,0.999999990414453,-0.308974319312674,0.263998342710706,0.705221635479138,0.0933314567032305,0.834275761558351,0.0733873967432783,0.797009244693645,0.0901938414041929,0.567315547072792,0.117016945814161,0.689961024018158,0.124584116567471
0.884664298376297,0.103679829407378,1.01720385082063,0.0960391207046073,1.15223375639593,0.185450455717987,0.142818397710309,0.135444739500708,0.211140198896561,0.133444373535624,-0.629161167648406,0.0493035971109941,1,0.520485399055193,-0.261020058294538,0.196338801894039,0.734942005276213,0.0761394729306325,0.762482856086165,0.0740694544924248,0.661407258344426,0.103620734808434,0.5898846033685,0.131834521649377,0.556530596646617,0.130150825331693
0.993717242746474,0.116215864713396,1.01760364361324,0.0854395960859589,1.10201465385767,0.176847251221451,0.016573951627318,0.0243319247617124,0.135147096023517,0.100101099187474,-0.472490336214872,0.0800312719164895,1,0.999999999944079,0.138375660130821,0.238381266490352,0.668025545529831,0.0805800925052391,0.705620454767629,0.0850591017801355,0.762254143731798,0.103270074747826,0.58320174226392,0.125364747680552,0.909201756390609,0.121789824032482
1.00267504417613,0.0970338531942395,1.07280325443187,0.087643811953148,0.913223482852464,0.130023389365339,0.0255443031494468,0.0345554487960925,0.152733942834066,0.104780028668745,-0.602247941508199,0.0505484381293073,1,0.999999995808895,-0.0444717140574891,0.218935012409242,0.569318105272897,0.0916871151966493,0.832358605023559,0.069764769691337,0.647504459812689,0.0888240560777211,0.754633218659868,0.0967732608198986,0.76850997090654,0.112564904155409
1.10422526890905,0.108288975102677,0.888103418279162,0.0853695534633144,0.958369762415921,0.148373526972525,0.0480115131934503,0.0413847516283292,0.214505903147819,0.0981181835141096,-0.613356934988822,0.0507571336111065,1,0.999999999922041,0.359134007950367,0.193442743766118,0.61007072112897,0.0803424125941982,0.74432867925485,0.0760560510373139,0.78568839646578,0.0978758319106033,0.830084463409956,0.10989267097091,0.504042999589539,0.142999485307299
1.05352539890812,0.102751720697189,1.07002047519658,0.0815294895849651,1.056824217951,0.156408042720009,0.0518020666640098,0.0459023347092389,0.233977944086329,0.107240922627393,-0.621001444041686,0.0407424555286825,1,0.999999997519692,-0.162117500540668,0.19463491312043,0.937703255411078,0.0669379550383179,0.574894996234919,0.0799402182926834,0.849254538797505,0.0897324964281291,0.775193203914602,0.10506169523663,0.615184752386461,0.123614672572196
1.0214053902992,0.113129612102449,1.12042958778754,0.0866013604535675,1.13624081731739,0.170646314844141,0.00491358194325206,0.0136068533446402,0.0747195527864707,0.100113481094174,-0.612693228699861,0.0483106574322485,1,0.99999992884249,0.334506510396059,0.225344164467012,0.642042477301516,0.0873037748921235,0.667516504736006,0.0806815141330257,0.725739031206937,0.0834502259996082,0.725081256341994,0.0974268277741753,0.752145072963811,0.115139659841863
0.939316205883209,0.128504466495989,1.04299941836183,0.0998212536844227,1.24293438037205,0.196242342909832,0.207504994385345,0.15387930414848,0.420671563477313,0.133324577896951,-0.620316369843269,0.0524431317017396,1,0.828332646094388,-0.333215443852324,0.274042751629754,0.782292021313433,0.0898986109099795,0.7408165892511,0.0849094044628532,0.701799917858801,0.090351944693676,0.702641453120765,0.106031812483389,0.652099896597302,0.133839062880885
1.01613574903336,0.106428055069846,0.952122075489976,0.0843664659780142,1.07582557015332,0.166874041899533,0.0512091541947948,0.0496738852316783,0.234717101011094,0.117704411206102,-0.632290579384912,0.0517549157060404,1,0.999999999985183,0.425627310178109,0.220808328017642,0.624926561690028,0.0910596264866633,0.818229468871815,0.0776391112407341,0.540389602923934,0.10233937083183,0.74277793739855,0.107012503677933,0.646848913504296,0.123690485846285
0.922040976281601,0.100872958344963,0.996586812009856,0.07633133954075,0.951785380036418,0.143343554617935,0.0368354290967793,0.0374059352362123,0.187241616318802,0.0982888572984838,-0.514718404839622,0.059835265584963,1,0.999999999999927,-0.0621528382058238,0.198052646638175,0.658738079865091,0.0731041726125771,0.621035800650181,0.0835510311581723,0.72520245244927,0.0905064688361795,0.508734965142789,0.105896826341233,0.613204810724217,0.13171913372077
0.827986576434205,0.106931725825927,0.990219358027444,0.0873604102674929,0.957226304508151,0.14971962252679,0.0566767597271174,0.109178460894643,0.230281528478455,0.110573193344337,-0.627330863829899,0.0507960290731936,1,0.988665283889126,-0.603091079177492,0.228611488686763,0.649635034587317,0.0856248851182062,0.671062794910561,0.0811649800091516,0.636529269728705,0.0988334176100596,0.686353885959737,0.107320955831777,0.684092556955706,0.120694069275269
1.06500252559914,0.10169752412256,0.888237722612872,0.0765964824073509,0.763838143810655,0.115607925390275,0.0588081602052696,0.0406911005406245,0.211943190323136,0.077216183498702,-0.502863807612054,0.0668244362772463,1,0.999999999913585,-0.107819926009808,0.200334037045671,0.658120102814496,0.0796416611949835,0.612947972148122,0.0750494588712679,0.705462679094658,0.0894650431478434,0.718080001868872,0.101366710498896,0.679639480505258,0.129075468550704
0.998617616897095,0.115973698550588,1.01851826747373,0.0797999923286589,1.15944759997385,0.196317474964659,0.0347810535408983,0.0718614597338152,0.188557694882748,0.0976642279937862,-0.590457863488778,0.063969124286824,1,0.938960517363777,-0.0869497954977938,0.188117256084547,0.681290184439436,0.0883813236261045,0.68456560678104,0.0877264684843856,0.559501618648414,0.100245296710461,0.656913846776388,0.116954348013127,0.816234084562662,0.125325102673584
1.11908015772192,0.108506537816192,1.06009277771741,0.0889839742724305,0.972846085384531,0.148957228824054,0.048022870013347,0.0365308043839572,0.216145462748355,0.0868640440393107,-0.578705500367574,0.0568682286833382,1,0.999999999628477,0.107307706298917,0.198642878995248,0.665816623737785,0.0826642062036803,0.658224614850159,0.0833685636469774,0.676810620754417,0.0971432868251638,0.753390703800335,0.101263090384244,0.752900815857128,0.124744281962151
0.97406574470514,0.119104380018714,0.950095693010728,0.0903318897415062,1.10357571605135,0.185346035713664,0.160469809328424,0.124511249817457,0.20185188979932,0.125902784265106,-0.595084164330349,0.0557752672721921,1,0.479661745797134,-0.373745232033393,0.250322811036588,0.83482359867104,0.093062718851025,0.715141985612502,0.0881807663456056,0.570351219779853,0.0953442131534282,0.762214539532406,0.108158288466185,0.743519961435137,0.134836487279888
0.815807041707321,0.103531446602878,0.980481884556679,0.0780496386011154,1.05987248163017,0.165972249789356,0.1032078710323,0.0540508471382091,0.330737331419556,0.0924090589149642,-0.606766746594796,0.0570386415329516,1,0.999999999998899,-0.298393501042939,0.19554451694957,0.716485187518974,0.0819692653661969,0.666867809405558,0.0828874808646545,0.735396238569918,0.0872514439637646,0.582271422063714,0.111844152686906,0.676553566500676,0.117756464921725
0.951047904594683,0.10526130253836,0.935554026705374,0.0782047227031885,1.00925176936288,0.157145446816825,0.0746648069511847,0.0515571012272121,0.274509723851977,0.101175296181539,-0.422708465306111,0.0767597703159712,1,0.999999999765561,0.204260598853462,0.224782111423002,0.585457228124524,0.0819955447092912,0.615789801663208,0.0817028660178079,0.575967818913024,0.0926150791545002,0.677966511632933,0.0989695470024852,0.626151642696915,0.139525391561532
1.01810218890635,0.101179401272895,0.952580345189936,0.0886677325192259,0.865602537642831,0.143435500939289,0.0442350575266299,0.0443256327475225,0.195678251283193,0.102261334714451,-0.590156079152273,0.054661404834797,1,0.999999999705159,0.321434144249871,0.217832662052458,0.612089632905793,0.091553718082834,0.704995070832089,0.0833082384166394,0.509407800344173,0.0980294205474209,0.727573103405464,0.0994809906872482,0.65519847540585,0.127999715575732
1.04414929568151,0.0968265188404907,0.99250976980845,0.0884146928023275,0.829415777035546,0.127362067158808,0.0460617050064628,0.0396545859224036,0.195459214556349,0.0866788353660606,-0.513086149400142,0.069308480948539,1,0.999999996145295,0.370027681049014,0.201863397795527,0.65271785666678,0.0843246794335623,0.70014309742343,0.083495378235376,0.777609256103168,0.0895598068418809,0.633426767647923,0.113703612421108,0.75022728286905,0.124758230514099
0.965184411934614,0.0981384001979354,0.959426664171261,0.0895631469394447,0.907025461597035,0.145814720543312,0.125645362963858,0.0730702243235789,0.33758486829641,0.108733032437691,-0.598235617603296,0.0533975365777806,1,0.999999999837159,-0.0214209210853676,0.196097205460983,0.616317436913664,0.0812382946048656,0.630928691796378,0.0842614505480885,0.746337255467492,0.0967104012899249,0.76490739487434,0.0973127419998039,0.707372243545599,0.143203667951218
0.915774393163178,0.117906780243372,1.07380436467312,0.100295314115848,1.41297891429659,0.244928058239375,0.121843126442728,0.0930850016500306,0.0797844247913834,0.131758321392575,-0.578212145999736,0.0626228383158948,1,0.192286927800635,-0.527487305071816,0.211659272329498,0.889094087012464,0.0795001678896669,0.747950247731505,0.0881629734008946,0.751683680442963,0.10766410606109,0.611007643847203,0.125657451358022,0.620962898649959,0.129408388828311
0.963223266911426,0.10713603305458,0.96853610478602,0.0869456303336011,0.918101486058851,0.153479543604345,0.0285072187935307,0.0758989515949832,0.135588048455321,0.0926191712784609,-0.462077948467559,0.0780204048000387,1,0.838105402641621,-0.0354186343385523,0.219013906821275,0.622756374811722,0.0936995295365712,0.605790080515405,0.0915341348913908,0.50088033000422,0.0974193765475578,0.492492611879655,0.107073183948593,0.737886392781611,0.102313706513245
0.961140385674984,0.106252454152865,1.01003712418189,0.0841193541260452,1.0514326244004,0.164524769465084,0.0535146794475849,0.0441671317428275,0.237206829243692,0.102285562183746,-0.581584666146775,0.0525366820158282,1,0.999999999860713,-0.137168211041254,0.233184269318776,0.764655008835096,0.0813409401007927,0.577907010059493,0.0852783394090997,0.71461028641788,0.0832716563103863,0.574699457529608,0.0995457236789804,0.766719631300045,0.114971667513716
1.11750432895449,0.122858197779436,0.977177513741785,0.104305744702277,0.99841592252873,0.176646552099172,0.191551600428862,0.129980252972372,0.250116201231012,0.112726310307731,-0.567736042733976,0.0676690140288443,1,0.571930401274267,0.482682840298072,0.215648895549615,0.770107079863267,0.0887282837592203,0.628186697807905,0.101149734476552,0.767073358677987,0.106992414137482,0.686303159345916,0.101624372130512,0.474034637230193,0.139556460280872
0.937430169997413,0.114503740310118,1.08098473655742,0.0966067706367393,1.17253205514736,0.191819725022611,0.00780727313627187,0.0995423967824147,0.0698633516171479,0.113110633582554,-0.610870188843262,0.0535877613315394,1,0.730192499672722,-0.295741725037357,0.200858824619568,0.778433857889833,0.0855078736341917,0.717949188599911,0.0905742048755562,0.760268884945109,0.0876892110175883,0.888093688236318,0.10718788032442,0.586727046246552,0.159224597382286
0.81555556053868,0.0989254459816783,1.05865096645531,0.0835053858183065,0.957936506029723,0.142426118240213,0.115958749695612,0.0698932285936479,0.333288340941336,0.102089230297779,-0.662553493750185,0.0437982734801745,1,0.999999994060368,-0.268879354584884,0.197070457015558,0.663280359546991,0.0795751045486833,0.71461508073334,0.079289469380433,0.729897297943105,0.091799906387261,0.842818314639735,0.106812732117789,0.749271054382339,0.107642966435424
0.912070663879205,0.111249890620882,0.973782202666844,0.101428674129371,1.17994944194001,0.216385376546952,0.230279699670671,0.148788356242971,0.331351103051814,0.126073175249286,-0.585860319500024,0.0681015712745717,1,0.635665869776223,-0.12949120331005,0.211098151871891,0.701568368787581,0.0936753696048628,0.712765343051004,0.0887912242889251,0.668549619557855,0.107457629919759,0.580681357369018,0.119828630908332,0.786207379220145,0.123223681589891
1.02616309967369,0.112160476650144,1.03391713027767,0.0892285491531851,1.19666700392438,0.184438523419763,0.0315935873784923,0.0831438486641863,0.16553536596593,0.119623240233229,-0.561995268793101,0.0589416957630589,1,0.851343185778171,-0.247319448731583,0.225050405387668,0.85783744283691,0.0815254455355326,0.584497712231773,0.092126635065613,0.833811691582553,0.0857861247109256,0.5831183731862,0.10834967061217,0.914138658503205,0.106220368220235
1.06488766837743,0.103612196151364,1.0574677477741,0.0986984351006318,0.839182437513914,0.132262573074604,0.115338388552941,0.0744743020396137,0.311110832210089,0.109249003048346,-0.594151300088501,0.0577373900905592,1,0.999999999347401,0.068814120574358,0.225101953082649,0.689101593064411,0.0847386752190852,0.628835273349706,0.0851225802170152,0.800195356125193,0.0956045828972163,0.812226426021461,0.102772035441122,0.571926714953094,0.152625291478124
0.810661097033462,0.105814418543116,1.0094560914123,0.0870538562692045,1.00795053198893,0.149199265675119,0.0642300132619061,0.104641826023206,0.135148864462787,0.0928283072333734,-0.562260140547423,0.0539135906598605,1,0.531158072218785,-0.161725711495365,0.248774554009071,0.641791596011394,0.0811608692675323,0.745645093978496,0.0767441788418363,0.677398934577772,0.0872347645409777,0.908415780706494,0.0944158751586642,0.687196568013507,0.138325522997894
0.985946083971597,0.113620249071874,0.970010011880605,0.0987807281129867,1.09007042292296,0.192751077577046,0.114784032355181,0.0971685428672944,0.0393595270109144,0.10164153773435,-0.518922708697394,0.0776516042198659,1,0.111270964898649,0.0412852239169231,0.224628570616935,0.683907505275082,0.0821433612494628,0.867982537645518,0.083802075922043,0.4744890322876,0.11076493490603,0.622304548140298,0.126711392186493,0.841554475600664,0.123709415793507
1.02817204737282,0.0922512074737684,0.903055224280679,0.0764329908580246,0.822059216437752,0.128587008524433,0.0246161065059601,0.0320964854539381,0.14225293299722,0.0928212915631577,-0.600398756405081,0.0552662463727695,1,0.999999993088367,0.277127590687793,0.218330599379197,0.511962131246713,0.0898659737359755,0.703829522674216,0.0790483569229267,0.647091070430758,0.0835674680849345,0.612437087284237,0.100109143282181,0.748576803139033,0.116219542332632
0.92573514962234,0.112071766315946,0.863145974759657,0.0768070412274135,1.15300775292113,0.180039300972515,0.0134410685997856,0.0218789955905474,0.124489583091171,0.101976876298496,-0.478565622008397,0.0674571775062638,1,0.999999999842428,0.0252566745059294,0.214300404653617,0.656772330766322,0.0860602503324421,0.681995393462824,0.08380957855002,0.575854178621372,0.0903522922198977,0.635412629084908,0.108963407574205,0.615327857733855,0.135215373016835
1.12718073313618,0.108225345911296,1.0624795122539,0.0943201816342449,0.983200470613686,0.153925206891457,0.142554817628092,0.114764415509184,0.32895029428591,0.0999718575993091,-0.614328488408469,0.0506284223287843,1,0.878654810286808,0.295325027004521,0.207519843039471,0.746839020978218,0.0889765342847533,0.686430878118982,0.0921736958006638,0.638350539648272,0.102768011440249,0.814144197006716,0.0938500506031645,0.797416975267698,0.113831171123685
0.998716354107669,0.118120776685151,0.870441242174318,0.0910034007233904,1.14033192142386,0.198824407831679,0.0844144388746149,0.0955592211798755,0.211184426704278,0.106534258047224,-0.519422039280737,0.0760360425258333,1,0.680671989449643,0.373720916248182,0.257525982401651,0.595100368154258,0.0978090280350988,0.642636625974432,0.0987061489793084,0.530868747124095,0.103201054305122,0.795830781718033,0.106977665700458,0.505771481311975,0.13479300656439
1.10659167159189,0.122935250608638,1.01790976228167,0.0968947513338753,1.36594916232547,0.226079503557395,0.0589984158566624,0.0780101968969942,0.220804284950672,0.128901378758415,-0.521909437443764,0.0641259711071948,1,0.777803787609644,0.343761490083701,0.215605554181528,0.751593306065858,0.0935219814045869,0.699952900563341,0.0920078501379116,0.622739790724538,0.101918961864308,0.846812200650852,0.0941559513113317,0.543111575120628,0.131112564484089
1.10417188994658,0.119159928400042,1.07483950759251,0.0989386311294818,1.1489271334721,0.186274642928334,0.0900120812547613,0.132045638745043,0.0722102244557872,0.125035615374435,-0.576092666556148,0.0528101556879619,1,0.224544307795281,0.0177797940182384,0.235654201679062,0.737546953043467,0.0875766067156213,0.753326795026245,0.0908158327589577,0.722763825120011,0.0954200857931918,0.814002185301801,0.102985421265238,0.810860626755837,0.12605026872563
0.963196828323967,0.104265133535367,0.964264314806185,0.0902405915336668,1.11951147756926,0.183823199039403,0.097984192350287,0.0681584727155455,0.331201491397788,0.126010837163796,-0.637231693776829,0.0498591160017743,1,0.999999999761237,-0.143530557380728,0.20649452187849,0.765804942937243,0.0829810357898789,0.770834964936061,0.0825993632040974,0.711069828805269,0.0924337143369897,0.538865062222763,0.112324090890987,0.913207559499274,0.134849558597987
1.07159201034577,0.12106342823415,1.10191344379243,0.100302850531772,1.0988129628275,0.177542875853874,0.306710504024275,0.152896343714144,0.338831195944992,0.117366879846888,-0.497928514541104,0.0757112324681996,1,0.583656298752781,0.227913672299789,0.218650158461841,0.786362082223034,0.0796857279419464,0.646173760284913,0.0883079465568106,0.877317515140791,0.0944606656672319,0.544484599820902,0.133668184015672,0.71811680740097,0.122666578646369
0.702454084792795,0.117514087286668,1.10398960558694,0.121093347462976,1.4425812004826,0.268466115165653,0.420597635254217,0.18927767893016,0.502897244904278,0.169919903387782,-0.659027111698651,0.055698099019802,1,0.645618117182798,-0.629653508974552,0.257434625715268,0.781104995677283,0.0959875424514193,0.787138978887305,0.0988285229931151,0.682676090202045,0.10818047309479,0.89500011841459,0.112559026174615,0.758683888213684,0.142236810425903
0.796299175083764,0.10093836641122,0.914349060516758,0.0830866621086234,0.954124034353753,0.150057439196408,0.0727034509861428,0.103117853157392,0.183339851432489,0.102785401077643,-0.604053991835804,0.0517630571554954,1,0.696108511854251,-0.424618236309051,0.219508696095425,0.722207913713477,0.082990491960146,0.705725846368585,0.0759338853794529,0.616915335024091,0.0944477173292423,0.696064422254015,0.118993989796878,0.753211017703775,0.134889496678998
0.971542822935454,0.114907915249109,1.07021135104972,0.10482762116671,1.20816276297952,0.182681428117008,0.26790638977977,0.1433942130508,0.111909574265487,0.141470416444299,-0.660022878490489,0.0490625127859742,1,0.196703906273759,0.27464265621909,0.230409644537472,0.701538740063493,0.084689398541519,0.866305029400398,0.0759485588412043,0.83912377915702,0.0971970817098278,0.601867690170805,0.128475378210058,0.885724641047426,0.125448561135028
0.984461990478062,0.112171487620402,1.00573276622583,0.0931612325482942,1.21454383915791,0.214332402767151,0.0399115857273245,0.0489567893859474,0.220168959063679,0.138344738787502,-0.605244536930107,0.0622008456152665,1,0.999999999783793,-0.269644651330452,0.216052699448857,0.746227254061061,0.0852515974370313,0.620666749262953,0.093571285908453,0.747268845967811,0.106913730500484,0.577687453801776,0.122237067162891,0.659406536827427,0.132305971510076
0.983074161628753,0.106881671651303,0.904571116241199,0.0860694029226455,1.03452936419684,0.154260492482531,0.0626567432554604,0.0499573414102618,0.25459819471194,0.105330374327281,-0.634498378559627,0.0528030284401783,1,0.999999999906376,0.439352418166227,0.220256308991441,0.553223719399959,0.0888655137531903,0.710156276923815,0.0902808701053627,0.760669682186942,0.09129002872332,0.763127119657704,0.0993796712171405,0.379343738174036,0.145891994018042
1.16369828246672,0.123669663216324,1.06898806603429,0.0873497672557281,1.30150702615257,0.210668165402611,0.088168420095948,0.0481571077474162,0.338750377061082,0.103333539402693,-0.631562348299854,0.0511093016229529,1,0.999999998777265,0.110401934410987,0.225229356338469,0.821547075081892,0.0806943145343139,0.766594197855449,0.0839537853345663,0.706407724811051,0.0949996187232801,0.804630234298907,0.11066975611153,0.546147991694093,0.148127532086144
0.842627758106192,0.108309677934048,1.12608032947737,0.0860812550973927,1.20675508608638,0.185843479496624,0.106918111780626,0.0673970025869969,0.359199074122995,0.122591875350099,-0.628165344762517,0.0513225212197406,1,0.999999998700993,-0.196984564093392,0.205673444316492,0.740060243012726,0.0868643297782928,0.72471447176393,0.0823015929587938,0.818249990296857,0.0948480949252852,0.767703741581057,0.10888229235276,0.831548322584012,0.115786842434283
1.11879195805591,0.112720358991754,1.07412008217767,0.0947833536160871,1.05495936975686,0.176578582716389,0.108368510178866,0.112810623688255,0.302108799832911,0.121063385399355,-0.609417788063173,0.0563572656034863,1,0.893498766552023,0.0957875108945517,0.207123618717905,0.756596151057347,0.0766648263383785,0.761188669752122,0.081288776074178,0.600172968699632,0.099956810525567,0.862894666378793,0.110728040974552,0.666094497279209,0.158946048935163
1.09934287415617,0.110185140170827,1.04951056269756,0.0998749529623645,0.986005411096063,0.144781483278664,0.0989538828418698,0.0977657286972463,0.256028496383069,0.113411540476222,-0.641851735872785,0.0452786373500875,1,0.819657159077575,0.0387321636391886,0.221994864367591,0.773199754264013,0.0806399776540944,0.716141679346915,0.0808672002817271,0.626662685384454,0.0946851144897245,0.756851431510765,0.104135106131381,0.768617501620559,0.122996036256139
0.905370042606003,0.10447241506458,0.897881183532569,0.0812508403938465,0.816865028565024,0.122764589616292,0.146818038902365,0.0777654754480229,0.346309862166118,0.0907787514958399,-0.562642272409499,0.0595787996968215,1,0.999999996213119,0.245697398034503,0.202216288568879,0.57062486231248,0.0823697993282738,0.685369584001001,0.0744586784091156,0.587442741454979,0.0938039042986625,0.701315535697363,0.112738340772327,0.502256312376018,0.142268637031332
0.985627443801543,0.110844177233605,1.06574085368343,0.10215378881106,0.940409447081208,0.149979233255333,0.31113892198338,0.151402469966202,0.366097349070236,0.115488040412747,-0.6242939479307,0.0468141014094858,1,0.676800890071676,0.0468622462301426,0.218736318142191,0.682952571174431,0.0900901111038242,0.682817571759512,0.0847377277306482,0.686900268148816,0.0977362389022261,0.736015243132474,0.097949456708918,0.833935333637365,0.113385868634124
1.16327451147214,0.111514792482549,1.13110582059187,0.103441803588649,0.990048152940452,0.170816063746848,0.216524987793121,0.114275982775415,0.285110632600199,0.105762553804673,-0.596270251049069,0.0555505547977095,1,0.61578803108154,0.281259555134258,0.198484797797575,0.537370645810707,0.0892445557801812,0.78098144671598,0.0873897392933425,0.758651104376328,0.0938988199435071,0.741402173608173,0.116689963147077,0.622863560507058,0.132824182672211
0.977823332452098,0.102564452740501,0.993642760133725,0.0799888904943822,0.88516065754349,0.129765900990889,0.0396902193709775,0.0404988571569538,0.187435910710316,0.0981511439367195,-0.568012346642411,0.0544819472887741,1,0.999999999250629,0.00842763683709475,0.225511306182713,0.688338472248173,0.0868511994206729,0.591314204097846,0.0759414885847745,0.758554677519063,0.0775715061157888,0.558083532324262,0.10673556116029,0.760148395102078,0.118493783664207
0.883719440160513,0.089784185870743,0.897474812296471,0.0810027717102565,0.709034843744685,0.115001703511404,0.0228986011916345,0.0337856447128754,0.127420195060154,0.0963429983532773,-0.649545352319343,0.0478453739419323,1,0.999999999731618,0.184250513862688,0.193833187344548,0.651043374604374,0.0800956797642865,0.692652952759989,0.0771792209667344,0.696049934295082,0.0955087493757267,0.591263179695128,0.127852209498961,0.562841358790225,0.154629612534674
1.13646330025673,0.0970521246301643,1.0469245842193,0.084396960645007,0.773100167971108,0.119003082231357,0.0198462742906084,0.0731496736369027,0.107764719785793,0.0734584337272738,-0.571653809110001,0.0563187725487874,1,0.869999945673604,0.298261128180713,0.18967106983234,0.678893600604349,0.0821866992366659,0.77443761795735,0.0849481080646825,0.646266668976481,0.0988565215607246,0.675164076910243,0.0970498778178187,0.735750304879563,0.106437001368628
0.909449592608365,0.106694412802729,1.12899758427663,0.0988920303351991,0.980286614803139,0.161525030892627,0.271325702515723,0.158872519397372,0.266629954665741,0.123902876091361,-0.662988598703293,0.0507363015945537,1,0.516995704125939,-0.36129804463372,0.226539074981855,0.859587513247036,0.0767303753298236,0.67733521944354,0.0946853191706671,0.758058701194935,0.091366934416045,0.71788174368729,0.108970667979114,0.722961193287224,0.121553971518485
1.14382381984741,0.114853235416589,1.14329672959165,0.105394709503345,1.00742267387053,0.157468739251535,0.233270106507892,0.142151320117229,0.359166141711361,0.118985872109897,-0.667261213586109,0.0418872017138384,1,0.740900665561941,-0.0257689798115895,0.235060399387747,0.750141367915427,0.0901926642456029,0.726135820813076,0.0843809111084778,0.891408841326704,0.0823279903596639,0.687656603876233,0.113451727687034,0.695453474262585,0.121608956151354
1.08871706443399,0.106812898169487,1.10219717505316,0.0968318979178077,0.863831177181742,0.140618125073787,0.147004872074194,0.12891525103733,0.226188071116896,0.0965222904438219,-0.53667619239032,0.05860682414621,1,0.634730541039136,0.124333207212729,0.214456995597273,0.669980961259289,0.0853690316028553,0.724570995050658,0.0810382070231177,0.709159925564381,0.0994834855490552,0.68848250453507,0.116288696230906,0.706076794138028,0.137690153383574
0.933815713652105,0.10803625549275,1.05678074942505,0.0913369126978865,1.34405782346971,0.203984055734061,0.110383754959335,0.0755839029296944,0.385178074969047,0.141931116661267,-0.687188264107961,0.0434495309334444,1,0.999999999999336,-0.240561136360022,0.199393632900106,0.82729781435407,0.0769474371000874,0.675190784435116,0.0843484222090768,0.817389451214532,0.0966049017207724,0.908827946152683,0.0870063860107764,0.793289418582117,0.131368759725501
1.29435308473026,0.128923129023403,1.20127830159675,0.103333476216048,1.28072076951715,0.227737461543738,0.0387167729955372,0.0886483765251607,0.211769210769605,0.12619238335846,-0.670164391248664,0.0495325402893222,1,0.951012041095931,0.316663184692863,0.245027204210012,0.826153355715647,0.0910560934956651,0.814085076247975,0.0867767323438772,0.789861978295957,0.107989866345056,0.749138893325069,0.119980860951165,0.775580519583692,0.135448921047244
0.951021279693589,0.104445616170636,0.9418863747478,0.0914422450129172,1.11267573257474,0.196713972916143,0.00514264627403735,0.0175489793429815,0.0756445177112377,0.113387042490358,-0.540286510356847,0.069239599622221,1,0.999999593630458,-0.0212066978328001,0.203276294140327,0.758206745975221,0.087435010385722,0.781268917516226,0.0909880760183391,0.518721670344999,0.11021594618009,0.679815724025993,0.114266788718372,0.665318268590068,0.126794839510725
0.881441976135966,0.0932087732728465,1.01073842781082,0.0791197015949403,0.817521385857476,0.121006807917417,0.00989769797430548,0.0235734739469937,0.0899531894065903,0.0866884404598701,-0.58082710234654,0.0565020062580288,1,0.999999784940919,0.0276403206773794,0.212552101715966,0.627954463541216,0.079939872784111,0.662538992682902,0.0804929880685818,0.488072144281519,0.0923997687652448,0.56581355621318,0.0940801045038036,0.461643021151619,0.119398776782266
1.14783591271397,0.116833718573455,1.22965440191348,0.102476199940352,1.10957235058468,0.18016306802143,0.121929957332186,0.0769514440731044,0.367818038384945,0.127557182312217,-0.704994585974781,0.043107435119353,1,0.99999999999108,0.297289079296191,0.230085449326203,0.729152363317061,0.0849570478588813,0.715416737507799,0.0881087575306589,0.872636556497587,0.0914878120100655,0.764287673707048,0.113497499799433,0.780234157099797,0.126791310889493
1.08033242258178,0.0940874655978117,0.916744372734031,0.0832017489718055,0.781483121991449,0.121769554247686,0.0699046920350902,0.0508271954900157,0.233729195351281,0.0896848045257631,-0.546687394393311,0.0536904405489645,1,0.999999998042484,0.0200969272744371,0.173775473227911,0.636207597367952,0.0793750120147846,0.677155479311567,0.0843141937074044,0.545298634428976,0.0912329408417276,0.524723092674335,0.102196965463727,0.600972702371412,0.115253988006667
1.03261814069711,0.106535393178016,1.06474273348617,0.0835272314872442,0.960138768509726,0.147741681697152,0.00543626915391895,0.0118014284987964,0.0722466107162921,0.0797492625174505,-0.670730035771251,0.0468396701253281,1,0.999999998971209,-0.0562376361319933,0.214859456340697,0.666729903632648,0.0871324061199114,0.625918669000731,0.0851202561297587,0.723016703452395,0.099527965434279,0.780401081642329,0.0916034245338485,0.644434893241346,0.121932499750886
0.955506135511122,0.0983180257701328,0.849870453561509,0.0798857809048298,0.947484577502578,0.140647554976318,0.0671590548852314,0.0557973937543404,0.252254173850872,0.10589741948472,-0.505871586498147,0.0658007222988736,1,0.999999995928005,-0.0797245519013462,0.197306054750367,0.729505805972247,0.0768834568764283,0.611380853256903,0.0861897883378254,0.632066448560231,0.0896917984177291,0.569187109863167,0.106901999055054,0.630419182433087,0.115451305602578
1.07945668131959,0.11819032377686,1.02950601388193,0.0993303862046801,1.16817351538027,0.1967402450635,0.202049258450617,0.126184944092517,0.317523546209077,0.114255013634464,-0.681852780823252,0.0439821436713938,1,0.653572285719671,0.309961151474891,0.209724684208743,0.752101425456222,0.0905021535735567,0.826126091330658,0.0887061142241241,0.535530212652577,0.10730022232763,0.79841349447838,0.119814662833137,1.01599507956618,0.118108052539459
0.991123668281902,0.110476410782847,1.15021795868848,0.090379762639988,1.03957907727545,0.16420475772702,0.144809202356325,0.112258971552694,0.246097696046475,0.113802216304635,-0.603156965266596,0.0466338147859935,1,0.634279539314079,-0.141695642511684,0.23365152683501,0.666773949444914,0.0858061094547088,0.715256802771537,0.0822266682095369,0.671448534029465,0.0859754194353268,0.793417272050199,0.096019413875049,0.840531966440282,0.122362762694168
0.929620217558482,0.0944400045651306,0.937888928302955,0.0783028700378712,0.803194987409049,0.127081140955687,0.0500758686023651,0.0407788011747315,0.200550957636799,0.0873984945750349,-0.546665832317244,0.066339109684755,1,0.999999999471206,0.114032309701509,0.199314251919669,0.629512807856869,0.0825893672091116,0.506050701793183,0.0929714550546801,0.682580916422031,0.0893118103049489,0.630126450956087,0.110277966367723,0.7572747827306,0.105179955550628
1.03544907269594,0.101947062844137,0.788296537559566,0.0805334743056949,0.897786328815443,0.142092761034079,0.0644170507235917,0.0439029972239201,0.240484401740221,0.087615827640923,-0.573651213805224,0.0599145541307313,1,0.999999999983575,0.23040212013072,0.204403846608575,0.664826615587154,0.0841614022835374,0.644156725506669,0.0872424873699127,0.756149456653776,0.0817555154319934,0.582868575701229,0.122226577637125,0.673018918412484,0.114359137046234
0.973110508875623,0.111405362331528,1.14818778798871,0.0989717545151892,1.18185149013781,0.197857776045754,0.0232101053043369,0.0770113380353944,0.141103520899066,0.118092207184805,-0.662653617930717,0.0423590506090271,1,0.851957325805298,-0.0230344494333579,0.227561701476923,0.87411383596174,0.0820578057922083,0.649293771619958,0.0946599895360036,0.763569379686934,0.0975317407976201,0.691217800881939,0.0999146090774022,0.831551760362421,0.121051771817312
0.903151096372466,0.101972810779394,1.01779240699207,0.0831073490993619,0.926062867119695,0.140967540458852,0.0617853043974299,0.0480783761187793,0.239200911654066,0.0981265382021372,-0.539681688469537,0.0653559249116998,1,0.999999999999906,-0.0798481536402098,0.205265156743623,0.654371671248931,0.0831598228021721,0.655909223841273,0.0811174237580064,0.714458653153749,0.0922360181796132,0.568702617352648,0.112831274131598,0.539814730055494,0.121961326838936
1.01324698238772,0.10351647029889,1.208027058774,0.108467214409722,0.950724243790433,0.160323222373048,0.101687428792075,0.0776704773271431,0.189584819846035,0.112208754419335,-0.67194080992148,0.0467598224096991,1,0.609737130767961,-0.149580834579162,0.189396711816494,0.731076317862633,0.0876275515820134,0.765651874340736,0.0855339780775463,0.817759964184576,0.0923181292833704,0.762643480334102,0.113153240831244,0.599883543096939,0.151168459121577
1.11062647794833,0.114368270215799,1.01136949354226,0.0961128018271168,0.905026736365589,0.161186060079649,0.114218931268047,0.116711137564687,0.253431592632688,0.104453532999545,-0.565837806864014,0.06536447647058,1,0.78824459602527,-0.149315399401556,0.219504002793296,0.777866697869814,0.0863302676296708,0.62744167651421,0.0962953060788859,0.736684713911165,0.0977448044992702,0.804140820680224,0.0959040524256359,0.574124333897851,0.132569513925522
1.08422150949977,0.121797539014763,0.995749781068541,0.104567019157985,1.38863037757329,0.219438901426345,0.243364394884918,0.180547650693579,0.493944811280034,0.150869664754416,-0.709019356548669,0.0422696639813199,1,0.849682311003508,0.160002634515924,0.212335795952123,0.769806745372097,0.0835018509592193,0.741504141926878,0.0856048565255686,0.720877432312609,0.0937627411672384,0.609411487202922,0.120272039224544,0.900479809908604,0.118878958206064
0.826610605919588,0.105743157303543,0.864633399274956,0.0938868694666207,1.01514036593068,0.161812747245474,0.219336775219873,0.168929540383884,0.283919804682545,0.131052248070056,-0.634408290913733,0.0490685084934759,1,0.601695705630484,-0.221274996906083,0.211283251927755,0.732162653796164,0.0811625132189027,0.639647758668408,0.0812405806884958,0.53563709783498,0.100437613275859,0.867211126684629,0.11468017805751,0.58025140532011,0.152646694447104
1.07983008038409,0.0971475651323138,0.929969906497509,0.0789820675864921,0.81727097943269,0.126776069296731,0.0444597449215337,0.0343313391035709,0.190619147164163,0.0774877507297239,-0.509212691693887,0.0656309587463343,1,0.999999999838221,0.118683449780432,0.195662425571049,0.703308220292129,0.0785787229177409,0.659390849953145,0.0824752416857166,0.603895084059075,0.0942981194319835,0.702007968017831,0.103156571898222,0.869626555374184,0.104998083183798
0.888221864215751,0.0978923100049523,0.991062330796003,0.0897948001302765,0.782588607393713,0.1283981497896,0.0631138743695339,0.0815004904815587,0.130020396756769,0.0855804009711831,-0.569942612712446,0.0576547840424146,1,0.58503561568378,-0.440699932289799,0.203317862982762,0.720236335266375,0.0827052621316837,0.686193143610157,0.0829560710460905,0.773366082268105,0.0924843000294734,0.526905666680515,0.123601647102808,0.589037411107972,0.139116060958487
1.09680040684118,0.119186051349552,1.03229047146051,0.0899600549848773,1.26910108994561,0.210868759489049,0.148714303819413,0.102757380883037,0.427400535822145,0.118313618478495,-0.547617046412032,0.0608582270146072,1,0.983808527327014,-0.164517145352931,0.218854775569111,0.731475233143259,0.0854740951575041,0.763169915687276,0.0803739247434747,0.762669537989588,0.094235620897278,0.809963932803074,0.114298880780054,0.792423850947986,0.140075479952318
1.14025366030662,0.106215164571037,0.912994473616933,0.0987008294028893,1.04079567607615,0.169298506054211,0.112647819284945,0.0985680176676671,0.26871820849048,0.130420486999266,-0.627204292845154,0.0527749162131787,1,0.784789098120254,0.207443796787338,0.194203259814004,0.61430897500253,0.0868096341061161,0.711680630215041,0.0895191161955716,0.812744189870507,0.0908341412575367,0.498815716159509,0.129243638097557,0.682334111744105,0.12658758248489
0.949202550456897,0.0961653784019374,0.921128145405655,0.0830077889189458,0.861580785166208,0.128524463868478,0.0858058522019132,0.0584638741284927,0.271898277855056,0.0974611659770977,-0.601568530844351,0.0476386700510693,1,0.999999999922664,0.191808921348052,0.191959318871105,0.478059609330606,0.088756125208581,0.671221826831955,0.0808149452460183,0.678658332219502,0.0854053882163459,0.656473935601769,0.100595920712077,0.548057238896275,0.119481832792228
0.890939938431397,0.117615815644468,1.08538179445369,0.0931531448863909,1.22562450969355,0.196513046620299,0.0640115965270112,0.0507731260281664,0.280096736124811,0.118617296383606,-0.625383060702186,0.0526637638565491,1,0.999999999870323,-0.43849874097497,0.216109139379681,0.730014266306789,0.091770794437633,0.740602000857835,0.0866131601517197,0.693811157514056,0.0944372700920133,0.740671191671424,0.104359334456856,0.780055570435685,0.131944294414326
0.977496994342744,0.102392191278627,1.02141323944392,0.0973642524561394,0.887956615459263,0.147539934252718,0.111684701404354,0.0915391052026023,0.225802023022222,0.108790498320036,-0.574418444553103,0.0633422573960484,1,0.717026342440387,0.0480361718108438,0.224395213000286,0.703381884307685,0.0850659656699506,0.694662669518731,0.0891757533313936,0.606511986858889,0.103638414412836,0.558997116049283,0.114265230239252,0.462562508112538,0.147496511553161
1.03608051488747,0.106249750922539,1.09420973304875,0.091470203271178,1.13411134131765,0.171577069992495,0.0365159493641396,0.106623732991097,0.202176343654595,0.111387188864857,-0.587433452887672,0.0568682962988315,1,0.993484722977734,0.186038937173094,0.217686480796243,0.636164195373847,0.0921161528208004,0.793973014120424,0.0841305052046167,0.792462830455507,0.0873223927671749,0.771472701985979,0.0985896138362215,0.727690760262387,0.117255957810186
1.03589106150749,0.11140835369415,1.09370805152089,0.095019569874243,1.18827419164696,0.190139647752251,0.103057982584186,0.0670881049845523,0.349944482664955,0.12074405327325,-0.613325120198041,0.0568383234913136,1,0.999999999998588,-0.220563676298188,0.211089577054659,0.655054238610676,0.0927785018456939,0.757315334970255,0.0777097841747357,0.839435462195827,0.0897220730609857,0.741679181073621,0.110897407200605,0.713134039115936,0.133151145436622
0.88515380838324,0.103618978437362,0.917512045986795,0.0830512605913556,0.850293829769211,0.12285162645636,0.0947855202637108,0.0924833672716502,0.199428514117464,0.0860099538791216,-0.567893319930193,0.0566350190175266,1,0.70247640332889,-0.0472710851792156,0.203037589147925,0.664699667883693,0.0760384840908459,0.666405283538061,0.0742119339519346,0.716573063031775,0.093475396846796,0.500378649097984,0.110944112058266,0.694435297386423,0.129139114877845
1.01236398750976,0.104795579351754,0.976234717645218,0.0972227798670094,0.938891850621203,0.149507940085199,0.115185951544437,0.100179850736064,0.231739873977343,0.108684668125685,-0.692028726032418,0.0425710384008069,1,0.704682075080777,-0.180955404264944,0.205551461331218,0.794889944469427,0.0854262855352709,0.809501076801317,0.0851058213441132,0.818399314676746,0.0938815825710175,0.660807784260891,0.117802617709807,0.745182277295081,0.135574406458233
1.01892155830884,0.123997958974013,0.980432480408952,0.0992951957412318,1.20498592079538,0.209922969205679,0.0951200809087608,0.095323916655618,0.0761032944886066,0.126188851651805,-0.625110939351634,0.0545789026279737,1,0.224789678329341,-0.00450812913014864,0.231996829566347,0.720861733854756,0.0976134796858927,0.70367212364484,0.0895044447103723,0.863645806604023,0.0922535792555396,0.40551622504893,0.140478251001342,0.637184185308215,0.143351300903389
1.17813004374509,0.119884220055198,1.03072679925824,0.0950166826807697,1.16582493762306,0.189896488194324,0.122660820354828,0.089893651613992,0.34918678100782,0.120065461058904,-0.629165245735464,0.0481036936921735,1,0.923396430869038,0.349473921028416,0.228540501858984,0.658282390407952,0.093057928161388,0.830203372501713,0.081816734999386,0.792443590451835,0.0930690610786142,0.739906870492964,0.0949061995020478,0.699423227119884,0.121153360871366
0.850530770478121,0.103988401773964,1.04187148654785,0.0820876169801402,0.985892115656035,0.158089691890871,0.0899504175558862,0.0520490565471921,0.297794236249011,0.0929646637469016,-0.537183323524117,0.0635275272376589,1,0.999999998166557,-0.467183900578875,0.223870681762816,0.769476836762388,0.0811911554559945,0.50528884858504,0.0902787549735738,0.693158310911774,0.0867193941642878,0.685685417175323,0.101890701071868,0.727343019146064,0.121311649765932
1.17186403204883,0.114397685374394,1.06454862039266,0.0900862538420825,0.926620291003109,0.138518287530668,0.182478571813123,0.112120844373378,0.162461009694179,0.0894864999080655,-0.548500522623543,0.0585102522186594,1,0.395086607504728,0.387701021874125,0.202639123848851,0.762080545460623,0.0825563868081304,0.676662119983762,0.0852188923772371,0.610136820727525,0.0951372025187997,0.767151733193122,0.112993492966354,0.742904416145856,0.130526419166703
0.840921961951879,0.0993397768619549,0.971213916292744,0.0843705110676874,0.965621253844081,0.142465538141028,0.0367016527139764,0.0462876755039928,0.188254856943792,0.0994841882231974,-0.669365738604765,0.0441987964257907,1,0.999999933000753,-0.237660169694039,0.191053526726354,0.643884373006417,0.0734227958157597,0.736534595954928,0.0749289926849277,0.66429200765359,0.0909568441916699,0.660577952327793,0.113612193097552,0.659080776634477,0.13759073203963
1.30597967066279,0.120838515444435,1.02567092434107,0.102170644980187,1.15179685336813,0.190924112413914,0.290522575332282,0.161739529120991,0.462193898445502,0.12382836246664,-0.598637572742938,0.0489683249180464,1,0.798999157578265,0.729608230026261,0.215866415647857,0.679391767089847,0.0875803042404247,0.653669711492468,0.0909464273896517,0.739845437842206,0.0941696265959296,0.717359843083173,0.107300191888449,0.709212629272271,0.129838584290388
1.06627197605831,0.102611562932351,0.901867063403113,0.0835235807595992,1.05447620580663,0.170446846272794,0.0144617464378541,0.108118148972404,0.121500698399875,0.113137775393542,-0.553614870272555,0.057961365745584,1,0.983897848313829,0.0335982867275847,0.196514508210781,0.547484380757098,0.0856019259969572,0.58732361457924,0.0862602153581052,0.748833408197105,0.0917710864335522,0.76663571279693,0.101370242813991,0.564693146617823,0.132423685342703
0.964734361858025,0.117186714283814,1.10130053730223,0.0935809291578834,0.985917962540275,0.167041377137097,0.0941380246597106,0.109109682464318,0.122994517983043,0.0986792702454626,-0.606551608035745,0.0621215290978937,1,0.403722379916057,0.0187383376305628,0.238949343501983,0.737498437022503,0.0830528330426809,0.588505204153989,0.100587371064444,0.803899749740997,0.0946864929557314,0.604318490920681,0.12427877321963,0.698396543192692,0.133865164169948
0.978924521253229,0.0959066477598973,0.923721859188015,0.07791441307854,0.754365134146712,0.116775772101856,0.0183017796611145,0.0259414036818095,0.117499891292921,0.0844551780494944,-0.598806962464051,0.0533913062375267,1,0.99999999944475,-0.00735113003842766,0.203628996251892,0.543738917268334,0.0859725242154375,0.692591091758952,0.0815098208831484,0.694322980168575,0.0900956620696358,0.759570845703218,0.0984045882797281,0.620933574207187,0.121696370655212
1.12738621934186,0.118957751975958,0.983710674354909,0.0963726265454281,1.08521509883416,0.172634045000882,0.160576441111783,0.118077008592404,0.417444570642502,0.115215485333459,-0.595491596052285,0.0586155233556701,1,0.999999974599278,-0.0704845585563591,0.236924535460536,0.726753257260754,0.0837756391210584,0.803130666797938,0.0779272860928713,0.518538811969428,0.110778842540985,0.74615332656187,0.0996041697383008,0.884200420035699,0.121358010395813
0.9505371203097,0.0998484178140955,0.953407031478492,0.0816512389359243,0.999412509928097,0.158224289837654,0.0275381684011733,0.0349555960916917,0.16589752846431,0.106754086909227,-0.53707383960491,0.0625828323130919,1,0.999999999090311,-0.125307465347071,0.192676523969805,0.620756019025681,0.0859404470528654,0.60193530973492,0.0779151130276049,0.687061767001658,0.0860609655567193,0.462183701508391,0.107833074386801,0.640324826125183,0.124184696903193
0.941933435042826,0.099624342761983,1.02504673327033,0.0876642497839826,0.794741643559004,0.130228105855952,0.00349868222459466,0.00913503021934023,0.0527309037954472,0.0666974340260334,-0.562280944193219,0.0612819033124621,1,0.999999955695733,-0.219083935936907,0.214130201664077,0.735109844108713,0.0889414824324108,0.559650578051767,0.089698630218886,0.668595780074373,0.0910529536407918,0.423406149637052,0.118493202834747,0.555939909510731,0.128577111511791
0.928298227391668,0.106285446009257,0.989734653315079,0.0845143495139941,0.963341241361911,0.159507882838965,0.0853077451484755,0.099425552360332,0.231292656681498,0.0961897573665156,-0.568351295620157,0.058789316059962,1,0.806821637248046,-0.35606384307921,0.226767040208769,0.6356041471794,0.0871551029816278,0.687070642777445,0.0855721704375821,0.68697977535761,0.0928666692534796,0.610934231358757,0.10877878102094,0.872615107354229,0.112722494786066
0.914825647527425,0.109673493311441,1.00028522645897,0.0844549987075183,1.01463818863509,0.161111320820412,0.040174757986847,0.0421043540902089,0.20189810218778,0.108222362058434,-0.650671233460816,0.0448734804519331,1,0.99999999993131,-0.0519791530436584,0.208760537148028,0.692315063893785,0.0805803184548197,0.572529928880728,0.0875574961648509,0.836450874942821,0.0855207616853167,0.708506050303136,0.107192864289749,0.642176001544682,0.133800725800106
1.02140256509203,0.102956189937422,0.954037666624334,0.0858345574561277,0.730411660450709,0.110332436957724,0.0700745713728062,0.110323705284894,0.154055401543429,0.070795987915653,-0.626742500313781,0.0496734075337595,1,0.680946287460658,-0.182872566700618,0.216147188991599,0.663899262639367,0.0869559143913458,0.687238321453376,0.0842162374254466,0.715756708599425,0.0911946016592401,0.820453107648977,0.0974150235393373,0.571845382985791,0.126089388696262
1.00369256638876,0.10481827832055,1.01619509714545,0.0907949123400675,1.13203902993767,0.172976114236256,0.0345230250084741,0.0425154343243149,0.197690189750719,0.121319349814137,-0.615404739424337,0.0524364926522358,1,0.999999992100701,0.0778306443378888,0.207840528245983,0.671018445676782,0.0818859249910019,0.778513635521125,0.0811478219137586,0.679902926844827,0.0870436611981084,0.737535456082641,0.107242599030088,0.753995541384508,0.120127024840033
1.15822565022469,0.140953040822781,1.06061158858343,0.116515036282312,1.55768777128553,0.293767738837537,0.11972987335709,0.118850067624781,0.392992387252121,0.175715386388655,-0.620639399219459,0.0622094017771733,1,0.910002678947399,-0.383888126295964,0.278795036402489,0.849876450714732,0.0882699129368592,0.689376224856816,0.102745469456103,0.825763630061266,0.109370846437913,0.690080638799405,0.13267448084102,0.830641403233708,0.128939670701127
1.09295714705828,0.108649838155092,1.09268693899945,0.0958706990620766,1.27340546701489,0.196945417228416,0.187643655387458,0.0982838511099538,0.488821497681736,0.141946803467733,-0.625999992471809,0.0498090595133248,1,0.999999999947202,-0.0103524533496551,0.205746732806325,0.793881075647778,0.0778586166008883,0.724258502290796,0.0814289410914012,0.822290270553542,0.0862876306187972,0.820963474226104,0.0954537138140272,0.730665093058809,0.118004529122731
0.860531267831419,0.107608791888574,0.936385511413676,0.0910264218936277,1.00181023478095,0.15811690699073,0.17251454303299,0.118428270323142,0.294462970915451,0.116858590975952,-0.53607825911765,0.0660253373813969,1,0.708312818340342,-0.396394294922988,0.224682994165849,0.738333155723979,0.0796005098257394,0.694679076154307,0.0813738546009675,0.745727736665528,0.0900321187686444,0.731786629360313,0.109251277205916,0.642155227727929,0.12376301412956
0.897666193307901,0.114508315556775,1.02824118224553,0.0805273666390817,1.19441645372355,0.190211851035351,0.0609728656555535,0.0542537518240374,0.269864761686792,0.109114337348945,-0.669504113369858,0.0444778163684843,1,0.999999970001511,-0.319589513656957,0.242106761817704,0.80413432601667,0.0836955802642559,0.769258239174912,0.0890176745926277,0.670623972778318,0.0965147892041851,0.974996047632115,0.0936011264279519,0.788134830745594,0.131984722518609
1.19333973823885,0.141530595693211,1.13777972744691,0.113576844412579,1.7001556565216,0.298562171953575,0.206285938883494,0.1376733329537,0.0834401011549214,0.165166805868062,-0.717068915528369,0.0417289633189459,1,0.140895027619194,0.31295034202717,0.253284868762988,0.807529700901694,0.0878414096246731,0.882528986943283,0.0869843152490067,0.883635112205624,0.102070150242138,0.840653220738352,0.125685688549232,0.736317785482617,0.156813523284599
0.994680301717533,0.104338678334223,0.939338401101851,0.0817798826847113,0.919070630593285,0.140225991639487,0.105847926363057,0.0659886101477689,0.311900176101928,0.101973179226505,-0.532241780952352,0.061762417375183,1,0.999999997034015,0.326768576002024,0.226185635115378,0.631599878979584,0.0825549552676248,0.598155124851386,0.0835067498245231,0.714142552194956,0.0937354739520386,0.683956088370927,0.0942543193918811,0.663857917040144,0.119952135864375
1.0264036836442,0.107957048735583,1.0717833655657,0.0973176658602479,1.03657771335549,0.181821632471418,0.19156914708705,0.123690474453018,0.214272195388925,0.122763456645997,-0.525992322479932,0.0676286635402478,1,0.480841676740051,-0.0344915686407463,0.216805750517146,0.585941785901708,0.0940330860571951,0.768894132010438,0.0843244660180873,0.76833034218536,0.103877875115471,0.600210008451383,0.117719196384924,0.716256929352417,0.132789884987549
0.896249608705613,0.103810677828282,0.99351069602238,0.0982347165851463,1.02849081297209,0.17511643454189,0.125393655830622,0.110214970594133,0.189807921639053,0.119446184042781,-0.604850209010801,0.0587625848063798,1,0.528538153643563,0.0457457892165729,0.186039577457683,0.737507185623032,0.0855875864820004,0.820875002044842,0.0848492957513816,0.62310814202471,0.100477062991909,0.672042266775059,0.128401232609295,0.921302381593934,0.123011616436799
0.950793326672775,0.108079139331992,0.954787664795313,0.0801830665139428,0.92801516886592,0.151402178253538,0.0955977790114971,0.0886596850211051,0.251586747582168,0.0943676892642625,-0.522752808141462,0.0652601372449809,1,0.844668545705407,0.225580890291964,0.225799911585293,0.64886287347271,0.086043958007094,0.599400761245588,0.0927465136894993,0.729274371849792,0.0920022728453299,0.632864745827,0.108661514947807,0.839331866132375,0.129613007534401
0.987573794109347,0.104263935047912,0.978899111943175,0.0896853131885302,0.823798438288852,0.125818042639988,0.180481528295765,0.11716128772911,0.329980136446597,0.0964998830536687,-0.576021471430954,0.0571458956432364,1,0.855777641507339,-0.0279191941250628,0.205981491441786,0.535840424163229,0.0933864403308344,0.653165368516594,0.0848790926922332,0.714657689329813,0.0932452310241224,0.707489688923057,0.095258463194737,0.789126825938051,0.0990017930315291
1.15994745287178,0.11515410925214,1.0714393723077,0.102270801847583,0.86291997461345,0.141316757319463,0.151643549283764,0.0941824234150701,0.279463611105446,0.0916625414560088,-0.57905198745014,0.0586423428945491,1,0.772552558503168,0.319145948196732,0.248762963570551,0.716741883760309,0.0847175523378095,0.678785764555474,0.0827401779929507,0.631137504074012,0.0983840735096737,0.85851877244599,0.0964858487269767,0.689603290862915,0.11954501245414
0.912447257577604,0.110045438929667,1.04049961115123,0.0930280793825859,0.97450737983771,0.16481570391449,0.0180527556179425,0.0249904024838206,0.132636885977321,0.0934481220043789,-0.636992763403417,0.0537457150421601,1,0.999999998455859,-0.132130780740128,0.239752184297304,0.712292568901437,0.089359301341476,0.69963567369122,0.0919889745422791,0.633626054368054,0.100580055675007,0.75996878771619,0.0983135641754374,0.552779726966061,0.14153289260743
0.94351517182255,0.108390788041488,0.958340672829958,0.0976030138673393,1.19531558634857,0.202710214424132,0.309619090611344,0.140369911417764,0.608352303224703,0.164701624701749,-0.560258528020076,0.0641737624031591,1,0.99999999999999,-0.0559487948290943,0.18361144697783,0.710527268875663,0.0786259511440445,0.742446901191083,0.0780827694796376,0.513090234337024,0.107772293255045,0.784412250843762,0.116593693917428,0.637391347306343,0.166526941426921
0.91443907612607,0.109981190349904,1.06445215238028,0.0892847521160017,1.07979544811027,0.175761130104039,0.091310945430769,0.0614781585184161,0.314001818621461,0.111096034807566,-0.632788014265537,0.0540075661213568,1,0.999999994212789,-0.0204763154124749,0.222258601321221,0.672271032669543,0.0892380300327575,0.761949076777199,0.0911787007665305,0.638990587438942,0.0996939648322521,0.710911844347623,0.106311937163423,0.856450719119891,0.117495456161655
0.978909681912042,0.101137860258513,1.04278734718045,0.0879046595883041,0.973120951918225,0.157818368758503,0.0813684373978737,0.0852408618265468,0.134313168772228,0.0866800850395125,-0.555552453890995,0.0581070638961978,1,0.477317322393056,-0.0498844906904174,0.1889393845757,0.7363836538125,0.0803017355690429,0.640631926656742,0.0803828327753836,0.536979646112982,0.104453099540416,0.755801080883279,0.104168172612671,0.641858688886571,0.124714390392858
1.01085750129233,0.111032301705806,0.906359913866144,0.106114241335124,1.01100423234951,0.170871768068627,0.29180148579269,0.181131599829785,0.470598542572097,0.149513216314097,-0.639023127189013,0.0524467278471363,1,0.866423736240152,0.0379726716943726,0.203783098119334,0.702229687964787,0.0934740729826613,0.678801963725414,0.0854916296937578,0.66280766287403,0.105630800399626,0.74468654401115,0.107480013764686,0.751810756025954,0.133723737056207
1.25421117439629,0.11135953768263,1.07977144264392,0.0835356546238043,0.844625909383787,0.126047176618195,0.0690882474147017,0.0953247947735953,0.211971529549519,0.0863739496768848,-0.606937370287299,0.0475034429910418,1,0.877492161947765,0.594593479749536,0.231661092947745,0.632600427714619,0.0859401934495775,0.667056486535479,0.085325037606838,0.715247513225228,0.0845812932509274,0.687596836846025,0.0970145279058162,0.826060788601236,0.11029190926157
1.00114405846137,0.0933607269198871,0.923861944870098,0.0815469483325544,0.614164940223781,0.100785280920737,0.116331494697848,0.0966186053659238,0.17135851696084,0.0731982830160497,-0.515583230053466,0.0577939419698876,1,0.641083398089524,0.213469734916974,0.187386733629703,0.734728066043363,0.0767988636034492,0.540756448578688,0.0812967374517389,0.657482104397416,0.0862538696242945,0.826431520343508,0.107553808830803,0.472265664193288,0.15642372288174
NA,NA,NA,NA,NA,NA,NA,NA,NA,NA,NA,NA,99,NA,NA,NA,NA,NA,NA,NA,NA,NA,NA,NA,NA,NA
0.979703161499708,0.107184696040349,0.999854004247432,0.0784134842465243,0.886185456495788,0.134165321575936,0.0307856241940291,0.0293533328771751,0.16517194805155,0.081549836001114,-0.643502043890694,0.0441290919893436,1,0.999999999876299,-0.268662421194506,0.224861607351458,0.770586137767594,0.0795663012263583,0.591142714226955,0.0821323493480823,0.627021375430063,0.0898767367116376,0.727267146582683,0.0904356330456776,0.664090833251826,0.139179236782046
0.783800710909544,0.1107462909543,0.957324378152659,0.0870950080019938,1.06307256397831,0.1814230517503,0.0915357514706932,0.0678325190040073,0.311944139051059,0.124297729678989,-0.616160792120171,0.0583854707454273,1,0.999999999366324,-0.37101597290241,0.23251785511371,0.745539379225491,0.0810817924719616,0.675047986163169,0.0924929902068661,0.624689188594837,0.101687111071005,0.574667538786178,0.120041679157427,0.469129838193365,0.162316352015427
1.03036541749169,0.123314247303673,1.04871908622233,0.0895678174404487,1.08092878154269,0.171168149447879,0.0425894772044462,0.0844879281596037,0.125175319373619,0.109699905195914,-0.607434033651775,0.0558882356200556,1,0.58340347710923,-0.118532359893899,0.251225177472634,0.761116583791434,0.0879548023913039,0.512775310086453,0.0944658086243575,0.705247531158938,0.0934371018031002,0.606108452148473,0.105903448368013,0.675850501533804,0.102463994560668
1.00614711310306,0.103918547846182,0.866192482618141,0.0829598476524876,0.823392808943437,0.132067310378321,0.0311051862073242,0.0341423731232812,0.160036828969541,0.0907888582277213,-0.570026891772746,0.0563599543479077,1,0.999999999661659,0.018432075309645,0.193728904636433,0.593904159548629,0.081677870350862,0.71844283260642,0.081218976405767,0.58040742374158,0.0935682015414432,0.647780814582958,0.103913500763351,0.699438514066579,0.119363064087639
1.17700565596242,0.118442333939127,1.11848351719242,0.105292922322078,1.06340404640109,0.160900687161946,0.486183368544161,0.189234177230954,0.34815161954793,0.125965745073588,-0.577432951237715,0.0544714268461996,1,0.484193791375536,0.290061768661037,0.235355360189249,0.593352449620974,0.0945956607216304,0.782711473861682,0.0805197755277738,0.649804253282859,0.0888735274290592,0.922034844696095,0.0973627984289445,0.679075309852412,0.127309236520269
0.939266821548198,0.102550107725935,0.968606320650636,0.0805607907910475,0.96896550453382,0.145666588495538,0.0531925519414037,0.0917525845961056,0.227027941810127,0.0928689672862704,-0.564512967577623,0.0579320738161682,1,0.999999402748042,-0.326441063869381,0.219170394432516,0.674599123739505,0.0794629561151636,0.645758355744104,0.0795746884283379,0.766224226902961,0.0855413514319602,0.635199356807303,0.106399928960875,0.658278966718088,0.130635307887136
0.993442425705722,0.106761704702273,0.994487537843546,0.0970967779497155,0.878884364956062,0.127757627042974,0.164152891636041,0.140049191893932,0.243569684414107,0.101549189641283,-0.620829382690401,0.0492504058677317,1,0.641258441808325,0.204316227800009,0.238076686239182,0.671370773310896,0.0833160487437384,0.679763480808766,0.0863531715132338,0.726021155847524,0.0843204515776792,0.805769221634639,0.101162094357975,0.836827603198418,0.123702506471588
1.04479381027309,0.102891457048049,0.9886834143314,0.0782222381655921,0.814252907711247,0.139387901319427,0.0563720809338898,0.0857564898340039,0.103120563819924,0.0851152848093401,-0.548907394201459,0.0621369916205028,1,0.481319643596351,-0.0607489956453295,0.215287265115598,0.748116737594662,0.0907047449633811,0.584181849779196,0.0929065175063195,0.575548078072562,0.0890941435956501,0.719270307373237,0.0962416111587733,0.788106752149756,0.105580334962559
1.06876217973447,0.0969901345412363,0.984251151362382,0.0707728425292117,0.841968339084733,0.116379009235674,0.00313795040403422,0.0111565517552601,-0.0514009136105485,0.0842985943902448,-0.538509122653659,0.0531907411637114,1,-0.999999816465589,0.135940476701045,0.175161897244103,0.635473743263866,0.0770101177646803,0.634901365922248,0.0735537278703393,0.704386170271345,0.0814043691884973,0.83384301264119,0.0843794641187131,0.510600374509146,0.132900586857353
1.12617188333416,0.124413111972282,1.07150446119584,0.0844294988209941,1.31150077521652,0.194017026659767,0.0442170050998161,0.0416935920319119,0.240812450811722,0.117674794357762,-0.675892677879562,0.0411621148585882,1,0.999999999998161,-0.0424528590789277,0.260641034529936,0.787839703736166,0.0804870532314782,0.806371728735174,0.0694185099909692,0.796879006323881,0.0888664961247268,0.664835106628011,0.11139353527088,0.782398236280417,0.132133867271826
1.00588010294315,0.104408797554461,0.922185823819404,0.0898810304149537,0.754452953847972,0.126947683747595,0.126933560429892,0.116722429945085,0.185515313548863,0.101375362696161,-0.596075678887126,0.05558209562774,1,0.599481040040275,0.289421434554663,0.202964711102414,0.609100711626993,0.0864272708259667,0.669251821727478,0.0821665529603321,0.450360867727741,0.0982548937284718,0.675637770146621,0.107943474342087,0.484081181245305,0.143769605294809
0.957322671801393,0.101359071870198,0.960633929689388,0.0813893191245872,0.884604274552412,0.142848675935432,0.0127493776979601,0.0207262977374026,0.106198653490214,0.0876508995999817,-0.617908242080397,0.0526187942267731,1,0.999999999717856,0.202326520714706,0.20473745561732,0.680646302510046,0.0809634715288187,0.637268256162913,0.0814258099908289,0.641079186479469,0.0981119302373938,0.701161950716919,0.103468755294744,0.809456009424828,0.128039329304967
1.028482919531,0.107434054232054,0.982234548413709,0.0898644626765149,1.13483275023507,0.177523948935301,0.156112976758813,0.0739855686149086,0.420906305802177,0.109694785238511,-0.527072290275509,0.0619241672419868,1,0.999999998592953,0.0983066814173779,0.208788199973887,0.559770773335781,0.0826788514084633,0.605501044200687,0.0873134319056332,0.437525317919619,0.0994738609686817,0.825794157044792,0.103938283142704,0.706072113069576,0.135494536962889
1.01677087555804,0.106034465345846,0.977424234108116,0.0864210151052505,0.968355682594564,0.161026907772062,0.0534143641091926,0.0879214273831748,0.196433757582359,0.10492334421689,-0.603904081077911,0.0507599022025748,1,0.863713365935749,0.39422717483359,0.250735226474283,0.701949764754948,0.0821566112746918,0.693732412126603,0.0913489094546662,0.699161009422766,0.10495112908957,0.660471965279919,0.108895330524782,0.635609960258486,0.113573518792152
0.899237077894977,0.0949165549966383,1.08809356293552,0.0827933794071023,0.754027933256291,0.12233587586945,0.0144269475291357,0.0236147809006191,0.104299191064325,0.0842121351737173,-0.557977880860471,0.0581983135005174,1,0.999999992098115,-0.236129321186105,0.209644640181297,0.712925913608936,0.0845089275578321,0.604402110710087,0.0813122959412648,0.615098957128071,0.0888168505201019,0.594919584482498,0.11703044327863,0.615430014094245,0.127744960936875
1.05025072121905,0.113579594476914,0.91480015869459,0.0867629626351337,1.05576033943412,0.167479980904396,0.123005530171573,0.0999495788585832,0.242210555439653,0.102342583388897,-0.632718375855488,0.0510986561070565,1,0.672121944770193,-0.05541754251762,0.242528430986804,0.825219636618458,0.0854048100280999,0.752413231431346,0.0873875904753544,0.396592499984268,0.108206264077111,0.849019676609518,0.102601042925379,0.61536586608554,0.1166217118778
1.26597920053459,0.109921092577781,0.994413631860973,0.0871982389849765,0.89885473523971,0.136101764238953,0.0269303380943474,0.0323824028283373,0.155584258989884,0.0949420631373833,-0.621590733088393,0.0480131982308251,1,0.999999994375897,0.631001486910263,0.213172193163783,0.682672214039867,0.0809963246598173,0.648558586623599,0.0807054276440916,0.724654954304288,0.0917971710040486,0.728580000552401,0.108695734165246,0.824991534513412,0.11472274560419
1.14719666094185,0.118025846764631,0.987503489641251,0.100643433620851,1.13454173837329,0.190643674321835,0.138696107114827,0.11075477880633,0.222179128376753,0.121836890849976,-0.669126427175339,0.0440342880303619,1,0.560093953219489,0.0605159482279126,0.20961369225582,0.739200428090325,0.0987494874758827,0.861975305454588,0.0815814741370477,0.696170302774183,0.0932905953956414,0.702839514620718,0.111748264309681,0.614313592327371,0.119511201692394
1.07596113021658,0.107266062606648,0.931395583034717,0.0971839931839267,1.05327155076086,0.185192869947983,0.18546714928166,0.142391567916767,0.277718278210111,0.119061465544802,-0.557784377395386,0.0667249306053377,1,0.628348798191372,0.475617638087314,0.207638199661825,0.681036203307572,0.0860751489575918,0.669301542139234,0.0938443869770966,0.565064830319202,0.113012052759813,0.733003778321725,0.110980297990406,0.83597908923721,0.120109843147085
1.02036620985998,0.105800151132614,0.948293706047087,0.0833196979660666,0.96240298001233,0.143934566390687,0.0556886252252264,0.0494412088628056,0.231505721027579,0.107330844807703,-0.58052417077363,0.0544190619750537,1,0.999999999990219,0.394950835492477,0.211736490115954,0.654932039587445,0.0769129027292091,0.701046776910526,0.0714627690835919,0.703365231932499,0.0960710435085982,0.656376495330729,0.113866483891611,0.783348625602335,0.124173863816154
1.0502605053006,0.106429065725169,1.04623589804353,0.091430149652889,1.01665556002442,0.166308038108521,0.145404964612575,0.0758856342095206,0.384482464775225,0.1123793773849,-0.631229236057074,0.0504833058465849,1,0.999999999969909,0.0815912020511387,0.215006374117633,0.728815761104081,0.0853887592148493,0.717677718320752,0.0800251725932988,0.818189849031714,0.0911285888222997,0.815233671910514,0.105131085352103,0.745010265679403,0.125359601597696
1.05716879061902,0.108948442152836,1.0304550496342,0.098640122941196,0.996161031714414,0.177623010826287,0.0452542498187389,0.0931649673538149,0.189078892130689,0.118103691969572,-0.662072562780372,0.0506539220385851,1,0.890530072011446,0.332536336511607,0.220848221669623,0.702392642606638,0.0878037454441946,0.611824152241831,0.0966734915284393,0.706760179875727,0.0927697150394267,0.663316033869886,0.117964608815076,0.625088832341495,0.140028109817473
0.739293807598373,0.0980208678960947,0.899403208620436,0.0888729991084014,0.899859733564486,0.14705320180818,0.0459576605498631,0.0589057699378021,0.135098882677103,0.089124519450531,-0.53088135245737,0.0681993589203532,1,0.664332335062088,-0.233131201345277,0.19624593581253,0.695766490759426,0.0824634088291031,0.615957403871931,0.0895976034555973,0.674216628085097,0.10637328338918,0.407082010675051,0.126268344203135,0.510094736382995,0.133021463103394
1.0245210119199,0.103015773764255,1.03568278129691,0.0825755610235043,0.865754676989574,0.140486164101907,0.0754688854999032,0.0824339291132706,0.249506130889726,0.0802956208756828,-0.551975095456312,0.0592264908531935,1,0.976112400723031,0.202852400009108,0.212838240505461,0.557040718149525,0.0920472449995544,0.665612564757132,0.0821942305314619,0.710402402066425,0.0868075176524281,0.737515644845617,0.0967331915661704,0.731389297688876,0.135239151417553
1.07249474368171,0.112246187199719,1.08124104179165,0.08572017335521,1.10219473979147,0.173778017071663,0.130307279405786,0.0755890463600487,0.378977568924338,0.123417132988853,-0.58238660406962,0.0610805252663078,1,0.999999999408897,-0.0681121373480553,0.180650527264052,0.711248171809974,0.0903398504927624,0.776273620500092,0.079502442045859,0.704242164494494,0.0925344674189077,0.801452431586753,0.104006665855356,0.728604464805725,0.123604683730784
0.96504844874842,0.091794345356658,1.01000407824559,0.084231515387981,0.731734583867662,0.123901424512799,0.0634245892805696,0.0808674048520559,0.137107954351637,0.0769048999867415,-0.567536331508639,0.0590774518930834,1,0.636439357584227,0.190674647295423,0.172440203638164,0.776661558837027,0.0814713080837323,0.45572581549735,0.0861772977187949,0.537734800976531,0.108595206655789,0.621633297022481,0.115069100104313,0.645940228056808,0.121548322143786
1.10319353272213,0.10671605082179,1.08243709188655,0.0997396132458682,0.982154255235,0.168464513416454,0.0462205886752332,0.10622361597639,0.198017160380393,0.11119438512225,-0.690964272680694,0.0432955027929805,1,0.929384105460092,0.165862534006075,0.186293360845746,0.69786131072663,0.0915928839447551,0.73882527478359,0.083839370988599,0.776163195261268,0.0918093929358096,0.695339194222525,0.113670708332262,0.852256111915242,0.130513044553174
0.980023240421954,0.107232982436971,0.956629864729111,0.0835311685230887,1.02170926178738,0.163495011946219,0.0705416862548248,0.0575956358426246,0.268464324510022,0.114881083661034,-0.677755242292608,0.0442159021007546,1,0.999999995462721,0.0364201108570776,0.239992253874965,0.755214723573018,0.0809167501878215,0.56570935650569,0.0842014714010898,0.629302962641522,0.0946971515115097,0.818784264903302,0.100133328749533,0.666177063204822,0.133852971014084
0.882113400003091,0.103941128934754,1.02240792669725,0.0847894247995204,1.00012677598997,0.154892438548921,0.0499695461028052,0.0456899547136657,0.223552859589027,0.106349914342607,-0.626715718453753,0.0474954457666186,1,0.99999999988945,-0.566215131242841,0.229654585852405,0.839562000506714,0.0803859737972657,0.694442175542384,0.0767635621482679,0.72444606600741,0.0830305604887149,0.445047326617222,0.123258083654193,0.760484021119544,0.112141599756726
1.11756604351649,0.108930834416564,0.934947838882315,0.0832200116546012,0.982412427949534,0.163483988968619,0.142562745498718,0.0701267701368324,0.374239779957123,0.106917968719695,-0.54936951307683,0.0617923186130562,1,0.999999999863657,0.0763999356723227,0.232422291410888,0.561057812612141,0.085238409729144,0.718511923285333,0.0858964721743151,0.657720656511406,0.0929600527127045,0.755855177004756,0.0938494781108204,0.872962006883686,0.10825200263544
1.04442366946676,0.105653761018162,1.00727523137121,0.0802028013401425,1.04587093070871,0.167690282529646,0.0129189961639152,0.0256608768016826,0.116239409212537,0.105464205699977,-0.564006327991404,0.0568565429375032,1,0.999999915343251,-0.20962466652703,0.218242187340724,0.816492048641902,0.0807243953258007,0.546651784766905,0.0879520418470964,0.757009470259197,0.0803124833439024,0.535105549362203,0.105957832256711,0.887995700799092,0.103567864328047
0.961761677527113,0.0981210989709768,0.97570273612395,0.0805223295273965,0.833694154923894,0.127699398326183,0.0264614491211318,0.0268189893174441,0.148528634705894,0.0787934272092651,-0.479424004249132,0.0743724728887881,1,0.999999996928783,-0.00184357464496036,0.198143541012534,0.706024763447899,0.0790303018032336,0.650706069952521,0.0863545494288329,0.564355589345972,0.0884747646935228,0.576298984478865,0.110718985940197,0.911318657975364,0.108978675938646
0.903604444951278,0.121886089089794,0.951607457619852,0.0958777752159905,1.45496880594619,0.269089260802136,0.0318221521398027,0.102157581581233,0.203611244050549,0.144318934865729,-0.703372770078259,0.0511734580822118,1,0.946259259823607,0.0207340131592767,0.211014945795601,0.680379468371943,0.105529746761501,0.792809527666078,0.103666286461282,0.813614202880405,0.095956155704455,0.839606667472324,0.109974064988728,0.618027066486295,0.147232465119282
0.924052812923352,0.121959533174936,0.910047011826038,0.0921123097068918,1.54244130826592,0.251937410664985,0.054364605507289,0.091702830478829,-0.0548969450602513,0.145900086457083,-0.584472210780736,0.0611446537066421,1,-0.189577037781025,-0.153623552798006,0.229238171072251,0.689238253814382,0.0836700593929293,0.755181658869836,0.0848651214578211,0.810897450373587,0.0983858058165272,0.655570941309284,0.125426236660778,0.694204631974532,0.147390992230061
1.06379609635941,0.115690296114538,1.00673831202535,0.0894837731728854,1.22644468532349,0.207508096410371,0.0548504606202127,0.0803369038692687,0.0381707217463251,0.12696186429682,-0.561600320659795,0.0614359195128136,1,0.147168969715342,0.0701201452781723,0.210000241664213,0.697128407140291,0.0872810073488783,0.725860931486868,0.0823838022596163,0.755459397406896,0.0936779658314617,0.748237742010003,0.117716231744325,0.697518140780675,0.133238320633172
1.2348616012294,0.128295376179836,1.22581090952708,0.0915948515276431,1.69171901382951,0.255123045952151,0.0206234028238244,0.0542855710417131,0.186785794821712,0.163264420376713,-0.688356841144353,0.0397793545623649,1,0.999999003413974,0.464396757534074,0.237159559188302,0.795240236166765,0.0889261762224176,0.759434630574625,0.0935366486530432,0.836584508209419,0.0803512793824218,1.12428465972622,0.0910245854340749,0.906377608785924,0.132810701278316
1.25508068611979,0.121553421956063,1.09741211836019,0.1099609797629,1.30775368819575,0.216442983144638,0.279583740062454,0.161462806000695,0.407554857316058,0.125998925450322,-0.604822807286829,0.0618212889338231,1,0.674011244047884,0.30036152543152,0.195969248554474,0.793869272995896,0.0873690325235476,0.839998838407364,0.0873588934847341,0.752884470692965,0.100446434288145,0.819099310929992,0.104827989569874,0.743842263155273,0.129865110246198
1.26803673452725,0.110439908847758,1.02356907840562,0.0884445287406037,0.908990359065357,0.146270860303385,0.0378336557378861,0.0401998809336173,0.185446563832055,0.0997224412092252,-0.643028798772877,0.0443112099233635,1,0.999999995975339,0.27645753169014,0.214566037261935,0.673738054525327,0.0930131886610142,0.588455361258971,0.0876066544859329,0.831258125475549,0.0863580692691482,0.714435005392141,0.0937585449237661,0.673539092988602,0.114227421980452
0.968409783512374,0.110761504935759,1.00413967063014,0.0924834165726367,1.0631613957896,0.178434102758482,0.133947569529405,0.122319269590924,0.317418273819328,0.111208085303178,-0.538029984004803,0.0705024745336421,1,0.841133455979294,-0.245202658596341,0.208153289682597,0.766648596998009,0.0859247255060666,0.711297216204403,0.0899418805571456,0.689303407756662,0.0951780046872644,0.63226493474304,0.0988519855521714,0.526412111366291,0.132339477011732
1.02230504032746,0.135771247354674,1.11406814904701,0.110912336255459,1.55924683034615,0.280001798125689,0.269355272728315,0.176443301549973,0.30583071085598,0.179000122538204,-0.732969520507466,0.0389456857705956,1,0.47191188871443,0.0665983255943173,0.274973055901371,0.74760910200307,0.0907456022683792,0.863320778084147,0.0978515888289224,0.907387221583158,0.106956381389437,0.822239372022796,0.118074077022028,1.05540317765753,0.121047951637573
0.995064176827615,0.124351762061313,0.9736455370846,0.0892510745941594,1.40767523860361,0.231183428669926,0.0627925355564167,0.108987451366212,0.19532708687924,0.149707862927707,-0.696435175775204,0.0415194776355407,1,0.656987682471521,-0.268742887468522,0.275562919166639,0.867594573916245,0.0879005434960502,0.642215218448296,0.0942896480612829,0.73149745273089,0.0915909469048888,0.780641493624949,0.110136424972273,0.898334004296509,0.114428935651014
1.06058005914367,0.108047079539759,0.877632563085154,0.0810167893621642,0.917554246332449,0.145136189595436,0.0867822213746721,0.0570188522854673,0.282183266113122,0.0997252487804247,-0.594958439406072,0.0562597444614762,1,0.999999999659513,0.187923544431326,0.23405634910384,0.677953314512279,0.0777835981070589,0.701651114360745,0.0887850530673652,0.646358221453557,0.0967737028207278,0.733071044849838,0.0992565152586421,0.600567814697821,0.117603140669786
0.970044774682094,0.0925064131426891,0.849523791770369,0.0703191603964738,0.757168751798273,0.108090329086873,0.00603127949777638,0.0749649285422707,0.0402157570757007,0.0697039194015312,-0.516454699007856,0.060168339485091,1,0.595107166571931,-0.00220559290159585,0.186994593195131,0.505532073826051,0.0837486883856214,0.613514351437485,0.082876733558034,0.709792940340803,0.079618225627814,0.649378777981008,0.100451060291084,0.642520775328854,0.119065664346167
0.940834965564716,0.106092604184829,1.11267148476698,0.09743656013949,1.15411921898871,0.184974709914298,0.0113899960576325,0.0228380850498452,0.11465344618005,0.113605734599217,-0.611620145405815,0.0564823391457413,1,0.999999975909552,0.152001843039092,0.208235031121235,0.785061914471841,0.0826685900759358,0.760210594316728,0.0841971841046739,0.685798190815697,0.100287209648125,0.663196769337686,0.11668476433268,0.817857965405365,0.119890477476762
1.13425340941199,0.112081556178367,1.17929231329447,0.0925072746412353,0.780690774093072,0.127596879712416,0.0874276632099606,0.0820128222399694,0.0548311681146091,0.0681073187730097,-0.649361000936723,0.0460149289885779,1,0.209876367684628,0.0362163067410111,0.218541835370724,0.741096965593639,0.0793544918380309,0.657020612775599,0.0859197876248326,0.780662354509483,0.091469753144687,0.725254076145902,0.110505991224479,0.799456358604654,0.119990532151272
0.9462793574058,0.107718669156376,1.14928666994072,0.0983107770867842,0.962237713624582,0.150939170568732,0.0966754163043333,0.100847992194464,0.304418292488823,0.108425576770726,-0.655791446269523,0.0456702231861647,1,0.998094202409969,-0.317356338408499,0.209708692732061,0.830421062364638,0.0819660430841543,0.699311187356956,0.0857206022681275,0.703172111271696,0.0900097610875176,0.793765092934938,0.109754596216443,0.767348746728116,0.132328140990769
0.938333611204559,0.0971944346951115,0.928726159236563,0.081691835415885,0.853333335025637,0.130188726768201,0.0306114454027259,0.0341052005756265,0.161622296152342,0.0912469546747516,-0.632253347682743,0.0489764931710414,1,0.999999996518075,-0.364193176917538,0.208978432136968,0.692825817688282,0.0842304381277598,0.745274752200281,0.0791405785743435,0.774715093835727,0.0856559236566289,0.701505078567229,0.0977812133092907,0.615500814681128,0.133948236331219
0.873647028553738,0.0997438303376013,0.918678727068222,0.0928983498923517,0.94283280255895,0.147963043616099,0.111640016653321,0.0696011251947358,0.32443469230121,0.10994060036355,-0.562844291450482,0.0636777189392315,1,0.999999999000564,-0.17785344040279,0.188633582929406,0.644614795023827,0.0847578552985018,0.762469245409582,0.0821487196387636,0.77779811940454,0.0942069976155294,0.594254606565901,0.116349572260274,0.735862320841133,0.127825438447679
0.887258211864919,0.0997853121812049,1.03498952416593,0.0909987569378001,1.01250057022744,0.158259202236263,0.0174239983653423,0.0270263939303704,0.132822469009856,0.103331943885544,-0.598020444228523,0.0547133877318718,1,0.999999999810763,-0.335512912813224,0.181314252042153,0.748597132931134,0.0820749876355631,0.729116191906039,0.0793444256326234,0.799351318110466,0.0880295048462667,0.617655971437805,0.111643268729302,0.579124594794532,0.129054295032372
1.0153507470224,0.101229681126282,0.990554428766765,0.0880252371902009,0.973693408950627,0.157675986923803,0.0329405401074457,0.070722163842655,0.138799223206173,0.108151520661389,-0.662599638983951,0.0444776026644699,1,0.775015811002839,0.0164326721628649,0.208378703516322,0.584997195157312,0.0841222350285015,0.819957789842642,0.079210699011756,0.775982360514964,0.0858645413556268,0.640395399607532,0.114203290399972,0.881429163884931,0.13511969478797
1.0017045386005,0.105053623507375,0.964230076185525,0.0919572893390817,0.880573842779299,0.130958402399393,0.0713461611841269,0.064191116959838,0.250650280906594,0.118119692425147,-0.639059756425174,0.046104646798452,1,0.999999999976895,-0.01401654772088,0.224472429722132,0.589138820733232,0.0856178408238637,0.673927341681905,0.0879281776179663,0.533460026468878,0.0965416416249862,0.825468216594535,0.0825961157563738,0.839808502468091,0.10216486467789
0.987713771743846,0.119528626119725,1.16331037353256,0.0984193863562752,1.3555060652153,0.218635697357832,0.189649743454992,0.122464258523789,0.266936430849779,0.131311161873404,-0.672668487683952,0.0426265579121805,1,0.526478920061216,0.0803997056737641,0.221102937968882,0.846463421919218,0.0817420577121283,0.654828412190791,0.0893946319542757,0.818756634695551,0.0935341294533531,0.867556931181319,0.113579242528909,0.789153703243219,0.144284647757859
0.960715481164067,0.113307789519187,1.06609121608758,0.0948903729534954,1.35201013909863,0.240295901909291,0.0401244545326218,0.110866845019167,0.203180543814126,0.139279535951367,-0.605020100565011,0.0563376649014804,1,0.872343588336942,0.180852556227049,0.192456055595028,0.666865027926698,0.0903093721007418,0.734171944886665,0.0884499693657387,0.684152521445711,0.094649504131474,0.738379223914549,0.120123985630503,0.665251966747497,0.139035094636537
0.767166736410022,0.0999608508803533,1.05360157340837,0.0872481574518333,0.962864150509719,0.158076212292923,0.0132763604095004,0.0273494837565166,0.113063390585177,0.112115020651229,-0.617419105307722,0.0563527996929989,1,0.999999953183633,-0.590642537556793,0.200670188244524,0.808472370358933,0.0769510388260832,0.765505238642647,0.0873531557387785,0.535118847433308,0.112240415354457,0.638725856202045,0.114137596852986,0.793509377204741,0.124953193006898
1.05197720348313,0.116305488628579,1.05671696773415,0.102128692821303,1.13276209630847,0.181791485090558,0.161113265913973,0.143031341920543,0.395495166237631,0.129516442477905,-0.653580270624287,0.0463073810715003,1,0.92577654811842,-0.00920151279556493,0.230881357773922,0.768065756398399,0.08445827311783,0.6745235683981,0.0785077854769212,0.705683974491809,0.0942946163905405,0.738211828033019,0.111063522862189,0.853778842865321,0.117686538730678
0.905192570351762,0.0956166487926251,0.943701998650798,0.0879961145503294,0.835498498002446,0.139513112641483,0.0126713060081416,0.0470425577621322,0.102892349719046,0.0959870318594231,-0.579514241804762,0.0582673363295685,1,0.999998984267198,-0.294172277225984,0.213426437182335,0.685734928314919,0.0858828497012863,0.691588092707238,0.0802201913626834,0.73642954588405,0.0946734271231228,0.656851219905533,0.115542852274599,0.804665428137973,0.128119177193184
0.995240304071547,0.104293704844627,1.02693966611869,0.0945064526683469,0.852184957353311,0.130417757322546,0.207700384828286,0.126695039531381,0.316779090001011,0.110085445827828,-0.56810573179071,0.060550287032423,1,0.752958298985137,-0.0849272475620643,0.206395091327012,0.586974405107872,0.0856489243885427,0.805823770994356,0.077769164264531,0.598874703838714,0.103482563805706,0.677094133375659,0.109259361981355,0.653083333299274,0.126695845034052
0.958543015272864,0.0997256633346675,1.05906581563397,0.0970069372662336,0.790518298547504,0.134274470130925,0.0650939006168709,0.0556143791023753,0.226843380010198,0.0992722132917121,-0.552932544907304,0.0643041536807482,1,0.999999995073468,0.0426093197240612,0.19902403246069,0.610352972992785,0.0857280084927548,0.616666037086276,0.0854941091695309,0.789549766030475,0.0963844334703709,0.750943261571101,0.103503014289223,0.123678569458375,0.171461771571443
1.02852138047087,0.113617091831233,1.04126232502285,0.0956492039554648,1.19797474765078,0.200441187847304,0.0556966112905953,0.0489378339082274,0.258308214601203,0.11726817595643,-0.627757259587724,0.0539469910631794,1,0.999999999060347,0.0610746779541445,0.204890701953578,0.682675338707287,0.0856276138803736,0.707249145212272,0.0904888339958226,0.778662386320348,0.10417329598605,0.78224366536807,0.110549880809385,0.741366397088921,0.116501063199379
0.916689476908154,0.104140489929867,0.906177246409643,0.0813957149695224,0.912976665788446,0.143646187024129,0.0406960066687146,0.033136998430648,0.192755037120451,0.0810817111987714,-0.6053906368924,0.0578342088499318,1,0.999999998062133,0.0204289147032763,0.216918662534572,0.506625598110053,0.09484673580779,0.613677884049963,0.0877165198730443,0.702091934980955,0.0882140888440361,0.637644957890373,0.102091618932322,0.786706389623343,0.125417547865251
0.897383702217814,0.10164750457878,0.902543946877948,0.0897557176621751,0.88310067532862,0.148244010596597,0.147195913539772,0.0757039382303886,0.360539610119706,0.103148678634302,-0.490049150666319,0.0795542491090055,1,0.999999999279489,0.0813617033049128,0.213057612062277,0.60777669002192,0.0870039616193485,0.663524662255541,0.0892008111327921,0.396073654701372,0.107696291306375,0.655561446632408,0.111177078282002,0.704559231685573,0.126353675670726
0.891728926470582,0.105652075690628,1.04189640676755,0.0890401341815375,1.03652283777829,0.175376169600652,0.0764306816070807,0.059517666643283,0.28146428914945,0.115218766416913,-0.568023786601327,0.0593412519617094,1,0.999999994153815,-0.534592361297433,0.193273920038058,0.698313760164215,0.0857601874932145,0.716051012586194,0.0889613990946646,0.755439393267482,0.0964860436051904,0.56539959089362,0.103974330440812,0.603104925044027,0.15456578143963
1.24170463322172,0.104492441184165,0.997480689580171,0.0922915454051042,0.898837207087963,0.140626045377563,0.12234443826313,0.06916175887204,0.331613831166113,0.10392718591477,-0.644394691267346,0.0463319804535667,1,0.999999999224726,0.398660642691258,0.188007560992431,0.631810755253495,0.0814130115310454,0.720371998438317,0.0846763302752707,0.823137644110236,0.078312150444172,0.782288309380052,0.104926324069984,0.796222034901603,0.116177663023956
1.11706570870681,0.110398981592122,1.09837612666181,0.106083957446847,1.00321481832764,0.157407662980378,0.10001211554615,0.11467274356844,0.270862367102905,0.113014659163825,-0.694594904201406,0.0370092195092487,1,0.855116710314313,-0.288315147065815,0.186689255944915,0.812012484773673,0.0827189264689708,0.824646087011315,0.0799290139090984,0.710556493912094,0.0909517259203825,0.58086120133968,0.107009818506388,0.993081314284565,0.102104325074356
0.957418791420394,0.109430850364773,1.13475492838037,0.0867857698913894,0.952550522781047,0.14387227252388,0.040179525487197,0.0355575725118066,0.195634935527339,0.0894144747143381,-0.595235133485651,0.0612958534234286,1,0.999999999880623,0.0715274292976382,0.226305789455759,0.609910956030234,0.0940857159025575,0.737774922111687,0.0791446534150179,0.673400204748168,0.0937842096594586,0.763558617759629,0.107257217620597,0.831269907395905,0.120031006584786
1.2294953136011,0.129963936060694,1.13743303316219,0.101996339680959,1.29258443667724,0.224389963922457,0.140081222220313,0.131320489930459,0.315243902554962,0.123633938480538,-0.614091758894345,0.0566642749114959,1,0.740844861187294,0.115700604116566,0.23125535035724,0.868069439498587,0.0859409300912807,0.797861122506211,0.0957744588335473,0.776720121218155,0.111818015948876,0.93537473343165,0.103155146607657,0.936671723895592,0.131944702737069
0.874557387163323,0.113520988723585,0.99038825839155,0.0898765149651181,1.0876563890329,0.169735454565816,0.208211597023971,0.129003714407269,0.272702789120506,0.120423968817874,-0.594844614377638,0.0593957804692912,1,0.573048347512057,-0.160813334253148,0.234864416166001,0.782209004732615,0.0836069994756934,0.772622406606444,0.0837548334136635,0.643376580605901,0.102966016323715,0.581762960056134,0.121771555306998,0.82158940388228,0.12200477498651
1.02237732094237,0.0983687834843069,1.03350965462257,0.0915340767822001,0.855389402025718,0.13225772653222,0.027419817327062,0.0324415836357601,0.153149015808881,0.0916532927757007,-0.656594825451987,0.0474012927903125,1,0.999999997786768,0.109889571753038,0.202929798726241,0.705638587635107,0.0849430645534414,0.85075732603325,0.0772812745490889,0.779125387909378,0.0865305679444019,0.591339866789036,0.116252018033503,0.598774102185441,0.13715369587186
0.9191240538815,0.101959994817092,1.06075965522167,0.0900773633956449,0.807068298533357,0.131903777124019,0.105621047640068,0.104849869383961,0.244323047340671,0.0908558984924954,-0.513524015206916,0.0712670119346609,1,0.836823864248662,-0.185264386287867,0.200545357486235,0.765476479543391,0.083884073452721,0.487885134237261,0.0908260578340083,0.699848726114938,0.0891904498679632,0.745159066486025,0.100112709594583,0.578084026451675,0.130120323384338
1.1177359767284,0.109011312745041,0.958332976758995,0.0909544319480413,1.06783206308829,0.173696891718844,0.055668074537913,0.0509210317624323,0.243811719895303,0.113969666343801,-0.533010379741891,0.0693136485532376,1,0.99999999895981,-0.0555172999874747,0.21386889225648,0.622273559444027,0.0941357118663283,0.710032420374679,0.0872441178909923,0.724420281352252,0.0866984467309223,0.613842055335686,0.0991589389960689,0.718082705265811,0.110735353024027
1.34509715749269,0.130600805412221,1.2498383968456,0.10785969707263,1.66740406813656,0.269062398702067,0.127966822110533,0.0947561996217667,0.388725263998697,0.169669193458513,-0.69482040372144,0.0449395241927302,1,0.841537834954951,0.346324221732263,0.245381729370327,0.795071041076147,0.0928742415996838,0.858302987653973,0.0850953115066725,0.79493104492904,0.0825259445102776,0.851865541698252,0.108712619079216,1.02570622002202,0.135409914329122
1.02146909410438,0.111350834956572,0.985600562795116,0.0952743535541717,1.03228423272027,0.169785352753319,0.0580651387524234,0.052279963390151,0.244825910913074,0.111229944001762,-0.630448431120011,0.0545461660291068,1,0.999999995408516,0.0635882613204801,0.220450647727292,0.63233271706645,0.0880589622869296,0.776960354113357,0.0886027073276303,0.62796867377748,0.100521522220415,0.72348410850548,0.105203419884067,0.861296041816178,0.121465709385655
0.937675302624462,0.107661034674476,0.772501627962863,0.0789156771601453,1.04230903023767,0.170120284609136,0.0245947622528751,0.0320431986215846,0.160110408115147,0.10615453425603,-0.605184762418722,0.0492358704027509,1,0.999999999884505,-0.0986633249588647,0.199783082099944,0.785413997348064,0.078162551403305,0.733712354305474,0.0819307383133786,0.743821802376696,0.0935522644814031,0.812750904110827,0.101826351036346,0.568040599169238,0.156230318065579
1.0523555580441,0.103948033386,1.03534354023239,0.0934934264230054,1.00450167433167,0.16217546330859,0.131913541643767,0.105915693632424,0.192297588525384,0.116306504335989,-0.641540871331764,0.0494870556289676,1,0.528267405632791,0.104154690485424,0.216861965978943,0.697627241196006,0.0818262748267681,0.671786543272823,0.0895278564763737,0.723625216762528,0.0997436564375277,0.328333535864537,0.126300369372207,0.994813050327901,0.100364144373501
1.06890781967226,0.106990569487117,0.993002750971422,0.0850640346057599,1.07586219039102,0.157895730278796,0.0565169623088168,0.0807419699302195,0.068739713883349,0.113620477586877,-0.665977819814384,0.0418487317419381,1,0.278766120998387,-0.403595756539461,0.207214824502559,0.730192166339769,0.0802736789984025,0.889475724720645,0.0742485439686016,0.675031173742836,0.0860472599463941,0.830518268818393,0.100630753519244,0.880888458413508,0.12856685203858
0.913157685838098,0.111824570927938,0.893935075449588,0.0824980904998028,1.04697419111958,0.17645294578372,0.0366013566785972,0.0863112114339563,0.15721942235367,0.104805042628144,-0.52273246972812,0.0606318472321931,1,0.803136967682509,0.0307326470267054,0.218100979786306,0.615280248261096,0.0889114670689611,0.681617995067857,0.0902152474294839,0.695206619784941,0.0966437159370212,0.620509096026032,0.110899171656493,0.782633961815449,0.123743987665899
