"beta1","beta1_sd","beta2","beta2_sd","omega_b1","omega_b1_sd","omega_b2","omega_b2_sd","omega_cov","omega_cov_sd","rho","rho_sd","conv_code","omega_cor","tau1","tau1_sd","tau2","tau2_sd","tau3","tau3_sd","tau4","tau4_sd","tau5","tau5_sd","tau6","tau6_sd"
1.13842797557093,0.214334882445801,0.836962190137008,0.174102647785208,1.08772951215324,0.326266175866159,0.0286813536095021,0.0794018637999242,-0.17662829242254,0.244071036084761,-0.910120689379506,0.0253495120553437,1,-0.999999982603506,0.660312253918602,0.45404547841369,0.470652939593994,0.185027266630293,0.509354204342176,0.172250167469694,0.856915186337325,0.152913814783686,0.7139313729013,0.154253853948423,0.714975849283662,0.204807573494613
0.777097581730003,0.181758395281868,1.03169216739558,0.187608524304628,0.704862120910373,0.201614637280282,0.0199099753582558,0.115329861891243,-0.104641740003219,0.166468353454576,-0.853122485274952,0.040594500709029,1,-0.883318863787694,-0.493584961992327,0.391339231925148,0.472457331809174,0.168500505102548,0.606666226723583,0.164545380144384,0.818189097230826,0.149905662124396,0.743504502854359,0.155976727104471,0.35486492553315,0.251439542919318
1.3308642176687,0.239696670474215,1.09410399633802,0.204145999545408,1.14783197627999,0.355276491956435,0.245298013201425,0.284879785271441,0.291102435427762,0.248192440845524,-0.908710213375163,0.0258694776902373,1,0.54860487684692,0.630204599331921,0.497483807368231,0.759080475198496,0.178769420838178,0.760494834891375,0.166046347691048,0.80726422141697,0.148455976819993,0.844001091661417,0.16148310573357,0.718361531298269,0.261949476412513
1.17635007872388,0.176313578903467,1.10185812368698,0.132740298900805,0.573103026517665,0.15791369882408,0.295400015708538,0.252105680349343,0.0907782217298468,0.130709067623253,-0.851560650501926,0.0380435727147714,1,0.220627712921979,0.549028354035116,0.441030662918424,0.649721891975836,0.160996802287476,0.593395205922395,0.128539017346747,0.693086448054019,0.148877289821922,0.467020713401157,0.18776213817567,0.866313870055054,0.193747698915666
1.04487727423432,0.190235467693879,0.960411462957376,0.188966378461477,1.10780776708193,0.281235299236965,0.193377387672075,0.203748437914722,-0.252310857157681,0.167188695964192,-0.898150046106872,0.0224087144918556,1,-0.545131014810038,0.0970902684122056,0.370902360342187,0.666353848605783,0.151114446428819,0.796327579621239,0.127896863905678,0.802655836484101,0.132992706144636,0.905959091673577,0.138889872487632,1.01221328700299,0.201903525020277
0.964598398449812,0.182369759973056,1.09009950143523,0.14746190669056,1.2374662181378,0.337586238111965,0.161534652393612,0.254912403486986,-0.0699748684296012,0.229944718278905,-0.906892474547226,0.0232522895430869,1,-0.156510170260629,0.0017619442817039,0.412083363547585,0.552595862259409,0.153208823700803,0.716111187839253,0.119917879329112,0.994141278403248,0.155719864118752,0.831629628478121,0.182933762322918,0.343819574569143,0.300948469964194
1.02017606189501,0.181992035256629,0.848311252252807,0.159694077480024,1.07251504922741,0.285551091299012,0.0684063828741293,0.19116156052962,-0.164530956289066,0.196889275342056,-0.913252712007314,0.0217089675631941,1,-0.607431921601972,-0.285370534395043,0.398582267377752,0.892312043570859,0.156629596076118,0.69978618613726,0.158731882314424,0.63098951274063,0.14876929888175,0.690695334025883,0.167648841133238,0.720513893111747,0.18576440790258
0.877783884008965,0.203246795682483,0.780320289969232,0.2144867064489,1.0301724657417,0.338746592107371,0.609147557476198,0.500831830035261,-0.0110861583239916,0.240859293270844,-0.928579233302767,0.0207700051416895,1,-0.0139947406327128,-0.684063330531498,0.369680027355556,0.781921933333154,0.179985472773355,0.663515112030791,0.177185079983306,0.863901450687678,0.172607120836286,0.690916586897067,0.1958095925243,0.570992907372993,0.207987524046146
1.40677743051224,0.210920214912791,0.795998910769942,0.16795553122476,1.32468081341992,0.337725217307737,0.108920982547899,0.327457226800242,0.341889439059458,0.293147810782575,-0.934771766916871,0.0154175442203306,1,0.900065856870687,0.55038346363609,0.448940723279935,0.847290949026934,0.161955877338424,0.792721757663032,0.152319592514183,0.711160972142354,0.176760173055312,1.02267898113665,0.169129788820672,1.03335716529052,0.1576042975478
0.882624813318515,0.259619631375747,1.02154696152487,0.216551133809365,1.40605676013926,0.515738228770187,0.262852503920312,0.31914987503301,0.254952822704193,0.307436943781542,-0.949210186820643,0.017699063358121,1,0.41937480830987,-0.657448836746604,0.629977583101433,0.591322354583632,0.21981162687734,0.804675487268053,0.197072168913277,1.16532807005055,0.158557365254292,0.576012892922736,0.235830955861152,0.78181952917519,0.231553086018566
0.662678020941086,0.178860450725578,0.721366889839996,0.160287663642015,1.10177827458453,0.322374654351514,0.131455323469987,0.335298223060828,0.213551909679315,0.235936984515219,-0.909734204611599,0.0240569539800281,1,0.561134883794905,-0.529665153106339,0.438345471768406,0.527506441374306,0.174267874515019,0.746105588686572,0.129532955054514,0.550073493893219,0.17488888648173,0.701432710816619,0.198793912543823,0.756521542578478,0.217473066450163
1.06504680309733,0.196018906498417,0.859420533354384,0.186633238003187,1.2122136950108,0.360691062082017,0.0102923556176309,0.0537321698988159,0.111698305663938,0.256761482594346,-0.91008245883746,0.0240086023406786,1,0.999999080456613,-0.408984535038427,0.442302836086715,0.567318120714136,0.182376681850529,0.817951058032782,0.152537969256721,0.706098865520982,0.159713930432289,0.894370070174636,0.141201626345062,0.766528248124044,0.240792662828548
0.988050332784938,0.208901630522846,1.24785754893899,0.204441823746223,0.80388893634395,0.247926308044685,0.100339617347089,0.226705349914626,-0.0291418227381763,0.173782705924228,-0.900343588443411,0.0280842855844125,1,-0.102608293801273,-0.348966114417698,0.442293342036096,0.778814972242317,0.160907386350733,0.446358009594429,0.169684821206854,1.08097106509227,0.144730059398554,0.791453647583068,0.183414673307401,0.600933602350156,0.223016603316518
0.675423977610101,0.207465482626745,1.38173037069614,0.194200814199685,1.38042090815725,0.417956793480992,0.0486099319481737,0.0991733293916167,-0.259040853101225,0.279077855815159,-0.897442855741932,0.0290845585942973,1,-0.999999978913125,-0.137546116828517,0.445120571337444,0.753795338373199,0.16996201360349,0.652678549115445,0.157874710453762,0.847199582821998,0.155146529528285,0.74329543428716,0.188245472909294,0.759124247131578,0.225294684689694
0.694578069937593,0.158296504563673,0.687864647907161,0.152302006027084,0.617203232394843,0.171435019888349,0.0120672909682553,0.0467099940680342,-0.0863016279566858,0.168257931231074,-0.84076129334567,0.0339852381820867,1,-0.999999999739388,-0.183959356860999,0.416245186135511,0.487601791558757,0.149636176911261,0.386177629533335,0.150496741658143,0.448794245744382,0.159425421839204,0.222539007745163,0.20938881528362,0.372539791313483,0.207871610451872
0.85544678347659,0.17809283454122,1.27876188565213,0.177963293001129,0.862688027932398,0.224837476254374,0.014073159515229,0.157410406104835,0.0452521857804725,0.212340379900722,-0.892913255533552,0.0276002048703584,1,0.410692593449882,-0.641419106535551,0.526585011398094,0.822964729800351,0.144754146426284,0.644347934279153,0.172558543905145,0.694201861152071,0.141278132995745,0.527089269762729,0.189496269074979,0.659913597765177,0.176050981181467
1.25907705386632,0.210847465693841,0.865949418096608,0.184648454190029,1.52978837580708,0.427766338007439,0.136794361491699,0.163881353647331,0.457456470977749,0.290825247563717,-0.914082535407131,0.022738118296083,1,0.99999999702165,-0.0393866636747507,0.530122689349629,0.806658193979203,0.155507268111615,0.936428703857391,0.141714928915593,0.9177704985395,0.1459843394024,0.725296872761442,0.183496580904119,0.82157547625677,0.201896014167871
0.650049921517894,0.206659706228279,1.15104727472342,0.153558415665566,1.42739827227082,0.364097279794566,0.000489223629879117,0.0912054730072381,0.0262676081285964,0.250327269888547,-0.91414346755043,0.0180671891653406,1,0.994017962623738,-0.709824831699902,0.529215043174382,0.81162095612137,0.123238916353451,0.900816124016879,0.1219202215231,0.734438972419496,0.17567955454225,0.871865535210707,0.196961141718707,0.677132024839406,0.25382900574787
1.19810260658414,0.269418848026951,0.859326429088469,0.206031071477321,1.15531740559735,0.412721203537237,0.447562226109342,0.353685242259576,0.249950510637699,0.242962109572033,-0.935800899004455,0.0210837311377027,1,0.347597510630802,0.0590112609562149,0.502097870681347,0.81249164462799,0.178014412055035,0.893751157791169,0.197045594788373,0.872088591826634,0.164722394435398,0.573921228259926,0.252093095481477,0.939559452161521,0.227399420031508
0.9137784192367,0.166454434388318,0.874671972974546,0.165638423716463,1.00553894208986,0.288490192586749,0.0815155646463885,0.155425092020256,-0.0820574757240373,0.257510307858385,-0.863125984679473,0.0316729404948908,1,-0.286614683002463,0.191124359385542,0.327661378593428,0.742217835324244,0.144098762254975,0.704256834117417,0.116598359766002,0.480801188903956,0.174254860509752,0.730714191464243,0.166758071846132,0.711142194119457,0.187983337186991
1.13117248068247,0.236862778095613,1.27660688359384,0.225238319101086,1.18624020012247,0.41776572984249,0.293108828451865,0.280536370895321,-0.14684397034755,0.25566717547747,-0.916327078640882,0.0254912619890233,1,-0.249032110853257,-0.0157186489700579,0.417035914042599,0.605241606591058,0.187758444924989,0.917046968291096,0.164470286071528,0.819331010073251,0.163412370683482,0.663854167531819,0.206637072962555,0.579490437209638,0.210092543842386
1.07816437940925,0.192532997045402,1.07699628947498,0.170950551579152,1.10432857289016,0.329235073036115,0.0248272196274032,0.152981282854257,-0.136217347358845,0.22429719153173,-0.887436532473252,0.0317628127839405,1,-0.822657802577437,0.189753883839028,0.429172452488763,0.689084060141624,0.142297602298131,0.708643729191722,0.168282971461377,0.67142177594753,0.185692610903764,0.642241573217802,0.182909690538781,0.73765677433582,0.193277909788181
1.33713039602681,0.175864692829567,0.735981969572851,0.129078991879479,0.742815625523824,0.195449563160579,0.0209249984371127,0.0469797509165454,-0.124673236112061,0.145834602180929,-0.89004025508375,0.025578839440794,1,-0.999999999984073,0.357135070501892,0.350933725040522,0.556920991169165,0.187377725250046,0.709335651749939,0.131426303668764,0.695064417198027,0.130320498270673,0.884599228072617,0.157796276895087,0.672306088701471,0.222650625958623
0.81834047797213,0.192886657744438,1.10397008369845,0.180584607773907,1.05116459355228,0.298004248799005,0.085444013469898,0.15079534658912,0.299692712015348,0.276750845319789,-0.878604334023629,0.0303312132065825,1,0.999999999691333,-0.144757044371061,0.470157883670976,0.512374774632685,0.160202779111283,0.65216049779221,0.145608806665773,0.903454237941461,0.145862442443899,0.366841367332532,0.201230085837429,0.750121112933615,0.199872809576268
1.34938974766605,0.244776928121532,1.31338065641329,0.207304727281457,1.19842649160675,0.359012861713509,0.872291618090899,0.727107974987953,-0.025957132114491,0.302441710660489,-0.928151761126327,0.0185011342033623,1,-0.0253875129269723,0.805114512274096,0.481229622837141,0.90886809368253,0.128141448535179,0.91479515534991,0.144794719759097,0.446715999725674,0.217933123445444,0.998541780823111,0.190374814679392,1.09348475087092,0.195015043839043
0.823154793805631,0.175474377152692,0.956451008976521,0.17051941851163,0.82840364416636,0.251140871769398,0.0316314099831205,0.0910673316353866,-0.161875184313771,0.240959172610318,-0.899701916424719,0.0269898383042827,1,-0.999999999932834,-0.081007490965995,0.481525608621932,0.535503665425521,0.160292634665081,0.611301216984233,0.170246865958443,0.464197498978048,0.186633614968318,0.747370571709094,0.148816636930715,0.523454937161415,0.19880784023867
1.35774610798909,0.202047027977577,1.32756322355284,0.208398191777146,1.24583404953941,0.359061515929997,0.453484952293898,0.350069083466692,-0.246335741409318,0.28167215044495,-0.916378431097951,0.0214636986647747,1,-0.32772976810181,0.573270491574475,0.494061946044193,1.018655699382,0.13642572256882,0.897515383791944,0.106057293469106,0.706073203786303,0.186798771951282,1.03378188156704,0.176774076174074,0.352052809619119,0.281264304906658
1.08624537676639,0.246060715459608,1.56664781889245,0.251959360935051,1.46950568251943,0.471132678833652,0.399305883407589,0.307793195201874,-0.106617916086608,0.365800252407007,-0.892944896697779,0.0302206563225988,1,-0.139184764906704,-0.0242071348224376,0.590784877782618,0.735124284820893,0.187866801635106,0.904155917659562,0.145363438401929,0.650314991960561,0.180720255796088,0.800687411737643,0.203156808952112,0.623463898481661,0.273938781138191
0.902397037304696,0.176857390909799,0.921129352331987,0.153819735399931,1.13227065348557,0.309837744176229,0.0798803679443593,0.237437462725184,0.0693840754467233,0.228546569001961,-0.898261661774872,0.0255813427672817,1,0.230709061036441,-0.574735032792526,0.365441570914151,0.815966242182851,0.134650493872693,0.459139601418162,0.169941700336469,0.660386577940843,0.143735657642388,0.442330993321596,0.189265504021205,0.647301489251157,0.226443333553347
0.934274439825371,0.165005539498514,0.935251285753757,0.177567783194278,0.807191769837794,0.244884442633218,1.30181499498924e-07,0.156334985940775,-6.53561981351342e-07,0.213936966177351,-0.938064262264637,0.0161448265238764,1,-0.00201615437846083,0.687529537282228,0.333578119903195,0.721132525814973,0.155238687993522,0.767332422803847,0.135918211813056,0.793478445984508,0.164169257516486,0.647183970422086,0.225717026309375,0.863881825495269,0.237624520083746
1.09345124104274,0.201472089566087,1.29571400162195,0.169827859769683,0.972202492687796,0.253472277166129,0.155416256426373,0.306558534636332,0.10673056083805,0.204151053857868,-0.913907775616731,0.0162377934085931,1,0.274575766431646,0.0403849650265158,0.420666144133333,0.994799674765775,0.134971122476864,0.633963178219287,0.147822181755903,1.10272125391455,0.134747570956722,0.632442526545638,0.215009722054401,0.632677786231853,0.218515006931415
0.84949480745081,0.201919135714639,0.916946290864823,0.203898873164685,0.731203521984403,0.211849488444659,0.326080403816318,0.311638447824749,-0.16143666694405,0.184129179567005,-0.921726171467952,0.0213597906083118,1,-0.330613585149332,-0.114658084951379,0.447241572837141,0.456386250559796,0.174163223952366,0.860964227166313,0.133786220374025,0.509213439321792,0.170200290003947,0.559861064495149,0.190803777724347,0.473616310207025,0.208783058107495
1.05563868770445,0.205764766433213,1.13967952788727,0.158829280359881,0.83023754511025,0.246416337926689,0.0780891175654642,0.17862411318838,-0.0626040903499286,0.159294166255294,-0.882381653016371,0.0294945389978147,1,-0.245870411085582,0.209414833628834,0.434778172517193,0.640601343912018,0.167051310580532,0.706346701600805,0.159509067021861,0.727461750168976,0.154893278779274,0.581409389194413,0.199959110428219,0.630877029071343,0.215842341144221
1.14936929695164,0.193000765410683,0.908688817951978,0.175884041737553,1.0665863233254,0.274908380525824,0.00482950329374351,0.0257039949917375,0.0717710398269748,0.191245533386063,-0.852487283307516,0.0363130877984438,1,0.999999999639239,0.430596782573752,0.389833637407643,0.58934402245657,0.157066627562195,0.661831068749491,0.155626784993212,0.837574352666565,0.149058408737047,0.591611123920989,0.164669730621609,0.965940008249787,0.166839063850702
1.0121353624798,0.201772956915102,0.980203872889278,0.141532358411785,0.813473762201214,0.223393532381087,0.211417665234618,0.256135013643502,-0.188383139836755,0.167835759104976,-0.857981149274177,0.0374498787783028,1,-0.454254899312605,-0.187154068736456,0.423999727987413,0.667612535045923,0.155387167130471,0.623067122623092,0.161143154394602,0.773680875986173,0.159304093901449,0.837176608150609,0.165941897805912,0.354489113022241,0.257919034080403
0.887143126703114,0.201118672051861,1.19351900360538,0.231520990374345,1.40040161702738,0.39885228788361,0.0330506673473683,0.199449021055311,0.0573662005258603,0.274828758631814,-0.919089773612985,0.0243505781489118,1,0.266648821370884,-0.42302515346887,0.413180928475682,0.74304715464209,0.156867370478322,0.870552583482909,0.150763429255246,0.418424205665647,0.188609279989031,0.831648921512854,0.167622665824274,0.565027595936735,0.239296575464538
1.15901147600926,0.22162004425207,1.19533565411927,0.173346564035916,0.965697146281594,0.287237211616853,0.0667419461989821,0.110149090399703,0.253874982869567,0.218251773588982,-0.896955266198503,0.0296061260069985,1,0.999999999576327,0.151259697631491,0.477543650383723,0.843121007239071,0.172058488056519,0.562038292893115,0.151486187753808,0.888948677451697,0.160842337345945,0.429840936674607,0.211127295991189,0.786036191691142,0.217671062571019
0.592209617787536,0.150198701476454,0.882626813958992,0.150599890990632,0.662961752872741,0.140899423838499,0.00215060573867149,0.0144608996238102,0.0377593584573246,0.125523559467802,-0.893735956864646,0.0225522859040466,1,0.999999930164334,-0.829161138144046,0.401220399242994,0.558463649494863,0.144147439839424,0.709844241053219,0.122009959580087,0.453245572683017,0.135356018755238,0.53763597500842,0.151105741493051,0.608189277135657,0.195638206944837
0.932489698593029,0.201817122251667,0.907024698461912,0.210204065012308,0.868367005684853,0.305704771372881,0.0930207971693648,0.210887504238648,-0.00279926601495996,0.243610043369885,-0.86690907558653,0.0420600923145337,1,-0.00984923469293045,-0.237584168132341,0.391063160941444,0.657723428680817,0.171620569277564,0.559893479811079,0.191547019000721,0.439022890144846,0.195938447767652,0.561007629246347,0.219091776602724,0.576823856327317,0.220072223927958
1.29396240991489,0.21672535762186,0.933138558336301,0.148476984868895,0.749268801717713,0.195328873445355,0.000789681558348099,0.162991507626402,-0.0213453390675185,0.145835490064875,-0.916624432001264,0.0219087136236798,1,-0.877522448144166,0.814880900305031,0.458877150736683,0.81733775088729,0.13810375277366,0.585816832381272,0.166492049020888,0.626519063444413,0.183068953572643,0.751801961692886,0.191430596122886,0.755078000021713,0.199719940382166
1.0498422552128,0.186131015870005,1.03957446610239,0.176041496988002,0.981978809243256,0.298018886543595,0.131443397365952,0.158310139125251,-0.359269579556025,0.241361176128142,-0.872587895651594,0.0340725856625973,1,-0.999999999868514,0.437876349838122,0.433091305082817,0.367342491617737,0.202500659990457,0.757147616169165,0.148545593944929,0.708969739876013,0.153472124418884,0.353054289660935,0.187102881162111,0.287823223676518,0.223717484645622
0.930043795207425,0.209246841553133,0.904037311895015,0.212212942414991,0.958580159945939,0.309848707923803,0.611367529297069,0.434153251126402,-0.0473286731756172,0.200309180602417,-0.89640988545011,0.0316308572746235,1,-0.0618242600324112,-0.178352836813505,0.505340891716626,0.832212071788981,0.180481033880078,0.804441748206322,0.166786752299753,0.685269974430328,0.173204604022118,0.94773226813234,0.202295890759481,0.535329420204108,0.269619710737136
1.35636380596391,0.225944206979905,1.04241735924353,0.2305409120818,0.958149951823097,0.292435813914704,0.38755525044611,0.458258606654865,0.14031788649164,0.242066395031461,-0.923784261720155,0.0208701532840087,1,0.230265822003517,0.456270364561797,0.452187603332882,0.936641283527163,0.155602731462915,0.86171023944851,0.183499958578065,0.721935134810023,0.186162783787938,1.03632845867146,0.176326632249192,0.6984421519464,0.232155002646821
1.10541894003873,0.182281422934997,1.25981041657438,0.207684610806604,1.02041082338321,0.278222634740742,0.168201824502814,0.237358950027988,-0.0311890350713027,0.252186203356943,-0.921332056982115,0.0183198967417053,1,-0.0752833713225231,0.110350354198457,0.408325164461419,0.96148691028105,0.130401873672146,0.604088427636531,0.141108788756715,0.831983247143691,0.161276244868431,0.717370294571339,0.196915300613789,0.895097527298947,0.178422207869925
1.13039296347364,0.218669700514956,1.11272294411673,0.19321436659834,1.31595113522433,0.341611941211252,0.255381991605378,0.222388774670633,-0.579715638713124,0.292468888839408,-0.900211510424508,0.0247645037854903,1,-0.999999999999434,-0.14775883155687,0.554873987513501,0.797667329080667,0.170282403697805,0.734833251365461,0.148678613308176,0.667459128163138,0.153543241900216,0.648429756792761,0.168400148512787,0.932605383611889,0.16645613306883
0.73403822442378,0.156006262662759,0.757418568739344,0.143616097178986,0.773238968972377,0.210120609630364,0.153897908649526,0.261885900088641,-0.138929006926727,0.207008910694156,-0.877679224979335,0.0264051992309714,1,-0.402735307686241,-0.277620698129906,0.356778235174448,0.711748063361134,0.140060474555629,0.500749999258834,0.152483596989529,0.592589397794069,0.139954963445062,0.495821725694649,0.188368642546098,0.890877295840004,0.180865037441098
1.15980327681631,0.224641945579293,1.04364401224279,0.188083750255762,1.41512291292578,0.395496996850181,0.0852744190656417,0.247638254976082,0.250728430266954,0.200000807071976,-0.871885027544097,0.0324444172790509,1,0.721767155862071,0.442049230296545,0.390068095637451,0.726014095126074,0.15894058437313,0.784697290026238,0.171054867225133,0.550375484189604,0.181592919895992,0.785977507284122,0.168606565673712,0.854247371611771,0.181347744091259
0.90400198195315,0.198190877564844,0.918438061176533,0.164539536330544,1.03477200166971,0.303974184064974,0.180673430212328,0.221435042694049,-0.073485407574361,0.194481465480904,-0.826740828828358,0.045552281040344,1,-0.169954092787573,-0.288539735991217,0.517636908094649,0.80605422197822,0.144244681547703,0.51735505646708,0.161111484616036,0.532274690732735,0.190168762446992,0.598787083407501,0.166149750323293,0.912696633392409,0.176572151285689
0.924784017477412,0.219318983319587,1.23206473087498,0.199079060826957,1.51869752297933,0.440589280168507,0.0629442045256134,0.110727536366242,0.309181512206939,0.28132888216081,-0.929550132000728,0.019178526825203,1,0.99999999995615,-0.857891285371865,0.488690245218477,0.833074158398212,0.13353300867972,0.760990036537679,0.181576080807202,0.815340300701143,0.172035767239868,0.895945980879317,0.166113646709978,0.771320636201728,0.226492166149145
0.90325351572951,0.181968240492327,0.928585173326264,0.17061540245235,1.12485496130057,0.308027159170558,0.000368995225285879,0.00843246089167706,0.0203729969894213,0.21854986667046,-0.866837700016758,0.0323618751006214,1,0.999991442858985,-0.552061046230809,0.404362732639654,0.496437504245321,0.170051195586516,0.61019539883713,0.146450468147797,0.67289148124107,0.152238627030728,0.186074033048623,0.19066734407689,0.673708198478506,0.181688771100696
1.20626902036441,0.246689641139191,1.17769547044564,0.253131077762187,1.20566579455142,0.391475925211736,0.198224853686246,0.337661043032934,-0.119024104304645,0.301455518955115,-0.941394228324736,0.0189576363115871,1,-0.243468286373802,0.452093559359689,0.482744883936098,0.727664364400322,0.203534326427127,0.619612839386467,0.183895319340489,0.764606243953685,0.190398728331292,0.802384297568145,0.201029258662447,0.934912261535178,0.17726291556454
0.828697877155935,0.169268910080135,0.839256552548033,0.161162374769596,0.898168081224597,0.247380140606116,0.0201204320761528,0.0613109430039902,-0.134430390428318,0.210286517890953,-0.844859767384088,0.0380995969689577,1,-0.999999999985115,0.0919685576323479,0.348487392398566,0.508809995638876,0.133979413074201,0.901791540972617,0.133128554677381,0.454851371603206,0.166422827097426,0.451219616490903,0.197726079651717,0.680755776783223,0.207513169575756
0.981299278336357,0.172992103128383,0.665061949222823,0.159917271523771,0.671521370641988,0.167118151638247,0.0196036373927121,0.0550224068142228,-0.114735615435431,0.163173363704378,-0.858873523111324,0.0328684065405163,1,-0.99999999991737,0.766294374727103,0.433913016494969,0.598151388234397,0.137839130924232,0.521728201993923,0.151154146893998,0.347024855775033,0.172611661515661,0.574068824959051,0.169009889004716,0.621428331117752,0.16717305245044
0.87692164306741,0.167947359072097,0.8543540458279,0.148488255060525,0.675173695844574,0.203221135435116,0.00112121032011776,0.0147154877470899,0.0275136571230925,0.128096344692412,-0.869844905762135,0.0337303461531782,1,0.999993139206894,-0.000550437638368013,0.397801924006204,0.591793725778212,0.140341479119203,0.723456314929797,0.139892291420318,0.52460382238,0.167720115137482,0.243854410244233,0.242453870994042,0.456022546177219,0.261153121531008
0.923135523562027,0.197073901476806,1.08369557513623,0.202019916256111,1.18317815738938,0.31341565983677,0.13688927653576,0.221919964414783,0.402448011507257,0.339085404081687,-0.896644105384523,0.0236631170030436,1,0.999999999963573,-0.299340795828618,0.419548429196489,0.546536224755757,0.155134174209673,0.761459047156424,0.136807683372139,0.713362283929954,0.145977808894895,0.564607003260049,0.165848638468988,0.690136826263602,0.202561880647183
1.07268511255373,0.198594087985727,0.955864855052245,0.185181007103741,0.998159124153468,0.313687632865189,0.00137723480694502,0.147028437333997,0.00866703209865307,0.207287516038651,-0.899190664417116,0.0266647180159789,1,0.233758019691695,-0.304023580162341,0.475303995003137,0.703170172340207,0.175937697647297,0.822147465855897,0.163774975356722,0.507076872032865,0.19232724308129,0.609199954397915,0.180048973572544,0.634213058842501,0.192254658077312
0.785709644277809,0.225499151994315,1.29615615151336,0.222604937043313,1.2142250304963,0.380111923364742,0.362527163416417,0.453784700129918,0.220108508735822,0.329599343283317,-0.929710817933862,0.0218815078196041,1,0.33175460833327,-0.0459655255262154,0.631940613875108,0.693317679697392,0.155056618753763,0.905682172822342,0.182901184693036,0.724187570873172,0.186899826928436,0.591493645753045,0.235667578102309,0.788188784815497,0.236076449326868
0.88207148530219,0.18798820965132,0.853121642979219,0.160293658299097,0.886157854553299,0.26871089416974,0.0346493062438274,0.203031697213646,0.0593175647914862,0.166467950731239,-0.892603894254647,0.0289037604298328,1,0.338517009751989,0.330821920930559,0.411824296758437,0.439026561736474,0.181467386433429,0.738717789431693,0.146892941177238,0.500673373426134,0.19504803279301,0.420148037642918,0.191589352450116,0.713030594903177,0.246517494203703
0.662840512341254,0.156130577452079,0.946059622912134,0.154602519340507,0.727458765443533,0.205523432516041,0.000551193907913568,0.00997184589654179,-0.020024231319573,0.177850708818378,-0.89056003045189,0.0284038297937532,1,-0.999998753236449,0.177531816967493,0.447799767247035,0.58870726086023,0.160911122114128,0.5010889796075,0.154605099669853,0.48692323889612,0.183783311678254,0.628842695089935,0.164499546598715,0.660290026062767,0.191293691810014
1.05683931303853,0.170369021276889,0.865930953855789,0.12765763275571,0.905052346670696,0.248578046863636,0.0350524121194712,0.194884178166316,-0.0913672396275366,0.191156972854475,-0.920505044508657,0.0195990641115978,1,-0.512973228440546,-0.121230006530029,0.424165399184794,0.539361701851452,0.162085880156682,0.757704999123478,0.138383512710271,0.685903663585122,0.157542957344947,0.735520498630264,0.154591402810785,0.76444874790734,0.159520403898991
0.616713964992473,0.1891311715052,1.14513353130948,0.196460645132271,1.44882429278424,0.413145910710244,0.341009948308371,0.31020374689521,-0.0198953144948127,0.325728092871003,-0.921551257109177,0.0220175486901816,1,-0.0283047565953843,-1.34719317301304,0.525104552129935,0.919280946329214,0.164742095896192,0.984535790934309,0.133673006518074,0.871852682259312,0.168087475923487,0.561380746258388,0.207979063298338,0.807384589568411,0.276660217376999
0.950235192618891,0.186247875111878,0.916635367670702,0.170391728753018,0.874157804804775,0.250874786200123,0.169695217136051,0.165341396512906,-0.385149838887916,0.211190750926226,-0.830165483974065,0.0468677118874708,1,-0.99999999965575,-0.143504495728675,0.371131559083911,0.470009456695405,0.176087311438092,0.631815201729276,0.15414916244859,0.589169547662798,0.167815626995595,0.627669304269128,0.144285207200251,0.383934858823808,0.199821985851991
1.03655592440226,0.192139708469692,0.942821065190207,0.1505332408626,0.947108785286144,0.246957642041727,0.275314207600099,0.326234403618562,-0.158565405663052,0.216789938455834,-0.918591617519859,0.018704072513655,1,-0.310523304050644,0.625583317438631,0.443605501011066,0.402208423836655,0.178222770080274,0.781765337586844,0.134580539399597,0.554696842234844,0.150973575097412,0.755484036073268,0.1475240855253,0.917416778413502,0.156915636991899
0.761657070764513,0.149797529309108,1.01731327190922,0.157221438223082,0.565080481226692,0.158036729557198,0.0291571435708899,0.108554131666905,-0.0237422069688438,0.134682970747214,-0.876733542232832,0.0294525645959383,1,-0.184966656286388,-0.438621790770824,0.38070409254233,0.856697777536381,0.154680779008857,0.548669297579935,0.152026914406286,0.413939413854665,0.169847328168511,0.597145650642481,0.172853998924697,0.730352566585959,0.200059326140601
0.937545141136041,0.169178607133364,0.953345955104117,0.139991228930087,0.701125879945392,0.189241252398665,0.0349585888840481,0.0575050487167764,0.156557885119079,0.135412543194656,-0.858844884968429,0.033151887549868,1,0.999999999999616,-0.717706415082613,0.325542369881237,0.512888323081236,0.159983116967182,0.706850205856919,0.13249406068182,0.700515244851559,0.131868596603108,0.718595278543248,0.17497996462678,0.551895002306691,0.233829041125452
0.894501938256614,0.144869507068494,0.967327351295043,0.141968626388058,0.452203332100047,0.120910922813761,0.0129943785407071,0.0357828429037473,-0.0766557321515095,0.107825157175368,-0.861841606287751,0.0343009730104909,1,-0.999999999745313,-0.0484093787257005,0.34560132341724,0.572197327076049,0.136363626144905,0.485255486760707,0.138149092064973,0.685824440143621,0.14303607544877,0.319708281111488,0.19074496599995,0.845831148449293,0.16761666625568
0.949473115652468,0.170586372396244,0.884257275244607,0.172510126681672,0.752266413397667,0.206824702928124,0.0561578628496782,0.0969070058469182,0.205537524724739,0.180299103068632,-0.903377383597707,0.0256284197679534,1,0.999999999999609,-0.571250316439697,0.438451868798078,0.598551932100059,0.167918106485346,0.802178410421977,0.154760433160932,0.722885556281475,0.137004670049664,0.550399724974431,0.194549644550113,0.70721354386944,0.212786190115373
1.12513401579348,0.20933368461879,1.35293509914759,0.238512333548087,1.06718425162705,0.300227306827729,0.260321662959031,0.341667258473725,0.153880679042434,0.295599276753247,-0.924788090743676,0.0206640891398904,1,0.291950507985914,-0.245399533614461,0.526559593488865,0.676685117429432,0.176633869519299,0.831369565221336,0.149032900023382,0.801203566894171,0.173442257051614,0.678356937800277,0.146791125368528,0.790697401077263,0.20825880025954
1.03334730200963,0.227463895013586,1.10978661715201,0.214322203256533,1.18106941927807,0.344050568221095,0.0930561290031344,0.222458968634598,-0.136149798666025,0.264872503394434,-0.929768133314201,0.0215953306094268,1,-0.410683069945018,0.115884567832979,0.4781408569211,0.824466451258442,0.170713011159551,0.865954644858513,0.148448413891999,0.563555727938441,0.184159206914238,0.690210013676422,0.188543033288779,0.460389212632647,0.248745790774541
0.812730152056698,0.165168813895043,0.949109432032481,0.173661652798606,1.0002034169325,0.277666802313306,0.0324627108361997,0.0630737165270711,-0.180192431897056,0.172434417247078,-0.817542922052611,0.0449905525906867,1,-0.999999972461948,-0.295733081592444,0.30122413456909,0.6414145132829,0.134860446585909,0.641100866225415,0.146136695126223,0.666170799161368,0.170456196838762,0.381459934944266,0.213614608707667,0.57261401481171,0.20051891556348
0.638604206374758,0.162693455093484,0.896426608411857,0.18438137532067,0.888771532660977,0.225995149499178,0.102502409153445,0.137652804345794,0.301829791881814,0.207052335792687,-0.861337169724407,0.0358136487535308,1,0.99999999990488,-0.415223205327741,0.398882782549225,0.488154762794643,0.176891583727068,0.531837346471437,0.172706515254158,0.403185759492996,0.164294158560901,0.718595283448814,0.154342385296427,0.943431648550705,0.113994601860309
1.15205681947782,0.181607797263025,1.11063385809426,0.177877806322448,0.796897767191082,0.204288445701109,0.0525806209945422,0.0902536362158293,-0.204698264442475,0.182173110946617,-0.877044596636198,0.0269967275207964,1,-0.999999999972437,-0.246123389660698,0.470849634223183,0.527940400025402,0.155075929432947,0.6346009378742,0.129531742309196,0.707647265385386,0.140580155092565,0.532727043689121,0.174432535862273,0.852794206637463,0.176062427064115
1.00042568822695,0.160880617560284,1.34404586318454,0.165326326683051,0.782799761116615,0.212397777415029,0.0133773379058195,0.0428588049996883,-0.102331700436246,0.164311468774026,-0.855026554899587,0.0370402425140108,1,-0.999999999862575,0.181507748808764,0.347549890639738,0.717451723827388,0.138997190107389,0.712793276279186,0.134963504797539,0.614588197599161,0.163028029123233,0.412223019015101,0.177757038327518,0.886520773139703,0.189542791528148
0.808300814246784,0.144892664246896,0.964461001063539,0.148812623779606,0.54409382035627,0.139855997064051,0.0444939212389061,0.0768802427121388,-0.155591989059433,0.135783528720329,-0.86412640621343,0.0323578643342447,1,-0.99999998905284,-0.110438078715977,0.382616843169858,0.646802418628793,0.128841905767537,0.522187921212229,0.120603910373495,0.323988048002472,0.169303504856969,0.40458694985678,0.181614566204952,0.299005054678652,0.228483988767663
1.05031454452568,0.211625819170984,0.968098327440498,0.174563233921677,1.06634001060751,0.345583082549815,0.0278936634585874,0.216842665084103,-0.0480187729394925,0.218287075001799,-0.89732503978143,0.02698245286515,1,-0.278426409682742,-0.614784359046948,0.486675535660734,0.81183062559861,0.160346273924387,0.7907412260689,0.159333542181727,0.759299147108042,0.16766111479052,0.582804881677056,0.196243239706134,0.845574093224141,0.206755146552598
0.854533488483821,0.182121854149381,0.933310180150357,0.18411243248459,0.920174225044398,0.258201394166381,0.340814453141232,0.278689524313257,0.183633175491111,0.238008187215885,-0.910440765198361,0.0230534566782633,1,0.327911849226746,-0.232005287844751,0.418373157668724,0.623861799559113,0.146166302914145,0.927970146532617,0.143938039731366,0.55532232933247,0.187781721180281,0.512213827949758,0.172816720268438,0.953329430344937,0.189743973217156
0.908902066292611,0.180894731891559,0.979187652786291,0.196919513925058,0.552258599710018,0.171061548643112,0.528236075119826,0.340221016832404,-0.0458162094862445,0.151302393632389,-0.911680027113713,0.0238984207417018,1,-0.0848269561464379,-0.0512191499655276,0.42954560499332,0.581114499605125,0.192372273274925,0.497742247108508,0.177245879259061,0.731127835228217,0.143679050248922,0.822454668921589,0.181204881933424,0.0838968020548149,0.300289361098282
1.13058799857243,0.206415191689699,0.96535883293257,0.14957281773598,1.56768866590302,0.42123575333225,0.0426557765478977,0.0899687748598516,0.258594232867976,0.271731506486155,-0.911207205716995,0.021754803879406,1,0.999999998827189,-0.0191915222205354,0.419634118100892,0.799361263445257,0.141445170990243,0.554663390814516,0.167485292256313,0.955566201387287,0.154291713871963,0.999177473028801,0.143480204425635,0.371439510815728,0.199905478101674
0.667965718756135,0.172238910884022,0.884576795811344,0.166206418870871,0.733845479319884,0.188063898225975,0.143759194022077,0.126606410894836,-0.112151626922628,0.152598709864111,-0.883544557720786,0.0297578565357469,1,-0.34529115359047,-0.971447012546454,0.409912856963166,0.771934043560556,0.143205129117283,0.743082126703199,0.123771350248989,0.548035928530931,0.166071039105989,0.450552144068252,0.174865660510108,0.894196498212977,0.17122308492232
0.988098623972491,0.17698158511432,0.883322221576763,0.173513322738757,0.831994002943657,0.230152747763459,0.0741332917005382,0.0968932373334049,-0.248351470539473,0.166344941504019,-0.830455341903824,0.0408098167753568,1,-0.999999990319131,-0.383571478329998,0.327365804497667,0.804489769140259,0.140524364917804,0.765881417220106,0.124268546862831,0.0963080901146646,0.212021736586466,0.5039894713855,0.191549286848286,0.340594634339939,0.213184228830951
1.13516187022944,0.220821169162013,0.830045184578459,0.171663235973586,1.25787159581884,0.357651872607485,0.0597793310721158,0.114846312386898,0.274216559924853,0.2733553495397,-0.906023689541459,0.0244079652276454,1,0.999999994443462,-0.102184008693963,0.433882244212197,0.750846761978479,0.170995047672277,0.553302318502449,0.161725019551809,0.832360856727561,0.157086744645833,0.778726583640311,0.177195129400184,0.715627443804161,0.184319567505961
1.02993704130691,0.228894897805674,1.06715847745121,0.232258067861273,1.36089832116011,0.425977187236555,0.119217995678971,0.321398815283985,-0.0143094606970332,0.34942522395424,-0.938347367720796,0.018849804371046,1,-0.0355254443636345,-0.294863621827323,0.530391824511544,0.77699028098997,0.203481334011942,1.04892233524671,0.164328106980245,0.803491095448142,0.170596015996065,0.672063195633366,0.204857608256269,0.966185297093938,0.181677885482172
1.10217225860506,0.196929694111301,0.805018136357026,0.171993165365081,1.15800140394932,0.308405392713331,0.0807096871892581,0.211197452279011,-0.175496156319591,0.254566168279195,-0.923048414311554,0.0177355920204444,1,-0.574050677802968,-0.250133805050768,0.476517987850651,0.986363247446809,0.105506297059228,0.852203252083794,0.153891949405749,0.498013555728534,0.175434792416062,0.838502993922331,0.164054691888516,0.7553319001578,0.210587505239664
0.874694703241234,0.159738748958012,0.938733712235478,0.148209048613382,0.719845377463507,0.215536513593731,0.0327906100006349,0.0557876958014968,0.153636483388873,0.131952264982805,-0.871047196673384,0.033203589255227,1,0.999999999892686,-0.0837262064988899,0.368355095847799,0.528124611309982,0.154016981392258,0.591838280139519,0.153063547783226,0.604348616535184,0.151182555754664,0.466077076512817,0.205028176292549,0.533371242464984,0.241287848632416
1.0244461913429,0.149806473221479,0.813947746665076,0.128442897560178,0.644077267469094,0.163271927160685,0.00652648155462187,0.0225908506675522,-0.064834852227146,0.112448973028291,-0.823255941188128,0.0368176203625797,1,-0.99999995925209,-0.470605117304916,0.29743542936999,0.736852377686734,0.129759938937796,0.469764897004656,0.127207277401654,0.53541667322381,0.146457268143775,0.563878547925718,0.173516100944275,0.581575802251216,0.198125511110896
1.26916606371034,0.241406151887814,0.989751097379605,0.166876320828012,1.02468693292065,0.317911188678104,0.0740916293784912,0.180944464907868,-0.0779835790939125,0.196455417379039,-0.909174644301409,0.023544773467043,1,-0.283023822126588,0.423375933705947,0.44245082823707,0.554133997031593,0.17502153768402,0.827216016418899,0.171079694234143,0.745007485451647,0.177483947168765,0.720364204737378,0.160224842164913,0.545008157272713,0.198184866945266
1.07668878818489,0.208136194065055,0.937553789087166,0.175153698522245,1.46139314236323,0.415664421523612,0.0184120765887756,0.0816620476899085,-0.164034394140541,0.368586722934037,-0.915413083576471,0.0234999443396635,1,-0.999999999954497,0.324763131588821,0.473619341501114,0.740501293714943,0.173832864580495,0.591785063373883,0.184079256940645,0.6745985636195,0.156693414288967,0.824540409522877,0.153739624256725,0.962139270705307,0.192661586712143
0.973094374898869,0.204740796553327,0.88449023814038,0.188822713838814,1.11269363889496,0.303541379158733,0.000132418501009151,0.0396552570024201,-0.0119931660040556,0.265889466171416,-0.897298227128109,0.0266330409533468,1,-0.988033588353292,0.274972599076503,0.517080768924569,0.808828094749453,0.153787114790498,0.779817182358924,0.139278741529032,0.595326647811054,0.166238938575336,0.712284395357669,0.161761977010353,0.585144605845483,0.211174169915372
0.882880719425403,0.14756317942383,0.688760590660693,0.15559175184666,0.576883616584106,0.153067374605234,0.137654296907084,0.115408402767982,-0.281798701941677,0.127874064144484,-0.8921962340102,0.024724641746689,1,-0.999999998601654,0.0439143593697298,0.247238389138451,0.73946343360198,0.127672307353096,0.478179698260428,0.154752758063844,0.432198365740502,0.159724931154448,0.701317395425799,0.146380796233739,0.522078455351147,0.199244149981989
0.913266055521285,0.199167938090495,1.40315135116917,0.240940047980531,1.12915050739233,0.330471912194019,0.784268335009871,0.517508728152139,-0.467766279729559,0.31627901799683,-0.918407949623107,0.0225998840047617,1,-0.497073549536126,0.0572417425826602,0.510730898963099,0.918697377612355,0.15634931763931,0.857849681832597,0.138680789529329,0.903447988933323,0.175296792502041,0.59946391480464,0.198628746874372,0.695636350550846,0.200528557979657
1.03690263241857,0.192253379644634,0.859692848443136,0.151436519116742,1.01772709190079,0.285007749502976,0.0392060681133904,0.0972235342950978,0.199752541119091,0.248474596537484,-0.908817621866936,0.0218435877462073,1,0.99999999997029,0.631102073187013,0.456710580492844,0.632851622923205,0.149762599927866,0.527368092703829,0.166284014018431,0.646523594242641,0.138164247456829,0.624968146549554,0.15677159441708,0.866823396040397,0.187721071203547
1.07771151569078,0.185096623459358,1.10811952076799,0.158178594041115,0.963299951553724,0.286346525545215,0.0160791827128752,0.0455465697105608,0.12445511610754,0.176539138341474,-0.886029966717155,0.0307985628554216,1,0.999999999903324,0.1474409448246,0.362323782745008,0.818120866592599,0.148517075187084,0.701549770437841,0.144806992817171,0.453972200998208,0.194209577384084,0.501530581640408,0.177130442927553,0.634290390274265,0.192618775635211
0.860426436448253,0.174234102706798,1.20022578025149,0.173222587361486,0.865955364519675,0.222214273785091,0.0529037699076109,0.213181306756459,0.0206589609983465,0.185172846326862,-0.876186746236826,0.0294948464443572,1,0.096520021914076,-0.162662839135695,0.412230055511764,0.585512023432709,0.155038968236215,0.495595634231467,0.151810639913265,0.635799118370016,0.151776197545404,0.990103736934956,0.145913607565443,0.741745203036097,0.187193318524341
1.19631726920879,0.22243562641032,1.26123194784844,0.188836600409835,1.64514320470276,0.468081443598988,0.139078234331724,0.197404963716189,-0.478334204994159,0.364109762358535,-0.924586138929096,0.0202235632758056,1,-0.999999998982754,0.0728963627868457,0.487692515371976,0.733002823660951,0.182467477062852,0.835501008432557,0.145220243699903,0.770760691809034,0.142888723368889,1.04809996943725,0.157583915196167,0.464749654587502,0.205668275288325
1.05641040849852,0.178199658155947,0.788961272198174,0.131591006831812,1.00019193037462,0.253408912909546,0.0260240799640784,0.061296274818472,-0.161335279823119,0.180473052226343,-0.889235403658194,0.0293043793844978,1,-0.9999999565891,0.260717454161939,0.419279012917153,0.661732912271335,0.148919642819036,0.45733777555128,0.170713279217922,0.978577443910168,0.130441752966903,0.471912445121104,0.196665320641528,0.422449815137505,0.243318145945541
1.12326003631089,0.194702497930379,1.02210068188448,0.169697434574218,1.07898082684036,0.307405144967147,0.0293773020628419,0.068869122999176,-0.178038045569173,0.213204938635373,-0.915992118394023,0.022657223685208,1,-0.999999999999791,-0.413517514047032,0.352643863367668,0.928102070547226,0.156914805493408,0.5911166206321,0.140993414590145,0.758828129458991,0.142232331647498,0.710661515184358,0.189613754656921,0.68426766460606,0.19850192524031
1.43334649995185,0.255692011935143,1.14186498084153,0.219480699942093,1.2129944330746,0.380386507215546,0.0690473509799442,0.316335360034916,-0.0222803584390083,0.261408048443886,-0.937835724160476,0.0185145165188698,1,-0.0769873301187701,0.182699894105487,0.536196862201137,0.76065317138259,0.20117285764407,0.856371324800078,0.158792961772531,0.869946377034287,0.16243357697062,0.489425434817888,0.218038965545385,0.607284809642658,0.218257266333897
1.06256280606301,0.240776715114319,1.09995862610486,0.205255169541603,1.40845819433812,0.427952215153027,0.0328688780685095,0.0967124630627239,-0.215161428025358,0.323669855807333,-0.891888031248476,0.0284102515958078,1,-0.999999994120445,0.0640485741793757,0.539449270290021,0.860495223886645,0.158597175007253,0.763337782587016,0.151976586129216,0.663544430411116,0.15357959719218,0.440674835842975,0.203902522273416,0.891046954790615,0.202930298330091
1.12172110737485,0.240167779474525,0.868656861465888,0.181815015579976,1.65637490547199,0.535364778370366,0.253912560776058,0.358314227059153,-0.381743877502516,0.361027531665892,-0.928874680912889,0.0189038281304147,1,-0.588641214626087,0.0958517034584955,0.460107793473968,1.04478828333768,0.17181494882906,0.789887246188037,0.173986138203123,0.855849261850105,0.174386442185888,0.944614357343209,0.194283132715047,0.952101177053495,0.19113567522014
1.35580750885513,0.251500897915137,0.991073044623292,0.205058689336727,1.3241545615486,0.428431098097215,0.233152901459056,0.280655039098211,0.0743943968663096,0.216557675239644,-0.909420357734256,0.0271685288464487,1,0.133890719237972,-0.279536081323178,0.444569716825854,1.06242413348032,0.158429044055413,0.729958193146328,0.169788633675198,0.553086642899218,0.185590456883619,0.755089382384227,0.198641535983571,0.710163155965677,0.244033343226559
1.25078070582684,0.241459067668711,1.67290544155527,0.235580951061899,1.53294653015134,0.443962868032785,0.291653437870054,0.371760280388923,-0.250986213774152,0.339821269343642,-0.928725974268126,0.0184890339473246,1,-0.375364168780341,0.707347242601338,0.508385262733201,0.589548619233952,0.181586268180559,0.765867641223715,0.16334217439823,0.878370851236411,0.153459711569423,0.798304011245151,0.147594211613565,1.28847273445852,0.189953765054474
1.37382642463958,0.241474316004183,1.41847578149423,0.256415562069644,1.62210586458013,0.438272586824973,0.275780619516745,0.467402595412636,-0.310731566138287,0.361984559986798,-0.95022100270852,0.0131019695873273,1,-0.464583632464564,0.951168075212937,0.507924970871309,0.818620288225334,0.146612882218435,0.884800581464961,0.154620100015884,0.992663446255393,0.145183131569216,0.882833505076479,0.179149946916585,0.994598631984136,0.202573996324215
0.842795997794069,0.215743945410138,0.812949186613166,0.179719575267375,1.26835495197914,0.391952432640413,0.00855874410219088,0.140647239941202,0.0989334544272078,0.279880126039157,-0.901963485006047,0.028356673053052,1,0.949549803499747,-0.135662313978426,0.37911040883294,0.890023530053433,0.174193501447107,0.594045446864378,0.191173323716554,0.680572480884629,0.17657012607189,0.874901066509858,0.175603826742596,0.803978576177294,0.215782531202028
0.994771799211556,0.190718956601986,0.997366520936554,0.172246610363356,1.14194242647233,0.310546319451735,0.0707339089811027,0.198188638049251,-0.207939967223107,0.188435931532022,-0.898381238579688,0.0287978379360689,1,-0.731647743110609,0.146238140732772,0.399364460878981,0.691474075889577,0.157285449220233,0.852452589260533,0.145058342370365,0.597516062525039,0.149232093958284,0.64652093409665,0.187181218035147,0.51712122750587,0.251463652722972
1.50899906165569,0.244930780867127,1.2274430763898,0.223816849588462,1.65696573961541,0.477461762134309,0.418746039788648,0.360389076660046,-0.0897362664543027,0.395092689859094,-0.94278379546988,0.0158376329269319,1,-0.107729805467914,-0.396285678690543,0.517498284412611,0.961178779898231,0.180896454078946,0.822309274818794,0.17376010543872,1.02208469195215,0.155866048692869,1.07765699306468,0.124506888303661,1.02652570176028,0.203994052045247
0.989052625418532,0.189134998317963,1.08469504765591,0.174083960825695,0.937862475475849,0.264667050083605,0.011533814216912,0.0624508979619861,-0.104005214358627,0.176680295874693,-0.854234367966138,0.0374960970067025,1,-0.999997830320434,0.279747988706096,0.429169344628556,0.479438652302357,0.174875659407166,0.624889449166753,0.158149136336662,0.600851812627863,0.140377765282585,0.458722177808713,0.1979769000709,0.558608036122051,0.20883743663331
0.850102440160143,0.201006144615586,0.829562752983159,0.215752669114297,1.18188530759122,0.372862692445894,0.155216871805699,0.245184971877425,-0.145544737022107,0.258771920743291,-0.898891979885853,0.0273797022013576,1,-0.339812519717366,-0.162256548033256,0.409259155719999,0.574814153724348,0.164236282388552,0.526148087369127,0.176650834558384,0.573963706689098,0.176671755765214,0.875913311818382,0.178133918042228,1.01452992061425,0.199886401917477
1.1084159667128,0.169621361061714,0.662368301255344,0.150712534275569,0.718608198395816,0.22629559116492,0.068981595890899,0.133912964232996,0.155047833212512,0.148667256219145,-0.84095520784537,0.0438424496714801,1,0.696390757886875,0.127958539312838,0.320803303609097,0.761671739578071,0.148198212616348,0.647847734942939,0.157239780275933,0.694081291555163,0.168478937687243,0.727471643628998,0.189659603062505,0.792853607878302,0.212453225235328
0.822516872925552,0.191931461861447,0.937022753922435,0.200788420633026,1.11367517609291,0.329948652809516,0.0173978316304451,0.0552152858248853,0.139196024114966,0.221014209367974,-0.925491890956254,0.0198181074481941,1,0.999999998057947,0.0255543016413569,0.408531600918494,0.545486691362702,0.155950592965481,0.634227755060939,0.152828872874128,0.887197405003815,0.150340546206168,0.618855090658452,0.203171147134011,1.17704225940375,0.238627087550218
0.702154954829528,0.176452370783732,0.964180968436138,0.188770846717649,0.808980865703026,0.246711558059408,0.00332129804832601,0.0216597799512252,0.0518349930300624,0.170424614613088,-0.858334226961134,0.0388915841974729,1,0.999999987352195,-0.512797161226637,0.402183990250646,0.564218313613936,0.162732311197799,0.552756265505155,0.165715696974349,0.677949492769175,0.166039870573316,0.385485156312196,0.208494598130868,0.70135777126299,0.202882908025217
1.04716742831324,0.201939812214239,0.952413253562311,0.179630469153684,0.798457885705994,0.25986579130597,0.313336157328617,0.303452858983298,-0.202920296050138,0.198576748322483,-0.856179613427353,0.0383523709571533,1,-0.405689925990043,0.379209576894049,0.391599023007394,0.436732623358082,0.199291552281859,0.661295232073835,0.163637317897346,0.764853463140756,0.162520789033518,0.823099370470451,0.15781511069005,0.722820744852586,0.244659768080205
0.872059140901688,0.186616529550887,1.041702942617,0.170594844105793,0.93023060376369,0.321929232878548,0.0830098178332329,0.224980664426077,-0.093652736770695,0.168913858302889,-0.898320524096012,0.0277763386105372,1,-0.337023691355711,0.292981470736281,0.397485600631157,0.737711385409378,0.151489351500226,0.616176601153915,0.171546526856211,0.775589732220156,0.189752828675782,0.595179264753664,0.229757435783783,0.417196497176471,0.260125076366705
0.968678539923895,0.159435252766165,0.767701433604068,0.130800614461559,0.651449858296378,0.17197522584649,0.0821883923770272,0.106284162738622,0.231390614514498,0.161793256190241,-0.910451471987648,0.0221595990060044,1,0.999999999232145,-0.379110221285301,0.371011504535537,0.617285634746428,0.151732705896725,0.654586721942911,0.138653851837395,0.530875834243566,0.142548719709165,0.855146219502124,0.161129760732546,0.508776506305131,0.195521960194837
0.988312741090221,0.161887864099731,1.05576263449252,0.143819339451644,0.763249452928793,0.18449231547346,0.112425364940378,0.203389327841342,-0.00829549859576038,0.152589799094001,-0.877834224751307,0.0269821725388884,1,-0.0283189463227694,-0.411320454769863,0.395173892867373,0.869140250110766,0.1135482304009,0.714669346582124,0.114534043194063,0.609905633408969,0.15070457403001,0.68621181808262,0.185054237879942,0.728640138057038,0.20107816164998
1.27019369524695,0.213144076134931,1.05073838767685,0.165938583156954,1.55362982724679,0.468675902528112,0.181997922446752,0.191898156742491,-0.531749370033115,0.293430984149242,-0.91855170740085,0.0225181908811578,1,-0.999999985359169,0.33311305304048,0.410440544540682,0.73707213823807,0.17211547424503,0.909061011960816,0.158610294510414,0.82942394989138,0.169523381132296,0.684972121579976,0.197443397787537,0.529865672922088,0.213863786417356
0.892631455900126,0.179596048446997,1.20728458680383,0.174318184532618,0.705523897309722,0.191172056660889,0.00133427001427076,0.0159800932783887,-0.0306815803446803,0.18390120293342,-0.90752986174428,0.023683461365452,1,-0.999999995705822,0.685794114874725,0.454377040108345,0.681479500506296,0.162042280289304,0.607216196951162,0.158181694526381,0.580094702457869,0.173989130099802,0.63835032949669,0.17138150109051,0.876420039490077,0.172100475664024
1.1845378436207,0.209996064033743,1.13229951360882,0.178520224483464,1.16618753707302,0.373442058789163,7.84309020809254e-05,0.181494453087814,-0.00415884198070829,0.228215190928541,-0.886153375757991,0.031482005338891,1,-0.434855148444435,-0.082164182395443,0.416372959692946,0.768617018216397,0.152163129053135,0.643480359674861,0.153628038037373,0.724303347438475,0.182120192146387,0.756433904793982,0.190721809091227,0.672639056124316,0.22304460491966
1.08091226216644,0.183877442511293,0.931872893921448,0.15615199088242,0.746644596938529,0.217417110659253,0.00241512257046305,0.018359816600602,-0.0424645456398457,0.159657302959014,-0.872390600418296,0.0349457041504491,1,-0.999999838684086,0.85792221452302,0.438551804137902,0.337882642166189,0.182465379196303,0.600327383976464,0.154751289803584,0.521474211780753,0.173019283696353,0.56196190207408,0.157635888875651,0.722684140649768,0.200924259869895
0.82697596756141,0.165794890062424,1.33531438773353,0.20434323781299,0.781066056337943,0.209923292136977,0.0806529245340302,0.108157377119295,0.250988568005722,0.176023021053206,-0.909406795553662,0.0262031718179907,1,0.99999999660011,-0.745042420138664,0.449186175362884,0.796346632152054,0.159820163440168,0.616650306845987,0.154760137472485,0.654846698218141,0.141257734471243,0.773513850930506,0.166163253765969,0.63615749188613,0.226789162137495
0.870426157903364,0.179718272803991,0.994152761713302,0.192007097007269,1.10399956284908,0.324256374935558,0.114266471507585,0.227008328225733,-0.24273404836832,0.225763548731741,-0.827699594010019,0.0438519447998399,1,-0.683418671861197,-0.0176420679650923,0.338959283527433,0.57002931049262,0.172555146481962,1.03128185386664,0.14437572503641,0.68703782845526,0.18065834429382,0.563052124216399,0.202315702539003,0.820494159644951,0.22843107818481
0.918258640945522,0.181542515612472,1.06710354651691,0.172460295011492,1.02339072783544,0.295545344816804,0.0313940055672286,0.086769202878249,0.179243783305885,0.249888498923876,-0.897273719486266,0.0282450022305489,1,0.999999994501597,-0.0534014046566781,0.435394434630817,0.680608829033216,0.127406242179174,0.745420222379209,0.129069917156608,0.528012724298406,0.166820335777999,0.779894110921914,0.218863448700869,0.521781455160631,0.284168326397848
1.1520458062713,0.221404670542563,0.980489103940288,0.1599197144485,1.09026329181512,0.313154602289536,3.76616002304709e-07,0.0886405398934804,-5.38196096718221e-06,0.197099977603145,-0.909147722222935,0.0254417576310953,1,-0.00839895905611385,-0.325913053170286,0.477504879055437,0.674244583058467,0.186649765310539,0.550740100692431,0.167400748005155,0.930993299884948,0.163990462427594,0.400543773908261,0.195317513662406,0.811218646767568,0.154178413128638
0.982785670062321,0.235160022934098,1.21977740140802,0.232362770403581,1.75018341772867,0.590839883154128,0.0941222913795681,0.283287157355138,-0.0795247760989377,0.391947802884431,-0.948572097313299,0.01531992601598,1,-0.19593608535534,-0.725448548819276,0.486205042489288,0.983978243252502,0.175634164149926,0.912684220123993,0.165122627559849,0.789264904550766,0.183729325375697,0.815061424372647,0.207442122036007,1.00944517984097,0.191912841710696
0.99897438952676,0.183758529290544,0.926350359943491,0.173086615338885,1.09172799673064,0.337198354129313,0.0243419436298663,0.0641921009714993,0.163017733248485,0.214551850801494,-0.90854966037373,0.0265453212641705,1,0.99999999996068,-0.346043722299859,0.425156538520819,0.754288872502172,0.148517554640239,0.831171909068968,0.164001957882002,0.684883957955524,0.176991365453031,0.548731640702614,0.195654131910006,0.74258604871684,0.205798457617495
1.19341502045038,0.22806321957743,1.24708800840586,0.19139016944387,1.57779876895886,0.457746214801228,0.0680722470377517,0.10943195441645,-0.327725964143252,0.277750617663288,-0.914380791427228,0.0247470807465786,1,-0.999999999986945,0.265008624705617,0.496944471513777,0.79054732495949,0.152684192187814,0.789231448860047,0.167210067928183,0.703491559477899,0.17559512426953,0.613976828755527,0.212498377701923,0.591993337291578,0.215299245218506
1.04634110565577,0.198461740095986,1.07735953769239,0.194364727437294,1.32770027631269,0.419715317241833,0.193633528330025,0.22184729729623,-0.507037758843394,0.333511825462897,-0.921336383811141,0.0225027859130953,1,-0.999999999661122,-0.432940125025779,0.411666743722008,0.829246883720574,0.171212267248492,1.00699668669983,0.136977917233286,0.535924957118324,0.167238893129366,0.629835197154049,0.222458054526492,0.448421787368505,0.248627734321804
0.909496669502217,0.187421862435862,0.914206274944156,0.188379633973761,1.04569988721612,0.286447296606348,0.163271280052487,0.334491991395048,0.283588332668495,0.223357817046454,-0.855722476140752,0.0363677742690363,1,0.686325175528173,0.607820295829245,0.400995589100585,0.445596614156501,0.174345842182853,0.659004003796044,0.159995721057018,0.683134294916592,0.177430231514757,0.559499665303493,0.203653341064096,0.64097181169293,0.20668351693268
1.00408435580773,0.169603113555542,0.915593112868844,0.159325724292077,0.643699491636283,0.178123649044563,0.127262483141937,0.236046699823348,0.106462530503321,0.151934632118655,-0.896569594262139,0.0242907328592855,1,0.371967507984323,0.635420530541815,0.412460701173477,0.386932795396293,0.189265106596395,0.610952505096884,0.155353226674983,0.742791604854267,0.136532428778567,0.730724867108484,0.132972888084557,0.804284888017719,0.163120120412096
1.04281738365293,0.189964961607481,1.14703382812525,0.176509490815842,0.919153388974139,0.257667741995161,0.0842010949936225,0.135915997985597,-0.278197271185178,0.234950243668405,-0.91356858345355,0.024492468349645,1,-0.999999999199922,-0.620038998094705,0.441566959611462,1.01143774154658,0.124724316954082,0.696036559530139,0.16065774994032,0.487828119230725,0.18187951982125,0.541267998909972,0.191169725581805,0.554995121745165,0.239166812943043
0.692917990649015,0.172463623682574,0.769958919870976,0.181487627381227,0.916182035051736,0.289989732376694,0.00292286577449302,0.0217144459326693,-0.0517482083704843,0.193033992564935,-0.899665348551042,0.0294527047534888,1,-0.999999991802646,0.0623454217829277,0.374570760194783,0.620088291830442,0.169928078058487,0.684528504475223,0.156161614923894,0.315834078999198,0.208301184254106,0.73050428278282,0.185728423771265,0.495231892574852,0.259015936062761
0.892920963586388,0.171760085378356,0.8819123220484,0.153048319965624,1.03841312008043,0.263901376444361,0.000184992273791995,0.0130687686900173,0.0138520158257603,0.17043858058955,-0.845592152040133,0.0355084769187749,1,0.999427051872297,-0.279609551318591,0.365346613956564,0.814034009389048,0.129848149878697,0.403294805756432,0.146703882846785,0.832621792017936,0.128821965558225,0.820157670537722,0.168750281716882,0.128794933145312,0.277690611775433
1.08294804589367,0.187839884203855,0.749393029946048,0.152602044765374,1.16799069766821,0.314129628548418,0.00624985144989491,0.123601805234073,0.0854349121341028,0.22929015760167,-0.891200816865027,0.0265439637213579,1,0.999955878179762,-0.199830290170262,0.369686507240052,0.814250884765384,0.137971929374333,0.531559674725958,0.154619538841482,0.623870767219004,0.175949220033242,0.627905598877489,0.171348665276236,0.798076115751462,0.194857880332829
1.19094592080586,0.196677516679962,1.02883076806248,0.19051182598754,0.989317659227528,0.25468493562799,0.338931331586496,0.298636548121287,-0.293133937750023,0.211096293532439,-0.899748721067402,0.0223583903171327,1,-0.506223570274812,0.117090284396755,0.474300021520409,1.02284561128612,0.126290786199245,0.745075879496901,0.14538803906315,0.743468062234887,0.153261469702727,0.576062736409207,0.209120420566162,0.677811320164173,0.224343672714263
0.876390596389676,0.159271283835018,1.20123371273182,0.143648360277035,0.860742178634062,0.222753218659885,0.00730766792615435,0.0405989545463627,0.0793096324998259,0.218753174304463,-0.902157736366892,0.0214699911633059,1,0.999999983765157,-0.464687583633837,0.391151140178977,0.559631632936045,0.172950146982703,0.752675267000566,0.142698839709456,0.891742585720443,0.14076142705163,0.684543166838711,0.142051159396323,0.77567534327064,0.17853728528276
0.865553976551722,0.195845707780994,0.99426602770948,0.164678953223063,0.998393100099599,0.267357288822847,0.262549494754352,0.254631477925066,0.10954540122801,0.218616589226405,-0.921390497373578,0.021057041850791,1,0.213962553106155,-0.142553558872245,0.457797826778731,0.590121287757701,0.163013964975775,0.685847735796279,0.149487928494947,0.809615300572441,0.155183241275461,0.794402760276086,0.176022766323222,0.717442906140201,0.201689427013265
1.13604517036189,0.157482986681347,0.907739546300212,0.14231746007359,0.717815232481815,0.174419272781106,0.00566224785128084,0.0298998125809834,-0.0637530208143285,0.16819115183253,-0.876777904393242,0.0270335878417033,1,-0.999999988339793,0.088694737102994,0.372147867364865,0.662820466159661,0.138970739586789,0.499081891819971,0.139053247189492,0.405599267853046,0.140500695956884,0.808915749968952,0.136231332212255,0.434807024625418,0.212774937980341
0.81176617260539,0.188411688968294,1.14298993791719,0.181446077704247,1.0324938112446,0.287620050315049,0.0319609713283831,0.0730815816889155,-0.181657657902273,0.208551730318734,-0.874844622164004,0.0316773914966055,1,-0.999999993585017,-0.397760217581383,0.364282733889423,0.665308830175109,0.139272447577117,0.831715414002171,0.116527576803339,0.608905460961573,0.172944356606536,0.587266179676034,0.190991208246851,0.567170664496602,0.228478040416153
0.98221647417721,0.186003235408801,1.12368535291879,0.164877204628212,0.833212979462897,0.230413917218899,0.0436338060500809,0.249245510374059,-0.142085495714581,0.187592480740711,-0.890863660697051,0.0268718539367467,1,-0.745178275203437,0.179211281969382,0.430234096187718,0.775874266421098,0.152916773882469,0.700412662279083,0.155031349140535,0.552785546962782,0.172723589846145,0.715713129244198,0.154963979669157,0.82541619628426,0.176644197340728
1.38760281543018,0.189976185832145,1.24549239889491,0.178006189990627,0.791595319756867,0.206647266889077,0.113259939113665,0.268197459213193,-0.0848863531772509,0.198206372424669,-0.915727138532141,0.0194094038560712,1,-0.283496763592036,0.735605961104416,0.449889094588605,0.911768079612488,0.122145831210981,0.804454813162436,0.136219158028721,0.49018273634262,0.169738472393805,0.598206449526892,0.179121231104147,0.587146699057937,0.207240223741304
1.0982754407917,0.196522948308106,0.892820049511997,0.195108177139118,0.988218074094112,0.278462878337323,0.00396791557510217,0.029048880953146,-0.0626191984359598,0.225390938419021,-0.903313316843308,0.0261869661281114,1,-0.99999976090866,0.279753829370916,0.395982710104798,0.595706850005056,0.154936391201681,0.880154306150127,0.135471529389908,0.768233610676084,0.152068964621744,0.588849357838861,0.217712691072948,0.443738436422317,0.259314345948068
1.16013350216078,0.246854516987652,0.923544337067051,0.228589201831939,1.55908374467743,0.481621890894179,0.262669438722733,0.240774254067614,-0.116270825253908,0.348435869549105,-0.918166538134727,0.0251274123981536,1,-0.181690098415972,-0.515052544437908,0.479040466364224,0.777512200919257,0.19011275002301,0.970231856302697,0.168986410051285,0.778785568894348,0.180669394078805,1.06340548251942,0.193055784957388,0.763770649652125,0.212640912292607
1.12933993346015,0.199149299750588,1.32868097633312,0.212426125473126,1.01428728368579,0.285021366962647,0.2614350971874,0.406629083625647,-0.147103780581843,0.228157837292569,-0.87816374532787,0.0336094659391439,1,-0.285667871400309,0.123118791771189,0.385701887326636,0.634661025826953,0.159492629105392,0.89520026741693,0.129026459727989,0.754797502991057,0.155643937775289,0.645614005429378,0.198930419542011,0.866808695111436,0.177293539369526
1.04959215679765,0.221025817304676,0.836797717355284,0.163694434912267,1.08042578585866,0.29431878388159,0.245103595666133,0.264933824683018,0.0228157032903917,0.211686370756637,-0.894284693809758,0.0289020419578181,1,0.0443365145642723,-0.248107513751271,0.37999021844938,0.84106704218237,0.151122312159944,0.697789074676528,0.167915073810984,0.808067255827476,0.186394971922946,0.585077493742877,0.195820474353041,1.02515413801951,0.176023127020585
1.30523559037255,0.227866321295543,1.00137521892026,0.239161744861537,1.29901381932484,0.378311593709931,0.623362449726381,0.440065046136828,-0.249112249492443,0.288169680573885,-0.895269588953063,0.028497804110173,1,-0.276833012675201,-0.401742344211533,0.440605932440489,0.960062277957452,0.144259724525219,0.708689687965721,0.155608028485597,1.04051572268165,0.153684588554195,0.836142500456385,0.201426741524318,0.672169639232941,0.232214575226489
0.833014482737389,0.169572386603538,1.05538261850591,0.178855918973013,0.677134609789763,0.170465562081262,0.00911740980388237,0.0439803483890214,0.0785729580323493,0.175525374698658,-0.883242882765547,0.0282097929561147,1,0.999999676378535,-0.470181915704056,0.391752709664673,0.625246835385559,0.139792357422245,0.371660649666112,0.151406547580489,0.612121165791661,0.146155645153155,0.6069947247052,0.156041339487561,0.767163934060876,0.175365352699492
0.766288915987414,0.210699062584788,1.05739449587723,0.197275032350768,1.2497009964018,0.365721784855824,0.404481292485863,0.361555462533504,-0.0258318340375202,0.243668455844629,-0.884632986536495,0.0319984976217555,1,-0.0363331426310334,-0.713990771761073,0.450052884732666,0.777339460821805,0.142814939105272,0.684776227108262,0.156999873693864,0.855667447093369,0.178320338702717,0.515855877983716,0.218929477120376,0.722861934826855,0.181781429028169
0.882991847857089,0.163196689094326,1.01273399402895,0.147555604029506,0.933250200437951,0.252116729862877,0.024236639847706,0.0618972021316799,0.150395641051912,0.194997007254167,-0.921527362902478,0.0172626473384558,1,0.999999996719585,0.0872670061338867,0.35209666854532,0.79250278806834,0.130562228621014,0.694225994113282,0.165080918214179,0.726865733829304,0.158071387476572,0.691223012336067,0.185128129371238,0.593594646466241,0.167681524000893
0.962595411221754,0.173966557521473,1.07567183028154,0.165738147518601,0.832644866398762,0.22755666679589,0.105906981006639,0.157687944145015,0.296956064144889,0.233382167701958,-0.871008216845827,0.0293288902316686,1,0.999999999894845,0.249982153830153,0.385434879789471,0.544110905073734,0.154602661834323,0.541205181409221,0.145871730595548,0.734594212207115,0.120959023779005,0.50823816209165,0.168888611367471,0.739553034344043,0.195019548692061
0.792524200070459,0.160580758141503,0.89638766604578,0.162741509832559,0.738771470166392,0.194217872162464,0.0239865107560059,0.0617487735317621,-0.133118555448471,0.171394680512406,-0.902702616144928,0.0230480616007153,1,-0.999999999698409,-0.198092368993394,0.373190484805462,0.630148404698178,0.146583116188565,0.560756560606449,0.131871046246874,0.585369898697558,0.151199027926859,0.656166204769404,0.157446318901863,0.54345303893861,0.237302749654778
0.903012464192287,0.178539283112109,0.97371194092913,0.14799468754912,0.74736301567853,0.21906487171783,0.0816967920408166,0.187810867616928,0.0386449959707422,0.170509798577454,-0.892414197689314,0.025748279766397,1,0.156395755869108,0.0857739594233256,0.436796635180555,0.528807354727815,0.136896818325688,0.870298445469508,0.133824480620368,0.615937864154789,0.182623976641785,0.390927634056965,0.240031337339647,0.281461640318054,0.244973039191757
0.828215811353339,0.157068968611814,0.838999015733688,0.147970915134115,0.67279528805233,0.193950720775722,0.0274235007099844,0.053970147615679,0.135832257061321,0.136899671671089,-0.89053253096091,0.0302960704087001,1,0.999999999967359,-0.603025004919867,0.355721356043348,0.632518976382257,0.173465154627776,0.716894645320663,0.147073623450194,0.456579896423401,0.165116363090711,0.721514190679813,0.162618186927447,0.85457171955792,0.161738386617501
0.801765342013564,0.155486851934418,0.79065616338732,0.161378422786812,0.788343653970851,0.22107592316812,0.0490428446405056,0.10957253953791,0.196628114323541,0.225980074077751,-0.851832775548105,0.0395637915248971,1,0.99999999996651,0.133872194835434,0.375835484681979,0.39075966121113,0.157319302107285,0.58063496138739,0.148393708650421,0.469798437042131,0.146408187031877,0.712384756710002,0.161785793798983,-0.23742986563096,0.321544347183346
1.29419517557944,0.17400231487615,1.24488971304045,0.178586564954167,0.839138489499493,0.231182731594017,0.220296157102045,0.246983179956295,0.12201461185698,0.205516120050847,-0.924502577965836,0.0181172979780488,1,0.28378638853286,0.0938499194398934,0.35858253345614,0.826777390394202,0.144674339929221,0.781326555185427,0.124238012005116,0.688034622877417,0.176577512931564,0.653876174011292,0.167870181899304,0.844293423656219,0.172210813075618
1.21973399538199,0.223007391796801,1.35413733043297,0.205869302194071,1.20553985202846,0.354474035490675,0.148146918841472,0.173361744029273,-0.422607392929351,0.260487859943356,-0.924912459222884,0.0199573264945812,1,-0.999999983034214,0.0912856011985951,0.529040860260472,0.775153940929767,0.163578799376171,0.917109430907323,0.156592145218205,0.801959018792252,0.157790607639992,0.879374951024521,0.163320616819303,1.01122335064783,0.217110132294963
1.69669963347006,0.253012445473019,1.23539480113759,0.178759649581923,1.23256480825088,0.316846739349323,0.209792491318652,0.218055939456852,0.508510414642859,0.277133789470586,-0.948739479913114,0.0130801533629193,1,0.999999999933491,0.945643606662161,0.608547999726728,0.923424283437468,0.17044112718454,0.916106083875105,0.129620666452781,1.05253409033461,0.130703215590476,0.700598338326717,0.195272738193289,1.18627774119965,0.190915531147071
0.916180853135665,0.168503948354893,0.91709403123909,0.147338384089994,0.922322718968393,0.249452772970125,0.0366115742195287,0.0820855831346584,0.183759861411392,0.207286852715057,-0.89610522243233,0.0259963388405731,1,0.999999999793669,0.0331559352789874,0.408381672363969,0.621935641113021,0.143147023861809,0.726872487709109,0.131557902142458,0.684516707643984,0.155940245708579,0.49478045840611,0.209813821788787,0.500405115297122,0.228832424233711
1.26055684695926,0.231942796192378,1.1249177127926,0.223632368958805,1.38264174414041,0.42416858202204,0.247710959131739,0.314931893138187,0.320721679511661,0.294289557053332,-0.927957167755622,0.0206667688157746,1,0.548025635891554,0.129856438306482,0.481523748316997,0.754010086667491,0.186945117787586,0.768735379384004,0.177932014093075,0.860538436076496,0.153221899075487,0.895553188664697,0.175510413028963,0.637147818645929,0.213896122922096
0.904832371129898,0.182925062156133,0.977949031769333,0.15658258655433,0.861173960840615,0.226172927949032,0.0158913578391533,0.0520944422708945,0.116983860300516,0.195935699914321,-0.918780907187205,0.0211847535840971,1,0.999999999902502,-0.318691775354992,0.472005120208263,0.839581299382755,0.150340725663573,0.823812910762453,0.135304211646606,0.821598631664427,0.157047390028737,0.448860986529477,0.205373637410355,0.760377969079072,0.189629980704214
0.599427293354951,0.173564033956659,0.844120663025453,0.14720695052708,0.854818613220998,0.196558288963344,0.0189542619812892,0.158301281241378,-0.116530882789462,0.162196595783604,-0.891883831200385,0.0222815056815935,1,-0.915483691004718,-0.791349246324282,0.485737450101418,0.695399266683089,0.131393367161623,0.734399335974067,0.115521674176385,0.482925896185507,0.139875638028305,0.712675689220562,0.137261660470644,0.538524712324108,0.208635390365129
0.854888318982587,0.16756379128457,0.725537247660945,0.146111901546378,0.742283725217143,0.20657126650941,0.098644665833869,0.111846917341137,0.270596249101786,0.166039846981073,-0.868538673206385,0.0301016621856592,1,0.99999999999994,-0.140093746126218,0.377479696325127,0.574847574125392,0.142869036548042,0.534112615144989,0.15223491883477,0.617742980724994,0.156550267441916,0.302958235806343,0.197430349325993,0.569514356711978,0.210771034959043
0.888260749384556,0.187788258672947,0.981053812140656,0.217428402341237,0.982326435690953,0.30358489045457,0.18248747259521,0.268688825619375,0.277232648431065,0.241020013388186,-0.867832269984203,0.0372220343318259,1,0.654786821199385,0.366648892749223,0.392894367757853,0.583203008752801,0.163840545928063,0.817867338519348,0.165896216008318,0.644789083102545,0.196930927229449,0.919627612444686,0.21739599036786,0.314691174719446,0.275906858318533
1.23851623398557,0.186552775809858,1.10868337089328,0.184329224865299,0.903289690427282,0.289357538196339,0.193978808385498,0.25052354330456,0.0926253364482119,0.195852888370711,-0.907907966096776,0.0248878656546239,1,0.221278453840232,0.604988608683025,0.328896755970664,0.695084032716705,0.150689034139763,0.670017224660081,0.15537696913167,0.481216825494589,0.185342884655517,0.776633071793263,0.166485348729709,0.776273075842275,0.202368428166215
1.4193668887402,0.188916262799783,1.21159043421396,0.191506251315819,0.793629729806952,0.203638684177743,0.185258216880357,0.153167494208633,0.38344025428442,0.171876416389311,-0.876672647081414,0.0292221135550969,1,0.999999999994647,1.28817664193698,0.424446974255292,0.480479072278696,0.158082269899859,0.576756407921565,0.157860264992897,0.840436226477718,0.133243318056959,0.737902645200113,0.155936487270013,0.619620827622372,0.179862437423737
0.734123403139784,0.15971258762166,0.909440279732896,0.169685397909536,0.687659201044931,0.183896070379557,0.165215220058611,0.179388566102886,0.0694873139553323,0.163314046831481,-0.869917897759155,0.0278251482305015,1,0.206154998126688,-0.268649357539619,0.359482128301336,0.490619686302885,0.149307325812945,0.770437488342214,0.137873095616207,0.548991089482415,0.155292327492011,0.621054338431196,0.195383390020347,0.66599657669893,0.216229225115408
1.08010092577624,0.174059144930132,1.00896185879324,0.174993001224916,0.885828290186559,0.254863384504726,0.0487997461401942,0.302627100198959,-0.105213799797278,0.174734323489411,-0.910362701677518,0.0239545944715984,1,-0.506045015035887,0.228747872607649,0.39337036745421,0.622660003770802,0.172946592991047,0.718366559539223,0.157401670446892,0.750600526332535,0.157081955592401,0.916763085306754,0.172042615483267,0.833690492920053,0.198733982794004
1.07714250356424,0.21366892944209,0.969773961968018,0.176450089133302,1.47445248436494,0.42030413568944,0.0743947023988154,0.185967538205319,0.0748309401308395,0.29854301402825,-0.904425433278232,0.0273923439421991,1,0.225940874467947,-0.200658172283555,0.485026605438582,0.835027772705831,0.156372960173932,0.972519277263701,0.134714250214567,0.541639292393898,0.181859791059341,0.903633270582568,0.203764296384713,0.839996597484291,0.223237421940905
1.0975947127185,0.150361012513889,0.798233234664223,0.142195986549555,0.51747570513817,0.138522305252519,0.0198230353522188,0.0687655775889002,-0.101281455426765,0.137731333071881,-0.899847363852496,0.0256779576158819,1,-0.999999708347586,0.389970351619641,0.341886183949722,0.515015986403569,0.155103167429645,0.607952662720109,0.141705132809069,0.65489499228386,0.142163309448804,0.471360473641193,0.17121107918415,0.665182262296815,0.184004394449217
1.08613292650549,0.232931008343702,0.968527331772624,0.191234887365754,1.61257113644624,0.553688144306753,0.144672912056039,0.22013351516473,0.348767189996507,0.326112493423174,-0.920861451186418,0.0252247347460515,1,0.722075433420415,0.316800713522172,0.448652111359351,0.874306309919541,0.17486195489853,0.786062017698684,0.183333772665999,0.519849050369445,0.244195746863796,0.812195575057527,0.239640809542214,0.799549971453998,0.218917788256096
0.766967613823968,0.185782570211199,0.94082932613036,0.190818226337218,0.791845202536017,0.253393346255179,1.70138830355189e-09,0.00204530259923231,-3.64406876051157e-07,0.215107236186356,-0.84446469236383,0.0460725401874113,1,-0.00992806694144636,-0.205127033684329,0.451666481111065,0.434049581633397,0.171998096450675,0.689948522557825,0.165191158889507,0.765003701547355,0.165017851661702,0.495552769970648,0.225692059805699,0.741043716778092,0.22818061044763
0.877433087143041,0.1644579255153,1.00596555244771,0.158578328025361,0.787375987382473,0.208317413751499,0.0312959769723009,0.0690664906986864,-0.156976751940003,0.177022308865058,-0.8658112199902,0.0298947059403866,1,-0.999999997564468,0.249108424793327,0.39073973274462,0.741661345585541,0.127628664702702,0.541548000880125,0.155578867372993,0.5654397761063,0.168759483922067,0.652105281964508,0.204458432285433,0.484076903191618,0.283117974557213
0.901816093974648,0.186934276692351,0.939418513359862,0.157927326323861,0.754420215531267,0.20434688468131,0.00241294130792216,0.0245266071184221,-0.042665666428796,0.17484079971747,-0.890543069039294,0.0257289594376183,1,-0.999996536477834,-0.390355839280845,0.428136118443188,0.541996010106547,0.1756950377952,0.817787848100058,0.140560734469393,0.617876594521433,0.149302889513274,0.617520978936161,0.163253254236754,0.561644004796548,0.202225617999576
1.04602826832094,0.223342974161586,0.805892337419273,0.18068054267647,1.26032276055872,0.375057924747096,0.0189478370039333,0.0417161811912542,0.154532812626057,0.17328096613879,-0.86487191863874,0.0409583328900367,1,0.999999998716646,0.500336972264574,0.474495228623416,0.614122390118599,0.168592037501601,0.660145970171739,0.187573974364844,0.636797770212905,0.178390957263513,0.529116775032351,0.198280993819961,0.753912404195743,0.197893380194051
1.10900384287037,0.232200705140465,1.15993949227638,0.205894327120879,1.18110917180856,0.331887447488109,0.439883076555665,0.347076680641539,-0.0420148302119581,0.297797157567928,-0.895531047452041,0.0258693007448423,1,-0.0582893167801984,0.0988527078063484,0.504000105009168,0.714641642731946,0.172438027609295,0.883460720378881,0.1429196214803,0.729419648159923,0.1536999928973,0.817051587844647,0.14310079631049,0.721559026044096,0.176404580994686
1.30071365700998,0.174403914509509,0.897327403183137,0.134351989010481,0.755275710072741,0.194554520235094,0.0995692552280659,0.110803707283304,-0.274230268102708,0.164469743456273,-0.867584564977349,0.0274829423607934,1,-0.999999999999278,0.625670684222888,0.357727262031101,0.41478309249705,0.140470829657065,0.692239987516946,0.125441111269025,0.889919946963895,0.147513412493508,0.73693258869748,0.175354832370489,0.538224127103264,0.214609904777529
1.08511043682122,0.184596558379571,1.30843842011319,0.185841365542725,0.906076895230474,0.243123055001019,0.219298658557875,0.247471807417196,-0.0310926735670348,0.206991475118078,-0.863436903659497,0.0336749309179689,1,-0.0697521424717782,0.504002353829319,0.323052358037047,0.661619051039008,0.159508779011758,0.708815843524996,0.147682548602946,0.690823116139303,0.137624745531174,0.706800170744154,0.174493564200744,0.824607739290909,0.203483077487937
1.09889862169577,0.166369651327891,0.745879623168124,0.169000788882043,0.873621488097352,0.218380878537367,0.10437161407409,0.171195997623298,-0.301962389609005,0.259965727756065,-0.839845283775302,0.0370983521369658,1,-0.999999999648237,0.852697912479133,0.358946642083067,0.420776695941211,0.156127592327056,0.636751552732478,0.140427093486945,0.564474072963609,0.147573838383368,0.614314815328007,0.178176926747988,0.329058260991485,0.248761995431824
1.07423107081078,0.194332183913175,0.933512082154247,0.186803564289238,1.14590695224921,0.326221081195307,0.213960894221256,0.329475568465886,-0.0150912243231258,0.239688212125476,-0.91750600880273,0.0203549988214001,1,-0.0304777284598244,0.59206657625383,0.438627867022369,0.648100183464548,0.173620121547188,0.62360461333711,0.129526886999575,0.756954296848662,0.143778850663439,0.508984425922487,0.203405924254939,0.881345547527125,0.20992200529678
0.873928203864901,0.164711082883231,0.949892827061829,0.144718644110072,0.577801098994804,0.1545886998532,0.0459567728111507,0.130424770558853,-0.051052648483689,0.136855601662683,-0.874710959602753,0.0310395737067135,1,-0.313295627258018,0.0452870022312303,0.386106528078442,0.714735649558237,0.12823757074477,0.551586934146538,0.144152911146945,0.576235465736578,0.143194430352983,0.556929500145708,0.180725243169053,0.380748807802784,0.225985737595742
0.776483495196116,0.16616584939483,0.845152568949238,0.138513860887877,0.892377425552626,0.233513157180556,0.00388009910653536,0.0206953373434733,-0.0588431202748519,0.156346070054857,-0.870181901016733,0.0312020720293908,1,-0.999999993083292,-0.213999608802916,0.316551264200155,0.49556540669446,0.166556369135978,0.626562788733621,0.154281870899886,0.652832911951474,0.153240352368702,0.375758343060715,0.195696336261427,1.01893443829816,0.163704617767121
0.949716634835498,0.180288109335043,1.06862088818568,0.169860735060492,0.889065783834602,0.228877143193498,0.101562332244736,0.254964238870094,-0.0247088193955878,0.197995465622347,-0.86881831818993,0.0301346494751811,1,-0.0822278081797572,-0.00984653115982986,0.4447586022548,0.616088817655605,0.164813816834738,0.76317177008618,0.147772060248358,0.716471082967817,0.144099891060488,0.706457550403263,0.18365182043584,0.51841437036196,0.219756225034333
0.690944666297462,0.188375884295421,0.893833036735904,0.159039171723922,1.20091655087109,0.334299136361478,0.210479529343962,0.279467639995296,-0.0163060129019397,0.232357124694004,-0.855207443755639,0.0372361234159523,1,-0.0324329486539971,-0.657209366811374,0.380623769998959,0.670168650953832,0.145204025438649,0.629935770437825,0.145055735233925,0.837334038801442,0.156864844139037,0.715198097014327,0.200487662865329,0.716141888331504,0.224275275120544
1.11425301612137,0.223287326266702,1.18404151506395,0.223137599836501,1.40394038526232,0.409448975111883,0.642383739914574,0.452476195773424,-0.353527863208555,0.318475878181112,-0.890878604789803,0.0310803310024219,1,-0.372264861879231,-0.408703972909231,0.508801995080828,0.865883707636564,0.158283734744242,0.806203285917155,0.147756562650755,0.70505390876066,0.180946207504799,0.908501219061253,0.196108158720253,0.608719735541158,0.229620191352287
1.08447485017964,0.188489823071431,1.1226663670186,0.199316863569683,0.73618288519312,0.234281138659292,0.000267228120377983,0.278312893297402,0.012217377237305,0.195761033447977,-0.907008132751929,0.0257728731197603,1,0.871051929270377,0.0136270470597122,0.356131116868012,0.782307520932,0.155413065639546,0.749991555405288,0.15900915549213,0.738887510648378,0.186180251820497,0.732136745164941,0.197721001636209,0.363346134856134,0.250074641629299
1.09611599552646,0.236721500067873,1.02614760892464,0.198651171892441,1.2192956940971,0.444137544766275,0.102220525559281,0.187502959732995,0.288230747884696,0.253264180784583,-0.874389093311863,0.0375011979596144,1,0.816425825081295,0.507934744265787,0.5298264189474,0.471103343365985,0.236419169533818,0.648086566944508,0.180902134112763,0.743074182848072,0.178895089731454,0.792983859435993,0.200655436589022,0.714160755748164,0.261513799509881
0.985068999012517,0.210981712180674,1.07650176506488,0.254948899893145,1.01397882500981,0.336018184612043,0.567089287166607,0.445399045432272,-0.185293024023005,0.21679398382788,-0.883813688497273,0.0324042847173937,1,-0.244353691697128,-0.391930217022023,0.479963703347715,0.894306825507759,0.179988381300719,0.729302797250935,0.176753944432416,0.605488463183574,0.193251242486816,0.672271451856048,0.206893696118323,0.670694241601323,0.21877460305305
0.983630852538457,0.177995896220554,0.950806594540966,0.178282923662154,0.88229387537665,0.256777992642811,0.35552120088692,0.265108394721453,-0.148082753372518,0.226103550595607,-0.896908655693072,0.0279303492762811,1,-0.264402219515619,0.176765765677057,0.400273546309203,0.578705117409287,0.140749412892661,0.681347711465012,0.144582087143751,0.695515176000144,0.156664279353527,0.893266835822512,0.192395941941202,0.81367611586874,0.240262303703263
1.22219752152859,0.189402594282925,1.08380668711518,0.210228269202217,0.723337631533051,0.193192130508137,0.259128801139596,0.362435811245014,0.378427256933578,0.195101108719419,-0.878436395625733,0.0271287543365706,1,0.874085743652681,1.2336794409606,0.398012051517462,0.500525543817083,0.185301180004574,0.753936105395874,0.141610077868517,0.52267801015201,0.160398001886705,0.573487274047274,0.173714990409467,0.806151119107857,0.171211742177709
0.974961168213688,0.241525562131539,1.26117596547585,0.244388666358462,1.34250666310461,0.441357198671714,0.243135991144322,0.245161454020177,0.423047514685348,0.281351381418035,-0.889335848644939,0.0333909641195626,1,0.74046800406676,-0.597175379380924,0.346480624601963,0.864581756240931,0.174362465933459,0.637657509142679,0.184001693545298,0.727259804334831,0.182678311907248,1.0712969391754,0.185522954476911,0.601444330428952,0.248393111697881
0.806191594201407,0.179917229770342,0.920731603003018,0.16951142927947,0.868903964936717,0.261003897224951,0.148200236812083,0.199049275517157,0.256852394376075,0.151324444628516,-0.864145969003284,0.0357832739687009,1,0.715769651229079,-0.147826035331319,0.355756253617302,0.687640394288671,0.148163829267103,0.666258243820894,0.143409294584093,0.564321167014089,0.170262175871365,0.469666400375324,0.186861004001514,0.710829341188494,0.173104425503
0.868976203091833,0.163655039603956,0.993694729470746,0.18529833789754,0.741975671957604,0.189345330990011,0.025980082325165,0.060826960533013,0.138840156431555,0.164745332302301,-0.887184819591099,0.0271497584614835,1,0.999999999927646,0.0540413610365452,0.383226569794335,0.739652796144025,0.148409649033147,0.508358005652924,0.159061291217873,0.724963532625025,0.140790095171973,0.79733267940319,0.145663437579966,0.508462308648274,0.212004291833085
1.04615279073198,0.206624744398586,1.17113415371319,0.207943836638528,0.800156278442834,0.241737319238669,0.0445753303564205,0.0761686012921585,-0.188857698936804,0.170102872548398,-0.90490980327828,0.0262583244590101,1,-0.999999999990903,-0.188976675435982,0.415564790562969,0.533572184804676,0.170818929770181,0.666741526304507,0.148614567718371,0.6410003216631,0.140596880485298,1.06401806806147,0.152049664671308,0.387021156909952,0.231394443859822
0.800643166309892,0.167496011831511,0.957133942164063,0.138431993099972,0.812238955608435,0.221632472283668,0.046663599777843,0.0884981858487232,0.194684343173769,0.191147986360642,-0.857863612234504,0.0349835116205542,1,0.999999999056997,0.303898608639392,0.455914321977715,0.713243263093534,0.149258515694139,0.744367220025762,0.122595171208195,0.485285937944608,0.169147972457508,0.265710362516621,0.224221938280667,0.667936120591683,0.195166290421609
0.900751489909556,0.205603048109516,0.768510628036151,0.189340538725353,1.2814484972351,0.392861807751306,0.0970546900875099,0.214804892696795,0.0204143149139778,0.244433966410311,-0.910987867258412,0.0264548962596551,1,0.0578863236311013,-0.235834616059437,0.440897884163745,0.699424042393777,0.177006589755126,0.866107943645404,0.148297867180738,0.544823152161992,0.181365378787625,0.617106759336392,0.199485195528987,0.586866455418112,0.229632547378296
1.26743882864401,0.198709380539353,1.07457513353433,0.170456156544762,1.05451760655126,0.276434072674231,0.0254283084457184,0.244092594076051,-0.0108386453318338,0.19740581826324,-0.91451352164795,0.0216224472588609,1,-0.0661895383860377,0.159685658909504,0.490472368794572,0.644454884830703,0.173002558150507,0.913741822237958,0.143416346074899,0.838208417239543,0.174123367388756,0.89530385124789,0.14562481229704,0.743781752572879,0.191361185476638
1.32904343164993,0.209998810445518,1.21803780846074,0.1690180592607,1.18666651258411,0.31873255891589,0.00654710935008435,0.0868830145899518,-0.0881414066093059,0.233202585411286,-0.944616078144439,0.0158098501324444,1,-0.999978899830827,-0.218490046817487,0.42493267384399,0.904193624708967,0.157151019386463,0.853186341525091,0.158074002213811,0.98347148186171,0.149609866151156,0.616727808960211,0.191423886283063,0.831160276347407,0.188836722610212
0.773615245428302,0.183174841737392,0.917565761986353,0.167043073680534,1.35088518825552,0.358831856352003,0.000894500882581036,0.0112068420112239,0.034761585908522,0.217999357841748,-0.873764843442017,0.033714482594999,1,0.999999942780403,-0.695920799701965,0.390277410653452,0.706112073397801,0.153865063213707,0.518291020606173,0.151340059438523,0.738493227674515,0.127966672123564,0.767260474177374,0.189550643212497,0.231501778536027,0.237732801167943
0.755038349170317,0.165711394267213,0.998542216326139,0.139195740390444,0.877376109463771,0.250411782862501,0.0297494890589298,0.0615503121174958,0.161559558579767,0.169124470038118,-0.851803583738195,0.0336427605629543,1,0.999999999989086,-0.798775845616296,0.375190429299733,0.69735828870131,0.150093641501546,0.603825238873878,0.138446101612914,0.743269997466133,0.156496481809665,0.313859522686671,0.201421895892581,0.574381002097822,0.198746412619337
1.0875383240683,0.218493297811971,1.13321411726223,0.171320566175098,1.02419057009512,0.285558753688131,0.23850278556156,0.264217855488968,-0.479244233683234,0.214193600798946,-0.926245784714668,0.0182888250306574,1,-0.96966067241951,-0.158166794022485,0.442172122131974,0.843647261867166,0.16115860470173,0.838017244976038,0.135960287223718,1.00987427994142,0.136299878141466,0.539022265643313,0.206140990344085,0.280123801246319,0.268703480283079
0.946469459914532,0.193967654444171,0.771015511532606,0.158075594033562,0.747216752214119,0.221593789761039,0.104674746089865,0.256606812536906,-0.198738002250038,0.18293474412246,-0.891986610967006,0.0291463609443379,1,-0.710618749175207,0.144101529904272,0.389725440412235,0.729783578285474,0.144531656290822,0.791551450639692,0.153900584404862,0.791424874765398,0.171257060131101,0.607788437765543,0.160387962671621,0.800992835927503,0.175831380533369
0.741152902584829,0.177878348807412,0.9223385517182,0.167776731657552,0.709288871474139,0.176170061531241,0.0759602544460688,0.171590070604263,-0.122553603253662,0.103667574449242,-0.924178902241308,0.0181751721043058,1,-0.527984661810211,-0.45134524257521,0.392575183211307,0.785324562535438,0.137312097555322,0.724545004099035,0.148887844440898,0.839639052556546,0.154669701863589,0.682809887616066,0.194916084357012,0.312811449422208,0.261906317512663
1.16080015821195,0.255229615615817,0.817532452305178,0.236328395433607,1.25678886760213,0.411487262693211,1.13318242767155,0.618105775150339,-0.477330860729143,0.333691083359333,-0.911094065173629,0.0273233681272486,1,-0.3999801467261,0.0830209829432014,0.494573646302464,0.742938298287601,0.163559304312274,1.12157955647115,0.165062427837351,0.878729287560866,0.202689074913765,0.481157124015049,0.258639388862413,0.45214229809142,0.276301772542733
1.57595534246215,0.231943611688194,1.21904746968327,0.172946313048106,1.42105456953979,0.408989581038643,0.129109636774877,0.203179596330814,-0.171131528102352,0.303109281590493,-0.905504018777286,0.0221844775066962,1,-0.399526251840387,1.0901688368633,0.528824943523358,0.965510660484242,0.138000094229246,0.725446036080973,0.14835290485423,0.879972462798243,0.172354090310732,0.578107246343558,0.205010589742213,0.802153381488554,0.200572424551082
0.991293793833673,0.224651847187831,1.00161538811537,0.164008184987722,1.29252988093622,0.375476851433658,0.0811676484245934,0.0979402187760695,0.323900618946631,0.208339423505373,-0.910003167222753,0.0269152458959637,1,0.999999999999515,-0.302942338122853,0.426633418562878,0.572969508849979,0.167029513960545,0.926878994822393,0.148430181302491,0.581823340378757,0.188766673604851,0.402893805763914,0.213653997527904,0.887095116486417,0.197623097211137
1.04554746072296,0.208411815585804,1.1783649574303,0.196947695550939,1.37699135012402,0.395682353855788,0.0561993471121836,0.163791900873731,-0.12680598052195,0.214034792616896,-0.919821276577387,0.0222611044110555,1,-0.455835868195578,-0.357231121170507,0.400649695777264,0.82213224741439,0.151559216128964,0.931672281504758,0.144320770753763,1.09198377289611,0.135354741990375,0.88782405555822,0.180964507832359,0.773755668019441,0.250839601899001
0.901078295170092,0.180881073249304,0.838779163143725,0.17448452794305,0.527682338994996,0.178986061997056,0.187177527339421,0.253050516450139,0.0858197907845641,0.139632701767056,-0.893529322862915,0.0304943130555571,1,0.273070206675972,-0.0940818105833096,0.388966424748603,0.531380469715374,0.17459556359119,0.722614081943805,0.154043398141388,0.278311207299831,0.198337836771926,0.707128164375564,0.195721012802465,0.345522402969152,0.235467465609741
1.26030482197941,0.251886542759522,1.43160572497608,0.228053395887121,1.763643563684,0.543827734682518,0.033846895924914,0.360190276574231,0.228651357405991,0.363625044048154,-0.92144643842819,0.0228579103945212,1,0.935855834059217,-0.316134995693297,0.520533462554449,0.942630128452449,0.173999962060151,1.09128052673165,0.165791437919178,1.0126663432829,0.179876603019434,0.808853070360792,0.197814113388609,1.03930725156042,0.217669368023954
0.794238720075604,0.197804375395651,1.3391880068739,0.207303660626315,1.24071128600771,0.327635697203028,0.23444384926998,0.248216581694704,-0.539330260238272,0.312174757201015,-0.922349820559311,0.0171049235659652,1,-0.999999999801166,-0.219252288920344,0.531254675269327,0.839605372900864,0.15854600148607,0.686863098860384,0.158897979109899,0.797619282245108,0.135473209358949,0.733411700224713,0.147103527711467,1.02196585165149,0.128890099732767
1.00321323094344,0.181731827342519,1.05602411195723,0.193139806026053,1.20434255374773,0.307982395071082,0.200640901585237,0.22680618174531,-0.491569298514279,0.298553406100614,-0.924152574479667,0.0200637103981812,1,-0.999999998842101,-0.415363502543325,0.484029303921848,0.590704311784075,0.164749449217827,0.976100794146097,0.138879985166744,0.644898233320886,0.143921021871097,0.586872016709914,0.201501348957977,0.96569369482417,0.178167906032655
0.953633926366811,0.193716817323805,0.959561089155395,0.167532929984236,1.23237813387717,0.328196839422042,0.00339431855870532,0.0322223671449091,-0.0646767651315244,0.306159683941982,-0.89826999269638,0.0246975477859004,1,-0.999999997216942,-0.0330616321596475,0.339239751497318,0.616978668023933,0.145630681541125,0.652741928674629,0.149630818445744,0.7187911201711,0.160606102370598,0.902432791416872,0.184897552482273,0.876398733359949,0.200331785510848
0.819198474844201,0.139069226584614,1.07263011630242,0.140288546201426,0.680902820444449,0.181318321142008,0.00149054058586648,0.0116863111022445,-0.0318577031420553,0.125112660387026,-0.898204037205022,0.0231480848877409,1,-0.999999980581547,-0.307421627929979,0.373640665550321,0.754401219787813,0.147081895618263,0.639686297734428,0.128824005950482,0.496714957961282,0.165621732193379,0.439978334056515,0.1760825883001,0.662693422047574,0.178526209276239
0.856615433202277,0.166846194958295,0.943648002600089,0.174523480558099,0.761901482191084,0.201603922736417,0.0203043118465613,0.0613999496677528,0.124377992524677,0.190045869718309,-0.886153816896769,0.0259573906959443,1,0.999999991393069,-0.0596340091114033,0.364575809834508,0.539989654588682,0.15635531152721,0.78490190205627,0.139802948876159,0.811184512060378,0.146876836603183,0.31589092405326,0.226399493781083,0.810628408403487,0.194926256386222
0.909895865227311,0.180901824128194,0.757388355803984,0.130221410565759,0.921583595616709,0.295729608469799,0.00885637856254626,0.0355006223923355,0.0903431567601797,0.149056175994399,-0.897175956179008,0.0257977172267471,1,0.999999557307285,0.28177982701667,0.387124526896089,0.543509202471718,0.169199727766269,0.674849181731463,0.154555845715578,0.813778621193866,0.150711837409978,0.555127022375693,0.21108107237576,0.523389671753338,0.23829569341572
1.0173540736462,0.182474523306484,1.01407742751808,0.185468950793421,0.970150565550649,0.261246961038026,0.121650396517149,0.202683540441184,0.0660030037905937,0.213613561091368,-0.906869934949267,0.0229694872626963,1,0.192126541790201,-0.513037971225015,0.475830782094392,0.986793381234901,0.130289191657963,0.684604216626125,0.158939841777149,0.868465245805734,0.148691896495174,0.735604318058898,0.201108566477025,0.794144131216328,0.196154579504494
1.43115147767543,0.201621780435671,1.18805212430675,0.214418607646861,1.34911724950818,0.366357040116481,0.39134288603532,0.44400376855396,0.228294049378099,0.290044860417757,-0.929133097352906,0.0171888541576349,1,0.314189033431979,0.0307128271142085,0.358380583750451,0.891681854562597,0.140476799725173,0.939421337565852,0.145683207041643,0.898845966964868,0.157302448072041,0.96831731784057,0.182492657015427,0.720886655947976,0.209371370866461
0.919997042308202,0.151997517098072,0.798360053244999,0.164160284554862,0.608386421358666,0.196012089368331,0.0234542147236864,0.0539083012635932,0.1194538645652,0.14065025068333,-0.920466480198788,0.024092945015263,1,0.999999999931316,-0.0307642493636399,0.306619608144222,0.639206612840673,0.184363089918097,0.649530896841396,0.165362200208296,0.65776847544143,0.165256856178055,0.606065408633982,0.181207398428073,0.651636205497861,0.203691269054316
1.04656404604677,0.188380109291932,0.897868773921086,0.193553719808374,1.08711477897726,0.295463748501954,0.0342380642679356,0.0750457338633027,0.192926684594963,0.221300167341417,-0.900173030778997,0.0262806135038703,1,0.999999999456731,0.469676731298307,0.435717217482257,0.719112940217568,0.137650908006917,0.614979030365621,0.159742609448823,0.697203425173887,0.138637767257311,0.614133032415744,0.195735052547761,0.871457370457353,0.210852898645377
1.40434032668734,0.233160725273488,1.22400182872792,0.191658766662309,0.96503565534517,0.267991810834034,0.140664422134137,0.326988700264548,0.358257512355315,0.221781968404706,-0.890351724224696,0.0282599587172418,1,0.97236986928498,1.16046561815988,0.466334184756754,0.357347227205554,0.181957688388839,0.607385169765395,0.162081854942073,1.00610223375962,0.169784052424726,0.728147072869035,0.170182302789698,0.749095417845948,0.203471951756822
0.873236580815844,0.194172014351792,1.0180226448957,0.157839651362649,0.807584941757366,0.229596715243392,0.189295244554344,0.260788632268199,-0.0443698482970795,0.178498416384507,-0.916736456162735,0.0226846272096968,1,-0.113481217277309,-0.568146094744129,0.50236976081581,0.741034713091074,0.187484992617937,0.719807112387617,0.15347736193153,0.829167550107604,0.151103893478417,0.689070147568958,0.190718492128077,0.463805149882597,0.247269540225118
1.29836498249247,0.223669646049093,1.03741169985918,0.174516650177196,1.29779600773044,0.365799567120183,0.00146225147815222,0.0172872365355998,-0.043562645506462,0.258015689125508,-0.929974220051325,0.0189950755562427,1,-0.999999987584416,0.307097877695864,0.380479676942306,1.05029900616244,0.126685491157354,0.748764052991527,0.165864717096557,0.886883573735571,0.160451076157236,0.697850433381449,0.196112417925876,0.904298878489388,0.1876527415319
1.09433517669384,0.191244154553405,0.887944456828089,0.15173561508792,1.28315207737919,0.331927618097161,0.0352970082917962,0.212398367791735,0.120692737394594,0.216238399953362,-0.83814716520124,0.0386605880123583,1,0.567117597226944,0.460304980217907,0.418350581686673,0.472904025254313,0.158270639090506,0.880890827240078,0.11850704526922,0.735741318790011,0.158990743578532,0.65946293341767,0.200258489629648,0.841974805421769,0.192009407036303
0.762219279256066,0.17552763637072,1.14866536975415,0.192478300296232,0.916034558257289,0.256181483244587,0.124197415074296,0.183882705182886,-0.315569206887752,0.185540543904915,-0.903029741778786,0.024152476883473,1,-0.935583191556559,-0.0156816299885733,0.425569564973262,0.609099949860683,0.154679063912451,0.7494732120684,0.156564755357182,0.757692397306016,0.171416225732852,0.470223698025944,0.199706314890683,0.762738844976441,0.163023041018909
1.25354996599668,0.224590383116156,1.17050472817525,0.218703948147896,1.18394708589036,0.320264215593024,0.310626616728154,0.283726270406796,-0.385969027026403,0.293124252693551,-0.91984789113146,0.0199814636536603,1,-0.63645393423526,0.436723842295445,0.468035410962737,0.836701829002,0.153920726644507,0.504873588633031,0.169757095117286,0.810374142817471,0.158520653505709,0.873327995100364,0.166770212897866,0.700939748186318,0.188988875927463
0.909968721918101,0.187961672794861,1.10956813641637,0.158476518052918,0.895782411327563,0.231264971143947,0.0338573007100855,0.199681874545775,0.113099930282477,0.196329014871806,-0.892133875634359,0.0249273008292897,1,0.649433827688032,0.0615926437127382,0.569347990489669,0.748910374285884,0.15178189561413,0.777344068424355,0.157028469614601,0.475119177286911,0.182194523656543,0.397793512562338,0.178224868723638,0.762403888465266,0.163847661103015
1.04940540363914,0.243985370778089,1.12956316682809,0.201322499148225,1.79495141658121,0.466089686275748,0.127102807095655,0.269106038513759,-0.0644216663467003,0.326534616052347,-0.942582659529201,0.0149450224531632,1,-0.134873936751833,-0.00858435717034552,0.564288943702985,0.527250498024936,0.175649733686336,1.0097917175673,0.137655828875831,0.977945496918643,0.142243789585775,0.923874991612988,0.198965392970899,0.653591576206269,0.227533481027434
0.645126604495211,0.21944983104857,1.4953032385142,0.188240408431549,1.63372949200663,0.465411824581116,0.0620626292830203,0.0977026962834021,-0.318423532796192,0.259197775831101,-0.949181378230768,0.0144847954271451,1,-0.999999992244394,-1.19370665584912,0.536680150131134,0.940078690800973,0.13914630792949,1.02659910690099,0.133662382880071,1.09474342176589,0.168942658752975,0.91251733337183,0.20009080016126,0.719717926130192,0.271332314245028
0.893936921480268,0.167473456192197,1.05714893195603,0.148316570911396,0.96646602680539,0.228232898506226,0.0984899366359968,0.126827340275316,0.308524192792162,0.205419585595383,-0.893111092530192,0.0263823034493414,1,0.99999999893446,-0.348319483694556,0.343903472215442,0.894725653105727,0.12846992511187,0.583604305164798,0.123323886304401,0.8067843179659,0.134673207802524,0.603554737186517,0.153706259792501,0.988472649638787,0.172720771995577
1.02551014258724,0.21530591384307,0.918974080609537,0.165171717773904,1.54578254233848,0.468022321516303,0.0212073851308821,0.0744411573753835,0.181058016763984,0.319551606828315,-0.937626421929194,0.0196053631417057,1,0.999999995890139,0.105056755113611,0.473529620701276,0.754685584757346,0.180996987989354,0.677329018822688,0.186265461804299,0.875035353404366,0.153847839431596,1.00284310951088,0.177121641723471,0.241652513466535,0.319631484436875
1.35163169589813,0.250684937937542,1.44976459303345,0.281259409983115,1.4943176106466,0.468505630586372,0.463378367152934,0.518645933265578,0.36888602782787,0.342086732321657,-0.938359718772366,0.0199321908552822,1,0.443305246454133,-0.465651422901306,0.567566760037496,1.14179412774471,0.176388692305769,0.838801060258578,0.205943179484393,0.781214580703188,0.167863628215945,0.829241766173614,0.172169693668017,1.00902181076838,0.194655216313082
1.07413140247759,0.163883935421067,1.32644807186956,0.153654971738289,1.07307879109044,0.260873359028563,0.00616438697743414,0.028146273568728,-0.081331844870111,0.177384789640653,-0.860946306080084,0.0289562822024381,1,-0.999999702520099,-0.325576394664046,0.428310718768539,1.00323401393975,0.129613309963322,0.763304525458314,0.116726723592559,0.633878688301221,0.140419649129671,0.611532339087943,0.158670294237121,1.11623802313172,0.166244046521248
1.06070588909003,0.189538372052725,0.954165906175949,0.144697104544632,0.985442657482066,0.266762706152213,0.0320045205825549,0.076107440745192,-0.177591157065963,0.215286072875388,-0.857959133163702,0.0334651895010382,1,-0.999999988168715,0.283958679827551,0.495177238776069,0.536434440341983,0.160239103336659,0.682401809361591,0.137847726421647,0.479855156082406,0.147174389129681,0.563733574869557,0.172830646183028,0.663811508775129,0.175537633470605
0.917825541628876,0.186677759122294,0.950972043268673,0.182090849159434,0.764969718915291,0.229300058556102,0.148785657414709,0.180156555695303,0.0724237872723068,0.182304096849957,-0.876498291964655,0.03663502967738,1,0.214673568480966,0.531613554403392,0.450873676786769,0.634377707618,0.189336934300291,0.585666173236718,0.162771706485416,0.722205609589875,0.171368197691697,0.829410152558822,0.162276039888136,0.663892699364763,0.22288597432122
1.46612036192261,0.239564240944689,1.08821550362108,0.213411543320892,0.833193631785233,0.264084479363194,0.258128427870098,0.267595308545812,0.129773933234466,0.19034000564965,-0.903632187944356,0.0280451341391393,1,0.279831485824407,0.0267736696242735,0.434493261680262,0.779807934771275,0.177066630202758,0.810530647556721,0.173235990622389,0.675347796525626,0.184803081226594,0.771198183035868,0.170956420676103,0.591508613130534,0.19835711793816
1.48379154014815,0.242454106978698,0.963569824626888,0.213481267189175,1.13580749316502,0.351777333253696,0.428950465549052,0.318069025739271,0.269309076437698,0.231883866362226,-0.927843133606003,0.0201013624073099,1,0.385829165871895,0.74712613104163,0.448568641893294,0.440359683364229,0.230124415224079,0.814343758039466,0.172856787205235,0.733098193049667,0.178990866303098,0.851685961606676,0.168366196900393,0.672301843576948,0.200537871401408
0.993058028422658,0.202156324189833,1.04103211892082,0.239206556877195,0.958440096867174,0.272921693405036,0.361924094388224,0.302317868357838,0.238894950281719,0.220792996061117,-0.895453284874612,0.0278837094422925,1,0.405616613162323,0.596812513726576,0.540433826813316,0.690922536762648,0.161809957703423,0.662365196692478,0.168699500910575,0.908070152325885,0.157578638206727,0.891311562855035,0.196775983386658,0.73298953978868,0.22994804159666
1.11563200320258,0.218629525582705,1.11773177560266,0.213298855511157,1.25119916339571,0.39780652194336,0.49089875109451,0.467150322507295,0.452742751120675,0.300197467985958,-0.908490364816697,0.0277959987778722,1,0.577686633912659,-0.134116627969728,0.483005950307161,0.545834130439266,0.202704147293743,0.957267143617626,0.175981802491069,0.594689770554959,0.181485860130512,0.763106343337676,0.174675098040833,0.828162972972636,0.193995366346798
0.84286783455195,0.176848954588561,0.876328577221846,0.15733833954015,0.774700284580896,0.219992712548558,0.195228102046439,0.262581675873938,0.174768094223365,0.170371127564513,-0.880754248242964,0.0298373143189737,1,0.449390747608041,-0.212123587368858,0.403586864663076,0.634739163806866,0.15501240003534,0.703035235260281,0.146748724756914,0.71013984681301,0.148630651019233,0.864084164301004,0.157721061734209,0.780893472890986,0.226685920605305
1.2723473091488,0.218476546907188,1.17263886475592,0.155247705023201,1.4611771610732,0.418460363663575,0.047197665491567,0.0753450290887447,-0.262610264217159,0.216442899751708,-0.90937201160968,0.0243392772333058,1,-0.999999999999681,0.1093509971443,0.420565512010673,0.910401337754752,0.141894413215669,1.04059781862002,0.143480064087923,0.760802258860926,0.166376903610697,0.89133687631881,0.189125303074313,0.530338075879133,0.281590330697942
0.83387705209068,0.179288426504748,0.979466040119754,0.174519256482079,1.13211326110912,0.322599445162332,0.0134872771399286,0.0528252310665063,0.123568301722982,0.238897331897166,-0.870846421188118,0.0355494930466888,1,0.999999996212454,-0.251780624683665,0.418558994528037,0.266852524150075,0.20339910147568,0.738353260151679,0.151577606012215,0.682876897547074,0.149700326395718,0.614610212063364,0.15932808667789,0.82248472667789,0.169648181786355
1.08308834794947,0.196510851812288,0.893537926703641,0.159427225002813,1.1210000676336,0.314729225605692,0.00449630567609309,0.0290953375927716,-0.0709954853807724,0.231888559380076,-0.904792323207828,0.0234717347218703,1,-0.999999997763035,0.390636279846118,0.421406670952362,0.727185922866729,0.155942046677822,0.526074224376341,0.179624566638587,0.684896294920965,0.171055118725897,0.65929151275461,0.161240104967518,0.899676139144047,0.166343118247535
1.09805085120569,0.159476235493044,1.19791508360125,0.130007361491418,0.861695305112226,0.207404259912013,0.00136384619793656,0.0189298897864244,-0.0342811738311099,0.180034379349583,-0.898870772810996,0.0238261790912435,1,-0.999991071240104,0.158445356223225,0.384349229493929,0.827548171096333,0.142436289647923,0.627146811879522,0.135213726260662,0.799582765739101,0.116272182856404,0.564121586783955,0.195481206899886,0.58388364462726,0.223918242128697
1.26242094832934,0.230934395994037,0.895181548651077,0.193766838732765,1.233491314612,0.350280973321305,0.206734960554379,0.187309207224243,0.504980968206341,0.267560467481563,-0.862019597200936,0.0345816500919619,1,0.999999999961046,0.156225720469817,0.413382843566678,0.69942916128078,0.166303550073874,0.875054721960795,0.155538426743386,0.580953294882009,0.181631418127722,0.362074570344903,0.21198616942746,1.02274391345736,0.167844973770009
0.947398920682984,0.197214871456822,0.901531573614856,0.130569711775265,0.844163129818399,0.199746460144541,0.0819961135752405,0.223999777377534,0.253722213629054,0.186481707187312,-0.904533367841496,0.0176636783779014,1,0.964381049619686,-0.581169846562122,0.527282070959985,0.916015978424789,0.147141741376812,0.611164992696657,0.128994342178623,0.759419363284079,0.133216024433927,0.698917822271249,0.148158948706224,0.497826403509104,0.199352447595843
0.915786527308574,0.171220326118845,0.807977981686369,0.141445647108812,0.713005645931137,0.193643174514217,0.00630388259581271,0.0935680001513599,-0.0147431986328438,0.148097242614042,-0.784115105285186,0.0550310493106424,1,-0.219908073654684,-0.187504279539487,0.33038778982212,0.548648151642723,0.148687780652237,0.407046069249603,0.153160951069634,0.564779246591322,0.153367150771691,0.556490050072796,0.168023304981157,0.243991170078923,0.225046508382772
0.882093318192726,0.163500881286369,0.813901846782198,0.181585399441752,0.645927500333553,0.172082321837423,0.0878392680138384,0.204797346616805,0.0626510255253417,0.151990369021023,-0.901413012939156,0.0241323064228831,1,0.263021919440513,0.219035103529869,0.411665420720112,0.493389090109218,0.154343164395883,0.669024434430789,0.14277857148892,0.651414837479865,0.150288359089308,0.710637307268314,0.143038661419172,0.542776719041957,0.225043848596386
0.88597219654578,0.185348631413602,0.995870389191367,0.180564958416398,0.81747855940508,0.205127031982738,0.102627681736534,0.214354076483029,0.00984743483229266,0.195569788915546,-0.891923661063683,0.0245058935721287,1,0.0339979452854519,-0.159537412614443,0.423747766226831,0.710442557086522,0.132788719147439,0.601262200873784,0.143009026561574,0.585027610847108,0.146984657717105,0.967859094273873,0.140584948447737,0.604744514788218,0.241084536596601
0.822018462538689,0.199447046906723,0.977517893469454,0.163817320079554,1.05342103928671,0.335692002109097,0.182674980842334,0.234811694851526,-0.172945489698708,0.144079849666435,-0.822587315302423,0.0482902565970157,1,-0.394247284944028,-0.133035338415337,0.376634680255454,0.591084517430742,0.159383616003414,0.699261735351175,0.168499982244788,0.74940754270098,0.167922335100432,0.800362885448606,0.179300647818437,0.749492559288588,0.239726287274257
1.09761722994223,0.229893547466294,0.952585382077645,0.192658869693065,1.14046279750923,0.392823933042957,0.28218331502043,0.383421051831907,-0.366257950707193,0.309376718548309,-0.907541721488098,0.0291747673113704,1,-0.645625736172569,0.495528918163165,0.40449014575745,0.489461853866992,0.189964932321302,0.744200522679143,0.165922158753733,0.687720827320187,0.196457265967167,0.762950156418542,0.203378043696734,0.975780690684902,0.210456341392216
1.06940239629513,0.189845055531123,1.16203772205056,0.18551019850953,0.926012682202257,0.260358067850137,0.268011945753088,0.286256304440134,-0.181838073849744,0.252333999726471,-0.825133674303143,0.0431510414732939,1,-0.365005391310067,0.5723582718327,0.478681352632306,0.583955192078007,0.180740190059421,0.754100610309169,0.15963243555403,0.672445968603876,0.16612130325051,0.827235427772848,0.145438038169303,0.636402664404863,0.165205284657073
0.988912125963293,0.197405926510004,1.08154310072908,0.218382662032997,1.02885395536075,0.33249343847292,0.070404081736976,0.208513036049337,0.201760241396531,0.234757820028786,-0.876450055385496,0.0316494789661959,1,0.749652172363588,-0.080879026170836,0.397969221274274,0.684989843045476,0.170765810885233,0.502752160218026,0.181392097962211,0.838477281433572,0.153149743123795,0.443153748611804,0.195962392296,0.536034630237386,0.205020969412979
0.970519590681466,0.206132848219378,0.87413124005493,0.157809528253301,1.26879459569769,0.360974575353625,0.0743185352933967,0.210608810250274,-0.208581760438904,0.239905938879196,-0.917373124477095,0.0233007528594857,1,-0.679253832746743,-0.343055894658615,0.428863302105583,0.960005641585843,0.151041094463619,0.59262964367009,0.161853128167875,0.565699196077485,0.163587731904437,0.820802375220881,0.173679485860024,0.865455253856894,0.209209784970372
0.977382019651444,0.167238198419395,1.04589403419355,0.173802330113318,0.738591931986342,0.197531728574301,0.00231768998259067,0.0512833876365296,0.0413725992062567,0.171840889545456,-0.882494135917276,0.0268211238155189,1,0.999960521839012,-0.42952141318789,0.332420050651497,0.82414762664904,0.128582012291333,0.649285580499987,0.133924334265431,0.809390486074129,0.133660578055218,0.75992998941086,0.179427111812225,0.393190789178867,0.238271829004208
0.805544999680238,0.161378713905855,0.989700399320877,0.171314259300904,1.07833369000162,0.296349047470964,4.6864349920712e-08,0.0284248639211257,9.57285885222846e-07,0.19987312186758,-0.924378359989878,0.0197722124454354,1,0.00425837369041081,-0.322268420574219,0.395371416919,0.800971971592188,0.147253411068055,0.567461854169487,0.147986744987721,1.03082294069253,0.144125614060177,0.632112303957333,0.202357136372368,0.765399761502539,0.22702164055668
0.88092737855679,0.181736343075891,0.871172844958204,0.171512129098392,0.913064432916727,0.243892465985785,0.0167691514563468,0.139137679514173,-0.0662824986690171,0.213615156875765,-0.905506870753858,0.0215651725971534,1,-0.53566419146303,-0.106417120277726,0.476658714320847,0.747926941047621,0.160334507396186,0.666833352271281,0.151463392059329,0.607695134582586,0.147579004049625,0.484131099133448,0.168977369620328,0.855763522756784,0.180315945640826
0.808073957599871,0.153705158666103,0.779931181794991,0.141679645531266,0.452941357179464,0.123028830877429,0.00647277220030498,0.131796585920032,0.0214677850077611,0.111483116547666,-0.855065130460397,0.0363644122394557,1,0.396479819822849,0.350294932656139,0.360069306724201,0.397846996073129,0.15723421859925,0.554197188705687,0.141512756498464,0.536206354347894,0.161856651775271,0.435683402238884,0.180289813678898,0.968187374826148,0.200994952570803
1.14814159871465,0.211147466827443,1.04648269521353,0.187759262223001,0.955556450780157,0.26499557650034,0.181361526952495,0.312983380752622,0.238267073067383,0.231275821975167,-0.890355598910274,0.0253256387360514,1,0.572352090909725,1.30753159452507,0.527118027726136,0.552454417226177,0.180789472843805,0.482739766104357,0.167827775163783,0.673421437882407,0.161946452143337,0.742621450149711,0.18295720546764,0.748086707779387,0.210617943129635
1.03242510353014,0.201633270537828,1.20783709897892,0.20730524064257,1.08858290452855,0.315002778638136,1.18945677082719e-07,0.0329758338628107,2.99291349787476e-06,0.230457541477017,-0.90852704775237,0.0261876262811154,1,0.00831742854683398,-0.174527896921942,0.437596993737088,0.700617207082269,0.159511711087066,0.633882588757378,0.169332480608127,0.895392957019141,0.167437516736707,0.564121341767864,0.197858062715407,0.955855994930876,0.186846260959108
1.00887633914323,0.2204109382259,1.38958907838546,0.242721717479065,1.58489153937879,0.475861384949001,0.567011771372481,0.449800926144545,-0.828861247784541,0.37741896927511,-0.920362654274115,0.0239413869113892,1,-0.87435142914205,-0.0265943228209429,0.453768006023083,0.897286708631471,0.15776118097826,0.832076790302215,0.164277500951855,0.888500203394019,0.18787571866281,0.97509468845321,0.193941465787976,0.877105636827739,0.226104212183777
1.05013698114205,0.200118773878787,1.00306531836989,0.165643420420004,1.02843347837598,0.294815492874625,0.0151638508926473,0.0449328536243815,0.124879960982886,0.160506031949383,-0.909583090318313,0.0231131913906154,1,0.999999767104576,0.353542074590735,0.461612628948524,0.615828572409834,0.160608487702543,0.712129854898671,0.150272115345333,0.500260499708088,0.16431659809044,0.805000862326718,0.17187434964086,0.926624621175224,0.170693504504381
0.801233934811756,0.160500624489169,1.00738005654968,0.15817163413601,0.787251270726015,0.210163619127996,0.00433192623395311,0.027731567910331,-0.0583978969875598,0.187093181642721,-0.838073694823179,0.0367724164598825,1,-0.999999991232291,-0.114729051373759,0.374095972978173,0.636924051278082,0.123939334600396,0.539093581466075,0.134336672096669,0.622649439518842,0.176427964729977,0.341167318297473,0.212276589004297,0.484967472136179,0.260138485536719
1.15266184597876,0.234254023575756,0.896738902780094,0.176969792932286,1.12650652225445,0.352214001398506,0.0343073285027874,0.0819056805429695,-0.196589493573821,0.240286330679614,-0.912617406499768,0.0261255623323672,1,-0.999999995654245,0.310806687313313,0.446333106078416,0.791718383544621,0.142894070643521,0.723139019217955,0.163422204288101,0.625167109015389,0.193162442226087,0.523078941020196,0.213500519883932,0.939732492119969,0.211902279908537
1.25925346352895,0.195844826089276,1.37303174024099,0.210515000860595,1.02808333158524,0.29304275274616,0.331944133118874,0.417403960975614,0.285130500399265,0.211581556590654,-0.924646604404233,0.0220841313612902,1,0.488086750652702,-0.0341423613328022,0.381980739411834,0.915162128128938,0.154302808020261,0.569750602572876,0.159871054506283,0.848845992258112,0.169647467561658,0.904838358164186,0.185911729545602,0.924841153432684,0.215018270757711
1.00754108012989,0.178230976956756,1.54412856447336,0.22220290590485,1.04519526975769,0.30933633308429,0.00475814155307998,0.031141359323732,0.0705208242542777,0.228644026511064,-0.902887618754374,0.0271344392388226,1,0.999999960728003,-0.296793710301391,0.408879629609656,0.884327787307907,0.150779768678892,0.575376518616088,0.151929575260106,0.910978085096194,0.137663286092773,0.591482319270867,0.198650048346475,0.55573892247164,0.240778389611505
1.35441203855085,0.227161462748233,1.0637427400482,0.213879946910185,0.826955691877464,0.213451909540593,0.143836364503388,0.365135056265962,-0.0852682045184896,0.157676291045229,-0.914361096145077,0.0231115948085558,1,-0.247235966079864,0.460334566689287,0.44688213141769,0.585679574194794,0.182796501863424,0.810026861202907,0.184138021722522,0.679359587580652,0.179353564557471,1.13659788436963,0.168024719141867,0.757339930110063,0.208706414726598
1.05239687480037,0.198784742043448,1.22996582215932,0.228165609279899,1.06880908362261,0.350201339474749,0.278088918861417,0.285895058108612,-0.163794023751804,0.295845002545852,-0.929745522988277,0.0197412385633676,1,-0.300438885303408,0.313496667507199,0.412989734424081,0.616368194814048,0.167252809200416,0.99094075382063,0.145119675496492,0.705704671563511,0.178923310680764,0.809188295445936,0.193159436580225,0.73666533583207,0.250144395430338
0.817266938621466,0.161707416530617,1.11395617474655,0.179589408151227,0.786853410108844,0.20446671072702,0.0279452215335973,0.064829069579237,-0.148286185604,0.17676166855997,-0.875903531243433,0.0317219307308261,1,-0.999999999568546,-0.060393779267171,0.434777326211545,0.774088632785609,0.146086048093181,0.613336852181287,0.129742750920538,0.79211626111062,0.140055179632557,0.565750382566352,0.188370787057659,0.543385708093046,0.235279349401392
0.891297029927856,0.155668776730464,0.766203621916745,0.134704070865136,0.624848952726351,0.155943969333116,0.0373444520962754,0.0673855645065313,-0.152756805336532,0.14300092579911,-0.818775932208401,0.035208238417158,1,-0.999999995588666,0.198082200922638,0.327465160509071,0.484712224891785,0.146935401434703,0.488926056847109,0.147475962611014,0.556596498203224,0.14512659772456,0.734380970752102,0.164767173931214,0.149473228375949,0.259189472457094
0.947682202193411,0.178393102877809,1.00256239089942,0.168384994859994,0.811005749938835,0.220104370672951,0.0116509996108486,0.0426447923944175,-0.0972061092566359,0.180905366727287,-0.829628399300365,0.0423914854899436,1,-0.999999999993633,0.318523046855241,0.413387354959308,0.24982301540381,0.187918717503427,0.735815734801028,0.14215371291851,0.659635966371384,0.13916688862477,0.835499538343119,0.153577784835551,0.750587105876556,0.195283944369258
1.09873297923382,0.203780547396715,1.10456996670759,0.192183240945045,0.833057736386313,0.262247764205229,0.0400842788865129,0.198376411887138,0.167714429371735,0.210642973741612,-0.916756697565867,0.0240858893184317,1,0.917795323339914,0.794056307821882,0.483595173471087,0.620736717547506,0.186543254862238,0.746390825814067,0.168686510395663,0.634281860365646,0.17627247716046,0.421358848300625,0.214752003120507,0.946595495848025,0.201344389381942
1.14084331028118,0.199298965401875,1.01287118032463,0.152788356171016,1.15748247042118,0.307834080014008,0.0107626131146904,0.0440651344336825,0.11161333250856,0.228676518605431,-0.909788899550197,0.0215441788391877,1,0.999999999096409,0.224850720909054,0.443282601638358,0.741403584075235,0.154294537015283,0.79160839361932,0.147403301711407,0.595858989904893,0.132249579768031,0.792524244860421,0.164501240018714,0.457274718893883,0.236860297532559
1.38035935208619,0.194248059806616,0.964725584383032,0.117097069751328,0.81689083119668,0.216758774068879,0.0138059716698145,0.0332150313645975,-0.106197793711985,0.130497829253922,-0.859147191339052,0.0333817372475506,1,-0.999999987429508,0.745324786688828,0.366593756793562,0.680208537591494,0.139571047275884,0.351051674728677,0.159620447343721,0.661767225047712,0.147216470077544,0.710555530374959,0.166938621400028,0.632627053853475,0.171383615477008
1.08479534966487,0.213549078771127,0.883602783458109,0.139425266906622,1.06187077934676,0.282638015038739,0.0611467981564121,0.204715191842058,-0.254468415446472,0.188163344534333,-0.907678126819543,0.022567847252171,1,-0.998645133624665,-0.530808871084293,0.488387511102786,0.925346171369644,0.146469031119911,0.671819133896415,0.178283639184671,0.71725579557229,0.154275503111275,0.624732481948489,0.177110863495341,0.764636144174518,0.204543625671253
1.05312883965998,0.183146693936588,1.11166064124062,0.149562801442931,0.628459445662623,0.175903002622592,0.00548833549200527,0.0234490060756697,-0.0587298582072249,0.126525649082473,-0.868379442265062,0.0337704530987173,1,-0.999999994799457,-0.00545782930767896,0.44731165368267,0.649262476267078,0.15138464127326,0.51933426900962,0.160442280211002,0.815772015198125,0.165831169336894,0.66184218261731,0.159705435625032,0.796101195455879,0.181611448496559
1.15682943401983,0.198519755859529,1.35567509670258,0.187307658471088,1.38890278210454,0.379846908392323,0.13249402551428,0.177572226704073,-0.42897706302033,0.310925213665899,-0.910853239143479,0.0213687792257511,1,-0.999999999860167,0.0534883312053996,0.4160284257969,0.790208645274993,0.161395915334933,0.883413159582255,0.124826336852041,0.663048860745015,0.152584847978404,0.677228560339912,0.157695897182734,0.998100078222608,0.184988520408031
1.37103560593896,0.189304383884858,1.1497573266608,0.187656212665544,0.767300165492514,0.205280277668096,0.110639735613663,0.126601489712169,0.291365556343923,0.17592934329713,-0.914531126566096,0.021976815957169,1,0.999999999865668,0.197878773746092,0.4181211080615,0.405210316708227,0.188765697013492,0.874095963215148,0.152729785043997,0.695096187012734,0.134475282221999,0.496976156323198,0.169413806480341,0.877180249411296,0.172743752686227
1.32668521616485,0.213322274756899,1.02638916827015,0.147917287976677,1.16107378917459,0.308732499417366,0.00202523597744279,0.0182349144628764,-0.0484917347574429,0.218629737042291,-0.892357628281092,0.0282902013867076,1,-0.999999985005834,0.219212198995833,0.425650603050529,0.898281622501181,0.14022363940005,0.57434144784687,0.151373059222605,0.635309672197748,0.167563787160976,0.878831280855142,0.165729194216967,0.859275119682556,0.193724754969205
1.29653800306144,0.26740897382506,1.41584711460436,0.261077216788477,1.6552981182398,0.546127638368192,0.289977602468673,0.284052204241678,-0.31251412014865,0.333938663737082,-0.934300232473405,0.0233260917597309,1,-0.45107556994505,0.477308436274175,0.584418176215048,0.769494685041087,0.190025171142998,0.85980083287644,0.190067307903024,0.907140208895723,0.197146169657576,0.845107745744739,0.234689144456763,0.915643342811741,0.19903826245317
1.10838881903603,0.203125258891766,1.09080587916355,0.214276439019701,1.23858346226475,0.377767581299733,0.00705138826305853,0.0402204141343217,-0.093454441878208,0.266883767077306,-0.926360400589689,0.0209668244489758,1,-0.999999989588374,0.434921536298701,0.409428932642112,0.916717283865153,0.154791566472306,0.792852476615433,0.160322826250487,0.866491787949164,0.170130012186323,0.661643082154001,0.191188562696654,0.692644745147985,0.235769407632377
1.2459469844592,0.220159417210275,1.18499306280978,0.203318964267013,1.24592787500901,0.380104771050147,0.0205835278894587,0.0768561218440885,-0.16014240900892,0.299888775480733,-0.942434160326952,0.0160357223547049,1,-0.999999999993729,0.253481773467665,0.44657926615248,0.796505958699421,0.180821929740901,0.603170315977637,0.195690778807015,0.910211655643058,0.168205270188505,1.03119252980487,0.170298432951366,0.489630155725051,0.245486006992689
0.850581709430816,0.169713422579326,0.886284933233553,0.152950420263931,0.855468775576814,0.26257767275079,0.022948102116715,0.0549724289820447,0.140112043779077,0.169546087780689,-0.871652982892833,0.0346536087615817,1,0.999999999805213,0.23115081328155,0.342843907784171,0.513688376685186,0.140376965076587,0.407135013498878,0.154300992173178,0.547294460085221,0.181678130761464,0.388482216177399,0.206919109985342,0.831264352626472,0.212249252488344
0.700412613957149,0.18667774025748,0.824091757442619,0.189238746058008,0.99066787711606,0.32989793572222,0.0693291933565665,0.17261730181346,0.159914747507478,0.19964559164018,-0.887458755598621,0.0306064908145372,1,0.610191849806588,-0.409626766398415,0.400413193555371,0.553343413848585,0.160657977805036,0.743839899998533,0.170679659705292,0.593603458880456,0.17874364617139,0.472715584871746,0.214225783831102,0.976793947432098,0.214489140847278
1.11831285630441,0.189750225208516,0.797010882486741,0.163063454821561,0.963392984388515,0.279934665586219,0.0908497088025854,0.108616489889418,0.295844506550714,0.190434275624581,-0.872558162992288,0.028502240221147,1,0.999999999783404,0.260012797070937,0.354617357869219,0.628559983310731,0.136714384056933,0.605023927665692,0.125410367575265,0.627921487540228,0.158600010189225,0.487334942313296,0.20964100711216,0.620517477493872,0.221690531059588
1.01358174925387,0.197565955654722,1.26606031673667,0.152369652319857,0.686985896977568,0.187111197703747,0.131406919306873,0.123564494642388,-0.300457484969588,0.158551148665857,-0.861516716730813,0.0355998635106515,1,-0.999999999696258,0.232920038536879,0.390305063609386,0.774850298770812,0.150835447906256,0.464241921899987,0.169627686071382,0.707679618096133,0.15460514138174,0.429227494151894,0.199297662109363,0.635030882384987,0.186071538441411
0.91922684039951,0.196990738880983,0.87652479304751,0.18254514232981,0.869692202353735,0.244183139807774,0.000625527776370957,0.0448482251813337,0.0233122424728673,0.210634205007323,-0.892626428944056,0.0293163570551767,1,0.999488873642789,0.18940053387832,0.524689982438296,0.71630944043409,0.128231451846302,0.546288837358971,0.149074422735924,0.151384335539621,0.203841197031111,0.533631244646836,0.205498349968239,0.390440385045597,0.232222984949321
0.807382471888663,0.153525066856438,1.04374309518566,0.168597221034079,0.633124709120992,0.171339040913085,0.0956703054255346,0.213633028340978,-0.0224002038016516,0.135794401592492,-0.871926872632512,0.0316454871359301,1,-0.0910162122477605,-0.214172370236795,0.334274950607564,0.66957695424888,0.129570718243892,0.657335047577277,0.128858025403252,0.501225520426307,0.169141232401985,0.578074981597376,0.145447026345329,0.872498956784992,0.1877864450402
0.662584736303632,0.210857814646081,0.968089203552987,0.248816606634539,1.65027517907845,0.543046123439984,0.195673956342745,0.243558739970575,0.568256872676598,0.390622798357735,-0.914689781016487,0.0279468847735118,1,0.999999999999495,-0.732847266632416,0.435587044543943,0.665090291212401,0.16358275668177,0.763369501398391,0.167555455836007,0.809763391909269,0.173574429637191,0.495364831725652,0.255967783228785,0.627637070455272,0.282855911290657
0.863349951943257,0.182895981881285,0.84288142287344,0.1678798168451,0.780961894579694,0.251870147676737,0.0549046930338716,0.128846997875151,0.051418972884312,0.16515680115947,-0.902648169006423,0.0264838326593086,1,0.248315449693364,0.0955888632940725,0.417987500269835,0.374195146776345,0.180596713895111,0.669012366064219,0.173656935770146,0.82179724348001,0.175609568996683,0.621415067537366,0.195615145048508,0.918282526685252,0.203382415622249
1.18740379204343,0.231538997562922,0.999010047431244,0.177603676087251,1.08593448142075,0.289691662383292,0.266778931475111,0.379114637519101,-0.206785541081667,0.183539642559773,-0.880636948050265,0.0344795407216328,1,-0.384186935682825,-0.0592625326509514,0.443917392995524,0.794662393323578,0.172813516331572,0.677937865123788,0.142634567889328,0.748432883971757,0.156527914649843,0.614171213749898,0.185752801778615,0.779853338305439,0.163972351241363
1.25296062587046,0.236734061352097,1.50727897103579,0.218189058064263,1.22242509140348,0.403858554022419,0.569874050739597,0.525468466358349,-0.441927170607208,0.275244983020515,-0.924401136679596,0.0244995568118242,1,-0.529480700811716,0.173598570181416,0.474384797921321,0.60374902947039,0.175280566143074,0.71134184067669,0.181914450578725,0.657605410716975,0.186055652916058,1.04495505808177,0.187772206197628,0.84149028671029,0.233127283879664
0.890363229878029,0.198413121618166,0.845993367795229,0.161758797880633,0.938838877814869,0.275699050152602,0.120567270816916,0.239714279969622,-0.119075166190283,0.209849936374013,-0.884296882704871,0.0300728100784092,1,-0.353924761731766,-0.54968546501814,0.364828092795968,0.591248455339404,0.168615977089884,0.413990907359782,0.161787576673592,0.472464882919687,0.173450867387974,0.699515554235946,0.162718248539411,0.645590960941498,0.183019324585725
0.971511897846248,0.189659387685916,0.565763389523897,0.144079358366046,0.878279623749328,0.256109899975709,0.216033253831372,0.31543942032724,-0.37545461628128,0.250818430379949,-0.891861560599298,0.0285053639725749,1,-0.861947355160973,-0.112132111278791,0.387580199238755,0.624181850644539,0.173802441820762,0.528465658874134,0.145649068706869,0.820013842025885,0.14255031013495,0.872177290582367,0.177447021246842,0.286654503389766,0.266421884493634
1.0962583325517,0.208340915084188,1.42350516769867,0.264094955044704,1.3188847943959,0.394195827025886,0.119346168889806,0.29919790540194,-0.0653936580388038,0.30030081501269,-0.92312984638948,0.0222524429930208,1,-0.164826850457967,0.178807104380244,0.425096655307167,0.904396437839681,0.138565102562193,0.478480696679214,0.166016911089926,1.05970069624816,0.140512823787407,0.742005794593561,0.190843673676986,0.600123341367851,0.25645411936082
0.860235126167208,0.227806958317955,1.14396036061944,0.168194841501726,1.19911617981885,0.330047740978606,0.144662951279628,0.25809785607299,-0.34672646925739,0.287711413168846,-0.923329151293211,0.018229357619407,1,-0.832487469337794,-1.03809381565006,0.605824037219673,0.874084245928348,0.165309432720507,0.806789975535874,0.153364364158727,0.796249033938469,0.138664729833014,0.88164194004834,0.147957500895447,0.461791362890311,0.27086123335739
0.968618652673749,0.193869892877621,0.978339850948495,0.211363049393639,1.12475252151605,0.283584801351608,0.402304530885404,0.346045745956153,0.037518875763175,0.238543948538471,-0.891805204876792,0.0260301894185164,1,0.055775550682064,-0.520394901515104,0.378488008791301,0.797190636307162,0.130165315149214,0.660369736135671,0.136019038407267,0.642830938746148,0.14519276493678,0.775552015003221,0.183012431909048,0.855516064743639,0.207847428485732
1.16531769888272,0.227574539075087,1.38584958499805,0.277390821357938,1.49049930977901,0.467917348593363,0.846003003787723,0.665420569905275,-0.153765165509373,0.327831137186979,-0.911995794906165,0.0263800403009759,1,-0.136932367788352,-0.247282288906457,0.394928281396136,0.85557785200946,0.169834430650986,1.02797237706843,0.156387248902825,0.630595776061622,0.192350750494238,0.772650163457029,0.211003217778154,0.643701997281259,0.248028383926552
1.2495358637938,0.219180130865386,1.28867720210923,0.185093975000196,1.15449472249181,0.330841930419424,0.136100715407431,0.218964391413478,0.106639826625742,0.281948595530833,-0.903691057543714,0.0286569338870882,1,0.269025378019136,0.150992337422457,0.471132492560655,0.863745528243509,0.157384003358352,0.742824331368121,0.166333496515453,0.785534405713851,0.149397065731215,0.98023814252228,0.171287946422545,0.355652951380971,0.221058501481343
1.09850239711321,0.200232237544158,0.955955384631442,0.18051901304509,0.835357810554647,0.233515345675398,4.6769955381509e-06,0.0405482266159363,-0.000486990661867922,0.155802090042201,-0.855034742553385,0.0379159114015316,1,-0.246377410886238,0.797010120713001,0.414223786116426,0.716244327644512,0.142788780620661,0.429107319494532,0.178806676688225,0.747518316210277,0.165432811178303,0.366473940422641,0.206838003408491,0.451341039587685,0.229076171839705
0.928582304240684,0.185488870337954,0.861282640447444,0.180746907814417,1.1293687723783,0.290405045233062,0.164967998150531,0.260643267291159,0.141848904304714,0.198074865904357,-0.919979197877893,0.0196615061041679,1,0.328630786162592,-0.718995174507799,0.529248541797427,0.931666430026485,0.162199145267183,0.823955281060446,0.151280263213427,0.685622766810147,0.159561188297028,0.86219498792192,0.172026753443229,0.568668406537383,0.216996960145505
0.874997227437247,0.177831243514552,1.07713094432433,0.181963799649882,0.878409694306032,0.246140752077077,0.311772962744785,0.287304445135717,0.189295077484009,0.182731488035262,-0.834846723744068,0.0400401026302472,1,0.361719178170049,0.161658454017646,0.414804683590455,0.542160590146147,0.171676168214269,0.555285394278766,0.146555023131935,0.74559417384696,0.127134520874519,0.508856496078424,0.189854349453924,0.532494150887105,0.231866673532582
1.36974634721006,0.227532183087782,1.15440479730131,0.176916137321125,1.59602499805874,0.495824521376994,0.0242183855848723,0.0768298089695854,-0.196604036617662,0.312353232772669,-0.900932624415893,0.0276702187732153,1,-0.999999979410183,0.515028144099528,0.412141742190058,0.786878683501683,0.160546703538665,0.711254387997935,0.162975396381603,0.969082492541003,0.169628687460587,0.689301179532866,0.211638702154877,0.341152818762845,0.250637578861675
0.986582480583982,0.191474231648258,1.08051105771415,0.144689582399672,0.934017943578592,0.249867611402982,0.0324392720805092,0.0740033413741603,0.174065678226429,0.195132060066245,-0.881421676604934,0.0290116261915262,1,0.999999969249721,0.097579252107364,0.45970918156341,0.603899975529264,0.137796203271232,0.698564995131452,0.139650902594337,0.709492514185604,0.140785266434767,0.8353544338951,0.155883744152994,0.364312444753015,0.260493173079277
1.45782390981353,0.222761441603761,1.05558817201225,0.211526020203259,1.16890741674884,0.363349366925349,0.477424351969033,0.391526182842373,-0.100758246192888,0.276065023177186,-0.905740462234478,0.0262166250967906,1,-0.134877112163367,0.399976955585533,0.412189359119604,0.80434199822375,0.157656330203119,0.838834872925463,0.165024301920954,0.915742104044724,0.191684051796739,0.783759477638779,0.217704185611681,0.924339090814773,0.161593823444409
0.883998725589335,0.201557441477806,0.894722290309288,0.145832715065165,1.05339687563044,0.330197409838824,0.101248870228734,0.152420757923618,-0.103322784517843,0.212658247030597,-0.898794539812219,0.0272014986698366,1,-0.316377067210922,0.00464702597077539,0.39191130379494,0.709165586089441,0.155267408825996,0.566989453267201,0.174454660780829,0.571454129905503,0.167517568304056,0.696903799993532,0.187344407608855,0.968199787099802,0.184145574446547
0.799704519432583,0.181741940312612,0.771552407532165,0.158038332267861,0.841895617380819,0.250728075893414,0.0784843300624006,0.116803600680641,-0.257051771370506,0.201258568886067,-0.863744034184068,0.030845217437992,1,-0.999999997367487,0.151889541434134,0.417535112080944,0.567414480803268,0.151900225540221,0.456324374023384,0.170230267323734,0.491366795896412,0.169144974693247,0.744062040642736,0.157448899696381,0.762895357198631,0.19322505381475
0.909328416463005,0.184174767857374,1.00503127543245,0.191546222258504,0.987557799441216,0.265639116684863,0.00062568029672779,0.0116948622666882,-0.0248575028337792,0.232496726358966,-0.897388757025882,0.0248939404882674,1,-0.999999992022209,-0.0804619877455753,0.460493406265145,0.909175480154898,0.148905307353784,0.584855301976607,0.157609091287216,0.42606602303244,0.184068088198085,0.568351660360911,0.133250335334772,0.991660869240452,0.144762361870929
1.4048813544992,0.167609479480987,1.08669726558913,0.189907411002471,0.536153331605894,0.144560337933224,0.161018352067419,0.196016961978109,-0.0356757450562581,0.144051603806455,-0.915967589988624,0.0191703586301196,1,-0.12142017611198,1.33917752360969,0.383921791459861,0.597549359556475,0.159531730658243,0.715884292085154,0.14912750231477,0.586864137544091,0.134530586553072,0.472039642969677,0.181195639397166,0.933604704600984,0.148350864787449
0.930607260292029,0.147048633236869,0.828597764740458,0.14173745656453,0.60578748179215,0.166497420057636,0.0116319607673541,0.0352983453750443,-0.0839434101556466,0.128326184783908,-0.882765544964839,0.0282558636415506,1,-0.999999991981731,0.216952376255845,0.306565633886,0.453246663253879,0.157053171293529,0.530198819918782,0.154702571399959,0.640918421245814,0.143583857168163,0.450070827097257,0.175363208053409,0.445404075903383,0.193016917534265
1.24352816715133,0.204156692892186,1.28344762406694,0.177098278190233,1.34622157028847,0.387736509079361,0.022412521494707,0.0703187076059479,0.173701511228044,0.263353170436947,-0.927231274169787,0.0184336123676219,1,0.999999919166996,0.71485943634831,0.404299243230802,0.714855957088418,0.166452000128886,0.887748575081163,0.158217914913011,0.99104792520119,0.164996040922078,0.678721242995119,0.1962958566456,0.957667573395611,0.167374796257586
0.992129460972636,0.170589159144113,0.91522487794496,0.14217795404067,0.739160203519137,0.203097664175036,0.0165766477730249,0.117625314152716,0.0699397107058037,0.159911954562811,-0.810202507023402,0.0450704804254398,1,0.631838650255182,0.419650228029313,0.412588964555173,0.505781409787353,0.154121478661858,0.79432350520883,0.140270502942057,0.125658468750748,0.200545866820225,0.513619597855485,0.177361379849602,0.631094344011402,0.214233419586727
0.742080064838561,0.18519802753225,0.939300735360576,0.171361139362072,1.08910519980701,0.29297736260038,0.00715163609279025,0.0432777495621604,-0.0882546538809449,0.268816708105809,-0.928135829707022,0.0176792718264884,1,-0.999999992030954,-0.446685874782086,0.457824122010323,0.611289108504761,0.159223643440808,0.76059224737335,0.131693599398196,0.557192283811491,0.160902814560929,0.88721028737262,0.148062408040121,0.505465981166348,0.230584714963649
0.903988859805748,0.197037772059762,1.05952231319496,0.216468141227178,0.802268409227065,0.262651311295187,0.003967412084392,0.0392522044162404,-0.0564174257225694,0.270761431199593,-0.913182682745255,0.0253784804625982,1,-0.999999457020201,0.297128728895694,0.424376037618847,0.53447047664845,0.16590327723507,0.565135819231169,0.171061988735066,0.869089146073141,0.159734853186346,0.598887310751632,0.195797053013371,0.633412420891195,0.243488101942718
1.04899693653462,0.178781345608316,1.08308552468311,0.18641336910987,0.873916312063479,0.255417163616346,0.401742632178468,0.356116824584612,-0.273064115003474,0.176825755079984,-0.871309819082964,0.0304813028392358,1,-0.460845920546012,0.145834396363922,0.423596746212367,0.878692061279854,0.13564528162848,0.777207516227372,0.151686469699479,0.62507215217515,0.197712489679517,0.504298856178039,0.224138216875372,0.785183218878748,0.216660061635302
0.809771289776286,0.197123876424223,1.13333725836437,0.183106797070988,1.21857914504938,0.305617173660424,0.202731195042477,0.21664552149117,-0.497035216364412,0.282160939633467,-0.877420402992484,0.0295138554686108,1,-0.999999999952878,-0.483797061415244,0.484341319082756,0.646529201975483,0.165516728595579,0.829186414662056,0.124762978468075,0.757254958611036,0.137400575485322,0.469841598243096,0.200024403108172,0.494012569773536,0.245312621234562
1.03321778506723,0.204215063806383,0.983346608685515,0.186133098266674,1.0299007121546,0.280494668618206,0.0983510266707498,0.255149764607354,0.318260032482704,0.217095297814061,-0.884314737221153,0.0321679372448854,1,0.999988428741576,0.0160183777183693,0.488216681952729,0.718234381518949,0.163919872025872,0.649593549849128,0.160841336885641,0.478735992326551,0.174027293305398,0.655948111034354,0.159929853523805,0.611871127186487,0.178033949850861
0.878594320847679,0.164631265217023,0.937340184174836,0.176536643874703,0.795566768693744,0.201026726992309,6.29010191778462e-06,0.119114662668474,-0.000275173809074966,0.151086914206611,-0.899186760647735,0.0230193102084551,1,-0.123009863722449,-0.308385541105446,0.369049414483323,0.722554573255734,0.129390885683993,0.453493267855521,0.137824712878388,0.44328521644226,0.16001159822654,1.0681928888909,0.138954253855365,0.50626162091281,0.222229854906805
1.08446636677051,0.243571013517555,1.37966984997258,0.291473000884676,1.08412757024214,0.388195920914127,1.06174376739206,0.910314691498879,0.0257599308634333,0.362142056062465,-0.929712402224284,0.0233200084423831,1,0.0240101370178749,0.220300035689261,0.49637466248816,0.725931566164863,0.180206481511465,0.768289726931342,0.193212961422257,1.00743936905429,0.201568360659633,0.807074656911855,0.222108135566129,0.83410174467124,0.212907293569457
0.903971812800042,0.169113457157719,0.987827792552834,0.16878152627816,0.790509542858895,0.232975470264244,0.000395289241335829,0.00905509866765424,-0.0176771013508962,0.20253136121332,-0.874041704093478,0.0353079884113602,1,-0.999999991526546,-0.0555198845139507,0.369975384389575,0.456128288391666,0.158770592656914,0.522201199420705,0.159385547069075,0.852686104013437,0.147383142464794,0.609677430244223,0.175408889946932,0.646985492823073,0.257380087985043
0.581169697258258,0.195899654271608,1.07412410567679,0.178534119564881,1.08334087851621,0.347464130186362,0.107621665878525,0.163201456475732,0.341454169768183,0.27867432404878,-0.907494323620162,0.0270498182284382,1,0.99999999996509,-1.61330894065723,0.458335283143743,0.827525863709721,0.162271341331702,0.863207278773059,0.172784453887645,0.453122765399957,0.181678445433916,0.767890629390103,0.190998308810235,0.620653425147621,0.238520963388208
1.22026990582952,0.190621322116877,1.29914811332238,0.199952312984224,0.971460283168583,0.259752391867878,0.246144455944574,0.29520444237519,0.366414812973871,0.243254299446802,-0.916566092089028,0.0211586922413522,1,0.749316797675643,-0.0700415212522942,0.463265017698419,0.882281523237425,0.155911676902901,0.878110022385669,0.138333134017603,0.37264779583976,0.172897332338699,0.547585143642476,0.201859445060022,0.985394847580189,0.179730407991886
1.53292465034456,0.215643727880343,1.06340640107795,0.185144500632272,1.24657086883629,0.341648026471832,0.033066120980493,0.0693021837232353,0.203025275501786,0.215992336321752,-0.908312540302616,0.0239150485911462,1,0.999999991907632,-0.134783261398141,0.440425419466769,0.972829894110627,0.136455822871458,0.888209063284605,0.126286473795238,0.864249381239308,0.152575030744842,0.784779352335634,0.195416954621444,0.549797698149079,0.250880309465119
1.49135524442379,0.253814617051872,1.46056328236699,0.268280321908771,1.22470071009854,0.419857670257711,0.774423332740532,0.628257534875691,-0.271112497021457,0.317361867295605,-0.921805720506098,0.0230636511434845,1,-0.278384683745621,0.183979969150527,0.544615158494709,0.809352559792387,0.196481770054732,0.875227834053046,0.1839935253023,0.772600183653473,0.17615390670552,0.646675532895952,0.210406187420169,0.9843114661367,0.188554279485729
1.17648691118704,0.240046083531243,1.31980429991263,0.202012481556937,1.31082657518193,0.423745068718929,0.0739837005434476,0.0955163757444625,0.31141580044745,0.220561352222274,-0.896469075149078,0.0309201835372185,1,0.99999999982302,0.0646265344722239,0.518831142791298,0.554765770079824,0.200568102098855,0.374415392739643,0.206556220860484,0.929164461508583,0.186929045710568,0.885081869510341,0.185715419038862,0.767787063360392,0.162313469464475
1.43740102733351,0.2869928307326,1.41192849075802,0.278978751801682,1.6229608610794,0.472974761367728,0.872508008044816,0.585622205218523,0.567603624837489,0.34674638660586,-0.945677971496446,0.0156109270043837,1,0.476986871915309,-0.684338408293968,0.657724082787245,1.12169814567936,0.157403421056589,1.08521756711941,0.150869476586738,1.04745928527726,0.18516361404156,0.995735004780178,0.160408884755596,1.19986516510066,0.154598991915791
1.1625418740265,0.206034329233473,1.04751619361638,0.176082802784683,1.11321878431761,0.313408395652497,0.040653634679741,0.0862823941558029,0.21273549251657,0.229578566262414,-0.91907806684531,0.0198257474276829,1,0.999999999999934,0.583211598989603,0.496290672396164,0.704996329861302,0.150977803485054,0.537997105060018,0.167220071916508,0.852617053035931,0.139062819986199,0.764586386203548,0.165479769406498,0.601229722894725,0.212967960521534
1.27757675733407,0.231366041943469,1.05195665401066,0.168193933263496,1.33094655924324,0.356681049900647,0.0249176252114268,0.0649558374079336,0.182109932567261,0.238247774195164,-0.910151649996219,0.0243286440699129,1,0.999999999999865,0.215145836464533,0.435989121003285,0.668510879886891,0.168696661729909,0.580844770749495,0.185649389496104,0.850346730978598,0.146896803648604,0.723097924796809,0.181781465529687,0.676102628443452,0.167229891387826
1.03924650474137,0.205704713587013,0.853324805078427,0.216659395794453,1.21889746023589,0.326215204306532,0.156686282330584,0.334867758345265,0.205773610415866,0.30858302683869,-0.917891402166081,0.0210400872282998,1,0.470858704518077,-0.114812752449724,0.423231995282214,0.720067535983564,0.14458997371829,0.566679000345351,0.166857772575172,0.718525942163984,0.131124408937188,0.606154785285486,0.182976265435861,0.431694009730733,0.216894120540528
0.934689494348877,0.188974113275322,0.886572270460143,0.152468574554874,0.872381540546592,0.260095976227289,0.035274153564126,0.160589666699379,0.131795903498615,0.171918446330651,-0.860854357811078,0.0389008993520549,1,0.751312089709214,-0.0910109869001887,0.339489487516963,0.706546922923868,0.157477154946261,0.570432210771237,0.157278287578704,0.6940719058752,0.164344832986111,0.726630310067553,0.157570027429603,0.379519740006751,0.240460008139521
1.21183299793888,0.185193608877957,1.05497540830661,0.133469615083013,0.798307419301458,0.201333786803049,0.00619296867072867,0.0287873286030041,0.0703128212811417,0.163402956573001,-0.858278384035477,0.0297971870857695,1,0.999999999916016,0.545239827474134,0.4370983694168,0.696677454211359,0.132365688552579,0.603340758416203,0.138171398241871,0.4886815000438,0.166352368031917,0.636386457776011,0.17867224115498,0.681883682094556,0.162192659664502
1.1270846344967,0.173082574556742,1.08302272550176,0.188497594112776,1.05307021860202,0.264542483802704,0.0968073019531293,0.131083237348589,-0.319288093466145,0.221258070909683,-0.937151540591709,0.0149373872363736,1,-0.999999999996037,0.0461474423944782,0.283692021977654,0.892119249711235,0.138308374167158,0.842378597526709,0.129853348113793,0.962777729994451,0.140407727830685,0.830195959935594,0.169916942168435,0.591287648550134,0.208574776070763
1.16080760342999,0.18689114481725,0.858138339647729,0.144708363049317,0.623567394626635,0.175528392172522,0.028124424943733,0.181425157737709,-0.0739151164288836,0.131882181919307,-0.892538509569214,0.0280961544169739,1,-0.558148472379547,0.398727575192009,0.367791201849217,0.737013673600961,0.147267605236269,0.614628513475434,0.155381012084906,0.511709761882054,0.173331612771494,0.564896140768475,0.1915821122276,0.54172254061137,0.194704395198487
1.27667236595366,0.211380403476665,1.30108136503807,0.254979279292732,1.36267137443716,0.383709551593952,0.871199170203847,0.71216109394212,0.763338677154258,0.390156706460965,-0.920083082234237,0.0215644815252179,1,0.700588452894145,0.179931953846953,0.391191175472632,1.06160946755596,0.155726407163062,0.446798686271034,0.193762563339812,0.92884735477415,0.172800227759499,1.08712102433908,0.184423872665168,0.783718296106651,0.202371200166394
1.32654419584081,0.205693947210468,1.08905114304565,0.198631485952862,1.01901717750603,0.290264634850301,0.366645364800813,0.275794759295104,-0.228187196324713,0.2670476272395,-0.930901831293498,0.017857044065437,1,-0.373316701925974,0.196096075157275,0.500827750951818,0.683309223014859,0.177514486471171,0.643834795013453,0.155738695832767,1.00211440583626,0.136110777185106,0.775683980203887,0.173516711118286,0.8955157256927,0.189244078831825
1.29310909239688,0.197922993993899,1.0973817639271,0.181211735679996,0.995430168174706,0.235998664605107,0.19232058521434,0.175874562722385,-0.0573247281587476,0.197654705122634,-0.886220804726643,0.0268729869374143,1,-0.131015813767756,-0.314122604986811,0.404219216203874,0.918700791640356,0.109761234976076,0.822353108694287,0.112736838243149,1.11559101057168,0.126260529611937,0.544769023620393,0.199496654067357,0.54938295527436,0.221902722521373
1.37999784318667,0.234860398092872,1.08142451337683,0.192174294199373,1.23089500424451,0.326926364629506,0.231484321842223,0.202144290428024,0.533791059561616,0.271722345163638,-0.894665502491752,0.0244437347095827,1,0.999999999914703,0.689217548786622,0.414080718587421,0.64449992858435,0.156647460814817,0.723035457294019,0.143016999743415,0.632296677880638,0.167237641156929,0.878170421026905,0.146121997604679,0.829315693919219,0.201630162241966
0.774388086836061,0.175436053379906,1.06875602225768,0.190000164935764,0.959787535146168,0.297083359950742,0.04851520362708,0.107917914019537,-0.21578759830983,0.247858983309782,-0.865044970658144,0.0364080069787492,1,-0.999999998689714,-0.343894818836345,0.441153387788043,0.692098639738642,0.158370903780243,0.544150964726027,0.161340906942871,0.511433368874386,0.171322071276882,0.839318705355279,0.196571142211066,0.701326633829337,0.213102593349825
1.00133816709359,0.202724329553213,1.02972814864326,0.173233105735992,1.33738330016952,0.404033440878272,0.144329869216682,0.255731593474098,0.106193956006589,0.289847517613587,-0.899707265902544,0.0290049492245414,1,0.241709512662751,-0.282690497329161,0.373786718529502,0.515066254572947,0.170717944587624,0.803759191451195,0.149358471699732,0.532505372029839,0.146375647425811,0.877240430438047,0.145996605642167,0.814446250390417,0.212291198659275
1.11516281499045,0.183180021501409,1.24045956660492,0.157563568906434,0.773595717421835,0.20963937463796,0.0987502309728985,0.301961721521384,0.0755836201211832,0.177748878206516,-0.919006873948699,0.0206204620205451,1,0.27346490571606,0.524803490946128,0.408141870058095,0.384886230321039,0.162403518895256,0.53906181913534,0.152377553460904,0.782114793002418,0.156497823375404,0.63637223316262,0.172985308298742,0.662858338334511,0.191994626385236
0.946336698339563,0.220249243495381,1.091531550825,0.211614210348715,1.28927301116257,0.406826306955554,3.51725682313545e-08,0.0029289213392392,8.45277561650238e-06,0.297801344683979,-0.93095536605989,0.0224199332524732,1,0.0396939989978923,0.756350339808356,0.566350020151084,0.555273801986452,0.197978566792753,0.80293302014643,0.168485090659123,0.724234253354872,0.186718087489603,0.602899918104753,0.219944355147166,0.800318513820196,0.176167014695838
1.70577156040199,0.252983103949454,1.21208279940671,0.257080760630516,1.29556996848935,0.382466701675729,0.534959337038817,0.542968570585218,0.209538342203269,0.311204575172297,-0.936751363419743,0.0175330356396336,1,0.251693894887072,0.751527417887218,0.465306058438384,0.786390867363393,0.183137445103027,0.960421124764307,0.144328341090367,0.867405190654474,0.168673980082198,0.818466173770942,0.178135378540487,0.672761784449501,0.189388204652392
1.20548241204017,0.246279186831409,1.43758128010201,0.2079429566599,1.74460533469914,0.489211415385873,0.324882574302312,0.319867989675007,0.0565257827819461,0.309140077684626,-0.933889915633118,0.0182596056395602,1,0.0750818177265233,-0.127439885534141,0.395506796920208,1.03359590156983,0.142137573513426,1.07152516942938,0.153588395139528,0.793343181461677,0.185815936371229,0.836377150957678,0.191170506428681,0.946453485797046,0.179510480075622
1.19110360882875,0.206443708425971,1.14729966219746,0.187057699169974,1.21118567859554,0.358952137767482,0.104995877968104,0.110883737999929,0.356608333735452,0.206233973227783,-0.878833673639749,0.0345568814705851,1,0.999999999933329,0.465239510393666,0.402389829836576,0.540327556166514,0.174465709761744,0.900045752662223,0.152702741663843,0.885184757709329,0.171476221391385,0.749279916930687,0.193470229345578,0.613642637870702,0.23053281024301
1.09057500603392,0.207833217783855,1.10921797784453,0.225111132738609,1.12116924658594,0.33489988723489,0.143549258602785,0.243359414022262,-0.262615356419468,0.263975541418535,-0.905544020206544,0.0288213244438501,1,-0.654612136123106,-0.119779278333531,0.455674520703281,0.941162975763334,0.168421613756297,0.559225071731965,0.192033880287724,0.521611328394326,0.186249754987571,1.0444848484583,0.145436417711157,1.02806241840181,0.188212284016515
0.951445785666424,0.172807623292022,1.08418661100748,0.146211724764489,0.988253590700143,0.253790746377194,0.0111609091180997,0.0533826121431211,0.105022885556801,0.249192951200451,-0.876790133850608,0.0271331919092862,1,0.999999908395364,0.0142732823844945,0.442749005978804,0.455878389873783,0.152236542644496,0.97894734578056,0.132280885756615,0.577578819950423,0.168255023553631,0.68411630064895,0.170862596835491,0.557147982262656,0.185754773767465
1.2279435915061,0.207224545084225,1.06381947629181,0.199059375778885,0.878066012522682,0.253836189218513,0.283674944541377,0.247178851356593,0.0228992327375657,0.143170204687685,-0.870659493992145,0.0365302078003338,1,0.0458824772778585,0.0429106541715502,0.471299534456613,0.888870863122767,0.15129961418077,0.396664001399839,0.196155858108969,0.492180616472089,0.17698100921568,0.850423999957272,0.178288066292339,0.942816787050451,0.166379853187849
1.1576867654513,0.230885332309852,1.38239328002538,0.204077732678141,1.57263811427605,0.508574351181649,0.11236605120078,0.307545768827076,0.116786476604351,0.292043099172101,-0.912551708636259,0.0289812763690541,1,0.277818139226241,0.15224219737386,0.457083597172948,0.918027793400498,0.187215876235932,0.91539348189887,0.154138744129405,0.674577494270079,0.199561535665525,0.833228239627371,0.229988754271346,0.92888530796886,0.202988126403053
0.906786032623431,0.170532747159801,0.927560756376265,0.139058327307,0.693282095267377,0.186289112530538,0.0544973406317761,0.0798877306899616,0.194376002882868,0.148874059889681,-0.887274483358762,0.0292294295004163,1,0.999999999960604,-0.636694960773374,0.37520075164176,0.814109933190482,0.130677117745145,0.805106636956118,0.140785960652717,0.329293039714093,0.187525647974628,0.728067930546364,0.181033365802735,0.295557073821758,0.233582149850673
1.19022518936907,0.18974386798289,0.873353713647907,0.135328861481028,0.849536385799481,0.22454743271082,0.00497382264961573,0.077461798085407,0.0650020298819255,0.171553507270383,-0.806989003020243,0.0502737898793412,1,0.999978767849575,0.724340433495749,0.402228855886208,0.534093890422892,0.157634665520103,0.640557771599316,0.153548471798934,0.552937160167245,0.151705186773657,0.613075159794523,0.197606297077213,0.848735874791954,0.165101579884725
0.995620860169467,0.201296842596247,1.03791311380838,0.212804747847647,1.50951595786638,0.412408686784187,0.277308616367701,0.416195045568819,-0.0224985827957456,0.288883836218173,-0.929067824474545,0.018256729634405,1,-0.0347739981095574,0.337940295884983,0.353697482416055,0.862565697658592,0.145258212390136,0.710057155061826,0.17689952852977,0.764895219542625,0.185166016491882,0.940485042906075,0.157408725252897,0.509100284120556,0.214494232325247
0.772914994626992,0.203186889422455,0.774282815643672,0.16382264773417,0.932445111362498,0.271570371991324,0.143942928345142,0.234412839098967,0.12307144637029,0.155866785006385,-0.906512011176321,0.0271550179716771,1,0.335931322412473,-0.094847865402748,0.462255254390952,0.846667062109952,0.161694009984254,0.632030321612192,0.16135437548392,0.724825141235717,0.182660024712458,0.716259518528802,0.189156279609229,0.388217738642205,0.254368433072454
1.05988659571279,0.189221286090267,1.0446299114678,0.226297432609509,0.886446488706942,0.260583195367463,0.113613235834432,0.246180096615182,-0.0956505610705956,0.252265169999216,-0.883128815849032,0.0308161418239522,1,-0.301402461795468,0.196842086024524,0.529930335045495,0.733976436885422,0.171225939788518,0.65598281749553,0.165267779633811,0.611614384522567,0.187171696017322,0.698943105696837,0.186376878189556,0.775178958967656,0.194478230478376
0.815278542096855,0.170004391983623,1.10268690136171,0.169369756702991,0.715593218392452,0.211463524870602,0.00577675469246266,0.0335117212461998,0.064294663556186,0.172192408641741,-0.908852801219406,0.0254867113602957,1,0.99999967095214,-0.365587388715354,0.434964187905571,0.869161352953985,0.156532251554658,0.783274705524486,0.138766840352114,0.759287164462863,0.161160844493885,0.922898804057669,0.187718400198032,0.365009355964375,0.271130152565259
1.25973185251241,0.25286085799295,0.983652794032223,0.24347507965079,1.59093143386998,0.530740400150625,0.140015682646504,0.312498675431409,0.0903353066824501,0.36645306562243,-0.925908380278607,0.0220087371278871,1,0.191400668739196,-0.196782457779403,0.456979338249392,0.950413069908146,0.16277982708786,0.779002616160513,0.173518993758396,0.845383471075651,0.199240450350625,0.719559698493349,0.219281464442422,0.720107227422033,0.245119721590114
1.23913545550201,0.205613283209507,1.04857474302124,0.204159778842307,1.14286248780283,0.328688323408468,0.0192280462933539,0.0625080396916837,-0.14823971405189,0.245413605964424,-0.891385736138259,0.0310170374783955,1,-0.999999999994897,0.640503192150987,0.415145051514944,0.698510582091286,0.169569757364051,0.677444221389246,0.149148590113541,0.87500199988304,0.136570670146832,0.70496775558063,0.202803987066194,0.770460568423906,0.199104386347013
1.0264627198443,0.181329135825864,0.95277945385706,0.185278317804432,0.789934989486401,0.22167134744611,0.00614488343827699,0.0301413725416389,0.0696710718655282,0.170844737084786,-0.867407856661573,0.0321496068790676,1,0.999999981528972,0.570806313598321,0.449288680545822,0.529307654506759,0.152892163179467,0.653712297029015,0.134337655502195,0.657521765407373,0.158145578924702,0.313611824507846,0.217338727796692,0.743082726158324,0.22196267533383
1.14285786564854,0.211619486215766,1.24892410428694,0.237540216404471,1.1010971563754,0.315956537911821,0.00799840654397655,0.0395839151958575,0.0938457386281874,0.232188652563986,-0.909286711190399,0.0245267376389608,1,0.999999997590734,0.319394657539939,0.427995172199465,0.912389255416992,0.14956938571908,0.802549538343393,0.149833737862663,0.561104226428946,0.177122599474861,0.863838377568007,0.179195488106067,0.629706287217479,0.234161322528438
0.905031113118616,0.189139839743629,1.06795619636535,0.189424116110334,0.822387267398624,0.265127601332854,1.22728537294728e-05,0.196003710462927,-0.000457401460103856,0.175704077482273,-0.899440610954633,0.0297942178436831,1,-0.143974831399958,-0.63542671230759,0.404534999267079,0.698749096211838,0.176545582792945,0.655605576787759,0.171490165325004,0.587712270337709,0.17391354021869,0.555669250194409,0.214808469447512,0.785283701616916,0.207150985514602
1.04509184937217,0.153614958201683,0.874483660491181,0.13757163317249,0.624954891448715,0.153403174576875,0.137398294104564,0.260575870836989,-0.103116681521624,0.135782780905651,-0.85086945036022,0.030679344867326,1,-0.351895669268522,0.362365454311551,0.342170793038568,0.479893225734411,0.16166805234293,0.661531849177443,0.116948559399438,0.620801096478666,0.140674723089809,0.701585797939304,0.145103739415889,0.547853703628673,0.220297738752914
1.09444500645063,0.197417387340366,1.01762741151221,0.167643690227817,0.766707604604803,0.233179325912356,0.0908733073772918,0.193056864940779,-0.147497074422665,0.182847852543686,-0.916465403477772,0.0207888789145924,1,-0.558792223385355,-0.646970661243332,0.37130577890838,0.757515279228252,0.159970980840708,0.762587303664126,0.14893596076816,0.863941665546858,0.137200144204688,0.664076357676443,0.173055311185215,0.760203898206586,0.223033506346246
1.06786419286688,0.177838808699324,0.878154402447157,0.14953048245474,0.978996819032679,0.269291629635588,0.127509258942213,0.163350015807613,-0.353314532416493,0.246367994848213,-0.900678388593182,0.0245700594023685,1,-0.999999999659718,0.235607854997801,0.465756392049408,0.763708136114071,0.166910031500965,0.477262089925139,0.169304768222408,0.324888513499086,0.164334019427417,0.662524557647773,0.160079632016517,0.969164429553001,0.154500664993118
1.08424474768693,0.185213659514597,0.748708661943912,0.130551880049939,1.14080544801541,0.301172968041429,0.0174184218291036,0.0545218958657385,-0.140964642494819,0.225786912653393,-0.896589537596967,0.0243974347216021,1,-0.999999997866747,0.00261087312687147,0.382431462716298,0.812246276935938,0.146825121866032,0.676270020925262,0.128186205730682,0.816171969668643,0.146569740208089,0.827661819045323,0.16538830352273,0.485149534503316,0.220635794810625
0.954857393804255,0.19335763460168,1.3483699443961,0.140641375769505,1.2341287530204,0.341866953848762,0.113094829252215,0.142182551635429,-0.373595477216218,0.249735556528561,-0.91748478616404,0.0197689073143067,1,-0.999999999993992,-0.364386446646701,0.457994461414982,0.865331832084406,0.163721251710549,0.443649784292643,0.180206928688749,0.874631433966659,0.119494354617934,0.649545160277214,0.168133111356297,0.928050908171584,0.190614802193277
0.882433737847733,0.189199643057604,1.13097043489961,0.217862530574087,0.770698144974431,0.196669356722617,0.454699622951726,0.355566593858586,0.189921652178413,0.187164080371492,-0.900031744945963,0.0277544470441994,1,0.320826346597801,-0.740712350659469,0.483263804121161,0.870927928214751,0.149376439481246,0.579233400337903,0.16502007011451,0.782758546601025,0.156129340314427,0.594451730170149,0.160177945327902,0.727461375582554,0.207595517079247
0.843645516917731,0.147274342105987,0.890936581778787,0.155142887524247,0.640738554778246,0.15948147301251,0.00880564914454812,0.0366423825178999,-0.075114038956531,0.157557041398617,-0.900442335626306,0.0239055516959495,1,-0.999999994824746,-0.107026403448246,0.35994161796789,0.730402585013297,0.137018712742974,0.781384772953896,0.101746079021639,0.364310386258472,0.148894586735957,0.901740871185598,0.127762051685642,0.160914591283089,0.295899058190137
1.07886745438828,0.261898943255884,1.26659850829396,0.22638195457729,1.71984321751225,0.614149515889767,0.0040060540433783,0.0356968484345096,0.083004728030818,0.370839346778229,-0.899216572482929,0.036678856652599,1,0.999999999998431,0.381656372640883,0.760043873750169,0.964102075525769,0.188571906496962,0.667459509555867,0.189601362071132,0.549992644696152,0.210461699636241,0.517397532323098,0.221912808235436,0.630259941436986,0.244363198800298
1.01415380384084,0.168396563905369,0.970330197620253,0.142520768532854,0.815107894620922,0.195725988469537,0.121489724444385,0.122426301746017,0.314685927997432,0.169143933438523,-0.896768827671578,0.0217391763184039,1,0.999999998837019,-0.0575563357877322,0.348263802031072,0.545621842167982,0.131785540449087,0.703068314954893,0.125698846228991,0.760034462378667,0.130633497738874,0.642911930388981,0.183435050027028,0.597863494789907,0.228180846341975
1.0844365231835,0.240944773093514,1.43661035712612,0.295107070633048,1.37979414524159,0.479129030881426,0.842626501440722,0.681178338515094,-0.397070699078968,0.399791210963996,-0.937156603548498,0.0190873101654913,1,-0.368250321417086,-0.13192634349447,0.531484561152707,0.916845293207611,0.185458018295244,1.01809204650301,0.179242089654143,0.669824738398441,0.180185539263659,1.02060721096151,0.193852507348949,1.06798085071654,0.221225620493435
1.3047893399736,0.2401450111838,1.15513554469985,0.193320987096585,1.77982341737717,0.511857644507443,0.241085849686318,0.298777825715963,-0.136414886305994,0.330357896650473,-0.942133316673394,0.0167075791023798,1,-0.208251168451635,-0.228382015406287,0.632932246472188,0.792375015103027,0.178804647733969,0.784990799141521,0.178007480162864,0.920141541711447,0.136084692437076,1.04381559923794,0.168355751426733,0.983398677511104,0.204094416742303
1.01912522512948,0.183486029130366,0.983235250514476,0.154329027773367,0.721891483415978,0.213722640629353,0.0173539365749675,0.0286930603962753,-0.111927025062491,0.0947404623460057,-0.886230440312713,0.0309805401858161,1,-0.999999996892054,-0.239266337509345,0.366878150299193,0.705066378907493,0.155654703483585,0.525871324322741,0.156757508937214,0.491173003595094,0.164580687703045,0.528509537614794,0.168654662088896,0.824351649614281,0.18445964549782
0.916790849938154,0.229945757533081,1.20603720846225,0.207292894670747,1.34688446558529,0.449147982894855,0.120399100482607,0.234975070934452,0.275582816567062,0.228342697239344,-0.826568151922659,0.0490620357895078,1,0.684345382650228,0.272324532977162,0.452916856558999,0.500278246315331,0.191542056290868,0.820960889492857,0.157832255848129,0.769812779153279,0.19496421711589,0.93092383056059,0.217046044176535,0.210442024162435,0.343322061037003
1.14243557028161,0.178549659392044,0.967441971333616,0.196847160424665,0.702199428351081,0.206049756628802,0.0485139513387091,0.18176705281441,0.0866655283128774,0.148741598862186,-0.874157098781927,0.042329237946521,1,0.469551063904027,0.0392582172381628,0.381352295974693,0.68563190028316,0.182273282502681,0.62398211889268,0.149759898044336,0.813401150869031,0.157546713929243,0.591272535455569,0.196642877847863,0.661055199186429,0.231303627895811
0.95776862981824,0.170885824881489,0.992824988208626,0.177222888751668,0.712535614448912,0.189376802197644,0.0289395784541914,0.0736869843985894,0.143598329561944,0.188405635453842,-0.885959310173986,0.0262166725825039,1,0.999999998477993,-0.00960698332578074,0.434655869700621,0.670764324834888,0.156152014101647,0.696798480847341,0.141348581264547,0.720779376109143,0.145241486004102,0.484706394464334,0.15682257354818,0.512635552949054,0.213934317171827
1.07692973105323,0.210627634495675,1.0985486542614,0.20540191327049,0.943899249565028,0.303898547541299,0.0176431355039484,0.297244337012181,-0.116632689923179,0.215475521564063,-0.921789531893709,0.0240329609043299,1,-0.903794276531022,-0.67339816069712,0.479667630176327,0.976830889401352,0.172318749308165,0.57125634377315,0.185394840327937,0.934513457999206,0.173808084487052,0.829143238366138,0.199687994996363,0.49165081529581,0.244601349074728
0.692498285813818,0.144482808427062,1.05025252452825,0.158212182672731,0.471040892577097,0.132752105975262,0.00154703602636842,0.0171993634746113,0.0269947490415451,0.144531556971043,-0.898759328635339,0.0247220621539148,1,0.999999482039351,-0.192765527994131,0.37957972113998,0.642761307157275,0.13771800355946,0.432949915347076,0.146203239739203,0.381860974274122,0.15852570785355,0.400250540577413,0.195125413568254,0.710466449269715,0.189337985624444
0.838571871030066,0.189972137669035,0.871709424457567,0.149397097475796,1.10067664453596,0.342287408806233,0.0720054663457787,0.203716131976999,0.257035761664748,0.25487165811588,-0.905879194384767,0.0260769514072315,1,0.913021368753199,-0.825735644128187,0.393915320313828,0.769538055114052,0.154971552465257,0.737619179330796,0.165515203280881,0.533113068424124,0.149090419890852,0.763445444420004,0.177255226379348,0.6037358503813,0.260400976064081
0.742401295934666,0.171293113230927,1.11300177867133,0.188903884440148,1.13566648826169,0.331553571406928,0.0237073842443849,0.0781481058889496,-0.16408437405993,0.27687289397408,-0.923951905878373,0.0218024974780414,1,-0.999999999999033,0.131926134831,0.414087539182589,0.693589304396994,0.166627431978827,0.658562115316789,0.142459300713423,0.817687623098139,0.147834882998294,0.74673922471042,0.171159461105536,0.65431416005978,0.239160635826148
0.837325465392619,0.18694210092727,1.07614863308431,0.141084620542217,1.01390404364872,0.229517354302495,0.130007613186677,0.131020103345802,0.363063692017168,0.193088211519419,-0.90857654929586,0.0174242569258137,1,0.99999999903671,-0.443067642432378,0.455926732489237,0.895890610099724,0.111904907178117,0.641008884304565,0.145178639641027,0.705944913808384,0.156020298868156,0.538161207491616,0.188041022937197,0.486149409762316,0.216523893259492
1.02062326469006,0.179020736093582,0.800601372230091,0.137964604171212,0.791454283941758,0.228906680818613,0.0198394599693909,0.0420138166800914,0.125307723474499,0.139527540646371,-0.893912232110962,0.0297507878472941,1,0.999999999315252,0.0441830017785787,0.367793846656266,0.759162397021634,0.142810889319332,0.615898158841963,0.17140977081721,0.544652103621853,0.144479743050519,0.629933511303655,0.179750501342431,0.529394968385411,0.208641121030307
1.32844092526025,0.205147114381042,1.14615850709117,0.155684820403075,1.12518379934583,0.315884507092263,0.0344742508516072,0.0826701025491554,-0.196951437038389,0.245573908530388,-0.91447695593581,0.0227662566111941,1,-0.999999999982903,0.531621052990507,0.452249490544253,0.887805941068813,0.152621274361491,0.840754781153743,0.15125358216998,0.775637713638093,0.137827913384513,0.457640681132502,0.196331500620517,0.758772556328436,0.216831064264214
0.96977602980464,0.170568988131772,1.25079591305078,0.167128722591618,0.841453881351245,0.221714431103288,0.0722809041357743,0.201603003381622,0.0053111721962836,0.192881061809392,-0.910095727327184,0.0200925959410414,1,0.0215359202817391,-0.202649851628075,0.383651848707239,0.695959539463971,0.135254861122571,0.661718536157035,0.142566633347136,0.709861400159805,0.139422165149842,0.83214552644258,0.144826161342853,0.829457764437304,0.213394283423231
1.00782587560241,0.217609028527084,0.746429460799121,0.155566349718152,1.39396721068942,0.396750076819598,0.031258461380877,0.169161423826915,0.18614353142947,0.213024605542529,-0.910299303956784,0.0224691126469714,1,0.89173922657509,-0.135182248973473,0.36129769963995,0.76773463019073,0.164966213494129,0.755761112939944,0.147706375270356,0.775889560563755,0.166163864090589,0.355221072173149,0.220375128456467,0.786416158095009,0.220674686106344
1.00663503482409,0.221106336478912,1.10681260489689,0.16119758340174,1.53619820408309,0.359873643747856,0.472946915507747,0.354947305952272,-0.364003067419931,0.29395483659943,-0.929693092949565,0.0184062496576819,1,-0.427046550520863,-0.664563203612035,0.452792726923129,1.00075605569474,0.13943454877178,0.831803010408805,0.131979137041389,0.861024489001075,0.141379514673481,0.784400991802712,0.186930695341126,0.779709886930161,0.247494822421763
0.951065624789,0.162130178297474,0.907547598052675,0.166000056990313,0.681417884641934,0.179666929552663,0.00993376311321663,0.045415980216415,-0.0822741991534006,0.189903416515835,-0.887968891904731,0.0258650465438282,1,-0.999999999940262,0.0496069589451927,0.414452283933838,0.808599464744106,0.143451779702046,0.502719608353284,0.135447097148694,0.812489365490397,0.124957616657192,0.668531235077485,0.206406392839298,0.288320451702061,0.278262100524635
1.13358651446272,0.209616020487077,1.19035806741432,0.213754018864684,0.772962945564297,0.224076870532359,0.542626958365526,0.411898451491534,-0.0443937326885961,0.256938132001654,-0.913330205584988,0.0236415498607755,1,-0.0685475034319373,-0.0596527801442206,0.445038207377411,0.655649572415213,0.17372429102847,0.67203521388695,0.15603550371656,0.836783715026719,0.160317306144468,0.610926334537298,0.185298013024832,0.742006649650359,0.173158861489989
1.37750263031277,0.24764586733421,1.35072870187604,0.213011732919728,1.80199645535142,0.539001717115575,3.11480233790339e-06,0.1131662881835,9.96485100782887e-05,0.322233113648459,-0.943019108911616,0.0150038529190162,1,0.0420609035011923,-0.131204437707425,0.548429742651495,0.567107354557559,0.187466617644836,1.05876548676848,0.151172149284541,0.874099045063256,0.150160274911795,1.04345271237496,0.179072476824287,1.00667863762131,0.189081685897437
0.928515313242855,0.200461370437197,0.924065156040474,0.163244526361764,1.44817643512241,0.382173545511799,0.00631827424970013,0.033552687638079,0.0956554680385231,0.245169470296755,-0.910770930766385,0.0245091481270122,1,0.999999600360205,-0.293199685186901,0.448893867323095,0.8286182129931,0.162704359982301,0.767321215321197,0.152424910400392,0.561713246584001,0.156481810691077,0.565725106838879,0.179773982548816,0.813213643764437,0.159098064448259
1.33735011282325,0.256990395528694,1.16575598867074,0.201191302277576,1.43257160452851,0.45114053979999,0.155295429569249,0.315079712544387,-0.00533532630044191,0.281230532519831,-0.915685806705677,0.0244642276455836,1,-0.0113115854045898,-0.0112400827552599,0.396606173745747,0.89237088063485,0.166568660916037,0.915733573104186,0.170373597013162,0.952967887122125,0.171182994613585,0.955788568660392,0.184384933459028,0.992895963443725,0.184869334298373
1.05622823400939,0.14864274243052,0.934505997938601,0.142409907551417,0.826580223165174,0.231978835379319,0.0029935849476543,0.0284261107965583,-0.0497435200351909,0.180594292406606,-0.878777524223577,0.0312841017376153,1,-0.999995892270209,0.449100241976842,0.378350785645298,0.523030906063989,0.175571085850009,0.632838848978433,0.158082143366766,0.675512073881241,0.158458546369361,0.346800860892899,0.189959976076842,0.716545825863055,0.172756683603688
1.30755343590038,0.278854841286767,1.14521980740767,0.214702371816438,1.8502833816767,0.600077096448413,0.153451696624465,0.263580586566917,-0.287498387936661,0.296880098683993,-0.929801602581121,0.0218868613238266,1,-0.539548441585984,-0.56630580502046,0.539734456858696,0.948966858333681,0.18954711977092,0.965001675103638,0.144642960206323,0.807332329721018,0.187026878033307,0.90681371655458,0.194699484750588,0.648318692301672,0.228928126632069
0.916907055418611,0.210925807080792,1.02587464116097,0.208189245590759,1.29182792314215,0.445798265609318,0.0674062872152679,0.19745546833342,-0.248515781140614,0.273275555816951,-0.914912097246211,0.027269150084056,1,-0.842173235308409,-0.231486254879251,0.409316808567351,0.767189732093027,0.165543698716152,0.627983565520558,0.188648144435012,0.560516929847275,0.213040148057133,0.692210540431361,0.218423055199609,0.7169763820803,0.258727182554395
1.14384006635794,0.186786927884535,0.952396928755364,0.170806035665194,1.27386195629702,0.310566568799064,0.174613525545804,0.229113457578776,0.471628590308907,0.32016724284168,-0.899421842548806,0.022131767023988,1,0.999999999885517,0.181653310553949,0.37508447344056,0.607591784951065,0.157249172377217,0.902250668086977,0.124200046600334,0.7558888838625,0.157882564073391,0.736347865710014,0.159780171178974,0.895324944936917,0.170350966996677
1.40983011380188,0.198478812064466,1.11286179739045,0.169759630463758,0.965655089477005,0.240185691342047,0.0245701168663863,0.0585494122368165,-0.154033302841387,0.186629950402971,-0.899346008885602,0.0239473174890177,1,-0.999999999645028,-0.262045661487984,0.450318824600495,0.89427150922291,0.140364998698767,0.814851728410995,0.147020818144368,0.719734345155961,0.15156637617439,0.864442288899746,0.140732250819136,0.528449995664875,0.197233211492411
1.1422888058444,0.192311924408882,1.04279677665103,0.234902323819133,0.612410323254808,0.194504077302159,0.684709311799756,0.418001402128346,-0.263373839129059,0.20887447483141,-0.878126233919509,0.0346810585231906,1,-0.406722563218275,0.803047209553398,0.402651860557231,0.52944457679521,0.181094722133063,0.690440413264998,0.157147526213275,0.757091632387059,0.144739663247562,0.680167591242747,0.214176373469323,0.296302762559808,0.263245252280111
1.05322901605402,0.174250897624787,1.05833787803988,0.17854816033899,0.619775127223103,0.176937275666412,0.187193868436423,0.257035463932739,0.0621383098951087,0.17399763355513,-0.87503247649319,0.031320981732107,1,0.182430124893762,0.144371112040334,0.331512972997411,0.660605108438057,0.147713426348609,0.528262184708823,0.152392662410511,0.512379290454291,0.161304888485334,0.702816618602462,0.15754573698617,0.648686006304446,0.200990357149289
0.844712072422211,0.194253665360917,0.882591331812943,0.166645370123184,0.932451152978251,0.247860210984701,0.0280135269645308,0.0553675826192146,0.161620683999378,0.162171740312785,-0.867566200030331,0.0330334009789356,1,0.99999999960497,-0.200284925590033,0.400031904098603,0.382935812702771,0.170974608125759,0.712043816530844,0.141448187356531,0.553921569605479,0.13345322124685,0.889185275196168,0.177006623518579,0.815534634653322,0.207903915499507
0.532465326636113,0.17983225944817,1.16833864519357,0.19840389891892,1.23049278271562,0.326898926989433,0.227210693686957,0.299017745896929,-0.28421852756758,0.324775829582769,-0.906584969792369,0.021086377829944,1,-0.537524750169662,-0.641524176197354,0.468459291652196,0.389024951534067,0.167561774758482,0.75202161520196,0.129526001687439,0.673919976063557,0.174102299316556,0.598604299531831,0.194120694585125,0.699120657826277,0.187070806087544
0.978165613120253,0.193029611050096,0.947176015817461,0.181920638733528,0.790343045231578,0.24245668380298,0.0954448238834534,0.249595247879748,-0.0750492201086922,0.218676369382887,-0.898021607719182,0.0282646048566384,1,-0.273251261166538,0.368398786315316,0.41242160112376,0.641852034356574,0.17179339368872,0.667457681856221,0.15024478155257,0.698336082593623,0.174184631275393,0.796652979533787,0.185229021400146,0.817505466122191,0.22211144541847
1.17785300204164,0.247039679809681,1.25834288649586,0.216708198762176,1.49277565835537,0.485557633731717,0.194151329163999,0.352442428879034,0.0920457137450194,0.275310113845905,-0.904288375164565,0.0285639597625604,1,0.170976378251564,-0.00769636524049836,0.45507435830228,0.909300634893054,0.147446702087005,0.644240932519079,0.174877822288939,0.773595009706891,0.196928646259336,1.06577030220477,0.213317485387607,0.445804142677874,0.270820014442778
0.944223973255116,0.187034629767923,1.16120125761887,0.199602131432017,0.91913483650938,0.270702864280289,0.291473353881252,0.350185960872666,-0.317867764646264,0.276638003058604,-0.910005820935765,0.0252182665223609,1,-0.61412594481275,-0.00547231621554051,0.448530212686309,0.661294395660309,0.161751619874787,0.97293860887157,0.128479249519171,0.572912969040897,0.186112818677315,0.61700440952131,0.186193059437222,0.904366624859536,0.221970259193116
0.701827390293775,0.191877101646011,1.0303820643471,0.178250748958804,1.19315941155623,0.374472437002444,0.0827876410886393,0.197089626518552,-0.13001090735343,0.228987394342921,-0.884445938750252,0.0357525517330354,1,-0.413664068965149,-0.947074051689627,0.371912353124891,0.717269956650673,0.165731797692139,0.586052422961848,0.153441666444513,0.664897904845878,0.175306947646966,0.553713671641276,0.184660631920517,0.280493199776389,0.267212280608683
0.980233694576878,0.198187686825546,1.17375248564202,0.174141794500038,1.13148653607844,0.337406819010331,0.269712187499214,0.255990056349428,-0.552427107188616,0.306205551113542,-0.90638589427237,0.0251397726501082,1,-0.999999999975684,-0.312586222331834,0.498929910374171,0.489703876985728,0.188069816025665,0.767022492811208,0.138527172683631,0.652812818790569,0.157727837889357,0.536312595755055,0.163950331904345,0.628092820962639,0.227720288831211
0.770507707258792,0.160897854318851,0.81979887091606,0.175470750993139,0.730095275298227,0.220551582083459,0.199502431947442,0.28667563456242,0.192765264976813,0.190237506591053,-0.872577404500652,0.035531971207949,1,0.505085514669144,-0.530811006963842,0.447551421956324,0.575210384350397,0.180888365694892,0.507519750600058,0.168066592994215,0.562019847531525,0.152454915328799,0.699542918160646,0.162670432570527,0.621549464206586,0.230782402236651
1.09291301631127,0.216667094675656,1.14925162048563,0.226112268172389,1.21792934195074,0.368068302887037,0.221153302044639,0.235563495723908,0.518988530910807,0.31182004408313,-0.928536541574597,0.0201434375796395,1,0.999999999234257,-0.354210686100168,0.432974269570731,0.704297656753024,0.164474067881774,0.819942281711717,0.163151879028386,0.99690175293643,0.155104510135015,0.872605918470211,0.19153233327522,0.943196749668027,0.235353793976742
0.929316325797737,0.171907085141171,0.816232351827952,0.138903080302761,0.76127907762301,0.195189467407957,0.0584361596306954,0.0772909092914718,0.21091758035648,0.144409424740914,-0.89525805059857,0.0258810745348222,1,0.999999999999387,-0.374541744568309,0.388872270475617,0.679030812924435,0.131982858455735,0.355047346575304,0.154068769988104,0.791622086562648,0.146703063886816,0.692473656220059,0.173739424977891,0.709801188273679,0.200122649089247
1.13447733116601,0.210387424489517,0.999412175438051,0.184609137306334,1.09311127973709,0.31666725031116,0.0520903437969321,0.222398254063343,0.100411122331669,0.178909627306943,-0.903003481728455,0.0251671936805605,1,0.420795436802194,-0.350897431290792,0.389682656575244,0.95159951493204,0.15236269765077,0.703232263408382,0.147204736866365,0.573145994011082,0.178143400980257,0.796811032183831,0.174145147755745,0.920936349746215,0.186847658540603
0.822740392181009,0.191038414709292,1.07364071936377,0.221272040625587,1.12538929145703,0.323628422817391,0.208814066941032,0.377518493220389,-0.113523649203245,0.252180734325461,-0.916596127450754,0.020659144418019,1,-0.234182845049796,0.0827515651556597,0.456603238044007,0.694136566819769,0.163230276782416,0.88162191674245,0.132672555700399,0.594555718037939,0.168128697082606,0.517056124252565,0.216512356754178,0.828818826574132,0.202450806806324
1.09647591930232,0.201339369424223,1.16157809139465,0.173171570349383,0.825053177342996,0.188893698714118,0.165750661250874,0.242524276687184,0.237562747690399,0.209361263224023,-0.906067620041834,0.0223558015969246,1,0.642406215672157,0.833008195731897,0.525564320235228,0.638015342931894,0.141084341150746,0.564436928073321,0.153545473789908,0.678372342847854,0.145564167510214,0.581515433764187,0.164562804730074,0.356144141571405,0.204539822199402
1.31672147717522,0.197264997510081,0.949500140358099,0.142616005848145,0.940573520881597,0.212257086076266,0.240496524191471,0.335257091681924,0.0921947356075885,0.201453701004422,-0.910477837680426,0.0203765496218395,1,0.193845331926084,0.760217852215958,0.495947022975356,0.68471698870081,0.135631430439256,0.675882307129468,0.144591189381946,0.808334683342014,0.134979986776634,0.521128105486082,0.172584597927422,0.601846268075353,0.202818857636681
1.10987540829595,0.207303901869389,1.16716631241483,0.191890510787153,1.11427930783411,0.323746896098754,0.119271108769702,0.193019982937677,0.0251789904730818,0.220744300054695,-0.925893094947747,0.019965363862937,1,0.0690674866399271,-0.210958508759789,0.445559465494289,0.921526234680756,0.151513291900339,0.858916521222787,0.143006837876884,0.909114177273048,0.158332902318545,0.780260386222599,0.211420397233018,1.05755336554129,0.234057695442434
1.63155811030839,0.291449185214852,1.51852332503365,0.282697679546968,1.84597860393346,0.575282300942299,0.443513969045313,0.319620582778377,0.904829981866987,0.397603013886836,-0.948102144806236,0.01556856258475,1,0.999999999195178,-0.517690264802029,0.531106434446835,1.12161993295258,0.156274757589664,0.832239535900197,0.170076226149294,1.18433052330623,0.16654834050631,0.746199392796388,0.215044344801323,0.601874779723005,0.238308463574594
1.29575779125594,0.213700143971449,1.21490921323799,0.228089206549914,1.05451788807569,0.310192547049651,0.379791609781619,0.318279358339846,0.228544155480242,0.228834429457446,-0.92337239519011,0.0219568761192554,1,0.361135731824593,-0.0959089068616023,0.474749182183339,0.896393482441769,0.166858440368303,0.709365229119649,0.178098700286346,0.60015225937182,0.188224964734325,0.758365297184988,0.190517955105159,0.956697790112566,0.16215776649989
1.2147916790407,0.211016849637421,0.993709651054651,0.206997564438463,1.15880921603009,0.393832460768653,0.131902416773208,0.274139687451664,-0.0568412042200855,0.259340874529628,-0.909788906685591,0.0276389929448855,1,-0.145388790439757,-0.179354961686011,0.514700149121412,0.749240441900259,0.173289456009064,0.811524510567648,0.159916850592498,0.676534983363888,0.194688069005502,0.925453206974124,0.184768430668096,0.562946529947823,0.23347464087381
1.25882487824994,0.193491267332704,0.881195834932075,0.175249134271702,0.968287229430186,0.258708594315527,0.00523768902763767,0.0316328212357903,0.071215078436377,0.216114272291118,-0.872227680198678,0.0310905148767369,1,0.999999999951806,0.30580801839603,0.375004390037652,0.659298868676085,0.155259865336386,0.906793637618567,0.127363916917788,0.545717511675913,0.165354671930285,0.483010004285516,0.198813552653261,0.567371668077565,0.222948696517778
0.874264167299501,0.175095821903765,0.9438217340098,0.146062232535987,0.845803008432135,0.193838314687511,0.00137606074319618,0.0104878042411031,-0.0341156148042036,0.125650806578463,-0.898232042187005,0.0248989879249712,1,-0.999999509006172,-0.945268655653033,0.407667112190162,0.641909805130484,0.15180631786595,0.857035205414463,0.110736050642979,0.310322155781549,0.17530821431297,0.565172170429003,0.160983586608341,0.817426269665354,0.172372624730528
0.872570185085675,0.199120948451142,0.806028681431659,0.158649035313646,1.04800579100074,0.308143285386215,0.121856091992957,0.213237736686484,0.195597699323204,0.179418006075883,-0.868062628869355,0.0332765526920955,1,0.547341373923263,-0.498015433426832,0.38573267624695,0.671624020092621,0.159372391817666,0.522545815337077,0.157478978485564,0.733833021427408,0.156443838943993,0.45690919491867,0.198812342520154,0.740447873221987,0.218667865938882
1.21494885126277,0.193757886844527,1.00590067229006,0.147707520845952,1.21793866914937,0.325560240316919,0.0507303260481712,0.159991978246259,-0.216831363285838,0.211583406196772,-0.905972796090926,0.0238700033504661,1,-0.872319465829401,0.388049214386421,0.408470056613848,0.744264457361598,0.154232312777029,0.764671586344413,0.151498391681213,0.901451721701612,0.165584831603593,0.792026394476913,0.132342433795505,0.872563203763628,0.199224656055423
0.963744935455584,0.212692717241114,0.873207603105142,0.192495151800022,1.39784063053682,0.437563987623693,0.514460739131999,0.516219837914281,0.468949906171063,0.343319225271996,-0.915633418884395,0.0255363982928583,1,0.552995382185102,0.425683941380291,0.551755230092661,0.666664171113793,0.185230165610489,0.605741502966861,0.181129070367838,1.0793187902604,0.161866316184223,0.697207674383376,0.216064720713034,0.731422840279019,0.216793262925504
1.26071062442239,0.18182149241347,1.00888648214994,0.177637794716625,0.788146949783169,0.215525513259898,0.0144545487502008,0.0464018018426193,-0.106734757409547,0.17102338655501,-0.888404341576209,0.026433680621781,1,-0.999999996985334,1.16190471849498,0.441145356899729,0.641626005685156,0.152846538627124,0.543551034267087,0.150772507564626,0.70212908605961,0.139742372537132,0.631429701340464,0.173616880642045,0.485819909008565,0.229433856806855
1.05027349409153,0.214117141141521,0.915914183008113,0.167560764925264,1.26800469498021,0.382967142562758,0.000204843361629883,0.00710087980460611,0.0161155505012867,0.230004358419941,-0.896528679731348,0.0279069363709635,1,0.999939599239409,0.137168847199425,0.473623810529354,0.647462664893457,0.184054891038999,0.752563052200923,0.17104223637231,0.733124025348119,0.147923814727131,0.708761432256475,0.173963929818188,0.748562620051594,0.180061300361171
1.06256999375086,0.200138399142231,1.0084648707569,0.222522336840896,1.01520680635956,0.299693577409138,0.163514329583661,0.262327503615287,0.0717200240604321,0.265967696375485,-0.911575872360735,0.0244573051688652,1,0.176029419650892,0.394177517156977,0.376652673785932,0.782242092712882,0.148380328654266,0.584677515613534,0.160637417093851,0.744911252184672,0.157381744457717,0.574789179361573,0.202719791197273,0.547085444793509,0.232097976532626
0.806413455263282,0.185629790297531,0.620485909131247,0.126825338212121,0.70870599207803,0.195400033821006,0.0489486557112322,0.112245163173376,0.13338532273915,0.140101665631643,-0.831750750005849,0.0377195569917385,1,0.716151007108545,-0.294335615668378,0.377254508991733,0.365005746881339,0.159151057586499,0.667853868838583,0.143816475340257,0.704491440093655,0.13375899369937,0.68880747622748,0.132554282577106,0.438245844283591,0.209354524602272
0.988455920130341,0.174255764730717,1.0534849514903,0.166411326518703,0.999878849477085,0.269723642567545,0.13134191978276,0.193990442752067,-0.0965927859198793,0.255410093029276,-0.887814816051198,0.0264956683652335,1,-0.266544251881947,0.357987481233549,0.476425380367765,0.646306584230812,0.172265279993022,0.575503840720007,0.140789738808225,1.03914887484403,0.112032721445342,0.573517729787333,0.194263377987718,0.988247501185181,0.200875087541016
1.40967488386798,0.279386505163918,1.00714727537698,0.184783000648714,1.52666977892688,0.401408777906949,0.237992823971994,0.191024851149122,0.0192905681353733,0.234650621139837,-0.929079685355638,0.0190830395740471,1,0.0320029883172831,0.390539810636374,0.549733349618181,0.734027379101351,0.176359631905552,1.09495052960286,0.14268649000102,0.995061826957943,0.144490601609243,0.906834917343737,0.168973508878195,1.0145335946852,0.192234429083755
1.07291673688949,0.206181520601163,1.12319868163779,0.174459131288904,1.29637941692314,0.36293481179648,0.00478187835235671,0.0323038924380538,-0.0787345455912583,0.268582317246127,-0.904333950269387,0.0255254373064708,1,-0.999999999938409,-0.0498468640305128,0.42454659458845,0.921148459933381,0.148499370193056,0.745560916313906,0.152727092734057,0.467189192752865,0.179127486467033,0.983141799764652,0.156623835145498,0.828949991885272,0.189094514406326
1.06349217825943,0.197898404602174,0.928852233054309,0.159592845910768,1.05786994801732,0.286139439955975,0.139392846303375,0.187517583273914,-0.384004561152936,0.277885102549377,-0.923152989709541,0.0203375379509058,1,-0.999999999706095,-0.0164524167527244,0.578077564353917,0.608554075382304,0.164383679683814,0.781050586070707,0.158473452971569,0.557115690864094,0.160842018234172,0.799892386329801,0.151895714098225,0.921760252886073,0.180828649104731
1.20874605019925,0.194551787764804,1.18423377232185,0.172253212859011,1.16372380373127,0.32462966460667,0.175501958877657,0.260017500493464,0.0884276372417183,0.221951511090822,-0.858533192818404,0.030912780982526,1,0.19566902363394,-0.201094892648439,0.35991635559778,0.849988549301322,0.144126447987134,0.736364716854657,0.142161943925794,0.565653603694665,0.163529298652267,0.815513382369422,0.144159315571073,0.326049009136216,0.238428394123298
0.852465784751782,0.171062460016559,0.489064356165361,0.128224358212124,0.699709218609381,0.193979244496612,0.00086236635905807,0.0115283354581794,-0.0245641518555156,0.125725723191442,-0.887794070264317,0.0287474733279311,1,-0.999993259180145,-0.270378776218641,0.390919584415642,0.556361488782659,0.14619400075809,0.614099045343954,0.152599004677701,0.524434600239717,0.188802244090947,0.367120228288327,0.193290454316741,0.434761852893697,0.197344739758657
1.02188606920674,0.203164186799518,0.900906353645452,0.183296512837863,1.10652329678351,0.325460242990453,0.0463923570902347,0.232243247712086,-0.0280094627526528,0.223991993731472,-0.853151930420847,0.0377491072614439,1,-0.123623569272168,-0.249690895191012,0.525300521364755,0.859839875846947,0.154772553839577,0.555667915986267,0.160002382859147,0.649630559277918,0.193559819089265,0.607155935357761,0.180683523371652,0.760013070392195,0.183505418537375
1.13444888306275,0.272298661009852,1.26209560084268,0.301462154414358,1.71394071180184,0.541989917575356,0.877136003296409,0.678089903098829,-0.172978519203524,0.362395454126888,-0.958637138172119,0.0115301552387873,1,-0.141078491980119,-0.361090295094044,0.536225654163297,0.948438336093027,0.151332310349485,1.01935750089771,0.181537987165661,1.13465882175708,0.177035284691457,0.974739131848416,0.228645425197097,1.14110987735946,0.235767330609385
0.970451128920279,0.215406452668363,1.17276217336437,0.200111172398634,1.44638607277192,0.396896275490381,0.00212413041756646,0.192219588954501,0.00735493185979205,0.254754137661255,-0.909418524421277,0.02229064283919,1,0.132692369325667,-0.980054867381966,0.418260310575187,0.936438928421549,0.139911936107227,0.653248394765177,0.160061882812701,0.830182610219248,0.139086019287811,0.747948217846107,0.175913667336325,0.888046458067255,0.180901585625881
0.954802375380125,0.168108657056814,1.2361795632181,0.169141462452985,0.756396651536625,0.207748414451779,0.221959892851827,0.225210224922313,-0.179953694880919,0.195202940008745,-0.854852948667232,0.0306316862536815,1,-0.43918623111754,-0.232246366967598,0.349466998041835,0.893364547884223,0.133685634098222,0.654561260915425,0.140278635160907,0.293505598501657,0.182539619486371,0.848503838743469,0.176765278775581,0.365128349297164,0.219534683883391
1.07754041836844,0.203042688751703,1.13246716627261,0.166534831116638,0.923868817202367,0.282608780009465,0.000111106025113443,0.00790294765501002,0.010126679985346,0.157663035667323,-0.883533045883319,0.034026661023538,1,0.999523768903821,0.168257522920911,0.432988863888077,0.667170732089903,0.153487693973015,0.86222786839811,0.147946207369525,0.74657019593121,0.177210749607641,0.334066654000697,0.205114941632317,0.808714335524456,0.194213904836468
1.43949146611065,0.247959795615533,1.53154664402805,0.198129660067197,1.63917558500659,0.506213408950477,0.0304224445231032,0.109873154776983,0.223310833363591,0.405023868583515,-0.942723393284677,0.0164250328811856,1,0.999999999990505,0.675154666176518,0.509147118265256,0.858263112929417,0.167353762396429,1.00196738935883,0.161800622915837,0.700196071295534,0.165673574539905,0.952714537888707,0.159885091480009,0.932806282021162,0.216937226647817
0.751336920656741,0.167363153749032,0.982108361849003,0.13763415823397,0.906329236873781,0.27931225171663,0.0101135837441816,0.0425172561436944,-0.0957404648000754,0.204526777295594,-0.869461820322163,0.0314273804991939,1,-0.999999997993249,-0.155410433695766,0.385544787736473,0.411139913820506,0.174297148121762,0.642909455757864,0.151940633534724,0.646845882783255,0.147233997753664,0.540022948903151,0.200053523970706,0.329758000948519,0.253004237833181
1.10556116867365,0.16715416932551,0.544483271277597,0.107772988561331,0.65845776440126,0.18701979842267,0.00553569058501506,0.0267768609045236,-0.0603739792854201,0.141203133799905,-0.879903981369245,0.0303591494810031,1,-0.999999852912973,0.678425701462356,0.349734191654357,0.583880916968529,0.159023021510167,0.383086527343009,0.177708177634805,0.653963561080968,0.137508147033705,0.699608986175189,0.189268814561304,0.647909442737103,0.202638900848273
0.957515563825216,0.163592103642035,1.0703226931207,0.174657348578643,0.699982318329919,0.209924910925607,0.00227414563072899,0.160887476138659,-0.034925095642602,0.146630861097028,-0.89390997493966,0.026966424443983,1,-0.875356443642298,-0.020380394114474,0.368935313014934,0.795233099729171,0.161885434273723,0.482969019534294,0.168518250614035,0.752842520933729,0.165371520205916,0.673248831269184,0.184152443008062,0.92100877953935,0.191087188231536
1.30029355336658,0.227105991627909,1.25409530951708,0.161231098521457,1.37832999035238,0.396357702087208,0.112851855744073,0.261949272342962,0.391729767064004,0.280343332669812,-0.915613357823879,0.0263815723800307,1,0.993243242128113,0.596982231981632,0.453732672560081,0.698440496144965,0.174599575518123,0.582446769111922,0.169621505990269,0.696478600444035,0.175383686414086,1.04643329529884,0.167725339454473,0.865570628216228,0.19934364883848
0.994684068734156,0.195514064469566,1.14682578828851,0.193081575823288,1.17439392592464,0.368071934251104,0.0240454461335048,0.279247434438335,0.121394578789126,0.285429423211026,-0.900429268749571,0.0266146251162423,1,0.722397068154303,0.0998546137708911,0.458014458903992,0.611993134365421,0.16856604148509,0.821633696975542,0.180038885968497,0.738374883382061,0.169402587257998,0.97797298546959,0.160468592944568,0.597154418170085,0.200044679523562
1.08651229182703,0.188544036436495,0.97153597671394,0.17911805058444,0.641282717826548,0.192756754762404,0.191919270814695,0.235918642694244,-0.132429263199359,0.14225155882047,-0.902901277270648,0.0265486793847976,1,-0.377485176771857,0.229131784802392,0.403180573903701,0.692171711914369,0.163468544269535,0.710599349466537,0.14944771119505,0.792612503993511,0.1456173280064,0.815308932338139,0.170183040742551,0.610341160882037,0.244829237619403
0.923446976694113,0.208537958176889,1.01263316920502,0.15897968421241,1.23812406016483,0.341372252318755,0.101560839914907,0.179920880248321,-0.0275227056339372,0.205643614779945,-0.900616941179749,0.0260534322063273,1,-0.077615042864272,-0.0745312262844513,0.443522100936122,0.813188406301454,0.120640910470019,0.764867764852027,0.132224819493993,0.456745078033229,0.197941221744574,0.782055749812853,0.199785091011447,0.785662209626618,0.191934056008734
1.10787470732562,0.194655867403211,0.975773250684037,0.155850959588321,1.10420943538605,0.327129619103359,0.00593372137647575,0.0269358567989333,-0.0809448647091102,0.18602207864745,-0.890499026100504,0.0299014788812728,1,-0.999999999383378,-0.0180994888264976,0.367781149074028,0.865094154127443,0.134229966185956,0.571554647406997,0.162170562242296,0.720015062201066,0.172238864350967,0.812863037125257,0.173587325258636,0.866387007884038,0.234178646110182
0.995240613782052,0.20710902975998,0.901684144375392,0.154572595872699,0.877359730539405,0.247514931936563,0.0214588843577018,0.0602416340498935,-0.137212102219563,0.199756688851964,-0.894245041766645,0.0275306648175296,1,-0.999999999940573,-0.147971044916851,0.508783653199466,0.661415227936173,0.176321597298148,0.553384145661489,0.156327511711554,0.810906377757408,0.162363199529763,0.728608726979276,0.148953383444928,0.699608693640289,0.184599491476107
0.850280719063554,0.183889301773992,1.08033159822883,0.166164407712502,0.924806243058398,0.289473742506991,0.0524210387370551,0.0882889711787504,-0.220180162327888,0.195567862002945,-0.827481875836648,0.0459511722041832,1,-0.999999999908212,-0.265602196464042,0.364325257698619,0.59483996147408,0.14965001103572,0.626773248176555,0.149177349392852,0.623090906714879,0.17539045785243,0.688080419260895,0.180653077390715,0.490548323267773,0.257250726762272
1.0715200249953,0.192848805064064,1.26588603715033,0.206326167721764,1.1469482516454,0.328556538574153,0.227630992795885,0.192166849418663,-0.510960829408863,0.25569380841501,-0.907962626634191,0.0241595692140802,1,-0.999999999966767,-0.0335727865393129,0.378211865725336,0.815019247759381,0.151665016445762,0.715256967785589,0.15167753911235,0.671080573337304,0.152532249454896,0.898508469284418,0.17998273950578,0.401654392889382,0.294712510781278
1.16468572179663,0.182595017619076,0.939669436362072,0.160641522378578,0.823712141843471,0.225528067100422,0.0734926497293572,0.228837239209031,-0.0571553261863098,0.171943735328954,-0.887697464421648,0.0260182337532408,1,-0.232298829146106,0.296195910297343,0.380637536526379,0.94845850282176,0.113254147643394,0.686936844779906,0.140710708961939,0.669532284285551,0.170444732123037,0.742227915372534,0.164482125352823,0.913104541925995,0.195580313650607
0.959093649702863,0.185307922004373,0.775195104686064,0.172923861598207,0.897624076986551,0.266066714167456,0.00872509178601432,0.0401969135382656,0.0884977538184017,0.207697889182385,-0.89260338118569,0.0279327857875487,1,0.999999998075704,-0.129897570573895,0.430645855654055,0.794856142222081,0.149606058630604,0.556192951824517,0.144099625492678,0.577886506941945,0.180973402494085,0.622569138601301,0.193985601141113,0.553534038587773,0.219821919498115
1.014491020279,0.228008070220416,1.11016603072591,0.191195538667845,0.94077838956197,0.265719750856817,0.280940537763986,0.293496000874698,-0.0735150216550956,0.224509782596798,-0.911327137940311,0.0215483044774188,1,-0.142996437662347,-0.457439173075437,0.529545121968592,0.576104822035914,0.157918828834802,1.06989094823399,0.11557680240885,0.744215640549916,0.164189839166653,0.52697519467955,0.212704476936563,1.23502404404152,0.202362663891527
0.692929698786335,0.147898642675582,0.746956589170809,0.153264282168397,0.898811173140725,0.222613228140776,0.185255219192812,0.142153746770875,-0.408055707819806,0.179909254151766,-0.885841888243585,0.025657356636858,1,-0.999999999372978,-0.482719093443442,0.332758517118935,0.685374029754123,0.129191039946855,0.628586496725044,0.137605097547811,0.458308481565633,0.170437605449191,0.785701270855928,0.160741351057153,0.446665526003722,0.203109168764222
1.32832201914296,0.24760969662611,1.13341462426776,0.198472491519582,0.98656819939695,0.305808683928282,0.105278111719542,0.175310053818789,-0.322279408354097,0.257558959338959,-0.899604029481869,0.0277954681528577,1,-0.999999903402591,0.671791868391306,0.532520206446597,0.673129459584424,0.185312835301137,0.791741042422942,0.172832819523715,0.615180562514446,0.172244281240695,0.503063646356468,0.211374219717578,0.899486329763785,0.189783797312022
0.809914161227068,0.235740895655425,1.12275804992051,0.193058114874909,1.61854948569214,0.480637478414031,0.100824149108629,0.154427253420931,0.403966427652625,0.329054521906166,-0.918904191727217,0.0228254358367847,1,0.999999999954974,-0.594921195190133,0.505405530758927,0.677645754999381,0.170360260682758,0.797633913570575,0.164739943012723,0.871873390024858,0.187903845452622,0.567900658541058,0.220305837485391,0.706344652179597,0.182193356778222
0.952022392113761,0.158634684861376,0.577771385917945,0.132081822317201,0.65216496781713,0.197751959042701,0.0362048140764055,0.176431177716923,0.0203499273994348,0.163271194451752,-0.903231925000124,0.0266548353706243,1,0.132434449397425,0.129660783090716,0.380928407682116,0.877989545055003,0.145390770969579,0.442623889544265,0.15863526594112,0.58470517377951,0.176110724304237,0.486653246729171,0.180521104485702,0.43973138055417,0.245862822388623
1.05465952494993,0.223904852168717,1.04724773100377,0.182822647168267,1.3188945398308,0.383467831222132,0.0684259573410611,0.0873442037770381,0.300410754479096,0.20029046916568,-0.901236412933782,0.0280903202600093,1,0.999999999373266,-0.799005759861004,0.437466715213535,0.978128889186565,0.136057420741913,0.839051343993725,0.139828072267882,0.732942019598408,0.16771062640586,0.579292448198185,0.19048467439358,0.738409807856562,0.213467753398982
1.37925245957477,0.225104061603971,1.05260657023277,0.147428476640973,1.2940149628571,0.347284616881262,0.0070164314453209,0.0313531559991388,0.0952857135858654,0.213055140654348,-0.920563665592911,0.0195959276947042,1,0.999999996555998,-0.01821643584,0.381784613317591,0.69416947427945,0.145507193745414,0.966784715596554,0.133583409226739,0.803516427447464,0.161800897579393,0.779704292808144,0.182107917134643,0.520387807795703,0.212106581898488
0.878218885608818,0.193346747651803,0.726436743042915,0.172486131175812,0.829743249243118,0.302925277248556,0.301348790579713,0.293163293715892,-0.36892820418075,0.203811235166503,-0.824304635414218,0.0563547489009951,1,-0.737794252328772,0.0924687816428263,0.368710119195059,0.521339436535444,0.184899510209591,0.438931414926166,0.173747772370994,0.508132264243331,0.198465066714481,0.627834711472077,0.198744557156875,0.386315067426993,0.236356402597088
1.08142078109053,0.206621130488647,0.864357406932783,0.161177073543209,1.25153958047181,0.349317994042115,0.268458550276154,0.367602838427136,-0.430540508235975,0.288110623464541,-0.883968819909619,0.0326480467568811,1,-0.742767861881433,0.360250920095431,0.474585701137926,0.817095719325427,0.165239816576562,0.805042215334233,0.143356972288415,0.593609133190725,0.184381705490863,0.864901958673808,0.17986604790174,0.67428116128279,0.210174584034501
1.15739285675167,0.194723981305767,1.08382511285933,0.196752261550473,0.939000305995696,0.266813146543339,0.337810072419735,0.417157346651595,-0.0955124068554732,0.225352770878684,-0.923973815913287,0.0197785743800326,1,-0.169586245325007,-0.0733058637269956,0.400891194721809,0.751915448443103,0.15741364955417,0.925805297098102,0.131583684000469,0.763314217725114,0.167548297560635,1.11309454922557,0.151514633071897,0.270232774451207,0.311561553970242
0.975732177278808,0.199885883882687,0.92463825121188,0.158396313834069,1.07922071819428,0.317645503444476,0.00773073798993945,0.0793673315889428,-0.091340003757758,0.258094510687502,-0.895595648085271,0.0314033362031914,1,-0.999989433267958,0.247011911294093,0.511689770952898,0.61389017475876,0.144678479436699,0.593085743563431,0.172375100340793,0.698883968707537,0.171331581092379,0.274567683174258,0.228599532497463,0.567675321261501,0.233992399738333
0.942839251676323,0.191706375960384,1.13895652334801,0.175900741121338,0.911973356925063,0.292394558854769,0.0118345726787753,0.0491317913059672,0.103888472836044,0.212659912262056,-0.894008933834969,0.029420772049207,1,0.99999999140952,-0.36699303345397,0.45217040542739,0.789058356178554,0.153163449585129,0.673633269586874,0.1362390891376,0.806892943005467,0.158806099568125,0.691152971301656,0.207466030883053,0.537831390094643,0.23527389848334
1.06788966301456,0.202624452498432,1.20757018027818,0.197592710582659,0.767474980535968,0.226192100406856,0.178317941826597,0.235410379712717,-0.318914953374184,0.161337066509229,-0.873979049964862,0.0382648971246387,1,-0.862075392162767,0.468416111712406,0.44216931008177,0.62376350759998,0.164876375222473,0.481725856234469,0.1644698889312,0.487704924895402,0.183183632404026,0.884986290392457,0.177254841176255,0.397673914967975,0.259817345794499
1.12418327350888,0.223916378499331,1.21948324808069,0.174311919502249,0.898085503234461,0.276582550653987,0.0409094240433862,0.076841407761347,-0.191677230465335,0.189734310845614,-0.882727260370692,0.0332466876608269,1,-0.999999999997613,-0.120258195924459,0.479642909808348,0.848526270933523,0.152270239640178,0.742232957612812,0.147308056633654,0.558500094040125,0.176948191919539,0.735906970884649,0.191913217134523,0.728511857655244,0.215584841270524
1.1114453689319,0.203315735347855,0.810806757568688,0.169280030580324,0.928684059304504,0.306554887344104,0.184020535331691,0.340917616938343,0.102611768920476,0.191859267443434,-0.911261611769556,0.0246921484405687,1,0.24821614939042,0.587603346845654,0.383985228636606,0.62481492191838,0.172376256638531,0.61301951991617,0.173879491211544,0.801302508509758,0.137884282076814,0.88089791646451,0.188278056361177,0.910748400970459,0.223632329134464
0.904299893550542,0.213922431043746,0.940458246352973,0.210617158793442,0.94063987257102,0.313902719778265,0.291855212754461,0.350644553527636,0.300345753064153,0.21087206615438,-0.86349608795667,0.0410176383017143,1,0.573226257972985,-0.0754878302804578,0.387825757293848,0.555963872773616,0.177268704569126,0.539552490908307,0.194518095366877,0.684718128695502,0.18411498505272,0.934173660597849,0.201004679058956,0.250343216762655,0.308144536764079
0.955816565287399,0.194140866562855,0.899782473629103,0.166482315297395,0.818199712246637,0.259546704997059,0.00122129039609896,0.052690366659527,-0.0316054003017891,0.156887947536591,-0.933712167404228,0.0186854334875769,1,-0.999820790029251,-0.174542875093503,0.430326140843853,0.674586743024395,0.139524503281835,0.634040276933139,0.147317079069924,0.836809466855697,0.173415410014553,0.66331722137401,0.201152592404244,0.982120399725123,0.230684133934536
1.02618862416868,0.193452754421176,1.14939109999505,0.1596785710973,1.3790603331062,0.356648303680385,0.001408988853896,0.015976190219269,0.0440803806321633,0.248471386570193,-0.905814572472786,0.0226888287842641,1,0.999999824628896,-0.107102260069962,0.424949761113941,0.656200455129897,0.159254597444976,0.881545688372898,0.136942901749549,0.557908535935341,0.183638809093649,0.804069947431917,0.152271357007829,0.850075696084202,0.146870750749972
0.574843756588014,0.18938836341887,1.04656746612104,0.167804510573193,1.26370800466477,0.364895849753544,0.0545029751865613,0.193227437958412,-0.148446260154047,0.188349198094896,-0.911133346742457,0.0257805156056425,1,-0.565634365631153,-1.04418309277786,0.401342706052334,0.886736358740597,0.137338295243093,0.873067907772997,0.157713345262124,0.597318898939247,0.200941096363759,0.455933064229237,0.245779589445004,0.513300817922212,0.261067125645471
1.043627176423,0.172964091530325,0.874169325869901,0.13162454395317,0.922988859253011,0.235315017853314,0.0508996467153371,0.152692492856154,0.118513300201996,0.207522550907646,-0.819862355227562,0.0427765233137741,1,0.546778561963573,0.636995456517714,0.381497529755465,0.455170511605435,0.171341023182663,0.629958628272689,0.146674854541186,0.493685848093767,0.163833707343933,0.603980138574714,0.168322503755205,0.817503571183301,0.174939486685524
1.29922087235689,0.276080965436223,0.893270181225196,0.252096195756939,1.20826406099451,0.470405531141593,0.00805270980622617,0.042354105497559,0.0986397467392544,0.267652119657475,-0.931847204972246,0.0243840347453717,1,0.999999988915656,0.368451512590305,0.532706625902738,0.771485796763804,0.208548370493521,0.46802696398259,0.219769299215781,0.84433165610481,0.219208005420394,0.595313953071607,0.229890228729981,0.729469846752108,0.226908719723631
0.912733768520504,0.17229225490452,1.17086539572404,0.144188375599502,0.741218936630749,0.174489877971187,0.0149507427185737,0.0533305790867945,-0.105270003404079,0.188509920429748,-0.877969551572149,0.027629334681615,1,-0.99999999986436,-0.297298596033646,0.468799641129636,0.569904979153833,0.158181162180478,0.549808636181857,0.1363409915646,0.810413842860004,0.127451339311399,0.573156115960163,0.175756835972748,0.854551014995183,0.177554652496802
0.92134358141874,0.162630525754705,0.838723355629089,0.171988067050472,0.847507224247554,0.22776401122082,0.05014223384765,0.226706282659256,-0.064390624509823,0.196895788440992,-0.900911461621338,0.0253207695489194,1,-0.312355454220481,0.624374200303891,0.420656047711881,0.61543081961792,0.152819916624752,0.607567927307564,0.163096636441681,0.49183477243687,0.164269335479774,0.576558299483012,0.166329393804165,0.667420948555903,0.215920591841914
1.41187863680718,0.209153446579254,0.845886696763082,0.191338650074832,1.14090429312535,0.32238090633031,0.022521203273474,0.0957417846651897,0.160295153362229,0.338108079749541,-0.90811969231759,0.0246090649204573,1,0.999999974515305,1.80096883457412,0.518163726131774,0.733051335951088,0.172025344948067,0.512441179048867,0.159946397042549,0.870692674703253,0.163860836240266,0.678341374783102,0.187074093272335,0.975312556731735,0.178215061187249
1.16988766805868,0.204676123414056,1.19259803724325,0.191550030529132,1.23728424768345,0.372076465999711,0.194793954287863,0.276625825375105,0.00430269070908876,0.24009633079623,-0.860117975239503,0.0389928802266246,1,0.00876430837518268,0.163010471887682,0.356345006496665,0.948010715107118,0.14920003624014,0.657579168470011,0.166135527248688,0.73979100102551,0.151409884815309,0.829322159447511,0.200274517291533,0.873009117548127,0.229519807704896
1.36830559570068,0.234700626691757,1.41479290973966,0.191980621721449,1.41290253392626,0.399349079320995,0.0187357404880703,0.0577469429801102,0.162701490995339,0.252293712990242,-0.904057608696873,0.0237040207076967,1,0.999999999273318,0.708565213707805,0.462934830308531,0.850926295967824,0.155298983433202,0.870474157633534,0.146731388389137,0.828517118579701,0.159951018734887,1.01287698505169,0.166838941670186,0.979750761784697,0.207596796048326
0.935595038393377,0.150052287482725,0.81891112322439,0.159119041283028,0.598485466827829,0.178896357375412,0.0204622984013947,0.177651613803388,0.0262810994813929,0.118748983639346,-0.790194574213242,0.0522055816654692,1,0.237486823662365,0.326293603626222,0.300912300468478,0.307021556858765,0.159143563327492,0.610224926040179,0.158783456528404,0.451132504377409,0.159254828475149,0.600084823404349,0.177392640557091,0.633319523881695,0.171797699489187
0.882479469481919,0.200572545239939,0.96146938637568,0.163146171533293,0.970733365518347,0.282310534558916,0.106892379827129,0.229054531786954,-0.0143966606935239,0.199986497716526,-0.8968527040152,0.0262181676986479,1,-0.0446928878230425,-0.0006300001301781,0.447441635898174,0.675285546392532,0.161816775494005,0.608861874290577,0.165543226052375,0.706494683854952,0.161523696949899,0.794916809421093,0.172205528087285,0.789406569802971,0.158926245332363
1.02660221500826,0.245172330454969,0.912845939579547,0.206294283530884,1.37718531683298,0.471737654003688,0.194805754035979,0.287459998229417,0.129261796420312,0.315392507767391,-0.914636808642704,0.031280623287577,1,0.249558924357236,0.717383773695196,0.624767643152105,0.60506873527855,0.202046330906573,0.857672068885484,0.197425352295771,0.715151508747102,0.203216350910307,0.855896421280373,0.200527525580338,0.786599403623234,0.259171971908162
1.04865024841891,0.22396766331144,1.17222767212853,0.248466173221906,1.17160702530579,0.380854841853045,0.589349939850836,0.496010260249456,0.674007461422215,0.384118844315348,-0.926335102025179,0.0221646230950048,1,0.811123714619206,0.155793907250044,0.402527552347241,0.65908036613765,0.181830335292281,0.839854827377827,0.19671476185736,0.851501263769648,0.196392468371553,0.582478879033589,0.207482854622435,0.943112810090873,0.186665317187518
0.847250394179286,0.177712450453631,0.831802571194614,0.173065539751122,0.828343250638269,0.263023577634197,0.102944516284486,0.184407849215359,0.223433475062601,0.213797976436527,-0.884648891877029,0.0337286286107378,1,0.765140979430754,-0.183191256213555,0.414069618437144,0.525895964667982,0.187252466610118,0.747143054821208,0.166031202908025,0.885656806863426,0.173382614392891,0.541735290305953,0.22598260904938,0.746456402063087,0.218478702910298
0.716345862335918,0.142007101408509,0.854126600146615,0.18551930325741,0.559654266103563,0.161831952284334,0.420694450655616,0.38464565670961,-0.0294835751816792,0.146379600387771,-0.876597409635289,0.0305170083671243,1,-0.0607626692819528,-0.489963868122846,0.350642540842855,0.531748933255408,0.148148685664417,0.670227790196939,0.14767786098131,0.527802800603549,0.160412663035433,0.725539586395681,0.158129479625663,0.266912413667752,0.242678722617621
1.35861739628381,0.262415060724082,1.53182753508604,0.271110313347444,1.25086252432253,0.435972483693175,0.442444734267673,0.477587405907662,-0.160856523038088,0.259902281385751,-0.902715330417316,0.0314780260987754,1,-0.21622423589044,0.85678613254213,0.485077727004453,0.551805144688536,0.192446559204132,0.867324422943074,0.176510804860998,1.00233542198131,0.18349109873329,0.537717364892236,0.223539149971687,0.846617517216451,0.25213672360361
1.04267049918362,0.163675533602755,0.590389945601265,0.141996739424107,0.630466421294567,0.169963315524797,9.67178306023492e-05,0.0121934329745696,0.00779994914824197,0.147511233994838,-0.830343959853166,0.0394716087171802,1,0.998866659871131,0.301741173156069,0.38623954466019,0.571561285026001,0.133389649228547,0.759880446402926,0.133947866889107,0.451667993967447,0.157450278647816,0.189783601426747,0.218755063083666,0.0719784227415055,0.226614821341181
1.27145007124024,0.216705036660246,0.94077246400486,0.184712275528698,1.44194314341302,0.398461972588221,0.0530779195798045,0.128724871643798,-0.276650070614569,0.260503212170673,-0.89444684316148,0.0254286839717044,1,-0.999999473225705,0.838076348924091,0.451467590253092,0.699820506534712,0.174729170519577,0.585684434455802,0.152312352415891,0.545341957808291,0.171402306944844,0.903059749819442,0.161913006018083,0.78117358740344,0.19783429741144
1.09194287548884,0.192970206804316,1.05243155169278,0.17004704507413,1.07867803458259,0.311908554125446,0.125018464518719,0.269510112036963,-0.143583456049653,0.19689463294026,-0.882047250387989,0.0320489622780595,1,-0.39099518094593,-0.148580600342521,0.342312403628715,0.790567996106232,0.148189280525527,0.81612280237629,0.14075604270955,0.573627232763025,0.176820575203739,0.717134999638352,0.167504138047983,0.60370883294421,0.220290886474476
0.572995935073529,0.164149363502994,0.926066394599165,0.136886002334619,1.06870678795902,0.257356540323609,0.0530302560927483,0.0839006672929706,-0.23806258557887,0.199858342389002,-0.896048550082911,0.022083897695384,1,-0.999999999990927,-0.72346436771189,0.360198258762715,0.58470311223934,0.121507866805228,0.519378099935575,0.127660129105597,0.891913584046378,0.111702031833236,0.514016411970241,0.172069165069935,0.608907023765094,0.239079231133262
0.720394491260703,0.182869116906548,0.995025939310824,0.204163571317783,0.908810476599132,0.277976058410698,0.251339708085005,0.29819890827575,-0.0379989735056621,0.190334601241748,-0.898964997537616,0.0286917771894594,1,-0.0795068686494713,-0.443240328901474,0.411668098593633,0.681595799688018,0.145637312815545,0.794647306585946,0.165151487377849,0.671976865296117,0.183045886573399,0.721237840224788,0.19485699227065,0.492510418142125,0.22771868124515
0.909970540149978,0.192208725326338,0.985148901868608,0.147723792750306,1.19496877031029,0.317396104326603,0.00655816226140311,0.0335123701789251,-0.0885256973567817,0.228090869705385,-0.894126403653892,0.0240400175883504,1,-0.999999999968116,-0.404343773728382,0.374306091856002,0.515020261075448,0.164988307802111,0.748504659367293,0.133670988245958,0.882023715994485,0.120696278703624,0.813651228460139,0.188630979958927,0.503644929143784,0.227369016122215
0.919178348549297,0.178437595276468,1.17002103515181,0.176150229459398,0.765764936322898,0.229049259892284,0.0274425546088016,0.055080742873115,0.144963946501789,0.148173918747583,-0.856720103835995,0.0394690296435717,1,0.999999992929347,0.22361419543692,0.345229883326025,0.775585110859504,0.141057553126621,0.307497186457482,0.176628713822105,0.65747741944551,0.168182961228068,0.491765973328552,0.195060841715313,0.562896813227088,0.207258840527988
0.961381137866146,0.221478334839755,0.884978489117059,0.136390230883716,1.50139589491034,0.435224599410502,0.0518654430212025,0.102724614696854,-0.279052961284173,0.286681043851513,-0.909661044688672,0.0236551837345461,1,-0.999999948386954,-0.133617716909267,0.486406894105557,0.731432742788091,0.160168783946971,0.661238701776881,0.147378695135695,0.64842731732786,0.14597179018383,0.720664495606258,0.17283734528392,0.509523418282254,0.21591785090078
0.827677297457184,0.150267903610426,0.972352931727373,0.153294798083147,0.518259454798251,0.131972208735951,0.00578888861339058,0.030758276833168,-0.0547735908683914,0.145609040579755,-0.874573070512144,0.0292454968097109,1,-0.999999999992388,-0.357059728323848,0.4075584064229,0.662664496641175,0.157559297637307,0.548785750276563,0.131588173197184,0.659166062718284,0.126676542973748,0.712948978954841,0.151401444036632,0.385876864207074,0.238143615029519
0.880941705646082,0.194826341779007,0.822963545454597,0.17057522551809,0.944958922159646,0.285360071243724,0.0721571083232341,0.245889593262693,0.129647869869244,0.20261672889841,-0.905169984443713,0.0238143162682438,1,0.496500122938889,0.459427170080136,0.454717568420894,0.466869571061986,0.185379693219082,0.492199152674294,0.183232480911521,0.632301669135897,0.175073796045129,0.460977093506362,0.208588674229734,0.85683312717083,0.172532102608472
1.19378920264932,0.20578210344485,1.19323521511495,0.191449706856014,1.22871531852841,0.358255167288553,0.895834064996421,0.440489650206143,-0.815576589251956,0.378663000827626,-0.831234567926888,0.0401952650556243,1,-0.777365617800798,1.02118244846146,0.448247748326699,0.670925810980346,0.155625969747888,0.60869343463162,0.154354776869219,0.567980901080527,0.163675581132787,0.619207656580597,0.185715614524087,0.423026269530807,0.212952041356854
1.32267207308624,0.224090228205827,0.839260499150357,0.206340414179391,1.22951364988781,0.441468639266759,0.30830838656598,0.277160295583912,0.48884050611708,0.319947591678236,-0.912784248888617,0.0277346457101753,1,0.793976847528134,0.691322391580286,0.326405165394462,0.685207538284915,0.173773904717124,0.836407120193852,0.173757214595708,0.793905309515081,0.196743555987312,0.681904550673384,0.208539944106716,0.308217234307133,0.281767530568026
1.28762477363806,0.215199422768416,1.09716457799943,0.184440612661756,1.17441908191622,0.373524081023928,0.00697399896180034,0.0342032874369879,-0.090500814512756,0.222668486858426,-0.906319786535522,0.0273951870022609,1,-0.999999998136236,0.444296421127515,0.352626643181941,0.795446821105569,0.16736298765799,0.603753696308912,0.172113813023284,0.607051959883998,0.180805442223828,0.722088086062593,0.204726950908243,0.647932531709138,0.215392902507289
1.04808307421489,0.17870419589757,1.0033038753327,0.165090005743966,0.660760707104237,0.165491507786491,0.104145314408256,0.138559112621184,0.262326383396379,0.175735236919554,-0.874980376411152,0.0300466936447124,1,0.999999998807178,0.514293786573587,0.424889082139545,0.579866486120009,0.152931098583426,0.918528250143638,0.124803658180741,0.544354277600256,0.160068092005329,0.568339135455404,0.172345056380174,0.75929605226431,0.193662419043778
1.05769015284259,0.203101499821861,1.25028725343727,0.242194362579063,1.03227061123833,0.319734799666728,0.0329378235116317,0.234795376160387,-0.0673228389970217,0.253584729373538,-0.893618091229052,0.0279374978887654,1,-0.365105345241029,0.195523382969451,0.404653951135461,0.617784990862443,0.186962177894354,0.720053065547807,0.156360871744961,0.897147144103815,0.157683847647255,0.499671122996119,0.186235519889002,0.683240219807119,0.241158905872468
0.983666771945156,0.2111834254921,1.48766208962178,0.202159725486343,0.952141536011155,0.28069459057001,0.214983445887758,0.220091463898947,-0.0599761286712982,0.203137266117662,-0.904810779035178,0.0264310126140948,1,-0.132563866935684,-0.795364259632503,0.605431540997095,0.82864269986285,0.177892471202126,0.876864479953467,0.153879806463094,0.717019386999697,0.171693025695311,0.743643570872758,0.180930692181064,0.616456489450531,0.20532120878044
0.896174792500701,0.203598844797538,1.52668973582776,0.233702455736551,1.41655607293289,0.418668773936214,0.306842985987969,0.462870568471877,-0.596595058113308,0.353844206005924,-0.906163676904984,0.0252234509761932,1,-0.904908497055294,0.050996611547078,0.499032858312216,0.612708401615346,0.181544199761214,0.804181141530907,0.173798513511377,0.878819273421453,0.154877565479244,0.687684806551301,0.204474597120526,0.757224137041283,0.188923066601366
1.14529970200694,0.194813514477679,1.52907724667205,0.220201197525691,1.30579935191548,0.340801667210621,0.241695179706192,0.297609694255915,0.269408175439172,0.265493326868553,-0.907993504644555,0.0234986610232563,1,0.479555141684332,-0.0276311002962087,0.444639517607098,0.740340744404945,0.130410188643359,0.855878789913692,0.166794478191463,0.728110451922379,0.16177828737357,1.00341087965235,0.155260975197676,1.00968809632024,0.202647826474381
1.0186791012704,0.1895267025153,0.873942234924952,0.146556150643202,0.966968049296806,0.260765513873229,0.0171398795712825,0.0469422161846897,0.128738943351037,0.177242637916585,-0.898911632428682,0.0248338582408652,1,0.999999988563708,0.130861733964326,0.417676059431076,0.483463947195125,0.160890632974813,0.764202936692023,0.14825659651367,0.813452518349161,0.150893590154029,0.770638719767529,0.151758770820334,0.709120572590996,0.192491117269388
1.44986806176023,0.285245259722931,1.41862153995236,0.277538681162021,1.43246473246229,0.475262685056616,0.292874253168106,0.291765005032112,0.647712929159593,0.378378089550269,-0.915802259719803,0.0258981052532556,1,0.999999999870041,0.348556452663421,0.47463848215571,0.960748353439392,0.15893692818799,0.719060888128356,0.162805303948456,0.859160581213904,0.203082923036247,0.497237201791405,0.227380573255009,0.717608817341366,0.194041769921536
1.03165150798243,0.174994932878849,1.33792665974564,0.186243928857861,0.756149008635145,0.217908511284953,0.462061265930905,0.252470139175806,0.0971735822219167,0.194177752962106,-0.91402243502817,0.0245741272282878,1,0.164397321570451,-0.338024257297716,0.327257987528808,0.772965762803385,0.161802871655459,0.920569403548307,0.148750196329699,0.745017562480633,0.139669857650589,0.809378278540757,0.165533115182867,0.893340116568768,0.198314541781062
1.27632195287539,0.210974590790682,0.978753549218031,0.203834579530575,1.05601885391439,0.275446447268504,0.168511977409119,0.245927059915683,0.201725832131913,0.233719261947022,-0.894208697908081,0.0259335685270915,1,0.47820079322068,0.0516060412335806,0.399843772779118,0.540367279854922,0.159940625121545,0.610846725439616,0.155909052748702,0.842680884398961,0.146208534906913,0.626826391882173,0.16066380526383,1.13889805824464,0.158587424338597
0.941379358909229,0.185316854737731,0.893616970380793,0.172643878144078,0.842423508844973,0.235896491779933,0.185819342987063,0.272261860063867,-0.182603379383104,0.166758243802286,-0.894990676908811,0.0271313599085198,1,-0.461528061261635,-0.82441978927597,0.401206737686013,0.603916443897744,0.194441030222405,0.770034323977867,0.155403975675292,0.7029045733803,0.152610701532421,0.759802523220476,0.16922536719706,0.502596822431043,0.191714395693612
0.893548982678788,0.175469451139725,0.924896644524794,0.156628705394968,0.823669241342038,0.221028165629965,0.0654553935100457,0.0932909763916583,0.232193008882554,0.170511507945686,-0.905671537514486,0.0249932585622941,1,0.999999991280213,0.104284344043584,0.408853774565362,0.683071392297912,0.165884832130111,0.630324334375508,0.16459955187586,0.830212685937546,0.127930281399861,0.627261322625704,0.166047343038743,0.756419752005441,0.224648670808467
1.06718491544269,0.217277828883226,1.15493101227258,0.225389726853146,1.49161153402335,0.453817418257863,0.581926747349545,0.447919387150367,0.146986854502646,0.281089775577293,-0.921198195527599,0.0220937918728341,1,0.157767109964504,-0.0600732147722586,0.411069158032312,0.768643544851076,0.184075801559899,0.969344985829718,0.156438393851866,0.799097305609015,0.162276090460737,0.799173263502772,0.180538472838346,0.570973758392343,0.234967329507693
0.931003985145367,0.216691098823046,0.854164705471361,0.187496628511261,1.46204117475788,0.398586442390873,0.00284987158312519,0.0254789079854349,-0.0645492003001855,0.25063171830029,-0.915433722842149,0.0219028966485632,1,-0.999996359412027,-0.542460809081867,0.472332365188809,0.897801665954961,0.165768868080187,0.617666411983136,0.14668409931542,0.710990944011272,0.140608771911799,0.88780540688469,0.145965530608393,0.692722820163174,0.190471911189726
1.03154349978395,0.184298978508779,1.37615829592741,0.177638338222457,0.821118797416335,0.244862065099106,0.0553211911972193,0.206252542933209,-0.134200382552839,0.139551659948258,-0.879715301623911,0.0345693119122266,1,-0.629658390937761,-0.396954159282392,0.417809496531276,0.619906187273389,0.179944571858655,0.689143789973428,0.156388285765829,0.986920069640103,0.154216473303486,0.627573542208028,0.183024589660074,0.665716364911669,0.203507821235284
1.17290509521676,0.219550815789324,1.07233351715232,0.174535105074143,0.972032879971322,0.269189123116747,0.0946513002214205,0.187494546068942,-0.101632497639205,0.182378846797349,-0.901070840439541,0.0270448653359302,1,-0.335064817696452,0.515490196376007,0.481022415086675,0.587407602389003,0.187646994413349,0.830588703921696,0.156810257032969,0.692862952576102,0.172526672220167,0.906745544842913,0.151059279205621,0.820005705514947,0.211018433305713
1.67292324341065,0.238227238803618,1.19920746987614,0.195301924356777,1.22537997683184,0.388484270563987,0.075344985109256,0.172006320115421,-0.120800265921799,0.234916011694325,-0.918610958665341,0.0249759488504702,1,-0.397562419389331,1.48084615228146,0.534289386309002,0.867122003434429,0.170550308210756,0.848224557184283,0.177575060691497,0.695509778327593,0.18213538442066,0.819871185813119,0.180824092181866,0.783248576801971,0.210564261453317
0.939598631048963,0.186882104972024,1.16251283082979,0.154375188690384,1.24015114791352,0.349506371455771,0.026226595912216,0.065488597546744,0.180346729441198,0.227689036454615,-0.93010808763994,0.0183553499975783,1,0.999999996829175,-0.708144941700087,0.352014367163402,0.843402995740157,0.145741863638955,0.693334025160545,0.147170616065646,0.737375809160694,0.151416091394956,0.693147146165126,0.176840708253289,0.875086274031153,0.181011730737855
1.14211257136139,0.228622010606337,1.17666678022989,0.227055032014223,1.07167288795894,0.360839128983341,0.207499379965978,0.246799520113145,0.0542478377749505,0.279535848815774,-0.92210130347449,0.0239578633690932,1,0.115038420230879,-0.034869023337775,0.395154350352693,0.709959842171495,0.183240558635043,0.682125303097048,0.172269911003354,0.683664857815362,0.175516260701204,0.805327671260358,0.193818615041781,0.707591699792275,0.241455461524624
0.890932996649189,0.19926446136087,1.09364912333902,0.160062987855115,1.2941226373291,0.358735079042963,0.00179899405476266,0.019643590009396,-0.048250422278161,0.240195580272957,-0.895715911236301,0.0256188359548612,1,-0.999996632325316,-0.59004678235853,0.407591577158703,0.718863675643975,0.163833844195854,0.836153545939262,0.14723483666249,0.578662732757205,0.176482321883499,0.558640950114238,0.186571542670621,0.639958750516472,0.227889231452607
1.00855417887631,0.18180140379889,1.0026342938993,0.181424673558746,0.899588776948479,0.271677347138896,0.00378203400790465,0.0280287562326425,-0.0583290266235365,0.21532574611391,-0.901573518612586,0.0244953209623833,1,-0.999999999897235,-0.146153423171563,0.425781391094124,0.611711278635922,0.152878815075583,0.97117146400485,0.156302635907385,0.350435852764075,0.198195803358849,0.574552553009951,0.204768827569521,0.731802018782471,0.20560725484757
0.891591662009858,0.177426190466616,0.944244961383311,0.142145361118145,1.01042905989056,0.255141601716088,0.000405118744008494,0.00868083468921919,0.0202322317594538,0.215136921656717,-0.9136217248378,0.0194115122144645,1,0.999999328578391,-0.0831719660578694,0.478609877004272,0.76147376424499,0.128316364016496,0.6821944474486,0.159528441991975,0.34654587263452,0.185581751196045,0.901963111910556,0.13571485679006,0.83905243765525,0.174828858137643
1.13584685941475,0.248495521857471,1.6276704874172,0.31270957046622,1.34484252668078,0.474185658567668,0.848779227096831,0.592008059451258,0.661731672630858,0.383660703399331,-0.918109991625794,0.0266772586840366,1,0.619368100276185,-0.0906707271069757,0.449914993681337,0.881123229532468,0.182752591568402,0.67503889053091,0.189714690086579,0.797899423336506,0.189485383667832,0.801506768260262,0.190488474803329,1.15695325588344,0.192407939131489
1.1253763524624,0.267846029031226,0.884796529474861,0.233812102714989,1.6212175260716,0.493242240788013,0.58832351638628,0.349622259690877,-0.580715880588973,0.349066766767244,-0.943301026258494,0.0183010907193358,1,-0.594613757925838,-0.499294799169671,0.484917676571652,0.906065707523336,0.167429924570628,0.989349481850135,0.174802388424373,0.82274858878908,0.192050442840758,0.813669584172338,0.216075037489685,0.964448022117534,0.187546806559618
0.584050767532836,0.126314307443715,0.741113032572986,0.150684287280474,0.448930019050728,0.132316336393675,0.240064720115496,0.197209714183003,0.107809263506667,0.119647975503182,-0.801740084847429,0.0475540805381307,1,0.328399574214137,-0.475237669842305,0.356807237700172,0.50576113000131,0.165217863179026,0.449729349456326,0.149525767485706,0.694337937678322,0.132042999267662,0.451338334122667,0.20566440377241,0.19836929771483,0.269317678288739
0.856095882511704,0.189093947062058,0.797214215539217,0.157999500453362,0.938271857538597,0.283612622058045,0.0185245459107505,0.0673926304236524,0.131837221698381,0.224490863073759,-0.89898416910941,0.0256916635007665,1,0.99999979642808,-0.635303665226544,0.429140358961944,0.652656351968203,0.137832038231402,0.825811091891464,0.142877304095299,0.437005988672795,0.173743784928815,0.828394983210273,0.187974782338389,0.386078205909343,0.256155102635903
0.908370963743977,0.182965085203546,0.836313772515632,0.162305470198136,0.937337028001592,0.303030374253768,0.0080573528479993,0.0345578470670252,0.0869048624279926,0.188226884942961,-0.912714015587245,0.0268713798987546,1,0.999999996128709,0.261486070357356,0.383061325066157,0.470993767752067,0.192338569805096,0.645502901205971,0.159173680289037,0.68896008523083,0.158612406444134,0.482792009221426,0.196651734724702,0.790510901810373,0.202234395335001
1.15879356920367,0.21781556700176,1.26063288624544,0.216127354324115,1.15606767204489,0.364603354412344,0.238852648435261,0.260907672169614,0.13515624533031,0.273142789929559,-0.928316063992236,0.0207689928657651,1,0.257205031121217,-0.381682650255425,0.432950539783081,0.711177071505877,0.154422317836447,0.920341081680609,0.148780459522068,0.745684936118773,0.178092058593834,0.800062286283903,0.194312278532136,0.653622301542053,0.217997498286871
0.920115822985186,0.193790627714314,1.10336831277189,0.139331459767255,1.03432180629671,0.297271978907084,0.174495236848047,0.189222673021972,0.424834354268549,0.247423421558512,-0.885234825193211,0.0248503641293928,1,0.999999999999809,0.583661494669977,0.458941297176264,0.454056854398978,0.152076492215355,0.758106331213812,0.144534966819272,0.401668236730834,0.181735969219686,0.848068376635656,0.153842130860898,0.558505500387525,0.271596690820952
0.677230768461506,0.198780959076826,1.21106372970328,0.221422142283227,1.02700902834555,0.334462224017593,0.0724176465605385,0.272171706777524,0.169142522183743,0.240116506586203,-0.904822955412918,0.0270994733799707,1,0.62021671745096,0.114644378126403,0.499706603995559,0.350646128481486,0.200034084431952,0.637048682458836,0.15948171878551,0.767365953569666,0.166209398324314,0.696146119440685,0.20969643174875,0.217683891260727,0.294475490378786
0.835261280337771,0.176795147773729,0.742619472960877,0.155789933241429,0.964844318380824,0.267281834436677,0.00289220100701191,0.0249751472774767,0.0528254077448492,0.228117864983431,-0.876093069537801,0.0303911205814228,1,0.999999998956977,-0.133445227421073,0.401703480621136,0.760688258928994,0.138566199474876,0.525998223564609,0.156168799749822,0.601940148408292,0.156701746476872,0.680916149949474,0.161648241030099,0.415423005350362,0.254072798010824
1.02528593240352,0.224426614436118,1.43193400159376,0.265158388673719,1.15291087969447,0.373037164850938,0.267239744920492,0.369714628360885,-0.30932894025329,0.263378873448845,-0.920080831182104,0.022090162001007,1,-0.557278336428806,0.247342344033158,0.480077791437622,0.640902119919374,0.176616657729926,0.825475657839373,0.154522656927067,0.953219017059638,0.171220457333155,1.04825935005014,0.201625892280798,0.965526351930053,0.292629376687708
0.874851896614697,0.15862163349773,0.920310600739859,0.202657192901771,0.757752868194042,0.194959399066034,0.0729459196435412,0.12730062908664,0.235106316007825,0.216049837338657,-0.892356723587509,0.0241135745491813,1,0.99999999994415,-0.128378628563319,0.396253715347434,0.821721956807765,0.145212479732628,0.667362856088425,0.156391661460444,0.633982743405782,0.160249759120693,0.642292440199393,0.148687722268207,0.683410192976527,0.181889208207263
1.21663295871923,0.193816413966395,0.805903267153115,0.176689309983095,0.851078801739075,0.244478273663755,0.0363194623271529,0.0816557407367765,-0.175814460375516,0.198714956969713,-0.896132473759649,0.0262872387675566,1,-0.999999999998918,0.811594221382189,0.500351795099794,0.77967015723857,0.159030799971892,0.626805900286484,0.144691558360896,0.591563633196024,0.150928987790045,0.610870536240139,0.181008053369355,0.50901606030052,0.224902124618767
1.09836527574888,0.186664029233443,0.906000785822617,0.185331813423217,0.662037755899877,0.193230514057406,0.109150731617917,0.208816397185553,0.0771367311737552,0.209487911114583,-0.869507349564737,0.0355582740269161,1,0.286950196403221,0.290765310616424,0.489124422607253,0.42580008854579,0.193169506015387,0.700291794170384,0.169357901719583,0.58271535457059,0.17479425157646,0.943744310408709,0.173745863231427,0.63243603977601,0.195624502311798
1.54714309154026,0.174800938670966,0.906610733396768,0.153556556700133,0.815645217076816,0.228185794313737,0.0226869618087581,0.229769784141728,-0.0323272313842795,0.110281520041502,-0.944374856219774,0.0144210674024583,1,-0.237645554620947,1.10925228070946,0.29814212561523,0.935221262126004,0.168797493969026,0.85859317671986,0.13115353922125,0.915442676582824,0.156388351236535,0.548179048963907,0.19684125109457,0.997271341523691,0.1936191173935
1.12549959105301,0.196389705749414,1.10111580803262,0.179162183956225,0.934971148542194,0.240538222995882,0.00982695534021519,0.172329828361609,-0.0958486016462137,0.211238173401721,-0.897812655488002,0.0245617797536894,1,-0.999947468580315,0.497192454007366,0.411934506012506,0.702626021778564,0.145182295042864,0.800738179913549,0.122356418358511,0.82094882190631,0.150876429474571,0.50554333794602,0.207483149839399,0.345485295670291,0.241355042349185
0.974823990241562,0.21155954564984,1.1822375648836,0.187235754294152,1.43888315589742,0.380812396909295,0.237003336049101,0.199565807918083,-0.0986015228945448,0.270628304012746,-0.888858636829994,0.0279744774452659,1,-0.168847108888759,-0.141541542986397,0.380212002364985,0.732337298859063,0.142501382396448,0.755431333497618,0.148994332096655,0.710949926325715,0.174626711547484,0.670433688458253,0.197404004580222,0.887074928932837,0.19702325182385
0.977569570393589,0.186483208616067,0.961434909350463,0.181422162622175,0.800538883104397,0.260931286891911,0.0248920973830158,0.0599697091795704,0.141163351378153,0.174524380472561,-0.864369477982032,0.039778142641661,1,0.999999998373733,0.414537236580459,0.369638660161286,0.601285581190198,0.171193145276148,0.691771078512368,0.146881727641846,0.506025838248757,0.197373719679698,0.515774764871947,0.2050709957466,0.66119495821814,0.223754219217583
1.0947443172857,0.208614733310089,0.947476886670375,0.204719979686624,1.02371354895584,0.324345644893954,0.761709364079266,0.543069321955678,-0.0323066469379695,0.263693059928238,-0.89754182745587,0.0306487946093532,1,-0.0365854172622486,-0.256687688207792,0.417653052867538,0.808177757404124,0.147096759222525,0.59273959093637,0.171075881367244,0.785604340598176,0.172296403329944,0.905074466615162,0.178546045508376,0.464407098124602,0.260032230267638
1.37990869083988,0.292561571457141,1.11326484676349,0.253612844842581,1.70686506688592,0.635558424352843,0.146037307839798,0.209076671401426,0.499265439579824,0.408364760789036,-0.932998473305073,0.0227915175533549,1,0.999999999889712,0.153042546573132,0.499591653039339,0.904343647959613,0.186682913359881,0.888810475817041,0.183794472263732,0.733300229484867,0.225320409141953,1.08650937251905,0.198692707936571,0.439909890402352,0.304338470258671
0.815528273930272,0.183307659066667,0.911854127229754,0.191260105188794,0.809748976282438,0.250048806137017,0.0556259678254561,0.204925231766669,-0.0320299159522823,0.15380227240592,-0.892453760323963,0.0319047191006258,1,-0.150918265462943,-0.150600890151392,0.398965830850257,0.633332862292357,0.185105296965252,0.672576939579092,0.166693948720708,0.567734713628461,0.173306781440458,0.823079230369944,0.183439370268674,0.663935113422475,0.230317821402391
0.915617291444642,0.160309010939795,0.982325798455895,0.167349597434465,0.731161125143048,0.192580507289006,0.12093964937395,0.220594154560996,0.0130421275255098,0.173500279596616,-0.904891477452165,0.0235917988869686,1,0.0438588806500214,-0.445880916592846,0.340268725612543,0.843178031253154,0.134870368371235,0.918795277786998,0.125225020913321,0.48541410792386,0.152369997155985,0.820108892781713,0.166017168733498,0.46845983116504,0.216418521117748
1.0377760568734,0.249052469516147,1.18248850500891,0.251756042536232,2.07645086707331,0.67019676414831,0.322796486821554,0.340872632538645,0.279249846113149,0.478423860567384,-0.928763765946055,0.0218051464289305,1,0.341088999465096,-0.514708718603954,0.554005618297648,0.876712832423783,0.164384154172148,0.884477655503977,0.182267070970684,0.820677732122582,0.205913034831568,1.0130858424915,0.179245890326754,0.966425917861598,0.225141333259664
1.00746391699853,0.173411145465175,0.92298356275655,0.187253914332913,0.720532893076994,0.212464886488739,0.17694769773592,0.240767272713576,-0.0681714944444832,0.193092567912036,-0.907542950575805,0.0225502318548207,1,-0.190920890184019,-0.06705144483179,0.375367988788444,0.778763242432664,0.149446214278138,0.776895391755238,0.160205543807183,0.692146081695529,0.168906397125225,0.432367006373356,0.207918851517234,0.915269685582789,0.219556658727762
0.735414518666803,0.160863642040166,1.01531811153508,0.145276590915101,0.850659216912691,0.228489109466946,0.00249933992486944,0.0176570861726306,0.046109505548095,0.163127776455371,-0.86140948811172,0.0340191625051103,1,0.999999990264211,0.223432700723423,0.372775670589583,0.593984295859084,0.130055494770856,0.392954271875323,0.149700133703996,0.499754487958281,0.160276387163189,0.793788069203356,0.177714576811606,0.265989813787851,0.265909867751206
1.11494414648277,0.222736887522689,1.15510145568883,0.267672019310699,1.1636763299179,0.385563881248074,0.663135916606614,0.560959641708151,0.153742530587962,0.355291336243493,-0.924506670725481,0.0228112591378978,1,0.17501555503297,0.23419616014834,0.372919354827005,0.814781437834753,0.142147854527047,0.86658739357997,0.16302428344899,0.873627037601514,0.191538634900851,0.788813188107189,0.224162820072384,0.482996601854075,0.289817601816137
1.13913251665005,0.206499432739149,1.08571029715114,0.213250216922895,1.53827766685108,0.47962126995057,0.0232773326194653,0.0807119409559685,-0.189227378846071,0.33357518907199,-0.917157687564623,0.0224195897923993,1,-0.999999999896208,-0.446160385019712,0.442759600080641,0.842291529564233,0.141277835137931,0.76897431108064,0.154832821005451,0.887361485097271,0.178197322992793,0.692409975461115,0.187917809836203,0.887499990178326,0.200524582534738
1.06965055906854,0.259679931458978,1.05380618541928,0.179490933086876,1.5132207071247,0.516205993302125,0.118488666757345,0.201324393071037,0.418392444688716,0.238779873860401,-0.909555216156753,0.0291213123256639,1,0.988084961068015,-0.0208341587784917,0.435117811978222,0.411814628078938,0.20187058668892,0.836803740825073,0.189002514220319,0.733410890915945,0.176551425060626,0.995828755918303,0.184745036200382,0.770287297807557,0.199921874863813
1.59760573306699,0.230017743171328,1.05113430412205,0.1940720844639,1.28315057425817,0.386454396592785,0.0850321286314735,0.29478303505149,-0.149564483113537,0.254862229822198,-0.910513387467989,0.0227210497917411,1,-0.452791366642639,0.746177315987714,0.465622305616402,0.777042871638456,0.162360393807456,0.831067396187895,0.147716111518868,0.801557865953823,0.145160166593582,0.802980623583841,0.185476658553182,0.488992508602899,0.22005634283215
0.799477541313717,0.200021424278598,1.43286198478018,0.183167095393068,1.25144348277985,0.37626043456524,0.0468209594416521,0.117007006527242,0.242061529635976,0.301494863476448,-0.923768525966622,0.0208300241901209,1,0.999999996407069,-0.366725740355182,0.486748989142734,0.794585144545095,0.155032811016943,0.729740789707825,0.140982983386272,0.712374610769887,0.164301886010382,0.673560275774491,0.21772600872935,0.737227672826691,0.212235794316728
NA,NA,NA,NA,NA,NA,NA,NA,NA,NA,NA,NA,99,NA,NA,NA,NA,NA,NA,NA,NA,NA,NA,NA,NA,NA
1.12663500762048,0.164778917832434,0.949893509330769,0.142995170224147,0.537197784510238,0.150284361169666,0.0488294317400097,0.0834752416459392,-0.161960063703051,0.1421324767239,-0.869496362056564,0.0324081770786174,1,-0.99999999399699,1.00770356793198,0.454198275721358,0.640392423615777,0.148941650820971,0.374701600835562,0.181113900838201,0.514212130427787,0.167697380642422,0.775632820988862,0.159253085370467,0.646917794926462,0.191104119620466
0.895531332163894,0.178158627446278,0.934169266758577,0.147844040448147,0.717172716350742,0.192796932222813,0.00750582951835876,0.0272871604522087,0.0733687680381003,0.133588648717562,-0.871678881177441,0.0312831664622896,1,0.999999998075566,-0.103043072282808,0.410199367763348,0.383107419489271,0.183346677279624,0.574917405814649,0.152824881530591,0.64497377456565,0.146891517037736,0.700782542276002,0.153765465386831,0.653310220572746,0.196586479990297
1.228286444043,0.191531392860045,0.906924183334355,0.173969846679915,0.661846797135224,0.178838660583677,0.0627246487920051,0.102412001717305,0.203750111409942,0.17157744517701,-0.852581772208262,0.0393929971587314,1,0.999999999941508,0.712577534458802,0.407005494885586,0.466966762892389,0.178421892044326,0.682522142834123,0.154227253630397,0.7108663237561,0.148924606688801,0.404403747012399,0.175619931838418,0.641163414285232,0.156593357051625
1.11454349319108,0.208314858924065,1.02611325075868,0.181950065026063,1.07492970749504,0.288776362432927,0.100505008875643,0.200111095464565,-0.04453888428209,0.199969581480685,-0.894744459410091,0.0277964572946023,1,-0.135505039670755,-0.349441997820554,0.478566354003021,0.782944259820932,0.151701644461426,0.650712273362468,0.126686453808506,0.838926837458391,0.163792431846169,0.55729191734367,0.186511306340538,0.704136358713727,0.211716660859376
1.01958490736521,0.189260963563104,1.00088415654972,0.182040356189288,0.884644689083535,0.230370394021962,0.120468080839712,0.212171089037553,-0.150057833462404,0.214737051520059,-0.897664507490371,0.0226636933539597,1,-0.459661615060573,0.497328459175949,0.418195064591492,0.676994174897606,0.144325650167821,0.766720500381615,0.146795389728654,0.645439913913268,0.145569780169311,0.518990340843262,0.197744117317501,0.606129527051232,0.217796683395759
1.01384426351384,0.207775748859943,0.771575019122732,0.165584728864675,0.992467215923203,0.309731237258904,0.0684846368045716,0.249333171588088,0.121155743939835,0.264733261267494,-0.888100267238619,0.0304228737533501,1,0.464717840541473,0.275246904505959,0.485330177680144,0.566526380969797,0.161595905274406,0.573172350017122,0.150876454046168,0.671580754067641,0.168048888650328,0.841748351739376,0.186773440456786,0.612140362746808,0.24149535398233
1.01997759732332,0.180509211955398,1.08292831826096,0.170559713232827,1.20986593867229,0.31828349368286,0.261918394822243,0.232508663934476,0.56292641135621,0.273316267351289,-0.904260998495381,0.0236627589261774,1,0.999999999992473,1.12169735941336,0.423477360449946,0.407559550105132,0.170426408245072,0.717125013767424,0.144450175822254,0.685815602605868,0.171713782923042,0.915023235476486,0.172039544130031,0.580655679024546,0.195185255127206
0.810126179779108,0.2221049828447,0.986376506296272,0.210435659651298,1.26124717360428,0.402097079182307,0.0189189954554706,0.168704414950461,0.100968719999957,0.315910631872297,-0.904170773940884,0.0317824134461463,1,0.653638630230427,0.210602480337224,0.496944338307798,0.590463563061274,0.175007929979078,0.323662807517006,0.199392199553804,0.686587993039866,0.167955414951658,0.82899317551193,0.1869290803141,0.31272741537293,0.268050973336344
0.921204320599183,0.14169658448249,0.921555183187741,0.14391616875372,0.556487164846407,0.133300702151922,0.00286567170861909,0.0312320238242854,0.0399335796966652,0.120201280051361,-0.875760618341301,0.0290769536456067,1,0.999994125207495,0.0665243781239409,0.391411555417644,0.619025189647459,0.157899898266513,0.5836150357403,0.136105764504604,0.675939205021643,0.145547158020409,0.354786115516919,0.185256530551297,0.689619495081488,0.165058611031056
1.08312575118285,0.217911610183918,1.18120295015335,0.220737116965056,1.21210081663803,0.393778749483499,0.000405622326408903,0.0116982473689903,-0.0221727730806503,0.289065478482592,-0.855061905321919,0.0417375124979892,1,-0.999976317469223,-0.15126700002348,0.464149343039352,0.804288133841931,0.151761012355408,0.790973624989997,0.157967059347915,0.829053372386243,0.186321091946467,0.708591106737777,0.183108600732885,0.801515272666723,0.229808957101715
0.747912944478126,0.166431987980323,0.874228508380412,0.146649004852961,0.833393614501822,0.207291109892811,0.0741075998214352,0.0804421704276123,0.2485172034649,0.140932992452876,-0.847918421701467,0.0342815753427798,1,0.999999999520523,0.148027707793981,0.422730061512195,0.604923113898638,0.166392120568732,0.603785019332338,0.143102616583053,0.691775039317881,0.126984560696099,0.570376806797987,0.178024008994453,0.741185613577043,0.17593193216094
0.986246360760048,0.192746996094764,1.02659461708953,0.174667939245943,1.14039552966308,0.3049459497926,0.00315135391933114,0.018559026490466,-0.0599482210147991,0.174519064208525,-0.898877273835405,0.0245587430437607,1,-0.99999989994514,-0.510610918115937,0.38727370159845,0.897581757047841,0.13153589984947,0.647101192483114,0.163394093051246,0.648688295083879,0.165518031404258,0.695947280573994,0.165400798993395,0.942708919241357,0.205151825099583
1.34337957952687,0.219132659575235,1.46574095408397,0.213963881089624,1.05780261161772,0.338125343909324,0.19675143980977,0.212920035485083,-0.0122033508969192,0.223737993103582,-0.905644396379962,0.0271177560558494,1,-0.0267496326436532,0.358282381119527,0.417115594447679,0.784753563947951,0.151445626797735,1.00673467436401,0.150340338934979,0.69092495517268,0.199094262526174,0.465287710125247,0.217793726282737,0.82696106674026,0.204509689336372
0.957939665502752,0.191534011148553,1.02796064825463,0.182058257247639,1.15710491717466,0.319831659060781,0.0137700549929738,0.0536332284549822,-0.126227548739651,0.241566725028162,-0.899719599415695,0.025648799374433,1,-0.999999865649661,-0.133130802841011,0.461385764012222,0.882761887149588,0.111459067564946,0.655992053922795,0.15286185578372,0.733462058091339,0.183446391621407,0.635904445206689,0.209256671508935,0.387598280270071,0.244930881657087
0.791535298590085,0.162620038737715,0.897684184743941,0.137908989290913,0.659916682340253,0.162033786774832,0.0549350745651421,0.150686727243004,-0.0689459238782511,0.107324439503072,-0.874672866424793,0.0313658627684313,1,-0.362108886334922,-0.460125936519721,0.425225800958113,0.742354623696457,0.153704185408834,0.56038013399628,0.157760010279434,0.460818372501315,0.149910623403846,0.856949497834808,0.139214512008218,0.925380378164233,0.185293647067971
1.06452883299689,0.167919292894373,1.13809599322248,0.182579578133725,0.727208866966746,0.197178643043167,0.00168642664666564,0.0177719885755163,0.0350197699421829,0.184544036453645,-0.887044149783593,0.0293550907808728,1,0.99999994938747,0.191218583556382,0.423047798321705,0.697522067211511,0.158338782486626,0.601240930302777,0.149368525049598,0.540131784961251,0.172277981497046,0.809124535379463,0.15228384086212,0.620802577298876,0.217881258978284
0.814065418557831,0.190090857205272,1.30892988278226,0.177219553920173,1.06380351507411,0.282749689383937,0.507263427137456,0.444525113721119,-0.291461640837394,0.205871825322959,-0.873873218199967,0.0308367938486699,1,-0.396765515884886,-0.392575125466609,0.449347982791918,0.818925561107522,0.12793746042432,0.610479120830528,0.151673195234976,0.557553187392858,0.180246765113265,0.776077869456432,0.175955363753332,0.936731133695274,0.177617782241812
0.730264253788741,0.182237063058254,0.98911633887829,0.190270820578727,0.921655593864012,0.278008048663731,0.139478836229781,0.223295602151559,-0.285391920730538,0.221354904449393,-0.887759601500934,0.0295811487513328,1,-0.795981886800825,-0.387680390602506,0.430671178283088,0.519205054042315,0.163135888140569,0.545829902023058,0.163420168111676,0.856107751937084,0.160817256921385,0.583752071993818,0.184570561087347,0.661996274321961,0.229930343286759
0.835288842257886,0.177397174017878,1.09517013924223,0.132005592475639,0.970390630956527,0.262741740721049,0.037730730126893,0.0782939583820081,-0.191346667109292,0.20364905194504,-0.889626301805041,0.0278543850180663,1,-0.999999999993827,-0.862865913628847,0.504972310413873,0.693919541385923,0.132104745163758,0.81741981156327,0.133572176182148,0.794388788494393,0.143720536039565,0.587621729041773,0.175353981999033,0.636434773367797,0.214634790040222
1.03312278762716,0.226886216224751,1.0305817584924,0.168560938841077,2.04178133243897,0.601558057268952,0.235612356140678,0.221363752539234,-0.693591313692873,0.370791308271771,-0.929068753544196,0.0194917676419361,1,-0.999999999969034,-0.295794025871582,0.34891986814353,0.921671117214665,0.161951901200607,0.87763489663967,0.148141049525821,0.658608371426574,0.155450630746649,0.835693644566266,0.182734346954659,1.00486321046985,0.196793601576805
1.24737495846912,0.203389441915194,1.27182400061426,0.24127939143446,1.43333544714491,0.44198318683721,0.000278212936510596,0.00807225861686403,0.0199692537072743,0.287588553992762,-0.926797829191849,0.0235902892303965,1,0.999998282064681,0.0601608559313069,0.480419986910158,0.942191515175108,0.1783177933099,0.486277571930714,0.178961462305752,1.16080525522058,0.15954492299598,0.521742099088565,0.183693970918999,0.805032927664603,0.201580009148626
0.849113350696291,0.170027004685377,0.758171959610054,0.148540596760636,0.888927047336467,0.252690177806224,0.0320028681799577,0.0818739436150845,0.168665986833332,0.225501850341407,-0.888334234071783,0.0298411939413227,1,0.99999999994646,0.103348352054203,0.420158860140781,0.806241197503633,0.145168592417935,0.338018408615252,0.18422376494045,0.696421278683081,0.152153651384469,0.750526200173768,0.168131727061499,0.41626575776674,0.237990969675466
1.12866540568665,0.217793802332958,1.41522795692623,0.210457649747462,0.725761202052927,0.218094983016944,0.301432450649399,0.375689838552706,-0.209339927062623,0.207799654227217,-0.913627700791293,0.0232225944714921,1,-0.44756920000279,0.309328883322915,0.448141311304936,0.831052708330147,0.150237604338743,0.888651471228005,0.149342849797366,0.666133256667644,0.188812461036818,0.80570896976582,0.203413350656364,0.571090039701603,0.254611196630553
1.20501149676879,0.223431082903064,0.737748331395745,0.161324089064994,0.922044205549902,0.279928483606943,0.049175856946689,0.169825008217836,0.00956300831076014,0.196194188253298,-0.894299875765482,0.0278998387963049,1,0.0449099625972472,-0.276195094245262,0.439212740647254,0.783968124682146,0.165741341844692,0.860714345072138,0.166147471461888,0.343511898695974,0.195076726255961,0.8010850207869,0.160470737293614,0.64666622134924,0.199379624714333
1.17403970091494,0.188397725203531,0.921890308444742,0.140155856071062,1.16770491711634,0.269757051476327,0.00782062707881211,0.0275188074497888,0.0955624637466636,0.16713673268806,-0.896348167871287,0.0235989947380416,1,0.999999988089941,0.0494284092960634,0.454921892828136,0.75077036014357,0.143136694239386,0.556295286129638,0.139471366011013,0.874842759765815,0.126931300304138,0.516311432382263,0.16642537254327,0.863908270761482,0.192712134173503
0.631700083673431,0.160690036299017,0.946020072913187,0.158187101668121,0.804680656303663,0.22368481985236,0.0110512223014831,0.0363149472254004,0.0943011389563691,0.154079487661084,-0.859016102872151,0.0371563629187291,1,0.99999999966002,-0.358906480749027,0.31397246564519,0.512367061709512,0.149086944288056,0.696403966947999,0.145097285500036,0.539763063522072,0.173849531849071,0.62235085011055,0.164613733033366,0.669204791593518,0.218968491126483
0.922097411202064,0.241247689080536,1.09783601133134,0.223594676835198,1.78892879222932,0.618239020051387,0.532599239268026,0.45700268074598,0.223346705624031,0.348489080493934,-0.910818228722288,0.0289691676790471,1,0.22881408421904,-0.607147399384276,0.587740009006322,0.793731073186057,0.195134680398397,1.04946177605436,0.186557914202121,0.789629768675902,0.189486298075202,0.654135713295249,0.198001260086049,0.914051839254754,0.231479972289507
0.943917720692654,0.213798632049633,1.10152039667376,0.215550068938436,1.25576346757898,0.401391555252701,0.511965640300825,0.516566549866751,-0.667442026321982,0.374805613042526,-0.90266381115029,0.0274805339632643,1,-0.832413700053275,0.19714098702932,0.469523789537937,0.900851828647075,0.166957729596975,0.682731773885714,0.159237275623962,0.627666119466822,0.183940149709967,0.452504351478579,0.23828750596497,0.52906892944775,0.236843460769768
1.07718089449513,0.175793974498158,0.699008662847387,0.17554741597292,0.614085243672362,0.16095074441865,0.268609681477307,0.335426844824945,0.234442549553431,0.147937788452233,-0.906864282416774,0.0220007956728895,1,0.577246454321551,-0.139940289411166,0.374810802505488,0.756568905132106,0.146089095865994,0.501264301146255,0.14364106116759,0.601219221425956,0.148430833318344,0.823782714201317,0.151418125317625,0.527274080338599,0.191462126412898
0.773507615207755,0.137488169472587,0.765275686294608,0.153207862257854,0.527171880436801,0.140696502047334,0.190220033565598,0.197499276878416,-0.286408759741731,0.138550103640019,-0.844412349328024,0.0378063663995983,1,-0.904444768935692,-0.243131602960874,0.337318324122777,0.620688282174015,0.158873212737195,0.631006312269481,0.130514380065888,0.561084122772917,0.146163775540056,0.159179241202688,0.205553491307535,0.12595278814214,0.254166247657748
0.957379072315091,0.181967719182175,1.03863933186415,0.191860454817332,0.93368767829054,0.223138229071727,0.125559703922565,0.154606268271985,0.342393849623508,0.225789262543958,-0.905503112601753,0.0194876589450248,1,0.999999999222485,-0.38521672115256,0.412152051341546,0.957504500675567,0.108095571542021,0.666930106485332,0.151422441652303,0.65031743770818,0.145279865782042,0.81640908695003,0.17775653934053,0.551861617817298,0.237015055067535
1.20216888188797,0.184244009828865,0.841838719224691,0.180928373435727,0.792930864157664,0.20982187236673,0.0020190418971032,0.0222181402941728,-0.0400120025898053,0.220171753901142,-0.895187971981952,0.0268192547802003,1,-0.999999910992814,0.555240819080934,0.414600005282726,0.571973824173086,0.152277899182325,0.6895282352641,0.139185985458505,0.536555388355678,0.17681789787969,0.523681895169735,0.190454872277497,0.752393672423228,0.198322219539535
0.840859706016765,0.159245896900013,0.977498476051874,0.149742725962493,0.70069368008743,0.176541156071647,0.0141902298028615,0.0426183904337258,-0.0997146143724227,0.152125578525863,-0.877660450336407,0.0253574083787788,1,-0.999999998872958,-0.729290941352674,0.376974358044624,0.637908605075443,0.150758928952602,0.737718674898334,0.115386763959076,0.762594192764,0.139954738394502,0.587681364007963,0.179751643333835,0.49220680924634,0.217453949499988
1.10834991906562,0.216479801218509,0.96446754600952,0.173009983204475,1.22788816788229,0.350406892246584,0.184718219112058,0.242343429747329,0.13098356360593,0.239470142192611,-0.921344441746846,0.0213679725482905,1,0.27503155750074,-0.0290437851418416,0.464831509894871,0.83874984432919,0.155168762251194,0.598462078119505,0.167182249025222,0.5842692276126,0.156754324873238,0.742226002999892,0.160051205882091,1.12145302963382,0.176111795841069
0.769416160985778,0.190390201730622,1.22981731615144,0.221772977449027,1.06027089166635,0.29410845014284,0.504076132626421,0.384000658202092,0.207093087350997,0.252018426760377,-0.903833564704146,0.0255208266710454,1,0.28327556604009,-0.487169542761838,0.370750192630138,0.690116653740431,0.150603290243899,0.885889485608821,0.148821160823762,0.622920517908633,0.168878105315935,0.784241857027232,0.163588697422283,0.904696917713717,0.209513223954711
0.741205615058246,0.165929024779521,1.09854315768446,0.151959236161914,0.625721604198533,0.170163535219473,0.0466005873743168,0.0820242284652244,0.170760048850089,0.157632876653385,-0.923374647614736,0.0178501136173484,1,0.999999999911408,-0.0421789122892828,0.403244367589016,0.575797803679702,0.148490432492679,0.576685451367852,0.141842328467243,0.949019796660183,0.134975479109502,0.644416546919547,0.169726582763533,0.913592667931731,0.191544075497312
1.00036608965811,0.17507840623549,1.24728803239008,0.164405310088958,0.702477946321807,0.178800585055387,0.0166929342615636,0.046604137352285,-0.108288586422364,0.152601900177335,-0.904628577383453,0.0222325401074173,1,-0.999999990244491,-0.134060691135759,0.409501156736742,0.647757147980037,0.141178976185963,0.61152874744061,0.143689517181517,0.533615478698435,0.161443350325255,0.599941905838326,0.15247852538805,0.742580180294499,0.187307339829004
0.81020885690071,0.179389486821643,0.895560464724846,0.168787811834247,1.04543639696569,0.267699697477467,0.228101590557341,0.295760472768222,0.0325533672115815,0.249573814645782,-0.864893869291512,0.0305998465729288,1,0.0666627080915075,-0.431119042551137,0.361828631297956,0.595616409419946,0.148248637415658,0.57403744016606,0.132253669164838,0.521450775063509,0.156758053361181,0.535508856116951,0.181864888692515,0.857887191210242,0.207654228649452
1.21866127887805,0.213498031896418,1.26167283011248,0.217820816594128,1.22642462836643,0.353251948211167,0.29474433582649,0.36555250731182,-0.232464831334169,0.271361205920679,-0.9298883226636,0.0187157185809809,1,-0.386646509593796,0.132291408175317,0.466459454969222,0.754344415682082,0.16633387452429,0.994939122899597,0.145261322857233,0.856633797608966,0.16462456813573,0.493853370558222,0.184806184577232,1.07341216854088,0.190574451279304
1.00023690764708,0.210345564361802,0.81314808142822,0.17340784822594,1.55125292092595,0.410334388548605,0.24873622916704,0.304965025369884,0.486806422205564,0.423890932146136,-0.933976814312961,0.0182233209478942,1,0.783692101697802,0.0908417173405905,0.514094562502365,0.929662397657979,0.164584058087227,0.598859056923817,0.169740433071201,0.767018750383617,0.15225492184139,0.775909944002149,0.180831399545668,1.15289941161934,0.171480451184596
0.999600723357453,0.172287451806073,0.999804066260646,0.188909850115422,0.699366547264312,0.206277154593664,0.0575012925029941,0.101579863978277,-0.200535484103713,0.187787198727313,-0.855593053308804,0.0418160223257973,1,-0.999999999796793,0.365620701703881,0.367382287053413,0.55192249746595,0.167137754516995,0.497988045472952,0.16146347476698,0.729950597502673,0.153986115106342,0.595082717744489,0.206776683950859,0.267796077989421,0.254573936630569
1.01377582818476,0.198957452526676,1.02410393787177,0.156747970465387,1.06959194268238,0.328060270706654,0.00422735393501755,0.0246745479669825,-0.0672424006849385,0.189862864863069,-0.909249743999481,0.02507750862172,1,-0.999999639737176,0.238631389735438,0.43662116496406,0.556313616816231,0.161220862040545,0.608081380302958,0.161011732002919,0.796295307160091,0.149842284009465,0.562515029959885,0.209063925019186,1.03781338353941,0.23037704324029
1.08419792018706,0.209776050026845,0.864892409182424,0.189306762653443,0.883074407552752,0.250359949776835,0.46081896026843,0.369737119401642,0.131289655369193,0.21746862022611,-0.900664644464558,0.0253551030150675,1,0.205810102595763,0.149081943518274,0.487675176000428,0.544382818356022,0.191686546605791,0.870028751426624,0.16906664307295,0.761875548234019,0.162266423035276,0.686278640609867,0.159001899446283,0.600520801424805,0.215533687451932
NA,NA,NA,NA,NA,NA,NA,NA,NA,NA,NA,NA,99,NA,NA,NA,NA,NA,NA,NA,NA,NA,NA,NA,NA,NA
0.611886440780497,0.190499392705911,1.16465143620111,0.201165562859919,1.00100617731132,0.30663743105651,0.314476778392037,0.303929817610163,0.472545569727345,0.25344206407712,-0.91049683010132,0.0246041554078512,1,0.842230619390585,-1.1653377196435,0.448489904348797,0.744942953402511,0.172058371137465,0.928033212001872,0.141300378987396,0.745748939621247,0.180532383688191,0.831607850225498,0.196377653523144,0.532815922884114,0.275685911938256
1.1259421151798,0.180523045783264,0.823782756609814,0.146730925136935,0.897938446209483,0.255446825533775,0.0754315939372228,0.0919887735204995,-0.260255505513877,0.170059889090126,-0.905638614390379,0.0219254542853103,1,-0.999999999226294,0.186129427136984,0.356594729796009,0.750953592415687,0.140802082798235,0.767997144883085,0.135825202296142,0.56345144444429,0.169891904474336,0.680511838761185,0.182693076772026,0.521707489442525,0.220979439282447
1.30686602984739,0.212204226271613,1.28154160545072,0.194053814182166,1.28900228738561,0.34139078810518,0.00966605109179299,0.0380606921461848,-0.111622400430245,0.218429773290928,-0.91407062918924,0.0216270032496457,1,-0.999999932200766,0.539873344212647,0.531969085401597,0.816679289331502,0.156376043985639,0.794587016719526,0.142082222575045,0.64177931563775,0.156524567794294,0.754487062520116,0.165005225894748,0.850749719315658,0.192671248380521
1.00409019181284,0.172320815977278,0.891777379143409,0.150052709770167,0.755546807372016,0.216355819767578,0.00616790747650833,0.137249329202233,0.0675651819292168,0.148207899593467,-0.844073758241957,0.0374045292087204,1,0.989745048990384,0.027832329498129,0.344383788855337,0.66967677155083,0.139836572076635,0.509610778542027,0.162451881498774,0.503977301448018,0.170760521953026,0.371515237407151,0.191663412371454,0.717244346179678,0.195554952677506
0.78361789647827,0.162590795003467,0.648804326683504,0.145411073561891,0.663996865633568,0.167055974445672,0.0984652914591447,0.147282689260444,0.167889671181352,0.182564961941488,-0.901116272584681,0.0258095091117775,1,0.656597732339961,-0.124384812891474,0.415095077582103,0.524247356991852,0.143033759402761,0.750884385394867,0.130994376928831,0.833102320600535,0.152522044758694,0.874463759923297,0.142908685831388,0.255134493292958,0.283264540485327
1.18881651341846,0.180924362793429,0.963673580526352,0.165427920200148,0.857883098216274,0.265705952208459,0.0142460435510182,0.147516394895358,0.0800773114068163,0.1760626196182,-0.905962086861453,0.0259327957681469,1,0.72434971516112,0.208982782087293,0.332403504771498,0.798730567929935,0.163772350864749,0.52494167018712,0.175483421337858,0.701326223252134,0.166113821946706,0.795645017509284,0.182147439615198,0.703346046124222,0.212875484214534
0.937408275947396,0.15003635406912,0.526083857112801,0.136153442575893,0.792883580398512,0.204020762396313,0.00922414484449501,0.0312522175201023,0.0855200133802125,0.143400143854104,-0.832074344159337,0.0376008404181852,1,0.999999979362904,0.226062502735068,0.300207890477401,0.454396887077994,0.152172788500983,0.783786576351002,0.128294149949928,0.574314835230647,0.152058477241216,0.385364212636863,0.213438590968947,0.350465152256907,0.205168925270564
0.945087599312717,0.204019614444101,1.0165113326142,0.197839438768784,1.12287469150466,0.344640751800344,0.183572063971121,0.224362067235454,0.0537392843980474,0.249086679996144,-0.90985954469544,0.0267158682647884,1,0.118364900364743,-0.469537617284868,0.415336350397419,0.58668809972635,0.174982919695202,0.757455960241545,0.152550143901418,0.664426993939889,0.175557463255549,1.00766530189845,0.156905499393856,0.68586902914545,0.223441082934136
1.12321172791873,0.185108960073924,0.784368654409082,0.157110918275833,0.672020147826553,0.191967592184658,0.265284170727106,0.27719297032611,0.259607240128261,0.183080907317957,-0.874238745267256,0.0316598415512828,1,0.614851143300806,0.503979702075284,0.417901136517692,0.491081125129004,0.17497290990702,0.703313057928067,0.150227364142119,0.657341185378156,0.147110630017122,0.613408185256385,0.184684919375084,0.68853152172263,0.207272522441431
1.18454367375347,0.235053511280777,0.861231474023338,0.246525900405666,1.30278760071259,0.392957678987747,0.722451618547338,0.535648856880802,0.401668518477861,0.319770743396921,-0.938488074530025,0.0173117059172433,1,0.41402503444757,-0.0367365052005865,0.473405281904409,0.832124541285973,0.146582263258727,0.919779177774138,0.162908881595227,0.872753255392981,0.171658699852063,0.932821290409565,0.178924474016247,0.379374162060011,0.282068294169586
1.12213519745288,0.207637427276698,1.38869663394909,0.242024023324887,0.965115913980928,0.304097114391429,0.230517337589835,0.282954624826042,0.124118096346161,0.26431050822137,-0.932120917047093,0.0204573911903143,1,0.263144059419322,0.282428902477032,0.503614213159125,0.882876790847466,0.18668407255949,0.761553228997598,0.171087982901897,0.775610383158413,0.182647000225142,0.821986733442972,0.190181216284081,0.797015911565134,0.210356020090111
0.567119478157581,0.158922783435307,0.854118437955181,0.158614915672845,0.989326199746381,0.291336820362819,0.0766828146261866,0.2455049108541,0.059489223079741,0.197719673839043,-0.903271217258677,0.0257981393367032,1,0.21598297519875,-0.847789629233726,0.350897353589904,0.880218961598999,0.147358553925522,0.510703383711924,0.153399628939975,0.770320734993526,0.17479949770324,0.344881681437711,0.217307197568255,0.503582012998269,0.247818888757168
1.24812144470964,0.219088835858266,1.07320058566389,0.204360353746839,1.3408365599533,0.428639670909316,0.0251769406747073,0.227610549949034,-0.041505098013856,0.284714565793265,-0.891579179013381,0.0344167306887951,1,-0.225897822128989,0.343901022882328,0.451354304394865,0.600685170353781,0.186010193437715,0.83320376090402,0.1612362017759,0.843587482006319,0.186321410313704,0.546030299870328,0.222915882447607,0.821009104783083,0.197946602405837
0.794786554280614,0.145193491190106,0.849132485377379,0.138202581441663,0.646739659881032,0.171970430253304,0.00664013452941645,0.0270029233261002,0.0655319643149629,0.132576174635341,-0.808641129130263,0.0492525678039914,1,0.999999999983523,-0.18964495985348,0.35063918528854,0.586470501606236,0.140831636358636,0.607276701772141,0.146357227285865,0.655082005622573,0.137841266726817,0.540889588207824,0.169015818447387,0.380379914861127,0.224612979713494
1.23808594829261,0.219190169278566,1.29006042189969,0.199993661083457,1.73280904066543,0.486235071870318,2.56531959502302e-07,0.0278879543115739,-1.11844712461318e-05,0.343129451112096,-0.93420229437144,0.019427845479968,1,-0.0167752640744098,0.222452321709878,0.439205309479476,0.658617473579091,0.191788723258593,0.885024414025302,0.166076059231401,0.787121050638527,0.19111087041901,0.678730641691586,0.20321794533083,0.906568833805211,0.170664010368952
1.17663334103703,0.200864339249677,1.08578008043928,0.206733050700989,0.787131657048657,0.248814793597257,0.139082092091019,0.213036885627642,0.189748482045837,0.169307556564631,-0.89945111955385,0.0289543538395895,1,0.573480972794823,0.40294306129642,0.424679163816234,0.685616236213586,0.177670341263329,0.400725659368625,0.168380531592167,0.550307422918359,0.171337116396971,0.73002746898991,0.165972165606938,0.218617962562139,0.248605524230315
1.1806890833354,0.164979056212851,1.17176751219304,0.144818826473526,0.776353440412336,0.2230503926778,0.0183122061351802,0.0616478629492861,0.119233989417629,0.198357136070097,-0.871799046701958,0.0293191094994021,1,0.999999999924603,1.05524734263158,0.371957754014876,0.513592694226159,0.157672497208649,0.471482861894351,0.15999275565392,0.44127358675864,0.168641249916726,0.761997063813562,0.149790017865214,0.524808245751206,0.202562591440085
1.32926674619185,0.268179965424779,0.891557015616508,0.21718109104167,1.18840821477348,0.414184742623669,0.103367364970525,0.235932692140925,0.340997429375582,0.283255367670229,-0.92190876860408,0.024491623062072,1,0.972918719987605,1.11763533357709,0.508116957131997,0.614700773741337,0.171164107419855,0.529046596012659,0.184559095530992,0.818772269520617,0.182523746211563,0.803715871122391,0.21588387726441,0.368908570868348,0.272282227802063
0.821765914769018,0.181042163135818,1.17450681054979,0.170016958624071,1.03103101514583,0.273361614263208,0.0123426475730493,0.141189568123626,-0.0510049832820315,0.172425697823198,-0.91437159655612,0.021318757338534,1,-0.45213963607042,-0.546740588650102,0.513666262219979,0.718536849765623,0.151483446715723,0.431828620487241,0.149781122255025,0.772787980966689,0.116739854998707,0.76010533625027,0.164977792652783,1.03990263718273,0.194331776585555
1.01207035253657,0.186456701823597,0.960244575234476,0.226375527354966,1.01601988395181,0.294754224754725,0.0199279883836085,0.199604915398113,-0.141800794922723,0.225794170038987,-0.871852511043926,0.0284505253917389,1,-0.9965425140393,-0.0313131850533053,0.356085370887782,0.821414324902143,0.138734961973411,0.585679847494356,0.158129478898586,0.707759083674861,0.158775417670091,0.120863465304795,0.209526087165572,0.514963266841397,0.238164295594153
1.08436909318001,0.199097897982685,1.29156403728781,0.163184062586343,0.982477378594577,0.236692403509406,0.0118566046308484,0.0412328719697295,0.107929819010764,0.188992526267711,-0.909526565023264,0.0202599694399557,1,0.999999999783153,0.124005733087183,0.482412706050775,0.61826663562635,0.140347522584554,0.849043889443523,0.143697483933602,0.583429809063451,0.176984866490656,0.968431612458778,0.148833062943819,0.39691316777393,0.20914334455207
1.00665218806297,0.19332151510138,1.15570172211192,0.201448512450504,0.946601088599322,0.318954741068274,0.109583580673147,0.187530210518981,0.201783286007705,0.205244701538915,-0.887923644690864,0.0345756032615041,1,0.626511355350734,0.105048764735201,0.357462685160786,0.620303976596377,0.177437343539356,0.698142612691491,0.172479297599687,0.790819423631089,0.182311484995021,0.538108665055424,0.199591954218871,0.872584731278546,0.202524100651699
1.02861033549052,0.207929093498117,0.951602748831825,0.221857862461229,1.04567535500602,0.336180415828389,0.125823487053181,0.150849708743779,-0.362726507839922,0.24378410615953,-0.892903367714687,0.0317856379788197,1,-0.999999999989793,-0.302667830269504,0.439177792114037,0.852483782676059,0.164804964926784,0.458659992416399,0.179807548063462,0.375798857686074,0.178939933565156,0.530149631944964,0.18933484530009,0.883325591399744,0.214332703017553
1.25909543671578,0.208471242419115,0.972887615602542,0.160308039041131,0.857164073735832,0.249683864643776,0.105294181809675,0.122201747054982,0.300423683854234,0.189096816129379,-0.854797540811258,0.0385118597865202,1,0.999999999999369,1.24596669819913,0.526439103853098,0.44865206265993,0.155692642813382,0.621360747842023,0.141932559201463,0.757364263260882,0.159524091524632,0.587450560319085,0.180354099373214,0.541409139382908,0.225431585452881
0.896080734968722,0.16975775035432,1.04908355082233,0.179966477485075,0.654429422549681,0.198722381208403,0.169261371452681,0.265053298434284,0.15859469849135,0.168488292938485,-0.888467532992899,0.0298511280383155,1,0.476516923911795,-0.712521536756747,0.393859472961653,0.64933447204343,0.146842631042617,0.801996378172148,0.141231465470088,0.62353957503919,0.179094109036516,0.438853397905463,0.193749486605074,0.910417698684508,0.225738741076328
0.774433185019068,0.153041485654226,0.922527520034659,0.174908764091428,0.701715583485997,0.197998683722487,0.324053927313582,0.264984431150517,0.47685814523648,0.227532396001945,-0.886407642593449,0.0312852669749784,1,0.999999999983722,0.0305508420683891,0.371885632086969,0.441869288173831,0.162803860731185,0.629045277587269,0.143041662590411,0.868043993176349,0.153409395505854,0.619977228824713,0.215144609929096,0.753874009417309,0.243542958991252
1.14759154485075,0.226962640713716,1.23789138855357,0.205762333093107,1.51189923272047,0.459852370300277,0.00868247619370157,0.0423258414000915,0.114573247711168,0.282771757674617,-0.929108465596614,0.0193750820222041,1,0.99999999983673,-0.116443006231249,0.50183564554477,0.855901009101633,0.148329672173081,0.817364830235367,0.168054322357471,0.734515699935565,0.199730244865206,0.768725836149215,0.187142852947472,1.12378552713219,0.199087294242379
1.01126588311931,0.176889699868283,1.20302403233601,0.190459085251433,0.942897610106315,0.284337938610679,0.0525756355552891,0.244913451225148,0.222641545316,0.165299336650861,-0.896494342298582,0.0295116690743028,1,0.9999578050023,-0.049625670404958,0.3807810766558,0.766231423839081,0.158859590744145,0.539469645610088,0.160746117997074,0.783228412981812,0.160829643805376,0.932889040623405,0.162537928811648,0.823670464680036,0.206146093294232
1.3069982298776,0.232291244943827,0.796989395855398,0.156713540217172,1.04913336879516,0.301796178619133,1.61994966552287e-08,0.00245604182209492,-3.0266682259504e-06,0.19093098600275,-0.882702119717313,0.0304394070334275,1,-0.0232166047097314,0.484497325266848,0.516181257858628,0.681544133360016,0.151416889162982,0.598718618690106,0.168645393868282,0.732031829752593,0.160626057092411,0.598100135213195,0.177196423881158,0.900658457520605,0.195463433349414
0.819800062258117,0.170287157091652,0.847512718014353,0.167992848894429,0.683865859490494,0.167555416745805,0.271267192758434,0.284621358693095,0.125145455333795,0.155018417448189,-0.814474364611686,0.0364068774745796,1,0.290556760455316,-0.531143230718425,0.39401688553869,0.659245532350268,0.127604126749438,0.824092734686151,0.117241311188603,0.286785767842737,0.17667120404642,0.866343179417094,0.158325525457373,0.466259148813746,0.226547481430339
1.2083751348341,0.195669420607403,0.919015574475498,0.176548413148772,0.957045878828078,0.256048408374556,1.57489310133059e-08,0.101242034854279,6.99242309579035e-08,0.206361399840069,-0.922270576418277,0.0181140083190381,1,0.000569555145272041,0.141821801620151,0.482074395384745,0.831467297936376,0.158650736074447,0.823321930295665,0.132640655212797,0.746438172457447,0.163042946860467,0.803171529217485,0.164884132429958,0.989181535406235,0.185993458320013
0.990405655653979,0.190712943023913,1.10461171797456,0.188247924113865,0.869961678973433,0.29207693245229,0.260741283285803,0.353744797883229,-0.382507969825776,0.228687318434638,-0.87736248578571,0.0397549482428935,1,-0.803129406251798,0.129997838358381,0.4084587346466,0.804702330184678,0.164600861687417,0.738153191354298,0.153556434671153,0.600052044297798,0.19016708196965,0.591614317270196,0.224440517312125,0.617511146379006,0.271309128566738
0.835921784236989,0.155984123265602,1.05254928901877,0.152028178261442,0.728102738055293,0.182108432921253,0.00050416777415656,0.186606164782392,-0.0134070606244221,0.13824101943517,-0.914879262135027,0.021270244209775,1,-0.699760944602412,-0.313673509854406,0.340093539557635,0.72726189669847,0.139270077460289,0.602824428830382,0.136869599319104,0.774132381517374,0.134392073433251,0.963830929153096,0.153092367554039,0.276596218499537,0.260486275313931
1.34700903476383,0.21198945663545,0.998063580640951,0.194895320494925,1.15123533184128,0.355704867459898,0.0409916255769554,0.154297943788857,0.177901594951221,0.245969759776371,-0.91179179467344,0.022934283414976,1,0.818936477693909,0.368576395725167,0.517799704410773,0.864704172351626,0.149882575925095,0.760062927645156,0.154972612437781,0.691193193909633,0.165174250472287,0.724607083760234,0.194466252022669,0.48047924911042,0.246518362188893
0.888135777782664,0.218917995168961,0.833381736573931,0.169519039495173,1.11876416336588,0.32262034345427,0.493145867615153,0.355230494656665,0.518517957342178,0.267383702238837,-0.917771969590348,0.0224870897733228,1,0.698082625681185,-0.308260793242614,0.495240686402813,0.563964613857594,0.173808276470782,0.585118423256988,0.177778491351028,0.566547655057351,0.182656491730673,1.08107950444036,0.157299259033292,0.901421590555682,0.173635806608707
1.26734185730997,0.22544476667691,1.06131374776426,0.214940785044476,0.975041265891047,0.296052452709019,0.00472914503964083,0.0365249832371256,0.0679051609465513,0.260900935769607,-0.919906311337192,0.0216589624127503,1,0.9999999259553,0.342564820433656,0.442625584760095,0.650486064290806,0.184745232453413,0.767609347534072,0.14122461042952,0.898892990912807,0.143380808028231,0.728164078346464,0.189516066250638,0.655141756995694,0.203910531495761
0.888373598007353,0.179981737064524,1.07058728815182,0.151514613353073,1.01577390809778,0.268216191612616,0.0380816032127286,0.0978105138471576,0.196678160764655,0.257536948091773,-0.886583549343234,0.0286790670087074,1,0.99999999999671,-0.0650405594842245,0.486005014836848,0.693260737443585,0.143693290237492,0.869359380569388,0.145154117941109,0.499079926548717,0.180756583991917,0.853146281467955,0.165287944995767,1.08479868672806,0.180322419509621
1.22872424998719,0.204871612385716,1.21845668235677,0.224438391098136,0.937782790035558,0.261898471717366,0.0470112223899119,0.262729141320286,0.0690078419790141,0.253245664669137,-0.916721782209725,0.0203482216179046,1,0.328659768615333,0.580438266695996,0.404038011472638,0.785758126844483,0.158119009280867,0.708354533199526,0.156202583433305,0.777758704341026,0.149402014401902,0.807200352687451,0.180521977347543,0.616417150265524,0.241408875494297
0.854231134542473,0.184647957406733,0.788499972285921,0.166905238904125,0.833872554401082,0.265718250107935,0.0180549386769955,0.173203828876086,-0.0568577783319176,0.185808905964019,-0.913763633764187,0.0251040696781995,1,-0.463385070234866,-0.196475231854141,0.364083437929902,0.707523126868192,0.15979514266506,0.802525333127794,0.148636009835336,0.720912294872145,0.187944406079785,0.561176328597934,0.198743884831257,1.16933297290142,0.162912140978072
0.647063407617373,0.167272523585208,0.974762127325578,0.171800138415034,0.928225079495431,0.282577599235325,0.111756321275247,0.214737120679663,-0.242279194937257,0.198964515153188,-0.862132227750894,0.0371171047047239,1,-0.752234805224026,-0.355014058308087,0.35136929263076,0.800167131230897,0.163148596812296,0.368937838408913,0.170071038550325,0.654380588154561,0.160851768331961,0.320522105277193,0.229900623068749,0.908860453937292,0.148551578641403
1.16333122552589,0.236277478630177,0.921953880921924,0.203070570586666,1.07547442595818,0.352251930818806,0.296517876862577,0.222834480354515,-0.236046317084137,0.223797664119461,-0.865906111095223,0.0355048546736805,1,-0.41799563251994,0.671769803179797,0.476462148130946,0.544852558404419,0.198117881039753,0.641544530605874,0.182681280050626,0.595733714110029,0.193436539731641,0.798851584337636,0.181393151052414,0.937902516289418,0.195660143735803
1.03240473178866,0.182054809588458,0.800558957330525,0.185898050939141,1.0629996401043,0.312592364814332,0.29504114389963,0.355673137834539,0.199610283167291,0.212055246576937,-0.883398750709407,0.0309923301602512,1,0.356430664617815,-0.330426130849619,0.402054972432706,0.768331004115175,0.152145572541836,0.508222824287711,0.160354439924926,0.679780971192236,0.171565901449385,0.82007890102541,0.163087554376219,0.586069111181964,0.198152791348143
0.950740873427695,0.196146757470317,1.2515605291186,0.189881777305168,1.06882997618569,0.277842929964357,0.218252832783086,0.247103854629013,-0.27553995823414,0.243870263101689,-0.92919738299099,0.0166632115011963,1,-0.57049301435526,-0.561916046322697,0.472875708459683,0.743307258930998,0.143070561585649,0.851155730260747,0.138197006284556,0.789347848849345,0.16411862666589,0.753439004060272,0.160276768632901,0.977423419629226,0.20654577584097
1.04064439430865,0.188777720365325,1.09894472873006,0.229860417857954,0.942655807484826,0.29098500909495,0.170471761438547,0.261105864427603,0.326563810146119,0.242121645218458,-0.913004971180727,0.0246119198219153,1,0.814639110284516,-0.078150022589912,0.460292494417488,0.77800621902665,0.177116309921739,0.797068016464551,0.182898496719434,0.739075265373052,0.171142787200999,0.791267628565099,0.160696674985701,0.800128512082061,0.190081766448084
1.22328448847689,0.178846667175003,0.956419038859789,0.148749088787305,0.771948550290932,0.188535330438211,0.0244366492782271,0.0527126674035866,0.13734568061652,0.150273787512182,-0.880993544741646,0.0247254017537884,1,0.99999999999257,-0.671745564738944,0.46849800788623,0.735457013591641,0.146373759544235,0.694752339127534,0.113839697798889,0.786423939889884,0.133564883599033,0.70588732021605,0.137059630224532,0.68851209916155,0.185358990242656
0.8325382141366,0.186510502556295,1.13107470140855,0.171787603359222,0.950106381763371,0.245249307104668,0.198399727956579,0.222930424550486,-0.260501340840342,0.212509909006521,-0.892293346939711,0.0264852011869489,1,-0.600002844444737,-0.00410575222293796,0.481530789008715,0.397125473563841,0.177379388964155,0.782112609475002,0.157888809917409,0.62178284454158,0.152200244182879,0.698629111150217,0.157541209178755,0.623658755892118,0.220693126079991
0.85880059310032,0.218247699315373,1.00521917462211,0.236129424507594,1.69760383320393,0.444207059308086,0.0671075070377239,0.152981497049972,-0.337523274655172,0.390464714685729,-0.933393876786964,0.016468076179777,1,-0.999999998902544,-1.16123647425252,0.528554980745584,1.01651796683268,0.151913950037594,0.867007626686122,0.134412282314447,0.852240953168807,0.152330819823205,0.77146661140894,0.179045516737445,0.693574529698239,0.254290181035605
1.19725168216938,0.188877064101458,0.936471029834242,0.200947859343302,1.04410904812194,0.30227338328346,0.000990520100626963,0.0150863457973445,-0.0321591186400667,0.241303132254893,-0.90633236335627,0.0267254074542097,1,-0.999998990676738,0.63676568502111,0.482732472709916,0.735124467244933,0.178949986461296,0.63145473458033,0.156968991462132,0.933485375026487,0.131357031494486,0.635645183626754,0.182750282591147,0.830224461065611,0.197503039788198
0.881588474581576,0.181948970898541,0.649053873564625,0.137482766885879,0.970124468864842,0.285157607609925,0.000152947607859275,0.0370069408912315,-0.0120983503190617,0.245870550922099,-0.887043223660959,0.0336345775466729,1,-0.993209996419352,0.291559968341168,0.485830761336368,0.606513916708951,0.176668217557909,0.695585341053844,0.15610666187882,0.636473097078879,0.172724508639046,0.271523633633788,0.200699406436383,0.35604456463712,0.243820703665876
0.913391540186328,0.183199789288879,1.30265030838895,0.219939204368012,1.15677959734731,0.362221200668781,0.233878954515756,0.354460333815588,-0.314271279470401,0.314061686543663,-0.896888887884011,0.0276228927446572,1,-0.604204299922841,0.0238467816954021,0.393964097639425,0.797919141646498,0.142558873000753,0.570117180458884,0.183261265178352,0.579700643961974,0.174529425438128,0.807500939082735,0.189343504679163,0.447025596249886,0.267607743119713
1.05561865539587,0.180236590362485,0.982938363030852,0.146414597958713,0.983652512686996,0.254056032991647,0.150255688775257,0.158699628400164,-0.38444685692858,0.21976005006384,-0.899783865911834,0.0187522084344306,1,-0.99999999997621,-0.159665701488382,0.381275415530687,0.832299371137309,0.128601695849111,0.700934511829165,0.120694547588991,0.610640159269395,0.162673993453431,0.602676048040189,0.192697372108797,0.541661148878685,0.229325466327734
1.10381428157274,0.223962828128185,1.10836011421272,0.181392255372056,1.2480731095136,0.367671664432988,0.094285724447052,0.248220305428807,-0.141455924903436,0.223425414073133,-0.925607986259735,0.0205264710740003,1,-0.412361545276087,-0.341984149079177,0.547283720657145,0.820938103509335,0.171244657909241,0.968596073431443,0.157469124346681,0.574416906205706,0.169982437924787,0.900968282608251,0.165438561480365,0.859599664417141,0.201304000776524
0.851094585893602,0.196299620129038,1.04595918952139,0.161321540841156,1.58975870190348,0.470145905994728,0.0496617751937408,0.110298654209461,-0.280980851124677,0.325574682218665,-0.852031692717551,0.0380099186316475,1,-0.999999996406119,-0.27966891408522,0.405328381168292,0.808590802397504,0.137355575954798,0.776959927051643,0.145686641347219,0.578019605291639,0.150615571049229,0.187675552026502,0.237078087835825,0.711611853176088,0.2219785786789
1.04407864841196,0.234023169850617,1.21332468970884,0.212486275839868,1.5171473955306,0.461619227060715,0.212522889708568,0.32214546578018,0.394237701599117,0.357573605452108,-0.913968685717499,0.0236124749848027,1,0.694290799313782,-0.382281203263847,0.492520304671698,0.783682352782145,0.168623831317546,0.830312951278273,0.162251129640719,0.741480705762649,0.182763248031043,0.868389873624406,0.188700197572971,0.702890154009339,0.213300914546796
0.91569888641245,0.202182652871615,1.27643164955434,0.229214772967016,0.976633894847758,0.283594270386272,0.234598298092909,0.316781977902179,-0.0882025456671686,0.233330631925905,-0.890935284594904,0.0299862227853281,1,-0.184269218847822,-0.410289762323609,0.494543895830009,0.801791012294069,0.14906486550793,0.880758262229437,0.144005230341364,0.718168822732627,0.159753125672753,0.328389616304739,0.212593044157191,0.775055206737014,0.201570034784608
1.19144584600982,0.258782209502482,1.06101866326519,0.268586654009379,1.46168805820793,0.541401896820812,0.185053333343811,0.214304089434448,0.179035342950744,0.356094553525251,-0.924319626506646,0.0248331095036919,1,0.344241295027857,0.686963287328782,0.452982689103875,0.590631271037963,0.200742088126131,0.661773102105983,0.213352534841715,0.885255848244233,0.18462105249379,0.799307851128392,0.202694297506056,0.800228497656549,0.214530369729639
0.977455870223157,0.177685458358472,0.799847283005488,0.226476162686947,0.856856597221538,0.269835426669593,0.319738316867618,0.266457979117688,0.190437750586806,0.258025747503017,-0.91239975479588,0.0223746061015382,1,0.363832615415051,-0.0839588829613988,0.453034961069322,0.759345383980086,0.148875852560401,0.573424284555517,0.165860990492588,0.723918228624786,0.16229000346419,0.858811792476316,0.186995414900499,0.427864714646064,0.249938772557244
0.96839078051468,0.177341350307319,1.01553652952284,0.154832871033773,0.86326621989589,0.194400828348927,0.00660097048322318,0.0300741719229307,0.0754876747408477,0.151606137200017,-0.886933680815815,0.0239073385008792,1,0.999999491179705,0.00212459407399959,0.514357205545031,0.541749418548209,0.160777653491165,0.612741194653831,0.12862832332286,0.629306105089323,0.149384402922466,0.635563562100115,0.152886311593975,0.802451560670697,0.148993727348267
1.27203344988127,0.246442072555038,1.46325984147975,0.257394524592443,1.30917905512364,0.427269832181275,0.268775853068538,0.314463657516295,-0.349343884488777,0.328419011460703,-0.942288025641455,0.0184135146017542,1,-0.588922973555408,-0.177912895101313,0.521585477270779,0.892602127489157,0.192816714785848,0.912412930325953,0.172257186935735,0.934927704225413,0.180030926024647,1.07534966089985,0.18251243496075,0.727065185954602,0.210081343804698
0.983924679348815,0.193265029425593,0.838387727978964,0.180470489765227,0.879246792330204,0.269029303275666,0.0596808522479713,0.101476030111695,0.22907247303458,0.203880134836694,-0.868375865309555,0.0395318865807086,1,0.999999999996347,0.285270497702974,0.397756960558652,0.398705594310207,0.190326332098143,0.593297306169312,0.171312903644952,0.719146800037705,0.164826758578422,0.487259715611402,0.217060958054002,0.699689790560921,0.215838460379281
0.793561096095369,0.183832133199502,0.681084452533431,0.191964698334411,0.778851629554649,0.232103801157995,0.136437584842381,0.325313935902707,-0.000354922998378787,0.193341082844549,-0.898432736113017,0.0280074489079277,1,-0.00108877907022963,-0.148993520247127,0.485911872086488,0.738993721714114,0.146105826833903,0.723697972439407,0.159439428902831,0.419040810326278,0.207457055934663,0.694053099546454,0.192011189909105,0.702440296106259,0.239942432184064
0.890344082215335,0.144303504550507,0.608645016200672,0.151655394901436,0.530057813756901,0.148088069245373,0.066780335922038,0.123034108122884,0.00890884960304589,0.13328724102728,-0.752846840612023,0.059117318032344,1,0.0473517143620947,0.0229287456858241,0.243973307875612,0.374297182975349,0.158751251624585,0.587874551873863,0.142368674640511,0.444223904303387,0.157037876488727,0.460615728772181,0.165898741981113,0.548496692036017,0.183118850995854
0.768756835972978,0.180169344016391,1.18239347291568,0.195927006611181,0.709576833893299,0.251320248385917,0.104353528358549,0.275809185786527,-0.13077423964807,0.245542967218328,-0.920032541637737,0.0267221666497602,1,-0.480583571451923,-0.136662359431771,0.381072729819457,0.559132668991797,0.188102703587542,0.723176479818894,0.187820484339199,0.592445456701017,0.183261101750184,0.337916244217567,0.218355998107415,0.581104623392149,0.222732179423912
0.798927157325069,0.181607648633342,1.16372484831307,0.188367749102525,1.03791480010314,0.269012581639885,0.0502036992555969,0.123416883200315,0.228269921316757,0.27765848430073,-0.925423543418503,0.0174124961039231,1,0.999999947230357,-0.283220429820771,0.468565119100404,0.711065367232287,0.150058129750671,0.499343104929845,0.141795496098675,0.779763213680234,0.149569441638651,0.618210462489207,0.184609033895673,0.850544315462746,0.210562337105819
0.737958000098314,0.19474417235424,1.01010417538825,0.210282336814465,1.17284302080501,0.298198470470878,0.0556228260022358,0.13366275121067,0.0684617684727074,0.252484376204779,-0.919690097253473,0.0204348888493699,1,0.268041256104168,-1.16221196876676,0.409414555043997,1.01303978043347,0.131798914622361,0.628699836395097,0.145612908755903,0.745561204173677,0.141727119872922,0.904131872259565,0.195610766355998,0.888866500663619,0.257112657325284
0.7680213105403,0.152548206813679,0.780478791565583,0.155633785648654,0.856308475131436,0.249204221338386,0.0786528919099144,0.203537828592532,0.0412731210064242,0.18065669462694,-0.900988110618297,0.0262792513479594,1,0.159035779499802,-0.522067727059639,0.430751909103942,0.599555308002418,0.164771396064099,0.495728349211016,0.155624553736022,0.712374012285672,0.170493169452519,0.69397399436254,0.167952400988062,0.585116572454749,0.223080735698151
1.28252169511771,0.241064540072427,1.10997549270923,0.171050229029328,1.1394149457844,0.326433926166711,0.0448857417967103,0.206958982573576,0.091061842205718,0.208181480769516,-0.928137534165916,0.019356165587082,1,0.402662580666769,-0.138460537757112,0.574430955833567,0.7418825392509,0.180455749856087,1.03249885408794,0.149684914126439,0.666093095401575,0.178563632400751,0.613995994904413,0.200784764084103,0.853436156577958,0.188962736080597
0.942441150644184,0.195976135608391,1.19390493384101,0.230791206756865,0.980458266477212,0.312265507361749,0.321642507372506,0.364475367452988,0.141049466877242,0.221809918027243,-0.897034928473897,0.0298551228969089,1,0.251171392443259,-0.431824150983458,0.480321752047818,0.727294821661506,0.172795915401888,0.722223622659297,0.166080669517665,0.791803446315943,0.168887318291769,0.834261348917129,0.188675191137726,0.36466511962333,0.26679903219358
1.24487621716952,0.17816655164981,0.987533806490658,0.132492149427008,0.804418742986685,0.183628956066968,0.0257499809768367,0.169793371326052,0.117129175840753,0.131249349579649,-0.87123325294624,0.0288626796777666,1,0.813833458379641,0.566198049270468,0.398750511096747,0.654508341400831,0.146435906136193,0.433935191735419,0.15357312215154,0.734047553001587,0.13711204763375,0.438706583482279,0.176265717177856,0.697377329248868,0.183714048483166
1.03080924526591,0.155527038462379,1.25632785168408,0.176628268231468,0.652603442157247,0.159204197224186,0.00370687363416636,0.0254284562380554,-0.0491845066828562,0.15692801977665,-0.919855375009175,0.0178333389850497,1,-0.999999422173036,-0.0581166689893585,0.376313728929423,0.529014439434693,0.176266952784129,0.736599381584719,0.146433083903121,0.800034868264791,0.121587417473454,0.765432211775456,0.128133282114832,0.628770914740379,0.19051238278834
1.05209051866217,0.189193052951914,0.935450509756633,0.171641617442324,0.770857107234721,0.212863828109328,0.0524557420151608,0.176845483970183,-0.182539941248825,0.164403597263973,-0.893650679657598,0.0288339188577445,1,-0.907767120759456,-0.102845999698872,0.373286542647476,0.57562181891948,0.163449411058148,0.809617404919131,0.148904617654317,0.404979527425207,0.185310806244298,0.804503162511105,0.178231555046095,0.692052797353224,0.225228394197879
0.824394176367644,0.190476682753628,0.927392140697629,0.142023630412026,0.93625764972873,0.270986476718958,0.000112682607236505,0.173770927805494,-0.00648745303091345,0.153738477703696,-0.908629051493789,0.0226436200554233,1,-0.631608685407653,-0.590534667974478,0.397330026875896,0.407432429673197,0.161099743914345,0.882532533908053,0.136359557980531,0.643662680604944,0.138468780849046,0.623329872844988,0.168836668530482,0.840904857617182,0.187641286789182
1.13261433789647,0.197838358624185,0.894908093212673,0.175439390424871,0.877495828634625,0.25716541095723,0.000935934193675996,0.0169461165007821,0.028657272908695,0.144184508554347,-0.901733973036835,0.0266422411293346,1,0.999976219555662,0.226377466528138,0.401424411472967,0.510129888699731,0.167288605612282,0.678684234423542,0.158382632081065,0.828168207654403,0.145741556493356,0.442936519688089,0.191696125620941,0.805726838953391,0.199508077931258
1.06376899678775,0.201231882179902,1.22384784908779,0.193252214379674,1.07544125610737,0.32345394005927,0.0577797047182282,0.34905570831362,-0.114585304903995,0.235141892415961,-0.914311455059182,0.0232155334264865,1,-0.459671861204726,-0.0942373665596177,0.392923930794686,0.813706953596083,0.157781537435032,0.807808159892624,0.143462186775828,0.814646372121417,0.174377003463054,0.513144312550117,0.197997991105178,0.864379179657402,0.236834171110036
1.16095634861244,0.230720834711207,1.24810277788761,0.210114928206424,1.26434590366048,0.33476676806992,0.0255464171806678,0.07458301560769,-0.179720624522661,0.257712823190953,-0.948524800976547,0.0144826455577397,1,-0.999999922030329,-0.507804308612534,0.531931011054249,0.841456903067074,0.170355579065162,0.88864874180854,0.14389712099489,1.05930922683369,0.139775776439663,0.769426079207811,0.177549580669166,0.869261591113806,0.200545139413363
1.29636888906421,0.214853929480205,1.07464131577984,0.205596973727307,1.11007692132561,0.297485968725771,0.185333998548514,0.269445478836658,-0.338611040750967,0.241354655944292,-0.900778482055226,0.0259942947816968,1,-0.746529596027019,0.446805934815479,0.417058443031285,0.812321551275849,0.15287841841899,0.799596925310275,0.134499671804751,0.754483306706304,0.157716468889547,0.449263579274579,0.210797134267629,0.755564067917953,0.20138255484257
0.911341370337398,0.174316511383655,0.743776266111619,0.138280094864151,0.960152866234743,0.250165876971542,0.0776643571186184,0.0838578242235859,0.273074449589174,0.158430807834883,-0.875761634791151,0.0320653754106475,1,0.999999999508583,-0.324263822735996,0.365174935854452,0.660031974877816,0.132935201809468,0.718914780719743,0.145960074171753,0.728390052355363,0.151432926155919,0.531439138033109,0.195544783877345,0.240187414308475,0.24971937398606
0.84306932768822,0.19405022177371,1.16167163553311,0.192870800025414,1.01796864512729,0.328436559533402,3.44816870565363e-06,0.199207551724805,-7.11511193057993e-05,0.201973030027494,-0.889830584620523,0.0305372996561992,1,-0.0379769674935971,-0.254490285199513,0.432658912269131,0.483649323023869,0.17046606485402,0.779031672466594,0.171557545974319,0.588590560251485,0.180862164937988,0.907282791632425,0.183965759870992,0.452537253178123,0.255547686874576
1.30150159503334,0.270119957088884,0.930600054444091,0.241111128284292,1.42890467169957,0.466041581201552,0.771448016282826,0.624337331530806,0.211044105801574,0.275998821771818,-0.933207390049621,0.0217862839599319,1,0.201010278819965,0.479695844894946,0.455922829594676,0.67248050965367,0.191834246992939,1.04436914893109,0.177268813129771,0.606914292865201,0.188862703800866,1.05688741100733,0.183855922981848,1.1246078612671,0.253994746743736
0.871015435459108,0.20024401153652,0.960342241232171,0.17282616220801,1.31127801989812,0.349589910950584,0.0117765083917931,0.0444305734142985,0.124266957008222,0.232428315556922,-0.916805252841018,0.0215629166174215,1,0.99999999996048,-0.335100471125702,0.465271153103242,0.835647312078389,0.156322471389,0.841107594501134,0.139185321431702,0.584812777858833,0.179614976368995,0.880493123973737,0.160798409676314,0.807814151433697,0.24048353606361
1.13111848501969,0.208532461851498,1.14937330858667,0.20021939596463,1.31784469897458,0.37529671439118,0.131495910054764,0.327701949259756,-0.316247454527149,0.24775010262754,-0.925192977133899,0.0202648792132867,1,-0.759694179553118,0.513280660446635,0.536275811918592,0.751848447122533,0.14450172029995,0.920880772675954,0.147951432442292,0.768364731817647,0.159482278796415,0.770185424357727,0.186975211009318,0.782883553354522,0.197470399536797
1.12142620555307,0.17779771815581,1.04473762316725,0.169542383591105,0.830285793217637,0.241495442657065,0.379626476949519,0.26471301703951,0.200648145092571,0.189068683083167,-0.870649424887584,0.0298324157451273,1,0.357390577677268,-0.00842132848671266,0.38814205627148,0.710599939054584,0.172044975657215,0.568460481864448,0.153228302107159,0.784791095428005,0.155574174222558,0.668380466062143,0.163863251562356,0.746328965082446,0.177520446436435
1.03009151821617,0.188251012786916,0.846927397446391,0.162694138088837,0.99479936915673,0.286564377619134,0.0015249363524887,0.254104485977305,-0.0359021120895694,0.181063501694159,-0.890494465643224,0.0272718747802257,1,-0.921778107128449,-0.00504021839610769,0.346585428549485,0.652788602507196,0.161169978080055,0.505081183932257,0.154898775425124,0.739779790501782,0.146361826276407,0.74826165155726,0.184773892131881,0.506819729412057,0.257952370615355
0.810086128371597,0.152357002665256,0.824505856395016,0.157157074350981,0.71816670041204,0.196456629203516,0.054899930742262,0.192509946824114,-0.0140893446310416,0.145646842114255,-0.83265480639746,0.0428228372283968,1,-0.0709565125131797,-0.695354021107394,0.40264559452517,0.472615207805961,0.165308961222091,0.688926397918167,0.134505637218099,0.584940722572219,0.142205854998471,0.702413451235262,0.156250652059597,0.389807044920221,0.217453376205281
1.12975351423896,0.232738055349543,1.11421610595933,0.209036158275665,1.48965364592478,0.476284230784826,0.268948810675118,0.266924020935533,-0.487027136250109,0.306948889791955,-0.932087676977674,0.0206848529207043,1,-0.769441655200862,-0.114875697154325,0.472535579277557,0.871152135407658,0.171452904303538,0.690653325734228,0.177870137384223,0.952277608356842,0.175885952083886,0.846559646202112,0.193855738898882,0.824167137644355,0.195713510528631
0.927025281900094,0.152922534003116,1.20115458981302,0.18505003703348,0.678411264137436,0.169007694442222,0.227644252757667,0.310739598131745,-0.122539116084484,0.168965165050189,-0.869769554707021,0.0294870714640425,1,-0.311817060428606,-0.309793065053425,0.352279404898904,0.69410249281994,0.148727511103296,0.746714029211416,0.145315745591885,0.615491737405376,0.143430702466477,0.552233362849215,0.16614353561918,0.629966705785447,0.200206494341877
1.03861771753303,0.18871809491106,0.927017509846397,0.148726498244757,1.23330326215178,0.301810446359275,0.254639447465637,0.229122845279704,0.115711962099103,0.210107165432487,-0.873742211462228,0.0303841264786281,1,0.206481181273189,0.108159186245307,0.44260590629216,0.692795929734689,0.16270356485084,0.808076177342671,0.119458193655076,0.499082868875322,0.151992890331327,0.856149112150681,0.178171751925304,0.544484089947543,0.201823786781073
0.9524975459282,0.200323816784513,0.834132152002302,0.159815092445342,1.11153043866383,0.318582296147267,0.0013604172292424,0.0426772050499013,-0.0388818257099394,0.221215909063276,-0.872788890121804,0.0316607889865346,1,-0.999884664127507,-0.0751474437131479,0.481568114706674,0.67372537613355,0.17651815701928,0.862963216368919,0.149145262952609,0.590418387662705,0.142442586682734,0.867942089615502,0.162313600018731,1.05457194627442,0.167305023612195
1.19666017275809,0.243879890623664,0.928975996088993,0.209064250679909,1.63635791295497,0.488530809708748,0.00570322736736789,0.0352068135545842,0.0966049730278072,0.300707674412534,-0.925203746363326,0.0200471161008437,1,0.999999977590706,0.33193499415316,0.457254078916548,0.66962741756049,0.152738837069677,0.516528509849719,0.181288597035055,1.01166663631577,0.132954422500999,0.673828682555046,0.20047345828899,0.977158803732796,0.224083778989864
0.73549524370197,0.181328073100481,0.804785083071106,0.166394629480035,0.881407123905986,0.240149397755779,0.139088126562811,0.214918334780217,0.134914559853259,0.222176108718402,-0.91531425031295,0.0209410935676403,1,0.385323515529931,-0.840328266484859,0.409600217940088,0.880977368405046,0.132586153582361,0.696411003045334,0.138899387016787,0.627092343739482,0.155780819505957,0.703734148702225,0.193250506947274,0.550035655940753,0.248406195156698
0.93398070338196,0.153949830073643,0.737430408252719,0.143415866868059,0.551032885215695,0.144097949041179,0.00658577264311597,0.14712330968597,0.00450506975901213,0.119139293056134,-0.858450494161793,0.0314049069522659,1,0.0747841211669734,0.21296334527812,0.325227056763243,0.487186254103406,0.145751852465956,0.462613344757739,0.144989198398155,0.601518939894947,0.161282822361019,0.532060792653649,0.170150249998342,0.613876403058823,0.186759364459201
1.01623663332745,0.186201865699481,0.851963614318378,0.182308760845768,0.756161901749042,0.251742016762778,0.0105819291721847,0.0458708626259368,-0.08945195183409,0.195100341104783,-0.873591956934087,0.0351476621130978,1,-0.999999999994719,0.7931692978808,0.44715247440847,0.583311464839456,0.15694827377088,0.609285509381666,0.158076919472493,0.794546261298608,0.174513550900694,0.395620483581034,0.236412887826755,0.365229091751927,0.245697277387631
1.24143996535459,0.198599802565949,0.837965722591454,0.179224500509884,0.787720815721677,0.250358732574198,0.000680416428635687,0.0111535932263438,0.023151128604657,0.177221653347144,-0.903002727973268,0.0272399627179842,1,0.999996801612873,0.875070413699791,0.414010497217784,0.675929074786718,0.167498249659936,0.610548180904487,0.165035461868151,0.405146456498771,0.17864894681119,0.776029755335625,0.19971066969271,0.46826179027884,0.218946821384587
1.10405222897026,0.169901196513771,0.902964370637358,0.186300525819691,0.864610625528325,0.217138142975496,0.0433759007956933,0.0786983116660999,0.193657596594489,0.177755312037926,-0.887473699358628,0.0239234445056258,1,0.999999999985799,0.234664492381468,0.46401363603574,0.848467933823198,0.127023965210228,0.724696184602487,0.13370168767966,0.621546646779362,0.151042579721356,0.745003630121976,0.174897434634788,0.434623344934554,0.198765037912932
1.04575837278479,0.194897306396137,1.21107666364441,0.205794525980898,0.975544459763554,0.289916010290719,0.350333090735573,0.269129219345437,-0.277793183497981,0.241112834097845,-0.926632869397605,0.0198984606364564,1,-0.475179253666629,-0.161777621186794,0.377706599305826,0.878587310349528,0.162621615090053,0.648248442639156,0.160319771986907,0.832352893559303,0.154160146452285,0.729138001408865,0.193428168740672,0.91046785673077,0.202761396100436
1.09548808656275,0.219825914373377,1.29916632916847,0.22466983943024,1.1426318920124,0.356098519211904,0.293982380804559,0.375471658374838,-0.102583478912835,0.271856133569283,-0.930377034560274,0.0194814462402194,1,-0.176996060897957,-0.0411754978651349,0.517189521621084,0.979060151149015,0.160055074463559,0.753470939336486,0.139365540894434,0.845221763031571,0.18156087344634,0.968322795879005,0.208288536311294,1.00585823948948,0.206265341213461
1.36262508259469,0.22245546453412,0.992023640175055,0.172505137258644,0.536491909196624,0.163567799155857,0.304915786344912,0.310952776585187,-0.0964539857023324,0.150092132105346,-0.901221616347907,0.0284216333233881,1,-0.238478172641263,0.436065426003506,0.419434788404957,0.642343670606322,0.179635361676598,0.650178321569545,0.155368882210776,0.514172457261894,0.169353875157193,0.834850679604624,0.151851421343968,0.902851375163603,0.176274243210581
1.24848566223336,0.213007570059532,0.741357790876663,0.158186235061183,0.902260367204619,0.259237982244363,0.188004369891852,0.179060548513704,0.411860281895117,0.218598352821279,-0.883712770346578,0.0354611604715891,1,0.999999999964717,-0.226015364059481,0.532357389233592,0.629323079292936,0.193218110769874,0.832329269146097,0.15744993951676,0.755509160426377,0.164467120517254,0.681901341989745,0.175485025965695,0.68227158085722,0.182358017260696
0.94540106505038,0.153510915879774,1.0576516058552,0.149886772332361,0.749188067051921,0.194630098975485,0.0067525396653431,0.0283265262035562,0.071126095358286,0.148735523338014,-0.886681246930644,0.0248237191315559,1,0.999999930948348,0.0636570543070093,0.327726760641346,0.56163090269591,0.135413959025851,0.678053460761321,0.15186584460471,0.659402543806345,0.146275470956669,0.601205103944386,0.166173266249682,0.903871914771353,0.210594416588791
0.823322067590081,0.178091453099251,1.08218417744658,0.176443051187737,0.936588152991868,0.239279064552304,0.134823486156636,0.316081617831373,-0.25783132205032,0.211453341825845,-0.902935409955013,0.0233404319413624,1,-0.725568749408794,-0.155336557218203,0.406871211065759,0.53475706968813,0.152795531382674,0.77610228520022,0.121381605355122,0.531349701415577,0.161598517111739,0.589653558969712,0.173552505825209,0.670749467855855,0.217929637668344
1.04723812795059,0.157513415261333,0.789383948732433,0.138333492799095,0.658243864278902,0.169619478837123,0.000575958974334851,0.00743647325591368,-0.0194710377073,0.124329508745121,-0.872811791460097,0.032273735478544,1,-0.999999800152171,-0.124335888155973,0.38460359735805,0.762710269068374,0.163126695050986,0.644463576238769,0.150865079580586,0.522364075110982,0.146905459710984,0.5572381342574,0.168226828071057,0.871344629765332,0.164679558496811
0.728504462656131,0.158289241481098,0.861652926734871,0.171075040199487,0.535297034311847,0.15583068355446,0.0787497852598136,0.0842869959304222,-0.205315675247321,0.12059244773394,-0.878177453651237,0.0349742764464511,1,-0.999999999999886,-0.0224866349764349,0.343762828737748,0.592530557268833,0.147403532384389,0.626942227462164,0.159642340713357,0.744638441346424,0.138489002934036,0.334253518764594,0.195676417805502,0.277737225352845,0.297203048489569
0.815058471471797,0.197509349025725,1.05476615119745,0.186556940783752,0.78498715667094,0.242326087027302,0.0927217824840094,0.267002972432456,-0.0271323035684662,0.174062995359766,-0.879685273124913,0.0331480619004922,1,-0.10056908664282,0.0114375953608003,0.422972293837386,0.643401307512327,0.149401726205931,0.660364864156233,0.15375516258832,0.606853487413199,0.174128173621597,0.487533667625208,0.188076939298403,0.347545768104442,0.216564210772765
1.12221388565151,0.190377455979457,1.00719445134877,0.189852990414022,1.12204846260082,0.258446642162563,0.187837587971027,0.150332659392372,-0.45908918171296,0.215062682885326,-0.894219805388744,0.0269137808126902,1,-0.999999999915397,0.339499497387715,0.403344518714914,0.669672077585171,0.152635053132401,0.497867506996074,0.166389145400839,0.822744124546028,0.12012142226177,0.765314485530725,0.145333887823972,0.988652180732999,0.199288881385175
0.643082575568774,0.162691459090125,0.867820971232869,0.163455145632454,0.912122439655203,0.273173684995599,0.0919732537226553,0.117956316607646,0.289639204074185,0.196182300258984,-0.896163238771941,0.023604209065858,1,0.999999999810419,-0.590710360238056,0.391058378777817,0.56229518664465,0.15450857805248,0.813435026222106,0.140627432482916,0.565651620805972,0.14638603444826,0.642420080098053,0.185557665359885,0.730606013492399,0.218639704162666
1.00084525964555,0.1885423038667,0.977467017834083,0.182161825267404,0.864962582366426,0.251931645131389,0.0631154628025541,0.173826920100315,0.184218617539852,0.159400287135701,-0.885437264783565,0.0306004950003457,1,0.788436956798437,0.128757611531256,0.368224049673906,0.64816993573417,0.164058565408543,0.7374055474474,0.154874704919531,0.770161299195729,0.170414332296243,0.490956427508312,0.171192801878236,1.02544865251791,0.160899152612255
1.09186477743698,0.192489180300988,1.04276750108391,0.200672126772871,1.2290720290359,0.355894555856136,0.0014777671842069,0.0282235320347988,-0.0426165070941794,0.269517832095252,-0.915492277672437,0.0222048006719095,1,-0.999968166714115,-0.0179527422102461,0.388034289338762,0.486950657129029,0.179528731488479,0.578044158637261,0.15617421068585,0.703475893685915,0.167123333932416,0.713522399828556,0.175765654554184,0.769769874709209,0.189285878386932
1.18606072133891,0.220146138059432,1.15026440817467,0.239655213723693,1.56220857084906,0.485084811262654,0.649240546156452,0.506443133048818,-0.43150087798067,0.396877098851855,-0.896920502450358,0.0242398983263131,1,-0.428459087390928,0.540171141836745,0.587650818801043,0.918268308561887,0.157854882736026,0.621429124223068,0.161284787684798,0.645951116978765,0.190795154968363,0.594030001618904,0.206763221182607,1.08314058949541,0.183251239880385
0.955790686167877,0.209666009521672,0.760784003956846,0.225142243208838,1.17130390587575,0.379313745248497,0.370195491478828,0.417739014105048,0.354349184855962,0.277358222363394,-0.925323122575718,0.0251409703964618,1,0.538122411395309,-0.0493869139334534,0.481077133188685,0.718444739546475,0.16910196947302,0.704518788904344,0.163157435748812,0.818895457236101,0.178675139976201,0.930065854803251,0.196522127833431,0.889670500120953,0.223680114106687
0.936806778963112,0.17416137712989,0.99498136367683,0.176809954461168,0.82390997639415,0.223070197183784,0.0448434224906501,0.198975105293205,0.00978242242786856,0.161518058009981,-0.899113399093875,0.0252491208600387,1,0.0508928950496142,0.359692792734889,0.381966297548247,0.833531046156047,0.146853639234895,0.547509066828943,0.151494436651135,0.698797447863833,0.128793110327714,0.705394690060327,0.16339798925904,0.451173995611956,0.207834789666022
1.11145683441198,0.215596910740464,1.37631264733484,0.250899664325662,1.11818028055646,0.353175411784933,0.143049815230529,0.29398697761966,0.0285068010336363,0.230952628592145,-0.913155708136737,0.0249435425870964,1,0.0712769191121966,0.0747095417968614,0.447133576086763,0.683062635334109,0.160988628622455,0.848202959427143,0.158780692427437,0.659883995089965,0.188525951027376,0.756636137304876,0.172375525839982,0.877709078160548,0.193470701162605
0.892370543828906,0.17134555306772,0.870054485143135,0.160201596967921,0.757916407898426,0.181532879553113,0.026802398110607,0.0609621780174461,-0.142527110748733,0.165527452730184,-0.855757057230903,0.0326774261912513,1,-0.99999999998343,0.192675263933817,0.441662974773719,0.602682847874879,0.145347050437321,0.679040839895922,0.124079708471957,0.434617682935717,0.145952741488128,0.545879577634061,0.162496359986021,0.765224607786557,0.197764080147491
0.641525424594827,0.171038909275355,0.694127306417228,0.194126262524566,0.779002500315894,0.255824159864772,0.162814489639836,0.292425052842192,-0.154172768107586,0.186419910924786,-0.882714485480815,0.0359372887490782,1,-0.432904119079469,-0.382212151090714,0.418464674393452,0.637612202561057,0.173345083930536,0.367719625819829,0.192482081728199,0.555620610722429,0.171492429394378,0.636989675479358,0.187799537468901,0.116350056849811,0.31242385406431
0.928712067585738,0.171175965171162,0.868308909193872,0.198995003098086,0.834176451228737,0.229617822053268,0.016287909978324,0.054868018105434,0.116563248369214,0.200563583906566,-0.924725029621044,0.0201130887043055,1,0.999999997303728,0.296543810127914,0.392790331897116,0.528747297950635,0.160043769511231,0.713239877112545,0.141013582422598,0.889896963876872,0.154830983476804,0.575331660490983,0.197652063123405,0.562542620018904,0.222274766521179
1.17277530715468,0.195065676089157,0.93431490640984,0.173726746494134,0.935414635437849,0.232733951027458,0.152429105245292,0.226135966388785,-0.214005588406251,0.191514315976181,-0.912229692399799,0.021346741410646,1,-0.566746809483592,1.06652996061998,0.489466353688043,0.537054160160185,0.171408069853598,0.650338539826832,0.144466035997691,0.836604583692649,0.151432712444353,0.505162201634183,0.217511654742019,0.761937957898281,0.17925768715928
0.828487562270325,0.20594200427372,0.812752870839301,0.142456550014711,1.27766992266171,0.3650170741215,0.0190677438671411,0.236741576629897,0.0745800810564216,0.289809290217206,-0.890638553856025,0.0306031358717376,1,0.47781949024347,-0.4941250966271,0.478812838151358,0.963023206230128,0.152347201559285,0.632727117529134,0.148280337834209,0.752426341003751,0.154040413285076,0.678873902686409,0.206871748015549,0.402240409537149,0.282275213823153
0.906261079093482,0.183805446349433,0.837378351633846,0.190200476683033,0.983251280446602,0.289235906165283,0.252598035609326,0.218599943160097,0.446784765898419,0.202414767606186,-0.877561170388284,0.032721016870013,1,0.896501688241359,-0.205639949501874,0.439950984294147,0.746247747420317,0.15365123701357,0.58313340911251,0.160217957926481,0.615415358725815,0.179463888669611,0.643838505644879,0.193156299927314,0.660623489858855,0.213603686181627
1.1102603790577,0.194544014197781,1.04462521992594,0.168026315782062,1.01131884666178,0.267410108817099,0.019363881802097,0.16580345418545,-0.031754022412192,0.225801186077635,-0.913239094539207,0.0186256957333955,1,-0.226912533672693,-0.301312391051677,0.34804331948802,0.821876112211967,0.153803745871159,0.753390378642041,0.144101286122841,0.790824125195546,0.136782838598025,0.724987048218609,0.158727206806298,0.884256992495539,0.185038629907341
1.10980071936574,0.211523699998723,0.807266913680799,0.176326899678754,1.16105338122962,0.33141123240067,0.0838229312851201,0.224281829167497,0.270315888257438,0.206204833211282,-0.922265078788958,0.0211663204741842,1,0.866491001684916,0.358853249419135,0.486114330303652,0.562320825089387,0.162779817751194,0.861425173407936,0.144540142147785,0.795184378540593,0.207054724884281,0.683844843508073,0.210741959125303,1.13282680008801,0.23346546263718
0.919079105521453,0.131829145373372,0.706723103702964,0.115273092907304,0.528818459415764,0.127210813763286,0.000206084442880614,0.00640063100572067,0.0104390327123058,0.107110423233201,-0.877466563730972,0.0237235985181603,1,0.999963967351992,0.609275308058196,0.352425709732253,0.713655500530002,0.113467925613853,0.380505782255475,0.139054241337772,0.618407573388445,0.142493576471339,0.480451372100913,0.179116900002191,0.682741377606793,0.192841316743037
0.917847081794372,0.175723727423525,0.836463855610865,0.17199490934944,0.988566048657303,0.287281740910153,0.0124801485311406,0.0496972299519031,-0.111074079060497,0.219913142250147,-0.917305163780344,0.0212788067453645,1,-0.999999996719402,-0.344312663476882,0.337517165003116,0.768932716317198,0.147160695221987,0.752920573247657,0.171349085445,0.910487665067988,0.15336792709614,0.851796347969696,0.169835876863019,0.720817201337613,0.201249509207844
0.973481492619341,0.240912034839439,0.74018079168208,0.188638232553236,2.02782519095721,0.535009174743139,0.407701343090073,0.416794675720758,0.909256311808243,0.515551944509576,-0.94650136657023,0.014373419481913,1,0.99999999193102,-0.19206312753354,0.54877092887462,0.792233170536111,0.157065415902317,0.923934249380364,0.12465781060274,0.758465251477475,0.173195650087994,0.930116118021101,0.156405733126698,0.551060122832177,0.258712583242857
1.12941097581429,0.224055003241723,0.78683709060098,0.201852962737708,0.680236714230962,0.231774497195795,0.363077115239946,0.291352388618282,-0.189694854170879,0.186300983602424,-0.906203534329569,0.0299890065754949,1,-0.381703443366785,0.215784197457457,0.421757261928296,0.536313672672868,0.17154399239695,0.526223984113596,0.175282974400893,0.763389791378236,0.190636395093813,0.347147001077179,0.20334799300384,0.630109554566555,0.222704666227931
1.09943883619512,0.223272896001743,1.0406320900575,0.199301840910517,1.47980530509231,0.477755065449894,0.0449098731113262,0.318595610849756,-0.0285065893880035,0.277733665796734,-0.905821755997219,0.0273734428310632,1,-0.110578846725783,-0.194911411563247,0.490115683889978,0.925908871279196,0.153532860965638,0.766890400194053,0.153594738911819,0.73738407754096,0.199662720706097,0.795458538970979,0.208733100072227,0.799372638556185,0.211922918475687
0.925405740825273,0.167405462913178,1.06108478233123,0.19576785464891,0.710137036393928,0.225030862539326,0.013647088570789,0.0475668887822901,-0.0984444097444775,0.169878898796456,-0.881382795694259,0.0328715121016724,1,-0.999999936895638,0.281406866056229,0.313899515075339,0.568335222634009,0.170514874106612,0.779143042136635,0.124680548720763,0.457138942065416,0.160838489128592,0.571874397176995,0.205940748425472,0.505344782169821,0.254914904774916
0.87923101107781,0.165171344778017,1.11669697992929,0.15941064277155,0.688299791168361,0.173908932350037,0.0224153442250653,0.0525236744815925,-0.124211419559064,0.148101752354182,-0.851874850980065,0.0337639647271682,1,-0.999999999993472,-0.0658571359335059,0.411200264711093,0.771378098239191,0.127906609705742,0.606125745590993,0.138452727326361,0.494171025996918,0.174309544504279,0.538075965758487,0.206006683534315,0.463768716014144,0.235764280086161
0.891713552195325,0.1693749057333,0.764323402296002,0.181465323594426,0.794589141411737,0.20818241118413,0.0698180032829069,0.108185849505719,0.235534768630744,0.190827185061738,-0.909142550682493,0.02009089084055,1,0.999999999551985,0.268397950759728,0.463765668783545,0.836161180189894,0.142331970012512,0.503195673279714,0.1557242491382,0.748397015221065,0.133365407086137,0.505178740008117,0.188170407148611,0.565825959713175,0.250396162874648
0.74108816463578,0.152802360012227,0.953406823029832,0.179366328258029,0.628647697964535,0.154893565647632,0.0224945472293575,0.0559857077443623,-0.118916547504592,0.151460731510093,-0.89865221736557,0.0246092125386322,1,-0.999999997805047,-0.308867310810883,0.377096712282519,0.746513439643589,0.149362270138468,0.572786083130442,0.135383032028944,0.763846747695798,0.136472686079879,0.506576141863501,0.181068865134367,0.388329014154469,0.253972389901837
1.00604014775045,0.220692401205458,1.00150785780724,0.236980909246357,1.38981324729033,0.459090245391243,0.395201238652935,0.48756170618214,0.0554471349854532,0.306950620634198,-0.899704466834237,0.0319629299344349,1,0.074815526849451,0.138057473743099,0.391788705932052,0.74715706008093,0.181430571891332,0.483286536405632,0.192059522574876,0.798901918863681,0.19737941430771,0.976151213932163,0.214585669518607,0.605508142506001,0.252285688036671
0.851422990888421,0.183172363392329,0.934365925645948,0.204174142082519,0.858073837170405,0.273384974522592,0.00769150402457733,0.0414327497144343,0.0812396354277247,0.219335616612324,-0.900983704216345,0.0269033267457206,1,0.999999999427939,0.358499969335197,0.391043765536519,0.546680063208069,0.15334235441608,0.425249292287021,0.16946420795518,0.688328337076983,0.182019191638955,0.321646821819622,0.223942748274742,0.895503991631515,0.191243142191521
1.08333187692889,0.228443106557555,0.985056336057389,0.188036167868412,1.38357627565564,0.428105355682283,0.0043046376117771,0.222432165439025,-0.0273778450098827,0.223730499983492,-0.91214803386147,0.028419866449293,1,-0.354755722160102,-0.131440054714313,0.444097938343624,0.708782962176809,0.176111992052365,0.782316183842207,0.177317909934083,1.01437964003244,0.163319036655446,0.51939762051047,0.223275709553142,0.913933004528355,0.212443944298651
0.80802688816568,0.198089349554047,1.02096476233124,0.166862880073553,1.01047501406559,0.305741484650007,0.108034338112399,0.212285567796038,0.242067208998931,0.16323438206406,-0.848917484221242,0.0396380702286246,1,0.732642765468872,-0.336086752193019,0.406446613601332,0.575026833456706,0.169025194427187,0.623838922727836,0.175583704695487,0.698458474826249,0.176175963635062,0.717398674801593,0.163091893496323,0.334967529443957,0.23424347369343
1.31947957628208,0.200606882316508,1.27821175197473,0.169762443734702,0.923313015121139,0.230925251839104,0.0575397260503316,0.197754930545388,0.0762101612779699,0.18072924855466,-0.893530273856119,0.0257693512987731,1,0.330639326040943,0.633477147627809,0.426779575904788,0.729860773553367,0.155971902912194,0.60251732079522,0.148647111485642,0.527177998869904,0.16436047248316,0.899315308807452,0.148639270658321,0.900874343569927,0.182747934815089
1.72674982546612,0.302937940193721,1.47823988378347,0.315167722718789,2.84867356058219,0.836564982773801,0.421965052521015,0.466011634195653,0.390382690742681,0.588536941895985,-0.940472519103163,0.0185303240532856,1,0.356066379653701,0.360259946613172,0.597970231712621,0.999637058897115,0.167759808363908,1.18886496596141,0.172788255570295,1.10209010541582,0.191730727686311,0.840204365747326,0.224417969930755,1.05094724217277,0.179412614451739
1.01386187686828,0.182220050672779,0.917226523270494,0.144468499506252,1.04385785244815,0.2987674424102,0.23961154472601,0.21992834531996,-0.500120378008473,0.27163453781962,-0.857612109611079,0.0367635240972355,1,-0.999999999999722,0.195676358939322,0.342935530895724,0.793027462903602,0.157455571124321,0.813667073676013,0.120490550098283,0.540794147651099,0.18089865639515,0.710170286615936,0.191235832606109,0.801151031560823,0.247309691141236
0.651618148185771,0.171964320436762,0.983218740200039,0.171503273036371,0.91783010266198,0.229938185630891,0.243819330183671,0.333947757593446,0.152042227450093,0.195978802784806,-0.866253513889147,0.0321703179304978,1,0.32140232037672,-0.642687345974589,0.337377684570513,0.571265521164264,0.140908806683322,0.778064369681924,0.118261981357753,0.697093076901085,0.144186528200043,0.631200830502046,0.184355474073844,0.373858494778518,0.318223569914067
1.23093876621634,0.224222987773565,1.16939610709501,0.189368515686484,0.874419606798221,0.252861871637555,0.536639799337223,0.377972259620918,-0.401764827686034,0.212112918880232,-0.876975343437348,0.0327546390599331,1,-0.586503396041639,0.108010106270268,0.463987049189093,0.660730292846447,0.178751263933686,0.563367243330704,0.1782970265957,0.839359368983628,0.159333253710749,0.747336615658771,0.154265971988092,0.752978912124685,0.161424567159859
0.962570146580962,0.163251131999744,1.16589217741279,0.174937835449142,0.736494671849475,0.192010690140125,0.0553122162087662,0.222617681592376,-0.0377609002624164,0.182110351132461,-0.881248126410659,0.0291954741532094,1,-0.187088462203623,0.264881018104382,0.468133500364913,0.676222279592304,0.170989068974719,0.718620080917331,0.135777013897191,0.61614598187667,0.15441464508833,0.872517621984772,0.170513151946794,0.537942830813642,0.199057568975166
1.1714548510872,0.221033578577063,1.17259778069521,0.229333781068193,1.30828200580332,0.405221276115635,0.375620437215607,0.256537557017184,0.0251145486635326,0.333713124461616,-0.858290607318601,0.0358798893111633,1,0.0358261456202995,0.230926732469234,0.424279682716215,0.49987460746077,0.207957390199714,0.606297834453298,0.158032380926991,0.736212780732957,0.164834411529146,0.818337292479058,0.162765879888209,0.542040925530592,0.209405564513687
0.945149651898062,0.206715103604389,0.977492244618725,0.207744148563845,0.952113563007452,0.333096132435097,0.0175786213020989,0.0607161900076311,-0.129370954082776,0.228304941668712,-0.853761576872184,0.0458534752472114,1,-0.999999999987683,0.376758230173325,0.432466513715093,0.659190707499463,0.165369792221248,0.656144986219265,0.173905200658019,0.491900610070098,0.179828165515911,0.725301716214211,0.206020416328261,0.285125114538154,0.26239617344008
0.861588460923322,0.161011584814488,1.02284780922661,0.157537470657902,0.790072097092302,0.228247814809707,0.0540957958748063,0.246417907787327,-0.172012968575308,0.184854555920267,-0.885844499089913,0.0295769367352681,1,-0.83204357532807,0.161520884202349,0.294222732201338,0.920075560438099,0.129049805077515,0.572976443638588,0.142352211608863,0.466116220303936,0.172239700046852,0.440152819217161,0.21244456647216,0.514984850729123,0.246634356025039
0.70060138417099,0.169700224372234,1.19856643036046,0.170602115474931,0.757102293379747,0.183177166531251,0.233909751608535,0.248038912241675,0.0488984683535384,0.181924606555655,-0.898297772402268,0.0243734203750131,1,0.11619670454125,-1.59462041054271,0.449440404531024,0.882220254975666,0.113192005446654,0.802550556611046,0.119890760533825,0.622906415452897,0.141508800321059,0.884102491447168,0.153163061368445,0.84599489140585,0.240855959498297
1.34807328194178,0.242288096535017,1.25345682470276,0.187459284885629,1.5575032765632,0.428216640617388,0.255793118886917,0.433076688834918,-0.190557491576871,0.224371306383099,-0.914758204942526,0.022786703005743,1,-0.301902781403857,0.0831433361704383,0.467595120970129,0.754054675847874,0.173925340306582,0.814805979124581,0.158495609230052,0.814405149009945,0.127993472660162,0.935194491758698,0.17204169255574,0.966324157161218,0.191902937288207
0.985721815649322,0.161678949624907,1.00792995366814,0.136635503793111,0.690756733721405,0.174031185181152,0.111207604273614,0.222578784062716,-0.202933265349243,0.177530687732127,-0.877508839700897,0.025307536403282,1,-0.732189400356413,0.566324995354532,0.453688762141758,0.613750911072869,0.149862099184765,0.569707642261499,0.137147507184952,0.694863736402206,0.134245575614901,0.502704655082881,0.139785232851355,0.653389825933277,0.194630854833931
1.21229191198866,0.222551612392462,1.06980449641543,0.207444017049986,1.27370854250214,0.389518683666528,0.734754478451617,0.527840000817606,0.517429808091357,0.350043035262903,-0.912205311671439,0.0255599418205421,1,0.534866369967188,0.245954596429042,0.472085202549115,0.526442841010605,0.16604626137154,0.888510238801673,0.155128958623347,0.780805146683058,0.16488785315047,0.844775123858306,0.194249998137281,0.557194885943309,0.253028046354066
1.04563192046347,0.245776082998698,1.23357685983257,0.229934224743202,1.19338156905452,0.375251710689092,0.39053828049462,0.342138841128275,-0.199945898315655,0.306953351754109,-0.912785896745154,0.0243227720417809,1,-0.292880887221114,0.0285523172962414,0.546060875816705,0.538159375854074,0.178584453214601,0.771113148276162,0.171109496762617,0.926762034047032,0.168212070341333,0.570393531804025,0.195996393581295,0.536155068696246,0.222503834415455
0.652372368884483,0.176976501150118,0.986244656774557,0.176825817769512,1.02394123086649,0.276893449099848,0.0114182072980909,0.0563420253635099,-0.108127414623752,0.201518933614403,-0.901141630570047,0.0237467553173207,1,-0.999998484296968,-0.250080289745763,0.472481891025216,0.650852630578042,0.160540166050907,0.694999636848896,0.149030834557359,0.51594742536571,0.159595198352878,0.586968128591276,0.186678343555101,0.592573211838911,0.197942937259015
0.916970592986463,0.192525162402568,1.10467139332728,0.184843168392021,1.06727805165694,0.336732276564267,0.0418849768007913,0.0896522360363598,-0.211430642131646,0.238546591961119,-0.889237387592137,0.0338376398200763,1,-0.999999999983846,0.110707088193109,0.339248207093873,0.490565479987501,0.18944070646595,0.458960153347865,0.177651275796514,0.805617593145506,0.16193553542115,0.591486749953944,0.161063368946018,0.850583929202273,0.213435319689362
1.10463900712182,0.220622877494757,0.996335936737818,0.15019123058782,1.48324783670888,0.4427669018355,0.0121741430540121,0.0471421144017197,0.134377346840934,0.26375803899032,-0.895547537736136,0.0287159458894312,1,0.999999999871544,-0.0566641247139896,0.460723197157118,0.745650578343255,0.175601637561717,0.5804775064556,0.167852343310266,1.07015454808488,0.165290378197689,0.259286591149813,0.2561387003752,0.898547986420397,0.192098124607828
0.830732694967946,0.143250361398796,0.947703622886667,0.165092962608351,0.562851051561437,0.160103778358432,0.12450199552184,0.286003087965195,0.110562110815414,0.146823107333288,-0.891768407019073,0.0307095030338046,1,0.417658596194547,0.236620214467531,0.454846762574196,0.373540705622626,0.176519644419884,0.55358724485766,0.171138407998535,0.735026623051786,0.166451653946537,0.644361439270723,0.176511956803563,0.763824433595147,0.188483357831149
0.770058546173972,0.196153880637435,0.811697233027972,0.180066705768159,0.813311932970393,0.232360387753342,0.201329290071236,0.247311050118084,-0.221858234263696,0.197605777284619,-0.910381397500829,0.0220351663925421,1,-0.548268757698142,0.165612692729011,0.521391185951546,0.678724826457488,0.166411459367433,0.431232287752011,0.18315718824764,0.797811844182643,0.146498263981247,0.562487096043483,0.202774024842827,0.630775436042345,0.184369097022032
0.903225623755516,0.178404428154619,0.863545026055779,0.153844555878954,0.713505888705111,0.205745897574649,0.0591617240075609,0.190152656847057,0.152090156148556,0.131989449440233,-0.883751077430744,0.0320638166909065,1,0.740255962786899,0.19204709444604,0.330600114638415,0.658952387682816,0.153485819368979,0.317459622979435,0.168281464597045,0.750246157396703,0.155861929155433,0.607537757912497,0.174378194082842,0.679674337905105,0.20010113944049
0.877791405327323,0.164787581689915,1.02244244259695,0.147854004772913,0.903525133627581,0.224531253401028,0.00181578483406897,0.0135846751265246,-0.0405044040939097,0.149134699217086,-0.834177288274023,0.0367110043845157,1,-0.999999852542888,-0.353862654266453,0.352821088498827,0.662916562232028,0.117763220825111,0.750457270247518,0.115067566579278,0.642918465588405,0.169884842685186,0.562725343486266,0.174503402991214,0.769289511425387,0.172509645371986
1.17108746232108,0.175885661765184,0.924176782556285,0.175656377947567,1.03524050765258,0.297947086280208,0.034904102491135,0.0749314635249365,-0.19008982291088,0.210864842721771,-0.912491853617849,0.0243689812291716,1,-0.999999999892197,0.422190515547702,0.339519671190916,0.677026429404754,0.161279343679249,0.613672078621488,0.160769843241996,0.979757409237479,0.125123621691718,0.754498504173154,0.174157661226977,0.627138889058325,0.224695280591354
0.731688468548694,0.156889909350566,1.20520943584106,0.186158070782047,0.902808152077668,0.246170059030068,0.0781966193449181,0.121151118795279,0.265700104263092,0.215971943462795,-0.907548423675222,0.023856125281703,1,0.999999999971046,-0.474483811112003,0.358909745200488,0.726791830919155,0.138847615056152,0.786931626695928,0.129598103602513,0.752511050807177,0.171261253588252,0.778855202812454,0.1912812495979,0.774936994480182,0.223723275869714
0.904342917486965,0.21157666906626,1.0181233009091,0.19585640559423,1.17241981105513,0.332444647262573,0.332437913592602,0.343486086940659,-0.0586753306089405,0.287867454613399,-0.92755982617118,0.0203375419189863,1,-0.0939850327654136,-0.197111605155113,0.381435547515794,0.769541843851925,0.144177879172468,0.956231064572455,0.142380175490382,0.906713449793566,0.189537806745706,0.593670183201004,0.251105408509779,0.311302699072697,0.302075271470759
1.05695635220058,0.200951880644214,0.874942996938361,0.158290275479452,1.00756851040006,0.309676868758674,0.0966231296260165,0.0973356835445393,0.312016700266778,0.171187055246801,-0.856999143061866,0.0349988808071646,1,0.999999992079926,-0.323416925800059,0.418349957660512,0.973419468546548,0.154904482415691,0.611757105138474,0.158009622847805,0.887225488609617,0.154320929696457,0.466054810964957,0.212574172832172,0.851968000471239,0.212051020392245
1.01098001601336,0.216525377060121,0.96754978544156,0.178915897477543,1.32027659368205,0.381899140144228,0.0703616390368307,0.199257916360328,0.017469442364187,0.243207571541038,-0.932612218781866,0.0173620948783598,1,0.0573163606155712,-0.624933504219831,0.528019971018252,0.802851450175925,0.181310296817139,0.755805621308651,0.155587045951005,0.733669506491974,0.163335287524409,0.81499807985509,0.183893981985664,1.04036859447478,0.179933167782988
1.0410673985629,0.185237176969273,1.26857171035804,0.207713583845205,0.908014539270877,0.255843443832878,0.248913854715751,0.361997964371755,0.041747372220867,0.231710098058747,-0.918165151062854,0.0218460883681353,1,0.0878128773052651,0.2796223980203,0.413595989568581,0.646150146915733,0.156349807946116,0.72713904794456,0.140040084061184,0.690385690674391,0.164102567675144,0.464666508875157,0.19572355430512,0.772505042297264,0.192819683716753
1.07888153476369,0.204680732115515,0.744333254405478,0.209787988746298,1.26188506119883,0.355551709149273,0.390856095811666,0.477507615992241,0.338647574390764,0.284797806650246,-0.924868201950128,0.0199552762972445,1,0.482202685737002,-0.42444833128734,0.560835702391129,0.751511975525633,0.181611592381682,0.774237372102294,0.146580128801066,0.757048593835929,0.145782411244187,0.701076463858058,0.193537519020715,0.932195473715486,0.186126591842381
1.06719500001094,0.208137774090059,0.870354568046022,0.189332567450539,1.09613939638785,0.332281883622115,0.00561543941372449,0.139993992457448,-0.0651562532104914,0.208837432262131,-0.904718807020639,0.0296163887255779,1,-0.830484126438932,0.33601113754609,0.366287760918546,0.637345927567555,0.172836342190204,0.629384084965017,0.162937398091129,0.822052920661612,0.159087504902482,0.761905263462047,0.17311879196945,0.561984733944983,0.216714935203045
0.730318573845139,0.138510611115624,0.970397517833498,0.144630501835611,0.510196674124337,0.142272205535849,0.0346909459061589,0.057608387179782,-0.133038359341768,0.115165861747438,-0.882409215236942,0.0289861636795481,1,-0.999999995276616,-0.113596844519786,0.30599169358294,0.570757712265207,0.136283292575326,0.637532417277405,0.136105216616588,0.474609125995833,0.156839326051628,0.624699895531777,0.165180707970862,0.246924554575015,0.218141371330664
1.26303092955677,0.226441164365483,1.23572968935968,0.185468635450822,1.5145408730337,0.435152527697274,0.167540705496335,0.238571510476333,0.386623610988552,0.289191074667352,-0.903896988583012,0.0271927703195166,1,0.767516470029491,0.254467541075384,0.418572510638792,0.614158573655732,0.172130773729461,0.883314662684304,0.153552863311195,0.48983347679982,0.198762062563601,0.549198028828457,0.202431588681395,0.81312325312121,0.190830881491451
1.12936413109671,0.242879175906301,1.11091919516484,0.216948313534669,1.88525460758431,0.587939134398633,0.0338393865068676,0.253469343958811,0.217418944877889,0.275774242368425,-0.922437387053815,0.0210689155064625,1,0.860797779308311,-0.127045121537726,0.456667338393016,0.942848440063774,0.140799680069421,0.841215960396307,0.159370341516518,0.91588093211212,0.179076246132331,1.05453228188935,0.20547760173616,0.938751760503315,0.258268213641044
0.938234670632296,0.185061364570061,1.36526073018128,0.17324060856703,0.968823769795728,0.265453051847536,0.247800487428217,0.201182525195589,-0.489974489138996,0.220614952848944,-0.861340347130912,0.0322036423892393,1,-0.999999995042376,-0.631107965238488,0.397040789573664,0.710311185730274,0.156562536416524,0.933170246542394,0.128618359511738,0.495310321836317,0.160254416014805,0.435492492940387,0.189905301664524,1.12611964443135,0.173724301813421
0.903532407036463,0.200695133196431,1.01074155746696,0.172580541495251,0.956058470104013,0.26882468806142,0.0134552607243429,0.0514478628477856,0.113419645489477,0.217158557632427,-0.885068608092331,0.0333559561050646,1,0.999999999999713,-0.045945564893413,0.483290750905442,0.727585124971375,0.146950743988829,0.549679986976893,0.158899723092005,0.581073616232131,0.177374184490722,0.620180499359704,0.194520996295425,0.717057710108084,0.206782219093606
1.335980427039,0.197249792251451,0.980765087799327,0.182078749737571,0.638024488773762,0.180038182507449,0.283636857202331,0.350413073877842,-0.232507353101106,0.190715973280671,-0.887740233645839,0.0266782563820861,1,-0.546558541445119,0.628021347676887,0.387419285121934,0.63275526479591,0.177823849982313,0.70497584011581,0.154197109323609,0.514821385479428,0.172716328399626,0.916099764261998,0.154011786475176,0.552814360663728,0.203708180664495
1.21820537891403,0.205731548840237,1.11361428453881,0.162173727037125,0.989620930995039,0.313988100408116,0.0521153527220417,0.13140173786135,0.205071780858107,0.206668188655935,-0.892410663254251,0.0333679612390637,1,0.903001820787925,0.389144106340905,0.381318124709192,0.561806312759554,0.184477295124014,0.498824880193272,0.161035732539048,0.600405889928132,0.167843705714157,0.719650139920457,0.181834584234038,0.587967350695961,0.24664541229473
0.936687021246456,0.162290347682386,1.00929457180871,0.161739925607974,0.67409717106928,0.190777920053729,0.0126545369450689,0.0381475799621618,-0.0923600963859087,0.140731688498392,-0.894195071067183,0.0238314139222543,1,-0.999999991123011,-0.445563254107161,0.395064339500173,0.60069002613759,0.158580569252761,0.792354402299621,0.123760439872636,0.791360305552857,0.133589409069309,0.655605971530007,0.175881040965038,0.671641077017124,0.214878930679764
0.911289149511298,0.19802810553414,0.858203367027118,0.15991854768332,1.01408425966401,0.299624302492113,0.0170515291529884,0.0582117662440294,-0.131497859853497,0.227117229010994,-0.908081018437631,0.0235525058865817,1,-0.999999995049712,-0.471686906182947,0.43500586791161,0.861404235399598,0.146716238461838,0.760057048842801,0.136811545606062,0.55439860441849,0.157046832673838,0.694563015910254,0.192868036576021,0.822895857762585,0.189088808432213
1.18191280292259,0.240475876966033,1.06012631452715,0.226688518097865,1.81482513330764,0.505812624863759,0.00798243634659691,0.105161059640468,-0.120356849131805,0.313624995448946,-0.917707690245363,0.0208411178968865,1,-0.999967039149214,0.0703337391772412,0.438506709888599,0.570987903335116,0.15347743025196,0.894277976278236,0.139101203959364,0.827927739992846,0.171259625095717,0.715433308336899,0.214049772404315,0.797281210658434,0.263050391425389
0.916943540340879,0.213056261521311,1.07361279861369,0.181710128728518,1.2089562739769,0.360916269291782,0.112597320536763,0.268424129270276,-0.242153602481736,0.231272518103797,-0.881490056320938,0.0326390598184428,1,-0.656329023747282,0.102780649404442,0.460209751360985,0.762431744509149,0.168760667473318,0.621886368113608,0.176678002626202,0.785695414873801,0.187143729421068,0.575850602608035,0.188277593563807,0.596494092368988,0.20009019250853
1.12355200650965,0.189950825226749,0.829860108105584,0.183440550815107,1.08238656164385,0.352609267258826,0.279038825712764,0.297701329299833,0.119891099415192,0.2229889858122,-0.896127709292741,0.0316318237609288,1,0.218154124898994,-0.0926440534107501,0.331674370129336,0.549688072074406,0.161414626678372,0.859599756551756,0.164164532490154,0.682128142791353,0.185335962571588,0.42652356762221,0.233416738469038,0.852009407889907,0.207225029759663
0.65113563329901,0.183019291876711,0.854329428942333,0.143110403457852,1.03621797568047,0.29711466690281,0.108767131643161,0.193803087881842,0.281143183136856,0.212287051102295,-0.875164689168537,0.0334100664967002,1,0.837438954716082,-0.343854083904927,0.401857013914757,0.700340218260275,0.149926689687998,0.708370108878078,0.159761406868521,0.702894679570363,0.171963040525958,0.4889267169831,0.203899362800161,0.635690667112439,0.249985218800095
1.10701227934572,0.204244292000526,1.0012167621841,0.220263697945379,1.38666726436905,0.452636377755022,0.821529559594522,0.508258451644599,-0.8803113451847,0.41726080060431,-0.89780462482609,0.030147480902886,1,-0.824780852545116,-0.00992021514943966,0.395751085077389,0.715641618511663,0.159146184096801,0.708716589598972,0.170599807294516,0.580400417863494,0.177890456472135,0.522530172250744,0.210876745942004,0.808000575096451,0.217473113418324
0.862264082338066,0.184844852981896,1.06057092030044,0.186275273696471,0.670318725702393,0.19952371899491,0.0801116925838671,0.171005902355338,0.0493519813366145,0.137286523791011,-0.878294313072401,0.0325955123995527,1,0.212968789958708,0.156232035535451,0.383670633912904,0.763706959597773,0.145989500656121,0.657279108601937,0.155681939143865,0.72982655338922,0.183302305373489,0.542271449970894,0.194305197958194,0.840346107270292,0.187280422067851
1.29362633196165,0.217625624177277,1.15214731044689,0.148671996392876,1.42472614952261,0.440229452273653,0.231129961495834,0.295212610160482,-0.476980548572007,0.275290604261453,-0.899997826861539,0.0263929604772497,1,-0.831202512928888,0.162247316941051,0.39356406813318,1.04643688927743,0.140964929318374,0.799318790823459,0.152561448472853,0.761286225264439,0.167127805199471,0.414254731266533,0.222560589342547,0.933984644553927,0.215044729026869
1.17283152925338,0.197382963420083,1.09083521299435,0.172420472709421,0.80405707158396,0.249059590370183,0.0197159298959099,0.193763869543425,0.125905755114593,0.160504345038919,-0.865906552902964,0.0353037082553758,1,0.99998505972986,0.245598151387747,0.373881069882284,0.811969930509182,0.172419861280144,0.509534336823787,0.163590870566865,0.800550024935529,0.144193360653881,0.663709142884971,0.169052311590969,0.516454173918111,0.222369889432336
0.940943860789448,0.170120422682241,0.990319718864663,0.171577697687051,0.828101481910966,0.241735324318744,0.0129788761086748,0.191713551394113,0.0459543980180483,0.183532596756428,-0.906952683065223,0.022125261359079,1,0.443268384626841,0.076387751548488,0.388085342714698,0.637247204633304,0.151680201849088,0.530306446101871,0.177820591535324,0.939719852822763,0.164887021690885,0.593422144339184,0.163408073607515,0.499934425520278,0.202196793918816
0.911525133369371,0.231354038287696,0.987604316842473,0.175827397592203,1.57505659382049,0.35956434151925,0.00718318748752378,0.0467503998793662,0.106366681959501,0.289530894319647,-0.898308443269843,0.0201045852129365,1,0.999997534637208,-0.34875624469704,0.613576745863579,1.10150455761976,0.105981122005415,0.660519701973705,0.131152420508613,1.09577482406103,0.126936061696396,0.589569507577611,0.206804334074754,0.676312060742274,0.266795568831873
0.969637480586825,0.225538636615492,1.19496779962254,0.17400998552935,1.11775870763275,0.327365405325053,0.00827353210282824,0.03662244790837,0.0961655442797087,0.211238198069084,-0.924139294163485,0.0210047694986485,1,0.999999965169995,0.18476054359423,0.543562048951273,0.541114025166148,0.161201537349753,0.756923051993008,0.156843704187913,0.897969468031114,0.147735492563815,0.446972933339549,0.223505582481279,0.821475767515766,0.197046203469055
0.76428436318627,0.180856413985051,1.20451299573203,0.177375433126577,1.2742756400516,0.346162501380545,0.0116624415223241,0.0665056222663805,-0.12190628403156,0.318218546175032,-0.88775780028127,0.0264866304375554,1,-0.999999224520782,0.392464026725922,0.424073446186015,0.359665732878163,0.18350842450612,0.683253365257179,0.146945378211527,0.763316763565478,0.168347474112985,0.861504671532195,0.179219178478475,0.248669656085138,0.286396474097802
1.4103164221976,0.24260425228969,1.13522693364197,0.231038503868844,1.51261796550167,0.490598414623202,0.327272006789772,0.414125728514569,-0.0698978765446413,0.322052094973409,-0.937673541152054,0.0219119540690309,1,-0.0993447509727279,-0.688303147807035,0.560207890868683,1.10164748397471,0.186612319614472,0.620959455412294,0.201956985970145,0.820276554415149,0.176088015941217,1.0746707152542,0.179811149446419,0.846093525521909,0.198816059567131
0.856513863070289,0.18117070076182,1.02887965211662,0.170576589017367,1.24287457488133,0.351548123472039,0.333473419160918,0.372980923701197,-0.255210708970243,0.212676479246364,-0.912340646033253,0.0212933867273396,1,-0.396419154424187,-0.188568617837858,0.455481322538046,0.55836351886477,0.168162137906238,0.85660401620365,0.142759228581778,0.806252314980044,0.131981873573299,1.13196531480785,0.173832219918956,0.619819525844544,0.26722732466923
0.975877336617699,0.164350941396524,1.19389713103285,0.178694536766202,0.688832493954186,0.181582128254984,0.259811681692039,0.213692767943242,0.105072749657856,0.157681039042234,-0.885194803079801,0.028074488607461,1,0.248372751018006,0.065232998891919,0.362892766940996,0.680770080476162,0.144724313503569,0.718256020819125,0.129502007233404,0.598505271002545,0.167003957459254,0.730673001459443,0.188690540028069,0.605267430147761,0.23422139344115
1.29926677436714,0.215748806816896,1.23824557493497,0.207051727462972,1.02179495880171,0.317413665790833,0.224583610766134,0.307771576264361,-0.427298616637935,0.255299566583566,-0.901458920861867,0.0296904818212075,1,-0.891991218784412,0.669464970244011,0.491734046549971,0.731860958606872,0.164949858959464,0.672811819269529,0.182189847551973,0.473838424651527,0.192685173972958,0.947883993637142,0.159567287125024,0.464451603726914,0.220604745411806
0.700382889861304,0.175782116854967,0.736897504732759,0.162137214689823,0.955147261600529,0.253600296292062,0.00574406660091103,0.0383259133381791,0.0740702787976082,0.201417236270694,-0.883391301698603,0.0277835265461485,1,0.999997878111749,-0.78353104099955,0.45929987313656,0.879294260995203,0.131145021452195,0.559407350317218,0.141186833612718,0.674681850911442,0.132965812727186,0.595547406916734,0.185500899793442,0.522736600824417,0.245232259137036
0.915995154120516,0.215407289533728,1.09451268816824,0.180637161378013,1.2915418307471,0.369875199715446,0.141981312849867,0.211002603478186,-0.127094635991989,0.265412665369797,-0.863999372137246,0.0347669905207458,1,-0.296795552975673,0.134542392971507,0.459530788444222,0.597467608458658,0.171001012736721,0.563100296433688,0.171593614611979,0.870669358310642,0.144109843224296,0.692614029410155,0.158937008937303,0.798120772042231,0.219749553473807
1.27688767485274,0.219206029252035,1.3052214541,0.194682976343166,1.16172864833691,0.330991127288957,0.512665685145542,0.491942017486955,0.633290801700489,0.325506708181336,-0.92593299782438,0.0183562261422961,1,0.820604144130518,0.251981439786224,0.426517329913588,0.786617733580251,0.161537421905488,0.755710761733897,0.126867534473037,1.20481543037465,0.158287976678098,0.873242661550687,0.201508158760363,0.721601127468412,0.239587298145036
0.786584416759595,0.178351037978017,0.74711878251958,0.144547381669607,0.785203768838418,0.237929929515679,0.00270280311601082,0.0200045060295895,-0.0460678976135558,0.170549943173558,-0.879363734802137,0.0324155209045193,1,-0.999999999390539,-0.341815028937093,0.386107159923504,0.596977308159073,0.170510095462005,0.68746759832199,0.161099962911054,0.566539929756285,0.171154840379794,0.34037615744413,0.19208945358586,0.684753882879019,0.194658621120719
0.925203929312243,0.170796852488159,0.878209322948818,0.153845107591659,0.999164524948171,0.291931073916737,0.0711139113864539,0.113959891599363,0.266560478189714,0.19115391614478,-0.907012238530827,0.0244075645195487,1,0.999999936985523,-0.0853368025786076,0.365697588999637,0.883227598172342,0.141312945991174,0.68668752938134,0.157846587001295,0.300595537030037,0.200336405329508,1.10822204204377,0.155679403338389,0.690288937124445,0.242887782008137
1.26221692313524,0.211462723791918,1.24620192291356,0.227575285518861,1.27264000571843,0.344943080577346,0.11947421069552,0.267832975755123,0.0873546518938882,0.248724819404231,-0.922031040152265,0.0194193519031789,1,0.224024835322379,-0.0774408006431047,0.47094458931271,0.800912348333031,0.183845889818147,1.0250771538286,0.144295272799722,0.741100291847296,0.151974058340932,0.915957194214829,0.164593253210138,1.02239638410905,0.208182703893183
0.942788780965458,0.146902661728364,0.801903068179535,0.139088709964083,0.774260633095423,0.205016547941529,0.00235460332333203,0.0182694758256874,-0.0426974382327278,0.145502314654032,-0.842154547153302,0.0347704372559503,1,-0.999998511258962,-0.142738622387068,0.295995424895785,0.663302871969834,0.144868009983249,0.466352893524046,0.161716921649657,0.530879153725665,0.153904869546134,0.538125750611123,0.16926456865485,0.829518843181834,0.154370332071856
1.13659242715697,0.190192730466647,0.749558642884113,0.151436730437878,0.93583700612669,0.263115213428284,0.0635066948626529,0.0919020279375253,-0.243786614860566,0.175966587149151,-0.892356607792088,0.0328509954573897,1,-0.999999986504789,0.239206917376351,0.387209534371729,0.629341388813278,0.179318912046401,0.805929346721312,0.133571458774688,0.553164827385483,0.184496798372991,0.549919800137618,0.189639305576631,0.740723461348114,0.192830246670909
0.972682742984477,0.232655312808752,1.23655030872192,0.215206846396682,1.70229705517192,0.520023723507244,0.160582703416316,0.255394943432326,0.146493693781337,0.250693747456161,-0.942655151974819,0.0151728912969064,1,0.28018951100052,-0.637944376122913,0.456180120636773,0.996747825189535,0.148808239922633,0.877166343923886,0.14876180723218,0.906293616056664,0.169470067947417,0.962741569274004,0.208886463859102,1.09960465613212,0.220978804846048
0.899580698686458,0.186299837118747,1.25402581872409,0.155623308619517,1.04275280346523,0.29861129957362,0.000240069598326387,0.0598583237857136,0.0157010611701685,0.231625013494517,-0.887781059997293,0.0297751160413229,1,0.992361117751593,-0.0447977326693631,0.44928503973575,0.638255489254539,0.150393090475357,0.787639130639445,0.149649255756552,0.72437227202936,0.159929160047086,0.715925859759923,0.160654148160675,0.705745803822141,0.217486902846026
1.09756032758882,0.213598988854302,1.35744180777688,0.206746238068224,1.16279763809912,0.32287635410344,0.447064565972752,0.39685179696264,-0.0946604168770252,0.330828740448942,-0.942884791546491,0.0142859772340664,1,-0.131289869783459,-0.198448213048381,0.497917612113255,0.766793736603695,0.160689273899249,0.879060365192072,0.126150357291836,0.768344589203982,0.184196981632966,0.90147790291349,0.158191531394486,0.966734541095018,0.185100997442946
1.03423511993981,0.182996994719928,0.959043735390011,0.194048197245743,0.922046367429285,0.245040892973052,0.259003716746911,0.267770611511459,0.260955291192474,0.180952477410723,-0.890447479425703,0.0270295910122641,1,0.53399443169072,0.541775538089785,0.397721654308971,0.706629119678008,0.13890699527139,0.597133313379872,0.162293522203547,0.75933231903749,0.144154294325434,0.919575711030413,0.181278953555683,0.834099256380694,0.22007443739415
0.90357959067124,0.202471789344596,0.990235798327371,0.188775120372495,0.909248595947675,0.276851947629382,0.180422377608923,0.284827329613779,-0.140984269849005,0.184766412855182,-0.896002832427203,0.0279261911734131,1,-0.348084062592465,-0.0776540107292661,0.436093434754602,0.739408107650693,0.159987802733789,0.802295043221223,0.155109436538467,0.775772269159432,0.15638980568346,0.648228984068032,0.197051304209005,0.709822567965518,0.199931710042762
0.958408655769378,0.194543024078364,1.10436354391303,0.145394468235311,1.0966499217886,0.250170928684753,0.0047916831652469,0.0253602148566197,-0.07248999001558,0.190945004418741,-0.913140212369713,0.0191567766437988,1,-0.999999969937492,-0.593780686967927,0.528768452807011,0.856455600870091,0.148848443433237,0.641095144721771,0.126370143039047,0.821254617454836,0.140610065525457,0.991954417588388,0.15315452851261,0.696356956330647,0.165684812701112
0.6282444891124,0.172902119491221,1.17563405205819,0.19283421211825,0.772572551465364,0.211249447681191,0.217602016496025,0.330115669361231,-0.0776821435477452,0.204445115082462,-0.894237295802278,0.0249221735241898,1,-0.189461122498252,-0.828724907922806,0.474926029865216,0.594282907199708,0.156452857151693,0.637612509846067,0.131451994049821,0.555197828578401,0.165376794559196,0.707114054959874,0.176018268578096,0.614503741642136,0.225476409317023
0.904255677740832,0.182232209912931,1.33760712269956,0.17523326839166,0.890249090316893,0.245675560899525,0.0395130282753387,0.0747614961164712,-0.187553822022175,0.179244407027674,-0.931083201619872,0.0169607051473429,1,-0.99999998119963,-0.605017772169477,0.446745424092639,0.938301459974484,0.15443991949799,0.559968840554097,0.148892430918232,0.755293675967586,0.144080782861291,1.02751640337635,0.149276084476978,0.732928569831501,0.22789466832735
1.29035244322104,0.213753855311333,1.21008844125335,0.146353887984957,1.057863692057,0.308615863001438,0.053442591971621,0.186784659281998,0.166933317884858,0.179130957546677,-0.898329134851784,0.0261864132757493,1,0.702076461761654,0.213886823142448,0.403857363106318,0.983132838643818,0.143275925272958,0.704803468446821,0.15504244372772,0.490547331202431,0.165891979405878,0.763213769296332,0.175209455527988,1.13111984786556,0.146890539047668
0.857372926377121,0.179205083193155,0.910957793435349,0.169071449514411,0.981390157399186,0.294419786554498,0.163182432104202,0.273084280860193,-0.384500492116837,0.245563276328094,-0.869240999339128,0.0319918923262453,1,-0.960814061084194,-0.388947689023798,0.509912712756971,0.683765819015134,0.15795021241323,0.538301489600021,0.14837828676309,0.627233932301398,0.175891534450943,0.61821394321012,0.175675138087607,0.470591727519307,0.21704563667034
0.913140562060044,0.167660072088662,0.997995560104005,0.162696918836471,1.19659822542408,0.307743357980807,0.0157319719647084,0.0517628760919036,0.137203679743995,0.227556027273643,-0.921292442669172,0.0200881411575419,1,0.999999999997381,-0.548204121473587,0.403946698203473,0.614646248151771,0.140112392399767,0.91275122893827,0.118193892672211,0.802031945688307,0.13900125395424,0.704413972851727,0.153785112328594,0.780168974076609,0.220206414834094
1.24992033115772,0.240021434525621,1.00266229707846,0.167799449358505,1.70508818247909,0.49349414839828,1.42088417291585e-05,0.211440574716603,-0.000534758793018177,0.284159557674203,-0.941377581574752,0.0172435003203301,1,-0.108643856644529,0.0721587381603591,0.526047924041417,0.908493713722563,0.150314547303934,0.851868556913836,0.135821104728541,0.925294909755589,0.196705925701635,0.836723281460432,0.193786725778746,0.739059177097484,0.230376040863837
1.25574835051948,0.205169917989138,1.14995904463504,0.167272360074135,1.46084639600974,0.407344239263592,0.0721288177613838,0.230758593073119,-0.183370414381338,0.218056097545506,-0.85107139375901,0.0378790126784714,1,-0.564901311140726,0.37846510064987,0.427685406864346,0.736284388120937,0.150359718743556,0.823386222560139,0.142707933228204,0.683442820402627,0.177246970467479,0.521648679397083,0.187188309574182,0.572695843907379,0.223760612118027
0.985731820349271,0.184143769945897,1.05109939281564,0.163361570578785,1.09300837937874,0.264357822037003,0.0354526638612959,0.0713937732486702,0.196850343230381,0.194160698866216,-0.889059486066153,0.0282350248936423,1,0.999999986557757,-0.206595140119464,0.370575328944428,0.785536323587881,0.140453771065986,0.582216217582448,0.136951502239634,0.631376931492829,0.150555693061533,0.751196103535183,0.172178865255265,0.446925117315263,0.242963634374228
0.980149376402084,0.174536962034639,1.16715027842174,0.216645477624215,0.897040088331895,0.246831033170114,0.0998550697608575,0.240167575411701,-0.0579137075585806,0.226323903746435,-0.899680946998681,0.0242857080957688,1,-0.193504194349047,0.253193860352446,0.375764217071433,0.851310538420267,0.143456734216632,0.63290878059838,0.148714148210508,0.806638315059986,0.153426525808154,0.902670220287884,0.16783796937496,0.676117470293547,0.252229671402907
1.05756852748884,0.1927075414208,0.930013401836347,0.146767382744356,0.885485883090429,0.225841079050769,0.0512177450055792,0.0687769736014418,0.212961475778083,0.154685620577896,-0.85943546584734,0.0301538002087917,1,0.999999999993532,-0.177491553869931,0.412014411842553,0.650664557046941,0.145154718003622,0.631472135783772,0.128131498385824,0.328689402800315,0.164419055774829,0.633016726058508,0.172475957104884,0.504388882632185,0.199853831453309
0.803757853534189,0.164960516401168,0.76252789436027,0.169731300818823,0.964503688756467,0.260052371899396,0.00857425669470994,0.0434928116360189,0.090939002654518,0.23003312292376,-0.861700561982599,0.0317386356598168,1,0.999999999601317,-0.132206690327578,0.375176452653894,0.745019583254422,0.128235231785735,0.608798803916143,0.142757907053005,0.554996849893397,0.163620225269427,0.542492238063437,0.177253727976879,0.613177188753314,0.20062389848791
1.08944304963244,0.196963250308668,1.39993554310518,0.193959800109038,1.04616330517488,0.316494596703457,0.0477834997697823,0.243614624928245,-0.131082974159793,0.199214709252367,-0.909591981288782,0.0248641756533218,1,-0.586283359207265,0.602545750948043,0.403490725915504,0.755922711577169,0.153590888618941,0.450691733424421,0.179214287079956,0.87483611225318,0.140333181426221,0.882537714079363,0.151780917640237,0.831987536518956,0.203745146083972
1.32176038997507,0.255795238148683,1.26231153687737,0.19702617233718,2.04732956706768,0.537372060798739,0.135391477523768,0.343820645995721,-0.291633864228782,0.368282664933351,-0.940450511818953,0.0142865603319242,1,-0.55392173860224,-0.265914022987817,0.451509429077518,0.909850772290935,0.151847935159302,1.03102305248893,0.122652488384061,0.794671932944317,0.157933023587903,0.593454954725082,0.217583650313457,0.878118013048108,0.205619204464365
1.24786212342537,0.260096469526931,1.19449713976547,0.230779508247924,1.30135687502238,0.396107328743228,0.941509585446095,0.614309971771432,0.277295687903424,0.281453608578844,-0.89012002349045,0.0282427922295703,1,0.250514309357844,-0.0840041470763631,0.429654424979485,0.872019613620213,0.151626302185894,0.887428196583262,0.171680970819662,0.873021441225833,0.157174527683939,0.841913333335558,0.205444078019479,0.987699225208651,0.204322640752769
1.94354674715953,0.370682853336617,1.42134212149802,0.280150693240742,2.05249596431978,0.790792407132819,0.561519681444479,0.497847885183161,-0.86292802380772,0.55292955959737,-0.950725018422745,0.0192817511655753,1,-0.803805411327139,0.650154291428256,0.53476593506362,1.30692636066914,0.185884496622486,0.883344651087214,0.212418577266544,0.411842038026514,0.260043933817733,1.14509188959991,0.195904477682614,0.955435866749757,0.21809969352734
1.05968308758236,0.182768650460153,1.08029900837464,0.175673246126828,0.838275643658891,0.238473031365193,0.00343030108245125,0.189453719493621,0.0527687437333024,0.182156598817562,-0.902194680338783,0.025651169328026,1,0.984050102606187,0.507801007275991,0.410385764296998,0.674655915877953,0.154005388372366,0.500898929652937,0.161866132251735,0.611739600743673,0.159147889190106,0.603277764200369,0.19264110651323,0.610764975642929,0.213943991198047
0.907970251762554,0.174360660322184,1.15785766624101,0.199815187429314,0.802561073287467,0.236012750756399,0.0563965704391506,0.0989586519731447,-0.21274795437018,0.193702537500184,-0.890541704779673,0.0295475537962006,1,-0.999999999859918,0.246918321762233,0.359347289854886,0.568827242073439,0.169230117131839,0.615287427889293,0.159397367821083,0.551160033773581,0.173030835893837,0.56180010557481,0.166846217213032,0.931952716261244,0.185375928592904
0.896092464255669,0.178629785154616,0.887695521008725,0.134788209540764,0.75116239664938,0.188180541881878,0.00592898365912581,0.0318699577986687,0.0667355186513041,0.179499052472153,-0.907987913636298,0.0214261705183046,1,0.999999985918743,-0.133027407752758,0.389248980137002,0.432335995609142,0.180489091344588,0.518037742993922,0.147952670234517,0.727031345526348,0.14567282071896,0.709260078479122,0.14176273063374,0.51657593673576,0.174742064886788
1.16759261704462,0.155404973043929,0.744982727501886,0.149381755065005,0.484711701442026,0.123637306300549,0.00419894358910277,0.0211008166865386,0.0451140452782796,0.113852671732498,-0.870429651169949,0.0348286516234025,1,0.999999997552564,0.53659352092574,0.361474557552681,0.530027622291048,0.14993795427833,0.283475956042165,0.154963306522839,0.618239624623721,0.158936656911227,0.706804585400838,0.142899259447418,0.719709230581967,0.180492464727297
1.2428881073242,0.197406364885736,0.812762526588798,0.150025682562292,1.0674546447047,0.258876405108167,0.0651097507610859,0.210279597428997,-0.0534427318786293,0.176943528133376,-0.913346159647515,0.0211066166948844,1,-0.202717349002285,0.281117412821454,0.417895811454183,0.790948334540204,0.150173364202378,0.636865004456999,0.15303110415085,0.613793551016333,0.149714739141171,0.57291083158227,0.162132692324389,0.751759841878958,0.186316270299907
0.46010545663584,0.16742762752855,1.01312070006707,0.15940734497422,0.875179301799281,0.23981482530535,0.00267602349295979,0.0182701145491271,-0.0483942182785954,0.165597683977127,-0.863828689160489,0.0342922750140467,1,-0.999999997999427,-0.513473515536223,0.40138311239925,0.563521859546534,0.154365227333587,0.714079380280939,0.136833497852898,0.470755832071329,0.165606849470439,0.535758298387393,0.200798721077137,0.123242927899594,0.282732703743936
1.12681678369094,0.227307628108581,1.22245577893923,0.189661819516729,1.34236036643221,0.398885288396461,0.0461650156513912,0.110021567314896,0.248937918538816,0.301499669915819,-0.932017673708667,0.0183881294165875,1,0.999999999679587,0.420528581504247,0.555117985622621,0.555363650182003,0.185936560694882,0.887125090432558,0.120526044636961,0.851865585027075,0.156213831906726,1.09473327762769,0.154934067301529,0.878098420404401,0.217188361352074
0.792941756081597,0.1708604343255,0.7582376421405,0.160828185609761,0.946206318722614,0.30465464844691,0.00977005415385803,0.0344738501176324,-0.0961482539900383,0.170960361294608,-0.852580111131301,0.0392691085915405,1,-0.99999998759749,-0.770253886501442,0.416143750005313,0.669723785223101,0.166100472382198,0.552130687924505,0.151718786041102,0.500893046173281,0.160710957248749,0.513503824455114,0.183977647402397,0.686619207881636,0.199688976864596
1.2214697910724,0.208082011276325,1.08891074651911,0.189007852870845,1.15184149090782,0.289978225967123,0.00217180766920587,0.0206307527826121,-0.0500157756272516,0.237588420681941,-0.929557336813576,0.016323608168195,1,-0.999999925633434,-0.148569632609499,0.430548711893893,0.810262001047826,0.139282303466269,0.702071657871399,0.136513198507,0.976904406102423,0.141288154479832,0.616263741343307,0.19770355358264,0.616364822526997,0.200528826957885
0.920723875185539,0.192382607894625,0.664850292985001,0.175430677572874,1.0349172819827,0.339751238276648,0.368226740109715,0.264128857144447,0.166277794315774,0.158203771035698,-0.886723843971631,0.0358735205749884,1,0.269354213581974,0.155603105360005,0.34313432621511,0.69622705804949,0.170134676806318,0.797161634278609,0.161190783478004,0.656651935531323,0.182117419346148,0.840408401363025,0.208118004511354,0.739365715653227,0.238890662033389
1.08187827434538,0.238220225586106,1.07419873884989,0.199154533555325,1.59259180878186,0.493348760034742,0.0924667546298341,0.132599938719243,-0.383747046071427,0.286855298614456,-0.927462728223376,0.0192813432305418,1,-0.999999997828459,0.483296347731999,0.478210678378076,0.585837610112875,0.193835294550121,0.799788976524484,0.161136832823951,0.740794545367508,0.151317517275907,0.924481892119168,0.155422564094558,1.14433083698189,0.196507525576486
0.999913545241879,0.208408885712732,0.885213487502549,0.147718341581843,1.0463542614012,0.313616768207676,0.0165542536745684,0.146928099761209,-0.131608545698285,0.187915639067619,-0.898889301945249,0.0257893034614146,1,-0.999976775107896,-0.352516316623059,0.388569374352378,0.705341800291527,0.129621856227509,0.703923177584344,0.156763726290396,0.765483778273517,0.178539715891759,0.747573555767463,0.194992392459229,0.65180135926726,0.222893121534846
1.03876965003004,0.165736036590139,0.693700760809496,0.143706012215171,0.571232631031389,0.172061103382045,0.0660282827979984,0.0722069255253351,0.19420996263386,0.109095698439985,-0.857946452398127,0.0381122255655169,1,0.999999998423278,0.197617430762064,0.423617201041805,0.267702676216534,0.196476735523893,0.461680831015102,0.163641356533284,0.671548182692019,0.136293023985657,0.625257352138405,0.165338580081637,0.585353905454729,0.20709540556877
0.943345574197639,0.18341370417493,1.26090676636775,0.176573615385398,0.805837616134306,0.223718675038372,0.0888598432897034,0.166183034422176,-0.0317087479642499,0.14987086210333,-0.90461449683722,0.0251159896371549,1,-0.118495690063884,-0.338986285817052,0.410069778814392,0.8023688001277,0.16390638354501,0.762343183951751,0.129914659113308,0.699258839699125,0.168794176716357,0.50979220336273,0.214075219546901,0.620433492295414,0.19178047779709
0.974589382986624,0.14764693689032,0.967051416745013,0.157172442541358,0.796967630964044,0.200903190249931,0.0171815112651743,0.145595753247069,0.0364884416242705,0.188226477005706,-0.882694706996515,0.0247496584662615,1,0.31182023434692,0.156537918459594,0.342766283635871,0.623747331810059,0.15283214145474,0.627741350944714,0.138018045743343,0.478193794900936,0.154092361896231,0.705861200858165,0.182543769040419,0.7393874224824,0.196556085247591
0.918781543215632,0.213100418789428,1.1351042544738,0.208035295800841,1.18901518249602,0.332613884985052,0.124911188039667,0.326662280582344,0.0955624828225026,0.227417365885543,-0.921298543017589,0.0186741483958247,1,0.247966524574858,0.336120511575474,0.402178210190032,0.391797356481173,0.182631779252211,0.933815181887687,0.154697291766344,0.6116139589101,0.171526231405444,0.791433963843197,0.175930074182418,0.901483941821923,0.176075129385127
1.25518852354817,0.214872816622312,1.44931205723465,0.218016265414036,1.6123118393045,0.423597262155214,0.119656687396099,0.239441128592935,-0.113364566909209,0.345671153454262,-0.913973288844861,0.0213265064836774,1,-0.258097812617763,-0.114155209436898,0.372526566744061,0.987099652664427,0.125963039631753,0.947554193775235,0.133855537187671,0.944260248017112,0.154982265736038,0.781128797240758,0.180052892860435,0.758497159353275,0.212496886451575
1.00740844471954,0.171321615450313,1.00483957558959,0.157285811933375,0.934831529094028,0.238085285561799,0.0562155991250709,0.109640476797059,-0.229242478686189,0.234661317599848,-0.910110185871657,0.0197458121751637,1,-0.999999995672494,-0.209290694033658,0.430579976179641,0.547624710337601,0.167688671753667,0.6695279249693,0.145375283557459,0.85581295582694,0.116564867983408,0.496250372261704,0.14869810701164,0.76873405841152,0.207853290668256
1.1977618077129,0.249461653870225,1.58936143685855,0.24892457095203,1.75608922379856,0.510219889662768,0.0100054851727073,0.213705956900926,0.000370791615971687,0.382838418205417,-0.932923315192154,0.0172893259347097,1,0.00279729030664461,-0.152401954894784,0.480828396237231,0.814442381160563,0.145574223272591,0.948244097442086,0.162389848611574,0.629254341993885,0.167735547359979,0.920142687804928,0.175274461331434,0.695462459909287,0.206573706017024
0.824869453374519,0.201654154033758,1.2607789953882,0.201654449342763,1.37333546894248,0.392941275421461,0.182011801700869,0.292100425999372,-0.214340280889593,0.285552781383742,-0.921453381431537,0.0212137365419064,1,-0.428712062090552,-0.328558131691155,0.448134234699415,0.714697592802155,0.161937063031609,0.759407438952473,0.165291544907254,0.773934170020456,0.147686946142832,0.722168036862773,0.197674314921826,0.945426611470053,0.160213968255195
1.10238783395214,0.193707582341369,1.05916027534858,0.201693331362928,0.792187681284615,0.278299814742877,0.154891587541613,0.214023937368929,0.147167978588894,0.209023171787228,-0.904171366346348,0.0290727580512132,1,0.420131618190649,0.345229012846039,0.374010675818827,0.817390434137461,0.177421262360379,0.621179228270721,0.167776741041836,0.486717588267263,0.187118237688829,0.846618666041793,0.211314805612172,0.2806805907175,0.26167076522813
1.01239297192808,0.201031660205714,1.18118802309917,0.1912710569735,0.971897245061828,0.305610154638816,0.228110953182757,0.270402042980923,-0.0397156902618329,0.18285127690258,-0.852294792894265,0.0411342540660853,1,-0.0843487925107095,-0.572681616464098,0.384509168940475,0.81055543037119,0.159829464145712,0.771839760185517,0.151833982684465,0.825562396906584,0.159789341228372,0.440587724751567,0.215995417281945,0.631114115067354,0.207256077370371
0.981584944721883,0.163483439288707,0.762809901935705,0.179201033057233,0.722627628064445,0.217764152029262,0.527742557127187,0.323644148668839,-0.446359696922045,0.213565431437469,-0.868443257709857,0.0398840975422351,1,-0.722797488034827,0.0720208411795959,0.355098150186063,0.612272746834813,0.172580492315385,0.710147056621526,0.148968875501178,0.583290658314756,0.167714141671412,0.454155268311109,0.206899597176858,0.672658064721452,0.210332075201579
0.868418157161468,0.159756001710694,1.08501594986291,0.164049543439803,0.639138714530289,0.176853299611183,0.235655056593412,0.207885344116122,-0.326532659893926,0.178452273135404,-0.87690384949942,0.0334029612292,1,-0.841377089418099,-0.0187305237588292,0.272226553375489,0.646489178488298,0.149120130807175,0.574387936008841,0.154264275666946,0.669771785030744,0.151942539945483,0.746485068803032,0.161355009551314,0.471177401681633,0.266420682169861
0.710212141773885,0.193642410632589,0.721020948895404,0.161311696550014,1.11277332628725,0.332878829859333,0.133884650365033,0.250661434825293,0.283352096923761,0.184036363493047,-0.897227083291289,0.0286689159818753,1,0.734104156623209,0.13800866194577,0.422743088347589,0.781454855250183,0.137012166585956,0.56770128311054,0.160427902153325,0.65907133362181,0.19115710058156,0.791735423635088,0.201606540246461,0.567705825672932,0.254058216963075
1.09727437528085,0.185733781492664,0.941331564032739,0.164830383081742,0.835031324776888,0.244788737319511,0.264419451334266,0.274879603105351,0.282823308517593,0.204358635931133,-0.886343576264197,0.0253046961305553,1,0.601889981806553,-0.0736709846583229,0.375561648391902,0.767189264814631,0.151345704193739,0.638019243299584,0.151471026487409,0.800028925315446,0.137534365866335,0.896259460048757,0.163468245943439,0.508063637168651,0.237984378419049
0.91001722972339,0.180374308564616,1.08994127667407,0.138444397752947,0.814552584334914,0.222584046013261,0.0163340687172438,0.125955175974977,-0.0857101665415665,0.177340957676059,-0.902511261908092,0.0256711111111806,1,-0.743062914834448,-0.0178720358406844,0.355797931854481,0.63212556669006,0.166221898475479,0.338330928977024,0.160033147686836,0.775769617018795,0.129748324262372,0.717373545347835,0.1843600191513,0.707063647200823,0.198855568607237
NA,NA,NA,NA,NA,NA,NA,NA,NA,NA,NA,NA,99,NA,NA,NA,NA,NA,NA,NA,NA,NA,NA,NA,NA,NA
1.0103452112333,0.160579474714332,0.781050685634551,0.150609698422585,0.613116287500527,0.159307606532183,0.031531779591166,0.0709754791441522,0.139041890887925,0.157524616634657,-0.858614589647646,0.0346232629203502,1,0.999999994322272,0.150026845232278,0.375894142444928,0.510457780931246,0.127549096658398,0.570893717583946,0.163305840362076,0.449012735853564,0.158762710587466,0.565248508737933,0.150639014402935,0.487151785987372,0.210688453247813
0.703796114479007,0.156070976592936,0.867582800668817,0.145228150313041,0.820828740605839,0.24600248559612,0.0149696249289631,0.06024356452928,0.110848987714808,0.225223991139322,-0.890985139292852,0.02981221160146,1,0.999999987776805,-0.035087934468219,0.33586070054074,0.579452056809289,0.147944812023973,0.4756072323287,0.167676156842954,0.772855526506049,0.167918328791663,0.442033412739382,0.198922686540864,0.814044405297616,0.205907325962152
0.764160456493624,0.211191952561533,0.741791122796841,0.179399702861082,1.17163518323784,0.365107487704834,0.0129385669508433,0.0441306702920287,-0.123123028941076,0.211891400124197,-0.901462013828407,0.0265563107948187,1,-0.999999999846258,0.304571233863015,0.446241124486476,0.46165911049319,0.170310515977515,0.731692155932465,0.153451838315878,0.535622036015044,0.186261001040993,0.662697976236728,0.207224605543459,0.32333913069401,0.272583979190204
0.921864074744227,0.168294798229846,1.00596398489752,0.174626637583377,0.727806967739034,0.208815331842224,0.365972692817722,0.275096301592678,-0.516098319928402,0.224972209547878,-0.879247474153337,0.0280829307509608,1,-0.999999999996178,0.396901865694615,0.394959897823146,0.469537864637683,0.142639821469683,0.723427097168305,0.138714446273843,0.745844376727299,0.142138773467122,0.654387029603422,0.154434968584707,0.569095636426734,0.254278841562697
0.926605548005062,0.168375239326035,0.769838306306976,0.143001782855112,0.81626129473066,0.201439081963678,0.0376465653899215,0.0729527317077724,0.175298129413352,0.173495615372625,-0.836255684280439,0.0364940327541792,1,0.999999999487145,-0.0884286202245288,0.405556275237801,0.598851054002001,0.138665643585211,0.719522120678544,0.140291457223621,0.660468243832694,0.149074390750584,0.485929192831992,0.186410380824064,0.738963833739045,0.166389262205797
1.11264144232585,0.22679598236966,1.04984731861769,0.171496804144331,1.64792730505135,0.433275529018161,1.83923831802387e-06,0.0603184203330413,8.35645580822252e-05,0.22792766932067,-0.912820277805945,0.022906198909237,1,0.0479992103582923,-0.598307198977679,0.507969974131758,1.05528743902876,0.165963395963536,0.840679798964709,0.157617511366945,0.781358332181552,0.15127392208752,0.874316293564037,0.163758361730955,0.817021276118999,0.188005974256751
0.524689260921885,0.133305186414356,0.871846250908846,0.165407401034351,0.540041315939759,0.166981767995001,0.0481987540701692,0.0862670953243097,-0.161336042368567,0.148825824949429,-0.814299880392928,0.0542646515525224,1,-0.999999999854797,-0.37965273628231,0.305136057041108,0.442339351962869,0.16301337280524,0.612650769345311,0.150832889360021,0.678991197967374,0.156556712127338,0.459419321789413,0.196312617781013,0.209104507968483,0.297885677657182
0.944606119893039,0.194446028154091,1.0453072298674,0.161146752563612,1.04023308150491,0.278870147230926,0.00493295244946382,0.0322679441168237,0.0716339099066453,0.228007053584222,-0.923696804248284,0.0183402136085581,1,0.999999680506579,-0.154165544071906,0.424556831213977,0.660786647844657,0.137443422026719,0.779189488306957,0.138265424236187,0.792441243688879,0.153219370627103,0.685350816148204,0.182166862930815,0.990102239466633,0.218880693291545
1.14816833722525,0.219651916036724,1.20127548006775,0.208612239705219,1.18950300722442,0.326909279157071,0.466412416865829,0.316094810221542,-0.510099893788351,0.282416007564209,-0.927547665658573,0.0189660434406792,1,-0.684837304258719,-0.196379117399743,0.40712233436304,0.960640832429646,0.139980706314967,0.696426312484684,0.151115436651998,0.662508311236852,0.155844607630793,0.811938174385552,0.164237458078108,0.813504383934102,0.163637146888121
0.893982664787205,0.202295909822753,0.905751253983227,0.183491719113668,0.875959841604604,0.278671312303674,0.00887617861353721,0.127870063730996,0.00386075051856058,0.199970707526648,-0.904362607866402,0.031171189026918,1,0.0437841198395356,0.256200783600356,0.486934142957021,0.395889150125997,0.205457614882503,0.476265602813077,0.184317151377739,0.832786551443347,0.174196864957593,0.70310406077397,0.182014949463608,0.8201062940977,0.203967400921822
1.0919947639035,0.187408517033138,0.973873664420465,0.211868550781038,0.82097635961868,0.230103468345899,0.010264535489494,0.218580296687009,0.0917728517590409,0.186238024179307,-0.902051121471075,0.025341849677404,1,0.999722004069166,-0.141005370392025,0.418871896533752,0.667198084521146,0.159367214049591,0.822981898172218,0.154089564534209,0.542477934330644,0.169742064144258,0.63875262698255,0.172738857869615,0.580827773091021,0.180955960639972
0.921694971303776,0.199756459708443,0.936731641498139,0.161285458662517,1.36675936719851,0.389418233467759,0.0388486943867355,0.111081416428282,0.230427464840492,0.335009664182819,-0.928885007959016,0.0180516673516055,1,0.999999996198582,0.84300119885297,0.430122023786991,0.618078056602719,0.169059153494019,0.607098400690557,0.175992974279849,0.698989604726893,0.163825469294829,0.67485754268801,0.171830745135689,0.845363546948333,0.159128617031373
0.80647149396936,0.191953369100193,0.834539470243619,0.17361535086302,0.707629175236384,0.202808142222464,0.213350446745786,0.271621914688296,0.0515199841835264,0.161293849028794,-0.889590746485371,0.0301849652346347,1,0.132594673285147,0.19283130521689,0.445024100077875,0.743195892771622,0.169291645351603,0.577406544842774,0.158985050775995,0.508018671687132,0.179636501474306,0.524204221451994,0.205410325632502,0.682185509230644,0.207833977728751
1.22955619199321,0.203223403398131,0.99900008534436,0.177119085109895,1.12606826282687,0.286524467302994,0.00740839546591396,0.0383517668978325,0.09133651432802,0.238144362700787,-0.899207816981486,0.0227028790699899,1,0.999999990227968,0.366239235634885,0.478549928752177,0.668579642532043,0.150672977546181,0.681354155796934,0.139819575254593,0.611357553717899,0.15590040794019,0.728291627684435,0.165707318445904,0.556668447228455,0.194870276817123
1.00704857081787,0.182871520556414,1.02994545354673,0.201705643390038,1.12166749026285,0.33535106374159,0.275091886486226,0.347286574522979,-0.211155322977111,0.292512806015557,-0.882256782202765,0.031110259137621,1,-0.38012906447118,0.0310443950040183,0.378163405274005,0.792347813019768,0.148643737652982,0.438887069996234,0.179072512441565,0.697980274579126,0.160437018892359,0.555382482098499,0.17148671396218,0.47465488938767,0.235867392982921
1.00633402821014,0.188897259071359,0.982466320769221,0.168829472884229,1.00452456180426,0.279655421311889,0.011151401061396,0.198352987437407,-0.0666558710963807,0.223981316905142,-0.907120213927382,0.0210158355221744,1,-0.629786592200268,0.370781435949929,0.431916356109682,0.531215008285433,0.154506420611843,0.547548340661997,0.160105940386844,0.651074174988006,0.163524449171743,0.74861046801645,0.169157398923859,0.808627231648271,0.169272789257224
0.868810692990134,0.177126191479444,0.93627481623028,0.168519285531387,0.764823891947068,0.198527352864786,0.497562561094496,0.468417663332848,0.216999566711526,0.214068467129489,-0.91977297394225,0.0195498836985745,1,0.3517663531064,-0.201175582173216,0.419219624028949,0.781085459824401,0.157171828548045,0.893825692198921,0.134501138412388,0.718435098979971,0.180152275301668,0.556037628256569,0.179281548618181,0.653080069202133,0.216223401803245
1.25664089966711,0.223303290726997,1.08756730434946,0.180589222758856,1.62318455593516,0.404021488785586,0.028303869461728,0.0662929406835701,0.214341791939148,0.255011271777212,-0.927509123189559,0.0162392782353719,1,0.999999999871614,-0.503193279388449,0.486602900741885,1.06577842907668,0.134846058008524,0.824991587049975,0.128690159411578,0.923360411374338,0.137815329080515,1.22856132745153,0.15703471341518,0.741083888530136,0.235449299558829
1.08515630114152,0.145591098393792,0.787483716508044,0.134939049051663,0.630386146047348,0.17399650524297,0.0254676170204862,0.0579135776695686,0.126706088802622,0.145731581492391,-0.87445782188131,0.0281941470400664,1,0.999999999909802,0.508717446505111,0.287286152208825,0.729246625567994,0.140267684163446,0.383140954833902,0.166289986958452,0.246943744156559,0.181881553302399,0.50655708750175,0.170919905427874,0.809601489451092,0.161488247050155
0.968460213460617,0.160370841986033,0.993564850106491,0.16253253286853,0.658433455971109,0.182056594795593,0.121851552754354,0.223561499493547,-0.0757291775973522,0.159613075872368,-0.887485185142106,0.0282770168414559,1,-0.267357124530935,0.295544247766532,0.386455605357561,0.759550845933566,0.13535390124933,0.431507006779877,0.168998301831157,0.595034273265088,0.151889889363381,0.612061808567662,0.157129650624958,0.751539394709843,0.174597578449475
1.12523298299188,0.196198370585951,0.815052410938101,0.158034335514495,1.08121456154918,0.28998592499548,0.0835689766224194,0.172809177147281,-0.00151951129562327,0.222546633103952,-0.851931180753182,0.0313842392640832,1,-0.00505504991032878,0.0716288244087347,0.430424486326652,0.603472038841957,0.153017400126537,0.760822686055221,0.142650993880698,0.69125205175705,0.154619112401724,0.6996265592841,0.172935856480664,0.640526828687025,0.193906947227615
1.00797850906938,0.201909281093102,0.792282114733352,0.171819964656119,1.34000940567755,0.386207792313622,0.0109337352470339,0.0460970632149287,0.121042587541794,0.257141783748463,-0.917189685317306,0.0196306030999037,1,0.999999997563327,-0.0799020578356772,0.449823509759681,0.703272157319342,0.156552312047579,0.794457001928079,0.139787051112305,0.501169954802354,0.161792548447998,0.731926744332262,0.188686791905198,0.825370933322109,0.195708629361831
0.800323449750439,0.135844944329685,1.04230645150764,0.162799721424846,0.56584630461135,0.145956421247669,0.13920235464115,0.187929146691649,0.179643391624035,0.164832183534337,-0.89709724814458,0.0232480124998861,1,0.640086567000917,-0.24568111101044,0.267979338009521,0.515580438145554,0.153176763943842,0.566721562260957,0.142258885007093,0.619693484846749,0.144158186577879,0.565721745552887,0.170704359374067,0.579578425460591,0.1653961665299
0.8002158497505,0.145952899198029,0.931275980740134,0.143829107999895,0.686330732300957,0.174789121724924,0.0260158699171663,0.0472518281063395,0.133624440243558,0.12553146162677,-0.878477027559182,0.025126632587891,1,0.999999999403798,-0.233353166073,0.34103664521335,0.733962569822721,0.137417103299013,0.55288699645934,0.137109190753463,0.54845536710011,0.141299441734553,0.718882862714772,0.15051340650457,0.699200788555901,0.163834598446111
1.14783012183033,0.197243229241682,1.3024105932656,0.161416958006299,0.971348519448865,0.256653204131454,0.015722742224309,0.0718646260622384,0.123580817799964,0.200148630945398,-0.905267655285753,0.0242315887361011,1,0.999998564286636,0.272921894319114,0.420876164833854,0.545977126907368,0.163325707635791,0.829053024774583,0.131703757083931,0.403503063264339,0.171707529495393,0.819227042035118,0.171813560789225,0.635067004104343,0.190590616093714
1.19004397771981,0.221246345286522,1.17891178062296,0.22269927022805,1.31528041923729,0.383543464773265,0.017838737454009,0.0660044403669347,-0.153176172267291,0.281293476079118,-0.90884034352185,0.0244833235823784,1,-0.999999950417256,0.391266355083245,0.438113631490213,0.781142986948596,0.141967599194863,0.664707416296457,0.144281009367682,0.917491194778021,0.179908753891526,0.701605551342377,0.192709173726635,0.68421243149679,0.22406362895053
1.13467705260266,0.236724752020244,1.30608129345374,0.21913166499857,1.25811909717138,0.396657678332772,0.309416620656079,0.261865443479132,-0.260758937670515,0.272931398331252,-0.892152036455471,0.0299334820597202,1,-0.417932848001011,-0.0884939348423331,0.526876424099049,0.915408434091605,0.152715338661071,0.901278670498259,0.158913639822692,0.797011447566863,0.176722837116812,0.881142413836247,0.215270308945367,0.773806575863072,0.222355285845892
1.21598538924654,0.199981016376385,1.35305048393147,0.224314316661557,1.04170439725376,0.296708711110419,0.543142058154045,0.408702171311634,0.368767696742586,0.271100681518256,-0.893296111005046,0.0279093701725325,1,0.490257115048476,-0.170597710958301,0.410830960626801,0.97985042162851,0.147408381085671,0.611192380357462,0.172193541265882,0.753276710540108,0.160855604571005,1.00040021876759,0.158008938656039,0.603623204303025,0.210510838080309
0.864448435167121,0.205128783727686,0.974768008216615,0.174380253175794,1.13430216637826,0.328241392686643,0.154753844853257,0.216201801815373,-0.223602252384406,0.218176505398016,-0.911223481980861,0.0257352551900699,1,-0.533692462612686,-0.412686433541666,0.423917809358686,0.730506962969124,0.150511708165174,0.620919353074527,0.159923555697352,0.51327616506371,0.176974406556452,0.778663730814139,0.188913085216773,0.46373099143807,0.256905342066808
0.87545217091962,0.175728390331645,0.934850953686096,0.158521269434039,0.882360460923834,0.246725829416419,0.00312255010091771,0.020886282538388,0.052490139336176,0.175663508319769,-0.899884588475098,0.0248200377632964,1,0.999999996593305,-0.249656138301624,0.395698591115915,0.516878030474902,0.172437276477828,0.783119825516447,0.127742343966093,0.788087941369898,0.153404473514066,0.490796023702467,0.198262531449968,0.601123187980971,0.199493879752088
1.11672938311849,0.210736387871958,1.12232970877806,0.180604982195798,1.05402656138912,0.310357345598431,0.31118223897291,0.29831507968361,0.0911447551376051,0.268084467966598,-0.899225966191779,0.0289766480390906,1,0.159147017567438,-0.000440447487151493,0.518066387360022,0.427382052016838,0.189347362397931,0.78885768746817,0.16082526005991,0.44443751808281,0.18821556654366,0.550729031513394,0.157487683070684,0.980362104390025,0.177802541885126
1.13582653435305,0.216179613751362,1.12577684984879,0.210665501003489,0.954603328078226,0.322940928170307,0.0920634286651224,0.239600806605817,-0.296452282335483,0.215237822930828,-0.892562831247515,0.0292606837186085,1,-0.999999432797399,0.40366373885499,0.471784045149783,0.607480692990335,0.169679595583137,0.762779945109814,0.147011978302754,0.68249805776317,0.183620541058863,0.612353772910597,0.232801003011668,0.595598307276287,0.221141968044523
1.12608628808353,0.196392577485224,0.871205144985571,0.139833811442756,0.835948409503173,0.225796214220144,0.101184903401309,0.218000033819439,0.0693645699025605,0.154263413561211,-0.893413376809455,0.0260325780307674,1,0.238500942247674,-0.136370027866609,0.360469623688508,0.724803219563121,0.144447440662116,0.61065747016656,0.163394169444113,0.726275084616403,0.157844819506143,0.589295264315206,0.151564343101442,0.823320686300612,0.193160634789039
1.00527158570957,0.178599480252081,0.966808527953937,0.174706121410059,0.817671633149259,0.263291208174323,0.0693752943592126,0.22417817007819,0.0226326239904469,0.164766199952557,-0.801206139677568,0.050532563263031,1,0.0950261257275994,0.311091879920492,0.354614794006572,0.654818125260835,0.151386649755467,0.630038381457487,0.172055494905896,0.770002235542585,0.156223343272799,0.175904934560639,0.225265571996631,0.231721849492581,0.260236337888933
0.956763316248712,0.2207176956693,1.04016332273825,0.251234203247795,1.24086245573788,0.440695642600523,0.699890104037112,0.525757634986086,-0.235255257220751,0.327411534025877,-0.908391995857472,0.0297957054097559,1,-0.252442567527629,0.133497719431231,0.526251149956587,0.716137117236739,0.190625610370285,0.609065519568167,0.194478645668939,0.74102575160556,0.173617258945579,0.878959977130059,0.196408491331732,0.8576105665191,0.251007642981887
0.936438492690485,0.151990391751844,0.872559680099991,0.150554871829587,0.552239471548402,0.158652066075908,0.00225804180348127,0.0164511416934126,0.0353126010923721,0.128394163068188,-0.841944542398021,0.040661934048127,1,0.999999993432254,0.225494923149128,0.393410592726624,0.48074789706639,0.168714324913406,0.465665964710236,0.16562238050061,0.676565398890199,0.138667119495496,0.6742218895855,0.185761623593177,0.422158970397513,0.232280303657414
0.793799560827044,0.166706028645326,0.810405798969896,0.183698223563726,0.836811612199703,0.217032377494626,0.00391389641035048,0.0259326761939256,-0.0572293070913484,0.191043711093229,-0.882139406510217,0.0279216899422971,1,-0.999999942755732,-0.0870591356230293,0.405660695799643,0.382416163563734,0.161278812685403,0.620736593192642,0.134603716630651,0.798566573910616,0.133009648791928,0.41363018958193,0.195043323243118,0.617984257317855,0.221052016155946
1.17661864711921,0.233192576517511,1.16573054533557,0.258516560942009,0.957860615848989,0.348263172218069,0.442796202987612,0.369166583624326,-0.206960455371462,0.204092359099012,-0.9381578772011,0.0195713138120629,1,-0.31778564018901,0.126341395771174,0.37419726935461,0.931224292273228,0.168240843676299,1.0036953535519,0.169136734964363,0.515017462300045,0.223190327724189,0.736110719964924,0.224458223907852,0.991948039158244,0.218963985901558
1.04493600559655,0.230557165863664,1.27292512981454,0.212213981946991,1.61971469537863,0.482125149424892,0.0144100165274773,0.060916949631223,-0.15277472122174,0.325751731398178,-0.904526711050506,0.0277482906714535,1,-0.999999998161457,-0.0260590052811179,0.503357321263263,0.882192465231443,0.168619778015701,0.924545289215796,0.147214891478758,0.574512056908891,0.206187768435232,0.442612139691611,0.225975502038229,0.692717964348714,0.204122695862292
0.994687651301412,0.192305331620242,1.10611775365566,0.203339182802196,0.876141663070261,0.244358283714978,0.196897383269248,0.381889250637399,-0.323139665151122,0.223452331959684,-0.897651872877429,0.024676282018996,1,-0.778006332644467,0.0972257033682946,0.420606593722407,0.555087304104059,0.160871250333093,0.803976565343356,0.131556673089496,0.632990421485578,0.167255264955119,0.643273914878349,0.191729469151646,0.669416934188553,0.212376013007038
1.37711654779521,0.254125071942798,1.12987560851005,0.237997917971942,1.20569404822575,0.351713004203986,0.882098697509693,0.617088665671566,0.35009734055357,0.275855238084356,-0.892204025156654,0.0282472264157598,1,0.339478021804411,0.144767434815317,0.535735161535956,0.857104090029467,0.1405485970253,0.866573420585879,0.140890026729687,0.653508323409793,0.199673202548034,0.650422791095225,0.215006258091849,0.844756984481288,0.204163834732509
1.15967364755803,0.217752558610811,0.799519516157168,0.221709121665837,0.882117546161968,0.278272395328003,0.531066832742405,0.45013083136727,-0.166704036896168,0.216997141149739,-0.888476537404686,0.0341501314603903,1,-0.243561307640408,0.620727156011512,0.498231939120581,0.783291198458635,0.159384083563525,0.966162721045334,0.152019284547159,0.804087706636097,0.167361438826557,0.476917613362368,0.246988973289441,0.295262197964269,0.299590594858529
1.43666894899915,0.280579891709017,1.14355855268643,0.227617603848845,1.23089060587825,0.422491524137922,0.430531547532108,0.342157880608236,-0.251045799982516,0.267991913940598,-0.941583697863739,0.019412683021249,1,-0.344858346295474,0.737511956478067,0.476747141358054,0.858650695733029,0.191151863853826,0.658483735856784,0.181655188868262,0.766790955958346,0.196302374535107,0.749964960608067,0.203513025729585,0.997146489892892,0.209912692013458
1.22684590203074,0.264892970639397,1.16868452356765,0.232507205910515,1.59951730975244,0.534006357669997,0.798679991097222,0.513585508410687,-0.327851998305767,0.344600113471176,-0.905890443948415,0.031130348881109,1,-0.290066089927044,0.00125090051170793,0.600879777511322,0.66958855025555,0.214201752506849,0.876845289028491,0.191248657467232,0.776310386787599,0.19691298734346,0.976191840918766,0.174094155964541,0.925813387501851,0.209876436810815
0.99233069775144,0.165167923388192,0.782208243256311,0.167071594817661,0.795578553504053,0.240834947087963,0.000234061308342751,0.0145291657364139,0.0136415670430793,0.164477869869204,-0.912586226425906,0.0215252655082199,1,0.999672888305202,0.107343866394207,0.332879504435464,0.713332731344225,0.160090470257994,0.779651995502195,0.135601826211337,0.721255318628317,0.148255056281172,0.584629771734193,0.216199793507582,0.307101871521318,0.29432247933161
0.993312015127234,0.161293138884088,0.853482304237907,0.149292485389684,0.811193520474416,0.207040747787007,0.005329064253878,0.176963610194532,-0.0657443034174397,0.22031832681573,-0.889309276894946,0.0248107737287336,1,-0.999931876653526,0.383177230220858,0.390559142765217,0.428025784350991,0.167957955387018,0.524190415428657,0.138431850655491,0.695889411495624,0.149518098992246,0.454299099332285,0.171517470559174,0.852015242768559,0.162378983504713
0.884131042933259,0.161449168564424,1.05609586536202,0.188661173876867,0.713246340856808,0.207943086899446,0.513695837044483,0.414173432582175,0.589926816295003,0.230095141536842,-0.906575589216071,0.0244618457804873,1,0.974597603356992,-0.248457047830946,0.344138605682834,0.741777033292719,0.136432975765691,0.562557587524842,0.158473477930448,0.720722150860615,0.153501220202513,0.697508272582485,0.199562133534651,0.420017465938905,0.281275450272857
1.20602630172604,0.194580005677839,0.972881124544601,0.179450863129765,1.15396529001776,0.318261078256388,0.000363285748878285,0.241678149848215,0.0159319624170138,0.23410784962367,-0.894003094600518,0.0270242440371351,1,0.778123836750437,0.407409689712413,0.410278104849021,0.727077895676865,0.136491240515363,0.527041924904079,0.171889091485088,0.855365343404744,0.169442920120943,0.32749414297972,0.23201328305513,0.875289992395339,0.187499068134279
0.953273863371561,0.159799459947899,0.838045747147547,0.153042028505845,0.592901868134705,0.152382835914824,0.0135755300785603,0.043323571242321,-0.0897159780171162,0.142354905156034,-0.882968707412792,0.0282106541099712,1,-0.999999973106478,0.0694525007043109,0.410591765851576,0.510150667315147,0.164957536564431,0.53453301434534,0.142973602837575,0.659964874523845,0.142072638961275,0.448367942641972,0.174596824867564,0.57196644142881,0.214061711610174
1.25889610807044,0.194139739266174,1.41535361263429,0.200102457823197,1.31023524649315,0.34756758632199,0.0458336293762713,0.267422169594595,0.0585664283708947,0.247532785518714,-0.917564777448632,0.0219833634928123,1,0.238991236563532,0.138366226076627,0.48629438578564,0.845122990734583,0.168978504063531,0.746327258771644,0.158209479457674,1.03600760187704,0.163693575646962,0.908603034270256,0.190358825158641,0.911800173802072,0.201294604940316
1.07654631289663,0.194633926314737,0.789909571730599,0.172144929463337,0.665832086053492,0.199929737685428,0.296348058634919,0.330397358963711,-0.217043096738851,0.147308295814686,-0.913918876305922,0.023319817919354,1,-0.488610250917145,0.144180926576512,0.398427034275786,0.703107984016398,0.132690318629977,0.444044569770746,0.171523542966524,0.753206627985724,0.162356914850761,0.817541150611029,0.170672530491127,0.706516265655473,0.199843713824684
1.0243878007532,0.222137295594676,1.21500892172488,0.235518494547276,1.33211216987904,0.41365082301419,0.204190834848031,0.231840147606014,0.119245197538181,0.346780720064437,-0.912913713265121,0.0280820034906236,1,0.228640087157197,0.180149995126824,0.526221031895485,0.793264215696867,0.170723625756407,0.971198736391687,0.152885121326804,0.777093481955499,0.191364757023237,0.780443985051048,0.202611803501548,0.702545243657259,0.265287804323844
1.07924379710926,0.180436110627795,0.961943719824463,0.152708575006632,0.929412396571893,0.207769882996551,0.00723946603023219,0.0302471532275547,-0.0820271264044307,0.173356493185391,-0.879182732081709,0.0271488476115191,1,-0.999999999487961,0.232564107657562,0.385943265103242,0.792575199569281,0.145002351868334,0.642890132496183,0.132111775894306,0.8194440703523,0.138590228873441,0.561791545738411,0.159249328766644,0.799018669026747,0.161393247236998
0.93943381145672,0.141187805037289,0.735158171982621,0.131431841281603,0.478863207516245,0.111001378785214,0.00208385827067397,0.0141215292366251,-0.031589285102306,0.106649018813017,-0.851639257600989,0.0271368781392974,1,-0.999999938755636,0.419210773432167,0.377533274868693,0.490817437461697,0.138694318866442,0.683668002166119,0.123564961855909,0.327638512897912,0.158227686091493,0.655336098253272,0.151350586491872,0.355932682918274,0.193751719935466
0.862899810696109,0.184311128804013,1.32884808949552,0.146170306031839,1.06782636124951,0.28981402683263,0.0798002900527987,0.171371261981603,-0.179149740417153,0.208693005843104,-0.909169020563126,0.022119153485996,1,-0.613710606772186,0.113951788435074,0.433989130335621,0.620941831728806,0.163765644191381,0.515156956820842,0.164422572031879,0.899186822449424,0.135625410641473,0.670245422447836,0.181124463906337,0.797621833774504,0.190090383311074
0.758249353770095,0.159404386104997,0.884999107798299,0.169542998700513,0.771115281713802,0.232888332976252,0.0020806960481831,0.0201010255874534,-0.0400556667633371,0.194006388409762,-0.798566659849594,0.0506590204175502,1,-0.999999975225255,0.958366895970172,0.377806875610821,0.188835863435675,0.185319686458839,0.443011539386345,0.155530342779506,0.532209719183292,0.162540454679611,0.50670976563793,0.166817077279565,0.775365575867068,0.188166759100053
1.05931851307521,0.156226043087165,1.03235655168776,0.158583926242719,0.830581974970171,0.208706912689273,0.132172783885036,0.15644329540983,0.331331151380157,0.207887200706473,-0.816627516866274,0.0374262195948439,1,0.999999999992539,0.705294323085333,0.38171452378477,0.369636915085024,0.163643778675975,0.506648704915585,0.142321318938962,0.529542760553566,0.149805489420232,0.707402493085392,0.169732920749543,0.771353266409777,0.18520646859599
0.996127844942489,0.169301649861318,0.978957549789657,0.163653961866864,0.796907963068403,0.238733138128688,0.11090349869677,0.228447002052283,-0.0816864396124955,0.144134932475623,-0.884610136908885,0.0286879560328803,1,-0.274772497034055,0.316241129737969,0.349436295590488,0.562526553865006,0.175446978790222,0.500756268145383,0.158157247596528,0.660488243065133,0.152589124073865,0.831443216033624,0.163046430471249,0.476313320516031,0.225824946792556
1.00108135133605,0.189711886765507,1.06432938829847,0.196767938708642,0.966031644049394,0.26385695097996,0.246825377864729,0.380920249481951,-0.154061868813111,0.22770111320843,-0.937798216730828,0.0160422822524241,1,-0.315503789597893,0.0845623550988159,0.463553773691268,0.8436019547145,0.161618205036698,0.59710423133697,0.168885125851181,0.674655607992044,0.153619099345862,0.762782538563538,0.156795800897533,0.558001424501099,0.18996039635154
1.22596341464023,0.225507569066082,0.73980127543964,0.185509615760892,1.04939997123763,0.268881590812534,0.493164462626158,0.394802812749563,-0.306475548037011,0.234624013098151,-0.91228423330648,0.021249550936607,1,-0.426019442216154,0.584871591918377,0.455721189320688,0.709444549431486,0.151426093354042,0.689867369714415,0.152439134082393,0.543264782481943,0.166080080525323,0.785224398974575,0.168342034938956,0.831983089067601,0.196927333833264
0.8929553694114,0.167020598042581,0.944302950973797,0.136731406735334,0.824104846825673,0.231884676954573,0.00189616774546381,0.0321278611463658,-0.0395294244482421,0.173685914190131,-0.86577310847262,0.0327621127177015,1,-0.999978999363935,0.191623242819642,0.402736952196938,0.579832410902287,0.155581353625758,0.468620494586574,0.151691244411764,0.605880728465169,0.165835972891844,0.845839436788519,0.148889293087331,0.791647951563416,0.196189327810383
1.26478089689904,0.232472189358209,1.13874229014646,0.23024060065704,1.62704524671887,0.485917902578351,0.741338893825357,0.493971624700028,-0.46455542178793,0.354601406744115,-0.939012910647603,0.0187680864577695,1,-0.422989244926012,0.179068403798001,0.542098565315646,0.697712396918625,0.179927567015484,0.660804864885206,0.192398581118267,1.05280499618003,0.177884534909223,1.0948727686756,0.184538464407192,1.0571825999333,0.175176058275051
0.695936677802467,0.180660716163771,1.11168718850805,0.199879198120938,0.95981994816301,0.270853154637388,0.0146786704008381,0.0556934177499562,0.118696590772372,0.227490727880608,-0.920627939958587,0.0208601436727734,1,0.999999999920141,-0.605929864684003,0.383895369208531,0.475131820459426,0.168624389260975,0.967008741613626,0.146471373901658,0.539149193269388,0.174069630972993,0.700425317952123,0.19834514636449,0.667920778433271,0.222265452637602
1.15568645202472,0.225504884981121,0.991415160545944,0.212299586443975,1.31070162783148,0.378382356357186,0.137824795406507,0.243506988632951,-0.157652996736153,0.235729655510309,-0.899652914632751,0.0286473262679427,1,-0.370925450467425,0.119525636115719,0.547108171429374,0.853984116569743,0.187166323507256,0.9151456669098,0.132206844283169,0.803015491314913,0.163874266974226,0.770194381651226,0.186307219321993,0.815024812873286,0.210822345910164
1.40312781976457,0.205147345311571,0.888631747803785,0.160265889537569,1.09459972694531,0.278954498613833,0.0767350051500367,0.113433311255633,0.289817383278308,0.218262506964474,-0.92653646399052,0.0172978880178913,1,0.999999999797062,0.636789497233328,0.463030030572359,0.738936555745548,0.164609081053885,0.683433052507987,0.157511203444417,0.807567648037809,0.120207583875254,0.755143664207436,0.173811388183409,0.741412672933409,0.185226498759716
1.54730398773586,0.237063154421716,1.06048565288971,0.19242774792399,1.16614485116686,0.366791926082571,0.153199688913858,0.268434400508171,-0.255103205301891,0.322810219240719,-0.929258416487059,0.0196115563752559,1,-0.603546483889016,0.652462475969,0.478371781683308,0.823549002461599,0.180066822092588,0.712256414537907,0.164325684361566,1.11102173773437,0.164096960891041,0.606320235212143,0.20992041896457,0.775442395106705,0.215327533056678
0.954128011289723,0.195156125370539,0.909708542256833,0.145318874463205,1.04798527166357,0.33537423716877,0.00172382086379659,0.0155302063566328,-0.0425033912485473,0.191164483201802,-0.872251361146889,0.0391191162499142,1,-0.999999831551326,0.522631109721227,0.422185481214352,0.421049772842988,0.186322537089189,0.643638106009861,0.162291543112251,0.643286755046195,0.181300931326373,0.676250170518511,0.209513651792285,0.527419261508805,0.203522348675817
0.988965562955857,0.182918290253436,0.91853629702248,0.14745812721853,0.958458001157688,0.253501710830867,0.00591642852283065,0.0762858491204881,-0.0753024804826783,0.197881377625481,-0.894560964876264,0.0259628676695496,1,-0.99998371520892,-0.95366720887376,0.415480166766722,0.5657024985483,0.162710375546115,0.784858198655114,0.139259511444705,0.629359730424138,0.141901845726007,0.697453066422305,0.14938819743988,0.376773920128037,0.253397102717664
1.04182109227629,0.183834452556425,0.944264444950321,0.123913118462882,0.907920387137371,0.215356058651462,0.0334053798750838,0.0562826448853429,0.174153452953165,0.149715821992894,-0.881051423075162,0.0268218204361514,1,0.999999995826716,-0.141860205919401,0.410904734195112,0.607551544142852,0.15074505199782,0.57701253501915,0.149223501359711,0.587503996533392,0.136901298374917,0.61857944446385,0.157806474049642,0.690016562504831,0.176635372060848
1.19366997348268,0.202666809643228,1.32417118690552,0.207261872319466,1.25207971639871,0.329450963637596,0.276660694704276,0.272953966747194,0.0151667106570588,0.289487086423572,-0.917489594220331,0.0222320082145002,1,0.0257692441354223,0.2094909530887,0.448500916467377,0.760744204250491,0.166705652925973,0.946311130408817,0.141982710474336,0.757277726596417,0.155181247850946,0.833509176137601,0.158826579558893,0.555715549463622,0.189210731847257
1.1412975215284,0.208448429873681,0.754203797313136,0.177048806640455,1.31382119010586,0.379336683935549,0.0503503790078355,0.109795400912309,-0.257199120446366,0.279270257604161,-0.89668713821655,0.0261257443568435,1,-0.999999944733052,0.0366323014412636,0.409913409237745,0.589852971539063,0.177525144798596,0.698472363827389,0.175915297934854,0.713927336148186,0.158790290088144,0.720396182747394,0.183899472939458,0.58989563423805,0.166264293419427
1.05589241141378,0.180096729408543,1.00642475728582,0.142652696287739,1.04842862380797,0.262309557478438,0.0956197716008078,0.125263142331825,-0.316623602251149,0.220522712053696,-0.928872873208192,0.0154230361820703,1,-0.999999999771706,-0.0380567126055671,0.439523654175562,0.976814977620154,0.139278309864444,0.64578527550708,0.144446676058973,0.638716355713107,0.142145050615297,0.788662257173852,0.136145266294107,1.00905810589826,0.172928728797792
0.992301893141534,0.217239497016661,1.39031387592142,0.235132290252553,1.18877261590813,0.28958483620602,0.58467229273266,0.491697531652251,-0.169835584100786,0.282834902542552,-0.917546104144243,0.0207992675414801,1,-0.203715013180104,-0.370703568747722,0.496495400959392,0.796137470716353,0.174821941777499,0.711977458631985,0.161216418610223,0.890948308608593,0.142920850561553,1.12802616873047,0.171484976055488,0.871243316867581,0.22615062327677
1.15086474803225,0.191412924656151,0.952741255536599,0.140757213005467,0.786717900409143,0.241370378029892,0.322973579478537,0.236133100578162,-0.504072510989101,0.227162596877631,-0.884861619765189,0.0327609729948669,1,-0.999999999999758,0.286834509910051,0.376185275965204,0.821312047713199,0.145565848181902,0.574948347331418,0.171948514838995,0.729736888112008,0.159165975654009,0.685309810920854,0.168100117706101,0.756393256781351,0.18213147711743
0.8301146183668,0.155157689633016,0.909518506391667,0.139118703750772,0.60859752691455,0.163060631832008,0.00577547929022703,0.0267098060827607,0.0592869478850248,0.137871687971737,-0.831058256026727,0.0371290429271491,1,0.999999968241765,-0.181868084492272,0.374961621092567,0.592495904320842,0.138251447998067,0.535463266873434,0.1500553344779,0.380238402507711,0.170131138798566,0.641286633074129,0.166318873127575,0.467248504466048,0.208347441255639
1.01815334645339,0.19073215388574,1.06673826398132,0.19093403358437,0.899692822265049,0.264104539602337,0.0251748458378969,0.0693239785046743,0.150497932127695,0.206713393374469,-0.899315643066622,0.0262096276117832,1,0.999999988360231,0.495945043488672,0.417149543526364,0.540382863830711,0.165369848496196,0.607553704990759,0.159168329759492,0.94065854787406,0.14728807221551,0.624365866581108,0.173433684695747,1.07545083000422,0.195588363577292
0.966728731117354,0.165862548072408,1.26628756775041,0.193409161902066,0.931540185895775,0.245645095859958,0.00481245698499646,0.0303709303764372,0.0669551870518215,0.210092174450399,-0.922528344198407,0.0189590896082309,1,0.999999999857839,-0.292563115848586,0.430294942088897,0.65034745859895,0.156829825937541,1.09689190944754,0.137174007111385,0.59686705008584,0.17098534598936,0.578011113122573,0.187937572727661,1.0173301686643,0.175693205987978
0.905712437500054,0.205245033965462,0.922567447590834,0.16824179340714,1.30227516686555,0.353147692062649,0.00280418295153806,0.0201682230764023,-0.0604302722446146,0.218987952556417,-0.888197894459387,0.0272880628541478,1,-0.99999999759332,-0.187393587014007,0.438865387140959,0.643708920101018,0.15738036237529,0.591732174300521,0.159322610280038,0.379652336358509,0.182250926992923,0.688801421764636,0.163648818889924,0.834756002474991,0.177722637929859
1.14003526725507,0.193126448542145,0.736419834474269,0.136473460978651,0.785175902555072,0.23462657591881,0.0537398412623018,0.17993330495887,0.0425706946680109,0.154892245444739,-0.873205440658444,0.0329510657807866,1,0.207242616239951,0.03368719873437,0.459819181670828,0.688727860013281,0.155788205194544,0.413893731061867,0.151650010148564,0.674389565793997,0.165169930694286,0.438162566922518,0.199509242500067,0.65547693366567,0.203656124314579
1.02271776366875,0.18649295666204,1.10850723564124,0.170127087607854,1.05099493885727,0.310186189852056,0.000356069241970692,0.00677614498245972,0.0193449388476665,0.183464022309375,-0.890221263110496,0.0318598228541426,1,0.999999582908137,0.533958630293754,0.364449227952948,0.360065977208123,0.193993403241586,0.690455789664318,0.140325973625802,0.797206644343736,0.142236167524457,0.496750876384987,0.215557607271777,0.776065127639809,0.212892153398036
1.03007064484373,0.167391637979334,0.920648391855218,0.173911941199851,0.682219579498915,0.182983403529627,0.203654775588162,0.175569491848214,0.372742907857201,0.177434173538715,-0.897784677991446,0.0258525571242999,1,0.999999999975312,0.0549145204966014,0.336178829246848,0.622241928334862,0.135309785935167,0.615440747196778,0.136426317987556,0.628433762707303,0.143250884868077,0.821781801001332,0.160856663461648,0.372199524020396,0.233585951211266
0.698836580738849,0.157849940924268,0.883591450229157,0.136729059621681,0.759442624636746,0.210140821543232,0.00488549364386301,0.02350492613985,0.0609118299472292,0.140642066767348,-0.888415569191489,0.0276643726451444,1,0.999999853376355,-0.711704844543459,0.338566839844913,0.522562278421189,0.154125573222195,0.768406288786598,0.130463186820906,0.79508470684727,0.157100058595029,0.603678025465781,0.187511163082535,0.605797738121853,0.196221507415966
1.06300823235712,0.179389984960528,0.91453010492462,0.173027871102463,0.945118152669004,0.273083811340507,0.213363629509089,0.286582518316919,-0.282399330164109,0.241478363695242,-0.880931200575725,0.0311301052596951,1,-0.628869330028655,-0.0639295315412363,0.377023361494636,0.687240448289751,0.146985459179097,0.586175122022277,0.153825787456237,0.796857426384948,0.147943216613592,0.785149875743037,0.186073694173051,0.78982022484301,0.239079630773087
0.767024897213154,0.150434950170228,0.824408050890963,0.152015063761781,0.638553666391581,0.176450543565698,0.024723542229076,0.0506461090109236,-0.12564755682674,0.127858692357276,-0.805684338872073,0.0531438344112981,1,-0.9999999999989,0.49440233324002,0.388178483303717,0.449413989129755,0.164865606356491,0.472988831956633,0.154427075900159,0.565716118646194,0.158401571264814,0.488762137329006,0.205066250122615,0.44715970318406,0.206794974885458
1.0714388800407,0.166080895045433,0.895456551602523,0.166585856328874,0.800002748542878,0.243614696427732,0.000877307863589144,0.0171951833173212,-0.0264917835937702,0.155500862175976,-0.897767912771626,0.0264735917559945,1,-0.999975703720302,0.432987311824177,0.371078270055298,0.627233450908881,0.165434469795545,0.732931938870003,0.153861828258026,0.445461098204549,0.145312209477178,0.708999453998171,0.190427434033636,0.644459419866862,0.254454609406594
1.63261756131748,0.249784836558199,1.23886805413902,0.216470266278473,1.00382813927387,0.283138180142961,0.710673947736017,0.500105036843503,-0.585956788680023,0.275498708634699,-0.923859186479164,0.0203226865510623,1,-0.69374634779806,0.955882275986052,0.476758366627152,0.729965339184121,0.165334189857213,0.8417780800667,0.148681987332716,0.822729849737411,0.172882443152995,0.744629244988896,0.160191040529226,0.507738408501201,0.244358147455412
1.59139936742851,0.323015636075028,1.19445238776346,0.263139464952977,1.48609403163345,0.493658331395956,0.87348668379162,0.624475862634201,0.0190834740062294,0.320977814198329,-0.945952578099683,0.0171030924996371,1,0.0167496658867402,0.786487555153025,0.560633196192165,0.564476901279844,0.213720426233205,0.896327343550322,0.165927840267519,1.00073405453322,0.188161664416455,0.953552501004393,0.192349115770912,1.07885828142584,0.226644781708488
0.954161106172122,0.164239764946663,0.831080733103769,0.174642584967457,1.00902997565923,0.278339438560803,0.0144791950017712,0.0514317923305612,0.120871592090112,0.217318734830876,-0.879492241514143,0.0321556377381599,1,0.999999999801364,0.0932925014491056,0.435321066626995,0.576459365116263,0.172223393542778,0.777906337423171,0.144083215836047,0.728979886486054,0.130791159991568,0.600496611702988,0.184197246546035,0.56406814248975,0.23213825589213
1.07545492028404,0.214617923988522,0.997213421614298,0.216106206988596,1.33210404386885,0.384036634448342,0.116862827842006,0.154257929438137,-0.39455474340732,0.277574428829411,-0.904972064775246,0.0251655812403804,1,-0.999999999996564,-0.209754233573901,0.442004101014956,0.728854311473913,0.174414885819306,0.858636349533842,0.147443987725928,1.07214675327852,0.13760530627412,0.368365227083594,0.215766368139797,0.975521380562931,0.193304649568329
0.654329672753374,0.176491546484036,1.32722966330763,0.194801789872705,0.838839113983193,0.238155062895652,0.000550345403515947,0.0106839004435447,-0.0214860704764361,0.208769182442432,-0.927350773608821,0.018351291175965,1,-0.999999971675955,-0.47233238709918,0.495187569057768,0.739754051541752,0.164172463883077,0.71674538092234,0.163867516510067,0.696282052786784,0.159633903158155,0.654746538943743,0.173826654234905,0.643490822006901,0.175253036035693
0.986929582688835,0.173480862435996,1.04978211485994,0.142942869713982,1.02310684468439,0.259214559692206,0.109908446858424,0.142286469307272,-0.335332794799369,0.231866571758622,-0.925437156647111,0.0184325731149202,1,-0.999999995546707,-0.458587192328661,0.355643749385378,0.722197503532243,0.143739083313673,0.689901584221522,0.138297122159973,0.801871395883275,0.147867737886335,0.550412802988586,0.196882419495285,0.83311079051438,0.158412560213908
1.11928765247707,0.180205388331857,0.9545408302715,0.172730656201546,0.745940220050951,0.190009503790013,0.231513999263883,0.317200194079744,0.234775278365319,0.179247164909151,-0.862875377891922,0.0320513561475156,1,0.564952224968895,0.464190908941587,0.424971876518108,0.495830624873866,0.16130151260517,0.753749385340496,0.143991892737489,0.802382213458178,0.130339546169633,0.462386987864429,0.170913033096854,1.00419249089161,0.209395596069962
0.791590804900107,0.191300731581261,1.05158969171872,0.165777572690867,1.24749581270509,0.323083807736743,0.148152117555506,0.242862622916221,0.429367648521757,0.267395698249108,-0.896943630316705,0.0273501877585129,1,0.998747806977383,-0.407428540034369,0.429957162947617,0.782378524366189,0.137755591938412,0.7729403141842,0.144531949472194,0.672257190267109,0.158016259720186,0.730438868344177,0.187415582809223,0.59094002840045,0.20876816793611
0.997847849451099,0.167553484617375,1.09625918373941,0.177759560856174,0.723651629830759,0.199391556965301,0.157435116420638,0.251785903875888,0.0847956202138771,0.140264336079177,-0.839906616332841,0.037217512377679,1,0.25122210134616,0.157535704130667,0.345584153366313,0.583510416064152,0.154552184738294,0.450286805332717,0.165522129932389,0.680803226453557,0.153843247641932,0.508276210660204,0.16823930695293,0.855551225288462,0.196989687022018
1.0301835019515,0.200993593016927,1.31819820408241,0.171671934851365,1.46576104032664,0.390956317524494,0.0222954439990646,0.194200148977252,-0.114236533862701,0.324360946087041,-0.938251665521917,0.0149717721025902,1,-0.631924753383688,-0.275715434738172,0.452747192137306,0.784731252982408,0.159756508910747,0.977965334031206,0.136177986681857,0.933823632008123,0.128380054514941,1.01538194748069,0.177914516725467,0.703653667763669,0.245782835971878
0.844607287060036,0.138795468188145,0.875946992558982,0.118741237724006,0.463147791428741,0.136388102016654,0.00226151377538262,0.0173181859632726,0.0323637843983437,0.119732605692193,-0.895352518623781,0.0257476250508692,1,0.999999728010541,-0.00762188710908162,0.28609047032732,0.511569832564763,0.129882041180616,0.514354004004842,0.158294478421565,0.466687165306502,0.15849461702287,0.574468763851315,0.155068733203511,0.5721752957796,0.188856360919585
1.09344695644504,0.195388567683247,1.04647190352087,0.152648261142767,1.22188952950652,0.337961477079806,0.000673720084866411,0.00947944354500672,0.0286916536482432,0.200958387790008,-0.875115209296411,0.0303109390335312,1,0.999999679033978,-0.0566880720324565,0.366402776475054,0.769417238909039,0.156953241457803,0.711924240997855,0.151070663452173,0.6281943915252,0.167506397680844,0.410879504486895,0.185853403631345,0.809947274271885,0.206951600521442
0.837488308520633,0.154314874501508,0.868275472771363,0.15539809728998,0.501577041370271,0.146405094205226,0.135167704068765,0.220104400366185,0.0287691962832653,0.141174824355592,-0.884765873804663,0.0274008669286462,1,0.110489863261954,-0.500083078636955,0.366681233760322,0.794081545512185,0.130727453087239,0.782174844033036,0.136122465376766,0.468603427029482,0.159455017576639,0.471344436867674,0.203947594186943,0.218402316487035,0.289905999316538
1.24746740298202,0.227893494945591,0.879851326964981,0.232078351142368,1.20367492439357,0.380280604202612,0.978831757078382,0.596680495769117,0.405178373004769,0.313578102795066,-0.890090616424133,0.0325740731203407,1,0.373282494832959,0.137632823753573,0.564027564090746,0.937222627025783,0.1845815486447,0.887351378286015,0.173029247053129,0.618541609179832,0.178274306762202,0.852136338862303,0.215721056210947,0.742774344985003,0.226711202187888
1.01976126371984,0.187948586472395,0.973774434607494,0.185167845332921,0.895301557661814,0.231502652667503,0.343879797553302,0.288300271890316,0.0519715504166677,0.184965416119686,-0.890243522051457,0.026208329420375,1,0.0936650720784907,-0.479686774480173,0.376704953917238,0.719572526182507,0.138494565414684,0.830502049446027,0.126894322963593,0.691762765575934,0.162449168225035,0.542642960562836,0.198804964788435,0.61945428235027,0.191238141443578
0.955388175011958,0.183356813648049,0.983594339441927,0.179566625541225,0.953418019839633,0.259366896340013,0.0905015262999314,0.137073691318489,-0.29374442260638,0.237089068541534,-0.911902651671298,0.0225093402078336,1,-0.999999998928041,0.00929183291533207,0.425073139913052,0.744621964909658,0.132945627831,0.621603098736087,0.147012014949786,0.407737062622443,0.169667742520515,0.835101041356423,0.158586617780696,1.01517531324412,0.213932277991428
1.06292029329549,0.202183335908311,1.30160041165331,0.201606588537059,0.954687934101767,0.305900454188202,0.0987338846385847,0.286904591907258,0.22645460095573,0.234593465109074,-0.886194223815521,0.0323449189127994,1,0.737593905659094,0.359077770813721,0.4514077522184,0.713942683220609,0.16554767929077,0.604769110611555,0.173921720285277,0.595276342064353,0.19535342281787,0.776283439995366,0.192398964962371,0.548240342236151,0.222398805034321
1.20399546153627,0.200471151277585,1.2373125279513,0.169699126171668,1.34321766435981,0.361406063390286,0.0506154676383189,0.0843482830429161,-0.260744300454803,0.218982746987975,-0.927221390168567,0.0210961498250007,1,-0.999999999985603,0.391865617070173,0.497944702460803,0.68848783089759,0.165512097561415,0.82392096390445,0.156258995568151,0.539953907977572,0.180252120650929,1.03541126913202,0.165781304396188,0.929111557964021,0.168108863187232
1.2347844163334,0.223836223409875,1.13972455421681,0.227923505825563,0.983507409438961,0.313391536293941,0.583924940172135,0.461282636925959,0.550696630915201,0.306051189478846,-0.917231535234103,0.0220077903751897,1,0.726683148226533,0.712618550516926,0.522375000497844,0.555841779404777,0.173783534094885,0.997807588397206,0.139094042696331,0.491776068765259,0.185098288184658,1.01685573658087,0.185209456822026,0.719940392137135,0.23360168091874
0.720885860115739,0.179118657744321,1.115568485974,0.169252706563626,1.0331335286779,0.285783754756564,0.0472420040305989,0.0654988142628308,0.220923738710779,0.155532633031521,-0.903887068703028,0.0246381898057117,1,1,-0.207308839499937,0.395036507447196,0.260280120875805,0.178088879544355,0.710664359927247,0.148121894062033,0.573033359080397,0.164493197195903,0.662934706095133,0.164308643680761,0.844309264466431,0.162899609966677
1.23742057686873,0.216306391196973,0.882629952765332,0.178048780589395,0.942079436036592,0.268649049181022,0.00283984273809993,0.0231102290016615,0.0517238519925996,0.207850107703537,-0.916563539696861,0.0221739882974773,1,0.999999891567859,0.774385431238494,0.497663467839491,0.553831523823471,0.17978746163094,0.556631206585011,0.173226196477919,0.644837537162994,0.161654936302056,0.460975929108826,0.21230621662449,0.707260636128785,0.221052135037512
1.12437712902127,0.195222459431506,0.898158116275151,0.170633892623889,0.983604166614386,0.275359252790489,0.129781190743342,0.289539638598999,-0.258151799649191,0.21645497897628,-0.862688719116459,0.0390635387658575,1,-0.722535350114745,0.278812440204639,0.349859079277754,0.547170842289842,0.181318372623355,0.511121729686489,0.165318280730172,0.454010808255404,0.190128818441676,0.79754256100419,0.165422275994286,0.56893149715175,0.220133448794515
1.25110452596706,0.20241079472753,1.19490887931942,0.154607203538471,1.1274118481377,0.309715792545455,0.00941760180514273,0.0386469404459634,-0.103041329516673,0.211353871777442,-0.892693898076284,0.0249634655664634,1,-0.999999987398313,0.0657146396622011,0.417473235759582,0.697821554000445,0.162565268892329,0.932772761985324,0.13570631409744,0.721411433344847,0.168578486414898,0.377424672410287,0.208092476790153,0.826136476824723,0.166886915960149
1.13470253336056,0.165937255225071,0.988285644270747,0.171670288644394,0.696626775475378,0.196230797634391,0.100770298142351,0.192745601706651,0.0520088615024803,0.134304916139199,-0.902407612983534,0.0250060770550692,1,0.196295793831257,0.523810491109818,0.384803133034162,0.726424290848092,0.155141199065017,0.586831838339779,0.155338514275361,0.706534198809385,0.141015156777444,0.736351935926333,0.164521497181515,1.03553783253049,0.182326307085069
0.883315747955083,0.156176401951117,1.19182926276336,0.161420050559162,0.637768027345127,0.174214891861449,0.0801403210333611,0.0921498367439477,-0.226077273608027,0.139353898330353,-0.909520124778684,0.0228640431245841,1,-0.999999992034843,0.167024418277534,0.365813062645038,0.686920333760154,0.144065719705639,0.838884349179047,0.129271401180357,0.666978346370569,0.15409709362961,0.622354976330215,0.190537998111665,0.439742862800659,0.28805436930439
0.861720833537588,0.19588352477727,0.894924436618773,0.17790453271931,0.852213674014802,0.246250368107166,0.0542977525563256,0.0882488650886103,-0.215112266403614,0.183013746285836,-0.887368188629685,0.031061141623521,1,-0.999999999573473,0.223430857620691,0.474419296025247,0.668990761872091,0.150110175871793,0.652320918244207,0.154864665852407,0.433245090784934,0.167422758258237,0.392407157942324,0.213409156098037,0.692627875705468,0.193091647563591
1.08726279831779,0.199136007251434,1.00948565129655,0.170411326985497,0.835779186275966,0.245543374651263,0.0200865018280702,0.0586689611534181,0.129568049984679,0.191378325682563,-0.878490893706004,0.0308202405647558,1,0.99999998283991,0.630468795451808,0.477776577497412,0.489218034734639,0.146259060033212,0.496817303804241,0.1399862804962,0.595254174586297,0.166675873026745,0.651120876048371,0.173340120889291,0.477701232740816,0.210675572599272
0.81085822803287,0.163309803278986,0.950323734455309,0.150766972626764,0.668197463254971,0.203535441073813,0.0367044496017801,0.153632273396847,0.151640092724415,0.142898187608102,-0.875900131093384,0.0346218378625245,1,0.968282921848253,0.149908747501257,0.377131221033599,0.513564940897547,0.1494945692007,0.543990514590832,0.16351097121716,0.29321689527241,0.206396098655451,0.720199032286365,0.182621082460949,0.612721047456032,0.222503012040249
1.17627452478753,0.251379304900956,0.931877226028575,0.185884656254814,1.64841480687564,0.511111938034141,0.0283903702296726,0.206045649656103,-0.023101905743141,0.325379977027189,-0.918922696582005,0.0248276465317549,1,-0.106789616304576,0.373264873928785,0.504210739217867,0.782130980142284,0.188202461958417,0.707438931510561,0.18102474566603,0.798770092897211,0.193070913968376,1.03619664763544,0.172292641380358,0.783867472735952,0.206798808244436
0.824585843261847,0.151458082438137,0.900638746659459,0.170188831262748,0.535352567608099,0.149145541936321,0.0599608220292464,0.0986709596205346,-0.179165231076314,0.153138974645473,-0.816011907705845,0.0409235385348761,1,-0.999999999959188,-0.38780911333068,0.385598049889938,0.632822691225239,0.147360599138475,0.60814183843842,0.139328008341161,0.352615243041684,0.160182894833803,0.244271076360683,0.174130469075275,0.608134368686286,0.162402016522958
1.01243633464594,0.197437283896135,0.823521172995498,0.187589152321682,1.00787219615129,0.318335166372901,0.171874526812598,0.254148347247659,0.250415253917921,0.248779095870488,-0.906485884079855,0.026423672476853,1,0.601661594194488,0.480050395560672,0.451922509923172,0.641518304161608,0.177385467986328,0.474377245280314,0.202667482372739,0.639173919755926,0.192503563126688,0.789350003891769,0.180681795659822,0.839274178467445,0.196262531355774
0.903617620471317,0.21173156668029,1.20622242018024,0.226350221322599,1.36828680890699,0.432456003463023,0.111426813059332,0.344804295084247,-0.196189176822206,0.27419355791613,-0.929116145524776,0.0206641443844097,1,-0.502448576579987,-0.40229020214503,0.531479815220175,0.786419415783167,0.172085601419582,0.631663805047258,0.180353347443999,0.653333407822268,0.188404498322305,0.734551525459218,0.196207095564044,0.750161539390707,0.216962712953877
0.889276196703941,0.172616200167105,0.905809579271388,0.150102823959703,0.927607804203192,0.265279363789893,0.0936190678773333,0.125877816780364,0.294689290580142,0.211264370245149,-0.885205154884746,0.0332502455279345,1,0.99999999998494,-0.285398074896061,0.349438689200151,0.908904757290386,0.150211922455078,0.682326959048286,0.133954373314184,0.606511340687785,0.180722038972431,0.730065422939773,0.210262576481183,0.446027556307532,0.254835259744823
0.942721340111952,0.149063237637577,1.11459124048624,0.16115735958134,0.688400318017989,0.165045963958753,0.00792064982659287,0.0347076635886879,-0.0738415685616801,0.159617883161902,-0.882326451816174,0.0244542398558248,1,-0.999999943890175,-0.371545350013372,0.407934575512634,0.762469564023421,0.147371445712421,0.721984523741666,0.119110836860144,0.565910438975964,0.153816447931886,0.368181975701062,0.170548040860052,0.705634684035725,0.153530148838472
1.1239361635545,0.183605025873084,1.17833024610681,0.14616904301205,0.943016027153373,0.259984550076822,0.0332491532510667,0.0633303899305071,0.177071974805001,0.176313544825122,-0.90200062893512,0.0269557322259869,1,0.999999997708598,0.0740484741140244,0.345572806572099,0.665548452998839,0.151041543630134,0.826346082120778,0.130310742181871,0.486905514052496,0.165595306914551,0.711895769513597,0.18567664652823,0.491767043611831,0.240087422368741
1.07269444971188,0.203565523815566,0.83174404391375,0.155743510541173,0.993515291354335,0.305693558589111,0.0091317735549314,0.0398184933877322,-0.0952499531175538,0.200822829635272,-0.870155468637897,0.0368130034313191,1,-0.999999829424403,0.491600769062444,0.424583585201654,0.637358507843659,0.17323207565705,0.392918951439646,0.174322394725145,0.614051795001492,0.160621205313213,0.77529393722578,0.185154903691782,0.596110192847948,0.232025894407483
0.862406276744186,0.186419387218016,0.757890924757182,0.143283464111202,0.92901260063705,0.262097646823744,0.0587188715801253,0.104477227032066,0.233560622332878,0.194782681033384,-0.924791957022651,0.0217806642723093,1,0.999999933194063,-0.958514816475472,0.408506368834714,0.80442569601048,0.144241216493931,0.628184694279595,0.162236578476883,0.826147327017271,0.163629542863831,0.636651951108131,0.200748968098916,0.617184396045843,0.224677080336521
0.87494836026094,0.222652286037491,1.18426030414844,0.23719484544914,1.34942487263113,0.439909660655706,0.23771662412705,0.394014630612395,-0.191074003198617,0.317798209261506,-0.899138554617624,0.0314252488681383,1,-0.337363015669001,-0.705912129262323,0.535619423645091,0.835705802729758,0.180842308887523,0.424975068178391,0.203045412854293,0.891589121887015,0.163736453545826,0.580339627189136,0.199347076126381,0.937887815581098,0.174592210394591
1.15149808307151,0.19716262699733,0.949032925887786,0.161104482295,1.14018306440524,0.287260604258514,0.0783488567922445,0.121208690789705,0.298884659407583,0.240314263882354,-0.895708523346111,0.0244632853259843,1,0.999999999995291,0.129607211151382,0.470665069117978,0.551814277742084,0.152406545535643,0.662073369399488,0.141639959371461,0.594499112577073,0.152916207821309,0.830763663020476,0.136859502327803,0.836531392608442,0.212514936689303
1.33095695825934,0.339560474960679,1.3606991366133,0.316280725529798,2.36461665434549,0.884490433219695,0.514430808847145,0.51177757117745,0.0849845502842061,0.484301941097574,-0.946288880382665,0.0209773209027829,1,0.0770541658645061,-0.760850518152942,0.649243524853777,1.04738158147273,0.215752960291463,0.987998923473878,0.206783998976934,0.768761489873115,0.219824374605784,1.00646293782947,0.185859557798588,0.963357658570058,0.226762026747215
0.926620760597051,0.184453924621827,0.969125229562903,0.159464744495179,0.755850269718077,0.225163932393155,0.0114637835202149,0.0217038439267315,-0.0930854653790534,0.0890204341608895,-0.886876458561488,0.0348234740654805,1,-0.999999999947541,0.741249105962941,0.424241798242253,0.357856022369136,0.173559311953289,0.860367216206072,0.147007685079828,0.607058459225275,0.165711574089756,0.76509834585178,0.186619864013804,0.281071941700132,0.274446091239426
0.781138894220058,0.18149205896132,1.13191962001791,0.167048739789925,1.026824104647,0.286747241432779,0.0429727902857123,0.107530768254966,0.210060642664042,0.213213938153211,-0.922462042253129,0.0177999780228768,1,0.999999735834332,-1.01896394903595,0.458055490913865,0.626616367893818,0.169825570082402,0.533939068009621,0.161143686619622,0.65200697224057,0.135737108305007,0.942225128410158,0.138535404494614,0.736212574945687,0.218196052611078
0.837663372138526,0.199361850637511,1.11858091529196,0.19709276747711,1.07388483896647,0.348295201470111,0.0882084254971856,0.122478486415307,0.307775389923808,0.225607460559835,-0.884386595562538,0.0360758268985742,1,0.999999999114395,-0.534616821226413,0.399512177001096,0.786275562345888,0.165613243100582,0.555176420454237,0.171660484880227,0.621405051757352,0.203413330540943,0.312488820052002,0.260521152541342,0.755710465289552,0.214903187334918
0.906180543293225,0.237898146442752,1.04491022803312,0.238785372337382,1.41339342498829,0.471321218889999,0.456444398776605,0.422877884646292,-0.0652201670234282,0.304167179698581,-0.881383313947068,0.0336305067241344,1,-0.0812000753616052,0.143565229223274,0.493984414990662,0.658515207398147,0.189999065937474,0.73862878408776,0.174898734640642,0.582087406294435,0.178790060977669,0.735758728069664,0.202375355901488,0.623873889210874,0.243725045235419
1.21439897344744,0.163833282924644,1.04592859319623,0.185444543062183,0.756177070605092,0.199227211095739,0.157096627090985,0.19386672242851,0.0543681149036588,0.180089219396685,-0.912885509553232,0.0231309843842083,1,0.15774263550599,0.295544448400586,0.342646348650989,0.808374748375146,0.154350982879635,0.746124879596859,0.120415297475164,0.783345270485962,0.155613294231779,0.821805483426056,0.193035283401341,0.487225798752652,0.221943144616012
1.01075323002764,0.192927616829705,0.965829563405264,0.188268899211434,0.913309597546438,0.260576733704002,0.00270777752978569,0.0227680041797114,0.0497296590135206,0.209471069513338,-0.893428990222767,0.0261718989712004,1,0.999999955444939,-0.140422454829529,0.503300807413895,0.693752183707389,0.149180127904496,0.883456710184993,0.132888246948067,0.468228539751227,0.187907765091803,0.801718826019775,0.179295485358916,0.82820751276735,0.20440530684735
0.929735814145302,0.163552698795746,0.926838165117309,0.153334483661589,0.721966193630525,0.170156208824495,0.0146944183379309,0.0510049415029697,0.102999384758563,0.180671613406301,-0.886814170088928,0.0238554374950076,1,0.99999999932094,-0.143800540644053,0.346608065772688,0.509209362241941,0.148328547759421,0.579998085927981,0.144919835175454,0.794143396768794,0.118516934168302,0.714283881796757,0.144299961634885,0.665486818537966,0.183090466827802
1.07652273698384,0.185773935079316,0.876574762997749,0.155702774144619,0.764723925739592,0.231117361111283,0.201955712433902,0.275977581237458,0.34141499792936,0.170983798463986,-0.887927468722081,0.0307171031382253,1,0.868764738049723,0.300595442274663,0.339439381287578,0.472873724615749,0.180485493172868,0.718002043127418,0.156990085397913,0.810103180626294,0.173848153088742,0.561428514725622,0.192124740138048,0.847033659051397,0.188324462956642
1.00223373840418,0.164810276911094,0.961610686826936,0.18701147990808,0.550712522521282,0.143381714820547,0.328764694043422,0.345463162434682,0.383280724303435,0.165878248298712,-0.891404954377874,0.0277700933293231,1,0.900765857330653,0.390716688427905,0.398717752087049,0.658437367869527,0.140702658849874,0.383693509968222,0.156429845664449,0.625853869501743,0.153884485544574,0.654961510893782,0.17971994616226,0.756196344817188,0.193607751827308
1.23259119138727,0.212975378397479,0.919393833953602,0.18197366428127,1.1292983031647,0.318805012598883,0.0317379015094839,0.0904438825033448,0.189318668683595,0.270204403681354,-0.922267525151214,0.0214791059222109,1,0.999999999880869,0.65504650859096,0.517383249143199,0.778428680679468,0.185969455222538,0.435009095036925,0.190684567943265,0.930333820680983,0.156196425993577,0.700499686821433,0.170680219537449,0.954518043536014,0.153831902650687
0.660651869980198,0.206787739582628,1.43428003530084,0.227474358310544,1.48536482282827,0.48333535082629,0.116271299968227,0.140720004492295,-0.415578270224,0.274834258568568,-0.920029298905981,0.0237313451570233,1,-0.999999999435611,-0.033705534173441,0.513835004248509,0.569525176603468,0.17627692082465,0.829577148603903,0.177035474570845,0.785749229457242,0.170156128659353,0.799626212036105,0.180598863388608,0.854988151760323,0.214267991446158
1.14235794831617,0.293885894514121,1.55148726635359,0.356705082896492,1.90096648356646,0.72366625669511,0.765725037041563,0.645185784713187,-0.443305315443365,0.492137118791256,-0.933340073195203,0.0221125581223518,1,-0.367433952965957,-0.211894676735554,0.565606252730179,0.706190603354705,0.207402391124786,1.1258519110832,0.188542623043834,1.00069023224723,0.180504146939338,0.985773544296446,0.219657198299169,1.15756655355574,0.248991172104626
0.968792899103447,0.216376058693632,0.936443109475865,0.17244581636322,0.943544589474241,0.247622000368603,0.000793493064823046,0.0609131384116212,0.0273438580545277,0.17725677871615,-0.903821272389681,0.0245144140151535,1,0.999325590625515,0.168430399718387,0.591611337625772,0.357543997575629,0.203824007777248,0.875969660406618,0.144702742039159,0.823829855892379,0.15276857486078,0.802549608510409,0.163734622069842,0.668044883718628,0.219287406709923
1.02684338219861,0.170574507703503,0.893234281685073,0.171175059097822,0.898294224219523,0.26470013534191,0.00148307972377528,0.0172913196800824,-0.0364998222509301,0.198008926066947,-0.905678255870674,0.026308890626974,1,-0.999998151394542,0.00237896845327248,0.39082920522259,0.589146096240193,0.16285487578401,0.995727191713252,0.132914315687899,0.521733846989882,0.183384735489963,0.624265511380148,0.204127986948288,0.478164951877086,0.242553633246381
1.28904170048816,0.222933654120708,1.20076728453539,0.214373148465223,1.448615732609,0.447274000670813,0.00366501076563586,0.0270495199488681,0.0728642026853083,0.271086769953326,-0.926727150311242,0.0207706152013685,1,0.999999979063127,-0.101951392824747,0.46653881103662,1.02418976030447,0.168405900274043,0.68380529115977,0.173197605023869,0.882690658751614,0.160464403431381,0.749530389520401,0.199036259364831,0.585490553773705,0.227529013269188
1.15930094119727,0.199525761650463,1.15037117065303,0.201883876108788,1.14429098444409,0.349568977906212,0.166058780880625,0.322485436093508,-0.0512068723606352,0.222309117349818,-0.907359097817716,0.0277937425580911,1,-0.117470573722537,-0.0629568077085933,0.420068652067426,0.818603691894619,0.170125737508067,0.920169396591896,0.148334827115537,0.639994051773939,0.197567615178561,0.274265427941296,0.231629329590504,0.994977349237226,0.200616535188056
1.19526432856463,0.234313194356497,0.694844198373804,0.155975853143314,1.41481319859983,0.480520902407359,1.86290942872598e-06,0.0544613356742215,9.70877310854767e-05,0.274081515289452,-0.897031723715319,0.0300766145320491,1,0.0598024435991391,1.07837885762995,0.484792687901409,0.621723086657343,0.18224459798846,0.552800540947242,0.207980710012021,0.773026008007242,0.207702149156548,0.647316469848203,0.214208136100047,0.562714401412838,0.231162688650035
0.916931751790435,0.274628355229352,1.10818346025378,0.242508727904416,2.72064005311816,0.992072746082479,0.147295763779059,0.225086601718781,-0.633039270224203,0.496030607267291,-0.922174436680377,0.0250626418949944,1,-0.999999953902702,-0.217220991950697,0.519300004006595,0.830625508662956,0.185162513945215,0.913573211276319,0.164895546955326,0.914216349845621,0.215969353431994,0.782172641935713,0.244446006195308,0.789975174642709,0.26590864873583
1.13794078945718,0.16994762961672,0.917364173339007,0.161041029752102,0.857806263502739,0.214019918886589,0.127103017202503,0.11544582708789,0.330196553739184,0.158636466211936,-0.822371445000178,0.0401808863166908,1,0.999999999242549,-0.165956105723853,0.389330939488682,0.63571576883212,0.137111652822696,0.52750745418468,0.155699246665452,0.705476504894988,0.136344889459457,0.743525233361773,0.15808846115434,0.453621936918503,0.203134120648182
1.22766722679121,0.19053597208054,1.03598932372575,0.165906925379828,0.91798837495268,0.264015819204848,0.0454246496932381,0.0792869451171514,0.20420406164035,0.176795319598424,-0.884820693221635,0.0299524821231796,1,0.999999981243398,-0.0561468536618122,0.390049147210354,0.74454865662667,0.168304162944266,0.746534454652517,0.147786196281374,0.899874090644971,0.138762938797724,0.809567755935849,0.17140737119524,0.411852216409855,0.258270350620382
1.10334682517617,0.211688116468564,0.916563774988082,0.166923483834115,1.32028624220053,0.373667983994279,0.31196012420859,0.25484921415311,-0.528847643918367,0.284761690216289,-0.850260279448744,0.039115081073237,1,-0.824037512887203,0.0181332945371625,0.436266782573152,0.750809884908335,0.174335169200995,0.756457993268618,0.134366857561207,0.765890722701802,0.177747487054019,0.722836450533578,0.194128101284718,0.535784776113115,0.219136338196049
0.900550876121787,0.171605400251051,0.911063229077738,0.185092563223581,0.880436750784541,0.210746855588837,0.263634038934727,0.195358585384231,-0.481781170878548,0.206534841260337,-0.88365680492406,0.0252810872645149,1,-0.999999999950904,-0.208668598611092,0.373735735729861,0.559415480270828,0.15385633255889,0.570475349426845,0.130464906552853,0.716117369582095,0.141380779173008,0.6327420365126,0.159842409567558,0.567920729531808,0.200222515389155
1.13913830069276,0.199163584864292,1.23873243685567,0.159509639123412,1.27203858570233,0.352010112345959,0.0562464253805308,0.106153952555104,-0.267483866880718,0.263522893012829,-0.926433436744802,0.0186958438939703,1,-0.999999969597868,0.0756140690149524,0.422886223892466,0.831650238568046,0.157702118992592,0.694253881389542,0.159669857269584,0.728781467204101,0.165028855443846,0.58081198536473,0.174920447424232,0.743779892593655,0.22314756197599
1.19102957202023,0.192057812659098,1.5383637366842,0.241238967292804,0.903047162200326,0.290953943902208,0.688339788680514,0.493170761772117,0.788418221995406,0.351925957820468,-0.911843563163134,0.0248123352242962,1,0.999999999981408,1.14126189911838,0.316341882341378,0.432587213651815,0.195987609344745,0.640594060218398,0.184958965794288,0.835418564000381,0.173685496081565,0.403963009102828,0.209470958448065,0.882302214482609,0.182288040494922
1.15536165066032,0.209473599675973,1.11888726896179,0.191854252307344,1.353149602111,0.377052326677705,0.0502652546648346,0.285895596413651,-0.0506505421821779,0.245913177897058,-0.915714294646952,0.0206149973618249,1,-0.19421253091475,-0.519407547470056,0.455176741159447,0.873355271558252,0.170355037546705,0.81962561446546,0.147369499240194,0.901420704874308,0.158466093676377,0.740209187829616,0.168575091553912,0.576655343305778,0.226302956951325
1.14299391419779,0.221612391330001,1.04006375636694,0.174824424644007,1.10343154611016,0.333858307902623,0.00366118087594086,0.102726868661605,-0.047854034596722,0.261127651932058,-0.933330730635708,0.0201034293299526,1,-0.752896483477793,0.162072021170819,0.548344136326599,0.886415056378116,0.169481155874831,0.658338178147633,0.186200117451331,0.892001605297507,0.148133926113118,0.833742205172935,0.152802428089705,0.848171577421417,0.220939544782393
1.27532598418298,0.195816261631875,0.799714607794834,0.144987706105726,0.591319408039459,0.181126653238991,0.141149247454601,0.181292772614138,0.0208910205469384,0.13232715436562,-0.895701983211013,0.0293476028862723,1,0.0723118222703858,0.848414514848005,0.408072315155057,0.426465326068506,0.17309830721571,0.769449632767359,0.13784323091918,0.544769224544876,0.147287663114051,0.525042025310291,0.182436108644455,0.556626621733137,0.211158319721259
0.950910656292559,0.19504855928251,1.03201953038274,0.142567553701039,1.15048788200128,0.303942100700869,0.153301960716738,0.219655873033389,0.388388667532185,0.278261990186677,-0.891459314859641,0.0265893275763713,1,0.924808197009988,0.158090047123969,0.403005752045307,0.675789655541164,0.137699968356698,0.63725114401128,0.130531019970848,0.631680604302243,0.16957444111851,0.721218201623058,0.170972883252751,0.444066208624484,0.188521974661227
1.00839847764282,0.194332444690256,1.27283798025328,0.191256803656351,1.31967195561676,0.365463732110773,0.337722902541711,0.406961095345004,-0.551630929384296,0.310644693499303,-0.896123212917547,0.0260198544483332,1,-0.826295444202066,-0.122809203886398,0.315057371502521,0.743273403890788,0.162515511150905,0.841680347488228,0.123787968900362,0.980009759021604,0.152814132348856,0.845311542206953,0.19327620078434,0.550823996000461,0.235518806864226
1.05792770706432,0.240618283475811,1.48929954017466,0.222331303134714,1.29995849432319,0.493983792110089,0.0431137265564287,0.217816694216637,0.14468636792195,0.252136742871744,-0.942961603702713,0.0173377505950578,1,0.611160236216727,0.146738538839696,0.51787366749132,0.831074167664931,0.187702882226291,0.712420186346094,0.193665020974638,1.18533526380676,0.174770093820008,0.933328706960964,0.242239713703117,0.829368722463086,0.263016950048927
0.95449993982792,0.187844638873665,1.26936805623336,0.21627495794472,1.35918645567214,0.39488869798173,0.0194122349634442,0.0557363184926714,0.162434130749246,0.231264706121001,-0.928415488995361,0.0190369203788605,1,0.999999999917087,0.356560580354479,0.380966104794467,0.727312569542427,0.157532519057306,0.49919510009958,0.157657927998583,0.903319348728928,0.148414013250916,0.801080629963217,0.156432178498,0.566418545692505,0.231071214165571
0.647366249102079,0.222507962121394,1.07908964551587,0.222876356470199,1.67729542380617,0.571661734390366,0.263374887009985,0.375849544824589,-0.417307081341161,0.28946677125677,-0.92425465201759,0.0242540651343236,1,-0.627861411700773,-0.962205796382168,0.565297091149385,1.18875812251795,0.18472257364194,0.532612829212657,0.194027299021193,0.66364989365643,0.18039409647337,0.99259490770587,0.20830073320785,0.46157826108807,0.301439693058594
0.849049515758477,0.166465131490086,0.917463532378517,0.138150721037274,0.738540518160182,0.194200543068132,0.036610807846908,0.0621516805947719,0.164434074849024,0.147388540512662,-0.885506063706277,0.0293883374443671,1,0.999999999518023,-0.309893191765576,0.346960324193249,0.686786341627882,0.156585065540019,0.757753218177197,0.132615952663563,0.65240573372671,0.152761944538088,0.372707760447424,0.18148128035109,0.861485833302874,0.190321539789009
0.869956341168553,0.165292495918458,0.783389309794848,0.155275147883242,0.969341022916517,0.234105448767549,0.176235885027257,0.227588582441504,0.152464122520438,0.218834604330706,-0.890881668056152,0.0273158629586247,1,0.36887752080979,0.191986097786329,0.36052224513634,0.497421969842377,0.149148860801822,0.712284477956323,0.148177408829335,0.51365841002161,0.169161522659265,0.623502395801029,0.170457859955369,0.983798955115216,0.154559594074217
0.645706486993404,0.219062044370135,1.16656047918729,0.165214345178049,1.70826565128334,0.4559596110434,0.0209226266812532,0.175665402359285,-0.189015977610957,0.233281119073903,-0.919980889572001,0.0212010272245161,1,-0.99979902656606,-1.37520976305762,0.565091722217539,0.675956979275525,0.166691487480519,0.884028259410005,0.129809497512733,0.965774775393193,0.152940052865994,0.434196277641417,0.229166919855779,0.853257935788894,0.211394284677747
0.593663814603905,0.167022211935607,0.962487360944523,0.180565616272835,0.682032293763293,0.195377038840743,0.0486993987016529,0.079545213172074,0.0983994467994853,0.164299604190263,-0.865518355298981,0.0333863282734167,1,0.539918723080104,-0.813833401726857,0.381369990077637,0.668785213278409,0.149965044108031,0.692702150914502,0.143575547055484,0.394993595120332,0.177287614833574,0.159856436734093,0.222536145954845,0.637395947241228,0.195150313046452
0.850409478868959,0.196728826921853,0.859472515214731,0.239757940309452,1.15352925370462,0.386554354454187,0.68649987084662,0.522808451249995,-0.462636233819883,0.295395708345547,-0.923120353542498,0.0248577112378373,1,-0.519882390863227,0.218436058392733,0.469319459798641,0.476432932003966,0.179264651076453,0.973077846038022,0.156779591640805,0.603385710654563,0.203984428674709,0.8056779959685,0.207462418229462,0.51265346285639,0.275995962529411
1.10723595727463,0.254565749446696,1.25803750411349,0.224699189276527,1.46338686843272,0.44895245712554,0.547449319939145,0.55490120039108,0.100570095365066,0.32115154125747,-0.936050206486594,0.0183616067558697,1,0.112361447359391,0.44204318520081,0.567438461880501,0.805180530016924,0.18141867968501,0.798067721380213,0.158911184030062,0.982937116841723,0.182950525701335,0.879915543920663,0.179264132934685,0.934452657612549,0.192773101433331
1.35527829646565,0.235953449191806,1.07239993395976,0.199729529409823,0.915451641642832,0.301995050038583,0.00105290355824843,0.0184897221722543,0.031046436154925,0.270070165205761,-0.913857453480851,0.027069061872851,1,0.999999433038352,1.56199129768088,0.584896769094287,0.349265425201383,0.204460878627061,0.67267121182248,0.17644619276034,0.713295931475089,0.16250713191936,0.717505252773396,0.182666681518052,0.680177994295684,0.222253352345551
1.13192812058002,0.245517823512271,1.00509205570032,0.200153201214392,1.93288230396469,0.507566376247739,0.285114419026552,0.328986636277469,-0.0581035223524613,0.353508097319522,-0.908013893380768,0.0228511670498221,1,-0.0782690685213208,-0.176875267553936,0.475724533319515,0.486511107366654,0.194625215437417,0.662772897219347,0.165741691238081,0.921050814271735,0.124305567345031,0.810073530748192,0.15849647981306,0.89250093236596,0.184047817599487
0.836962527669053,0.192361125309982,1.03527513043485,0.196675202788874,1.05074643177377,0.260525969319325,0.354156368381796,0.393514611055199,-0.487773920935158,0.307471271122383,-0.913432835841972,0.0190845227872862,1,-0.799598714240273,-0.426366188946705,0.459419490332321,0.749941693013167,0.140342711850535,0.693022736284995,0.139737119793585,0.635333429705656,0.160844635642056,0.430597689843585,0.188485081998559,0.653507201128326,0.188987213024278
1.14386779769603,0.211785182710415,0.782999457530854,0.153827650325751,0.922709241526697,0.313431296577552,0.147675380757974,0.159118465811677,-0.188115553988698,0.205295681945669,-0.916704417330476,0.024069601541687,1,-0.509610328015723,0.883597925565883,0.399155579214779,0.476824167652002,0.17424613291388,0.622034251344356,0.152383170120284,0.713214751225489,0.187742325939462,0.480710064403595,0.23559189235154,0.447296778541373,0.27193592824659
0.642118680963703,0.148215218167431,0.675587042510028,0.133705348913796,0.671377705183329,0.191420253712072,0.118341098754703,0.134076503313121,-0.281871558170213,0.174565953122986,-0.886134979662894,0.0299500448701184,1,-0.999999999965374,-0.532193522721812,0.314912728637572,0.48939891151777,0.155525193514103,0.70282352913162,0.134782852929812,0.473504755587589,0.159415665986728,0.546192701739553,0.193693406316796,0.777093377303301,0.226550326474294
1.01033156809755,0.190214350003951,0.870474705302503,0.185639135223314,1.12480631833451,0.349840783178876,0.00943535611082918,0.0392731589313995,0.103019163264212,0.220156379114686,-0.904802772868565,0.0263007616508713,1,0.999999992012664,-0.128596820328787,0.331028799693385,0.707310069437125,0.164348006158625,0.66887884965511,0.151368510491275,0.555205627227347,0.176528034354688,0.597174543563147,0.180291721461962,0.89014639390915,0.21089691980485
1.42716434269556,0.243674045170684,1.29974785286059,0.180923931495099,1.53238829543553,0.404939772908429,0.363003254946897,0.378143064206158,-0.397991556985826,0.298618563358996,-0.933637180877155,0.0178605492376601,1,-0.533622565331621,0.14030067048695,0.494955166285306,0.850130680838751,0.142051498285539,1.0018033544928,0.128868953496237,0.763675013720961,0.14049414478467,0.80423725980526,0.186002386234569,1.13995888341698,0.190730091969059
1.19841705284124,0.213810803760859,1.08901388428153,0.161015629842371,0.867787283630776,0.24996532358968,0.0669686768847163,0.126223500055367,0.241069597893616,0.182439415019949,-0.891000479079383,0.0278547839231402,1,0.999999869451436,0.134089246437232,0.471460289852637,0.912736506904784,0.149260416852171,0.51540274998282,0.165410967082625,0.786358046966122,0.146833391260881,0.817896272241592,0.182518340872131,0.308047927035753,0.273024254758082
0.894918078189964,0.19834866832605,1.27756392663728,0.233164439599917,1.28516169527787,0.419970980674222,0.0487797675636805,0.106396678368135,-0.250379489389049,0.287266429075569,-0.906755021326958,0.0291977743751086,1,-0.999999999436282,-0.207697776385946,0.399335029145007,0.685676104668513,0.174352678996029,0.87647620566962,0.145529499654648,0.665531726402082,0.208311177407874,0.879716681058758,0.202655200437763,0.644755715653751,0.227885349499214
1.06767630134366,0.218027433616496,0.974518605032707,0.212539674814827,1.14296290031617,0.413886420770703,0.0103937439387502,0.21599297227825,-0.108582390805772,0.208648021312753,-0.893289755387766,0.0333765582541529,1,-0.996224748376044,-0.0442847984531345,0.367527669579065,0.777279135883153,0.16695247686005,0.836145253258053,0.165194010690776,0.889847513091983,0.196049299319997,0.815033209700705,0.220824121588114,0.200606938407409,0.338261330952075
1.03603502621103,0.169513736132647,0.838538986111846,0.152234989860719,0.986025712482759,0.274185157680589,0.00242410334135124,0.0199183329212515,0.0488899500587643,0.199035315581992,-0.88529347658048,0.02853992437346,1,0.999999789237837,0.151808600451715,0.364345898828265,0.604707107597418,0.137476942529319,0.706245081196166,0.14309047805024,0.451969228039666,0.177060347959345,0.838659579616407,0.161004626092881,0.744219252212725,0.185187737757809
1.24339984679577,0.180867188020564,1.12923744640632,0.190860396101455,0.78802227318458,0.210085668678673,0.124151389884688,0.221048330202301,0.297024465783345,0.189400447034102,-0.904276755264146,0.0248781734795001,1,0.949614164778701,0.219800936348916,0.420234959827715,0.689522224764473,0.153323976224854,0.751198290156027,0.136371026200131,0.859405790168734,0.156111132015597,0.79141993036973,0.174669866161984,0.569578552230878,0.241450965018678
0.958151617967811,0.208368657533061,0.997663104301694,0.17477373964714,1.24930191473415,0.354994029824332,0.0755573295531775,0.0981817230300073,-0.307235929505309,0.219582463879154,-0.917522627510397,0.0228682537458747,1,-0.999999999449156,-0.331486600719457,0.45686831884774,1.00328567268696,0.149702492356379,0.590304076856277,0.161793980385995,0.879770167053189,0.157221016852839,0.414452158256634,0.236546160922536,0.278274046182518,0.271747826822972
0.679482927106958,0.174316170260421,1.01933666809956,0.193507998235639,1.05206802442487,0.314874614068577,0.270019610579959,0.317341974708161,0.083268795199221,0.267819194712482,-0.922538461992827,0.0211976410806927,1,0.156229382802524,-0.159497722776298,0.389598334577202,0.699076646275725,0.154007497849103,0.68554101466223,0.159166213520937,0.393457876341036,0.206245310183369,0.855235684534905,0.180285406793056,0.625380113078738,0.234740753278971
1.13677032190198,0.221580031378764,1.26369571612043,0.176259384347444,1.10839408920153,0.273059409050029,0.175232388710895,0.273604936989412,-0.173883213032088,0.202046860000342,-0.915841764296396,0.0194956526147756,1,-0.394551197084038,0.0614326731425885,0.457048174813955,0.694283049808206,0.13035956096641,0.927716680114558,0.126796979931221,0.692911335601542,0.192783369768217,0.805542467230042,0.19003201828123,0.442655998431887,0.22196332594514
1.23356006040791,0.218127953353485,1.17629009245738,0.21896387270153,1.26010833321786,0.34135113900212,0.733914308038088,0.451656544115852,-0.3224564291665,0.32168648988736,-0.912934373012409,0.0236963221453955,1,-0.335308390696903,1.01864154969137,0.469957175395329,0.477025036779502,0.182006881897693,0.763928153272965,0.155949403432463,0.603457724356431,0.149876882852743,0.895895275827513,0.157186096783541,0.928065544522924,0.194646055364603
1.00346122067662,0.176434949848978,1.07084899094629,0.161986120651075,0.815921950533118,0.253421721519197,0.250891656551925,0.273491299213855,-0.0781427729162822,0.173515408947413,-0.853323467641106,0.0389898779471915,1,-0.172711557333298,0.062663506721546,0.375649908193301,0.721292618528153,0.144779989154549,0.583921856292984,0.164465104011371,0.454191660501286,0.205476778428617,0.83581420726332,0.17770660038306,0.595106801380276,0.186115688903441
1.00153295582697,0.187229181320813,1.33558300231088,0.192342752011425,1.18140465054837,0.305925630524153,0.0730094251470163,0.140034628321955,0.293689758598028,0.289791969777554,-0.903872064718117,0.0244955503480302,1,0.999999999436662,-0.217785838405592,0.456643379595615,1.01253032598139,0.117663353819318,0.627757781755007,0.150236953678877,0.921583764995872,0.139494977528933,0.725713077585461,0.179661824072315,0.570331313985238,0.218682073525197
0.860658522479023,0.194774019091176,1.16546317534888,0.200947454248643,1.13100892912851,0.329165618187637,0.0896462796229878,0.218108388869964,-0.0786192215660115,0.245471587443474,-0.853600810181258,0.0381861110279025,1,-0.24690483082409,0.333382907319985,0.441624422832282,0.677652626876295,0.167440841847289,0.497946686584429,0.168953666891599,0.659563816005116,0.161026265937367,0.567518085023831,0.178121921953846,0.557373949855317,0.22722991173757
0.923709786405217,0.191918578458319,1.09514802970479,0.177088910774418,0.927649420629251,0.266980045232532,0.057159552075013,0.112048528397621,-0.230269462480729,0.23346820499715,-0.910795459400854,0.0215933117969825,1,-0.999999999861862,-0.13423077815188,0.393537583369618,0.7618378028345,0.148823892080522,0.584021789506497,0.158056038891665,0.457498380960591,0.178326854571573,0.635173822466856,0.173198031685034,0.943790005013253,0.181337877467964
0.962911257344974,0.173304516041415,1.19110543508462,0.17485852359553,0.955299504337988,0.239773756224688,0.0819793912210981,0.125131419933483,-0.279847944068513,0.227751012850238,-0.881439043527486,0.0281370734799916,1,-0.999999999999544,-0.0442427875459444,0.445287911640254,0.609085227694137,0.170267313092466,0.571831751662795,0.146182220896363,0.787139433297008,0.133525959057572,0.884507597771136,0.140063757328752,0.605577999229935,0.191733123691737
0.931629381171229,0.159015389395686,0.845082835317327,0.156352543837004,0.824189981497174,0.253852729002642,0.167527958609543,0.293752300188607,0.0116883589668646,0.193339581959915,-0.857940299198583,0.0355499006171867,1,0.0314554735101329,0.20618540910472,0.356254881197584,0.545713511421725,0.168247043159427,0.53219317156374,0.155937567980173,0.615129926212859,0.175988353628694,0.404031326566214,0.2119442439448,0.547031515130231,0.212598733103633
0.665340943112923,0.199933095412723,1.1264563792205,0.193600505822506,1.22463562851503,0.350760963884795,0.0483074114091455,0.180556296147447,0.192425681432241,0.251809378037765,-0.927902555654885,0.0195196649709722,1,0.791138837823993,0.118344138559155,0.470965334694662,0.793196878459192,0.160347223043499,0.556884433507694,0.177489086892791,0.713576447432577,0.165874052480227,0.706342354236884,0.149140068901768,0.854514523788847,0.217684966964562
1.03121557373639,0.233225228502697,0.946515331567465,0.234164764223884,1.06530823123094,0.347313784867187,0.253390062823217,0.382049322325388,-0.385183902221164,0.249672701661452,-0.921756672123121,0.0216781943317412,1,-0.741371177234034,-0.222819852110983,0.479345566011882,0.882240113288108,0.154409407554345,0.684616842508389,0.168366034015137,0.681980188964194,0.166014905028241,0.710336706051541,0.192406520139029,0.524528877624412,0.240798779840771
1.07080053053109,0.226516148755128,0.943673232439667,0.223937983819374,0.846278212782091,0.287045684022256,0.0983184095539418,0.262088345133068,0.0852909297703874,0.223336290711711,-0.89393877375302,0.033410986497749,1,0.295684695583366,0.0644924511154423,0.440303171778403,0.536961215894312,0.207853276843958,0.669133031034372,0.191328307599688,0.812906360579548,0.180164174703005,0.582145162509731,0.202001394254238,0.349223726706919,0.262987721216695
0.977649637619851,0.185949658709671,0.815388444016486,0.12979566771356,0.633143543138904,0.183813683862688,0.0363028887444406,0.0669784429597661,-0.151607846734085,0.141415364756591,-0.868174531487073,0.0345519087570645,1,-0.999999990983514,0.507885243568023,0.45218043220677,0.304703324276292,0.188358230943924,0.523262363304157,0.159261876717585,0.666599377536267,0.160777713658838,0.602104158580572,0.183328292566269,0.713231448060697,0.181285940520862
1.19497438870978,0.201601096196718,1.28743788468111,0.238476296016055,1.01058649582252,0.31868446784295,0.636720840597947,0.499006788823015,0.293134476005072,0.287939023157111,-0.922983003538239,0.0215728751402528,1,0.365431198004777,0.273735205785676,0.466113236646622,0.76611937743048,0.171102348231753,0.686551723243804,0.162806581878544,0.680662220189908,0.181182808866858,0.890931165347252,0.210116730068708,0.370315483095475,0.283931583945633
1.38523211504597,0.246505094492242,1.06606456681562,0.224763737039574,0.885611348130485,0.32797703783484,0.363212230912865,0.461618275738067,-0.207146091099882,0.21796829047042,-0.906019879352278,0.0297992578093076,1,-0.365237131855204,0.983580803636971,0.395097194593133,0.735793788003993,0.192357312514904,0.715166527180792,0.195955125973336,0.613138898478382,0.210519935124997,0.728848245706765,0.196103334959004,0.754552141395379,0.225596067008036
1.33764784613218,0.270049066931315,1.30609745160982,0.249303374906745,1.55133354310211,0.541426169868687,0.395193195773185,0.521985977836229,0.327898177394099,0.322893787663056,-0.921535091928367,0.0258402787682883,1,0.418775901232055,0.157020584451795,0.477070473215725,0.821155021554682,0.198744271408596,1.06588007452663,0.178577684612013,0.977217914634297,0.186458269063115,0.49116565430261,0.200466794255613,0.944753758754923,0.214109802792793
0.866737484977915,0.217324758427268,0.762044347643808,0.164006116278786,1.3300331154924,0.360483107658268,0.0424914920994411,0.119616545724369,0.17309681866447,0.28150638488698,-0.868028009151449,0.0343896149991762,1,0.728126551460153,0.222849374175749,0.552273675122152,0.490583339790899,0.158134559384794,0.545271973945058,0.149086676782168,0.74996334387322,0.162544910667669,0.719043593805033,0.170833165344348,0.530742304042772,0.218440972573065
1.19534766846989,0.164655209835547,0.951080404132756,0.153437868302125,0.861022972370411,0.217786802754713,0.10556529858745,0.132167006561708,-0.3014865615395,0.197888442706496,-0.858500370897876,0.0297951976691502,1,-0.999999997909517,0.252594320036425,0.326446721824639,0.535991860866856,0.147311791734999,0.754601747229028,0.132031819910832,0.739489327508084,0.143287485913097,0.55101299796253,0.18199385247042,0.473310614241735,0.19473165229456
0.895514783183687,0.210435841837483,1.16348236883524,0.196114427675836,1.20268799759468,0.30319161511418,0.426854947718298,0.297751869802178,-0.241173338067757,0.290282733181152,-0.907595581728445,0.021851230765212,1,-0.336598864181539,-0.345503090784159,0.584054576423452,0.718671549404714,0.166393296040757,0.784791989213947,0.1388701358774,0.753952336960722,0.154902821527593,0.760105969110549,0.132114747357078,1.03151233689626,0.16805724233653
0.874747651527131,0.194082553573799,1.19938005711033,0.188359286147848,1.02507077649894,0.293829006034988,0.0299790135105553,0.0806806356864759,0.17530148437338,0.236363492717314,-0.914643415037878,0.0233925200204903,1,0.99999999618578,-0.0388320049318093,0.470441944304456,0.627073394208963,0.157496111298465,0.855465981363579,0.145819300268403,0.768468262785978,0.153804720311628,0.648707194350103,0.214754805024415,0.511688645950846,0.261315000239058
1.07815779571936,0.214132650162549,1.16289621436938,0.197266368040981,1.05789858905474,0.361759259363007,0.428014777610256,0.37063149455416,0.165434587613747,0.250030456100963,-0.921379544895221,0.0254367194241435,1,0.245852660509087,-0.172052846482352,0.402599077473224,0.724670412993751,0.186085571480189,0.957165048872788,0.160575457927494,0.386978477368472,0.213401846502785,1.03454916079328,0.184720450433198,0.534475190047426,0.235236474414914
0.905682849332282,0.200792463759205,1.10525978360609,0.199361070218868,1.29434082148042,0.37672655956408,3.49781061123275e-05,0.311211367882494,0.000119589090441245,0.274782068916077,-0.926292425413732,0.0189550589848579,1,0.0177733418096896,0.202451811181455,0.402551098070253,0.411146352466427,0.1736879994419,0.692273327651126,0.154589668188626,0.919726109278498,0.169221473440893,0.911390499609034,0.18320182286542,0.953677392148308,0.232328122493074
0.938272659589236,0.19148224278519,1.12180760589711,0.178964825042858,1.079828898432,0.335910196985415,0.0157573261246786,0.062757092540841,0.130442386154916,0.263456601853298,-0.876202139672091,0.0397761490854934,1,0.999999999833757,-0.0127792698255138,0.353857717151578,0.493735900398437,0.173430913252197,0.76316672530157,0.132524934867992,0.459519951724768,0.193018377446133,0.906880149824485,0.185146997178699,0.228343255438819,0.263831942496789
0.948890115942427,0.180911813120582,1.0278419992256,0.175586453123835,0.832324644054502,0.252593153858747,0.012180948147948,0.0417677912178281,0.100690135211061,0.173042886038334,-0.861179598707872,0.0374576566200634,1,0.999999999868554,0.203915456388484,0.369895329581621,0.53658588190818,0.151305488761078,0.603992665235887,0.146376393151284,0.592225404237884,0.163373428563114,0.497008134360356,0.198510305519326,0.214136995015349,0.240889146084748
0.948013479698747,0.155335601856888,0.958885672179817,0.140115631751074,0.764214909081914,0.191224021928911,0.00255174121861415,0.0211543046415546,-0.0441596915162726,0.18216890108941,-0.878096414960874,0.0280852772031712,1,-0.999999915754311,0.145521886688274,0.360278543978309,0.789659143144961,0.140296687643898,0.601032692866213,0.137572138726194,0.505508411587541,0.151786730180101,0.701647096755869,0.176504650256064,0.41225854062907,0.215618065951828
0.790907916626488,0.174896071048056,0.804400514876208,0.164591612889252,1.05723735819525,0.315583546077707,6.25465877995711e-06,0.13274343721558,-0.000241989606858807,0.205558867173055,-0.914544015796537,0.0260480243748312,1,-0.0941041232062868,0.0525509364343021,0.432326242715727,0.535705913445972,0.181585293075826,0.470547909214028,0.168681170600575,0.712693536155135,0.166399348068093,1.07771324511411,0.161049690824106,0.458926478408865,0.24204890841492
1.0967646391669,0.207900745514006,0.863916934076993,0.149872845369123,1.20162598053466,0.338691841831833,0.027065750574885,0.0828603364352091,0.180340975022684,0.202826272327422,-0.896076201307117,0.0262255540075985,1,0.999999357355551,-0.150330260204061,0.500104572814608,0.771206211149548,0.165720358347456,0.787132831206005,0.136188335151225,0.792659954616336,0.143777513795148,0.64983831282156,0.20112173474866,0.529251002407178,0.21512235200038
0.992112806711443,0.178332200259671,1.0352466933065,0.160883357636078,0.867471239371757,0.257195014552376,0.000373247870069436,0.0075239314255344,-0.0179938011000202,0.165082172216784,-0.861954752409983,0.0388277872878493,1,-0.999992410886472,0.0393403197062222,0.362828142479707,0.748339084923929,0.155878588757369,0.461539718654876,0.172578002178245,0.490820643262825,0.181934330508554,0.849986810011408,0.172634856093618,0.267402136438755,0.252439247672376
1.11647321221652,0.214577126713051,0.530607684446546,0.1921024054852,1.25650867054028,0.394075647846811,0.274812570227204,0.433586223870782,0.0338443928912854,0.254492697813009,-0.89417781072069,0.0290805602275339,1,0.0575951198259956,-0.369480773757352,0.492798316443688,0.860020395604158,0.179408034395812,0.729027755924455,0.17720426113597,0.741595100356512,0.157161344629711,0.901435056389393,0.140617921299381,0.876914911432099,0.229625204717486
0.929423251959514,0.222428956100279,1.10781891408265,0.228061249072812,1.35115337058772,0.428267488678348,0.43060085677046,0.362360975602616,-0.157221851968858,0.345709269381318,-0.908248076020401,0.0281334316626562,1,-0.206121426012637,-0.404005912632826,0.543076169402459,0.898544166455164,0.159723713687179,0.755122131144385,0.169448683318871,0.865668185645442,0.194608100613114,0.924045463358089,0.205833889378091,0.647454064282649,0.260254834860723
0.840993955903536,0.174022318138625,0.920244778912846,0.17989257471952,0.932902339326247,0.243321406289002,0.107716133279137,0.20413097135887,-0.247508718748132,0.216247142582838,-0.932484070648138,0.017973799651815,1,-0.780786028591334,-0.59818546091136,0.358133155684776,0.778054403844309,0.147750222402017,0.901535664530169,0.151099701895905,0.467323140478214,0.19363098783833,0.276882350953604,0.203014553508096,0.812114464033146,0.178325154749007
1.62671644829818,0.264965949729982,1.37280258195619,0.19733695786853,1.6068689739244,0.468781009635524,0.058362883571754,0.108516253533886,-0.306237663422043,0.304676498887286,-0.926442479102843,0.0210176522376692,1,-0.9999999981765,0.267636840724949,0.456012765483729,0.829388387105009,0.157111482663426,0.695201489517572,0.176426300492353,0.664665789160299,0.179623906162724,1.11530158854175,0.177263572450633,1.0954721001544,0.1670848475457
1.30741480992309,0.230621239750432,1.23379551346982,0.212802616327507,1.10401217462598,0.324117087042988,0.101259434866867,0.325115925325974,0.0516638768671717,0.205556445004609,-0.923870021719987,0.0197641209454429,1,0.154519150426917,0.0850640152792911,0.487887536512017,0.86302745867749,0.16076805437678,1.02387159793737,0.144796018838384,0.664464940055572,0.177937396470644,0.733638925866845,0.189577182790183,1.05208121352785,0.174227911688612
1.02756856754031,0.225579050932788,1.28258680424091,0.199225644739065,1.14963610056596,0.334052749296693,0.125042880143971,0.218408933426222,-0.0368878330779672,0.218893370650953,-0.87788780104565,0.0355166108185116,1,-0.0972911783325524,-0.725435172542594,0.437763145482037,0.969710194758944,0.150910530331777,0.803895175991251,0.153421088021174,0.897768455877517,0.157298043692295,0.939701868925473,0.198098601312821,0.716934798126117,0.246636891653097
1.35252529516392,0.206294538143359,0.988467240729818,0.178197052492706,1.35664126837804,0.355988979081752,0.00619995225632361,0.0347985599003738,0.0917121098423082,0.258266186958587,-0.928676121152851,0.0189635565313309,1,0.999999999930179,-0.102079319055825,0.478284065311169,0.809864155241522,0.159012762107045,0.901333888721189,0.139374265371346,0.697356424701922,0.159731355162631,0.9690382516254,0.157148498718755,0.909426979514797,0.193674265899044
0.87431351419294,0.168846648595645,0.794155957324636,0.156228154002797,0.70659483272506,0.19785075816885,0.0262538848269184,0.0675144338690451,-0.136201539483401,0.175993846050083,-0.880622964119135,0.0318254624974291,1,-0.999999999999706,0.132761902915062,0.417393649932093,0.399843593011288,0.179484703425679,0.729351338021734,0.155283773448494,0.668199228971317,0.151919224170798,0.554449385708375,0.166534534558788,0.407061554243783,0.217966384779278
0.871865966040919,0.203254186823734,1.13043434901256,0.223124520653984,1.44525907605435,0.467308742991856,0.18905294790641,0.219794721972595,-0.15695539908817,0.311194436130114,-0.925442502691288,0.0206225304020883,1,-0.300269817484159,-0.104092630883276,0.422063735839305,0.8825937301449,0.133378335241545,0.595681199872346,0.162819341159374,0.625062705290149,0.192623284947386,0.838366701058061,0.212440165758555,0.331489815163013,0.300765578142091
1.04860892153274,0.219598358989493,1.04572350021704,0.207104022120094,0.977998768160354,0.315982799997148,0.465869692254206,0.409329849805514,-0.0961626480453608,0.233219292014552,-0.937782218933353,0.0201935812557699,1,-0.142463966308839,-0.106024812211745,0.502408787092089,1.04351724223885,0.15030033280644,0.755262550970004,0.167136366492394,1.11074032721116,0.161279987122886,0.895770986727699,0.215159787296592,0.780565606924094,0.284339743157948
1.43619932745785,0.208967096912256,1.24036459038902,0.193292809630858,0.970458357496,0.280933993914974,0.0204424860882283,0.0628272323913179,0.140849464588601,0.193952858924834,-0.921944323576532,0.02174167480946,1,0.999999753071497,0.576896088335518,0.440441446932173,0.717498720716247,0.15025552107613,0.605920152114285,0.177247632532078,0.790091111525736,0.173680221714685,0.822133505293944,0.17436325233864,0.953212076134718,0.172729168526738
0.837484638851602,0.158220420041602,0.922449722796501,0.169547122668064,0.733142232718976,0.213380713273974,0.169807790895797,0.220319018163235,-0.123588630174577,0.193602353273095,-0.878485361505207,0.0313313776066856,1,-0.350272138387886,-0.285011041630498,0.403360678238525,0.701127012172485,0.163772353136696,0.636197057748042,0.163280809239457,0.565299733850388,0.165731146165102,0.566839027764656,0.171803009722208,0.529115637854353,0.173780294752777
1.07079757521304,0.265884611093637,1.09576345054149,0.268565060211016,1.8108282326331,0.643459519411998,0.755567567266846,0.70845214829989,-0.662728516168186,0.456147752719316,-0.922850076229368,0.0242429133231423,1,-0.566578872398199,-0.0171967163560254,0.494267475380817,0.955855757132228,0.196408006296588,0.817792050181651,0.186617476717356,0.645000120173233,0.200793875110859,1.11035616339931,0.205316297266215,0.473494407732974,0.197816944191196
1.07625069380753,0.192122017986498,0.871429714975618,0.184894887002538,1.02819968278518,0.240548871702125,0.0749135811121288,0.176700199527761,0.157383488534703,0.19514660054326,-0.877656751761743,0.024260695880019,1,0.567074548506463,-0.316504491864309,0.390692614015056,0.754042417840433,0.139906597470369,0.561125904140423,0.131753754330648,0.675039611062088,0.144655889083338,0.538501243672329,0.154965305847833,0.638449577677545,0.17883681917128
0.960010049495732,0.167497016736446,1.1810901484877,0.172501604306368,0.758306493987357,0.202370856420421,0.0934790182673014,0.133705548596521,-0.266243772746542,0.203724835011342,-0.847170739535741,0.0365289062684187,1,-0.999999999454437,0.839643445638894,0.425734695710715,0.485443195309214,0.186274623766027,0.643639214302628,0.148390949195277,0.631148509107028,0.149392085796973,0.534747644343088,0.168586639340388,0.582809714083838,0.19518059008281
1.0443895565231,0.188480792564269,1.27443860786097,0.215367130360646,0.894630750950884,0.286473691944573,0.00215980834014841,0.0255483850606395,-0.0439571289700238,0.255830855553797,-0.903953224968733,0.0264750208606459,1,-0.999999541987968,0.166550830204612,0.452832700737047,0.769083461628079,0.147943951666523,0.72689142963238,0.146879476548989,0.724829006384472,0.188154063447078,0.611925804225252,0.208400048760848,0.684222788106808,0.228062054281092
0.97258090002512,0.190864107761669,0.980618932812706,0.161038742167692,0.898766834535992,0.235213555251542,0.0977732447863505,0.213167880062112,-0.255983471681012,0.201333492551359,-0.855828551456786,0.0313147214041402,1,-0.863531911772807,0.0815275167544095,0.475649221493863,0.472816804228735,0.157885800497201,0.636460194496471,0.151619537785844,0.623483990630496,0.157013246622746,0.69850249847412,0.156264470718299,0.904442091249316,0.172771287456409
1.25147337898635,0.256634787177437,0.964968463513826,0.229481564589553,1.86821773054965,0.619034366371921,0.75199081071789,0.549024625840526,-0.143051484385151,0.425382117335465,-0.896750152050302,0.0326991458827315,1,-0.120690297306461,-0.303571642714029,0.564203143540604,0.712012940006261,0.197160398790536,1.00479338859392,0.175794868580433,0.705701674016308,0.172464123961692,1.00519082293245,0.191188145590005,0.579318815216069,0.229539936132253
1.04563435152263,0.18667342275939,1.03981508143977,0.161109721495433,0.980397773839581,0.262150263835357,0.0739959148162441,0.122176195525353,0.269342588760831,0.231079209271675,-0.90934295647932,0.0234129634065084,1,0.99999999973339,-0.238061819472105,0.32153542084974,0.754922707540478,0.142300271391413,0.773598853713233,0.137344517275162,0.660036189086381,0.177380382921563,0.750247016958663,0.189751521545906,0.622598968742565,0.204613705968279
1.07436762640787,0.162873623353006,0.706862267939814,0.170022692017209,0.590491254633999,0.183502234963255,0.0504480270192733,0.163398502680717,0.0488560950984316,0.156348815129795,-0.890707104969466,0.0282967808381098,1,0.283067444630594,0.0623823246873181,0.324697147519488,0.476846277629141,0.176956217966996,0.69568128148167,0.137488742100432,0.647120442787956,0.147035416792958,0.549986232451227,0.173970884225734,0.360829428368135,0.250458159750315
1.19022070308837,0.212522164285168,1.16261235310326,0.169149450778141,1.01813476650393,0.297335453037692,0.00108761355195017,0.0127942178702535,0.0332766742102266,0.194774310954158,-0.922862618435503,0.022219882704041,1,0.999999944340467,0.336981411455577,0.399510751022268,0.689943089529289,0.16027324481357,0.792912467060149,0.157791419280483,0.6712593672714,0.168042172552414,1.05143654776133,0.151619254847783,0.749947828463247,0.199888478496092
0.834459846690095,0.174912552729927,0.934434920131489,0.14775122656387,0.864239464266945,0.224343850001368,1.91438000186164e-06,0.17433708895165,-1.77964225002072e-05,0.155439523650999,-0.901304422877118,0.0241596813449015,1,-0.0138357143258559,0.145165839548959,0.388774548381504,0.713868265898518,0.138234155840686,0.613024803401456,0.155015728699771,0.692455965316012,0.181845064445909,0.618945805685648,0.177941601232471,0.579543206810454,0.191396526123
0.912377080589767,0.163384957436824,0.983547347737594,0.162987893221819,0.615830965623867,0.184709623768206,0.0833550441638471,0.143225083797085,-0.0277073370347964,0.16792952301722,-0.874553918250852,0.0331702612284013,1,-0.122292010033419,0.0214869557454266,0.399840600157315,0.367279195921984,0.16902992887423,0.730601201793599,0.14720435817756,0.535202312935162,0.169812747122997,0.44178644118916,0.185609173666346,0.494140862590337,0.190982469785786
0.933422546170903,0.181338721341067,0.965338745834676,0.172006611195818,0.881571548385595,0.257803894791079,0.0799029474430247,0.214188227684183,-0.0257060889233532,0.205133066207232,-0.913640971631211,0.0222421918689929,1,-0.0968558424440279,0.638194300559857,0.361947259009582,0.367781467218993,0.183936432224678,0.698209000766659,0.155538131776225,0.50308814063618,0.177712558643036,0.771609575092289,0.156301111578626,0.783085360054796,0.202044443529821
0.888086542135321,0.234016115188472,1.01870487797448,0.191826763471128,1.82979656724965,0.552062149413607,0.000854395049700057,0.092312713832398,-0.0394360798249849,0.348554927783585,-0.930885110735635,0.0214651975929437,1,-0.997385318358625,-0.597584837013902,0.507352764769669,0.633978049190015,0.163993020536879,0.982451055503439,0.163638623045745,0.808582885811598,0.198413094427909,0.630803351167684,0.192680699813711,0.842647811263141,0.2132441488701
0.605147550294568,0.183297467578945,0.816148588337896,0.177955592328842,1.02974469442195,0.333736459336555,0.0269372101876358,0.0727210468081566,0.166548639349902,0.231079237191478,-0.913690813873527,0.0260942284032393,1,0.999999999928921,-0.394442358852923,0.382575861781357,0.31214217497042,0.179108606086498,0.802148538557857,0.15940863437545,0.721569504856093,0.182663603052111,0.672198427779758,0.201622596147415,0.773445362665889,0.233377982538976
0.813224077057249,0.142341966620249,0.747220568766749,0.129268887211643,0.443256273250553,0.119558040258972,0.058701711250273,0.218104422541547,0.0736473821063908,0.0983576371332352,-0.854368577700429,0.033396187069679,1,0.45656696792468,-0.349236768522855,0.335240687855948,0.403026767415226,0.156216976450933,0.361414289014549,0.139675738150393,0.351841234849428,0.160337313859497,0.63994807189264,0.149596298800069,0.399659613249568,0.214444917015397
0.999883970304112,0.219291517172312,0.899780802966907,0.205549309809058,1.40520933108484,0.470339592870847,0.32366601948659,0.332776269089973,0.139586855320579,0.382664323666128,-0.930936136268963,0.0196216042557935,1,0.206978605914102,-0.11899859640431,0.487947478865498,0.568611417283956,0.18794867795751,0.732995419284126,0.169237893681309,0.814558057469223,0.188584057933684,0.633885277880812,0.183422088107949,0.875051776375845,0.201203923474312
1.10679925702746,0.216469787499387,0.880310900761217,0.204329185146295,0.94169560653478,0.282467752564381,0.60365415999382,0.464680228318481,-0.338286516525752,0.2628487841025,-0.90923954029456,0.0259938149758698,1,-0.448678559532327,1.01212542751059,0.478961052920707,0.779510921166481,0.142376350567164,0.43628852467241,0.18233369671725,0.694517112015333,0.189547768664532,0.563962505091211,0.186622134214601,0.787514416833607,0.209742525861363
0.746330111589499,0.192845432727062,0.931502059415686,0.207610067849753,0.908459658710115,0.224895139446647,0.663322230698057,0.431730986075432,-0.266329085425676,0.189487599569621,-0.892235669803524,0.0256527634416628,1,-0.343086396210271,0.191373700405632,0.468940366566931,0.567550483098178,0.149523277876949,0.613127301638429,0.156903104663367,0.599596653941128,0.151869092029143,0.710688348768203,0.156594588175101,1.11591207931011,0.18282696737986
0.83735607350826,0.154770427188864,1.04751705257184,0.134309397699432,0.615250207800858,0.200771058549674,0.0147038341156113,0.0484667144822587,0.0951132848555356,0.154896795666302,-0.867608496528691,0.0383020798223276,1,0.999999997839564,0.332410825301226,0.335518440477541,0.425586337453627,0.165879893439591,0.618049003183898,0.142163146436209,0.436077057810974,0.186790210594563,0.487044389082939,0.202971570048141,0.745131473246134,0.178968723674687
1.07046045899491,0.195778182850209,0.945731471473705,0.179627507189054,0.843105697556101,0.247061120956264,0.00835804887350234,0.0431094032319342,-0.0839447276733056,0.214434306170215,-0.907143822066876,0.0235609538125526,1,-0.999999906228922,0.288811711582043,0.481638941982211,0.442003446521502,0.171765668204872,0.846071010144009,0.149767053544106,0.705868581648011,0.155234773603968,0.644744623886113,0.162648417379341,0.607332382690692,0.226251634628166
0.814980553031694,0.200718162474148,1.21426970565519,0.172230317496164,1.17264698947234,0.334309400255684,0.00886481412360837,0.0451533455336715,-0.101957329103073,0.262443159138854,-0.917185329050822,0.0223047582245833,1,-0.999999969387651,-0.0548755446138358,0.487718407505309,0.635404686204515,0.172957608529728,0.823753901640088,0.135967056053307,0.57670757645718,0.163004422073914,0.870951518997215,0.193281587271857,0.396530563939804,0.256123714620764
1.65362099815115,0.375441564477608,1.12785601799251,0.341820953179866,2.96619435970935,1.06210797076989,2.69695400670133,1.50031334104732,0.0436509781514317,0.596503239247299,-0.929522407169342,0.0268964901536839,1,0.0154332505788174,1.30771430721127,0.665097573445803,1.04973096331607,0.203742585044339,0.932659775984056,0.186194994829435,1.39784781148817,0.183798348399494,1.14152576427441,0.245859403359233,1.21981742661157,0.253641898675567
1.03657124780418,0.17646547561628,0.656795522055858,0.146819565561612,0.796779335560327,0.23293742794099,0.000428628610660052,0.0574586003115841,0.0184494763155051,0.150165613089173,-0.876714682942449,0.0302252794264925,1,0.99833071728841,-0.334225471917834,0.373359513396526,0.835648924893672,0.141184973599931,0.662249587703736,0.141220956116106,0.634897933342505,0.160677227749348,0.601932027762775,0.195924172649309,0.267150034696843,0.216975352444718
1.26864142256602,0.186510183023178,1.04450982431266,0.188751821256143,1.14554892840053,0.313197436846931,0.0107519439574575,0.0451514073001708,0.110981430289023,0.232725922393667,-0.925836241623349,0.0197116127493456,1,0.999999999606606,0.897279821012623,0.386593990389845,0.62099240164515,0.164787650047688,0.800983943476383,0.175326608726255,0.793410635164742,0.170133498903143,0.726066514281876,0.135236456964055,0.829466306438764,0.206080947160683
1.20629146727463,0.234208286511908,0.947268988788145,0.172043647316104,1.32437423091693,0.365208837104903,0.0998714449399506,0.239470306601672,0.215134734554345,0.245768526372171,-0.916140877997578,0.0212414460305163,1,0.591540531812434,-0.386487844213829,0.444478674704821,0.852784842781617,0.152229649298968,0.923824458396208,0.123640656227313,1.08148162276963,0.146745988216102,0.829578296179777,0.186895348820289,0.702855370585855,0.222639606366942
1.10014692878596,0.196108938980791,0.926559164407091,0.171367957520385,1.00131329988303,0.265001115389518,0.030139645708207,0.19123737137292,-0.077409653492644,0.185028486400631,-0.872910194861156,0.0289975997722825,1,-0.445595770190924,-0.0589586088078173,0.467101682146853,0.742395055025778,0.153831456831804,0.637364129605161,0.141300157778225,0.493790011616102,0.154793729734207,0.90103486982975,0.169142271791548,0.632274934303251,0.201270100687839
1.35606436450078,0.25285597687291,1.44913831536146,0.258359351147304,1.72376338106533,0.540542893891494,0.741913359468975,0.522791997933242,-0.245605951221537,0.340387190826936,-0.940159220465834,0.0173276943410703,1,-0.217181818356332,-0.396190396512136,0.350774734731222,1.01942168912247,0.154564440681097,1.03324200648949,0.141980910433211,1.18483506312993,0.177363814047142,0.967941890637242,0.212602242777134,1.14836981129743,0.231884115603095
1.02108288166646,0.194985816581854,1.00847609702722,0.187310562352202,0.790379615767004,0.210218913819229,0.301660210532678,0.310564664707855,-0.150323446911698,0.172647129277865,-0.8813395492532,0.0305311435356611,1,-0.307857575717428,-0.0248631320517699,0.44364998023874,0.776215599395611,0.155110383994364,0.855540040587742,0.13408725927312,0.558540566512678,0.184458734426473,0.571418136231335,0.203911420554261,0.528594757194687,0.221790918961665
0.949850202453609,0.187203089101818,1.22978025636587,0.197766334756137,0.865369984283503,0.246086203649571,0.826911592309393,0.507136649701309,-0.382125254142391,0.251871003023896,-0.90085555200578,0.0267030380284602,1,-0.451726206725659,-0.502545484333434,0.420323367135471,0.627904820942435,0.172022105541137,0.683145956809113,0.147048426625696,0.612511660180048,0.176901242808059,0.747765318463979,0.156388880424442,0.42979452964537,0.212317855649178
0.784823122519965,0.222477704457311,0.96643702376139,0.201758157729437,1.38090450613354,0.438299013776198,0.00162506034282484,0.0414488230464959,-0.0473670558469487,0.256103188313654,-0.898645250401572,0.0295163043091706,1,-0.999907491107747,0.203636988315784,0.491896641461364,0.621650393190915,0.172587840508203,0.73666001245413,0.176326504867155,0.736485174069886,0.191752958787892,0.488054703893337,0.227450179223555,0.742547589401694,0.196637985963225
1.30550123066205,0.23733765638564,1.22678908100309,0.227740747066092,1.52779644183878,0.480783757545082,0.0668897006441038,0.190544601394929,0.207295349327442,0.269617888682917,-0.927546725963642,0.0219122603281345,1,0.648451031632783,0.239283470266571,0.449362451510638,0.765098625145538,0.161718836016738,0.539177977549553,0.200308230566361,1.03720736761885,0.162155623631909,0.965734105554076,0.194391143217393,0.798148744938986,0.222978619570153
1.10662035178196,0.182149213289077,1.18131142965236,0.173012743838104,1.02611386366711,0.314972901440484,0.00656525955603442,0.0339813076673549,-0.0820774258395115,0.209699991426528,-0.89766880686481,0.0271341327301129,1,-0.999999998769472,0.403233893524388,0.396420276814344,0.636080155361276,0.156579890366871,0.379246844169732,0.201334874657306,0.863965994459055,0.169242666506198,0.885649685901621,0.184051007575741,0.516353978449365,0.247986159394775
1.13359484704499,0.217789101389213,1.11132824212781,0.176261045584762,1.79077751094114,0.506174108309196,0.0086202133959704,0.0526801622329175,-0.12424525404091,0.382478265653727,-0.930845935740272,0.0175914397889483,1,-0.999999963162028,0.421532915012067,0.381228779452528,0.825914550532906,0.1541479815498,0.855718394318525,0.164466532589246,0.93704450566019,0.143328492783517,0.882520687596493,0.197049062240141,0.779110680559236,0.263946882904469
0.828235251169806,0.222753210831218,1.27387860653596,0.262579842453607,1.31037272704404,0.470432111443516,0.00747452525735181,0.0476833282203121,-0.0989667314592186,0.317182379177426,-0.910863664880728,0.0307684938645235,1,-0.999999994429755,0.0380828935923294,0.436347787332847,0.743111347277146,0.1803368962399,0.930886161882361,0.17709463168498,0.858282153277324,0.204554154858659,0.717953209502355,0.206980497810905,0.859514602108962,0.284711547284578
1.01847585700408,0.184257255269335,0.983263055851521,0.154511302784182,1.19968237927545,0.390209584479707,6.12424627536388e-05,0.0636708309467882,-0.0075026722138422,0.225386660778128,-0.891444644915273,0.0250016426729741,1,-0.875299155520918,0.504918609788469,0.390047150023418,0.976990194645931,0.0994580259165604,0.867305255402342,0.146943067261372,0.424290988832091,0.186385805498898,0.560936349749383,0.186022042137685,0.891717019441835,0.16163530807722
0.596866147937155,0.18090991554633,1.24154454286181,0.195595554736881,1.17389585348051,0.372091973334419,0.00579555784028099,0.0398723818840648,-0.0824825982069048,0.282688937584078,-0.916029139871361,0.0249656055935866,1,-0.999999830205695,0.0848878778539081,0.435742511626891,0.684592610660831,0.161228336995777,0.809749321479695,0.165499108358442,0.765458260406208,0.168248650960595,0.679329817122581,0.235680760326821,0.769591735875553,0.246159985168171
1.071784659606,0.196422632363486,1.28477151183138,0.179050019840218,1.08234324849508,0.29305705865592,0.00214389609126172,0.0177659613157747,0.0481708365205096,0.195226336857929,-0.919176836691848,0.0187676418843899,1,0.999999575775692,-0.414901233443817,0.466029008315415,1.02167575953103,0.114813371206214,0.822768056579633,0.134152340347316,0.62777861889037,0.148557558505369,0.496002352369982,0.182247514496853,0.914151306076209,0.173986195212159
1.14858911136368,0.194317856607173,1.13045971709367,0.170088053442132,1.13917590199831,0.312676741833237,0.12791180325246,0.190069647757947,0.381725089273633,0.29470317980804,-0.916529465100345,0.0190545730735469,1,0.999999999775629,-0.158151599112168,0.442868103680671,0.790806470956399,0.15426383092615,0.612040860610776,0.137676630589441,0.723384507310056,0.152074536110813,0.727744828615088,0.180763041046,0.685586169860669,0.213886151450375
1.1720414928269,0.282763197690534,0.837514026374256,0.205276314217883,1.73273402065123,0.617914506438363,0.188064104878694,0.387383225104072,0.435310219314645,0.385374943365675,-0.935675105962199,0.0231290375672994,1,0.762570421513424,0.309116852460017,0.539998656686064,0.89282660206252,0.195108472546503,0.859826455086123,0.180135064944999,0.625284357972396,0.230646196617773,0.452529147695023,0.266541171561705,0.808940083711558,0.24122578506106
1.18943865614878,0.218764830721494,1.09863388212686,0.198999580647206,1.10854705189412,0.346574433093361,0.199992174300047,0.252838815442652,0.456847792213057,0.297846958963727,-0.920314699738412,0.0246168003920455,1,0.970259634232681,0.171800999376284,0.353612590489633,0.895003511001394,0.177277187101505,0.721446866918527,0.184820630037575,0.782842769910163,0.193246409323139,0.914162783728944,0.174127949248678,0.739718536451525,0.202936503026292
0.957823715095986,0.186532570402995,0.988842688443292,0.178042771000796,1.09111541016343,0.326670514451962,0.0165422595160934,0.0514641819884974,-0.134348479880327,0.207481223164804,-0.914493362559015,0.022216957776297,1,-0.999999993607101,-0.0289199862506782,0.323265239765757,0.829667136187696,0.137684775462334,0.802770410566435,0.145921274822962,0.902464142192614,0.170763948964146,0.544076100293782,0.213853723839816,0.291044634800951,0.269637796186635
0.917606550941118,0.180564694310279,0.82759096830608,0.156653195981225,0.975184348160998,0.274476267827055,0.0330281506656582,0.19957857080793,0.0336013968071757,0.233996848779114,-0.874584331766356,0.032196245189188,1,0.187228449907532,0.0372315238345872,0.410270024274767,0.625868781715908,0.162783651787984,0.595329570991258,0.143045360853784,0.812824862574472,0.153989019066833,0.379583912324141,0.202475839259296,0.500316165207884,0.223226450700744
1.53833593653749,0.245552281818696,1.04497837953194,0.186168198887521,1.09594326320146,0.329970057786492,0.374252243242705,0.384946263934664,0.269606635648771,0.243171812439855,-0.902425978910724,0.0271309916040795,1,0.420973090052721,1.06055889705977,0.524795466002205,0.750009306505233,0.177837641596349,0.675322070934853,0.16991461032571,0.735040565671386,0.170630430304748,0.889590306237932,0.165683215353926,0.836949023092388,0.179993182421038
0.536208272266503,0.149570584027068,0.806006954236956,0.146312028647688,0.63800282144674,0.173470811985213,0.0049997106692089,0.0301507448303091,0.056478541633609,0.153307217380967,-0.877871047213279,0.0325034833032944,1,0.99999939678367,-0.752092773695132,0.392733615860088,0.485409515083578,0.16528366222672,0.531403747965066,0.156721227481769,0.607702211022931,0.157729809105355,0.765687833990442,0.16838236595698,0.352086774144817,0.225538196374838
1.0326954457033,0.206940039353551,0.8513014906606,0.171049057482871,1.04350433056408,0.289617527505641,0.241941770353594,0.240537341497042,0.00895115800876425,0.211706701002356,-0.903447748023706,0.0209594363720346,1,0.017814624332064,0.143600049159289,0.457179345565442,0.62553836733143,0.16601690228544,0.80171523855414,0.145861610529365,0.654402612264107,0.151422885265193,0.923702476071992,0.160366590768953,0.657423254898864,0.211680635471432
0.93387158507544,0.163831160480192,0.932794202903421,0.176333487051608,0.678120473030504,0.210100145930567,0.0709091641310601,0.189156458083386,-0.118850096979241,0.20349647078753,-0.891184313422669,0.0306547024850328,1,-0.541994562185618,-0.171680771413502,0.378619474178471,0.714676527732913,0.163173985046491,0.68751448220078,0.132456620829073,0.524305526596621,0.168166814614131,0.313596057133317,0.210533125166307,0.820035638180289,0.213722419354334
1.14721751971156,0.262292451125825,1.07559266181278,0.231878717949377,1.23634179494165,0.460124238891812,0.347801865863361,0.397329856953986,-0.230684215926093,0.268538301447397,-0.917895035926062,0.0249251735844642,1,-0.35178932005912,0.750948594451799,0.504482599615679,0.702322716862126,0.205906912134668,0.621531995361483,0.216912031907915,0.826244387843059,0.199382895009721,0.654552856261622,0.199582284174592,0.718055249298046,0.201908163378922
1.07523854731936,0.180099278868281,1.27689457870906,0.259027917986501,1.02684731049684,0.316063063821285,0.76228916250631,0.474230938977986,-0.486055764645126,0.27178329615882,-0.929772116335174,0.0185180748127741,1,-0.549380563602591,0.35729819806152,0.397785272979872,0.746277910821126,0.162555133471077,0.869739365137825,0.146155187581463,0.592013867745369,0.170554969846727,0.71366687692772,0.192407506438364,1.2387783328608,0.180979748232025
1.01257975184667,0.184903794817293,1.22363373812247,0.207833918932295,0.997303447214508,0.299501299269079,0.02551937752793,0.204367644302121,-0.00876770244231476,0.197941059964397,-0.888766511703329,0.0311443714055744,1,-0.0549587825738241,0.210897985387839,0.416772279584166,0.605638739490176,0.165735487004897,0.560419674334237,0.169395804854779,0.746272152421502,0.158465346679982,0.933710497393626,0.173284327713814,0.462165089223603,0.232249401809499
1.19088781752593,0.214856468614675,1.18728178320983,0.24929598059391,1.11312615777,0.37558963112423,0.278085048030013,0.327547081694637,-0.0410490634062937,0.362688642457079,-0.921173193008602,0.0259280024921387,1,-0.0737806095667313,0.411516908882323,0.52206634420493,0.859294054592174,0.180075680593863,0.487201327522759,0.192368645016206,0.556994030592918,0.214681419531645,0.843038472746696,0.206815109333,1.02950384920052,0.234685822784952
0.869735526861874,0.161525298852229,0.952117692465404,0.166973692780832,0.866807234078442,0.235721413875465,0.0587675113820154,0.108351919145595,0.22569914212514,0.209675777897511,-0.88957486468501,0.0249060287400428,1,0.999999987841664,-0.212293188054283,0.375879797928579,0.771290151411994,0.135975099363617,0.632328965144346,0.146526634981875,0.58367461196027,0.164597420174361,1.01936946515505,0.149472058162442,0.762917813831064,0.192289419463363
1.34253052985223,0.238793239842652,0.932591773775769,0.163929324679567,0.94337597602263,0.338112700621801,0.0545652235162583,0.204017207094177,0.0127640519813377,0.208762764173798,-0.925125558879891,0.0233800640009039,1,0.0562585052071134,0.17334800961725,0.417932822461851,0.695710094135846,0.19670426804334,0.886288598605378,0.168838971543286,0.697245102805739,0.192884561307474,0.791379400624535,0.19554897146094,0.704196058534446,0.217785307789522
1.07075813153749,0.167270742708676,0.86795326138671,0.168199084398863,0.878365936756227,0.231940786911567,0.372504203000283,0.318579752134582,-0.551578617496462,0.261384988625454,-0.824956185221531,0.0418947113902351,1,-0.964282068046159,0.306629600674828,0.37987195974227,0.758729387987826,0.154998572730406,0.626611697641925,0.144699730177172,0.657787604775255,0.15541370427678,0.246584696765239,0.203569740503556,0.535723881021835,0.174202747240016
0.925508239308792,0.20218914730575,1.00950000243132,0.177540194601967,0.992575957579584,0.263300034366402,0.056071677228753,0.108677254665207,-0.235913935405421,0.207784087736836,-0.904105734622097,0.0210929724524852,1,-0.999999876023255,0.00403930941831565,0.410564258863364,0.780830627459956,0.137267452542478,0.642318136184836,0.148642584915668,0.803383806839192,0.131277214154442,0.599914704780917,0.199717134258132,0.526306823768334,0.270109974115457
1.13830696772103,0.193191867778022,1.15288311967733,0.197014831410953,0.941225065092653,0.280280936891787,0.0767441179819614,0.0857079035718826,0.268762882941313,0.165205904473042,-0.94154737242378,0.0165117376188432,1,0.999999998642431,-0.0108342624692257,0.477121597292965,0.685318206534767,0.175772689924369,0.734319246102933,0.165687208880479,0.642882917730401,0.180661935862328,0.854668744836697,0.172054625607697,1.17830839412227,0.183932629679179
1.24785720822947,0.202134606468491,1.13804672353418,0.188910225822263,1.0038490687791,0.287125332644231,0.130826436843239,0.205006412813913,-0.126724289914365,0.22771125368209,-0.91947564624309,0.0206243073263491,1,-0.349685721621746,-0.255707330654159,0.494802056115779,0.818249941288881,0.159903975318502,0.814603752464431,0.156452373159788,0.673594483662242,0.145024749230488,0.857441148142673,0.16978014442669,0.747688335949221,0.190627966082286
1.03307015607944,0.196476781914935,1.08395121890996,0.143550928539486,0.833823557051988,0.23002434937197,0.0412998774855781,0.0872743357963427,0.185571523394044,0.1496692792883,-0.888646162924264,0.0303843714387782,1,0.999999702991471,-0.061952856381134,0.416279638665171,0.711832005829899,0.133394238906518,0.791240308677087,0.147744835338274,0.777767746863758,0.167508862358502,0.778584167307885,0.166881955115301,0.654512538300435,0.225575280660465
1.15832404759908,0.199927805152498,0.937268934653539,0.167616641846975,1.2456976171179,0.337975467907399,0.115509188051343,0.128886112355707,-0.379327721506491,0.224998490155584,-0.872894372580889,0.03573290704456,1,-0.999999999974023,0.225040074104712,0.373520168990751,0.529943836174844,0.159683923414252,0.744338452146927,0.140112886029502,0.527761824230884,0.188061876530824,0.697926136724206,0.144091538795655,0.584187784694142,0.198895090772424
1.4223118150824,0.201075938283131,1.13684887220815,0.153308045294243,1.09715752259781,0.333337820613364,0.0355010988629109,0.0647881518207421,-0.197358296655822,0.187629181259559,-0.933325160840684,0.0181048135117083,1,-0.999999994620785,0.573331295974003,0.346997780162021,0.883424791422678,0.151161879163127,0.777210359843978,0.171468712825872,0.658793670497873,0.174555854620984,0.951243560477052,0.145701588849538,1.07393579464609,0.201413408239738
0.976018962890615,0.158073619640026,1.03671469636459,0.150935087646542,0.701030703032706,0.182369904652414,0.076482128237504,0.144121106603475,0.231551962232014,0.191329196830903,-0.900350783206719,0.0233508970027145,1,0.999999916869721,-0.391960364089211,0.390176240694419,0.612833383081896,0.13987181230341,0.752543715630136,0.12380830723041,0.667293232734556,0.148142110742557,0.37516264969318,0.183815678549702,0.808452372008524,0.175105559481044
0.795054552091456,0.200046888780108,1.42950099840128,0.211651664750239,0.984436471745571,0.306634000032578,0.0263885222773384,0.190883988753683,-0.0518491003317655,0.220083580081478,-0.901025734408897,0.0285637431968383,1,-0.321691689768016,-0.402538455300576,0.434702532235665,0.717161769229955,0.154818203199132,0.80057844002508,0.17437545744901,0.774298073173392,0.168585872721538,0.971684826275528,0.18682091181146,0.790404691555657,0.225723737503987
1.09740799236852,0.223882163748749,0.798520022949038,0.206392052217132,1.17058765517695,0.373971424447153,0.118050548174294,0.285173992129966,0.213630956221422,0.254691990238835,-0.917416668527185,0.023742999752268,1,0.574682815057771,0.0558113372012309,0.491953761722531,0.787762346726767,0.155992218631247,0.690440214003074,0.154337895466451,0.539076512193057,0.176616779484365,0.885141340120436,0.158535069798853,0.566929305395272,0.262470072647747
0.95480608372022,0.164199203308793,1.02313984702428,0.163849066502629,0.667840070014118,0.193642086574155,0.0520501668357671,0.175188204970124,-0.0424998124584002,0.104846091942586,-0.861379973411471,0.0344724672217275,1,-0.227950061765356,-0.0357561562562847,0.375681407684718,0.497732739063661,0.171906426544076,0.702759187920181,0.139683416150238,0.61470751111898,0.158129273151227,0.733326318171474,0.178338824471538,0.436049897432617,0.246933117149778
1.1294844479905,0.181950469150266,0.854592513161809,0.197660496798479,0.916827439554031,0.223683273158306,0.321509226970992,0.331943176402833,-0.206137383041311,0.212728949307664,-0.906108484202108,0.0212480433877213,1,-0.379678702122479,-0.0589304736020343,0.398690309650951,0.663325978909678,0.146748867876791,0.527781909098684,0.1459500736102,0.79632637642709,0.142095848086572,0.667733340197901,0.13960685247913,0.865048675943467,0.175838129089841
1.05033824156784,0.176128467957932,0.991787284152815,0.13973443035595,0.75415060507861,0.210955709080319,0.0121785518649869,0.0380424729959373,-0.0958355998348845,0.151258248649663,-0.868812439852126,0.0304457211802937,1,-0.999999996611178,-0.411431063546606,0.324446603568859,0.732929499193518,0.116262957210421,0.832069211694943,0.13197570629639,0.544864051307998,0.162727679825959,0.835412164989949,0.158958439583763,0.764451763556251,0.213273685665384
1.2189786316502,0.189664828335384,0.759039246273913,0.178092918002922,0.906297985795505,0.274686445315851,0.373098652937898,0.298213152307672,-0.383840981068213,0.245729111140481,-0.855986843368843,0.0382343485764478,1,-0.660091275594794,-0.454576278002263,0.4090418197522,1.06759515952257,0.136096097979754,0.421692784951529,0.181322848749412,0.618051464121437,0.180331614211072,0.64877102211584,0.177423240620319,0.849633732790109,0.163285491023789
0.831850668901002,0.160241887290475,1.02975510959217,0.155826578445371,0.761139777069527,0.202685319081268,0.113862832708976,0.119446136997735,0.294390100191798,0.172231590950188,-0.881170429196781,0.0278290397625719,1,0.999999999921089,-0.581840062439785,0.348756366667982,0.769816501918488,0.126303227060766,0.877906121524616,0.117388513139224,0.658684685299668,0.144857497787332,0.743298460658505,0.162275623874188,0.481277814306021,0.296047923363264
1.26522847254644,0.222722936487772,0.909875786850691,0.176000089921904,0.931094279100922,0.255388117830141,0.31470873054831,0.299428270600393,0.168097974689507,0.202379679505111,-0.915223397937033,0.0216589156854366,1,0.310535500661118,0.651078979382647,0.467282084172509,1.03154763835464,0.126383436314371,0.746640046512819,0.147946017229521,0.530474888864245,0.180169092866102,0.695185773812286,0.202508675915177,0.276225762783375,0.256702613633968
1.12598766888876,0.208578742570114,1.07002533020399,0.190162401343634,1.11211850924113,0.362124851204386,0.162318817947345,0.28001218030025,-0.27645434048723,0.243366208278239,-0.880923120475852,0.0339826768683772,1,-0.650673984377959,0.268102193550035,0.363461292699193,0.771386689550604,0.15946450339106,0.805386971118735,0.175981354993034,0.417900472426597,0.200789945374496,0.730541573709162,0.188976145114121,0.407133648475324,0.246805277034811
1.11105798489515,0.240175509653726,1.01820000776398,0.187654079173412,1.39229263139801,0.419647655110746,0.498391107434661,0.449273793013788,0.36858205502148,0.317324708937114,-0.927838370585081,0.0203066571765985,1,0.442469951126482,-0.508164240596753,0.525427106079113,0.863417042153483,0.17692287858191,0.834732189356763,0.158416917587935,0.651770831110566,0.180285613546272,0.86949783142519,0.183087426991189,0.885105969031802,0.19048536718117
1.27067330084885,0.223379884211613,1.10586197869851,0.194790769427259,1.03206062175659,0.309229130626008,0.212662981222046,0.270688482958699,0.173372803963832,0.227382847295415,-0.902804274721591,0.0257309220633753,1,0.370068756056123,0.0451719134809978,0.42858866934548,0.844612033793757,0.146747374135664,0.821172856711152,0.147534547076538,0.56277988766192,0.171455884248674,0.615335419309029,0.185299667929078,0.953992031478065,0.19363999701764
0.868954288508909,0.166175683173751,0.922335877139825,0.148422108559247,0.736554330236424,0.224545036184407,0.0398238730415005,0.183193529561398,-0.038297932934037,0.172828799303429,-0.893077601042321,0.0248180105625579,1,-0.223615134333367,-0.320941131369609,0.39619718366699,0.778225473754523,0.17062070277072,0.485668337791778,0.168002168046024,0.797028428066751,0.156674465763259,0.675312060305506,0.173484927371046,0.725216430850993,0.205107754282384
0.946023233451709,0.184389959875775,1.16989079258584,0.161659037474861,1.03098984399692,0.309242317402395,0.00843425956445737,0.0488274712753492,0.093250258355696,0.226814955711114,-0.891668004798559,0.027482308613412,1,0.999998547018072,0.259297974435763,0.432549362081466,0.663987551496743,0.14831175383167,0.687179025592317,0.155283517641081,0.906253092439983,0.174316837472869,0.886986424498773,0.201128333851157,0.750515790846926,0.235691711585852
1.11193712184593,0.167112642596088,1.20673241470034,0.17375916293809,0.48997468441305,0.150775753671009,0.251174944358988,0.288516119997248,0.107245477806831,0.160065551896557,-0.830390824781836,0.0462313713784522,1,0.305706033497526,1.0475668451668,0.314657681746482,0.550016399001488,0.163453547818552,0.385900161579938,0.183205923581505,0.643843429856638,0.150371511909026,0.25641918825262,0.212303598751758,0.813229777562999,0.171405329319491
1.03573228625324,0.183011717400273,1.18387146765729,0.162668296795328,0.923136903739285,0.245622086800368,0.031290770681725,0.0657714692541781,0.169957833464878,0.182203882277,-0.899935186042108,0.0252053481413419,1,0.999999999884573,-0.110399198260186,0.38956489360888,0.642999725016121,0.150513401583516,0.819191904589629,0.137229957569976,0.769050470897109,0.170638088195416,0.573421912204482,0.193793294285605,0.685435469538748,0.218443353275394
0.913915804864219,0.184251594682327,1.09178452838238,0.238641709778998,0.638227942981571,0.213924993106514,0.049371705794759,0.217153272158511,-0.0380734867665326,0.184714753502586,-0.918857071596794,0.0257657414887844,1,-0.214484383936166,-0.49205565943279,0.442139536055075,0.786705365882309,0.193247712304054,0.766766783183405,0.179927661537272,0.686893940383213,0.190640832196198,0.441156252477218,0.212947808169752,0.624154452414755,0.200642903289676
0.859446841252337,0.186694052328796,0.941554177899406,0.182022607527216,0.919132079060913,0.282074908324704,0.150889205957117,0.156762446831993,0.372407181467817,0.215310402171535,-0.88952160544517,0.0309576672305104,1,0.999999997222483,-0.184955854792631,0.376234891531377,0.700167445965324,0.166521518605953,0.596585087800008,0.157854095176879,0.710807394762479,0.178404162633265,0.764080291010707,0.175205953923743,0.351137770347508,0.207996185546228
0.861175652636627,0.194026593715513,0.757524871168814,0.171369133901456,0.912487940270461,0.257209284301197,0.0481836608123372,0.0950568527350883,0.209683116653058,0.212642816626532,-0.9196310741162,0.0226342036079413,1,0.999999999999997,-0.15504501570288,0.53621135675486,0.700427894454341,0.156253303436491,0.570929432501986,0.166940943863243,0.624242507700207,0.171954401805707,0.726335500602087,0.154767811161579,0.733158265597643,0.200072837265209
1.17610771306718,0.187941207786537,1.04236705471582,0.185497008575408,0.903245853568999,0.280476873383288,0.0145456773463558,0.0575285747902293,0.114622522788183,0.227607778774847,-0.900721103079487,0.0284861872629058,1,0.999999999234268,-0.14029237090255,0.375029835805864,0.736728106250638,0.179075481983494,0.846823945692532,0.160613916824146,0.49776042209378,0.189450552839727,0.663382383379349,0.162462673498399,0.696162081427892,0.197032899685524
1.02837445073097,0.186486377839538,0.93194615193766,0.208195397422607,1.02081463628783,0.349848395003708,0.0784869545337663,0.21966163636295,0.0681107305355685,0.135623075915581,-0.897185213516373,0.0335502171612036,1,0.2406264452789,-0.0740144441723956,0.460209990529949,0.732172964052195,0.186236760341172,0.641011837771373,0.179276987209927,0.756995767413545,0.177319672457176,0.862491153365687,0.209638364566109,0.13738863535357,0.301434493536499
0.967928798671809,0.18915886943809,1.1247413472301,0.160874990602624,1.11677332480883,0.283056512668686,0.0213973536623522,0.0580130872986957,-0.154583289767015,0.213024703643709,-0.921949999200262,0.0175118963309376,1,-0.999999993379174,-0.839615005810267,0.462106547344721,0.918471348956832,0.13711734009156,0.89315285795685,0.124557097292395,0.685656739451881,0.151573305328275,0.748179111620612,0.174847169007768,0.793083978513953,0.17773883704444
1.00952070969003,0.232331870225109,1.17340844318175,0.261717319292098,1.62858679731415,0.466904598912818,0.402218897873047,0.361906800977707,-0.523774862442376,0.371958450517533,-0.925877281128195,0.0216993579270082,1,-0.647154478228088,-0.269833759905027,0.484795508854517,1.01753007913854,0.14510470394049,0.73343476271285,0.172339557284395,0.710126767895869,0.169077454030264,0.724015747556133,0.183588982230924,0.69723808295853,0.2187097037573
0.843220825210528,0.16691058807741,0.990099220198703,0.18662797097404,0.735012979498834,0.207383757837338,0.121448631493955,0.218373019479934,0.064864813149538,0.160106315938819,-0.875157365502929,0.0311915081360958,1,0.21710276494464,0.160342710342074,0.335433399186188,0.280433486725256,0.188142794849897,0.61564763991737,0.155776672988225,0.557774389295142,0.162134522771238,0.890162640681993,0.148425455906322,0.62571247646526,0.210478860024888
1.0796183390075,0.196885587576432,1.18446251980692,0.210346411571601,0.905599958714631,0.250233570007192,0.198026357621318,0.19659694234349,-0.126125109535609,0.224366456757491,-0.89986502887998,0.0245508358063834,1,-0.297832344139808,-0.351690237722952,0.430023593363112,0.995366250408669,0.100128586782508,0.658666476903425,0.158083879793184,0.625232660898488,0.174587513997245,0.630129133723506,0.193746973894559,0.922973000304625,0.203232213279345
1.24588828884525,0.182515782759229,0.961086727632071,0.160529452484765,0.991086136614543,0.27683839323944,0.127161379295726,0.189205772140929,0.185591822203785,0.19462723812522,-0.888940551942948,0.0272410838067304,1,0.522787891587969,0.0576257137881714,0.368446385810556,0.683453731867165,0.143066966807056,0.769445284092115,0.137311978288129,0.71188024204817,0.167152437658246,0.691549709472469,0.185327709806826,0.616401046458177,0.207777955683109
0.84534259240892,0.179717630629583,0.898064170385567,0.180288234330982,0.784501057509919,0.244799778454267,0.0362055042942201,0.232056669907562,0.168531275429315,0.186502218960564,-0.879263411247176,0.0327074820204457,1,0.999991803570595,-0.152947432544771,0.352368007416844,0.475969894628771,0.146002354970271,0.651636370992734,0.170939988009171,0.707624459901126,0.195078250834658,0.663578021457895,0.187370097983644,0.516384148385867,0.24717722788582
1.06600711586966,0.215820067079747,1.42677657668558,0.216943529615686,1.23138292151279,0.358437436937067,0.365314306307471,0.38028496037101,-0.011985710343588,0.269050995329143,-0.944313507418926,0.0153325161764579,1,-0.0178703835946268,0.136155386982364,0.57412218353968,0.885857446119055,0.159603754688001,0.814218733975218,0.182106569312842,0.769947727521035,0.207423693998223,0.771651313921766,0.166316736023118,1.15500244796567,0.146225192085229
1.10845560060812,0.190789877510113,1.04601569718728,0.149125241563512,1.10301221296974,0.310699520819799,0.0662136908877404,0.114345271977983,-0.270248977249492,0.250174936368023,-0.878512015935179,0.0326062225579053,1,-0.99999999992754,0.102722254524992,0.382802283524796,0.614051383536114,0.157800638035487,0.698964399908774,0.150153891381554,0.669806436380654,0.164941769062507,0.649006270447827,0.159707309811871,0.394113992841502,0.252019255118945
1.20959808492678,0.187014932102665,0.98012299079806,0.190792535948221,1.02782348509229,0.287007596635924,0.11288296086355,0.1338737899186,0.340622603729624,0.222366700706643,-0.92047396249158,0.0187792455631423,1,0.999999999695053,0.205638163835633,0.409655131816967,0.776902140888423,0.140209195506467,0.558953186923056,0.155253461886007,0.951621515236543,0.15077979341907,0.311713555843208,0.228751434768823,0.688937660492242,0.199369488572195
1.16896982640481,0.200760998449817,1.21888740289966,0.122382175762741,1.03103036321513,0.314133966009146,0.0995389367671674,0.130729188866571,0.320355530815393,0.224571954920111,-0.902299249493986,0.025771692590531,1,0.99999999997521,0.388817892065451,0.481703993787922,0.698673944134782,0.159927660383069,0.797760688371699,0.141124394341753,0.691334354255432,0.158356918301937,0.68065320797616,0.19988831205277,0.502340580670114,0.229889054432483
1.05163336729086,0.172891733488978,1.02917642638684,0.188096545982413,0.850517779744013,0.239953973409582,0.000629887622646218,0.013584856347495,-0.0231456191447292,0.221837316466705,-0.873524586799455,0.0352070150254706,1,-0.999989792664629,-0.148396781108205,0.38203180284375,0.704935983203224,0.158515482979359,0.695187640060338,0.147237489637975,0.593995440606715,0.158327280980765,0.478356412348307,0.189740348783286,0.946960449261616,0.188088947967766
1.19683618647143,0.187661875484112,0.950788165120006,0.178659919127315,1.02633196255175,0.313304322175864,0.249850639447753,0.234162269710393,-0.225338614598044,0.247342157542239,-0.893148168344062,0.0271659117145278,1,-0.444991238526691,0.232464498755512,0.352099216591295,0.710975498782445,0.176017435109522,0.757609424172995,0.15736757905436,0.644826142753818,0.175798717892425,0.938390223914743,0.167439719021477,0.685654249315338,0.217704676756397
1.56273644505595,0.262953362051527,1.26819451280855,0.221269859991256,1.60335250265673,0.490539842382413,0.399762025360825,0.429605841968546,-0.286432750791115,0.365555553054369,-0.939577665020727,0.0180315478556844,1,-0.357772864727414,0.182546674524763,0.521044644770461,0.988765078120088,0.191678824963915,0.788865112325744,0.169450590654708,1.09349463416461,0.169766138411709,0.776838747923238,0.189877028022335,1.0267960540563,0.161563311741776
1.10711002004896,0.209410224261375,1.09870231344005,0.212626273083877,1.12799676937269,0.32799498489433,0.0468877257110937,0.0783887601499927,-0.229976527324553,0.201881297587997,-0.911419181510349,0.0233447465532468,1,-0.999999999951923,-0.165409864785458,0.305436695234614,0.703231089831762,0.148557956200349,0.794360595386817,0.148408490292264,0.554266013206097,0.15734775903388,0.791315382453484,0.158770177215923,0.737960853148651,0.191504905471121
1.13870056152968,0.201426554280912,1.08237307339978,0.191618201149314,1.01090685391303,0.312175883391422,0.000388567613071615,0.0377393267564326,-0.0197965242752797,0.204161624973217,-0.924802532304333,0.0209947700804341,1,-0.998849545893372,0.116576979453319,0.415200884295474,0.911835966433685,0.164171772035237,0.647496702635587,0.180439243299942,0.692736629027473,0.204319774776521,0.873371485250859,0.178519011149708,0.760224677062005,0.192451816312071
0.978644050898505,0.19190810239278,0.720992585025542,0.17792375846911,0.823452273650163,0.249122179516457,0.148554818732775,0.31299331010162,0.0784102873545458,0.209789083606249,-0.910083854134267,0.0227609684167051,1,0.224187016327954,0.592869882970364,0.392943663383855,0.605965031108268,0.151607041789591,0.707295483367892,0.163861333311341,0.641149606445868,0.177278327023338,0.346557600058779,0.223409980139942,0.739280733094139,0.222796982641607
0.88656056915613,0.203259621345348,0.937219795427496,0.199548358300701,0.99109365093741,0.280337752848198,0.0174771658903921,0.051979583492013,-0.131611200572258,0.194299183755655,-0.864811542562611,0.0349178733480013,1,-0.999999999010582,-0.256239058745693,0.467054299528129,0.763774514144625,0.149816035538458,0.624398897910068,0.164516206637547,0.639216535187061,0.164249846219444,0.60423572987152,0.177196446754613,0.671765117393812,0.203736867481141
1.04169141213789,0.192949770998923,1.14266572865344,0.195962051627507,0.974178352896809,0.287603158149729,0.0251922360801389,0.190423312001246,-0.152715163961138,0.216811157185569,-0.900429975479785,0.0274575272361652,1,-0.974831527721793,-0.0954184723920272,0.4162607015547,0.578897248345191,0.159151598546676,0.79722306863675,0.158582337871362,0.656406890093845,0.140131557255409,0.858251814153922,0.171742941795859,0.744347382328629,0.244989606250041
0.777936149817354,0.186887700718809,0.884305258023173,0.157166522047097,0.915452167959394,0.280333370369334,0.031540629712818,0.0863759381490175,0.169923329326306,0.234788822645405,-0.901422293425449,0.0279592756344902,1,0.99999999999883,-0.548559303785174,0.491893993165065,0.654766204898679,0.164862150997814,0.583697705666472,0.163593033268895,0.474020437152178,0.19651920015965,0.658849329346419,0.182320268692986,0.547364545556703,0.200705069745439
1.06108687835288,0.238978936828447,1.33352291028368,0.241558816378011,1.53858774955326,0.53729082365016,0.227173112279567,0.285423073341173,-0.0217023307605774,0.382203506241373,-0.928454737244904,0.0225245426531093,1,-0.0367085118842897,-0.0146320791411138,0.434433944800332,1.01858367834091,0.178718589877117,0.694241911912178,0.177260991212755,0.818723970911444,0.18589871519327,0.729692079007465,0.205340256118405,0.861124379358327,0.213645157540439
1.27477303835555,0.252994566578526,1.31151950598802,0.24293540910396,1.45963318966357,0.501052793436452,0.0801815683226421,0.224772970991094,-0.00165368702266706,0.284111796597839,-0.906325705962353,0.0292827853091485,1,-0.00483386124578306,0.637730142587737,0.476735101701871,0.680175356669553,0.188593259054364,0.775029243261347,0.184286997072533,0.72511225372886,0.206290698216161,0.730436124574705,0.20372718312823,0.944591303620251,0.187526719300943
1.36285386364325,0.195570889419583,1.16819667789205,0.196306256755859,0.982787258910469,0.302238774516345,0.160861133060333,0.175972208278417,0.397608189012243,0.235752011706246,-0.917920551490742,0.02420072040586,1,0.999999999822885,0.96128365914034,0.412805689437623,0.619291652066829,0.158456830735639,0.552070935188129,0.177031192179735,0.943793252248566,0.159391156174368,0.666387615380929,0.195934830340845,0.799323192486919,0.20576909685859
1.17358442524157,0.263493998076192,1.0326344424666,0.179848364949093,2.04873063160782,0.610510056993152,0.0034387559391648,0.311533440604078,-0.0611928918304548,0.418558198699063,-0.945885481348315,0.0154395476924519,1,-0.729050933266967,-0.343303043218793,0.571255757565198,0.937918955806159,0.173386411389755,0.880019785270819,0.145317386885676,1.01946081719127,0.158997905570663,0.92997693425435,0.213653667474412,1.12378467678464,0.210366665420372
0.836545820427209,0.169122312175358,0.725316391075359,0.144168516862177,0.798419329014687,0.220998104937907,0.043501033360679,0.0844884583621138,0.186365409458066,0.184322187811845,-0.852391889630944,0.0347140202411958,1,0.999999999642894,-0.243928591144829,0.426311621013791,0.557369023783096,0.162881914701821,0.786437692967804,0.133106924472902,0.346935133564908,0.17229420592949,0.767091475702991,0.160744105717305,0.586426130600827,0.252901820265033
1.25231886425483,0.269209343096225,1.24872819623557,0.255299755200167,1.55759197805053,0.470873711604304,0.477569459487505,0.38830061874484,-0.264450133461315,0.347998104339326,-0.922088215531795,0.0226364200968217,1,-0.306618720245963,0.373630394428197,0.520784648553444,0.592736943047223,0.186659898930175,1.09012624496033,0.162340784279922,0.789383645389216,0.172375265903418,0.8342969578503,0.213108393728331,1.0320824659446,0.208563064364531
0.927785788733945,0.191650890198395,1.16993882143098,0.168509837342668,1.17741945675729,0.318836333700333,0.0886531381620256,0.174852138927749,-0.164181502002719,0.260350516957248,-0.928307039523246,0.0202055825084754,1,-0.508172973111485,-0.427001407545514,0.430412304473029,0.668584363698081,0.17890907256449,0.990782738096377,0.159892563493831,1.0192843406882,0.120411141967055,0.509887504638726,0.187998068204492,0.92974168897305,0.208117046431313
1.17586561332079,0.226789680505492,1.04800801392083,0.215815637029508,1.25014934850509,0.374565812629912,0.280949573093644,0.323431262039619,-0.295553342999536,0.241576090954033,-0.90595938285092,0.0246062133211981,1,-0.498701573273606,0.216617737781673,0.416540898587192,0.762905016348203,0.174534904773674,0.678001044093137,0.172338875459812,0.75255706158664,0.18216462712385,0.78076231875859,0.170739549922747,1.08299413602195,0.179543237368396
1.00023063791604,0.185464190701316,0.991563069229533,0.165712489471142,1.23939601042063,0.326363511027316,0.00418494134516089,0.0282399141964813,-0.0720194389398832,0.243656840171215,-0.918989260601555,0.0208573958222284,1,-0.99999999789647,-0.513170229916993,0.443060420688008,0.851367313771163,0.149887799631851,0.499591412036151,0.158321040608633,1.10817359205586,0.127982029529927,0.732423454867109,0.202585423537716,0.87793796064095,0.213603377689424
1.16289260345379,0.268562742247524,1.4716372356394,0.32911449895612,2.16204416469107,0.740266600070956,0.302536160002223,0.568572810840732,0.0357918359765138,0.491924542833013,-0.939669853333456,0.0180176448937819,1,0.0442550719146376,-0.192826230065606,0.535892469118971,0.952064870151906,0.191267820856604,0.832944375578173,0.192704243226171,0.89524897784854,0.188905980184624,0.783524691714412,0.221787373867974,1.18552544060614,0.231869043187456
0.604502872815973,0.205026614327557,0.865677032236642,0.211550705391743,1.36416662198857,0.442159902619578,0.414999667924946,0.369624095175418,0.561425455937789,0.350839245044344,-0.912977425545189,0.0271047588506072,1,0.746164385343059,-1.00898678882004,0.410936338590736,0.680193223307742,0.167391975747902,0.762439753255385,0.16849746190153,0.649193092338624,0.179650638852531,0.607149827130495,0.227217961116913,0.979700968175259,0.189358418187053
1.08552534064343,0.221368500619092,1.20695553512727,0.204479755275111,1.39827182286703,0.400884054000266,0.531676009439185,0.384650888843834,-0.396962944222807,0.328800603607593,-0.878556680865877,0.031984045125019,1,-0.460395036475445,-0.781633140476991,0.446926344576289,0.884909611137525,0.158621084402319,1.05439053690622,0.147199473703923,0.645771054430733,0.165292307405887,0.665371993273112,0.187434087500441,0.748000917927501,0.210395954037198
1.23197735850401,0.187840292471193,0.761677247492102,0.160985419075736,0.984535717147599,0.252272101888995,0.0124912168021037,0.220011630732418,-0.0840584624668901,0.227513974389503,-0.914560672552793,0.0196684173630334,1,-0.757989746337562,0.0783918563592667,0.492902432308433,0.809056665341701,0.170087841309823,0.63571200347316,0.153405734017684,0.807439228904919,0.161729961547975,0.788898838794663,0.171690084887383,0.43759731303374,0.232277651384487
0.817374840624556,0.201840118351931,1.37875473273221,0.195046365705256,1.18640994977303,0.305978981779114,0.112489939231061,0.154017330559685,-0.365320657046903,0.257269309258535,-0.882306373491981,0.0272899712855291,1,-0.999999997422759,-0.630100070790397,0.465306849803856,0.836162389052468,0.1432185191983,1.06073613304604,0.140708035390079,0.370452462214309,0.19020765454763,0.628425830755247,0.17648443841718,0.531754888933995,0.206040935965281
1.05245649379863,0.175745816254956,1.29299977822796,0.170740510719786,0.77538070046508,0.200006141096366,0.047237228157329,0.2358004291503,0.102754711190577,0.19421423248071,-0.938946125953068,0.0154329411147754,1,0.536910684621342,-0.397811177575696,0.411065936661652,0.745263833933391,0.156020484332631,0.733208051858155,0.150219496348915,0.86190397397284,0.129955786771704,1.04643626146947,0.136717891771351,0.822029157293361,0.213582677279254
1.20749306260007,0.209963550251954,1.36091511357161,0.203029984659417,1.07926775869381,0.329893984982222,0.0158002699163139,0.25080636327931,0.0217773301217802,0.182555243472354,-0.926249377917051,0.0219755401944922,1,0.166766102850622,-0.0716539957348755,0.378449429635861,0.921796238798687,0.149609597582347,0.728962862244988,0.173857649680782,0.699801756576533,0.185448128959023,0.747237609342765,0.172272657605428,0.958840109136661,0.195178483142073
1.16234712881887,0.21614774756742,1.00413198831272,0.172638186242056,0.933622173140637,0.292091771363718,0.175488471706065,0.192449902403385,-0.295188404462945,0.174812134465072,-0.879002354803165,0.0294206826441474,1,-0.729271797799457,0.0475140035722972,0.415023011691755,0.850535528541829,0.154108937094844,0.663699709755195,0.174440397254782,0.525535355820398,0.191135889902132,0.631643488421369,0.168673005838105,0.891778965867743,0.193378213380708
1.11072674903154,0.190090656836898,1.16110210285367,0.179232823058291,0.820853861042948,0.219280448763371,0.0309547915879992,0.221640723863422,0.158642406698066,0.146990244096006,-0.888760431951691,0.029333995444736,1,0.995227630701857,0.683333268041541,0.480270701476559,0.55974836895809,0.178113014833067,0.407062489190888,0.172787428679216,0.704273048744181,0.154045764449752,0.727815806425821,0.17387160374216,0.738328773760299,0.193789517516239
1.07297978168289,0.204492141788564,0.831963677249924,0.163064014641347,1.00772283511704,0.314243443480327,0.134431802957137,0.211487613796628,-0.218369219744652,0.211066089221172,-0.908075251619018,0.0268555821428417,1,-0.593293869444917,0.441492722611961,0.423310199486178,0.734186689134164,0.146000610711763,0.8256184271376,0.143092471310657,0.566652494009584,0.213413938779874,0.864949988623401,0.195573445427016,0.99030276468435,0.21995598730281
0.517415321118609,0.170978121363593,1.08635287171672,0.173724032981006,0.818526917513222,0.23142849238432,0.104523562373224,0.148384174585949,-0.06315020042193,0.229950379465317,-0.908538166447869,0.022283256892401,1,-0.215899257530355,-0.51882973144138,0.516381665930309,0.796790902927718,0.144129383995132,0.672429797595719,0.155998093210076,0.63562900293242,0.154019253930476,0.591619872694688,0.205299779483487,0.732634596577057,0.222957681441016
0.80638919888007,0.154862053330462,1.13995875431587,0.185426502747756,0.817252277105117,0.211099447486722,0.221343419584571,0.188913087449907,0.399781875537305,0.1635748673313,-0.896351396166855,0.0237286827192319,1,0.939965088945756,-0.548751239444021,0.439673230117187,0.633374022871293,0.149131870336577,0.732380193248248,0.135296533142055,0.648532803414241,0.156761326012188,0.742434045418658,0.161522875131805,0.344978815810559,0.218681267000532
1.21687614675195,0.218428928568911,1.28508652861395,0.192057436751173,1.48080006689281,0.400838120849933,0.121724162700165,0.239597987064319,-0.0230977591815455,0.281917974545549,-0.917898124642011,0.021328341422258,1,-0.054404301463002,0.319253354302498,0.475958787018392,0.596730991404949,0.149224986238838,0.721966140670368,0.14205497292716,0.731901285420202,0.162922898336612,0.817694070369186,0.188683415631432,0.844800874972372,0.180357283704608
0.946639898208863,0.223764631621003,1.18070282551416,0.192197297197962,1.9820382550384,0.643890173272235,0.269498439295314,0.411079798774339,-0.214371441292042,0.418161365563641,-0.931600406347279,0.0202686926992204,1,-0.2933139945031,-0.212629239505299,0.554616014210627,0.835365920834429,0.158918386131394,1.03838718628189,0.15445397705356,0.881025868672897,0.200726406096178,0.835636017517815,0.233085173084913,0.563676079345551,0.264746993909257
1.32236763680981,0.171192722608016,0.788733165909729,0.14648097416871,0.864328156434817,0.232474224254421,0.0102395209450222,0.0419354291503407,-0.0940760662686019,0.195146627744073,-0.894463545523052,0.0235997365012526,1,-0.999999999061479,0.4616015578488,0.340514644524396,0.642709107517187,0.136525234053274,0.639595267149739,0.138302461600107,0.753568959735289,0.139953822005274,0.658961543511466,0.190050716974395,0.613858858347601,0.197373225892831
1.14128039929938,0.214720396643907,0.805255999288535,0.1521889051435,0.850195627467206,0.26700608453462,0.140659280774151,0.184458979490487,0.0869445399688378,0.185339843261784,-0.895685322397367,0.0284625617971027,1,0.251419341268177,0.197383067739766,0.485902150583586,0.590187899224487,0.169366417230302,0.747679582466565,0.153759984282462,0.871705404060381,0.16614725127183,0.761880886035807,0.204779574156106,0.483602192128927,0.240864745091846
0.931694114682395,0.200856338853649,0.87467569377871,0.191441226173208,0.813720135866179,0.269251769923447,0.448094760187453,0.449229450004906,0.046757602828481,0.197784534927392,-0.916638996670483,0.0251730151939377,1,0.0774336575353802,0.230995410036865,0.52154928799928,0.563669258394582,0.176543878264083,0.692103405517896,0.182100341929283,0.762147482567296,0.17742984194575,0.642544986410605,0.199917459839739,0.758194475884058,0.189813031242431
1.10349953356585,0.268565459402161,1.40658177527585,0.261849203073899,2.29261910153069,0.736295724915408,0.200556576932699,0.277991959025474,-0.245002800588069,0.382818519682371,-0.92223012617037,0.0250219801717934,1,-0.361315540377595,-0.288678992699658,0.538801419651233,0.794836672641053,0.182344550795944,0.934323532769419,0.178212549800173,1.124566039995,0.166278233043605,0.825769908328044,0.188777890053956,0.767207434318415,0.219214877616671
1.3929818830646,0.303883652970019,1.64214594093684,0.310016129628307,2.51034329566082,0.805667693563227,0.61293539650478,0.514789787890981,0.725441226098194,0.588890300929103,-0.951253941143795,0.014008239979919,1,0.584828223346519,0.112836905998471,0.679154726944908,1.03015214719984,0.148516958031344,0.9159587070468,0.174104704231871,1.26694211200595,0.148047652359531,0.864131743279815,0.205522746882034,1.06988270717573,0.231691912123175
1.09913095871986,0.194921576914915,0.943746382689134,0.14984415779607,0.945264835107065,0.279793884686242,0.00252697621959727,0.0189985489623939,0.0488739161496618,0.177695555916886,-0.89718946073722,0.030508655898255,1,0.999999564665578,0.1953722489564,0.426099202400844,0.542492978652802,0.178857610024617,0.706118428938155,0.16136467144655,0.494255251819651,0.163947156849447,0.576594575175362,0.1872003891733,0.77260078260858,0.183125461591134
0.862706890810337,0.203946253493481,1.20603202448979,0.197209279347171,0.979646064914641,0.308296445117424,0.237981916833552,0.270455850042657,-0.0528135759031073,0.239097239402733,-0.916112863746726,0.02278090097002,1,-0.109380271094928,-0.120502189752994,0.449375933492518,0.841538471874249,0.146987843773656,0.963071627383888,0.165975325111266,0.621335250834481,0.192278245269279,0.507060917819057,0.233246181174846,0.633315605047805,0.253397253564109
0.646516977256792,0.190801008140309,0.997229039524822,0.184890928433631,0.980628368980258,0.28166818872853,0.000415073308893373,0.0945828246285858,0.0200503018200348,0.207096560375531,-0.89837858319546,0.028760280065995,1,0.993816686555744,-0.309934800102149,0.457036876006185,0.676566333041628,0.158292536904221,0.560142642789574,0.16544085218275,0.598992232284477,0.175677681810403,0.579360777500546,0.189688771532063,0.772093995036667,0.217720164855652
1.23603239643767,0.186288778263465,0.994428331377991,0.170985167034709,0.962338660557378,0.288788499699244,0.0314508817947916,0.0715127955239437,0.173972409574001,0.205576236481046,-0.886356249836941,0.0301648001710358,1,0.999999997245061,0.442301380044704,0.442298302738052,0.689647415121673,0.1599295364578,0.699642179609502,0.170159031767874,0.689482564324343,0.174635876339854,0.7619507806563,0.198850760270835,0.917097662530071,0.184575757832109
1.37412261870821,0.243210832712497,1.05417781760554,0.21168842863552,1.18386364405155,0.358000117832027,0.296937046357232,0.374921960355908,-0.198327126901337,0.325017380507793,-0.919816195929469,0.0236260189983191,1,-0.334502283172994,-0.227898054096425,0.466503292780885,0.720610157278746,0.156647460887274,0.941332590160146,0.155679232741878,0.616734596448817,0.175776622078786,0.790589406572249,0.193567778719545,0.892959373613187,0.185398759756465
0.940634713852124,0.180268874459004,1.12127217294271,0.175647745416759,1.07854053175937,0.271618446845483,0.3073101869427,0.2271478981985,-0.575713898064345,0.245283779218227,-0.862659855844302,0.0333199950501423,1,-0.999999999976152,-0.537437950225783,0.440677986136196,0.725901388354063,0.154075086757511,0.790115423492422,0.128881547740761,0.446788553508279,0.167581279530667,0.53169467712553,0.193574346233419,0.80308673191809,0.167480808882609
1.50184980201193,0.206290017308531,1.37766884095109,0.220779329742682,1.29576588703882,0.352119014544272,0.241315402072443,0.365039272653104,-0.0211262084524636,0.297886201653506,-0.941287851658936,0.0160994725302557,1,-0.0377803318742512,0.583190317796098,0.526769600951997,0.82847511251652,0.169275220453411,0.89720605814181,0.140366738084071,0.781288055870756,0.161147005271863,0.741816547377923,0.180732781917149,1.02590038480338,0.207521243461519
1.06992168520455,0.200871725047629,0.792025176847686,0.17917928487943,1.01223865941497,0.337337349186193,0.362232931537795,0.288275209326956,0.369533199078498,0.247382293574504,-0.92743700376195,0.0220920396696893,1,0.610264400772173,0.279020978483008,0.438837968773444,0.824876543117663,0.167627317583071,0.590406331153675,0.168912618200115,0.637211255206577,0.179083723948505,0.779161677140871,0.20799570476767,1.03835051615638,0.214575631034412
1.40697740485175,0.225311327829885,0.815475812653001,0.164461929950775,1.17454956045311,0.377703296088617,0.0157512892470176,0.14556287885586,0.040216076168747,0.256507373771926,-0.91058578367924,0.0253195855956133,1,0.295669119570613,0.668325475822791,0.441144786235572,0.485666492422845,0.176154369112868,0.691799904748832,0.166785494138908,0.709957583463069,0.178394283097283,0.57879055456235,0.172601057962967,0.839857369729195,0.191248990398612
1.1557528180473,0.228086388899692,1.08449761411422,0.242706547826533,1.15484899528143,0.429811420289499,0.246470069072659,0.362028981487379,-0.13690940850633,0.254862608648287,-0.903400597912948,0.0320971591999858,1,-0.25661887713858,0.179413461536192,0.442783730508384,0.641826327328677,0.193967523691632,0.611276957135352,0.187501940937211,1.02389732559779,0.194809831743628,0.466632391008818,0.246926643551452,0.438665629868654,0.265493777632255
0.90340989742459,0.182421142939984,0.855547110178987,0.20104237151025,1.02693366036309,0.296061678490896,0.273445778089156,0.267062651695762,0.161461902093225,0.226804164868436,-0.913533952588283,0.0256503696104495,1,0.30469354841326,0.0518681194922814,0.384499984068245,0.721848800721286,0.176110765460488,0.496886757342529,0.178045344242672,0.919158443131053,0.131710422915407,0.928424638587492,0.179998107055718,0.896608030510097,0.26722243543397
0.780510370836599,0.170710842409661,1.12631884818774,0.208510551034486,0.774680175345963,0.230475812060746,0.0747630609363677,0.121116063601397,0.240660468589513,0.198698825657885,-0.919691360181776,0.022356326628537,1,0.999999999880328,-0.0202987351710918,0.368516898687905,0.317815920159074,0.166756672286685,0.873301123481378,0.156890526666499,0.853963549536669,0.150961154376821,0.69454182085442,0.197960779062021,1.05742522676063,0.186046718498426
0.962466629432905,0.234044145938697,1.32200759619017,0.25713026074367,1.53030682809207,0.503114605237286,0.630549274209428,0.626930813328063,-0.0479295331588231,0.398695623483983,-0.931273724425241,0.020963525496502,1,-0.0487926522369076,-0.602284633443919,0.546298686582839,1.02074382670144,0.185930089711863,0.939085169907581,0.171753223804869,0.902679035218945,0.169281299911667,0.721206981274152,0.199335600564078,0.655046598645765,0.232262072351988
1.06472940391026,0.195598072834346,0.917092758129728,0.164374321117202,0.941259485805629,0.274291750315119,0.00184968149112622,0.0180515708187811,-0.041725654550927,0.20430800578874,-0.822725075986852,0.0449481521731168,1,-0.999999999558203,0.624155461308033,0.399541385419654,0.391777542903433,0.174265163083705,0.404119567754594,0.167761164890881,0.550803212364611,0.192389462693554,0.611830351640825,0.176394088994548,0.376774211644888,0.181790873349543
1.04693066516048,0.178241120099905,1.01947685590771,0.178827305822922,0.83013695310607,0.223788450575311,0.14578606095997,0.148117161619116,0.347882733762892,0.198077795910512,-0.825758520402311,0.044444583792696,1,0.999999999998752,0.384732229197813,0.380130404011192,0.527864557500779,0.1708388259757,0.360723552645839,0.169924188688118,0.532632461574774,0.171243220200515,0.491188084936857,0.16925712850528,0.732421039699097,0.206187583560471
0.88981741544743,0.227461360350813,1.38918784402218,0.197304392687835,1.40766799521353,0.422715560922174,0.0412294709381227,0.100877834003427,-0.240909539986027,0.311032078598909,-0.921740542941254,0.023011050288477,1,-0.99999999790736,-0.11904255462958,0.555047309588793,0.853028274272769,0.171017211343312,0.61493848470319,0.166814552640116,0.825100975898779,0.135514412842925,0.685808717500044,0.196324965490626,0.62292285784761,0.243926514071863
0.92562854341208,0.231355227906118,1.40520384800997,0.220294730776086,1.82646030585345,0.515793805649457,0.37971636833373,0.31396686033361,-0.83278861316895,0.401811808346815,-0.947051055001253,0.014491310187278,1,-0.999999999985205,-0.453758338198701,0.567420732890803,0.916455051233033,0.12374416854222,0.63388996865904,0.180621570608451,0.751954382314836,0.198491998721716,0.835473052659308,0.171726802517573,0.976064660085563,0.195322625696438
1.00139755502134,0.159905048729443,0.819968828059627,0.16741390961565,0.706191581509921,0.191748590663069,0.0181248213422068,0.0319828948525978,0.113135300439105,0.10290908066373,-0.828205339735731,0.0408136377313594,1,0.99999999832842,-0.039240460209397,0.312235230681957,0.766338590892495,0.140813878431517,0.589144561083514,0.136978836785692,0.580913038046885,0.142939897246766,0.554987809315667,0.173326479638019,0.54985464463305,0.225244577829484
1.21746780080316,0.228427955956715,1.12529987549235,0.148096264162135,0.951141533059778,0.297751691784758,0.00623245034974358,0.0330320870866951,0.076993132024066,0.205667668033656,-0.898690015403918,0.028593667850315,1,0.999999999873582,0.147318647937488,0.539858874923196,0.747873603414742,0.166583400890223,0.628217935861219,0.158042648431476,0.615608632036099,0.180961259272249,0.802952456641724,0.17169886775699,0.737519333961834,0.191425582129676
0.910637902006326,0.170444306745634,0.921808905033796,0.175031634733,0.764101708445314,0.177726959707762,0.14317082265898,0.271826309440319,0.140804457652709,0.16784852149777,-0.868067442035197,0.0290171149874902,1,0.425709712401817,0.322808794701215,0.384856581639814,0.427380387668098,0.161161415200302,0.827354281953319,0.134770710764732,0.676714876162477,0.14385117063905,0.586657515622349,0.174747756702422,0.498992449527799,0.205529402008073
1.20077465704148,0.172393190244248,0.987054337767208,0.155510747689502,0.762245094288313,0.217269716775597,0.00952417296907962,0.0299569707299774,0.0852041878319611,0.134270744786276,-0.874324813190688,0.0311316538252223,1,0.999999965651027,0.406485629373282,0.373062418778419,0.783739007005561,0.137114287213967,0.586178958280478,0.151208880203038,0.473900284597705,0.149759826454328,0.308875846188765,0.186501483845199,0.535591834874689,0.226091355478711
0.928722283698479,0.160117384781923,0.973403694968614,0.171233194256003,0.663630002808655,0.174271936057217,0.019821313010809,0.19559758076255,-0.114690219216343,0.178135491896617,-0.885528837452662,0.0275299326819072,1,-0.999993476301262,0.250339681615433,0.313708169136071,0.516109640053725,0.153083691754485,0.50197376332389,0.144207336811967,0.774154210636538,0.136596970503269,0.689062028895137,0.165929579244091,-0.0606615763922255,0.284528008943235
0.881381765505759,0.176034642719134,0.703029568794742,0.16933653719069,0.970425756882188,0.295418720030391,0.106817162642855,0.267369442511298,0.136513385857447,0.202176459798228,-0.868912680841981,0.0344978224458774,1,0.424007522796887,-0.201117938526566,0.330495508573718,0.720011310465762,0.145682234931688,0.547018897389903,0.17212344191027,0.631368157333195,0.160747102094238,0.748691845315111,0.165056378077958,0.27930017254836,0.224811503867556
1.21172749064837,0.201313145665578,1.13946270960501,0.218761788310755,1.01269949109284,0.373117226181656,0.120700882396596,0.304233670534159,0.315844325259364,0.28614279895971,-0.91562794906103,0.0249775889333392,1,0.903394745029542,1.05371502485266,0.452186602893164,0.61302855527647,0.169906938167855,0.912045410388772,0.14918701210941,0.729022182083631,0.20632515488702,0.691036354137636,0.245740827799751,0.789873509341518,0.264618243193527
0.993052679268107,0.204933849092363,0.939517045204973,0.189152257860984,0.750023034160185,0.221400164042196,0.420186044249751,0.244235214017388,-0.072285692010824,0.167582294885563,-0.857179428934105,0.0373687861230005,1,-0.128763932087578,0.151443793321023,0.443590048185522,0.676590024874985,0.166706801753156,0.85022776292628,0.141663498033051,0.5497256830602,0.164089651518572,0.721541597823988,0.191480652615917,0.542472035535218,0.205419979570112
1.25927142833067,0.213890809059566,1.25821101003984,0.170240834545795,1.10049437381645,0.339293350303555,0.0759807763277876,0.0847338889697133,-0.28916503395362,0.179483656003442,-0.919757670959647,0.0261365186841149,1,-0.999999999966886,0.4279870741721,0.365793969750219,0.888990329314307,0.164467041345587,0.839516796510592,0.152641257081543,0.597374674028276,0.185952101582847,0.734255392136551,0.176812725356901,0.830858206910434,0.202611738054228
0.836719643276214,0.176667672110676,0.868671332625764,0.163080361903001,0.814756090413475,0.215490392685195,0.00431326510196493,0.02426363735776,0.0592811859476359,0.165712866102845,-0.866924934827339,0.0301015557066474,1,0.99999999942582,-0.466806991086223,0.43216136428284,0.635718829723453,0.153081784385008,0.707891026700978,0.136611049825524,0.611305386278322,0.168779734088814,0.532887441083882,0.153788166801904,0.374817869644206,0.198837484421758
0.847568600274126,0.179888694890098,1.12733425201937,0.171422171645777,1.08311984489431,0.334666764706572,0.206640995411432,0.21293285854554,-0.473092974879211,0.27456679866127,-0.8921970954221,0.0295530046506801,1,-0.999999999958058,0.0780634213537707,0.367689828400955,0.833656743906186,0.146560959550838,0.776247735213044,0.152705688940823,0.467287778023383,0.186238811699591,0.611631292947201,0.185772381310273,0.60824684056646,0.247802760827764
1.52287732941597,0.244637421628148,1.19776878383815,0.255239180646869,1.69327978437137,0.538461746974812,0.481794301166631,0.333664526001091,-0.093642982848808,0.310012620339262,-0.934614984584499,0.0185122174052751,1,-0.103676433259294,0.0561605072942115,0.423687662510609,0.970547008361457,0.156502144006892,1.02605584344821,0.169813157567184,0.715959185632303,0.186525843518926,0.801166209296605,0.158553552569101,1.20010906960299,0.198554805297247
1.25936541340878,0.211945864283086,1.16012659882072,0.168898435139777,1.31077554792825,0.384734384294835,0.234083966361896,0.284033929294969,0.15638079817933,0.275677335488159,-0.930365942352927,0.0194679766538356,1,0.282314656983688,-0.149177970079242,0.461671561850904,0.79992520463691,0.158018434771014,0.674036583785836,0.180174918714687,0.827490060446041,0.159467016961522,0.71712444988222,0.187270143888739,0.899481888591882,0.1876225824344
0.887455325419932,0.149920083953239,1.1387007439268,0.182927534957178,0.748626536053955,0.197428389057856,0.00195890121564344,0.017894376064035,-0.0382947165309,0.174172781563488,-0.887078261469454,0.0258161745633703,1,-0.999999959986973,-0.0142783915577239,0.280120830881391,0.736919215663305,0.141938730486971,0.605869267047399,0.166737202231083,0.687266449884973,0.166723776166291,0.438383288401448,0.174971554685501,0.757586751148599,0.147420543210235
1.03674416961828,0.21593133044681,1.04535790956136,0.242227478236308,0.878214184411963,0.281805079342575,0.165780768207364,0.413112253256973,-0.0507468800175379,0.210413475541997,-0.920823016799178,0.0262259580559601,1,-0.132997062519774,0.407200022632887,0.460359157685966,0.707447856502046,0.167603846146577,0.884686605399875,0.172034062331496,0.480985726442582,0.187168888444966,0.661710507653226,0.218710849381363,0.485492626590563,0.27485696396106
1.21511709332726,0.175902524617166,0.861873323014948,0.177193672835954,0.814600876958067,0.229955252228053,0.097238915980595,0.107851812472588,0.281444321398412,0.168273447257205,-0.899288522723593,0.0241493124171786,1,0.999999998833292,0.382064772739552,0.33311824499342,0.543583210076264,0.153670250003143,0.574046509957649,0.149342804776137,0.707151150882698,0.148296013748312,0.753697426349115,0.165809697628517,0.688884702153506,0.21468646196202
1.00603294570064,0.290806618388939,1.41047262376412,0.266599931694063,2.26959812283024,0.769818978709829,0.492813088427426,0.481037753026827,0.479947459446036,0.44993003105669,-0.940952333584749,0.0192400916843308,1,0.453814218353636,-0.437961897888293,0.528770184731725,0.987562066273947,0.19132326395084,1.01750119892255,0.188381360525037,1.0697388014984,0.177890391359172,0.987951879321097,0.199669954429113,1.09877548898164,0.221336553804877
1.06844544361734,0.182430436795204,1.01810247380745,0.149880700557322,0.94598199373752,0.22464732111628,0.013684355321822,0.043097870983507,-0.113776771427551,0.180714371104438,-0.905872499737453,0.0223367231588227,1,-0.999999999464179,-0.00930980369676569,0.393778569805212,0.793930869950944,0.142442983816834,0.619412753089022,0.143904231224978,0.695021581894056,0.145598471930885,0.869998861966671,0.127051481196952,0.552972398704715,0.215946276223593
1.19620229756832,0.257115961378242,1.27564830820462,0.207241758323996,1.79524061768925,0.604381901391174,0.290943628968858,0.300063646527175,-0.0588673500950922,0.383858201405314,-0.934434265873353,0.0186044855818615,1,-0.0814533082388526,0.259557651925877,0.551095348757658,0.860992726392508,0.18786482954141,1.04404377252339,0.142661829850164,0.774060594657851,0.180682461925606,0.760557880393804,0.196999148023192,0.913431969617494,0.235118293990502
1.25435400179651,0.236946332166768,1.06819150699142,0.210779660963648,1.17697123188232,0.397345082053917,0.393682676301927,0.473109722841673,0.120841226051588,0.311728392441692,-0.902860132798797,0.0299003785594011,1,0.177524806067288,0.475548953059802,0.446293817789308,0.66518448719385,0.177202605916311,0.744885825543755,0.183629994630365,0.466704355262101,0.177099900154558,0.673165176426999,0.207178265286684,0.633972884972629,0.233419994544506
1.10105414798475,0.179736894358355,1.19336193730482,0.176273707526141,1.29570667224637,0.339107853160075,0.157835178502492,0.34047713983979,-0.400290041573488,0.334763828556371,-0.917812978103544,0.0213660109260836,1,-0.885155424890421,-0.183452884810442,0.439272385761526,0.747034381525857,0.16702918255795,0.787720933017892,0.153222654033209,0.537978359871432,0.145159203011835,1.06486190572533,0.146072680562205,0.527038175424759,0.241770795380542
0.995163584732094,0.198028722901876,1.03885214818182,0.184288708346978,1.11506934299729,0.311014164630166,0.478255460257722,0.374143548588992,0.505439919355057,0.275887033226438,-0.882573737094292,0.0316126809094716,1,0.6921315282476,-0.179267966417818,0.462823566664206,0.541899279675278,0.179309298616286,0.796124164390014,0.154258445747259,0.655458808336694,0.174018272063973,0.778791518851109,0.160769625443897,0.505386799086532,0.176989402092391
1.02648590367974,0.201709719408111,0.983905733123219,0.17916122266149,1.19510788964487,0.375715780696061,0.131507737405171,0.253938613398847,0.19663453572831,0.262705319220193,-0.936864279433493,0.0197251636919588,1,0.495998756280436,-0.231034554127364,0.432132907898862,0.748506204712657,0.177162325526629,0.807419353159175,0.148191204146245,1.02865056497326,0.174930377676056,0.415521838222273,0.219350196892171,0.982098727329027,0.212446494160667
1.1170130696231,0.189662140911066,0.934597588819453,0.154401662905353,0.980630741133656,0.294406280552137,0.0136975545728844,0.0558938266061681,-0.115897554044058,0.240161588029629,-0.921171027172873,0.0221621543964857,1,-0.999999997798915,0.0651837279342929,0.393134602504732,0.699887636396474,0.170318228843272,0.904817629265915,0.152691614079163,0.786726929042362,0.149416765334867,0.635744054480957,0.189811704078556,0.792460600445316,0.229394258694748
0.776194730685061,0.165524244609878,0.757141104544069,0.165644335140085,0.744583354529895,0.222362742105829,0.0191959881108108,0.0510516062256033,-0.119553390668409,0.163154419069915,-0.890540556961136,0.0289160811003435,1,-0.999999999973752,-0.0817287163190446,0.38560091418267,0.636142285860655,0.156108232724894,0.720994912319867,0.165289703234385,0.544531618444474,0.187865196106847,0.576389844620527,0.189532841624361,0.568043196610243,0.193686664956661
0.997380885648464,0.166328706157277,1.10275306491618,0.15279816905439,0.712589710562904,0.202446077259608,0.207713267134878,0.244410131250364,-0.0622590822950032,0.158558516590509,-0.837093777310462,0.0400051782653823,1,-0.161826940301146,0.341293906176667,0.381018313221305,0.476179074855912,0.151103758653163,0.514026307508414,0.150486043764054,0.651165048494156,0.145918809787409,0.578057355824855,0.178460561191366,0.311177339531184,0.251621920823074
0.98991417289737,0.188419835466272,0.873883758468653,0.152123443285038,0.906580767345777,0.251893293953585,0.167096063479936,0.196799987650917,-0.104781486400979,0.160971883622686,-0.860391127126474,0.0325392357997631,1,-0.269214343403583,-0.108496548809534,0.415933169352216,0.837779487851893,0.137422274351845,0.560634573574141,0.162697597389009,0.721690698356873,0.162981704034793,0.610069026672059,0.174029827616544,0.733164198295706,0.19093583659357
0.929198393836651,0.180638992513642,0.923732450038063,0.151369026630685,1.19470172227656,0.344342934879324,0.114893110867794,0.258764551770583,0.27918648122636,0.278180263197223,-0.885707840228918,0.031263275127047,1,0.753559667531955,0.547431018213364,0.414767338176742,0.539698541877801,0.169728458198006,0.840450979789299,0.138470379840802,0.670581943102179,0.162585188133101,0.379413346507457,0.21691172786169,0.623321522902407,0.236023554947503
1.04864699260491,0.206322802443852,0.987681154528632,0.185165122367138,1.13412308880168,0.338332217382034,0.214958261287046,0.306857161617406,-0.203602425671964,0.266570542889335,-0.893427931741645,0.029425747773855,1,-0.412359288368459,0.31377392796265,0.388545936319178,0.641849023452738,0.173867249359945,0.710779455378097,0.159057448747874,0.707416738696116,0.172178399889159,0.4328467917521,0.202464308643026,0.824495782305386,0.209051317244548
0.941836229441289,0.187692997987799,0.842548401853084,0.177888505698736,0.803637579685304,0.243457575677893,0.160528269593283,0.190775851888986,-0.359174816350084,0.2275407450136,-0.866305254401789,0.0328927591118817,1,-0.999999994779727,-0.0546902005907498,0.430135863578908,0.729920309959744,0.161975766581567,0.523413227298545,0.150384394788028,0.823166915280572,0.157360862184363,0.355063665526637,0.204234297834807,0.548721012491143,0.195514390980817
1.12105693747904,0.19649576404815,1.22630235735296,0.199954820889407,0.844181531293575,0.253973989148041,0.385691650949692,0.419925408826938,-0.0685892655225557,0.249484720797645,-0.929921177969364,0.019283112243631,1,-0.120203775888653,-0.210553184666131,0.433362776665347,0.646253131049041,0.182864617797601,1.01137026342359,0.145440537893412,0.819657633682661,0.160042695825452,0.835544418064708,0.178770274522585,0.860991899993461,0.169904566402147
0.917265511458009,0.141048478178338,1.02546453203976,0.175330479642862,0.562299353583729,0.159749178880405,0.0259736926366095,0.0548614063587442,0.120851108376262,0.127717765690126,-0.876223830645945,0.0329166902922812,1,0.999999993701571,0.357469552264127,0.26006146636726,0.605585001202065,0.142011505397114,0.368589542138399,0.172348660185079,0.637945314365825,0.165859156767429,0.584973532165095,0.17955682601646,0.349818392046505,0.245142674493907
0.720740904560654,0.191177007690168,0.925847461067347,0.155992970152533,0.896995393085103,0.246741290674711,0.0910101648305367,0.223717500188476,-0.00832510174496113,0.180108244688656,-0.922616066822064,0.0193064093281393,1,-0.0291373125913107,-0.135959502796464,0.460905690633889,0.526994814647593,0.146358661524972,0.634088527981758,0.14489231491529,0.769445741955195,0.154171209067948,0.677684075806247,0.181248085437058,0.159546885613785,0.290596040223262
0.911529364516446,0.155290192334301,0.759696131168071,0.134680805545708,0.675305882241234,0.170772752145096,0.0108492560736436,0.0419411380975189,-0.0855953321187637,0.129157400370238,-0.875085881125899,0.0252637223001304,1,-0.999999620289219,-0.0603913015984688,0.330332973337711,0.445787757906243,0.158185098635082,0.471718100788707,0.142939480000557,0.578209973572633,0.148000178025931,0.536162573587942,0.140584260451248,0.548093883476477,0.154672477721732
1.14494331390395,0.223392918998092,1.09900826364135,0.172754217312952,1.28614341002675,0.32338151032022,0.0887692206989854,0.167517262832197,-0.337890413212277,0.307933581477735,-0.939382441766428,0.0140868254650947,1,-0.999999926099435,-0.0419712343891397,0.497869200692046,0.902706809849255,0.143569658458932,0.830182051326119,0.149486273920976,0.864861740988044,0.16229185028091,0.827882087447676,0.168005163289958,0.672675178756693,0.202691095217854
1.15112032101826,0.208882732347632,0.846584403456414,0.182121877200421,0.912354559853137,0.291139714736892,0.00381030234332403,0.0307790474358561,-0.0589605518041424,0.239231017563402,-0.901019821821342,0.0287131497472742,1,-0.999999993052792,0.0786901796520431,0.476620773431827,0.634309623241257,0.187733332343809,0.556635837247389,0.193396744392442,0.51723128256825,0.187877241018011,0.661661507199687,0.159276418668033,0.82425776212673,0.166258335641406
1.11184493049778,0.189757242782416,0.79766424904267,0.158851042629413,0.999111644519845,0.292855147743742,0.0065714308524587,0.0332892446173565,0.0810283473675736,0.207366903929897,-0.90504027372016,0.0275050063306806,1,0.999999999335301,0.242270408125078,0.404260053481096,0.745373631284555,0.151114075644627,0.687829486296077,0.156070957084696,0.800459977222035,0.155440543604742,0.901641711157324,0.159803656310649,0.606083702814384,0.23154192357315
1.06617604597192,0.204207816057799,1.26954147216384,0.212128903703134,1.15668580644017,0.344548491835448,0.0715555369612827,0.188421821385526,0.158987535023322,0.276125611544504,-0.911908011450615,0.0236083817400964,1,0.552629100328422,-0.32732675270742,0.472593677391847,0.81989736890029,0.135063264500315,1.08810753242185,0.1435085599069,0.946124769432536,0.154958230416781,0.606812984158983,0.239116692188569,0.906393890352338,0.223897133259309
0.95012616331205,0.181873001902614,0.918471809374207,0.124636842790258,0.814126626042705,0.214094183031817,0.0504954333508336,0.087392977188927,0.202755213947772,0.180586931116398,-0.918636196647098,0.0184216037973587,1,0.9999999999821,-0.0707984713048006,0.443311369464731,0.477623019431116,0.143337430857862,0.645916251610797,0.139818057501842,0.667120017726678,0.142538332051894,0.957132094316348,0.158436680792117,0.632741377279671,0.207296222368047
1.13533216563578,0.204664312057853,1.18191841952325,0.161675383504705,1.18954743195796,0.32226221359564,0.106652547890145,0.174140360862585,0.356185716228989,0.304018300381594,-0.912633019154062,0.0223372754622711,1,0.999999999964775,-0.425008490659806,0.526931048844932,1.08036020652165,0.141177191492074,0.555507533737426,0.156317336733636,0.810561586286885,0.142867333784753,0.613959618889635,0.198733872737514,0.886265824031844,0.195230985778822
1.2841521256497,0.255917821582024,1.25053835378877,0.214789479333464,1.69852003691475,0.547220230371787,2.70784856644194e-06,0.155030062516851,-6.11049847183768e-05,0.399090315180254,-0.937194767480284,0.0217660684502309,2,-0.0284924054628319,0.15598561645433,0.575468408478127,0.89055221032438,0.18232518664386,0.796675929452467,0.178249375180255,0.968224454747478,0.195020794648346,0.826099396153401,0.192984835662829,0.945554167552648,0.218178433140561
0.663055208446242,0.133066128526602,1.07731012821309,0.188608525275251,0.513356851874901,0.137336927403356,0.103583865020343,0.141893880071052,-0.230598106776802,0.168393653113214,-0.872219626281415,0.0261617556961948,1,-0.999999999973365,-0.383026158254812,0.343314462098072,0.596085322311689,0.136127600329287,0.730275325667728,0.139285685396373,0.526482129977096,0.149910448323036,0.411965850958074,0.188159885874809,0.57451248568323,0.218552870979831
1.24309091438895,0.249435235790259,1.30123981386159,0.187352369242113,2.03991623589304,0.59620055354328,0.161337382625382,0.173422279750095,0.27254407764983,0.413482493176018,-0.945067044822912,0.0152199374827275,1,0.475075986083794,-0.547083494251518,0.540514453508563,0.854124626534717,0.16828627507794,0.837922326865943,0.154705768101543,0.895507301698109,0.154400237808424,0.997687792658841,0.176726495068341,1.17067356945757,0.19863335816669
0.97940476724626,0.241669350269663,1.19611776197312,0.221824428603057,1.10319812950292,0.376242757585056,0.0356585874419926,0.0749218505385239,-0.198339322636626,0.211713222563846,-0.897097097179952,0.0317500806188542,1,-0.99999999920222,-0.252852642449755,0.486489201204387,0.718453131488976,0.158471461790745,0.948949544680716,0.164733554834373,0.599326885275129,0.219659653066385,0.577118373493728,0.213515912197071,0.402604146612776,0.244895086698637
0.816405942917242,0.191255340035399,1.00863999400082,0.162933486005791,1.06291193767616,0.269391483492147,0.21379300968221,0.239785566646755,-0.153540052068577,0.198734677918334,-0.884484534782697,0.0260565501651452,1,-0.322089294887905,-0.225075182354044,0.412273425650247,0.568432001934913,0.148976792303644,0.92046552544546,0.131118224715611,0.416157341350562,0.158995084063118,0.788092478128564,0.181776820961105,0.958620755442002,0.168214634591613
0.98774294423186,0.257052264482785,1.13346810407819,0.267491235645678,1.61940774463401,0.51540277408654,0.676447483637734,0.582507414531403,-0.207980534673679,0.347766843171074,-0.929253255044162,0.0235875696144732,1,-0.198713577252774,-0.400378749595267,0.542871229118543,1.01081827694984,0.189503970926472,0.925162040183464,0.167902926823221,0.977965007306215,0.160220336494162,0.842204352413696,0.204605253690305,0.995459549621539,0.221387610762132
1.10211531162318,0.208013686928122,1.14675457649024,0.1800781930389,1.6080567804524,0.455906232712288,0.0184215040457711,0.0572910549321242,-0.172112824645526,0.274217569246909,-0.937432600464424,0.0164193126842682,1,-0.999999998658603,0.541498919236263,0.529280278524122,0.677609042819971,0.183577300403484,0.697664174665268,0.162643507154414,0.97897849582883,0.125751991421008,0.702763684490683,0.174648745770414,1.19914058974803,0.173862690552932
0.873833190815258,0.17611265708227,1.11539740659049,0.200606705161236,0.864312772290998,0.249865556434438,0.148446419308746,0.223530329281038,0.046387179498329,0.239398146715625,-0.905669758831352,0.0226842517779107,1,0.129502346645435,-0.613581386501366,0.44173539753635,0.875321620677709,0.13228033080957,0.589813824118651,0.152807829028009,0.704854752965462,0.162446757819122,0.587321683826752,0.185341306778464,0.365231746184466,0.250217280670986
1.06416711561887,0.202393480949748,0.901621981018616,0.145380093897461,1.03407941741483,0.279586655557209,0.000806010591508535,0.0115674496995113,-0.0288698947922988,0.188687098038487,-0.894289669663332,0.0285181218360519,1,-0.999995118293833,0.0651954074730842,0.440490876218299,0.477097603820751,0.155704636992046,0.798789417237774,0.131231271012311,0.643721422101827,0.148950795489979,0.853959111687659,0.162431947744863,0.031310196184728,0.27531469248554
0.993571643048501,0.173840017830279,1.01284805447384,0.159254049997229,0.671208868169358,0.175456436787984,0.0275731066022816,0.0693951098115227,-0.136041587995202,0.174653616775078,-0.92042543963835,0.015381826198524,1,-0.999999999725131,0.425769298337603,0.37234584925058,0.826205730361463,0.133876974324603,0.735570193637521,0.129354646803454,0.61201723461868,0.141795612413462,0.745709764240026,0.175023801342318,0.658670899551022,0.200438253562951
1.19902377591042,0.15877552996528,0.681485078792014,0.164907596446941,0.610852159922768,0.156207041209266,0.000201125699232582,0.0214902825651814,0.0110750527649623,0.130532469941892,-0.86495473492308,0.0295311200073776,1,0.999180531845577,0.230586474864781,0.34706147648755,0.691184325232321,0.137228958082263,0.632012415176141,0.129333159007714,0.617900166635094,0.144066449033792,0.532775253516894,0.185354524707625,0.547898751343431,0.202074298390649
0.78782483047976,0.169957351123126,0.702006084889527,0.140200127055934,0.791009496283261,0.215402278053724,0.103987233214149,0.11245279812099,-0.286801130588718,0.160275040953751,-0.890605897242921,0.0279121703473402,1,-0.999999997218116,-0.548289964218771,0.391834624758842,0.722856914649288,0.137913815298943,0.636435849168573,0.140688670559536,0.76748449494727,0.13512197910707,0.240560936438936,0.211094383361306,0.929477165217954,0.226597577131918
0.974934275728582,0.202514923576004,1.0988623254098,0.217342076395759,1.33321078786057,0.364459544475282,0.476137998747911,0.404410327433359,-0.16035387902899,0.261232307388037,-0.927188376393121,0.0189838360036689,1,-0.201262859826065,-1.05535950967222,0.407578497536709,0.938843243902762,0.132571425980382,0.919795415523959,0.144692753032403,0.774488966635726,0.172894140593624,0.739104173509333,0.187834874186721,1.08069864309951,0.182162911047774
0.825758509720753,0.179076022819712,0.901350236016027,0.175905118948313,0.854216014771961,0.250923458496295,0.0430622324261483,0.0895514682735668,0.191792722248134,0.199022624256713,-0.89049985664344,0.0310441657195134,1,0.999999996426503,-0.0321109424799126,0.368889906842519,0.690639984705947,0.154549147155138,0.586244124777418,0.1429395320478,0.716357080630557,0.16694319713672,0.528324795915387,0.211603585536079,0.509572586464616,0.222667359918913
0.983817239640137,0.184369864171807,1.2140812763742,0.148729920099467,1.05654181929936,0.273927021958263,0.00775962425529891,0.0346796962414877,0.090544836596473,0.204130938157243,-0.89933128546762,0.0217014730401742,1,0.999999994298195,-0.238911833853278,0.479620355693354,0.667994274212905,0.150359922535717,0.823718167137191,0.120308109252999,0.901811358353947,0.133538980669987,0.734543125581056,0.165472030929158,0.531292588601338,0.24469999209949
0.963120688915861,0.21142846819819,0.899808238641201,0.167459612583608,1.2429121907388,0.310262959542715,0.00907939681720848,0.0421483947369526,0.106230375593792,0.247924838804092,-0.896024889180785,0.0233856802608806,1,0.999999987156928,-0.217433344388909,0.510197649535151,0.938049345193564,0.126166894915164,0.359040258342937,0.161384440250605,0.61825940006974,0.13821050633018,1.04582126391136,0.155497264670579,0.43167449719056,0.233030178542499
1.06075977344716,0.180255995680818,1.11919192405878,0.183461818000779,0.847555092612498,0.247499045620631,0.0863370769520275,0.179335914458723,-0.139442375045227,0.198369090297081,-0.894119476789798,0.0276281625192354,1,-0.515480370396356,0.918675050682914,0.439919178322047,0.28823231602236,0.19809209969304,0.65389544029507,0.151942026392065,0.683978615030657,0.142524084395761,0.823411919591829,0.151864241409098,0.359995121296217,0.284819315793543
0.673824215024911,0.182485989163496,0.722644694338334,0.196559007938025,0.944466987678926,0.302166985799557,0.139399086246614,0.26349422996769,0.332177505133223,0.275316982177056,-0.891200551093652,0.0323515242448805,1,0.91547579096603,-0.443467106491055,0.389780721859424,0.711327653934327,0.139312641071509,0.464307074868389,0.182893840930642,0.892312398119284,0.182561780005544,0.253119275625777,0.250464526823857,0.479254315056022,0.258479810686361
1.03775748632614,0.170413104015898,0.952774848946826,0.175722136779881,0.569328078342751,0.16165864052381,0.00169878308880039,0.084341283673375,-0.031094522139108,0.106582188702222,-0.885113535727871,0.0306899596776639,1,-0.999847168256674,0.254957351592967,0.369094706544652,0.488681224639979,0.182423680834271,0.421310000739166,0.175653501282941,0.632337463021433,0.148118646839421,0.842575296615404,0.153349298759562,0.198032115331242,0.230153492062867
0.841129380823206,0.164038428532504,0.916148320541882,0.174725547274954,0.710567213530369,0.187964734216683,0.294379588163487,0.250864709520117,-0.273256117255416,0.17961075626322,-0.908167667955706,0.0228720896685709,1,-0.59746636882676,-0.611739676228172,0.400044289498707,0.787266502341745,0.138389355338586,0.790224264581909,0.133275714001984,0.723125952907335,0.15307084200471,0.530277851124707,0.193190995572628,0.765361263422651,0.192641105796047
1.04837689542168,0.205268894827596,1.07585037769312,0.202638226612969,1.06138379359504,0.327979370281321,0.09931004765578,0.26099612508425,-0.0672270003114569,0.210633605479954,-0.925858948288037,0.0214310773996058,1,-0.207067009874676,0.269994286154669,0.423028939954941,0.826740709433285,0.1661919312558,0.823922408150521,0.174008732626749,0.526021029196769,0.192573355542022,0.716781567802731,0.184765443536639,0.602232477112535,0.201853396737309
1.23979210430384,0.19163278374436,1.34015428374842,0.145793164777681,1.14007016025988,0.266473751724046,0.0200956601971411,0.0429596472894347,0.151362008213113,0.150228497161764,-0.923474503990454,0.0155028606639184,1,0.999999890635634,-0.344555258521751,0.401758021260494,0.949154695272768,0.114759501207082,0.648926813671492,0.145299384078929,0.959983446724175,0.135855159394292,0.979832360341713,0.171125774457288,0.31299729219491,0.239624991763523
1.16376699424915,0.213453223159281,0.963071652701759,0.237148197983788,0.972427681736605,0.281593592747143,0.775984087341859,0.590475976638126,0.221994106382875,0.26342089145666,-0.947434169470547,0.0148784676754049,1,0.255556175629579,0.18128774008125,0.455630347992734,0.924925564109027,0.170452214558359,0.766109925314536,0.157422600419637,0.829206623789286,0.152856495394432,0.687204560940335,0.172311749294771,0.734483729307262,0.232880794343158
1.12591384401808,0.18391226559289,0.63565123960686,0.172041009307882,0.886956821951257,0.265294504129504,0.00133533261692125,0.0148631880426836,0.0344147503933566,0.166172567742791,-0.873718583949589,0.0309460729787057,1,0.999996905760001,0.376387648479934,0.451186758557644,0.426780368735161,0.174150650998551,0.502956354315505,0.175026855480815,0.396576737687056,0.173832708460814,0.647729220673866,0.168849998811824,0.851837256835749,0.160229160532702
0.86766813805974,0.187593218955999,0.915737521164855,0.20157607498806,0.885315154552299,0.274719192548843,0.0296662856047695,0.0777119333146902,-0.162061754349533,0.216553194804399,-0.835984569293269,0.0477239826656642,1,-0.999999999955629,-0.200837794876358,0.360685144681438,0.579048904341692,0.185030102900775,0.458111943189493,0.184823930137212,0.692407131184279,0.163857200586602,0.637691914235177,0.180922207672409,0.701139919942601,0.200415232218216
1.08511566659925,0.187813032066267,1.14944550189032,0.200582173616535,0.88692820438122,0.263184413812106,0.0684369179602403,0.219794192910284,-0.141797854609974,0.226460954543724,-0.857446146357012,0.0382010914433376,1,-0.575546219680544,0.167766776847748,0.345949740737642,0.82739617399386,0.142666481292624,0.564114688397009,0.154438931251889,0.778889217718894,0.176355849392661,0.492403546380825,0.203200538030592,0.774330590354663,0.217827099661613
1.42584044139809,0.240903896106645,1.02010386531146,0.220211211582351,1.02793080385057,0.309216915173398,0.69552883003004,0.486989459867568,0.289815781912205,0.262398919122612,-0.911250938747705,0.0242269526569944,1,0.342753992840512,0.532513208819215,0.457030265559131,0.677407618929723,0.176366964853727,0.9760894407802,0.142434953094992,1.00201824623711,0.145149803204351,0.456773343829917,0.195542997204908,0.642200739875496,0.2186124827551
1.37630445962563,0.235066906894425,1.23383880257914,0.264407674996734,1.15154074519318,0.386529488447017,0.616571400146081,0.502004606108332,-0.271527544856581,0.273451168084819,-0.896718912501699,0.0280586559755188,1,-0.322242301085287,0.754326444849,0.439864634299329,0.723922130220411,0.174527226160806,0.669488060272574,0.161208186261168,0.895476784366221,0.159048746940153,0.644209357635247,0.208576908930272,0.745070753199059,0.240262018815491
0.987548794022728,0.187470788919194,1.16879086631362,0.173911767263373,1.04236167976175,0.299816998520057,0.00973980022850375,0.272456909536093,0.0473540352004521,0.195496536558444,-0.910870579755186,0.0231589409184094,1,0.46997282805535,0.0401696150781754,0.454471605250596,0.590821362455531,0.187182367999275,0.640488120306455,0.141119650103472,0.695179206315274,0.162152343672487,0.829577935079795,0.147979709349198,0.79841954506019,0.204363771326422
1.21525579611665,0.198742950884512,0.880613003083951,0.194855003925528,1.00986068698494,0.272521945350316,0.0644783530419627,0.257249209573411,-0.0830974352429841,0.243696086795842,-0.8945820783994,0.0265139785794385,1,-0.325649127484421,0.744596746795752,0.405835143497487,0.602010584590953,0.161407117121818,0.481560824510562,0.148242636197422,0.635003664310012,0.150919705565339,0.880563320136636,0.143544414242455,0.787786383171243,0.204733414956993
1.03398610477871,0.175543829580147,0.885948514571229,0.164675917664283,0.804617165383849,0.237668794873589,0.20013292691737,0.207549433568876,-0.0638896632653991,0.159123283033449,-0.880756636975558,0.0312399192533685,1,-0.159212322999524,-0.418387642789841,0.400007601047249,0.900086875072544,0.143416742182894,0.690278252309282,0.143870233963564,0.568775636917575,0.159785686251229,0.500772012514368,0.198180986809167,0.482215807189619,0.21758680908035
1.08248479848192,0.214558908273839,1.06840404722077,0.235028138244495,0.97546565602971,0.319911115220864,0.616753321825818,0.522088024987014,-0.230633273397302,0.208858807945976,-0.918922144951771,0.0265531234926007,1,-0.29734471424274,0.309427057221062,0.470986774766938,0.912401987988832,0.164902432071927,0.777534011909186,0.16471099224248,0.725396497945635,0.184079805137004,0.911033761775876,0.207615060883676,0.921294423598803,0.251751807993629
1.09734152378718,0.206857824405194,0.822024498776172,0.145253303370858,0.799809008629191,0.236280973207417,0.140518626651921,0.215425379734134,0.237414486517614,0.17905814372056,-0.892587378638848,0.0283161642314305,1,0.708185647897667,-0.202706961433616,0.383712848788077,0.632070958182771,0.162456956292778,0.626434665085147,0.160127904530345,0.518210395930676,0.174731515276943,0.71032500139032,0.166641593863402,0.726965744125067,0.202571938346892
1.05276920228588,0.177119896517053,0.985207627141049,0.159991787976346,1.03736490283027,0.284470362736362,0.052793995148387,0.0864288513101269,-0.234022728794001,0.197614226002454,-0.850135642849365,0.0376694791233054,1,-0.99999999949844,0.231100491926042,0.417351515779826,0.603636749972648,0.148877708606662,0.614329625725962,0.164620748482484,0.536644252394558,0.157461547621071,0.737054245753469,0.158372397827496,0.752705721888505,0.176591688190315
0.778889680787903,0.186455210140734,0.939847082590577,0.183639037619173,1.0700907023136,0.30502002477529,0.347213488095805,0.392359849618056,0.566614090415734,0.277217933886824,-0.939697957674632,0.0176382115754843,1,0.929562897643208,-0.664538697191989,0.50280463429378,0.678342926829171,0.185239039037269,0.612544601460751,0.15397073692664,0.772979101340115,0.143172855839253,0.542951019695231,0.203348724900232,0.870200623341223,0.189374077412555
0.69103890477414,0.198171965743818,0.891707338303025,0.184242027080248,1.37684590326375,0.412607111693109,0.392718624207496,0.455481193146938,0.695692918561859,0.363955544687987,-0.929437239282156,0.0205175919999847,1,0.946093732663151,-0.777523498743445,0.48509735770811,0.691531341954224,0.153068997991571,0.780262418509687,0.156591784688776,0.735199690693073,0.194976121852126,0.78699632666561,0.207635153092076,0.85274168038526,0.247052910583669
0.794953570775889,0.180047917027342,1.11504726213545,0.152952259389939,0.875558800848668,0.25144568510022,0.0316751395058462,0.0597852267221042,-0.166533610576669,0.154328093096051,-0.88690186568179,0.0269854467412765,1,-0.999999933099705,-0.271468375288197,0.50497570503927,0.69933267322622,0.147741573464247,0.80274291495377,0.15274864622908,0.571884651587004,0.18726022346217,0.599829955834873,0.188127647264421,0.818172782346849,0.179214799131166
0.758252371394567,0.199605129148097,0.813359266581031,0.163368515839829,1.04138275228768,0.317577638898212,0.0710057177251703,0.137871276930745,-0.234343586724077,0.218051609655957,-0.894570068010205,0.0291173592980057,1,-0.861789546189291,-0.482750635287657,0.509749861581979,0.741889210291771,0.176673791783966,0.616434181171489,0.16784535977654,0.625512158054223,0.17775614574881,0.909215952661079,0.182689800046821,0.498752975374142,0.249758879741896
1.13399025405098,0.22129019386618,1.45322757914912,0.261881849410573,0.816851200057578,0.279136588460227,0.167288602695459,0.51317087193751,-0.204715877560486,0.219894323016648,-0.922720956324658,0.0229220292074099,1,-0.553792251433608,0.103168312216018,0.466325476022483,0.607771585512192,0.189023836599034,0.976121562008512,0.17800543102838,0.687026480491573,0.174271385171458,0.523203058722032,0.190926418125337,0.680427159455045,0.198493819617194
0.995527037812308,0.168048590088511,0.845535051305503,0.149165463734841,0.825979162417731,0.206434907748465,0.000170478480363575,0.00514335627462397,0.011866198961964,0.161529750006536,-0.839125028528931,0.036246231301529,1,0.999982264750345,-0.149797131723938,0.334065532526624,0.487198535154549,0.157002788947154,0.748713927438207,0.11746057615547,0.397620598468103,0.178044159522418,0.52307560948238,0.167864194270342,0.988352168455446,0.163848306049197
0.884727556119165,0.199291436938253,1.11250431278308,0.211248328522423,0.96528327256521,0.297348973751442,0.0933437390572505,0.142494802161966,-0.0497373598259655,0.277499547340525,-0.900111376128459,0.0271317552539607,1,-0.165696273523146,0.615553976491932,0.488549850362707,0.407225993522792,0.179966003639681,0.684908367709256,0.154627704895555,0.905447414693467,0.145520712472186,0.92253690387992,0.177979339247014,0.171750967399929,0.363437323608821
0.965696985314957,0.199199784715088,0.841127340613123,0.171422006848489,1.04890643778907,0.285046415020379,0.00854812278135374,0.0446274920347342,-0.0946899183194476,0.247064720791828,-0.8740305201698,0.0333894927132446,1,-0.999999978528781,-0.00983232590477196,0.442713256988498,0.759419590801439,0.151374237730962,0.507292574060091,0.139823125608691,0.687234369447112,0.166603050769486,0.554978562223419,0.175826195391336,0.908663155623448,0.169859738269611
0.740071525236572,0.185099419274766,1.17019552717014,0.175374140978569,0.923245513115228,0.250490191034533,0.117813935714965,0.271464170382422,0.206410055214167,0.201441213442599,-0.890869118665397,0.0269377377831591,1,0.625855272074709,-0.342765893306661,0.436978956129872,0.533835000544565,0.146329057165472,0.800260783164001,0.135645957687059,0.707348059799398,0.153595224913634,0.691640359633256,0.180499315208721,0.816486526740517,0.214383944810446
1.04079778946213,0.211847553688201,1.09119531187928,0.203943867063834,1.35811069533651,0.40234042765668,0.473139926634003,0.415149582583336,0.143726315064026,0.280120976874553,-0.919745310647004,0.0236138496314498,1,0.179297365060728,0.0500688457315621,0.482575611422945,0.721350613643508,0.180138993562872,0.724396249591639,0.163040899209502,0.749054013046731,0.171198490592919,0.75568049431951,0.164657274412941,1.09760098087182,0.169971827967775
1.03003436599975,0.180363165395009,0.834711151034836,0.160052783094783,1.2135763063316,0.330576787887921,0.0290217112894816,0.0748945440134621,0.187670085999584,0.24108026877428,-0.90171137878864,0.0248360134857532,1,0.999999999843553,-0.193746869160724,0.350137097961768,0.698996433615537,0.155710291150063,0.630232404931841,0.150257389114039,0.490047749772028,0.1518188156122,0.578336265084801,0.172300607493443,0.960522436959698,0.180716970508084
1.25125984959763,0.218616064047602,1.14435996981132,0.192242979323449,1.18648945382139,0.337338097775131,0.0477756103798946,0.262519392354427,0.000958831106856313,0.209704439520708,-0.881162734778223,0.0336875316541512,1,0.00402723573509512,0.260396171960065,0.339970738374346,0.980742981573095,0.140543004974709,0.628023485206093,0.182263173923671,0.736357672954725,0.165605211237764,0.830543501147648,0.196545176406267,0.654581761972717,0.21548330232681
0.964835969464286,0.18196326740382,0.928211745707666,0.157620822060586,0.948046640433376,0.273399478520437,0.240564651027925,0.269038684989359,0.096299497541087,0.149758919502517,-0.912082474437843,0.0267860381217002,1,0.201647695672429,0.598844147269045,0.407930398349207,0.517555965972588,0.184544720812142,0.609671861969641,0.147821685172964,0.718331213569788,0.165577713590052,0.631472530384299,0.174217027923158,0.629201460189746,0.228478372267245
0.91177107064028,0.186190882024147,1.09321981550788,0.190955962654065,0.644888923909397,0.206978043636612,0.455710130406124,0.331733426331197,-0.0332140123747379,0.144460857158633,-0.902071447641608,0.029568986974432,1,-0.0612681183593847,0.08154763907586,0.462342708382606,0.937968743699814,0.141933704516564,0.430359317784084,0.195536997863715,0.642622550884828,0.190630836718216,0.719684085009678,0.185829809270501,0.746422220054542,0.226298139036931
0.866355536498302,0.151150709568698,1.03315783401722,0.14782372187855,0.609253161077167,0.160863691583937,0.0328794409718617,0.148825773616014,-0.0467174770379583,0.130981766257945,-0.85854101838116,0.0322671174052016,1,-0.330079287192024,-0.22908935532033,0.38786578895784,0.684897187506192,0.144688794781177,0.650205715739074,0.151598986121876,0.598350856658982,0.140778206789197,0.648089863772872,0.175029014908854,0.874992748788661,0.153169177622438
1.03874563745685,0.182759189241144,0.999908886732841,0.155648064696949,0.851035029002113,0.249702049900367,0.183101827243825,0.204782863355277,0.0298479792666288,0.198307870341055,-0.869583724173426,0.0349217411329876,1,0.075612722779877,-0.42630458295335,0.419106009713136,0.830518888727719,0.142281026928998,0.825989555881496,0.144698253722363,0.435917901951729,0.173907804562654,0.785047103044706,0.202967928240167,0.289993190924505,0.236602373736221
0.874439249083313,0.213759793325567,1.15604387057876,0.20459880095255,1.52212304824691,0.425035686628105,0.0106400135498227,0.0475293469741516,-0.127261187451678,0.287070612725528,-0.912208580253597,0.0230485038051157,1,-0.999999999190099,-0.409684538552643,0.403511107292087,0.760134589462852,0.15978255063257,0.966378132875576,0.140891831223009,0.56921254949088,0.167505711523071,0.388796169666206,0.222202191641159,0.846580132131349,0.224123539520487
1.15609193175762,0.236261431160791,0.821405869610828,0.177822906507864,1.41874154147446,0.465638272408617,0.211306777842432,0.326699143899818,0.0595578267726247,0.301738019894915,-0.922633100555542,0.0241090103188341,1,0.108775349100239,0.460434569282174,0.502890694907681,0.666600366085021,0.174498772730738,0.932532585669096,0.153955641539686,0.748777704672614,0.198790382287641,0.785782074724298,0.234853977627358,0.610658414263839,0.238925084836048
1.27232845467898,0.24476540631095,1.31538061545469,0.248607991984846,1.53592322722184,0.48489175014089,0.0868966304399012,0.248844518426491,0.282066455510088,0.353873117750151,-0.912118612503899,0.0251165393525136,1,0.772085184625567,0.0611178145251925,0.516248225002967,0.856899056365016,0.190812380040698,0.80341277758337,0.166679973895314,0.613901939355915,0.173369221783982,1.06674585403268,0.201881410777061,0.479402660782466,0.27788479947327
1.03093453904436,0.196297385508025,1.14767637115975,0.237038087071756,1.1202692084327,0.3700166382759,0.00274457442756207,0.0642818820236448,0.055446075418174,0.299336966983993,-0.924520258857568,0.0223846121024877,1,0.999935772643177,0.190281062650748,0.510144177290226,0.764793036627748,0.182248180716102,0.781690865912454,0.171420204254628,0.780053357312565,0.151992303450333,0.660731406289044,0.201329338565714,0.855534527846862,0.224461913166233
1.19142012450784,0.248909809149413,1.18853938165729,0.214278803334615,1.43628935684061,0.525200395238772,0.625586660012567,0.54965011056207,-0.0702234094451355,0.372464478815689,-0.929421430263576,0.0229175880530786,1,-0.0740827679454478,0.314977336791217,0.568806979707048,0.900890803925247,0.191045186473294,0.557171261315254,0.185705726897744,0.985375542916497,0.205145590973828,0.791693669774356,0.18796930160661,0.788481941769166,0.248367886621118
0.751417639452166,0.19029562248493,1.00001640042656,0.166268035176759,1.1701037065822,0.319591826084156,0.0302960567533196,0.178445554021029,-0.188272022530302,0.210358434298377,-0.884054889144338,0.0296544602346854,1,-0.999955233462507,-0.36776989403685,0.457236597298517,0.8291484644469,0.144377803450049,0.700747295774628,0.145844346522235,0.649789334463685,0.161692747781049,0.644040659265402,0.204260879967857,0.617232688042624,0.243556773944772
1.35301541525726,0.229871630501409,0.844577848723221,0.160878111547555,1.35430247939669,0.403350647509905,0.0136132016574471,0.0511331784092313,-0.135780655483875,0.246944018023721,-0.923440280988378,0.0224923275833211,1,-0.999999827689242,0.292027442447381,0.392998994387458,0.710370647837187,0.167278200020815,1.09933537010468,0.153488266835869,0.789005627601356,0.185226043518515,0.710057851181521,0.161891526443977,0.978940418857797,0.18670299553111
1.04253709632906,0.19340738804166,1.21847848361739,0.186881213936263,1.11891663641876,0.292871655796671,0.255850624725412,0.267192355143817,0.0480768060569747,0.21837932090734,-0.898490816960662,0.0268774482441639,1,0.0898552592431135,-0.128685526695832,0.413155357027277,0.799137120424354,0.157308476515002,0.815765399170887,0.141084777669777,0.678634975693078,0.176455423779577,0.572828425032677,0.190360374838005,0.92157602664128,0.157067267705663
1.32787803382048,0.249615038729581,1.20421117184975,0.245092026765497,1.73082030283104,0.553223888429197,0.327820967918631,0.446816595953396,0.139273812630022,0.379349957016309,-0.932428728003515,0.0197028311842963,1,0.184894975757073,-0.87254738153515,0.684510423728736,1.01336477972708,0.189539917013526,0.861372473642319,0.160746010486066,1.00777289865384,0.186702952279758,0.747062189443608,0.198767383130794,1.12062640311873,0.209492222525319
0.746545454023102,0.223237239826852,1.03901581807595,0.194101872530437,1.40016592872109,0.50301760433871,0.0973581217785552,0.179405619293106,-0.369212032490204,0.364023743829277,-0.932596376983176,0.0218382357864789,1,-0.999999999768686,-0.925983639280741,0.512619310997275,0.853410657730706,0.171069924412804,0.952638367716268,0.155948463515806,0.624892164358136,0.189227614339,0.562985858176798,0.226922028436856,0.326833763218358,0.318852771713946
1.28328185836862,0.178207114496852,1.04032841387129,0.194237812836253,1.23529373817309,0.316009296961985,0.0730210877892009,0.211456163918535,0.0656933358336553,0.249880227749289,-0.8838563500187,0.0274142508549933,1,0.218731860133169,0.554441921856836,0.31419038760783,0.663997330060023,0.181441704253703,0.819578461702907,0.151033568070283,0.711607126108934,0.151945091340537,0.521976104757832,0.188364930538056,0.763451819413554,0.170598451133301
1.09183071050611,0.214551233595212,1.10231875469574,0.210718605016378,1.11911133398811,0.366471564656575,0.453073549745448,0.351968383459755,-0.683891486948369,0.330607557094568,-0.9049769171637,0.0311212463475492,1,-0.960431059071592,-0.224618157668649,0.454315578405972,0.653335975201157,0.178952297368296,0.853481162243416,0.173664043157541,0.707702451925356,0.167435195458035,0.765543798760169,0.180412209322319,0.838618961684863,0.216779667816294
1.16948661595882,0.223281142141384,1.24967847743243,0.217727684215863,1.24292297725522,0.35499248364362,0.14814292667794,0.167467688878995,0.429104005436302,0.25461270890357,-0.905496776760577,0.0266054553521262,1,0.999999999988135,-0.202883788463902,0.473714839759459,0.938891219142313,0.154375204535073,0.868690771100318,0.136015423560546,0.813506057389684,0.162868949226025,0.989999267979787,0.188729380290698,0.574317409992207,0.287237079815365
0.746019723122971,0.167638744245474,0.976139615308678,0.156153575472313,0.720698626564483,0.195025294361994,0.0795078997721322,0.167567497915076,0.0965057717019859,0.151545779993833,-0.862674425303769,0.033733180013914,1,0.403154303331329,-0.470184704663856,0.350168209080317,0.580115460851401,0.14502321766079,0.645152873824904,0.140137890212501,0.672394823175157,0.150858593477612,0.829793469582029,0.177976073690004,0.272037907883649,0.247221026002846
0.855192252975824,0.175367736789973,0.718881517566462,0.194247122790948,0.790241641891744,0.238000001060167,0.0191001614452892,0.0588764878311878,0.122856594927135,0.191337944457979,-0.849527645368675,0.0397591396452929,1,0.999999999210512,-0.00963095088457874,0.419842796313371,0.43177202996704,0.14510445700737,0.46994466703145,0.157163158347436,0.771579802387142,0.160908727319117,0.683032360620696,0.186434052308758,0.466348922103966,0.240541372863064
1.31396175534369,0.217061271951495,1.14570638042381,0.203988139438494,1.01497681449255,0.325435017033359,0.144509630968782,0.287484616966835,0.177064873373014,0.239011633337533,-0.884681023455588,0.0314261952223509,1,0.462334131782682,0.23896716616467,0.394000704917538,0.619447521962361,0.1729467737073,0.750231154862927,0.170066479021934,0.657480199253945,0.147454470858272,0.712992270631357,0.187814419725773,0.795712180561127,0.22671813410086
0.991253668827936,0.19937618669782,0.872954695371164,0.150081652044861,1.15790255232668,0.308916358418781,0.38761519243254,0.301620479710332,0.0275786336916125,0.256894067737409,-0.900811099913509,0.0228341206636439,1,0.041165779688739,-0.292782729161893,0.469018839146473,0.8083248640208,0.133780586789094,0.557490141031751,0.154919661465055,0.877297798001259,0.159428591644682,0.587800922979796,0.190161054290881,0.851634788260494,0.212036227233053
1.31185350636963,0.220233877170199,1.05321779173987,0.170776510676782,1.27997714610158,0.351209671648195,0.0539892541697145,0.0922359179136926,-0.262878319058433,0.233388495298184,-0.931675767505016,0.0185354150399725,1,-0.999999993912767,-0.468480744482714,0.49364865309352,0.889031293924533,0.142942011443598,0.780650618443264,0.150062041673003,0.725917828632759,0.171311275351422,0.849667740547918,0.171739006546059,0.815424375423405,0.16876856243038
0.990061204725498,0.221300983746428,1.14370246857785,0.190191943855133,1.24633201694183,0.327078310950503,0.188720873221464,0.229643764882392,-0.48498336293449,0.31567251404997,-0.90045139057871,0.0263115708390328,1,-0.999999990991236,0.218914426318814,0.536708274612409,0.760943916519059,0.145278343220083,0.528276655327368,0.154125396690274,0.917374596640444,0.144720244110838,0.529373828617528,0.192179273996131,0.878666444039294,0.159283333288343
1.04537442662568,0.148465161742358,0.933000516758176,0.127334181058054,0.481487595681265,0.119887783460389,1.06183260127723e-06,0.0292577824697252,7.56081980538765e-05,0.134925819067438,-0.828015342357241,0.0374351280748762,1,0.105742191915188,0.322787605178178,0.31826974365481,0.586724139229338,0.127147615120172,0.710865240009323,0.128395024963209,0.470685395443139,0.168639530370266,0.354521660987135,0.182421098166267,0.560864395430143,0.205339155168219
1.29964233508182,0.223288189555777,1.08445641875898,0.165589260952963,1.64422464405657,0.536609588983261,0.0599113120482314,0.0998666172885296,-0.313859292786597,0.276592662552826,-0.904624050200645,0.0288287412159652,1,-0.999999999700722,0.0901207073074676,0.463178456314319,1.03301892380247,0.138206940425362,0.963489908210136,0.142814541776477,0.90311230788494,0.206688399646282,0.312009379931722,0.255438194334148,0.928005194701337,0.233581315682966
1.03736960340857,0.172243663669628,0.828712232146492,0.161313253750716,0.750175211430034,0.174793540211666,0.123935269624261,0.147874231580382,0.304915016178595,0.194102087123378,-0.877212719979584,0.027849257319319,1,0.999999999984806,-0.0728632739147383,0.425518187239568,0.681262532345119,0.133985777999721,0.60566404729938,0.125833424604351,0.693796256934124,0.160831419150055,0.738879798279453,0.158147748747859,0.557336120886863,0.188385900049696
1.16178786730887,0.256835316578193,1.02952724358935,0.176473071336278,2.01959445269659,0.563885183569124,0.207307216154345,0.294282032200587,0.372276128420937,0.389744346949206,-0.919842508266924,0.0209036838066083,1,0.575341755691649,-0.0391102454291108,0.556280709750187,0.947265202535006,0.148124339260067,0.907905480602572,0.139628547920025,0.661576914025879,0.189788431239683,0.999187396135776,0.183596812398833,0.747161711136085,0.225091580405115
0.693239296343274,0.198283441773455,0.891411619772553,0.16589071512852,1.11175547903466,0.313699754297599,0.022993226348797,0.0648275367915347,0.159883849609161,0.22729624534341,-0.865474731308,0.0331004389308295,1,0.999999999841287,-0.294835932063955,0.487543886661555,0.739171709057108,0.139527381805233,0.672787829936844,0.163183131663708,0.526141704605209,0.175200167260236,0.518671121444667,0.197076979235035,0.591047377039663,0.190027829591816
0.794065848202278,0.206116480193456,1.19224070386456,0.155354779303537,1.16477652347269,0.31781105147829,0.000956700124091532,0.0335201505306384,0.0333767295329353,0.227751670720275,-0.927386791969355,0.0171789000443538,1,0.999849330109386,-0.642734790475617,0.453830379082518,1.10420428092235,0.105188250784565,0.640715556786956,0.149362144717014,0.524265084157676,0.189995314084477,0.873230973883307,0.153044827553099,0.613430569627243,0.221900420849419
1.09947607193285,0.18993604166089,1.4239029159519,0.232791335290474,0.993211210537513,0.304681869156335,0.414135641894211,0.341585952976927,0.0742575563199853,0.246074537129406,-0.940211262255345,0.0157753356100032,1,0.115783998210609,0.256028689868658,0.546589853190913,0.820494543300723,0.172996384529875,1.02781093807702,0.132111752788169,0.556961425351426,0.181487785697376,0.75917035400034,0.19593297366675,0.865372605184269,0.190915712175359
1.10974226006813,0.222201395928066,1.34608804957131,0.251732982234274,1.15118953529278,0.331608532842174,1.5099081591552,0.931380778776945,0.393399266353049,0.386292353911699,-0.934282320062788,0.0176568028097177,1,0.298390411361866,0.0332154940562029,0.492803340210195,0.865762082649118,0.151262640879139,0.750698426641345,0.164792400627957,0.946379101710577,0.153665351256834,0.937016673019881,0.19288917850066,1.0666881609801,0.220258522212968
0.857250379600297,0.192925037656223,0.902517319517728,0.149068221076777,1.03629706280704,0.290788073320896,0.0262495434518287,0.0596489239881376,-0.164931272794512,0.190762776966169,-0.90019262252041,0.0261643073991273,1,-0.999999999383543,-0.332824741093917,0.381090316938138,0.602987703797331,0.151202689955805,0.877821208750769,0.142947545123208,0.565525381578728,0.170621245659194,0.779882565128223,0.169585990071302,0.754147544578182,0.16537255895625
0.832542673066653,0.207087100842939,1.15508497186572,0.206932807437797,1.13797453712435,0.410999208299323,0.086571451193671,0.223494914946293,0.0538196886953346,0.211345260688642,-0.850564941796408,0.047903069087488,1,0.171469768012448,-0.0416753961077166,0.387552262036419,0.598178038822492,0.166056092209057,0.668738992862234,0.19699821482886,0.840843176074644,0.193859404700488,0.632054245609075,0.229085847826802,0.862980065320988,0.253301552333453
1.15420878131861,0.199387878723846,0.970468569939725,0.182351749887653,1.07781495049097,0.323050217749107,0.176317101907697,0.234797997459672,0.150020652511547,0.28006322981438,-0.913814753324523,0.0252488179757797,1,0.344137285672719,-0.0929387732571792,0.410966856083566,0.481956301662771,0.180146027472996,0.897245557969572,0.148302928499497,1.04086956796838,0.181072116830847,0.601597036314246,0.188949093279379,0.836269742354923,0.204310190532338
1.3716827041968,0.253212044470289,1.42174606106368,0.262456248279489,1.41587003405111,0.474184794824282,0.0910691629274266,0.257231337850897,0.0898046342533714,0.347527992880843,-0.926855560550619,0.0234613594082024,1,0.250092910607446,-0.074496809747707,0.453800284995694,0.839789564287769,0.182520919694675,0.929094618373734,0.170379100365472,0.859513539561808,0.176466200531881,0.818297424064172,0.178877961884124,0.86316597562052,0.209664132752736
0.877951742270555,0.20423539141501,1.44592646107966,0.186114292372791,1.00512485680925,0.297721826471251,0.18905957630618,0.313565934116492,-0.102228373099201,0.26777236323856,-0.930088595135384,0.0176488056675063,1,-0.234510397360468,0.032925904517633,0.509780677603352,0.62642283325992,0.149321283595878,0.638950064800063,0.145638940653267,0.904552054885492,0.178068528537681,0.367337147029139,0.205175322412495,0.875633143502904,0.182374815023338
0.977816940621204,0.191374455239587,0.913820706702681,0.165023764364506,0.831750703088637,0.252222512554863,0.169738433235763,0.225030858672768,-0.0816619520659486,0.174619391660946,-0.903074494473129,0.0261169688820676,1,-0.21733670288739,-0.72385818282547,0.365031131060686,0.722101320671546,0.160248591041431,0.734347652807859,0.157440005492701,0.879685604060286,0.169419040191272,0.494944366860839,0.194374824299789,0.70906800524588,0.210766119467644
0.969663530031197,0.193856902356818,0.876237709095832,0.142578245608602,0.921556327628997,0.283612478646443,0.0153190878452382,0.0427464952673069,-0.118816675030832,0.168968600018054,-0.865705517825291,0.0366729793936948,1,-0.999999997453447,0.40994323104058,0.398733346725386,0.565243864894101,0.157293032501232,0.402890855166602,0.174483309759186,0.655791398292272,0.181225656045518,0.544487903869555,0.212852518467193,0.477354930146176,0.237995351859108
1.12039254919667,0.173460653915596,0.913473674883242,0.170595346800839,0.964993916254184,0.288933402434846,0.302578051301939,0.251292053498499,0.540357265835125,0.272654313505811,-0.882874809757525,0.0323560457918124,1,0.999999993222954,0.96660035481995,0.366164566494967,0.302747437243449,0.18666553731005,0.789053989116244,0.1468719987929,0.675274927043027,0.169068386714808,0.669602751588155,0.206154487449891,0.446063681188717,0.269672649069821
1.17373662515518,0.166915781394983,1.13538429270579,0.179401475032049,0.843200752850038,0.243408221215263,0.00299278582124272,0.218997386294641,0.0500741792226548,0.150921687224439,-0.888436705227883,0.0267767222355096,1,0.996805734486679,0.645878614100742,0.342444581503755,0.491187798873466,0.161890140116545,0.565067570350571,0.144690639874289,0.763367706547204,0.140357815299603,0.489796300496141,0.175708760882142,0.711972911571284,0.204634431896858
0.825294377572595,0.135790759294078,0.875215874006888,0.134168224318504,0.490223366471714,0.129855820654152,0.0404765057759804,0.0699439889125205,-0.140863511684596,0.12623784757265,-0.881923018139083,0.0286429277151233,1,-0.999999999990009,-0.00381809019689519,0.324013072024142,0.673539455772583,0.127642804437286,0.385874458942973,0.142739880239241,0.622259944589481,0.143296723667757,0.470349808276889,0.186411095773828,0.504178718131248,0.228459593758831
1.1004756941292,0.199208742333838,0.913353501560924,0.188139784062963,1.04780606639505,0.294729482086888,0.0795713612973288,0.219022395993203,-0.194630836282261,0.215845715743431,-0.929541235375573,0.0187633629998757,1,-0.674051066926628,0.322406902659357,0.453084776267617,0.72558181290537,0.175152898658758,0.690236778981687,0.174083071512415,0.753670624211536,0.146377493644675,0.867599584486516,0.180792398663157,0.362998569551882,0.226049951837794
0.902940155735413,0.187812334766232,0.998409370659848,0.162119571164835,0.816055001133955,0.240769591888663,3.28003503641053e-08,0.00119513614710733,-1.35707652668696e-05,0.169211179119472,-0.898315383053344,0.0255039666084341,1,-0.0829478974116604,-0.392305250957877,0.446825853958322,0.914118551599419,0.144938275393599,0.553982587239985,0.160513326455097,0.798787905482211,0.151706836751507,0.614865281000777,0.1799419449806,0.726718364079272,0.207156674398596
1.19973035513723,0.16214372122355,1.27779625368437,0.205050144091405,0.935799967592611,0.249986716123718,0.847494470635303,0.537298328449861,-0.890553366259111,0.345063973577913,-0.934703120619295,0.0168906977338093,1,-1,0.397087539137319,0.316923209892683,0.847357404616294,0.140666077618491,0.965061654981284,0.117759768578564,0.41460127773251,0.195796310948344,0.816962623240647,0.201129326787671,0.808987159136392,0.21506778950984
1.38525303875837,0.208012522482259,1.30671993397422,0.152686156579549,1.28215183193601,0.351321567039379,0.0116703803780845,0.0491553143240399,0.122324157788121,0.25750420974461,-0.922352607725319,0.0199742321140351,1,0.999999999913852,0.793053667622613,0.417559729960966,0.638327579139916,0.177255174728304,0.825952493267755,0.149876101495494,0.706957937849662,0.159147239589264,0.739120183533982,0.190264081728141,1.03274152649511,0.200697034229541
1.39037197930355,0.250567269528681,1.5069993030616,0.276555542877337,1.67116137967185,0.485004424124493,0.644543998077907,0.470797396701832,-0.547648920037026,0.427607932834833,-0.945820541514945,0.0151493241558407,1,-0.52767528812578,0.25063284942497,0.617661447133858,0.897056700098168,0.145906675007466,0.978640878505561,0.142986028880568,1.01599778720628,0.186119563134846,0.825819118024869,0.166286680459694,1.02040110993694,0.205466318240421
0.888836351791292,0.165733662438467,0.828333150696029,0.130417428380305,0.714474464266226,0.178338397491694,0.0121228819206386,0.0332662933571122,0.0930671237315486,0.127036559140154,-0.890335985456923,0.0246594728111737,1,0.999999997347592,-0.0885498405113443,0.328963224491152,0.533757679099936,0.153972791251937,0.567779421039424,0.129449238164077,0.577818948456257,0.149841890670484,0.39982357779281,0.198151426383201,0.215712099688054,0.217121061425248
0.95377294873705,0.195474880194426,0.881505940611724,0.155342648442646,0.847423877239913,0.253765770359596,0.0503825895011529,0.234485090763566,0.148510459199582,0.221544548337545,-0.897569425479335,0.0269516508784349,1,0.718731120863663,-0.233079289634783,0.441580143694381,0.923414243886801,0.151800242045062,0.611478597037088,0.160561048147127,0.767590088449136,0.148740038797693,0.713018973945561,0.208444935035815,0.000225734327780178,0.332085945666369
1.60868071260426,0.306744824521512,1.63933253775725,0.334546583860819,1.11471974740235,0.358860298857461,0.93974438149486,0.755931297857229,0.0679821388201882,0.343885352801529,-0.947042552442188,0.0160542171711756,1,0.0664212596743358,0.500539096954018,0.560098475093889,0.872068852555963,0.206484561727554,1.07625733091317,0.171390512373809,1.07454934480277,0.168023489413656,0.722481270953271,0.189281299187996,0.79181564819659,0.22909496615558
0.918277780043796,0.22174048408752,0.975373447241551,0.180332222073807,1.14103025099108,0.389727523340944,0.127361840132726,0.120273259662829,0.0721042150159883,0.221610659471393,-0.913398742552931,0.0258972286595089,1,0.189143931207897,0.12630656115379,0.413096457913492,0.776263803084362,0.167644681672209,0.71723096911943,0.160950600952148,0.361261383100982,0.238380798604829,0.638428757256392,0.218925559257937,0.334582592415775,0.255439980881494
1.32238571667214,0.185866910373848,0.998160517339372,0.177000162739019,0.810604114881048,0.222114455845173,0.0872810153251874,0.185713596224522,-0.0177414923342198,0.180035406274148,-0.891299797888553,0.0263149272779085,1,-0.0667000026341524,0.71499995025817,0.369160461368649,0.514307605995076,0.185665634183315,0.731631492279319,0.14357936532287,0.641242803579195,0.14991984062023,0.465313998252224,0.171392876829306,0.64691484882883,0.208195288316791
0.750760410880248,0.204038547654484,0.899735439546357,0.156737539533424,1.46446059668599,0.345413510980952,0.0102265140979055,0.0286136935091092,-0.122377804045254,0.174361916511314,-0.906217917389097,0.0200118615329456,1,-0.999999999502624,-0.473249053316346,0.464753971373684,0.635708833520593,0.15528351927061,0.637309978486168,0.123252273799412,0.868969281403354,0.145204985080987,0.653746539124631,0.17456323588417,0.794996173317765,0.217330179006329
1.21502712075857,0.243547410702019,1.2124640217213,0.23839390398539,1.50488220500243,0.434395790866605,1.08207474490221,0.691857690749884,-0.354884400307463,0.302790723972379,-0.927941785034136,0.0209231339494265,1,-0.27810386563728,-0.057396079432739,0.466282172605732,0.943116041968366,0.179272553852702,0.848451677103038,0.154891665081061,1.01835996780819,0.147203139034374,1.02411696481367,0.156765206054049,1.29620238065798,0.215242043382312
0.871953167235686,0.19263585463082,0.615238121417765,0.168750737154366,0.744796476890115,0.214373945709455,0.179430941013822,0.177878187473598,-0.365567411976487,0.198795338933201,-0.874692876834325,0.0333983491884662,1,-0.999999999951415,-0.211742034256182,0.365979456169584,0.619493909430326,0.144422910729806,0.716379224057718,0.140804912189798,0.698613587438398,0.165404786827021,0.607093410638223,0.178056553593728,0.308597722602501,0.244755751877474
1.15901343305016,0.21680646663541,1.45649472467364,0.23770096870643,1.37202995379229,0.389053112152297,0.155908080714855,0.366662538715408,0.268592657005911,0.309752096208754,-0.931493779518978,0.0176851727289812,1,0.580735033795369,-0.15243821983988,0.466127643712794,0.769398868873963,0.137784318987075,0.863269898957617,0.155207372059582,1.16863972659635,0.153378539109257,0.506754595529899,0.213251496945322,0.899053710990366,0.190785100422505
0.942909318478353,0.172618573894902,1.18374352505725,0.182881585620631,0.892802741774366,0.224757914887392,0.0635849780847927,0.210535903951933,-0.180481738185573,0.158067792378602,-0.877378450306893,0.0276130512852045,1,-0.757492337969155,0.0234450712818737,0.371612309365662,0.537531979314956,0.1572543761544,0.707251991199062,0.134510075610456,0.874814394441095,0.13354504514741,0.586326036379921,0.203723199184666,0.263507214871779,0.292270390155047
0.833316420748587,0.154961330696552,0.869327774692841,0.166703714600164,0.838687950689562,0.229214407439338,0.132419911061336,0.122532352021061,0.333255133026045,0.170211809773402,-0.89881808368067,0.0260507016156129,1,0.999999999323245,-0.0252840054164694,0.317739703290073,0.568647596907996,0.153405767145702,0.775312408954215,0.145119608936217,0.648837399088074,0.158146915958066,0.61447052242841,0.191183663846071,1.0525141952945,0.152913913733361
1.0662460886909,0.176516713742056,1.06465446769295,0.150017521094113,1.20665330666888,0.325464323488796,0.000264329112902802,0.0083090813793732,-0.017859105268781,0.271415078969073,-0.910145439690172,0.0231820110414793,1,-0.999990661401114,0.0660507629256666,0.3864125708763,0.760168886976204,0.143157220338436,0.792811431945213,0.130005149321398,0.741961672646416,0.149355819350473,0.676483872218195,0.203727347931491,0.720810721134399,0.216658194772184
1.4346734158444,0.232541198223326,0.793225139466696,0.202124151739526,1.04577406700331,0.311201587497253,0.500190675113524,0.459232730551878,-0.267089230242812,0.256555210886338,-0.889537640095094,0.0301984376110632,1,-0.369291785123421,0.797570446756732,0.3791372394449,0.698554102584425,0.151522372341411,0.78262677354616,0.146915318440025,0.971530396651871,0.152886278387086,0.66748720634871,0.206440403355058,0.527604636681968,0.252477446781165
0.640465074191193,0.147835593221455,0.896135316851374,0.168358669742072,0.676994559784678,0.187126314981207,0.0557412179334076,0.0911184237413508,0.194258851104634,0.162873700980013,-0.849878875680481,0.0394263483396965,1,0.999999999149407,-0.307030971483043,0.349838579417276,0.317762472853112,0.167403719766444,0.63739579929354,0.144786641554975,0.559284435265321,0.148238356319814,0.590492087509236,0.172550101178787,0.577972688361555,0.204619184288944
0.883762689050345,0.159523227755304,0.777472656542572,0.133934792288728,0.527222249557664,0.147198755398279,0.00682596182153623,0.0269890993331885,-0.0599899899529178,0.117599029237415,-0.841432646971095,0.0381032092458579,1,-0.999999992720642,-0.157657529415673,0.355178747975218,0.656946174993982,0.134396622346276,0.343905057897934,0.159517243934127,0.46831025917981,0.148792044813312,0.564669213227346,0.178911637423725,0.221067958665342,0.253386777947854
0.984813712321115,0.175521286136834,1.25380197659121,0.207994784319598,0.755898759161279,0.224394594498665,0.0283785212744689,0.081853816425669,0.146462585722303,0.215401216708069,-0.864247160445927,0.0358475114499137,1,0.999999999959443,0.147714752853571,0.430608814047612,0.556381646563746,0.162929735212924,0.794089716056989,0.150994637621357,0.620092453360981,0.173203160776088,0.481781318211966,0.195272490631542,0.643113256533792,0.173066885121343
1.06363210421589,0.21322249097132,0.904136170911829,0.179456492635521,1.37106754172529,0.416968513894696,0.358201736450401,0.260043942396363,-0.150066373452081,0.295082084280429,-0.90342053845025,0.0262660416136334,1,-0.214136213617786,0.103023880851646,0.493612455765452,0.541056744648457,0.165561789228473,0.956797016289961,0.156601005137578,0.633398049028695,0.170429950332893,0.680394137571373,0.205075473263352,0.735238598941599,0.236692772197557
0.746926985245171,0.14023843859725,1.05802627386853,0.170946060016336,0.600215647937584,0.165294630531931,0.123402281402565,0.212768140071408,0.0365625927865464,0.139013111048453,-0.9061244427011,0.0221172063358378,1,0.134345070136333,-0.346785495895356,0.325820186581478,0.529322048784808,0.171582867674722,0.645938782091695,0.144919126398168,0.69322613115079,0.145136280628069,0.750815947051991,0.134291835846785,0.664427674657856,0.199100017060473
0.997764813008219,0.163512869766199,1.01935233903555,0.175724803127026,0.501563466005418,0.144802826734953,0.096012094725859,0.270883001517645,-0.0878379296918411,0.14462961994398,-0.891184013935826,0.0281073765504156,1,-0.400272884748848,0.542172633058705,0.429320644858988,0.625309503981344,0.157769385693761,0.587701024755022,0.136094178969752,0.528607221366874,0.168276889717799,0.437570447899845,0.17805954779078,0.234681761251494,0.233276701647836
0.856971249492223,0.205373519329855,1.14506529212934,0.187167548810531,1.20185344369804,0.357814014117295,0.127226917841248,0.259422847612405,-0.168642383118868,0.222943285071892,-0.916581708182752,0.0233071996268853,1,-0.431272207183733,-0.514621925468152,0.436355285074834,0.963379265102418,0.151645361415979,0.73617914268589,0.162888563673179,0.131030684187129,0.241423235979939,0.972686159209391,0.177799010306957,1.06831768850807,0.201008173806526
0.997736562312192,0.213178073679321,0.988958963570783,0.168081778101487,0.931801046615258,0.285351614919903,0.138896508479256,0.225172347954198,-0.116818197441356,0.202940654017597,-0.905479407509562,0.0269999817668708,1,-0.324715664097428,-0.606457198909915,0.415102966763825,0.725463936116482,0.169030309307664,0.673075018911579,0.161993933927199,0.774297794477786,0.171715514472246,0.451670906250023,0.216720825011083,0.763863691448822,0.224474707124945
0.871981113024045,0.162786869203919,0.897686729967265,0.142188821420171,0.695147037695741,0.210652969993275,0.16207354133616,0.172078085042925,-0.248053652142553,0.159126510474107,-0.889271612020882,0.0292450913318865,1,-0.739011550979352,-0.087870894623389,0.340802581898596,0.719500409146435,0.155981785761047,0.648027570238473,0.141009663286945,0.538635312561924,0.193531590470196,0.836432513088922,0.184134670728939,0.422719580568811,0.241581993668766
0.866389003456758,0.196926985053476,1.00803014431927,0.156475528564253,1.11885768675067,0.312923084500028,0.03578294463927,0.088157446039048,-0.200090036382134,0.253663469735934,-0.892381619353036,0.0291619213085421,1,-0.999999999939841,-0.61682108308653,0.45991185181209,0.585038651681336,0.16629201314341,0.502969176157512,0.164990967406427,0.562675305787013,0.178785412239564,0.829811780289002,0.144424211185612,0.514663394127912,0.205729598131422
1.02895918797343,0.236288227643898,0.839986563692663,0.193441067150331,1.36176474583469,0.478331583639804,0.0528017212197018,0.125444184369202,-0.268148321776156,0.335474425665476,-0.915096785788963,0.0281732402590563,1,-0.999999999965143,0.531689779232483,0.480400143690782,0.657687011734289,0.191849180583582,0.573402732620906,0.182391978706441,0.609606854344402,0.194179501980634,0.680817038436813,0.22968395450624,0.306914846201461,0.26580114479558
1.27354593421652,0.206310132994287,0.816069135911314,0.163184447122477,0.939052276261304,0.256434569143798,0.0682347092241813,0.188627035840363,0.146027298355716,0.219604511856162,-0.912037863874206,0.0218721380617352,1,0.576881342131827,0.528915731101486,0.416767713462899,0.939989187846794,0.118746803881651,0.839353512379181,0.146746512516615,0.71245807270318,0.153540193946627,0.666488490106689,0.203151002468602,0.800113771270123,0.19741901229952
0.998945041610965,0.193738989846877,1.44340009318233,0.203700003435252,0.977474752028751,0.269346379391941,0.125978592328926,0.246703073320145,-0.192637365457954,0.236172658665085,-0.917805449669082,0.0197694676066658,1,-0.548958330906227,-0.436023770581027,0.436942453282182,0.64340894124213,0.151716740983255,0.764232138114618,0.155008102234869,0.917898077453522,0.1442530089629,0.719195783219344,0.128245042238163,0.769145896204973,0.165879970389034
1.05583348976848,0.252725885718121,1.07722092156653,0.253616260806226,2.17477564176883,0.708673771615225,0.822295450809064,0.670665231024168,-1.22586620712683,0.628689935513489,-0.927916643954784,0.0210431414381728,1,-0.916688745404155,-0.172832221737541,0.590819057525912,0.767529944460304,0.19157227924964,0.821688185414088,0.187455693048981,0.693773109591021,0.182008240901476,1.0847558919501,0.179592476325086,0.69362005893367,0.206236116845081
1.04157628173977,0.175772761971253,0.904466127978843,0.177857512505956,1.13166580074453,0.289154829147063,0.17854951378348,0.170539951260481,0.449509039388675,0.227665280062782,-0.902900508051863,0.0235520117986054,1,0.999999995060343,0.251946791729985,0.41737210774356,0.731608079119028,0.153513182044773,0.804696738737712,0.153441679242265,0.780273805710119,0.152045725056764,0.703948573764785,0.171204166375694,0.657332640173941,0.192994994046394
1.09477958037315,0.258159157773096,1.32922125794487,0.226669301414205,1.62854668183689,0.534689067478734,0.490087155466826,0.362479423115565,-0.0224038609846723,0.326960467790627,-0.936776579696631,0.0192260865141331,1,-0.0250776076299396,-0.398754388493898,0.524680926916731,0.843853878408383,0.172180300918399,0.987983381630409,0.154800947574677,0.766647082514484,0.190755403271762,0.921122749001519,0.197606567056171,0.928170969520525,0.232841749671217
0.789584134929486,0.179337530297016,0.93613078697906,0.203635829473798,1.19831163494455,0.391757448214801,0.0125604942229261,0.0599945254310561,-0.122684091722338,0.294915711661741,-0.924761310648461,0.0215961072878681,1,-0.999999999792343,-0.424131106640077,0.370910934875649,0.61319476917063,0.157738393073383,0.823854463738297,0.149663985374413,0.58134740908116,0.173375679290753,0.820197055124238,0.205368120468351,0.421777466915486,0.264401821020414
1.0010142351489,0.206816795435212,0.935646552849238,0.22432438787356,1.01350707705798,0.330019210964355,0.334005999659269,0.391412719908376,-0.158214137239452,0.265116105102457,-0.904240908268261,0.0245064383915778,1,-0.271928520951704,-0.232995821642141,0.470658558911806,0.687246506103505,0.185124447085494,0.757768787345576,0.174269278834862,0.72107846865521,0.17338767358598,0.713019197186741,0.161403971777777,0.737353398448273,0.191495681996817
1.33304114250465,0.170265184558645,0.903774148893262,0.162098681108666,0.744825243052027,0.201256616573424,0.0709856786467178,0.109168481244609,0.229938960055131,0.189867615121038,-0.881666962186683,0.027884931367458,1,0.999999999999814,0.653393072595398,0.393305120102367,0.73207231437278,0.14280705825349,0.85364235233443,0.136901766970534,0.723481324836196,0.168579737821374,0.63446855015909,0.168934814697273,0.815476516194058,0.162849062058535
0.991509174486899,0.212722890434835,0.970061958982675,0.205792052667782,1.00454983131713,0.337284544589221,0.0023273904660996,0.0180279435847431,-0.04835256547068,0.159919946249352,-0.911475848164818,0.0259561495817675,1,-0.9999980511931,-0.107592891090125,0.400147602722045,0.619529737194418,0.182150365394542,0.744244568099592,0.163526797385423,0.764727733899966,0.168415600088536,0.746409660572765,0.192352986432692,0.914600601157609,0.214238847625973
1.1189537897206,0.193867156711396,1.12529026253281,0.2119494499538,1.25366816051532,0.366801858337255,0.0276645749232019,0.0757381019198939,0.186231566274718,0.261722640028701,-0.894402068370135,0.0283738110674703,1,0.999999993104905,0.634388983605252,0.528715827766127,0.433405661950148,0.187933922495419,0.828412974384958,0.141905790456345,0.698362767681888,0.150772771185666,0.472143658292556,0.206491375959133,0.733997454278243,0.201978740168156
0.961000566910516,0.189912086021457,1.27803981000904,0.211175644064529,1.14019345626687,0.392035647291001,0.21453382952673,0.348271977516178,0.0516635559650224,0.264383242275744,-0.900160364829699,0.0285041769057526,1,0.104459304599192,-0.0709450606119477,0.395686571012271,0.888001206383759,0.16955087221107,0.596693016284471,0.161245568621939,0.643710746506331,0.1784759560846,0.813227101295522,0.197569198011186,0.772947082293837,0.225255453748888
1.0722428873653,0.188245575636295,1.04419806040062,0.168869515710224,0.904829678757375,0.275506900432346,0.108953820007175,0.183673848927662,0.0778234239914807,0.206151072476512,-0.885621008021759,0.032585910267848,1,0.247859566130871,0.41561372673979,0.386671264984353,0.542720723867863,0.186048355102361,0.574612242425099,0.160312910122401,0.66738606755276,0.143845551273229,0.282093736935143,0.222430673957942,0.851387436522278,0.195309281892505
1.02267103623757,0.222150763188105,0.890198518530971,0.201830538750065,1.15100723822608,0.343234047230367,0.54637295552111,0.382217017151846,0.20714315705465,0.259504715675404,-0.926427164262204,0.0221376442298217,1,0.261208296229452,0.766805099801396,0.53768761976162,0.744562361645875,0.166412549337315,0.852823848052667,0.132061186674788,0.596885249094339,0.158082084915439,0.937049784489936,0.204291138164832,0.721752699882594,0.27737195571363
0.919306146222817,0.190258799585295,1.07770895176048,0.178096214062741,0.952368196205578,0.296802730074286,0.164394823004574,0.23904768100178,0.0915503045012235,0.196620229882172,-0.87021305982989,0.0367284042194893,1,0.231373322295665,-0.0104886228573964,0.363625107983277,0.448767785715534,0.201605656418576,0.684053871729849,0.149848843780372,0.782530155485734,0.171513557648791,0.540048207007912,0.179687591075217,0.984148389826598,0.185298776430454
1.14788572767324,0.203595310710694,1.07913338888547,0.161385088620855,1.29047443188759,0.352028022360116,0.0242881125193559,0.0432796293262549,-0.177040075034671,0.170251630866077,-0.913209376777504,0.0191732250974099,1,-0.999999999413659,0.0232407842236356,0.421955414786807,0.619203884845097,0.1719315907208,0.79217293372389,0.157104642254532,0.562896957285474,0.174178816928919,0.911237355647487,0.140212775753682,0.820377947816337,0.147253410746412
0.859357864689029,0.178963724658699,0.941363800712155,0.177827704079753,0.841158041047814,0.244349355365561,0.0760329367723215,0.280733692981294,-0.092737435512188,0.188961883665058,-0.866632824027542,0.0335612771896536,1,-0.366703790301245,0.0904790051958339,0.37389324998198,0.586481466895567,0.15834479565735,0.403192599118288,0.160686828091335,0.568696311913393,0.164004100503477,0.330873383579931,0.20717110989071,0.727173605276887,0.19603454052323
0.854663133220694,0.152389492293353,0.922780562795611,0.129261383990065,0.580724998213877,0.135729960974502,0.039481666795392,0.0654424441543658,0.151419915727858,0.127990209691995,-0.891037441736174,0.0249816142777326,1,0.999999999995566,-0.124379611089621,0.357201624838834,0.489003186218677,0.146943479097311,0.747405685002846,0.127207693750547,0.524089636413356,0.146158112234981,0.72410758021485,0.14615100913214,0.403141354528703,0.21614039635543
1.02941962812822,0.178193370457379,0.90033128210941,0.16534616499858,1.32549635249014,0.34307529938722,0.117199715731825,0.161299674168994,-0.163546429609588,0.255814536502424,-0.903278423201798,0.0245742273513232,1,-0.414943073847154,-0.240352737533509,0.476730035884199,0.872117420646351,0.154378913502264,0.732241517320327,0.164129730278289,0.716378004424843,0.160533529437976,0.999850042271976,0.114593360567404,0.918086944404972,0.187647869691219
0.893633519617464,0.202229782576478,0.834531524155161,0.151209148154877,1.37137288955314,0.383695842365856,0.000776262560994123,0.0124604392962252,0.0326273722410596,0.261072956197339,-0.90732350251841,0.0234455715989675,1,0.999999994379873,0.0585131180553581,0.427680704439119,0.708762860981793,0.157494560179131,0.787758421829403,0.145952211186343,0.558216336786433,0.193836679319145,0.482037700881282,0.194775052630453,0.886042791853996,0.228971842093315
0.967654321794676,0.202915661285988,1.11369428780829,0.222626992414384,1.00050942151715,0.333786132097354,0.48958825708,0.375782342776914,0.411162305978932,0.276300252053561,-0.92985174242001,0.0225130635488119,1,0.58747204510951,0.0196487535806689,0.368358462482533,0.669875391998578,0.184512921754658,0.752592283530761,0.179034969684077,0.682843751257318,0.179429305374199,0.850007807053683,0.190214231739062,0.542611648223943,0.243599410176302
0.956386558461463,0.228719402814762,1.3251493336041,0.231218635481779,1.06392895126881,0.351365270825111,0.0273302776479578,0.0782180084862747,-0.170521182182751,0.250588494539966,-0.936507647720847,0.0195313109998055,1,-0.999999998918854,0.0740097513339701,0.466267232058767,0.713562467515409,0.175383023670383,0.508409918409164,0.183370640870615,0.985952715964196,0.139203838448034,0.786611220666066,0.222932672618895,0.88390853969038,0.233846651332284
0.896297282317954,0.166571210634394,0.593908962861141,0.163571136475861,0.679854178404238,0.212243658810332,0.0842292131440637,0.139673286573764,-0.2392981037063,0.209300394141699,-0.848077918140916,0.0374144821863529,1,-0.99999999945636,0.810713214860381,0.364625390415097,0.440102167052193,0.168492191335855,0.458265165071334,0.165158874897073,0.384275619479007,0.191392840763206,0.623631732985569,0.176633092202225,0.518706939690935,0.240757992023271
1.19573113050595,0.214244136989146,1.14541967381045,0.221934904435831,1.22700063309026,0.352826843822297,0.398681096856855,0.357144292663128,-0.455446880120766,0.336213306663,-0.918504979203722,0.0234589461069643,1,-0.651182192763913,0.415576156999676,0.540049326917852,0.981699686407882,0.148439323500586,0.642247788012751,0.152853392490682,0.85136388662196,0.158707477344183,0.732853241592027,0.198500455176087,0.32904838267015,0.236063769889249
1.2681273187304,0.213797243830402,1.18449503424157,0.192810680135463,1.10219931140399,0.295723715447247,0.0799324487128269,0.319112754123286,0.208188573288888,0.24456593883432,-0.945896351480817,0.0143593460780849,1,0.701399193964525,0.80463962438059,0.554225895213038,0.53238932402599,0.169192272790843,0.524300291808493,0.158737495267572,1.00664717043235,0.120891298321519,0.912152662448779,0.182667018550968,0.837827485806327,0.215314358616323
0.80108384547384,0.159846130502877,0.924986943906049,0.153838505671364,0.622791081088651,0.186234686815838,0.203222871752481,0.16463197911107,-0.112676085083703,0.140224303118586,-0.819572751822794,0.0452948989700392,1,-0.31671910739687,0.0985329515076685,0.375943015433794,0.607001529286101,0.137026202020391,0.679768836055167,0.148550031865604,0.587819798498437,0.172855354446551,0.601949537303,0.205178212897343,-0.018241440944523,0.325827694611233
1.15373490864069,0.227194950359893,0.953960745572121,0.172763606929261,1.73041479721149,0.518772454488991,1.17681361779444e-05,0.140175319271307,0.000573262106523531,0.272917598050658,-0.930919350090689,0.0212935774432391,1,0.127035260490809,0.421175940517508,0.466691308751014,0.800627411793434,0.170949643001743,0.860190360231572,0.16329247787242,0.927315881064578,0.159476967742757,0.907565764112694,0.193328185654859,0.710802218432508,0.246740402245854
1.23787843009396,0.230069212282207,1.1950316881875,0.182044043434201,1.30145185691382,0.368611661036716,0.0591284974453491,0.110104702227973,0.277403844066654,0.259031559912167,-0.916501677794915,0.0239395386261882,1,0.999999999390426,0.724515680612946,0.455873204876288,0.355468295373629,0.196850731486837,0.752272627786323,0.173154451721917,0.785414232730567,0.168013725078463,0.732206718260381,0.162646694395227,0.799389907771479,0.149641480038622
0.964610472605706,0.176404048665728,0.976700661092592,0.12486216534488,0.777385994467574,0.196198072685751,0.016897130169472,0.0535199005420287,0.114610610828022,0.176811253321503,-0.893772235399323,0.0271382476170323,1,0.999999991394728,-0.0725017089776084,0.410184084776695,0.606828611762157,0.149376031260907,0.678539313767792,0.136645831516102,0.560048643096803,0.153919731139491,0.981416857628663,0.163595037217096,0.373073124455793,0.229163874116423
0.835059145260872,0.206318815103248,1.02796950682374,0.217216369858865,1.06392019827639,0.37567324374406,0.260077596666623,0.31574692337814,0.0300050920237389,0.204004475591567,-0.884477744253363,0.0333956917426062,1,0.0570412408572108,-0.403841916028814,0.419076270620878,0.643944256265665,0.190383452195799,0.542337648786973,0.199285373920091,0.652755761354853,0.193354287548629,0.700228110839874,0.221625058638903,0.439161586624328,0.26709399424368
1.43179790923127,0.254278789803835,1.13267894962963,0.16352610766247,1.41988605839343,0.387401169956584,0.0228007033070078,0.0587454423159303,-0.179928876826427,0.236026474631743,-0.9089765563193,0.0242474495721913,1,-0.999999999518666,0.413467317858082,0.515539850534032,0.826660944949196,0.170818587327298,0.977080340123472,0.143045053388802,0.789986772286828,0.15082881095093,0.703211963718103,0.142469247675377,0.604603807976117,0.250524430266352
1.22192432173334,0.20368432584972,1.00373186477094,0.171740927275908,0.804968163432978,0.227016702580908,0.000312921111379382,0.257520538897057,0.00610642237743349,0.182330553733323,-0.89674413085042,0.0275442393723229,1,0.384751265274741,0.222075911270044,0.389271691341281,0.68423337504262,0.164223894759889,0.688516811877558,0.16056855640749,0.544281305224192,0.165694103352409,0.533459937982934,0.168223534027637,1.07647935726504,0.186623673264601
1.00953005483479,0.230918561617681,1.01414429727065,0.198941282861505,1.11171232702457,0.345237746428027,0.182872862345245,0.247702633991762,0.247569570018704,0.245391902596418,-0.902874598972525,0.0297908896277932,1,0.549068362770655,-0.0754785347098969,0.446717849566976,0.819832576468593,0.173199406013666,0.598330223751831,0.18808912824565,0.720806821492839,0.175000321519104,0.941932411264845,0.167818437091055,0.561475922043799,0.24234270083989
0.98708294550712,0.216378800470281,0.923909354293201,0.157548210131848,1.15417928076682,0.27373619217497,0.0119548995621946,0.105711605855106,0.117464077000336,0.173494666908301,-0.885948239085569,0.0300420992203219,1,0.999989563985256,0.510874353960765,0.49329711127096,0.453499189574986,0.13671112363301,0.699394973697163,0.135687444671239,0.661934282625024,0.155901080431272,0.666016625892203,0.179621726492333,0.534171924523812,0.214601564116951
1.14771023781378,0.239170662440381,1.0992571216521,0.22542089688936,1.13930807917183,0.398535061872568,0.334096377511447,0.530784763446574,-0.254424255382468,0.301910616227192,-0.931175041516206,0.0227726863401033,1,-0.412384221607251,0.0775932058424877,0.548290668208848,0.81277534927912,0.183135210874607,0.725750017475766,0.183518470747615,0.818185997064784,0.207345162142806,0.879994682518529,0.158751770461018,0.594684879123049,0.26283890007114
0.623990017013135,0.143907545825198,0.716240621940992,0.137055704686046,0.56939630841353,0.140502382407333,0.00371582851258431,0.0229455348278179,0.0459975752163262,0.128539289788316,-0.866809728759226,0.030849155195626,1,0.99999950089727,-0.219939362435093,0.36465947203068,0.53811986002566,0.132939994387098,0.308964554846577,0.154078291409639,0.619560484836127,0.156866272414217,0.57567109553815,0.143968413148969,0.786146081353228,0.205199975506231
0.988082813685682,0.185192991696326,1.59493059461282,0.207148270984287,1.19873749802449,0.321326168653911,0.135538147599751,0.316228853206385,-0.401545062331518,0.286039357698715,-0.873359541366182,0.030703251123739,1,-0.996188379889964,-0.356078449648119,0.451114089000641,0.79957835579191,0.142917481020709,0.865442335067364,0.13652524155598,0.802040157172397,0.156665696551138,0.893224582170657,0.185587490284685,0.823503827872916,0.213769548507099
1.16941853673266,0.209102843903948,1.12462939806477,0.192303235219793,0.846493118270139,0.233979915456511,0.0926357900861418,0.150729852046934,0.280027782212858,0.243343612247832,-0.891368645982404,0.0286338628552433,1,0.999999999984798,-0.144840191102884,0.508021105641938,0.923767730680634,0.154364743946255,0.718250371292578,0.135193494191416,0.392521705793855,0.17767050788403,0.728071067822025,0.175716050428396,0.538475669446514,0.23120816960377
0.6069741631338,0.193554785973993,1.24939620210041,0.224181199389579,1.07602272695284,0.350832822125289,0.299152193558196,0.332575704157658,0.124833543248038,0.21241116021062,-0.884681036202245,0.0321859011844809,1,0.220026241218628,-0.77800568991501,0.498416904587146,0.82677150043836,0.161851811646506,0.67039145172958,0.173052534609389,0.506791436004844,0.190751615370054,1.06195525879914,0.191544805998506,0.591028667835307,0.231979111592081
1.19182559800812,0.187866216435901,0.819882559480991,0.162185652574858,1.02029191838966,0.252118860867284,0.0588286713770563,0.106067553212415,0.244994730504427,0.22743788490553,-0.91509166900388,0.0198245820743318,1,0.999999999994378,0.474512165439442,0.492908344375947,0.555192755517748,0.153933497311344,0.795263631743655,0.128259926001253,0.491268095376583,0.165068173411597,0.886171169681547,0.162667310662852,0.635984554082937,0.18760807707682
1.23069637913669,0.190632735114968,0.831446807196831,0.144037486681824,0.987461127021219,0.28406455880923,0.383131304093022,0.360441005829231,0.0556984402556764,0.252175005130536,-0.892696915419947,0.0267629793998233,1,0.0905543277273822,0.710772750453476,0.540706185072126,0.386588173138001,0.20999680430807,0.524161253742987,0.160665432770268,0.746852042637121,0.150733115329116,0.579032336526412,0.169377095986711,0.705009545214627,0.186162162980835
1.01308152747851,0.232860232325319,1.04944471452304,0.214815028764643,1.46153804651788,0.496622278495499,0.478965073097097,0.44620570808823,-0.173052756271125,0.401027954578905,-0.909197021910663,0.0314351706865518,1,-0.206833811732313,0.121341828636998,0.526031742775486,0.720099518563584,0.186502926849819,0.60771675645066,0.206044830187134,0.778936287808295,0.204557264989282,0.901624480461319,0.198927665022144,0.863049015530011,0.19646817606519
0.935735498631835,0.180977124942108,1.1025787096042,0.227542680678683,0.881580290564235,0.248990116663182,0.45569732194991,0.386832062481593,0.398389848566982,0.239586132666149,-0.879006465646328,0.0321938599384719,1,0.62854892701106,-0.226708313442283,0.420197786039866,0.628316226371405,0.184907283656574,0.893443245718818,0.144138260085051,0.608569313091405,0.195234764681217,0.796263629114282,0.160151192072881,0.952776034629341,0.209501978921245
1.08771943681561,0.169166182140361,1.09685208227445,0.162635009232954,0.720379808351829,0.169721946681657,0.00327075782701527,0.0206158622486562,-0.0485405256760388,0.127708414799412,-0.908915672715613,0.0209345808815274,1,-0.999998883007745,0.190042124287145,0.361937768195711,0.631242020385986,0.156512519205902,0.717449305268629,0.148908530653815,0.812918990685716,0.124645562075585,0.668514738699335,0.152581428397635,0.989031765417916,0.149047468878934
1.32929416304946,0.229789717074075,1.0431446336644,0.136701784163384,1.37958082143139,0.377774725527583,2.96874586367501e-06,0.0653689102535969,0.000158034926635248,0.222922811553076,-0.934202029002851,0.0161365148421616,1,0.0780895632907563,0.58416408699022,0.491763117992779,0.786567477273411,0.141019848823612,0.920412128687147,0.149484837521124,0.703140129315016,0.169376937589194,0.767954653819666,0.200684955179011,0.859362086065948,0.189724010438681
0.773546915444768,0.171259448342325,0.91973019814911,0.133367639289001,1.04655784711133,0.289828266741471,0.0110805408657344,0.0459780462159269,-0.107686704345859,0.222153837996326,-0.876464031096898,0.0292189811105986,1,-0.999999969801058,-0.980665986155831,0.454841408250326,0.823203357332077,0.145327148991125,0.750645135672111,0.123175860342853,0.587775394257315,0.141162291337988,0.720061300559937,0.205024416443073,0.47599912141964,0.252968592829785
1.06055711346301,0.203897998527821,1.05156163857336,0.211055364430558,1.4333529910315,0.402194503517172,0.453280333197798,0.3701352820372,0.455740704348944,0.338872022472841,-0.920754511262676,0.0202294701498245,1,0.565402601588582,-0.130572461181275,0.592517978254027,0.65582194994718,0.170285623790123,0.764549130633289,0.162394944526911,0.942283801649347,0.123607905774405,0.672062648351345,0.177107886843365,1.19844885664518,0.159415823646706
1.30895175494777,0.220351749432671,0.926055635452915,0.182062391240774,1.13475769489179,0.342115259383444,0.000132524378460577,0.129045400724967,-0.011034503843186,0.230022449445736,-0.917341506222647,0.0223253332997596,1,-0.899815259832606,0.15181240193814,0.500167105002995,0.777917856385365,0.165838469646737,0.889163413414402,0.140944429697712,0.650988064543705,0.178424397915472,0.8763871247068,0.174202677021256,0.875061308622554,0.19937548037086
0.964476382310421,0.218932922601339,1.21934462059035,0.182493919333791,1.31387714386957,0.399258371796076,0.00899670808684799,0.0485654009019062,0.108722422630849,0.288425671424706,-0.907207371520112,0.0253951842362662,1,0.999999833229033,-0.704888134025078,0.429572601775733,0.758931823502993,0.16128694619755,0.644431844616863,0.184093316452076,0.968634113759559,0.162691198652417,0.843116628812007,0.161079823709613,0.713272823433257,0.204299578194237
1.25705129184149,0.207898273522425,0.873027416446339,0.158555268764074,0.913545587305048,0.268461631957976,0.0846359340789937,0.204515426483423,-0.0322867194003033,0.192529330998387,-0.888240765355303,0.0309034335219053,1,-0.116113151162251,0.222204978299341,0.425660425321757,0.845582991002881,0.169209128825694,0.863816477442013,0.16222185842155,0.707044750470529,0.171917893120606,0.93283799768822,0.157175789081506,0.918455345771577,0.171876854984507
0.809346958032007,0.149093570692083,0.680386566970855,0.145220236082973,0.70249439847004,0.189760658065067,0.00770321348092567,0.0383175338732469,-0.0735626557464317,0.183118817820425,-0.890573004073327,0.0276096243270189,1,-0.999999999990653,-8.54379758228227e-05,0.38540263592492,0.397158684596065,0.178188833425051,0.556881175950549,0.150162549557572,0.691364620704142,0.122633430169701,0.684998548447573,0.157635253655911,0.753162479048935,0.19810519229104
1.17089335590688,0.209589297302054,0.97845334936968,0.206108414228902,1.08203494847687,0.31558671356484,0.313090182687673,0.359372541477324,0.0532652145532089,0.259479535489451,-0.917304784600545,0.0247362854046498,1,0.0915141629245143,1.13306289238775,0.46520184244129,0.653043420137613,0.165651891055971,0.607243821162708,0.166302566378862,0.813232831633232,0.176761951279909,0.939076462529367,0.177521498187166,0.6594416585056,0.240535798964612
0.975624143121011,0.176706046636497,1.22627265556593,0.160539821719175,1.06079845687262,0.282986604918563,0.0363963728778241,0.288205462662198,-0.092319192832229,0.255431153928308,-0.891726956092924,0.0255655293412595,1,-0.469836233416686,0.048159343055592,0.38482852527582,0.725939620924422,0.142310519255487,0.725640972473199,0.122945443974771,0.758382767205029,0.175367482438463,0.584513880744256,0.182965135747303,0.497136089892867,0.232319986349892
0.949332344204196,0.181119140890908,0.97904907874015,0.17523621492127,0.770000610303535,0.23528955357641,0.140222541596243,0.208745004236064,-0.0745219469951099,0.192636601358428,-0.888510336986933,0.0280157367572794,1,-0.226793049650271,-0.329887854687779,0.406067945561021,0.42310177365938,0.196221904800226,0.838132694988886,0.143941954830782,0.433826185720901,0.149263689936052,0.612775927526136,0.175568657569958,0.535966983609227,0.205086271486766
1.03433332398518,0.199768741998643,1.16697090239944,0.153759393332416,1.08544578051963,0.30491667560261,1.56656387288533e-06,0.0646914446125502,6.12561411445025e-05,0.210795920241023,-0.909278188912354,0.0250943918140472,1,0.0469755110975273,0.0432325463179317,0.576899594866037,0.707099994221902,0.171799255980358,0.531905328994136,0.176124982726516,0.587423262667689,0.166458362662568,0.758868854617108,0.166371136223851,0.936008147472357,0.17787065146837
1.30175457721711,0.226369770100063,0.972594734633791,0.202003592118984,1.21956716868261,0.364039192769334,0.214691559489033,0.352305476571182,-0.0741137488515894,0.224583354869364,-0.933160405348213,0.0199009432140046,1,-0.144839972580846,0.0395122508406838,0.407947820475422,0.736724594608935,0.176550727361154,1.03442977413768,0.155596743462686,0.703614466115311,0.175768008112841,1.05696016586361,0.172461375665671,0.795677265316676,0.229145344747162
1.01037621809962,0.146916507798287,0.798965249163415,0.152488734413278,0.564988729908905,0.177297052947865,0.000677391923352663,0.00822944463034974,-0.0195631996232319,0.118363065008687,-0.832681339401696,0.0444032517188325,1,-0.999999970047003,0.427143516856656,0.320134165346923,0.567553963720452,0.141875107540353,0.663198312895009,0.144608614414891,0.388858227083717,0.166588159949764,0.56967274832125,0.194627141456779,0.73656070282506,0.20867612048996
1.28137806321987,0.238379608999477,0.742743434787334,0.168431076662741,1.12763845488748,0.370483474687209,0.0298556833203243,0.088528163318225,-0.18348410332327,0.280753069941124,-0.927044106362724,0.0224777613366814,1,-0.999999993515855,0.482696155475653,0.448147913029309,0.657500259317048,0.174137880377054,0.835756570351132,0.171099849054835,0.658675344133274,0.200684957867109,0.805497372399214,0.19015114383011,0.513096581284877,0.239920626111539
1.01753305975371,0.194079507592048,1.16087195616366,0.209004725616332,1.26471566162634,0.40110276529919,0.31335922483856,0.333370255418079,-0.526145648880464,0.295867964328481,-0.9337945561864,0.0190019725993693,1,-0.835772914941492,0.0731997379264549,0.376186019722543,0.769854343580186,0.166319043357343,0.727155406196406,0.159125313798223,0.988396711219232,0.152326667546748,0.73584032474075,0.194124314363752,0.860993442517271,0.224177653092647
0.845498618567275,0.173925825595636,1.06434918048908,0.138141823731496,0.836373028665966,0.224405333886244,0.000138636710589092,0.0670073309406563,0.010520301733702,0.207015841960769,-0.865539364401544,0.0313754395328197,1,0.976987627119166,-0.455762760537151,0.391404240186463,0.602945977582561,0.162538613677135,0.382986505170472,0.151490145001505,0.549025802235647,0.14342143764384,0.843792834993921,0.142784605289891,0.402080156386016,0.200474034793422
1.13736072029755,0.193302522708696,1.06743185955726,0.177066566325435,0.835310615998772,0.263600168892094,8.64060763433897e-09,0.000455458943692595,-8.09532037910226e-06,0.192248154203217,-0.917138927579965,0.0234826948385172,1,-0.0952879312513839,0.406304670982885,0.413596280198605,0.685635014877672,0.143268100609604,0.665029413940439,0.161327386721415,0.595790935515755,0.182164906644497,0.554540185086404,0.216231213975017,0.887679702179346,0.199542144995499
0.623269163081435,0.16996423115078,1.0685104696277,0.149010789323795,0.888463929388208,0.242332640018692,0.0515582696169827,0.105127372259926,0.214027245367809,0.220045489677207,-0.852213277605887,0.0377981621272191,1,0.99999998846668,-0.502134890330737,0.414536875140558,0.670600306836323,0.136409508932342,0.67529970477258,0.143759896285419,0.67014341020895,0.165970511830164,0.502660295226154,0.20336896264802,0.0754917952919464,0.270325734705872
1.05487044164718,0.205084292794535,1.08703069334752,0.193385665282193,1.11084454450883,0.301055460547294,0.0378417345134378,0.10207368527246,-0.20502752092574,0.28135030276615,-0.88339631684071,0.0276171544609032,1,-0.999999999975623,0.338527932800312,0.502251958081539,0.647017695178521,0.159840329585152,0.4622240871388,0.17582840776132,0.58183312336142,0.172738305590464,0.738295443428231,0.162458135083978,0.70051357223169,0.204888047030777
0.814703983088686,0.193958339951454,1.19031794138646,0.214597373815129,1.15985413080207,0.311787265738489,0.042680877537587,0.100632039979932,0.222494027106957,0.264943113327513,-0.906002291114748,0.0249379818313038,1,0.999999999798436,-0.631013906470939,0.378931397156914,0.841401578173955,0.157139267862416,0.73378877876453,0.149090827978441,0.389738327781993,0.181915598066137,0.542514635943827,0.184445326713789,0.997810019854595,0.161738136589767
0.83532750742527,0.180460338308676,1.24459161522698,0.174932474372668,0.988927924385391,0.287630069836621,0.00478763940493422,0.0291727714455976,0.0688086498475772,0.209850092850604,-0.850896566946946,0.038876499535241,1,0.999999999410639,-0.139496794354906,0.369996571276094,0.768803276001675,0.148875920817999,0.474461044937628,0.152778357108693,0.753786823067835,0.148502554862671,0.615744486206269,0.196236514715508,0.221905314774543,0.26835299953885
0.784036665122895,0.148403721863811,1.10668124000071,0.174450224377688,0.678188326884283,0.184646613708602,0.385977692102684,0.259454476388957,0.0322621532485792,0.134677093108062,-0.81579882567722,0.040591892871228,1,0.0630575498866579,0.111034839195348,0.342209371606365,0.56590643067933,0.143859029971835,0.714054581327465,0.125328044668325,0.510171819150096,0.153037834189467,0.337546740245903,0.184236236236601,0.831652827777295,0.199807421782286
0.776373834877388,0.1616075205063,0.988529247386989,0.154589947867417,0.60421018490511,0.164334953171551,0.131679290353855,0.178825854802896,-0.0530493907268698,0.14848623197415,-0.86159878236485,0.0321547371267992,1,-0.188073514767588,-0.420974002837904,0.359268925049008,0.666530317013239,0.145965342629175,0.533039633563593,0.156503019511562,0.798925585503139,0.146004020682539,0.589308138970224,0.159707919602445,0.800314905134782,0.211493193427934
0.866789744396009,0.181848650432916,1.02865257028099,0.21570191726016,0.746635200294273,0.22151497377126,0.116237699604636,0.244191852888951,0.0569788606642671,0.196695067399918,-0.923305489225067,0.0210894414749583,1,0.193413162970991,-0.0820741119049528,0.484984894145853,0.432775012847937,0.191584529236344,0.790304529704766,0.186270954631802,0.679087317173077,0.1749579359925,0.508008370360482,0.183778139700566,0.881219099720772,0.173979681119011
1.11544371675642,0.190379329235746,1.03772699246762,0.196301248066815,1.08569101199598,0.294227369642359,0.143950408637346,0.216702358420309,0.0711105429671941,0.265729141366904,-0.860906332205855,0.0372995280080386,1,0.179876497465939,0.343594869941967,0.479606317992328,0.508296940818923,0.183815441282813,0.612987748349793,0.176073303023372,0.567007613576014,0.165306118442741,0.539640938659247,0.148366783111751,0.926085857321154,0.156422129699454
1.28474625955002,0.206724964710078,1.20480058735547,0.264833720147535,1.13735458716631,0.345702199124657,0.504370775417326,0.492518097951388,0.18144691242718,0.25086873974684,-0.886112477465017,0.0331748260752459,1,0.239566828476765,0.899447534825577,0.407922618881721,0.776785963849688,0.163393536904111,0.876460503111667,0.162318741537247,0.916884533811856,0.186844389810193,0.768829874798288,0.209789386063035,0.715306979576822,0.263043921895329
0.902307061458832,0.170784159976499,0.88038323274687,0.161310033308572,0.971827054823416,0.300260005697392,0.0738409808402733,0.132847430881657,0.267881804591478,0.25275910232897,-0.88014461613917,0.0327386353721949,1,0.999999988126586,0.336847056359423,0.462955231305639,0.419927608680057,0.173011564169312,0.642783822926123,0.139958921583714,0.261564391389794,0.196731169915243,0.511962542504395,0.197652000106679,0.681910155158521,0.217347719210411
0.922356199079386,0.161356164393712,1.04579884451907,0.169539560319239,0.628667451870707,0.191203457643468,0.0304992792237799,0.0637984702207809,0.138469867312363,0.150613402706113,-0.902029684865748,0.0268122297305893,1,0.999999999999911,0.0830601645067389,0.365395876314492,0.488679275908313,0.170655720750067,0.719942496130889,0.139528943320043,0.684270773327591,0.149816779689211,0.698873329453264,0.189397445285391,0.670432214023237,0.21612835984322
1.09595139572291,0.176901788895787,0.964268621739683,0.139464426757677,0.682700995913778,0.177363093666357,0.0386496467046059,0.0803941729734689,-0.162438149104731,0.175728063672608,-0.901546650118791,0.0256474610982737,1,-0.999999999765424,0.846662425863305,0.439050882685283,0.443443276305358,0.172590570849222,0.678042395390016,0.148662040602001,0.663528425355334,0.13934154525394,0.615781213577764,0.172739198750449,0.668873042540891,0.215722938608735
0.906570333898088,0.13352281594571,0.765010250776875,0.145630773851001,0.509793528130373,0.139197778229347,0.0933411035148114,0.127690223940833,-0.152735956752377,0.13107180427445,-0.824288636498032,0.037272014512086,1,-0.700176717456285,0.149561449797656,0.290443639382714,0.467739791603458,0.145994562469509,0.559355446607709,0.143209290837258,0.304248012250651,0.184380590530473,0.413889767161756,0.203349115184963,0.31658225124621,0.220090677692502
1.24045090263516,0.202276849449352,1.14194538809959,0.200762452972701,0.817686430000578,0.245385085215506,0.174703304036902,0.249145497484626,-0.211902485259548,0.222326784262988,-0.936481656728113,0.0150746532790475,1,-0.560650347652037,0.320340990797354,0.421823471544173,0.831740447055452,0.140841399378827,0.816094670567421,0.142675101744498,0.958047697530218,0.155114982833219,0.741340956232437,0.182589115727851,0.428448275401019,0.242232691946028
1.26828159391062,0.188615245298426,0.969525259874461,0.186746554600733,1.19976375069542,0.354417287200871,0.0773091420197368,0.102555119705866,0.304553289068329,0.215223492147611,-0.921038525429681,0.0206090691357837,1,0.999999998327235,0.623789604025211,0.375173949946274,0.88699393617556,0.147696632855099,0.732662706993375,0.149002887816252,0.750120166750559,0.167571921834302,0.820301860287142,0.188250154731791,0.508920086456512,0.217317544730089
1.18244191191256,0.203698889817903,1.11290926241936,0.195365017895586,1.02687431908291,0.291254923246331,0.0148188303319224,0.0559920471207593,-0.123357514096018,0.233785304794629,-0.905424531528893,0.0241294546157852,1,-0.999999999252526,0.722157227548185,0.454220476709992,0.603972815552015,0.16508145980316,0.760954752284133,0.151010702654828,0.664933926704959,0.175560403417265,0.616473155509541,0.184849373509948,0.486255664947484,0.197361759394993
0.832968112376982,0.228658297561101,1.15415169673947,0.209842142523984,1.60886809183118,0.488574757298046,0.0149938466687983,0.0633967165332151,-0.155316180876301,0.322903666896964,-0.882160921233041,0.033991424847837,1,-0.999999887302323,-0.210733570571203,0.418609747543282,0.707569295965847,0.150118241068099,0.715017091571121,0.167907825074542,0.909097564561862,0.168393699906189,0.973910996509172,0.187998395707235,0.846653295428094,0.278739581548437
0.79136298913285,0.152709097449088,0.91885177003697,0.128359367014594,0.712469391991285,0.184538769839152,0.0021950206992949,0.0159740481685934,0.0395459866074979,0.143723796566942,-0.886977072531783,0.0278525187976291,1,0.999999997993933,-0.331909827818055,0.363493437508348,0.515681413251869,0.149698975627423,0.730597247876094,0.132665783865226,0.399589508260081,0.152598310045077,0.691165169089166,0.151837198255304,0.663943627169523,0.180838520068086
0.831031317754884,0.159830799458686,0.913774833632704,0.160955034943865,0.845019370320706,0.247866997578749,0.180326089941728,0.253721609097719,0.114475887268056,0.208611479005409,-0.881157986535836,0.0329961734355523,1,0.293259036373918,-0.308198481295812,0.361893502797966,0.459625094329154,0.169322117776802,0.639929313119418,0.156867446530793,0.750193308519438,0.152605324896876,0.7305564897189,0.162252035102671,0.519525858577938,0.2361782463903
0.990967835469347,0.177072803314665,1.00602116652772,0.155951982614625,0.839438754331385,0.21010107228978,0.0614921540341144,0.0821453375508157,0.22719792513032,0.159650787297901,-0.890043221312753,0.0256857761886068,1,0.999999999999728,0.0277573093022936,0.45998262482539,0.678311555163077,0.144310270050571,0.776244905541352,0.141580699679511,0.582774070673902,0.156716814886346,0.829207109871955,0.163213027946473,0.908484741978209,0.178424210772721
0.977834055400458,0.247270806239678,1.17711794179469,0.2753402559376,1.57055363543828,0.569086895095936,0.82618342123594,0.532401549197437,-0.00833010882574125,0.355397448909113,-0.92869496624973,0.0247514608123532,1,-0.00731283965511743,0.238450999316432,0.562161570811058,0.835597270796168,0.199349325894047,0.595638341878853,0.218327813809782,0.718194157862356,0.172020673254438,1.09904956695729,0.212317077142612,0.914963505209583,0.246267058010179
0.825089584565118,0.151997980138298,0.836429525157429,0.12307138847558,0.627385054565411,0.14644540645557,0.0679586902699322,0.0927338683798343,-0.206485511847181,0.149332774149698,-0.878763184051155,0.0252258060797516,1,-0.999999999995275,-0.0230228050370196,0.393335986536946,0.518520056159814,0.137937133338702,0.536477247247938,0.124955616972142,0.62864852254645,0.130237021063544,0.536611338961126,0.154397670126531,0.524745479017364,0.184255412138271
1.08934765085758,0.19517023556898,0.936973236183521,0.151967420111153,0.790576717206363,0.229821273749201,1.38131522549231e-07,0.137117072618857,-7.71329003017959e-07,0.182834944256893,-0.9218020233718,0.0220363871947201,1,-0.00233410964005806,0.752397682147926,0.336059708527593,0.495775314026526,0.1663431709377,0.686596008320993,0.173707418609302,0.822111954543625,0.164799163218076,0.881650623316469,0.161267400739319,0.434185565391444,0.229701771042952
1.02367522063304,0.197427090678726,1.16985048872918,0.199711690186239,0.86021556711851,0.252280244907433,0.0407505897497631,0.327851778305291,-0.0180060940615222,0.249380328655825,-0.901341117806663,0.0295132269423815,1,-0.0961720595223941,-0.166356269601991,0.412125132842466,0.521314668329045,0.183039004359576,0.631997987564695,0.149302766393587,0.875930194362353,0.146634127861991,0.931323422235873,0.190069655311192,0.680563789909526,0.237446848865457
0.848916724811756,0.193466872142628,1.14428499704557,0.122424474130529,1.06979516008824,0.29527201762176,0.0640988028619204,0.112693909983519,0.261863683457845,0.247292949213877,-0.902209563063193,0.0234726294435575,1,0.999999997411339,0.38854708088766,0.455097367673282,0.640928486099575,0.143029487017327,0.606545379405341,0.150924330334855,0.630600097511922,0.153977012895138,1.06709714348002,0.161802544101487,0.717741608483437,0.249877910708591
1.03754417100734,0.209551322586532,0.642944657402705,0.20164734246463,0.76897997598224,0.251547368373416,0.411807799829889,0.420027462302883,0.0903935946826505,0.219864189318256,-0.87313084084659,0.0362636650981981,1,0.160632292581772,0.305696459516996,0.382783843706531,0.270418967849502,0.208997925996803,0.671855541186021,0.145852004762661,0.832654540868159,0.170369928437261,0.422735540641507,0.207564937283613,0.644605673804251,0.234729688556484
0.776460799972943,0.171444463274311,1.28017111819993,0.158358736186257,1.04151113335267,0.273031934096419,0.0154326745892449,0.0530581278311717,-0.126780528481245,0.222540628526913,-0.902829332968324,0.0239743795135197,1,-0.999999999996154,-0.290928628018278,0.317028982844666,0.653244088797111,0.143684417720955,0.792269488879864,0.129560729924167,0.488736149279323,0.160456501909567,0.747759324542023,0.178002246425441,0.849460807678047,0.210896388473402
1.09229712663775,0.216674214774682,1.16826649827669,0.245225212518745,1.23688801252703,0.404149802485802,0.245615165900239,0.291454116264885,0.281039936962744,0.274804810995952,-0.897685465102026,0.0288085368463077,1,0.509888549710754,-0.0913009607558561,0.41429636182239,0.814617712866349,0.162986471610242,0.865370383591299,0.162326316442869,0.64599734147412,0.202703690468683,0.377927179627258,0.216687108505765,0.787785994504438,0.254188248722472
0.791839612228849,0.204952781312461,0.899766777574631,0.172975216988754,0.716258466943281,0.205394185926061,0.059083880115761,0.229473862794384,-0.093028368870836,0.195173183580904,-0.923149233501476,0.021987928627248,1,-0.452216097361866,-0.214991200289604,0.43856939713228,0.595326463433736,0.173500925242272,0.779326988574406,0.148564592493909,0.903665643562693,0.140246362445811,0.795854598744116,0.180137573696923,0.646734073767051,0.230150574210076
1.38613771382265,0.218622693083848,1.21973701005879,0.166552698363569,1.12093517884074,0.293964936822731,0.000661187631830339,0.158225703634104,-0.0270195588706516,0.222921428793693,-0.933040076612392,0.0167598511594417,1,-0.992488867901878,-0.00619844046851388,0.420491649078411,0.852712876666032,0.177153595672373,0.789904863830395,0.185174144667716,0.900454303661999,0.139611599953001,1.09152656566539,0.124256362260674,1.01354337996119,0.191243980134766
1.08271792274972,0.214814960524058,1.32692414810756,0.190951252105619,0.922772017714255,0.261821931161326,0.28958883993359,0.324225276573795,-0.212970283791751,0.231714881098626,-0.893469505089777,0.0282138037188276,1,-0.411984513120606,0.343795665095548,0.502401817300698,0.709683670286037,0.176642466583114,0.831894231746827,0.139166837165521,0.774157221279463,0.144676292976133,0.73309112161261,0.155447224223348,0.515940423229203,0.216797896992672
0.87216009128676,0.175971786884229,0.994909862062204,0.214013904417272,0.927607011673509,0.286613956261588,0.219658344531092,0.257653133387025,0.115140197804515,0.213591133489357,-0.871316030511247,0.0334318385942223,1,0.255076886173113,-0.000483363296534813,0.384709766402275,0.638398595465224,0.151113745610034,0.766534211221355,0.157284180944485,0.7400336383696,0.173219472607649,0.665630158294719,0.194827967567106,0.713189079776364,0.261904782442359
1.00118783182436,0.192648324369773,1.07366692575395,0.190299252419231,1.22317278049441,0.392348424217824,0.225139797355097,0.406011929260225,0.287034192554578,0.243971354110041,-0.9036847555074,0.0294512143437447,1,0.546970110981132,0.420128021936235,0.396320809569254,0.756918096529115,0.14696369569803,0.428391958926827,0.198170893747306,0.655603917344438,0.22144084421437,0.872127861223822,0.191932316813739,0.766566151068105,0.244091469866306
1.07222327854271,0.203896966090249,0.988291065970388,0.207250448199259,1.32070902367364,0.376311492823034,0.346342453031244,0.427360626957457,0.223708081088653,0.299108959645495,-0.910209914666349,0.02213662727295,1,0.330769331621909,-0.161150806170414,0.447956590351334,0.671549801877529,0.164768325397792,0.801613385011433,0.139359660990352,0.746342449760154,0.179824116210962,0.695476307034224,0.187976787801336,0.725621003990432,0.229061792467661
0.990779420296085,0.180458741851417,1.11628795445434,0.175242991266732,1.02250884508757,0.321141222893638,0.194503075826198,0.220135318861932,-0.169472682114292,0.228406306875193,-0.803915920564706,0.05155708076536,1,-0.380016916070849,0.387364650152106,0.341687688387247,0.287877719024817,0.169416877012159,0.906210902742277,0.15110018842129,0.506066126935256,0.183922731928908,0.59138974492224,0.197791084255451,0.293729542578106,0.271698505318547
1.08973608891425,0.172097068344261,0.934403322559537,0.148664100378874,0.878910747236241,0.235500809461604,0.0400169429664224,0.0787788480460971,-0.187540185679498,0.187146620165307,-0.905544140245952,0.0209744466735167,1,-0.999999999999606,0.278238424996252,0.398186346647727,0.625326789407775,0.144097205654726,0.652014233789564,0.127098390777262,0.565610800236809,0.166584598217379,0.356743196219756,0.198915008159841,1.04639444709945,0.169762398255993
1.29889298528834,0.231180257336801,1.47669253899699,0.244457475120281,1.59173183539601,0.486420533038923,0.0946376196686907,0.170266347755447,-0.38812074416522,0.363756222523299,-0.917699750212965,0.0220980819452803,1,-0.999999999995385,0.694014848213444,0.556903043685732,0.944521237058789,0.157987383830003,0.755764779665482,0.147002660492084,1.04487318462532,0.160667899635436,0.983711813708343,0.177679598477094,0.677075826159357,0.232237295727052
0.898128882268586,0.146912005696905,0.928712155850122,0.179745995790429,0.614378719773399,0.171914328325949,0.0565864387882951,0.117627759554638,-0.186455098667911,0.200066976184406,-0.858969106592149,0.0337771183892825,1,-0.999999999999597,-0.0734613491918379,0.376167253864846,0.604997157029017,0.150433276912631,0.711992018142781,0.146188221403977,0.356413068192499,0.172775688762178,0.746004518064033,0.172875691379206,0.688197288639801,0.198468192030563
1.42617465608589,0.234793182282151,1.1657382263041,0.200541459793468,0.989066478251239,0.313291238337967,0.449787033315659,0.311477144071444,0.182381453369512,0.204071639369841,-0.928838609636444,0.0196135310452261,1,0.273441523549262,0.233059277384804,0.430715457968701,0.860133301800768,0.18510565027838,0.725813333934308,0.148403518798221,0.845505479757845,0.16280975427893,0.679548921930022,0.201200224477523,1.03160954540428,0.204097571113183
0.926835110798178,0.169196845580424,0.833873571746179,0.150535687729281,0.679111636744444,0.19615599886724,0.193263446186735,0.205177527713725,0.013399218518833,0.131357502245968,-0.904528888337946,0.025786328152203,1,0.0369857154378307,0.485865194515846,0.437915044917615,0.684204983444072,0.153706145503286,0.649430526425438,0.145409308212135,0.500707943243211,0.182703331387028,0.364201254389751,0.224918788503709,0.760088927207554,0.198246545353266
1.14340226535129,0.197562399188798,1.01268910553894,0.149164847813282,0.966666355221988,0.292803126284315,0.00112289411232849,0.0161158839474875,0.0329459643242017,0.161959784803341,-0.909541607961294,0.0280047667731726,1,0.999987381531259,-0.327621193011139,0.50602903681398,0.715006441907909,0.180368596458991,0.811881444070569,0.1712308264128,0.764540516716524,0.169710115780397,0.665148000745407,0.193447464738145,0.6113051402769,0.202740052964744
1.00806696924325,0.194654029202667,0.930720999600409,0.174402105959378,0.960323563867131,0.291103922632635,0.0889134644108119,0.120534605680396,-0.292208307389853,0.206781880621788,-0.861951061061882,0.0353993988985814,1,-0.999999999349297,0.0692126543270882,0.352786366291292,0.450482305256902,0.167572794188006,0.665939430562438,0.146313894121865,0.570847133747127,0.170306094924032,0.561918845665218,0.187917614345299,0.546075785160323,0.194038951972269
0.947189944169855,0.218064583296501,1.07785770847234,0.176895473997487,1.06114706895299,0.250726479710483,0.158238003139055,0.199999949564477,0.409772855449701,0.273246494506811,-0.857671701866613,0.0360758878544349,1,0.999999999509927,0.0592344499993331,0.605496156276048,0.728189464665457,0.154575009936035,0.776853201717154,0.138474212871694,0.780001602053585,0.134786146205415,0.391105683604933,0.190106903183236,0.95997062478877,0.222707585254192
1.10246385923607,0.205260111725841,1.03749744873807,0.167470140578288,1.25399948496896,0.337264750340879,0.042815096689365,0.0889040089497084,0.231711262142721,0.241745862591133,-0.897911091346693,0.0238490801828148,1,0.999999998197182,0.169131256507317,0.461281881759765,0.729501257591502,0.142003014196277,0.663853375570272,0.128045245271871,0.676426000686843,0.15827870076387,0.780600446722084,0.185076433121685,0.802081571988126,0.179685343430572
0.748386788528994,0.196261812761883,1.30413764254422,0.173850709181592,1.04938885927637,0.316335987854355,0.00211049499296294,0.0246546956784192,-0.0470606668625521,0.227778026542454,-0.919795825891511,0.0210834829686007,1,-0.999994679331302,-0.415647053255383,0.457206239128759,0.731215933930223,0.154031894111887,0.743323138836354,0.157418458910764,0.589087597666304,0.182715982131181,0.748589266910341,0.197292911453648,0.668975457079168,0.187574129082827
1.1322316884378,0.210425192701171,1.1980030855987,0.215892491506588,1.13844323093864,0.335985153373735,0.318714046292988,0.448000705171762,-0.102231187149119,0.277459959349201,-0.893929461191988,0.0258745875113632,1,-0.1697176901576,0.189418955686778,0.448317937168583,0.814221392611177,0.140744449345151,0.92701537998904,0.147826358288656,0.50018755321539,0.172061927880305,0.532323658987535,0.210578534390917,0.916267262800222,0.197375333011768
0.683466973457786,0.143230442521131,0.896919550194184,0.14212084187931,0.697344121446036,0.170425712600072,0.00378695401421007,0.0228074070765606,-0.0513888130322225,0.154501882319455,-0.872056175549087,0.0285523911776945,1,-0.999999997134377,-0.264254860870293,0.402519237760356,0.564593674537843,0.121328435427084,0.735346831154089,0.131420342399085,0.698491741749911,0.141911545356484,0.603965250506821,0.167258402645704,0.737332167788795,0.198229821747687
0.859308721092693,0.180380150004061,1.07717405255916,0.181928427057091,1.03768556510806,0.311607343245948,0.00182041100907992,0.0187029584373105,-0.0434627852007802,0.223072871659361,-0.890031871587094,0.0316682281212648,1,-0.999999859906584,-0.0691779355870542,0.436345172825836,0.867480172327593,0.160004339444475,0.710493393182696,0.158146853448728,0.566965097093842,0.190826907229079,0.610713639656643,0.232537345117459,0.292310995372964,0.233056598205713
1.27843638713085,0.200431491704612,0.809437006183513,0.167529693055095,1.06508794920305,0.300044672031964,0.305372391319527,0.340079621322654,0.00587090678009799,0.226154217705447,-0.889462358490285,0.027620511707243,1,0.0102943176274039,0.0452165235605252,0.335031132786512,0.760208235184281,0.14289153754597,0.792137695281731,0.131683108913892,0.667124204448215,0.172020830390426,0.452861075821915,0.183535159466762,0.648142013775163,0.184559237885746
0.822112483438876,0.197937774140616,1.16848453866601,0.200610424677249,1.08550418003473,0.303045068001408,0.252685845909447,0.303127159968742,-0.123705647825855,0.246242315214741,-0.863939764203497,0.0370282237393287,1,-0.236201863690176,-0.21683953079219,0.409967015290194,0.742068608857107,0.158943720656221,0.731198137879704,0.141723316084422,0.798040745509244,0.158376638937957,0.842621784611699,0.192173389485925,0.0558612971470094,0.300421262530593
1.1932620576888,0.243900233866473,1.20369423116082,0.208881828985487,1.4707075172692,0.365977825382756,0.409504055772969,0.478835005919352,0.320150620997309,0.288362062124288,-0.90640150968453,0.0208181210679582,1,0.412536223639443,-0.196427331826471,0.526179151082432,0.899099008463819,0.146694217231658,0.641458423415231,0.154939597343868,0.899136371248383,0.145807153628563,0.541778523151954,0.220911125354001,0.825288295335005,0.186501192894444
0.959316882243678,0.198350391335653,0.85859490159281,0.189477482260487,0.973055797267312,0.278344531984725,0.0121253345848652,0.0536106483454388,-0.108621485495479,0.242091115992593,-0.914062880098629,0.021573753902002,1,-0.999999999984563,-0.0869113770044201,0.47407345684134,0.917165725000895,0.147517829405236,0.600280355335412,0.16161589501562,0.504293272390733,0.170141765069934,0.590581830159223,0.196313644329503,0.425750229024048,0.215423554365704
0.98475614648399,0.153226976394224,1.06994839419779,0.166977845162486,0.611856126890368,0.146989348585606,0.045614844406702,0.0701878503996097,0.167062030237171,0.129089621997389,-0.870457744337481,0.0285819913870733,1,0.999999998559174,0.212225400690728,0.424564203242688,0.319050510752332,0.178543555804201,0.651409059853037,0.135700727884541,0.458376265888992,0.139920207269594,0.801011095050267,0.130904840903377,0.859324252685028,0.150184668859781
1.13006493790055,0.322769966683168,1.38144561225089,0.243584524885619,2.57440387111368,0.851357363261761,0.283599949084416,0.390270249503429,0.325371420538429,0.494993432078849,-0.933414846308836,0.0223853971979358,1,0.380792152080777,-0.500238972175214,0.736228907606904,1.12824408900565,0.181964542292786,0.942202688511034,0.202213423712999,0.676517431784363,0.226589431326164,1.06208042690485,0.198903871441386,1.0408168044463,0.227444030357228
1.19511694164787,0.216120804418653,0.985348609141825,0.165583265920013,0.903274591943662,0.26031697730141,0.0130749203228137,0.0468478170296408,-0.108674943380637,0.194533980050313,-0.859330626219343,0.0367535548282048,1,-0.999999999978795,0.870907291294388,0.434840106804762,0.510941333402176,0.161805773083008,0.787727235487284,0.15187875864728,0.687056281555866,0.166707688955102,0.795894614398887,0.173437958627481,0.491823914991298,0.217736674826629
0.798656831388001,0.174626456996202,0.891211301486105,0.183802319260527,0.998440417704984,0.277983552769123,0.00663009162776595,0.171595186243266,-0.00929303657236345,0.203882519127368,-0.897347890133368,0.0271477370121919,1,-0.114218592591183,0.17250312123847,0.366228464976152,0.488680992420145,0.176800765592283,0.769255124814686,0.125167082549745,0.862923097343985,0.148919754498798,0.570610594785103,0.189000007535022,0.625212407437639,0.241823680346697
1.033763669599,0.234188094433882,1.10554391278593,0.200336682189615,1.54914951715577,0.466785660826039,0.0173606403371145,0.067765332573407,-0.163994596238681,0.32421286087175,-0.891347343556918,0.0300078851229056,1,-0.999999999995019,-0.288799675455897,0.450519631138331,0.72273941565238,0.187213584299431,0.613375358629821,0.156568727589129,0.861004218082266,0.158326458114092,0.74663468109584,0.194066837045885,0.610050862041874,0.228937141287333
0.835228964454146,0.202650292120762,1.20855805051166,0.219940345030314,1.20286104763934,0.39930899079528,0.338428266748883,0.348648232008384,0.00472665333316257,0.248889486304585,-0.839327795831181,0.0437252275270085,1,0.00740820011894038,-0.56605298022849,0.414619521805399,0.785510394511865,0.160513197422415,0.733931144071501,0.171088997322336,0.545422366316945,0.187623505625982,0.342632549651829,0.239822521939488,0.592345223226983,0.238600139041738
1.09476205736377,0.214506457471924,1.03229339803387,0.202468514639182,1.17355262035044,0.363213878446778,0.323874105037725,0.445911000381876,0.24243498925271,0.278262592112648,-0.931688563252356,0.0198195340014702,1,0.393238383853465,-0.0420409301988982,0.451064590439649,0.98224557636001,0.131512943573247,0.696748384165348,0.182737170994157,0.780796383617254,0.188237956212604,0.794232144334199,0.20299337687351,0.967892030940253,0.22413361684682
1.07216095542501,0.17997095964331,0.907981585812148,0.184693769102404,0.854794498321801,0.224534948229059,0.187767399810478,0.304187202319432,0.102371691170877,0.233548704323108,-0.911500911150148,0.0213322521321635,1,0.255528251129894,0.480493149869845,0.410408367465146,0.541360052017616,0.163578730810564,0.802008891411908,0.136097484643097,0.534153698995141,0.155014196262817,0.672898988649172,0.151812557721884,0.375337508583265,0.21993649216456
1.06600343624013,0.173567121892699,0.887874795433262,0.174331740389949,0.549127502603745,0.171901949400718,0.179076483655851,0.194953495784883,0.128367918089969,0.150850422350693,-0.839740916946576,0.0404137043810426,1,0.40935549164448,-0.157971561090834,0.392110238287908,0.69421531040808,0.143977543824181,0.689988069064917,0.161719725361117,0.59329212335068,0.169745317141028,0.256263110465995,0.200312540834446,0.307660998216477,0.232583370058656
1.08462759701719,0.179222337793559,1.20861163897424,0.169978365876817,0.803977771455547,0.225201640160431,0.0778401535305583,0.112955090810209,0.250163452891424,0.190275579344004,-0.83682765731467,0.0413442945426353,1,0.999999999978457,-0.207186421091684,0.390215031642929,0.834524957254057,0.136568158144818,0.65493993113776,0.154132037105801,0.796478183702896,0.150150160251247,0.637576756177637,0.175088756589837,0.614194591134631,0.204961615183291
0.809183321442328,0.162614400021807,0.980059902421329,0.164945811686929,0.64474765202476,0.186813617209366,0.0144924011737204,0.0490790052956991,-0.0966640658546546,0.166389856343014,-0.861885908644728,0.0364026630422465,1,-0.999999999924865,0.12793375646452,0.411775068844617,0.76670281855872,0.13910012748931,0.479294763322947,0.136072488925363,0.546067654422409,0.174559333646769,0.781436059050593,0.191123614528006,0.600622165445375,0.190822008246701
1.04227946455091,0.168627295112619,0.965950171086372,0.155107399158828,0.938277679149227,0.24524688701419,0.00110273405885182,0.129570508248434,-0.0321167762800505,0.168582532779151,-0.879236702723265,0.0305905374767857,1,-0.998460434265551,-0.0708497274541873,0.325632175061799,0.748177768046463,0.152852046777663,0.611196545755881,0.161579013387764,0.754763514797084,0.153044138353152,0.865803868219516,0.146919659424726,0.905343765868136,0.183650495798999
0.945209490084283,0.193297256291907,0.884174148361962,0.164110307487376,0.774842716601018,0.202246145059406,0.574819305216134,0.461642764108958,0.104472831760372,0.192740182107284,-0.903160743169763,0.0230249929340337,1,0.15654201374832,-0.0443550896220902,0.461711545270835,0.427179625696193,0.181142285130821,0.791076267895734,0.138843070192158,0.790450281142127,0.157748812061046,0.817888241198257,0.16263400226625,0.913308047136632,0.182565074850342
1.03493313584676,0.176105894904973,0.859398604253517,0.160783925006881,0.824669046440787,0.215463803080049,0.110711557383129,0.160101501347693,0.302159550557283,0.233162829113804,-0.865838163507118,0.0326051614896469,1,0.999999997458167,0.629612616274318,0.421502394017894,0.506817773590002,0.167695192700345,0.536895978435809,0.149955400305958,0.294821442395553,0.181559257957593,0.561207144395679,0.176857215489652,0.513756178526516,0.175504210342704
0.915930810812332,0.193815003081277,0.945354830989804,0.158380474560842,1.16640087924932,0.29945849717942,0.0293736014792982,0.191005181387446,-0.12709836654185,0.2151995301761,-0.899756214721593,0.0253746897518461,1,-0.686653203759014,-0.0842298113448268,0.44065444412485,0.520796959825334,0.172685870714708,0.653584074327266,0.168233882575947,0.610808799598834,0.143355649143508,0.94120345022482,0.135838022002566,0.890885375013096,0.186831763583734
1.08930337348287,0.190214937121496,0.910529124352763,0.20240553539486,0.678948548415022,0.222883169779665,0.481528858818372,0.364162780638039,-0.0634192280856034,0.146337561909229,-0.909979910848362,0.0269177923295594,1,-0.110915274784888,0.37672054144007,0.439196543448662,0.785096464246827,0.174862961050308,0.716460585799273,0.180930476728733,0.666999020990253,0.171984664847417,0.591380295912869,0.192524140637891,0.88962550766221,0.219983121501657
0.848458055973592,0.172405598743155,1.08137999851503,0.171988241426299,0.69507867731655,0.203914431689738,0.176079351631499,0.236128279027443,-0.0882994289828248,0.180633516663779,-0.891593566857126,0.027645447760061,1,-0.252398457756656,0.247535419054027,0.407584998613294,0.384259563866365,0.155277845270627,0.123903421430447,0.17165211515947,0.803906124027446,0.148113489698764,0.805013685201418,0.174023758131187,0.256010154686876,0.244699423474511
0.948562787839038,0.230148978432591,1.44071606651264,0.269665147368793,1.01653535630883,0.345102744244276,0.669328650423376,0.465355894456266,-0.266195687824648,0.311920913588944,-0.936816187851666,0.0203113064519885,1,-0.322715677613768,-0.128244970251524,0.588669192656677,0.85493302684782,0.182230702860654,0.916956280197269,0.168234498948143,0.774622570750487,0.189077096525244,0.744650786580533,0.217446160173541,0.938124994027578,0.228886960648366
1.19704992919682,0.200415201845788,1.15570927744471,0.221102357619209,0.856244001839477,0.248008037901401,0.433739189250068,0.287178042692238,0.246391451499981,0.217893335831522,-0.910389986152893,0.0244292939351541,1,0.404308184768062,-0.130292618393432,0.460023588231587,0.708790803243318,0.186584240547366,0.744739389709903,0.168105023858389,0.757052056176588,0.151108589466063,0.556638423455032,0.190269152813264,0.821518611136829,0.175453685950335
0.834204864485639,0.172312812413547,1.05448862872232,0.197153359065301,0.895177717418267,0.260280412664239,0.369434183263617,0.301548440598805,0.130903868772825,0.218365860007565,-0.827464768922952,0.0437724200105436,1,0.227629902062922,-0.0365526044366482,0.350407600102476,0.643784050364406,0.131443229936712,0.583333756156234,0.137653399971451,0.691055274306108,0.166815601088714,0.276888918938006,0.2249651456787,0.591601663703035,0.254461638906344
0.905940972501855,0.187539501064295,1.03487502501867,0.184114783384422,0.890850335831506,0.275289363588506,0.153096525557791,0.211816280886987,0.0476125119697695,0.174793617614537,-0.901192307253045,0.0278757892001729,1,0.128924677425171,-0.543112613942559,0.33968327288221,0.617381115417021,0.166621280874978,0.866969657521019,0.146321095697403,0.635537010651701,0.181101246206398,0.514363724936784,0.219193156118534,0.583217941067839,0.233663424821071
1.27477371365642,0.241911833416996,1.10355061594863,0.192794381524091,1.36878582820339,0.400298077013127,0.577301348017998,0.507346943604647,0.615003578882849,0.338757496085298,-0.915125743184252,0.0240685216175665,1,0.691844682383278,0.613574437395071,0.528084150892149,0.913695990055105,0.168296492352695,0.768138348220951,0.180019421745328,0.951732555653686,0.133017516793743,0.3633187498453,0.239918931310849,0.76842358129489,0.19281202149084
0.851813713687718,0.18151638089418,0.943265442224757,0.174690756114453,0.838011491328742,0.247856748104235,0.00748870652401681,0.0354402174535575,-0.079218824266363,0.191185593615924,-0.872787442619948,0.0327273340068782,1,-0.999999999667786,-0.441671375379746,0.428554998224618,0.583757275884558,0.164045181492051,0.745712511438169,0.141424130970723,0.732372929544993,0.154098456072339,0.696503745948018,0.189442067106925,0.00730414322684135,0.275577418781232
1.05782198303551,0.203233130593743,0.908874787612541,0.153530438314346,0.964590891718084,0.269860531995194,0.0801454335542904,0.136367188916111,-0.0355705652484983,0.219142473461032,-0.912244463049309,0.0220225016149954,1,-0.127932178958263,0.0563014856282787,0.464320854023007,0.559403128269494,0.181534246629397,0.758436844314578,0.133815668623391,0.500769751238741,0.172971016171654,0.728113162666392,0.156111451008464,0.603138032545968,0.176292100014917
1.06577089857265,0.202566521375889,0.953077646116756,0.173596660109468,0.969085350641815,0.28962722668957,0.0435323777730423,0.145722887789653,-0.0577528253963462,0.189936319481137,-0.899338651761782,0.0271608261302011,1,-0.281181036048354,0.24926831898639,0.426811746877305,0.825442450291602,0.145122018510042,0.603194374239971,0.158139591251077,0.507091349249174,0.179107122432517,0.472218973086094,0.189388445650132,0.665948783967027,0.210375209129488
1.00093968742,0.199769743484366,1.05274921271842,0.152185804632137,1.0603681927595,0.31797023132905,0.0635238632771575,0.166574852510006,0.0375538886277298,0.227498972746462,-0.856798164814585,0.0373381064268326,1,0.144696530158119,-0.767995948827862,0.413216040276197,0.743494954329274,0.137160987337704,0.438301984243904,0.178143101250063,0.563075869562734,0.172218319269751,0.507924794237803,0.187374683746107,0.786249529577712,0.190271307752808
0.949622414451493,0.171969029767098,0.896259268561731,0.182469859971306,0.820132520876298,0.247400878394926,0.069172995145084,0.303236145360546,-0.156901525885898,0.189122348661892,-0.882871809357773,0.0307001885889553,1,-0.658744284428569,0.432134560138331,0.311254087084032,0.768512232356768,0.160015810168553,0.551400984475833,0.170610883508055,0.466641282087397,0.181358778710842,0.39166138378964,0.219590761605614,0.821729610311619,0.187241650724648
0.894155694686177,0.186503692877518,0.875367490367952,0.149087192367068,0.911985323686772,0.292330715953593,0.00663045792133881,0.0363953147416675,0.0777616891998055,0.214020384561491,-0.88320730170562,0.0359946987186427,1,0.99999999947274,0.247104271527468,0.467340171700951,0.826437734510112,0.14261910122049,0.675196512730312,0.159174082795462,0.459444580888836,0.202862372863648,0.540911740041211,0.217645558627242,0.247170500388461,0.271770176149869
1.18654509511005,0.204869429805548,1.26370939000511,0.164706311844971,1.0346969130589,0.314596983084702,0.00430477428386059,0.0755513447048466,-0.0667370786799057,0.210876448723655,-0.908598357646535,0.027166755454775,1,-0.999966436007876,0.728048694522298,0.453351379317783,0.780342962436678,0.164753227712371,0.75642065101359,0.1514410958683,0.586961880569571,0.182083646703764,0.656060626588051,0.201689328464076,0.514137953914936,0.211962296517567
1.38975997435484,0.218448596656085,1.02358823744323,0.185722841586796,0.633719533781549,0.18903905309516,0.252161914929131,0.23065307045198,-0.290409879877508,0.157349722232462,-0.904837963333907,0.0257326383007741,1,-0.726479047444775,0.258101114355461,0.398508532976067,0.945666719906807,0.143034145870492,0.678374355441905,0.141961315076382,0.715700951251789,0.157510193539323,0.797021083152069,0.193825808969997,0.390183603535565,0.242187487604863
1.14958936787393,0.239333396695648,1.18036155521022,0.203669534630441,1.46441040706866,0.387516257934927,0.194010273114431,0.312475748154319,-0.267251444793842,0.285434127089494,-0.91904368443524,0.0207810374190103,1,-0.501390723886699,-0.162530722565244,0.561888133246446,0.862921533964073,0.169287985740931,0.845620022344738,0.124702655815797,0.865078020003776,0.139383509849453,0.839969505834952,0.221920200162286,0.36299134140285,0.274162809136095
1.19920583450628,0.256222396415022,1.16515237633813,0.255150167476692,1.70646331497542,0.583535086315991,0.511452455491428,0.502481781696846,-0.173212753792055,0.331274550199091,-0.924641219709315,0.0264655882147901,1,-0.185408121638387,0.713487406984988,0.44888121141329,0.913801118970963,0.173521461800277,0.936631166521456,0.18173601470796,0.729990938360921,0.211200723664494,0.813537121908245,0.266676756350637,0.964704527422314,0.266488540126231
0.933381582223938,0.202522675185696,1.15492692209099,0.233239472605155,0.867608749167542,0.279954668036427,0.238600612071094,0.239360737685854,-0.325879615756413,0.237091275089198,-0.911111882913832,0.0237210701280547,1,-0.716241461077154,0.111816152278284,0.42503407749664,0.77358368009716,0.150907240816797,0.906489582131268,0.143198876037675,0.61449933216407,0.17161355901091,0.730774855180968,0.225017888387635,0.278363818756771,0.3009150643288
0.866558794809562,0.142864905126776,1.01354201077604,0.143419021504596,0.593549248150181,0.184294436735479,3.58608978431666e-05,0.0263389007058618,-0.00443981393967943,0.121328861558305,-0.841644112322725,0.0373135162576038,1,-0.962333958857716,-0.119669014682283,0.294528534359814,0.82209332084489,0.132796941076331,0.32199149380626,0.136050383327356,0.513071412422752,0.170434089767286,0.441424337944516,0.168196997121673,0.452987074989439,0.217434075000091
0.900233717138577,0.16240064288888,0.79553256067149,0.131297189442804,0.621372793380359,0.157093227809625,0.000657270002346642,0.0122829024538104,-0.0202088826773253,0.134447793940216,-0.77264354693536,0.0533343420267481,1,-0.999986828951092,-0.151139731931033,0.365103637993054,0.541628589477525,0.137403771987526,0.485010333380238,0.136918088367676,0.312837032934362,0.152056885788362,0.371503374696656,0.193422798513966,0.677220730117221,0.196329699695606
0.963987795545125,0.248250194751731,1.3512091298449,0.24704629550526,1.76225384591039,0.516845841103344,0.565916250617094,0.428167252189855,0.0419709901207295,0.355483447285024,-0.900017791685882,0.0267347485767714,1,0.0420280169282125,-0.255786223865269,0.663516925768846,0.751028903813722,0.169429465935707,0.918921710910438,0.150700998794927,0.977682945609228,0.15385031274218,1.04468028431297,0.1933864502714,0.605550337437972,0.28471329431663
1.12333233793185,0.207015710230231,1.04942738751486,0.203488302765918,0.947649878671898,0.25273868395975,0.317213587970623,0.296948581956152,-0.269509260697457,0.209059099358601,-0.905910394453623,0.0227135788304742,1,-0.491556955743283,0.419515562098739,0.45660289399846,0.649223286896397,0.165031301958172,0.703612753347905,0.143189291862347,0.877283188263769,0.136102083505981,0.550252782956123,0.16428149293801,1.07154519415179,0.18430489413933
1.06115508424122,0.196050005580552,0.993513099091984,0.186158801165838,1.17569552193665,0.360774108291951,0.000730162521543794,0.0127580624517921,0.0292992911173469,0.255740299000198,-0.891286148710718,0.0315088676720346,1,0.999999797957664,0.423390085694575,0.438182717958618,0.523082436224967,0.191026381161892,0.377020198090058,0.187643626635678,0.548552100342902,0.183844498129536,0.891002097208237,0.171156996970695,0.850216822604644,0.19002775929149
1.00580220922959,0.220613017918322,1.09518030189219,0.176969684988298,1.19297901609758,0.356122827731119,0.0315842605401917,0.091715613493456,0.194111720277592,0.291269640728042,-0.911088972573317,0.025627009697611,1,0.999999998483499,-0.599959685542295,0.56204307221849,0.78147128659212,0.159333128567249,0.896864575902098,0.158010352939714,0.721276424302246,0.159140350108701,0.762595846689195,0.204219737433938,0.839807858159644,0.215106543121028
1.32707779935594,0.273236500563659,1.42818801832984,0.298321921486824,1.33217813273651,0.403199601724044,0.515446622702952,0.469158772661562,-0.00928750242684314,0.196461890680864,-0.922120371958918,0.0217888020424591,1,-0.0112079437009814,-0.100201942103323,0.471600639290732,0.79263349319358,0.165193443866769,0.943066225360915,0.156531667375142,0.757363503097804,0.164800337468301,0.918507890930445,0.166740138839668,0.730937236985811,0.241314271466676
1.35270816009647,0.293955127754631,1.542731187916,0.322152856167556,1.33150821530785,0.492873568126267,0.507070192075085,0.442266155167915,-0.176560096319925,0.244179141106454,-0.938565951686163,0.0200254102917904,1,-0.214875347067721,0.162165916764994,0.465414027226179,0.938939973750048,0.186915706308954,0.638371813829891,0.200568074024222,0.842015213138726,0.198487498940247,0.687768413444536,0.211650097868528,0.898904014113928,0.237687538189643
1.38312045211497,0.26592363791098,1.37153463343993,0.259033759148191,1.87963453425431,0.47805335107501,0.801034176912217,0.578784853937101,0.508276257350773,0.461271873795993,-0.931207553537451,0.0165626117826382,1,0.414226226466683,-0.112915364192624,0.59551512376637,0.850741249786644,0.17742767958345,0.753485566523874,0.173337468233797,0.820546486091265,0.148475276054578,0.964671938232602,0.149252237394119,1.01104983265285,0.13326578664921
1.09301618977956,0.272345365619992,1.20423290949383,0.238910565049409,1.98627991600751,0.698736300672497,0.0955232414228384,0.288774941411181,-0.0763634088098195,0.298938695795614,-0.910763676248134,0.0292348088503635,1,-0.175311560503256,0.247063187817852,0.55690733939269,0.784240216905963,0.172512676447916,0.938561487930211,0.173451887145383,0.793848656346708,0.206736899150379,0.67655063933858,0.238233735899478,0.770751264627433,0.248703474429514
1.05587129543601,0.228932974062347,1.12973485496024,0.167062446025035,0.920839882782639,0.304401072215345,0.0554295439529858,0.209372396693925,-0.0303903144238317,0.211283680651954,-0.917289494198118,0.0246994767270505,1,-0.134515546448877,0.415250004586491,0.498108860186534,0.588721355683348,0.155816233382435,0.657165390858381,0.172136047846099,0.903527689452927,0.177189212557563,0.608194683461503,0.216817378930082,0.780528095577319,0.259333853787721
