"beta1","beta1_sd","beta2","beta2_sd","omega_b1","omega_b1_sd","omega_b2","omega_b2_sd","omega_cov","omega_cov_sd","rho","rho_sd","conv_code","omega_cor","tau1","tau1_sd","tau2","tau2_sd","tau3","tau3_sd","tau4","tau4_sd","tau5","tau5_sd","tau6","tau6_sd"
0.854310786002524,0.141073674088106,0.792599631351191,0.16695918553267,0.643856619801798,0.155616055424732,0.869013392210343,0.342201414992705,0.748010712000484,0.224271343931232,-0.892126679242437,0.0243842307049234,1,0.999999999996807,-0.256388029815512,0.327782970043327,0.67731953461231,0.128983327254381,0.642139332842953,0.125737902250686,0.600786777747312,0.13028487647182,0.819207890476342,0.132872471492738,0.654980074091942,0.208794104306726
1.0478871092794,0.14782689045329,1.05322880040215,0.166596340299446,0.544083308485012,0.125599190435834,0.838997637342662,0.402964523457659,0.645840215904842,0.17563116770303,-0.883846540948641,0.0257385297832263,1,0.955899015637541,0.0227946208005995,0.330467128766059,0.70308661194658,0.133181736843146,0.738938900040439,0.136293602096935,0.770908043800115,0.13647202874785,0.387308459626476,0.165891244861749,0.593792189162559,0.189967116655949
0.879208896317929,0.147403286462273,0.951369123925421,0.162877276641469,0.685165596468826,0.170694142099242,0.464902765265377,0.341851273965041,0.449445436281983,0.19477455846372,-0.906798146013036,0.0197049980118511,1,0.796339276427489,-0.937782327936302,0.348625364114045,0.937068106104879,0.119551030512967,0.572683394642887,0.148676769912603,0.654367460635081,0.145606574400807,0.979990270692379,0.126354513420586,0.557249773652018,0.190729667588248
0.864026292615287,0.135811717147844,0.9388572036315,0.147743976637774,0.4853224537788,0.131682917616876,0.18869991523872,0.219001144209135,0.257246446027305,0.111708344524118,-0.834638243490984,0.0409059318316047,1,0.850057568783427,-0.358469156337198,0.314964548623215,0.751177994685447,0.135492866179254,0.640359724897333,0.144396263113135,0.486397615623453,0.162049883850359,0.828444606801695,0.14837063095483,0.709799181605266,0.18494615046597
1.04872994439325,0.160211043324903,1.02690102553262,0.192313472825454,0.643862688218473,0.156846402455378,1.29274355558176,0.578030858023123,0.91233181511661,0.287824968691783,-0.917664275520927,0.0182854262520101,1,0.999999999999993,-0.0885873736459365,0.35370458270669,0.585951085794385,0.16823672969567,0.760046436776974,0.14441302913572,0.677337988907107,0.12695277199993,0.853212051754513,0.147698674008105,0.778781033275506,0.167415760468257
1.3024219717201,0.187645161901536,1.10924020032946,0.188767267815057,0.637057195029818,0.170276093670764,0.810909092925952,0.417269554360054,0.683405138376128,0.226646146528986,-0.927748997152133,0.017046024384932,1,0.950830145145189,0.165625121386207,0.40388121853149,0.882021119542869,0.135812885237287,0.57969514133,0.161543714410409,0.773202342253961,0.150901010353203,0.710560283973034,0.153767065678021,0.672656939667551,0.168033077852125
1.03588517441342,0.145821530710962,0.926883096870693,0.169588784383996,0.564324267782894,0.14325546401736,0.909279690662381,0.412715833863214,0.71632994886557,0.226835183548224,-0.904549214728234,0.0223152283091639,1,0.999999999998876,0.457863873248609,0.34614287952878,0.611058732372506,0.152208222378208,0.718167351965132,0.131273392224997,0.669283756629589,0.141549267412934,0.51633252992849,0.165323304030899,0.791923489999305,0.145543136621169
1.04924018806736,0.172970829681635,1.25891130379981,0.220323958562552,0.621857650447688,0.173483404981559,0.667689194848915,0.390585331276773,0.515926200369117,0.215738204416396,-0.896609213831359,0.0266117213851582,1,0.800672510998191,-0.04666448058212,0.387221117152415,0.788327171340529,0.152543825827613,0.679825996261107,0.148014958959643,0.994297527087687,0.140421949589324,0.540359473578558,0.165173416526135,0.331469694048191,0.209472581190998
1.3383238930599,0.145154399024166,1.24986763805557,0.189271920644641,0.637749536655797,0.150625254740239,0.907120051011858,0.344334099065923,0.760601993265109,0.208586968914852,-0.91127083968532,0.020037664476054,1,0.999999999943702,0.444247036930455,0.29089834864654,0.754262912538085,0.126826651380555,0.757290961876074,0.139223013059535,0.792448184081958,0.131038066144034,0.857182505794144,0.151600459949172,0.694493619383576,0.206647012605806
1.12288397929721,0.175901473897495,1.33827606440639,0.218888098213532,0.823177706709824,0.197233566951783,1.24985466149061,0.590574642735131,0.949439341202088,0.276562867877364,-0.910080216975843,0.0203125150708037,1,0.936031934911712,-0.13778931185289,0.395026341365432,0.771703965230769,0.142472674268905,0.775019407193201,0.127084682028786,0.92076927517498,0.130495477075147,0.667212527918862,0.151447541286858,1.00292350255287,0.179242596926823
0.824864309250929,0.13998940987924,1.09505170631498,0.170548163495926,0.594852543761863,0.144998952212044,1.22254929996477,0.473580092156557,0.607988982941745,0.190565672534535,-0.913689391484378,0.0177713985124938,1,0.71294800405003,-0.611479204600475,0.377374466635946,0.849139896522469,0.128332687168979,0.769608204404433,0.11504318441427,0.76993474508358,0.130345375618354,0.699523196216985,0.17728977421607,0.794173271260146,0.144176893951016
0.980230972949828,0.127912715989486,0.787615853239025,0.145926121003587,0.420861725607412,0.0983221183399453,0.61015330461644,0.234657369751558,0.506744681912851,0.139324971140206,-0.893749613847227,0.02242901310018,1,0.999999999963037,0.623702960102906,0.300571507321517,0.539127919756922,0.140801667180006,0.630210912985085,0.124944998166946,0.585433689297673,0.152294084905188,0.661205407801509,0.139325317197511,0.886180896978111,0.150306702130021
1.29580054674339,0.19770500817829,1.3755137660446,0.242832991338711,1.14580150553042,0.330876742324248,1.10787985820756,0.503858179749229,0.993966508387891,0.354380800849469,-0.925378423133755,0.0200597582092103,1,0.882207455112935,-0.200589683984804,0.431258018976807,1.09763496567064,0.161301075507826,1.006442943113,0.15660655471412,0.882492123182814,0.161217556276849,0.967673779881168,0.177135907729114,0.95051206491196,0.168902623154591
1.27492596317458,0.21094646299181,1.23641999406092,0.206474369364409,1.17298961592657,0.312694614225509,1.58228915507508,0.674598412946871,1.04051295766119,0.360798637814713,-0.940270914256862,0.0153093508387753,1,0.763761009257192,-0.002369217173801,0.446694642465838,0.931623953825561,0.14174278500752,0.979054123202637,0.15025089654522,1.00820482721446,0.141395996761605,0.756020046966671,0.166215284489597,0.812348319806495,0.180504874044243
1.17437881492523,0.172718230460414,1.24041322791612,0.203102714715109,0.853130226516402,0.239775566264323,0.64094062457187,0.424974950045502,0.585973787913085,0.251583432356564,-0.919865282292478,0.0210222523568714,1,0.792431306951673,0.243169396721118,0.397196475956301,0.674943094361929,0.158806605392646,0.8945115809197,0.13989730475203,0.690960891311222,0.148307357933068,0.665293879355398,0.179941955703884,0.861277509651251,0.17660904914719
1.10928051701728,0.148587282862325,1.33093582213366,0.20581187871613,0.584311255005441,0.143742175474863,0.6975021984798,0.410989814589575,0.504280565471386,0.190290738996482,-0.919437061736747,0.0178672176774955,1,0.789909459762475,-0.342191504251703,0.353136940068297,0.980152736057745,0.12485774724344,0.774964191531317,0.111331688675859,0.651204807966075,0.138660622003772,0.819010507539178,0.158691359510112,0.720116986581117,0.220067214606761
0.925018664993146,0.142767685753292,0.787317393768879,0.143283388085512,0.459336350227804,0.112876620024342,0.438668614767705,0.283745646983071,0.352466862319715,0.136729562020831,-0.913160339280934,0.0182910312439511,1,0.78520779651837,0.0740270255864974,0.378503777476999,0.355856726860001,0.145178488416242,0.678412754398577,0.130752802715771,0.844081379621922,0.131252774694918,0.611853010007749,0.145184971374721,0.615433183056258,0.180874309340148
1.21601729295986,0.146028593609023,1.15413452867813,0.15623033086278,0.667299941243821,0.156055530579438,0.511424905797048,0.291678119646954,0.548065596627004,0.200372870787311,-0.918832639758138,0.0169226386087384,1,0.938168962397277,0.315725203915757,0.386078322339365,0.750681086797306,0.133940320876636,0.715967138212735,0.129320787315998,0.850067499981583,0.123002181958183,0.992620389069995,0.139547777657072,0.695080449223058,0.182596720130143
0.872259005641916,0.150777404069019,0.935639880829888,0.158030726315928,0.656728615878201,0.16519729588039,0.675092942178031,0.405010008789907,0.64138932930103,0.200934890729127,-0.893823492372443,0.0239530722693093,1,0.963267652208893,-0.164414785921668,0.328963332017432,0.636518236859061,0.135701043188038,0.740998396762556,0.14087335936624,0.696262087286523,0.156759127524218,0.69844148423327,0.149792314514797,0.880935159249247,0.149800773385856
0.943902568631667,0.13553196534418,1.03413024428699,0.148491758362761,0.54790133110167,0.117411041324168,0.307995243499915,0.162947959582887,0.410793140018025,0.132069433235339,-0.877711973512388,0.0245069031774854,1,0.999999999997874,-0.299584361625679,0.28589804867048,0.658466966810321,0.1227158171098,0.769109494041654,0.110661427635632,0.539547290712121,0.136594099335714,0.5660858777896,0.15182541738797,0.70116562679728,0.174746871147897
0.960929327844183,0.132816449692594,0.981578130319876,0.156644348383237,0.42292062038335,0.105691629311285,0.742077470324379,0.338189131280972,0.518206041354129,0.157860191438111,-0.895811016934952,0.0240987071062849,1,0.925014239475435,-0.331217797575406,0.277762367108908,0.683106283616026,0.13724948709486,0.744924761402088,0.127641807557659,0.711808239518359,0.14739924146957,0.583505290570373,0.154393490017507,0.397676079277648,0.184049461226312
1.04578720207788,0.168307902237161,1.11180277283203,0.212672985020441,0.659414962561331,0.169195557697354,1.01984639941093,0.611676876695944,0.664922401023359,0.252833783944514,-0.931079571528793,0.0162201218924777,1,0.810819495287901,-0.0518207557130979,0.355144045425042,0.513693097976582,0.15094112849763,0.611229634579813,0.126405308366315,0.772584634865948,0.147973689608741,0.956836156618834,0.143351105551661,0.472867502659731,0.22515539507507
0.969420468914864,0.146087517978971,0.912191042163023,0.159140613040744,0.407437504162789,0.101599409744245,0.473476819291536,0.298572478258608,0.387128397909638,0.122271175930056,-0.868753091325079,0.030404938959354,1,0.881404306533042,0.114230387623742,0.346803539881603,0.600977888146607,0.151664339380951,0.603255566377987,0.135436652504779,0.43896985363827,0.142808250231551,0.75378204490805,0.138575990925635,0.630305258284413,0.174724621576906
1.08816122866529,0.14675371357584,1.04472097627698,0.188472364540949,0.517928073571118,0.123088386215031,1.02152243683741,0.598082517754464,0.547633994089397,0.198339064956118,-0.895000378419438,0.0218794965347584,1,0.752890327837634,0.150121146649124,0.29880324170872,0.636065540866143,0.142457765079126,0.717653898770739,0.134233285544367,0.781634312299174,0.138039000086563,0.734648237044398,0.158001332571678,0.728292868365451,0.163364668310666
1.07946598356536,0.17000085574814,1.20253859063034,0.206402716497844,0.753588431548992,0.217417341669787,0.561025187150904,0.361083491274617,0.567240759512852,0.214802972916972,-0.869668894070019,0.0349051465294435,1,0.872386906592809,-0.22844990101705,0.356115671396362,0.684470514717638,0.162054774866051,0.82186527316675,0.152060227639646,0.752427721970841,0.143007961426907,0.738937557997993,0.166414595978444,0.758069713621088,0.186040448029885
0.854582076925445,0.11398775902887,0.979165536618425,0.156943188725216,0.432452247876731,0.10847945066201,0.588972360655926,0.284716274347133,0.504680513867629,0.159961612244322,-0.872352873985269,0.0251027189286136,1,0.999999999557864,-0.143950898718723,0.25328292992327,0.415588140260186,0.119239518036943,0.656288016800334,0.11181288808489,0.472720362914945,0.137543160483955,0.641488680924286,0.144487572739869,0.369734590276695,0.186186276386034
1.02756044871478,0.142186194300775,0.773941130385147,0.156062358409275,0.366255628711545,0.108884680530934,0.53693003190962,0.345265173073957,0.226871431551906,0.116420990926722,-0.85410973409506,0.0307509669814903,1,0.51159796655235,0.127983420179065,0.311826700989728,0.602051136371309,0.140577679875302,0.638885085288394,0.128172845991145,0.686792155696821,0.150504931340326,0.662167031505459,0.16479913308704,0.313649634310475,0.207567197161377
0.957367421687494,0.128099907949427,1.0569125531573,0.136396791302698,0.409237116656131,0.0981914826914985,0.0957301134292724,0.0898186282109526,0.197930077465385,0.100738048579163,-0.842705675358609,0.0310392694769308,1,0.999999999597888,-0.30857858883107,0.278439260368078,0.711680308365822,0.117845697057115,0.627620412634047,0.118298158248466,0.4344278332751,0.130581410507818,0.653584287694689,0.140230344213265,0.419496876291495,0.171387577452142
0.82266467524442,0.140425741491418,1.13577147020197,0.154598034591806,0.52812256457073,0.117978212532324,0.517462707744381,0.209549321454047,0.52276546556503,0.142211903225027,-0.905386810254079,0.0192348165831267,1,0.999999999457974,-0.718253207753882,0.345690906822281,0.809603531048287,0.13060580286115,0.634420588855756,0.119039320776559,0.637848260032252,0.123441855775586,0.740896958822875,0.143861729008004,0.525939922252429,0.182383177126418
0.955434880040097,0.12342976288471,0.766532066984666,0.137028197461022,0.327757130287822,0.0893751773164616,0.345002366071537,0.220645212810058,0.225169337154929,0.121942392802089,-0.829940326552728,0.0402886304276147,1,0.669610320015945,0.618306082823655,0.26384540499715,0.435604739071677,0.146583801337407,0.482024786933186,0.151970881242331,0.663484823555224,0.139810756860326,0.468267252960383,0.16426071484939,0.53964866019714,0.179989457936561
0.729224787316065,0.107173470654401,0.873279916876869,0.140197588115534,0.397291468437252,0.0957327949569495,0.157343063470974,0.16470527396656,0.212358523771638,0.124699661927949,-0.88083255542787,0.0235416794849704,1,0.849358969314005,-0.233761593249063,0.310769447908128,0.631988870466641,0.126979579188831,0.694007080161996,0.107805706269212,0.511264503709714,0.133555836592778,0.329690857638833,0.185546916857217,0.345245995496905,0.198068193467473
1.05162524352467,0.117070980179761,0.964579569237052,0.17212478213957,0.304707055503374,0.0785657326777339,0.591191972386807,0.352308565787511,0.292309344115992,0.127114982026008,-0.868337011022027,0.0302028743640288,1,0.688711253054149,0.608600690725967,0.261470711573945,0.676170013574127,0.118136718965177,0.52510924512691,0.138217625917319,0.750918602130865,0.126364089303893,0.664576615036104,0.150691484355481,0.68132345321301,0.191830882995757
1.0232169047876,0.147015435455106,0.786009591413521,0.175540295067263,0.559312672466827,0.153203819187898,0.913778928321512,0.429105977962729,0.605639584491759,0.199783664323887,-0.917392891649898,0.0195430650076874,1,0.847161778916375,0.145664532930888,0.271316510564925,0.654331756628567,0.135011281290431,0.880081162443077,0.12505378781638,0.861221052331412,0.138741160334249,0.731495211276542,0.18702698653681,0.602680137365205,0.203731343484571
1.00954911296865,0.120778682645888,0.917764527377495,0.145979915782642,0.408713617808461,0.0987615720828437,0.262667059402355,0.177541468679192,0.327651650577321,0.126576892600529,-0.888596158382905,0.0224409130636581,1,0.999999999993464,0.383767681104598,0.24663909196574,0.636125046860889,0.124601370617844,0.606686614891421,0.132464627944929,0.552368494286447,0.14023033309848,0.702047116072342,0.152877025239287,0.669956179162003,0.180834956964482
1.22360320272729,0.170329831522754,0.796410326203075,0.158605928254019,0.709482318547086,0.186482380306913,0.500293528954807,0.282535859475676,0.595776311105746,0.220895070101646,-0.861192759082137,0.0338302919153708,1,0.999999999996917,0.744365224016441,0.355940902856944,0.647049044454954,0.143020195143341,0.553978795547172,0.136154179525539,0.695355034959053,0.146785337943077,0.558974800163564,0.169683420087632,0.572798610293426,0.204757049610196
1.08344230064332,0.161515589632623,0.997479756820904,0.185866772744601,0.679934161970557,0.175891926118647,0.84518521282238,0.436412381510498,0.741610217605445,0.247998708053605,-0.922426859628369,0.0174600640329658,1,0.978287104114198,-0.529295925255369,0.357565245358321,0.980892838568673,0.140150746101903,0.69819780248174,0.142567948969218,0.742786144687232,0.139871836953773,0.816156951961124,0.148916722403681,0.822758283155717,0.180945583124283
1.2760323349788,0.219747777328986,1.3804689882802,0.241288386497918,0.789400054319422,0.239016669162829,1.05461432012902,0.538517129014319,0.551149804243249,0.247160011562105,-0.938581239443599,0.0169388285917573,1,0.60405189270905,-0.0802720328009149,0.428768057777752,1.00042130526811,0.149488296379044,1.05095394222845,0.157536206092902,0.760814067351392,0.166698842776384,1.17396066353871,0.13422109429959,0.914168885255324,0.235172795739848
0.980249297032018,0.113472879718058,1.04933703290255,0.156629288533495,0.397583140008893,0.085028244861611,0.67390820676749,0.28553018670109,0.51762393774196,0.148961603433468,-0.896066992049191,0.0189122582163321,1,0.999999999998342,0.233724944005446,0.262317822013753,0.519970905075176,0.138721262956925,0.788606030172487,0.103333403066008,0.564206571850084,0.122256926995178,0.634770266753205,0.139535269115497,0.522662999656941,0.175368930760651
1.07601295753563,0.124605876506463,0.828233089420986,0.141340696377745,0.349988673076096,0.0853312773673036,0.287634351458479,0.166519400274056,0.317283414312123,0.112975659908132,-0.874904684797218,0.0264796226351105,1,0.999999999997525,1.18388884192944,0.330092650759876,0.515604199081448,0.123175768972758,0.436726477973261,0.135941635341404,0.595694992035032,0.145990865531278,0.758304674693379,0.139092136850516,0.39192649255537,0.1788725923569
0.93040341547045,0.127716533892261,0.953484703252803,0.151956307501982,0.523178509276081,0.117200733744755,0.60194585302948,0.298035397465459,0.561181908165379,0.17611415123646,-0.887786195005429,0.0206319308907609,1,0.999999999998816,0.395074362427067,0.335779140020858,0.390130479552797,0.140842635901112,0.749662083299642,0.103010223036901,0.646060518102943,0.121489227814534,0.657365276483219,0.144526151366632,0.756283473182769,0.16932151465723
0.920088859998366,0.141076385818884,0.936852487193012,0.150719892472073,0.474624691251358,0.126902608520735,0.236471796839838,0.15895214612871,0.335015452711644,0.139065969173931,-0.916881079215286,0.0192356617176424,1,0.999999999959127,0.0222710428859746,0.28178509671477,0.437829370544753,0.141975763005702,0.785768039993981,0.123829418617756,0.830190583935181,0.139423181485896,0.639561974140285,0.167741026620897,0.743878763457667,0.202015497829083
1.11461033072286,0.155996071231025,1.24414557309741,0.188251143726778,0.85666505285831,0.215263855581553,0.494135800298593,0.309407043038223,0.580752497276043,0.255362744518246,-0.890612501265814,0.0249863409434779,1,0.892611341820762,0.167512869951511,0.36172977194541,0.899843010293908,0.134001028791558,0.438735084498412,0.162473044348735,0.834757886147381,0.138354734820705,0.853916976195422,0.156150606340326,0.906177101284998,0.17036382343452
0.780367203076985,0.110669383886273,0.845859794265404,0.143061420792595,0.356396314724569,0.0828683086256125,0.477426365362057,0.263511352924797,0.248466493606454,0.10820208626051,-0.848107697093774,0.0286716005346282,1,0.602348772303168,-0.0937932314022422,0.25797704216874,0.483585162537668,0.126079498040118,0.307139008666988,0.131079850179963,0.694680822351746,0.119486568596008,0.673021051364038,0.150407808903266,0.591879053525901,0.18760315371176
1.03893669968172,0.135627811000607,1.08476534761176,0.161081180031636,0.411066061180833,0.0928226653712276,0.531935547761322,0.318767316436527,0.386763596066543,0.13898259370133,-0.899729755405761,0.0206495661884264,1,0.827104286874726,0.231370173218501,0.311377576246271,0.571840240407611,0.132077745181701,0.888651596751636,0.110219098478329,0.612607887221218,0.131338550919698,0.618710978785137,0.144600700881752,0.633811852689619,0.174049556495843
1.16249704384071,0.160976149347236,1.15903394315554,0.161096405413831,0.602543918859423,0.144044522301716,0.548598845834144,0.271348516179,0.574939038832469,0.191544794001925,-0.922512667315255,0.0170795940628491,1,0.999999999883441,-0.0170612356469781,0.342334471534048,0.806167483008281,0.117629835185569,0.831988773572839,0.126415954137265,0.675331244622513,0.136271045169442,0.795748483572432,0.151603508369191,0.856273834660215,0.180638990122168
1.2427818556785,0.167542185043906,1.11249265016763,0.178759147607666,0.634520517157309,0.160674110801053,0.95276634344863,0.451708854509305,0.767004230614195,0.239084119166395,-0.92363221964648,0.0158871502999704,1,0.986465090934665,0.317863037063498,0.322209702081431,0.664504240314269,0.141012606960191,0.923265483506615,0.119559451390091,0.555746430035143,0.157912122519451,0.592309038930175,0.153828883236924,0.770894180042158,0.15573884322558
1.09925274173942,0.192229483312149,1.0560006574875,0.205916974315116,0.873768046953187,0.237829171978572,0.795543852635381,0.423419325590024,0.833739046933814,0.28965617726,-0.911549017298303,0.0228426941806215,1,0.999999999999477,0.0773590230169269,0.429184672696211,0.920680141555473,0.117109136878583,0.543448267993946,0.165536420220848,0.726452889871603,0.177123134205611,0.799231565257674,0.160531400212937,0.42105474592259,0.225625393474751
0.879168071853839,0.122569426169838,0.890578980537762,0.139452505908934,0.307132726550086,0.0775367681820254,0.384111225764062,0.191618289202832,0.343472164909152,0.110634242230245,-0.866054669295494,0.0284136627274218,1,0.999999999999864,-0.228724186882817,0.301762965490432,0.626445120331607,0.122166694547869,0.516671396494773,0.119410909134914,0.657797152806739,0.133300637356808,0.508279301341192,0.149043923542269,0.516915470507859,0.16807737366065
1.09548600643766,0.1443227191136,1.312552254366,0.203691500983601,0.555896658481382,0.142878129568468,0.701159529926928,0.341462502291025,0.509355110771517,0.18162317881471,-0.923014793964993,0.0180568170584191,1,0.815859201131758,-0.30890869934742,0.346971435596413,0.78861771051927,0.124199988621078,0.769276468466534,0.12409356641086,0.609716885779181,0.132845732913902,0.874719282453525,0.150950161208825,0.548634185685154,0.199507342439647
0.70895299506592,0.104582827014283,1.06709831302021,0.133380626549785,0.324893429624701,0.0819283565237046,0.118881352939656,0.0951161929034267,0.196529311928475,0.088202082910228,-0.851152241254262,0.0278598671888498,1,0.999999999638701,-0.587523210788574,0.244449673455766,0.487126637687887,0.13473143534906,0.457163503449122,0.11386515892715,0.668077488336339,0.117751416335017,0.734631016567973,0.135841984619539,0.665102997540083,0.172255573784179
0.833640585511973,0.126926194994323,0.82004468533598,0.145128490622737,0.44330221425093,0.106766475770197,0.223454203437512,0.156173191785748,0.314734400991461,0.131969581482279,-0.895652341839699,0.0233906212462391,1,0.999999999999632,-0.212011795297598,0.298033290315395,0.692639299259492,0.126432795968737,0.445211622602701,0.127418168669239,0.584972516433355,0.123352224579463,0.454610042762849,0.163949268149833,0.857962094378285,0.146786176199086
1.17410690096107,0.167267576728745,1.15876873015619,0.203156165079607,0.689371606274718,0.185730076838426,0.665588992138311,0.396264480582516,0.487295067128278,0.217496034607809,-0.909035512047639,0.0229139678067191,1,0.719386450623809,0.130478715340485,0.327456205968555,0.757462189696378,0.136787231196953,0.707288479489701,0.153286719082284,0.589496098871909,0.167340468579209,0.754148390882458,0.16994911238988,0.948174285462146,0.167420591582855
0.848379121013986,0.152108386546314,1.03874862952445,0.194360936073193,0.791388751610746,0.211165447732254,0.586658389871454,0.361225826736352,0.681377172176766,0.271514317446966,-0.919489920447354,0.0198603494996011,1,0.999999999979824,-0.763880008190835,0.327259968691301,0.847759241685284,0.126226973724008,0.939912439924745,0.121507994002818,0.910946413986023,0.142817526839092,0.63308380870271,0.198248279742637,0.78927144428142,0.203491744107358
1.05787495924095,0.15965850716678,1.18521218338877,0.188412052522732,0.688027458368613,0.172494971190395,0.627455306710383,0.395848754323436,0.55426661930382,0.239171224560503,-0.925494982486156,0.0180060545776424,1,0.843576436730715,-0.0376791808084237,0.41713597661959,0.552680282779888,0.167511919591598,0.83070101951501,0.13212013437354,0.772956772649654,0.143313895466538,0.579417655804808,0.172913908594172,0.907847348255553,0.146881099479389
0.941450229418157,0.131282413994637,0.925169768057966,0.175576856700573,0.619185889671995,0.158384507929973,0.742321811562068,0.351610432771472,0.659514357948713,0.205742787558978,-0.880733415198274,0.0261310896211292,1,0.972786687243714,0.3838272096164,0.315421602567057,0.494517487706991,0.127949960987702,0.645458400904764,0.127815726534754,0.604217278224467,0.149983203434222,0.62099997002815,0.178044248921457,0.818270125985847,0.177695955644083
0.79763925104568,0.122030446125568,0.583952389137326,0.151448278709802,0.4247825171416,0.101996487969773,0.873394116505496,0.312744563774028,0.54537790877615,0.154391084256301,-0.879177581252599,0.0222788247690375,1,0.895383514935402,-0.153177211648943,0.297127492298102,0.684984510492112,0.121352925601296,0.649017170645742,0.119993906271774,0.731146161427144,0.121390213171103,0.871355014656579,0.150129252473479,0.784229555864008,0.178153011521432
0.87584550097579,0.125972712383547,0.779845701374549,0.189636411250802,0.529216613775944,0.121021799594586,1.00958287537613,0.416096305780388,0.730950087550901,0.21048155406226,-0.922273464865953,0.0163277694404527,1,0.999999999867051,-0.0294203413258848,0.328032909755883,0.620324109844199,0.129730992644645,0.734195866082289,0.115771184243984,0.833479386607639,0.122485873071909,0.822031244001502,0.141432933712845,0.928410733407785,0.210060652043804
1.08372518014986,0.156225351110489,1.09389349519415,0.178570391295274,0.758093610019625,0.179116208363107,0.61741329683601,0.304856440129741,0.684146968903913,0.226438782456263,-0.887780933128269,0.0231206767334195,1,0.999999999987057,-0.148868259513232,0.368792337121403,0.793344582255607,0.127612085427992,0.547353220798873,0.129273212104442,0.781142450454387,0.12616411283852,0.609511483161773,0.176690053392396,0.726214694494621,0.167030581109643
0.923610039117797,0.142305800462032,0.946075631097238,0.178500186838964,0.526402622255471,0.150131188020823,0.91324190731291,0.401267735517032,0.388829066389976,0.174687599091999,-0.859952060990161,0.0317105602302954,1,0.560798423836245,-0.227892395870833,0.313984046760323,0.612342315341358,0.133572175870611,0.539208698234638,0.138721765315508,0.50381818135529,0.13911459983217,0.683018088264124,0.163150847996304,0.465128382884361,0.202639968105553
0.835382490856586,0.114350017998391,0.80453060165573,0.14274174436616,0.424363772198492,0.0946315886205734,0.414360574123271,0.250831068878195,0.419332344081401,0.129455276286193,-0.874369517643441,0.023004293432436,1,0.999999995756127,-0.175057168441616,0.2980980020504,0.684172126665931,0.110795283918975,0.630194380538089,0.11164527906827,0.742301881926887,0.12227480235239,0.517971891718212,0.159976216574053,0.31230013968007,0.227409885549896
0.9856006604824,0.121484351104571,1.06777866790708,0.151818705747684,0.463058447706249,0.114420831515668,0.700071918637832,0.260384743690636,0.569362991341835,0.15558667990354,-0.893436607511693,0.0219826784098192,1,0.99999999997309,-0.017798872846368,0.250162237689739,0.655744386548321,0.131660222143728,0.666038091842504,0.120703233537491,1.05593514573549,0.113449637370286,0.721920881128278,0.175326827329564,0.720800365385071,0.194032132930213
0.825002655817437,0.159743324340209,1.09994336699024,0.19826302747787,0.951246246677306,0.270730446187343,1.04266705759312,0.439263172934785,0.995908191083659,0.313106267963392,-0.914062895878477,0.0230299305529665,1,0.99999999999899,-0.460169230475925,0.35871263217537,0.802256633275149,0.136262493808584,0.875089154640597,0.145170240644496,0.467042601973947,0.17971746706288,0.909603334572711,0.176847221870122,0.785261559435989,0.231301936620432
0.768692665551817,0.119717253156744,0.944178873287926,0.149029467801393,0.458123127416683,0.103569428073207,0.396298710736629,0.23383664501264,0.426091075547717,0.146184187664684,-0.882864278874637,0.0261754614491102,1,0.999999999745381,-0.408441385319397,0.311416180929315,0.632955608111779,0.125648070498064,0.560852704243041,0.131466942758937,0.573278665289557,0.129367078423535,0.706676336383657,0.130587151091906,0.841392005938637,0.136349304212335
1.14289989569126,0.142460624106409,1.21510385811996,0.17509783676507,0.737348796371095,0.186022285876264,0.78725457162588,0.405300500571058,0.659705474851982,0.222970186273946,-0.889956779259561,0.0252317517610844,1,0.865876603299444,0.202331947119335,0.350798953893313,0.629267682643114,0.152224687848724,0.686007173616445,0.135203483289438,0.879396338581029,0.123677414438944,0.748734559824303,0.164752770113859,0.914128424512289,0.159314447684598
0.906284797942675,0.129643071932593,0.916350820376835,0.144941392325175,0.443586046626644,0.10659390003722,0.173069289231192,0.147874698536062,0.26434914966276,0.122618172091688,-0.886499461214626,0.022139326341626,1,0.954067219668997,-0.154545293108975,0.271684278970863,0.658494615988816,0.130412382766214,0.620047415997828,0.120282201233854,0.507229730620092,0.135483870225603,0.584624951262288,0.160592003191097,0.762049602751782,0.177205062313199
0.770776867094903,0.112101125425535,0.788891855459479,0.138434864842838,0.311245123936283,0.0757985163783372,0.495599712989841,0.284647592576722,0.280903400406674,0.116415305324291,-0.832453444162443,0.0339894688401765,1,0.71522089733783,-0.245641346030789,0.251999340941351,0.585430394738258,0.117432574116892,0.491491325414926,0.128483095244801,0.735175414504097,0.124855889846687,0.556227568781961,0.156846763080743,0.144385189305918,0.253965322875799
1.15346263108652,0.14432078940847,0.900366871812406,0.199981819667567,0.672096774993692,0.173737485764969,1.19317610639064,0.505021406012187,0.895505337896424,0.275735353612816,-0.927054816320068,0.0160319436804716,1,0.999999998189562,0.109955382150364,0.37091863600055,0.9203284786652,0.139310106733783,0.797022982285821,0.127567185107954,0.812556838340874,0.13664235658759,0.904724131654686,0.136415615483226,0.549455340405069,0.214928789057617
0.918431434886507,0.134062219872072,1.16676955793016,0.188803767183404,0.482270989042494,0.119077921976274,0.485105971493598,0.233473874676727,0.443060764242084,0.15240831081661,-0.925609674859116,0.0166293361208695,1,0.916008308875226,-0.124509785869297,0.333429746784497,0.559431936081505,0.142824961197636,0.757517714325448,0.127749718489437,0.948957101008532,0.123399652625778,0.615471653641318,0.173569517414953,0.672208191141099,0.212450136786329
1.08573229121763,0.133761906492365,0.771726321564994,0.170264006364215,0.505968357358087,0.118462474531542,1.04196088763208,0.402757228265286,0.630718515482293,0.192527963270947,-0.881332526330754,0.0248357070145093,1,0.868656738847415,0.280693026568956,0.287275562497906,0.749208659706015,0.124829912053674,0.650504784169031,0.126690039507233,0.616230573133637,0.132463662675776,0.676178013803331,0.139153381097928,0.74194336208707,0.18404180747998
0.969519757886471,0.113950767884292,0.791004881539495,0.12689689081911,0.325366787129097,0.0714505175088368,0.0526395016285,0.146355716043775,0.108465178634428,0.0778780544032582,-0.870231233106395,0.0226153684014065,1,0.828796373273205,0.109293711092698,0.316684770222934,0.703772095613392,0.118359045309199,0.647778363747682,0.11719382486627,0.506102308025827,0.145093083269533,0.563521649493472,0.142962309592334,0.703117352805881,0.148824764919132
1.2109482109075,0.163801878990585,1.29220801598149,0.176793508081316,0.610236316534628,0.154834426693734,0.485711090071337,0.261044909821671,0.501787740446912,0.172564088653696,-0.916838254192934,0.020490292115413,1,0.921683922172016,0.106162451059698,0.365656309267168,0.658592074411843,0.157355526087191,0.875598050066876,0.136951871155155,0.760281614170771,0.142162630343482,0.400402521283289,0.180929196117907,0.875964386418036,0.150303715390485
1.11543854211893,0.153807413844665,0.911239712624558,0.18189829076647,0.812296475822268,0.198152121155072,0.84278938866819,0.491222705491022,0.795994676506804,0.288481822074436,-0.921872199606948,0.0190010903898017,1,0.962040486551874,0.278816098426587,0.343968615420049,0.699776493762607,0.138211450158406,0.770917168331406,0.143500726275192,0.698668032998191,0.154557324235777,0.919522666333949,0.148964162459686,0.822230693297454,0.174732139173871
1.13536905470599,0.17687630227384,1.30233565532353,0.174497454281608,0.878105311184767,0.203918081532626,0.718330837764704,0.328876497505391,0.79421037736311,0.241914244939916,-0.901747088465444,0.0200054076904972,1,0.999999999748137,0.476709259113123,0.397243911696336,0.392946643172476,0.153045153610303,0.752409675101162,0.129235635046957,0.739837817546359,0.135265694707604,0.803373083841997,0.145316053101941,0.692855403624132,0.158941696421065
0.968498861753715,0.15255401380698,0.966406306445996,0.184139276883624,0.624637115799778,0.171674300060534,0.63995092061682,0.337492000059447,0.487041946599866,0.217505768525619,-0.926789277113925,0.0179235948247148,1,0.770334128905013,-0.42188890731201,0.322761048051922,0.870139288437823,0.121752110746006,0.661203554863544,0.137008568973055,0.652288198325386,0.148944270941791,0.719257555628401,0.153579569656553,0.761157367772296,0.18242229095466
1.0197288321894,0.133462753631719,0.840387969818207,0.15902718750103,0.449703328896169,0.107783049886211,0.325550319058255,0.184360655137393,0.382623917442231,0.139359022305016,-0.909867800844742,0.0192161852256604,1,0.999999999983375,0.0438954356734726,0.286361889539394,0.737519691753075,0.114104556891604,0.769911020209121,0.106364972628546,0.623792632952932,0.141397446971589,0.678479254589619,0.156208452996414,0.668250798947273,0.176439747011392
0.928866444973068,0.153929962137342,1.07079459659014,0.162419439583897,0.736031631911713,0.158102165621214,0.321968172104287,0.21143629543445,0.45584426063385,0.160026858858222,-0.885641976831526,0.0224382979934428,1,0.936400809744617,-0.784749420956691,0.389951056515186,0.733532576460023,0.136761947655452,0.779996327563323,0.116636014662356,0.768124053697602,0.112225279395245,0.681974387379339,0.118045241047356,0.749448670875026,0.178915390873168
1.11373373993121,0.166488357725697,1.3207670904898,0.219368781456206,0.634118005178039,0.16831116015725,0.824339266426293,0.342525190748866,0.339659793232743,0.185950098852185,-0.913054335840409,0.0200675619439509,1,0.469792527688899,0.0598316048239029,0.370466838524429,0.81438149808265,0.141813320526176,0.776636354302154,0.132110167236569,0.763100190813977,0.150817391018545,0.907616866037705,0.154747266341438,0.978890758596547,0.168489571053478
1.03566754367513,0.131253250032475,0.848776157365913,0.131623591209694,0.467700997909135,0.10667152102136,0.219555846377115,0.192684116968245,0.264774760358731,0.102399891458236,-0.867609905951249,0.024891205307874,1,0.826266095092087,0.416059223577702,0.271740521137204,0.492188634182875,0.136020899169602,0.613602955997313,0.136397085183134,0.571693802081484,0.128399348513278,0.720349406125088,0.141043896289037,0.736696790852879,0.154201724168934
0.966667149295948,0.127760449953866,1.1936910277295,0.161490029460914,0.496538772231021,0.107087146863691,0.751549149929466,0.302806325397035,0.594023988354635,0.167655315067852,-0.892389123637926,0.0195042813493043,1,0.972408410334072,-0.399756856581725,0.303190426202019,0.556265577225694,0.140870338866675,0.798311170735519,0.107551670542325,0.705799650381666,0.117204933501449,0.43420222167249,0.141072123292495,0.721987655398662,0.131595913108487
0.935337818594553,0.137932243021294,0.799046381779061,0.156381254458645,0.382887014722578,0.101171237088534,0.57205278186173,0.258958802791975,0.430276163955756,0.148481474968056,-0.896891817327997,0.0218609164032712,1,0.919377599906797,-0.059899611724376,0.269974197894489,0.681204300629253,0.117964019287252,0.74004628187549,0.119798879399486,0.436724943451931,0.154849927687073,0.531319926114757,0.163525578385306,0.816067934895011,0.161351751365232
0.922505078484535,0.124899591599239,1.08943960620461,0.156326101623977,0.505365583293744,0.125185172962123,0.339056726560346,0.282241819768221,0.407227174640626,0.162543073920819,-0.88425970712945,0.026195546844726,1,0.983779430404454,0.517379592411933,0.340364478295534,0.376062168867689,0.155277192553862,0.497748804743918,0.141112398234793,0.746528787469201,0.125597868216908,0.536379376114923,0.16833040146115,0.465860969151222,0.169338941624259
1.21947798240088,0.172680746694994,0.934173801241511,0.181549602615316,0.565681566003016,0.171957005763514,0.534920617675043,0.311658688337213,0.473109238824133,0.188515784007966,-0.897356990476708,0.0255931432738589,1,0.860063955221802,0.273302211449419,0.328711935854069,0.800303785219209,0.131462717078119,0.722705521078378,0.154942616434028,0.640146092516047,0.171204617315492,0.674456328402809,0.163933156863113,0.445076149651802,0.235329168880442
1.08070307447172,0.156070405480951,1.12813256707467,0.19078912761026,0.535334420992928,0.161161489167056,0.465881435800983,0.302606001539924,0.390784420239654,0.166461804020645,-0.888148351586671,0.028937795547746,1,0.782504698734993,0.33950164960634,0.347210233964433,0.58716492891866,0.160393774649293,0.6838567157244,0.137088820861333,0.440593726721688,0.16534712419602,0.702263808623852,0.178629017344749,0.652970756612246,0.191725804210424
0.907972106063959,0.122944880323505,1.06691756767559,0.151404911423292,0.320032569036234,0.0844934700290557,0.409166809149005,0.238890363717942,0.361865588524876,0.117580153984777,-0.873467719342078,0.029957967095853,1,0.999999996418924,-0.142400836790237,0.25719156074105,0.706069680197005,0.132100222842754,0.534969791706516,0.148052059207592,0.514689295216083,0.142036861889361,0.533217827910571,0.152004178361645,0.916408557184478,0.162977034139713
1.00898472565737,0.131506620936406,1.06154915666132,0.158379249782884,0.449350239971236,0.121718169691827,0.702108281628254,0.318035482604734,0.561687212444163,0.181033578265249,-0.884927808706057,0.0254541735541039,1,0.999999999663773,0.190269503486234,0.263133195412338,0.557863068021937,0.134347003212111,0.729970934702022,0.117648564326555,0.564017339473995,0.144205238909747,0.808847549882025,0.14651216182125,0.501792540443321,0.196662094737012
0.588941065935934,0.0989916023328264,0.545831690464851,0.111087342059593,0.349694082163776,0.0856721031213889,0.148109296239847,0.129409361452429,0.227580632679424,0.11303246583921,-0.847083354891048,0.0310980062770084,1,0.999999999635577,0.195406306957311,0.233322071700722,0.296922303286476,0.12472527012049,0.431712335158061,0.123215770775777,0.518369980554845,0.130326330992967,0.636333977779621,0.150259972757817,0.604761579549508,0.198267035010625
1.18093764045616,0.172485918862185,0.989431240391593,0.163298524875003,0.844727125953618,0.21311121512998,0.64254673787376,0.346119075103897,0.687109811523015,0.21908703838258,-0.88518978440868,0.0266715631240559,1,0.932643286271654,0.0368264421417487,0.357080850412377,0.932500369091441,0.126151454032578,0.731158545135761,0.135127602279186,0.826772812335068,0.144172437141316,0.77034691179761,0.164640510769156,0.476102844816549,0.218572154672958
0.98296561948665,0.151896266137299,1.02196999260761,0.165316809158529,0.674815171524564,0.171416237371408,0.481750398093407,0.300423724747245,0.285718047510912,0.154861945053569,-0.885743932587604,0.0249005865620076,1,0.501111320065412,-0.446290598856649,0.402649154240773,0.80533209104303,0.126979958528988,0.788024802939618,0.125792204537254,0.470538748134818,0.166828103349709,0.66204801819086,0.162316381376017,0.688900584777112,0.175630138365088
0.860519621029259,0.131973051790497,1.03180692832787,0.170073517708221,0.512342137314941,0.119420713879813,0.586750300963022,0.256667274234914,0.548285421335817,0.16328729538403,-0.877925328708015,0.0266753338436942,1,0.999999999973079,0.145114081145915,0.295408408721204,0.429512592879792,0.140806255640401,0.536398880415938,0.134515486380233,0.621328128947151,0.125870189660738,0.805781790495541,0.135142729223656,0.846325756227197,0.190245939184704
0.831360829101698,0.146389389414358,1.21056730551279,0.200301476121373,0.591388991925776,0.155116754995045,1.03228540786227,0.385997056898914,0.674310403435622,0.208524753552959,-0.903779771725981,0.0229936693392754,1,0.86302494302905,-0.672277010872621,0.370739904878485,0.776448219847846,0.150580547269466,0.553394732871304,0.151611481754009,0.805411148338293,0.126800623644778,0.790618588398853,0.139831630789875,0.938888077650274,0.168366888977808
0.964116668873599,0.141140040063595,1.18148234354886,0.184415887378306,0.522121660862921,0.147686348787233,0.615189085949967,0.366903055631554,0.505804765630793,0.195884394227705,-0.895541375508994,0.0254390211375832,1,0.89246819993412,0.0388665851013088,0.331090537694306,0.633044980144966,0.144059303654315,0.655541333795731,0.132712853900011,0.748486565569249,0.152723506797685,0.726319892899709,0.155230253571595,0.454871168040041,0.226517580180327
1.16481543869702,0.177245698096744,0.997094766161043,0.225865301664732,0.632747095688256,0.18809732547551,1.44968936237713,0.727343410318528,0.454718547204662,0.236615072127995,-0.893018761665468,0.0296113149622539,1,0.474777481577857,0.175238417523678,0.352859886193764,0.81556018321028,0.144606799392899,0.880919478224782,0.1392205982621,0.631973667701782,0.16729532671191,0.858152154319958,0.164979982192538,0.616381174381581,0.19628184529493
1.00891589920939,0.148040349536101,0.958943554966455,0.143986012579438,0.513817475513608,0.128366608324314,0.500749118404104,0.302944776546076,0.417162747937858,0.148905519512619,-0.900084906111817,0.0240862255592227,1,0.822414932924988,-0.0188689086107283,0.304266703132401,0.510027648301509,0.164686905002365,0.703602129385075,0.123943406434186,0.760530027993763,0.118070028569098,0.589423251756231,0.171004449044678,0.688534429592134,0.189120754064363
1.16903271023278,0.171097868972418,0.969786398290087,0.197780010164041,0.672044570193557,0.182057068640349,1.01972629166956,0.495501850386128,0.62129152717255,0.241330756469392,-0.885926124328641,0.027091992991978,1,0.750506718308382,0.49001761228711,0.326124126305673,0.718529582274796,0.141138184762579,0.783006256320965,0.150228675938034,0.604257198549093,0.154391522391757,0.857645530487195,0.171981595757263,0.93904675126869,0.183050742302158
1.19922879230801,0.133328065970504,1.04763614038155,0.151417295716591,0.529604397352176,0.118119713328475,0.199575669003305,0.146186516984511,0.32510944604619,0.1369359542519,-0.885266401239721,0.0210590527441178,1,0.999999999999089,0.352656267877059,0.325848881424998,0.613116964920162,0.140015921008534,0.852753648362416,0.111328804323539,0.408919949961529,0.139299966443154,0.749021457928999,0.139051046077475,0.779863558276254,0.166027270406289
1.04128978618021,0.141847155253229,1.12059598136715,0.192545242829093,0.434651150365919,0.120984647346382,0.806123319375383,0.366543061998998,0.591931100611698,0.19717020446766,-0.890516869659327,0.026267561657692,1,0.999999999669038,0.193398081614357,0.287179168526086,0.540252392944185,0.146635631399945,0.569260732451193,0.153587864257634,0.420345457673262,0.159420320845456,0.857359263154455,0.146190099420731,0.621112306277171,0.171437558119832
0.84416958659781,0.153932038619962,0.847347682150234,0.175101330607655,0.754766573397617,0.187237480145551,0.54536813136168,0.341878112760395,0.512642821997167,0.213616127401641,-0.885112157605915,0.0251241690079756,1,0.799031082017934,-0.116998370927349,0.360152226921034,0.581243793987484,0.130901937882435,0.644331022934717,0.132296368994267,0.798587043316615,0.139868961903435,0.369430831111256,0.181933884952853,1.01775168801124,0.171231781161451
1.06367828241317,0.165938775020317,0.871690338367555,0.189644623450295,0.941583629909695,0.238806108944136,0.892142535259975,0.501688443973405,0.786721130809717,0.287387134907425,-0.907881397068973,0.0200193284372932,1,0.858369430472737,0.0170120955304719,0.360734880055915,0.860927156884575,0.112507209457866,0.622047884707397,0.143658403194347,0.830136330150608,0.142611155086305,0.945364001892573,0.164380689574454,0.732273253376282,0.190376911582223
1.15125541352317,0.18862459024437,1.24669431614612,0.24206934791911,0.688577961648629,0.20970896819195,0.970792145883023,0.548637813618374,0.601848359674786,0.256672718023701,-0.929446330561472,0.0192822429212564,1,0.736117927659698,-0.214983258973055,0.338138214857877,0.799793234986238,0.158507174522842,0.792721716298406,0.156788585567243,0.715525829178572,0.164935426601454,0.84114803190862,0.16853198222824,0.614377875405259,0.213808734286244
1.27389094927255,0.184165119032875,1.12659302133231,0.203876032573609,0.523991983179733,0.14224697399654,1.56261076018032,0.683068901276073,0.778420536395203,0.263147193180176,-0.924758700832413,0.0188548094879118,1,0.860253718341959,0.609299377425145,0.388682766318091,0.636430889787683,0.13350872436938,0.709319380577041,0.13919629077489,0.881411003669533,0.135879768815232,0.96777502616096,0.172859589970557,0.888081046911142,0.200162244103101
1.05127159504303,0.159856047946339,1.0214357275793,0.195573194632286,0.676029784088778,0.170877386742902,0.806622791499235,0.340990547731728,0.705330464846428,0.210438719144185,-0.914216649288012,0.0200592593789654,1,0.955156384132908,0.115443391685532,0.366670498040888,0.772177039398495,0.13956062243215,0.636455341592076,0.126419434905637,0.689412987836075,0.135726693376767,0.553508373295836,0.1588775388814,0.77317366895735,0.194069786700855
0.937198502767758,0.144015748513399,0.674474997694861,0.179158161122763,0.652996954717954,0.15923893371363,0.886148917201564,0.382526277470844,0.760692147708543,0.236499568557313,-0.881137446585125,0.025640625327485,1,0.99999999933138,0.228281024812,0.332827036905257,0.511642633137776,0.151211392393373,0.659543137955059,0.123275587935069,0.757351234879271,0.11997095172161,0.666037758388826,0.146956895010512,0.919220939103966,0.175892964570097
1.15939581479742,0.135587745123932,0.94937566079461,0.183326536183831,0.541026584296276,0.136129108603897,0.691070859522059,0.302734220746836,0.61146357751939,0.189141457891538,-0.872570658004916,0.0289684553787032,1,0.99999999999853,0.136831769564056,0.29959971712917,0.6513485834321,0.134437417000015,0.834450285061485,0.122598663853443,0.692184127647463,0.164594357403013,0.673730996483082,0.153055474913431,0.413657808749754,0.192386950157495
1.2169314734098,0.160734009061866,0.938336305201186,0.16974294104436,0.670440280968404,0.160853224047477,0.500730699548201,0.287421125818694,0.548189667432838,0.193471227669127,-0.908688043872267,0.0195661328696594,1,0.946125366478109,0.347980317965522,0.308713587388515,0.65195575865487,0.129566894354289,0.908856707371882,0.115215250401417,0.673916912393968,0.15185352512538,0.798342786178186,0.144857934692941,0.822468252571186,0.155893901380953
0.866657932749737,0.114115565339092,1.11226006566849,0.155717755743587,0.498637383582989,0.116865902981058,0.49448908976825,0.261199693357386,0.49655890479601,0.172211093202706,-0.859078824011917,0.0264800091313356,1,0.999999999999674,-0.22795386433824,0.285348833924493,0.474768464686449,0.111383103344883,0.636460813823108,0.118017048785623,0.665804108804594,0.13091361105348,0.529095748363523,0.15521794877688,0.743066030167557,0.171836673041175
1.03483995726485,0.121971730214543,1.18796585185512,0.190288039905223,0.520600916106343,0.114515459796204,0.753016710040855,0.412733333418048,0.574955295738821,0.185308622072178,-0.89639766636091,0.0190356524752502,1,0.918288842758773,0.17265587745791,0.293809336482322,0.666478256778271,0.132696130764513,0.553758836897567,0.125222572067995,0.630228342058495,0.122274256498041,0.770586152705768,0.140270980115113,0.563275013352696,0.178466262603292
1.09174057813829,0.151861719214401,0.931661760174964,0.159910016802907,0.606143992527818,0.164173329045591,0.515569094149536,0.350515657390798,0.559024860932513,0.202808523174952,-0.895478959362129,0.0233493549644139,1,0.999999497596702,0.524831800973741,0.334102641512317,0.576831507296921,0.143495140877608,0.922643110710745,0.128377361711583,0.467202408047417,0.155569686683305,0.852905207781982,0.17412902654104,0.99965201440342,0.187465723964247
0.808168203058651,0.137719658539603,1.00520296653205,0.173303214313301,0.490189155657449,0.127115366150048,0.632317771038682,0.267787056084102,0.407857769990498,0.139700874994217,-0.896716318546239,0.0220879289522927,1,0.732586981804119,-0.294720845298457,0.328434116457449,0.759137455795037,0.117924987357655,0.804536807986774,0.120611814634421,0.819871014493311,0.140260660453869,0.521984719175661,0.204780408820508,0.43569433399943,0.239320661001682
1.06060779356004,0.138593956987844,1.17760415553353,0.15284515470982,0.53918587662186,0.115713439753102,0.470216804865545,0.253250705378495,0.466886392381805,0.171291793179909,-0.898872027254969,0.021161752854448,1,0.927241561030382,-0.0207900057561067,0.321167118872502,0.566909814092183,0.12611801323866,0.714433866908089,0.112404033092774,0.714409882845076,0.130494075449653,0.657831189141368,0.1330510708359,0.772748777364387,0.15228956022375
NA,NA,NA,NA,NA,NA,NA,NA,NA,NA,NA,NA,99,NA,NA,NA,NA,NA,NA,NA,NA,NA,NA,NA,NA,NA
1.25100519507163,0.173149214725054,1.30297444370435,0.237115471469317,0.946393717814105,0.245036670944607,1.45753056527429,0.658912711787176,1.17447762821693,0.353259368154109,-0.915845380519956,0.0203110784332173,1,0.999999974149747,-0.376933410997584,0.267363473931838,0.883029407440775,0.14471492637127,0.661150480482609,0.152626032887584,0.777164639312771,0.166241199090984,0.663950170392137,0.17201442636765,0.75642590851115,0.190840071680313
1.01017802154197,0.146287840331641,0.996547131865467,0.161828215225996,0.68036503480767,0.161765311343273,0.664462291078533,0.293682377065251,0.672366648301282,0.206098203840199,-0.901203317605742,0.0226264339307888,1,0.999999999944555,-0.275917102039488,0.274772654563127,0.783422393746822,0.127918447997514,0.717934674633655,0.13894903469113,0.709177747839838,0.132740299361856,0.856962881974018,0.150593117336799,0.811332560571665,0.177390265488128
0.98261845374633,0.105758887219552,0.974885058187681,0.110494339586806,0.431697202691438,0.0792269181776815,0.292518214091226,0.112647908368805,0.355357981139375,0.088015037694633,-0.870697369828549,0.0229250821604624,1,0.999999999999901,0.0454612983519075,0.246312367071138,0.725934458240582,0.0989617203048724,0.650302264118733,0.100833118945952,0.547250841890649,0.13353285015687,0.687147926240899,0.149097815894901,0.552772379496921,0.189686434783409
0.96560151665201,0.13269612867359,0.876036640777462,0.139035912030135,0.448096778937666,0.103615558196645,0.557726729548852,0.238240928774099,0.499915543904966,0.152763133205081,-0.854887250999387,0.0265988857960976,1,0.999999999999037,-0.00391480188185131,0.320143542427826,0.582575804365701,0.105775518704913,0.826563242139591,0.105116789885467,0.640480887467494,0.129312517122088,0.616375743175321,0.160544763415992,0.703902078701828,0.192245191968637
0.976432667283068,0.141648263859227,0.863777829956382,0.13956349435069,0.615400535470804,0.135612478361561,0.180387002377037,0.145558065676033,0.333182019097234,0.148424987338945,-0.876270249759864,0.0259980642625195,1,0.999999999977066,0.287343982544238,0.321664063652837,0.595764835534832,0.133089418864961,0.631849768774474,0.134054565895451,0.62833667328551,0.136770957306417,0.728785259592661,0.134225792994987,0.589233757763059,0.186366943199408
0.783216591443324,0.134741127758942,0.901729921060571,0.177499339173521,0.529166866227514,0.140991909260286,0.746334978507134,0.456474946209067,0.565397843907619,0.22855504341594,-0.921629233042825,0.0175238893818927,1,0.899685929407097,-0.12751533512085,0.310464732926095,0.557258107734835,0.148762961321342,0.887359448107018,0.125111231979507,0.587809089625619,0.166808584680565,0.641101966111152,0.176753322595554,0.708335644263782,0.183531161226021
1.15723898218755,0.177182249823874,1.11213741439353,0.204113284945625,0.774101001090224,0.205785794362516,1.00819250813713,0.54016721873367,0.878232352176192,0.283737467577765,-0.922029756090095,0.0191155253810053,1,0.994120166851427,0.58693643594655,0.360358441563461,0.567902664552207,0.145273997102795,0.849186725574811,0.145153390343872,0.820328346219889,0.162099879975879,0.657929199889567,0.169193558363937,0.838102797751752,0.183908936297373
0.997121728893866,0.149080132789245,0.889898499293073,0.146062118650161,0.696612505626685,0.19200260472884,0.602116657278529,0.340486456227909,0.647643415242015,0.248809113294088,-0.899676142536949,0.0252723312738872,1,0.999999999999977,0.262579063403297,0.357417651361138,0.492749512279908,0.15776840841288,0.841142576489019,0.13850650537997,0.628554339839187,0.153805408265974,0.653885848480305,0.175062575936133,0.742528373860667,0.185958450405111
0.93201449842475,0.137736998353113,1.12566102873778,0.14095965034011,0.417972793702646,0.100624492237646,0.226166386139669,0.155476973737281,0.307459584743592,0.129386006103786,-0.899882324538756,0.0209129750722789,1,0.999999999969709,0.0271958433927225,0.30020338612756,0.648360519721401,0.124878521053726,0.596402125834462,0.124060036747839,0.593283907524914,0.138977778020225,0.582016876272686,0.150300629041218,0.592486599963823,0.19628279294171
1.05500793980248,0.164517818640971,1.20455839690566,0.176677278525679,0.68538452428774,0.172775642837328,0.758238527418731,0.320184504133282,0.72089177578921,0.220852891923907,-0.92374634525691,0.0188603807099898,1,0.999999999989414,0.175435729638109,0.303846731860144,0.669417085404837,0.119165869496742,0.710174158766786,0.148287088000208,0.75426850218981,0.139681657856854,0.851229885055602,0.165458141895968,0.710091961507488,0.182313307725896
0.999238257055005,0.134656363327063,1.02377730687432,0.151694130087839,0.442062253030206,0.104482798732165,0.479629142925538,0.254611735754593,0.460462744993172,0.161164284902061,-0.897516496920897,0.0210513990579335,1,0.999999999967072,-0.0894648141854746,0.2860206175595,0.53081139294869,0.12121379901249,0.646714858401717,0.110398506570788,0.588105228668209,0.134693102500521,0.519180427148379,0.151359274591023,0.596966773223412,0.160840016117707
0.86319635488826,0.147873241057281,1.06284299756885,0.145472904204673,0.660241092483428,0.151438897972715,0.212284271672492,0.172234005485496,0.310642624419823,0.160463850631345,-0.862239560453943,0.0297929660812151,1,0.829756880256931,-0.346628972607892,0.34986073368841,0.699266366405274,0.130224161194457,0.709746912101374,0.124906089122499,0.582035750175142,0.143572948468511,0.649389964236097,0.139483487646981,0.481706273798658,0.192066572445055
0.940729533169894,0.139122714887074,1.12462008918749,0.182933902221133,0.415373512816076,0.106104155706083,0.664699939645397,0.363302040590895,0.369409154474308,0.157511012207989,-0.869471399992251,0.0265426509912399,1,0.703032552009534,-0.132277847170934,0.318575732665878,0.727953387349827,0.125990502515605,0.638397840967174,0.133496714083576,0.644208051259049,0.141895109270072,0.632539863599595,0.161604497240608,0.768385020394026,0.177068355450423
1.37115934853945,0.178460277439155,1.01448830640882,0.198124737414229,0.626395592966054,0.153667448559801,0.879839126695566,0.427119060806466,0.510670562415094,0.222766482387377,-0.936956082488846,0.0137038250568221,1,0.687883419148754,0.271921319734014,0.440976776983316,0.840070234140804,0.129230187969026,0.875439722194679,0.122809313299058,0.741932582294237,0.145600021491862,0.745276538378539,0.153350652074274,0.702881299935575,0.154595708176395
0.92618066661207,0.146162762353097,1.14478278454715,0.168785063282741,0.635800227860309,0.162691771567602,0.434750956883438,0.319611598119836,0.518970825085746,0.187347255686947,-0.900379980691762,0.0232721578762536,1,0.98710267987344,-0.542189228831127,0.338055813522326,0.744670802051581,0.144803619662641,0.609007334092826,0.141637318993351,0.867126408788443,0.141419445915619,0.628452367426359,0.142551206735136,0.977066720698228,0.163954420749309
1.01999581824971,0.155855374902243,1.19728502019329,0.213742585548303,0.837442061510521,0.226722029327691,0.985194829570057,0.443685612758272,0.908319100824118,0.284381872807947,-0.937250921696348,0.0163622879904273,1,0.999999999913507,-0.15331981035239,0.280949860864403,0.936551170752729,0.123223700545614,0.772518117205136,0.153467299105222,0.950308559460604,0.138897393473304,0.701928146472082,0.172987638391121,1.04343144341196,0.184633211286842
0.940375171907523,0.123629206096721,0.902574203280944,0.146689814819301,0.505425464166361,0.112877263434628,0.652757692955908,0.338092111991405,0.561314498579319,0.175242065469113,-0.914028501997887,0.0168142149944774,1,0.977241049275141,-0.184626127369942,0.285239765877014,0.59692691773936,0.118682361894472,0.679697659002819,0.104023745869009,0.839773936223104,0.107860364275913,0.513469689426917,0.169299900942964,0.774804962837106,0.157526186299413
1.00064071767221,0.166771601418779,1.16766043926232,0.181287332997969,0.83923293379213,0.200684914746116,1.1042034830633,0.468447481423422,0.862288432299554,0.240945340583895,-0.923627944707579,0.0179230493166757,1,0.895749850701332,-0.164858592895285,0.416309353617538,0.688878531408298,0.14372623274882,0.76275992153654,0.134522042320192,0.812295127995717,0.139054675959784,0.750420597297861,0.147030017510635,0.907064426724271,0.166936159053756
1.05942635087727,0.138715080551193,1.03371290241081,0.160826535989564,0.541813066083955,0.13828299211581,0.611159083636854,0.309496414525176,0.540951093565908,0.169058724608968,-0.897636837797017,0.0221828542206522,1,0.940061205442033,0.322963612403645,0.321751264532067,0.544651661088092,0.141498280912025,0.699730544605983,0.131118997112295,0.795508719790121,0.112294399929379,0.915108573147243,0.148018953951923,0.856754930639384,0.204407265144732
1.18857464898103,0.142367388622239,1.1404904073592,0.170707189427443,0.556314721517016,0.130519489634256,0.254532592389899,0.180598750411502,0.376298057025257,0.159817883503803,-0.896749311334058,0.0214218958402976,1,0.999999998123566,0.706551219440373,0.316839721679551,0.705568961745205,0.129699835048159,0.605101348556398,0.130907871845407,0.532243881644089,0.134388308729699,0.778469871741448,0.14496578439271,0.801093083913068,0.146325149449796
1.10200895213041,0.137163079983124,1.01869859051696,0.136837863396483,0.489573041833465,0.116916475664169,0.370585131366629,0.19064921348037,0.408554790951793,0.147484038638113,-0.850308766124354,0.0292269825100471,1,0.95917436803642,0.222289372590107,0.355888463493681,0.73740108917952,0.135548322131168,0.662097732330238,0.109498617004533,0.596039254172836,0.128210787314534,0.525297719022241,0.166021445722495,0.305980268025515,0.215424086674955
1.03490670729903,0.12748386283833,1.11044140679558,0.162168680369882,0.482298115703016,0.120394080071746,0.415204169430357,0.311494990494441,0.182323711658578,0.130546881320361,-0.887905558768289,0.0250718213141445,1,0.407431420257429,0.443734837166716,0.333258509849194,0.552486343077165,0.136918924163773,0.683299225763318,0.127332639900913,0.641991752515373,0.143279254252298,0.722802966969942,0.118443760890696,0.656975291940318,0.175336101595573
0.984610834357377,0.127263244604754,0.926848826248324,0.152435133276586,0.315203352818354,0.0829453215752163,0.145387167075321,0.122666258752344,0.21407130241766,0.105189080246107,-0.882776482203804,0.0257130004447449,1,0.999999999998797,-0.182772646455637,0.319474406126835,0.734721644113613,0.132825687579051,0.632500879811168,0.117295696177879,0.451189499054619,0.144995159522068,0.682516593803984,0.142917894617375,0.544627318773289,0.177648249074432
1.16644827784027,0.168925658850385,0.904841598617411,0.203526836410946,0.709315657898469,0.180272473622285,1.00512901087713,0.493308666782738,0.719088947692292,0.227868323060382,-0.898812538772627,0.0223846952725976,1,0.85163193058871,0.338056541183899,0.34324485912584,0.625550159035569,0.141365518543687,0.842490454982528,0.121218338874593,0.707058485913438,0.130656726816535,0.881515215899285,0.144256353167061,0.939426127594037,0.182705115000794
0.827548467070631,0.107924830981348,0.916236219537143,0.135178367792273,0.379757060004292,0.0775814314071953,0.381336819437242,0.162094975577275,0.380546119706273,0.101248816883727,-0.853132586131499,0.0280777810444352,1,0.999999999318534,-0.195328281029089,0.283967348715025,0.487369587172534,0.124221027935859,0.650057487628323,0.106255186754325,0.69929958372026,0.116240482371668,0.743240935244755,0.150957952757333,0.620472067242054,0.204448667064693
1.0921397800458,0.146944854641395,1.14660359764697,0.193865788812603,0.664750207203684,0.165539454028577,1.0043913976746,0.439867670617344,0.755799717224593,0.228809929224788,-0.89577746179601,0.0243891089115103,1,0.924966474934595,0.392532651467518,0.346797394468605,0.617228926312517,0.139532894021202,0.682860190262588,0.136754304761047,0.724451415769135,0.154909115259068,0.727814360122346,0.159871181428931,0.659568463724309,0.191010490129475
0.829757979406826,0.134697391152709,0.794344949577123,0.128006077525105,0.470452908492852,0.0948406677209378,0.18505356505835,0.115565263502865,0.295057600940991,0.100611223972575,-0.903655619845308,0.0187725120640203,1,0.999999999795432,-0.039209742412764,0.326782189742088,0.532128045646002,0.118801982289364,0.584799317359728,0.120875495616486,0.533136605717047,0.134788935175714,0.739402812695113,0.137702633050026,0.750088367756718,0.147986263620409
1.09922656829922,0.138315256204924,0.969526815157541,0.166283279116176,0.683516553514509,0.166918560147003,0.538005610501264,0.342368093039196,0.518977863888276,0.193826106686923,-0.895705765469267,0.0229832413367455,1,0.855817008513031,0.247357901758749,0.347965444413173,0.634032106266747,0.129810938267885,0.683022793710097,0.130786801179902,0.925915696291385,0.112268299414454,0.854820165488376,0.12810048359975,0.599377876023471,0.187712874778267
0.952315555146841,0.134968139243438,0.828565099349318,0.158469174298135,0.476170180006509,0.127752496270377,0.63580918409244,0.348852101284664,0.520193657670003,0.189580934821106,-0.908021133681197,0.0213588605210026,1,0.945410795706323,0.03138314050636,0.307916565416839,0.635450636475417,0.131705010890885,0.533798725152863,0.135740721893441,0.674794106771827,0.147051027491142,0.771666038264196,0.158914669587267,0.563190882215355,0.212968404978643
0.64848285812017,0.120985379137564,0.792821950866404,0.143400801274053,0.412105376976967,0.102312140731538,0.547832351431896,0.292405496568386,0.369847997751751,0.140690711052443,-0.86464063624952,0.02905597532365,1,0.778386497523657,-0.438681778952543,0.268662525038349,0.841854867347084,0.1031896440037,0.42299702232451,0.141651736996011,0.736038322501077,0.135052855851828,0.627801894736948,0.197200185458104,0.236040066558831,0.286441261173929
0.783198209732596,0.139423297050535,0.694192840260403,0.157704002062862,0.463307187596866,0.120969106528968,0.987840133033403,0.380708361448848,0.626479035018728,0.185832569301461,-0.841051865440045,0.0368041151832661,1,0.926037747634998,-0.0434163928600884,0.362112435951428,0.578547222873137,0.136462857729226,0.803787900036824,0.126270666476779,0.549923117061755,0.14447656939972,0.364346198360739,0.188308225294518,0.551279702261036,0.188663902998839
0.983702067923908,0.128563465320865,0.759495512087268,0.139887215605989,0.409390857915372,0.093574458862689,0.363461730561362,0.239858583208021,0.361877075077471,0.125228374281083,-0.844537464522784,0.0330009131358831,1,0.938129205042362,0.442451714154039,0.31854705190819,0.549195899272066,0.139085489585485,0.661738222689028,0.113207405878283,0.812116001082998,0.125386338832329,0.655634129463676,0.124076011046547,0.6698658221698,0.181068271077609
0.959518116617527,0.138582302610863,0.784683581259767,0.144313745514721,0.625120962396565,0.146214907975666,0.482048655127413,0.275275269681421,0.54894327504323,0.192329559444747,-0.900770364990461,0.0211533327661735,1,0.999999999999948,0.0981229321007837,0.298819323408985,0.717129896172121,0.129461906291479,0.670770725026121,0.124342666453535,0.626327407537013,0.139238325454322,0.655927443637777,0.158555811807445,0.63151380457012,0.165058565436079
0.761184773581553,0.1165700828933,0.718093566871451,0.146430251764352,0.437355908555449,0.102741837001577,0.602873272200672,0.313037408349746,0.513488254690012,0.167931291681281,-0.878538717709572,0.0248183484265009,1,0.999999999995208,-0.0287174587103759,0.287095427845911,0.693078767172145,0.112859284000449,0.518527941809254,0.118788753765912,0.687999969141436,0.125632330942896,0.824266274935751,0.140906834886909,0.720387749549386,0.224194597310235
1.13955493003234,0.152486902717677,1.1717750165505,0.188423279212337,0.573150759063693,0.138499747740615,0.77438215824219,0.415299128003014,0.594657481965738,0.183447930159575,-0.890014764619942,0.02680156177806,1,0.892595683780833,0.550391650759909,0.333299457597161,0.558497938253347,0.147470974163229,0.891242234584072,0.122833739315018,0.698573877221143,0.134615822895881,0.743652716751903,0.141926618120594,0.438255390192839,0.188397802192484
1.10812014345701,0.137147891337246,1.13821116235973,0.181382571473492,0.513770262889243,0.114460802439431,0.486488664308835,0.262631935369002,0.499943405736578,0.168748007469434,-0.902111742336936,0.0218564579560558,1,0.999999999969797,0.21886925218614,0.329442016287129,0.565945340934186,0.141494776975735,0.661220189163022,0.123366103064219,0.656976424663102,0.133052547487463,0.732734076910841,0.138964939502436,0.774946356779793,0.177671338263892
1.16191206394393,0.159235292754385,1.0141659896684,0.17031282627834,0.462210614667548,0.119640627064259,0.379283845114755,0.22657104567388,0.418699198927202,0.152973840227007,-0.901645515457356,0.0237132535625699,1,0.999999999995205,0.0876241638792909,0.334490807320077,0.805030969999237,0.144224065963104,0.502919033789371,0.124290085220916,0.667212640065941,0.140609388738892,0.738930895577053,0.151412410910309,0.486538899149234,0.173013143165408
1.25218702754369,0.162509284724179,0.77498588290818,0.200201375974144,0.479738163983995,0.137438337767026,1.28162857369943,0.533752816870877,0.536077352895758,0.209889529405752,-0.912225968465143,0.0218005867542765,1,0.68366639864008,0.508120713929424,0.408107746263717,0.655753283280014,0.160536665689235,0.852301330675609,0.153589247843926,0.79598354877819,0.144322256775178,0.838085593232089,0.157241288694846,0.77517243392814,0.186223489823003
0.791725008823051,0.142378476819739,0.81028742142771,0.142183194195681,0.483750310861931,0.131243497114731,0.583204109721462,0.323832440330766,0.473713037033119,0.164666445154883,-0.862430413207422,0.0281469189361033,1,0.891855347550527,-0.138829069056089,0.283205545011115,0.619719579141141,0.13405984589542,0.591374800593886,0.134725375676927,0.595087176378318,0.138276297280531,0.614072265027007,0.183902627703726,0.567383930822292,0.235982730619392
1.07348883018597,0.166593928656233,1.08286326908716,0.182417520629588,0.981057867343405,0.242763517206648,0.888605432238653,0.532793477292843,0.902090730225573,0.32260577405934,-0.920006436469073,0.0170690332648798,1,0.966158603910832,0.158788486479174,0.421040758617175,0.807689459187695,0.148718674856908,0.763512425762636,0.127533248918998,0.73395349698073,0.149485540375712,0.842397894588435,0.140546092273038,1.18164979054305,0.147863953059912
1.3802871392318,0.185500429154806,1.33060213317703,0.223460973920358,0.827488069887816,0.23814731825322,0.934231109365228,0.628280862576481,0.676050114823377,0.317072625741836,-0.932450248207106,0.0166193912861255,1,0.768901765026913,0.438373638131676,0.382280651391975,0.804151046203562,0.152908410297418,0.93860957942,0.143536689307082,0.733585468210287,0.163167424916929,0.609271208830762,0.190938603594635,0.882629669980635,0.150146651422067
1.1987936313201,0.157354835615344,1.23854229270284,0.195754027715353,0.572014741518202,0.146495093636356,0.733389312392867,0.37786975607576,0.501859960936357,0.206198835642603,-0.921929769702731,0.0179850600032533,1,0.774839316717496,-0.334155869784962,0.374672601592899,0.730540389627677,0.145163198616147,0.904088109282261,0.131270118862488,0.708085616207326,0.144712518305819,0.931144310209277,0.150063791735365,0.581054820148687,0.205821610217759
0.99007516162385,0.163640832105714,1.12313740140503,0.193070064726305,0.63901397197094,0.180043301013655,0.738400016440487,0.380119864930343,0.597742911543758,0.224180901056313,-0.903721561731176,0.0261819283153212,1,0.870188638673036,-0.183646289747878,0.373731399038104,0.702685046661869,0.14262919080091,0.64228984152719,0.155192701471627,0.793395903942617,0.153987793660021,0.493569821640637,0.185439302928834,0.45361272339368,0.215784069236014
1.15606292052192,0.165337066383477,1.04314871298274,0.172230986550054,0.774668038856069,0.200639049120611,0.551673408788337,0.264208656269048,0.401065358866939,0.194012118027259,-0.894772284993311,0.0241015086329591,1,0.613502458922449,0.245504652908935,0.351246240365788,0.798194687662007,0.139003582736877,0.692307060712059,0.124900931792804,0.662801302564516,0.144893795388417,0.986117533715077,0.149095744104813,1.02894008880534,0.178480392008011
1.28137504194861,0.176323086726814,1.22002543551845,0.183917659646458,0.559077972688667,0.153335324032715,0.575844337602691,0.386098062550742,0.43343872286784,0.197225675458001,-0.928251006447653,0.0168636461929704,1,0.763904321440337,0.163303383785941,0.380000724266104,0.787498572149647,0.136765564219778,1.01752650390281,0.120648285890809,0.781259508036375,0.150142775421113,0.749014544138082,0.182114666261045,0.765106943122476,0.21158451851703
0.822638540151727,0.122460428784557,0.937050051143495,0.157089590890393,0.287400747659568,0.0752205542577507,0.408022225590995,0.25768761388822,0.274003221691153,0.11009960750076,-0.872493966352963,0.0268506680214585,1,0.800147057014647,-0.390094464895798,0.300763187519019,0.472820253477887,0.151161059789481,0.857301891776614,0.107600371821908,0.764406027245032,0.116599451619387,0.576330095685506,0.172531048217458,0.495791692073115,0.189275743203054
0.994521678619218,0.134239576050743,1.04840582267907,0.165940538764751,0.574733062965886,0.147689170361781,0.703843060807832,0.311526121874663,0.566134199976795,0.18226667636219,-0.868870719410719,0.0284432425609694,1,0.890119640315154,-0.245606467428188,0.266001373211153,0.752687744677664,0.138319105730554,0.655212466044616,0.13877887417916,0.637954740036386,0.136649781831414,0.567924747703087,0.139239165048006,0.99044750807033,0.162339906544013
0.958797973490307,0.104090897238908,0.899379782465593,0.141630771071829,0.36082315210704,0.0795329061046733,0.173372475249804,0.131787609461088,0.250113580215142,0.109251862309525,-0.870386765815146,0.022208256112164,1,0.999999999998419,0.188380157059676,0.23414500898422,0.60041081563505,0.105945751521058,0.672834798133302,0.104676908457768,0.656275432496258,0.123731975545725,0.608060396005911,0.162496060276664,0.247001695493723,0.220956136302925
0.861967368239803,0.137708941346507,0.997565003601429,0.176916576115649,0.443864159169798,0.120755424638693,0.989190191687822,0.481087848032864,0.633805969290074,0.205290994126957,-0.885297102153609,0.0259010006819748,1,0.956514119543181,-0.188614713736761,0.296977370218098,0.585334943297001,0.136295193673474,0.502674893745588,0.138314477981717,0.910745046373729,0.137313546603972,0.704143869416513,0.158375701186275,0.284601948386633,0.240443622567366
0.934685441529396,0.132698479761448,0.958097681219816,0.140008644575891,0.375783017681152,0.0922598720976779,0.281840513887675,0.195176562631066,0.266915442845768,0.107018518932534,-0.89271029466517,0.0199873184440211,1,0.820169123359777,0.1095393070576,0.31176478472937,0.700951992037078,0.112018792889029,0.598127041322617,0.127086044986722,0.478872153171756,0.130514687072069,0.440090781322759,0.172241830408906,0.53197174722792,0.192420014991857
0.919610861906881,0.120475262817731,0.951721840025087,0.144322417844034,0.333002649486615,0.0894073241825995,0.362907371031638,0.288368637112803,0.314354027784306,0.122076284903061,-0.819759155725989,0.0386068050470542,1,0.904268266062187,0.244335178794073,0.288637734106057,0.333781840561103,0.160021501597018,0.58127851162505,0.134159178347,0.688414795329488,0.136277257079687,0.480863372029956,0.160266206785027,0.627954133930026,0.190878847309169
0.996103196620518,0.177614865332697,1.20156349724413,0.249089459419049,0.875124253669383,0.27281008471513,1.10862986982986,0.563872376109301,0.56130079372416,0.272583961547129,-0.935291922675764,0.0183963162480786,1,0.569859126957897,-0.312802782196894,0.428932358976824,0.818777184848903,0.147688559011179,0.937301458457753,0.151607167781128,0.632748517575448,0.180326576631282,0.892893898067335,0.184652658242917,0.914603017081589,0.191298802734927
1.33761142315617,0.16356245311443,0.891457933488913,0.192539637123884,0.768941716536515,0.211629657209054,0.588671026426172,0.331133104867745,0.672795444044827,0.252192919047951,-0.911243267148641,0.021927094584773,1,0.999999999991189,0.677313095532387,0.223796967880053,0.594326255115321,0.127007708464297,0.989477102532734,0.141028497113328,0.827273985416854,0.168897395479865,0.743907678830476,0.174068337891698,0.929278407045969,0.198930271742076
0.920165729471985,0.134471831678024,1.11469982549566,0.160361440575133,0.415047172262246,0.1037537317506,0.537304241096879,0.254295582825404,0.373155049082012,0.128781145422878,-0.855355770983713,0.0326820726081308,1,0.7901880514754,-0.3033876528147,0.273162319354503,0.716899545638586,0.123229493398678,0.583589237613268,0.124853032592578,0.594608164187279,0.151761505513764,0.494116356928766,0.165199198203219,0.665439276735835,0.173646216727354
0.969010197929716,0.135297626771768,0.738615802437264,0.137469314612537,0.370631463664129,0.0991491984949122,0.256886638399003,0.26667400815017,0.288862574104835,0.122998134970763,-0.847710887862953,0.0345445141138363,1,0.936158482624323,0.224977216591206,0.316624669156789,0.696733167848034,0.120906343961315,0.504760422170178,0.13482750492161,0.49661521229051,0.142193066604616,0.656091767413971,0.172073698652594,0.269338257709671,0.222154654509945
1.18302469486447,0.180955056982354,1.12120428208057,0.188329780370113,0.89069172390265,0.242911711574085,0.928298767686105,0.564078143155352,0.824663988798248,0.293940150053471,-0.926541261318974,0.0173365856038019,1,0.906920951247405,-0.211515541241641,0.357226323295814,0.883855454155695,0.130086065299651,0.74435257800874,0.136997581266376,0.708362220372786,0.153790485476729,0.7915566920299,0.170975090954064,0.802718299322507,0.174326866922354
0.913691218181256,0.154726088767646,0.907452643145617,0.191838062383447,0.598245185552966,0.158361091126564,0.863586362620949,0.453639314034776,0.636275062780244,0.225272961433571,-0.908475672750225,0.0224185240144186,1,0.885222427794189,-0.123378760975627,0.366345275936503,0.709241951302377,0.143597906127831,0.771604165434187,0.137692316099101,0.437298164122721,0.168001508357245,0.974019113938619,0.142964445249834,0.55896750052453,0.173751425794743
0.989462328724633,0.137513502669104,0.89245241957009,0.161110110618653,0.55191789303995,0.131610079083579,0.604740282228251,0.357512317661208,0.556365513047555,0.176555598006389,-0.9137963790402,0.0181403603638692,1,0.963027116060548,-0.188031880502874,0.334073217411717,0.772058240235286,0.142463685894232,0.77337110703106,0.133489545787736,0.875486950384209,0.124304056999601,0.68383447561867,0.159684224548302,0.77377750397879,0.138532027165316
0.888367838869836,0.138121641890033,0.846105996494638,0.171219691297523,0.506632758318294,0.144354519632577,0.395209133469341,0.238070499961817,0.44746608072511,0.171505623996732,-0.890027921525335,0.0281167649362012,1,0.999999999993347,-0.0662790151056481,0.34933753066666,0.58161111981431,0.141145316234258,0.757279059810911,0.1403462926371,0.665091652778432,0.156019034065839,0.734227122325395,0.17531350623351,0.615843051329538,0.207827897297397
1.28690490864909,0.172969948486113,1.05175188739225,0.16793870410871,0.608754651054952,0.147817748698542,0.401839179629552,0.34133796623389,0.438532085374934,0.169901165472682,-0.910743299865708,0.0199379909780555,1,0.886653818479039,0.354698974132626,0.331731965578031,0.984612664824237,0.12972633080536,0.633259487577534,0.138642460677489,0.59569640975871,0.142413811017476,0.895092314334045,0.138135986540221,0.922473597903569,0.167232379720188
0.907090897936241,0.14255169293301,0.927537335758405,0.180886206823798,0.473761612642781,0.111125404637743,0.884298822534824,0.442378750954125,0.465396893284883,0.162897205778697,-0.88922479521203,0.0220685591497304,1,0.719025052249122,0.251009957322866,0.336911038097214,0.478911587880989,0.137900823429945,0.687989595552953,0.123699918312357,0.66036362816173,0.12541965164857,0.708227336304492,0.173933266375177,0.794052723429254,0.169304370407514
0.974028298549716,0.154068281165842,1.3296498361942,0.195525918607616,0.692955060060129,0.155132764278493,0.852273723069013,0.361780541255551,0.768496837298838,0.221051102513154,-0.929385041951077,0.016375333232836,1,0.999999999984219,0.0751588043791883,0.422789662614324,0.787317006126603,0.142787442289789,0.860009972963949,0.138045027524505,0.817114607915197,0.154416581059376,0.730694285216461,0.140503639412764,0.986046744079006,0.168770195841482
1.07578759955641,0.163088714185825,1.14165362542937,0.193443016965379,0.66208667085282,0.175138502732421,1.02301834554704,0.495707286902836,0.69053585954107,0.23240303407576,-0.921065214584938,0.0178259445176709,1,0.839048572996573,-0.0246858351390444,0.353222494854748,0.814957276905362,0.130203648326473,0.611174007884885,0.147889405638705,0.817311789856908,0.143392189546453,0.878648649447454,0.144645762085627,0.855732204601912,0.20038240364871
1.05009894831267,0.134955264084797,1.17999222897844,0.161930884209661,0.554026738845471,0.134663304316575,0.373292203118302,0.204518867647689,0.454767920953656,0.160161456371538,-0.881185241702404,0.0275197270921573,1,0.999999999996221,-0.170583782790715,0.29371894428348,0.790092474886684,0.121304936529102,0.71730500192089,0.139157544543542,0.548778589158159,0.144257003948889,0.55524973702851,0.159452370693176,0.891576901314028,0.1522371831067
1.01690105993326,0.126572543630702,0.833175814928656,0.154763416608462,0.388080388631583,0.0996482690100463,0.414608126514669,0.257906360467285,0.401125020476106,0.135570061129767,-0.866723470920861,0.0284519715623874,1,0.999999997465312,0.379971771862142,0.304423508196006,0.691565014834978,0.131902869111698,0.512347939791523,0.135488486444556,0.668031021171637,0.12443403821073,0.614656412553301,0.153543432538042,0.743995075456194,0.168073273475728
0.774760175090829,0.121995881756914,0.766742953105303,0.129398350196236,0.459947061778363,0.114225880584472,0.282028142448046,0.171145159216122,0.360163873043943,0.137894260445544,-0.889166335695388,0.0237442056073135,1,0.999999999954614,-0.600882857508679,0.280088552023933,0.754004892017866,0.119315242414671,0.623044504899977,0.112412215189548,0.614641490832249,0.135875254297927,0.600435910564555,0.158357124862735,0.230561965854976,0.235517338003256
1.13216318484834,0.173539806924722,0.892373748453179,0.200059423972559,0.628016548330563,0.162585012526004,1.15305363455836,0.515497165188073,0.747172093535487,0.232012777860862,-0.914167839218659,0.0203848586106203,1,0.878032000818485,-0.0432009444559734,0.385102506248118,0.650340128039968,0.151436767194845,0.796981529592302,0.139746003834148,0.637527974719884,0.154301549613182,0.958702629629974,0.140682314927726,0.902810407205672,0.163988726019978
0.91924226938312,0.122159998999519,0.879124996331817,0.153271454327235,0.521889068491829,0.12772912350068,0.431927916314718,0.335044273195446,0.42956128244721,0.174126760764956,-0.894766311865217,0.0223842054106345,1,0.904753752575392,-0.0499100897549647,0.257160215956699,0.634019954231443,0.123322195487106,0.704261055012879,0.135349292832141,0.476294992319714,0.136897501193676,0.707509198578974,0.148443798199111,0.925505930321623,0.16975069087361
0.94307393779049,0.13162047863275,0.818817990027791,0.15992420038486,0.615549622469591,0.156185154347848,0.471293069636576,0.307455513487629,0.525057133151942,0.190545346462034,-0.893515804076198,0.0225837403045141,1,0.974831381800135,0.0184196206112949,0.316357595066218,0.581818815361563,0.138009860803419,0.929029560004367,0.12099552937331,0.611147101711955,0.152688629532106,0.469180044385103,0.171451087151644,0.669133748462529,0.196603874284545
1.01070418327586,0.142417775963452,0.89284275791563,0.142396247298397,0.510308134933883,0.127639347093445,0.57416400567297,0.256630944285619,0.499186907979162,0.159696095586624,-0.885806597266576,0.0246689178836388,1,0.922208157237084,0.0405368429152591,0.32447095603364,0.612374604463675,0.144042506169022,0.701435862502277,0.133343237754542,0.732889303787181,0.146007806453854,0.687610162728061,0.142781748240211,0.704357374277354,0.153118222901605
1.03763379842359,0.132593960938583,1.0390026481635,0.150497356607205,0.434364652501277,0.104388807302653,0.331501096916584,0.192547559460165,0.379463250876102,0.13919304232822,-0.907201314066252,0.0202674667415423,1,0.999999999998248,0.0519200851390796,0.351550505617163,0.592266221691249,0.137308701250841,0.713532955557643,0.130341690733578,0.71744082164935,0.12630842912449,0.799627110013611,0.139079774367443,0.813980419845102,0.13345966405841
0.999620188899123,0.118163163575948,1.02412309540486,0.144056252473937,0.445186465578212,0.102621119573721,0.404918064835381,0.230198870121185,0.424575131313783,0.154528409712872,-0.856977751091922,0.024575711892241,1,0.999999999992466,0.305257749207662,0.273844604487114,0.634175233864306,0.107047762571006,0.433495541745158,0.124555813665291,0.428735957423984,0.126955620938189,0.765978984755978,0.123345030060875,0.848247577218814,0.142515896546091
0.942744620222144,0.15421414744538,0.758194465771832,0.145695975215788,0.513278188274474,0.131189450109517,0.485159276649822,0.297881802540664,0.473907981650679,0.169472494554297,-0.842512434695282,0.0368100230622701,1,0.949675969128437,-0.0109015050981902,0.342905559682024,0.583357000882424,0.118371653386566,0.603224935823598,0.119785110035203,0.720367352355292,0.144082099842988,0.492947023731217,0.168720757326147,0.464675331072182,0.190013992818579
0.759114977724926,0.135871120365768,0.897915766550328,0.144116712235371,0.561468900144338,0.130750871791218,0.0822681196693959,0.117363931829946,0.214920893588715,0.159141103352038,-0.892906609461465,0.0236579103560345,1,0.999999998195032,0.130415750649675,0.389923139532778,0.666329333367286,0.124822444787304,0.323393789676113,0.139808508577707,0.776527562511903,0.129283600068554,0.302050515436952,0.176093767309028,0.364677366353545,0.174785157622411
1.09909140651603,0.152359106702185,1.11050762294929,0.173978387757733,0.491136678981723,0.130845229616685,0.509855693473088,0.315427198608558,0.459612829178778,0.161848240892138,-0.888366796418094,0.0263749992839286,1,0.918474961134585,0.344400602016746,0.291736708649243,0.547189927434259,0.149410146529529,0.653135078884338,0.148166511049486,0.660534884923452,0.141209773044056,0.707893545528924,0.160164142460363,0.695969195948597,0.173278730899824
1.114524129083,0.140515264661865,1.11144953083795,0.191983903879307,0.830804838024516,0.190647605728435,0.566676396303089,0.36205258955802,0.487035445949323,0.201416108690863,-0.936068891852919,0.0139135660810125,1,0.709812265625642,0.247283930157224,0.378841101120903,0.806403561012118,0.12487081993357,0.751941157436711,0.117338855366822,0.654668492527712,0.148792975872987,0.958648718345795,0.135232072881128,1.14234298456454,0.10406241702219
1.08836720508024,0.149332868551523,1.05224252741231,0.177517841268722,0.813290849313414,0.198139098010725,0.901980305411538,0.381792159012824,0.85648837007059,0.247769438305615,-0.88981839481064,0.0245719226018514,1,0.999999999600621,0.226311669817052,0.306598176013521,0.675681694921861,0.127156920142748,0.663783677547478,0.132282565749261,0.875709253614294,0.144302767592244,0.792260572329622,0.15014365230393,0.926346122806531,0.165219480729034
0.803139787596552,0.145780322430656,0.949270538680442,0.169672263482824,0.577080870432937,0.147173829162279,0.428915917555596,0.339148142905443,0.436221161096665,0.18036834269654,-0.905294743177902,0.0206899020294142,1,0.876803568031552,-0.177606041486244,0.343054505655188,0.568129247243741,0.135315865588006,0.687410902173317,0.130812683747354,0.796093706843845,0.140437287373441,0.766745274484379,0.176369258900675,0.51058440988816,0.214263900360148
1.00634257478356,0.143877694707617,0.970074283310709,0.172018578271746,0.628991669977225,0.161680627377355,0.389601208848663,0.243661843087431,0.495031225660745,0.19367424500917,-0.910691033371481,0.0210402531044366,1,0.99999999877643,-0.426809299210583,0.366469963370955,0.972055407759609,0.128083180242973,0.753293062037243,0.136835178530652,0.56307517394943,0.158447755005805,0.865244359226608,0.154717505922474,0.579841601311088,0.204893817657515
0.775862622922998,0.121274494625718,0.819933179767508,0.150231850891985,0.569143111404851,0.14743477710334,0.42384241484643,0.277659466889975,0.459761330985298,0.163045095442428,-0.859153910164764,0.0309620089264318,1,0.936094065176772,-0.551106528326018,0.252700165653806,0.683602522190293,0.122732349231748,0.569014368349025,0.143762452652285,0.439828600851709,0.149745097470353,0.675408570163715,0.1532258695613,0.780935341028707,0.153463003571065
0.907084715480629,0.122784893779415,1.18482202480772,0.159142716299939,0.432227993077978,0.096688246659338,0.409389227410269,0.260505467683428,0.328364775450249,0.135571663230732,-0.917711706344987,0.0156435432449617,1,0.780606049419051,-0.267282197982697,0.314815670684677,0.649749171808101,0.121059852739801,0.562116392805774,0.122238749841088,0.758277943413788,0.102275351009439,0.74293115832295,0.140298280067393,0.618403979372866,0.187134557353327
1.1814196963474,0.158471765327998,0.991388340578786,0.180948998228646,0.684344652648776,0.163039275681802,1.22013802960874,0.41827109876811,0.913780573207729,0.242432292390596,-0.927752981930589,0.0169392910914536,1,0.999999999949514,-0.0272155776161775,0.33816550958249,0.78105511685365,0.124152670820025,0.803587508012393,0.116125541748101,0.660713432622161,0.15642189186563,0.953247170051625,0.151626846422357,0.700634613639832,0.169552629993036
1.03854470867062,0.123059277281475,1.0289094075236,0.143997608691361,0.321496185651631,0.0817964271102977,0.20601084475119,0.1671485120296,0.25735520354242,0.121645735534543,-0.894766913175842,0.0239637082286322,1,0.999999999999871,-0.137487917200992,0.273108072264914,0.700327485484228,0.133347335609569,0.52921278691052,0.128052529581551,0.522180347535628,0.151749506571335,0.620172769959488,0.156840996920181,1.06544371603905,0.154912016699692
0.886378739225809,0.137155578538922,1.15848904988111,0.194243764803553,0.800715316793967,0.184814405783992,0.983304385863206,0.45731623144257,0.824151780305298,0.254927242344032,-0.909542079573399,0.0218556948638126,1,0.928804145063763,-0.283562420801296,0.344257189110063,0.743558027030926,0.122771657188853,0.807430034557874,0.13114371069327,0.670305154936382,0.158569158162578,0.456624478447275,0.185106963964787,0.899150292641724,0.149444106786848
0.985829564089026,0.154963640142394,1.20870811239715,0.202463309429754,0.658098722652097,0.175823317774194,1.11597036147418,0.566319868741891,0.320795877508896,0.157222474305632,-0.923298266247033,0.0182935612932314,1,0.374331973955599,0.0108556373366944,0.307910046142742,0.737140167440307,0.132260897804683,0.908194439874258,0.131624829246083,0.878972309277682,0.155648680398859,0.820529434621369,0.194446880619381,0.778009904131418,0.196797917757923
0.998298901492018,0.148157754834646,1.16606010337604,0.177812864296052,0.550238016059137,0.13457038870109,0.739331793731813,0.375170658705016,0.559164476503901,0.174893821379845,-0.881169148437523,0.0251302584723264,1,0.876687037885209,-0.109062467079823,0.350690595252963,0.835911753266701,0.116523907310792,0.457818620273412,0.153780405291948,0.616506432891083,0.138003518713328,0.719960891063512,0.130998916229816,0.724764917560902,0.141009337424039
0.828445801826893,0.0912798493321356,0.725346333089622,0.117233526010834,0.23402724262698,0.0533604458694959,0.192968799854591,0.10060590781344,0.212508720157349,0.0698860582394563,-0.86682076186212,0.0263483198037306,1,0.999999999998971,-0.227670286037651,0.273337707059363,0.462186940201966,0.126272445225411,0.419151477544485,0.132732185566076,0.680433855518003,0.105042730538742,0.501342805952431,0.140853919299467,0.645736525229417,0.151864331440161
0.886416291978904,0.131575815101393,1.03114025272913,0.136810071244401,0.55400414704645,0.14047505149677,0.450743126148731,0.24026936957938,0.499713479033893,0.17975017608408,-0.882291254872641,0.0264261307413041,1,0.999999999978132,-0.330609161493273,0.319383099758683,0.708005507649876,0.1367787786365,0.781338650179627,0.113946517870817,0.622683215158086,0.145735919029997,0.544134147080435,0.173684016178859,0.381146599566382,0.188980341675254
0.897844209831799,0.146477355267211,0.894635465503978,0.207863303164474,0.866217544572954,0.221404669701595,1.12992140278479,0.505909313685956,0.989321858777198,0.307343220519074,-0.927279689963687,0.0184079375405736,1,0.999999998556179,-0.348994718951493,0.318314581773105,0.833875665484514,0.106409463782969,0.720243216627562,0.115667447460881,0.804410563966787,0.139540890289866,0.709166254526834,0.170327143250724,0.703295233947275,0.221340182603218
1.06099919621153,0.153619192892631,1.12267364787579,0.165098749223624,0.650129320758799,0.167001411671956,0.321768425548402,0.253872376771934,0.457235697877955,0.195888621840293,-0.913475380161333,0.0195082379894563,1,0.99969734922244,-0.332898639184446,0.35782575522215,0.651169510585363,0.155833955396113,0.902747344652697,0.131158249906663,0.76432989123356,0.138879394057748,0.657614551109597,0.167893629647144,1.03463995403341,0.157348737080237
0.94536206089913,0.12797562474235,0.98158765171288,0.187140729850732,0.598461005872199,0.149108578585594,0.752766596749656,0.455415021318467,0.663619616283637,0.228028404736908,-0.903434151108336,0.021506381941047,1,0.988714984686965,-0.112593838067261,0.323257679351377,0.672216637570032,0.124472829560355,0.766298461593119,0.121684945450005,0.702249091148949,0.146899786619752,0.839119110107338,0.139398121020712,0.600432975162416,0.186889451283709
1.25459447875064,0.164193849238207,1.45272237238267,0.225539265732615,0.668423157470547,0.160218345982703,0.948736054196209,0.485264986475145,0.742493891379615,0.259786358156519,-0.91023813924159,0.0200318923341739,1,0.932383197844849,-0.174563973463927,0.365065372796426,0.888939579085282,0.129061887791991,0.700223174503987,0.131615395087318,0.817401333019296,0.131473248450208,0.54179621499792,0.174640161474298,1.11592559432512,0.128545248266277
0.930128242548038,0.147073383641802,0.937804269861286,0.170368334885753,0.491718423757808,0.119252370304633,0.546854089132467,0.339935954690277,0.50173484085815,0.167363104460749,-0.892767997454553,0.0251303553100961,1,0.967565305999205,-0.0652361278285311,0.371192789369551,0.626105956780363,0.145125214291757,0.633817355563537,0.130116829766001,0.582999214655107,0.145148057211913,0.622893652779913,0.162050580258762,0.816776598554963,0.157844785272324
0.944705350549524,0.140671256319542,0.834458393961377,0.194703854259837,0.577358552472975,0.147855485489522,1.26886091129557,0.682490961151293,0.805886226259484,0.285755961990348,-0.910862552637612,0.0192812012427137,1,0.94155115851235,0.113252555763117,0.385822335991921,0.567607368343109,0.14974157326979,0.758193828759092,0.133675927374581,0.605260810104069,0.143917679002797,0.676658698588883,0.149015657280807,0.928231035050984,0.17539449026549
1.04651253234421,0.154270696548155,1.25585877274141,0.167226497676871,0.697054154066103,0.159200534992128,0.36279815367787,0.247099841964442,0.435643665366137,0.178183991754201,-0.918519830241202,0.01798848470053,1,0.866294604355137,-0.421057542058252,0.357738739788958,0.885537536159704,0.143766997663973,0.620260794959202,0.131538585290639,0.812156552682741,0.115299463691869,0.675121704096748,0.152781605750875,1.08133540955439,0.168189284664397
0.942216863195696,0.142463260699417,0.948672300987215,0.167737726143517,0.588139237660748,0.152272876421545,0.639192044129845,0.345594198548756,0.4667413912662,0.186706388004891,-0.90432334035941,0.0229522211074724,1,0.76123817409405,-0.53673085615508,0.338462117523127,0.685352982712591,0.13569051386834,0.787604623532528,0.133713346039216,0.602443980199568,0.144483170830229,0.908917355237427,0.146127686854284,1.05296622989674,0.149137858341868
0.985240165011475,0.140049240784746,1.05530345387555,0.157862473442921,0.570806099453603,0.138305169210564,0.462214971411887,0.220813566724167,0.513648834260596,0.165774929317796,-0.854265440568102,0.0293234591860884,1,0.999999999993539,-0.159618782264809,0.399884477967194,0.681462467176438,0.121963271309313,0.653363012481103,0.12162399176832,0.392803084890998,0.147251417484825,0.857624312202414,0.135450678602857,0.530494034602236,0.184702957465745
1.11602070094434,0.156053990030822,1.1433365735773,0.193215092427037,0.467328396096632,0.128800645839305,0.359630288382152,0.208074656860596,0.403275215527555,0.142381724382578,-0.887055159339054,0.0263882724747494,1,0.983699195008331,0.443945142092041,0.335784161251084,0.318608887459091,0.178228685286235,0.739322418088357,0.142523064454813,0.770154939483963,0.140166031573029,0.926920504778761,0.145477217961241,0.67751770429879,0.190143390578559
0.841675151229916,0.126774088033628,1.04230339401461,0.13011241460013,0.400147210328372,0.0962299954677661,0.198224009421769,0.151652502535936,0.175145839002377,0.111784492376101,-0.894754445378018,0.0208400420947749,1,0.621887459452678,-0.680143040281855,0.274077858250382,0.785838518332601,0.126678278493891,0.746114275410585,0.110516450704448,0.49492732860805,0.120194069404373,0.664652920970952,0.160801233106733,0.485811298484587,0.195277144711241
0.874287584625917,0.111454383670723,0.998890797035773,0.145303997051734,0.342003203643083,0.0837480074980955,0.378177584505027,0.188069353329805,0.359635851169648,0.120625331196868,-0.880217344689654,0.0246381931557354,1,0.999999999999207,0.251780382903161,0.253713431257211,0.509925905614815,0.138080136505258,0.467164661377531,0.12582781542405,0.590146535556208,0.128702747698265,0.603636750196869,0.126719528644456,0.624796115192384,0.164500218168942
0.870558749808806,0.138601856622162,1.15408228676663,0.215967101523234,0.635717050574513,0.134260893737308,1.74650715068646,0.657064559761295,0.65756930054333,0.21994002101105,-0.908697271693785,0.0189679750142382,1,0.624057224829397,-0.871780350100653,0.349845592619019,0.778775924310292,0.131844389270165,0.753158014252163,0.122952897651707,0.711485917728797,0.124298139660988,0.708521813991662,0.142168338624091,0.794178726865756,0.175791049559528
1.3314034350849,0.182243232483262,0.965318699374695,0.152123136120958,0.88266389590494,0.225869547972937,0.461240379084424,0.294644168285764,0.638059738412405,0.258114660934949,-0.924822003485548,0.0184042611297579,1,0.999999999793154,0.351058940178705,0.41506753525437,0.800602640552503,0.135474405707326,0.80036582054022,0.128927663318971,0.975543596845573,0.141024252556414,0.759340202505259,0.15196716983282,0.885558726673151,0.19721307961075
1.22032383572201,0.166840712075863,1.21683741538437,0.21158107251891,0.662888757392775,0.172671992270722,1.01265717479669,0.505526815884139,0.737551486018237,0.238148575897773,-0.933912524223036,0.0157489544930281,1,0.900203699933599,0.0250891468703284,0.325615369863605,0.870602818778338,0.140353349486742,0.794575886818582,0.131463264579604,0.837346329127834,0.142206703341291,0.784150966606262,0.178076693047452,0.744680640510287,0.201990357631276
1.08568083088744,0.142485577187366,1.09446723347088,0.157465084035113,0.529693242924713,0.123867698778141,0.500213754161129,0.270394649952166,0.401322716480511,0.153602607018367,-0.906949226548588,0.0196866103458277,1,0.779657232948305,0.150054942081746,0.371472815994397,0.692644643559504,0.152356700321915,0.681621145956875,0.110385639862801,0.656256486235777,0.140237626750417,0.971874685310324,0.134630131563324,0.715031746349716,0.163494207749614
1.16310128123569,0.169344476493694,1.23059560751349,0.197807173992257,0.750392926325706,0.214994648764576,0.747642436660659,0.375634103211322,0.572055355353778,0.241383830926977,-0.926875793728992,0.0182198543395133,1,0.763742076760045,0.313921122928752,0.383965370178575,0.820671778947106,0.135454244446105,0.779533436904212,0.145364293487709,0.941291568073521,0.162492108090959,0.804799090884309,0.183785795506561,0.904795500856345,0.207825776942491
1.02533691700949,0.157880545320415,0.852842193172779,0.175532878047559,0.629221139370187,0.174515674021072,0.846704435810824,0.369230205853959,0.72990706928236,0.231917691896546,-0.894217948662544,0.026067751676641,1,0.999999999979057,0.173079672307445,0.320181693949103,0.688000388558615,0.147331237508499,0.649924831524205,0.146533917274718,0.764055071340253,0.146524919301326,0.783798848014706,0.146181331953719,0.794678081132987,0.172339972123172
1.06466403837519,0.149534912950116,0.966041924455575,0.176276495553471,0.639004217342411,0.155607388168828,0.760696237145696,0.348607150661613,0.697200189079073,0.224366836247583,-0.905511407111092,0.0204794302572173,1,0.999999999999273,0.0788103689664106,0.268578991381576,0.651853666705262,0.125581899852459,0.772489121864046,0.129896694555337,0.756347133399994,0.139458600059133,0.699321526521214,0.166137423688549,0.643643298633508,0.196222861987598
1.27402172028602,0.170078670917935,1.12393339032092,0.195928992511301,0.786420834688091,0.21194471954331,0.874790151714812,0.5055595564261,0.704400339885136,0.263440263131046,-0.884579582837178,0.0278642592544145,1,0.849258903983805,0.279933009986562,0.354246265247355,0.792430450618795,0.143334292643495,0.624067680013688,0.140476988555804,0.609987655550587,0.157364673026986,0.749265895832635,0.152280844357176,0.556525837453684,0.196830640255002
1.06057672878166,0.160377007094834,0.926407723066169,0.167378998987136,0.519844626178276,0.14073808213203,0.553488902524735,0.329099957720942,0.362688808483162,0.16912512222475,-0.897871440906955,0.0252498225203452,1,0.676149788390378,0.399059650862071,0.294785892486076,0.740887835289254,0.13831499986404,0.483606200515683,0.152595056628172,0.816439458416158,0.130239401898511,0.681656174601249,0.167582085860375,0.977992595551363,0.169849581209492
1.04357851152309,0.138596417427,0.891631447249756,0.151341709778159,0.660174339762585,0.163889343335238,0.638326275005393,0.311056497550789,0.649158398631574,0.214806705740287,-0.916077862831829,0.0174867917701068,1,0.999999999239586,-0.197459430784868,0.280152173158732,0.840724733019112,0.110931087751416,0.626646741455672,0.12151871685353,0.647637268656175,0.135133979924328,0.623158258324895,0.157760754645885,0.674543674064956,0.196552741964541
0.842979491597151,0.122198906540901,1.1362313622927,0.146505697906834,0.364713819844347,0.0879803917880269,0.225998880639284,0.149683739109999,0.287097396426783,0.110225197851178,-0.881426781580028,0.0266235807029844,1,0.999999999978994,-0.18709684793247,0.303237341956131,0.663737078293086,0.1235432613589,0.509836358826538,0.125903535954263,0.498305048829455,0.132328466176887,0.477260231819415,0.153152103092905,0.490487155742915,0.18155197933614
1.04994359812977,0.142336474259812,1.04523288624583,0.169372483405379,0.637072411977035,0.153979148104147,0.404957976605244,0.239071417654911,0.507924753191205,0.187387085784268,-0.925682818121751,0.0151252016921663,1,0.999999999998263,-0.331328550407756,0.327740422153335,0.772946872340023,0.118982491293446,0.705618272352673,0.112649257343908,0.784659313178706,0.14679427467555,0.77443296566204,0.15007011745866,0.737147104692484,0.185315439462049
0.99260817463724,0.150935266499927,1.01846773549612,0.133603119486102,0.549140779478768,0.133424492706333,0.227992187141206,0.220048697647233,0.283847417393308,0.142296243671011,-0.881995610525707,0.0248397849401204,1,0.802200848109468,-0.124377793125638,0.316303853786841,0.756878630311012,0.123789387424071,0.938496746390971,0.110320638426856,0.408868715528401,0.164540881930902,0.665511109355171,0.161981159647138,0.655854872624924,0.1822898003254
0.828232491543257,0.096869936922233,0.918872685145318,0.139498832784282,0.349916018071257,0.0881176194300406,0.249722676325652,0.18379396020479,0.295604405441913,0.127668539848972,-0.887458780155391,0.0241436868347156,1,0.99999999996966,-0.390230206523274,0.237092698562215,0.711994871164112,0.119552279304389,0.635281457108511,0.102061596268613,0.650920368409789,0.11957367752949,0.525800531465691,0.176899958067312,0.451684868791196,0.21282392153035
1.1624923079814,0.189264499069109,1.06608992618506,0.1868032573193,0.751591229427396,0.224537003001148,0.975758564658774,0.464638397065741,0.573961154390295,0.225998083755094,-0.930888640222784,0.0179455474876979,1,0.67022475196712,0.101735508999615,0.375055455399052,0.835705456678527,0.147057286510366,0.682953116909818,0.160206985663402,0.808565073162135,0.155915490110058,0.834931755866835,0.15869686615443,0.794447157668155,0.195667487543623
1.26459572970638,0.208080088478901,1.2630433259351,0.232869386232606,0.891523920208721,0.242482924796486,1.34061256491271,0.683606337415073,0.823064527598579,0.308225614549934,-0.939766782280649,0.0149435703889371,1,0.752862632732427,0.140898223987911,0.409890728918261,0.715468894010815,0.15627486358116,0.979515600373557,0.133351420410551,1.01587292069174,0.136053005218474,0.684260737078334,0.173289670167108,0.950463190843486,0.187040345905294
0.919271808999751,0.0990428696473685,0.727423428407677,0.130956522231609,0.364648254540563,0.0806221571382397,0.165932632304289,0.125895758912879,0.245981797518724,0.106055916597362,-0.857416123987991,0.0261844459891961,1,0.999999999747654,0.746290584575942,0.291465099301936,0.595883161084764,0.106403803827165,0.665462410542702,0.106006075215381,0.504828709518656,0.141396937107936,0.60870613692515,0.144784775754,0.296643759130113,0.210780410537593
1.08097593927327,0.120675257075329,1.04778366188748,0.155597927767777,0.366969853325549,0.0898534070295694,0.338526903292399,0.219041231675602,0.339836830158305,0.107391792682378,-0.894270295618662,0.0212485756196055,1,0.964181192468617,0.437389979952472,0.268345551618149,0.583087862670874,0.142043066767649,0.636744900225557,0.123192540689665,0.40864661717104,0.130142996936806,0.588610229129292,0.154832942340427,0.437763044368887,0.190345885440201
1.01341169803495,0.141270547046469,1.43958310254386,0.173206540264262,0.627332926908554,0.144217400907007,0.109751042775879,0.177818086874052,0.193991554704146,0.132528539098411,-0.900228702203981,0.0213363025816345,1,0.73931489233678,-0.345552176953092,0.322451708967292,0.60730002082424,0.150113383680713,0.793589772219721,0.112811129009474,0.783864166983288,0.133298866762226,0.626556043901703,0.157556032334489,0.712755740194486,0.171534726117599
1.1184047596745,0.177036916220785,1.10421912873185,0.203976476425287,0.910518135250564,0.212425228874822,0.862990259159008,0.497500249156702,0.754924903845379,0.292538930356856,-0.92724209668421,0.0150162141251685,1,0.851640890390575,-0.180531364700662,0.359024509333007,0.946207902832915,0.127380185686001,0.852183815938516,0.127613086933349,0.838083814320532,0.137560317465021,0.724454682799951,0.153743535020826,0.760753788530349,0.192302073281987
0.962630072962361,0.155389695038707,1.01437790036318,0.172022058553626,0.648061274748758,0.16240959385451,0.946750164673481,0.439564278526082,0.776128477349339,0.23505326023823,-0.876600157423167,0.0277643012376224,1,0.990849942772629,-0.00237681237995439,0.313201816372529,0.663007826617184,0.124935507571418,0.680456260996229,0.134952618491347,0.730894846256651,0.14625547745588,0.39311107853447,0.185459601867083,0.838325651102762,0.179644868825958
1.07873695817117,0.141580943629184,0.914992490098222,0.148576819618439,0.618895747554752,0.142155243894918,0.632267081989817,0.2899024420128,0.625545687870291,0.185491570170228,-0.892651186995244,0.0224662062735453,1,0.999999999042654,0.170762084099617,0.310254202242061,0.728197273275789,0.139442535624522,0.607537757944431,0.138762184679549,0.685463953456116,0.142284075154059,0.579131857082369,0.152929082935433,0.424319661785047,0.194690564024476
0.901183761390819,0.111973403738643,0.811564502540406,0.158578403104305,0.31288407247449,0.0816727731306967,0.257349709084718,0.171280657544334,0.283761563683984,0.112559911314586,-0.845543909192437,0.0311524408177295,1,0.999999999974094,0.141288111164209,0.291889468814856,0.390770225552629,0.129463254335276,0.619347332033814,0.121396137460317,0.420104080521729,0.137572422703406,0.753819976563109,0.133595473055224,0.656425216532419,0.19280366275731
0.820458787191405,0.115971426506129,0.512206000999057,0.114991388770347,0.411368652280181,0.0861917443570046,0.246463951683874,0.18604504404582,0.315088310458172,0.10682980361952,-0.832696232745546,0.0289444484452097,1,0.989555121368278,0.288832642977202,0.282935118300106,0.601455189111621,0.102799433460652,0.540874781009434,0.106420180520105,0.609463367034932,0.132909988795575,0.528265501417788,0.157639249036956,0.225253890963063,0.187801565762516
0.996695575514285,0.14182611967525,0.807548933051436,0.159982630390633,0.447109440121263,0.102369706428346,0.45669733349168,0.253777250552058,0.37629129809987,0.162050800367139,-0.900045782298566,0.0199066157774543,1,0.832727711750985,0.339451059110314,0.3828044819027,0.565513659480431,0.134903440638168,0.727988980218006,0.114414124002389,0.472299422262,0.137935105198564,0.733317332888299,0.139663123494993,0.630591322542745,0.183052802448093
0.917961909857767,0.152863989243498,1.00600071066773,0.177834710818586,0.706309494123938,0.176957113342803,0.971860062567938,0.436880067725186,0.828513119185141,0.253173407147912,-0.905855335087002,0.0199705863503996,1,0.999999999643281,-0.232742516212746,0.344232846362481,0.591552673181366,0.153467658602464,0.619757314820746,0.153308404239337,0.824528010949584,0.132892096771258,0.687797467931336,0.144082775180256,0.911935412419901,0.147499850923281
1.25206188051342,0.200508219882887,1.0535407112925,0.175011277352398,0.765732170425068,0.232704908513002,1.50097065741015,0.659829977216658,0.906970528709194,0.332647965976491,-0.938329646733965,0.0181209134113917,1,0.845996619066965,-0.031552396181446,0.358025674293075,0.953407007435959,0.149567579261426,0.872045625647078,0.142939717678844,0.982584603302264,0.169074816528761,0.788192633507615,0.191562701144169,0.90077397567401,0.20843588975687
1.17512837666828,0.168533240999367,1.25587953113401,0.209145851303017,0.651925851500606,0.15839238347679,1.87365288581222,0.821123768411705,0.834789007901694,0.267486694667796,-0.928433394209597,0.0147470318525143,1,0.755323596248915,0.0570193042114902,0.376892053577501,0.726778373479934,0.142527524558693,0.773449389845477,0.13232743576285,0.789150750563217,0.124762389572964,0.81648356611658,0.149473808722438,0.978292701984305,0.164596661615651
1.10095664397925,0.144165180907737,1.16564722921856,0.186174339866506,0.653892892464479,0.173269054416398,0.867538945908976,0.380027430122746,0.697477789803604,0.251195664989295,-0.930364793695567,0.0165779566427183,1,0.926046050944623,-0.154258202813603,0.302203692684847,0.756626562030994,0.149651837584762,0.911770666548469,0.121553797468063,0.879180466827489,0.150571889863117,1.09383099802747,0.149897733502776,0.578728272390609,0.198164150517842
0.990250004010831,0.125482897191324,1.09574553157029,0.169882745180706,0.469576994057655,0.0990106510852563,0.617031235950674,0.282624600127689,0.53827843447144,0.164771794100763,-0.889067227941097,0.0224415705420559,1,0.999999999999356,0.126665326921346,0.322131148943776,0.61439642032908,0.117321690599303,0.573155337843628,0.123073224962645,0.902898504312458,0.100003310453697,0.658090293279836,0.144039111117861,0.780901130488636,0.172761952440086
0.977386766709194,0.129805668938947,0.993995427738491,0.155561987258,0.473646666306346,0.103486156722118,0.377560018196251,0.260299785591903,0.418152346498546,0.140060392345628,-0.884638113316181,0.0214671251716222,1,0.988813293900952,0.169391549146651,0.361121028313845,0.485152494498313,0.128414909384207,0.688440053298238,0.105844777261639,0.759340256981066,0.104420905144257,0.798566047710305,0.135846985745024,0.21468192359686,0.212024319396525
0.794384367993621,0.117524291125729,0.770206137281315,0.132652038211607,0.346237657758349,0.0843562443086016,0.0925913069385589,0.122173158028564,0.179049144899242,0.112128186169224,-0.871515792523325,0.0291216345300991,1,0.999999985120351,-0.364629179246251,0.297116287482277,0.575688516726894,0.125810803712255,0.468220786969355,0.136601090862184,0.606323238179693,0.127105387642919,0.576940313534457,0.131356054915721,0.297484960207438,0.189170716166135
1.04330010415986,0.147585672930496,1.0575131440115,0.164602233689439,0.550509757369028,0.13319500348721,0.366107649008399,0.234063776494053,0.421735480573211,0.154932333627682,-0.898982442489476,0.0242184131926866,1,0.93940577991748,0.140862399709938,0.312115572364813,0.629508277358997,0.150674145961093,0.923356799177374,0.119442487229245,0.580784115260784,0.140888074788206,0.775577136425637,0.146425839397032,0.624249076878362,0.182654556745721
1.02886711874453,0.181484989034775,1.20333238415913,0.206077420216855,0.670554650864019,0.176544833680958,0.658486372844442,0.403059142106516,0.528257205328556,0.203665844968778,-0.907367034752738,0.022518235152219,1,0.794977695672697,-0.122690932736771,0.33255308394281,0.621314496664307,0.152111719500027,0.690226373911402,0.135977699538889,0.758114140684682,0.14933205046945,0.782352184332084,0.154997117829374,0.584107160074782,0.19694615472494
0.915912472391717,0.132124481553123,0.981009477768371,0.163367422428666,0.519145174654876,0.124208262137233,0.690136061840685,0.363637806378633,0.486312591279794,0.173543572104017,-0.918723153897828,0.0179083259184446,2,0.812463281711425,0.0375514243776239,0.333335220432589,0.809880883450039,0.134538100038681,0.591167925897264,0.131871838684644,0.770364916719501,0.128191831650324,0.45368937159468,0.173471549605735,0.758645568416211,0.2116073588685
1.14713594836985,0.145070533625828,1.17853152499832,0.177922177679376,0.509622324355994,0.120921473931784,0.65461956830223,0.328480692603354,0.410938218610138,0.135134589701805,-0.898023266253692,0.0229676775913232,1,0.711472011521213,-0.0897700591440378,0.306388085315926,0.908878806224749,0.12502485968998,0.628067368566283,0.121591210691194,0.915618388362855,0.136050006719792,0.90216698853679,0.160366785856841,0.577384362756412,0.196384440056147
0.974202417159944,0.141559846842478,0.850146512538364,0.164477816662906,0.533297414148075,0.127687083833813,0.570921889177,0.324177361316758,0.503070064713922,0.159767776219586,-0.855686689836577,0.028302941425445,1,0.911707209903705,0.102102736367919,0.373169118760982,0.851348630079001,0.126330885078631,0.489693766577852,0.126083582736098,0.647434287115612,0.134360158671165,0.669772848251682,0.168324052688317,0.51086069492168,0.176317440178577
1.08584643574876,0.15449664643478,1.14302851203341,0.183274325235561,0.61352910500729,0.14661742536488,1.01608290569431,0.377698780777436,0.762589678950587,0.226490644899642,-0.926774281662863,0.0159119052255357,1,0.965847957430218,-0.0909273484020881,0.37061481047711,0.65664143423326,0.135231035064531,0.743417940890485,0.122943198430228,0.810125922910521,0.119420388938089,0.701707198808294,0.165737015657787,0.812481905815859,0.14184171224497
1.03045774644077,0.135041725129531,0.969184339181296,0.16852175194435,0.53880995763109,0.128617728985901,0.509957634480009,0.23806505016587,0.524185321644119,0.162776548052435,-0.872404992708493,0.0254459164802614,1,0.999999999998769,-0.0407473385562382,0.320779020029935,0.729637731466384,0.119696085669993,0.685815160886799,0.126923872760453,0.691684149238213,0.132052970719139,0.816784056481459,0.144619331646738,0.646444099629558,0.19942699873703
1.18944750223569,0.177197526746622,1.25988741427313,0.208842599616771,0.660388933350755,0.169794107023881,0.870910562318108,0.50573733150028,0.633731973971313,0.22839579216575,-0.926551707051045,0.0169142407825536,1,0.835639474108144,-0.125926291774511,0.454609024197533,0.833686248825302,0.147536170489228,0.742241204121182,0.137655507585961,0.966683227819277,0.136205919634316,0.63126414921734,0.173679234067959,0.894154301315576,0.171207508310521
1.09449435005939,0.14325934567349,0.809953926634818,0.158822493355956,0.590865050558701,0.153083749146516,0.169723497205649,0.149119740585944,0.316675990085263,0.153088551404145,-0.897188021649181,0.0229736048964215,1,0.999999999696195,0.232166706035696,0.279800902547438,0.717233143152387,0.135579800483315,0.756058627822229,0.130357822621104,0.507416629556756,0.160572494278578,0.318453475919767,0.195557903396391,0.820333782427698,0.182835435807468
1.07162536962765,0.129436358551926,0.863657084309732,0.181700146831863,0.550966230474727,0.129426659568005,0.749225099733069,0.327428270305587,0.64249336874277,0.192963416920596,-0.901379957200389,0.0202107544420775,1,0.999999999880634,0.444698678470415,0.303610893545423,0.629885954584783,0.142030118598894,0.629169157031382,0.117088188177583,0.768380145986966,0.148767547540337,0.681321469719783,0.164845947275023,0.823388778474675,0.154700648677894
0.934889092982611,0.136335532340642,1.08744525450836,0.149904944581981,0.567625801333405,0.134996475502011,0.473736935716483,0.289444476751615,0.420193920943144,0.145200699438575,-0.903686820018187,0.019468369053476,1,0.810307908846966,-0.425262220234778,0.325593658293482,0.75313502386532,0.121672994382368,0.708372947211679,0.117853083194726,0.755662151529559,0.116577565069939,0.351283652746232,0.17826017551688,0.680624718173432,0.176666034710448
0.864035201773559,0.133318522699646,0.952796121750826,0.142911298051508,0.604988433507254,0.137178267436039,0.757482060130622,0.324192074012864,0.676954861813596,0.193765197647719,-0.882325695944597,0.022628005704421,1,0.999999999961586,0.00661572947924726,0.307515939065162,0.693121679455071,0.115664165910957,0.760736847066971,0.108167737527318,0.471436208975709,0.145622110648574,0.701483312073678,0.149737093188967,0.640018880036269,0.176860954875521
1.10349839818178,0.157802542044513,1.1762225829422,0.163906860556331,0.777642552470592,0.172416825606642,0.767748874304875,0.416306980149908,0.772679878035461,0.259764926986323,-0.93040174737416,0.0142609075531756,1,0.999999999706908,0.333675734555217,0.433069521215291,0.564281302034927,0.15816029933496,0.726876761695635,0.129676915913669,0.92758471789624,0.107431667467341,0.604953934814683,0.146738538777825,1.0350163631624,0.145828349106266
1.25090189229111,0.163415120107745,1.0795778213809,0.198747574144354,0.610457677125624,0.157728451545173,0.945054049102989,0.407886293540567,0.563175147916514,0.193939308708315,-0.919338407188372,0.0198107504531062,1,0.741459404922454,0.335589433079261,0.325614282980918,0.805141886511811,0.141482843380919,0.824133745555617,0.135593646516465,0.753348994432614,0.132969672142094,0.826811961187119,0.159830132013646,0.718736595057008,0.183682679367332
NA,NA,NA,NA,NA,NA,NA,NA,NA,NA,NA,NA,99,NA,NA,NA,NA,NA,NA,NA,NA,NA,NA,NA,NA,NA
0.921316261579633,0.116544725387641,0.933038425091934,0.136027059781849,0.328963158874325,0.077616568254306,0.309277416885963,0.223112667749914,0.222206991984594,0.106092576950185,-0.874468206300276,0.0256691222961515,1,0.696642529036551,-0.0310242848029215,0.29404546530079,0.569342436701763,0.131352719599109,0.636600037293481,0.121975964239987,0.587609207741151,0.135926933516801,0.807955631692973,0.126451130983051,0.701561234161112,0.156345796416908
1.11617562042183,0.158046740759385,1.11243017661423,0.180319777835666,0.692036707665565,0.185216071828999,0.930879956668132,0.477789999219556,0.76658650402882,0.270149384034213,-0.930873016329246,0.015445044179789,1,0.955102020418304,0.221798402348293,0.325810564967164,0.93697157243868,0.125118805643048,0.505392370807833,0.126210919778899,0.768653931606978,0.142459989833468,0.939016987705835,0.15785879090838,0.871849595879663,0.171574445589853
1.05715041810911,0.144921490926835,0.852574265561818,0.137032512228433,0.542612006163209,0.123479606978253,0.195899047016299,0.147558705271149,0.326032474896928,0.13540993720018,-0.894565787139526,0.0210243059612579,1,0.999999998967244,-0.0522418031066369,0.369719146301864,0.761759317038955,0.141645025164721,0.600215027586995,0.114061646918998,0.615435166714674,0.116540972794564,0.925820457677284,0.136042029993786,0.446652699301861,0.204314000742497
1.0282141005992,0.143063681086264,1.00643687483545,0.162847559655639,0.542734051749845,0.123483303201426,0.476394974159916,0.260349650010218,0.508483799593231,0.175559305498278,-0.865987618382905,0.0290968065435295,1,0.99999999978669,0.178329061580848,0.298688977399674,0.427382606851473,0.144996108553184,0.572396805198012,0.148641712809007,0.6142343344737,0.12893317822438,0.891047530411309,0.135048801216934,0.694743847846824,0.165562037959784
0.980125513671943,0.148926827903097,0.84306535174148,0.168369026099685,0.432394490822888,0.121768404773307,0.913494264346157,0.448718153452612,0.502777502670101,0.179072656380261,-0.89017784219512,0.0278579674271883,1,0.799986849742228,0.0217549979116106,0.316667716308315,0.85461532503834,0.144640460154039,0.602982121983781,0.154523227716729,0.64794367503244,0.149741772020039,0.728540288480573,0.166392156417893,0.868417321924372,0.169910935301994
1.10397599861754,0.133402345737377,0.936262164486921,0.178367698747261,0.488032483724333,0.125971523668632,1.08177080344644,0.488426177964434,0.517492766900558,0.168146151508763,-0.902853088592853,0.0211129898509403,1,0.712216926879698,0.106105302405006,0.360092198390415,0.676871302133034,0.138458392610458,0.756188402615585,0.118185111144718,0.675018953910886,0.129721664053297,0.895436647172419,0.126917460023259,0.718462943691458,0.198898878665836
NA,NA,NA,NA,NA,NA,NA,NA,NA,NA,NA,NA,99,NA,NA,NA,NA,NA,NA,NA,NA,NA,NA,NA,NA,NA
0.875434662818429,0.121692517274077,0.962123380404142,0.133346760670781,0.471441963455447,0.119341486577008,0.184854342970367,0.126635093475323,0.29520856085681,0.124234854684257,-0.882191431142948,0.0265436288483315,1,0.999999999999613,-0.110591418567064,0.28299955665092,0.764736751872897,0.125162223805868,0.399425097287579,0.134460555649078,0.482862806588708,0.140555449990204,0.634180341720252,0.143357632362653,0.598765395089452,0.162707900849611
0.845558911288796,0.119788043771542,1.08959821470519,0.140553578995697,0.430996984358054,0.0995157270858283,0.13084566428513,0.146680441704188,0.107849774568593,0.107513135493606,-0.8671972161621,0.0267995361067251,1,0.454153282747815,-0.47073013963818,0.283154924972844,0.718635086412353,0.128062136135884,0.621146239378145,0.116292434292949,0.536894188983184,0.133464505988633,0.683655990685139,0.137004246424501,0.549734052812883,0.196441124583191
0.940483294311787,0.133650834253793,0.953220066197502,0.130552619196242,0.42710257455017,0.103741877733243,0.172406719039857,0.196179328532513,0.271358314094731,0.107020226211294,-0.872978791377003,0.0257456530359509,1,0.999999871370636,-0.0185104906148936,0.268893502647182,0.600694114778995,0.123715998335603,0.559125731425763,0.118042132693343,0.605064813333168,0.124757619118901,0.629430835448121,0.129471261065095,0.514764727233332,0.190010940072987
0.868065439959446,0.139393280398453,0.969140609101232,0.142140229546732,0.48541471510161,0.107684386280178,0.448982118158005,0.253239773634153,0.368004089597609,0.113042530094585,-0.918680437558729,0.0168694196868482,1,0.788282080116438,0.284583101255993,0.350602146519924,0.649186053231565,0.12130509137818,0.751967976382236,0.116407016409622,0.634945427369214,0.149339915160772,0.679406718705506,0.154673803291111,0.639067306393521,0.193756639554554
1.12432431059266,0.169319907640575,1.01097888568452,0.200420080535211,0.759320455768107,0.198001078977139,0.904236019322175,0.457430505176375,0.702560410327678,0.238688884305764,-0.900974463679929,0.0240344684481727,1,0.847871860901341,0.335549262333889,0.395916859898936,0.74670767239111,0.126048445773243,0.770649022884923,0.141429141203105,0.903758268659594,0.156955461948694,0.53809807522074,0.18101483437695,0.790621862967209,0.202208046167144
1.05696767063849,0.136416430559482,0.978949050437324,0.15128049647199,0.527481685859829,0.126541556997811,0.460400497351907,0.232279359413406,0.492801004984342,0.162872763321519,-0.878154306275029,0.0268016869633271,1,0.99999999999936,-0.252699627224652,0.303255564420998,0.931707515120244,0.119206893341454,0.459408283481127,0.135242015552166,0.777778149040912,0.127460564445388,0.7196591483547,0.152774228181154,0.594019411681874,0.189987975185565
1.00822450953258,0.170692707941795,1.27201963371989,0.23770362799606,0.567020401524711,0.158840947946182,0.833348340544636,0.467617055359682,0.622752880378845,0.231917151400711,-0.911103093742726,0.0244231005407222,1,0.905947675195901,-0.422354546210879,0.34386800232901,0.74970828748936,0.159276877299955,0.822677346160036,0.139369493290769,0.517998767055902,0.152217406628654,0.59394418428293,0.167210092212524,0.546079720968054,0.185747977636892
1.03133846378789,0.155724830049653,0.950054961892586,0.173588647441357,0.596423713716545,0.159994506296624,0.921825448190113,0.458130740122573,0.635764631937724,0.23018469347732,-0.878577491349484,0.028373142958309,1,0.8574218887113,0.195912225619724,0.397898755766296,0.687610757802549,0.145337527997983,0.730244046926778,0.130334395686488,0.363887746970059,0.153727055416139,0.528991796573071,0.157138224044639,1.00527498802428,0.155867670686971
1.15796286663366,0.153544649012912,1.10370968565391,0.209402913670767,0.685597787198556,0.176368248217473,0.97995237536884,0.492737518956034,0.659685741010066,0.22785306079732,-0.904786110690665,0.0206923221125771,1,0.804822127835252,0.252370701004228,0.342012822513067,0.799036247442117,0.139222466254324,0.854355139239485,0.11889676246791,0.684520291156347,0.143733648328681,0.736516999997895,0.157238264061766,0.686635003026952,0.203826793773056
0.93730758395383,0.124405589043443,1.06887221056962,0.152614213448027,0.509410964501732,0.119542034743679,0.479893169479098,0.256194274532956,0.494431837812674,0.16872623767496,-0.889546688014991,0.0228401205098432,1,0.999999999837761,-0.243383563974593,0.293977165240394,0.61022524010262,0.127139079368796,0.725971255881437,0.107265616357885,0.541240569824008,0.128466634484252,0.773718500845555,0.142614326504318,0.747314202159731,0.176010126809446
1.13650259905063,0.145413492242,1.04817196293172,0.176057082510041,0.564159311962356,0.125838012788747,0.713883214419437,0.339823841661649,0.536851587215996,0.158897939358434,-0.886744251295859,0.0232585625224269,1,0.845940418411993,0.0328828562214571,0.360505135941308,0.392378453407151,0.153480676358203,0.826032355812262,0.118784253533316,0.852162096660594,0.113994169960647,0.634879349723474,0.153858259603885,0.80307937906843,0.16993288300795
1.03771928914687,0.157377487951858,0.977277199213298,0.180122111131011,0.777458348538128,0.183164382750593,0.884988971154476,0.416579384333083,0.777952025690066,0.236154561392515,-0.912203581766198,0.0178593270177528,1,0.937875780756655,0.0541695895969518,0.344202872308099,0.833202459294843,0.126056180808166,0.61326053579412,0.137620736903306,0.917808250307462,0.139850965441565,0.759159126672794,0.158672113360797,0.744542637343615,0.16548286776445
1.16962932292272,0.142923909573108,1.15410047237257,0.168601740737047,0.654242807976019,0.152077155102613,0.599117726541995,0.344195083979108,0.623206949910749,0.189292232799611,-0.902187259916243,0.0220893134860689,1,0.995420830062224,-0.106112744781508,0.323394346062523,0.689959916520965,0.126329371982394,0.766714567321136,0.109652421504916,0.611156047828289,0.129396333605126,0.921746458007061,0.146627981952808,0.54107673498628,0.192247132814634
0.997892805505975,0.157134591112715,1.15978137029898,0.177842827402032,0.729854508693077,0.183485116078726,0.306961528476833,0.300885295745893,0.449763598026017,0.206792508409636,-0.904906100903043,0.022512884524556,1,0.950220029488916,-0.542118783901722,0.285831000717313,0.885704265763565,0.114384881016522,0.746140978932842,0.13150531180126,0.609403127988767,0.147130269735965,0.726065228786348,0.162008287343477,0.729708962643642,0.199811148253894
0.974168168987609,0.141054090685582,0.881286078041577,0.152108007691748,0.520861456372537,0.133735415927503,0.597465661320427,0.323184434177886,0.557850188186287,0.185462949121133,-0.920289829179515,0.0186339850905777,1,0.999999996740868,-0.0194389729010981,0.310816773010357,0.959100471517241,0.117682745818809,0.598083687902018,0.133828387512998,0.86114365717809,0.135675078500919,0.720122674387939,0.178046018444787,0.817728983448902,0.211810393591343
0.94715105421797,0.145850630208492,0.692543229715278,0.158411565822875,0.558142357721964,0.139104509606742,0.622548330311944,0.412551996461912,0.589466356220132,0.195851465192453,-0.920421992277264,0.0191344033864586,1,0.999999988832522,0.238502886421305,0.350615188872441,0.568455038276334,0.15100210212697,0.868965447834211,0.139667401070088,0.759562256033943,0.125770272174595,0.588928596308282,0.162956035012103,0.763877327425947,0.173047140219214
1.04999810074809,0.143372392080669,1.05892600263271,0.149171619141112,0.326910598161888,0.0909966631078113,0.204624759641372,0.175644627528946,0.253610197409894,0.115192318999967,-0.886300007087613,0.0266466005694973,1,0.98055762418472,0.324862592008848,0.281880098585943,0.533023667854955,0.141104845848464,0.641634220690205,0.1340377664661,0.654737579514982,0.142381458726019,0.542985904700435,0.153592391346314,0.730240371639967,0.174772485106325
0.919392018416714,0.103387455882187,0.815402283372172,0.132673269639847,0.420315937517469,0.0958810517855848,0.383119679365207,0.210764542877362,0.375965755628811,0.144035320028342,-0.900669799390753,0.019557178326808,1,0.936899765689424,-0.0142691542720226,0.257350616519855,0.760288321483736,0.128743073736693,0.626400462485827,0.115949161766758,0.725109370170948,0.111264221860677,0.58888709078449,0.151160696556816,0.860488561796307,0.177992056126686
0.900781353142147,0.144672901536906,0.727778122806304,0.169868144664074,0.579027668247127,0.147406624246654,0.869232668442248,0.477702670005297,0.671393551114105,0.230567683030392,-0.903300316785537,0.0209269065227919,1,0.946366780289167,0.259451600770978,0.378493646761067,0.572312695485023,0.132374899423624,0.701202257322971,0.120012628112888,0.551164882245312,0.148898160801634,0.678499430357236,0.163304303740682,0.83783901355935,0.198460831424613
1.07172387621346,0.147359625177531,1.07165281883233,0.149807290171551,0.505324235823703,0.125502767045052,0.421661027200494,0.234984804856004,0.449626456239498,0.146061208698302,-0.903523936332754,0.0197452798128723,1,0.974058548759921,-0.140808134706705,0.293305432049933,0.817609710680569,0.130636697002105,0.803301172349043,0.128433157323351,0.75800119628133,0.121886478614683,0.727765923361384,0.142996572158997,0.76158958813373,0.200276265847665
0.96801069096932,0.138187481099629,0.912553068784102,0.155822298737199,0.480251439704007,0.122078036581735,0.299575406313087,0.258972253800822,0.254543806531123,0.139912571804252,-0.896514860136164,0.0218559638743912,1,0.671081270634672,0.176022661918031,0.297219909090298,0.484247720364624,0.143297920427192,0.683138798677053,0.130510037906046,0.758753156109389,0.134727746942774,0.653987133609218,0.160424958222309,0.516671033830705,0.228363568440708
0.89199297726762,0.122994833892883,1.01920857165483,0.148537927872258,0.417492980606706,0.0993667164032169,0.503510398666483,0.286724962398405,0.455452953835326,0.137850531638234,-0.830719722215998,0.0323167766204308,1,0.993378398791542,-0.27366170434318,0.273473635984264,0.757106949986613,0.120031111801536,0.48825124798089,0.124803360695964,0.642027728079487,0.12059348204503,0.676884268373728,0.159317258210489,0.859033586914539,0.170216737872804
0.879208180176659,0.128761134253681,1.00868435684352,0.153818194980066,0.488548506745694,0.114170288922675,0.711794968158479,0.277598161215317,0.589700236350719,0.165583436334917,-0.879341047693819,0.0257677096316889,1,0.999999999926916,0.166896455718915,0.300242602269851,0.542855714739607,0.134823578951234,0.642705429943307,0.116071095052541,0.540663752997112,0.137889498139753,0.718234994686058,0.154625660606806,0.635746517193693,0.16426301415198
1.02358003173647,0.152314878211994,0.882292928956182,0.210053588452812,0.494556193442546,0.139889461867137,1.22026101826045,0.584276991286826,0.604034319995573,0.219946993174616,-0.920411583815228,0.0191826517913165,1,0.777548384993569,0.0722511654831892,0.325961350986151,0.80968408572081,0.135796836519353,0.768629871038581,0.136700521790257,0.809624216806801,0.140714011472273,0.767916049293969,0.19139909664096,0.376120744195751,0.257892092854506
0.915630607563969,0.137387646083828,0.94089512883414,0.158153234984148,0.513952215146863,0.117145827332835,0.483893200826785,0.244975617607736,0.498696282726191,0.163536052420028,-0.897588950316094,0.0220388459346725,1,0.999999999890407,-0.249852897450431,0.381672428926384,0.857097125483059,0.134582195680702,0.468913519229205,0.139490546268681,0.678084489394631,0.121707173946981,0.803028050536223,0.127565145172017,0.774722754735044,0.134831571481034
1.29727653093047,0.162285055034872,1.24091736123515,0.167544750931589,0.665457596488384,0.169680324029502,0.786392081546626,0.355679927109987,0.723402090453601,0.222630550088456,-0.916594860116596,0.019420769882504,1,0.99999999998961,0.497928490779785,0.341525638501297,0.844442826051633,0.138063359576897,0.677803864135359,0.140154728269525,0.840660466381705,0.133063490955517,0.712912146567429,0.167868348453923,0.785417698447278,0.177653314276392
1.26717439859736,0.159233698324805,1.24345939234272,0.189247180061339,0.427812249536945,0.114779180933341,1.05398681431368,0.529463452330876,0.549885390931264,0.195498664445275,-0.8885683668394,0.0264514458624489,1,0.818894558128874,0.722393706063445,0.34845614863481,0.662353847137884,0.12656075525999,0.867465981046475,0.121994098370992,0.630150476046369,0.141747242777912,0.929574005267436,0.160651054843136,0.790148475620626,0.200954325035538
1.03380677634926,0.13450261540262,0.977105539326601,0.154880693763144,0.487212866197171,0.111312830181223,0.582982023535878,0.278270579121249,0.403196720813931,0.143994791592739,-0.893611016814008,0.0226711641095769,1,0.75653676043634,-0.0667478941853797,0.302292733116541,0.666649690224372,0.131949236053014,0.886003363031392,0.10447302974253,0.673156778506836,0.138131185303293,0.655630197069625,0.158261806860734,0.672113724910895,0.190944106333622
0.805231287008192,0.114323415933569,0.83145765977853,0.130546457541856,0.433089929962623,0.0989991991900134,0.090331108352004,0.176760886691105,0.165472537280126,0.104510057621184,-0.894076996924041,0.0210565702913049,1,0.836600681107173,-0.350305419400614,0.318898743049604,0.831246386072643,0.11706020425097,0.395724693800829,0.124071304587412,0.734565481571992,0.117831802262413,0.669304350383021,0.121967958603621,0.480728259969879,0.18621642721538
0.864602936255496,0.119483139221774,1.02927864679878,0.172022552930342,0.385442199825666,0.0965185445926167,0.320625298694808,0.193509123221624,0.351543056318149,0.129172242782865,-0.874292973909403,0.0256267334332854,1,0.999999999987122,-0.46416038606759,0.258983876144704,0.686489867456139,0.12213671624967,0.389464207864749,0.133032427922132,0.509273719868961,0.131770953706336,0.6020473574527,0.146780321360906,0.353621080400723,0.183076303901353
1.15299344561254,0.131232078803085,0.872847581017629,0.164247565587942,0.507238339581934,0.120836367250518,0.849185912722146,0.397920456953047,0.656307589142127,0.199858354826104,-0.897475855575005,0.0205139593463774,1,0.999999999071365,0.0183014794673082,0.252450050511014,0.764756955644426,0.124938137952244,0.71406586676541,0.119809919905795,0.695171954425269,0.126607389832529,0.448586393661146,0.154883016009225,0.836096581169646,0.147606489864747
1.09725660045797,0.154002839299787,0.849841871062611,0.171850836027281,0.51875693776012,0.133823470029998,0.86494559004767,0.348623825994874,0.669848136205369,0.200920592612232,-0.903994738010293,0.0222857799814809,1,0.999999999950476,0.621412533214606,0.348899931932076,0.629719792471411,0.128470454295716,0.603011261461507,0.130853992280666,0.666370498596315,0.143097678731872,0.468377550735218,0.182050039423022,0.682872088335,0.171258321790508
1.13053973923452,0.140567947964719,1.05770998404093,0.187786705352412,0.632782828778478,0.16025661042538,0.687234585382363,0.389733938281235,0.603440716518932,0.207001381767895,-0.89344439064847,0.0220322142247123,1,0.915070940471175,0.328415401631691,0.210342890554382,0.714769625850491,0.11699440686933,0.538861978905718,0.141675409986973,0.785595982471539,0.13083074826473,0.772464905363609,0.150873323497801,0.535501369772416,0.198628998675797
1.22148348618434,0.167247426178032,1.58011586979702,0.25305862376217,0.884226787392176,0.249643202919308,1.88431766725202,0.812306652788512,1.14901968252612,0.384449359696517,-0.904801063448952,0.0241323088477287,1,0.890161023359037,0.104664013198204,0.357127398051312,0.736068167338403,0.144925635043806,0.901223838507794,0.130124216682407,0.869892730666113,0.137851359058702,0.92178580342492,0.137792514540457,0.792145211296718,0.191456294068919
0.962083672387108,0.13278310043721,1.0765438666978,0.159788767261407,0.630612454602761,0.145447955645159,0.512245725139965,0.283101105713738,0.537046528355007,0.178256037343028,-0.889955423851589,0.0206335987858943,1,0.944912230260459,0.162835637624143,0.296599455335046,0.510196864625694,0.140876607375752,0.603026620204676,0.12629863179775,0.728192476248202,0.1213195812661,0.375379460594883,0.178876643459426,0.692126446063012,0.15563833218705
1.10551610500088,0.174607007585387,1.12261170137204,0.221459188996802,0.731792515762618,0.208257415579064,0.605074870428233,0.415612592028892,0.607283884524015,0.258860457478801,-0.887967357091396,0.0282511734617124,1,0.912626796622131,0.0640949612286265,0.331967315769794,0.872125512034267,0.117544840146734,0.64556053780414,0.145818725424688,0.835046737658791,0.155490932947166,0.42053790279367,0.219074652440451,0.61159627114713,0.220137609188828
0.671526879717269,0.103460167543052,0.664678965533164,0.131074557522281,0.205745858451267,0.0514943139507462,0.182781465970791,0.171761572258797,0.192256960238495,0.0687525349254064,-0.864802361805986,0.0261883956030682,1,0.991403487707232,-0.122074756360638,0.243442745846405,0.477700355260658,0.123700101895325,0.639193362853368,0.109450838774368,0.500082815079296,0.141309157131237,0.567046995126722,0.158562161898009,0.278895616379088,0.243875133427316
1.25416950717003,0.177426756678442,1.45470523440985,0.242121222729743,0.683999996198102,0.18356647221039,1.33747013238411,0.533244130724143,0.753102981357713,0.247309018215842,-0.898923067693837,0.0253638388130754,1,0.787379803861602,0.351600909537803,0.347568190005017,0.681821650316121,0.144957749252858,0.702865974566871,0.144104199871962,0.881030832747091,0.139535126644732,0.870973371889615,0.158173832155704,0.854889876013392,0.201975908841383
1.13882818266877,0.180726505795655,1.21308832177981,0.188456177661203,0.616029903729175,0.170272458937839,0.49704413258942,0.346098246545425,0.461226419833402,0.200060280299415,-0.889881634490053,0.0294796032357626,1,0.833519574795047,-0.0471399112151372,0.319390803019715,0.982869219187924,0.138024770135822,0.66435121560113,0.143426217634534,0.635100498706421,0.1599509814252,0.502505769283715,0.190808165453976,0.892746851038406,0.178914060582605
0.93549244556216,0.144738351024425,1.16658410889915,0.174242104385942,0.564289451187549,0.144539478621626,0.364630142146212,0.259329867819638,0.443916188963395,0.17798325904638,-0.901832496870955,0.0235728518671514,1,0.978641738407977,-0.130367825733436,0.303616772409942,0.408224169393243,0.153623056036188,0.707051311411909,0.130559128448445,0.768213101317629,0.138528484658435,0.811613443920656,0.142215943655841,0.710242464095841,0.180571138649359
0.872641960512245,0.138791479694429,1.02988419599291,0.140964340032621,0.497872339417023,0.117489717356228,0.359947677701331,0.209050940064144,0.355201945149624,0.128988360785464,-0.918197637360304,0.0174949646398339,1,0.839067013973693,-0.143528959591964,0.3699287931539,0.653845230225655,0.129953510000522,0.769146915565303,0.128729533339604,0.505690340945793,0.152131442803677,0.586756955483443,0.152136983464055,0.786877254999193,0.17325538715483
1.01178204860645,0.140757158825108,1.01453968570304,0.148180016629331,0.556620878628312,0.132929683342152,0.189262040128504,0.133921116914003,0.324572338701166,0.132481722058866,-0.922208868756302,0.0152462404061547,1,0.999999999917556,-0.0834149090429257,0.335482719606715,0.708938616066512,0.129895696291891,0.626435143129411,0.135600470028902,0.598699571872936,0.139327565879075,0.789999118180724,0.130607695274646,0.830827243734663,0.139225834308558
1.10302495190797,0.137862151620756,1.0493165504474,0.138588454641549,0.48625645827203,0.111385727706567,0.386761471353373,0.204295572515348,0.433664920481664,0.148526582607618,-0.890523063129826,0.0223143659732026,1,0.999999999999995,0.309277680011966,0.334262879389163,0.597396495969895,0.141577706360619,0.794804480651063,0.0992156860831861,0.619897258700846,0.119204207892358,0.574333217820657,0.1508010819193,0.814400338415765,0.173735700839357
1.13398131444923,0.17600069228019,1.15516492652004,0.215985017309453,0.714686074231998,0.197801580575549,0.865078820847771,0.485293156796689,0.603873702157553,0.230252437702952,-0.927393994548531,0.0176639675928098,1,0.767998934255747,0.107437233797779,0.323663332586692,0.730503152520628,0.143452073987929,0.962228385559939,0.135157010764215,0.692442281054517,0.158814138342076,0.653749677789853,0.177476926910997,0.919355939385521,0.168927403614186
1.11129513353311,0.17917979540074,1.02659290362741,0.193212196632808,0.728473220046073,0.189943385791561,1.02680896917296,0.469370754467321,0.602011005156999,0.235509916107138,-0.904380798735508,0.0234745807398742,1,0.696069826561524,0.116602818443791,0.354660944085408,0.604485424447096,0.152364117186934,0.84765293212025,0.126221759868074,0.769336074569908,0.139728053579252,1.11241077782533,0.163359678433718,0.765555350561842,0.220896149513125
0.909913443977253,0.138006638420796,0.726178551979237,0.137250885194854,0.494089333204463,0.128348780534799,0.101151862820697,0.196034010843528,0.157982535738497,0.118294008475933,-0.903959842998486,0.0225110204140901,1,0.706674464795756,0.314508833400275,0.313915598077086,0.562000484323994,0.143229512335581,0.637808553196721,0.140021317193657,0.690342195856028,0.137602675653453,0.576236549671706,0.161513338624419,0.61504065186156,0.187042599427122
NA,NA,NA,NA,NA,NA,NA,NA,NA,NA,NA,NA,99,NA,NA,NA,NA,NA,NA,NA,NA,NA,NA,NA,NA,NA
0.98273713926542,0.167333066403387,1.1414558259047,0.215796302344045,0.833244446663262,0.233001747296137,1.45404668836314,0.670658424362444,1.01611763355881,0.357701035962752,-0.913770262254269,0.0236956634995888,1,0.923142186912877,0.0017675718851319,0.39018292871386,0.863296237300781,0.154242139954155,0.832375845733724,0.144517757135378,0.688454578703864,0.126064655684094,0.636245840078374,0.173122537886599,0.656492877053704,0.212162490368829
0.936006890274972,0.115863460103701,0.933569847733067,0.140188965302548,0.486655640928198,0.118570839235647,0.273880466934855,0.26653573253875,0.317971783702067,0.138557220842879,-0.869864807268871,0.0266862766208204,1,0.870957919375461,0.212604230584033,0.23348073463619,0.589678637276073,0.114252251108998,0.390709412497913,0.127774821889671,0.681604501729801,0.118777572016907,0.521403424619481,0.178271624268041,0.371399370215368,0.195270476633172
0.899163280521306,0.133409408512959,0.940075038990737,0.162912997454517,0.405803317618741,0.108174752339533,0.589558062671698,0.372459594479579,0.412423037674498,0.158583296079501,-0.898330579114973,0.0234141671022286,1,0.843182974146861,-0.195845799785977,0.282673307039563,0.687268099362132,0.135921560544854,0.90471505574815,0.127002945480733,0.686592715266178,0.144096725108554,0.649638407504247,0.16059867471374,0.406990428921197,0.217944865208603
1.21177010024066,0.17808696621161,1.26731644395285,0.194083311014121,0.764032280958041,0.184262906873825,1.49677792732504,0.613347010172789,1.06938611006521,0.299756847712628,-0.923233725535601,0.0181114385877055,1,0.99999999934356,0.308978218093086,0.307920345839814,0.760235844104067,0.150293491946497,0.856416841629906,0.119677082952101,0.748204737114571,0.133845993251394,0.870317187369496,0.144147150620263,0.497368532762434,0.212479279345161
1.24775697785711,0.195240399619015,1.12412516090961,0.204120868381447,0.710967314112184,0.193457816224528,1.03774697111554,0.555972637270014,0.621589382436827,0.2454003793699,-0.904499330677448,0.024462816279269,1,0.723657442166788,0.987081336749356,0.460721124737632,0.517525187304808,0.160363273121384,0.891937304683431,0.141125810390097,0.80431798931094,0.154501397280722,0.881743715535494,0.144268675865851,1.05666704422397,0.179117122588839
0.97469327334932,0.132077243455555,1.03160071943206,0.136485427046802,0.611079030280743,0.154901004892522,0.39493262991533,0.186555119521212,0.491258637086891,0.161775314497001,-0.852407316359721,0.0318391705273978,1,0.999999999995001,-0.267492131952625,0.345477860653351,0.67832557913754,0.142316676794538,0.73220110472579,0.123603427721545,0.668962480553703,0.144813035958002,0.801301961440591,0.133131294008332,0.629960714572476,0.150042933878894
1.29702616877389,0.165829402647683,1.29339115031175,0.210045057532208,0.804843085883466,0.198046497868433,0.829995068170789,0.43039751507211,0.515459066051877,0.222525824577143,-0.932453806804227,0.0139603136866855,1,0.630668032447222,-0.034688750044778,0.428535211200853,0.741682606020241,0.143784760928683,0.836914819831466,0.115501019991343,0.868876849542947,0.119541836344856,0.838629685179713,0.155162247060429,0.929881070487707,0.17287819557633
1.29869849251164,0.156706745279526,1.38424803337745,0.20005582829806,0.605983321879655,0.145807416527649,0.612363408130679,0.26087668233002,0.609165012332716,0.184033069581421,-0.881814930125984,0.0239032012487533,1,0.999999999991568,-0.0970077980955059,0.28792893646621,1.00702780066508,0.113375164945949,0.515544018582247,0.131468346018402,0.768246435253237,0.119429212864278,0.649464869992546,0.16187265235876,0.712890105798531,0.186387531746279
0.87093535456908,0.123349300934073,0.951302221570661,0.166952846875114,0.455750801944296,0.111802166283452,0.476398904345934,0.252774689817362,0.454285356887947,0.153314139776223,-0.876355275936214,0.027750254067539,1,0.974943931881528,-0.274129109975402,0.272367323333799,0.721720636484747,0.123754271880662,0.605211379292136,0.129789779468345,0.661919533023713,0.141413113681709,0.379647099949196,0.181737972727817,0.742913894292046,0.177569444788896
1.21656572147677,0.161230195690329,1.05800717241529,0.173641223671615,0.567954263503447,0.150897978177542,0.435666322866688,0.225868429816276,0.497431950387016,0.16962650419429,-0.900516107702226,0.0226065116731144,1,0.999999999452037,0.68560560476819,0.32383347954825,0.653309638907886,0.1316554364052,0.857263349268008,0.129722144327193,0.755587567311465,0.15520552419979,0.86791383216118,0.164233204018374,0.732986236226883,0.152271298692554
0.858974739841161,0.134282120400755,0.954349486038326,0.163529337919834,0.50851390754433,0.122171841147256,0.64589490149042,0.301378832812123,0.56232784142199,0.17532059997268,-0.882019115440246,0.0260251499127684,1,0.981199324770781,-0.0685072011157682,0.314967798526933,0.605620372804089,0.114348949711004,0.792385818240163,0.106763626384373,0.432659337007273,0.16704113934534,0.769824056049936,0.160463391393512,0.745724790147543,0.196996862939881
1.00034701011796,0.130098350714743,0.812904502160112,0.15039942996453,0.383757607615874,0.0908070658918254,0.207195595859182,0.149962019543132,0.281980293939684,0.122352957385122,-0.86279308914082,0.0317891321869856,1,0.999999999967588,0.0972777215385238,0.292609339288956,0.687398750102419,0.126523162190973,0.615982898441696,0.132292804716963,0.530750186576901,0.137658972799836,0.512880399513971,0.158027569506711,0.787820064079136,0.150951819446825
1.07197410625515,0.160750433834933,0.91058673538816,0.159521953299152,0.783475525756854,0.193801951952911,0.249987543101751,0.175047330675248,0.442559738074188,0.186502412473733,-0.929529133627456,0.0156437883708101,1,0.999999999999963,0.130851213709213,0.363701557437465,0.822517414696451,0.119434832166217,0.468825297968577,0.136509580912994,0.753250745927348,0.131764320547343,0.907920331576772,0.151866612079209,0.913495398765114,0.190779416021443
1.09181426475034,0.139621787143791,1.19017286762427,0.136653240828365,0.651142509508885,0.125812190535045,0.329861331271128,0.30195242080828,0.381510680862656,0.163372772570852,-0.892586301323732,0.0197907811523962,1,0.823195471951857,0.412053847946871,0.352568404832222,0.76619819723451,0.107525772821543,0.749031996154578,0.10938935048117,0.6104841681199,0.125012785392888,0.716123075149295,0.156917777228434,0.45284078278839,0.204458373408845
0.902916257131721,0.146472099925312,0.818835793922693,0.152513854405013,0.767817307262708,0.183402256796813,0.593022879249159,0.296590145105196,0.674783839573493,0.221693535461101,-0.890473916988535,0.0220784334537141,1,0.999999999845474,-0.0801144931940959,0.324565975459642,0.795534248215796,0.113046059844134,0.891538834751513,0.118309775077032,0.76807234527033,0.145319806070825,0.896133473415363,0.160718719948169,0.818020470826207,0.18505490949139
1.01765315745146,0.137204131059529,1.18480972009402,0.160890062752011,0.469739607547299,0.113761782921456,0.421568739941636,0.261993663654918,0.357925861694553,0.139344555084148,-0.890647483603983,0.0235707303577854,1,0.804322631979917,-0.165108334696172,0.340364404113865,0.807839227919297,0.118000898464218,0.629963335904156,0.122457313368251,0.487984261971819,0.15222061468021,0.634437301739969,0.148213271431394,0.862295676354721,0.149339366426206
0.90234934131405,0.124118961997985,0.821271032772576,0.157726607995829,0.410209074347436,0.0803707236778752,0.632663455633706,0.312105136969798,0.381678625326542,0.129641328880392,-0.879800465341915,0.0211324317817233,1,0.749219087498493,0.245796292447419,0.342208836535879,0.77804753581216,0.116153542243838,0.552464242920935,0.111085456244396,0.538982027321905,0.129685788303728,0.447615501935912,0.143071952361947,0.696668046164851,0.140256606481846
1.30881011473913,0.180074685623603,1.34814008003192,0.242673359601052,0.786951749304096,0.214479501602337,1.04950172145175,0.561946867362611,0.813087267749763,0.291748856180604,-0.9140140970426,0.0203171526394951,1,0.894687830748434,0.325502895234448,0.37405183758291,0.873565480781633,0.155957741034539,0.693253066106507,0.162753845125122,0.869837307938705,0.139106644195102,0.750912072202888,0.165307874109624,0.854870423637336,0.16661285454281
0.801640475953523,0.119777350344202,1.09288273067022,0.131391827854775,0.482619181276078,0.111549241508038,0.434579872795523,0.222607299098443,0.457970067151835,0.152891736747784,-0.869874265978302,0.025812528929051,1,0.999999999998613,-0.0881389196301378,0.325075710479273,0.459497645833393,0.126864024633267,0.545477596597683,0.121286684229724,0.638317241838571,0.121916046335052,0.617836079117387,0.147368113701554,0.666953008234969,0.188237574690286
1.04442820583884,0.147095869666729,1.2394643294748,0.198499600845868,0.498396986559598,0.125277482973431,0.904909995033778,0.494073402863036,0.541556348193965,0.186629771537726,-0.881118745225323,0.0256797682432712,1,0.806405079252244,0.436458796363985,0.343331841565445,0.517382337821758,0.153161341255404,0.542963357517417,0.144985730685091,0.643577167910757,0.136575556766569,0.88353213691202,0.162411993777995,0.70827348018755,0.184966306487556
0.915062079845841,0.142858731010369,1.17715520910505,0.180469988206939,0.626415697293557,0.152210531995731,0.747481176696692,0.391383782245324,0.643501930345188,0.197027982337482,-0.888766762938856,0.0240912169093283,1,0.940412531404666,-0.150276901969881,0.324953569478436,0.709389643988657,0.133080470000973,0.56524104901965,0.125847689817202,0.733042236046843,0.12987936025649,0.428431729876426,0.174917272509722,0.826066147765206,0.158046627700111
1.35438811157445,0.157420654385782,1.16459734096906,0.18597741296078,0.585232286510268,0.142819196827248,0.722659590175793,0.333280172407309,0.650325860074858,0.21011890387312,-0.931971836970042,0.015921979887378,1,0.999999999946741,0.0493655938617786,0.402097292305657,0.892884630292669,0.160979560390379,0.582688571815395,0.147445639949252,0.646090761940801,0.139911141696996,0.938846071031951,0.10915918051764,0.753476740398778,0.162484615946939
1.11009102149822,0.165826893671133,0.865092735477681,0.170033530492276,0.726220140210251,0.200800795577198,0.800801710335562,0.460722431093128,0.713352598029834,0.272926566426728,-0.906199460693947,0.0235131663668535,1,0.935422058133422,0.258719999683932,0.363547590174192,0.738466146056263,0.142706320147442,0.788301173068251,0.1393639370794,0.658913310950519,0.15045422093814,0.974774657598486,0.153464865315203,0.611198204908066,0.196890259172586
0.907200443618534,0.13477600551028,0.952945252912491,0.152696708483176,0.532899467259444,0.117776854284789,0.470493082710187,0.219170514980268,0.500724987513789,0.151032243209384,-0.860462713106141,0.0273068603025617,1,0.999999999990372,-0.147977430607695,0.302837481952017,0.591493983187167,0.13368566047222,0.651601249572571,0.118639617385107,0.604007942797631,0.134460316119505,0.734001927536846,0.128641707518371,0.610287586924313,0.189279402022551
1.16380506132007,0.165916971147731,1.13988251366339,0.180737046481533,0.90289859404829,0.21632231604679,0.791470118502913,0.312546466281194,0.845350375375312,0.247081560783935,-0.920670746470874,0.0197113908981045,1,0.999999999943793,0.267597587359161,0.38774930023447,0.711807668240165,0.148760773222248,0.690577613259772,0.139929557573951,0.734727857563272,0.133098746240931,0.838895691152353,0.144501553964914,0.799797651930178,0.187554742457394
1.0001142652849,0.156185903188475,0.797691141042162,0.178950954281891,0.563718697304304,0.156486423457328,0.784365921977777,0.408680725146053,0.591417724514481,0.207506152603912,-0.833606302812702,0.0391257668617252,1,0.889413583246752,0.404316537333533,0.291152725475789,0.450578859026209,0.137096331445897,0.574300901619619,0.138560001453859,0.682685984327168,0.134177615682077,0.633115302688236,0.155143543022576,0.62435825655147,0.195949838449069
0.966996175184217,0.157867764865525,0.633025027439421,0.178434117469321,0.653212756134921,0.176230537809467,0.879225504930196,0.479820894688059,0.672525338299811,0.240871473157823,-0.924222537974335,0.0184641234545392,1,0.887424029183789,-0.0472797867590939,0.349080929839525,0.675555093557162,0.139090992052399,0.836190931491638,0.131408052328517,0.677228034160983,0.152089455373614,0.752077609289606,0.173564124567113,0.31641138583043,0.237659838331876
0.905579100767913,0.140838064836911,0.828568910528694,0.159922936890247,0.360695733925044,0.103123459663726,0.459537647487074,0.332553115430495,0.240915519175848,0.128553657826078,-0.917805200844168,0.019746129999149,1,0.591743813014908,-0.0172418053218693,0.285883676295474,0.632064995574149,0.149627262200891,0.788792383480641,0.139470687816514,0.585741710811203,0.155429048221899,0.770587854045523,0.150987986486737,0.963644759285221,0.194865460035112
1.09334404809949,0.134316404626024,1.22994591570537,0.190507524880616,0.438463892128253,0.113407675047352,1.05500319436849,0.493649558607512,0.544558279061585,0.181010867647277,-0.892306255612559,0.0228068865962189,1,0.800664476732406,-0.198624384131279,0.302303146189117,0.740920624236434,0.140866831242524,0.788649478947224,0.124296386699069,0.601156202082271,0.132665021018567,0.721607204032974,0.126749590052152,0.993280237865802,0.153446654572428
1.09002642846564,0.139540701799242,0.884097021216536,0.161819844034848,0.460309285263481,0.13496635405421,0.225734828482001,0.166014194683125,0.303121105567327,0.133312345913786,-0.90496825827908,0.0250096832422903,1,0.940355400104647,0.379021845685843,0.293618923386042,0.659335481575884,0.148214845462316,0.468136971919169,0.168237676872954,0.580951478454496,0.16553833498158,0.812848912979617,0.160831487385629,0.662024474474682,0.179866827885553
1.04590827039034,0.110773739318526,0.964313265752389,0.157198621379601,0.42671884072763,0.101277688668608,0.383000822395159,0.228800695972508,0.404269299749532,0.14291557831523,-0.87611477476763,0.0259129275918056,1,0.999999999356882,0.123998623106475,0.282937807471131,0.549477566524018,0.129772570601924,0.625647939475399,0.118212590935193,0.754925325678609,0.126813249735498,0.470816434207624,0.135268285326651,0.438401158248656,0.180579816345027
0.884226263680453,0.107557491175794,0.957793121985611,0.165534648670554,0.305395116002226,0.0757912472750444,0.807815707151617,0.298862614006022,0.36823899311814,0.120012462578739,-0.855688453948396,0.0267193562634421,1,0.741382932836362,0.0303485339010327,0.273576707062947,0.495409809991563,0.134230692596094,0.556301941964535,0.112562021085402,0.59741974986645,0.117311866257888,0.655775479978236,0.133699237637548,0.363271772953037,0.192393196705818
0.893980377564921,0.127430150802631,0.798258254405575,0.157704234338416,0.587908448551865,0.137413723099367,0.535545773118443,0.288171776450843,0.516296398204225,0.165592719074219,-0.879264947826111,0.0236795215026898,1,0.920123127077132,-0.0466096493145833,0.279751413264577,0.7257169427685,0.112671485816338,0.551909795585419,0.115027636560275,0.546533014983025,0.147218495402175,0.347578856951745,0.178044351395257,0.734687108281502,0.16223717511974
0.916466644092581,0.139385910788339,0.885970975518006,0.169695440979735,0.6235835572297,0.145062260032673,0.704194320087164,0.382167745760271,0.531480986519961,0.206304061404009,-0.884629841964848,0.0232213324345864,1,0.802036523816253,-0.188761997350377,0.307771710166213,0.738415509965799,0.121552567139702,0.547534747178754,0.131436216490127,0.552984310224706,0.136216340059512,0.612949080152517,0.1441781481431,0.368398263251526,0.210818237755802
1.08608686318071,0.176585294983797,0.958237613543383,0.195797979608723,0.618135552444884,0.177560790332101,0.437712614376397,0.353093670763675,0.446042056279651,0.205679433880959,-0.919936662494732,0.0219492308346418,1,0.857510440476022,0.138353666238164,0.357622572339485,0.710741726166809,0.151586113357779,0.722308827761017,0.1437044725492,0.612353087040073,0.156548742698227,0.712433349838581,0.172871717916745,0.61593072104673,0.195304244772051
0.844874569279885,0.113825854315764,0.840076476991154,0.14573491925757,0.427240549407509,0.0957370983540272,0.269463105704372,0.171815098672297,0.339301584575292,0.124467443872412,-0.871964194643261,0.0243480776816296,1,0.999999999865859,-0.11825573070217,0.297162135297222,0.628251580048977,0.123892430903118,0.786771874112269,0.113846053760631,0.674741137035047,0.131449271220618,0.47709462643782,0.158273331058202,0.499067455379896,0.188739263369677
1.058265559131,0.169170859570028,1.39892371539704,0.227670252234377,0.763973281471496,0.192589810602982,0.967921454842242,0.461573000054841,0.859922164961701,0.272367651128982,-0.935598988117343,0.0158238719152745,1,0.999999999817386,-0.57514441394676,0.357278351322128,0.652591968805088,0.148304028809343,0.9656087556735,0.134541787544207,0.737415574281016,0.147824949795823,0.810597882782875,0.143231346117254,0.790935510481872,0.185312841307959
1.19816450747329,0.150442371250732,1.27780857542921,0.197169476996821,0.616234024747776,0.164058333945605,0.816670056521155,0.377732347336809,0.659784820022185,0.222012526187089,-0.92280960558738,0.0176091963525415,1,0.930049719806964,0.33563710570661,0.346021733011319,0.716648861720736,0.137064494629326,0.803858871322575,0.122673559215816,0.761245301988188,0.147031765494955,0.839064426440908,0.149047202971425,0.921170799042569,0.205974327232025
1.14308388358769,0.135110929306112,1.12539209732923,0.165129094746449,0.469557994845834,0.104719559966668,0.484058479740137,0.29191738369363,0.361485961894687,0.137469737689787,-0.887444647337755,0.0226577345793886,1,0.758224651976494,0.0928352649775091,0.304923746429295,0.793501912701063,0.117407933816326,0.75132879729883,0.12015217806559,0.623416367788543,0.129253883246879,0.657782737419039,0.149648783511312,0.858170299083872,0.129697102337543
1.10621385538773,0.170637934358739,1.05947917386733,0.197671293766802,0.652209153057611,0.183631562362513,0.611887922475081,0.403202132250558,0.577298244314443,0.221866912158985,-0.89959183644992,0.0262438263902916,1,0.913841447030324,0.171389403702773,0.322037173314528,0.552848394791506,0.148219645626664,0.709823211746638,0.146553469600179,0.743416910132511,0.155590821645794,0.7131064010032,0.175551160744488,0.563361383022801,0.222249038448613
1.0300324397346,0.158715994965322,0.98082873351074,0.157683312942101,0.764885108236026,0.181506397773126,1.00312702904396,0.40350742607852,0.851786007354903,0.240826030600935,-0.915986460505803,0.0187410960997369,1,0.972421231232781,-0.400354928386098,0.359794473299329,0.860159240408384,0.13753520193265,0.891269192749067,0.122336485997167,0.837960244631957,0.147668457840235,0.862828669158193,0.148594645112473,0.939587091305539,0.156192078545264
0.95358745705383,0.152006692926857,1.23107817793941,0.163682996729058,0.772122887396789,0.178512819087442,0.182542867695231,0.144464946919524,0.375427124845001,0.167246517643792,-0.874755611852666,0.0255511095529306,1,0.99999999996755,-0.0270553326169785,0.357068221353278,0.693543030352606,0.125492882002664,0.757481601321882,0.137797354112092,0.688523298321582,0.130408006518418,0.355208164072178,0.166875369942383,0.770585830648104,0.156325856761131
1.06125473108326,0.124910720677087,0.927435869387396,0.148428468940387,0.598002437206439,0.140326436956474,0.637083520120287,0.270483552947449,0.617233746380953,0.186274186481637,-0.896470000303543,0.0224601824152259,1,0.999999999915321,0.22023042670161,0.284092654905271,0.702590825798826,0.114912984315522,0.519716656822653,0.125867475868278,0.807578879797175,0.124524974594629,0.657830935439506,0.167702750845126,0.572963293488419,0.207365487348582
1.05633571814993,0.151451530286201,1.0612443168385,0.163860798762142,0.477642924944715,0.122946063935705,0.566646791166026,0.337904755238168,0.423322817115709,0.163285508643545,-0.902848267909155,0.0224927567435601,1,0.813699007227712,0.0484637577371591,0.296672915991246,0.710617751738759,0.1143935115121,0.791388710791447,0.116699076359038,0.47608476513942,0.14547184274328,0.842089202427227,0.161524063768173,0.852258461502917,0.203260214144372
1.11038051821986,0.142717780262287,0.922089811135435,0.163946152714843,0.677217501220223,0.159574548627798,0.75681974375088,0.297360734745421,0.715913106272302,0.195338106913663,-0.911590639289354,0.0204553594844857,1,0.999999999995469,0.373827332732185,0.315975484540281,0.697854100055715,0.126054222206949,0.648892462188134,0.142476179985751,0.717479973385406,0.151901958456258,1.02085641614449,0.150749433735282,0.993456176180942,0.160455299851239
0.884789676642262,0.136363314804408,0.861311918804872,0.173780617001863,0.67379150633409,0.149160920610975,0.822250678124841,0.405355546244766,0.53105359284595,0.169538957888887,-0.877292792298655,0.0234764999744304,1,0.713466301356207,-0.180828569418705,0.324195832842316,0.66479110488492,0.129770612094678,0.753114524624076,0.108644440981682,0.74711948767054,0.127542404251834,0.581373702443808,0.172369302270149,0.867768563326125,0.173416774667463
1.00128894275976,0.136781285875677,0.972607421607181,0.160120750058625,0.5236098708413,0.122215608217918,0.691351255733938,0.292487243167219,0.601662980179451,0.172984407004505,-0.879985387739902,0.0244341370204501,1,0.999999999996686,-0.0457196554579452,0.305734448244677,0.636588765726091,0.134988718455756,0.649061021201879,0.11288985833466,0.705990946228679,0.122194233176155,0.630090293951025,0.163320234541192,0.635662939011989,0.194088829840737
1.03378574298277,0.141130285160417,0.958801941818763,0.156053484657942,0.388199125847646,0.102676394255486,0.342033767059029,0.213465916509694,0.339657284352273,0.111304965385113,-0.911286282092035,0.0209950508124391,1,0.932135749856158,-0.164577680178675,0.321067635363507,0.666280407316753,0.153728859799127,0.868493798193983,0.130290305594473,0.629520318177188,0.146104652059284,0.603151952109088,0.162796603522007,0.673187515880348,0.169648289182906
1.15497773204948,0.147125869751614,1.31435564786599,0.20280504778921,0.712619846696452,0.168980678961017,1.61132402542067,0.561484523438042,1.04433066454127,0.286208529488301,-0.880951639818567,0.0245447616334408,1,0.974580308782437,-0.0276017380284206,0.329170517212972,0.738264887224188,0.133007577578582,0.735647618243972,0.128578322335625,0.651140759851638,0.133420601085631,0.662462134396771,0.16122663497333,0.971315732811895,0.125582392940835
1.28509458447994,0.149696785997622,1.11482742457765,0.188897266369479,0.75256150367334,0.188809712880712,0.778671666002158,0.372405157363646,0.618633735322824,0.210491475256653,-0.88493919926288,0.0256873748401606,1,0.808137786647115,0.88600809496766,0.339663664682085,0.489905569853155,0.1462682825019,0.898974051492039,0.105937381241737,0.762420422773592,0.135672930654677,0.858683737032501,0.155902887577693,0.599793617181102,0.178125071842445
1.12208828947962,0.162279940256329,1.05101323623309,0.157079028951755,0.649221077120105,0.153728394972535,0.623089351198552,0.27488405738338,0.636021021379485,0.188029334423541,-0.889681646127636,0.025294160926832,1,0.999999999888031,0.0060791442221005,0.391404436908885,0.773038003221183,0.139621439226293,0.72667926409356,0.134110680402095,0.777941179097039,0.138395907849249,0.807555702807096,0.117954530504535,0.672939612378587,0.177215629767369
1.08704750590696,0.157250774675661,1.19994101173239,0.139027908389787,0.504800267663586,0.139605507666465,0.209375931050938,0.151730847303695,0.325104638596215,0.148349568427869,-0.905798988535193,0.0238367678254803,1,0.999999999999762,0.118537294682751,0.34385117891467,0.611492717860747,0.14593117429292,0.773039923444187,0.138677085806561,0.510088259585259,0.152909885343717,0.606350908546773,0.156094236388573,0.703442769570411,0.187182032968035
0.890046647082085,0.145375940968014,0.943687719642852,0.144629302027479,0.588864349677676,0.156936221574455,0.275416671254823,0.229360172307528,0.392660658134328,0.15046763199001,-0.875358501309604,0.0275627021024772,1,0.975022519326767,-0.00272910515339373,0.339672297976828,0.590380753018807,0.129107803124063,0.645309192441404,0.137169979141672,0.650724094883988,0.14792584941252,0.508487850773976,0.170116064217461,0.547761091958998,0.220243748014149
0.904286805472094,0.137146152413561,0.709302527574733,0.157785447053952,0.488864907935572,0.126036994362467,0.725600203075066,0.403986628728243,0.433726614871911,0.166650862546971,-0.822102696099061,0.0374276542215005,1,0.728237339531385,0.122864168028452,0.285098036951823,0.523044872318394,0.126571266657613,0.542379110034876,0.136100166616498,0.638781273523527,0.144745253403275,0.62114604835626,0.170015886263047,0.602285925234855,0.177519923301522
1.04543598815926,0.135261111729982,0.907930336168328,0.174795039868336,0.517629115038573,0.137185753136681,0.925238413824571,0.351480230717566,0.60156184586957,0.194059317125618,-0.911296603102984,0.0206184328875963,1,0.869248815470284,0.12786402358594,0.291504567172235,0.746032311447199,0.129660759353189,0.630023976635459,0.127702207523677,0.761244745263477,0.141051513402086,0.717413158993179,0.158881933650549,0.32409211019827,0.224596299993109
0.989034425883747,0.140254917265388,1.06167195425022,0.19858580451577,0.510199238102265,0.127284061406531,1.05829709369593,0.462369516108991,0.657838758013841,0.214145553363613,-0.892237068658625,0.0239417259740612,1,0.895252933428583,-0.16379780294796,0.372957146238555,0.767296969201349,0.12058119286743,0.779983538430422,0.125939580317885,0.734839931330849,0.144117737243818,0.689676628329979,0.143989870600361,0.594207610557554,0.200190321344484
0.7838696530013,0.12510347135736,0.934441161182694,0.146829182344435,0.579475326635507,0.140233861339612,0.462195260630999,0.251441841232532,0.515806136104445,0.169725966117843,-0.857746767390435,0.0321570294871348,1,0.996681244577498,-0.0968615082320199,0.342844010177847,0.628393905752834,0.136511237362119,0.666354962289758,0.132456619975563,0.583189256465687,0.136092411342989,0.553955079211712,0.160240953531254,0.585556178422354,0.189850622578174
1.13741449747804,0.133569820601057,1.13681703587489,0.145083207753916,0.38541810718827,0.0994648794954396,0.455883289298375,0.237207717601059,0.419172606992281,0.141618893976362,-0.834358917104351,0.0320109605723819,1,0.999999999978836,0.359896606976382,0.292777272392019,0.525628006708588,0.134776052493396,0.336873789953437,0.130825410635742,0.732069340420404,0.129107379895512,0.285771173977964,0.152782368973953,0.447759989287281,0.154915692614837
1.02807236081626,0.128435077391916,1.07366213433825,0.14720485565753,0.582335986579624,0.122135473093051,0.355574535053132,0.179620615493918,0.45504268731761,0.137026396293104,-0.836272098225729,0.0292685177994469,1,0.999999999054581,-0.0120695576922775,0.288303500735177,0.553147969920394,0.131128280350445,0.603347347405764,0.113438338206181,0.381743521116626,0.145897198797749,0.877146633061624,0.134272316354092,0.7259569475838,0.165234979192628
1.17321271624506,0.18226556923106,1.23812764417674,0.199739259362769,1.0349941079156,0.258813098445203,1.46542796866627,0.600381661577006,1.00535231722693,0.331494686520336,-0.930439528014414,0.0163386751309636,1,0.816332536553709,-0.185391184586776,0.347572955391758,0.876689919358102,0.144522105442467,0.869913768570592,0.130475971649304,0.824929587221212,0.14380826257459,0.92347018437739,0.158439318228071,0.958067060380543,0.178692884853287
0.98130295124927,0.12901771279641,0.999621674892825,0.158370233335923,0.470247150892079,0.115701817644046,0.261869845303125,0.21729284857514,0.314264022925277,0.122152665391283,-0.870697548944812,0.0264238663559507,1,0.895547927870042,-0.0711759887894222,0.326284991468567,0.537096004060556,0.156686537483635,0.844358990057837,0.124180556969987,0.876186251459869,0.11012271733977,0.432783336575453,0.17216859839122,0.601339504151499,0.171245743133936
0.864533407357577,0.11793391661816,1.09094248746317,0.167804036224386,0.489895041039218,0.100265677349859,0.265652199428341,0.199262877423375,0.360751569303418,0.15065721556995,-0.899347400890474,0.0183411698685319,1,0.999999998516129,-0.242144839080211,0.277961321693126,0.425077175540543,0.144318543298042,0.749480744120309,0.105648512627,0.870103929122364,0.111682843563132,0.430262884092508,0.16015011546471,0.468661851011272,0.183352925360241
1.09274281050566,0.14467640001418,1.01935560824883,0.156689288666308,0.588441969868441,0.145764342922631,0.329252548533847,0.215043853832062,0.440165898361509,0.172930529626475,-0.916087765198622,0.0186540266650406,1,0.999999999579174,-0.0626408816268242,0.314625340515124,0.854705456971137,0.120363476236715,0.817093779945553,0.128735636325608,0.695926604521908,0.147254822082542,0.739045788430114,0.17426820719554,0.961799897260978,0.173313123363381
0.983309225712512,0.140266314252335,1.11394191897499,0.193824758025862,0.534896535767182,0.134718583426902,1.34537789112533,0.525668719649391,0.83581917205014,0.229201242963641,-0.863692102820985,0.0306579920409544,1,0.985270076060931,-0.383989340999831,0.273559510823557,0.642242571041438,0.132774797285523,0.616651364380243,0.136011615304173,0.761676261830504,0.132316423123323,0.623618889341971,0.152874292763329,0.52290651227086,0.181698818785053
1.36092724154763,0.174148168276409,1.39208724881963,0.204350540443451,0.618176819966355,0.149974379279477,0.993432215917759,0.417015467235339,0.680620314614691,0.203143492510589,-0.918586610300581,0.0174917440637685,1,0.868519211845383,0.311377955020502,0.355258528635188,0.595500739637822,0.152923149834796,0.992785894099119,0.124144595483451,0.787480213785787,0.138551973191426,0.893260410109917,0.135291172585778,0.652636916197513,0.164973475825103
1.1940625971588,0.176542379348901,1.19495104063563,0.224750653586008,0.928597866384664,0.20824724840216,1.07849490359845,0.544143598388442,0.767502970750924,0.237137518736785,-0.936991907991901,0.0134345206244929,1,0.766932559592463,-0.115928912936189,0.488880308535372,0.731702406485655,0.163550990695501,0.91257259604552,0.121748910219713,1.04714101160703,0.11775259640717,0.975821132593259,0.155639282501101,0.985339869759954,0.195901792859596
0.932861058697633,0.134932865674995,1.02083503445347,0.156627510971601,0.50945462844892,0.118580185284703,0.386591347690666,0.23687344725993,0.385075030245889,0.131011216830309,-0.903043734286903,0.0195543812335027,1,0.867693885733361,-0.486966461387016,0.31303503941451,0.845600798751902,0.121224446977766,0.486980350842001,0.135467983868696,0.890186377640249,0.124218963412461,0.861226602080075,0.140557482114417,0.765689200404164,0.171332905309937
0.872852361831203,0.128980877831167,0.780778829584845,0.135421300594931,0.443975183481417,0.10674520811412,0.270478286666914,0.248488885464334,0.320610858161678,0.127923299626652,-0.883198533456178,0.0245589936332707,1,0.925193718461589,-0.382419849684869,0.304451687747603,0.724756307968911,0.117446009409508,0.579027979797702,0.135498090186643,0.58507349456623,0.138218017226783,0.709422969509356,0.142536047697766,0.529785171040457,0.204039658024843
1.11336185591846,0.167643948026135,1.00619086606841,0.188215193854222,0.629136797077039,0.154460490129683,0.37177483516321,0.3169290417558,0.479287069486085,0.19376640567916,-0.899614015277669,0.0232391602440437,1,0.991021722660909,-0.49115006654295,0.362196193070964,0.809454826772222,0.139379249632504,0.63243825141354,0.140098114931912,0.825876103316592,0.134521410684822,0.653737098879461,0.145138960659189,0.725610702591539,0.174496521096306
1.17627704137646,0.151785578000318,1.15037293028675,0.200723622692164,0.68262257363876,0.188392988877687,1.17177721092691,0.497342755021684,0.86482575192137,0.282405611096312,-0.913925424621685,0.0194766107828925,1,0.966976158713412,0.275879608924586,0.319603842393094,0.672578736248934,0.129201311554221,0.713450921667866,0.13031991011493,0.813570519006311,0.151864616620938,0.861395264176878,0.164669108592238,0.776278429164637,0.20611405486949
0.989714061910702,0.154491765072312,1.07265683123899,0.173661946060526,0.524755159123671,0.152700901449682,0.457649989846982,0.333203693452782,0.438938159241829,0.192727707210443,-0.917019981967854,0.0215533153694752,1,0.895691083692794,0.0730868400073335,0.290589536928691,0.596348827423492,0.146757351561837,0.690145070235657,0.135457274936525,0.444509324268719,0.155862162972274,0.833295559733552,0.136292535266755,0.514552073851794,0.194772122009799
1.07146474827694,0.131539317592966,0.976710945922693,0.150523321522899,0.380950913740214,0.0863184762391,0.270191251640174,0.152729992901346,0.269159870229557,0.0985710286522874,-0.858783033847745,0.0283598000873867,1,0.838957882525454,-0.0328383994178975,0.302363581256692,0.725174553750022,0.111711744742878,0.527079776110312,0.11516637675449,0.566700225073923,0.137458110173239,0.696650753297778,0.140266116060193,0.619028129180921,0.177359685666881
0.944649141312971,0.143361821679797,1.02680027673634,0.152636797275149,0.447181190783714,0.10086456753854,0.40240525843592,0.334150458311185,0.317616292115185,0.127019666138167,-0.904379903429425,0.0188895652436681,1,0.748736808274824,-0.510490287180915,0.31265290585068,0.871112828022922,0.119645746107734,0.683323331790199,0.11770519040547,0.542685961689565,0.136128225096711,0.570987507877135,0.142628888180742,0.864143250559431,0.171941797984231
0.929851738423472,0.143741634220754,0.807791790317965,0.168150139494721,0.713045440662754,0.166615460155669,0.644159155147362,0.26762751494628,0.677727635990024,0.18868429954472,-0.888597513153714,0.0232788716762347,1,0.999999999940813,-0.0795764000844833,0.328062059923215,0.721282385639457,0.132864067861654,0.61350597422147,0.131822986422121,0.913652800276721,0.111697630119536,0.358674592784502,0.192287805427319,0.729749530468054,0.168953603744898
1.3272863964183,0.209386411189708,1.08594015356938,0.212107226684349,0.729862525567559,0.208356002774651,1.05148936663234,0.410858045535448,0.666263473391867,0.232993310296849,-0.907471551024415,0.0244290293920929,1,0.760541696613368,0.395793089794595,0.401556044875905,0.738385067953941,0.141975295930889,0.935880260802674,0.15034309708733,0.652127783746994,0.152415124796003,0.894062820486965,0.166362634794307,0.963093336655831,0.205756843275415
1.0003258626717,0.135645735615996,0.823298312967715,0.156560527946618,0.351915346097502,0.0900330560359622,0.415270611020334,0.251436858440379,0.29410584231084,0.112349215959876,-0.896501525829976,0.0223658828963379,1,0.769341128936565,0.231767138098223,0.314863461814112,0.533299421405731,0.136958357442837,0.59475505203914,0.12986806180884,0.642987702481874,0.137315462064138,0.655269529278424,0.148624821842749,0.745920684240636,0.152825763179738
1.1172097220297,0.145864347712122,1.03314473303302,0.177114045163274,0.552512546659397,0.136058421505311,1.14399398693862,0.577042706472157,0.624323419118117,0.199811711249616,-0.837355555559381,0.0346992511386979,1,0.785283880847836,0.637102043066507,0.343041774002466,0.723267863260514,0.134998761539785,0.587792180388706,0.142208844512348,0.541542592436677,0.148836100010649,0.787759205189411,0.130171570769535,0.716479240505365,0.143235597280822
1.00757635185342,0.151274253139348,1.04977583695411,0.140220669889918,0.718130759928042,0.190048669328707,0.307403746490563,0.241488360956744,0.433345678061557,0.170156030656059,-0.925036788258536,0.0195067494363883,1,0.922312568193914,-0.00125528888427919,0.346028503112876,0.675935102225285,0.151440467434109,0.814094850055112,0.136551760617425,0.807742384015735,0.147295539341497,0.751582305500798,0.153093260612753,0.825805963877706,0.189438027686123
0.86709379680415,0.134385160292643,0.812421607370077,0.140813546171775,0.444126042536435,0.118285170085581,0.401753147383679,0.247975942122337,0.362617885847218,0.146841526351369,-0.889324605675738,0.025645049960582,1,0.858452871495923,-0.244055401125875,0.327124624124883,0.714343714094764,0.131439382433662,0.689882227217949,0.133270634497148,0.389667613078074,0.152699307904051,0.69766778685049,0.153083366352669,0.565517014366916,0.189590013671106
0.896812125122025,0.151369478145776,0.882865110340411,0.155182532711658,0.604117066301855,0.155744970947294,0.424520297645292,0.218386478827863,0.49798875294937,0.168963608876041,-0.893280167847438,0.0256019812128701,1,0.983353690378873,0.0900056608645342,0.307223598370853,0.733467990327886,0.135340847949207,0.550128836094756,0.155000497199429,0.426152577539575,0.164654672279287,0.629746507059013,0.154294387708353,0.763204354022653,0.157304203066043
0.910216411466797,0.168972656306443,1.1512164259735,0.186972563698038,0.681560698184167,0.211923636430001,0.993539254892644,0.565150550958988,0.72207209612352,0.293383142074222,-0.907107054391324,0.0254225438592349,1,0.877477071963769,-0.0774942990687824,0.346578912248451,0.752743151677391,0.141994450798017,0.496196362780587,0.16516767154465,0.7959064168771,0.151501857472182,0.666663689424301,0.19858504337372,0.627550140998797,0.252453757306241
0.873153094856842,0.126914958120547,0.857307330359723,0.141037559092073,0.483469170662102,0.108663171515775,0.657748973729614,0.275135976258804,0.563916084921157,0.16182054988962,-0.874427795248624,0.0263853324202634,1,0.999999999999843,-0.11272607210804,0.250033722660293,0.686010578208079,0.104519543417716,0.745278771014988,0.117422735690827,0.536509419984183,0.148987396131221,0.286782804028558,0.190815794666979,0.675124977713409,0.162836566403404
1.25320936779469,0.191504730664025,1.20715111153423,0.216067645836106,1.04092445348409,0.282250167075935,1.37928171497948,0.737942231718842,1.04246832577393,0.383853016891921,-0.944812901169173,0.0146961080603225,1,0.870015065943667,0.00774967261763292,0.409825121885059,0.985666406625844,0.138427484104097,0.880545322152076,0.146963038843779,0.706834311602898,0.150909156101569,0.941837754561734,0.148500556923994,0.85649644470454,0.19370559103579
1.05160029379155,0.135356927095998,0.880423448344341,0.144858467866803,0.40056417948825,0.108810467913462,0.156294175735777,0.129640282506443,0.250211606909095,0.121798922223874,-0.876776017217438,0.0270856159727945,1,0.999999999757512,0.261233700418337,0.302007437941542,0.718573747955001,0.124496466968327,0.376791544591329,0.144899621545423,0.690531898434845,0.140297681977057,0.5336576938821,0.173367375474041,0.438172352150432,0.191577530534573
1.23311513162481,0.151651310984766,0.828593728431295,0.165076137005391,0.534285196564801,0.127495589317454,0.749350146265214,0.482641760211779,0.51515984609159,0.177616760653796,-0.911137125053316,0.0205007767296729,1,0.814166138419902,0.870125288839116,0.337466890066404,0.841602873378967,0.137475375877278,0.484211772672961,0.163753351877303,0.919482433190285,0.121497520635598,0.721644480946072,0.142170989499195,0.87282148698546,0.145922165726226
0.882966614429435,0.13145645353396,0.90916089572962,0.156193260222377,0.489004253226327,0.117022393539242,0.656736099042043,0.314375328542067,0.514405703915957,0.157709593198157,-0.877537507402964,0.0253210459589864,1,0.907724406698495,-0.433676570490576,0.31290261141792,0.699104859268574,0.126624478276111,0.703715308532965,0.115448678972139,0.495355000312436,0.146922085985407,0.436067926278027,0.159356327822131,0.761426304240992,0.171355901519436
1.12877319758463,0.131180191775036,1.09818869175699,0.142446359862193,0.45711929313188,0.109349698924836,0.286111854225616,0.164479381871164,0.35413497300059,0.108039834131706,-0.912661374111259,0.017573508925475,1,0.979233170727905,-0.2705295131951,0.244381387887197,0.833720763406036,0.114190004477935,0.798670435621701,0.115663027554222,0.637276390584368,0.134868793945929,0.857968381937549,0.137755225136952,0.607422471362727,0.195301461308298
0.972707091811637,0.142399221738447,0.95171882470711,0.152254266944085,0.472840679772419,0.114781619294461,0.420704925449115,0.248865127563653,0.355372239456869,0.107581522480326,-0.873022502850081,0.026882262860829,1,0.796777908455648,-0.0937550959153731,0.303643721782669,0.649304680404247,0.130350901657093,0.699038647084716,0.116972703892029,0.470401869689433,0.14211704074739,0.590682439960176,0.149883613601993,0.678924382941637,0.157653004800906
1.21121323717393,0.163040096556399,0.873683949243288,0.173285728230149,0.633153028801755,0.161917845413488,0.695385515481813,0.495579321030181,0.570906237102486,0.213069473850152,-0.896148951845407,0.0237394414496033,1,0.860394495250816,0.605970760796735,0.376018881979794,0.518614140259733,0.164482154421266,0.86498520079947,0.130083009201113,0.88062008241461,0.139255741150889,0.787550050656929,0.138352104528488,0.57160093269784,0.20264677852026
0.961411931436179,0.131175577835681,0.895281887136059,0.128978300199644,0.434321472636718,0.0976279637007161,0.209099219058693,0.132053032295227,0.301357396432757,0.111924294893169,-0.876764251420641,0.0248621422526101,1,0.999999997995793,-0.123506749166071,0.341394326589265,0.688984754298642,0.135366458773595,0.583873706471341,0.118411775463047,0.324919372024383,0.144008014418632,0.807949972808666,0.122496897476376,0.697604669888995,0.159291229748006
0.963081709907692,0.117482126859546,1.08422202452973,0.157228638347384,0.442728264854977,0.109769480395731,0.59820239498673,0.259696071617679,0.514627154696092,0.15437323910149,-0.890685224863248,0.0237980386645636,1,0.999999999973623,0.0315860797600266,0.2864551677203,0.610917521103988,0.137973554546566,0.719536244986411,0.114430517196316,0.682135942378085,0.126815553258077,0.44935560078899,0.169321580139967,0.647979222306945,0.173400735580458
0.850821091645863,0.126779840507583,1.03286369296028,0.181761242189229,0.488058422310939,0.121705997302163,0.790190272184744,0.385972801638844,0.521729522224817,0.187356743894666,-0.897098468188822,0.0208089705090217,1,0.840124532634212,-0.28554495820192,0.32980266317123,0.663252317177929,0.125193077754745,0.690462834926265,0.117239143492226,0.836790636989644,0.132505956303552,0.839102145343576,0.16077901440526,0.651874954298414,0.174993611599188
0.896220277574333,0.136838468815917,1.02311832577365,0.142362066021008,0.439970882967933,0.0947039636273944,0.362916148893127,0.224767302691636,0.281831928471463,0.100939210377734,-0.875714307614911,0.0242356773859865,1,0.7053019385036,-0.163924992656159,0.316337654352823,0.673962083426156,0.135090689717773,0.668099240784576,0.120336543795952,0.84942517177095,0.10287196294368,0.789478938033309,0.148573760621149,0.503032652939044,0.204957902384742
0.916574935173254,0.153780420573111,0.950313286674638,0.166021472877799,0.527086581715352,0.142957929170281,1.09298333100912,0.401803543630169,0.759010439857789,0.223602029529738,-0.864397932624186,0.03298901647678,1,0.999999999999703,-0.194177494792818,0.292520896211476,0.642994322114712,0.13641834364005,0.630050695547734,0.14454845574398,0.591043460678383,0.146667586179785,0.598942736293247,0.184480383689998,0.721077621064775,0.183366711589601
0.959450155682694,0.115224872646471,0.984042871214399,0.153987510770386,0.291162252944791,0.0746641668088653,0.423989451550806,0.203860990146104,0.351354128955411,0.111144182539935,-0.856123923326523,0.0335610141134954,1,0.999999999982407,-0.168827955745917,0.302899839762247,0.631137010054754,0.140072369820196,0.447564238476868,0.125671790269969,0.62465222181933,0.128473536906845,0.525036963069166,0.168392146453035,0.34800994817231,0.18575595024107
1.06367057409045,0.111833661568338,1.01817655120193,0.136332643812864,0.378361065254675,0.0872438421523457,0.212088245666459,0.156077737958533,0.283277133825202,0.121943087545299,-0.883045002669645,0.0229935925248259,1,0.999999999936847,-0.0234200692811536,0.274024659735496,0.609796945931368,0.126088224475099,0.537712017300881,0.125045003485912,0.674497532143723,0.120586605589577,0.817815865973106,0.110275010089841,0.786005748142168,0.157871009982838
0.9677854177932,0.133408500781284,0.830931608523518,0.193645681105543,0.438427771403968,0.111068352826753,0.456877648511922,0.221746878792056,0.447557648973059,0.14676480846277,-0.891502214905579,0.0261280052991691,1,0.999999999782646,-0.0488384012426907,0.244850156558238,0.587041976359976,0.144775967303715,0.593813692034782,0.137149961250406,0.639284113018942,0.140255211824954,0.511143441704641,0.165174678755303,1.01770028117815,0.156176528356556
0.935632946422171,0.115636964112719,0.979055455174667,0.118284104137607,0.343588751871904,0.0822721200499364,0.170178694859014,0.119273620897631,0.241808778501007,0.101122990499923,-0.858648967035101,0.0259533550498813,1,0.999999999985896,-0.204547637362511,0.304804544451901,0.621090945610664,0.106281412091529,0.480938430881681,0.114256028950727,0.66661239764512,0.112077788879593,0.426689603409517,0.16307639490616,0.298481800578134,0.192778534399004
0.772456470212287,0.116027543509059,0.918101383766859,0.144947914627581,0.392731987060988,0.0914071339666043,0.247384217811541,0.226193449198474,0.278849838117121,0.117690278268282,-0.869429376367874,0.0251757896200562,1,0.894615182552469,-0.315722200870291,0.285104796415672,0.551510726281368,0.12100582931231,0.522756911670537,0.116926813269253,0.696283097853577,0.124625092232299,0.441728539847646,0.167421899915482,0.601146827680852,0.186486758031399
1.08662263361786,0.139869797540824,0.878906516564863,0.140308129051383,0.506489347292958,0.113944283305514,0.735405205784203,0.330987950989954,0.604958093817951,0.174548761952479,-0.892829430267481,0.0214757096275282,1,0.991235355052498,0.0762791141692121,0.287028629174776,0.694244214887927,0.129987548678598,0.712170186627434,0.118651839554649,0.619568434896729,0.131637713127896,0.807489314816026,0.140009302591699,0.733652804133264,0.174068642487763
0.940590458401239,0.162328490347185,1.10818984458341,0.196566402163379,0.735898947585389,0.199721708304051,0.796267786769734,0.439151804337664,0.645311156431682,0.231433535473956,-0.894746687870339,0.0250145987834662,1,0.843005696344749,-0.440206823022467,0.390553889870298,0.792137105344041,0.14478284982701,0.818801163802393,0.131782152273087,0.878899928953921,0.157608592064709,0.871505014351256,0.165055284879995,0.701640924547516,0.203605677464334
1.06420586381854,0.140485431182515,1.30514088249705,0.200500274199372,0.505708654982405,0.129806866384649,0.753330441112401,0.355644580657797,0.617224207923726,0.2012209883522,-0.912792420950728,0.0191178868052164,1,0.999999998313256,0.0793588154758173,0.311342569637552,0.761060092188115,0.123290836832729,0.713622099556897,0.131937773297986,0.559287038174095,0.160600293350079,0.959894347990791,0.135404621425012,0.450590909374993,0.213327442435373
1.04272425493449,0.1571524999996,1.21635604365221,0.199100469819512,0.571702223417643,0.162715309753807,0.546606063417284,0.353877811669484,0.521052071059176,0.194340745089588,-0.894574800990163,0.0253391782153192,1,0.932092392442069,-0.00291180715068646,0.3480250563939,0.800976809618725,0.144281530430585,0.699883309589993,0.137923035524473,0.601615315918594,0.144923744767459,0.483408203305912,0.189019250253702,0.690419745912257,0.189185876169398
1.00295609392327,0.138459205187372,1.15741947531889,0.154994889935895,0.420645402698193,0.109248315707894,0.364001475707334,0.206967280152691,0.391299817697667,0.145679953639052,-0.90059501438933,0.0221283709945116,1,0.999999999995362,-0.100402162434788,0.260963216797492,0.67020670229411,0.138924253192096,0.588050628397866,0.147904968062021,0.657786250458922,0.132880258391077,0.492984200188521,0.15174139361744,0.662064283162917,0.155672570068982
1.22499210407507,0.174188935396665,1.26549997781953,0.20939425776111,0.790578816465818,0.192552434391227,0.703463940142876,0.325124391100361,0.419962120009344,0.225764092053257,-0.906782098266812,0.022064679179632,1,0.563140306241066,-0.126130990871521,0.436885930681251,0.909454335991808,0.119302676842011,1.01459632434308,0.117870642448531,0.749622714228575,0.161071824377431,0.728350314785886,0.182560887884445,0.924338025364072,0.209029272921386
0.786793873233711,0.119516389178522,0.944564166819988,0.141237414378395,0.41158535646194,0.100448705364131,0.280391585527673,0.161195410663677,0.339713218285901,0.12330167729964,-0.830385338443621,0.03227612209368,1,0.999999999999255,-0.114152578748093,0.282113351225434,0.441269163607565,0.124689232659461,0.68411688013787,0.114600688330321,0.484371423720355,0.143397195343119,0.409721310514524,0.147989144199663,0.651075916194116,0.159391609606626
1.02788403752971,0.157423490210208,0.968796418912278,0.168815751845746,0.664697308263746,0.173520176029813,0.615122617991454,0.326638686707627,0.592889753187641,0.206333876672075,-0.919430047855504,0.0211113778802025,1,0.927216468011085,0.598577730609302,0.307916520195065,0.650676332423156,0.144411181422065,0.638754716056955,0.149461085487651,0.725234525293751,0.160369651688138,0.6907325400475,0.18344927231219,0.710734690380749,0.201854160448037
1.38956695084635,0.171853506260245,1.43361554153445,0.203632422255918,0.758480325828977,0.212071878128998,1.19698904449764,0.449256680437967,0.799494409257837,0.266859180637785,-0.927429056697751,0.0184599309937993,1,0.839069980003538,0.332148750059159,0.362323057308512,0.830855540063832,0.134230296893358,0.979112505373995,0.112984516196103,0.982024656466961,0.139407922484678,0.765982045694931,0.186795243425987,0.741196891021692,0.230765417731104
1.0795470138459,0.127880247398324,1.07543337917514,0.164864439077563,0.579331897087814,0.143741412481244,0.566319901173664,0.270670393583832,0.572788951275152,0.184966632703888,-0.896037126887066,0.0229768196478694,1,0.999999999995987,-0.237357277802796,0.288986623381597,0.738473045618427,0.119619741897145,0.815917762245427,0.122925900707212,0.672680302620257,0.144775383605088,0.855984135406111,0.136682804086157,0.931589954472102,0.138508269231818
1.02010358309978,0.143093969841547,0.961351228589366,0.164509745010272,0.627474081598433,0.141950997362074,0.543137130134401,0.383181694942061,0.361179829972368,0.180882944830663,-0.91415626741932,0.0184609103570352,1,0.618686795154042,-0.0584966506657764,0.435689685286256,0.979819334751118,0.104707066746733,0.666894067123526,0.130114184328424,0.784256394431147,0.142115905543252,0.51921624313136,0.17419803661061,0.601291803892867,0.178820478966924
0.938799707256662,0.151583292872144,1.07307211706126,0.182731810858975,0.6046644127984,0.153186125340147,0.780003839363958,0.358947299323552,0.608740680889707,0.204837116615097,-0.911971513820902,0.0196280618556084,1,0.886393884242291,-0.219203236960354,0.382123144137953,0.771879610155525,0.134931475022736,0.675228735129677,0.138214023042801,0.70280788957124,0.138700614657601,0.824477292999407,0.139105843801651,0.819223575473955,0.160998298776215
1.26948234498436,0.171850978090706,1.19666542022138,0.195245293590768,0.752173902764079,0.187390760465353,0.734338302883208,0.41424840389138,0.590303354969691,0.239094626558202,-0.943744733264274,0.0125256573672147,1,0.794269763843607,-0.110422058984114,0.370967382525896,0.955079675956889,0.124167248344375,0.682984630280589,0.130430378824423,0.816392392651096,0.122868315501121,0.943292404701456,0.155838152019239,0.855600043165861,0.184027002348364
0.919673666140939,0.147214714670956,1.03531353134087,0.170411636335525,0.569787972383975,0.150441325027168,0.655622546508594,0.407175284310814,0.577432983023307,0.212477470331547,-0.904274050013303,0.0197967921843004,1,0.944752409646313,0.205131398248219,0.333042295733189,0.763904876302266,0.116215826266651,0.57508148783488,0.132999803235788,0.528516785520703,0.17559531160044,0.659075330954346,0.170272231249915,0.832872319632702,0.169200562275577
1.06254761828353,0.149535836624324,1.14337229503745,0.176167780917785,0.470721897332393,0.123705368394306,0.724243001318714,0.312735621590636,0.567628720678093,0.180381312381898,-0.897467346502034,0.0240700314842565,1,0.972165057722595,-0.0627496379908172,0.258127875264118,0.564996990048903,0.139574523126422,0.680691933980218,0.133845763387355,0.906166261169107,0.12728493868304,0.354073710185633,0.17510026635666,0.833012058399786,0.165234033716512
1.02537006507083,0.139211945848171,0.992840255890476,0.177281014833383,0.582314337561027,0.14704287703475,0.247925142358946,0.170382908386504,0.379961004623431,0.149208976946798,-0.899357579024,0.0219829604065809,1,0.99999999998952,0.105138816526321,0.272114669643474,0.715506478566355,0.133169308073611,0.637167728206356,0.143473717270751,0.743421387443594,0.136672037898272,0.659776469187163,0.136095889632645,0.840884372477844,0.130595169401771
1.05489924437568,0.147173156984396,0.948712860822222,0.178501228028023,0.741892785796527,0.172206059902902,0.770073598632227,0.347072089532519,0.715446365152548,0.229174911182463,-0.931525133885679,0.0137749262780162,1,0.946543092392444,-0.0358221387667313,0.378104980168474,0.78906579674416,0.102608851035913,0.903369353282005,0.106992669478977,0.874817717098606,0.142943731343949,0.702545591943025,0.176646704046368,0.640043627090657,0.193978643727636
1.06792943208239,0.139262952583395,0.861511203592358,0.147376709241193,0.42228366290265,0.103074183201572,0.315175350103128,0.22298662377058,0.35175221583863,0.121154169255543,-0.884774028215924,0.0251960645238018,1,0.964181024142631,0.247651843291053,0.285807316254522,0.579310667045663,0.138105064214499,0.75664462230474,0.130452460965586,0.577918562277997,0.139550619513573,0.536063771722108,0.167573792451459,0.553378902041258,0.186629954927508
0.898331627364531,0.124866730676202,0.990629648636962,0.142636182689046,0.586241791353113,0.146450040885776,0.159010702718556,0.132749019131857,0.305317407309074,0.143651619169433,-0.89641839613978,0.0232963336852114,1,0.999999999999419,-0.0783780132205824,0.303444516347506,0.716602514724402,0.133788197498514,0.65708524714555,0.134570655483678,0.680326388871749,0.136394383988166,0.812517357792931,0.151746706243077,0.71464041054179,0.192113732873478
0.684875782866489,0.129775472546596,0.715071233122895,0.139052157972835,0.492162002393439,0.107413710734107,0.320461393282504,0.166996657605176,0.397138415281654,0.130438911652411,-0.862233386367041,0.0264766014233358,1,0.999999999634523,-0.240201492635553,0.334151833714753,0.552128825219974,0.119102818791343,0.475223952705705,0.121777427865086,0.592249295202277,0.121512557164532,0.577209873005852,0.15339283672207,0.627238292903924,0.177890234354834
0.994452693518439,0.184209594505041,1.14351241994725,0.184655016297383,0.646980984594796,0.193402491235575,0.575381016717564,0.318268549632261,0.401476684384913,0.181130560558447,-0.898401130159105,0.0285010004944622,1,0.658016533478152,-0.149706600974112,0.343117365024944,0.809868047888336,0.157057442132896,0.896411127248589,0.137595689295618,0.758931237677041,0.168197865388837,0.711155354438966,0.195869392618013,0.4538020683499,0.244116697729973
1.20562173767767,0.170806586529516,1.30578242379601,0.206349477965675,0.718854992524523,0.18780575480607,0.779232655211599,0.44545577677823,0.628354510414375,0.226025892029048,-0.919211307080799,0.020165001517197,1,0.83955764007046,-0.288626728444348,0.329618529225402,1.19565082971288,0.128653862516782,0.734079318784679,0.150732501874723,0.602574652356787,0.147685265736153,0.826060065989067,0.181214089912084,0.716749528875149,0.1817375609902
1.01855137799363,0.15333405339545,0.945541067200908,0.174246804729581,0.468750531996678,0.129795608797851,0.351491100214737,0.295321795434587,0.272657065838376,0.162351285842974,-0.91748147325133,0.0195830193249931,1,0.671720655975969,-0.169879364714784,0.278867638762489,0.813776783949478,0.132742033743745,0.722213549678152,0.125352263487777,0.894708977933575,0.137913918443592,0.515810081565148,0.198166542016067,0.48611883030533,0.218613095637676
1.08401733962592,0.152542069938115,0.895715477756008,0.162452705494111,0.551253748940388,0.140828440563285,0.753266476302842,0.352880347043646,0.612032291318758,0.20076003017229,-0.880382493479823,0.0294523258224371,1,0.949782664519896,0.034129398233761,0.269544474725727,0.664996704202512,0.1323070646995,0.844087298321952,0.123847018617983,0.673093001551197,0.14412265350567,0.515282656049938,0.181457432217912,0.598473688157851,0.203273679260698
1.09540872554222,0.1264328075173,0.804585219673959,0.153036042718749,0.412261798565658,0.104019272841656,0.517957923853569,0.278432069672426,0.400840637601771,0.139021657881358,-0.905695494421914,0.0193452472157597,1,0.867437027940886,0.354177359719964,0.322218320889718,0.859420256540165,0.103223134502291,0.735453614223019,0.130781422397732,0.581423756838743,0.16216870349096,0.400730506511524,0.191549720870912,0.758206001579892,0.173433946650394
1.09124709896942,0.136079565984597,0.93356091127391,0.138385663242185,0.469601528702308,0.104061522777648,0.521918583470714,0.257871195987382,0.468944428707417,0.140298975169964,-0.905490820298189,0.0183070812898672,1,0.947229574683902,-0.112719234586942,0.341222793710999,0.839086730450912,0.126590319243866,0.80174865517336,0.116776325298235,0.810892074818557,0.111690522318361,0.690434927729628,0.146707877898034,0.506061498181515,0.18884328036024
0.934171936215796,0.143629981966967,1.06036573431967,0.167524101395974,0.518730336944576,0.124036999862851,0.37247410184691,0.219410495450354,0.439560708261799,0.162735944880459,-0.897499199015227,0.0232678895594115,1,0.999999999724238,-0.386140034967548,0.324658610812517,0.753049312688337,0.119347929519114,0.644691436579871,0.13193955154029,0.681699429902153,0.129901983474562,0.635331992617108,0.148001173395121,0.567734078430879,0.202425451527192
1.05992513032943,0.139288113457467,1.19902327790162,0.206898643234153,0.593578385169775,0.128528113704963,0.941023376440481,0.499034026298542,0.659624014440063,0.217302177277609,-0.916729191457,0.0184469433031377,1,0.882586363948778,-0.107418435354085,0.33181244785406,0.695747276903772,0.140213364770862,0.760927762197085,0.120758213357301,0.589168429207869,0.127539199671681,0.79440819922464,0.142662835887665,0.545745492474338,0.190011564377136
0.650112402675287,0.13002119492826,0.733833798055324,0.158566692310263,0.494344083874475,0.14429945348784,0.456386001077881,0.278999162328729,0.47498602042147,0.192980730425895,-0.882065904296236,0.0306420351277099,1,0.999999999999656,-0.298103472816596,0.330451165302767,0.60917878580446,0.127030634182571,0.490319333097157,0.157331885982194,0.494673729242575,0.165910599016003,0.580030661572234,0.182700730018235,0.73335458865847,0.206047112308689
0.875731758934892,0.136995415597555,1.11185865622883,0.155485750484924,0.552331259584488,0.144478412430257,0.451377797551517,0.284142040423256,0.470973691720007,0.174125582860651,-0.897404184267588,0.0238029884672802,1,0.943249840165217,0.00770306603460882,0.287442082582279,0.554639575662676,0.137373038047948,0.738835074386966,0.128675627802776,0.306501218798497,0.167566789984842,0.686118020994063,0.163361177122494,0.567446635874945,0.20975776895638
1.19536417519375,0.148431120622088,0.847678994670635,0.161669823227192,0.583096979561245,0.138803902026595,0.40394533491181,0.256085841264914,0.485323917288506,0.187049282492891,-0.892633752846273,0.0248438524438524,1,0.999999999994329,0.50226293180015,0.315743482837202,0.669965809366732,0.133122935423957,0.650271423971623,0.131286764806159,0.476424782998792,0.154499047744789,0.607310518282772,0.152165437811762,0.727857910402164,0.140234177670056
1.07477839422364,0.156596531658072,1.06110990811804,0.177808937504004,0.650341102928945,0.175273819842268,0.823439176445211,0.338713964536745,0.622499804321173,0.20824064228222,-0.91168377951957,0.0201677274066591,1,0.850653816721687,0.226628028542686,0.315678492505412,0.835028220178128,0.11818728707382,0.787745122148919,0.127024259936623,0.817234982069678,0.165092889315908,0.929067963570155,0.180149016670486,0.951096929810085,0.184176080071949
1.07202175706974,0.132871525148394,0.966883121570611,0.168922322403349,0.551473450846868,0.135645133811794,0.894158918270422,0.386026904087604,0.517247662431864,0.172965546828111,-0.924338071035931,0.0164943549145242,1,0.736595185150419,0.434325570575404,0.360258416730276,0.727423006337509,0.139748132709349,0.493591152456447,0.142672858298248,0.928904567688747,0.122760563516578,0.939308442066503,0.134007132320399,0.814466459283,0.154393270895658
1.02138737019598,0.141755837914883,0.793824209947431,0.180638559903095,0.472126044501135,0.122771179490952,0.680173974294295,0.307900247346232,0.566681434366321,0.176787424934046,-0.897401113180409,0.0239659852474309,1,0.999999999998893,0.283384780282548,0.339759390246552,0.632773664274251,0.140148025241076,0.890521968998566,0.124994747698363,0.756969721138837,0.145228817634761,0.372729134718095,0.189133824162162,0.652775197720129,0.164933748275504
0.956877057066519,0.135232825738375,0.909484336833858,0.136834085574013,0.369808597599972,0.0892142566307019,0.352164580031345,0.233951520664152,0.297132002866768,0.11798603541606,-0.848410375312886,0.0319781001712594,1,0.82335682877513,-0.110207942998632,0.296136791093003,0.617363821569907,0.141663800118798,0.479727257585389,0.136906831035016,0.517218531134988,0.138229413292861,0.724401736718535,0.132868321153838,0.70688743141034,0.147527392668912
1.02820115221276,0.141295545349224,1.19341525752183,0.195219492001389,0.546651010595563,0.151220322607702,0.663655885758408,0.38394436964105,0.475535076504978,0.192095675499094,-0.889549660448289,0.0280223801974935,1,0.78950703485615,-0.0685182545973196,0.315029048252919,0.699892703054441,0.147357149133865,0.689600360570307,0.135320667725662,0.526543377596906,0.158520507581078,0.613908925240885,0.166283112195581,0.665845893089174,0.179722111682868
1.22593375020773,0.181226686204994,0.986746197806485,0.191272562026196,0.994967976694531,0.247282470106683,1.0832872214191,0.496585577512677,0.960770243165928,0.314714317439054,-0.943767756531208,0.0118362284757539,1,0.925429164664844,0.592213424663341,0.381039396923717,0.878639295420668,0.119492747868519,0.908780329573845,0.12274003636325,0.797389860355233,0.145754810741551,0.886351431374647,0.157483358894764,1.07995371126696,0.152695433782266
1.15959437091248,0.17118822089523,1.31375442087187,0.18335313956239,0.775698459719123,0.207334124921623,0.325652014739505,0.208252828847175,0.502601000996696,0.197217993166619,-0.903226066360862,0.0232553630397771,1,0.999999999930758,0.491353784411015,0.382517141070957,0.564022757966099,0.143909322261107,0.802534402860852,0.1303360146037,0.65304467992127,0.153844238114644,0.486446427768138,0.197888339671221,0.849154446719377,0.177595956881443
1.0209670503442,0.148706279950397,1.30229455964081,0.220728964417363,0.733716627759459,0.19571540989458,1.78007950919484,0.5710830496342,1.14283591763151,0.314851458072734,-0.897250937615154,0.0226110002297952,1,0.99999999999943,-0.143218409646664,0.324789184962534,0.650096086103849,0.145368518913743,0.654858216961491,0.142302559283021,0.892918468369495,0.148367770638588,0.695728016972704,0.153421900008415,0.722230419663461,0.162343548078379
1.05625247490438,0.147715059248997,1.10319638100047,0.175535536822308,0.512372666650215,0.136271781990823,0.556674696700779,0.305830113064992,0.534064508023068,0.196604849460934,-0.868802250761155,0.0309102563714463,1,0.9999999998679,0.22030062795311,0.336409540085178,0.617818062609285,0.140039159411779,0.714812962129695,0.130675089255017,0.607000663311554,0.138440041846786,0.459766764268388,0.176295354762236,0.689112407578112,0.186377728490501
0.925572176795219,0.141318618763856,0.790568280268994,0.154257343909082,0.770181425640062,0.177766787891762,0.50020840036555,0.270628283431583,0.499487649691484,0.187984369333781,-0.902223097427966,0.0208559002769319,1,0.804734728147829,-0.364899088218123,0.334205102631258,0.822455650446858,0.115170251289412,0.621419891885749,0.128833579248315,0.639714199651572,0.129335949639882,0.843831922022574,0.132121661928908,0.847208183609323,0.192416663968469
1.02460482389385,0.118690210548537,1.19194769145202,0.164326054863896,0.395964023831533,0.0961177104922639,0.411467803134029,0.265636982310239,0.361338798972733,0.116800009776953,-0.878619124180644,0.0278741250876301,1,0.895197381738115,0.0701289866177859,0.28529803099954,0.816208719628713,0.120619462380693,0.525789842869977,0.120876312426887,0.687831123425504,0.131414625354159,0.745179694534601,0.14520174851771,0.609042069869003,0.1832034937874
0.820578579106997,0.137520376311633,0.915379782192132,0.17002340655467,0.609468240992103,0.156359531853426,0.365791779938566,0.211170440027431,0.413053183967568,0.167793657510327,-0.898838062788989,0.0230697719516056,1,0.874809445280949,-0.37727411280777,0.264410642049927,0.668286932761694,0.118001053481857,0.81950204276018,0.11539909257495,0.620166017695917,0.152539789740483,0.699391110796535,0.169766737772312,0.429746577977535,0.209086136449965
1.09739713570518,0.162374033853376,1.26854477918586,0.188356115455026,0.672364533163853,0.157207460728607,0.844499900620897,0.423665652171954,0.734600541023499,0.228196378667994,-0.893712685729617,0.0216056370548352,1,0.974875248753038,-0.241865604770214,0.302307998686413,0.824678904725147,0.127272323222312,0.748293661422339,0.132346457162095,0.819312166490384,0.145800622014707,0.964935346709142,0.145976204277564,0.548371649560489,0.213225062615507
0.983106402036333,0.157612573895098,0.769685330466624,0.160300104932264,0.552074016734106,0.136527566048764,0.39182527607729,0.271673668509756,0.465098434738952,0.189994157216984,-0.905526134780624,0.0212389599235989,1,0.999999999941483,0.226253016090989,0.425567779384577,0.889355653445592,0.123968917261735,0.465343499675809,0.150102464161415,0.803214644585449,0.13804158030083,0.463365441529751,0.174563053434312,0.606118427615005,0.183598590540611
1.29180329023068,0.153326798361982,0.650219863075201,0.171340567913555,0.526267924060441,0.136462120561931,0.763231970749822,0.374796279685398,0.529894854912242,0.207866380365891,-0.903546863129011,0.0202601210865977,1,0.8360995223466,1.07398127282433,0.372708497488972,0.636104043081275,0.134626061387441,0.748437113393638,0.11887519391897,0.86769279651818,0.132141425948442,0.600790591294558,0.166938507231941,0.531227096626456,0.190111881014191
0.982342066497474,0.121712882609924,1.13786904918098,0.16679569901387,0.351208077476297,0.0866821968727263,0.541616110114742,0.269611078257892,0.436142124448821,0.141255868866879,-0.893363188496951,0.0232493439077111,1,0.999999999882089,0.471829039841398,0.295827293580862,0.523510841145,0.143205266243476,0.632538568027405,0.121674968704982,0.637526536062082,0.131407727265351,0.775170756873411,0.149663808084045,0.587488392254027,0.191369176861014
0.969836152966073,0.143781887001618,0.766287089049388,0.158638091579926,0.706278198328699,0.161563997326028,0.89286638521505,0.408054843215499,0.72138541204757,0.201888357177653,-0.905023631545583,0.0189569307141879,1,0.908419020740831,-0.0184138307053274,0.353815372965046,0.64216476252409,0.136242397873395,0.804870901295649,0.115589150877013,0.768873945838007,0.140428176505869,0.799115086042933,0.149894484959776,0.617965161137522,0.15844169893214
0.940972812806908,0.142031752650978,0.953823034254228,0.164471684716847,0.576868556026657,0.159503292682642,0.410764499165271,0.257233045007916,0.409300097334202,0.172617344230395,-0.899007818650712,0.025861285237849,1,0.840827608624945,0.27283113689782,0.371599912133391,0.446850308565792,0.162816607149223,0.661360180704074,0.138702763268779,0.666381151455515,0.139629885926768,0.7930754046952,0.156094164102634,0.853551342150996,0.184075129807358
1.09400799119398,0.158673094216845,1.22189329581377,0.192319041207714,0.516998855183934,0.143670081087015,0.723839713309528,0.356661035425137,0.611738753974063,0.20896946380613,-0.89352820815122,0.02578667035234,1,0.999999999994717,0.089024878464816,0.27916811514444,0.521395681981341,0.14613075336539,0.718795786090417,0.142580791982471,0.63382560308399,0.152831417819079,0.680831053515105,0.169795218768166,0.734197463349391,0.182366407624143
1.18900174185537,0.17784314233726,0.906162051027975,0.179814900805099,0.543777262254035,0.138425566764174,0.884136921868429,0.471494137505232,0.610790986912368,0.210183927828432,-0.916019313874736,0.0201844175350844,1,0.880891327380478,-0.0173523332007846,0.410635534086618,0.811097081776441,0.162543620605021,0.737720267069408,0.128625053047649,0.794431368206035,0.142130371004928,0.745525009205904,0.145717145661621,0.711650829951402,0.1742613679464
0.742007508571394,0.122624235883102,0.905160285380981,0.152240319145822,0.429771117391133,0.119116348066679,0.242650619644597,0.185261868029403,0.322930685964395,0.149905720056897,-0.872572151446421,0.0295757869736976,1,0.999999999986216,-0.321236052553415,0.294823109170725,0.705731709367807,0.13235123489525,0.728510394533708,0.12978730236043,0.653529476600873,0.13501580183759,0.53305520246953,0.165338734274701,0.382667306071882,0.253687067736765
1.00989097863038,0.141113299170073,1.10880870622042,0.153141386481399,0.602382536500076,0.141578480625226,0.474149526630769,0.202308495483054,0.534433713834098,0.157319041417595,-0.911857793964818,0.0187329166207596,1,0.999999999913091,-0.391377041542233,0.316117436154553,0.940191025172237,0.117429462597875,0.665129835367218,0.118838607750124,0.710806130275558,0.125104768929615,0.633572548002897,0.16679255411278,0.740912176228205,0.176639338681346
1.29154121255295,0.175845321878106,1.17442645967015,0.180784322579274,1.00679020866899,0.244924084248655,0.72001280062308,0.402204393011222,0.610169359003366,0.248277462497362,-0.934840029099746,0.0138946352240672,1,0.716656087753875,0.273035642387271,0.404081586175424,0.990873809307112,0.125797688049495,0.600574151250867,0.139176966450968,0.910426112120965,0.154611511346747,0.771091852747293,0.154588172927378,1.16571964993352,0.158791358366426
0.718141095688892,0.133898829201962,1.16884978203221,0.218335850979395,0.453242435820269,0.128269794312124,1.07181072100356,0.475717468762739,0.464246114247477,0.170451160438687,-0.909844722258381,0.0209467019727786,1,0.666076246983536,-0.668945035381033,0.379461851748566,0.650006639978154,0.139662527453738,0.585888618735229,0.143083815882352,0.739218493982769,0.141521079987594,0.806738381655846,0.158912292280709,0.718332845378925,0.194668813576476
0.953454307114306,0.135857199714976,0.9128741421268,0.150702654986764,0.448173574160872,0.105988264839458,0.33205088015382,0.196259601780394,0.385767325925929,0.137589561390338,-0.865362703216741,0.0270139959894066,1,0.999999999967213,-0.00561152222042403,0.323317897634659,0.559769011730905,0.145566582673534,0.547257248312798,0.116482805389771,0.711247791257695,0.11759154793505,0.781693257895061,0.158998869152402,0.630571047197288,0.180603414313196
1.09464704610992,0.164918599401644,1.37266296725092,0.212212602495888,0.656341883675292,0.19313731597613,0.656538138577596,0.337496293512593,0.550566492700722,0.216032775801584,-0.874626555577742,0.0315973528959252,1,0.838715632076281,0.347198567667488,0.290016983619244,0.637477548527947,0.142470817529658,0.608181826146462,0.148378639824748,0.702159294912951,0.159124705043873,0.795167131725157,0.168075812026752,0.516931742491204,0.220126306706676
1.10056983301457,0.137221106347445,0.762794262134859,0.166714250225698,0.697479063540157,0.159997244804525,0.524017575685831,0.338182829170628,0.518170819068504,0.191408764879914,-0.896565126356038,0.0200925816010678,1,0.857105806476046,0.0166372070757186,0.327160027319504,0.845413403694291,0.123874730689362,0.603968224743094,0.133682889050708,0.741232040646647,0.116945613615014,0.671999115850278,0.162696567711596,0.778354452065945,0.18698086984259
1.00592512621864,0.147063026613029,1.17869381532379,0.166869377685893,0.487401676895496,0.119094760354181,0.626667560519466,0.327349461921559,0.552665196883848,0.197259082198692,-0.912395127543099,0.0198443538423262,1,0.999999999989302,0.293317502570165,0.337834322113069,0.55352276518182,0.141995468416478,0.602186617209501,0.129832419896242,0.776409832899822,0.12676271088496,0.792430246014397,0.157885329177701,0.529739382343144,0.227215247447456
0.982521688941402,0.160399911601091,1.03252884025112,0.175993175400292,0.650954016177113,0.168230281082425,0.44818808424946,0.286331491118873,0.474181009893022,0.178111675462903,-0.872614220298625,0.0300716728989829,1,0.877887466861609,0.0407842991276476,0.332579314626316,0.670013803391017,0.142071877074362,0.602345322015124,0.144341310677585,0.607762208426047,0.143883856868798,0.752542510861128,0.151887679519039,0.562528496968867,0.195883802903305
1.1535863946268,0.138745227298779,0.820429440720671,0.164409305721236,0.535121207718415,0.128461575586293,0.805227259496956,0.425924252655681,0.656254722755164,0.217668901996608,-0.926218820705129,0.0176051087807781,1,0.999740131616025,0.275259780004046,0.287401940614035,0.888213296167196,0.132974422344932,0.629631387158939,0.148641522542378,0.749226542038561,0.139365160993323,0.705281009332213,0.14051278202721,0.851141381756679,0.187293069412884
0.729651602819738,0.111981076082976,0.846191051499206,0.150026076389771,0.386647398800151,0.093200502753424,0.4072591528979,0.267416110150646,0.381082240878146,0.130496857531417,-0.870075215091902,0.0263712471890956,1,0.960341589270937,-0.221026679645259,0.285888470475432,0.566568493336095,0.131638904179235,0.571559295893352,0.116407838166524,0.378834102118509,0.141206760098158,0.61205913768534,0.157957497957953,0.233440854792117,0.211417577141728
1.01135377405673,0.130549020792305,1.16061575389091,0.173763249018217,0.531544297843231,0.130047156305748,0.707702794256813,0.336791798510902,0.613331382558163,0.197710397521656,-0.908734988514141,0.0198271762573652,1,0.999999999967804,-0.196520522712326,0.353245545010428,0.724881673869087,0.130107896675408,0.712469374286113,0.126345769674196,0.634135441725083,0.134539512118605,0.851091199379974,0.140356963161467,0.758791204922982,0.169527346503438
0.883803905580369,0.141850643059124,1.0521809594882,0.176784931184775,0.590928691987282,0.154231568774235,0.553180506616017,0.370548772848763,0.373639702220996,0.182938954829309,-0.887059589547633,0.0236001368597223,1,0.653509709986487,-0.294125994392058,0.312577993203464,0.745263238790675,0.12363661070457,0.806832076563449,0.129274749490107,0.443791341884337,0.16461248171577,0.75508379600293,0.151433786636786,0.558545194561051,0.22630558792973
0.895519205036187,0.135391404516785,0.820168763007155,0.161573655933275,0.561615810630362,0.146567994047088,0.821099004430944,0.431430650571106,0.617105574767218,0.204999445263878,-0.897505949322249,0.0217845428533328,1,0.908745020559878,-0.198581235626632,0.274675226704051,0.694066091146297,0.1226741397318,0.623505610551133,0.127325499940499,0.763241534694143,0.13690824182988,0.384281633331532,0.184929021120067,0.604408225329202,0.188347882232831
1.03462005089581,0.131282100682558,0.916098356660619,0.154631950439029,0.507664486648148,0.118592527490581,0.352323243274937,0.258488378066878,0.419439351678115,0.156774435449152,-0.873427955561117,0.0281898218321036,1,0.991768097289359,0.0926108937493887,0.284439426068484,0.668752165377639,0.129432648594225,0.70403081182685,0.125636933135236,0.737676369109859,0.143245782638835,0.46736814946976,0.16873046104034,0.612267666266432,0.168995881890956
0.97787437594254,0.149824436826515,1.11242575216622,0.189156992139004,0.550894601154948,0.141619023481033,0.632154030059913,0.374141953309977,0.57554119532903,0.20014473023837,-0.933230598602293,0.0156785917828971,1,0.975283104796529,-0.158884417592316,0.328351069453781,0.667025633804276,0.14884832135503,0.712751394802943,0.144240337827943,0.688726556977266,0.144438000337127,0.794991136767809,0.157608256784423,0.783084654929144,0.186566749792267
0.962480789155635,0.145750358953043,0.873197049751836,0.155201892647229,0.572625078779143,0.139157757441008,0.47084530212681,0.258491800439069,0.438975717301756,0.162146470409806,-0.89021861744412,0.0247625157490963,1,0.845407690302565,-0.377637613411525,0.304781216662319,0.946020713468341,0.112697781315061,0.779706253817403,0.117318139624422,0.720811020217876,0.132205500678686,0.628211933064247,0.166413574515349,0.489943394796133,0.227480237909498
1.14842840965716,0.163191647309904,1.04374637480078,0.169342511364789,0.753985638187776,0.189673607119447,0.49921412729308,0.281613894865166,0.596934380385401,0.215451748469665,-0.924980140169874,0.0173772439296658,1,0.972974867851096,0.0937254237332163,0.332143365661883,0.682899026492576,0.138160684409223,0.707372651133678,0.121252004702319,0.703669834915491,0.142534238383994,0.677762624498691,0.170327006250128,1.15301500065303,0.162802466220091
0.785375841568048,0.144046233830489,0.911730895266301,0.161331366810265,0.668653048531089,0.160892546611669,0.815143092623819,0.438961334427469,0.640525430474843,0.207222770434184,-0.90260573280431,0.0209273569380148,1,0.8675989867348,-0.340066997812604,0.347806654451255,0.82351201931629,0.122283696455069,0.580120518358721,0.130375769611899,0.671763137048174,0.135714791359048,0.665990055760084,0.154834431397487,0.813251246826798,0.168914658669119
0.917863462349371,0.128689625965851,1.00346418107149,0.1805799152293,0.450278829001649,0.120493005523217,0.329180069639473,0.217155128198802,0.384997163998744,0.159183093258306,-0.884437959625306,0.0271978939151199,1,0.999999999997073,0.128260686556708,0.294233694343393,0.73091915478439,0.121010143894124,0.582560163322245,0.12866258851638,0.668196630357344,0.142366670958289,0.630943076196789,0.179729306893616,0.577795700973999,0.187971505985723
0.979307831462666,0.150635305513965,1.18953680066229,0.183080790095985,0.720852447792303,0.178630503465745,0.820123365627325,0.388335117986238,0.712542618177326,0.215871784437202,-0.900298728179086,0.0224441438560432,1,0.926718992760097,-0.182611019696267,0.328192311469738,0.674450770933312,0.135836629249828,0.629660166496452,0.144818892407086,0.892010059557182,0.120815816849199,0.918383059162648,0.140751094119112,0.960297140892876,0.208926642823895
1.08139602647293,0.147328295269087,0.865263716123595,0.173281106079117,0.622470818005862,0.163575977100166,0.393046772134342,0.269986218689173,0.397145152000738,0.183184857350571,-0.874286240832534,0.0279417142507244,1,0.802911448335551,0.322992158654122,0.332078760281888,0.671298066934204,0.138774099027943,0.696699512379158,0.125438798740105,0.669829176063783,0.144391910468981,0.779029838357883,0.135752819445697,0.122309980802432,0.231524415141697
1.05105460312409,0.116314305531318,1.0441869552748,0.16697379871674,0.336855167581209,0.0851413931798028,0.549825148831868,0.238843287493146,0.430361990247886,0.134985898103459,-0.877314423503135,0.0272060017040015,1,0.999999999999999,0.654202218652213,0.259200845592905,0.529351734119666,0.131126165870629,0.573726320903599,0.132385942819491,0.507065076242762,0.143598803464271,0.662801610319788,0.142210201050376,0.697550721155769,0.151521231223205
1.21513087521211,0.141110611000977,0.858096325826852,0.144884359013429,0.485548339792669,0.11409701989413,0.369566624856462,0.262886417291336,0.340064910016276,0.143212157523893,-0.90286081627513,0.0204181043447936,1,0.802784932284467,0.465149329229397,0.285112204849084,0.795123685670442,0.115801264008011,0.789454558881192,0.118051440436758,0.619082427070013,0.124327127174333,0.685081656844192,0.165790672484297,0.489253671486121,0.203333941574925
1.0244023081335,0.178465224845632,1.01443001584016,0.166494991261917,0.812890049416822,0.202183589566525,0.656248472985183,0.372505434854299,0.545937934004144,0.204466074571375,-0.913982819056595,0.0201756336658937,1,0.747469050842678,-0.0151231220751801,0.398028449448524,0.784572631060303,0.128150123255938,0.943466544556663,0.115249772172763,0.627982180687453,0.149805469454573,0.851246338161467,0.162318947752249,0.880787652065825,0.164795713876712
1.14350337190577,0.166003560469298,1.25456475480706,0.198909621000635,0.848769785128367,0.219327707361535,0.651301813090625,0.363213751974574,0.741281938091225,0.234240070526907,-0.916419998639647,0.0190353233174347,1,0.997004960862699,-0.242547429576983,0.335101856716471,0.759077068820343,0.150181374856387,0.721997694164362,0.12986585769219,0.889104000041497,0.121047589088915,0.778196211586403,0.146569114410983,0.999980808180651,0.164396786530882
0.858520158773299,0.130314099169206,0.853573409897407,0.151614261166535,0.498015768634677,0.123374463505584,0.394263329696346,0.23588341641533,0.320899967548398,0.136932241987551,-0.885642111787482,0.0260876954276988,1,0.724194018601881,-0.587427571646491,0.310703169079469,0.741310815852216,0.122895811641203,0.643796713575698,0.129591076597479,0.375206086260735,0.157541430454131,0.626063016820714,0.150374470453863,0.872280021728385,0.141973502504924
1.04758929674354,0.16328543514431,1.26638382216775,0.177617690498126,0.595924928966274,0.154390453259422,0.603882170724635,0.305103200917685,0.486947285579218,0.17620639229543,-0.915218076803674,0.0181622143619063,1,0.811727143785545,-0.973217784529538,0.360195396234262,0.880826543423414,0.131641092253666,0.816021957782514,0.132376534262961,0.712553622303781,0.147906886320893,0.863553386133533,0.134274959852713,0.467234248853904,0.207442984341676
1.05018756277978,0.140513553186151,1.36697411724314,0.19515899585411,0.749899209942473,0.17714383389511,0.905590413607896,0.398960769042358,0.824076170949789,0.247308373850689,-0.914472925883648,0.018221909605089,1,0.999999999875739,-0.475397100511187,0.311835460835633,0.718422781237682,0.136811049168404,0.88922700043929,0.120306915416498,0.86050413259211,0.141658776777393,0.822192136696064,0.16729841851413,0.635150871852517,0.202388245815927
1.059619700884,0.143605917516079,1.09167862350721,0.167101137473521,0.662697277695645,0.149462982238501,0.832678458086683,0.411950474495238,0.572017594198899,0.219934284545438,-0.898851960499929,0.020734699593104,1,0.77003972306197,-0.11555682554528,0.356222689131689,0.904336600513446,0.114676042823448,0.712408867469206,0.11703095429375,0.843974283557161,0.121454336290771,0.856877846881126,0.152710583080134,0.360156790535431,0.225441899422363
1.16542626609547,0.178945085692863,1.05874257139213,0.210842019121339,0.671023904407506,0.184634273273252,0.734428112798427,0.475240008468209,0.559610425770479,0.252646115668973,-0.922722283071147,0.0195352522740399,1,0.797153862635368,0.73995793140973,0.421333857030609,0.663910026142618,0.135403068496158,0.859894596818542,0.140807193217047,0.750283810162994,0.148193782713076,0.713310062034583,0.173327147859385,0.881230532752874,0.178714345668029
0.914152197820869,0.137530407916346,1.00949756961468,0.188024242885379,0.555099495266811,0.140078008181206,0.81141675519069,0.407418790596819,0.671131157797072,0.225032569272649,-0.886377173091173,0.0260359790916962,1,0.999999999676581,0.0213981579600132,0.382736126004361,0.661455173926478,0.122584022206367,0.511940982378215,0.139522746864289,0.735597802498698,0.129756968022399,0.562903813890633,0.153001170227452,0.850687881474887,0.176296191587737
1.03576382160126,0.162823253842636,1.07080365317123,0.172228119763637,0.647094752817284,0.172560489554651,0.422893501214629,0.275989824341846,0.41747946241186,0.181681520270345,-0.911464920120602,0.0214927787663405,1,0.798060233373231,-0.240964314298713,0.365828814191133,0.82419597688198,0.145526742996959,0.892219208861463,0.130656710492965,0.826430077114896,0.143868014172315,0.475438482459395,0.190807749906136,0.471503066312663,0.198963146551518
0.921799682043363,0.143096854032546,1.19076614447143,0.203147403721524,0.573273979907846,0.14060732990441,0.666407074047746,0.473394284521422,0.500623254770085,0.194713322597411,-0.855413095371956,0.0335672495382082,1,0.809953534703506,-0.254128844164189,0.381144385097438,0.615633927865614,0.15348019929959,0.691389902628167,0.132845284253223,0.578013556498685,0.140872235917593,0.616486318406706,0.159779176117253,0.648647148117246,0.175037310653781
1.37731641491691,0.165674329636008,1.09259291152482,0.176798187355068,0.584384161129585,0.165163650246233,0.550573584636695,0.361879704579219,0.296420370519124,0.196419753965357,-0.907000147134961,0.0216136484564819,1,0.522578023597434,0.36462391225651,0.326943406383777,0.761637599041949,0.140871863167999,0.778284317183272,0.128304461348351,0.880411864339635,0.144324056660625,0.607210530995116,0.170214680176344,0.827787242625183,0.150249196565465
1.04472508522182,0.145141986159158,1.21021026060351,0.176962873762613,0.638203471682237,0.150767729336001,0.778179964387753,0.329671584559395,0.704724878846611,0.207543245849077,-0.903212134999601,0.0213042106576142,1,0.999999999999544,0.166565826591733,0.284460538241743,0.589937276024443,0.128576770707917,0.639743952006789,0.127219728547648,0.761976748638883,0.14233520623862,0.61884409786042,0.162900299343044,0.837751985173091,0.13405274155089
1.27508037690024,0.172000056669678,0.97788075805891,0.176807482253913,0.896453770059964,0.232553908060501,0.576012957002272,0.372479446766256,0.670863304948123,0.228904882303964,-0.939239264688095,0.0144968391012608,1,0.933585208076931,0.415159331737714,0.35197917099971,0.989360474008081,0.145203643029041,0.81906419948799,0.140758695073684,0.65654231406777,0.153728243665104,0.906632469118119,0.13715621712766,0.815549594207754,0.175260667414783
0.790625253351977,0.111793934668778,0.681145136170923,0.150133975907035,0.365547487580466,0.100932298172381,0.310171520645914,0.202090774018411,0.336723061299352,0.137852045577288,-0.861976388604082,0.0289292565227753,1,0.999999999645804,0.269341774734765,0.266189823092948,0.519349182202981,0.121906098593139,0.361786254759698,0.127045372415788,0.609787109270553,0.14071241346002,0.599023654481641,0.181800779521542,0.207831783031425,0.250242592403125
1.05550745809834,0.156705288729352,1.42525924807145,0.172717976492819,0.513727572387423,0.12492222166572,0.307626643243184,0.280302962771655,0.242300244658407,0.1481785802232,-0.919223791593168,0.0190643678952736,1,0.609502430291437,-0.439953126785059,0.334177026937545,0.852482908282627,0.132125658904376,0.993523290217098,0.1251119414783,0.553722976268322,0.144365206002853,0.953971150716439,0.145900060495092,0.525981249762142,0.210323041487485
1.10041307407029,0.120979216293981,0.885187098609998,0.127749596619431,0.285179393810073,0.0703827274855138,0.204482979098449,0.135034267317226,0.241483606116406,0.09495109101374,-0.888434107518169,0.0216356885108083,1,0.999999999993228,0.19801096354162,0.23939454139609,0.795684576884073,0.120932566886998,0.3432398270572,0.128964458009875,0.733826044211262,0.11932145307874,0.615810898569208,0.155150462775626,0.445332362468263,0.171732872055538
0.857370849015188,0.115205821696926,0.913990349930215,0.150314919323788,0.473926738655171,0.102405715091012,0.333441651892739,0.242600420320221,0.388675370872378,0.136864365989785,-0.891914154000437,0.0223047934479791,1,0.977735741380732,-0.517717948534552,0.30838855485953,0.590773000456289,0.1265303889131,0.631199808005522,0.111657479578991,0.622754069593389,0.128531241342715,0.777883888571241,0.13036711035305,0.697253185792196,0.164757036474952
0.853722161061603,0.144848078407336,1.31296813679439,0.186349835950136,0.578647340650748,0.150516277356119,0.547779194322333,0.390739619711395,0.310167744369222,0.176638457827895,-0.917464172298555,0.0193736496783831,1,0.550917901462464,-0.35419464101516,0.395828050866748,0.696831861762834,0.129758388341939,0.688968242372909,0.125574665609821,0.722780218834118,0.148394293772721,0.946203624581719,0.145552698520039,0.775956949136106,0.206467364094096
0.943436565646263,0.16576737594146,1.41992095627296,0.237956585008439,0.950103828349611,0.248726135045388,1.26854664683263,0.55796690711902,1.09783925307086,0.351376143876367,-0.914336675114589,0.0210254579777521,1,0.99999999999479,-0.583147636559475,0.378583154281288,0.67187715019411,0.14492335579867,0.79969178147835,0.144336754563317,0.838797347206803,0.147284780397228,1.23466373065702,0.148806692691702,0.889531773535189,0.192832353897598
0.982912452735779,0.153039596902626,1.39198512231612,0.176298538786049,0.784582941983616,0.18647608716107,0.583857533138988,0.256249904523506,0.676819518809192,0.217551350833221,-0.89238941370833,0.0235798717702244,1,0.999999999990856,-0.317225865424553,0.329148849856251,0.697349074359604,0.130442020690976,0.830603014210449,0.125889651278935,0.673423150310938,0.141124719081175,0.895452576391706,0.153050259268186,0.875510663914326,0.187651284279242
0.854755705312661,0.12498299698034,0.916338392971155,0.16587730464007,0.386906806532177,0.0944490866962255,0.347075879366251,0.233492945471449,0.366450569798331,0.152991316544996,-0.89933149497136,0.0216464926059332,1,0.999999999983536,0.131558081485148,0.343009801706966,0.495470604483973,0.137567555394938,0.510550457369483,0.123398721827535,0.61672825392307,0.127984147835749,0.653235556321196,0.149054867590404,0.506647266841995,0.19774645214414
0.938386047170909,0.138422533307805,1.09378871160873,0.146696392981675,0.571310696145213,0.141147914036561,0.65441015689257,0.269663335870505,0.611450343145519,0.18219830522053,-0.887601818056788,0.0259585310670902,1,0.999999999777972,-0.0190219902898396,0.319966100016056,0.612213662980595,0.141277982663978,0.49438207724476,0.139099094967828,0.769135235826248,0.120347929845824,0.337019682570176,0.165458268840458,0.679162150733749,0.173542183340035
1.12373645078291,0.160857822750055,0.944918364329598,0.158525835221585,0.72204789504735,0.167520412019342,0.600312559820891,0.33976849443638,0.618839708223821,0.19603682606154,-0.904454754621181,0.0218230806368622,1,0.939953684626403,-0.142754279536328,0.348636263541016,0.884615738678533,0.122819924381251,0.744024218371954,0.12787767393722,0.801518829927613,0.14106439686635,0.806035442322381,0.152378571497692,0.841771767345363,0.194025917707823
0.821352060062244,0.116810376699898,1.05900154615031,0.145646457350125,0.316457177600216,0.0658144013932773,0.374162438887433,0.187396833530091,0.344102294926235,0.104518548017108,-0.884809661106694,0.0224031333926355,1,0.9999999999965,-0.497785463060807,0.341953980218603,0.620761388560757,0.12033841923771,0.474411466090872,0.127936912988411,0.472144385929124,0.124644625260356,0.81772168540719,0.116161546030201,0.422358052813572,0.19379759893607
1.11486953600603,0.14741104672471,1.11979562936303,0.190972614967572,0.654180270561357,0.161980856857558,0.988200895422299,0.491558440762376,0.804028313623082,0.258772176672483,-0.892650019944099,0.024040286859355,1,0.999999999977758,0.407838928600089,0.361141483740512,0.633002701994202,0.146310796344042,0.820723197368083,0.115207767308482,0.913393836902786,0.136338438186599,0.938989656267238,0.15386156969215,0.219072713486082,0.215732022543425
0.902422848015381,0.129629447538603,0.820184975669737,0.181986063327819,0.649059232206223,0.167462519222815,0.878761376889754,0.508034336583183,0.617927700550071,0.226407269636299,-0.891022607569102,0.0248000433302387,1,0.818201022858171,-0.0858955672408421,0.27788957422863,0.690547275444773,0.12673759340032,0.918362611001489,0.121984398072308,0.53772106877194,0.16475093900733,0.859744645921333,0.175622347506805,0.793037960749986,0.210945642210943
0.964242506967208,0.131971771208055,1.27058987099667,0.186418776441408,0.518886798036627,0.116985183808559,1.06657024951086,0.468717633068733,0.607656877536498,0.18655621003047,-0.862555490416597,0.025701205857186,1,0.816821902167158,-0.149595984281244,0.268879766500558,0.67057571883112,0.114726305470075,0.770411943645977,0.114570250004266,0.679468896266836,0.133996095622703,0.614655127348816,0.162175636530647,0.725965200056856,0.15680593913659
0.826093612167852,0.125501482234573,0.942848673310939,0.17372125229079,0.563027131944282,0.133408804944476,0.555629302591627,0.303103545303847,0.559315986322595,0.189544293286471,-0.883085812417966,0.0241459897272142,1,0.999999999830026,-0.63128783842915,0.317327548058883,0.754424862233903,0.118696246003939,0.736245940533697,0.114156050977044,0.711096391840255,0.142824665502625,0.558832177104858,0.166967025363086,0.543642786826819,0.205815362875915
1.00273880438273,0.142562257939452,1.15470466926314,0.196877846955056,0.516456731327868,0.121080593694382,0.891521843931389,0.496048710287217,0.662426176686032,0.199726648919773,-0.895695988201407,0.0238123575728289,1,0.976235329252124,0.0180823310551613,0.344741169682225,0.753649661849458,0.140846482478891,0.767520569388724,0.124881733948158,0.475737080145831,0.149001344343836,0.76752472052481,0.143434313284521,0.540278453527656,0.191999920199532
1.19642332031319,0.1599318934293,0.977426591045903,0.163894161309914,0.548746218837418,0.137221501954587,0.212566436034151,0.191575110584828,0.341533348315018,0.176002696138502,-0.891855325404509,0.0253091767009885,1,0.999999999939051,0.233918102921954,0.370057883933967,0.663785455605264,0.145580984275508,0.97293268549665,0.103327920831705,0.371964655612853,0.171186443013955,0.898519999927163,0.149079467692906,0.620757845603781,0.155636250168357
0.709651615980599,0.126066728691928,0.794463982132335,0.154420157619422,0.527750593728319,0.134778993082769,0.461132407887854,0.2851520078851,0.489691298833405,0.173791511426771,-0.848209317342041,0.0349396672084826,1,0.992647834391084,-0.0938095875073582,0.267113727087629,0.692339768885378,0.116504272008917,0.560507108191516,0.124657729368259,0.502731213621344,0.141071397017417,0.781653113698015,0.168710239214902,0.511424149274146,0.20738913159648
0.847650875105274,0.120351735595745,0.785533899362048,0.161768548612638,0.367571295351704,0.0977152355627852,0.314533437243647,0.230494089342278,0.209682446676031,0.117120958423607,-0.890395306817659,0.0251100812656408,1,0.616677169904468,0.0684652658344406,0.306986323546671,0.443559538655392,0.136291865218859,0.704051557514247,0.121247463026847,0.576568084485372,0.14883678422655,0.73657986556318,0.155694087695654,0.59591578758093,0.201711760521622
0.975940426157867,0.146916673906176,1.040702901071,0.179926676537637,0.668100494775358,0.1749801921118,1.22781041782933,0.498047174203199,0.905704558691093,0.270693996590512,-0.923139423172933,0.0183881598148884,1,0.999999999994951,-0.089215735421233,0.266215352324042,0.585018644445476,0.15227078198677,0.762443313239481,0.128923542000336,0.76713252342011,0.136962802360246,0.790941984283404,0.157258195473087,0.471421165024884,0.212790218784891
0.830441436952676,0.139288426694031,0.969724464471317,0.172887964940126,0.525186249776703,0.147752741311687,0.201645233235779,0.316394437747483,0.225295081412914,0.155337327078851,-0.922587808314895,0.0198448464579496,1,0.692310720709086,-0.235588732226728,0.250203083722788,0.702318079038527,0.134820244443392,0.508981782700902,0.160054966839342,0.837544814807623,0.137763288940496,0.834615917466307,0.166390742477335,0.76150537587273,0.206754715369079
1.01614086333109,0.125603927680181,0.849115342492783,0.139342284360348,0.400668632453803,0.0945714357308501,0.361685311915697,0.210549325121867,0.195046850844029,0.115543851538442,-0.907802169659795,0.018333766508411,1,0.512366627562895,-0.170684531771968,0.320198437521629,0.75547538174436,0.13404948992348,0.799021576920641,0.104871573190251,0.655368395304181,0.133558218397855,0.717827166832545,0.141910069555294,0.634602046072373,0.173790240463413
1.24587713800028,0.207965209388104,1.11987426437392,0.209795127664632,1.05095553644611,0.287274817514099,0.690779883820838,0.356677739117737,0.537904377453583,0.300927131852331,-0.90866705108554,0.0217945626442516,1,0.631310578162935,-0.0426101459420143,0.359283009023923,0.847120715751608,0.1396405286365,0.999897543759639,0.121328162513744,0.82772719088535,0.163327995883971,0.912279570021342,0.187404235960943,0.559125148877702,0.231093058234153
1.11133478012293,0.176597997812168,1.12313977607829,0.189198393063179,0.726960547936225,0.174130041013147,0.521004429002237,0.324767867563854,0.323481424264189,0.193515325325795,-0.922035134760241,0.0171401294529144,1,0.525621616833046,0.100128942981095,0.349856357543789,0.774112962886064,0.145790032361128,0.874433225635386,0.122389575951142,0.914864743224314,0.131753954904619,0.646041615235333,0.160655454980311,0.695609334774847,0.181025328696811
0.839907717578305,0.11269186225933,0.962480544688431,0.145721913582486,0.328085517831063,0.081770270976573,0.168239157176597,0.132980337815203,0.234940058207321,0.107240411273937,-0.835904711261613,0.0336909245293872,1,0.999999999535426,0.019444752380315,0.280533101056665,0.569719875844744,0.122700655121508,0.505263999212897,0.128391331589848,0.41668122261983,0.138158796845459,0.635291800215085,0.144018985613239,0.159851044364759,0.219014789411655
1.14607536626967,0.137346948432965,1.24522313970577,0.169671675779986,0.590668998025035,0.139512079671664,0.41160816194063,0.238887562754499,0.493076242163947,0.177554425275315,-0.907502199658252,0.0208704604345849,1,0.999999999987909,-0.251732327789811,0.372419341263207,0.757192294765064,0.150490809219855,0.884812328003267,0.118582817839905,0.588938703778397,0.132751471148795,0.612804188778427,0.136421867651139,0.903743122294762,0.157118089801246
0.955926202662324,0.141867286176823,1.13126944569168,0.158300026617094,0.511745043764413,0.133023094170114,0.525161062502481,0.271213486200326,0.518409655493873,0.174809921297644,-0.889865639338822,0.0244540049612559,1,0.999999999991775,-0.652670273298062,0.295935184148874,0.722619577654061,0.120922029103761,0.635836196454939,0.12145812174303,0.667278240789393,0.130973735115399,0.588385733705965,0.161079769857168,0.804054189154828,0.17692826239121
1.03082745064649,0.136208427583302,0.946721124024973,0.167613500461609,0.532885484185016,0.135547123837541,0.37842897575714,0.234863784158269,0.348732582082412,0.167094708763777,-0.890699237303876,0.0233806097763909,1,0.776574971028995,0.350511732172476,0.322851764410186,0.680247472463788,0.130733870657619,0.812472072250358,0.125897911517267,0.480853876638765,0.144708860956023,0.788741681637038,0.146084145694001,0.4757422712874,0.209940536688673
0.698411182229545,0.139193365697948,0.971688768979409,0.167384176579869,0.642748355091488,0.156956907709558,0.721837556160035,0.390775609842809,0.656802335569523,0.227000028997472,-0.900499522096945,0.0222423047383172,1,0.964260695007851,-0.927742308614991,0.318976426859499,0.707273252316046,0.12383324860066,0.756293924565076,0.134383372860184,0.684361203216557,0.153297880542541,0.548068537192709,0.171011557303718,0.849738879175367,0.14554989819614
1.0841705354421,0.16014879937098,1.22763657994627,0.209789287921192,0.677095272748437,0.180585362192371,0.481406078199412,0.362434730881754,0.484770749307104,0.206927910217379,-0.88198701864522,0.0288936838343461,1,0.849093920651391,0.0853309281603877,0.324920906821686,0.733992876627922,0.139862646158246,0.77165610703475,0.145867055479463,0.758507806242954,0.146823431408028,0.352750265531641,0.193435087781502,0.458008758841393,0.201902266582235
1.0067171967881,0.139000380573582,0.630356744278337,0.142972639031918,0.579075104281906,0.128068454955599,0.153619986567064,0.207894853152648,0.244493715637433,0.145621384841601,-0.913307390727309,0.01827822569367,1,0.819740499882421,0.697129358026164,0.36560819992846,0.500335724939546,0.153832547276638,0.525785888548041,0.132258468161406,0.597401990159003,0.128814126699308,0.919896352914081,0.122861708934272,0.896017827552975,0.191315021619592
0.838346904370879,0.132426796777336,1.09346774302625,0.158051965995348,0.687674453306658,0.157662960676669,0.479293030927458,0.286769792286786,0.574105890072974,0.20673154996842,-0.891321245919173,0.0220124304424564,1,0.999999999999622,-0.43666174125221,0.3062990273889,0.817609974861055,0.112012597996048,0.860244198409868,0.107881759614507,0.695000099555647,0.144985222974177,0.635874793648789,0.175742533614612,0.741877474963828,0.181615515133456
0.919457959725675,0.118907686178709,1.00358755272276,0.168297261620705,0.569309906310009,0.138101889670023,0.53523385410864,0.361351104160893,0.552008999325345,0.228938204072177,-0.860882089356467,0.0263828421482529,1,0.999999999999399,0.0859137699240549,0.314489397444254,0.509984312656333,0.126226743234084,0.42875873907527,0.137963311977248,0.610134654725408,0.134833621663865,0.641645238325148,0.137578832915888,0.661872845803509,0.178150756434455
1.000981874156,0.158136606290756,1.22037573600097,0.227169924548846,0.804699397618195,0.210553237652068,1.00217524895875,0.543179069579792,0.749895712859708,0.273737292306928,-0.922792291593837,0.0180611068498753,1,0.835049453864023,-0.820430631107417,0.408531350273788,0.835765178716629,0.140263591060443,0.731537777267888,0.143503331466967,0.864927544813637,0.141256142120332,0.615921599694285,0.160927150162274,0.652732362808659,0.1807926239548
1.13711823530528,0.140801294661103,1.00208043444593,0.175658614804122,0.565663711288612,0.134002499240621,0.853036074711377,0.435949652887256,0.569865152297426,0.192187482172267,-0.906711969077791,0.02020931752831,1,0.820369002298883,0.520996688193657,0.340595674660981,0.748533463851661,0.139647676174907,0.598537027397583,0.131104609276379,0.802095989408619,0.119476363501127,0.729090371928252,0.140931602657321,0.771187786003915,0.184647225821628
0.919052152113059,0.153314205391818,1.07295556000818,0.191553095837817,0.781295663558359,0.204817895657082,0.555529111131168,0.32239618960442,0.658811418722458,0.24315432127541,-0.897304313774833,0.0252969267715384,1,0.999999999921535,-0.482557454586556,0.350654323777781,0.701294332475115,0.145526550257339,0.809488178440193,0.135591754830126,0.936718953433727,0.125174141374936,0.865112991367135,0.153437570591592,0.865742303153235,0.212063691275279
1.08296905928785,0.127614862991897,0.924637814881022,0.146500452301192,0.521051551517099,0.117733815271574,0.273264330429086,0.197514754766618,0.23419610462445,0.109085235910682,-0.881264175148562,0.0268103536838596,1,0.620651554276166,0.0708127769438126,0.263349652548794,0.623544418845472,0.139201704671454,0.537195949108287,0.136939384165454,0.620506674562699,0.131430312831155,0.422313599014617,0.157665447734532,0.532229844100478,0.161727226861763
1.00052234335225,0.149146545343994,1.0796857651697,0.142685156110298,0.401218561467143,0.104107592786872,0.405612911831024,0.244528720943231,0.325488789149963,0.123945038964986,-0.917928166453991,0.0174617683746213,1,0.80684412448535,0.0698603445848257,0.29637892866716,0.653415123284882,0.132601990378935,0.762831131882375,0.119806468762976,0.599812697559118,0.14422414591972,0.708164489736716,0.148719969388313,0.742027478906014,0.165839938963565
1.04662855960595,0.162930808748684,1.09133482334376,0.189507173032719,0.611490299738145,0.144154957684377,1.11300782040957,0.508241984061904,0.321321549451942,0.182588051530114,-0.897130223010069,0.0225551966103085,1,0.389489683178985,-0.452166722558618,0.364644155685681,0.864074161395815,0.135277344630681,0.73391693904515,0.137037164419397,0.793888249764141,0.148596115597248,0.601708615376362,0.162933217399872,0.855461262349155,0.152180310941734
0.925985904279982,0.138213495807379,0.927740167000955,0.15587894709125,0.534755613902453,0.104399886623038,0.40218412705438,0.205671419559279,0.415820678270777,0.121980083982794,-0.885511669841248,0.0228365705821667,1,0.896635527642604,-0.629571071520086,0.37259358533477,0.720718792309807,0.121517221177208,0.869399326844449,0.109317405432353,0.563751787176051,0.140001251176641,0.434819122987861,0.16049230669479,0.731258896864177,0.130666229130762
0.958942312936936,0.120134068263953,0.831121135711573,0.138752048643052,0.377455673406559,0.0952003394124518,0.280072887583692,0.164263389473501,0.325138586426452,0.120133414933398,-0.875494757181208,0.0259304740551342,1,0.999999999988504,0.251725031640489,0.296850318749391,0.57724875895355,0.123615317802796,0.501992617183703,0.119943260024425,0.671861250625742,0.128511536881515,0.474502861230418,0.15112118467101,0.614240192427534,0.167557033865416
0.827709568180693,0.15922015824515,1.04329328140438,0.212732715819587,0.594122814823804,0.176957146912693,1.11196600567497,0.551997223800032,0.597682968487976,0.237173799152139,-0.891504148944733,0.0298147775155735,1,0.735338001057489,-0.718278330595225,0.398955469759156,0.889414494478545,0.147811567997443,0.584529051018888,0.158150999836023,0.824953398581642,0.166838331528615,0.804206269138985,0.183060866734419,0.759262579018472,0.214460246167425
0.952842114674147,0.144255384606299,0.812410573437522,0.158779753990673,0.519777642364614,0.139535009037918,0.421072682930421,0.198044671949503,0.40532295196999,0.159723461224365,-0.908539307239531,0.0230284697328475,1,0.8663908674169,-0.052541663971383,0.31033469313628,0.485423394146715,0.145755586272278,0.859651041296455,0.133478306245669,0.682631177497342,0.150497373645466,0.436834644060219,0.183181058352559,0.578411149221823,0.200809662160016
0.849465197110341,0.14639188521377,0.922927631052752,0.148973143098027,0.371816426005863,0.101253796442218,0.37127365368969,0.266076453641979,0.201891065299517,0.110756543110919,-0.906868465201569,0.0207061711072282,1,0.543382625263767,-0.0771901401703791,0.387976153960589,0.635790241645575,0.13576087988286,0.852106150031029,0.125467041490357,0.515103471319759,0.135468941602637,0.328240371251759,0.192242808689071,0.242135456129569,0.213044196034089
0.729143637937192,0.112702829264589,0.785604461750653,0.131024745761171,0.360289516524432,0.0823034821924524,0.374716166267365,0.193955093209089,0.367432043181,0.115651613647755,-0.843605813698656,0.0287817739440592,1,0.999999999917805,-0.174942437270365,0.314008569805483,0.5338581454642,0.116373493374488,0.696432952252482,0.10789090978674,0.502551324313955,0.139814546946231,0.674725538353036,0.127571410353734,0.679302489603275,0.172564160392805
0.886673052474581,0.14221887854022,0.944306028586173,0.14156084894529,0.484090543947521,0.116310745368769,0.561766311489683,0.27988949269694,0.384665131390336,0.152311151513756,-0.898331313558166,0.0221736384805965,1,0.737635271708073,-0.353550600799196,0.319740505977913,0.783084845736293,0.127230616883884,0.6956315777483,0.113193650489735,0.704823500351071,0.122954568066783,0.50688334919124,0.175404435926212,0.743081252456434,0.186004852374073
1.16881866299288,0.13494089392455,1.13997888497021,0.182857344314651,0.387457357560446,0.0997890341771965,0.976545528103224,0.411130648138295,0.579282560286837,0.173688946484334,-0.857623753957715,0.0291276623993986,1,0.941742673112686,0.144298016165284,0.261922856026828,0.638882655273336,0.131208782816838,0.663163675482578,0.12287267480775,0.286302435023019,0.148399651405326,0.71002002903228,0.146419630570426,0.722982428602312,0.173414053821526
1.15343803895628,0.160604433141605,1.22783376368111,0.183894828581151,0.514819405869042,0.136794945031092,0.48874977052963,0.279883839792559,0.462295853283005,0.164956309866811,-0.897865576360891,0.0245610256298675,1,0.92161441750219,0.0779763920991353,0.391770174704185,0.541855905597744,0.158305810221399,0.766315871303695,0.129715032786261,0.820814201007784,0.134792657878921,0.681040547693562,0.148203050183048,0.790872272586459,0.180638061517499
1.15350899030348,0.141718058089535,0.833019863716059,0.169340527722812,0.539945223302025,0.115323036235493,0.800977072171456,0.305491939003217,0.608728261800237,0.175937995109433,-0.895084111214782,0.0213665095756197,1,0.925632450184382,0.446155106361832,0.331035886002897,0.589665390233461,0.140227864721404,0.809616741950987,0.127032218624846,0.799519549842583,0.133004728223412,0.806909637512486,0.14498754448114,0.795715866789673,0.160395042282647
NA,NA,NA,NA,NA,NA,NA,NA,NA,NA,NA,NA,99,NA,NA,NA,NA,NA,NA,NA,NA,NA,NA,NA,NA,NA
1.14788194024671,0.142293658935957,1.18812912964271,0.178911813006616,0.498665185720912,0.116214023074892,0.984582130479889,0.419401228404934,0.586922502651602,0.175582268823537,-0.91276924081565,0.0169581068370254,1,0.837626216201741,0.155201521972894,0.331103526673602,0.804148210284001,0.119893620979926,0.970882424454508,0.105845017760343,0.642451628292832,0.133039528291733,0.94749065759685,0.151369664223859,0.599876133802263,0.199100263699965
0.934720498967917,0.131890021352377,0.878509264371353,0.144439140496856,0.448517536462585,0.111013298010799,0.444539303230075,0.225037342724823,0.408042532851554,0.144268007894058,-0.908783583503076,0.0197444499190292,1,0.913819957049017,-0.322833945743496,0.37812910227491,0.861830421923152,0.120680756069344,0.656321036721428,0.137867183976049,0.720701808260549,0.135968478084038,0.646192445275542,0.158321167469426,0.489748101515445,0.196837574444618
1.01845758145498,0.15431960863944,1.20595105883197,0.171574344935598,0.703510524586666,0.172983621018857,0.550146053096683,0.276898149706944,0.622120196114281,0.214490082768675,-0.907765798234322,0.0195804922699701,1,0.999999999999923,-0.00510615874480119,0.352946772137201,0.672887502868342,0.144227813356002,0.708781516200878,0.131733909817854,0.765391489804241,0.122636253184956,0.562979212409471,0.161126009428754,0.651189008473469,0.203383527626929
0.978381272555238,0.143287643334311,1.03752619396794,0.178642436348683,0.516229961050613,0.144461605258996,0.68563958553321,0.329094976633113,0.480217684645838,0.178406211654759,-0.892963920745264,0.0247565305130709,1,0.807176676349745,-0.0610426083219712,0.350551628058133,0.684651194653832,0.135095042279107,0.677006786043743,0.119314045405938,0.817300117250487,0.154038151165965,0.656872783969882,0.182859311449094,0.604143277612122,0.200807640976002
1.09489129287446,0.155742288624668,1.18335751397244,0.200357068071744,0.612093367418724,0.168574832489655,0.679553073200526,0.430866617169878,0.459337807634885,0.1971978369727,-0.911380779496744,0.0221321830551818,1,0.712215901786773,-0.017662453647377,0.29372928705564,0.812085313972976,0.139603459271925,0.788070657866174,0.135535893258043,0.48608974107293,0.166815085932142,0.940593102026904,0.171636392557126,0.785343900288944,0.190541697757794
1.00580310738894,0.139293950507047,1.07252824940147,0.155887684381069,0.612794294777712,0.149377519134718,0.485812168044411,0.232777648514775,0.5456215948822,0.176005069191331,-0.899512778250898,0.0237474457244526,1,0.999999999816243,-0.194265324384765,0.308544017202609,0.603045907515369,0.130316379401912,0.634222921836604,0.126988733573763,0.684016570360833,0.138440846595926,0.742124254868405,0.153629586358376,0.840685832350728,0.184384059132447
1.11923102932431,0.151806585852512,0.874161965500417,0.175812315720315,0.557456175465989,0.141237053336269,0.830960759251412,0.456733412643181,0.562176608710706,0.194364028456887,-0.900057666865486,0.0237447450008059,1,0.825994486009588,0.13755544823958,0.33379160303282,0.822634974405938,0.145197059317023,0.808641132596367,0.126783016097378,0.734882475686336,0.14887345598918,0.828495614283358,0.15158035205258,0.689111031401691,0.194171234343525
0.922996109029208,0.108720498076251,0.949452312347794,0.124392530250316,0.370136567948371,0.0865808751017313,0.0730754300615677,0.0839510560566282,0.164462423928055,0.102944656968668,-0.850811850048573,0.0311094286061441,1,0.999999999999103,0.198698904155858,0.292255293965334,0.705641183079239,0.111458969507922,0.707197943443035,0.102886023729401,0.46818966105781,0.136239477279893,0.296537878369584,0.174211984249048,0.283923509170236,0.216454086946999
0.704967256385975,0.115233105520713,0.7994016401597,0.124775683458186,0.378221874313824,0.0868743973426148,0.329208547821909,0.20984847225668,0.352865234848748,0.136037505746666,-0.879832161988023,0.024582953668288,1,0.999999999869603,-0.0633100654111706,0.357917775279971,0.405245874583112,0.133030196838588,0.696111514259634,0.111400007826519,0.350948399525396,0.144570791011191,0.454367785624406,0.150342707723868,0.315585509047174,0.192317214364511
0.918059139093273,0.13389311456952,0.92538679153793,0.139482590881497,0.613708612718471,0.134130750441773,0.329631386446711,0.174319169278305,0.449775076614057,0.140305559956797,-0.899587266951181,0.0191525964977683,1,0.999999996684349,-0.186106596151346,0.341875691449717,0.714964116580593,0.102928104059348,0.721746107090144,0.117030982882527,0.768077644570803,0.131262558096391,0.313444994845427,0.178427137423045,0.540300846013054,0.183523615258722
1.06320874112356,0.141609552559134,1.15830329250931,0.152995213050518,0.4841853438952,0.119507752556116,0.453160777129529,0.256504486812127,0.410527845670942,0.146179686711677,-0.92087543342685,0.0170243723164891,1,0.876416699320358,-0.0321255219215353,0.309015123589257,0.807415815976436,0.133575189389896,0.778929187395463,0.116116508229627,0.844813642566357,0.125983338741505,0.695240942592974,0.16457548643533,0.679189257223839,0.205512475577686
1.09061594101313,0.131408860525073,0.989267567536223,0.15357197212354,0.674861180417274,0.157107933220326,0.650445543878667,0.247241854311995,0.662540902482882,0.183044710633867,-0.892849840728049,0.0215707568158987,1,0.999999999913112,0.0173633116226853,0.259882889283814,0.585728479203419,0.121788454978978,0.842334507757174,0.11457844774197,0.457119133743676,0.140717236368303,0.870768816609511,0.13010963127224,0.585802971623247,0.183524374119401
0.937364024886927,0.156012516595267,0.812607222677145,0.177277052530434,0.641718923319517,0.180077338579702,0.960644746810989,0.444350485717767,0.621409998314621,0.239874877769363,-0.906012395486967,0.0227535292391828,1,0.791451683951135,-0.0239077414659666,0.328942008522772,0.476955404221949,0.157830806150918,0.535894564158882,0.161804412614009,0.759758670852036,0.146854950627844,0.865391933250003,0.13245605346084,0.819305440046247,0.192903827625317
0.745259246218706,0.124223199395471,0.960545046074173,0.135711372096157,0.534259726491578,0.125600200063064,0.55331203708793,0.261933326244766,0.543702434733315,0.166008546964114,-0.854181790674072,0.0308326336159585,1,0.999999999891479,-0.395541216867736,0.31000754259404,0.682942663646915,0.1146797343318,0.451207149728534,0.117174601316635,0.691388946317133,0.127252680407736,0.479769050094071,0.176714481575884,0.840590539276241,0.173118794168734
1.14655934694967,0.165538515938763,0.893612077065583,0.179296181941255,0.623831286174509,0.181098254564426,0.839423797788387,0.527324947341585,0.486486548659181,0.239692670751104,-0.911569767558545,0.0222581349244651,1,0.672274474780122,0.04837570318958,0.361208695127965,0.792021579151327,0.140589348620975,0.913229407321281,0.137956409390681,0.642052225884813,0.146226907580469,0.745821046625063,0.171483696105094,0.939859034552683,0.191769464905913
1.17004939465251,0.152262503975512,1.15505227887559,0.194204639659987,0.582055422764619,0.156121711519764,0.92637597768456,0.45872189102685,0.632426763180592,0.213139316221004,-0.913846392754224,0.0223136019724829,1,0.861260298567914,1.20668532260705,0.353931175934549,0.609091805277214,0.141084945826423,0.775619021574043,0.13645340939603,0.640804977158796,0.160186088931006,0.870416176963993,0.153570993965595,0.973270214482789,0.1961890279122
1.30361776758343,0.168527823860268,1.07918450194073,0.21427467695855,0.707777879381493,0.170434887517587,0.959758398833353,0.405964400928966,0.824194008734084,0.247193160024832,-0.919925136183868,0.0191955572897161,1,0.999999999844185,0.244224852466709,0.353107373037408,0.578358807698324,0.145881118527619,0.92589917686037,0.124162626676548,0.757160159507786,0.147879142911446,0.749637854261782,0.159729091818586,0.745819117631392,0.191199706580222
0.972833214863344,0.145321007902598,0.936499037029103,0.166516426987685,0.623779211484682,0.147633430419008,0.768787099464275,0.357566520361,0.684603375684318,0.196186831318862,-0.922887248174797,0.0173209191433168,1,0.988599858989568,0.368270402803285,0.349394863447985,0.52657685715031,0.151273693070429,0.602988254984586,0.139489170605908,0.865063268037416,0.125341206062293,0.908269981313028,0.140703666948097,0.892819120039727,0.196821404392158
0.946983546914168,0.145717516982461,0.953516075427151,0.172264786267815,0.532404678922527,0.135172926673817,0.542009543578265,0.350875095211379,0.461241471358101,0.19079128543249,-0.907249482463145,0.019566930465192,1,0.858625832221984,-0.191036111143544,0.327580117634362,0.700479477772568,0.138528249543672,0.665986454506484,0.123927999449618,0.756202969151059,0.125550191201278,0.825726317372551,0.160012914458512,0.852275795797477,0.181847115173553
0.761141756870327,0.133961647268272,0.80382513242859,0.159062961214236,0.652290630592457,0.161142832425073,0.726322051980873,0.420159534497848,0.602952617180994,0.211888021901671,-0.881850559531481,0.0239156892344948,1,0.875987682274148,-0.303031682341505,0.335817747693223,0.689642244648062,0.138705385771223,0.750545046321077,0.110648291292261,0.737986138382333,0.126656694524369,0.718431782950503,0.168769535928068,0.935329001965804,0.195828493171581
1.1699193754415,0.174049856750432,1.14334287492931,0.175459204610106,0.589165430161934,0.14730778450526,0.483526752938542,0.306194004544753,0.450974020481569,0.177515263135605,-0.938918992586414,0.0140999363621718,1,0.844933718633979,0.121378998759855,0.333007806987173,0.723627649883589,0.146844467981161,0.947364300538351,0.142520609545324,0.533457276205107,0.139055851219263,0.981585245480735,0.146065485996574,0.913514065919927,0.1692826462256
0.834790878499356,0.152090393197838,1.05696285212078,0.203195252835208,0.668342001592961,0.187272991649093,1.04021688925569,0.504648247755827,0.796624729502633,0.269313965058512,-0.9041386418863,0.0250301133997317,1,0.955415881510349,-0.130394876417602,0.361178701919584,0.600224350338809,0.161553860424245,0.704451630031413,0.152554524660507,0.597495961716783,0.147271996997452,0.747944194668406,0.176847509866681,0.796125582526808,0.208731893768164
1.26869029749397,0.149952177178375,1.12509770583883,0.176656520972054,0.624836864438581,0.157370731079624,0.545807298154547,0.373164468494596,0.551954975087537,0.210575743118071,-0.911606539460449,0.0215380141700495,1,0.945149830618862,0.469022109812185,0.34636764061465,0.655001656809537,0.140677921330919,0.79178402024313,0.130739974890788,0.76346881269889,0.130079325982899,0.877067215024288,0.141334878428989,0.650444126595635,0.199701983043001
0.916860323173929,0.121472581259137,1.22811473117202,0.163772721119467,0.458642064665473,0.111369479447728,0.504342349170213,0.236358932619986,0.480949702429672,0.152647113014734,-0.883612837466476,0.0244292499750261,1,0.999999999882257,-0.112251712993826,0.272316377018905,0.542387138660492,0.133317897650633,0.661996598089511,0.125008817125175,0.694290130080508,0.136794320246729,0.825372245661427,0.151691942925406,0.6687880524264,0.170511418114942
1.14171339095994,0.146783433814598,1.1117427140733,0.17175302566987,0.616076754204152,0.163832959684898,0.671090866547431,0.303797829802231,0.642995709770494,0.204247559765728,-0.906190776048794,0.020258770571834,1,0.999999999933085,-0.0698593674919403,0.327968563736464,0.709692111846552,0.12663217034702,0.718715004252166,0.117184561225557,0.726430515357665,0.139975796561796,0.53829154913904,0.174790815921917,0.834100492665629,0.173670297048146
1.00861173754666,0.150124001261317,1.06790884243716,0.174084046177216,0.652055982699706,0.16056848020076,0.608760575800083,0.294687746541336,0.502621539040283,0.182334157923963,-0.877528745493343,0.0284310708531845,1,0.797765762896506,-0.236836688458438,0.325849168418796,0.781113388677686,0.130184661184213,0.717351308124303,0.13073698295789,0.74968284064582,0.126638958684833,0.672538356905791,0.15826738351326,0.661570019341172,0.179670255218718
1.09976010687629,0.15052195005172,1.03930313058517,0.182097091957947,0.578488860308939,0.14555297807294,0.431678687797511,0.308348618431058,0.407627831869333,0.185134571272673,-0.90250222330251,0.0230124886104127,1,0.815710447741606,-0.0349306504810789,0.329485189921273,0.547432238357302,0.146298095181924,0.759061365983121,0.128630017834459,0.693372224568477,0.142398566316312,0.470739151104435,0.170059809916901,0.711996464778071,0.18414590176566
1.01257907183559,0.151481293562446,0.926018555217053,0.184826674544383,0.538542771078839,0.147056047889,0.698966505150894,0.387859965987356,0.421577115579664,0.189110437336681,-0.914378639128847,0.0210592170033394,1,0.687129739331347,-0.593570919928372,0.368528174543406,0.866683613894987,0.141623972643025,0.817498942090581,0.138115265829195,0.578944997291115,0.156469049095911,0.858970275017024,0.155421310216831,0.685345942816459,0.182562820091262
1.19671314813248,0.164666173257825,0.892692377432682,0.171011748634805,0.623391458493073,0.162608694918543,0.709654067364686,0.432385739284954,0.575687419782878,0.230463233626864,-0.923109621461536,0.0177446520768007,1,0.865531677687726,0.589213341949499,0.381967782001019,0.744539618000252,0.133378209777212,0.910997215736669,0.130736437127778,0.821848183850717,0.132103853450754,0.847487563718715,0.169445088438686,0.553477167655646,0.209598894726623
0.968026361857951,0.163083547598789,1.47393252264836,0.221753274738525,0.622891143336996,0.148274365337065,1.31460399475261,0.68772819474426,0.711820561869754,0.256009511442666,-0.948141478480332,0.0116535281600657,1,0.786623609865533,-0.713109938103928,0.378417682105813,0.950571271927631,0.151000656362757,0.690191806866627,0.133383319427595,1.0227981260096,0.131232001068543,0.531409525605735,0.170346876236964,0.791391976469667,0.162569314591124
0.918526218509178,0.136664967384999,0.464812273771625,0.149645721684524,0.616964904961907,0.146672143403142,0.543409524415598,0.32031169415509,0.55645057423098,0.191304327570594,-0.907384850479017,0.0201160735885204,1,0.961020698395503,0.184235697219626,0.331451866608901,0.613928473829667,0.135225193177991,0.775392116239919,0.125500387831696,0.567476509512251,0.143702173382928,0.632480914487055,0.151716261215203,0.483762363472299,0.183102505955287
1.22989758596459,0.15924668338523,1.01695933632091,0.174891709174664,0.712504935669575,0.187249064845356,1.11356827179842,0.434644404358009,0.890742886446247,0.269616479230247,-0.917207588570508,0.0199432323663062,1,0.999999999932682,0.396370478668607,0.312339857685309,0.644406031322389,0.132732683418918,0.897546900403198,0.116472641433092,0.81016380732362,0.135824012918483,0.585824539599463,0.180096172603336,0.888195222079892,0.1873170896238
1.00262194373337,0.145457807286901,0.793773593548962,0.170062528635706,0.511036255843975,0.125584487436894,0.415805726076297,0.276687650153829,0.356425796998701,0.151368248386722,-0.876205107339174,0.0290492702626316,1,0.773211029211693,0.137803413846641,0.327978595657848,0.749130996375892,0.126779614318465,0.6852848809248,0.134566794235454,0.554945180058864,0.160112841854003,0.507600291650306,0.18161296162408,0.866143304573446,0.157924597329537
0.991507048034347,0.135920830303607,1.24367487303941,0.212188213937395,0.658896752341364,0.165423480007498,0.547809611304573,0.325780153834086,0.49700430413542,0.198604068140866,-0.91383513641333,0.0185511428352141,1,0.827249746030266,-0.234708742989475,0.382406805903772,0.795878691429529,0.148992354566571,0.700834125805747,0.143105816705813,0.907355722588451,0.133707325914518,0.721319045108588,0.137189673993997,0.730113261383802,0.189230007064441
0.957236332799908,0.144781977591405,1.07769470526953,0.178252412071857,0.498955928545963,0.111627638019782,0.658492043406945,0.338999834659585,0.387288073760248,0.158500133627085,-0.907635545294807,0.0193114121141921,1,0.675659307821114,-0.356565346016817,0.309553551776967,0.740444055496406,0.129375081694532,0.776962889814717,0.118849937059325,0.804022059592962,0.114343733592483,0.553055176099873,0.161760252733493,0.838998795525444,0.184016050761148
0.979846342271902,0.134294188264546,1.09972570596319,0.18172979829852,0.645294497145463,0.145116473107056,0.530620782742016,0.33967975001989,0.383997157488293,0.191621141740389,-0.92232591047748,0.0157154758066745,1,0.656231239358601,-0.393830626270798,0.382805854340934,0.836760938306171,0.141188864841491,0.893719541764851,0.12171583805824,0.721019392745792,0.146526180577262,0.954933998686522,0.140758077264224,0.671924425786928,0.17165850095179
0.918769683907073,0.130280234189796,0.753962073329719,0.169132092146815,0.552325734856874,0.136632267141166,0.741017376423707,0.442670655430719,0.568954755996444,0.189766357685083,-0.90324564429053,0.0193098435608785,1,0.889336048769501,0.236399057198514,0.300968629677774,0.582444135758871,0.142829163855298,0.581594815020958,0.137855103593433,0.868344547404578,0.12379897999281,0.723411409382526,0.168977999971383,0.957797849647628,0.172753364243865
0.771436753715038,0.124141893052144,0.864152289021252,0.174264465488225,0.540218013475894,0.118904667945791,0.676194581028143,0.425877193480514,0.559852636653082,0.187744923888845,-0.906516015042106,0.0195066338727697,1,0.92630360463524,-0.245535485770733,0.287958459891027,0.559352866205349,0.130964591610728,0.508339856826499,0.1405085871542,0.796792197523044,0.117682292834173,0.671128243534991,0.140423635834479,0.470431235113239,0.200353478545607
1.29145038795581,0.165344899096032,1.09427485228666,0.155764533606124,0.510088927814025,0.123727840184931,0.571377524170813,0.250434348213457,0.403699881266057,0.152639356501393,-0.904483235587207,0.0209652408001127,1,0.747780433033794,0.694505951262726,0.351786008629508,0.717858893340771,0.148227667000667,0.780652504107292,0.130245176386537,0.920576961209511,0.126087533274997,1.02204440057917,0.125692529492569,0.544396624501263,0.196224005744553
0.883423805491836,0.146283245987167,0.689411583469353,0.176017803125092,0.695432656540418,0.174532443145698,0.711077169064121,0.349912352825421,0.520087586638205,0.201988481090318,-0.900726767443836,0.0224853078245986,1,0.739589233819955,-0.00487930347282464,0.373337120449203,0.805390376744184,0.123947395641858,0.543700573377197,0.130443301333404,0.506908299772681,0.161868498566315,0.760613666627672,0.159825401032511,0.374055334317246,0.199950731886263
1.03946514839281,0.139122414436736,1.00956860991841,0.15021745806088,0.382786644107381,0.0878959198416837,0.352503111788283,0.249969855000394,0.287226256149702,0.113593246553891,-0.886454468050649,0.0246912190926132,1,0.7819235109184,0.337569066334341,0.304814523960088,0.633449958958342,0.140584053126505,0.499883953042676,0.125180030775936,0.703986936129115,0.135117962030759,0.758511569154798,0.144838114704048,0.57877742502805,0.196128423917894
1.02913866626406,0.149725526619894,1.33094206494447,0.218108982327104,0.657810182583705,0.168921039656013,1.10176589086041,0.500708169267778,0.715227252016231,0.223979812466774,-0.918932715689573,0.0188512752993265,1,0.840135035962026,-0.402372808512315,0.304712094949585,0.681370955767467,0.145976228684481,0.965496216320467,0.126545798867834,0.81351346254157,0.132729928452497,0.603842718832269,0.167162876653002,0.775041101410733,0.194397628170669
1.00492166763171,0.144400403729647,1.10813439182442,0.171195529373105,0.655697223616442,0.154892165622683,0.928119012253254,0.374574812320223,0.671101509357468,0.196950405859668,-0.926838145072663,0.0159338256338793,1,0.860269862341068,-0.00933873185438736,0.373358798533955,0.614266278950286,0.154782332226109,0.72814852687563,0.128300020733706,0.824583394391431,0.126958461757654,0.664563563512902,0.15182988064565,0.78023343138843,0.18008956289796
1.05447279763831,0.147911515685425,1.02804170264247,0.176343273902105,0.556984500257437,0.126207673238446,0.709875694476414,0.312310003269617,0.388847805433351,0.161308092338225,-0.879424889180257,0.0287402732096728,1,0.618396387731172,0.180289145652457,0.321993666581126,0.66866387138919,0.138620878421758,0.922993372635031,0.118478352081279,0.531199778617008,0.132028422719443,0.819641818388009,0.144754787425928,0.824206886643882,0.183352812610287
1.00163739311199,0.162213729255624,0.971984056076502,0.176904713393116,0.612474074714608,0.167132228934218,0.842910929516644,0.449158948376285,0.672487589754844,0.224726960035962,-0.899665741999403,0.0251138410734495,1,0.935943379243705,-0.132419694624829,0.323390026252615,0.743300550732247,0.138482859489475,0.786752043332979,0.150235605049767,0.636730209787394,0.143465954237935,0.620265488704718,0.172723075644194,0.416177474708981,0.211739992867811
0.890144634991364,0.121236217516352,0.881885112190724,0.170079691001611,0.458488318123477,0.104318048259991,1.00861099544658,0.331935900368184,0.640702155797006,0.17538938157952,-0.887241338428912,0.0251075546233829,1,0.94217201143891,-0.44147706723022,0.250080959782022,0.572403791578781,0.133777633295877,0.477608228467683,0.135589753230203,0.68224244026479,0.132661786041637,0.64538912526979,0.139181426534854,0.74358986523546,0.160371702746313
1.28995992708503,0.149070449644334,1.46611009538184,0.21407530050052,0.626457095325763,0.143725716650645,1.32384491254513,0.496375021811212,0.786846647311713,0.233528676926041,-0.925851006345458,0.0149738331127212,1,0.864024141217021,-0.0604547747215147,0.361327083180228,0.850282238435826,0.122607083519363,0.620092806550267,0.146536609745332,0.86692999927479,0.124425348395556,0.83102590781987,0.119986026733732,0.75864221562716,0.168717605790225
1.47672174059506,0.191315976389053,1.16532403201251,0.203489844697007,0.804107435583488,0.191000518472112,0.972871912485996,0.556865992380549,0.737788282423766,0.262808987761261,-0.954078777108949,0.0103264625857088,1,0.834155239146031,0.0638769737058172,0.364258946489181,1.03319818420412,0.103095283692749,0.991755112804262,0.129147341022817,1.07464112040804,0.128365221159965,1.01865908855983,0.168677971818137,1.11233828752629,0.178455067621507
0.969316435709105,0.140854960327345,1.01928864486018,0.179639364499033,0.455400216606616,0.123041789353307,0.545183339494182,0.25786466389689,0.498273630544468,0.171150592172839,-0.924559970992194,0.0180982308676196,1,0.999999999999992,-0.281697352389992,0.331617634945009,0.821684468839224,0.115463380176673,0.789873058463237,0.134166799015592,0.604283297360315,0.136485420290312,0.691712206620959,0.170715710347656,0.502409065363369,0.207023232307601
1.02596321280209,0.158214399308722,0.903327365264488,0.189422136641358,0.550585382651997,0.137647117614625,1.01024644170308,0.461361464524591,0.659140416004288,0.217264846426272,-0.907832265142975,0.0198100629943053,1,0.883795810279039,-0.103793806919293,0.335005246708028,0.781626976075663,0.132580558488213,0.813101063968185,0.133938547240764,0.627733215793249,0.135682574709578,0.817618051074641,0.141841001139277,0.615211371449396,0.200461422842035
0.982008802685123,0.130487200694566,0.936846480064883,0.160794285530048,0.409361410921943,0.097831620346167,0.608243107864216,0.334588227091985,0.471906203295722,0.159456111006955,-0.890869804920038,0.0225197590159701,1,0.945722317025089,-0.379856159324776,0.305126131298936,0.780504102705435,0.11894038663859,0.641656284174358,0.128430091990723,0.579350263156276,0.143167481030228,0.664917674371471,0.153753401402236,0.918462838861772,0.144437769997738
0.874609564055822,0.117760801313205,0.97008324104355,0.145623499462113,0.426645633060774,0.111541469054359,0.318103852094719,0.202556189876509,0.357996431313022,0.120119390024652,-0.855333754190223,0.03499702413869,1,0.971763496004152,0.018778210061865,0.285123180744861,0.534033903422029,0.145594689833718,0.637175868537853,0.132424528409195,0.755674097583951,0.135097975359346,0.476396925941986,0.168465685035666,0.364596118071364,0.2074619541775
0.946917828629808,0.133313706714677,1.0626406229634,0.168313479353751,0.478214654389827,0.124874197312143,0.938084652454976,0.330670390973012,0.669780432576245,0.183369888984604,-0.860458306744668,0.031236198237653,1,0.999999999999848,-0.188302883118168,0.254452929495633,0.662643371627787,0.12463052239706,0.694784259570512,0.119012158788665,0.662934467224777,0.134299840209306,0.640594449963105,0.162567096792911,0.684989661032333,0.173130933848327
1.08759560305394,0.149469464117672,0.981943931566053,0.128249866366607,0.60313749593946,0.150577363457493,0.189505870238007,0.148180783656051,0.296892214319316,0.121097071831865,-0.900017772743548,0.0226668124359464,1,0.878171444030142,0.0883862744564538,0.325419857710496,0.682587380126247,0.134497581159831,0.696776902121361,0.137586660939842,0.659424573136245,0.136503379782287,0.774684934466211,0.13967290450284,0.706499112235207,0.184217800980586
0.827637144798311,0.119901824608782,0.649101699225879,0.144826259673146,0.40424385004268,0.111690944372657,0.39834454023484,0.217223677527349,0.271181496616713,0.130835108670481,-0.866710931463688,0.0279635851041986,1,0.675785560464291,-0.487336840475792,0.282027305067851,0.73164471604298,0.131679683494413,0.65355105575585,0.128584872049479,0.493725144707616,0.144520526825854,0.783886318191872,0.148226124396253,0.204950048207458,0.227568290307611
0.977163906379445,0.131146530377927,0.995956415025078,0.157343385822812,0.410960274328073,0.0903170315847905,0.598742528624657,0.226707075467944,0.496043741731984,0.132902157322536,-0.891870343993774,0.0239208451557016,1,0.999999999788657,-0.0944019440502686,0.303182767026172,0.618666419977286,0.145248988147632,0.521427476113609,0.135640722190809,0.707471874925705,0.132129358692237,0.762471950459582,0.119819480831519,0.594189390187707,0.152333686475008
0.857696958095091,0.15260548099111,1.09359865997161,0.16705036746314,0.533723271754693,0.146019853493734,0.313802708699311,0.196111871014956,0.332480666697563,0.144887857894508,-0.900190727237243,0.0235558604365833,1,0.812418833957465,-0.0301399242027483,0.361048141029813,0.592122892891161,0.151621709730212,0.654459428272478,0.132934178008934,0.707114846031741,0.134710234412976,0.779813486511953,0.179690622622906,0.408778769812362,0.218733413215577
0.999993459415671,0.140573283561877,1.02383704722474,0.17753839378574,0.4710936074063,0.117489474189559,0.523882731266212,0.359499333561293,0.496787481362902,0.182167020154287,-0.903641440927036,0.0222880533506712,1,0.999999991711496,0.112846063142487,0.32225863768345,0.56791385999579,0.144949482445095,0.727164758585411,0.142290815489582,0.555407441068132,0.145821545078285,0.644017448790989,0.15017789363845,0.765941858817706,0.15941909544469
1.14052228299685,0.174458446813633,0.935290206509286,0.193186363323363,0.917807324478098,0.23036162142407,1.47310651786602,0.607795921499024,1.05496533305481,0.322920283862101,-0.889433589415516,0.0243861098342604,1,0.907288389910369,0.107141641292219,0.337620533485279,0.777857350621958,0.130511138738482,0.896602512785229,0.13059743118095,0.990439784212946,0.125625373543766,0.964165684724193,0.15007958490189,0.690992286192343,0.215563307549171
0.771338096352238,0.10580327960807,0.752472038657276,0.116368786797258,0.316788741319725,0.0680686349556298,0.129826348899478,0.0881164072357957,0.202799224884454,0.0794347994363738,-0.813236944661629,0.0347661280631053,1,0.999999999461846,-0.141273310566702,0.266546284281629,0.723502281481796,0.0968519085403043,0.312187638118337,0.13037401043989,0.498515209756428,0.125566756999876,0.518977500516845,0.145164567833721,0.514931425853166,0.158489211863036
1.0208984429617,0.152979659860789,0.81217562089761,0.149173271222605,0.55439035684959,0.134861346944868,0.508376329870638,0.321261025285354,0.496049726441047,0.169454578703547,-0.918663790424994,0.016645080307782,1,0.934382551661227,-0.474836943024955,0.297725027647874,0.92186219974446,0.129846548897203,0.723223424102223,0.126100833893692,0.749929287974516,0.127680404576719,0.633958332437727,0.154518970435875,0.953359790011325,0.167891687914009
0.93502165308377,0.141835355130709,0.92547289323432,0.168265629718907,0.545530228951288,0.132006673360337,0.746936630389898,0.393517039509803,0.499534030518121,0.174665968182307,-0.888079831485095,0.0227431181591023,1,0.782553053242835,-0.16994818472254,0.276680699980067,0.723825783053334,0.130689460077635,0.694958030114232,0.118441208552067,0.663561090656306,0.143287604021792,0.590049071129638,0.160021112003524,0.78993091614161,0.160008666823098
0.961027009875421,0.171055656308378,1.09913372328932,0.204199970811973,0.662213690938274,0.190086869426386,1.20972607557604,0.658148821217513,0.832901436802773,0.303604209771836,-0.918475248996718,0.021282788372826,1,0.930574210720512,-0.335112100211197,0.326371132001988,0.748738087313902,0.143717336504028,0.706285319303786,0.148501013851541,0.721654690072306,0.14848589723039,0.675924109726373,0.171091441537038,0.767201439247554,0.195600290818724
1.19473058685906,0.133692387365105,1.06465204309799,0.152070426436077,0.661490810991946,0.137314755823633,0.556118597443284,0.240248765116573,0.606520685573927,0.170024540577577,-0.904349777336883,0.0179361610032167,1,0.999999999998103,0.06252780051312,0.351995656398365,0.756007892808703,0.109766711331704,0.713375657911321,0.105604152099515,0.969385002018598,0.107149787165422,0.714926895749316,0.162690992115834,0.791467704746669,0.168990401704795
1.09496958166212,0.174576254423232,1.11817608287662,0.199201889305575,0.714345347064336,0.205190921589991,1.27760140698333,0.604074959878989,0.767842213164242,0.282966286554723,-0.917038439474497,0.0209183720917558,1,0.803748514986701,-0.179964653532528,0.381934934758155,0.832524029604356,0.135062001486811,0.675124842825927,0.143108175992618,0.828450471855259,0.142525233698135,0.857725738105603,0.177698472395029,0.70364417099425,0.203608808616638
1.08062787273803,0.154230974029814,1.11335097876125,0.156741818204797,0.662084203792692,0.148296064959497,0.620151568206253,0.352663107942383,0.525591595954012,0.170969172089262,-0.914712981520686,0.0171694934874483,1,0.82024364824645,-0.0882004449685805,0.356461428844511,0.925021196227209,0.111359512204636,0.699556023704864,0.122717725779901,0.631903293653163,0.152739739907764,0.805010374080546,0.145203437322306,0.716123331141288,0.181549859207607
1.03141000329001,0.149497781214188,1.08081378383865,0.209661162769339,0.514867276000362,0.13380568004289,1.15107611184924,0.543188164512894,0.576903507361679,0.221688901371956,-0.887760903036303,0.0241234163948097,1,0.74938244284213,0.295322402872854,0.339139107368898,0.455927956526353,0.143192692723396,0.729633392636262,0.140139389364908,0.65852912637738,0.134478177903536,0.717762682912796,0.156214681171072,0.538642101029873,0.214347191586936
0.868447316799804,0.134240967382624,1.10705998130951,0.190147389232848,0.459464435615053,0.132206445580891,0.836535543032787,0.447586152168012,0.451219440571873,0.180285958120041,-0.91754888842847,0.0192563388791375,1,0.727812739658977,-0.193425976068477,0.314661555078919,0.771762518375931,0.141201968387911,0.674870086758226,0.138366562370844,0.80590193011504,0.156366439817999,0.533854714449673,0.186510690205974,0.756842450771432,0.160308731942311
0.998949495199444,0.143963360181339,1.24457849926262,0.18232634245576,0.501042260333435,0.133535630044605,0.671828823852417,0.366679608223916,0.437543482267198,0.192556071596624,-0.915731005196329,0.0177329402497718,1,0.754144770054712,-0.0795335287733187,0.349292381468664,0.898072962832955,0.12130648130729,0.732948885591032,0.124018467664653,0.721902837368493,0.141541828374997,0.732192680953041,0.157382059647952,0.642182650555534,0.170713987455093
0.992957438003408,0.150641101700617,1.03717092458091,0.169273497716261,0.576209221759758,0.144044710261906,0.666597645276994,0.315825184299585,0.619757783649667,0.20280179080661,-0.899506176377434,0.0225323506036585,1,0.999999999977095,-0.0220624473586724,0.373853084839536,0.622716581759416,0.140497194134398,0.615171966112993,0.129067339519293,0.67126548511811,0.141866675686963,0.756347738127401,0.147641773916878,0.703126693527645,0.178398190051188
1.01073725379356,0.135380129498668,0.960396650535506,0.177042381733618,0.516914075893045,0.132136087469781,0.597093907766611,0.365091120800574,0.439725649382999,0.177049275218284,-0.82452059160567,0.0374784918610923,1,0.791500693466136,-0.055766942155191,0.273747833323876,0.753779326372796,0.128872657048624,0.548768619651927,0.129081333170284,0.633923452387993,0.132364922399028,0.502561540243658,0.166587211737704,0.399405339166771,0.226153153153109
1.00310416176535,0.182038893295348,1.24287025173729,0.213676077294621,0.8450841997108,0.223985507326288,0.29158049089152,0.345893689652546,0.430379578255818,0.228604150593306,-0.92083603880369,0.0191740094296765,1,0.867006659458149,-0.434094878117533,0.386386117864452,0.760440429245661,0.140573448982313,0.606332880448685,0.138819710900403,0.954643132045015,0.134582325462025,0.982260297657591,0.172816950104214,0.844243243679628,0.226401319622171
1.23656563075997,0.145347379756647,1.05216156725291,0.191085892247707,0.449750078971384,0.108195645034055,0.636001080819656,0.310421647320535,0.482764909631024,0.161476938657058,-0.871953686912096,0.0283513125883912,1,0.902653653607815,0.230633049270997,0.309906201785959,0.839164713759492,0.126461015787916,0.857526820969728,0.116679664187963,0.492198025205936,0.156277362281546,0.639058860439295,0.156470933906345,0.779536777736215,0.158444023393527
1.20485168790539,0.166937422466685,1.15372317322255,0.166600910225817,0.669854753401694,0.16458538337597,0.77365489447517,0.328196757918521,0.71988638584909,0.216369760316962,-0.87542455905177,0.0273274527005275,1,0.999999999975094,0.161138055562174,0.327844583114381,0.724749349736388,0.142738835320445,0.782685083376429,0.136864977533692,0.74546412197159,0.126337685378745,0.494821088701365,0.162906483816797,0.684376043514893,0.157710848811782
1.1170241950339,0.138409697868849,0.963063871614424,0.155745008847385,0.465928098603517,0.115515241027337,0.689818474900808,0.347624610333993,0.553799851242822,0.17523581998601,-0.906058294070591,0.0204826686318222,1,0.976845708528911,0.43132757219242,0.312475528012423,0.773702487888442,0.121050199921489,0.631486686116293,0.130009614515847,0.49869506044815,0.147953129422542,0.738296831066889,0.155181490971243,0.801533214018064,0.182405698383735
1.06695181457766,0.159118647099261,0.823523449055251,0.168818185502458,0.606789254170842,0.155294085143914,0.868295996978289,0.433131643854651,0.698080862268472,0.209913747686257,-0.896066199392007,0.0247470695080818,1,0.961729398896588,0.270647311740399,0.33070146715579,0.69961218252213,0.127882878896025,0.719693331107247,0.142286179982965,0.78869471919484,0.131607881825669,0.539008945106006,0.157352124834778,0.852741939509654,0.184672541878748
0.933457199251217,0.124979931367871,0.860864049985312,0.137480179242389,0.449563995251169,0.0962659766881193,0.418501231334061,0.20034829557713,0.433754637525952,0.131897875954539,-0.844061962513254,0.0320766273110843,1,0.999999999997862,-0.33611854774401,0.323527673640161,0.727027975325345,0.118575857596049,0.600039220902236,0.118052743955038,0.608630818327745,0.118133915288788,0.518412437697402,0.145555891570783,0.523129259991726,0.181345994402819
0.919546088403611,0.162201632778308,1.12069643613992,0.17753400712291,0.828190881240903,0.215780999463074,0.65671955691917,0.401550375528355,0.702548222818162,0.283541685960131,-0.907866791738702,0.0226642017402863,1,0.952622735988972,0.0225574706523785,0.351498537096211,0.813873771617668,0.133151987062537,0.887364944192251,0.149688480297846,0.793642488749614,0.151403989828273,1.01826626790469,0.136379569781091,0.568136941845062,0.252118009047133
1.23417688631518,0.176757672731521,1.1700866124753,0.194555585317466,0.820479551127116,0.204109391247396,0.955063457520648,0.455420474374785,0.7195098018804,0.273962680955482,-0.937323542554454,0.0156790445443634,1,0.81280566094682,-0.443083374709201,0.34673692020041,0.973742404655659,0.144458075910188,0.917405975862781,0.129828803297732,0.739299530059884,0.123899510951152,0.816376060659166,0.139544632707526,1.07432106422027,0.168317692718537
1.01921466920443,0.138449666352399,1.06699602569243,0.190319043931624,0.439858310793956,0.111271700079408,0.657688164428249,0.398042965573463,0.458305621739151,0.183109204617236,-0.903634971329351,0.0223298652870369,1,0.852096477982494,0.392733537861732,0.319943257082401,0.582090907187957,0.128861708443376,0.657248637393872,0.140076189661556,0.6875746403632,0.145083354614349,0.81103146818218,0.14375721891024,0.82408937742188,0.16955587701938
0.848877160988082,0.135766167135832,1.0213274166711,0.175758945693159,0.678411756218666,0.155494320634524,0.709398543486768,0.304034923338024,0.676484082634459,0.209205280803973,-0.909401147198464,0.0181018674936374,1,0.9751372651943,-0.103639387573876,0.356993614840496,0.659113504240599,0.132943571476503,0.726696615429389,0.13124713923501,0.619849665327219,0.131137068028124,0.818720099975028,0.131036584113106,0.715561662956574,0.170395213968701
0.73605779274802,0.135564788994174,0.98019794178497,0.167880496448543,0.535100506913376,0.150925528235096,0.969477613836058,0.48722184396673,0.696770657187592,0.232032570080308,-0.905677135289005,0.0237952502803379,1,0.967393754598963,-0.51549059763892,0.287535851125118,0.746136194204128,0.129589438769086,0.762189427347221,0.126059391817456,0.680737907149963,0.156306543523756,0.710472367426935,0.192883212920853,0.515150639831087,0.255207568758207
1.10896372347733,0.198617522368283,1.48080751449995,0.236979357747692,1.26666348847633,0.289239774367051,1.94120759403123,0.75495458387962,1.3034779924609,0.424684347190859,-0.932620472423028,0.0146045154567793,1,0.831260389088185,-0.86596077461618,0.501064739817864,1.13322443979673,0.132759991447859,0.650584137080573,0.148161280555255,0.82143603605048,0.145392524652473,0.954815369503758,0.147609379347003,0.969168428990364,0.141300004060096
0.946823227506638,0.119457994292794,1.07433877848132,0.155977448806862,0.506275987085724,0.108407774486488,0.691734562221309,0.242725490303172,0.591784249774322,0.149834804532577,-0.851132814223355,0.0299530038111355,1,0.999999999987226,0.190081208472759,0.238945399711411,0.374853694705673,0.136844050260939,0.447336413996124,0.121252520026782,0.792891574216893,0.116970353571659,0.549964040813265,0.146126617787321,0.802257993612826,0.156103837801305
1.11461756860471,0.133266473127446,1.05440355797981,0.152421826432077,0.479142096780585,0.110002893400971,0.488359803560923,0.26892901485377,0.443865588604373,0.139264412771087,-0.863780483332183,0.0261117028081384,1,0.91759144793235,-0.288063190591991,0.301438110398398,0.761343815792501,0.134671865644102,0.843831094232972,0.0960882339431664,0.488969397273924,0.125107954705674,0.756583819241807,0.145779790810514,0.687357009591385,0.16652070962718
0.912778856030814,0.155382609502851,1.03666699621429,0.170516464784103,0.674231805251827,0.169090481266659,0.432057316950346,0.264534629699994,0.370628434572043,0.198146996859272,-0.919311780725547,0.0195062077480255,1,0.686694288745816,-0.452423327934341,0.376133456812039,0.81709617908768,0.141323184994412,0.802415645497337,0.118989378320875,0.522432539321578,0.146239245404537,0.836477486242199,0.143280629790796,0.806682937942072,0.177917848097962
0.947482659114703,0.138477765502666,1.1404772779908,0.1569342322278,0.522539589915321,0.125212443240408,0.588374420584306,0.312667700073663,0.426174303078018,0.175538317688779,-0.884614733807185,0.0266884082950804,1,0.768600686011936,-0.144660698689022,0.337623354134997,0.715438861083167,0.129566447186849,0.597623955230411,0.140267070993145,0.765592172249267,0.119450927732524,0.662901258327396,0.150996522354217,0.656650429802042,0.184042552472056
1.09855544154957,0.131202323589844,1.20210215456795,0.188459754500672,0.522250605777697,0.135144402051764,0.752794282994559,0.480535933257998,0.476840435956182,0.192943098546807,-0.900293496839798,0.0208857415717414,1,0.760493390710117,0.350409625581837,0.357796950101335,0.681087260567963,0.120178985365913,0.620294473694462,0.126974011616933,0.697644292120266,0.140848390504157,0.741191130723611,0.157992879828643,0.632796502577276,0.17547120025941
0.808988527993051,0.11998557285143,0.859264752983878,0.145772698645032,0.620062284857892,0.140332220843832,0.43262734217036,0.246537707593415,0.512793217821484,0.164496756159252,-0.865651864520674,0.0278173408084863,1,0.990073947321899,-0.428925546915266,0.272870127110208,0.60832777939741,0.116303198255102,0.607775665006994,0.120708260592804,0.805005775846641,0.122354558429419,0.507535108083422,0.170338026349978,0.833045540361384,0.160021350370031
1.20607066249935,0.164612924257167,1.05029405818272,0.17284844224612,0.594893462212358,0.155269714549273,0.177793702326963,0.244845502665611,0.280785465078576,0.16756314994483,-0.926926937939524,0.0167099184460126,1,0.863369769176929,0.388923196573465,0.4263338568488,0.740985788105518,0.132298127337516,0.703008132745313,0.136873789026135,0.701625914740791,0.145888795513029,0.909176113274791,0.144430549630303,0.395431679856129,0.204359117902093
0.900454707304931,0.1243070174981,0.98159974807891,0.155477276631466,0.333869525209687,0.0782739868467302,0.301818534520315,0.23407671205306,0.236636935745946,0.108099832601479,-0.90118444988039,0.0197498383123264,1,0.745454584783583,-0.543637657287139,0.305629680599367,0.746621398454874,0.119680905820437,0.718486313773357,0.12733499884454,0.58539829170298,0.133726747151785,0.666581686025841,0.148929358061268,0.485812757015709,0.169302525122126
0.921128530838147,0.144132332468918,0.978413940729268,0.14539120362,0.501631333747609,0.124140302661695,0.558014687664609,0.234129288516635,0.529072444966533,0.159425207137271,-0.895880800974701,0.0216520592691112,1,0.999999999998057,-0.126247251015781,0.319861836839454,0.868206619336858,0.11055522965941,0.620256978475405,0.114457808584231,0.586432297272129,0.129631235704636,0.828071808888116,0.141480910771944,0.363972006257027,0.24548879316971
1.3228834717252,0.166606302503748,1.29735754825159,0.203245761383792,0.42172994798669,0.108802022406824,0.54336043400403,0.30111472428336,0.33415467909761,0.149354434327808,-0.923710016952542,0.0163332615943825,1,0.698049660346406,0.922206622706851,0.356833401186479,0.779187505690519,0.135429903631124,0.841033147476439,0.122245117699914,0.810690682189455,0.150285816012997,0.752201300425909,0.169059244998385,0.621185032666171,0.179131499188387
1.11997764096453,0.16902805128487,0.929147907795326,0.157499399788463,1.00184293992049,0.256554494692674,0.793549262860117,0.468343130555253,0.683340904954644,0.269123294280995,-0.864663870897638,0.0306718459199758,1,0.766391450276442,0.077121819313246,0.365612636686788,0.723279571221179,0.151233996008628,0.86821009074096,0.119857659411642,0.621587673723313,0.140150951579725,1.01658000440004,0.136796002978305,0.463304284903967,0.219898945917505
0.987038784406004,0.137118345620145,1.07563332372293,0.188342735954757,0.62116855540623,0.157925963502649,0.533700294893993,0.284117481282463,0.395466813134098,0.176507706354677,-0.908939556506097,0.0193896066785521,1,0.68684160011621,-0.463808506894247,0.33927476235133,0.632496770773069,0.143124059830997,0.886026676868197,0.12170155861954,0.855169056852194,0.116044403166,0.818891325437832,0.148397479799577,0.654848707420975,0.216316963862335
0.996190613952209,0.134835050484887,0.84762933196387,0.160100473946935,0.345139400866078,0.0939342929194805,0.561594341453736,0.29616174307494,0.398271363744191,0.140861390978948,-0.872467318234123,0.0316077130106806,1,0.9046288815718,0.538946349245711,0.285542283027608,0.656959263339778,0.145959975433499,0.3423053990676,0.152827929992477,0.715125830910452,0.151299122695657,0.504788381403476,0.174276018719037,0.768675153397924,0.176485254043639
1.11241134483884,0.165369018342089,1.09093731266086,0.178943327544017,0.71348800440567,0.175019417210934,0.553604960898968,0.357557147878474,0.417102031071578,0.217198784096281,-0.923810360249715,0.0147026562215254,1,0.663665099981975,-0.139612089185029,0.375791269862234,0.987964908832756,0.126707909116417,0.532711906923743,0.131654293722076,0.782164969556563,0.119233239042759,0.752156668750974,0.158516060522096,0.848806666928863,0.189609545807326
0.992189276626936,0.113248138143758,1.21025202225673,0.151193788816775,0.309372319850085,0.0775293391713432,0.527339024153706,0.239494135315947,0.295070220893247,0.110215591849273,-0.862189449820955,0.0261732754445828,1,0.730532765117761,-0.182083902188479,0.265433407115531,0.846228043922763,0.0989252455677685,0.354028735023896,0.128891307564535,0.54211871951594,0.124953344688285,0.507041579381745,0.13636811827083,0.723632872390642,0.156062411297605
0.969950834691212,0.160920549684311,1.2106524528604,0.203943713900882,0.734272273523941,0.19030754264464,1.06902963786595,0.478327947922603,0.813895294044902,0.224442894406003,-0.909364871713752,0.0220205845285094,1,0.918639466967642,-0.235493589455309,0.353274612676363,0.892501560902193,0.144273483860501,0.721516433001201,0.129577150727241,0.841379277462127,0.147332985442256,0.90100900140775,0.168200877131989,0.734944687854788,0.214987449618248
0.994707578994108,0.133209769583222,0.969955669063592,0.161032444656165,0.518327469324904,0.134260606707373,0.692660117501242,0.350464536225301,0.488589061422633,0.17475789029803,-0.890197940840845,0.0248038991474197,1,0.815420331653708,0.167068946321958,0.322092099828121,0.686089726422175,0.124384868008802,0.587407758336359,0.128299723793589,0.667953249551025,0.133159000770123,0.748948008686845,0.157001535637515,0.570496770286141,0.226462339640106
1.01861703070957,0.148885434354127,1.11965908000918,0.178921924220281,0.634545414665212,0.153753977391204,0.949632720427148,0.343286031276866,0.764829460670958,0.205981569321158,-0.889005246939963,0.0252004101094371,1,0.985270360122638,0.029302196977611,0.343664974531184,0.722871482503898,0.122905747350375,0.637376680393783,0.123947959768225,0.590730978233839,0.151383561751994,0.857425407785188,0.146735492890444,0.793672148974202,0.173870134482308
0.859492261219537,0.120641451181255,1.13444709792372,0.170349078720778,0.54827176658233,0.131363625735564,0.769541332085528,0.325348915963165,0.649551988371774,0.192380065466268,-0.898665374626141,0.0202876147915505,1,0.999999999996531,-0.703474589651305,0.292391510178769,0.743498543092604,0.115000626445304,0.728567163173771,0.119478506474558,0.498650514258996,0.139283975351529,0.599142967945139,0.151395178842285,0.296500651669592,0.241455327185638
0.848871832989986,0.134901344977366,0.854022135521564,0.141372278054369,0.503617035854578,0.110051408691664,0.349262067775518,0.204527139103435,0.419397576485228,0.146273390454214,-0.883697049548949,0.0246958493491243,1,0.999999999579679,0.153776047633508,0.32407896094917,0.537166849823042,0.134539935917599,0.609946891504832,0.117927141974552,0.42063749002231,0.129249270165635,0.874966587555564,0.119083386876268,0.846338297154556,0.190929363431582
0.953244894481057,0.149363070274924,0.966251572806638,0.171436514747296,0.538165646321434,0.15153197407291,0.183936144110472,0.240953877166487,0.252806209278656,0.166975986697103,-0.903424424721584,0.0232196758692697,1,0.803519113696578,0.18954895353171,0.36606020696755,0.595565747177821,0.15305128535845,0.547951901410495,0.141226696110469,0.702012039801223,0.144987435279096,0.833810256621053,0.160956276955657,0.386129944970963,0.232286219206965
1.15045948122594,0.159235913072351,1.15255018285424,0.188708385669215,0.653823355692395,0.176487421728776,1.17942989726264,0.543399048579255,0.70160955891634,0.244970019273753,-0.880985470813587,0.0262759241785388,1,0.798967688224854,0.661495843079401,0.347794887009896,0.592198108427777,0.132705878975059,0.44783695912012,0.153707211629199,0.63521852799282,0.153367212663029,0.802428071583423,0.153261858070368,0.600519836108833,0.189725654464865
1.19760897183937,0.166610665639757,1.09157415512575,0.192667901947219,0.923888054698645,0.247091029217687,1.19067434852933,0.491506771273375,1.04883259271197,0.332433614648888,-0.888776575139692,0.027012314282968,1,0.999999999951167,-0.00587011757744796,0.310260454792865,0.842859189683817,0.126431998372344,0.913413677850163,0.133817860105723,0.561732714830596,0.169682302743802,0.678962722312179,0.163508150889237,0.858143429681056,0.188921375559023
1.08544361743662,0.133438746548901,0.890687769386991,0.155144596057549,0.295756742048429,0.078091517295241,0.433762443799923,0.261594439676143,0.26544427054914,0.101669209481755,-0.896257662915054,0.0241626524184981,1,0.741105532717499,0.598295619913513,0.294254248386505,0.667624754530951,0.148751636381047,0.545741652565699,0.138069455785286,0.516323804094736,0.155728903624708,0.666009998437944,0.147202926357652,0.45509830267834,0.18920624088227
1.04820072982557,0.163160085481535,1.13450176000704,0.197174182615559,0.618002607462129,0.170516023424076,1.0366581872156,0.441203213042344,0.70470795067906,0.237327719116886,-0.912374857572453,0.0240017713198932,1,0.880432826474812,-0.440638763853838,0.337847788610892,0.808359212973511,0.145221718745147,0.872626023138762,0.14055254548967,0.644693702625929,0.154184284395338,0.908729587415425,0.157307734224965,0.762801298387824,0.205564127145718
0.870690147504689,0.126477697768194,1.02011668195516,0.133806980147318,0.365576820811677,0.0870833680887771,0.31039310407287,0.144979891697728,0.336856830398691,0.102942037002661,-0.88117191177311,0.0262232460274961,1,0.999999999988653,-0.200584430314607,0.298879568071033,0.523437672721837,0.138298822475351,0.778344877199231,0.129007050148823,0.600740678975449,0.132035443035508,0.422172069322369,0.156223066055553,0.681856772979097,0.160884567720402
0.904829008702388,0.140152374822401,0.922198658775177,0.177565296649948,0.425574587348087,0.10589726772968,0.631786356168943,0.298159354036992,0.518528897766263,0.17150254866143,-0.858982941247599,0.0317010387665945,1,0.999999999999899,0.0576883041933218,0.332354013505174,0.517784636022184,0.145171000223821,0.664509184038903,0.141871442755323,0.663728497208519,0.13602737219878,0.675673478118375,0.165839348634582,0.479259846341147,0.194871907495829
1.12013132650602,0.171357384372154,1.27526579780801,0.219009677721754,0.638709397137557,0.175687841640355,0.675436728521605,0.422316189797603,0.49185639696958,0.206376434959732,-0.910145016499898,0.0239824254871139,1,0.748849138996445,-0.235956300595322,0.382125043443929,0.911618100402974,0.145015749746043,0.78894809192632,0.142376784452852,0.638875716236421,0.14490485767772,0.632598383510872,0.169171398776008,0.554579739535418,0.195064409574947
0.629626977898828,0.115516769738474,0.741368871548794,0.152460126989755,0.4193358098783,0.101630926114492,0.527218797040129,0.293824122249699,0.440330603859904,0.152703068826992,-0.871624617750607,0.0271231921495104,1,0.936488507832368,-0.432180873669787,0.274162236797282,0.73017770839765,0.115315145691198,0.576664604330576,0.131570676096741,0.71561822405713,0.13736391033358,0.661900999249507,0.150441370854761,0.389793460916591,0.244901080941859
0.94712847676302,0.114788238141209,0.946634196071615,0.154447484638576,0.497507314161723,0.109511141706336,0.203745900692871,0.169089433052126,0.318378824202443,0.142738534394344,-0.885001357198059,0.021285346733281,1,0.999999999385186,-0.173244456318882,0.309106274750223,0.647582535441236,0.126519837650947,0.59871105139116,0.11107451707713,0.667907637740222,0.119893848692184,0.69593720515101,0.12530448039695,0.63077092264071,0.185126161855194
1.30564842216599,0.165305004502099,1.24704134135505,0.195563257339313,0.635872515739836,0.150150405219613,0.592074209829925,0.346032788178705,0.562867271858192,0.18073077476751,-0.929798228736385,0.0164479083217682,1,0.917345422467191,0.322152252747585,0.309013725947742,0.576637142886337,0.163435552140715,0.731911136835004,0.144490018220586,0.84666826497284,0.131512091394262,0.864266586981766,0.147226092951829,0.976347850698326,0.138132873429444
1.07355391504639,0.166935049817246,1.08438562779916,0.187442179304201,0.708356092468039,0.183788748687077,0.853915061692913,0.419820263130303,0.777737704066485,0.26207616939084,-0.922092975104382,0.019533970917353,1,0.999999999939005,0.179037767086056,0.372844800700708,0.748264146206827,0.134198910693895,0.916904880494545,0.140984443270225,0.710804566608941,0.145796759398707,0.699408234521303,0.161848849469217,0.609736212581376,0.211332816881738
1.02222455666902,0.14713751238106,1.06493715517145,0.199405320845899,0.65381301793772,0.149123774754585,0.904404662884695,0.382935595431304,0.724107830855822,0.213657899623267,-0.917135204287957,0.0187870032190775,1,0.941662045246839,-0.263854947302385,0.310160186421037,0.562007008229157,0.143074889165728,0.888499169825749,0.123525861434942,0.816037625260992,0.125442987206444,0.727267326837976,0.144674877510551,0.834633865343865,0.171962231037907
0.831882426182763,0.122764266930659,0.865042714392606,0.143798057048769,0.390846970974089,0.0868501026203856,0.528475856179426,0.24493847285198,0.454481229116045,0.142630037527258,-0.852992621327967,0.0287488347472375,1,0.999999999995556,-0.136881048354921,0.325950841499188,0.678109089035092,0.114646763130113,0.670307066921574,0.111026477386101,0.457122840134691,0.144770001101015,0.698662754260658,0.126145909521061,0.556826740385435,0.188547347814504
1.02201970739482,0.17564729499132,1.15413867061818,0.210206688506017,0.905838238779302,0.214304489349583,1.19310058075654,0.4953775486413,0.792126760071817,0.286855817285702,-0.916061655402803,0.0176859433252556,1,0.761957646338721,-0.219041199638695,0.380473057672789,0.842010628093384,0.126005466245204,0.821650737152489,0.14192365949957,0.776653938709905,0.138425285751752,0.371397167546755,0.186609154502203,1.01326138720057,0.159672502311102
0.795215397048667,0.158186864154308,1.12199484382398,0.155691318200532,0.829531317847528,0.223242875480982,0.213920694000659,0.209509287364509,0.373620875188737,0.181591514455814,-0.908537949024694,0.020175873548483,1,0.88692794877436,-0.709918129991038,0.375132276566051,0.741509210413641,0.134828301811988,0.89610164585279,0.111949327359331,0.754902644889332,0.139775996256173,0.735336666766358,0.166667047296281,0.492009336905262,0.223247142341232
0.858016464923523,0.160682542118263,0.978292040574856,0.229961509824226,0.771970042046831,0.213446229957773,1.16199247691708,0.51567446335594,0.918251852772323,0.284654796084329,-0.917572211343639,0.0221955312435321,1,0.969527052658907,0.27082501535229,0.349346346771014,0.568935962411205,0.167086505127514,0.456678500942085,0.159853615026929,0.778756938716614,0.137966325414056,0.588977797706908,0.175374349951322,0.869881380354749,0.208579080332702
0.961957316382825,0.120787520697088,0.929495030009086,0.154526907774053,0.366714177390753,0.0938304409219039,0.27454577352033,0.267147644374207,0.317300822020109,0.117716951735893,-0.89247418850111,0.0232390983122465,1,0.999999921344821,0.026383756331824,0.31033291710892,0.67649003749084,0.128829095999757,0.755951629785095,0.123430394571929,0.6277672259707,0.141829787744813,0.683373736339499,0.153642286687397,0.670074971623463,0.186209370153781
1.28420383452885,0.178204983552503,1.34560738849366,0.182452285116996,0.978091146445387,0.261456316164482,0.807716507243243,0.467636481738689,0.88883089758088,0.339924970888014,-0.93714348962237,0.0166242138376117,1,0.99999999995065,-0.134584783867564,0.378217055873791,0.871875466099621,0.145008066160084,0.909835226433864,0.13867625411429,0.598523048581969,0.153027114453086,0.590473008955506,0.188128964074458,0.882902853502879,0.180361773285756
0.855866794196587,0.126337970024535,0.94944440863282,0.180142551582736,0.424722732677887,0.101423623346853,1.00318346667729,0.426297508111316,0.465092180057572,0.143745904896485,-0.868010563065195,0.0249090330750582,1,0.712518428140489,-0.32146191517584,0.33089074093727,0.744759238171373,0.117416245128794,0.587684543817904,0.117697736759932,0.661577952139764,0.139726472941249,0.620269445538247,0.147685195781056,0.733343309440118,0.171105408813343
0.806429531910707,0.129134993227107,1.19240560392715,0.15228417186707,0.593609830672241,0.151398261699001,0.70922954548069,0.356872148725991,0.648849466347314,0.214033220336606,-0.860231265562298,0.0290605076728794,1,0.999999999499592,-0.239319992314688,0.275408429946422,0.546574649165799,0.134710510787792,0.57563919222771,0.139197393913573,0.659792791153094,0.133972787667624,0.686329132348339,0.144251438031026,0.550231399919071,0.169921508331795
1.09931406286422,0.132402892769035,0.890443615581201,0.146010846321793,0.359732696102948,0.0848403907909129,0.499756659726241,0.295740464822826,0.383773373044173,0.124270025226181,-0.861755537636319,0.030912095075877,1,0.905118804583605,0.0620270320497289,0.290587826177259,0.588507750094381,0.151629163952175,0.69790704346077,0.118494314660249,0.518754604071663,0.135887892909606,0.841992492527089,0.133353175350443,0.39770580515676,0.203472046320551
1.11514079697914,0.145291000993942,1.27992229201677,0.189949409201757,0.433543371453478,0.109655165053683,0.466122295212805,0.269827206013684,0.269720629922878,0.138958549221504,-0.897982778590451,0.0221638441536807,1,0.599995442933109,-0.128743687996053,0.297994050355836,0.60623302228726,0.150426812660863,0.856271361365376,0.112546173040786,0.819375680451881,0.128165495875421,0.856413753791012,0.151372371290348,0.780013255705407,0.158650103176522
0.961279050947076,0.132612065714394,0.957258645855231,0.147862735180872,0.576066964847203,0.135733907071689,0.507170587286372,0.2441210253746,0.540522174257945,0.165757259084431,-0.883384866551959,0.027029061748376,1,0.999999999977243,0.610925069244714,0.357143155836155,0.490973060469544,0.154812026534127,0.541968774502771,0.141469363797577,0.572403516253428,0.127759968012911,0.278033594820931,0.165259402085473,0.572201200748569,0.163103943948997
1.13304947028531,0.168718002014654,0.878615587519136,0.177422818284786,0.69180111404196,0.190050878293567,0.720682843163314,0.448580670143339,0.648911811658334,0.242060959620337,-0.902726339134863,0.0222868825475737,1,0.919015760361388,-0.110676667522418,0.363992627995811,0.961194377187175,0.124594354941517,0.69247510589696,0.148330434591285,0.877029362903051,0.134399587336151,0.681672911694406,0.169436028998438,0.664593882827163,0.209634015662103
0.869939226235999,0.133173586288948,0.930671970341168,0.156248496434818,0.599061234618801,0.14233138485309,0.458538249396167,0.273304916843023,0.524111142604001,0.188302648490503,-0.893305813539296,0.0219326269616387,1,0.999999999997197,-0.441461903385407,0.302375427576844,0.679717902917157,0.127636227850546,0.628079007415407,0.127810147450944,0.730261620740379,0.139246840113632,0.472409743399658,0.153168682161729,0.720907413307518,0.163816167121061
1.13382196807136,0.14570447515915,1.05809886329616,0.177636638395617,0.454652694395116,0.11781583337562,0.554470668215174,0.323912607094839,0.47352981315138,0.167448177076482,-0.917326827292978,0.0183195282456004,1,0.943122604841079,0.247571359674013,0.318146937368052,0.60359772513616,0.13768129477828,0.935235851458643,0.115703085007524,0.715780036783116,0.146763072366459,0.662049462346232,0.166507111408992,0.6385684649122,0.185216088684894
0.953058907592279,0.13488292776755,0.831239909934172,0.150852547618904,0.413795300565847,0.100734082485943,0.383739824188817,0.274578994894037,0.377329496781959,0.129379603055603,-0.898293743324381,0.0242393301942467,1,0.946911831942466,0.0885252778093252,0.313831011859924,0.824636493317956,0.132409097237853,0.6045057851683,0.122206004933344,0.717817300091572,0.12522155932675,0.502750841019717,0.157061870876218,0.449407352178586,0.191939475906446
0.742250353074531,0.141492192002085,0.944648794195756,0.164552808232354,0.6041637125902,0.151060003633661,0.735430652460851,0.339507660111097,0.537103098135765,0.19752905179114,-0.87938599723698,0.0259993010348777,1,0.805766997076285,-0.719505558746877,0.322264739006721,0.677934547910923,0.123659778202418,0.583880474902649,0.12364136145454,0.700726537251004,0.137265332569868,0.662399751606233,0.173509804172304,0.549679351686268,0.20338729068063
1.06762444964875,0.149058403141917,0.957187681081243,0.173568358023407,0.475120815475351,0.12387563498511,0.796916442259573,0.379911758320404,0.575521441114798,0.176734392603782,-0.897632493375648,0.0244812539480389,1,0.93530463254571,-0.0523857338012403,0.330895102860231,0.797118427212445,0.138087756491992,0.771129279455169,0.124020353252766,0.451700231958889,0.167926521103508,0.72357622934418,0.157737305813544,0.82222521748388,0.166765493850183
1.24876687036073,0.165019754633195,1.05758504120485,0.20511189930252,0.715209818779183,0.188975392566627,1.65144193817853,0.721529465780733,0.877239892627288,0.283407112540698,-0.904471396766477,0.0222814270633908,1,0.807179241380705,-0.326721565633285,0.403555708430434,0.834956540146217,0.15666877027304,0.992193497601204,0.115973894215004,0.994802515278123,0.149163099160491,0.742760427185411,0.173486152474467,0.896183106485056,0.173089089153987
1.22239407452384,0.177585807641942,0.852420865125091,0.195240420455468,0.534574771809947,0.140348717777931,0.852078783590242,0.517790884907853,0.488434722009688,0.207616660584465,-0.929573824952208,0.0177741451820268,1,0.72370641817676,0.703889373215454,0.405094826907975,0.703275728198824,0.150345581970008,0.863562860992946,0.147363374021348,0.797872136719608,0.140263559605087,0.673561995299866,0.168652721722559,0.737499897510233,0.198342480353881
1.03337121400926,0.17545959846113,1.24694044085209,0.19774082082402,0.729655001713292,0.196852701410701,0.50156107320343,0.333242255982777,0.443524962556226,0.221537073390927,-0.938131415734785,0.015038899897622,1,0.733157656719633,-0.103768962974325,0.382445676253061,0.975203938361046,0.135967412713077,0.836090707020254,0.138938003353001,0.655885380208803,0.163895594813683,0.573867710700051,0.180558614674882,0.759087252550124,0.20940151139655
0.97984906698779,0.137942709510919,0.950309285902007,0.165340123140066,0.480442445143801,0.126293379292477,0.488942788964597,0.304766579047722,0.480166742154584,0.163517049186856,-0.909192234600894,0.021143399006627,1,0.990700470303978,0.247101753334587,0.32503791951119,0.69975365761117,0.134370377390649,0.746147336428976,0.129220842363646,0.707750784064777,0.157832111828898,0.750235290908894,0.172728171600022,0.6761732096216,0.18085868433757
0.830435729323358,0.140152837348444,0.946354588614143,0.175648975901676,0.626799484988464,0.160123293986562,1.06052725684403,0.441385528821322,0.815314625393939,0.252594033258255,-0.893107726993913,0.0231107396755518,1,0.999999999981342,-0.132717517717112,0.321438305447584,0.651786643207648,0.136752785622551,0.580990511589,0.11089572533516,0.535769705486118,0.157720089169173,0.624312097896536,0.164264210996941,0.814543835174167,0.179463592710129
0.932456945349992,0.112806136117972,0.980064634166239,0.156816597223551,0.370275085342026,0.091560658154776,0.642978976492522,0.302057083680942,0.487933494847249,0.155482323886271,-0.889436350524384,0.0221328650142042,1,0.999999999999901,-0.0229144254643668,0.274174045518516,0.678613746617396,0.117709596904668,0.697793557086389,0.119736388206109,0.532793746669014,0.147146687807908,0.621965355395753,0.135541399083761,0.672192193490026,0.164945255539807
1.00813581501882,0.171797825100577,1.09462288571501,0.188854180552581,0.613105623741569,0.177503407126946,0.479926149485193,0.245439009881909,0.323574265579505,0.180001269585647,-0.919129633402591,0.021128976550173,1,0.596511907433956,-0.249420554039082,0.355793892188463,0.812819593365517,0.136887586675974,0.763731118141397,0.145217445537946,0.68367272412718,0.147992379061921,0.736268565543907,0.179751675140649,0.822875192026965,0.205651852431283
1.13765474412951,0.1410913823185,1.02838122254821,0.17447925693083,0.426191142593659,0.0945572807079995,0.377201465024943,0.186165908565291,0.400948778981384,0.123718783688006,-0.886268260345708,0.0240943658906697,1,0.999999999999007,0.285653534556109,0.346102765399889,0.713772486758927,0.121798867824556,0.709128197334055,0.136360078122564,0.635025711577317,0.121918595469588,0.472843204516683,0.137572945378747,0.710224700530842,0.171094906436208
1.23691774325183,0.165636450445549,1.34090201393422,0.192593851154994,0.572535202682256,0.144446999465711,0.53593719161909,0.331548998909351,0.232724967029323,0.163516235706327,-0.929986485644241,0.0165450808446573,1,0.420131197562795,0.0289592450038549,0.383805691654494,0.754054239509815,0.151826079701748,0.856733523223756,0.125584992278429,0.961154066161365,0.123119982808289,0.854506834654188,0.162457993848761,0.904038024605127,0.172672959012174
0.984915464574784,0.140548915321256,0.86818372714001,0.142499675236314,0.638567625273672,0.14635577477497,0.238680375925557,0.235477543689396,0.365756821554894,0.172960181766012,-0.886987860429482,0.0242592835431782,1,0.936872798898959,-0.138516962563322,0.312624938380003,0.8215217564818,0.113371057207501,0.723333541843544,0.122299426994252,0.638047773372576,0.151463350000005,0.698779792386176,0.15838623281014,0.779524535082802,0.168222472640739
0.871655800726241,0.141695673896716,0.915004918316116,0.146684281356936,0.562464964678935,0.127425593469123,0.235037282183995,0.171072778653956,0.36359350440415,0.151620122271174,-0.903530342575717,0.0215841811065312,1,0.9999999993307,0.0606649510419277,0.366887372784932,0.602165574933014,0.145129187397757,0.813183320789857,0.123166663097016,0.510617207925507,0.138970440699627,0.822777430034018,0.14169458073473,0.814880377962079,0.189592354161081
0.913613056015805,0.1446111080977,1.08339320835136,0.170017072287678,0.706315387838019,0.158390117954381,0.613583879980344,0.366580383977446,0.561008347968984,0.181189493379584,-0.914610660475244,0.0177268977651283,1,0.852183299801786,-0.280879992802402,0.331712712449517,0.603455992062437,0.127177944560528,0.929027506886515,0.106259387597916,0.601802244959143,0.136959503167155,0.894059517483591,0.151444807388959,0.856644722333905,0.197938630467513
0.857295329716561,0.117642746336489,0.986988652248234,0.160287180128525,0.383815711191642,0.0933654707476537,0.30470945958585,0.228150084827521,0.305786737901997,0.122909945830785,-0.883452808197386,0.0249325163601273,1,0.894158075836164,-0.335588681105896,0.299741735278487,0.678815183125588,0.124893077242728,0.64000118796767,0.119983957459453,0.558824817624691,0.124961524330113,0.374208492173191,0.159357457984651,0.492174232813281,0.177589174131399
0.968579425850081,0.142114733180119,0.756475149811303,0.173721963584578,0.487800296893053,0.12551539889599,0.562466600264698,0.280293114115726,0.429934798696455,0.156696176108086,-0.893043877548844,0.0265892011053564,1,0.82079215819975,0.0731671453027142,0.330689769094186,0.569017281931918,0.135365216634914,0.711576704339129,0.13459495276744,0.649924024707466,0.148052739578878,0.668777704398335,0.156571025281547,0.54056394442219,0.189997483790272
1.01567993342072,0.157046376819315,1.10718920246216,0.189172863205418,0.583869583112147,0.157502563233684,0.568974633877578,0.367422953700577,0.413545695877503,0.16579843768795,-0.901666949507652,0.0240476666796146,1,0.717495409852637,-0.229803664202301,0.361356305462637,0.798413481514213,0.136074188920751,0.644375252381627,0.162349687582797,0.700648512109986,0.157471912826721,0.720469609212053,0.146527174244137,0.980800525094314,0.166280858469088
0.813837546670942,0.108761914471364,0.941836078051086,0.157821407936053,0.285135165400389,0.0671492720085771,0.197292670714395,0.214553537287408,0.234720085173877,0.100697892207839,-0.858375133975392,0.0305139514215317,1,0.989622104708836,0.192241478622671,0.292424133508861,0.573260162336111,0.119442705648797,0.421481766546486,0.136773304542188,0.746549387453323,0.11721659202743,0.680692149590072,0.152870693216039,0.574990968769769,0.213500327604447
1.19373741356294,0.152699119889857,1.16171590385817,0.180968297995976,0.560944127703636,0.145737505717036,0.526030387281343,0.329571634999559,0.477419417742334,0.197104773388769,-0.902750908072789,0.0232409635527553,1,0.878890680569427,0.627595776995542,0.303052949388613,0.681218795662347,0.136957213948106,0.523997962173628,0.141592500318948,0.731504924890082,0.137097851063842,0.913714887511363,0.16126428220219,0.57454109255945,0.214482585554327
1.00404220760353,0.14282896895488,1.00000337730665,0.150457181826154,0.689397060986103,0.157281011320453,0.576949035908746,0.334172061783694,0.541536436303388,0.182299272058092,-0.901239684574845,0.0228376674930908,1,0.858665952731077,-0.285013659218655,0.311562083110175,0.698882317746109,0.140187109115851,0.899674593463604,0.111057072523807,0.496744363085417,0.139089587934039,0.810369390052577,0.133010804747345,0.72160974564273,0.163360968210421
1.11946616399627,0.165332074513791,0.868438195504383,0.166952141176046,0.594259044511179,0.149825079158128,0.601957531627804,0.313488586485508,0.598095899971424,0.20391400871377,-0.929512128033014,0.01613066533929,1,0.999999997178202,-0.109994472130929,0.375054126611998,0.813236768280779,0.13378126057762,0.901305679227179,0.130294545208672,0.531001669827807,0.163278098770149,0.727681758147544,0.165193044327275,0.59895767950287,0.184676605015384
1.16080825208465,0.16098461615253,1.20414299443933,0.153372223587314,0.646246282755077,0.156743277841063,0.389249110798774,0.243478460060775,0.500311800201464,0.179714013406497,-0.919500514365004,0.017438693930269,1,0.997534448894405,0.589745763071939,0.355908648033415,0.622959404881508,0.153618938680331,0.682369100659086,0.119978283166334,0.94364333854206,0.121958000252378,0.658483608750254,0.158236583243772,0.624326445401318,0.197168410755444
0.962439220015141,0.126431714423741,0.934490518912957,0.144683753609408,0.429921086680413,0.105592207270993,0.272504937350363,0.159509593906508,0.342280029787666,0.119266474802361,-0.896535865187992,0.0224638816385468,1,0.999999999999999,-0.0212661758857142,0.264713409458,0.572191984731247,0.125197560417025,0.467099599235491,0.136909063741016,0.6861677807325,0.121107250108694,0.740839855982095,0.143584956548761,0.521227049118584,0.189238644930415
1.02563103098965,0.125926369665988,1.10344594127111,0.165375304440851,0.478847535083713,0.116056867581371,0.371195783620484,0.241008093632202,0.381670990285106,0.138098933446243,-0.89084077888282,0.0250267032168744,1,0.905292675058832,-0.149041073996064,0.303059861783264,0.621434735752285,0.14518888157875,0.842963673095384,0.121943926760607,0.749114843627422,0.126057432508491,0.564427721857811,0.174874293620547,0.654217647000176,0.183424844080059
0.940326761816067,0.123149608986492,0.946896052921118,0.141279451808619,0.398942223519488,0.0884956476721822,0.57263824594976,0.234201430382859,0.462268358230095,0.127679787366168,-0.864432011210954,0.0293752618659062,1,0.967161477714388,0.441340729383767,0.299577628178272,0.149475360001007,0.170460929150798,0.687919719698445,0.113080755525895,0.407021941211241,0.129051415360543,0.653264397124843,0.123392459765646,0.695573610571546,0.158808595357756
1.22097353167077,0.16205057848224,1.17722605134042,0.209358792504613,0.470916186451104,0.111117479152601,1.22589429938928,0.568381970781802,0.480600739610404,0.169362994423428,-0.930934558337899,0.015508838700059,1,0.632537259833186,0.0376478343184714,0.319652568555374,0.800769806481594,0.138408213658147,0.870297839917456,0.124695880476262,0.77913442884275,0.145566630250764,0.665213371100506,0.168317994338323,0.874987115947693,0.171034269882699
1.04336296199894,0.189227715143607,1.20736418096114,0.182023794980204,0.771329461916422,0.209098833504441,0.488655141106694,0.41777500488276,0.412594389713656,0.216196715117212,-0.921631096247502,0.0191214091568378,1,0.67205083048742,0.348185692958299,0.398300496693588,0.718125452763462,0.162377709810647,0.727471675200489,0.144738472007346,0.828528293309173,0.138031994255246,0.928279165084485,0.16408011168891,0.62381960673273,0.212622705971648
0.914514756930264,0.120458034086602,1.20377036246117,0.148756613042097,0.477993806641325,0.112141129661243,0.393825720197094,0.238097100956761,0.433873547407659,0.161560803677664,-0.891487342764138,0.0228670954735738,1,0.999999999973002,-0.274931322774264,0.274067026886555,0.670060979272467,0.122805910849155,0.715248381398151,0.113818509065875,0.70147782773482,0.134925378996372,0.527254454769559,0.169134888693016,0.602482345363424,0.176035836708421
1.1703968131894,0.17811104576556,1.08707233627148,0.202611735822829,0.826213277363712,0.225831698662536,1.11605705529972,0.603561229618546,0.858841973224273,0.311338773665663,-0.907207078340282,0.0225377637797371,1,0.894383909727051,0.307554004674798,0.374582654878171,0.661787349384686,0.143543590793328,0.909646702457563,0.14362764429862,0.823626712713122,0.161441836182384,0.817087837275364,0.168020173217178,1.00168686755415,0.192529357405912
1.15418147177529,0.140611780351545,1.00784609728299,0.13393397250648,0.596737965339365,0.147890857613544,0.262029089860886,0.225475524407888,0.395427233406195,0.152297899572672,-0.91689174996728,0.0184944145913827,1,0.999999971143906,-0.0776795134034191,0.279222436042304,0.764812213956939,0.129057404800331,0.848183586060945,0.110673390749627,0.614671147528812,0.149334878837046,0.831117893429469,0.166125008804015,0.644801466410082,0.170956454143835
1.37739571447002,0.18116011223844,1.47169049934338,0.243089927134415,0.855307148031079,0.244772734532775,1.4687442034947,0.569428471772685,0.960928607171836,0.291196082046391,-0.933108459072351,0.0174789230813478,1,0.857347703861481,-0.165030651931955,0.343694186840187,0.926286273233752,0.155333766586006,0.870479809340916,0.142554987443241,1.02178712462909,0.159495828983407,0.790764143195256,0.156797153800042,1.04590478314526,0.177029083205955
1.141417080328,0.210262825158756,1.15276015989123,0.236283615235428,0.873857178687622,0.262251760031281,0.949076841870319,0.58715017749814,0.618917775178674,0.249897160191766,-0.911784115437331,0.0242018992601098,1,0.679613564373077,-0.0931327458548318,0.415932700911845,0.894314696024055,0.168743404367261,0.688320204577261,0.165638135032578,0.797322945001205,0.164429370645922,1.11586070567006,0.161091440011206,0.790454562036777,0.203656950733432
1.1186037866708,0.142403892339486,0.936140321314532,0.186570729599768,0.540614911568386,0.122444156838929,0.634455655192565,0.311252769644136,0.58565876399649,0.182347418445437,-0.907339956435721,0.0177327216847699,1,0.999999999883242,0.295673231032596,0.288746934571229,0.694139516583842,0.12288059620155,0.720736352157591,0.11111887335863,0.824035504776745,0.136566879015505,0.831029505387039,0.140062843199094,0.852155439007945,0.149162518236331
1.16913553850677,0.140178324085764,1.0069246523573,0.174082975535006,0.610497603589378,0.160192599594258,0.49595910045468,0.284163744475755,0.55025616061702,0.207204665765142,-0.905436690261714,0.0212339199062963,1,0.999999999985234,0.44334180086392,0.322446121193916,0.663759391571815,0.137357519356878,0.707504473796483,0.121407219109145,0.7410734666207,0.141095594079067,0.796206063994279,0.159648182948656,0.505905527637003,0.193602202693161
1.01847423158152,0.1132370940881,0.810257340164373,0.132876575753903,0.341929278599315,0.0752824021529751,0.429085094596734,0.210671829252681,0.383036234351968,0.124190716648034,-0.840493342232492,0.0314938609778135,1,0.999999999909197,0.355049204379099,0.287497024913505,0.583023603175098,0.127611031693566,0.576342964782063,0.113259965588347,0.482559634228558,0.122596823344172,0.852362289557883,0.116678291548329,0.393432527857538,0.214641855434163
1.31804315213941,0.187580700791744,1.12335504350935,0.201370275734675,0.784726983130552,0.234252783153872,0.750746613372317,0.376255196974027,0.469843734266188,0.250807007582538,-0.948429958072116,0.0137537196106687,1,0.612135343540424,0.294695041896319,0.365901577148154,0.844445455208002,0.147854739500109,0.789186006460092,0.143754190309694,1.18224148416527,0.154350805399565,0.752864527225854,0.184423880280832,0.877790594505668,0.204258860095641
0.893753471475701,0.135346241107894,0.898308772794642,0.161381173086323,0.591705999382886,0.142807018684573,0.819458922190149,0.345124735111161,0.696332363399595,0.210184398090405,-0.883158116187974,0.0248168483619245,1,0.999999999803994,-0.180313989060315,0.350878155068689,0.548313190748594,0.139812830717102,0.807457300647704,0.124997579479071,0.516092561497561,0.132002690354646,0.834191216833115,0.143455850593757,0.676105367759739,0.178608114716256
0.932063020132259,0.189331044938157,0.653851718536576,0.157127065068595,0.924981245819529,0.229914812265152,0.7725179354377,0.489938007548515,0.739480715221553,0.261291481626086,-0.882848250468623,0.0269969989859299,1,0.874794619691449,0.0313477946574713,0.425414755667012,0.722106435092141,0.13664665685351,0.821716148404342,0.124343070846702,0.529655690087732,0.163456522722593,0.504217578776598,0.181534930073762,0.717978562638596,0.187446479104844
0.770357976012824,0.141181082689816,0.910836429748124,0.160137755787361,0.515824198449604,0.147255595974031,0.26494253767513,0.216723189762857,0.297989289082175,0.134196834662937,-0.873843114298413,0.0321377641347791,1,0.806072216423436,-0.324232721668866,0.356737924678621,0.456402062899509,0.161553651795164,0.675620471663822,0.151406814203428,0.552992432956929,0.154245720332039,0.786087234402811,0.166009336388165,0.654792834077925,0.18742698658866
0.935206845964841,0.133746674559257,1.16290750778454,0.175743356403218,0.48836133736527,0.133303793073133,0.516518084155604,0.30488235099352,0.392601892464968,0.149886667908758,-0.873621358521884,0.02869093853866,1,0.781697972952328,-0.334212568795358,0.335816180130681,0.801524315649001,0.137636016437356,0.751007858326727,0.134035731784095,0.633654913826679,0.147923026481831,0.467520071489595,0.17777497790294,0.703695464221352,0.200202237976942
0.921184242983875,0.124028950044685,1.06291047366989,0.170554296523008,0.619618063477387,0.144512054419325,0.626382871189655,0.298707404315891,0.622991285364279,0.199244592359358,-0.887767418073522,0.0218877356962075,1,0.999999999997291,-0.658087009571926,0.284482942760686,1.00105606766231,0.120569726713943,0.439577183001755,0.131722626190215,0.851897800923281,0.11399582899652,0.549750882377292,0.145892514644856,0.673678768836096,0.19281547981007
0.956110369567641,0.137857911913167,1.33092313930087,0.192804083512557,0.520346456373383,0.144396911909326,0.624545171056873,0.431819727219719,0.302157459541928,0.172707825353879,-0.915035546064829,0.0208223728830746,1,0.530035663789214,-0.481402964090719,0.312981627399723,0.928052085260141,0.14579827584735,0.846333127240206,0.13531491042008,0.655560499696718,0.146472356727624,0.753980210061448,0.16194487756254,0.816062810472315,0.186014936351307
0.97082725391175,0.154258796084554,1.09987720751972,0.16532128662848,0.587855934041497,0.142738199911363,0.594448163685407,0.320263974589362,0.534249086721242,0.173534363677902,-0.898001487861461,0.0231185734874132,1,0.903756305281638,-0.121307239040051,0.308855098108094,0.481233959235205,0.142873953443109,0.799101857397587,0.121342661178612,1.00082636911682,0.131788761287065,0.746788436041427,0.19847632398895,0.682884219189368,0.200757526917198
0.932443878814776,0.147312514843308,1.02278828914146,0.185756653344765,0.726243727135967,0.163317292630582,0.81715763969652,0.420524749097607,0.623700668255208,0.219253360194783,-0.913175127127536,0.0185279214242358,1,0.809621606224213,-0.37086842150778,0.364985119894656,0.81286979840813,0.11299665482795,0.668542950412852,0.115537900560841,0.732666167355822,0.141358693443727,0.744908562291692,0.15458290497804,0.56448300418615,0.186767835651243
0.852415672508863,0.137323992500239,0.710251955329724,0.150770509134693,0.547061445930491,0.140656646983753,0.311331813285675,0.267686755531792,0.27777454127305,0.154782484390545,-0.898795915574964,0.0242302073191942,1,0.673073720037871,-0.323325597996967,0.315727172499961,0.779415565396099,0.126203107727244,0.60190863647664,0.142370270810554,0.510137679873276,0.151371602811545,0.52571110104685,0.163027124587369,0.421832436516282,0.180745861257165
0.767917331471606,0.149483931935305,0.843484304395747,0.162262127440792,0.656167087872649,0.158513579485857,0.63410384480903,0.299710347828909,0.603020630346764,0.193439234887867,-0.869162555766839,0.0283701020879521,1,0.934856077005725,-0.140401373097965,0.368464138744732,0.565442292817593,0.134194389320201,0.816658550267866,0.122002682420859,0.573408307147381,0.138451663247359,0.764034844927257,0.164470683680504,0.768210975563371,0.1973840210854
1.03669987725461,0.14023143378031,1.03889360270481,0.13392137119247,0.744490150044541,0.163558984570817,0.242818116631106,0.168213361735276,0.425177252519172,0.168232006692968,-0.903757777821898,0.0179687167355988,1,0.999999999932312,-0.265762527539376,0.361153708362933,0.926745796593192,0.114209239198221,0.798158374735688,0.109493992078971,0.84992503969638,0.131803966097154,0.755078420894872,0.141953230207025,0.918466604738125,0.163516253592241
1.15343083525325,0.15342146486334,1.35984020445669,0.221491769857814,0.805308938382207,0.199330281850861,0.860996885371037,0.427842131855151,0.724176493951061,0.272222760079434,-0.924309924048114,0.0163152375063747,1,0.869685789795707,-0.532152687904672,0.341892425614517,0.89036552266586,0.136323729094638,0.940525803639102,0.127234218182433,0.943771083552183,0.136803148617721,0.531621508149384,0.169915972364362,0.915187172674526,0.16570100489662
0.825964730980258,0.146727052676105,0.969816279640944,0.166604250312064,0.507255312137151,0.145148202004421,0.316083502413871,0.303031252222022,0.352380231087805,0.1557051665166,-0.879022622806273,0.0304275954679635,1,0.880029680360553,-0.377701625606372,0.302271849267491,0.628462963160937,0.153934162895259,0.732880552032701,0.15139071587956,0.512924061919023,0.166235836516525,0.778946288686553,0.165109489585355,0.524653268550879,0.19761213959282
0.949711181790034,0.143580521604457,0.983621950253281,0.150259286438017,0.732821682797732,0.165807886891823,0.753513508485319,0.320003100321894,0.658377928452874,0.209259870135234,-0.889401421632673,0.022514786375473,1,0.88599360349912,-0.326445622853469,0.381866522974297,0.681666205292975,0.128765219259875,0.842046602359621,0.120716656007851,0.696335178247412,0.136075822592337,0.772953631895371,0.127342360513251,0.914668806818958,0.135106776705268
0.983179901608674,0.135735083777241,1.01534624878923,0.173649426947685,0.541938235758315,0.140925457062093,0.500435194275059,0.263714248271291,0.438416488786639,0.163247539054924,-0.89894562754642,0.0231833332373841,1,0.841856482687497,-0.151513827622071,0.327579671614323,0.735176808838052,0.138694627129125,0.558987190465752,0.132197911234968,0.889641538667474,0.126479745999715,0.473042971442469,0.169435879545372,0.673207946409945,0.196073489135521
0.853440222775216,0.138410039435208,0.912529915454383,0.187866933963475,0.596288595575319,0.160285474132012,1.00794172217327,0.503720983918472,0.607595064681685,0.229780013010566,-0.920343424355581,0.0180713928527234,1,0.783733254526212,-0.272259823685981,0.361767034523707,0.626147846919045,0.141559279916766,0.851065206971936,0.125371756681887,0.746977217151108,0.133416512283277,0.629849545037278,0.14360259140157,0.571073651527714,0.196467168657659
1.42488151934987,0.186139688574357,1.12704928721245,0.198762549876913,0.72951081206384,0.210804450677256,0.458385681890206,0.41068661979866,0.441199580038601,0.232851782486718,-0.918546693622065,0.0207473830775792,1,0.762963394974586,1.1304921382975,0.367487940301266,0.829109100252042,0.141181917167337,0.593342542316955,0.141400149458166,0.995959989117764,0.156112613397654,1.03420481858827,0.171638360446054,0.343841395252949,0.245337762426402
0.662637351718969,0.133934919231116,0.85715358385245,0.156266307389607,0.485281942926309,0.135759989362714,0.504955001039281,0.315789807698662,0.346392364249414,0.156798947579291,-0.902534726394108,0.0229360884307753,1,0.699753219430278,-0.674074981743864,0.295981299186147,0.750123123722171,0.123626588600623,0.543766825642996,0.136175301102585,0.568543100838782,0.16551645853749,0.694706597830498,0.164501426587977,0.335822533107533,0.222453482529507
0.85615966142757,0.132201779136628,0.977727338792857,0.162093468484965,0.527712834563303,0.126179997444717,0.371719961791351,0.193399926219365,0.442901111484223,0.14652223275072,-0.880455400591232,0.0217746653428154,1,0.999999999626031,-0.295655720955608,0.331425738655978,0.518549921357244,0.143254219488879,0.55640049639157,0.125978897480995,0.823470757832464,0.118163074038899,0.424338588702697,0.15281575511276,0.689711553746323,0.190242013931125
0.910804483884426,0.122626689717815,0.844464830516258,0.135693670574597,0.367636456466582,0.0754971131848848,0.363731068982291,0.175918692936583,0.3656785491458,0.111293825538925,-0.863928843677403,0.0263539966569611,1,0.999999999992246,0.0428670071947424,0.280768341038673,0.54067075719891,0.119340547161722,0.588472142829921,0.10428295626462,0.479864913700738,0.129122730652138,0.464617242549859,0.151940511385452,0.51323636978077,0.169978902197461
0.853167400069815,0.122872548952486,0.749604381035614,0.156087340389381,0.374964207920622,0.0863352670441643,0.257478152519071,0.274724469345463,0.230931106002522,0.10965714651326,-0.858947118275354,0.0295132989871567,1,0.743219911496744,0.132041487087787,0.317874025918226,0.465908173135749,0.141185051088684,0.660661532201889,0.121111121823697,0.591310393643651,0.121621959461901,0.391884079589081,0.166804020506747,0.369196273347584,0.205681564876044
1.01781623945737,0.145541721974582,1.11670747355733,0.164206191768597,0.681485041626828,0.166027741714105,0.818443032929477,0.342137814714525,0.746831094600379,0.20852970168214,-0.917864523061366,0.0168836825055622,1,0.999999999548969,-0.000595490571839328,0.392837377183912,0.753318458189246,0.122866789598405,0.876607972434773,0.120978849475049,0.537911661761062,0.142532170122144,0.940296266321696,0.137362554092691,0.882671387396643,0.15521386291221
1.01239001879792,0.145347509418645,0.902795366058069,0.155719174201465,0.682052926014004,0.158378063093435,0.449841418490548,0.309670078254683,0.50438027996273,0.198583515598231,-0.908730545614617,0.0202954489357098,1,0.910582585167832,-0.148051104971251,0.375002716980372,0.854341966793255,0.11536006896588,0.627204811261412,0.127792176616842,0.747582523242297,0.14362652702952,0.698550090546073,0.153863889562144,0.834143918357441,0.18226861774513
0.922038673529524,0.146680043672495,1.02304558202466,0.162993886292797,0.701073350191478,0.163508654231376,0.523429286095766,0.329837670970064,0.5859122812548,0.200676148164091,-0.900749435325501,0.021404010753766,1,0.967212416297675,-0.234053358454183,0.41013180567675,0.747710662636431,0.137233457730103,0.861734721374859,0.120672301011877,0.573865443585978,0.149775816894486,0.719169430538341,0.136184146199352,0.664048405961075,0.18257339120906
1.04989070815281,0.13129383089007,1.03404979795526,0.172633870981208,0.528705788305869,0.125319638546827,0.42352401660714,0.217636341519,0.473201436033811,0.157681504516094,-0.912841220663663,0.0180956016311845,1,0.999999999994898,0.0746375135806742,0.256529349475052,0.739168208463462,0.106530966302616,0.658394115347769,0.122519690698894,0.528849024957973,0.144292652417024,0.841167751983766,0.144703376333157,0.525279698986648,0.203126850123005
1.15905096082429,0.153657999677925,1.18679483609395,0.198611895479848,0.698759206993612,0.173037057222488,0.687071569956525,0.35348778337205,0.692890744064609,0.231932285370973,-0.920973540915874,0.0174503151910743,1,0.999999997750177,-0.120957411566716,0.326526525699687,0.585987389893462,0.155007815101883,0.746281001235235,0.137877413417988,0.452510870439953,0.136582889264379,1.08145878209938,0.126521094885899,0.994037652513339,0.181200704814331
0.77830832432547,0.132018995472517,0.760416656708653,0.157211849674819,0.484900566491226,0.122007865096409,0.980728195122543,0.420503497684128,0.478534081848902,0.171282252286406,-0.903277435468568,0.0225998511289011,1,0.693924462966051,-0.200472436562652,0.334369083299694,0.776120192660935,0.131211946508432,0.488187220612324,0.129845431261695,0.806553241677225,0.123622950531515,0.764881487301643,0.156239991734955,0.457879415610282,0.233760872785551
1.09567363066754,0.149910288860439,0.859804099441759,0.18000966932152,0.566160826487617,0.130422522619792,0.932690845331446,0.470761269958249,0.449685107065057,0.159094329411026,-0.914190261986489,0.0192543425428061,1,0.618827691305179,-0.128500210218217,0.361823200363625,0.827663221562924,0.125131405570247,0.940691592210306,0.119090354585274,0.630956819948371,0.154113509180886,0.684778210274633,0.148663477066307,0.905736522354189,0.180268926844282
1.02562798609457,0.146398249293778,0.94080393807664,0.159081748793334,0.479113072534109,0.120075818275226,0.508212121651229,0.30474930918296,0.460303007627328,0.161095590146488,-0.857939758547068,0.0301269735069469,1,0.932829544408343,0.157322116232159,0.317190455322616,0.498966831570637,0.140143624263126,0.527169619424093,0.14936363658759,0.660615169350591,0.123834477320019,0.803749588320724,0.109817390560046,0.719481168205164,0.176634435710386
0.977274963371265,0.142633553468868,1.00575306951568,0.129708469018648,0.543195328476665,0.124182987898582,0.152045469554655,0.127044803036276,0.287385435818483,0.129829508156899,-0.906566638302028,0.0197331696888079,1,0.999999999651591,0.0240181924135974,0.365937993795392,0.87436807636891,0.122143952752986,0.524739461376397,0.139494593970549,0.81606346194643,0.125277165392876,0.592481244179225,0.148382552748016,0.658867245021808,0.182204527013733
0.702882323533151,0.137751231567352,1.04629878476572,0.163306648615081,0.641605370911108,0.148725375226204,0.306188750450122,0.173109401093396,0.443229451627768,0.148473922597676,-0.906449782732387,0.0206238251296785,1,0.999999999971732,-0.519941464098993,0.35970372554056,0.595391831079892,0.124853511039493,0.67698637052427,0.119354454278198,0.58828169859101,0.139193796693659,0.65078794232783,0.14311639763236,0.665435375271956,0.183631243025863
1.058214766168,0.148457628431588,1.08416042714728,0.176381539201314,0.57471723204868,0.122798204122253,0.786782690195151,0.442046786483463,0.580638200501048,0.194846414200608,-0.903110088673503,0.0197521810258527,1,0.8634776424958,0.0433919641538021,0.340804220177711,0.577451707607471,0.137625386803179,0.890092311870215,0.119495850016676,0.614363505643038,0.131875031829713,0.640725230684748,0.16757106875871,0.885054031117746,0.135554989585658
0.907049070103991,0.12630875599957,0.816412788652712,0.155413555009123,0.574632620947062,0.139675884072721,0.517428521018257,0.267497499853434,0.525996276297345,0.190685794863223,-0.915615630602074,0.0191587763094152,1,0.964633520954468,0.239449122787128,0.262648740689283,0.680659615530793,0.113879776022353,0.640507094625011,0.128570816658466,0.587678046220415,0.147498902224958,0.653664946998845,0.17176416840666,0.731282763042442,0.179075515557064
1.07498467202398,0.147056590614924,0.966896264222893,0.186075185267147,0.573190371676693,0.158047437832555,1.01695090879029,0.469378689098258,0.694472450845014,0.222783960145579,-0.854635331818743,0.0355066695326743,1,0.909610750668586,0.1627470503087,0.30651981263916,0.736432494473825,0.13721107817781,0.790702386007531,0.133845197923036,0.806736805306925,0.147179200834231,0.544179929716578,0.183146740773363,0.685789539091397,0.199539862864529
0.988681017731481,0.14522927227493,0.832377155101203,0.177570569400454,0.664250130220753,0.155911516852818,0.95425555059556,0.416583126341186,0.649393559723452,0.212962209838012,-0.898382964525921,0.0225532223048038,1,0.815661203394408,-0.420270200107001,0.348647754556319,0.876871111117234,0.11555343266324,0.658148464453279,0.121803497740415,0.62188384817832,0.134027426503797,0.698206635337798,0.168756384134776,0.772399069067688,0.17634654016294
0.992783409090171,0.121654313974209,0.918664236258749,0.123784528306297,0.375555589744166,0.0880493110913214,0.0438772589140151,0.0569516088980454,0.128368025020977,0.0885023302341039,-0.865901115802736,0.0300619675438466,1,0.999999999999266,0.224550531123734,0.317935452991538,0.799219271139366,0.125657528658804,0.374488534833497,0.1312775340248,0.690815824266244,0.127871606338501,0.3161679417775,0.166912872159329,0.786663624415448,0.181091039058682
1.17192303302368,0.152445650426846,1.15820149371182,0.154752928611232,0.574124848508493,0.140191699089496,0.529231822836472,0.29869369492873,0.551221498229896,0.199570295066386,-0.917429563242909,0.0165325273484722,1,0.999999999998269,-0.00580965954093754,0.438127624198496,0.795376587243951,0.122351376093466,0.785349133064676,0.130519635227999,0.708594116780357,0.136848014100235,0.943230334096624,0.116396095924868,0.729498631137581,0.151001634131036
1.10255221375377,0.138801885383637,0.999375861107335,0.164180551181571,0.592730839880873,0.144412028212166,0.586532155326011,0.304978685623792,0.589623351841633,0.194639462814391,-0.916741115864904,0.0195529882297559,1,0.999999999990562,0.177466321630651,0.318344310639686,0.747615081575785,0.133205971462869,0.795997981970323,0.122528790023738,0.788099277988883,0.141958708974124,0.586299124326762,0.17191153085062,0.86934388002184,0.163554355433625
1.04612913704061,0.146989443020619,0.919864341581184,0.189421440703147,0.711444289734344,0.200584689124461,0.85963060639497,0.431057977143898,0.458165982588405,0.21456283830704,-0.903403744292558,0.0248141567587345,1,0.585863520754862,0.0690801365185697,0.337365822735093,0.930585548953634,0.145878842696346,0.723602303112981,0.149140441736211,0.739147657184812,0.167016927924837,0.646266902617823,0.176876325461429,1.18985146575874,0.174076782491591
1.57822433026452,0.24397090147902,1.20291009726473,0.234298917953782,0.87987709110256,0.256231845046185,1.58499186278735,0.853834650863539,0.897956379812098,0.330771920115201,-0.93167589720126,0.0174618399576621,1,0.760380055127548,0.974920800127825,0.466085862763733,0.728360853033754,0.164382244624766,1.01278152266551,0.149261637453121,0.713658131501166,0.161850353415919,0.934457732316404,0.141784181023853,0.917340302302905,0.183529266222557
0.774352496055819,0.12991770796086,0.834091943090543,0.146394599645661,0.594255782848514,0.142416770321408,0.46410349759147,0.250358736295222,0.525163010193461,0.179816479973368,-0.893789432639682,0.0226788097566898,1,0.999999999984599,-0.469214464012988,0.335531128171584,0.694209232344891,0.134120888090581,0.468314851333928,0.136672083914979,0.741176240814485,0.130314981219282,0.854282079821071,0.131868309823965,0.642547872293183,0.184119750787251
0.753207149969883,0.146139996466583,0.892270330031661,0.148760701831831,0.600203205162552,0.156463052026756,0.401667934077703,0.260199174500347,0.464627140629376,0.188006924706945,-0.898744817659734,0.0243257235881349,1,0.946284744256296,-0.247317210714917,0.338478132658064,0.847508105822657,0.129128046322978,0.600023290899227,0.137932180453327,0.399638983538508,0.16335244387201,0.617854141729211,0.178074798929941,0.763209320942993,0.1987837195203
1.05368649237011,0.168618371955061,1.17541672168771,0.189873713891971,0.923413792329551,0.249632407229287,0.81367315095664,0.408963439711901,0.866808519823744,0.299991140088352,-0.934535021337605,0.0152693538597887,1,0.999999999998285,-0.636055804074394,0.351179398890037,0.911211148454732,0.122528956576654,0.966833549533857,0.129922882304192,0.817557202660074,0.144611287530518,0.919377468581472,0.183906169721268,0.70916048401154,0.224558339061131
1.34002014980751,0.157138290207803,1.26600497229435,0.174596716492188,0.492574763157694,0.117030280471062,0.534026381828435,0.291321881509919,0.44517171052585,0.161633138993683,-0.912078788474221,0.0184353961164882,1,0.867980809796283,0.709528921214603,0.307027489614926,0.609414358744733,0.145001163075291,0.779909659528546,0.136680681384531,0.734512363359805,0.131322715050851,0.794080685410373,0.137411856858989,0.653232630389646,0.17388999676744
0.943190813167426,0.141677793731262,1.14516670608033,0.18463706887884,0.384418087807163,0.104921390664328,0.493203562126358,0.309681669615903,0.322845371182144,0.124691370203604,-0.873882967832263,0.0307290921439878,1,0.741446048064732,-0.113387968064139,0.282439925277346,0.672102158588044,0.132155454593668,0.695831396081757,0.136798938852273,0.491458478987417,0.155750112643922,0.616745517587027,0.167168232214034,0.738731916776263,0.183463612790522
0.929827406497177,0.135922413505186,1.08670188198087,0.178293786797241,0.584412635813184,0.143657527676254,0.575361954786064,0.34619313293535,0.512307063032539,0.175588621711113,-0.89869480362633,0.0230635539709093,1,0.883486614688268,0.0497605677921744,0.296058056842514,0.731853538146992,0.131372654786865,0.752513486858722,0.132241425622056,0.525048648893265,0.162150638916204,0.64981420349887,0.167834043834032,0.988833654259013,0.170845488710557
0.942140179253921,0.152037379817164,0.980119887535891,0.190684518519967,0.68113657332625,0.163009633839959,1.11743092902205,0.414299901506502,0.830278626966853,0.234400827248302,-0.883886321905674,0.0262340857926462,1,0.951691990841986,0.102611484514123,0.339051769342382,0.528033930891577,0.156781897163638,0.484423371803549,0.139304176273072,0.827664254922815,0.126703374905141,0.744271623212468,0.123650708624654,0.644904943471085,0.183763178027779
0.816376307905852,0.132405020469596,0.818806835560937,0.137285573658634,0.457218551084621,0.101704940373782,0.275030053315575,0.148508833265066,0.354610832238481,0.118443808972585,-0.89065586934158,0.0242313005168386,1,0.999999999440133,-0.148530322617461,0.332188592338885,0.565224942203441,0.131173276330594,0.803308985698734,0.119505861906071,0.751859120290817,0.125870279658462,0.789444377271536,0.126031130511084,0.485920971677423,0.205187509887467
0.958095265957648,0.146220778115977,1.04364437788023,0.193905969149422,0.573912247188435,0.154382118462019,0.739629133869683,0.414671489916873,0.483664015561042,0.195157328759707,-0.917696725361132,0.0198340925640757,1,0.742359082117227,-0.175961611831495,0.336754104248298,0.770705030553523,0.13823698522009,0.726927687361823,0.127608873477609,0.75920480424274,0.129006887744534,0.759809830603466,0.184917338727118,0.324212285474403,0.251668466836255
1.09906069928889,0.155837418810214,1.07177304816436,0.200115887574567,0.706578174067407,0.159019166712444,0.45594097184118,0.405375178836609,0.531064985403668,0.189615727292,-0.926379716125555,0.0154738630535922,1,0.935649626928721,0.311407997211018,0.346697750352294,0.703545076538224,0.132687965597175,0.857905725199672,0.120760650313873,0.791743530809033,0.128388656273654,0.675977890015452,0.164223437488459,0.991207909857313,0.169688353522719
0.841180642743885,0.128700182062955,1.0335444357502,0.144566351786131,0.426403458969293,0.089545189648176,0.378680219477338,0.246087816856576,0.332283187880576,0.123730171609555,-0.904705195732321,0.0183510153327199,1,0.826916578097683,-0.413392984180644,0.385467029834629,0.875916240151388,0.118534764121694,0.569366167266313,0.12230070202663,0.745414414331658,0.121195350397691,0.53577084541935,0.137224108042503,0.592918764159773,0.160376957396053
0.874110515954787,0.119513437657231,0.971490314388057,0.140205052779508,0.451080294647855,0.11011578413611,0.08599504575726,0.0891061855721448,0.196953472535734,0.11073000459085,-0.829237612529072,0.0339077718795068,1,0.999999996976638,0.304046072090557,0.290601178465641,0.638087217814959,0.105193711836063,0.621050593092301,0.127372067069859,0.62420645504174,0.143543866733156,0.498107664186712,0.190636510377203,0.486842975272674,0.19553988733786
0.788646563061158,0.139182905131765,0.984092787650632,0.146825420138172,0.650486344878069,0.147196956239995,0.445249861641621,0.274301909702635,0.461680900738849,0.167892812277794,-0.893391802114333,0.024433435948018,1,0.857868892332185,-0.173054209906475,0.321623399145263,0.588466211999503,0.129289838795435,0.806670420916522,0.114962385211264,0.458293716877429,0.150335287763029,0.549313136837001,0.172161874270422,0.265090070947842,0.22984902648866
1.22938949915486,0.149416746688915,0.935716064464574,0.168801906137796,0.58024579398011,0.144755900548419,0.682593553173156,0.351420499172097,0.629342544425046,0.220557934946249,-0.901420112494048,0.0217942893012166,1,0.99999999999587,0.533166131307982,0.345590793728035,0.54763469657343,0.152231025808099,0.624110297612454,0.134232996395717,0.778543503168304,0.119974865117186,0.868951608288601,0.138879365092726,1.04767424445764,0.161672096463267
1.10550118227324,0.162321289007307,1.21582074284334,0.189034970959172,0.643918168366439,0.148723889522761,1.21248627453485,0.453201999968802,0.883596027758245,0.246654492372688,-0.921626471006281,0.0175903887714146,1,0.999999999489088,-0.191361710845935,0.37519236416831,0.671528864106208,0.135582197778334,0.855221404517517,0.129933958022956,0.681078966836219,0.139525553624548,0.815263167118916,0.141593139732003,0.937468159711063,0.124281295554599
0.826665134935947,0.155555147007845,0.951895741134564,0.224635340330631,0.63348449815114,0.183924330205548,1.30348241748557,0.584661222300136,0.908700118346457,0.310398474427731,-0.880700401893821,0.0323633595698468,1,0.999999999995872,-0.268196401312085,0.32406670703911,0.741758039085979,0.140155646211757,0.484171554716162,0.155312139239738,0.508960105728471,0.175561924479599,0.647115815141013,0.185553370636734,0.639183460638687,0.20487288443511
0.977160474702955,0.135830970991447,0.94751682127178,0.162558499640869,0.563710937082476,0.132166330372452,0.429293160684446,0.273651106398185,0.491932156792175,0.170756383768449,-0.891716824108143,0.0218478645888791,1,0.999999993788513,-0.0438752492343103,0.347553187621055,0.605483440458897,0.140746308527168,0.738669025283875,0.129635554961457,0.587928704853979,0.149213789443616,0.836225708866773,0.136197640825847,0.810034352250206,0.167643572261019
1.13884630060258,0.125533246078226,1.16811887328478,0.14844544951704,0.53242970894941,0.119394195686491,0.844343871186071,0.344386373287749,0.670487704178946,0.190354616954102,-0.899042810870596,0.0214119154225244,1,0.999999999851338,0.711969545110938,0.298214461266287,0.510705075541158,0.142381916032318,0.699264310128638,0.136387484399991,0.613264669167438,0.130537667058602,0.702440917446462,0.123699260341006,0.670628548713521,0.158645841211429
0.871210382022709,0.159135526386187,0.994167112623311,0.187693728975015,0.590969670873302,0.168021587648746,0.297354593996163,0.274598761036237,0.362165046351752,0.157992940493794,-0.904981867784158,0.0230526543425506,1,0.863946023674672,0.204361585055945,0.358639707203243,0.640607866309034,0.149075330603444,0.639946723932817,0.144819960185242,0.691786750297587,0.155039928269921,0.601443119883094,0.166699082967505,0.55638763132942,0.176674324067606
0.799918380256594,0.111150049110653,0.907255854426165,0.142889328785097,0.367543560279386,0.0869314092599664,0.387848010241011,0.184559378834154,0.377559317895848,0.114115465062942,-0.876617577561139,0.026966637177426,1,0.999999999995514,-0.0974620880123063,0.279079357101999,0.631498666185418,0.129159170880352,0.493928295834235,0.13520418433078,0.44326117908846,0.148927125318732,0.538834056417077,0.145480174207626,0.453151399294642,0.183794657195831
1.19026439892405,0.179129005713369,1.37014955282098,0.214936840904794,0.904802215502609,0.224574332604857,1.0033464858396,0.451274429656964,0.927816718625944,0.282883523052985,-0.924039295912802,0.0171920571061738,1,0.973777867168999,0.328796780964705,0.438307461494961,0.796886969162245,0.138416696394055,0.883895112518781,0.122357944744236,1.01536959108876,0.130429568185785,0.741326421097932,0.165135111871188,0.944334129792053,0.180764470480846
1.03527326164753,0.158519499812293,1.17450066592097,0.194622144457549,0.704574446122356,0.164386007908591,1.4233655862293,0.538327457103625,0.916686625005406,0.273526530179594,-0.864534162318328,0.0299402482860501,1,0.91537536465328,0.101747499168211,0.350068354546871,0.784619829595747,0.123799499792582,0.819286107883246,0.121647041255126,0.764407021779691,0.133636781243521,0.756037118995949,0.159270014207536,0.906746363016513,0.16671886611252
1.13153234036639,0.141423925142704,1.25885557631095,0.208823063705376,0.671721183246272,0.172787671569119,0.684270040551786,0.388648660748454,0.494766781356326,0.215014813251641,-0.903269793917806,0.0206407636861086,1,0.729780489464329,0.192655259964089,0.300545463860698,0.760503885441488,0.136219062772041,0.91472076882228,0.136337088868051,0.840637371935027,0.141997787037252,0.956248153201323,0.15082407824329,0.686954668148059,0.191808223767328
1.24356780093075,0.171964068754209,1.49937455799992,0.244286479661347,0.81045265007414,0.202105077186083,1.37349459551219,0.63970426922925,0.857575493834472,0.25015525481894,-0.930172958325043,0.0174356556421399,1,0.812821272891597,0.0535061720334671,0.348454245326983,0.71019262125086,0.14629779818824,1.11608389737341,0.123455103304858,0.617073106915991,0.16991062920339,1.00762943327155,0.159329773291991,0.759896891753886,0.204828128705553
1.05615434018008,0.137316521395173,1.04563479722697,0.177276446294658,0.527475555558353,0.133304243347019,0.766285883164425,0.374406545095402,0.635764950216239,0.212765488310653,-0.921601078394036,0.0181915727161677,1,0.999999999981172,-0.201498037774621,0.294910233325387,0.825877133264571,0.127460840957214,0.771313937350248,0.125323351060414,0.738041760064365,0.12564210085236,0.895180537586016,0.144882202132386,0.677988013555404,0.181479360562903
NA,NA,NA,NA,NA,NA,NA,NA,NA,NA,NA,NA,99,NA,NA,NA,NA,NA,NA,NA,NA,NA,NA,NA,NA,NA
0.823328729078619,0.145936902582832,1.00741601824747,0.182364929181843,0.626528377883014,0.145183992229081,0.608055577024656,0.345066783015566,0.536948489519145,0.178493827218954,-0.882990272049633,0.0254150331681595,1,0.869942630844375,-0.144755474961396,0.334839861109854,0.62515280613292,0.119229338939606,0.430481123125348,0.142359634011422,0.586227289105342,0.137539133386965,0.797956281038731,0.148285539641924,0.710210760751538,0.190370833830256
1.25547718869897,0.170091187765884,1.12762718634015,0.169905358388923,0.763331566611359,0.192536641905943,0.430338999534171,0.307372246928583,0.468525314407115,0.202899620385837,-0.890861885632887,0.0251854409863748,1,0.817468631549221,0.631964282154911,0.355214495592218,0.837900342966552,0.12286611709153,0.465882300631385,0.155583516336674,0.704831049922095,0.137814452810984,0.627083586527725,0.156879767168102,0.805529503110053,0.191016579027155
0.97574486784075,0.168225470214529,0.97375599880826,0.155095733274226,0.662817977892402,0.172057773907704,0.278971832116763,0.209081886698957,0.430008773232998,0.195759598333299,-0.909890764947684,0.020608435508134,1,0.999999998390483,-0.0776623549080526,0.383720119653773,0.632745311071212,0.133721906902905,0.642893301926412,0.140873338927407,0.855275492069021,0.1440942994714,0.770028152773805,0.165427743068795,0.958806082563282,0.155040033509623
0.96530787705936,0.139753988600383,1.20359096698657,0.190777599661773,0.645101083595027,0.155507673038264,0.603687489118153,0.330696320248116,0.384899144567344,0.171541068274307,-0.91328637473212,0.0193128588576925,1,0.616775298856583,-0.0123105626263244,0.361329558675834,0.768185885586769,0.118670528618419,0.847384765847472,0.124184635708454,0.612850315087855,0.157981638458441,0.484344607747726,0.188756319046675,0.649575965315035,0.184889051277113
0.860747987275012,0.123034819919732,0.901118473185118,0.149582864374654,0.457560051951424,0.108177733130349,0.243861573187932,0.175136188547265,0.334037893193824,0.141637452247435,-0.881368794898541,0.0225470840182586,1,0.999999999966583,-0.0828688712300543,0.284750767962387,0.660934665348691,0.13003454873533,0.623304759538664,0.115100911982989,0.904262355178403,0.116563500706942,0.471590027190177,0.175425537409808,0.643471064084237,0.190923850067045
1.23170391554346,0.158446212209824,1.36984721003922,0.228483295464719,0.635709077954822,0.166509040799019,1.4493346038977,0.66632755972045,0.851535199837496,0.272580193022804,-0.923297730751614,0.0181869629006645,1,0.887133680427287,0.0226960909500482,0.298067754082908,0.758550313561261,0.139137180881641,0.998873378483537,0.130049948167879,0.786730323333504,0.158579762837538,1.03356736074639,0.14872167692271,1.1043420175675,0.181421104310203
1.14512462695742,0.156321853958983,1.1232796461592,0.194156555426804,0.505046493273114,0.139011547717014,0.705847375658105,0.417282462738544,0.567498638788979,0.20231515654786,-0.918341229594549,0.019147579834924,1,0.950481661388215,0.275110088959901,0.318875257730533,0.79632229196592,0.145067042998027,0.65445089442444,0.147757786096259,0.678895806711241,0.152663260363138,0.916586587949714,0.14636676582247,0.586942324949269,0.191906842958667
0.984146068534514,0.1332937010369,0.980401591707919,0.169628334473161,0.556377747617176,0.138080685315469,0.497097544147305,0.272294976991222,0.524237387527032,0.171250501070659,-0.911379160681753,0.0211669383413191,1,0.99683276841979,0.00162669053696167,0.323645619201116,0.966326944339584,0.121545390394097,0.435260976772237,0.160648660030402,0.697570457335345,0.14228222153579,0.718863385944617,0.16250193402927,0.37467616466461,0.18788847109425
1.05273156389778,0.13962037021137,0.976585079486904,0.190534403472322,0.497711639372428,0.126377946855017,0.613608418688741,0.373258508773001,0.327965480670443,0.151867015996024,-0.909150948847945,0.0198136405433374,1,0.593462910320121,0.116925618690722,0.311067999817688,0.623866204777779,0.144320252011865,0.709307845756857,0.137141325180154,0.662623501664656,0.13923230122834,0.818608029303211,0.138049229595589,0.510474135421846,0.174014049444583
0.968300781316937,0.133190173398802,1.01882089388855,0.179774371927388,0.469229928876166,0.117771487776941,0.836869540398325,0.437521718447364,0.537418144903746,0.174391634929292,-0.912386627276316,0.0191508730375248,1,0.857611493045372,-0.162762252497995,0.294843759293252,0.811399497814174,0.126405628421235,0.695153616677899,0.130669520540006,0.626310224917309,0.139888987919227,0.712711288772409,0.138393600521978,0.798344158415966,0.167782017297168
1.02275498725129,0.151664312019493,0.91806504199143,0.165736642934032,0.475781003494107,0.135562414321128,0.614237726185757,0.30699122314153,0.531275204468325,0.184593823725029,-0.916804468056665,0.0210746251979023,1,0.982760640249704,0.201567011882557,0.320954889377662,0.656039400567941,0.131883008518787,0.719189209890979,0.147509337763251,0.723599082991334,0.151143559715903,0.905091927334821,0.160018007947224,0.330015348517985,0.244678425049564
1.04636308632118,0.161566805628598,1.16926521142995,0.203239950263364,0.640631092083328,0.177101372017757,0.559449441408866,0.307055414984143,0.535199412685654,0.205480388153616,-0.905738266956471,0.0251586358664374,1,0.893986991873178,-0.107426727930359,0.382559030042368,0.698775984844179,0.153418786678111,0.706648921624994,0.149109980137989,0.572097856344482,0.155187265740314,0.544176405810449,0.173013706307598,0.979420896397264,0.162740231126119
0.936571359189487,0.131375997928155,1.14325520353269,0.168069568514441,0.585176244374987,0.12847049994743,0.350761044623122,0.220443739763501,0.453053010984516,0.170032969200921,-0.88054381437291,0.0260464510146029,1,0.999999999991548,0.071693051822951,0.318600759940414,0.546511337488886,0.134827404989505,0.669738034454407,0.126812642240906,0.683158892228305,0.144730838696852,0.396176658845169,0.169712386610197,0.460676111882505,0.175137520368138
0.976074236435655,0.151973893565834,0.978401261234093,0.186496603248859,0.748052572942515,0.183134044626204,0.537439169416321,0.427753810819703,0.582316039309853,0.223360962397789,-0.912891745627397,0.0189104711409848,1,0.918391878010441,0.60773168821473,0.321915891440444,0.609823306064249,0.130843333712693,0.686932292742893,0.117111039528709,0.65873933204165,0.155095020467912,0.689581164437091,0.183987452536295,0.71741423719535,0.198580290618891
1.2149512876683,0.163183460959237,1.15133679987215,0.196852383720875,0.653209001401203,0.176520349280331,0.648129804879329,0.345670404107485,0.517832310215205,0.196724666949745,-0.922225849425998,0.0195140342151011,1,0.795851552335629,0.0325754064498531,0.389351070153722,0.770385320175835,0.148615123861334,0.719203868585202,0.146875813517663,0.852245212953803,0.150885789818227,0.85202854445743,0.146144153089406,1.02616660364902,0.152895424069047
0.879587875191671,0.130673195420503,1.02036622746556,0.15543657341659,0.397644570282355,0.106393202172407,0.4204023238423,0.303928378341728,0.399814882906453,0.15191154313867,-0.889115167137784,0.023995153127894,1,0.977864937220461,-0.0333262025731507,0.306183896712766,0.741430449815326,0.11694860480742,0.561988282121985,0.126894038654137,0.452712124325185,0.165163181485623,0.649028509034325,0.156312482543298,0.541728777218267,0.196654657716252
0.894227011480915,0.121054353248098,1.08264582559079,0.162293977326154,0.408345938137032,0.0998703372618739,0.290788183044617,0.210075026955114,0.306096867996771,0.128062302018551,-0.887005887207695,0.0227994147837537,1,0.888293305235405,-0.213547006939581,0.293761233999616,0.72627183775322,0.123668832464917,0.809055336989383,0.120229459176444,0.696987168763869,0.137017197657437,0.588648180936369,0.150664920571764,0.487917560838501,0.210561065219671
0.903969197419558,0.137374533397275,0.857157776368163,0.16144730241595,0.488219931770099,0.119116803283685,0.542575544575632,0.235214925623614,0.440143464886424,0.127527430448457,-0.894837507075541,0.0219370281798661,1,0.85517775936769,-0.0537135136788181,0.323076269948292,0.582884369728345,0.124129637877433,0.631357942961014,0.125137024802111,0.590241947696195,0.143975021250906,0.588524919706444,0.160586987411599,0.897197434103365,0.167157484277981
0.849163801427495,0.129867884893738,0.852689785945108,0.144519020206158,0.43461594747269,0.116072633995911,0.571940579458445,0.260251104638067,0.498572458964861,0.156621394890384,-0.858473487341652,0.0320277643916779,1,0.9999999999977,-0.420515647173132,0.312833330252953,0.571971830538418,0.139970541450524,0.59271204680321,0.145445645794545,0.571523391582532,0.122953656004503,0.459642860711174,0.173822747568133,0.669420524910193,0.171351595441582
1.07586892432492,0.14953757327497,1.01619638124635,0.173634911063684,0.601926886305859,0.155889956450204,0.754089393525672,0.438716596719632,0.581065857481224,0.204386440816987,-0.89365151575101,0.0248627839118859,1,0.862466172661528,0.306302875942192,0.304069949379869,0.731193732594799,0.132258184222907,0.557082339235403,0.144279758316998,0.55341744193918,0.161114030355218,0.742406204755639,0.161715604325146,0.790352977021637,0.156618381315205
0.846751353007431,0.167991751928154,0.866644813239982,0.196548189057784,0.88329631751989,0.234370688213812,1.37408029069979,0.696364979905032,1.079208906489,0.36182899904604,-0.899869068960519,0.0227489204278349,1,0.979594314272264,-0.380738351985946,0.389920978047582,0.641671401574297,0.145344438202863,0.656562650361954,0.139191112166143,0.738246486550412,0.132160317877102,0.687829598089125,0.17963877777072,1.04165636553868,0.188991819744931
1.23794823191731,0.159288747277772,0.883683929686676,0.137746033664376,0.507261482812605,0.127522929920093,0.333370555159694,0.168205967388923,0.411225050467647,0.131194837228207,-0.835264489618905,0.0365013294032682,1,0.999999999987436,0.51308011983888,0.378822440887635,0.627319089893788,0.126304354585639,0.389159657533995,0.140882373583565,0.58397517551887,0.14064506102035,0.654467768173803,0.146612372644804,0.687807041389554,0.138948023893184
0.819342117852786,0.123267013593095,0.978385635033724,0.14084932809585,0.569619627533033,0.135214181175563,0.387206250098969,0.214700658328018,0.469638456437292,0.165790029717196,-0.859966596091917,0.0286704993139568,1,0.999999999557864,-0.146604133233564,0.27969153747746,0.67541005007067,0.124522572686279,0.476895838451264,0.115418674772865,0.545729632376441,0.129311379855911,0.614612353255514,0.153109598932713,0.708813072403662,0.185333395728884
1.09787529763332,0.143385821446368,1.13702941269535,0.178708496533327,0.462024929177394,0.115564080971511,0.905742863246537,0.44824618735065,0.533849497830845,0.177542813172202,-0.888242903231126,0.0264235398715147,1,0.825246466778328,-0.179841461920595,0.335919311623781,0.683485642495699,0.1639735438048,0.817298741094083,0.12871856522341,0.671282503951963,0.126759390888234,0.67579658248655,0.153008694917534,0.739821238242628,0.165455597853602
1.03959989620181,0.123948996546076,1.06436473613231,0.158177422156786,0.474094596754326,0.10717930055519,0.423793392525189,0.218730022575423,0.448238951381922,0.145852614168274,-0.868210974956503,0.0255754391846985,1,0.999999999998974,0.229895226798036,0.329628965995384,0.511004448854389,0.130244903520251,0.794580527406423,0.110447766849649,0.745462973498243,0.129030238113037,0.465880019011247,0.169110404372032,0.680883930704304,0.159101991463271
0.811622119625668,0.124522302980118,1.05348262183593,0.181765690166383,0.328790379671747,0.0821590093689008,0.578788375764326,0.259392315732331,0.390413938045614,0.114026329996911,-0.87985123867434,0.0283222477172606,1,0.894964611537617,-0.472732489331368,0.321492253546958,0.590014379012967,0.154248696571604,0.610178944674095,0.121829800134603,0.554149660011946,0.141112463971304,0.580225277006269,0.145444528027135,0.661634772799999,0.181676441763435
0.803162288668342,0.126326698807624,0.896575964489032,0.157806941860711,0.562245720842947,0.134503436053548,0.418723824296313,0.365802771234231,0.386197444226926,0.181789180729354,-0.893743748387806,0.0232498573310276,1,0.795943939157254,-0.250155624033434,0.268491271961315,0.504557347989925,0.133035478201283,0.709719944222883,0.126362526122164,0.691956759206327,0.12479966999833,0.821864840784715,0.147406751131836,0.475465324005811,0.2104587240333
1.01017732952043,0.148483729092766,0.918299922076438,0.16125218188209,0.77765551160726,0.174361746491121,0.284752118938079,0.196015921765136,0.470573113058931,0.194109799427654,-0.913067209686837,0.016596148597774,1,0.999999999999842,-0.061901295772622,0.324653197698851,0.804628173418602,0.121834771795823,0.770217249278112,0.133576337964265,0.821837186427163,0.130081433324858,0.772649703712752,0.153322279759959,1.01132430241822,0.16965147393596
1.08861686316466,0.135205109224749,0.818766816393418,0.153801186594602,0.53505391576716,0.124894249788656,0.31280778173792,0.252067088512307,0.290238794426997,0.135464559297495,-0.868349354645447,0.0246505454295213,1,0.709443663036006,0.172154921439007,0.326539005344164,0.695037928435425,0.126127307057097,0.796016079111101,0.115952061846024,0.782533828157015,0.122545467502674,0.623718446939541,0.150906595178093,0.754295072963458,0.182309279664186
1.08639375926259,0.164570260810777,1.30949946615419,0.214095823441295,0.665393403696477,0.162148037718884,1.14397860806702,0.600665571345968,0.761362306544433,0.263812629198237,-0.920675436542926,0.0185220497464796,1,0.872656192165476,-0.336235972202361,0.338290844321496,0.830398894119116,0.131892490654745,0.826054010367494,0.116830824471619,0.812615647483835,0.121195464065986,0.602614155296757,0.171281163006789,0.681681492924834,0.188047711202197
0.955323347256565,0.134434972345085,0.977443495169578,0.149060254463885,0.556666684277903,0.131056152866211,0.316636717841928,0.211774244644666,0.419834624395794,0.169350228090702,-0.870383550736516,0.0257158116323198,1,0.999999999999584,0.14051456467053,0.361504576525522,0.466382232382126,0.14105367896011,0.824332888806338,0.116489198103915,0.645399668133256,0.12888425591531,0.481010968084331,0.149124172097925,0.582579687600171,0.163474451367227
0.818678420617341,0.150042631611738,0.730472486120702,0.148675253666531,0.794001510593057,0.156501481394348,0.550177445799571,0.270994085665895,0.66094002963645,0.200409999667783,-0.926160940306172,0.0144361923680028,1,0.999999999675789,-0.567925344785043,0.377994803137697,0.913274219538388,0.108227280807029,0.778467674054939,0.107607449039363,0.672361594784315,0.134152074180847,0.811086712004272,0.153193752124358,0.871556142282946,0.17106905656649
0.96678627863056,0.130282799675747,0.877206018370236,0.151230069168057,0.544222834849707,0.133596437274714,0.638018260673729,0.28582755825485,0.589257249684262,0.182465040781452,-0.905580309098522,0.0194613664911835,1,0.999999999705844,0.00360726607739904,0.302909711410304,0.575486105073086,0.135178099669435,0.809591906558734,0.113996372853214,0.656153733133389,0.131112860157015,0.41283551569955,0.166208133946738,0.870152356046629,0.163222630270744
1.10914838990864,0.149057991005594,0.841959692131398,0.148568973444433,0.484838075272929,0.128628261241685,0.342434462462178,0.198218914924661,0.407461980626647,0.152810236592757,-0.862089173566577,0.0317513506967408,1,0.999999999906363,0.502516546593497,0.329961135382886,0.651718123766271,0.125669230032908,0.730455846632559,0.125679559486728,0.70001729761978,0.152282637699408,0.499735939957025,0.175082500497622,0.450291249430671,0.197419203501324
1.17105094079311,0.127033205460181,0.852561390948714,0.132221953181269,0.449087396952613,0.105068189111532,0.207949372387291,0.131996125730639,0.305593590150646,0.115578599245197,-0.881036241550839,0.023507747841594,1,0.999999999988342,-0.0537321190326112,0.278633362136715,0.733104152270163,0.126034733176091,0.66223644060944,0.120319748227199,0.856897630247667,0.114718092317537,0.467208084961413,0.160143064156897,0.839981052118639,0.178221237188047
0.884539684610533,0.126254857860401,1.21857253694139,0.204379597095347,0.454812639946356,0.129026142066312,1.08519415389281,0.491604368775729,0.629626209147747,0.220278404770781,-0.888068637438107,0.0254539733428081,1,0.896216245916002,-0.573464592666767,0.276656540031006,0.817745163846959,0.130349803331643,0.679827311251648,0.130148888407129,0.594737110782977,0.135944881528499,0.594047286655629,0.170098254243125,0.757750775626399,0.190124102303394
0.898443611529959,0.138554814967729,1.02184757251967,0.149548647402111,0.455105358621347,0.101534847796036,0.331136207448717,0.174966983922547,0.388203377678099,0.124768444685293,-0.900736422987141,0.0202716106970035,1,0.999999999990789,-0.612126914115051,0.304641644108213,0.58146571939051,0.144485388762711,0.806916561420937,0.109886028611966,0.64871146130776,0.117878831562351,0.543295245969473,0.147118737049753,0.487427507849103,0.188043213719756
1.03018101811553,0.142768793507691,0.997419752335239,0.151101113110415,0.463361896977957,0.10969015443632,0.369265224218645,0.247723306306661,0.399380382875309,0.12693709240204,-0.902094331056361,0.0200756903860479,1,0.965511309171377,-0.30516309535853,0.292343577702962,0.946643360794145,0.115903892576123,0.695426169766788,0.121225972470368,0.606983904824823,0.136422128183757,0.671368269518179,0.156169657027836,0.951895380077473,0.164656319819829
0.960344746208727,0.13096332206987,1.00257139217218,0.148060627991013,0.514036052931586,0.116644109090951,0.377929821510971,0.284304497329349,0.440759543340104,0.157691972778918,-0.891352762934146,0.0229609709026027,1,0.99999851060117,0.189838835302214,0.315657305715902,0.416010741892906,0.153557549221712,0.508698036567915,0.139629695330337,0.547508783677812,0.134755681634424,0.846861853601645,0.110340661449684,0.863111755231673,0.146955802954742
1.17650016959441,0.182815185618009,1.291280059057,0.192726155845138,0.842191531192147,0.208469908145033,1.19140717525848,0.478867768526567,0.821170473463689,0.257539770374337,-0.91054932314641,0.0194384241952799,1,0.819780879328385,-0.409886944995921,0.381707431340901,0.73495529133602,0.149416789863687,0.874779198606252,0.125623012746076,0.91057135377284,0.133700660588589,0.756588087221734,0.162380521764812,0.909338459575032,0.185997380547799
0.661680829152465,0.11052965578764,0.934440371460572,0.136320857297556,0.435533714684794,0.0949010229611535,0.552575331819333,0.277793925738012,0.49057638231701,0.152373282303517,-0.842181214909246,0.0276877611755237,1,0.999999999951775,-0.428731915315335,0.274070502512807,0.572346049745987,0.128477968647197,0.523770535445641,0.118300526212006,0.372687508042564,0.126698423025671,0.515311725849922,0.131599777939222,0.578911323049028,0.166959113031783
0.723257056483646,0.114114923922624,0.706479856282467,0.135459512182177,0.387283152796981,0.105559364420308,0.373511380759931,0.240164501206812,0.380334938108798,0.154598634863727,-0.888988554862707,0.0276367460916658,1,0.999999999999875,-0.338287388425763,0.3177411933769,0.549624632392584,0.144609119928977,0.798643429450002,0.134389974291447,0.378465640809046,0.165090762075093,0.244554880108224,0.200060573888903,0.910230722403514,0.143265854130672
1.09458987470645,0.167358361621535,1.26980375662102,0.217930200650624,0.505672703744557,0.144980225339235,0.654699300824336,0.367049444697694,0.403749923466042,0.184916285121812,-0.911402025631301,0.0218036529094485,1,0.701708534981395,0.472893804916325,0.390903393682951,0.436471263850115,0.174240502890166,0.887920933614973,0.128933261530621,0.699883603630956,0.153371891556066,0.710215358123584,0.165116583768933,0.766553170688985,0.189991905685864
0.74229779996298,0.11135625550319,0.785237131090175,0.143303590926935,0.311393430646461,0.0743083219197785,0.337496984670305,0.193729122721683,0.324182577998361,0.114598700187447,-0.876933093808038,0.0260240881343336,1,0.999999999944531,0.0222170892568456,0.280670316364247,0.650260924993481,0.123253724510512,0.578369206987996,0.116073503360369,0.540307542292643,0.137168543065766,0.618836136437476,0.154267818559185,0.428166348392561,0.195902158424188
1.09035431802743,0.146644949165363,1.11682041992835,0.187775332012912,0.50517435474357,0.130559105315997,0.582487624486647,0.357005576371053,0.333566974556943,0.154646403098026,-0.873176727339289,0.0292700172751078,1,0.614920606458109,0.105129284780938,0.325740386050041,0.756376457817493,0.144629472724508,0.612256136710599,0.152121285906524,0.808554942880037,0.141758262054745,0.77247380510363,0.152384273770037,0.487091943282542,0.212566679914692
0.911519000929969,0.128626471342339,0.962391354080738,0.158082404544066,0.381686663351041,0.100725435438782,0.462824597586792,0.27601842003823,0.364731678831027,0.139931259065883,-0.911154529460996,0.0217180776635418,1,0.867784276619014,-0.422678125831779,0.287070809592579,0.741052390587406,0.14116223470575,0.658861821529046,0.129824554552063,0.685307013332714,0.141573576971276,0.72385652461413,0.142869438775542,0.865659000627362,0.16790382517618
0.745638396935378,0.120543008899876,0.990417283833346,0.154904679459504,0.552834539168433,0.141393828928265,0.421664299508779,0.225743934608489,0.482815273890947,0.164517854403018,-0.891929702789503,0.0224080506788095,1,0.9999999999993,-0.696115239811774,0.265693157866655,0.690459293207865,0.119333766965178,0.713718994429606,0.120899889136428,0.662342868406431,0.152159690485619,0.608260909698446,0.170435154905816,0.817215288062631,0.195584101987545
0.907482572990209,0.16096322429444,0.934281487655871,0.210766370652485,0.854737905702083,0.239261063299918,0.812991379869613,0.461077900862215,0.724397153727377,0.269781385550236,-0.91261633671275,0.0214489134046183,1,0.868995010049946,-0.663689459976642,0.343422104117395,0.740560986645375,0.154642501866236,0.846291038462376,0.13229175114343,0.944687199301566,0.145608624529798,0.602011754728613,0.175482421664909,0.772477676038182,0.197408768048138
1.0758675361238,0.145939519954788,1.19221997832607,0.166421953734284,0.551755193957888,0.123925354967061,0.613169155638276,0.256235307090882,0.581652186789052,0.167282572739195,-0.886890788298456,0.0242836435126934,1,0.99999999999748,-0.160049518393464,0.296945996460156,0.847669813348712,0.113298242707979,0.67072991560719,0.115438347574076,0.756198922801905,0.137117886707013,0.509306672254942,0.150368759576134,0.529313414380658,0.192070681609603
0.855074972999435,0.134921206369087,0.980298979269354,0.165515868709797,0.628580621028285,0.169350174017726,0.764023408494205,0.336494841968556,0.607174097271241,0.190787237774122,-0.895751631694638,0.0250315742867996,1,0.876151904838784,-0.149413742152439,0.282252053088796,0.713956090472544,0.13791629927014,0.555862495661075,0.139689860680164,0.688708929340529,0.126069740752983,0.662302083155565,0.176108669785656,0.313910162184035,0.235931220813211
0.666469865933478,0.107659031919324,0.764217172151556,0.151641763144624,0.398829406943085,0.0937797108631474,0.498135557629343,0.258589063207092,0.445725373977984,0.150806418204055,-0.877309387791045,0.0252044431892091,1,0.999999999952788,-0.246905581214912,0.263218213377671,0.744459672025094,0.117647960141077,0.486249920182184,0.124434783998963,0.701298723210014,0.133241926588973,0.863223280639875,0.166577872514065,0.617390287486058,0.197638751815275
1.08706096167467,0.139612134318554,1.37409094395211,0.163065491504928,0.435678841663712,0.107604335280727,0.481492061892679,0.361889659795497,0.403517845059273,0.163636939132557,-0.872226794243976,0.0278027264372722,1,0.881018331937006,-0.430579544885241,0.339009951213836,0.797223970945489,0.135114042674505,0.74029377341026,0.128193375073769,0.397634434626588,0.152198634378778,0.676805182717969,0.143948295695126,0.576928764478301,0.172987293224833
0.976499534076928,0.138170550019497,1.13625929320833,0.182031097329674,0.571436192525001,0.146687086116206,0.40318383009384,0.338250185969602,0.479993315485191,0.187266511633724,-0.889954234420773,0.0238859847146582,1,0.999999457784809,0.0290015614513437,0.305887916056979,0.569146662042689,0.13895350989615,0.686891776909615,0.128408728362862,0.651227886106069,0.126226832473383,0.536281195884929,0.191553290013694,0.330117244790922,0.216186105562164
0.77376493780462,0.143243692985039,0.851952085287137,0.147302429251905,0.644065153771936,0.156088460463244,0.46129341616116,0.240558560054299,0.545071568708002,0.183684747969507,-0.902566198966743,0.0213042329421624,1,0.99999999999997,-0.354033722431288,0.330145637772738,0.619160522257227,0.126145166733731,0.600389553826028,0.130465169778475,0.618848400416853,0.135591563976095,0.634622109807353,0.158273250947326,0.56996938565073,0.190097495020062
0.829066444679203,0.138215382784913,0.977392791287458,0.18663385985885,0.576764810119027,0.144153344972128,0.780097650128354,0.399991181162025,0.587072093281445,0.216737751742421,-0.88946803369963,0.0256293006185856,1,0.875220686720178,-0.45666467573897,0.345258353885161,0.607138094411178,0.149821622237763,0.781599438018014,0.13004401074192,0.553833509562125,0.123440846184119,0.652346605580071,0.148535002834784,0.680453523554086,0.174300667105866
0.850784625454551,0.123547097056315,0.932315161772106,0.139870176523068,0.40295182906295,0.10091144023498,0.225486072341757,0.204034321698338,0.212271212542823,0.122494068025451,-0.888700955231271,0.0218349815931958,1,0.704214031328423,-0.101100877062136,0.304464092645604,0.67146336497293,0.129672445071746,0.526235131165273,0.128362406516881,0.747995748022526,0.115107093951065,0.549287598951334,0.175820720144596,0.4461745927297,0.184305720287222
1.09142683172925,0.168154323078587,0.901954637489641,0.180142080721917,0.888121187700068,0.204768497788438,1.24717953007708,0.552677519546465,1.0124012337338,0.302160559407902,-0.883693191252983,0.0290522688572596,1,0.961949034588714,0.161971822116734,0.327516348396471,0.618987339538197,0.143038850267488,0.810433026531964,0.136749565620566,0.930734949693062,0.110867423125226,0.769352945593156,0.164022546639375,0.817630425544068,0.217330374947083
0.879109626162793,0.1391086888124,0.872899844483587,0.166476287285233,0.631371754101962,0.152806918991545,0.502473966192201,0.285322374754011,0.563247609232383,0.201640449285912,-0.910279552116253,0.0207115056429452,1,0.999999999811905,-0.276158820565616,0.332531428375515,0.705715837951117,0.122028123243246,0.751999348559125,0.111416458326754,0.786616710143844,0.139343553173598,0.826085500237507,0.162999476505288,0.800305115928502,0.177007424469836
0.904544943618299,0.139670063663314,0.948447864162886,0.147537578660855,0.663190317815248,0.142047852755951,0.585023547567528,0.316414826510237,0.60147036951688,0.18989198759707,-0.86548299020378,0.0278452092417579,1,0.965624942558416,-0.179985157881043,0.336821030425498,0.639159856748537,0.136412430332733,0.777158474226446,0.125138195915608,0.584070913419465,0.133717840161352,0.650998585294243,0.138548879959065,0.377563648974645,0.198583010935772
1.1526370473595,0.158610575929074,0.816698965822591,0.169019128906865,0.611239821807785,0.154831084178857,0.757446821303526,0.321396259708906,0.680427556816598,0.203334025731882,-0.892878824388674,0.0229920414351912,1,0.999999999992402,0.403157531230532,0.39396128360303,0.791718647596624,0.134691746046007,0.725106568936875,0.135465780652787,0.669882924701245,0.136183705268923,0.779291015664586,0.148851737186411,0.688021172243615,0.170213017598047
1.12134823644361,0.155816729545119,1.18875987311442,0.172026988332957,0.551466413482788,0.13821476083998,0.59522448695756,0.308676567845797,0.52849252416593,0.178196818550294,-0.874117377229561,0.0294716662451067,1,0.922441684097334,0.070574042960491,0.349065069216407,0.82800219704547,0.127403295374692,0.706089862947246,0.131607405697208,0.734059349178753,0.137296265328113,0.585525036756624,0.166824321106629,1.12576443134478,0.164042363366282
1.21708722543655,0.159908672799934,1.31484939635989,0.18353334144492,0.756989021096807,0.153642478599334,1.01776225050457,0.444657198491206,0.849233150808996,0.229296811575137,-0.933606752105271,0.0144198588024494,1,0.967517834748894,0.232121031413063,0.398196142728064,0.52017199157227,0.159692409127348,1.04141017088219,0.104423724830985,0.695441911641109,0.123793626455094,0.950221514419658,0.12900051907633,1.01366873831661,0.15402148645222
0.857403876332122,0.164699827474828,1.38900462817587,0.210559661097264,0.803746985959181,0.205882544126752,0.700895088128261,0.358172939256967,0.422845922681022,0.218585851143785,-0.91868712513672,0.0182054792617686,1,0.563372910519098,-0.918106826220151,0.483390481557959,1.0223395054672,0.111904004789863,0.675053185846358,0.144064306339649,0.824904358296747,0.144973025502013,0.933842050225699,0.158765820017666,1.045025494717,0.164711261578359
1.06663930117098,0.173788653616679,1.07186364618859,0.191809377973626,0.740381279257347,0.220167453343398,1.02126061905793,0.494715623706584,0.732222484547074,0.253438152803486,-0.920912494959409,0.020872871237118,1,0.842067786402896,-0.23462118359182,0.34731745650925,0.730200199612174,0.148782222112336,0.915427487911329,0.150838122728475,0.81252845075804,0.165732370949158,0.295280385380762,0.203716317366435,1.01648973865177,0.184253977890768
0.781446009278901,0.127356096188924,0.783861161530581,0.125614659443595,0.524352335395681,0.119286341082858,0.339121829190557,0.158554972640964,0.421686285192818,0.126891464573595,-0.870445512856145,0.0286680220330945,1,0.999999999999985,-0.323449385971413,0.311271732574297,0.666948543804685,0.126022140003966,0.612020406015113,0.114153553600681,0.591748143808335,0.129256236494027,0.692201474016347,0.141298682671504,0.490123535503693,0.195136985391417
1.14792620468103,0.180341665238066,1.18082207005342,0.204178987071285,0.530799146852814,0.159129331143306,0.733001242343283,0.396374574108344,0.348621360284167,0.179689869165183,-0.921525706304024,0.0204043194655091,1,0.558903114440266,0.161480417306001,0.366984115833309,0.721686817852649,0.144559871241111,0.796616979050841,0.15396085959977,0.859174228084341,0.14950082456981,0.676225384963869,0.184567627899874,0.898858701443595,0.196291906357928
0.912788152779666,0.159641013552073,0.831588911959789,0.145180619752677,0.574660113069205,0.146670563813516,0.44703144888865,0.191478338103713,0.506844298519786,0.153165142437373,-0.879969666584951,0.0269425916588897,1,0.999999999957515,-0.214857884889331,0.321288038855825,0.754423957447728,0.131442191974813,0.629504217070914,0.132087079094398,0.673610686032415,0.142476274528894,0.472826059158133,0.153588958066236,0.558202993134247,0.19683987749741
1.04547719893938,0.142955849633193,1.11450087573501,0.183165318967676,0.68470758924655,0.151680739364862,1.13621601391839,0.495883410596304,0.727732368603231,0.216216532217327,-0.904935515178747,0.020404956615975,1,0.825065957675279,-0.370293040180997,0.278580541915242,1.03101709324079,0.107054146369049,0.726461506993099,0.128265327922439,0.694328949142582,0.149955809287784,0.786668958644175,0.158363980373564,0.59753527722676,0.1843160343684
0.868518025700921,0.156193801781383,1.02828869060343,0.182582975083146,0.800508135764117,0.201538840026354,1.22410162391704,0.529070282366852,0.948911456587773,0.292941567046543,-0.891957644962066,0.0239642567700338,1,0.958592613046715,0.0117199521781681,0.306636340902858,0.45258723311798,0.140840267359151,0.802996514079708,0.135829420983632,0.766623605416044,0.153454159994085,0.810854704416276,0.161290685351129,0.560719657455689,0.228015329415078
0.943942298184529,0.150430978875357,0.9325098706705,0.153337654653302,0.645524090201987,0.166475056372987,0.417904240552789,0.205237483658164,0.423216898318791,0.16665085829764,-0.920805141924167,0.0177392698332551,1,0.814832577161497,-0.0107544656755085,0.333552823559463,0.751446945323917,0.129296065419063,0.818687119493791,0.116241093794675,0.681840342472599,0.128285697208762,0.587121037014295,0.172964071108984,0.787712668517461,0.185942737093722
0.973783724571128,0.135528869359925,0.935194558271357,0.161433879250045,0.41862382840558,0.106635381284735,0.515672783418043,0.238984611787797,0.464621259516011,0.147046994846532,-0.88193737391373,0.0261477873158756,1,0.999999999988933,-0.182595441556902,0.316043298267386,0.658505970738817,0.13251175146104,0.636888111284853,0.132284136497054,0.687778623885166,0.134889594359334,0.322516608271062,0.175953757077075,0.493483311311582,0.186162888244249
0.961618623375992,0.134377087723145,1.06516495983019,0.146814248753271,0.593229296881704,0.151853779088933,0.253328646403167,0.190351711624701,0.387662191577058,0.167951996898137,-0.913871882836573,0.0202299550064071,1,0.999999999975325,-0.0284108685072274,0.308767209146612,0.674008983483001,0.140744503395206,0.74140450229741,0.13030580675806,0.869209182053656,0.136955954050736,0.492782408237079,0.168360839682479,0.863374914642627,0.171804599700431
0.90681048104809,0.130420543883345,1.03433710969035,0.153274419527267,0.418346149057487,0.0968020905116858,0.45819841586298,0.241429794392195,0.398861070036794,0.135625959631991,-0.901326475742651,0.0231694081372303,1,0.911018026512719,-0.156213083574175,0.333004928399799,0.654745257998124,0.143560053657755,0.548704922680932,0.141293030512852,0.543800760091033,0.140946528450989,0.6514174242221,0.141131153482335,0.686370487132521,0.137213292635629
1.08315715221114,0.190523938503072,1.25701976708897,0.226015897619625,0.789786775691458,0.246884079955473,0.663098383665106,0.352104461424805,0.595674409455558,0.253398971838535,-0.935994654639907,0.0185959380236404,1,0.823123554249972,-0.179791169248911,0.376004907847579,0.792890249876955,0.168625994597874,0.932345210339958,0.165523253019776,0.713669821400679,0.194132259889081,0.473808834074956,0.196111041992019,0.693266973479388,0.198981169655063
1.07774102330781,0.160355533668613,0.901591438655436,0.159165948570492,0.592572572514164,0.160996243189873,0.614731670266098,0.407750662801222,0.554856288097574,0.215777893684596,-0.919020404005522,0.0195839686374697,1,0.919320501113252,0.353039470690817,0.431053972808351,0.501600484313413,0.163554822751901,0.758618796298169,0.141657609923912,0.813279800828986,0.142485643541691,0.686285598372752,0.166581742819373,0.599372929850467,0.230041178755876
0.982340531900432,0.120915559311195,1.04686306658367,0.164513801635277,0.516611005860077,0.127882609405827,0.445800468272786,0.218704661346298,0.380219416714998,0.15539326679199,-0.908082276132893,0.0204006430554244,1,0.792286405354707,-0.252830968548634,0.331824918570267,0.513208749939289,0.145351712650313,0.835638446782343,0.118565442039691,0.640479937494055,0.128284671535629,0.831932274855647,0.144524206232729,0.756001472861837,0.163547947065607
1.06420387614466,0.134718357059071,1.00555899400113,0.161962492161411,0.482813780810536,0.12308174943558,0.309852833889849,0.233722409913763,0.385924915215596,0.158578049154726,-0.887562400406306,0.0258156167601155,1,0.997781052036392,0.0417257177637129,0.293455006662418,0.731687012441314,0.135381617361744,0.743732047568867,0.12489967623507,0.295942752340108,0.169261325107186,0.649477780482397,0.158612634794138,0.695966426143488,0.176232741980094
1.03262200418972,0.149206880547095,1.04293877072768,0.167127939258202,0.695310483791655,0.168708182611691,0.984156872899646,0.365875344274182,0.827221005186938,0.228484060812988,-0.883174687192286,0.0292034466621214,1,0.99999999999982,0.0372038116742539,0.343604839564126,0.664842516821542,0.147069378690594,0.945403577507054,0.124066895455167,0.600345759262846,0.139841720813995,0.747783721904172,0.143725574226784,1.03416996011674,0.178282272919001
1.19739556230774,0.164844627888279,1.27367749569061,0.190755165233858,0.568336461983215,0.138115647125977,0.612733438418648,0.365521686982095,0.493558553615218,0.175140742152499,-0.909166831026254,0.0194516309648874,1,0.836373246555298,-0.0909275099287105,0.367261440267903,0.684563210303609,0.147614948026587,0.666046540489453,0.146007754695042,0.834454715702176,0.118598234957118,0.609052990807468,0.148066579120721,0.976795302227779,0.163864343629914
0.874204613414159,0.147726722298834,1.19641594111404,0.199763479372485,0.500215622901169,0.136058826435022,0.755233177907583,0.430111605840122,0.413510042148344,0.170511201018687,-0.90311502118441,0.0232411622389262,1,0.672770445452713,0.145670301658324,0.367357196723632,0.668777294266841,0.13496881175258,0.733796147251754,0.141981000400646,0.519867901092315,0.145717830803657,0.535611337060843,0.164607107174336,0.643691325898114,0.19637343814962
0.645011722001874,0.121589078493978,0.645566526826341,0.154530340307375,0.649889363333798,0.16761027180539,0.57561001509597,0.320477804698554,0.606469982760047,0.208982859275302,-0.896045889808172,0.0223713869020174,1,0.991574672094128,-0.603386393488135,0.292115350386195,0.776373072973197,0.115101647393297,0.684927663586778,0.126299200238571,0.797517743438451,0.144112446649246,0.471316534441922,0.210335783896135,0.805702523787838,0.227353524888817
1.10877370728955,0.142037519461462,0.823844316258163,0.173706404267192,0.609038111820622,0.139978237825059,0.976289719137861,0.472096259406038,0.654818138598018,0.1972204254527,-0.903178483517719,0.0188831830223052,1,0.849198283768807,-0.158433831540221,0.372092600409799,0.743021033361484,0.117912029961352,0.874263203778228,0.104288327177304,0.662297355595975,0.130296177411013,0.674533014127888,0.157759882577105,0.842446366589721,0.178861450614769
0.740613797364015,0.136561025478605,0.878724633895627,0.167163342828325,0.582503576682075,0.156739559628425,0.682650562220574,0.337609651282888,0.543652212769465,0.181133519157103,-0.883282958019982,0.0265014296182051,1,0.862129757817196,0.0440295578043894,0.269814637277095,0.619650949517643,0.138909690388431,0.622867573976262,0.143342913973998,0.711563775427427,0.141133164195441,0.854241340038596,0.184164118893336,0.700977004782657,0.201271625218832
0.883871922444584,0.128580250866068,1.14489991959252,0.126202034379326,0.550750033749544,0.127801586965922,0.307886128759981,0.224607922594913,0.377348147767515,0.128534062864873,-0.875194544063758,0.0271244600375733,1,0.916367957458209,-0.205333742327305,0.273550394373947,0.800613473441238,0.113003019163759,0.690560219805284,0.129816091554545,0.581309270698691,0.135577784528548,0.729647090080066,0.144015565195187,0.592317561910286,0.209668057733409
0.829084451849814,0.144726676646146,1.04965544888406,0.167900907635722,0.630521232847829,0.163805427755126,0.538732723739709,0.269133993896588,0.582822804226986,0.198777727795286,-0.90475162540209,0.0212714783748966,1,0.999999999969349,-0.717736951785484,0.346757003957309,0.789719397507564,0.140007188058915,0.800187864280841,0.130377990521945,0.306103875457471,0.158090834973414,0.750571555026679,0.14991478171389,0.398048618876743,0.193291520305672
1.0021011013814,0.12902816692878,0.822239545367915,0.156956454138098,0.586006053789952,0.139090240272476,0.427929751316805,0.248167006701067,0.500768833698036,0.183306439401008,-0.895437768946801,0.0216948116443166,1,0.999999999870029,0.213682994767251,0.293117888342392,0.524100689211242,0.118736563871087,0.618751999329698,0.130630479482175,0.773839695763193,0.132713972106492,0.682953608458311,0.152070949386129,0.570079633046095,0.194901817088723
0.958222637713029,0.123879822041531,1.16440581861742,0.138644562914542,0.414345608116034,0.101910754792571,0.0320628658802227,0.119186259293439,0.0531771099682094,0.0964736623523655,-0.888547976330875,0.02237477535104,1,0.461362393826783,-0.142300471694827,0.299128779605975,0.765328588916577,0.114060228368316,0.647201846201319,0.123168780534604,0.50865588745914,0.135511551467745,0.733875293606141,0.146335289203188,0.62522343370185,0.168685806532425
1.12980092413313,0.13503763409741,0.951585690434856,0.158161440548282,0.382107416555394,0.0847478982785883,0.370004665159428,0.217250059473708,0.376007349286511,0.13649426326894,-0.876649319661952,0.0250945000989158,1,0.999999999999844,0.732668734997768,0.317437352325685,0.517473665397029,0.13887158918347,0.470190280913125,0.144562388335155,0.630521728057866,0.127391511962321,0.776237480560182,0.130165937966804,0.509894428016509,0.148226164609477
0.931537681695244,0.142324526934905,1.17841209407656,0.19820065324053,0.721630529921392,0.170366087301562,1.07335399088926,0.466968536291477,0.73139575196702,0.227129574228039,-0.907393112990224,0.0183708045854463,1,0.831043001674256,-0.38221519694855,0.345243432766493,0.647051057213384,0.152386540516608,0.732198405849407,0.144204541173615,0.666349267956812,0.143240984561512,0.755102588968384,0.131731015445337,0.774590598012822,0.137498677360233
0.897049265383381,0.111836740585091,1.01494335144768,0.134837294857654,0.505111458896061,0.100435814792807,0.278442440041102,0.141596011766662,0.317193989276866,0.106139451629871,-0.904911339245627,0.0174232469510326,1,0.845792097427741,-0.301256015092637,0.273326924826019,0.575804758167758,0.121061587436701,0.79956895480817,0.097620018860209,0.801526386473393,0.109286467690021,0.767826905026929,0.144143204150709,0.342477056057276,0.227163811044243
0.991628926517623,0.127505401555924,0.970907136030214,0.149890057641639,0.354229304298681,0.0929132490751293,0.111119709421989,0.11828854552154,0.198398229217483,0.116419114474612,-0.910219505677391,0.0204455589312399,1,0.999999999926453,-0.482797471266105,0.323547164393851,0.827573204360641,0.123643799870963,0.699437159750202,0.107667602184507,0.564943200451086,0.145260872192425,0.638506772927115,0.15909402889466,0.574607625855358,0.195853582019417
0.940799160168605,0.126184107248186,1.09061340463255,0.148412714498902,0.393702475077991,0.0958582491129627,0.152795380685107,0.154426755637195,0.245267036883734,0.137118350911984,-0.914361674776473,0.018010091897185,1,0.999999998549739,0.285190794332845,0.364791592697441,0.416599989479198,0.155736115753968,0.709278445349888,0.118186991176546,0.777667866270749,0.120106590770344,0.487239696525084,0.171664642400615,0.688196695864984,0.178845517754753
0.898046620703627,0.167105048476314,0.942019699709333,0.187631007208831,0.677409533429652,0.186939424812088,0.72887907072617,0.347082375913867,0.488217190764428,0.218238887902268,-0.921464326925916,0.0201258970004861,1,0.694799784849084,-0.376257889298398,0.333089158422953,0.860424267609293,0.13196323899318,0.749495779300256,0.136766554779025,0.775706682151802,0.161342164548919,0.470383408508172,0.194466323660769,0.416447269632969,0.228764246722466
0.921117034087805,0.12603259683596,0.788031589306765,0.147985409014911,0.486911672689495,0.111215695600272,0.634838781694588,0.30798553292246,0.475571445478672,0.147668592383886,-0.891477192809051,0.0225015535757689,1,0.855379726649745,0.251109139285039,0.320273051734826,0.329538748120979,0.149709897984118,0.632949125112669,0.127335348690783,0.704763577740716,0.118644525579895,0.625312749000889,0.134215017408944,0.759928994839329,0.153463243768455
0.864970526462366,0.117858855397681,1.12221869626318,0.153180880636649,0.515558856639079,0.118458691284619,0.66401537841605,0.277645166403569,0.563816787426123,0.169126574873813,-0.874833298082821,0.0251054229456521,1,0.963628881284758,-0.537047486872749,0.261153942812293,0.671039281442785,0.109732591206015,0.619811146278159,0.116745503013449,0.607287240342365,0.124909091451412,0.712094754059127,0.122798597048822,0.847402806462542,0.150243667158682
1.11091613780756,0.13922039557075,0.962262241217663,0.208398315068708,0.569885317162141,0.153204562632789,1.15993758283316,0.463438773248681,0.813038373805802,0.248148703837702,-0.915300561744816,0.0197375758518167,1,0.999999999999713,0.368316077194174,0.290596877926675,0.662327570420976,0.139907404737174,0.611668011520421,0.136611737339241,0.699261576959927,0.153688657717717,0.816842460477462,0.158570146581867,0.741076736338013,0.177983193348565
1.01862695387762,0.179725616706308,1.13982266787986,0.210907438105936,0.855982969496349,0.22378885530723,0.85591891520295,0.502640106302499,0.820747429763736,0.28888999474233,-0.921262507316745,0.0179038290719821,1,0.958872044798806,-0.18169084007768,0.40528772890133,0.834829416439664,0.120555524973587,0.712729888925561,0.131329481701442,1.00585521335938,0.144922453530196,0.571895477131527,0.186802121886379,0.854819116466622,0.171103307913441
1.1989535173014,0.162839199878255,1.08132839303767,0.18297411515395,0.555469645533637,0.166631186443769,0.572705908903712,0.263940275028955,0.47696070849439,0.165349016764877,-0.905126267206456,0.0243960733606875,1,0.845642119763791,0.598993716365716,0.335341464127086,0.559384355300968,0.155839538612148,0.762992429769956,0.134766269901351,0.85696110934037,0.158257397237489,0.705360916422455,0.177455888694798,0.806557343336994,0.196447498846537
0.829847266027825,0.127744276331866,0.630522691478922,0.142762901835139,0.389541473598392,0.10125082071483,0.199977816292803,0.188428431867301,0.273493651882386,0.127803006335609,-0.885938094835838,0.0271060047889188,1,0.979894879034725,-0.0354721185561636,0.312347651023428,0.549784211916587,0.132727517885337,0.784647264494562,0.129540470317772,0.261753513937109,0.16560159261036,0.716804211653481,0.139608592396934,0.555250168046247,0.187190261976139
0.785961623197982,0.121795834875597,1.35182265007161,0.164816759740342,0.467147300452359,0.122004886612237,0.357367480096015,0.227170108258989,0.370114383716033,0.158292944556358,-0.882070872030759,0.0260396489976781,1,0.905840067578111,-0.768734174624342,0.36777280499871,0.85821923396815,0.127286429873726,0.729454813181102,0.115900216968924,0.554328020337368,0.146285752034739,0.645679316786975,0.152496758639202,0.568935988575352,0.177250170015603
1.08597162368948,0.14089211689517,1.26927021904129,0.197455812845011,0.539938789767156,0.145341570499708,0.645763708713693,0.377585868294214,0.590485288011253,0.226699978507907,-0.869962410538454,0.0304278751354149,1,0.999999999999011,0.0921710702930409,0.30113622653665,0.618674206590053,0.135568957449586,0.518339539051865,0.14064953020808,0.670807828440384,0.132526786445053,0.644518433421265,0.166460910251471,0.494387718270802,0.217637349789785
1.09967969828994,0.163437087412207,1.13158682217588,0.185048808580451,0.557372564109572,0.146051090600521,0.653250228676188,0.338847335436511,0.348373870717338,0.192622266752297,-0.906589610062018,0.0235316061859145,1,0.577341790866012,-0.137319784990888,0.346585724354891,0.520660380790522,0.17198670475857,0.897612293653038,0.125889636616314,0.682042653021415,0.141304069357032,0.662177440098114,0.16305385279804,0.96899568014359,0.171012580531559
0.98256608030857,0.13489458840315,1.19771689441683,0.162955747994154,0.617266642863555,0.146556341207832,0.555477305470449,0.290856644372769,0.585557520761744,0.183752430360514,-0.895495997191162,0.0217533546770238,1,0.999999997938044,-0.216014932540087,0.393318677239334,0.74348696818752,0.136790415380072,0.716758299416071,0.129826414006953,0.646238812734482,0.145851422653601,0.863965571719617,0.135492448864459,0.580793310528901,0.176880537960905
1.090494323478,0.140302617065624,0.970197867735077,0.18981637075847,0.384250292446357,0.105365240645985,0.426726582649237,0.30113687414854,0.391243240087143,0.136618300403649,-0.885692446508755,0.0278256245316908,1,0.966195242296152,0.286388954197219,0.309121499218525,0.821122776565936,0.135469162104442,0.468069923184878,0.152309581857076,0.44428789429939,0.155894527369213,0.583687948584602,0.160404198910653,0.502972903672634,0.161912046536476
1.13196752507402,0.141863511445103,1.07362113809811,0.159809367495439,0.65369821955991,0.165859453690051,0.52901878887468,0.271683982414594,0.588063453040653,0.195337364827974,-0.910279948067448,0.0190476233068627,1,0.999999977446239,-0.313950266620219,0.307057405861986,0.776890747568255,0.139782756397308,0.635324721579284,0.130836667329897,0.801967714761892,0.104870289897196,0.700346579054052,0.162620361184377,0.788175574422717,0.17253785836427
1.0690447167046,0.146963573607558,0.829658070313189,0.181933248054003,0.622362595950315,0.150612310117147,0.990001509089966,0.459318252571261,0.597890161203875,0.217714557686339,-0.871317082972315,0.0243394981935012,1,0.761696108292422,0.385550979349523,0.301524134235275,0.673862437980683,0.129236745373592,0.640923666345208,0.144127271622802,0.658600271873107,0.157621419067569,0.702444729317351,0.143538800449036,0.885282417797179,0.155938883145719
1.25324768162008,0.144892143123544,1.18685952608129,0.184639520814103,0.566463534788038,0.136464863432711,0.620230434747242,0.290654204566783,0.577510763991435,0.187338120389694,-0.883883462786231,0.0229887274824871,1,0.974310914371419,0.256743837492124,0.274527295103001,0.758012351721417,0.102178596949333,0.820481246090415,0.121504992557374,0.654925230702495,0.139981871384188,1.00671865743628,0.143746547142631,0.698939646472374,0.187332523479285
0.940628810821468,0.115235936016124,1.16253938016074,0.169816790527058,0.582635766569735,0.119226041088817,1.05420958747016,0.382545104317318,0.783722024127767,0.203635421386625,-0.90152871087335,0.0182348397438532,1,0.999999999985417,-0.351108759786688,0.302676150515837,0.811690693518779,0.107116345674972,0.506669963507339,0.122392928948044,0.695954482205047,0.100515314261797,1.00546730934958,0.135112798647651,0.588571231983813,0.202553288845398
1.02632279141615,0.125406884211586,1.04542348363622,0.16173038789554,0.567102084132817,0.141340319650625,0.460239210928511,0.247668428994688,0.510884150974753,0.171819977442818,-0.909374443499223,0.0193030900162417,1,0.999999999999985,-0.250383975285118,0.246363265635294,0.827637828161532,0.134276287214308,0.684554426338045,0.114769048617803,0.905430959422546,0.119889060277645,0.535620295788773,0.162148654880735,0.763634358246717,0.168970000526942
1.13475391431881,0.159673383110394,0.982908962591239,0.194572867573832,0.555375735369015,0.158078694034737,0.712086701209256,0.481492805523154,0.560992418176909,0.203578988370487,-0.895759974416769,0.0258896384000787,1,0.892066239384501,0.0467858601776219,0.294652481885819,0.932431602175196,0.139232210771525,0.524704081571818,0.152588691315917,0.696754732151792,0.158102799284091,0.368735053005294,0.200184013421764,0.626490845255602,0.197252994677905
0.882355852127097,0.110295361796965,0.730094924284679,0.119424214775129,0.294849273466669,0.0707867631017568,0.186964045851962,0.107006414213675,0.234789720729651,0.0799506148252839,-0.840594615323994,0.0317566533809707,1,0.999999998879545,0.35700029755111,0.314603410740805,0.607066789480374,0.127845619091317,0.477724621143325,0.124843838178198,0.694262148962645,0.129599772140179,0.554333438972876,0.15935013515093,0.166748654485037,0.21661473677198
0.955009981866293,0.1334097433492,1.03974358054116,0.149257975080331,0.487259297503265,0.116912310864309,0.349140932047034,0.253936946294283,0.375118968052768,0.136682508738873,-0.889978178925942,0.0247918356074779,1,0.909470410994038,-0.246636511627289,0.321709918481223,0.793912140518921,0.123176622384052,0.715321881097338,0.12010040316173,0.819835003376033,0.124567434761737,0.841833431648803,0.171859316768203,0.339352561833423,0.219708833476222
0.892674748234364,0.122876761535046,1.05608172437076,0.140036268712634,0.424428073675909,0.0998627874918883,0.279580848494896,0.207021802542809,0.344473454656524,0.14900099683218,-0.884568853034623,0.025572157828839,1,0.999999999998463,0.348300335000352,0.319392814901822,0.432580947510067,0.140914817345634,0.699370772938158,0.121395069605718,0.470910512664937,0.142758323415433,0.754346458515276,0.133077708118033,0.4602760494007,0.208019525892016
0.805103333381118,0.125488455596176,0.713667151827221,0.13378259444268,0.581582375471337,0.139452004605169,0.400897617555739,0.157050236016716,0.48286125205266,0.129861883592928,-0.891479705834846,0.0218098893143276,1,0.999999999989269,-0.0454643961383207,0.299869973194062,0.488592879381955,0.132291371449443,0.808211033011271,0.12341011180094,0.464949781027199,0.145329883061158,0.752779825821182,0.134368351077281,0.840060219356572,0.188700671599351
1.01074122200379,0.139734718449261,1.01282013311041,0.156142490918718,0.461981923352707,0.108282375225746,0.502271221179145,0.209709259694175,0.481705537396308,0.14445704118572,-0.863329026588036,0.0276549134035908,1,0.999999999899179,0.493637054366686,0.357857226603345,0.28216980902081,0.146848580323977,0.63681278082583,0.126310287738063,0.398275853239948,0.149085017269966,0.844815795047576,0.134014309393996,0.652672146654707,0.157021228046426
1.01084083390616,0.124637738437356,0.822310831709094,0.160723139480757,0.364342311745742,0.09137495727787,0.658329962287147,0.281983913488687,0.442845602411694,0.146116584310833,-0.91067641450911,0.0216336751308877,1,0.904223356500189,0.285614905230429,0.263131171621836,0.871862262212409,0.127229551834503,0.473547116482762,0.137252849324417,0.726079172389956,0.126575806599878,0.494191210553394,0.169391987370171,0.625598133359813,0.201106263807059
0.785564316563746,0.126996686213272,0.710230469825111,0.152469772014998,0.657544574269873,0.151505218148046,0.399569469041075,0.217134252686542,0.512576566389536,0.173180683714989,-0.894279016589569,0.0220841575789394,1,0.999999999999684,0.0389986402583046,0.313510131678213,0.555042901300291,0.136219094495921,0.55664147896557,0.124887150036554,0.5389971460603,0.135047195108837,0.580019167128063,0.1449246011835,0.85752820708801,0.157466739216767
0.856442366336377,0.162771425391567,1.18617194355267,0.216771241607166,0.758777712708561,0.195190717714195,1.28748466887071,0.589521732905805,0.679951573493853,0.25741520581882,-0.909609049738309,0.0206186097186181,1,0.687938582161528,-0.661417076416789,0.373456875670733,0.834847372717943,0.137042336993053,0.722500321244135,0.142071216602486,0.716412013621655,0.138537823348768,0.81097144515942,0.14313324744075,0.668860570390653,0.218768472568392
0.788681973864534,0.117742535766526,0.918033003581526,0.144017031516596,0.412763700232104,0.105499710374003,0.458737059381782,0.217354041635084,0.435143660193246,0.141002849550411,-0.896593996687139,0.0238579733536845,1,0.999999997207173,-0.47564562500775,0.269647180186391,0.616157034809687,0.133564181015327,0.613379284013063,0.12803606272389,0.758397764026927,0.119755981720205,0.775470760548959,0.150608108969825,0.319955510833317,0.244574177935854
1.3352503846509,0.159045479627611,1.31714696059585,0.222207986111278,0.843380957852568,0.214222773105448,1.27151923664964,0.712905571029503,0.913960615006392,0.317708896784767,-0.922581038101438,0.0171473112324639,1,0.882580074061143,0.00956426914101259,0.350493306827508,0.882112483432045,0.143008459907109,0.603879319173393,0.145641506539665,0.879788159280129,0.143690474918889,0.862129330878173,0.162618260240765,0.8410609457089,0.163433226389859
1.01672940430481,0.148440488989897,0.738221857295317,0.184262252390819,0.610041658494569,0.138867215784481,0.794017957024798,0.41474541939659,0.548967346105859,0.213996585471731,-0.930318315714104,0.0167778634817177,1,0.788772214539015,0.11256425798805,0.343119937812154,0.670977968294712,0.143075017949196,0.944033319289612,0.127406057280817,0.589886300569021,0.152767146903534,0.789483847994134,0.140842808790912,0.65393546200976,0.195310058980326
0.960491358406806,0.152556654707211,1.02987585735669,0.162149444258133,0.601111045991688,0.144724835418129,0.53230402647783,0.283769273892539,0.565662293340433,0.192902644539528,-0.901560160606157,0.0219660669413376,1,0.999999999946062,-0.0614772039000171,0.293188620556151,0.598241433598457,0.129215230557152,0.63858388937294,0.126899801340933,0.753679627120493,0.121787255014931,0.629820062221799,0.16029396639531,0.638365714456734,0.205749557994706
0.951781713462412,0.150246908988244,0.890593091163774,0.137178354805893,0.647497846931459,0.151569943760605,0.21262954657349,0.201661949585544,0.369343983319121,0.14001658713092,-0.91555404173947,0.0185038163441032,1,0.99540554989327,-0.0627053390618373,0.340041351064128,0.685686324094368,0.142355424094203,0.60626018541372,0.140387182711543,0.80371426639522,0.124424223340684,0.67177368071806,0.15367213079745,0.938374929604388,0.157632741485764
1.27206467637108,0.17595697994067,1.22984220660869,0.222328869339106,0.598977572622055,0.146616740745783,0.77820806635068,0.330613379268118,0.521428916264581,0.16534407903668,-0.933602011491131,0.0147352814844698,1,0.763733721893238,0.449195140826191,0.373277236391433,0.622697373215799,0.143051814279923,0.64832047751933,0.137634122137446,0.82564746581318,0.12784678064356,0.815160870596343,0.156914149273197,0.742314286088316,0.173505623883186
1.24149595529555,0.148916139834732,1.04202173686389,0.154186603888966,0.551329230447065,0.141001338145838,0.359478718905846,0.213115134973237,0.445186618625612,0.167226281188728,-0.908294238736035,0.0206982469171628,1,0.999999999865911,0.450941293552497,0.330390369515668,0.647999693309166,0.129383420591829,0.762521513788693,0.119020291193449,0.784855686099427,0.137139254206899,0.441721653256808,0.176611675293329,0.884856355206655,0.169878674296335
0.786949813883531,0.129855588876417,0.793605252163619,0.174171789597485,0.506283795848741,0.128958857052793,0.680817103571167,0.390933109759112,0.520739575619214,0.182441104162643,-0.911131833829847,0.0199170482423252,1,0.886968797696505,-0.44755248223744,0.323533085739526,0.486471882870918,0.158052633846774,0.617821386366728,0.130357606076663,0.883748067010488,0.145463185245321,0.553597814360158,0.140684299847452,0.806114963249449,0.189807485477589
0.920088390733022,0.154845170772529,1.15624613231964,0.196110336434712,0.426686430362592,0.112451917861557,0.625284062157962,0.400233958614349,0.464875841052798,0.163709569939925,-0.897907935343017,0.0239452707768253,1,0.900002843975824,0.0985511325398171,0.363163649204711,0.804724729190923,0.13913791334573,0.596669262250915,0.1504110099986,0.627466994079643,0.170571128574121,0.302689011728173,0.195360464145657,0.888448526885263,0.142322918406286
1.19952067493741,0.181556017170466,0.992399820511051,0.191937653466582,0.914851959954119,0.228962747349927,1.04527357728259,0.482415338582811,0.821110465577425,0.296800490198146,-0.955206625206726,0.011306832294249,1,0.839674936206591,-0.277102307883336,0.367598050172961,0.827961254741668,0.116456071943024,0.846776390532662,0.11772671196315,1.00696447726662,0.158439346203108,0.944049819580354,0.159293021179182,0.947017520853442,0.180016703635507
1.2253244412314,0.172269116713403,0.998096649377428,0.205980009721953,0.603648848857899,0.170700590544429,0.610180631018959,0.382630522135142,0.564233589381369,0.221620930392114,-0.920304693744781,0.0203595031183584,1,0.929688672197652,0.322697932388464,0.320067332607929,0.764476323803259,0.15059079153333,0.725980977757066,0.147945658658294,0.820966150056542,0.142573238454833,0.928220087123379,0.164602727303786,0.73284667183754,0.185218833094914
0.88685032724074,0.137091387308047,0.87850720375863,0.177185352304811,0.779203459269858,0.177322180877273,0.636711072226228,0.356524467750355,0.407808093190531,0.19462607970166,-0.885105035069227,0.0231766738800553,1,0.578974189316611,0.347344202544026,0.276023205429102,0.76108191830452,0.116285545014727,0.595523054008962,0.123090613124187,0.728690503530704,0.125401322609781,0.490106573567097,0.175381558589801,0.753557153429644,0.191583885203944
1.21038643278003,0.152494685615869,0.947691256168732,0.159413883289086,0.503421778378578,0.126723693877767,0.516065830926351,0.319018788748097,0.368942703727227,0.157691162461513,-0.877269363127166,0.0273036972015389,1,0.723836324732584,0.733654159242116,0.364530164270642,0.713950004564037,0.121087661998016,0.669546074002389,0.139450364264739,0.801344650635512,0.131938906474553,0.762135160705311,0.161452654675683,0.793018094528458,0.169034677000477
0.999106731151853,0.132839795851605,1.07341041914455,0.161777593824025,0.451383151796062,0.111194107466311,0.487601305872406,0.297259889812796,0.414552690327064,0.137713581879504,-0.897414851244865,0.0205405578056635,1,0.883638511811804,0.0744572372656429,0.305814693395906,0.651541984040538,0.12745458162643,0.721835582531062,0.135529926734577,0.57441193345834,0.151008599875423,0.568160739540419,0.161775861375785,0.884981134885851,0.147462090432108
1.09964139569115,0.146209524419768,1.01780119573857,0.177922864717948,0.431297642712854,0.112901473927873,0.806857284824162,0.512486665159461,0.53954831630603,0.18065820301342,-0.903608337941825,0.0214092000131508,1,0.914625777382781,0.242221532141025,0.352653586222001,0.569589385420457,0.152143184983438,0.778045697326898,0.126464046488601,0.675169359782287,0.144298060306419,0.731617965640711,0.136987349599202,0.440167370024469,0.202428306921964
0.923662415150908,0.16153651483471,1.20229078194611,0.194837417192246,0.76601634360072,0.206139306092649,0.715019571186189,0.338682711232068,0.654274661778836,0.214445027793691,-0.927847187467327,0.0189800519530551,1,0.884060769636479,-0.243261085754625,0.308461687814693,0.851657432132338,0.133286331976105,0.592909069100846,0.150974463999644,0.955316877966452,0.157872136404348,0.658095917108887,0.201747703676151,0.871716362240323,0.198879021512753
1.08368867171764,0.164570706903215,1.07236682020864,0.207047940020564,0.67174747916643,0.17662909340177,1.34697685371297,0.624626263788307,0.801398074898038,0.256804530612487,-0.910076129210624,0.0227802975240379,1,0.842490874944984,-0.0529561123927225,0.310866271366726,0.836180815346774,0.141606140965931,0.798419228542021,0.138498884886248,0.800039425879725,0.151427300154131,0.302436781343909,0.208913018828899,0.834143051728592,0.175171826586357
1.23570973288507,0.18032603679142,1.02310343028636,0.196865548721536,0.742717738693214,0.183993276050931,1.17416657126161,0.553049186353402,0.710284595485217,0.221842571443395,-0.909947069255133,0.0206406628173698,1,0.760598810246545,0.251389836007276,0.370899796925201,0.959541253771372,0.133039688436415,0.995406996644798,0.128130358038058,0.502995844514177,0.164131544243436,0.962390643209089,0.150662170950364,0.742482172005071,0.192256191630049
0.936882424301502,0.14502282979179,1.04197286820076,0.171313955830573,0.695181585598475,0.179432281865302,0.286142500889978,0.173279653329148,0.391565851704898,0.164595077391606,-0.898093473771341,0.0237263792948317,1,0.877939311739263,-0.133339350275633,0.321092719171994,0.675069637857315,0.132573211347353,0.73162447541797,0.131795429857456,0.533655074629213,0.155284877765771,0.802517827299836,0.156884791237707,0.590038614442727,0.194676961627646
0.963032245048008,0.124848526940695,0.899370246306134,0.12751946771637,0.388917891965712,0.0888407922752921,0.208457362163069,0.133401016015382,0.284732853475441,0.103598925818753,-0.904160293941112,0.0190230168021692,1,0.999999999944944,-0.0513929555979509,0.273892949951419,0.695266250077917,0.119024495579515,0.598303462636734,0.116962283510516,0.619617361544472,0.127611945081177,0.659016616507135,0.139054854166186,0.310261389369127,0.199833127895419
1.00263107987559,0.146144668025012,1.17086330532626,0.175642195026111,0.743105752823081,0.186138771620859,0.535644412274172,0.301636972089701,0.63090446101967,0.205987441353319,-0.891638421906783,0.023222412668048,1,0.999999993349978,-0.0270312170450911,0.444613667422325,0.743328637654047,0.15972105832588,0.702487284864043,0.137264097860243,0.667632264974736,0.145253271325672,0.840521702996391,0.139966009931609,0.605008233121299,0.165949899191414
0.951919417982541,0.130691058491173,0.92512605258132,0.15069313143371,0.440395317720705,0.117833300981547,0.350028497102758,0.275870179534735,0.349909783687714,0.131392200079423,-0.863994368384217,0.0309347705324185,1,0.891216129071281,0.352651350457844,0.294868744267939,0.589713051496938,0.128239826794902,0.512858505069552,0.136594747566898,0.635473068090879,0.143839227795195,0.654522844415971,0.153023908230086,0.523939808617484,0.186114061199341
1.09554069844515,0.135410912084031,0.935142816635461,0.138500885968292,0.449525923135901,0.114524780962349,0.369157073847289,0.215624187593018,0.407364301826571,0.15349048044683,-0.881196773604201,0.0252786964426095,1,0.999999999997888,0.563778632066888,0.296427530759495,0.489384864447798,0.141886304602139,0.858272834616921,0.108479844095578,0.445443132997327,0.152174578230992,0.661655437211018,0.158245254302272,0.903429669646618,0.171673463562579
1.18147809430273,0.143516562623108,1.29080761506081,0.192722147839591,0.666378352582376,0.157211267450124,1.07533530499777,0.45332742942039,0.846510584114609,0.248023890810826,-0.910116492796184,0.0195817936010412,1,0.99999999999998,-0.317880650703355,0.352866402157273,0.767793054914425,0.140244490748336,0.962153490669142,0.120505389151183,0.71821631697199,0.132871423494446,0.579007550521656,0.14662675481481,0.861050537964602,0.167676533021628
0.896017231955282,0.135623476166391,0.851918794709332,0.165961590216166,0.457417855061556,0.128675205042632,0.525059628371595,0.336259442455462,0.385065391630079,0.16283454695497,-0.892509923639221,0.0257104630025768,1,0.785730510620457,-0.0333594705094417,0.282364118412299,0.547408654513394,0.1487385609273,0.552840405343043,0.138825258726689,0.722060135381828,0.133232658412959,0.501308914978539,0.189426605356021,0.378082665930616,0.18109756587732
1.00554104098252,0.152018371784913,1.16411467682579,0.180964442298951,0.665282930193013,0.170701418881726,0.206070815804968,0.259853435428093,0.262580345112077,0.189363163510878,-0.921561783100826,0.0184027910921834,1,0.709170692322971,-0.287434590827153,0.314747691416796,0.974675756645499,0.141305407796352,0.526406739875301,0.161572152061188,0.86372425208277,0.132816712401922,0.667331258329859,0.155749834843518,0.692574756832412,0.19118686518239
0.911040507653153,0.118892369573941,0.879953880643644,0.163232690257922,0.383133993190661,0.0879836531738101,0.509666003315723,0.296478794336413,0.390873212594986,0.139912329536833,-0.861535319092314,0.02640509998886,1,0.884540520425222,0.190330069384818,0.333165450578895,0.709569475522315,0.1118784602945,0.499137241895671,0.120941601074969,0.595973994554084,0.13930250324415,0.455686153463998,0.151347250260751,0.701735256066382,0.153551076068267
0.789532397277896,0.126792327254082,0.927033293304577,0.153786235954311,0.426289518289597,0.1067605791792,0.415916277919774,0.2274482785941,0.380188840096368,0.134204027215709,-0.873720014537277,0.026347501848343,1,0.902909200738197,-0.297576473460998,0.290397579961511,0.610132557551463,0.127300328326871,0.814537990222415,0.11052049210855,0.457264458841715,0.14562015535427,0.363130879288295,0.16874079690532,0.789963642506977,0.171569922229967
0.969611804836933,0.13944817666929,0.961432557179385,0.183819214016829,0.473790546003294,0.122220351901065,0.607942626055708,0.362944805449855,0.494489688222028,0.188250704463944,-0.906281821786852,0.021948118115063,1,0.921367197977096,-0.759029748196054,0.311885304992467,0.73079605570931,0.153786083522908,0.879661639075632,0.126813927810643,0.910106012294197,0.118130732215224,0.589443989544654,0.175766663489686,0.147858347878825,0.243146212033651
1.09849226924966,0.118480860124658,0.826086540755764,0.16182641872896,0.377232017478151,0.0879626246881915,0.857921563372686,0.422510080380668,0.520636879415234,0.157623954726868,-0.890431285814978,0.0216944497436956,1,0.915180721876675,0.370737328061607,0.238613920555324,0.485422824498225,0.147417723685339,0.604669861706026,0.118377676480936,0.746060592323245,0.115911287891446,0.649482137223305,0.155745577451703,0.690975499419644,0.153581519933915
1.08881348789264,0.16506495554025,1.07604335128425,0.175688755815016,0.53463475230617,0.150636537652311,0.376102432429812,0.212795284566643,0.38448727899547,0.174902484846192,-0.929660868849308,0.017228550520062,1,0.857433232018623,0.504786624462539,0.371689845784863,0.711707507857867,0.134690945087228,0.66043198838178,0.146466043892434,0.585625904361267,0.16082071379996,0.92483456951087,0.165299353228568,0.728897134002893,0.199633348931884
0.875506824202345,0.125831202385761,0.981469203829171,0.149387593581267,0.463451044776895,0.110224180675509,0.364690686929864,0.189710540191831,0.401965795265126,0.135683678800641,-0.870402250824706,0.0258528057222085,1,0.977743257447315,-0.271407000913921,0.2796626044382,0.619025167009716,0.121851410179015,0.72263235450998,0.112632080750144,0.783589928577946,0.129810509243511,0.697026126921818,0.154068165048725,0.180108119753635,0.21896563678452
1.17707570634033,0.154474562416423,1.16683113734712,0.171501350879782,0.513288408198984,0.123327446238931,0.327762874828876,0.202631708492614,0.410166898086143,0.15630070717343,-0.906894310853395,0.0203609018637372,1,0.999999999993971,0.817718315854782,0.357385911319228,0.551772993279725,0.145696400876304,0.56240902456362,0.140561189201917,1.03522724544696,0.103897324747355,0.391200468171751,0.173526945469632,0.823601651714372,0.16419874230321
1.07694198012594,0.124219579523444,0.902242316041711,0.144273797123132,0.294158992686814,0.0716615731946062,0.423903226069898,0.207408447084113,0.353121715502523,0.113354032004488,-0.870826460055341,0.0281010463022676,1,0.999999999927955,0.808969348579828,0.312884717331533,0.465365633981081,0.13518016385762,0.668730917536268,0.119920885514996,0.674250851167068,0.136474401174215,0.181295005569328,0.170697746941625,0.665370942295916,0.1654584028059
1.1146410705438,0.14759825723614,1.19148058613452,0.184535817268413,0.836117526239941,0.186786241751193,0.888232042762987,0.519421559577179,0.821742540907878,0.265754848519758,-0.936473046332689,0.0130842931194937,1,0.953539940863478,0.274539125547792,0.35659030062605,0.538640728495332,0.154682535327831,1.12528134838437,0.103647316535676,0.674163494398023,0.13339201631902,0.807013729720906,0.157712382761346,1.0786322918931,0.165028196267887
0.907503169480826,0.143987037380772,1.16851280710237,0.137876987770199,0.536392427582962,0.117580891535609,0.324418868199709,0.194170762865635,0.417152039740121,0.1478584115123,-0.922235776452634,0.0163945618593413,1,0.999999999976969,0.00739973707663391,0.330943673340497,0.406608459154064,0.16586615730291,0.59619120022025,0.134682234618925,0.647119231222232,0.123230794507562,1.01239863830551,0.118657706983406,0.765378393593541,0.160708631941225
0.925631738525018,0.162626972388425,1.13158833561836,0.180713338104126,0.620463302830661,0.186418966731671,0.425568792788002,0.300314170785328,0.384884934097977,0.176894607051323,-0.895023997114528,0.0271688935906828,1,0.74901061845611,0.126339925627748,0.353884395708853,0.79025488498629,0.14848477077167,0.554120856621565,0.156266306074385,0.62154032684545,0.154683243567045,0.434946368990272,0.20642374645255,0.716224665601737,0.18667285522517
1.04831709858048,0.19265883504005,0.932246801321136,0.184992448695411,0.740030979889475,0.208460492141699,0.485089097816091,0.373112097928502,0.535903588518862,0.221929985316888,-0.943788077779381,0.0157190632591462,1,0.894439474174683,-0.0467900715940598,0.376860541576416,0.981844020683104,0.153470182317107,0.656750699519845,0.16774526549123,0.84200209981758,0.150453993411981,0.872957962895816,0.153600447838053,0.884273180698685,0.188058276452406
1.11023986156288,0.147480045470818,1.01765865824743,0.190508386381232,0.75918893712903,0.188985134859767,0.917571432869577,0.412401597929617,0.83463170372321,0.256557518631675,-0.886824117427242,0.0251732975023842,1,0.99999999999978,0.501199912857242,0.313065354514117,0.513076158264288,0.148500315147148,0.581293148158248,0.138924948870535,0.522534242939195,0.151085590809281,0.715609413286383,0.133678202875399,0.782882443157192,0.158124668480212
0.902456904644377,0.12773803880976,0.92275387492103,0.153641188554674,0.436882350123972,0.113204423456146,0.518937331052128,0.282837566864931,0.366926035577898,0.146952215026287,-0.893730778226413,0.0256677674361276,1,0.770617419445997,-0.055271788006654,0.275570158019869,0.778771371533498,0.118810188775492,0.694422528611153,0.128610042142943,0.528120318655327,0.14742778321312,0.57463910074643,0.169801446118366,1.02416986704772,0.162600871121052
0.790259836571662,0.130493608292819,0.756848990324327,0.16005972351971,0.442429501561186,0.127302270074068,0.495735663323642,0.326097399543384,0.347853701825451,0.140368176673371,-0.868940778019972,0.0286042889820244,1,0.742761712098251,-0.11722034553758,0.294329895777807,0.664580161609596,0.144793732697776,0.455488376666482,0.139512934634202,0.713569462696934,0.134631454979176,0.539788776804101,0.17178148543021,0.575586739272716,0.224186363867344
0.93267492431929,0.109287405366907,0.826974973198218,0.128530971242241,0.466290315817063,0.105128875906608,0.364194593750412,0.177086425726215,0.412092722736922,0.124379770210737,-0.850914753995585,0.0277717324113916,1,0.999999999982285,-0.0833351438654662,0.243578193852607,0.647252747409189,0.108517274751836,0.669731528672358,0.1084302244185,0.604655521911608,0.125417931113826,0.446003160522022,0.164507524232821,0.752183952393043,0.183680650261723
1.1055939601302,0.158008026625696,1.0190502104668,0.188955723082977,0.711406203899988,0.186538768127782,1.11181806218642,0.507915087421181,0.889356096871719,0.293103567620947,-0.906445610722175,0.0221107911044282,1,0.999999999997105,0.264576975008411,0.314184058317561,0.741662179779987,0.140169980409253,0.70943197083704,0.139510468016797,0.56998322288679,0.140752254338727,0.774324003332781,0.152916074631715,0.781001607939388,0.178296079679166
0.89721059826684,0.149987638395223,1.10628471847458,0.171396373851291,0.605634866860395,0.127540383932383,0.339312692763744,0.222490992990863,0.367743241734255,0.165086555337665,-0.919901207567006,0.015944181062166,1,0.811221051697246,-0.106203260796291,0.403316869656679,0.857940768826684,0.116926855553949,0.851946949997802,0.105810733701721,0.857669205502474,0.124867925714146,0.677625106247503,0.171346077826682,0.740223715024431,0.211356659005616
0.969459283820929,0.133980766254088,1.05269578829068,0.154759279016485,0.418780907500972,0.0993284283858543,0.194960864445942,0.162952191832402,0.285737442953441,0.122955787013232,-0.874597343781254,0.0261830040621147,1,0.999999991216492,-0.112192247495007,0.271042786339409,0.518562109027564,0.135189438620902,0.582147275476807,0.131354328647853,0.74768905613152,0.123804648492418,0.658179903262547,0.131280229614834,0.439039619125486,0.203235490321852
1.18490620042015,0.170591904321927,0.961903468838463,0.182783707652867,0.807380903320849,0.207332025154804,0.970444849566947,0.462350976227142,0.885165882098785,0.294460194442459,-0.911695245620979,0.0212818836717398,1,0.999999999722593,0.379354708437223,0.378892179550016,0.6715623063415,0.152471195675132,0.705302432359711,0.133748650388011,0.947212385997476,0.133108145930686,0.40218926068886,0.164951167642995,0.702133562428777,0.193154322107245
0.927168690038033,0.132968101017948,0.794001696906629,0.131875525545081,0.414660620734934,0.0945586548521285,0.441912071882731,0.213214849996258,0.427508099888587,0.120609051691006,-0.836014101364337,0.0316285825710203,1,0.998688429067328,0.312360328699767,0.287299771256348,0.53388844503147,0.123756836240357,0.621543208695001,0.1176145326994,0.545290122530738,0.134096061929904,0.728017561913262,0.136164618014996,0.776942199105733,0.166631312094516
1.06980475512282,0.145698860131364,1.26828011358884,0.201496149240036,0.675787844570661,0.172951485477442,1.343193326983,0.541664796210735,0.952740113190963,0.29319733456616,-0.898579454798696,0.023884550203567,1,0.999999999999774,-0.370892719454855,0.315677429480662,0.583279708843707,0.159311987275623,0.876702505283808,0.11836054682453,0.669423948272752,0.138443178887951,0.872095097444718,0.145997025667768,0.97793903221406,0.156815697853166
0.975309214352968,0.12632164710744,0.835832304295467,0.147014475934586,0.433285184554213,0.0991250969131229,0.344203305873426,0.184585139237656,0.346222555449822,0.129352589137681,-0.926652894855494,0.0158139929900549,1,0.896521933961684,0.222121574523317,0.310080344864409,0.760429603090011,0.11998086592554,0.687098206670382,0.114807122849527,0.662561891819068,0.141480062586654,0.650259449086426,0.168665038383833,0.837984849758391,0.18658973845921
1.0733035473903,0.159434714623271,1.04545484791993,0.191893833216125,0.59542727484853,0.1496645916198,0.706256022732837,0.398297618965872,0.582286751119426,0.186584202079775,-0.901758303424458,0.0222098384914408,1,0.897927896269714,-0.23633703908722,0.35149055255138,0.704104491711038,0.135571928851579,0.802119738013841,0.13585458733744,0.809126298620322,0.139406734002835,0.801066513068195,0.154559377384018,0.843302073069578,0.164524207100707
0.889099637984292,0.116227861562377,0.796677397975714,0.137413634481426,0.342021780293364,0.0825246699172022,0.32870958744157,0.149390581127102,0.325429602023641,0.101855405233466,-0.877242048317825,0.0270736396558334,1,0.970563573862921,0.171859665978505,0.278022311992651,0.42859419666909,0.14495069933632,0.628869580231813,0.130928359540734,0.558297253475744,0.123738995077257,0.534541525261159,0.155293215025975,0.685297873228459,0.168345028122325
0.972163720220352,0.135327034128644,0.903008241112615,0.156645306242559,0.536382565253877,0.139223985667839,0.426407635479488,0.243118214045727,0.478244311372274,0.169266550554725,-0.895291960364862,0.0231633248828804,1,0.999999999994782,0.168036875036978,0.277082154045939,0.632770419045405,0.129517286409323,0.516940864504007,0.13216827469164,0.731644165982531,0.141212827143236,0.685561446941017,0.154493042794778,0.655763192016864,0.185674036938909
0.851099458127734,0.143525001866393,0.931132075032719,0.143438591287564,0.665216589325832,0.17101447089136,0.214564146797687,0.186147325707019,0.375016586729605,0.142081216677082,-0.878940326926698,0.0253500317777016,1,0.992636782470735,-0.0893271516830559,0.337080101322308,0.623586974421667,0.13433608108332,0.509359807222634,0.140982256736254,0.655982086210322,0.125041081269538,0.706266978630045,0.133042848397855,0.588223592186335,0.207299982100579
1.12473412928909,0.185175881113886,1.2405553827494,0.205562287772708,0.86074915313402,0.227182244158784,1.22118525167143,0.566890408377333,0.956838529095959,0.314773615355737,-0.919664397674486,0.0182500965869692,1,0.933274881865289,-0.504343289918225,0.446050943808475,0.726988701139068,0.142777834967197,0.905403452524181,0.121294718565786,0.687243782112443,0.148138243111297,0.72566166694152,0.160048857835313,0.658852956015547,0.202086582668479
0.928265151037474,0.11876447828059,1.07949663677895,0.146532702204081,0.391107074932843,0.0922178704596993,0.335413113500589,0.161261291318743,0.362191167361985,0.113330003971845,-0.882045413554772,0.023186350692126,1,0.999999999998874,0.164172629499418,0.291837799140769,0.492616012885264,0.129853064817838,0.827648921482902,0.116975789038552,0.673200130427614,0.12783625318106,0.684213227096725,0.147861626672167,0.479531786922396,0.175851184352774
0.868628185294852,0.145169663346985,0.785628500946865,0.164851664654047,0.623841905426728,0.170731763577308,0.585641307262946,0.352757702496607,0.604439891661678,0.214007393394552,-0.926584272973377,0.0185094761460434,1,0.999999991258276,-0.238062581657677,0.394845523686051,0.676207985235126,0.140320694678398,0.751664585503396,0.126207207517663,0.831709610116271,0.133310004458483,0.592921296098686,0.175673082052705,0.580711471299207,0.216429955320046
1.01007225118552,0.128011928216696,1.07000009404525,0.176528463146429,0.446211148328864,0.116139731500983,0.428087948543348,0.263472637799402,0.437055620073919,0.161348870974332,-0.90126658047151,0.0225117027861634,1,0.999999999824423,0.161922902550363,0.278451393045487,0.612595043647051,0.135161908575226,0.751486866887095,0.118094252384431,0.589351317458145,0.150484693358831,0.504094327895895,0.172731042496089,0.661206405597704,0.1891072985485
0.907739412180144,0.12238441420247,1.09452217269434,0.157717706190465,0.402073018741852,0.100880009554517,0.330910053602125,0.191997365284837,0.364760200924112,0.133687476681697,-0.910021693335173,0.0208690382106433,1,0.99999999997882,-0.312336602004242,0.237528191851218,0.858113811514051,0.122026974606979,0.630895499990221,0.131691685425028,0.305397535480416,0.161511424333692,0.696909575841095,0.137786773495676,0.815573229009032,0.155363780571682
1.03478675743272,0.149076630445416,0.890151170816131,0.161138733878498,0.562724458892713,0.129151679347397,0.504413096138898,0.300918269756565,0.469190909059347,0.151582175126422,-0.87427594546403,0.0260663661740126,1,0.880660496491402,0.0226137869562707,0.283224481038576,0.623460135048404,0.142265386676984,0.655082418061175,0.125595557183053,0.789233468418193,0.122016039900563,0.661973120666347,0.156119220062014,0.802233748976936,0.167002572632687
1.08074290046602,0.145653091175621,0.979552616669466,0.151661504803577,0.47163325706217,0.127279239730166,0.326441977284952,0.189352454311397,0.39237850728998,0.145826791643135,-0.87802790620857,0.027344639157895,1,0.999999999981801,0.238341419399598,0.327248799326105,0.648106227986197,0.138527503803299,0.770601939588401,0.127242881050517,0.642739598760346,0.137427534419534,0.709657620577595,0.155205031698507,0.756476653810651,0.183678212445755
1.30673998593451,0.198832414341098,0.97685972824372,0.19954726234358,0.721049291165873,0.204573604246706,0.813499436989005,0.471958042792735,0.756697828992554,0.257292752053955,-0.925187370204943,0.0198516470321242,1,0.988010096050587,0.405320553854349,0.415920601568304,0.616877885444752,0.165705075362678,0.908795097300924,0.156312597959388,0.949348992183892,0.146490428105402,1.12897306344304,0.160322175119856,0.78469010962187,0.190185235339137
0.91695664929265,0.142037828677944,1.05649699386067,0.166412987449721,0.581583021772014,0.135924877883262,0.516722831089155,0.407823810628862,0.427966355196322,0.174072675144894,-0.896453048447923,0.0230379347905972,1,0.78068339617053,-0.368090437046005,0.352352660727815,0.745931958736743,0.121116370001796,0.729076959291985,0.118978519093349,0.874834325629504,0.113059719323926,0.689638915545161,0.172705801907648,0.715301736757645,0.172760772330129
0.757089102997963,0.126144776913337,0.857746416511642,0.166944290881292,0.598654662331506,0.135613813281316,0.624069208685893,0.40569576173067,0.585779736154185,0.195081926359318,-0.910095635495095,0.0185440597473287,1,0.958362434117764,-0.118198849760926,0.333749897147191,0.608436882242116,0.122034809644772,0.812900195365861,0.112383743680895,0.723311383163754,0.14225785791996,0.703740961664731,0.169301501818191,0.654194841376938,0.17229847988653
1.07377858204452,0.137691220176775,1.20021574170811,0.183682429777765,0.63729469831851,0.146121283004939,0.777975730326121,0.366573666038861,0.70413053281816,0.214160527139888,-0.891473172072728,0.0222203030096685,2,0.999999998880071,-0.0248338440562742,0.293143224124394,0.637861217273994,0.129319091799492,0.765882920212505,0.101845046622941,0.657446610660759,0.137992784668133,0.913479030229993,0.140383746566228,0.526319552359229,0.194370760406507
1.00721766793517,0.146197838293362,0.939782156469653,0.165799706374126,0.47885295099448,0.111480766031311,0.612077254368867,0.314231840189963,0.536060209958563,0.155513196400028,-0.875102921102327,0.025510705506553,1,0.990169096273479,0.0247511498316155,0.266742760680705,0.65982773695598,0.113465745106016,0.416775467575457,0.140721896766387,0.674039763294696,0.122924624802654,0.681650706580312,0.151471576188629,0.237074417180542,0.237032215544574
0.932177910435006,0.117527567080187,0.942953845429925,0.168717480727794,0.436294850426411,0.112802161782477,0.559289545489491,0.366416124686851,0.460012958700958,0.157713394669276,-0.880456876703281,0.0255075688063557,1,0.931240106534536,0.0475353758692369,0.277960891627898,0.613435387738399,0.133134527932788,0.652930928706741,0.134922878668185,0.566219096488059,0.146605081735438,0.4600145712524,0.180411688249803,0.184624824290911,0.214647104705028
1.01301502843431,0.139622471342143,1.0516978940444,0.139601792178197,0.538676087058926,0.11903315975666,0.208456003615649,0.2049404648627,0.319552984421603,0.144186103391756,-0.892827185688452,0.0203075901576016,1,0.953612259846114,-0.0711783434203885,0.340718480309856,0.721993980018258,0.131053324957423,0.731932953662862,0.107338115452878,0.585332614686811,0.121673306067553,0.766845184971025,0.13923670127616,0.615916658461042,0.1797357655757
0.826098094281317,0.120659444336926,0.841562230273921,0.128137622368105,0.455709817795457,0.104330131692592,0.368960901822486,0.248036503291215,0.374650502861044,0.144230058424971,-0.878224394000098,0.0243530557196724,1,0.913675445663058,-0.276990137139167,0.276393406108497,0.786711377420067,0.122038344261279,0.581148697123848,0.131717053754447,0.57605844679393,0.130623339852808,0.673052936219467,0.135827648429176,0.566635873795772,0.188127675390649
1.05124301293811,0.168777990727584,1.08993220898377,0.162503081290359,0.706356549259511,0.182534453975516,0.595172892232962,0.309418132271072,0.617034805139169,0.203452251842566,-0.907688813231289,0.0232280206120862,1,0.95164748149296,-0.510871224715017,0.348817416422945,0.798738055750543,0.145437011164139,0.799985690503756,0.137313150335045,0.675491971018362,0.15108484147828,0.567523975305594,0.149179038472102,0.97999422162516,0.162124189319185
1.23359932609916,0.167879475878171,1.00858752072338,0.169925816619074,0.504595416445956,0.131517635081693,0.298143912300743,0.195906479935172,0.225155831056884,0.155052409205283,-0.92013348554666,0.019346013241828,1,0.580495122617316,0.496885935005065,0.400780413334557,0.649408322179022,0.154441826807672,0.691893693733913,0.140990738884191,0.805142697192531,0.135972490581682,0.585312587078311,0.167693629616032,0.454784560155147,0.20445928138984
0.865527807731615,0.1696513848493,1.03968438092953,0.195336944889259,0.980652389335709,0.243013980878203,0.763809659117568,0.407833599843178,0.865466213778668,0.301893214860336,-0.910842899944613,0.0200781452215799,1,0.999999999987348,-0.156583039859784,0.40686330101196,0.727867333226559,0.128066125968517,0.861218033290826,0.13126796067066,0.862317641646736,0.158486353087333,0.69448615434667,0.191992288793792,0.756126746702368,0.235059943955363
1.01133330652312,0.130729129724638,1.20681858353275,0.17664786647174,0.47847475244171,0.116058428104006,0.534706863255513,0.350322665409693,0.385752166011654,0.140743612053125,-0.883769540457638,0.024601599815268,1,0.762642459922814,-0.208892283893962,0.340427975443302,0.675551846495755,0.141372955013074,0.779558292705004,0.105670236999564,0.789105514091197,0.12426242319531,0.655382096567743,0.172231351591793,0.965873131662909,0.161479372920835
1.16793935094195,0.150750586475701,1.21130653371362,0.181458628769564,0.548350268930054,0.129758552081143,0.691793092132581,0.352517090074173,0.615909837399952,0.199308134696586,-0.934580326189908,0.0144507730897121,1,0.999999999592957,-0.246051225456062,0.304372428841455,0.91396308031834,0.128035936503639,0.822642750206651,0.133564692617595,0.763884002360752,0.134578659935781,0.644019563524251,0.181223221778284,0.830687186624116,0.16507436507795
1.14399010080486,0.175421147377433,1.33573408988903,0.217657539075772,0.803202889553145,0.216833476439312,1.54213628488973,0.611022672459846,1.1129457848874,0.345539519223312,-0.939530280073077,0.0158794614278991,1,0.999999999996141,0.054035091895904,0.369159694006477,0.847260855210519,0.148444312165867,0.823237112555229,0.134726133371735,1.03027007190293,0.122541533098591,0.74298920230212,0.192598575542261,1.07183333664994,0.184767357209432
1.02405334951531,0.123824033962336,1.14359002127207,0.156170756470592,0.465807658718569,0.100989693428462,0.353299304123458,0.233980148823023,0.405671691905793,0.160816615883728,-0.910728975274052,0.019062605925836,1,0.999999999796624,0.524692213051471,0.315483289623618,0.427724241881511,0.138275767733086,0.648175642115388,0.12471785213931,0.888090391651324,0.110632707642542,0.867874181165973,0.135328826826546,0.593351421450918,0.182510123124415
0.895432118488306,0.124357124761665,1.08549025218974,0.158733408415646,0.440904522227641,0.105935474483028,0.497437256680565,0.278170453084906,0.468318626559819,0.168540493584045,-0.907576999523055,0.0205053864933548,1,0.99999999997242,-0.216399919279326,0.25131091357945,0.589407467299315,0.119653147584697,0.632998251688874,0.121142586759796,0.790334014157998,0.127634253887069,0.677840142566563,0.14740299993854,0.658070397337735,0.18569424746609
0.820759077076827,0.131570930184936,0.73530540553195,0.127919245409267,0.57435884032011,0.134178074443166,0.476259644030788,0.246888668810524,0.523014279735262,0.17078519967176,-0.921229645151068,0.0167463262138745,1,0.999999999945536,-0.0678830805818649,0.341046022162729,0.564794874074724,0.12321011888371,0.811611091166255,0.117002820846204,0.926284813627704,0.111821167839212,0.577635641645824,0.154424688223664,0.658032211195477,0.19024127189042
0.985319292859744,0.11709396480545,1.02724552192931,0.132899076404726,0.384501326953465,0.0997237561483924,0.255972496668099,0.166044161228016,0.313722432367917,0.121952241532316,-0.890389681592085,0.0234687504144277,1,0.999999999686893,0.0855057428297242,0.274183510645684,0.732459458342114,0.105306430432431,0.561731118026068,0.126715381292017,0.56529691388484,0.143407955219048,0.684964210166181,0.143211602277636,0.532608876407546,0.177098775681855
0.948533742712232,0.131977070007249,1.11348775382848,0.182608891742831,0.544894405859966,0.128601645674113,0.459522765664566,0.355693835005093,0.445590008046526,0.165255102315805,-0.898939702448654,0.0230024477613228,1,0.890483246232048,0.44424654592413,0.351753700760644,0.672368731224088,0.137636497018342,0.736771557167335,0.130761502473967,0.51620042609068,0.144125172434263,0.54350919500488,0.169447539062965,0.646876326874194,0.188994607602403
1.01068238950396,0.135109799290666,1.00947659827314,0.168716566199732,0.589958611081221,0.124806507983012,0.389760805489104,0.247230936923764,0.479523454492748,0.180382667956394,-0.92460983732072,0.0141292415269954,1,0.999999999887817,-0.0831604230083368,0.268797673165956,0.718513715956418,0.119587241186807,0.718875699553543,0.113908108156786,0.77743445905983,0.12928742620967,0.467917381020295,0.160621680224831,0.685228552664504,0.15685054406855
1.12761696763785,0.155392018582581,1.03006158775303,0.182962452958456,0.350426696047129,0.0887432334118725,0.757630295436131,0.385671162893353,0.479996866097908,0.150937661205773,-0.902346246243526,0.0228691541874179,1,0.931560667980611,0.262747347851847,0.335372935243864,0.413046420612586,0.14528787351178,0.627758400665786,0.136516603280238,0.780757178705333,0.132107645967883,0.570187320256933,0.160225698525838,0.810388017890153,0.157640438671115
0.973561964639768,0.145690527361828,0.69330766073153,0.129059844033735,0.526858613501469,0.151380077971303,0.395937313518393,0.232514442301484,0.351840306019985,0.144695831991803,-0.898571974238481,0.025249289679001,1,0.770345112361692,0.241812145482083,0.400751941223468,0.684722146701937,0.153740312559797,0.759380943171534,0.143316860227037,0.517355736205337,0.162196014061869,0.715955106037084,0.169305734239491,0.996759262618919,0.145326233225164
1.16121613704135,0.187469002342393,1.08263675511633,0.199638167893432,0.726840990142193,0.20561498489182,1.19721681966502,0.615898265841961,0.841530590904968,0.296351230506199,-0.930766863763476,0.0185284764696884,1,0.902118932639502,0.52365366899741,0.401906743169653,0.670692101073494,0.159304899418249,0.926014909047353,0.135284654520219,0.821711567627521,0.172111052196763,0.890036830976708,0.17504859963596,0.856265633887585,0.202882490740687
1.02760532034897,0.137503043014936,1.03007802488387,0.157493687753357,0.475135184510313,0.133541666293566,0.250042232136487,0.173652446472972,0.344679361233182,0.148222113031386,-0.873388367983002,0.028936587555728,1,0.999999999825654,0.443207567706581,0.271978761331541,0.517916275868244,0.141799405826895,0.633304978020369,0.134002424069273,0.691306389404999,0.144336921403109,0.446562572297376,0.174566605552101,0.539303694442305,0.18240823214629
1.08969020341373,0.157103625158748,1.13293701499067,0.147849330702518,0.643240898620076,0.15751782315434,0.398341198060716,0.228635037507243,0.404158063789781,0.15875285907466,-0.933782722107463,0.0155482281244703,1,0.7984299338834,0.186397420273326,0.348247018763493,0.813568309488283,0.134718499066236,0.73717442230899,0.135073021106574,0.825905376365894,0.142365780471562,0.807493311009687,0.177929111959573,0.711265023077803,0.192203996190339
NA,NA,NA,NA,NA,NA,NA,NA,NA,NA,NA,NA,99,NA,NA,NA,NA,NA,NA,NA,NA,NA,NA,NA,NA,NA
0.804212351494469,0.131368770084696,0.973748693047388,0.15215826069037,0.524647566223385,0.128493277448896,0.406596150202252,0.301594906603539,0.3720100265211,0.147054745884365,-0.920738379979624,0.0186377070364581,1,0.805451107215223,0.0274405987942049,0.329893998694496,0.508630160616416,0.149154341387911,0.71234340374244,0.125085759553377,0.487773089466895,0.154488532941109,0.690882256163084,0.150297091471271,0.67678923569761,0.156476519217835
1.09308035698547,0.153905014547559,1.21673254360857,0.187277400610612,0.512672010726182,0.131344887962566,0.663417657137093,0.291693526390115,0.47940778310783,0.158069324611669,-0.900637722134544,0.0220878776328855,1,0.822037752911406,0.00712732623192873,0.295192994859024,0.762132183995456,0.125540472273389,0.679334527166979,0.131021700438586,0.701810849821957,0.141650868381932,0.682478682310624,0.150281973650066,0.611105433829878,0.202647819575453
1.10506152273915,0.140748622003239,0.952160183834625,0.186878394131719,0.38550553741306,0.096852985971025,0.925955001728652,0.440218734046089,0.597461948200055,0.17458350492711,-0.909392907215539,0.0205335428153056,1,0.999999998578682,0.49948769963393,0.233557708837402,0.439182421070895,0.141054260492094,0.823209104298716,0.132924693431263,0.511099592274397,0.147530818723688,0.748826063312494,0.14103254412897,0.852961660188947,0.195945170768821
0.806040189194572,0.138758999643729,1.16685861630045,0.150379675592688,0.507124578463143,0.109738758172367,0.343530553136114,0.239823440826545,0.401386254453678,0.157051092052528,-0.881318394162873,0.0219289430274535,1,0.961662058563856,-0.515454699113264,0.351388742094141,0.59643892900195,0.130720311316462,0.627434447995265,0.119280830254804,0.501877752912823,0.136078510757226,0.804528063046191,0.143534859288894,0.546625585628895,0.197349493267427
1.01791465909776,0.133651162251944,0.698514997570592,0.142507565410146,0.476279514851795,0.119304759759069,0.209669951373257,0.152850689218166,0.316008706521116,0.13397934555354,-0.897434714171827,0.0233357601672171,1,0.999999999389625,0.698388234382742,0.300341192177037,0.489117100498414,0.135171924420839,0.49459823916953,0.12630360082673,0.666530616886909,0.1455088529072,0.765422970860003,0.162067455957144,0.66946722518076,0.20421038985852
0.993310406625959,0.134996248482545,0.996919009347685,0.160715748661998,0.473648113606188,0.111259338584645,0.514060531474997,0.246067238938983,0.493440777437857,0.147626751199009,-0.889563408588823,0.0221214118094096,1,0.999999999642583,-0.0836999172248243,0.249847117447381,0.668609151207938,0.131729162866517,0.590201140873176,0.133367247420281,0.612985251479497,0.139385787728837,0.625038084040656,0.154804316129463,0.797805927864797,0.163506828130845
0.944546219157663,0.148788818006823,1.14964546057982,0.164756033779778,0.462158841035381,0.114425341470383,0.600630796044408,0.300365670206338,0.399132209794573,0.1445439625876,-0.891012486870313,0.0240840039188516,1,0.757560541624856,0.155154641754452,0.354683529765563,0.518253235264003,0.152303630706853,0.560766631613825,0.14143186070527,0.485655297748534,0.142364302801848,0.722902143002266,0.138911489900112,0.576702594302504,0.177479479502912
0.880515364731263,0.141070336153386,0.744620122983708,0.139529957584156,0.543961112621141,0.139591637295968,0.448256165464979,0.2646942897864,0.441264529593836,0.171511186589488,-0.881978539630077,0.0263826117071533,1,0.89361809885331,0.096743753828948,0.333361058613478,0.694030873034085,0.127909885083233,0.525756347584041,0.131429400393437,0.61122380993836,0.139805616351833,0.498060063509336,0.16043149247293,0.758277963811026,0.20119772244019
1.20200157009221,0.150697645558346,1.21940809087043,0.188061518585999,0.66939470491057,0.168503670408813,0.8590402987668,0.380921538569743,0.758311959088914,0.234090592363091,-0.877040572181667,0.0293977476058394,1,0.999999999998242,0.0787945602886181,0.331990154646357,0.747463683165454,0.145544269432931,0.589964965269065,0.130453879000595,0.574944602358043,0.1540113033259,0.900115766784535,0.155839847985701,0.863139201816556,0.152450525061084
0.686573126614801,0.116122329268771,0.591884119725639,0.135452453799753,0.355007755996366,0.0886832704195129,0.350196576265057,0.224658752911317,0.352593960097823,0.142320483529376,-0.815813400914323,0.0426835177986197,1,0.999999999999988,0.119058167308239,0.317585191293408,0.0653690597792284,0.160622870952114,0.2624115079479,0.143782700718341,0.201328245114516,0.144195218785371,0.508725436476325,0.122623233657134,0.507479759138356,0.153731724856829
0.850503768540916,0.127478405240512,0.914573536433104,0.161324604095683,0.524855808081481,0.123345822567123,0.679252163351408,0.354531418748624,0.589357321619343,0.16350571487923,-0.904355773072943,0.0208492217309007,1,0.987059117099976,-0.139900377240142,0.28959520890525,0.525252880804768,0.140278577684547,0.700735378664181,0.117002303762762,0.620224086196066,0.127143367801713,0.660561876839825,0.128910710463059,0.833147649467977,0.143074955917558
1.00926648643617,0.129611134726132,1.00039997243885,0.16415351104948,0.513940253998151,0.111918618007633,0.343054287637822,0.260438940636023,0.326803081387811,0.136396668185452,-0.893736542934095,0.0210472822242746,1,0.778302453547478,-0.0295412234858951,0.310052408753987,0.807187439270182,0.119957858824964,0.594209279802979,0.121115591868326,0.487807152735906,0.133865680977433,0.472045478696341,0.156616224717286,0.64883240480473,0.159968107433709
1.4033301058314,0.191657185528488,1.26086082899723,0.189125754245959,0.665929055808353,0.159518529631462,0.592856189105169,0.310235479571416,0.628331251883038,0.217693295383956,-0.911051549040542,0.0210858475391462,1,0.999999999812515,0.820355920107853,0.401695330605913,0.721799998608382,0.13100645240855,0.678492277969595,0.135278420651496,0.850960044601698,0.135296335842496,0.720706965828029,0.159539950515978,1.00575166395905,0.167834806502796
1.04480285862565,0.148957436138276,1.15060916312179,0.200596301682928,0.639350339410421,0.189168204821217,1.23175417025748,0.556232200992664,0.887424609962806,0.292928055616565,-0.893351087040954,0.0270847148736071,1,0.999999994630829,0.0411408236206585,0.248323635833131,0.706419277359936,0.134557415990527,0.692783605563969,0.139243993806022,0.643688584599261,0.157946216498813,0.976911906055442,0.156723185081045,0.468265840780659,0.231291920651393
1.25489942893132,0.183918007377317,1.43485722643626,0.207349438084091,0.736917689805834,0.200688282128864,0.711263756281188,0.376604359209652,0.474219562860907,0.224503006612468,-0.921526833748883,0.0192822603287542,1,0.655020112646708,-0.165300561154952,0.334140893871557,0.829410199941112,0.151282955303879,1.0876627238333,0.120592110045406,0.829657284633615,0.151504812100633,0.81412741678472,0.170699335516405,0.581394111307249,0.195678315740162
1.26104894815813,0.178729672837628,1.25886597408102,0.20624507173416,1.01319708271872,0.260103336111705,0.915048254903504,0.592291066802214,0.764601350476682,0.339437339441035,-0.91241510083903,0.0207633258181414,1,0.794083362530796,0.447647585694415,0.31512276098824,0.896790652711117,0.136950385515038,0.912349944012598,0.138933195631558,0.726476234580793,0.158281401621511,0.82707666395059,0.171913120516224,0.956740916350167,0.192407241994486
1.23858334191247,0.151995048629584,1.00981430907536,0.193449970450245,0.652728102961877,0.150620324747937,0.692933255870957,0.341905344528718,0.672530303839446,0.223394227264714,-0.910065657339328,0.0206758955330669,1,0.999999999998377,-0.242871425179006,0.344677569947981,0.798559984000633,0.135987797248229,0.934122195470972,0.111543646484329,0.684929660544558,0.127215072780242,0.886169284623262,0.148064842253047,0.467237409889575,0.219494039148454
1.26293599498086,0.155513370015778,1.20472641425765,0.167274436369113,0.526707548870228,0.128409357169811,0.409116121187399,0.210534879497968,0.464203133757475,0.156713906070331,-0.887430900504722,0.023771491725721,1,0.99999999999153,0.268477119707782,0.334694371320266,0.809178217767574,0.124042810168279,0.63950866541747,0.132469688076719,0.656151627876707,0.139749789089759,0.583649419515687,0.139101736500971,0.582613015376307,0.178413487739117
1.14558990364399,0.151756483474116,0.991372140142114,0.153174028739507,0.493824544609714,0.122945605029413,0.58284234762456,0.26362034589558,0.536490313876775,0.17126626587081,-0.905859488365906,0.0208551851399751,1,0.999999999980275,0.402161899415088,0.294413550832597,0.795754211204813,0.115184600135738,0.626593278099615,0.116775917877058,0.753558465804271,0.144776282091604,0.977119014927781,0.137433101369629,0.736194508170804,0.194043131738396
0.992650941074645,0.147401603109568,1.02061804760927,0.176898131334655,0.435912266318727,0.113903717015205,0.505982162627262,0.280549648837083,0.43336275608321,0.167681674205866,-0.918565309620953,0.018447733664185,1,0.922750812205703,0.159052073353488,0.33345954808199,0.577208231541815,0.151038844874252,0.59682391245611,0.125977213046284,0.752925412939182,0.129463803433535,0.803857664153279,0.159676182351481,0.78625658454005,0.172949066767768
1.01274023193003,0.128783981569731,0.8095054731012,0.119063041258918,0.319683336008082,0.0731127211484994,0.107035341272074,0.100959680222175,0.184979498759209,0.0976608731780766,-0.868249660641755,0.0272852523490522,1,0.999999999891696,0.125415470179461,0.325722028645481,0.524205176833032,0.142268077296597,0.695618558553926,0.10950907148935,0.287873889431912,0.130654993170427,0.665307578925419,0.13016283383252,0.654512689946936,0.177596109474963
0.896715816073987,0.137836458430605,0.978099621363705,0.15338326029297,0.533421089131912,0.140473942450355,0.248529107988901,0.237338090439659,0.337433431119397,0.133958570686036,-0.868388369837042,0.0305381464492976,1,0.926753823674358,0.174615157328265,0.326377185806177,0.549674582373784,0.137403582104106,0.595653697468963,0.141383716566514,0.515648730858506,0.145299324829149,0.509945916487638,0.165839365732885,0.619631901873684,0.165436829785404
1.09994863200585,0.16641737255962,0.929738720077676,0.189183256271743,0.648223762482005,0.165226007684239,0.714170125406452,0.361811615421602,0.560587421890729,0.202934258493226,-0.906413947788225,0.0219996109986313,1,0.823910496753269,-0.184041946685068,0.367709681412175,0.867131872925442,0.14271269274617,0.808865038475474,0.138123695743982,0.739378454846932,0.137720853616047,0.741923061941594,0.160930216234933,0.891390938286219,0.173945278391016
1.19819004498185,0.181458133111477,1.05647809888402,0.144518035731583,0.556441362293874,0.140961396567458,0.629752704345072,0.315785485828834,0.584090121749912,0.173168188920722,-0.909665604972269,0.0207062979028897,1,0.986700022819474,0.307871267898726,0.453807016636865,0.767057177839753,0.124348507327332,0.989219688442606,0.131448027207987,0.637176722111805,0.143793278414997,0.800125579875886,0.163305366023015,0.775002007304896,0.184778509465419
1.25723932533566,0.160123097478994,1.21517040418847,0.162895891540234,0.694984201885599,0.157137671937534,0.470924869671421,0.264933298223687,0.572088580573382,0.195262237422256,-0.917545042184823,0.0166656776386541,1,0.999999998970005,0.353138071821509,0.433600518816685,0.884215849179594,0.125278897423075,0.56265019890283,0.152686915540727,0.903563661504916,0.124130097563235,0.757333490545939,0.137638066222093,0.930297864245545,0.156978417900014
1.06238961141007,0.162422217227065,1.22317833852857,0.197545019711237,0.69080498642375,0.155708041789324,0.504861661299166,0.246464617786567,0.440457149905654,0.182604248960982,-0.877598838754027,0.0273400801176312,1,0.745829807755046,-0.143143571945756,0.3583312694733,0.799860074508429,0.122347774564359,0.705471748066743,0.128626764091596,0.637784176864273,0.138847596499456,0.573124376081462,0.147914655215934,0.799335671886594,0.191329706869741
0.892585192677643,0.139883980872091,0.858706621380808,0.139695851474231,0.400898350583173,0.111668093284008,0.188528657999125,0.196498126782466,0.236188998156078,0.101804516905134,-0.897842369251762,0.0251843849344329,1,0.859120023492368,-0.300557573462143,0.326458296730854,0.679286921787748,0.139538055849223,0.775416194271056,0.120985075528442,0.488990173097753,0.160505661824463,0.722347720347294,0.157060166555686,0.67503563098684,0.198562739284957
1.30660719870284,0.192427527444775,1.0344549685476,0.187427861173175,0.950098827501037,0.258546239326195,0.751675408867516,0.350387037680263,0.845083383238692,0.295439864040504,-0.929989498229341,0.016015098877853,1,0.999999999999835,0.34891037490719,0.344614600823008,0.894474205160734,0.129222937955495,0.751427589262597,0.129493855348532,0.829691892728222,0.166241807202368,1.16242758991115,0.134570528671038,0.493905059892011,0.222381192598574
0.871217214290229,0.154049765045623,1.16313229948918,0.186361997700813,0.632413867617931,0.17180897423759,0.639089703637015,0.332948191586844,0.587215801671408,0.203135180984949,-0.895920832412443,0.0247640421185344,1,0.923668495715345,-0.151456141463103,0.330091897764963,0.650122916633066,0.135422257688708,0.715298045865934,0.141745882287643,0.757506957922558,0.146626430534394,0.469558077920273,0.167776033300311,0.811553185207097,0.170214195402045
1.10945074523371,0.165522490465332,1.20204009486472,0.17769298438001,0.597315965727781,0.156888706350492,0.525214091783029,0.356150578215604,0.433142935742425,0.177015282508318,-0.912138461729537,0.0200339435593666,1,0.773323110618677,-0.114949499191528,0.37806767596022,0.790626684170297,0.14200088695211,0.753330446385981,0.133712543367538,0.895403247353395,0.115995616723167,0.606212585403381,0.160941836430461,0.911771819855438,0.180245347198795
0.697637866394255,0.109158714756667,0.679364434094647,0.141241286076944,0.381301097619585,0.0924501671737776,0.471276214436755,0.296871100418169,0.393835568994244,0.132178764417723,-0.86950168865928,0.0290964013090896,1,0.92905868650772,-0.273661666789704,0.250466770635729,0.384792666588899,0.133385885272093,0.772863253920593,0.116597404599277,0.463131037441577,0.139103591789566,0.564537222094264,0.147343492146896,0.631707087414457,0.171711009169226
0.942778450277465,0.126890817816033,0.858735662588979,0.16323117077958,0.438278235142935,0.111877642310865,0.608485062249588,0.333614722024081,0.47230500649434,0.17617820275446,-0.898838664734806,0.0221247766428915,1,0.914581972175759,-0.161025046082281,0.275173756428125,0.714163551033137,0.117831577122558,0.671055738437278,0.125123039558228,0.664349103712792,0.142296373894757,0.728754061284255,0.146514311119847,0.505157375010908,0.209842767259473
0.977252815980307,0.141796578269149,0.967130100829429,0.171944769895245,0.46713864746495,0.11114349983165,0.230347950475216,0.235799900132573,0.237402790019411,0.145500726853825,-0.925348801500776,0.0170609436462947,1,0.72372028055572,-0.145431818893536,0.356385612341755,0.731425044691003,0.112216711048307,0.735565598769642,0.128068481891239,0.663790838054872,0.143230272072467,0.807450285515442,0.147229067132009,0.864082419386623,0.195506213147601
1.12990735405738,0.15352775108243,1.04617668671543,0.181806919706543,0.754269268386257,0.164838104095313,1.02266836831782,0.428230971263736,0.702343123252537,0.220209006224348,-0.883938936432923,0.0233336186458249,1,0.799684569838265,0.256273410032633,0.395110898066218,0.795320246454655,0.118600912351314,0.66931177535554,0.125918513211601,0.69876657903752,0.149439293347367,0.758719459188033,0.137036980930106,0.987911551366467,0.144726774137585
0.745604754076446,0.133458995872553,1.04650531809704,0.16113920675071,0.483252196899927,0.123115053183764,0.292440118516537,0.169941679412923,0.375928623043699,0.139204684913976,-0.904005957123576,0.0212682258810419,1,0.999999999606363,-0.427476248468652,0.336894764894803,0.55561880018502,0.13826918094217,0.690666051799556,0.135164737416548,0.683504181633976,0.13914613704047,0.725908781085838,0.161699328404624,0.689117787071166,0.166365281829024
1.08099708705372,0.17104299477349,1.22227823302656,0.22575230850411,0.712318837588322,0.188398729486813,1.48028106365818,0.644492243132041,0.830102515729693,0.277969194986964,-0.883220718885861,0.0283295069380811,1,0.808392775241634,-0.0292413877609803,0.394271980260602,0.776995953597281,0.138090519553016,0.776415062878442,0.131391955218355,0.687665820807176,0.157470179892067,1.00724867700137,0.145778083252348,0.469134556813708,0.222183483002149
1.21455006448929,0.171832549634043,1.36189767757361,0.185387687759335,0.534961879608126,0.139236170131615,0.724432804443675,0.375979424190888,0.502750185499531,0.181550864480893,-0.916373476831325,0.019241610668979,1,0.807591552174112,-0.125822253360423,0.351904036110195,0.779295625833195,0.145356869496676,0.817765815119074,0.134212197581122,0.706091849354315,0.145245824161174,0.936095186545323,0.136165497278552,0.903504229572299,0.166742141532252
0.994714505479652,0.158558599313989,1.07221639917679,0.182878383720036,0.670120460754921,0.156778040789245,1.14206603180168,0.45241624406493,0.853658634752174,0.228912447741221,-0.910451563920831,0.0201206222248371,1,0.975803094556265,0.011328063393684,0.346364762806073,0.672249170662452,0.142919520362219,0.627796217053408,0.135745434345069,0.655749119809221,0.134094014918185,0.826492768929047,0.130479422881972,0.726819840784029,0.173717968556036
1.03473407939293,0.173992732280144,1.16520677445701,0.210879097090752,0.658536871324158,0.196127702376176,0.930092274359204,0.472061731412452,0.611939317522962,0.236205734959857,-0.908512963317816,0.0236362773648638,1,0.781907342335762,-0.407632358893481,0.374688537137078,0.951299983081556,0.127846546318051,0.798958371838562,0.139167510988339,0.587307282616209,0.174231019402896,0.819407817984694,0.178758082730962,0.598561883791649,0.217647053858551
1.22263826482987,0.158728072521127,0.947725462840834,0.195297875733952,0.535720811758114,0.151926168468597,1.24666996125778,0.574571176838416,0.793051016286081,0.266227645897632,-0.902524986969559,0.0225046546404582,1,0.97041191277273,0.471509078061141,0.271305434942186,0.627031175307733,0.144038976433944,0.811647926137035,0.127259519840033,0.5702988114189,0.163024939173219,0.494856276592318,0.193318694660972,0.694909495493406,0.18956761384686
1.30317957569587,0.153425968112817,1.0709067839773,0.162612008971804,0.60816385544723,0.158007658710881,0.644238381651999,0.36259889742016,0.494754351012518,0.192169834593348,-0.919511631495924,0.0186448109984033,1,0.790416544237301,0.703929846481202,0.415803823279203,0.760047842198477,0.138695031134619,0.829294069316625,0.137590417806807,0.585045589611357,0.165378576418734,0.836331328078373,0.15269762751345,0.676501842809367,0.14159932710822
0.836926513881165,0.140741999706829,0.809312306732877,0.163135984829404,0.528602495329324,0.131721449162454,0.59384008762709,0.321976184197724,0.541629712349746,0.173626866072194,-0.861572972790533,0.0281030306381532,1,0.966725379439228,0.0874459095305742,0.351084059231686,0.611351444589711,0.121028548813412,0.460801934809145,0.157314080277019,0.685593628757534,0.143125996769955,0.735457423701443,0.140118657732522,0.236030451084101,0.199580023767955
1.03260292477372,0.127404928396801,0.920122706956663,0.148032321611921,0.370737114369294,0.08745598193875,0.306732082614736,0.139709149908153,0.337219463754211,0.0869806924721574,-0.867337419836322,0.029796157083611,1,0.999999997984499,0.240618320206353,0.257087569033343,0.72601803872781,0.12042386074084,0.559851081767601,0.128668668409845,0.753897426089513,0.127016197992377,0.738233804833141,0.15832517654975,0.646444490344422,0.189935455966026
1.07167066817013,0.111770413908059,1.05977396693988,0.131363620219307,0.382224769830062,0.0855004342250777,0.131612099021586,0.198832009345266,0.177929331517972,0.107406801984568,-0.909047096427829,0.0177224050250499,1,0.793305061905384,-0.0475381269102341,0.256470244516463,0.637914232426461,0.12613728745676,0.869014769374856,0.0986821905733116,0.667483114380496,0.138833817260681,0.529260640433431,0.173223431292186,0.53917886395807,0.160294825978538
1.03466058162975,0.174661459855436,0.981345322331548,0.194938695983924,0.770172711954016,0.206850419075295,0.954689132506343,0.431023944978363,0.587861210289837,0.234147471753499,-0.915840035233097,0.0219225051394493,1,0.685566758428692,-0.193322427337337,0.395937241930328,0.900716320052707,0.140802681298509,0.744129403918489,0.15331385584006,0.865366052213954,0.152955426522764,0.69841713604627,0.15283022485392,0.891458941494771,0.167405455596485
1.04233469909794,0.148380797529908,0.888311600832649,0.143167283706179,0.461587416001634,0.113058967567976,0.285825487555213,0.190225726152546,0.363226442078695,0.147984467291615,-0.885603145788519,0.0236949904285828,1,0.999999999989122,0.300258564134358,0.298108928844159,0.678921573165812,0.122848317437091,0.783125425507516,0.112473539003503,0.755307390805716,0.139101330901168,0.726491942346975,0.156547624412715,0.813638466556833,0.186560011250258
1.06048255364271,0.143430371171869,1.08448366586641,0.164435344695523,0.451625095046151,0.126832259001415,0.703030355399836,0.34718574203849,0.508306730799891,0.189289230704318,-0.919269205599741,0.0192940592854649,1,0.902089834446266,0.13020735065961,0.324999084833485,0.869878805492854,0.136461648272598,0.618303158779456,0.13461395304564,0.830508494447883,0.130504442001382,0.327288108777636,0.18050389297802,0.623869378239932,0.181114593566297
0.972913048863782,0.118005770661727,0.960430694467426,0.138031005497329,0.391491579438367,0.0881844418395547,0.198577569248575,0.140206365125642,0.278821531137701,0.114088904875334,-0.841016451184875,0.0295084171274382,1,0.999999999998815,0.275508125328642,0.334629108356567,0.498963860043794,0.129207120829336,0.50470982173695,0.134465759795449,0.215927142797528,0.156296992277175,0.702377795235982,0.120245756031475,0.538428636374639,0.161436864479498
1.17912549694435,0.153093170456461,0.941947715750583,0.189316610087378,0.438446955416428,0.107306261106876,0.570883503620026,0.412000404981573,0.238777642580418,0.157625084675151,-0.918785431817099,0.0178516072464143,1,0.477266975025429,0.0540675954882253,0.328188614623561,0.768070212211724,0.136016057474453,0.881609036129383,0.130449786356116,0.640290004912352,0.137527685605305,0.861620314242785,0.149209621674153,0.700980016568903,0.190404329319165
0.827889579608236,0.133634222322942,0.947171793307908,0.195473144618716,0.627206744951837,0.162139171692617,1.27948772798234,0.566860304534603,0.81592945214068,0.229833762153762,-0.86617002540387,0.0314581801721934,1,0.910812930390557,-0.0944553567725654,0.295891762324677,0.639667363868112,0.124839769203285,0.862409508950896,0.125466909850304,0.413782721605771,0.157302698854211,0.682349924397843,0.174783006154058,0.819302026670786,0.200856530925087
0.784287595371364,0.118078147968408,0.698893758990045,0.120639852746802,0.35392905238673,0.0899120014429261,0.48968778543811,0.201636150238034,0.416310862053854,0.123020414364482,-0.836286781728753,0.0371458576861478,1,0.999999999995835,-0.345721386249717,0.227424341321899,0.536595128520107,0.118776572641577,0.445490309673369,0.137294258741542,0.52036119828254,0.14186450099001,0.661805736559619,0.140593532310101,0.385232890423539,0.190966550742476
0.90569499646158,0.121427210238588,0.608150942188791,0.134063002950758,0.38323885640549,0.0915515500225034,0.26527481318886,0.210720695886754,0.317167119061626,0.114274492200285,-0.872250525583606,0.0246079948504185,1,0.99473037770889,0.0289009377813845,0.282772140911044,0.792310240200352,0.110044123532477,0.561363524653427,0.121261378252141,0.658897513207001,0.145916610352774,0.254938454159585,0.177808479814455,0.566463109494449,0.184510762590178
0.966161786122712,0.123371416899066,0.842369860030862,0.13992833429105,0.3804532658402,0.0968437287848259,0.377894194732015,0.186582057350088,0.379171571357196,0.127904940483625,-0.863028940728185,0.0294320457808383,1,0.999999999991785,0.229374427232377,0.289225094292067,0.495191954286925,0.112708669398866,0.627118782902255,0.117047851455932,0.619290271620927,0.129064261811539,0.695850555307804,0.154145672751827,0.557168053458144,0.211211742085038
1.07394503181394,0.15428114143133,1.11825753417214,0.194768242030194,0.855950278193554,0.234726548855566,0.991863334687772,0.43779410572876,0.710107550463991,0.279581349840133,-0.910449522451161,0.0229407199933285,1,0.770679742417683,0.0213508370946185,0.342153112754527,0.8263635357022,0.138542611616918,0.618683848221043,0.150945756659327,0.620610089070118,0.155554218684823,1.23719438604948,0.135598347294031,0.626725593334877,0.218427240305555
1.17049326037642,0.156375143140255,1.18551442432964,0.232419673287604,0.57633150405132,0.171916797499355,1.42024698146579,0.639395703215442,0.752406820659736,0.278297678709181,-0.888832652143862,0.0282923179558218,1,0.831638538104227,0.554770126218356,0.314338581163963,0.905197932486389,0.143294233992677,0.624131221400708,0.153572100542182,0.374809560213607,0.177077071031428,0.483341621110043,0.180782792073931,0.723462597304227,0.198423315250345
0.731884355757728,0.118678799138596,0.965845642444086,0.142217340840896,0.308643975817525,0.0684959157884171,0.305574092228817,0.191808509161347,0.265927924835011,0.0858238124565873,-0.81340556051378,0.0355244990840545,1,0.865918019085085,-0.388245899841051,0.259822320496565,0.394873938397663,0.13067950930629,0.623241713966481,0.113707850617486,0.3187702940121,0.132540246706028,0.575712872287534,0.149022669026989,0.298876727427898,0.190536769615129
1.12771566385944,0.147598421374403,0.861609821702822,0.165738395860597,0.607499130060889,0.163268109236573,0.61812198137287,0.365002813317546,0.612787535799059,0.21614902582626,-0.896142923058727,0.024731667616659,1,0.999999997437011,0.66385540664208,0.312418559185371,0.178658278074723,0.180220204831028,0.776136637158451,0.125898585375796,0.970988775453882,0.125013215792904,0.692483709220517,0.168011687959045,0.667186670693858,0.212724799384854
1.15196267472149,0.137885137627892,1.11005437504489,0.135963567103953,0.618476112079183,0.124177325481545,0.416437091326084,0.220393169191575,0.487637192774216,0.13685707930932,-0.889760699596715,0.0190819773137119,1,0.960861196535491,0.262460148035698,0.305131197890979,0.749322803723559,0.123974866110119,0.731630508460832,0.107877856106069,0.686952173024461,0.118681783749911,0.687673412997804,0.136035926745704,0.824737499042585,0.157796663830575
1.32397469802076,0.180430172311345,1.26830329359446,0.218948963195779,0.764175482803154,0.204042188249154,1.43188659145378,0.551347675422336,0.726963323617289,0.270037120729542,-0.923455882273787,0.0192407081602823,1,0.694962929921583,0.236673406645732,0.408652416517324,1.08728392024508,0.131340256502618,0.860414331416294,0.13435755287058,0.898212750122681,0.146436451954954,0.930201253903471,0.1522672869765,0.893773728849836,0.191691253246909
1.05093737983152,0.169534100190145,1.35919455861738,0.189400906727677,0.731654407388222,0.169467601357094,0.594743787481579,0.38764853939255,0.598123588791947,0.218841863180021,-0.907201156007354,0.0203752033089804,1,0.906719543830465,-0.625615705406069,0.373141889805686,0.808565448023854,0.130652848274057,0.897542881747616,0.115889530594956,0.813249663692673,0.12265914000786,0.665890356831129,0.169083531990766,0.793788463473454,0.162606624067405
0.975476337343894,0.151816717267112,1.07791229975079,0.157731955441688,0.644518575668525,0.155642177508367,0.628871257669483,0.294189022754862,0.588233374964805,0.17442556545513,-0.919090742652091,0.017417682614903,1,0.923955530630846,-0.28005639183762,0.33406554716267,0.900424865661186,0.128455611045009,0.642395325725415,0.151376531779892,0.794111233536253,0.150668924652177,0.689594761050296,0.165506676017195,0.85223885311544,0.186265259379177
1.3004169133149,0.18965609958686,1.25668821772071,0.223112688889015,0.765905001811593,0.214322486260881,1.15644407583512,0.66985399408041,0.626736461771096,0.252058845763009,-0.922406775533296,0.0193066363633514,1,0.665940136445319,0.231072031827262,0.340362384168232,0.876133342557184,0.141513802516216,0.965201850503676,0.139271265125255,0.800546377614334,0.167094460985937,0.822954809513497,0.181266263918332,0.694810902313558,0.197131635903596
1.00254183159132,0.15197438873849,1.19183710712097,0.185841657917057,0.657168753369355,0.149592307906855,0.851669803290095,0.412839006039746,0.670624905621734,0.197280424461012,-0.902352087968023,0.0198368440230626,1,0.896407746087485,-0.253219244780067,0.343387518234834,0.710354739883358,0.135799075709058,0.877928702996636,0.120505675844943,0.761170904591505,0.1410068491997,0.747218093993118,0.133052714439143,0.779787895289343,0.1508077038327
1.30459376303428,0.178231062391219,1.16450293962336,0.153234923906549,0.5294546240439,0.134220487362565,0.275040887220601,0.240818214212306,0.274105922788783,0.143401970415116,-0.903277476188961,0.0216380068547348,1,0.718299256303568,0.123310457027132,0.352587553650931,0.870007708643445,0.129218187778661,0.786932606118888,0.128318622483979,0.78292240277351,0.152184987730985,0.777343097240723,0.14767926735958,0.505642099633616,0.183467120840303
0.907040937480628,0.128114941789107,0.929136834484278,0.16338894874099,0.520025986970429,0.127801768331152,0.317072076744423,0.254047850876217,0.377078464122946,0.145213134613533,-0.891851849212128,0.0221643503638895,1,0.92862464952012,-0.124167899782122,0.330596957388321,0.791823266960702,0.129775417425247,0.710145753690337,0.116907045929694,0.604962432590066,0.153288995027972,0.557645960032826,0.177608477136875,0.623452133912709,0.191927623357374
1.02688492855236,0.151319252092356,1.27377868604755,0.224590690849769,0.565437634979697,0.144963904085214,0.769801224336969,0.446974082915233,0.618325854594155,0.216878668665027,-0.920945043845281,0.0180361386014799,1,0.937207492706325,-0.450596717721174,0.310553767859283,0.825043675561458,0.122552891719826,0.640519169014681,0.135744112496704,0.811649246658916,0.145507634435458,0.988103596874866,0.134745502534225,0.743114497035873,0.185708473270141
1.35944587638332,0.165462312300799,1.31223433201521,0.187861576885179,0.641596621584945,0.142000659594437,0.670666098658592,0.453037116812939,0.577683988854847,0.194133304077142,-0.926536156528055,0.0156039164118487,1,0.880655637590518,-0.346396380669929,0.428610912842978,1.00759181714252,0.121058051702743,0.89490274924704,0.105157337664411,0.909334531727961,0.113043938241105,0.807894707807194,0.135846914815359,0.742647437180232,0.178934920814426
1.07238542951393,0.134368431823188,0.8437116796628,0.129973293395255,0.479529327228143,0.102839668717869,0.291761744863674,0.20680228038669,0.35646175754041,0.125978023772084,-0.876470931638194,0.0227424090988994,1,0.952996232507528,0.0656081882558932,0.294591139226855,0.526479878531949,0.131437620678764,0.791923962160553,0.0986678717018206,0.569527074678429,0.122988028249662,0.802440512208849,0.13572087054963,0.600896632448082,0.183632388161674
0.813684862895524,0.117869904937769,0.798998683444716,0.156669585768292,0.443618987193773,0.100548809243191,0.370302499279745,0.296331421620116,0.386742104217583,0.153500405918771,-0.89581188684437,0.0223652517543426,1,0.954197053687984,0.0537869321453915,0.301888703502252,0.643007954587819,0.126018424522178,0.622264834302872,0.128360815491372,0.538100782239357,0.136528614829563,0.907213526004325,0.144923979276999,0.538319965952468,0.187872535427855
1.00390961048942,0.175094235985115,1.07944560489273,0.213940291921516,0.525907928715613,0.168533491460335,0.842833542628415,0.47187053839659,0.467401605666237,0.212774412897138,-0.929083562576436,0.0193768655336568,1,0.702044166881696,0.157939051928403,0.362113832841222,0.832687822234547,0.150185916613826,0.55110975638224,0.168553034958051,0.811492297511409,0.160851567968088,0.781517937123146,0.168499612755501,0.58726240360512,0.225532474499426
0.815326333417208,0.154119152340384,1.04455461365539,0.168624347065537,0.52465583318568,0.143209887324438,0.492847244450219,0.230250072011427,0.464625869033049,0.17175706760613,-0.891849596539938,0.0236752389997672,1,0.913713343384558,-0.46463049822947,0.318996771780469,0.710878168122683,0.127063789080135,0.696129471938783,0.133392448264873,0.709491053648847,0.147958513781642,0.450161934981119,0.178943060136948,0.389935278241673,0.213222701895358
1.07453661269796,0.161497432756885,1.05199135396066,0.164187376540585,0.758483555338878,0.199294583688303,0.696527259603775,0.288587037766061,0.680070707265824,0.219771646030055,-0.914889464430426,0.0205582269575517,1,0.93564677561815,-0.0250850442910972,0.331631761707013,0.81942843524242,0.117046119104932,0.880471359154451,0.126168518171904,0.832364909751534,0.158477421354151,0.799841880659487,0.185333039418022,0.76090829947258,0.199094195602955
1.06113802604706,0.15831363079097,0.961747063802884,0.169800467170281,0.824214932526022,0.218351083097835,0.609475850936762,0.281097758485158,0.420356283906199,0.192477385016745,-0.89265114828491,0.0274785478179106,1,0.593087886141912,0.357241312753647,0.382132640495129,0.703170041718658,0.139629174952999,0.754268658438168,0.134417415980236,0.521626269363124,0.16881524305639,0.835529129472439,0.165254632007812,0.611207779478774,0.194076588874644
0.927578350927349,0.176450185512521,0.873756818062284,0.210090942087542,0.650899222667813,0.181375381446596,1.41254149254982,0.686055934161296,0.711623209240678,0.27739912276446,-0.852505538897246,0.0370742828433382,1,0.742151587202332,0.277713870165239,0.39441417328238,0.546826282154765,0.14554400981604,0.738433376584862,0.137675289882688,0.856148735749161,0.141999806569758,0.685080668193103,0.184934222628046,0.205048458000063,0.239544497871573
1.07571535527293,0.136802498908085,0.855490160560177,0.171089714760475,0.528983018963144,0.127479732806598,0.87779868428005,0.420286411489659,0.619042462181554,0.204134768118477,-0.865731651305879,0.028524522248358,1,0.908452263923999,0.269550415981859,0.344167483475287,0.691368245167446,0.123881296455907,0.819367076793189,0.124024940995582,0.410057402958741,0.145777905795653,0.782033474986872,0.136143647966549,0.623344889930534,0.179980844331988
0.943348892032554,0.137454383265805,0.873538329860724,0.162105195438959,0.428563030716666,0.106941775081628,0.567828624338791,0.317683764244688,0.325607107394273,0.136865740001017,-0.880062699123629,0.0263647930855063,1,0.660051592245056,-0.186287909418917,0.3091040108456,0.667903895548092,0.132567852362157,0.690057054422692,0.134633573350408,0.420487865885473,0.151408451320203,0.835424787287637,0.132834280142559,0.421306080548137,0.192980075291667
1.03142798912601,0.128971042690743,0.924072462655357,0.159336408848274,0.342886231652433,0.0895616324298037,0.419744974145793,0.24768294635237,0.35259421984302,0.131802991183155,-0.881002619832709,0.0264937688446242,1,0.929410153734012,0.320939589741308,0.284363354092079,0.581890829223658,0.145616339786107,0.586565529765443,0.127326993581664,0.412781512156146,0.147707965471714,0.74866962435887,0.126499506395016,0.718917341361962,0.163779063186545
0.937341768849353,0.136573507892406,0.961757777775437,0.143451249855931,0.480287076148828,0.124145553750707,0.378241600009329,0.193467476837804,0.387732267542142,0.139123429482413,-0.90347998846896,0.0211308249707936,1,0.909697180674633,0.172712505300425,0.332696848091622,0.555034655578029,0.146238214687927,0.617508589603289,0.118324594152404,0.77334635148824,0.147252035315628,0.47311556053155,0.173755216969147,0.617521517312181,0.190636636226453
0.851337943284773,0.130763055200637,1.103994907066,0.183503178268382,0.448585836793681,0.100186078691576,0.889052629690467,0.410678252382493,0.53822530731335,0.170847738616926,-0.89710807939877,0.0205824555655538,1,0.852270782471425,-0.502801390515333,0.285881374000159,0.808945419676529,0.12639343819982,0.731475996897341,0.120443003401317,0.795722688972777,0.121935039473434,0.809925580009949,0.14809003850084,0.840794752092517,0.179286933789148
0.989136051228474,0.165780415153456,0.970147971978458,0.188518667641126,0.884907660344578,0.227463511661072,0.975676112533318,0.450793486245004,0.929184193332066,0.300588755704751,-0.920296196723443,0.0195769936439227,1,0.999999999503239,-0.0794989303555919,0.399257482867324,0.979834573797867,0.144645288247144,0.693571777267645,0.161799929652583,0.841776791035304,0.143365750519821,0.272496639961004,0.196959420710952,0.82051183692745,0.136312392483204
0.959183267347971,0.130379099562751,1.00302970824164,0.143394789950527,0.455707034459015,0.112465931470482,0.500933264869406,0.244937268807354,0.409257093091796,0.142207307057683,-0.876542786629865,0.0256312663884523,1,0.856571090473665,0.0318242743891873,0.286375977780946,0.663931413226057,0.125227680896677,0.497010514657733,0.126777575862551,0.753864040651706,0.124474174329315,0.459453806856311,0.174203951645088,0.616645764269371,0.162020015611061
0.962697003182302,0.146240175873973,0.87727049431802,0.13399106988747,0.461729226812618,0.125978861948142,0.302921892126988,0.188424833248781,0.228289147653244,0.122052588417862,-0.862592253620224,0.034569706899247,1,0.610416484462721,-0.0320070850842041,0.307183020196097,0.707767270401337,0.125438535973795,0.527648159135523,0.153377241916098,0.777218234424638,0.149430711241246,0.69399453024356,0.164395377888461,0.635927877465352,0.193339065625417
0.926694270212962,0.144331602546522,0.810733230531719,0.190286842415983,0.516977942680129,0.144875179888057,0.886678774230552,0.465980523986559,0.601262485903595,0.218141873573305,-0.883058707377945,0.0289100321992451,1,0.888065390217139,0.304121565989017,0.301893960983278,0.366426553345273,0.168893827329176,0.606612677551285,0.148221946471254,0.66269429338005,0.148369438091263,0.82126594446053,0.158190387894844,0.802992551796525,0.189064595609205
0.764428776366162,0.113299328795833,0.755040740429223,0.135678186985006,0.303026596143183,0.0862035157004011,0.320925856272748,0.190485546388729,0.311847831225936,0.120153003951049,-0.870666810898067,0.0312160396899376,1,0.999999999998216,0.121264863740612,0.26781693825143,0.430461820374464,0.123205178781455,0.434289956489513,0.14032314463404,0.65870360272151,0.144980584427114,0.539890332185605,0.177891210351905,0.469744436353756,0.198033352850747
1.02271004338851,0.16593333396479,1.23475620703331,0.227605083823666,0.661101246582872,0.186959760540366,1.44735476907032,0.649908946954776,0.821920415139208,0.284055333632461,-0.904872150603865,0.024468409345111,1,0.840249536282476,0.38683275924004,0.329684730257962,0.606044886968443,0.143714978085581,0.663560078339013,0.139356127694996,0.838864646136698,0.146009491255591,0.784045181243527,0.168326067091303,0.83399095432074,0.179950549880653
1.12745461021593,0.156314105871756,1.03803789678197,0.182815738500144,0.645722292036737,0.151619440945001,1.01270853546511,0.380123762726419,0.776185508030435,0.205474572546054,-0.903765021152983,0.0214674446146058,1,0.959843448360853,0.0683024137148037,0.325598323917058,0.821900935576262,0.150441811251262,0.908748904464452,0.115955856355379,0.869921617711202,0.120455720942318,0.662809259881319,0.159885724959611,0.640438180152169,0.197602576085234
0.727843357280116,0.111299388915531,0.646461272309046,0.122545523240827,0.435372049263123,0.0998292735179314,0.184229599572776,0.122514748492029,0.283210907797179,0.104605401350306,-0.86282429687331,0.02696457930779,1,0.999999999964955,0.0659573323895473,0.260357944283931,0.555189973713486,0.106754296847086,0.681215868273179,0.100192230439217,0.661766950594098,0.116630616390172,0.862981655699282,0.146382937533366,0.0914498879920498,0.282374836679226
0.849605344151617,0.117437743025064,1.03682890340371,0.165803425390978,0.354823745041936,0.0922714750853632,0.411504060668455,0.235567990752492,0.296315298858498,0.11584606042466,-0.900370914304812,0.0210291085318286,1,0.775462274335621,-0.326472452231295,0.270998619781821,0.73538689068262,0.131967381311054,0.773263705722207,0.120393508898489,0.506094704860792,0.158330260640026,0.524123785483272,0.16691745317006,0.616164213060982,0.190985922273039
1.06776245337555,0.157261380505559,1.17538058508398,0.214326998624474,0.856754794569455,0.220143976501361,1.48172183775754,0.633031611495667,0.771368906807734,0.262831449285975,-0.925344296372808,0.0182304352077166,1,0.684621472590866,-0.174675262752075,0.406314529777285,0.878246148568076,0.14110068168603,0.805942726613765,0.141459908681525,0.868756400676842,0.150377818830435,0.898770908512563,0.156835951751452,1.09652400011385,0.152149117808695
1.13751809542206,0.166301520296966,1.21291975051201,0.203623970995364,0.581288951678033,0.149610379832756,0.694011534550577,0.44202707842771,0.178310980130381,0.166154451785703,-0.941190850316782,0.0131288600012791,1,0.280736388487575,0.136006840992223,0.387902235163697,0.997358702947337,0.125742305363751,0.805862846319749,0.144005430301544,0.859134764243585,0.136726121499214,0.953417158555925,0.129070649873911,1.11240678615258,0.157076102431867
1.00743126237757,0.142926201193034,1.16410951592651,0.175263082311407,0.615736064417645,0.140587837410633,0.505764206114461,0.237668854989363,0.558047723575849,0.172975671792817,-0.884973729318353,0.0244365019697725,1,0.999999999987082,-0.147219327283815,0.311982422224778,0.65684524896135,0.131997888445461,0.740556081151037,0.121929967481895,0.826646586100835,0.127002016438611,0.67877896163135,0.131429525599023,0.602319464733218,0.170684178567654
0.851573992056758,0.158741950433488,0.914995102469766,0.191488179778707,0.692447465656845,0.178812024163651,0.924594128260469,0.462200246060233,0.718096801072293,0.222970319641247,-0.923077258243164,0.0189755023969624,1,0.897457748378786,-0.306913892523346,0.354163040445735,0.585248978374794,0.143600116432258,0.754200859982223,0.135665462166532,0.910817161697371,0.130917626006567,0.803044004849524,0.167837765368322,0.639835043283391,0.208125189864218
0.961843518235375,0.148223824485565,1.3513688047167,0.196177382378721,0.573707555967911,0.151470647807176,0.710543276597884,0.356171275568582,0.518640524414358,0.173996232495008,-0.898247876083179,0.0245950988687904,1,0.812317661216894,-0.413941348215546,0.33970394582158,0.751164555315969,0.156145794441315,0.833455054238699,0.122961303343497,0.581906209311875,0.144631617814664,0.669912586188398,0.167459897087087,0.568477255177161,0.203224051052591
1.01144595066237,0.155791600813689,0.972637884403678,0.141430656906523,0.639110926965951,0.148973940226699,0.215935137958111,0.170660942903355,0.37149226931444,0.17076584625284,-0.913603849668884,0.0177191133715972,1,0.999999999911105,0.1126730464352,0.358175218610936,0.575566503410636,0.137573397592364,0.81272201604942,0.125636156297221,0.803792889131319,0.145571793388694,0.55714996531545,0.170028851049711,0.644691173078768,0.177252928726364
1.03122887374055,0.132014597344801,1.04112186460816,0.1489428385871,0.554931932797076,0.117774611955227,0.559103210427355,0.24883590044941,0.557013666957886,0.160315971773996,-0.913931168810458,0.018427343537926,1,0.999999999971586,0.358278337883679,0.336171314832036,0.616479858563849,0.129123958252146,0.759488164557731,0.122049169415699,0.628615834297306,0.133331034585993,0.885034353905501,0.114269680013945,0.893956967526585,0.117009316943786
1.25550334234356,0.174164408512917,1.24243487799343,0.201719286577281,0.55873862940636,0.154595977737803,0.738189986964986,0.429782619407595,0.444284715476248,0.174383013466342,-0.902998566483551,0.0216083087166869,1,0.691787879387593,0.418124597997586,0.337897844596303,0.755019536461842,0.14075117698351,0.808084632416141,0.135878377433964,0.471351403590072,0.161661493089775,0.656445840383931,0.181604282234499,0.600738205683804,0.194225287234082
0.937386715321467,0.148544837362331,1.08049463250413,0.155305942305587,0.558817393823299,0.147051477580208,0.230981722632884,0.184778832131994,0.254379596155859,0.145401024848009,-0.896049732454649,0.0241843663791664,1,0.708041164638071,-0.0278297738909559,0.345629260078645,0.767856753676399,0.128047529618041,0.620491039338294,0.134670973469141,0.739327496516769,0.121102323444832,0.441919383892379,0.184332625619854,0.726039055228754,0.205114255042923
1.13533520104755,0.172930230050668,0.890007465676398,0.192573717060007,0.872632841669819,0.209910335373266,0.860153500364699,0.39369806128449,0.720423819751453,0.235085609363386,-0.926179078928083,0.018675272992139,1,0.831542223303306,0.279225255773526,0.425230206611834,0.805082481943113,0.143360060072266,0.764278273245578,0.121894341107584,0.802895843378407,0.121936771740873,0.818120865673002,0.156830673562907,1.17859297081448,0.187516689434656
0.888058617900198,0.134343645469967,0.756763884732184,0.173781012894008,0.48798756199322,0.114993498251448,0.704082443656573,0.376540152685121,0.550124194931666,0.197066389546687,-0.881457627865041,0.0246076558569822,1,0.938522334096437,-0.0761341392193896,0.289626961439851,0.599320111769868,0.136501768911692,0.530756907669578,0.125563239051075,0.639184711314872,0.129146438955097,0.505703331873354,0.154265460659156,0.707445052547579,0.181820795708745
0.871609921552291,0.128843740874177,1.14432554947805,0.152539966411341,0.470163010843066,0.11170873353694,0.334605454431886,0.228037088318439,0.371289954673876,0.119713069223492,-0.897462316177358,0.0224994377594473,1,0.936100467100941,-0.429689874941223,0.285474135973378,0.592024236342861,0.149084967186768,0.415577494377978,0.139673882457337,0.804267817458685,0.124116652688272,0.427355536200811,0.138056905469402,0.730964129311281,0.148309489416763
1.07562970143081,0.132793425639423,1.12441102122697,0.184206783190493,0.493320213902848,0.118221070466865,0.578289097995775,0.354302888445859,0.483770013606698,0.161190705239671,-0.868863183010719,0.0270241565296285,1,0.905736745132059,0.0280865266094911,0.28554454398384,0.595025513904284,0.130552346638779,0.543743086801382,0.146000715364162,0.583199085524053,0.134003613522607,0.593353701009363,0.134007940612246,0.84887954585232,0.138438249124761
0.977119472558798,0.168577448012537,0.834617272470306,0.205341356986787,0.752455120439173,0.180264987950123,1.84170815994889,0.631389880753589,1.08312956632288,0.297911660783509,-0.937072489200314,0.0127621800829341,1,0.920088714619717,0.152929008293008,0.381412952128028,0.823479630889882,0.126832327587309,0.611822785962025,0.131860850442761,0.890488666919914,0.129979059686456,0.745629501719175,0.152307359224218,0.758444081005258,0.195602134104168
1.05764834022986,0.126111284653438,0.914453368324019,0.143817848386277,0.500798606785883,0.107469670841204,0.313292386004273,0.168441807063035,0.396101490059501,0.124782375317865,-0.887207061072087,0.0203659963948983,1,0.999999999999336,0.115112204610608,0.318495603217933,0.705902389618567,0.116654492430763,0.779421521927136,0.101809453018933,0.50246123189793,0.128206873520047,0.557552377428431,0.144122307774463,0.534192593441413,0.166767068519234
1.10946708969406,0.156538191024502,1.11789152440704,0.199346699581084,0.729928344816653,0.194349798315786,1.15406720180908,0.632387146245119,0.821026116715333,0.318651035453584,-0.915152571554027,0.0216443078939259,1,0.894543178987728,-0.484228030358007,0.353013577032215,1.02202870230624,0.120614397369877,0.943466070363475,0.120562961886653,0.694223469109526,0.160284853662346,0.905264467232669,0.171325005640282,0.709300785878896,0.201853591151457
1.01372117554554,0.179450346284044,1.04348793358096,0.196810555913678,0.716966504378173,0.184364307715052,1.06167859164776,0.484352266268819,0.690533624844541,0.250657781421554,-0.911545719813336,0.0188469411073518,1,0.791478036431573,0.0418950495180193,0.452923081724017,0.609686667964043,0.158198337969334,0.715463458752059,0.145720757053556,0.948662415663644,0.138046200627142,0.886404995798216,0.156719495446955,0.843526490699785,0.175796276013198
0.956918621801802,0.123620799421355,1.0001025127729,0.15652116483372,0.483096033901661,0.114281374940723,0.385090948231614,0.213810486133394,0.431318802937313,0.151168073496018,-0.891056724725123,0.0218932919692997,1,0.999999999960099,-0.195256256006954,0.330585115377043,0.409677826714143,0.149144567688006,0.699180184024784,0.120190068268565,0.6966839959412,0.118971004475917,0.715820510652269,0.138615785009235,0.726693106964119,0.179815535793626
1.07749021013769,0.139327904926169,1.22658668738997,0.176863707684747,0.433958042132245,0.0986613514242776,0.937459145535849,0.369572802784844,0.60120680002993,0.166682519832305,-0.878137718160152,0.0283975149688503,1,0.942592192960065,-0.0783918628238547,0.263345789162306,0.676708101253996,0.13526680606213,0.557181750734345,0.129282500594501,0.73136972872644,0.119691761894012,0.769422845310053,0.146810755566326,0.775633887789019,0.16873509619309
0.828379925853153,0.138986458318113,0.692188141571688,0.161207425467784,0.475374936219577,0.115725578872557,0.685111982551137,0.403384813462315,0.555136670911514,0.189508728766206,-0.89711333696171,0.0222996819248862,1,0.972749452209756,0.0202549703034615,0.32894488580357,0.649681491659097,0.121070454576693,0.588849557053618,0.127672283110807,0.74926764715173,0.137606671779523,0.614692255930481,0.169388782711555,0.755583027182922,0.203638597615539
1.01583703134998,0.177957055612849,0.962521284139801,0.197298848120652,0.782298189216398,0.186383021857447,1.07897705129608,0.45454544223846,0.692320978948713,0.258615059990683,-0.940528748477252,0.0126456294788345,1,0.753555468032043,-0.283822660480615,0.397891399173616,0.769925811332052,0.128483042540872,0.850621936994064,0.121568800160037,0.735904597993217,0.147512136719898,1.03415400648734,0.146651375012531,0.415014304689694,0.213250950303271
1.10183971757192,0.155410541028593,1.33414474867217,0.193690352231302,0.645338606212583,0.161594875846742,0.741067874947001,0.351363028214419,0.602977802687696,0.185064294518787,-0.904000934502051,0.0206001666839913,1,0.871923750936471,0.10369401710399,0.329783214241127,0.610774520062932,0.141241369165595,0.654259026858094,0.137791250101452,0.779907233061704,0.136361342902637,0.804441325678696,0.136172722964272,0.576872804753072,0.17072101036966
0.946100516557568,0.146542818063151,0.908739830692335,0.16847184937215,0.62481780858476,0.162964874860527,0.660182046870256,0.397563041531272,0.564921042111847,0.204800796185272,-0.916744616578389,0.0189323256739987,1,0.879587799971656,-0.342303413086487,0.325848552194088,0.803742464232913,0.122454860549252,0.729045288523859,0.120968300245999,0.525135992989695,0.160934246863419,0.683686967220273,0.174384774839639,0.781698310449784,0.187796143462094
1.2885313950135,0.170256091434659,1.31111534480448,0.158489711511756,0.755580504729287,0.178666768739233,0.494342356478022,0.286937813614159,0.557815695290396,0.187942429679137,-0.876164755291535,0.0282701154773021,1,0.912717644256728,0.0729778195233651,0.323392884807071,0.71897062478619,0.126213926854987,0.826692224471009,0.127694107078423,0.695570509745055,0.122982487395052,0.38249517759535,0.169105513562958,0.860602391006558,0.157983043750666
1.0824801646708,0.151290858532634,1.00081949982773,0.171985566027988,0.503551526134227,0.13824537138625,0.431452038310962,0.228723969136298,0.438676550418188,0.172915879144366,-0.924741654947083,0.0188128654819393,1,0.941144262267071,0.157467681436161,0.280467779556791,0.799377549787925,0.128647260123611,0.758684897546511,0.12966454994559,0.667512264728006,0.148490318037877,0.660276449000604,0.150575872354359,0.729197275501494,0.195331505582921
0.903204727694149,0.121986553591294,1.03369925184636,0.144072399418912,0.500188254994066,0.115044323379875,0.295381681534168,0.184868449845759,0.38437800121534,0.145950272303515,-0.882593677283943,0.0250046096480425,1,0.999999999913742,-0.312535598709555,0.284178142835792,0.820733093928396,0.113976311796973,0.597924049262546,0.118367759698881,0.710812845525899,0.120655330377614,0.524972063142095,0.160461474858064,0.583178230786158,0.188659511947573
1.143057657162,0.136075466190198,1.06851494787588,0.176470344357443,0.590745943986344,0.147535893671317,0.845008821236381,0.442463121384624,0.679866082310964,0.234763348318132,-0.912284058231381,0.021268538494445,1,0.962259881792334,0.498756082411011,0.349072360821964,0.9091428686425,0.120057770219341,0.623197130155298,0.125739808513963,0.70317458583646,0.148299046861885,0.51787210737556,0.170080481238124,0.972710652976854,0.180472107543705
0.977211358258249,0.126903810169829,1.04231317634612,0.180602821969493,0.540232030246665,0.130602604606888,0.613466340809216,0.345616361983202,0.450857683791046,0.169792998950949,-0.904747522204862,0.0190641957302795,1,0.783166209400532,0.0521353553714231,0.29529615236,0.746131924531223,0.121691732175314,0.847770824419337,0.11940841040054,0.494224753295891,0.159905719597518,0.682863878590078,0.156256329854107,0.78510756587444,0.185275168821624
1.1841634544496,0.180925104219835,1.21865307126158,0.215004473320464,0.942175144346805,0.243500531574847,0.716168302133997,0.445566859056041,0.742723587349292,0.281616427320152,-0.921178558054819,0.0187228283914463,1,0.904177816070259,-0.29628486688383,0.412176309577411,1.01512514838533,0.142868233790528,0.990072346348414,0.128575596444264,0.797816672646878,0.14607818282998,0.79818571265829,0.15904632053724,0.81209729253942,0.18939240673509
1.12565648575775,0.174657294993525,1.32221763426525,0.214378751835741,0.937274957892116,0.248868564565142,1.00972240216307,0.43100835725491,0.82814587954316,0.301602727730565,-0.924471818568124,0.0179178457463016,1,0.85127982831787,-0.318133053220353,0.348533921147011,0.978882335547718,0.123773240759061,0.763106115581977,0.135422152459481,0.811325557035614,0.15785359416361,0.839486959355139,0.15436282544587,0.896778578011376,0.175752706157979
0.954792640001676,0.121056124007488,0.967490116181468,0.166885372198328,0.470328451687833,0.0942694081463538,0.660052298697813,0.313329817320999,0.451360662021035,0.141389242179481,-0.880435887815219,0.0239029915340117,1,0.810091184500193,-0.937767634316439,0.297410947165443,0.996150480705258,0.112889384304587,0.625074270339397,0.11248933925178,0.732595253087914,0.111907770957617,0.60642368893296,0.137348860058727,0.685747709873026,0.176642737518968
0.866425612049984,0.116500888013184,0.817011848994196,0.153179347254801,0.497940869194385,0.108604582449896,0.705782653902282,0.283691264963218,0.592822088068097,0.159925360262266,-0.877499617538119,0.0238111281080214,1,0.999999999935972,-0.359142070510423,0.292246243182363,0.60227894824702,0.118240615507141,0.634193415943597,0.107760432997694,0.757968422693141,0.118214078456291,0.591768563653607,0.146908748076952,0.732106363400914,0.173643463213642
1.09653843396036,0.139604297490162,0.705073494552051,0.139059472302088,0.570631499249872,0.141120420831023,0.428746440050527,0.206605992644138,0.494627358608401,0.165034903339422,-0.90165629826688,0.0219909555069819,1,0.999999999999687,0.471511410325738,0.34841329312599,0.595620065685288,0.133878363271368,0.615114431522523,0.127504754377054,0.62527620292108,0.134491001429753,0.627329995371055,0.154432105461471,0.816098891000006,0.190153084931833
1.08618132513973,0.140530092044686,1.12401104240255,0.181562087620016,0.622496815662331,0.1543682766949,0.658622046576448,0.30293959624448,0.640304713931131,0.200282169526411,-0.880382964470733,0.023374454076124,1,0.999999999955585,-0.0278443180919547,0.309723975613987,0.602278745547468,0.136656136811194,0.757948040948248,0.103139879807728,0.597660804459285,0.140742965523365,0.576119695799258,0.164832536049691,0.74406428450492,0.166372233330249
0.906835987357506,0.13926152729656,1.05422843139574,0.149751948120488,0.560306919446581,0.137371767263306,0.394974069266372,0.327650976891372,0.428179908604851,0.168011906751226,-0.905955171632966,0.0188626778821002,1,0.910183587595696,-0.0368094709392243,0.279275811091046,0.527384749581827,0.126587366769402,0.800282671254652,0.120493068282096,0.619686000192288,0.133896240606661,0.748711956461842,0.147228113612127,0.737143985185135,0.166557781342045
0.947430483757752,0.137627794552261,0.996397064104423,0.164586360491117,0.578812529700377,0.134165196179355,0.9357000554624,0.405489960301508,0.665915645649246,0.189739229088343,-0.875871995350897,0.0254020591379439,1,0.904861122765833,-0.273139894864,0.344094038955809,0.824934104741044,0.127375400545379,0.599006922773533,0.134784458289259,0.550928844998563,0.131170214337975,0.699152455793966,0.148471246845783,0.910026991311244,0.179319168413044
1.20011366835756,0.171828340316599,0.979731698206006,0.171124361376708,0.586200037448004,0.149947521917325,0.488843330122114,0.317125358716182,0.29986794446482,0.154738555547782,-0.918008124625044,0.0178679557435471,1,0.560173132211381,0.00599250844141552,0.323385031525691,0.604694878761987,0.155939024523828,0.751082740751337,0.11884820567151,0.839931394102769,0.116010735212467,0.79734745240315,0.155041125230651,0.713101770822903,0.184680603671725
0.949746875238948,0.139696670753453,1.16021543549332,0.190320396173678,0.614404915934079,0.145795535278296,0.933416101669673,0.441446497138142,0.534302422349101,0.211690438889747,-0.914332771428838,0.0170834421601771,1,0.705540840368842,-0.550348076726891,0.357577885311317,0.680418724159406,0.134095566382473,0.739368932748569,0.124312789763639,0.742211231679486,0.131610454411062,0.843089116164732,0.130677291756958,1.06294995176778,0.136843309052451
0.815913655968306,0.114359962825263,0.691753065469616,0.152113728552783,0.472612896478936,0.101705843952804,0.409423743624142,0.285056918639693,0.424003015912832,0.150570811429924,-0.920014386602557,0.0160701380676712,1,0.963894825974548,-0.0887822252639952,0.324575880351643,0.713148600919126,0.136715077675031,0.574253391743726,0.113836669725666,0.819408122052453,0.111250649716769,0.418024836447368,0.154649808677482,0.727654020033851,0.172663920848714
0.877219347561178,0.135934566048092,0.858171906413002,0.177134606431133,0.506352173176252,0.12064726801571,0.701615169210637,0.369988110018722,0.596040573839598,0.200600567231665,-0.907850019400948,0.0205578136676457,1,0.999999999999728,-0.613095603191788,0.274907504920355,0.722541764312945,0.112511374756146,0.669881265399086,0.125129550353539,0.602849610031211,0.133754644054052,0.673922207873826,0.142046286445669,0.740275308141868,0.177106358007695
1.01818848146738,0.12713260688356,1.19122079714357,0.155378269923685,0.438079496587533,0.110534979875376,0.714822452811168,0.314869883784848,0.559597230383552,0.171987792418154,-0.876889302970958,0.0253324977539547,1,0.999999999961616,0.202535051260932,0.28079617149162,0.461615382199953,0.148946522234302,0.731513818835606,0.114888015390784,0.712661565861625,0.1252902881577,0.539928840450766,0.146762275084351,0.887246719444495,0.163553231942774
1.01522805968912,0.160166396557335,1.06321681424311,0.177174990465621,0.515917653798621,0.126386445018612,0.657093565081593,0.359669025697399,0.537062179240663,0.179388199323048,-0.915860143127619,0.0196633180948071,1,0.9224031304791,-0.00826851226155847,0.337326410020564,0.745236113825963,0.136401458210505,0.723343686526462,0.137345248324268,0.600127519366442,0.137860948750035,0.905715936687546,0.145933217942288,0.606676109638975,0.19182238216197
1.0229629138755,0.127137084643918,1.03575845539128,0.133668131721831,0.386140430851424,0.0896522835002831,0.368133791491635,0.165778473111279,0.377029628620113,0.113410968230875,-0.876815847798256,0.0250848423191558,1,0.999999999999551,0.189838354525518,0.304504549721326,0.549756666263218,0.133906682633226,0.63681708305843,0.123461100190949,0.588971579293183,0.116845277523101,0.769767324090243,0.126839202322863,0.60742499377561,0.176262361902241
1.26395370853198,0.182151267352399,1.26274533102469,0.197831152264506,0.919071975017749,0.24096410433027,1.0003168244753,0.447810130417169,0.83635177655947,0.254439262242979,-0.93422610810246,0.0167354491304744,1,0.872258952075679,0.298833614155242,0.424275802169578,0.878894478864413,0.15355676597537,0.78449788733999,0.139674432143138,0.809107880596133,0.123912331068111,0.696829357634999,0.165251786729605,1.11199502805242,0.162051420987499
0.996434569728544,0.13395154768067,0.885385110351533,0.149685727507319,0.542366826554539,0.125253495919844,0.429111953004405,0.214880141115986,0.482427287853791,0.152592538135782,-0.868955707414816,0.0268771432918813,1,0.999999999738641,0.0241096737112266,0.323340113712531,0.62324200726212,0.135967870403659,0.705288887919384,0.123257994040795,0.786032428070877,0.127067739300139,0.81009396277867,0.136164748589906,0.566361647907828,0.17347365875731
0.922871484049751,0.133224946428276,1.00161454336498,0.168502421106596,0.561684639450099,0.142352457323593,0.446031257695877,0.277370324603937,0.500528626555545,0.191440896970986,-0.903414440935792,0.0221974185874305,1,0.999999999679074,-0.754502697372276,0.32423519199669,0.86032503894795,0.13376946110113,0.642043139085262,0.124931573625748,0.838163714162905,0.129113484959828,0.755627389532517,0.162805609408101,0.586458682234825,0.207234971096825
0.884944873969546,0.125356789483164,1.00466322164609,0.16266924541979,0.425358364566303,0.103292202114137,0.414303560368121,0.348600745958246,0.357616377534295,0.145956150633775,-0.90697957108639,0.0194322111722489,1,0.851884229009717,-0.711270775203907,0.341415615824004,0.806156110247222,0.130372439222553,0.755641474039833,0.128157739823509,0.715293429090396,0.139620679325638,0.901452116213536,0.136347574821019,0.722980709824321,0.173461979192214
0.984324467820714,0.159910016643853,1.05984062242681,0.19872376408745,0.552238102555892,0.172436284710407,0.437190993284411,0.263318256987373,0.33790084071623,0.187397231936915,-0.911851403235254,0.0258702386273593,1,0.687686478301028,0.555691453864456,0.341467096850225,0.560437799252593,0.172171725443753,0.925051035767918,0.139322376656365,0.711111027613705,0.177629361959578,0.54418547137807,0.185234932786229,0.542794649078518,0.219479330140448
0.887583717398369,0.136124852811479,1.06536746954502,0.149498695907677,0.574227674378055,0.133214240649988,0.248792914165443,0.212415923816366,0.377973210343161,0.142828717884675,-0.867653789713976,0.0289851162832046,1,0.999999899324208,-0.176500775927679,0.310184311182143,0.415161400786101,0.142589583478508,0.699760098696211,0.131315494028934,0.691053766119354,0.129880838166832,0.727870939901626,0.130889222555938,0.534398848502456,0.163467034069299
0.928594036019854,0.12981518211009,0.863892458075914,0.137141276382588,0.548164026369234,0.119633257378242,0.360622754771157,0.294468355294907,0.391269300593229,0.136713656643183,-0.900401471773373,0.0199000160396266,1,0.880022842375543,-0.249223743645949,0.306069738256064,0.721357692180674,0.117229451776781,0.704482262648163,0.109315756830061,0.72822166365608,0.129270677779132,0.542399016752747,0.155273705478801,0.72351852159727,0.170067286530453
0.842227367297019,0.146251827114595,0.944310719718588,0.198821757407305,0.675709959047866,0.200223512969853,1.01572306334544,0.549629507652361,0.585390901768757,0.238126625243703,-0.919973586030749,0.0214657741669476,1,0.706607351410195,-0.643203156786832,0.348346857387241,0.877855697400668,0.156871389894405,0.91706689878399,0.143393560932884,0.634064354628388,0.142074894660995,0.88295677707946,0.180366733385416,0.898996358610939,0.197064573736491
1.19236111514296,0.163028019366466,1.06316973077412,0.178827883196569,0.686822746674219,0.167922552395545,0.67387307128053,0.381161908785623,0.477272915787936,0.20542683570672,-0.905446833752549,0.0218616028069394,1,0.701544790282185,0.481346403019072,0.334123407865755,0.819548595064508,0.141118990648432,0.413786780730433,0.14466052878789,0.712837344253674,0.130970752692906,0.753353859689388,0.144330024327694,1.02060136877301,0.167704738230283
0.992249333192597,0.135427078682422,1.23249081875017,0.168578070055928,0.50590670043923,0.130615956932019,0.31784613557535,0.198875964213903,0.40099936371054,0.155248102981057,-0.896338352825371,0.0255955575922652,1,0.999999999999912,0.292313371911281,0.311813725952552,0.66387162474357,0.128527601691839,0.646005215394122,0.134632085904757,0.777755420450253,0.135291154828686,0.774063022963662,0.179213858947882,0.591636684597914,0.23431306197146
1.045135136563,0.153950552698035,0.761642978475263,0.192350534738555,0.762326108161947,0.203031932800548,1.12325086908822,0.520389531766883,0.873479197887429,0.304688041260388,-0.904320492931396,0.0210352897823886,1,0.943938691852173,-0.118822259666553,0.282643102451599,0.858730895517685,0.131218041877007,0.799859553556298,0.135974878396796,0.629126656172025,0.148392106989358,0.771068034652104,0.178972791593463,0.721985631816892,0.188591961320683
1.32781487071862,0.173548820683076,1.28808583543316,0.193666009398727,0.71681312663658,0.177328608223519,0.440102610770253,0.235310188002406,0.561668317562912,0.191489672973897,-0.930420713319091,0.0155989900484138,1,0.999999953223648,0.410882603760391,0.356488365787459,0.535203237767762,0.165791912460069,0.780559419971593,0.124518159146112,0.923531469206514,0.141693680378474,0.800170644197039,0.159168563444892,0.936091232463974,0.147163310818664
0.953075492593852,0.135742574379867,1.01450225601356,0.144208655647172,0.437585203968318,0.104858619543339,0.311448226498315,0.150020327874374,0.369168167209133,0.114150691597136,-0.891315988556716,0.0244672678881974,1,0.999999999863208,0.048860376339597,0.274896844279377,0.566308064992543,0.137445468389556,0.35213755752975,0.134257079605863,0.808372148465966,0.126280925100413,0.553663475257657,0.164200596957,0.593754005871936,0.17524155326628
1.04128082871575,0.170248401609793,0.963344602297653,0.175979294579105,0.666484691921027,0.173522166040121,1.25526876809841,0.544774887384903,0.78184481996072,0.260628918596875,-0.913900199258401,0.0213237305748747,1,0.854785432155026,-0.181538320570195,0.392635623001158,0.670663492122032,0.127515138594677,0.832446745433864,0.133804667061675,0.810794400101597,0.146191724773773,0.753234124238591,0.159366192039297,0.65620106864028,0.176678864053733
1.01357076624258,0.157841024383729,1.13650950544253,0.197686046735998,0.721679211111374,0.183667536966197,0.709135291493106,0.372432865376136,0.409273184233584,0.217203912894,-0.914538905475806,0.0199249925139554,1,0.572106185315897,0.146200913691294,0.356273051715619,0.565689414360257,0.141199920512979,0.929599938478252,0.12346760863937,0.897852329869054,0.135340262306344,0.80931554363563,0.198835292449064,0.72860815342271,0.236218606132296
0.935771275741606,0.137548537932579,1.0487791373278,0.163809365993433,0.481388131398721,0.121240516980188,0.530351234448377,0.295847844916427,0.505276943571214,0.182691140720272,-0.903700771162491,0.0221741424703266,1,0.999999999938423,-0.616668379625033,0.395590985968057,0.684515797570936,0.135764988580847,0.797868463099525,0.113165329033557,0.652372205129387,0.129494247857356,0.745154157077414,0.140102764925053,0.292511368946772,0.203359758150113
0.891139782601302,0.139402957850664,0.831085386957089,0.151059625138168,0.526832350861838,0.115404537600597,0.503656259087679,0.244182054155794,0.499491051633644,0.142482098536453,-0.903382874304329,0.0181706003758665,1,0.969670931745899,-0.288643397954775,0.36127026263491,0.767141104541418,0.130660326186619,0.660630804648264,0.118914501727176,0.6415944562243,0.124534536137502,0.924248233522951,0.128749335957139,0.446012186396959,0.221050755030744
0.911919494434345,0.123849843211688,1.04670345719973,0.167329904226338,0.418405136970596,0.101977119726444,0.669329074283422,0.297263742816811,0.478125141528675,0.155605930108346,-0.877547406934318,0.0270156148481059,1,0.903489754253336,-0.210530460978555,0.292574335530767,0.775150152017305,0.120748292084045,0.56915714001788,0.130599516275019,0.548243857544042,0.135498188758087,0.725318282802202,0.140266293124923,0.739746490930338,0.170658798082266
0.952901052081626,0.117979271384596,1.00498427657039,0.150645526101682,0.478490249586413,0.103422322103588,0.214527310654815,0.154303881501654,0.32038917955309,0.129067663327421,-0.918330224423015,0.0153085380431108,1,0.999999999787518,-0.115106994611404,0.279955262236921,0.704279631504222,0.11779253925766,0.555689664343886,0.11853694951588,0.747203965168433,0.120810981691465,0.729739044461931,0.142608173295175,0.705793065000717,0.190086736012095
0.902160404278756,0.122068106131728,0.818033880042536,0.128809742989877,0.387794903514264,0.0933797556216381,0.181422644635397,0.205952152226672,0.25292772544797,0.121011263858547,-0.877116347410752,0.0262308179243496,1,0.953563552992009,0.0936216585579869,0.276111572424995,0.585643136675518,0.126696637206119,0.593837038832389,0.120960782142473,0.703135131799798,0.121468268377698,0.570021767348889,0.139584626362297,0.62695131303473,0.187157435070913
1.25376574560005,0.161266502538119,1.47282679072203,0.205259708455028,0.694006949226021,0.185317561533272,0.65805351906983,0.377795431290541,0.347852698727806,0.225420854148706,-0.920707099803354,0.0194418480650957,1,0.514734004316344,0.589402103553795,0.379531154162697,0.746877192827802,0.150318066169646,0.664956986981142,0.122767615080546,0.659215492101405,0.151025359835118,1.00445634481567,0.156889339584646,1.0411310559453,0.150059541309705
0.941459508250395,0.128042770028732,0.745603180481197,0.136745047746641,0.485112349437543,0.118438512543448,0.234582841102137,0.140226650244312,0.337341122863487,0.123742783599233,-0.903848087246244,0.0229054370058143,1,0.999999999956093,0.250857490433952,0.27038170227837,0.659022139431488,0.13904663056561,0.516413179492688,0.1460467406669,0.649610003854413,0.138974548828371,0.64219527131925,0.128655903215902,0.489504176007071,0.17309902306709
1.04020607616709,0.1497760727138,1.12857504804368,0.170709486871241,0.656496098925207,0.153073617612206,0.709120734099306,0.377606092449531,0.682301249869161,0.219152205647161,-0.934800300332407,0.0131948607196907,1,0.999999999967613,-0.3822741326318,0.353529677698651,0.818966243608513,0.121438656121709,0.834818680842825,0.125179402896899,0.735849024127424,0.136328688860892,0.743450161611065,0.15150962622084,0.780202968197056,0.141362012520621
0.889999624623712,0.135068070751554,0.949277504483467,0.138044766250502,0.712339512169597,0.170573548249234,0.404307360131209,0.212321158885644,0.536660141643701,0.175815523637453,-0.891194595725876,0.0251252708556209,1,0.999999999907284,-0.259598652865656,0.289531220465787,0.794202376507949,0.116013134233889,0.846718269542263,0.117775577530321,0.563454308071535,0.150150521698788,1.02764300771729,0.158074411991503,0.53230651018332,0.203252082851036
0.854892433139921,0.142735799782269,0.847523522603101,0.17247195465907,0.483680318388958,0.124025736427647,0.716636763565918,0.339588553675694,0.588747055081693,0.167354911686198,-0.887157831345045,0.0251163033959766,1,0.999999995523336,0.0602548149778852,0.301879701948421,0.596827422166237,0.131667802552764,0.603067754977862,0.138057681679605,0.709267281616759,0.14155280590665,0.784945778951664,0.159069830660633,0.658167123830575,0.15212799471526
1.23713054961099,0.156695903745399,0.988814666997249,0.187550144909328,0.668810152141397,0.176968892361803,1.02722972695521,0.425927816878654,0.633071365706244,0.23780407150452,-0.919722810444044,0.0185848583115591,1,0.76377854150145,0.463218650046519,0.346131361873369,0.869968557040365,0.111787625163417,0.840818715586603,0.122484837143577,0.660087739011342,0.156914625724285,0.72992373900643,0.168992749849762,0.906444508866559,0.194173791587654
1.01423386797382,0.130483607437964,0.975658625611825,0.153990031142817,0.50937741358232,0.10464657285468,0.620062003008157,0.222357273127983,0.56200140508073,0.138637274112424,-0.890169794559591,0.0200243959551367,1,0.999999999936278,-0.0857796281832307,0.283934357778959,0.715975403866091,0.111677180444015,0.659046568000111,0.11560416092035,0.580333215323703,0.121052317768067,0.758102349258063,0.144313151554467,0.680816187987939,0.174126554027149
0.791666335827178,0.132983794408844,0.74640845892752,0.172388003993415,0.37088969447905,0.099057765833658,0.277724848539065,0.207918355215903,0.262317841169215,0.138740143315289,-0.880048796752486,0.026013390818267,1,0.817331199128335,-0.0235651933915132,0.329275554484139,0.35398354519655,0.146439149159351,0.609800345184578,0.126738001219207,0.571077259745254,0.138538313529576,0.598129687101153,0.163618419498932,0.663722642064588,0.175804136878619
0.926951089083424,0.177468939969948,1.12130617650183,0.19738540667643,0.764013865984652,0.199120518936998,0.753244550332274,0.391281470081074,0.735276138583219,0.236284191991776,-0.922097988753423,0.0191828574227543,1,0.969241169383226,-0.268855001991927,0.363591904049012,0.699575479730894,0.131358229898164,0.963812134781761,0.134349445143642,0.764778719588872,0.15623587576056,0.482089094107186,0.192628824863157,0.899865194693609,0.206697621823452
0.970038495246855,0.15482267274818,1.23691025440195,0.173685711698929,0.818851722728343,0.196428800015256,0.618226952137794,0.340540480964506,0.711502777933566,0.247621043274301,-0.914841400099492,0.0191105903324189,1,0.999999998234082,-0.564006596245676,0.334571968107308,0.905605577976517,0.120519903330887,0.724455691741706,0.126687518114754,0.775436524979244,0.127244535839707,0.826888814592375,0.15480774846776,0.861144125807998,0.191380822592726
0.855372080596134,0.11245035251138,0.878589659110959,0.162986064569025,0.412313730229484,0.0929638318718479,0.834346926825157,0.359158640490059,0.3991751026281,0.143780190967338,-0.801411813498306,0.0393346036637666,1,0.680575344521846,-0.15148483647636,0.239913349800027,0.587035494865103,0.113394442461735,0.645961487579297,0.122103400155396,0.316399380996206,0.147881761861046,0.55214541972432,0.137374740750592,0.618819122182417,0.159487178948768
0.928570958247354,0.137412192090545,0.84515941805585,0.149734353954129,0.528757340461034,0.14737815987844,0.376711420970272,0.241787406052233,0.439142550527115,0.169215490587681,-0.875017779889531,0.0285279567796352,1,0.983949754242628,-0.0222768490142686,0.308781231142395,0.553575117741636,0.15590941250388,0.599480299665478,0.134166982783288,0.777044366832539,0.145349759317938,0.687195892823935,0.15544342574332,0.53910831457785,0.204359263875993
1.00544677689621,0.134092108663288,1.15172697202056,0.185272450238161,0.6031139299062,0.147879584286859,0.373309077394967,0.229839782331217,0.474497528693976,0.179204008713044,-0.88523291392067,0.0256278557806008,1,0.999999999998566,0.240632836979351,0.282122662886112,0.769898438892,0.136228761815119,0.719823461328691,0.11983068497555,0.770778370057512,0.129533058405049,0.540629893987615,0.160349605099893,0.706177270671472,0.183971497695216
1.01998954115977,0.154483451650158,0.94652370277748,0.16385744735285,0.520367050794256,0.145957070825391,0.403373485739544,0.2853005221393,0.148947507556093,0.138347381409903,-0.895673153430448,0.027589237148958,1,0.325105765481966,0.173935334972684,0.341413541917525,0.909482086190457,0.122223607970847,0.623791730216406,0.136344074410806,0.784965204976544,0.15099037862595,0.36713995000348,0.196645668152263,0.642269779649929,0.20574102525384
1.12741212909936,0.141466047852369,0.99776231155511,0.177910348289706,0.589993013572398,0.141652203887664,0.556190690126151,0.385368678439688,0.486523605877476,0.183964004019034,-0.912965434109747,0.0196694916289934,1,0.849314668492883,0.0369181942824104,0.35755239986195,0.717484319679863,0.13273720425509,0.756846929231618,0.120864889899105,0.696894507353166,0.13395492665692,0.713408115020563,0.150809765455524,0.471983795564041,0.197622988286157
0.959118352203048,0.149259365940376,0.840040295934909,0.157639442627749,0.571796707867721,0.156804931391615,0.388807057511721,0.286294028112777,0.441110209456107,0.169025583520463,-0.905870381781345,0.0227276488482587,1,0.935533222193651,-0.105551783122251,0.312103136594988,0.614931652320675,0.132843042758351,0.804863747704982,0.137947372097832,0.635146789207727,0.15026381354023,0.731019785921804,0.155439321706346,0.430759664546514,0.196742115948513
1.30439853157663,0.19860050522279,1.28561754068646,0.230602450687102,0.692587152145062,0.179865561846358,1.03800835501816,0.498996004472226,0.593816310660725,0.228659192129848,-0.917762386015882,0.0211826764547584,1,0.700348950801536,0.672484184756831,0.411957999347428,0.687476637721931,0.162517871772611,0.828598936247448,0.139616097085413,0.746019173614343,0.147729012159411,0.51633436634972,0.163958861820361,0.953204796181207,0.149595909991963
0.819646776546132,0.138695310168125,0.933202788031033,0.162440736797179,0.438536845914679,0.120778696743624,0.636728707496889,0.374005580043753,0.512772758924816,0.177180120772418,-0.90190048911492,0.0231354352297844,1,0.970386364638431,-0.175910972419784,0.273221534063921,0.625702079807733,0.138138692140064,0.632990016643713,0.134588099364933,0.496326286086942,0.144290359420286,0.649848463654004,0.160876423100749,0.506544294733545,0.187108120542698
1.00235420921233,0.123695343503155,1.12518953055437,0.160986276966741,0.374391252948051,0.0925716919432361,0.398222548464705,0.213772990130285,0.386123087719012,0.128202728603412,-0.891929987383473,0.0239949101470472,1,0.999999999992611,0.266464145523317,0.297819603170379,0.55330977122262,0.12702798926733,0.333303306137231,0.15023948815119,0.60604870882329,0.142739514353401,0.619637551664435,0.148424560498057,0.493884344084727,0.17022072038252
1.26639278498525,0.169310968384662,1.32044123739323,0.212110148479749,0.806667657801182,0.170505792697628,1.65511296356073,0.66344355136851,0.671569306618074,0.238220070721266,-0.895771869268384,0.0195249879431713,1,0.581205474511699,0.432570157965783,0.375717403795262,0.756469653798117,0.130468792287766,0.66390510857548,0.142331185907062,0.774538536845798,0.125847902112939,0.743693902203022,0.135379668005513,0.996245280044736,0.115343322420953
0.926686660813,0.149741606441816,0.966336688185927,0.156931739986304,0.583131126650096,0.145361815845961,0.598630297813421,0.376381445631681,0.465364230285801,0.162193826170131,-0.874051357819986,0.0262551066817063,1,0.787645035285841,0.0725547973014544,0.326010153963021,0.665817027457268,0.125408669052157,0.590369089889077,0.141125340863355,0.747878034896294,0.143205876496091,0.642028276483159,0.156522117354389,0.76872034389262,0.173590624871019
1.09565010271344,0.146478751570041,1.10174385339373,0.16186576814743,0.464335140090928,0.121445132530534,0.550887045022328,0.298153928387467,0.387047123385964,0.128993426284203,-0.889159513004994,0.0247312945071327,1,0.765273700502519,0.335827890336936,0.284094943268994,0.691972841619109,0.140559877877437,0.543136780524175,0.138628056604198,0.448661085868857,0.148341351401149,0.771482607322916,0.133126353548002,0.474456487657644,0.204615708136809
1.0901642626922,0.144123710842488,1.08056961818995,0.186257414450038,0.683237095113255,0.17597989443857,0.98622265098761,0.555995651535711,0.656619066107653,0.234537456410118,-0.911304290962788,0.0206138238585598,1,0.79990844867163,-0.0603714943063725,0.284343842646565,0.903527256765012,0.125058392365727,0.75297759140126,0.133711407120312,0.764830477208973,0.14307541615568,0.710924914776157,0.164706310562517,0.72430530377608,0.203707105494813
0.877317996377955,0.139091404524901,0.998674869759023,0.153091334932537,0.555608315085702,0.139725168880822,0.185597943017675,0.205793844798273,0.321122455734499,0.155733189009143,-0.883466854331929,0.0250647179060727,1,0.999999375354895,0.0652598244988686,0.305500534005406,0.56923705573279,0.126327516902271,0.483083637534375,0.131438462360807,0.331405051848233,0.163104042279184,0.774740084808787,0.159496113764953,0.741591079226832,0.181142417815734
0.906254136307852,0.12153714071476,0.941736852678399,0.16796960584896,0.273144665626306,0.0798844039926407,0.489139982158236,0.312270863456496,0.348889657716403,0.132051172049987,-0.903453035346813,0.0246182687481642,1,0.954498284721397,0.0494166358370613,0.279947028107302,0.571900275858125,0.135615752076077,0.657571175911177,0.138889932272481,0.476670486541607,0.146690144209848,0.782150987681677,0.159187464867871,0.58617009853232,0.224636071632905
0.884334061824254,0.132944667668221,0.758905403907942,0.166224878033279,0.598276565653912,0.128562081025486,0.766353417757623,0.343414464369227,0.677119849696079,0.201232933285931,-0.867788317745735,0.0261944105780604,1,0.999999999999207,-0.173888516820797,0.262912568923794,0.842829826400568,0.104836399095656,0.607341529058355,0.129481600173806,0.502996084078376,0.136274898200116,0.895483197772378,0.141062218417732,0.813646504043708,0.173682136842306
1.40168315197451,0.154047646462008,1.15554793208854,0.193265664925538,0.45788152870824,0.119122211923306,0.889213435597277,0.36837454012716,0.533782090992048,0.165500210298985,-0.912384866385529,0.0194613671501375,1,0.836535601534104,0.745938265252587,0.32495866284934,0.698270284057212,0.135592123177955,0.612454970719902,0.143237367161629,0.753961724319476,0.129091177750172,0.857916265199929,0.118268073494364,0.718911706535376,0.161967916398656
1.04573009921928,0.14501130396779,0.797657211558352,0.171122185855358,0.536810787672452,0.13322195155244,0.686319271908181,0.334582294564226,0.591145053214511,0.196856526999644,-0.863390861254498,0.0298212451241323,1,0.973913408902717,0.30938755352361,0.365157974352069,0.546564434961056,0.136448563242632,0.799907554153294,0.12163219244093,0.790334844615843,0.141497477045848,0.681357304265206,0.153708060356845,0.79287905602532,0.182058874531618
0.910048212515561,0.122975954851237,1.04904467411858,0.139356417269218,0.450823237724214,0.0925095273674424,0.140280146853533,0.109955557988337,0.25147872670588,0.105105264100421,-0.854794147397802,0.0273683861965294,1,0.999999999942068,-0.272425830620052,0.29474339452791,0.657176250754396,0.130215930038217,0.562874959898067,0.129187624566535,0.607484596719671,0.135632413878869,0.476458620014344,0.141855052998051,0.63716189728226,0.156626562776679
1.01552963586105,0.128371001060469,1.12361711143517,0.183595888341464,0.623675973626383,0.157196387830717,0.646616173083426,0.341536983218277,0.635042495633932,0.222316226262388,-0.892341388163532,0.0221661096406747,1,0.999999999938753,0.10627702557078,0.292876246918895,0.439729489755388,0.135579797689189,0.801624199061494,0.107882799498052,0.694751237893652,0.147537639109985,0.718711509176127,0.159888426935312,0.670911265001342,0.195721400320507
0.867514780949512,0.114290890741378,0.982116549548643,0.128971189614723,0.30607359211435,0.0709476630766423,0.208404995989046,0.136425315412469,0.25256140983257,0.0979643216203943,-0.853859457197045,0.0283390507357006,1,0.999999999997423,0.0632276560159476,0.234283623384926,0.527325570827598,0.117515039747287,0.570667111621048,0.113265587885288,0.392765383358859,0.145954327727409,0.251882180892285,0.174793673302108,0.551494307675374,0.15869859225069
0.759177350232214,0.117431930862849,0.803731935118335,0.129488434899972,0.365145993163332,0.0867364089257312,0.472134249501265,0.186380498418376,0.415208296361359,0.122311720430357,-0.814211953803545,0.0354884860431334,1,0.999999999787523,-0.29667087119386,0.269101081816553,0.678751414868739,0.111499817071183,0.391665421557371,0.12409715144758,0.509538592461734,0.139677164447135,0.567036485278967,0.150498661092407,0.694937483351066,0.197323284228789
1.00090556387061,0.134992559896015,1.0501172260754,0.186213244197139,0.430089086671414,0.111180088459802,0.773703506175943,0.398279222383139,0.446552367916692,0.168865223623137,-0.918707149684447,0.0180792641168115,1,0.774115748596619,0.0903580467272431,0.283108855598383,0.718734760788283,0.137946738238626,0.709653230380689,0.131642961484687,0.816495705562957,0.127315059701261,0.661031118455144,0.161369259942859,0.645704847742047,0.192594694738715
1.01906206277179,0.156916536832849,1.21684787004808,0.178568458611257,0.69103873944338,0.18191585226987,0.486172939890769,0.264052726150079,0.579624305474824,0.20692732790305,-0.879086990846537,0.0269916024510447,1,0.999999999945787,-0.238011799049261,0.35569754837106,0.513249086333171,0.150423696387533,0.778227453589687,0.137671916463013,0.853634246889263,0.118300280281798,0.621839704067449,0.168075619674168,0.480376107169406,0.191690469489754
0.98787063929392,0.13142047225332,1.14208110349142,0.166597383504834,0.48375198231128,0.112308228946322,0.785430999817456,0.323893057520497,0.465286769639865,0.14826319435006,-0.875041745599155,0.0239075415123527,1,0.754840694697178,-0.249679728918372,0.294392407039703,0.665005249238912,0.130825265973019,0.727517584881187,0.125533589180384,0.736067172986316,0.126364373331105,0.760300184500387,0.134040070262114,0.788577741996679,0.154118274607582
0.838780646197681,0.118761213230624,0.86495235925658,0.136574772944368,0.427437167274875,0.0925708688065961,0.569024933622865,0.265208211516168,0.431719495451478,0.124360537767413,-0.920819908569369,0.015141807090312,1,0.875386552775057,-0.587132538784853,0.305911075464554,0.707691923562888,0.119941248853234,0.696563634735902,0.103707030117066,0.781622135824256,0.115319501607614,0.895495358927977,0.126216270573457,0.605424169632856,0.205101231019832
0.99279462373132,0.149541225735026,0.857736727520628,0.177863020335507,0.579628688521805,0.15464867714419,0.789490925414333,0.399227027034364,0.613061209163661,0.214173171780783,-0.896957994654196,0.025418970330475,1,0.906265254716969,0.0263580758261531,0.337063286282223,0.671780182566994,0.14641941972953,0.563474936266976,0.158939820703925,0.927137219914688,0.127064573224291,0.816246701081295,0.156870283439866,0.748284761951116,0.214000703901861
1.18372573276755,0.170751371730999,1.23367886388834,0.224079493383451,0.612669494303549,0.159650931237609,1.74284826855626,0.682561537078368,0.708177778058808,0.236065319347179,-0.902097393110343,0.0217564820769763,1,0.685329421815398,0.301170388039121,0.360207809101041,0.898941612686073,0.123200348448922,0.648954959720682,0.129463080158068,0.898328680592436,0.128780508400746,0.566266247020586,0.167082500859401,0.902186618645439,0.17803188408364
1.0629399199586,0.153000903093585,0.86126465496393,0.183089895642788,0.519357019099218,0.132165882687178,0.978676030157544,0.428993482617332,0.711015849359827,0.211690078177387,-0.890917343354261,0.0243292349716661,1,0.997302259976354,0.441334385451895,0.34329003595526,0.565936016474952,0.147631920287551,0.546889598586999,0.144840959095233,0.851539627041361,0.137158152777333,0.693403232742464,0.163683909434744,0.715510629667003,0.192080799775076
0.726198483959669,0.146394163822015,0.99117485685824,0.171085312410284,0.604083792305324,0.154934591574118,0.785449465366392,0.398737367873636,0.633213838726455,0.210563835832971,-0.879072493351111,0.0259333673262276,1,0.919269141287953,-0.89644873953907,0.329414185690214,0.712929388325348,0.139688977613637,0.744566482412884,0.135819459473166,0.518543965788157,0.15061906189038,0.743928682877093,0.147709353465309,0.456409539824179,0.182530602986076
1.00550234833919,0.127250052947876,0.92498836231568,0.15732930843381,0.301296254462581,0.0746273470490568,0.573210699144505,0.277298035007785,0.343584443091741,0.111983942826458,-0.874990970887116,0.0304036019771273,1,0.826760046625292,0.236049835454368,0.291202652310521,0.596326330609134,0.136966693142443,0.655747820424159,0.127832639068504,0.877332289758021,0.131509015838839,0.888574621486062,0.148637495983836,0.793089477236371,0.181736826078669
0.842282612317293,0.126773043519065,1.04911989396529,0.128940242830421,0.408629031599726,0.0996887754071324,0.344910873924351,0.164200749829263,0.37542055926653,0.113529587500225,-0.884029446169037,0.0233025233872444,1,0.999999999716445,-0.316618450287484,0.315908709482226,0.604577059745402,0.12846274037504,0.57893726536186,0.136863533438946,0.466650900315968,0.142177148586191,0.701924420857009,0.121340632563506,0.663032911938998,0.147935561419352
0.995316037901971,0.164568944703068,1.0082203368648,0.179380034508198,0.68321126213698,0.170633710079112,0.682196687105865,0.386699778574801,0.464761579018079,0.199327124827032,-0.915150381881205,0.019337118280043,1,0.6807660781247,-0.048773339135775,0.40745937639947,0.796546156508672,0.125946782721681,0.778779228759569,0.132555219165059,0.680863733297496,0.134764770538821,0.617001623976195,0.175447818308012,0.938959479617102,0.182811935321047
1.02598146280042,0.142745184550139,1.15223204254137,0.17122357863043,0.6351708300264,0.156148303467967,0.717079596770177,0.360807389118163,0.674883725299096,0.230722954439072,-0.878135654390337,0.0258391564432648,1,0.999999999997888,0.155807382369642,0.31703848732946,0.643385515036938,0.13636559034781,0.703477043735881,0.120369889868297,0.613948007490619,0.148269101902821,0.76768263212575,0.160506274225576,0.917456896256211,0.159020642074917
1.07153620861551,0.156759402993213,1.0283865993997,0.179491730054744,0.543155130662147,0.143261396768154,0.773834019598523,0.454592986029437,0.614754970512513,0.212167291082776,-0.886814990782898,0.0276431950318311,1,0.948235469700316,0.544289426051741,0.370386109708181,0.678290903127984,0.153587678909029,0.482128535389798,0.149291417198315,0.766579648243329,0.137603843574764,0.664158548262848,0.170745800453989,0.47086147787203,0.186351642670625
0.878520245476329,0.157739780430894,0.805889211776648,0.195799170477927,0.790538890803902,0.210863272212339,1.41071084341033,0.677497430610468,1.02423912301212,0.374022780374441,-0.934060576008823,0.0171864416257343,1,0.969886106869143,-0.457423468195419,0.374390386685012,0.835264224564622,0.13009765188325,0.804125679591877,0.147381514647394,0.588003536563327,0.15932799372078,0.882303064770118,0.169280826485582,0.840376916914861,0.198725440137079
0.911777623657604,0.147403199552354,0.983330097497515,0.145499783372161,0.77416119175306,0.179399784991332,0.387467120166617,0.189676205400448,0.547687874162704,0.171799239060293,-0.907587274090301,0.0186641191516231,1,0.99999999998591,-1.00402481381756,0.353523543237912,0.95051267019392,0.107494410033879,0.788857547284486,0.118223804563867,0.627293491065634,0.130750497104171,0.698104818422501,0.160978472131004,1.03310844505682,0.194895122299187
0.934519717613165,0.151866017597085,1.09025050270317,0.186371279477603,0.624715999335151,0.150360796096071,0.68615906741867,0.430186003155796,0.459803432461834,0.183753810994243,-0.921194735915172,0.0180224237220461,1,0.702293245143882,-0.308451761331239,0.369011050735292,0.850040119526766,0.121578943404869,0.667789780520303,0.13214279476666,0.671693176259813,0.136458378366142,0.667717685614776,0.156764335384961,0.919819254368698,0.194559256907179
0.720914971484282,0.105970665805048,1.02562387061464,0.166112655278587,0.331335591994745,0.0789401483923147,0.346658859055886,0.260192434676337,0.139927432598473,0.106170927680246,-0.889268835774364,0.02381379039471,1,0.412874127537883,-0.444889392298813,0.316159419776763,0.589368877496809,0.128254441290794,0.612751079583937,0.127666811120732,0.504163644329364,0.1296701954539,0.743435839870005,0.14026943913002,0.487584915975516,0.183850260921402
0.915443048019675,0.144164847809274,0.748238520030657,0.176584980721366,0.497952193109237,0.135280974574256,0.883741448618472,0.458273348853291,0.60004851289545,0.218045472416722,-0.891937894710193,0.0251827871309727,1,0.904544478197468,0.203463817125484,0.315708009238131,0.477636564828551,0.140249649742126,0.593095283943937,0.131671566009947,0.717001939412721,0.140767946940226,0.782099259862236,0.148138490399793,0.704893578741199,0.229124147089925
1.04651748032691,0.176256296096282,1.47118330440284,0.244434494956943,1.00011623339554,0.270237377481569,1.37450375851274,0.742641078315234,1.03966982220286,0.336098672423761,-0.933975033392117,0.0160195492523048,1,0.886741908056814,-0.269193008948378,0.361288788733649,0.807534763432057,0.149885272436677,0.923034967841907,0.137448817741091,0.773011733556563,0.165435143419439,0.792372608012062,0.173946168735404,1.08938321268514,0.190053175731022
0.865326153363548,0.114804194743005,1.15980899918808,0.135004801697635,0.352730595178049,0.0735921610856713,0.38164979733578,0.248256376849063,0.256904282266442,0.0922246722947415,-0.883713665165116,0.0223875717286846,1,0.700192186008581,0.0418809282395482,0.283103762468056,0.636094181137222,0.112592705837063,0.642429320993414,0.109200896178732,0.650727654706966,0.12155280791791,0.641185522834608,0.154474976586547,0.544329630620638,0.181539831201179
1.07271809401452,0.132961178038153,0.630442797056006,0.173964251687502,0.444466705855452,0.122563251443131,0.71102434422293,0.451135214281772,0.342502871356788,0.173768816945454,-0.905843408849952,0.0221486415901242,1,0.609259576576922,0.585622692300482,0.26083062144164,0.619300533182996,0.140266910820279,0.776886997911967,0.127103383863441,0.666463100267009,0.14603444211975,0.661285868366735,0.17654581909937,0.397276380121032,0.228856522781154
0.842298523693289,0.119832930213602,1.02233684922212,0.170930851783839,0.504446809126389,0.11221990764595,0.721643686295246,0.359915214498694,0.576466315145569,0.174100610389694,-0.872656188663903,0.0272992417672988,1,0.955443119619098,-0.132628547849497,0.26330815298466,0.491141590510196,0.139952188297791,0.387060115576425,0.143323671871232,0.71842746522798,0.123270738046006,0.362377055939348,0.164418674842633,0.559734231956472,0.1722928876728
1.2391505831504,0.155757676024317,1.16522343056951,0.206036305617505,0.457646320567085,0.130263539016272,0.716191723000214,0.412697921260986,0.457646726437105,0.18180256411982,-0.90222051309743,0.0268701861324384,1,0.799375298292102,0.203911025349147,0.352302853322888,0.654733845556308,0.150696574860763,0.632261185225189,0.153916658986957,0.804565448126279,0.146342268443869,0.553846708630593,0.162149614487073,0.820557764175796,0.170896069053475
0.677378863952295,0.126445663333062,0.854660104170716,0.173486019084839,0.537954029387247,0.131733409233596,0.862378017791827,0.378588309183293,0.673342217740904,0.193214102562816,-0.889231488907051,0.0249630569748767,1,0.988585927031385,-0.282502523983108,0.297164648903762,0.578254323638841,0.119660379030928,0.666920097227341,0.120138361137928,0.772623890738181,0.146888380318346,0.427396857342779,0.190005824089787,0.724653107122188,0.209257301902665
1.14740447011835,0.148091415695524,1.13677528496493,0.1752476276153,0.580833916667955,0.149577020886104,0.404642737866706,0.249147193712025,0.426773238638571,0.162871263489441,-0.881791755799695,0.026436070644849,1,0.880309359360168,0.269623913674169,0.325586024149781,0.766850833999013,0.140097031779952,0.713421998177096,0.11930989497494,0.671776053582652,0.131933775595038,0.589403289494416,0.151421702712955,0.633011913403123,0.185877338446666
0.96625192341562,0.151762871616333,0.917779823737199,0.166920183189267,0.460396596766558,0.122019083970862,0.625657734481438,0.353120183931832,0.408755457990885,0.153859742324898,-0.908017355882902,0.0220022811424101,1,0.761603802129048,-0.161016945536297,0.296295698357035,0.71534682137159,0.147412781445486,0.616629217434961,0.144665500114743,0.703428097715603,0.146268278045405,0.419430640735722,0.169800781165808,0.819625770238133,0.175097367864067
1.12175093076303,0.127827639808727,1.2510043473932,0.186946816626352,0.467297362907217,0.109926769490953,0.307032021528114,0.195193612177524,0.356558149535228,0.14888611554166,-0.923241983711116,0.0151084969368438,1,0.941329926911157,0.245324071186684,0.318432820745389,0.77240335135669,0.13784664500042,0.735040305570989,0.125132719559247,0.770144632968392,0.116461685733077,0.525345432993982,0.161527369253695,0.489246709476842,0.193758461667282
1.08608444874111,0.127500928001173,1.337372126358,0.211465551817678,0.461149099682957,0.113835410333563,1.45586740654881,0.596442734235043,0.719559696579312,0.208419456404118,-0.914942936081448,0.0189109229989808,1,0.878183424798195,-0.183704071482479,0.259006002292933,0.781695448725946,0.131770608886136,0.797644569925693,0.119597904110363,0.538405112036038,0.157392864189058,0.739690674412918,0.142291931141755,0.628108016535875,0.193747861553909
1.25523356758214,0.158969870789653,1.20748704953393,0.176100271468551,0.512782048401929,0.131687116503718,0.588474469528857,0.37074988442383,0.536727594870091,0.182905511007135,-0.910563743900906,0.0216308206116395,1,0.977065558792656,0.488630443602473,0.340168855552069,0.821726090254885,0.14016863181207,0.735515218349367,0.126014412078796,0.651335606596687,0.155123959809192,0.884634409853683,0.146938319682152,0.484888752748224,0.20810028719509
1.02648349516809,0.146235395568422,0.845129764423135,0.160898695064601,0.545092653011059,0.157882785387435,0.746811366654519,0.342621267784669,0.638029301133943,0.218050196057285,-0.900179185054778,0.0256127024449719,1,0.999999999947113,0.199626671800451,0.27203526826838,0.711768478921938,0.149129375104323,0.586796947545336,0.149189939709249,0.853715845682953,0.145961771909164,0.689383617969483,0.153964127901534,0.69166627518985,0.21624690989863
0.966137537041332,0.150117586329361,1.07802637955443,0.140577830348206,0.432711689048539,0.107307867320368,0.200176696920864,0.185090512984129,0.24817717361671,0.115994384482942,-0.891603216540676,0.0239841905535705,1,0.843248857218577,-0.309130549495623,0.396681362688961,0.778936612229075,0.15325527901842,0.761746574281442,0.129380944014981,0.648562514167403,0.142892417529756,0.557951139302915,0.156345539990488,0.928483165865749,0.163741971515456
1.00300160388196,0.122905100532067,0.998532007909097,0.143440121975424,0.505359603563455,0.112161857132614,0.760948727344196,0.3218253199895,0.620123170976067,0.169394026033145,-0.8652390429958,0.0244068112270962,1,0.999999999998225,-0.0113348337160711,0.260591143864523,0.719420698726325,0.114807056192575,0.581513024422919,0.114264292655685,0.772784144341165,0.105781368093146,0.712021003662483,0.141266839845354,0.650888878421489,0.189799199311453
1.07998222717932,0.155693020067962,1.07177447846951,0.202545620665807,0.458788846203104,0.136240013727854,0.834710057496929,0.407450811325263,0.503817223971263,0.19853862287704,-0.857040546401163,0.0362826852843521,1,0.814139379589356,0.57597070931704,0.295069411505112,0.54744611180413,0.145400686787446,0.612828849347576,0.147041834200629,0.839834864357274,0.141267107672772,0.767647259899452,0.167714909156151,0.893320964287423,0.214711285656929
0.942669696207898,0.152524896630053,1.02716579085677,0.184953779137577,0.607155151428129,0.173874618554452,0.610577672998175,0.393211468552363,0.555754613408299,0.227044792567145,-0.927596217297396,0.0171211837046965,1,0.91277297828955,-0.183409583964819,0.360775972553256,0.647799497647597,0.143568782879443,0.711546084920983,0.122801749009237,0.698995454664621,0.140651969065627,0.474212238019765,0.183411080270699,0.9626293507498,0.196091625473249
1.33703714265645,0.181823760410115,1.17941095885361,0.205154178935916,0.722369559208891,0.193751236865407,1.09971840334384,0.522410792205573,0.677358170385469,0.257596867419937,-0.938946701352225,0.0161805043912907,1,0.7599725553826,0.621179997252989,0.359801625573866,0.832260447344234,0.14928756820665,0.813210154147005,0.144158542756733,0.986250054596776,0.134657595670181,0.876412706714278,0.174072790961609,0.903355505636823,0.198351179568888
1.10477038615984,0.157226249663748,1.15137877063642,0.160902725563171,0.762351287558396,0.193150999564117,0.409788007241902,0.260204232821264,0.558929704761068,0.207155762415522,-0.923250878899337,0.0181585937332328,1,0.999999999867865,0.00739268130094106,0.429539860168544,0.810658314425487,0.130634624223486,0.854005890977205,0.124489266126737,0.924472207012588,0.133621652537831,0.577516464111718,0.191761720101562,0.697852523899819,0.215610377809811
1.13688696792955,0.134041189489909,1.0874299813499,0.208152360127365,0.449299902267978,0.112461166889992,0.984393290057487,0.510828291800156,0.562261193133569,0.200569532974008,-0.904366269081891,0.0201496217691089,1,0.845445516594453,0.370602960025518,0.263620200000293,0.624067547946734,0.13798067653147,0.599576973603962,0.134269833151702,0.741444363702277,0.13483551211528,0.731898343273712,0.153054541827639,1.10902103857763,0.163217641892697
1.0510522896755,0.169200294648606,1.18814428749517,0.22854895180687,0.668146286027559,0.180058336323882,0.89161118545699,0.469203912058608,0.615935888587623,0.236038437465968,-0.920125349093083,0.0188582624501115,1,0.798016693509903,-0.360904716132241,0.378686410335844,0.798980840202032,0.131216615567438,0.877899691233894,0.118527181783677,0.836059864103557,0.150662829048718,0.753914453775662,0.175067518400347,0.744829672150625,0.189647190447562
0.957311782204015,0.116686711028162,1.26614186246003,0.157269035564566,0.395622768124333,0.0932872022208174,0.372976922035968,0.222010370307093,0.308724627115717,0.11872189699859,-0.887928005888962,0.0227667715652273,1,0.803692019254335,-0.0911003920656916,0.268793920941996,0.656242531472567,0.124077329531466,0.630575403542439,0.121755394399496,0.760940695278278,0.12328953623502,0.691009258347478,0.166404260683755,0.520507679712162,0.185695298199767
0.767442836605528,0.136358186648566,1.00369232057406,0.15412528438689,0.641042082258725,0.150778327962523,0.893734087053094,0.366138096243391,0.56600314727379,0.189510363202013,-0.887867777589948,0.0232797184068805,1,0.747775814854021,-0.772818266271384,0.383418399197533,0.747492346613074,0.13487406964685,0.721956454483361,0.118712662814381,0.611847385003329,0.132921471623063,1.03169545586759,0.119998833030306,0.772913016976167,0.181064551902181
0.681941343680008,0.125785045323743,0.883451267440707,0.155640286033649,0.626974973420268,0.159447385253442,0.820364021936542,0.356937348822402,0.717180388773254,0.210557863094588,-0.909752826771657,0.020439668806259,1,0.999999999214877,-0.925342211015585,0.310007175080148,0.802666030541461,0.131615176610168,0.649492680145641,0.124349844949637,0.642340285223148,0.141002004684778,0.700059159519228,0.159397410993384,0.826388265084014,0.184096675505199
0.940845292300699,0.161379373873421,0.981378726787978,0.181058642727329,0.809541063527046,0.202400431864114,0.607946311453811,0.384365889303223,0.675555485923277,0.258159629481704,-0.912506033400852,0.0216704208936574,1,0.962961601176232,0.0996509884812878,0.338026539191957,0.604868804771603,0.155451202330448,0.803036224790786,0.135390547882032,0.88380693935292,0.15510010219361,0.894827567959969,0.166634263830336,0.660542296210081,0.166838270071089
1.06497205434301,0.149140391376593,1.24558728340394,0.170132372524241,0.713437890636596,0.162644390289272,0.418535468166803,0.280895038533172,0.546442184992929,0.213937938331221,-0.914502866960082,0.0170155145086176,1,0.999999999957003,-0.508305725279928,0.324675364166988,0.693651450437637,0.12841579426137,0.834923573144809,0.120003602537144,0.603206508884754,0.142487814934683,0.803609105959311,0.131014559645056,0.561535926162678,0.164405405658976
0.990301514808485,0.143403546461801,0.938568982969278,0.165229036817176,0.58364776478799,0.141289839451903,0.359286157669125,0.186877636506987,0.457926372722829,0.154075848795522,-0.868384588309637,0.0298288062947723,1,0.999999999981489,-0.0735964715394084,0.329547281282856,0.681375939632973,0.138304578457114,0.792090950508389,0.119960049055159,0.453832373243242,0.147407161265943,0.723447463166259,0.154657415648707,0.663139542345796,0.173200854626861
1.08403521594116,0.150113843120256,1.11398820066298,0.152685714277842,0.505139759524382,0.124256762451224,0.269078873329519,0.212299581721605,0.35978150248275,0.135617876948693,-0.881866614178293,0.0271825786729351,1,0.975872892023281,0.107461490562661,0.320655716094587,0.748729356681376,0.133767020034444,0.698128481520111,0.123686491546924,0.715388155679824,0.128527743424952,0.764378410584189,0.155987565291196,0.506509215942373,0.200235047137404
1.31004318047163,0.177500141470635,1.15065579509816,0.222112927501074,0.480221307776264,0.142270975166818,0.798306481222361,0.483734613065807,0.356834942901059,0.18727068811724,-0.887951935826191,0.0270372086675928,1,0.576317537152465,0.772630740774113,0.36880940502816,0.644840715886211,0.140787846320835,0.894658758509566,0.136810831415506,0.694252487772963,0.168341021707405,0.73831532908329,0.174050096090563,0.831781506401179,0.189334811421476
0.931962888426363,0.112685121531769,0.799458941991952,0.156138613319991,0.361275960897462,0.0763094813237468,0.724217433671175,0.288608686685596,0.511509872091837,0.135430942326157,-0.877858693373403,0.0209436194178619,1,0.999999999998394,-0.074512596850267,0.279425732356653,0.632155396569371,0.123293261876306,0.54835495122474,0.115985177419092,0.666506174032044,0.129068343645618,0.718397982714287,0.126793954630647,0.65955489932653,0.13756661693826
0.983587564005263,0.151164278938762,1.06570943501486,0.171964507290009,0.767780375809081,0.176779028583894,0.719126537005683,0.361252209150447,0.74305534303941,0.245600219370772,-0.929149369307932,0.0160754534926585,1,0.999999999984523,-0.122690271898726,0.42700317778451,0.761777175439738,0.137316158407719,0.792596287051917,0.128667874168176,1.01624013632993,0.117567581438328,0.679014387050554,0.173671717887915,0.70617227388289,0.203225679802983
0.944341132211149,0.139370932833889,0.977001280091099,0.140982413577251,0.488001098411321,0.11588773438423,0.336730818736315,0.219003634052228,0.38071062613675,0.124484679939796,-0.906388741567832,0.0196354460543749,1,0.939167738848969,-0.0661806245203321,0.296756267092421,0.728387099081777,0.123393565181394,0.668386698846084,0.127238450709177,0.461185736506859,0.161731112223216,0.535447378802965,0.151107625968984,0.530240597295627,0.177920055077997
0.866027446542936,0.129138373928214,0.969419537900093,0.194336936277536,0.48207381368902,0.123807215138849,1.11564926749189,0.55494825921965,0.658114769508612,0.218204298924996,-0.908631325658354,0.0200963912889008,1,0.897389584269963,-0.309601479193279,0.327798723179713,0.67835331237021,0.128302204091271,0.742036755994134,0.108546955577884,0.567438969371212,0.13877282116282,0.765821236885635,0.170264537824708,0.633722753229679,0.20129605177341
0.965542825713124,0.131767946079713,0.954434629750971,0.170705180178296,0.527784891842542,0.128171149229998,0.434941325480556,0.207617373742519,0.47911946362185,0.155019245442209,-0.862067447894269,0.0267771913902299,1,0.999999999988418,-0.190350076603964,0.357323159225761,0.583763354206563,0.140129205782406,0.708469178382662,0.114477030976592,0.622235907484085,0.116821707023605,0.777573170620973,0.148568770788384,0.567651040098163,0.173669344423368
1.59841260136487,0.22852887677347,1.14030728191367,0.206244570934091,0.970005425387874,0.271714196268241,0.687711159683793,0.387962366902851,0.64009828272599,0.245797176210973,-0.923986826302955,0.0196773982085528,1,0.783712086348521,1.1289847031525,0.447349436341123,0.932201364159878,0.134125006595627,1.01684101297399,0.142559729315243,0.795770769948349,0.161032433601127,0.826044533356242,0.18607667815122,0.94197347389434,0.190262733953172
1.02926193401228,0.172198222221082,1.17169623835725,0.211761081513473,0.737200645536443,0.209958382899056,1.82403922985631,0.863649274995868,0.90919778623966,0.328357608891252,-0.915820220926062,0.0228835888600956,1,0.784058430589156,0.00566749979912661,0.357529431374234,0.864961610004473,0.1496674676961,0.880966721180382,0.148619408086634,0.774663759626403,0.168328153825179,1.01323753288156,0.176474056539628,0.905546881885681,0.154663434105684
1.19583798351881,0.186255308155869,1.08434536526928,0.190225793527423,0.735999075607813,0.207883735964895,0.612188843846713,0.380040856033833,0.671245424237908,0.252265336882093,-0.90618979369733,0.0232080822921349,1,0.999999995995889,0.176916438458178,0.323301803782523,0.807423758513221,0.145745600712849,0.824144929521693,0.134948336927876,0.606856214362999,0.163415824847627,0.610611792775923,0.183073563137254,0.868793059189675,0.187206468603805
1.10672877301082,0.129740983570494,0.82834679939579,0.142017661415163,0.718745883437972,0.16527786452154,0.32859605775538,0.226110915344118,0.443272543159695,0.177353384696376,-0.916184603419203,0.0176905110427186,1,0.912119985860308,0.391428306575916,0.270494466733628,0.651771843525415,0.128207568413674,0.855590973110195,0.108486666646028,0.5751846705968,0.146936405667421,0.900736379486875,0.135496916284305,0.669105802757526,0.198046935982916
1.18545038126922,0.187874612661853,1.0885552846732,0.172541327903864,0.760848047569771,0.221565363131389,0.786348569869203,0.372491025286247,0.762298519509683,0.250790367690624,-0.898817912522914,0.0260206095167315,1,0.985527076001654,0.68003873100372,0.310116783046343,0.655417885081613,0.135733917870959,0.650596546032291,0.15289211836162,0.746814095518567,0.16252048941899,0.664741416420137,0.172647666865696,0.713050192255837,0.194467834557094
1.05873120876118,0.145382392330867,0.809808413554547,0.164141579046311,0.574480980602183,0.147988935321983,0.738420979148734,0.372251931957773,0.50746756900114,0.186563547709729,-0.886644206621315,0.0256947713163867,1,0.779145293901881,0.320276693510891,0.337531856740466,0.772669432175803,0.119781208282186,0.657796277620126,0.131761718508235,0.714617742122665,0.139254269056354,0.71686998863421,0.178058208503084,0.845783250120172,0.220323970669998
1.03772927063221,0.136318844813975,0.782964454178499,0.132077793520161,0.426108590668522,0.10039639474106,0.214838974094896,0.147345631604609,0.302563600706112,0.121197168070646,-0.895077451213733,0.0226977765601394,1,1,0.42713022875357,0.342236432945097,0.581308977051312,0.130369478168432,0.543938129994556,0.131441560090488,0.73506832946122,0.121336840098319,0.691284102141774,0.138308351329036,0.672468645097274,0.177508598001373
1.13205605549929,0.148492030127329,1.22789754049814,0.176061963308069,0.609297422013844,0.14317574721078,0.905260499488887,0.380498745679498,0.742679532860304,0.219816724395583,-0.936462055189107,0.0134249558563863,1,0.999999999945661,-0.0471822275698568,0.316612087821608,0.832053620357941,0.138223055340729,0.801902218533351,0.117411112806129,0.84965520480496,0.113104283558858,1.02147061899306,0.150512001175485,0.982154444798241,0.191956178628679
1.22637938850734,0.16859699492131,1.12983482494949,0.160939784916767,0.602994066170079,0.141480074060872,0.53057578351851,0.356877860237684,0.510845808214357,0.161797579465874,-0.890758217591363,0.0241848586343244,1,0.903149410591497,0.468992790612823,0.368573324666835,0.589531130245326,0.163281047300556,0.811085502817009,0.123929616803867,0.766987053569373,0.136011485871566,0.842349358235136,0.155700425670652,0.872516884546635,0.179574968553173
0.936150402953194,0.163177725738596,0.937060930205399,0.195483227096799,0.609088457268572,0.175594315591268,0.89168880187225,0.46222696754866,0.624211058027631,0.210430791255012,-0.895599720976263,0.0264787402497235,1,0.847002353385871,-0.0702416402750452,0.287698083882412,0.73316193588912,0.148073631450874,0.723623742703497,0.155580509175523,0.63940790077916,0.16890882516554,0.773059173895804,0.179581410702057,0.551479592280977,0.198288946924783
0.757908310107274,0.134518344972661,0.756578101798864,0.141508605642433,0.458846421941744,0.13239526641448,0.25211136306338,0.199923566336749,0.286821133442689,0.135051035310795,-0.911002268548232,0.0242012800391624,1,0.843298373586353,-0.429517353772462,0.290283226585273,0.646128605514747,0.147149050691593,0.750454236665249,0.135781013087262,0.584413464579997,0.151845758972096,0.693422898938866,0.172633117106522,0.749814978378084,0.214385755440468
0.962384306535183,0.124917015069878,0.942445388638911,0.177555209594231,0.549108209817355,0.134570810349346,0.583307958883002,0.317521150433146,0.565949811221503,0.189099578607863,-0.898650664388757,0.0213834125074143,1,0.99999999960536,0.298823787028308,0.314296167689166,0.576572516154958,0.136367045962124,0.570286112655131,0.133002131609444,0.560250158038274,0.135034318455591,0.728030328039196,0.11962077253923,0.441368902012396,0.192036596165077
1.14437556523009,0.13625366312163,0.852572127276728,0.15802758528493,0.574466832433256,0.123709076967563,0.757090662881933,0.275191429529765,0.659487281875468,0.170436661749813,-0.903008473082545,0.019089996271182,1,0.999999999982658,0.0719932061955274,0.311710758463549,0.855247433882672,0.117029299764898,0.755179157605334,0.114708362528293,0.753011137406188,0.113749270916042,0.635723758576163,0.148789317665029,0.392152749700424,0.19280871829121
0.778583366875434,0.128960518323041,0.978176090985049,0.148840628858407,0.508281313686585,0.120211951067636,0.304763820160046,0.23366513626223,0.393580681393304,0.16367852806108,-0.904201165939895,0.0208010008154311,1,0.9999999931924,-0.385591170715124,0.310991126705091,0.607722879251747,0.129095162685901,0.607445035362862,0.124927340171835,0.662193163333568,0.129317616896332,0.664354008932455,0.154558056631527,0.727527448508725,0.1775876860752
1.00625026652028,0.128089989105625,1.11450635673039,0.183255633010026,0.408747815506235,0.0964718121411453,0.763148916346558,0.427774226862785,0.400500495266239,0.146340958176351,-0.88378654985687,0.0252670312233,1,0.717085084541983,0.0890400148482321,0.337153810368887,0.671134573134736,0.138189211309327,0.563132940546915,0.139918501400983,0.959236302611364,0.117911890876206,0.570921601205449,0.14827883640633,0.706581536506188,0.163760085653797
1.20849448287026,0.154872180358104,1.16260789486772,0.209635407636842,0.960078035364136,0.209256497662236,1.49449138952942,0.610857092625641,1.19784321009763,0.330115718777949,-0.938917617226842,0.013710750400737,1,0.999999999598895,0.124406742770414,0.347242525264496,1.00487434490294,0.130130351273075,0.784647871415404,0.128606423109816,0.951657068898909,0.126027185924243,0.830687054435326,0.14726717214889,1.10013997180528,0.174169164120931
1.08809006555821,0.136476133708075,1.06152859698016,0.166914487881655,0.490722981839105,0.117350410857593,0.547891435391925,0.261431801531099,0.518519930757247,0.165043543094995,-0.924188864373198,0.0159168265600502,1,0.999999999428831,0.267290007594557,0.275586773605047,0.64837131511114,0.135153303703878,0.81777746299213,0.130190891451945,0.641803270941748,0.139509124412346,0.746824949150067,0.135660702565912,0.928972814478969,0.147064943164201
1.09724444680533,0.130306146160074,0.767261520264853,0.134909612191182,0.427021331380994,0.114965671676848,0.205175967866135,0.170545936584997,0.295997491283022,0.144391499303424,-0.86137894015896,0.030016474088199,1,0.999999999316674,0.116304555927649,0.272607871930366,0.607454017066815,0.147628672194654,0.671170150028461,0.13655387472726,0.689697865946224,0.122769794678899,0.744363454424409,0.156126020047748,0.530208993806688,0.206537613779379
1.46840470221894,0.170987768007675,1.15350657948507,0.160694539274004,0.653955166280653,0.175744407022799,0.630531291708052,0.277516635337167,0.642136430284442,0.195972225375163,-0.905861240852359,0.0216861560928254,1,0.99999999925347,1.30622439983822,0.386141990784879,0.669950751078934,0.146751578197664,0.749255463168392,0.136189186232778,0.965393313506479,0.139721490432573,0.981479380533076,0.17559311598332,0.700614162442298,0.182750028717929
0.988380470578011,0.13002775334606,1.01558569157353,0.1567383069772,0.473026767877412,0.0993409830549742,0.64031287490156,0.354458401005298,0.548487634757452,0.145531957364149,-0.921647004746146,0.0166267249635415,1,0.996616023054628,-0.0525304767750332,0.348000254155519,0.698040025921137,0.119796436772294,0.720164445130227,0.128902125860945,0.890089076466749,0.110487646331936,0.767986437158445,0.137400591795677,0.864796331524449,0.181696930746718
1.00203927622686,0.141964552105361,1.03959863960931,0.157449826926106,0.578501078706431,0.129157465986093,0.794279318287855,0.316906531463336,0.677857980778888,0.181141308072587,-0.848967689669935,0.0292413713182586,1,0.999999999653855,0.434911292073087,0.29799179420298,0.544847884257365,0.1291036111719,0.790449493284788,0.110632497663438,0.695015512992826,0.150109786228883,0.715987596482681,0.147880710113466,0.93516878232411,0.150182212648545
1.24093744002673,0.136221278581135,1.13795388033696,0.166602926617199,0.504776381106253,0.118244266129397,0.514824878036976,0.25701453500019,0.509775871181045,0.165482656433656,-0.883825214027319,0.0227827092727097,1,0.999999999998885,0.248129852178929,0.282450118453248,0.871414696502761,0.114304724414239,0.491154010144461,0.13117424642019,0.792379767390522,0.137892370272968,0.759391483598192,0.155154673526689,0.586577514648266,0.163982169520458
1.00632114851184,0.150881658485442,1.12753914674361,0.170912604090685,0.647932712318134,0.16364492228317,0.615698010056903,0.315348956097551,0.631609754218635,0.20321624477614,-0.892859163515526,0.0249117023608671,1,0.999999999998844,0.339865316817802,0.335271380142453,0.577193982072285,0.138307628366783,0.619942596007962,0.140477660926686,0.591347769596359,0.142454830780243,0.668197607516988,0.151340579457806,0.736568615144635,0.153325772229786
0.873300754679108,0.118584353560768,0.852236969729505,0.122376492114006,0.327311751504086,0.0797574408735666,0.307922153018152,0.188675674160581,0.258088990966484,0.100385155101671,-0.865338231480067,0.0279481846780831,1,0.812958194943531,-0.344211577103827,0.26295343698304,0.730070748288325,0.11541113014002,0.355812718301745,0.142717621023211,0.464567098143367,0.145905431888607,0.519572672743975,0.14908971570546,0.547962640589241,0.169978549256483
0.810336462793768,0.127860322762945,1.02698166924085,0.150462649206453,0.360950045615492,0.103261120227408,0.306853534337714,0.174363271676391,0.332804442626048,0.123170617116913,-0.867022178283754,0.0314883398258611,1,0.999999999165581,-0.0762912667834638,0.252659426341742,0.503965608736277,0.138453601037793,0.617210427580324,0.12878058359114,0.343231799176289,0.159613216713856,0.388294398713732,0.173147855297781,0.221437702540769,0.218297040231136
0.847421139284516,0.132752045714402,0.680850754727962,0.145670517736398,0.44298395728908,0.11542591212222,0.261671534803809,0.146463494347759,0.323383182485879,0.125673214022021,-0.833132988840977,0.0383667782371582,1,0.949828486837137,0.0622021193590538,0.313659406156622,0.654996971494723,0.136923196165767,0.516836448881764,0.142595501651327,0.477637459573878,0.151700025149749,0.708476889040952,0.149232938342608,0.479784303709869,0.174997270448203
1.17604606547671,0.152982327434255,0.97937865836243,0.189571022162905,0.551615991560367,0.143146052519855,0.947331602229353,0.47247802285811,0.613893373077322,0.211553809379572,-0.911470829234575,0.0193138841736564,1,0.849226442845703,0.185990127744131,0.336622726557025,0.782707685733693,0.133786123118244,0.83251001702364,0.119442437502156,0.82409292147722,0.128929151381923,0.559369113443505,0.163599585291368,0.778288768852429,0.155392234982639
1.07517738954103,0.137481881626057,1.15600722860037,0.159537943611297,0.543811199126896,0.120287819257268,0.640391692829436,0.313207709469353,0.590128947255121,0.181443023106757,-0.898406239818928,0.0204029585018,1,0.999999999999941,0.353060167951235,0.342354537322065,0.726909461908843,0.124948106282267,0.486654266765827,0.136302735986971,0.704362827680666,0.134984140822326,0.596187652356926,0.1369286702347,0.896058558683052,0.17178811309542
1.1289544434145,0.163237034509599,1.17537597430841,0.158369642609157,0.714158665093279,0.180345168811405,0.441347817574673,0.230754635430082,0.561419957109251,0.19223856890819,-0.918267844154217,0.0162464994079379,1,0.999999999999354,0.0699313561156154,0.330315998879913,0.874280817842339,0.115709162908169,0.731451021422519,0.122619886360694,1.13558204873683,0.103505193185162,0.414145331737766,0.21592224498755,0.944398971757606,0.202380240255793
0.92577883358879,0.121078844718423,0.80176946608478,0.128936699186749,0.615581142003283,0.130111998144049,0.335756632693619,0.181719796059759,0.454626716278451,0.146316937922352,-0.909776735823973,0.0198326861035586,1,0.999999999432502,-0.615596483258794,0.298830501557735,0.798678777654631,0.118994891716181,0.697507960239675,0.128421062927352,0.689372996701324,0.133756200475674,0.748694648630634,0.138506196290175,0.57556982420408,0.175398629007783
1.25836578084615,0.141590024842094,1.31154705880035,0.192180885012821,0.53152710126734,0.142735674382829,0.678297699897986,0.362793920669631,0.600444510300579,0.213394871631706,-0.923884645898572,0.0174889420358651,1,0.999999999621424,0.391796731448309,0.301843243698456,0.519167697343128,0.150413856991125,0.818585785988908,0.12475245388414,0.921149362902901,0.129498920689401,0.806275040689367,0.172143612044868,0.525885973067563,0.218448332864349
0.858447946509925,0.141028607882154,0.742519139284984,0.154871937562946,0.486234303511452,0.138804260352469,0.633127923040099,0.375852878414435,0.554840981442813,0.220393110442542,-0.902829469605289,0.0261628251658713,1,0.999999999992479,0.192102737267275,0.345681039374259,0.563097747577411,0.148806291846802,0.75616676480804,0.143400682527746,0.430337376541374,0.165330097619968,0.546800636204233,0.15605340312541,0.828766868903906,0.172475410147311
0.872609564787392,0.115802538522627,1.05632997416876,0.168879821009804,0.362003599648273,0.0937353698187127,0.535188739603294,0.306708190321821,0.396886082770189,0.143060709923352,-0.892755326231732,0.0214960209573672,1,0.901687277600302,0.21839168194683,0.273981056222428,0.468756102937646,0.134701987643863,0.580296819093788,0.140017467211342,0.567950381954336,0.154838262457694,0.746818083635314,0.152483223077511,0.461100137175597,0.189510598973478
1.08369789154058,0.140981316393644,0.869687963937008,0.168530537130502,0.367072508319829,0.105205240394321,0.745015028965962,0.411387518028078,0.461988376076591,0.163934512614678,-0.878206644927989,0.0301992218574182,1,0.883430933223875,0.568393695640108,0.310555891700861,0.63802851146232,0.140320150981459,0.575680303907859,0.152196314823267,0.523084777061468,0.169502542992218,0.772329604529052,0.171911716890897,0.372357958183515,0.21895503465394
1.00302730661534,0.164985869866001,0.964337614550666,0.162295965562521,0.650686629935496,0.196470980223889,0.323200130354527,0.270788930849213,0.361770627174597,0.187176636538613,-0.857966645319127,0.0349097676895321,1,0.78888118398245,0.25907603737949,0.357828726954203,0.621182083550744,0.14021644835513,0.755207169188259,0.144795652387792,0.638978252216122,0.167973623795973,0.695180886020431,0.173850677839385,0.799635769363108,0.214825327627615
1.14671856213107,0.154082738114091,1.26720343182595,0.211976545582567,0.673074454911018,0.176830136698158,0.793340060988841,0.432608672454595,0.682543658855755,0.233313229640141,-0.898256701220455,0.024225543258857,1,0.934047988508118,0.142208948545261,0.321091862357739,0.854022904169604,0.141022961020541,0.828941254356322,0.122802366370595,0.735745795787396,0.140348377217448,0.866201025556749,0.172445928473849,0.750347532411328,0.182805154294682
1.2719444525654,0.162041006714085,1.18726038675621,0.191187692683535,0.509500492680758,0.12837943694485,0.926244206532779,0.446248514489602,0.36933432443307,0.160235467838911,-0.902384288671696,0.0222346182408471,1,0.537631386621664,0.423271207595304,0.348983228381986,0.57931907409518,0.149298272091142,0.752160689329318,0.149524537759034,0.848755636811264,0.133786658260825,0.820285248452036,0.12649683099331,0.70245671634545,0.15918051485901
0.935182546137408,0.157984623927144,1.18139356699448,0.167410271586254,0.554190497969918,0.139281970727119,0.57642394587968,0.344167991838631,0.272802196404708,0.138792718436866,-0.88294955502785,0.0255561775618433,1,0.48266667874388,-0.259624289693632,0.364389922339197,0.553950650897325,0.144412338145904,0.824559610253543,0.122375609361024,0.74568665495528,0.140748487606184,0.683718842205297,0.160618014668574,0.520033926108482,0.202998834355502
1.00178791449776,0.149200815824097,0.991582377308617,0.168812739036483,0.513870844942859,0.142862783994029,0.80145847750703,0.39859049900554,0.439197693773383,0.180745532424152,-0.91214442266149,0.021793875509244,1,0.684372497312632,-0.0394664568559639,0.315419110389266,0.782385020922151,0.130572138299069,0.649523339033609,0.156498051266397,0.683095785235141,0.160815121095668,0.717118416581043,0.162596939438412,0.583568657518461,0.182931214068418
0.921008378581594,0.132965202605072,0.909978128977666,0.151735649387348,0.461137853556341,0.106307779718225,0.502282320314611,0.268351022759592,0.481270598454579,0.144569834580167,-0.871373366515051,0.0266993986137518,1,0.999999995396906,0.346495118432402,0.357776389385937,0.617728968764661,0.126348801499793,0.472370994487411,0.132564523497611,0.658567965980564,0.134232495108413,0.567091973723772,0.156751914949692,0.854935047279474,0.146445375195716
0.844417946177391,0.106821157845489,0.854564008855268,0.156899763081354,0.444247291806907,0.103328722494889,0.357083401248841,0.224808777550841,0.333670752877168,0.145449304080551,-0.876520394216223,0.0244306358915967,1,0.837762497769305,0.057011305257687,0.244431694899263,0.515260687429939,0.134235518593694,0.744408566553981,0.114840970897815,0.491042431102687,0.138840427061547,0.690508541036058,0.154917138348443,0.61389203848547,0.207584899366918
1.01314701349881,0.136587626323827,1.06917397427434,0.161484661145506,0.570295534013362,0.123731982116776,0.702660239952515,0.324310670775905,0.467350513653777,0.166444454056641,-0.908098817452853,0.0193481383772127,1,0.738278207655416,0.0623646143845754,0.350986500841648,0.859133154293511,0.119664638380485,0.638609122807203,0.132876811974499,0.852493220231064,0.12028884171495,0.704864398976968,0.137113835015649,0.645921836694201,0.179918723890681
1.19719437026925,0.156542393526604,1.29563519889352,0.178902418579949,0.598306690698257,0.144139845020292,0.354412721588634,0.285907996252842,0.439639333717718,0.18026431228901,-0.857975493032841,0.0306843255009096,1,0.954728660486263,0.0254283982277284,0.359213731940794,0.812043006626555,0.141622353823816,0.762744724671472,0.122377908427715,0.792869162286499,0.132877540368607,0.462219300336815,0.170779488844024,0.59624832825684,0.177332740880383
1.07341396233847,0.134897596038518,1.1695813686694,0.18249901083071,0.471096104538894,0.116945280620013,0.760423555247728,0.361483949364908,0.325018427589664,0.155129473730931,-0.891474062875329,0.0225514241464978,1,0.543032031348883,-0.147556088307361,0.228362723680385,0.724780981593138,0.128821747691468,0.747446649557439,0.115969702379813,0.716106698786965,0.129821744678729,0.680686720621001,0.155340440134386,0.676858229842588,0.19941859907034
1.01345080091846,0.160155148884139,0.993485520926971,0.184366063980605,0.726973524408582,0.178131927304744,1.07269260127356,0.433323399974664,0.831183806825356,0.243374201531462,-0.897933722991559,0.0217301418125981,1,0.941239476883468,0.0156604837129512,0.382267250067105,0.759365199718837,0.134398262540733,0.794093835695703,0.132719258619671,0.641435228198139,0.12854149094807,0.673703018868169,0.167246822092129,0.745036957207786,0.184242523767945
0.979363894020876,0.147456350206228,0.907233858500374,0.158079441688239,0.618485105541154,0.150407665877801,0.311035277152657,0.218514423039359,0.309374772423921,0.157094150319846,-0.888496252804024,0.0264989324405582,1,0.705367506758916,0.103739046398961,0.307281112180989,0.789992237809229,0.117737425656233,0.660869022775702,0.134094480768362,0.581249980632238,0.14709322210304,0.81561983146805,0.168296498533545,0.667616336799308,0.19501632396012
1.26279684309591,0.169182198509072,1.2180124267064,0.217644146358441,0.845429356259708,0.20630807580915,1.25008615714407,0.559215264760798,0.94577430046813,0.307892315325678,-0.927741239858401,0.0170342062054434,1,0.919981033087951,-0.313330753074901,0.359364196965489,0.972160582522621,0.103843856415473,1.04723226514384,0.133972771075558,0.928239669447265,0.127853998718189,0.749805590624708,0.173150843580498,0.992537391665665,0.167751452870701
1.03254211190017,0.14384299275917,0.940147749468193,0.150916950777785,0.681026348658373,0.159700947502082,0.267912695651185,0.240491191084675,0.375888056222045,0.166891532327736,-0.858157837760745,0.0336931230859749,1,0.87999442699665,-0.0205113414788111,0.382703580568611,0.687431093870089,0.137695727330524,0.639640684702291,0.134997283162705,0.657758744505301,0.125540318041378,0.852291426966645,0.138990578914275,0.76555463970051,0.18001703205474
1.16140613428344,0.144027800147835,1.40180615821365,0.203122448130697,0.660230761925824,0.174742473869775,0.618864694236191,0.419325711096803,0.456359662509758,0.194330662368691,-0.903069482749992,0.0235661812282004,1,0.71393967789088,-0.0767569367756534,0.283395222581202,0.688620514093505,0.133912922658296,0.816956488148592,0.12554157321148,0.87271781357205,0.142403414539941,0.566916580589638,0.184424616210991,0.731976439413542,0.196915438285324
1.11216191380957,0.1704306982199,0.947898087873186,0.189495507160075,0.638521260407249,0.169110701064463,0.775674234381223,0.504082232521415,0.507341755366736,0.195559566813672,-0.883888777051693,0.0288955812644169,1,0.720897041513652,0.650117944268558,0.342357405020514,0.445847945386234,0.163893671421406,0.701692462410125,0.157166753547579,0.892801400512395,0.15428132451042,0.647994524209747,0.169232627719198,0.902651612270129,0.168862957210793
1.20223258547409,0.169726633054541,1.0853860740176,0.183250135283917,0.618206681109577,0.183022400033796,0.346844343300272,0.27812958894862,0.406680785035502,0.190053195087661,-0.902298064568178,0.0233859898452022,1,0.878252709083659,-0.179815402626549,0.369446077984922,0.851197512286903,0.140791215611351,0.699895592487334,0.145632726879427,0.782687498068854,0.150822431944109,0.417578423458779,0.19378241102156,0.703552782794906,0.189389751050365
1.07351743951264,0.181480564324596,0.72790082286253,0.205385215376661,0.670564827589796,0.210813848604132,0.613419975478165,0.378186162907139,0.391480174604853,0.23148679473302,-0.919760269376756,0.0250255007269955,1,0.61039424619748,0.151401289730436,0.358472516369078,0.556100478010756,0.175746496700933,1.01830214107214,0.151381837013732,0.514595027092283,0.176313274904987,0.794988822217618,0.18003318818726,0.888492944763915,0.200000645920987
1.27510493117175,0.159311985489515,0.878820803632086,0.208339083955786,0.706130410976281,0.184880518853557,0.966756868536452,0.512321737513439,0.804934970111711,0.280524476398672,-0.92070305203953,0.0176434554600773,1,0.974225974869318,0.762124310541128,0.374214826966394,0.710054753742095,0.134168869390021,0.689563331914633,0.134065981537441,0.881471772274411,0.132221406295827,0.783944904882626,0.14995261604432,0.842101637231991,0.201688498802465
1.00288459227374,0.133990218680596,0.883458809658576,0.138092507887907,0.535555048920042,0.121663200964491,0.473772443980379,0.224647928301427,0.503717405310477,0.149683023184013,-0.877348025186507,0.0247022506053729,1,0.999999999999685,0.0822692830517944,0.375377076728941,0.504570674643891,0.137851068505721,0.720172995229588,0.117754624215061,0.567213661564816,0.129485126833552,0.678638944668703,0.133427049909544,0.681497077558291,0.170147729892365
0.909293730369074,0.156717659738674,1.10129411670953,0.19661930649413,0.763097585493143,0.181684056398705,1.0236485052393,0.508200823659742,0.508151822109997,0.229566481653035,-0.941941330888601,0.0128141652277713,1,0.574947273992662,-0.648396799921257,0.404880267403663,0.982282200356091,0.135602472434534,0.807420645641592,0.130860301406806,0.892508234882482,0.136942551309503,1.0247333369974,0.132756881444143,0.41537151135242,0.243330598579135
1.00549124981798,0.142017659960495,1.30191202897425,0.169843621320546,0.739447932264776,0.169795656174649,0.467297671899192,0.229644154077166,0.459187963745978,0.190946601173971,-0.901600438085376,0.0214753099353802,1,0.781159803846078,-0.29262733108108,0.359077184441674,0.863332087549709,0.119109191310003,0.717132801053762,0.114075007130728,0.719343798188749,0.123682230102793,0.669842437030495,0.173558344203694,0.885507820662571,0.188315652794874
0.928313414033288,0.136107027053452,0.799413962868932,0.167157946613618,0.43358762407643,0.116177652211727,0.342116247838427,0.220023407237375,0.159447086045857,0.107186030097033,-0.827129021762373,0.0386050861237093,1,0.413991379387881,0.0115917936888054,0.33374077905403,0.527001938072297,0.143087242019264,0.682593991310845,0.131334247269898,0.510862036704124,0.145400749179233,0.650107536757123,0.14645176563716,0.627525660224614,0.174256588201332
1.00282376514824,0.144886509349661,0.938495365024823,0.174867545690671,0.518671830844879,0.136015022313458,0.568794037868722,0.350563953623617,0.470233781553943,0.172019883901212,-0.902910830091298,0.023379350235469,1,0.865744969768362,-0.0064990902445091,0.373286006789038,0.663799818538912,0.150054909054379,0.742750623138571,0.133567554143748,0.860047996087273,0.148354665037776,0.872706622826752,0.155951705467033,0.760908013112391,0.200734728901013
0.871583798773954,0.126458954030107,0.667544043381488,0.135689563376909,0.453403078121129,0.114414152512653,0.515396266356894,0.257663721902241,0.391043240287888,0.141644986708297,-0.89191751939947,0.0255649994261716,1,0.808931815694071,-0.237530853458256,0.307230524960188,0.784193008250491,0.124175012326301,0.570999874975977,0.133441158738095,0.759868773277289,0.126195923086077,0.622962211226573,0.160719009088733,0.668851015138744,0.200514258261772
0.962682262220708,0.125782679835838,0.902906017654232,0.191292321542823,0.391624395698643,0.0964981040564487,1.05066788635498,0.524816703870863,0.47769668404868,0.171437940462628,-0.912188821698322,0.0199636823738375,1,0.744705615393718,-0.0278618201559173,0.358478991468984,0.676961751928208,0.145349167868095,0.790825743359665,0.130977924093831,0.64220420126164,0.148425878848809,0.740795165615645,0.145195982132482,0.716804257015857,0.166043649839973
0.992831262248723,0.125464641678828,0.793051805711099,0.140404177869231,0.510541164675964,0.115771528820216,0.419878551978133,0.187956382364888,0.462995988046284,0.138202517054536,-0.904185587217975,0.0186835620787089,1,0.99999999999436,-0.0608173146424619,0.287518185498817,0.65144786868828,0.137154963363934,0.554783821493143,0.117632974161108,0.692753590872794,0.129891157967545,0.825847258097506,0.120087427670942,0.805794285661008,0.150857344644211
0.970614253374514,0.142747635701573,1.14883640845279,0.162598034712416,0.501737257415048,0.126763263997206,0.590554734629084,0.294552212599693,0.544337499043536,0.183031355960454,-0.913345039492098,0.0197504009849141,1,0.999999999930314,-0.731128322054926,0.31318100158274,0.81515927092667,0.120781060311542,0.787520044790934,0.127937286122305,0.658903182761979,0.151981759956216,0.669486212111678,0.153708953455627,0.687037647855778,0.173390855942831
0.825016868389539,0.134461793591677,1.01349643246787,0.175501481166529,0.549781442938194,0.140494221806652,0.452371774345001,0.334022009887616,0.442064645343067,0.171818493137242,-0.907644889138318,0.021576817379195,1,0.886427038920604,-0.681942501397218,0.322932948952251,0.76711091844884,0.122792954828449,0.6349592779973,0.134506015109179,0.597110279150053,0.147546530925584,0.7965997432164,0.170256853657437,0.290585853579081,0.202287880870721
0.951721764403514,0.154060848514045,0.988728020678143,0.17056905753175,0.67358221156911,0.171069179156343,0.703907205474936,0.304487051164397,0.688577789489732,0.19888187385674,-0.904995653634849,0.0219199256392549,1,0.999999999973981,0.145696411318537,0.353236680665876,0.65449562635182,0.142961860048225,0.738043027220706,0.135779860620983,0.640371227550864,0.140172874156882,0.790543425261358,0.14512111495996,0.999637598334021,0.144191917704127
0.898993814905035,0.12640088526488,1.15766716199706,0.167196185339198,0.423000025464342,0.108843796229827,0.81931674996302,0.379881573136565,0.496957286619363,0.159148759296586,-0.885129796766059,0.0235910411032835,1,0.84415646185456,-0.64818114109663,0.294629537079842,0.800006037372835,0.132071649822179,0.877244566455855,0.126336923387403,0.551879734405716,0.143151622647337,0.636868564091174,0.119401499953928,0.771276654946924,0.142621708542808
1.15052678678954,0.158814234064802,1.34024323461445,0.181105663205252,0.752054041758321,0.192752860388719,0.656313738307637,0.382991014367168,0.65740258619709,0.231217643441868,-0.930060287937182,0.015117888901528,1,0.935731254849825,-0.519967523417417,0.306860533829025,1.02681560486529,0.141579839200733,0.803353747808468,0.140130844980489,0.592806696019978,0.159174711541663,0.729365703688598,0.175752138334493,0.852453776814632,0.145232994402786
1.05908952803762,0.166927153455568,1.05628259494456,0.193505095148445,0.743899356368283,0.201761755365924,0.876934891676613,0.448253702168292,0.685161835184267,0.243626977105492,-0.925444578189437,0.0174224666972368,1,0.848305723822268,-0.259609116208778,0.318936472158101,0.826254566138299,0.138188336772912,0.795600375630121,0.137251896308156,0.78597938657326,0.155234243634083,0.508799016666154,0.167826616346372,0.97731782617874,0.17603150589586
0.989784722612802,0.165499935321781,1.11270069582148,0.174090839107087,0.71748647982316,0.192165518580071,0.599722879852886,0.368672885998779,0.52057051446007,0.22525691446086,-0.918315068506265,0.0179734881807196,1,0.793592209703596,-0.542056786482327,0.438770701666346,0.940625428088061,0.129606983439644,0.586468172526497,0.136473164010458,0.752361635360603,0.150555431866896,0.753791920021854,0.145795288831258,0.988623485534081,0.150208507277612
0.878475059663232,0.13602373653977,1.10469841964296,0.173315635682017,0.531095090308546,0.118899174208828,0.48711621405805,0.249478947380391,0.508630543327193,0.169433658529667,-0.888884555275131,0.0211687012951253,1,0.999999999824894,-0.288345716807365,0.336269818667796,0.651452605651082,0.127376802293596,0.623971194794584,0.122887961065062,0.707585005882595,0.130122334756412,0.826371091097118,0.144007839919249,0.695012840480115,0.176734459818714
0.933016659544113,0.132507763477054,1.12226809713424,0.181350383543841,0.486045274533016,0.122250522186762,0.692920429300558,0.390047310569315,0.524953714089193,0.18873008562964,-0.871169921487354,0.0288858811689815,1,0.904567473433524,-0.0733830530305818,0.306472720235012,0.557803817285633,0.135709552816701,0.775560563563672,0.116629466019519,0.583305874140461,0.144666125062847,0.592805651528026,0.163648422814019,0.691110783425755,0.183501178542189
1.02358365909087,0.145737418425231,1.20059681107357,0.157224682716398,0.46410702207702,0.0988295183812318,0.465079279163756,0.245785690683564,0.449585416161069,0.132613354288228,-0.909597472328551,0.0178916705695597,1,0.967697568671345,-0.264883642522866,0.350747364744769,0.775032678592488,0.135303456681946,0.547664188685302,0.126226137092698,0.74614595462859,0.121904376976924,0.872292777802946,0.128726753970821,0.450916978929902,0.182470005298492
1.07463177214212,0.140029497374736,0.923080768531338,0.132207978052654,0.455372173718204,0.109235332490393,0.204575960425906,0.146220204059755,0.242859838822127,0.106688116942752,-0.861819204513648,0.0287243950844872,1,0.795692306079873,0.542842433154601,0.303194747106424,0.76546957776449,0.127807878249766,0.527056320710302,0.139664419767158,0.471039716210877,0.138076054941075,0.613309280010179,0.142342330071199,0.90030484935624,0.152281926224139
0.997415860276806,0.140659527440659,0.934833391750965,0.148151829032524,0.533122907882819,0.125632465028532,0.376564037251794,0.233191899062252,0.448056820556303,0.170825649604492,-0.883145562457022,0.0238513998022425,1,0.999999999759041,0.41521281207263,0.333737377099635,0.53523003524798,0.131333043793754,0.738261101687639,0.11171460358553,0.628783294077387,0.136005423640757,0.587945380440414,0.174362347934542,0.230379856564557,0.22604700755825
0.866402862990206,0.110116058170761,1.17315273064484,0.128532373203586,0.428532964693959,0.0850488497433967,0.270438032475182,0.145058172675427,0.340428570780972,0.109608621833977,-0.868972510189794,0.0217844798646177,1,0.999999999919684,-0.403437069528644,0.259064475162809,0.769630173247119,0.0942162302592246,0.623641360574741,0.116101987653225,0.785583221948434,0.123583293246997,0.498924469755564,0.161193220302959,0.457549845563973,0.184001490199169
0.971504665949998,0.159900906231882,1.09016010039126,0.19792962083359,0.519912072493132,0.148249082547897,0.844423309597179,0.418305524485283,0.626992839480298,0.203221804043632,-0.888515319157299,0.0275358250507383,1,0.946275342138897,0.0158013177321458,0.337832692482,0.500331699429767,0.14725396845429,0.687944654096678,0.142305076409005,0.632357639420346,0.153233195860831,0.657305535917616,0.164381224236351,0.53918431904152,0.204680717950894
1.10926193746221,0.159918127813699,0.982815251237293,0.199011185829847,0.705186750585718,0.169152668285285,0.977446257684914,0.514650015835064,0.825037448609918,0.265377144835117,-0.926826473651818,0.0162941252127819,1,0.993745432718436,-0.348385376711441,0.339702400005269,0.847161426755183,0.105954967022417,0.769637766345003,0.133405992265095,0.786338805743755,0.137372614821529,0.935255371428978,0.156931140645208,0.752875746886466,0.200019655015855
1.07498590798029,0.140102828344479,0.963848508751214,0.156381783313593,0.52032280317703,0.124751614200102,0.157714376727353,0.159521161485054,0.286465332278052,0.155809643930107,-0.928998778133169,0.0148678751607409,1,0.999999999982211,0.424223268510312,0.357403504072943,0.803392888562893,0.121687461878495,0.696076179612347,0.129130585951152,0.477224956414129,0.14081304194579,0.491779905290787,0.173275528127648,0.954446101510946,0.164829337592922
0.689841734624357,0.131145573407433,0.985105414133321,0.157130344362752,0.511781463879141,0.126345002168948,0.747124071666262,0.40191283867124,0.584476307531849,0.210002759441138,-0.883216248181144,0.0270789455293351,1,0.945209919063715,-0.346590276287318,0.289115947613586,0.56449062583011,0.146833549392965,0.676322524836847,0.122652363032071,0.661312555136288,0.143086048302837,0.455233148695451,0.171370594704576,0.436911785183692,0.222511762731145
1.16482982329171,0.160689805984916,1.11493420529668,0.157049138747553,0.474368422900092,0.132401849349304,0.439677339431359,0.264127659301047,0.456693601975226,0.18144249718855,-0.915748728866325,0.0197084888730268,1,0.99999999998596,0.602892194804331,0.345073753906148,0.560407961424544,0.156398165738468,0.751710565728409,0.129853255421747,0.694598588083474,0.133514446492388,0.652462373725469,0.175739774658789,0.788096592143146,0.172327580760548
0.890320871400017,0.126367791712062,0.908066019129282,0.190783281435703,0.6311487001985,0.139815293960535,1.37239357920472,0.542530866705012,0.930690292890651,0.256808614977148,-0.901967496020577,0.0191100266103022,1,0.999999998617535,-0.239928835883054,0.342860532843011,0.592237912014945,0.12387022333611,0.566889963176014,0.118810384162499,0.735560674297359,0.123683969544259,0.686264410030163,0.144598544480805,0.581481274468225,0.157996418100394
0.817002154117634,0.143203686717577,0.994248256811439,0.149780617282996,0.472426992184192,0.118677551635135,0.383296101812765,0.255388730829167,0.356923278949976,0.1485972122645,-0.848931659675555,0.0323422967862045,1,0.838765041267184,-0.478665453796667,0.296822247029742,0.746612944411461,0.118787264534719,0.715244390148282,0.11901939944882,0.522131096580199,0.146170022168396,0.704587827260941,0.141097276446458,0.947251397029104,0.178281032530287
1.07200149216738,0.13751668314777,1.12067383831067,0.141847941997159,0.586653320716742,0.131426318351689,0.342924204586203,0.167839159115627,0.448528286035427,0.139650300813922,-0.888836721197692,0.0222057792725544,1,0.999999999998098,0.382030209890401,0.347065521990635,0.607723285619236,0.125060202001018,0.770305709430119,0.116282754374419,0.501655062476676,0.146069091153079,0.728991570568544,0.134280152717157,0.243594855775236,0.200874655299921
1.12025361927039,0.169049490916106,1.50140706080604,0.250478574973518,0.733158874131967,0.201787107504386,1.32993729961025,0.646803450400468,0.76771372582969,0.260728258089002,-0.933312679557203,0.0162511851201793,1,0.777471851550665,-0.195076248064653,0.348949384414601,0.853613678819646,0.14317334211704,0.882179573900354,0.138646431333967,0.754514801438728,0.160557045585705,0.933707525321322,0.170026133545011,0.556524116424674,0.193778621551497
0.938030842088799,0.154220633201705,0.931458165636996,0.142501101540112,0.628981533956497,0.157349380059875,0.408676004387867,0.20248356485581,0.50700065098774,0.165306408832758,-0.917894821028259,0.0175306594300082,1,0.999999999943394,-0.357117745563756,0.346942754880631,0.764843508947162,0.136523334884005,0.808311764855235,0.117551094064337,0.653559067943812,0.146306635379435,0.89499649306635,0.150947726072574,0.871792349553499,0.146001193864125
1.28928634808382,0.171174511067795,1.18568320441173,0.189750317960663,0.883179681655863,0.204763893985098,1.21813574558446,0.526888015522441,0.744731365843135,0.287651864670677,-0.947881296624686,0.011050477170173,1,0.718004666846711,-0.508390469383146,0.373794539590471,1.07450305604578,0.105661164157263,0.878951438189749,0.106034740967439,0.940334050779381,0.145179306083788,0.698081946572557,0.154296990909688,1.00368053548168,0.167657493822081
1.15725475595499,0.138340545113957,1.12422123195643,0.173066650561177,0.581594365919724,0.132226110324614,0.592306457097606,0.242472611266895,0.537781022733634,0.163447095669509,-0.913579854225579,0.0184053940115936,1,0.916267207506112,0.0992116126398778,0.243465757916332,0.971985281419705,0.108606039835973,0.488665260014464,0.142245394270156,0.847900628315198,0.126730770471598,0.793950182651755,0.125003389131755,1.11308506973658,0.146963600881681
0.824413997051739,0.113452334631279,0.948940687430077,0.140033383371282,0.414001807862656,0.0877400512684543,0.271942480999533,0.169403009461595,0.335536404462433,0.120562260261541,-0.853552316886337,0.0270484472971219,1,0.999999999782894,-0.706087845336238,0.291956580151904,0.51080221031156,0.131391089742467,0.809005357187733,0.098652549472367,0.689264180400138,0.119125583937569,0.443264208657157,0.144783053838037,0.661321230297949,0.172564760159091
1.22754059067014,0.17407367201017,1.17665505847016,0.219935342987307,0.695579420998038,0.206807070607332,1.0009753051493,0.519461537999315,0.770497560140871,0.279362367740604,-0.9278631723676,0.0197175638589761,1,0.923392247076626,0.564800329414469,0.376576226464562,0.801195762455105,0.140290568958808,0.572427674580264,0.167131793858121,0.95340249423329,0.155997199978114,0.823085285973201,0.167255207864769,0.706011600022258,0.194123213841828
1.0825169417981,0.16978385358397,0.922475108551955,0.184507814465017,0.78213434475632,0.183638892389851,1.00801821661469,0.348449761655799,0.887922106580341,0.239066920887014,-0.898409504844277,0.0254068617808995,1,0.999999999999813,0.0706931289934208,0.351753683140037,0.716918561142504,0.125156852552065,0.624927233651586,0.139538075549964,0.783037497351957,0.132973915874424,1.08317317185253,0.14335623664907,0.569114203689584,0.236376064943648
0.734740004151574,0.132291435773644,0.952904707436899,0.163467554403061,0.514652902563627,0.120640652221368,0.62174957300785,0.337136421242418,0.295065795221074,0.147078822114487,-0.865921128008036,0.0270953144582991,1,0.521619606065122,-0.280826998941027,0.337593335098472,0.42780944273626,0.15085003629969,0.854599387051931,0.103892214302543,0.556861394596498,0.129496807871823,0.772265462329501,0.143214902007667,0.713010809523929,0.185135100944152
1.08755278986782,0.1791512754992,1.10890117881063,0.217180519330141,0.500973310050091,0.131359775818561,0.780858933022027,0.49319864013271,0.345586330796676,0.176754088792332,-0.903330481854741,0.0226260132681512,1,0.552539041853503,0.309112345569641,0.376927968065717,0.609176572564805,0.142456856361785,0.572868908034403,0.144859239596698,0.671328301125209,0.151771767538952,0.629163970906813,0.165613615527128,0.866430802296082,0.184491448253134
1.16319718014633,0.1385261923862,0.915339554355946,0.158877807142182,0.490531717739878,0.126804987063512,0.411690613532388,0.211706264750729,0.449385473519223,0.15294956138,-0.91164598743573,0.0207983403331261,1,0.999999999942237,0.312286179520357,0.337070366994199,0.661884267502492,0.138626988872704,0.814800991288249,0.123837700043147,0.792692297281774,0.14605829182118,0.5508206777292,0.164440712887345,0.895564667770129,0.162220538985073
1.08055253430214,0.150592205115375,0.93917178450605,0.195878147205331,0.505483489143699,0.118221998325817,0.985384865597895,0.465945996041535,0.705759008112294,0.198956119898572,-0.895453297068785,0.0217663381585997,1,0.999999997510348,-0.0449601009115441,0.3405395992741,0.560289667284422,0.154983928035114,0.872444155874123,0.11973647282608,0.531222506681365,0.140490002253819,0.816193648024106,0.156045762048123,0.618223551866702,0.163884633070492
0.969860870081572,0.137847122384047,0.813127321399432,0.163744558866067,0.496868386695892,0.119552208892254,0.700557025357244,0.331736043878048,0.424415781607005,0.1658338405402,-0.873322487708592,0.0279075004599985,1,0.719364654689253,0.303728363141766,0.298589089823579,0.390417407664018,0.131833734510422,0.661842538941856,0.107996330244879,0.771984793457009,0.125204139225549,0.580876503221867,0.15968493108732,0.642007766057697,0.191227501244484
1.03281774268298,0.140161656847278,0.926856155379178,0.165707183800809,0.436639416198313,0.108014992798717,0.443742168357053,0.239066093064899,0.323634680486401,0.132652076649784,-0.885508211822089,0.0235002530927581,1,0.735238490445335,0.101776702379213,0.329915852267856,0.663022577243983,0.131654864439122,0.619894474336261,0.128407951577695,0.614379252967173,0.131601674889276,0.807687776068361,0.159810490073137,0.713834509950801,0.177849890391265
1.08446914891199,0.157013268107286,0.968660825765864,0.203406443080835,0.684961727557075,0.172756061246906,1.21682200282304,0.498280039268062,0.86832363821714,0.270212666443202,-0.906354913877248,0.0213992073574151,1,0.951119189428234,0.662276447211348,0.301753293586701,0.477160355937804,0.137977309801422,0.710663437508142,0.131485154072049,0.752714565302365,0.136659383798601,0.832119603275932,0.135484366450841,0.765368539087203,0.184607186967461
0.97792234194607,0.142678388738181,0.985337303091447,0.155825156982956,0.503094572608065,0.119706211082465,0.408546291714207,0.208548933319166,0.453362351789697,0.150744288663267,-0.852859035393335,0.0318447660140263,1,0.999999999999309,0.182483495025053,0.320425210786386,0.690329075623416,0.104665109268917,0.58023650844496,0.124414946875886,0.679078541554587,0.126776341484,0.493891737963318,0.175627538764277,0.401793361353305,0.220017810213006
0.998803289632909,0.133797983353301,1.27147130386666,0.18302838240759,0.418365880714345,0.109689767750628,0.959223994328408,0.394464832868981,0.552497506340456,0.166088019990997,-0.887254284632607,0.0261453592805441,1,0.872151989491333,-0.224081242374312,0.275824641399289,0.72226824712545,0.138542941010652,0.504615826483042,0.123092513807519,0.838988597629645,0.125652552995548,0.607255735353795,0.15986229284959,0.781368385756498,0.179308591629068
1.13994223917762,0.151399596417083,0.939326964955559,0.165546504274869,0.512960645479182,0.134766445468394,0.455638504283668,0.263244844522596,0.483450743367367,0.180476101275091,-0.90942409103145,0.0207826548221252,1,0.999999999999873,0.130538799250396,0.327967090369187,0.600133344718882,0.128666595147384,0.562422320130542,0.142229465839864,0.75007827356577,0.122280654567033,0.699417076826648,0.155982775545264,0.546620656489053,0.199790343577234
0.779814093338753,0.155209287184555,1.03662420072747,0.209509970150381,0.734038356394726,0.20654802771622,0.599850097487692,0.374499727603395,0.478063228994824,0.239750823769492,-0.889743614290078,0.0276716081142084,1,0.720451245644078,-0.503257787330552,0.377061014371248,0.643126152606603,0.150731896226575,0.644985899867018,0.149008129646567,0.884384587681418,0.145388566842347,0.575498512407464,0.185166960518169,1.01834194475667,0.200927225281578
0.998345239786507,0.141389069228601,0.965320087272725,0.173877493493734,0.718246709784036,0.16043928762739,0.519776428735094,0.27334274362895,0.611005490751542,0.202454813466037,-0.901708982255153,0.0197965419089294,1,0.999999999954804,-0.0383763582823438,0.322002064672362,0.552200312639576,0.124967351243584,0.747352493491508,0.125733116777999,0.793209182202885,0.130723477356317,0.771984831056293,0.131006348332874,0.779316018071387,0.17452197715131
1.44399433348093,0.166979183499559,0.844840500196433,0.19718749603914,0.708800424696044,0.165839635511097,1.34253686779151,0.586306867200699,0.590301588598303,0.25037327984109,-0.934453306855666,0.0141891675933435,1,0.605130240937084,0.387629374052937,0.343241726640036,1.00495586725345,0.122943079118248,0.873668163571551,0.130066963339258,0.928763188859682,0.129730998166758,0.974545310689226,0.146248677926936,1.00105762440379,0.159673267605428
0.987941189425638,0.149890807262776,0.938707116729273,0.156382492017381,0.509694934495979,0.140647454803131,0.873224524223759,0.45094238168282,0.566817442121036,0.214470506740207,-0.881646166516981,0.026904794865913,1,0.849620700241963,-0.0378218407603693,0.351612598414697,0.819461092588222,0.135858943875188,0.646810228907595,0.13482095953122,0.768537876600764,0.131842616144186,0.683624220483849,0.173514886593843,0.819960545301062,0.178830101343173
1.16995572511858,0.159106017144479,1.04249851704433,0.164503401241982,0.63993513964126,0.148482496540617,0.600042779168776,0.382672307654403,0.475785272966612,0.188795144170522,-0.919521177098374,0.0175009683433482,1,0.767806720241956,0.336751390317673,0.350082476258277,0.728031682293818,0.126575055816392,0.80352101949095,0.125955668217967,0.461937460982734,0.155411918219958,0.679099239030256,0.162838997680089,0.762127916154229,0.156180443141137
0.876108981937534,0.162132391570471,1.0179549102863,0.161765903829837,0.834464451202219,0.199000895216776,0.941728790908236,0.460837080257477,0.726697151082695,0.22554381815633,-0.924618976876629,0.017854700281682,1,0.819759792951642,-0.171635900678408,0.373522623632253,0.811301268753001,0.137318333895144,0.72266192172766,0.132486160333815,0.980475899051727,0.118903423688475,0.70564881156759,0.156310548163306,0.719234019813988,0.202105481508472
1.0920182197426,0.185911918128209,1.38044668293854,0.223171109383424,0.675119946244723,0.196024051571872,0.972877893153886,0.489784294264255,0.683381582535308,0.251556942996564,-0.908279988497239,0.0237810859681743,1,0.84322530868618,-0.207846360328796,0.418327428248945,0.783675736378484,0.147405777719588,0.840140917576462,0.149732439421828,0.791224244160396,0.166786951910875,0.682048886214028,0.179663481923356,0.729891006752534,0.188485884497428
1.17303107755023,0.15768708548576,1.13675496583649,0.189390466380549,0.639239740949001,0.159019990157912,0.462793040013048,0.286690425092911,0.284908429877619,0.189599652790466,-0.86626376404638,0.0313999536310278,1,0.523817503577537,0.370617362859662,0.322509369696549,0.615305542581553,0.132202474964613,0.711039581466201,0.12323948742843,0.817758030986946,0.118514959599886,0.571357956480532,0.187244050040563,0.75726834727737,0.199477326362467
0.858572646838833,0.126253965269887,0.951758010150292,0.144339690861518,0.455941663521447,0.111528499190981,0.265893167662301,0.173283196406412,0.348183533653419,0.14087664436507,-0.866759272310977,0.0288751196962793,1,0.999999999688387,-0.329536635498441,0.361219878126265,0.724031957196348,0.135622303315193,0.510234899147783,0.11865182393923,0.469552874795451,0.12977184690419,0.611471741400662,0.145605268310286,0.643238548155447,0.186485395999571
1.2271552872249,0.157198658876362,0.881789252107977,0.186505887844968,0.646988914002996,0.16258886671329,0.804092729692782,0.358105932243845,0.63722113177928,0.227290892157052,-0.908038807952156,0.021193498781776,1,0.883463644081844,0.788734440284511,0.316896481339989,0.567338616005328,0.15545365447416,0.50907149060287,0.131527580487591,0.656147436976844,0.133496993662686,0.899118577607723,0.151936054412611,0.73975055035166,0.155112587365367
1.02566045285009,0.143054170559898,0.96527523356152,0.143640769513269,0.532857811906963,0.117080468964929,0.234906029008172,0.18125578102422,0.353795862688928,0.155472820347574,-0.904963932839728,0.0203454100055666,1,0.999999999339925,-0.125236134080721,0.312532871243977,0.883511692848677,0.117462024367203,0.60787911960206,0.119569135991282,0.731576502281039,0.132230399507659,0.726961631675564,0.154102749649175,0.960300971168556,0.164163674789822
1.10051161773157,0.164575739455316,0.763951425637985,0.159211202888501,0.56651374097168,0.123691996131562,0.418063271828471,0.261513723922579,0.372224684316163,0.146963040423473,-0.903833471061831,0.0200679298335941,1,0.764854697932401,0.405404730088463,0.36081223785402,0.527307525399392,0.138810667099035,0.770308816345884,0.124567647529381,0.636902892633111,0.1437125381832,0.746888956906601,0.142956286619238,0.624249295829669,0.179349853814959
1.161190332037,0.195984923992978,1.14656709586232,0.231276460700667,0.983893292314973,0.270827964719748,1.12870069087982,0.653534874833904,0.793042135732227,0.333021128941348,-0.93835262585986,0.0152587020830264,1,0.752545680726746,0.194861586878526,0.468380399288805,0.646567585449047,0.166691133894773,1.00626543492393,0.135076160063302,0.934172512247106,0.156503751269082,0.951530099176702,0.157339623145399,0.967200897641716,0.209953128479596
0.854883463549102,0.130252110891287,0.745444641585221,0.132287686527576,0.683080476416815,0.146025314989437,0.568229787990433,0.242589089416971,0.623014183006195,0.168300280957357,-0.915944869321499,0.016682067383254,1,0.999999997336246,-0.168956885892181,0.269934261824819,0.82911873106658,0.105213388547869,0.555016841024051,0.131047945699289,0.768645485623257,0.117613783262399,0.631319694201107,0.149914822830428,0.749120914832406,0.166308118208272
1.14377380959439,0.140918856504171,1.00520739521899,0.16806207847345,0.498695707900527,0.123626451841049,0.633746458706758,0.359844775289005,0.432827038635763,0.162653659590163,-0.891049124671963,0.0237305276558976,1,0.769907934266007,0.667693628039577,0.329834270142667,0.681830117400134,0.125656462388093,0.548301270712543,0.124629323985821,0.769720104400757,0.125273171725091,0.788073479507089,0.169757272604706,0.583699073752013,0.208361342034919
1.20527019333498,0.174179697625513,1.27283975476138,0.202996357560559,0.839397172432563,0.215889692730766,1.09760990594312,0.471808170746676,0.904882736955992,0.264566765476091,-0.908776764976851,0.0180875069186289,1,0.942723955518016,0.14807428433556,0.35132327731834,0.744378777041431,0.14522305760441,0.857702887824436,0.128887734598845,0.847504425656199,0.124815217264789,0.657386387267193,0.174862922617371,0.891954401639361,0.167358114938873
1.03593891961972,0.147017095702278,1.17866437460677,0.172876063021497,0.802920001866621,0.191692896487387,0.568191652691065,0.326367682671,0.573927948871938,0.212763672125815,-0.907294021856711,0.0198720847469059,1,0.849716029815583,-0.169663986913656,0.407863479028812,0.86705300185252,0.114296795153677,0.778832729864084,0.132742701756211,0.76469721641083,0.154508740180725,0.84262866669561,0.154657899016782,0.836145008388875,0.164400645668336
1.09297721187971,0.151685643331699,1.00898727786072,0.174618700224617,0.508168398770364,0.142632986693089,0.813789609266165,0.32357724460125,0.64307243968045,0.199819811866715,-0.879655372511715,0.0287938078099275,1,0.99999999999978,0.0849554329354873,0.296657308820329,0.498842792494385,0.151585968333551,0.72785150723023,0.127595471975932,0.630831660308692,0.131461202623416,0.673994994479013,0.158949493083652,0.598984797430431,0.192140100188688
0.993454796499072,0.13938126434966,1.00714193750462,0.14269130181161,0.46299966814039,0.114159927978152,0.223698104522252,0.175919783049397,0.321826270147806,0.147311519944675,-0.888072770308592,0.024685248956953,1,0.99999999999909,0.671639293915656,0.355192516412762,0.683423711994817,0.132204760098153,0.489132379597907,0.132801239667863,0.471768848686762,0.133776606793331,0.617445304447319,0.15542340968727,0.585901343754439,0.166527907666109
0.885591158086834,0.126307659517484,0.821887272848723,0.125723078753677,0.426126942416532,0.106500256993102,0.171678164168589,0.119344355312043,0.270474935952089,0.108382385132949,-0.847189186019347,0.032850859497455,1,0.99999999864293,0.248498822850922,0.289054408690825,0.577744258295016,0.119093783165785,0.566914392585065,0.131989732402301,0.461806955768858,0.14525654036656,0.733232765514919,0.144915671769048,0.370312479414568,0.180937715990639
1.02499382215756,0.174605411084577,1.07826253773562,0.174789543157803,0.638110559003032,0.163281227782368,0.300557923846577,0.199753488424615,0.43793742060948,0.177193930637479,-0.924184995263381,0.0176572361788006,1,0.999999998883031,-0.284312563039001,0.36902592580193,0.777251230337712,0.121723248624067,0.742997479464109,0.139994581596678,0.616860728453384,0.157223372490764,0.534872515215848,0.175091852722778,0.706705252157819,0.18225823441001
0.769908422985203,0.130120939950906,0.867414119396667,0.13778543070722,0.49648069076259,0.136664816103011,0.316666569732398,0.262964819363266,0.380355202554894,0.140399151608934,-0.865106467926763,0.0334503135392974,1,0.959261624858217,-0.216046092555526,0.326321838922932,0.596847389087009,0.133894646045836,0.580043450965319,0.136929509386636,0.385578086579089,0.162038684713227,0.385044648857163,0.16359588764893,0.447178651340401,0.183650445371474
0.886308936224045,0.137315142887051,0.846070146956743,0.161064553747623,0.439190864585975,0.112082546517258,0.56246604889618,0.397063843426555,0.443545801160722,0.16254796901867,-0.840829782124035,0.0341584645110289,1,0.892408435547629,-0.189066633992915,0.306874277144852,0.574605799120622,0.129293967831016,0.576455677828947,0.122134643997998,0.637813255708201,0.128752793954077,0.564552791182442,0.175668315853394,0.419056925342112,0.20211575067307
1.29236833918783,0.154457167569053,1.19781892149577,0.169777501632839,0.533768385445875,0.128100888897189,0.482040152880174,0.257763566821171,0.495377146407127,0.155566041589553,-0.903951585361926,0.0199209546161518,1,0.976602733720704,0.55593856176265,0.319416854923172,0.541466607047216,0.136851276620322,0.635305911806791,0.12890279214877,0.823966461194217,0.104511710487883,0.798100581232761,0.143491184490086,0.409702832079901,0.201514198234633
0.887891739139909,0.138206606647207,0.996876961491253,0.179266695563034,0.502213295080557,0.129443790274391,0.937577687102792,0.393089232830717,0.686195292600324,0.213226886297436,-0.905143193347366,0.0208155595876223,1,0.999999999950032,0.0253446758366135,0.255885054371044,0.582204024857495,0.122801042335907,0.810864128658572,0.123278615113189,0.648977975207269,0.131649083387016,0.765532663746033,0.164778053421285,0.946786458529921,0.168660718997158
0.989414714194208,0.124634632248952,0.954458381276122,0.152980649161658,0.467854572167019,0.105886598346795,0.382586206230096,0.276551295372527,0.423077659340041,0.175538242274632,-0.907458034819949,0.0187151388100717,1,0.99999999999962,-0.045468152979437,0.306877024777388,0.780952191560646,0.127096751279396,0.644438411767946,0.116194172717077,0.80683590288663,0.125630818031215,0.486401695105219,0.142736860640849,0.822757053748156,0.165443695933071
0.962828665953712,0.142665217436217,0.965913067828798,0.154704687004195,0.439412281300114,0.122200492775945,0.370839411207492,0.314999560430508,0.396388635594865,0.162816437793427,-0.9129753571392,0.020036911482855,1,0.981956293402913,0.0519160852374061,0.314045438473007,0.773193372741936,0.144282052576676,0.596295472743641,0.135778459411441,0.467875447403979,0.164184296563815,0.631912252105402,0.170056414539815,0.799809262729494,0.175226023362318
1.14104557186494,0.132058745036269,1.09025608928646,0.181928128490762,0.529120999954084,0.114764030508904,0.999356261369864,0.360690191222604,0.722109007809078,0.174465361215935,-0.907605831389938,0.0183373388675286,1,0.993036231963068,0.317957418475622,0.271517284856628,0.666773291143917,0.122401092599496,0.652902048426064,0.126412426917366,0.763316096997848,0.112244126371666,0.793718279850295,0.122920119106023,0.979740662014199,0.175036992791045
0.926614863347198,0.172823891814421,1.02836996137412,0.226734987687647,0.79920569024448,0.229593769676916,1.3623032646236,0.690138359302508,0.968994482905417,0.339030513058704,-0.932223199117261,0.0188266448759296,1,0.928656540897394,0.0897002077825613,0.388112424754031,0.574360645847793,0.168480039444545,0.891818706856958,0.14965243349486,0.895171641924387,0.145253816646399,0.752779004013654,0.179466689357224,0.65080877019889,0.224869702015177
1.0506959804492,0.126460586460379,0.8520734247182,0.123491283513991,0.426482307145512,0.101421583906177,0.278563525781097,0.160347294692129,0.344677262321886,0.118914617807453,-0.87054874617847,0.021857407094789,1,0.999999999999999,0.412827163378114,0.280543219596003,0.607241606994363,0.113921931924533,0.453398709499618,0.119958461112276,0.562235933542738,0.125161660164577,0.531895301486321,0.145141214260534,0.260409815491753,0.205776302041443
0.997651216533691,0.13208032309138,1.06575107395038,0.162609669706885,0.453148640410905,0.113164039337984,0.400580435498665,0.243238510789004,0.426054550124314,0.166315623496066,-0.881395603264752,0.0235241853532194,1,0.999999999890382,0.120479157673991,0.319690945876804,0.528340161855064,0.123620477145229,0.731908915384514,0.109668643091554,0.654295526647615,0.140052075091103,0.720701337171913,0.150090880107228,0.550949153596124,0.188921004276717
0.839768699123412,0.1471793686442,0.900963884551568,0.180331429486499,0.646058129105454,0.173485733189014,0.435554277512969,0.277852552544581,0.517142202482388,0.17904559582664,-0.893577950728006,0.0247614694405054,1,0.974884221543199,-0.521283142376878,0.33500066632024,0.884233451912161,0.127630457222974,0.728039211567662,0.132950358139087,0.673174394054481,0.138101971998623,0.741692573008697,0.168036529172517,0.942542335511918,0.188360862989185
1.02193067446421,0.129877515562178,1.05338976363793,0.157594766335198,0.608630248289121,0.134565161260239,0.466641537020135,0.250500450509884,0.532927907447884,0.173588829021049,-0.903762886547048,0.0192298808758316,1,0.999999999996829,0.246066077061332,0.31533277120095,0.691647802885325,0.128828179236578,0.631185528235786,0.133029330964671,0.438793103482343,0.145999656024685,0.819401464664181,0.124933751551766,0.415756298873392,0.158747814671755
0.972298494580813,0.147941095633029,0.835671725665223,0.175996529507522,0.593180090172914,0.143402278124014,0.590103975076248,0.321605505851542,0.591640033416228,0.207745014704521,-0.92068386342112,0.0177552230744221,1,0.999999999990902,0.0997879674933068,0.340120189876997,0.826964731737589,0.12321628621692,0.711779919260176,0.131441736063804,0.403971307393503,0.163064272877014,0.830854865312843,0.14466380528927,0.632218298094251,0.172680360911663
1.00258461047502,0.129521835370807,1.07789203162302,0.156021009991731,0.566200607169033,0.13516129597194,0.64723625611881,0.304948687303903,0.605363990664094,0.196139763539156,-0.881061232839898,0.0273338011562441,1,0.999999999995191,0.0701790869831242,0.300457080987853,0.733555138328835,0.116757906864894,0.58834296241356,0.138458223343247,0.427699539421763,0.138403264007122,0.902367919450682,0.126755211043622,0.660280611258797,0.184404462772684
1.05358301543335,0.141570207932319,1.10155491372018,0.172584022541326,0.448720481914977,0.108855259642779,0.624382244437506,0.379443872995554,0.439050547786602,0.151112691859676,-0.910555420732246,0.0190729067703514,1,0.82947118633551,-0.506659768929029,0.317944373421027,0.618025237664713,0.147128762211072,0.800635039450859,0.124818701837097,0.587591464615546,0.1288721044234,0.881257560675298,0.122424494084063,0.47993836616816,0.178088301492596
1.06929491961199,0.138085741045552,0.887863331242228,0.161808756049997,0.368806963113784,0.0990906906989469,0.167223684087253,0.15089814286053,0.248341013704618,0.12840682323932,-0.87577051976852,0.0282786762173795,1,0.999999999991236,0.588340048888798,0.299136449268436,0.52785067915548,0.139120549249259,0.618022556539757,0.131045891660179,0.567954571718365,0.130541300722788,0.556401168934044,0.160389434102767,0.710223285235711,0.176761756076085
1.03948085574317,0.156194948809058,1.02364012171277,0.192251730778946,0.759329304113356,0.201106263399015,1.01119998099642,0.444345043383784,0.69550827826755,0.240542883691361,-0.882862234790506,0.0261995154539825,1,0.793722509618625,0.0173466993283303,0.304618662550499,0.727735496404974,0.135653945137707,0.626059773670886,0.134919359606457,0.647636499916549,0.151707811357679,0.692069196112245,0.170486717746024,0.947371959551345,0.175022990248278
1.25059578168216,0.158081717166942,0.95741094433438,0.169481717497797,0.677353768062357,0.14818487230678,0.524799993515144,0.247153831936988,0.59621745449994,0.177379459568961,-0.925672874335917,0.0146035922262053,1,0.99999999994909,0.283341078642186,0.370163402952339,0.792868575918592,0.121790180652856,0.77794213267184,0.125466097545673,0.929233339872792,0.116432969635228,0.577923248092451,0.154131092604963,1.09567969013935,0.155848001886551
0.993981403088408,0.14002673364215,1.07697040371347,0.161733697053348,0.560709738752729,0.139544766621777,0.816009937401808,0.332741207688716,0.676420519171519,0.198516556219343,-0.866890319583787,0.0308442316612929,1,0.999999999930137,0.598576126842765,0.302381186350711,0.408551518230838,0.148305064877782,0.506040820832289,0.138734838088111,0.685425922391842,0.140089543540441,0.605326655585091,0.143866908855066,0.810076330018997,0.148288640344276
1.20887968380787,0.139924951444197,1.00314020131829,0.193494944213016,0.442597953727225,0.108703645165445,0.7156817849731,0.329866969938238,0.480101725831776,0.167352831293225,-0.916053035270483,0.0190314261333265,1,0.853038405239842,0.551450969728379,0.376888373716947,0.665560473967518,0.147706245660439,0.718961330504341,0.123618115419908,0.528227964994598,0.133540431136509,0.818764005697037,0.163230940835778,0.844533082641539,0.164811755822295
1.04150637642588,0.16045396605084,1.02303617250622,0.148960432123702,0.689726596401924,0.171034026318488,0.290104006797251,0.233696195063145,0.301368404685519,0.16132708636533,-0.917731127439354,0.0194205004925792,1,0.673724543881795,-0.029897447803693,0.325296809149407,0.768044655327189,0.133574634190482,0.83254556365262,0.114767829011659,0.753727217485016,0.131289663015349,0.954430646350907,0.162896516349633,0.796164926498499,0.223538781595623
0.848772146957701,0.123649265708029,0.964638326110898,0.161503851876417,0.477667247145879,0.101828556616239,0.304560908748073,0.2721357346153,0.223562291814027,0.142925499495832,-0.909138919046632,0.0175761898763001,1,0.586136466026221,-0.450446149973234,0.27756204911803,0.873689480449665,0.103851583229732,0.578373884405147,0.116011099138885,0.786523549675044,0.128012518438763,0.670935845261588,0.142901497195949,0.762969242990198,0.145709587302717
0.90674380503358,0.145804415660298,1.31317232573929,0.19759823958473,0.797618821047557,0.205324743026848,1.25011662134268,0.527626554843883,0.998557231489664,0.320892182667882,-0.90001605644436,0.0218733322266391,1,0.999999999434871,-0.193925043861676,0.330945253290167,0.761565194672023,0.137360499671669,0.478767150958743,0.139238029927979,0.795238883550752,0.143977015000901,0.89483461467522,0.146554496473533,0.961827626093956,0.164072146479698
1.08438791314984,0.149398997013926,1.26218169307678,0.18151242502519,0.543075120353089,0.125200562883568,0.715651321677728,0.35860193331095,0.517156616322236,0.154549533786605,-0.882538864656493,0.0257448223144821,1,0.829547756026989,-0.13458912954127,0.329167401745407,0.679166310003733,0.133210462788346,0.82191133667435,0.120326460818777,0.564195280913224,0.137301190106063,0.606681409128296,0.151398783758947,0.728831443687909,0.174781889724449
0.885470108234105,0.132007810112664,1.02417465991701,0.171540269549332,0.423778395943101,0.11303783425191,0.474389854850814,0.287886106985553,0.448370574120972,0.176536921979659,-0.88599441135924,0.0269908066558376,1,0.999999999993064,-0.0526025774060948,0.280858927491521,0.630187952826786,0.129761382970484,0.399015368878669,0.14850476630668,0.655998380511309,0.142531348418681,0.627580551697089,0.167176764081244,0.360890707787107,0.203477609535508
1.10476041135674,0.142787056785571,1.07535872338151,0.195255781036885,0.736204622618727,0.187373641021667,0.87627884015081,0.414886180684717,0.803193957158882,0.262025383950258,-0.917383480403198,0.0171487361045737,1,0.999999999995768,-0.284205718803506,0.298746646518793,0.671286210991641,0.139415004727121,0.842165683095268,0.128604283304748,0.865475451242997,0.133612017458168,0.797351374568718,0.130847720263732,0.675187677091,0.199274837265794
1.07512529875827,0.140595702518241,0.98471901702892,0.145912833306298,0.488989491038059,0.11404090385892,0.380046632726343,0.210849632091541,0.25523569190173,0.125097530155926,-0.884776972645397,0.0223358379110657,1,0.592070193830326,0.219247260923494,0.329006962658236,0.739834519102852,0.123240480757062,0.653774184741637,0.125684093763134,0.614851138818617,0.127502228558393,0.720712353698821,0.148284657090642,0.646811106973884,0.177251014008253
1.07794463513556,0.181713586219641,0.978739516217532,0.197629019421412,0.711359613912054,0.202262241308917,0.822492379061496,0.482538157756251,0.602415128830953,0.215559787719425,-0.911895369463282,0.022318772395048,1,0.787563038897771,-0.131990264072909,0.357754631911198,0.960803758229224,0.134022707387169,0.876638568172989,0.151738879032722,0.607919183177574,0.189073345065838,0.938609766784703,0.173120141121361,0.682926433225046,0.214229633401382
1.06586021702735,0.150051734896777,1.10577406336036,0.166719512003887,0.562754916221494,0.133781350643031,0.658459552916598,0.363375561067108,0.493792941090049,0.181081558220906,-0.897573748651581,0.0220568880333262,1,0.811186430236544,0.117689093243262,0.314398834499808,0.54935238888409,0.143176272860775,0.832087891027027,0.116738054023018,0.72614386652589,0.121598832500218,0.60277063369602,0.158499042989436,0.780378213552839,0.162544990639989
0.987714475419547,0.143752924734945,1.11235994877704,0.135065744630987,0.6198775133024,0.149485468131951,0.423448974400106,0.223077370950148,0.512334360804798,0.168003208749062,-0.899435924952184,0.022682895143507,1,0.999999999999375,-0.169746784509026,0.345186402546357,0.712981688950483,0.139545802450188,0.86505841991262,0.123261362295735,0.742750012173714,0.131816780675709,0.739416856691582,0.151903938908984,0.576325451119535,0.167774038294064
1.06594425420909,0.142295571404237,1.2188262058425,0.175588038776617,0.486132061543089,0.115800142535424,0.814695443131388,0.318652247899889,0.571919603831713,0.16909990418919,-0.891228120103594,0.0234420343967734,1,0.908783026954897,-0.207054725742537,0.301941019132754,0.796521857495016,0.117356001532822,0.681846883363361,0.129739298705536,0.905559861582078,0.11954815679262,0.492668583573995,0.159790050235779,0.702408868826479,0.166895756087089
1.13645139167442,0.167990339276581,1.28644343499762,0.207724354987558,0.532471554965067,0.148846141026618,1.40008273574114,0.622793706625104,0.65400693566527,0.212264182028075,-0.888321450600096,0.0292457482581399,1,0.75745580378483,-0.0826320216775131,0.327739316657526,0.726578808221537,0.145587864162518,0.733304134140127,0.146471714879245,0.700179789246322,0.15806214722415,0.522064116746841,0.156066788743362,0.804839624556991,0.16842855371408
0.97622171675283,0.185200967721277,1.08630969918544,0.204179004438088,0.667971899032255,0.194510997933471,0.964251098245732,0.494802398868167,0.64680131172905,0.239103230383269,-0.926719034296363,0.0193095568379604,1,0.805928890975758,-0.442896975154257,0.34320125653615,0.804126630908397,0.161407596326618,0.89497682930203,0.150899860026778,0.862908977180935,0.153684585700032,0.934356181961701,0.164369528434015,0.866577260343735,0.223471282111758
1.04275763647998,0.137490108320624,1.04243400771272,0.175629827734544,0.555967663561474,0.140869238737653,0.844903928529004,0.368633197778507,0.685375271560315,0.203950025051854,-0.88065139475661,0.024253750884122,1,0.999999999774549,0.0625039072891468,0.262365545127567,0.711264374331757,0.118794351710653,0.569422545471674,0.121934643680767,0.662024800200185,0.136810599941181,0.596056106274473,0.172458096801021,0.44897272800304,0.199057352389557
1.00706886349736,0.166884892451595,0.846353786530519,0.165340606923433,0.638425592416847,0.165427574917664,0.406686595454988,0.26627376747316,0.410754740004203,0.182959696602887,-0.927409387492035,0.0173148028131577,1,0.806115943227411,0.308064347985964,0.39796016851154,0.777082938282003,0.134373211658717,0.92046444100544,0.134101986567236,0.812096290609454,0.139995441152726,0.783362888229038,0.159138500516092,0.782272864184491,0.211961302629476
0.935610399776974,0.146257836579409,0.843390649661941,0.167791024645621,0.545132816386349,0.141878137277878,0.538828158057298,0.366387347564334,0.529165736768752,0.172368089350224,-0.917466064061214,0.0185752721135422,1,0.976372212991396,-0.454656269510698,0.326036048060409,0.649829256856829,0.150917583317228,0.825502171274025,0.129682693055828,0.701972384560481,0.139800679337756,0.482245777352124,0.169853301232232,0.659774269419757,0.170751886739831
1.05703760413244,0.154530883414224,0.779071662830239,0.149968074515915,0.632693956106141,0.139300180571948,0.630975561768968,0.285865388028309,0.558581986497196,0.188570730183827,-0.892621994620495,0.0214038431065652,1,0.884064219410559,0.0492723011483435,0.336726742042341,0.705144911266519,0.113894994908312,0.816345263776551,0.113383369083312,0.754127899576981,0.120025589859597,0.75675979144541,0.149773520842727,0.525162098970709,0.18327951190241
0.949828011629947,0.130879774407204,0.796399532482758,0.146890184457326,0.553666685851883,0.124626769626132,0.42045649223246,0.243247059401069,0.437138975005515,0.128805191910826,-0.876583888483488,0.025732992064788,1,0.906013777311839,0.2123874449663,0.343881143371543,0.588334943800147,0.137399905179486,0.69140700619074,0.122119896637049,0.567788700851029,0.141537589958039,0.648446528207241,0.136719255071304,0.727491191953583,0.174609569872744
0.912768576889137,0.125033412696094,1.03079003925549,0.142549716658415,0.401670123222299,0.0972787769103047,0.619610720340277,0.322133794666371,0.402918468099117,0.136193158138786,-0.901041183960605,0.0209972208414092,1,0.807649535684019,-0.385857172369596,0.306137209905312,0.830007731699044,0.1219761902752,0.699532679893883,0.127229951616066,0.669411526852654,0.133934672625825,0.692363354547389,0.157682279575789,0.450916354983884,0.194701438044939
1.22478030267336,0.152853432508873,1.15730293530543,0.19466405305829,0.735331632391091,0.17268286570864,1.17876223761878,0.45611971890472,0.931010827173823,0.262037602602722,-0.916625491941799,0.0177112526069338,1,0.999999999957138,0.50803478861672,0.303589466621321,0.700414112742495,0.149088389121614,0.691727392766111,0.134755551384906,0.85342467014556,0.130158189705858,0.633458457477074,0.151111989336104,0.604187387922332,0.185050437150584
1.10413295869699,0.137143542623288,1.22595341719838,0.169260607200838,0.491358372103263,0.119255238212983,0.184071194067088,0.181851400453679,0.233838992645162,0.125907317521965,-0.899571622871591,0.0206752281168787,1,0.777543753095308,-0.636665842896128,0.300222070112144,0.882200263240571,0.121761531942907,0.741528072124842,0.122955711192608,0.832223516682328,0.121559057140325,0.710210950315328,0.151657961266366,0.689903114106486,0.180799879181744
0.975841778481396,0.13070336056574,1.14783856802509,0.215165023775091,0.621318504645905,0.145262796769431,0.856503802892216,0.464396974738076,0.563801395755292,0.195320591422387,-0.929463910566974,0.0152873835458747,1,0.772866271443266,-0.376666232689277,0.354110731804186,0.709674562094481,0.136862308208587,0.873005042443068,0.121339793117603,0.733519915253166,0.138714103387853,0.557974569329249,0.175843976977564,0.6650104760949,0.19313989569816
0.944257872898616,0.114551202972176,0.850591018505145,0.13049041931156,0.388823339737918,0.0836090810912399,0.3829039951328,0.209081940949578,0.379310696262054,0.118371202623576,-0.882268168237693,0.0210550197544188,1,0.983046310708119,0.134213877717239,0.261935712262059,0.634604944201489,0.116368761843291,0.555205192944753,0.126437319765782,0.723434665977321,0.112579475448171,0.854615660825197,0.118046925562544,0.848500920522903,0.174906445589167
1.07586624105619,0.169923543619107,1.19530285598571,0.203761479619721,0.634930114578211,0.163447686464234,0.501895419689469,0.338721233650409,0.442243102667812,0.181377503276813,-0.912618349914993,0.0193972710636635,1,0.783414289973622,-0.257433440740054,0.33732050963372,0.794607956762579,0.134106555453149,0.74561784842694,0.126976779121725,0.844110580992887,0.138767850119948,0.80273282511003,0.1541511029783,0.73441426069382,0.171928795144491
0.838479082911461,0.134983368169547,0.825927418280409,0.14297026721773,0.400433426225279,0.0927542358981457,0.121686060198443,0.118852857973057,0.220742306777204,0.119293293282653,-0.8869992178673,0.02384102528478,1,0.999999999919995,-0.396709880340916,0.362930998960496,0.811763318960131,0.122669111799323,0.79205016335262,0.116931613989221,0.559811849675461,0.143162826981586,0.405050081840865,0.169478651984131,0.658914850512942,0.197499475454826
0.996300645671324,0.148442356177036,1.02981346990462,0.204685601389643,0.688341545202352,0.186919919015385,1.46597093471678,0.652160015391569,1.00453406578408,0.318210265547189,-0.930352642895013,0.0163390294032182,1,0.999999995489001,0.129136275510364,0.3098808602232,0.638255539162542,0.141968842171952,0.73112151734151,0.130644637522286,0.872441149330367,0.142908151143051,0.789261711308335,0.167458673031749,0.389722364871836,0.222797475296479
0.844888469739627,0.124739051441579,0.989589898038876,0.15499763417127,0.708383301372313,0.173196359487408,0.476159127855147,0.212932721468597,0.58077807707729,0.163229692003516,-0.907373589786219,0.0214537248593656,1,0.999999999770242,-0.271584479847342,0.302503608991483,0.5755576531589,0.128887795274611,0.619364427718589,0.127261765445562,0.545277431830102,0.138512616899495,0.657878979965341,0.15825312854337,0.791268193288765,0.176351482340737
1.14237422600616,0.155422047493241,0.741337177343472,0.173823233228943,0.707085693322452,0.189088116035429,0.599285412132154,0.335364731736358,0.39274093751757,0.205464092091629,-0.893155052219893,0.0233903652511764,1,0.603327740606802,0.467210341479825,0.308359993986076,0.688230160693167,0.147410280647548,0.76491541933661,0.140624296102967,0.80236892498681,0.148024936420524,0.865196999978413,0.154444446367854,0.519355030075162,0.2095753368367
1.23423758726785,0.161478671999976,0.991466778829099,0.166332816033547,0.752150936189646,0.197265599025074,0.699165644507824,0.326633247493445,0.388830231345828,0.199160917772917,-0.925641243967653,0.0161549816178471,1,0.536188485762973,0.217240529752342,0.402283660215926,0.905873910830429,0.121303994507218,0.852049129553333,0.119114453289528,0.831151536765606,0.131155717947957,0.770778610005136,0.173584731897396,0.695737281113775,0.193695563864998
1.28966285862668,0.182449941803249,1.29168838653238,0.196089119857865,0.942012421795116,0.23758974635984,1.13994129933946,0.506813019888526,0.987919288209129,0.303071657218718,-0.929581111342565,0.0159834230161754,1,0.953348979062488,0.152340579823197,0.414192858851591,0.734489694625806,0.143228965076519,0.801352114449109,0.135958277456345,1.04400012195911,0.136620765557286,0.974931327371794,0.159193670342133,0.81069631252512,0.177071230706141
0.959936182707922,0.125777176803928,1.15051780919979,0.142327280323848,0.437948722782527,0.102867454829509,0.29489204058024,0.237634083736048,0.300185491454574,0.146711759197375,-0.893337507725757,0.0227930927136575,1,0.835307807515679,0.139442649496852,0.285055361993174,0.504989840612165,0.141680266301108,0.723532972141223,0.115199502716819,0.468239777848414,0.140728176193883,0.778434567202073,0.126464472478292,0.153318120193788,0.205656845065978
1.02949715235495,0.16616486429565,1.01346844913282,0.158557331420328,0.697020323500197,0.173226312402346,0.607808989836823,0.251702369115258,0.650888022899723,0.189941382654915,-0.907827060717953,0.020163164627769,1,0.99999999956559,-0.145329402004687,0.333111191402341,0.83429097062708,0.132048922562962,0.695280813631218,0.126346027403527,0.753461585870939,0.143106823916465,0.440936184419951,0.165655829497998,1.10435541621687,0.164108304260563
1.04556585371969,0.140454010254487,0.901735270871957,0.146977566898502,0.502554146363271,0.126995433221167,0.47904382985692,0.280890622355184,0.351724040412346,0.13405175492562,-0.893667032679191,0.0226165895999277,1,0.716841265411891,0.139551599649113,0.293647276822477,0.719852213227186,0.138194163406932,0.644966701017984,0.136414752871812,0.746799636919442,0.146394091801061,0.649365760112136,0.155161170444876,0.828031270503606,0.145285895837461
1.08006119427873,0.139690322360827,0.849361427884025,0.167512100600116,0.463482492942877,0.113118385950071,0.715810695813222,0.380291655650741,0.412933321122311,0.146107257586196,-0.903039286477981,0.0212063512555892,1,0.716909227430143,0.224809419560824,0.365911041263606,0.74289518726176,0.140887911671081,0.856753095195929,0.117816926227262,0.505349432101478,0.159273884287208,0.835260763672884,0.152233123264702,0.79036046034878,0.172257768256785
1.00614144632552,0.12428390311355,0.868235082201404,0.168848650298558,0.479520823134481,0.126585000928194,0.738175369397766,0.393574050160393,0.530657350001706,0.200489163034691,-0.896151585433378,0.0229113064702039,1,0.891929798117135,0.228492358159155,0.295557740706401,0.799969458580033,0.120785708626482,0.551678771494173,0.128658046468543,0.637226791500376,0.150223322678512,0.514238693999541,0.175056758763244,0.747129190803019,0.161435739539994
1.21718014229545,0.153539790428261,1.33551516088905,0.190316293798008,0.591006383869797,0.132866511575073,0.939103477565601,0.423623618094605,0.665126813280555,0.180825715920453,-0.921385605760022,0.0171921569418405,1,0.892794786483408,0.0130588223218722,0.388902439566975,0.828180148742958,0.130909602449662,0.645414008159097,0.13995296020725,0.834223857537594,0.112050731388332,0.814468462105233,0.132800721571059,1.0403638215481,0.141132970801219
0.962009360144255,0.122492230060348,0.904310575982066,0.149219814434693,0.326239604104678,0.0785905720320089,0.149741369038613,0.231389865952101,0.126906481702015,0.101306970207163,-0.895910762721272,0.0235261119803429,1,0.574175376264758,0.12990681334829,0.255013902292902,0.604215428574475,0.139884902270216,0.529055499372786,0.131081831729327,0.540130034716343,0.133389660198603,0.814107734699469,0.138606856414218,0.48862090981382,0.193410030830509
0.963242837383697,0.182997851129776,0.912570980397289,0.19297679483764,0.705761792800006,0.209075741662175,1.29596316337893,0.643537305568323,0.763558351649234,0.281466548783852,-0.921840597043908,0.0195484685065947,1,0.798393203531698,0.0879231392525089,0.400176624579262,0.695178023178045,0.163892335847983,0.752162019651523,0.144288823533735,0.806448996523066,0.167770342842622,0.789009183485601,0.159671997975157,0.908315409229514,0.17492169274522
0.931749247204774,0.127289525729989,1.07987093289083,0.168898569329831,0.470879505368161,0.128910665298084,0.478825961217007,0.289090670569659,0.323153807252214,0.141097886429341,-0.889109028648287,0.0265092157881162,1,0.680558618329495,-0.128702657407633,0.310866634682682,0.593012505157869,0.137656939778336,0.708268619315291,0.122370631557198,0.736139178232131,0.147753874193533,0.592487288619134,0.180065102012944,0.438569474229965,0.195915932554955
1.11182718665709,0.151648665033207,0.997073587219669,0.157125015627529,0.587766095299586,0.160402973610031,0.261913181714383,0.306352415894231,0.37369897953531,0.192766236000738,-0.940802335400095,0.0140466752876436,1,0.952447329413866,0.167257727704142,0.408862366621511,0.766090046476511,0.145532245294529,0.685179323661589,0.12978235690273,0.79605528938639,0.134928066532019,0.769037204402283,0.162960927340202,0.681137041591128,0.200338467016984
1.14290169045452,0.152583558060392,1.09955375479154,0.175340077186485,0.614913460288761,0.145733266244021,0.47768508185986,0.249900495392837,0.541973234223286,0.183308936144313,-0.913812194796773,0.0165103693216769,1,0.99999999999946,0.121401479831364,0.30966118103065,0.815913360332461,0.111667704208395,0.741922595196291,0.115723954778726,0.725666358863203,0.134376256650752,0.883494334541276,0.164576708123914,0.585878887778403,0.189157648119736
1.02039042095844,0.133244872213868,1.26951234258065,0.148828842635341,0.563323122366936,0.129026240233698,0.526775823844412,0.269809634866125,0.544743060288345,0.184290920488269,-0.913605069336412,0.0189107755371756,1,0.99999999975882,-0.653386482405863,0.348196130383236,0.730386000546968,0.118701045710705,0.839321808203555,0.121803923296462,0.715621264639684,0.129590194443142,0.676454588028411,0.149736142476413,0.912687459957825,0.14965237382729
1.27374349637507,0.227232145103175,1.36251462111293,0.257496012052897,0.881336849428873,0.310802108481233,0.81086986813866,0.501625191531587,0.348059065046385,0.25986282312946,-0.945043160025372,0.0174710019908463,1,0.411724208860001,0.50784542865072,0.432860235794525,0.717481938142567,0.182777283588158,0.903350816633519,0.182823930904073,0.884131592857885,0.197840151069254,0.875311805013333,0.190727521110752,0.848283962760917,0.209944039613683
1.11690107207979,0.150319893729842,1.07238653839401,0.174841840787175,0.5097632030526,0.13518165861344,0.627171055107403,0.339593244526555,0.565427913917272,0.206350576053962,-0.921435057417567,0.0183572772450708,1,0.999999999880218,0.111585638304085,0.359630857950048,0.90682072374716,0.126355691915493,0.558688097607157,0.136938031222556,0.622592843293287,0.143544439534989,0.632728514828568,0.164934408443595,0.823581366853913,0.176629158232341
0.881054927650336,0.136434323580016,0.763251809972972,0.142624280894002,0.485907584101378,0.125076237765745,0.544288489599548,0.271982188866424,0.514270264556538,0.175492809920808,-0.908215556950784,0.0213298194237456,1,0.999999999946209,0.145517708428768,0.337636074940129,0.569358412179485,0.146578848194564,0.66736675662651,0.127423378766525,0.532626079838883,0.151222790090037,0.632227216657398,0.177149443822925,0.581085761058689,0.176215493355168
0.819989376615385,0.1570127932533,0.694781310946178,0.186575696645258,0.928323283115462,0.240733552313275,0.855403931407563,0.470683066767533,0.771231847493937,0.292548476491511,-0.901008690487996,0.0221295915361431,1,0.865465405077276,0.0641818617141923,0.415831708276818,0.683099248243239,0.137868806688395,0.834525558506713,0.123392522247227,0.773215053476913,0.153667305801704,0.590517364173458,0.192055544522016,1.00036123260842,0.217845554686034
0.87777891743394,0.134471374007352,0.760839827138306,0.13582298812435,0.427670575720693,0.101665947027008,0.232169174651555,0.216776661478171,0.272209229630074,0.110762803209991,-0.862262335111003,0.0287440764000347,1,0.863865006815839,0.119389216673787,0.346215550844687,0.556583796582042,0.130668595515928,0.612659626314121,0.128937667960241,0.610627872743401,0.131065178031706,0.544147249084462,0.156307350587595,0.757493153367051,0.167311873895209
0.923913074960746,0.133828543840849,0.829527835297182,0.146189793699148,0.462749672046086,0.098358724212335,0.146609358567353,0.178438933710296,0.260467704051164,0.11297318153804,-0.887786517096592,0.0229781085448272,1,0.99999994294035,-0.00766775573016425,0.335109381096834,0.53442633619203,0.138019965610959,0.530183163945081,0.128959015135424,0.548127594869092,0.134099400808237,0.364703695741792,0.155000599531029,0.558896335013952,0.165281168543935
1.08756102584141,0.130872901684952,1.32391917508775,0.158854646444541,0.618958784409875,0.136751353928838,0.456351138711033,0.265009906445067,0.531472055691359,0.183257172561096,-0.900915259734469,0.0191891520387399,1,0.999999999823261,0.052458273195238,0.282838785645248,0.599551311833692,0.113578810096799,0.7361156699251,0.113496803692801,0.719833544270567,0.125382855129293,0.663509898559091,0.147942070897158,0.766982973924246,0.171615586112278
1.10349947812583,0.134571985504656,1.22854548820758,0.153864510297009,0.448348217221353,0.104832080963374,0.144117897521566,0.179991881442331,0.229384007530891,0.11013372295451,-0.906483689663051,0.0185980088783313,1,0.90239452870463,0.128583825169602,0.288467964578721,0.721530832459666,0.126739979884302,0.709280788405655,0.122274348025431,0.756587383827017,0.126509948320007,0.698561123297591,0.138223271573469,0.500309280122401,0.163719597409208
1.13704234834882,0.174238906370671,1.09463339055825,0.163496252744112,0.62488826010291,0.175512195914384,0.326196162985067,0.260103391780014,0.439681366977502,0.184396726786887,-0.895864107884408,0.0272112490247135,1,0.97386207707113,0.359784555116288,0.388353680560504,0.692712461617125,0.148372536669438,0.732530807828627,0.139458660809558,0.718945246438,0.155621325151125,0.536485078032873,0.184834432192561,0.653043503966791,0.177546036771024
1.26968050366109,0.190798954942324,1.00251604141836,0.177442477750547,0.702068732138751,0.189461186198967,0.668474395545827,0.439865545640008,0.580640033333428,0.213469091202636,-0.914325553451711,0.0203412774127902,1,0.847568429269261,0.47686941328195,0.39771325244984,0.821144414921173,0.151020994387557,0.778340820936189,0.145818723232448,0.637398641001962,0.166399847437555,0.69469126912263,0.142249628866115,0.793999724235608,0.172158717456243
1.13095510207419,0.144083926407567,1.13929216352374,0.178614726510898,0.504204721061492,0.128296647741463,0.55274333913312,0.275696442073425,0.436704485852026,0.156844098477439,-0.899654658257344,0.0227846077977988,1,0.827222693808135,0.17502206350919,0.324248822970482,0.762776883632723,0.136296861329833,0.7900412939618,0.11179549905863,0.576535943691242,0.147928771153147,0.858548583486177,0.138412408310736,0.751552725982493,0.171386176038886
1.09177226102441,0.129072710824694,1.05478141997382,0.175087462593167,0.524574230038145,0.121487712029743,0.527988910612134,0.297150822905485,0.39862997144081,0.136491635429502,-0.901106616449393,0.0199886818772212,1,0.757450178073223,0.125803998433881,0.292113300191969,0.46750823903338,0.139179915862493,0.897178534767484,0.111968298291082,0.744208603336268,0.124842383575587,0.974790313616467,0.12652668670748,0.559075161852165,0.227507445360753
1.30724998690575,0.176754398671954,1.3314982567066,0.205621354073546,0.704102394417159,0.155095776176584,1.104021986555,0.514365726251842,0.686347497178539,0.214136489308005,-0.899539725243068,0.0218727664822049,1,0.778461757699062,0.603925362239057,0.333442429817194,0.80181363568407,0.126053363475999,0.88216993608708,0.126605857762398,0.931856824641434,0.130574117792999,0.973265610736396,0.133798809345315,0.852722748026113,0.17712906319184
0.866781486935997,0.12883223391061,0.793543133827619,0.147052743617504,0.50733907525146,0.117090264676437,0.29540184393052,0.223170610526183,0.347905304879181,0.135452234377994,-0.895788342253165,0.0238850397244321,1,0.898680448786188,0.0115692965028027,0.381544738699964,0.714734998338322,0.132293398985596,0.492109781906752,0.148047956442408,0.536694395293357,0.126533767999598,0.763684597397776,0.147613931340918,0.623382108352342,0.156692766679461
1.10184494613413,0.175494080239342,1.31285024850834,0.184608381971085,0.737186644556849,0.190047283497409,0.953698615167513,0.488011681559572,0.708297518967265,0.243018884804878,-0.907075995723717,0.0206328828527106,1,0.844736802141452,-0.366541089026329,0.362376629597439,0.847810783122704,0.132833508677726,0.685191905605815,0.123601702700129,0.76066091089141,0.129388513590816,0.775748729023635,0.170901046907488,0.919815957953206,0.174501121170396
1.03204782790263,0.151329977916888,1.17672377514282,0.17066738937256,0.603252253270911,0.144282305378011,0.349934891146829,0.216000740849889,0.459455124607124,0.17511170955538,-0.919028066562492,0.0173630140735055,1,0.999999999870469,0.0575595254313316,0.351976008649726,0.769157462012544,0.130350521948133,0.707502634601273,0.125860761178634,0.616114781955781,0.127422323532855,0.712006322723458,0.151183108774114,0.594333550494635,0.183649896376459
1.10124191924069,0.161775841967675,1.12086949960673,0.174706935989674,0.627254639049775,0.153588145654342,0.735415789245794,0.359761380222483,0.63143888320069,0.203519870847972,-0.898127085986703,0.0222838572394341,1,0.929700160157326,0.212424499682375,0.328933794124778,0.412871770044424,0.144616989302284,0.742459306024891,0.127055404334819,0.751677263060182,0.129197875571928,0.607315706669426,0.170697428066476,0.860665896712115,0.168602870902444
1.00197180652869,0.151652935825104,1.14009226249617,0.180969803636473,0.676240665003768,0.159358850734754,0.611249425455571,0.340298938960332,0.572594056398676,0.182793875219048,-0.916475383181053,0.0188078072894442,1,0.890608759325506,-0.0637221238479792,0.328392087100893,0.653439284573272,0.127005578201188,0.930136951204121,0.119037851793468,0.718665537261576,0.152836503064723,0.622712774077707,0.189195313788653,0.533614454817607,0.218412192701849
1.02238063179263,0.141035689450882,1.31677203704314,0.199391649262078,0.591960921195902,0.136833130538958,1.01845494949385,0.48231276020048,0.578335187328791,0.199287394175232,-0.913817673538948,0.0191559578650428,1,0.744838619356235,-0.125808838839677,0.367050947286954,0.852425488821579,0.127243647756596,0.624982764338789,0.135017805178472,0.960838361450149,0.113007469612277,0.940331574056428,0.126444017756948,0.53762410556099,0.222402057510505
0.747261629012927,0.132890975074968,0.712673045039514,0.143584045772585,0.56036789062643,0.132344040520195,0.552701409963175,0.31978368196864,0.482081425199191,0.180643080957063,-0.873726239368105,0.0270732848628404,1,0.866240512430055,-0.15353144845505,0.318777609436089,0.661888761983008,0.126269710873098,0.697350606148135,0.117942275453481,0.629197017492327,0.138703498921265,0.360650595552341,0.188475442686753,0.94484337750416,0.162994250059553
0.975323524517515,0.140718146084525,1.08329896327452,0.163564982847753,0.582649675140991,0.133141267581216,0.339497857073583,0.196835232586812,0.444756468331888,0.161770051571167,-0.835905826465915,0.0344794701960221,1,0.999999999969839,-0.115157384108348,0.29892557365221,0.575360120900034,0.132288949441162,0.713159654427433,0.12767634410892,0.707550116225338,0.137271981303439,0.588328491203088,0.158257179600181,0.710306399006989,0.17584380005128
0.938130065342873,0.13763200757548,0.667272817901111,0.138113424904822,0.494675432685166,0.125523121924556,0.265935697205518,0.177513747270203,0.362700780370764,0.14654336170791,-0.840215821122327,0.033305322269259,1,0.999999999999964,-0.0184301672959325,0.311693548453854,0.645376136363546,0.12490785130039,0.670129417248433,0.123493988947063,0.388599245203452,0.145444599209886,0.377330273757828,0.170319908113666,0.441049503074909,0.181320886992518
1.08464385890337,0.15713720626343,1.09019602557025,0.169517426923758,0.663546556226127,0.163181778352103,0.417360538131982,0.280506929175045,0.400566702889892,0.155602955859288,-0.915894951055145,0.019399591814634,1,0.761173139038189,-0.0441838370185797,0.361667327415034,0.920720454574751,0.121419221833587,0.799449672760289,0.130745558462753,0.718159069386099,0.15652242789941,0.779156264668412,0.156893972801209,0.718932817368095,0.213099883192656
0.900802683555553,0.140329692865994,0.732808093966976,0.148724939190311,0.660919977847788,0.156454784122886,0.589290227572929,0.251401345017681,0.62407826764626,0.181344797497654,-0.85236853181551,0.0309766917882579,1,0.999999999993502,0.256426038918691,0.315400028094137,0.632988722444276,0.123370327140651,0.553832426285509,0.127268071139838,0.698526135185225,0.14201929101556,0.680894509638124,0.183825207303473,0.785710090513528,0.166427992880433
1.20618448807705,0.167077548513728,1.02747428503795,0.156449277023146,0.67534525572761,0.180364615376949,0.430039605514479,0.184168953291707,0.489762242588744,0.157582481470884,-0.903405151478561,0.0230127041398559,1,0.908799640999525,0.404808364552837,0.366323102685898,0.562298602295739,0.173088391536807,0.864544518348464,0.130543839628954,0.900924135736782,0.138862835135232,0.682515070572781,0.160453470913589,0.939197054462435,0.177072801089889
0.945848353601646,0.122972082015777,0.925788135361308,0.159358015749747,0.368390562991398,0.0904937353367925,0.672592462450005,0.320431131418699,0.452068139919725,0.131995692533585,-0.892559155104232,0.0231868236895631,1,0.908183598572906,0.0506512414726468,0.299411257909686,0.579790942001441,0.137081134762888,0.577603887842,0.135509288801635,0.523717428911996,0.141809147229261,0.644596566634447,0.137837867030725,0.712845093883211,0.162004066496065
1.15132036203073,0.168702113772502,0.915341289299051,0.190733448396022,0.577699746519937,0.160874248919666,1.10380340321078,0.546807289423407,0.485786525485285,0.198180610650308,-0.920597040654111,0.019920144278126,1,0.60834299494103,0.376982430416662,0.36522252332063,0.659073640690017,0.142936139449206,0.956194842976835,0.14786152145182,0.869084684927378,0.14063756186482,0.683466678907167,0.1791534467315,0.73835504272,0.178509478802371
0.609308513447201,0.130049203582259,0.753185243087972,0.156510346126523,0.40733154676559,0.106211153057114,0.499715476781623,0.266118792343482,0.451165023126635,0.154683658649211,-0.875118762138022,0.0284146078546117,1,0.999999999982054,0.0334178763711885,0.328944061053225,0.402729681169492,0.137426922571159,0.767701234489147,0.124535357156403,0.45300456978518,0.164245276655195,0.508948328864959,0.192095445161562,0.420070297668978,0.224704471605679
1.04498186877274,0.120190649137822,0.903493894963519,0.141141594639895,0.324906059690339,0.0744963136766613,0.523413301659463,0.242253013059774,0.382585501623562,0.107926879755078,-0.885383584627383,0.0247884101352607,1,0.927742014337484,-0.0814646066059263,0.292908641890628,0.742220757042542,0.136699729864021,0.5766885060503,0.120189666819342,0.630432087662472,0.12791513274397,0.734230439531659,0.13825937822472,0.875040198293442,0.162225018893648
1.13868539466996,0.201025189637733,1.31914068609847,0.227620868104723,1.05533291455477,0.2864781186407,1.27185519142359,0.660907364087007,0.983399054948113,0.35033950516843,-0.918547277869416,0.0205695958899007,1,0.848821187229014,-0.246596051382219,0.394439902738661,0.933434106456047,0.137123343493894,0.884872779378404,0.145587331825472,0.549603816958442,0.164084824634901,0.940691044752611,0.165882108013669,0.687554313471349,0.198051600923626
0.783773969008833,0.125790018963302,0.876376309995236,0.154013260777636,0.507838962782308,0.119293808049414,0.594914199061725,0.26375580591162,0.540069757487008,0.165015375173573,-0.891819579735138,0.0218404045669986,1,0.982561362556323,-0.166000099691332,0.307530923655527,0.490854392537545,0.133615586292015,0.751565653178166,0.112756221502189,0.60149163097006,0.136798617841359,0.997569054673099,0.129504633179387,0.684669070120439,0.162581843697202
0.95467654970553,0.142796788464212,1.12084507784712,0.183914853135906,0.698492642411337,0.174056426908075,0.609912402032932,0.427610399523971,0.58509596436372,0.230250699336217,-0.894621408452722,0.0237677195512818,1,0.896421888608499,-0.0903262151422179,0.286203261664312,0.638396315677484,0.147157934193461,0.792403469462271,0.124793482718305,0.658457514364682,0.133592860698052,0.441501827142834,0.170964830378941,0.746016412530948,0.198683323585105
1.04684594119847,0.167053928466602,1.03203317845322,0.181435441032529,0.637597847311734,0.167759988917074,0.35879638183187,0.315128541762052,0.35230545334797,0.19331911605344,-0.914518273586691,0.0198732074618767,1,0.736583383101512,0.0431822454227177,0.406877303031373,0.794431881440061,0.125815458397155,1.03762182525969,0.12223473660611,0.861850855225786,0.157312469190047,0.77543408304644,0.177535375186912,0.656417765252353,0.218583788857663
0.951557820434689,0.143459046581428,0.87972044803494,0.163285164618038,0.454413222072347,0.114529693695087,0.599587836734112,0.283591442325658,0.404501614559119,0.149813520179089,-0.880795925731315,0.0295034549465564,1,0.774940524900467,-0.0670166340775844,0.306609780770122,0.57022213255577,0.148941618003384,0.513093482699959,0.132414096698579,0.635514566406582,0.144737376321641,0.741192404271683,0.143788278383182,0.699958761824847,0.156119781249078
1.02569710378839,0.157625019599036,1.11798501568089,0.186898457877765,0.704805459038222,0.176168340805185,0.88336528513406,0.432695665512065,0.695307059969171,0.21889200825953,-0.918845680190971,0.0195424879937995,1,0.881194637162266,-0.217057286758196,0.340721920570308,0.825727540339233,0.140738898780794,0.52664256709881,0.143507974560802,0.786564996985104,0.129498870621726,0.900236883823631,0.14376254591053,0.875986405596051,0.186716967464127
0.803157635788871,0.145705496027803,0.772864841769915,0.13615660334084,0.679831715323729,0.178020648659938,0.37183045913277,0.284082273994373,0.341322090423818,0.144596677056949,-0.896376730009932,0.0256515241560918,1,0.678877171101992,-0.399926763146361,0.371443441409376,0.760173827278932,0.131929928262896,0.762863977456472,0.138854546704245,0.518106326576418,0.152448523576701,0.633170644776364,0.169842669943131,0.838832051746929,0.167221860452779
0.964466063488867,0.160561454767488,1.07403322405205,0.18812541561428,0.584953434548695,0.172367564598586,0.513713607734374,0.343878346175954,0.49046906518033,0.22044319561866,-0.896395163130561,0.0268729248176221,1,0.894726783806361,-0.0334865350111231,0.34435351965587,0.606315717383402,0.144093003132197,0.70860743776569,0.146462124637811,0.704368592728774,0.159264734450456,0.821145495392899,0.159645651646081,0.800114648381872,0.19809525120726
0.814116705718265,0.124271735493332,0.836210597168794,0.159240235748279,0.307807531627375,0.0765934200453165,0.561637409033527,0.33980139029892,0.286144335142356,0.115036747445572,-0.870211225627243,0.0287141376067625,1,0.6882045154954,1.9377194979894e-05,0.311580997879487,0.799420417852005,0.124148718678867,0.520267816719996,0.132368691968517,0.600820439002644,0.138334301451592,0.636244915713432,0.161469521320554,0.423926715851183,0.223211403831264
0.974560685120165,0.144578084960459,1.04791563942533,0.149199944687562,0.578266848761807,0.147848202445311,0.165320740940487,0.153364020005323,0.309191694419187,0.158856136608154,-0.908050014859024,0.0217623422981575,1,0.99999999999574,0.0765329675584558,0.35361394762676,0.678206852738867,0.135285514352244,0.48108669817885,0.146142033141267,0.637392603821175,0.146904595714103,0.795422496627664,0.160912129664278,0.824175854903484,0.197054350016733
0.831344390638337,0.113544862638409,1.02861460542836,0.160201886016134,0.369252179981737,0.0844094414957606,0.885773988512651,0.323434918416466,0.563770056771669,0.15741871716427,-0.887559686285518,0.0235414725774873,1,0.985777747461774,-0.399233774609411,0.259449171555848,0.627629066078874,0.129814846731965,0.570803385810692,0.118896541723173,0.683200232844528,0.123734125394124,0.826898943428337,0.131908293481713,0.508617243024958,0.181791449662417
0.979658994585321,0.139337923142298,1.24406567529582,0.222489212717424,0.791809431167445,0.203000327430088,0.888055617021854,0.435722999815349,0.402416349209977,0.241168805597301,-0.888641491425303,0.0271620105822751,1,0.479893866004011,-0.0221468337259645,0.33852392968335,0.755015573643809,0.140807211174075,0.889745187181469,0.116533246881367,0.72008340447144,0.151665106203983,0.578501766765074,0.188671385733835,0.605532677937513,0.197495883416007
0.937009046366301,0.149381209120781,1.06729004257956,0.193428380402239,0.780687126400453,0.19234941963715,1.05127982116631,0.558354290251348,0.782583597306066,0.263485728215187,-0.921373138657624,0.0189643821029251,1,0.863839518097185,-0.541549879664201,0.332904065270416,0.780185883806689,0.131404044552824,0.896956068181189,0.116017084052738,0.73101430677184,0.147346979652683,0.859112051643489,0.159037347307605,0.725008223644356,0.206900716259615
0.989003527487698,0.144806829184978,1.15274015228239,0.152297653965542,0.568656321520372,0.125336565692675,0.315188750957767,0.251386601787108,0.399935972243116,0.15238731148054,-0.911121869681297,0.0170692671830821,1,0.944670118749664,-0.15246088215854,0.355097877870993,0.757564077014441,0.109451831061074,0.787676255149715,0.108310928791636,0.792486689902886,0.12844405201512,0.779426640510763,0.156414504757821,0.261389002895333,0.220419344127544
1.16037360564768,0.154266937404501,1.0913479521852,0.160408504878211,0.54380699105309,0.129685992283579,0.368877003596949,0.223404820203868,0.425709333530698,0.1570077441556,-0.900540350751009,0.0215126613564473,1,0.950495331457324,0.0555087462682082,0.31266808200754,0.554846920746497,0.138521725570132,0.78592881816435,0.126327262024093,0.817415659257759,0.128283990754611,0.654260507419829,0.154674998750438,0.579136769090952,0.178435664662932
1.10607743701772,0.127646529076208,1.02718856034217,0.156591378710675,0.533749100164721,0.147864452271997,0.403250095848517,0.25335986808733,0.448513023837928,0.150785433215761,-0.882322918535444,0.0265171200227533,1,0.966761264199846,0.0528908690242394,0.24972751230958,0.617894271177734,0.136679219891791,0.654707100070168,0.135433375598405,0.76427287181916,0.148628930765666,0.593606986251074,0.148720900268158,0.838889851714603,0.186260567080149
0.993827107778517,0.125416631716379,1.04526666990218,0.153431265629932,0.565799918855482,0.127690941749735,0.611321045831483,0.262324189469922,0.58812022301302,0.163605790002269,-0.895250528694791,0.0213781218867387,1,0.999999997962885,-0.204567018317943,0.244908653416808,0.734404293880653,0.114546305213397,0.705685676168693,0.114920464588143,0.676594254586687,0.130147507029957,0.648667335410368,0.153561910197761,0.679336384759536,0.194625773389542
0.794594592676646,0.108390338302663,0.825706492210987,0.132655264667629,0.41095505112497,0.103337009358369,0.17487886789276,0.136817346891063,0.268080871857275,0.121866012871437,-0.896108906870553,0.0206488084577802,1,0.999999998331723,-0.151897085927598,0.248181068491698,0.602450812489578,0.121240968771884,0.641548560875923,0.123150046230907,0.456971963687836,0.147696488876075,0.738909720617721,0.155671291275443,0.670269054276246,0.196199592479244
1.07258527490345,0.134268283651222,0.927144826219492,0.155866121727022,0.459010530624778,0.116920854938969,0.683005344108463,0.365724673443738,0.49211921927312,0.163611386317188,-0.905821891689706,0.0199513511530861,1,0.878915150588277,0.122537681593456,0.293086375509351,0.649415440309541,0.140591433670408,0.777203394092242,0.113415881704192,0.880232599153296,0.131737307529585,0.521312312041207,0.168518588388472,0.590153236529478,0.209817391111372
1.00563603831112,0.15096678241549,0.865912494215472,0.156859568381576,0.875805444621128,0.207766711497167,0.263538858876003,0.297764451400033,0.431858581688451,0.191387799719301,-0.890110762029995,0.0272373967006235,1,0.898908326320229,-0.121183110377494,0.36415881323177,0.908165942754866,0.131321318462736,0.821274905255599,0.130462322864804,0.801901105808104,0.134347753814005,0.846420420641567,0.142921891016502,0.780791580747575,0.188515200051035
0.902376225277954,0.145587723197293,0.815631738860323,0.151851463725646,0.488753512020212,0.13426165779365,0.450043170827463,0.314757804022245,0.401803442297161,0.158194807620218,-0.868458001445117,0.0312257223271311,2,0.856725353882977,0.0654661039716571,0.356779645669365,0.669154322845695,0.138716919684445,0.712866553680453,0.142611527158109,0.468132405132567,0.157660500050927,0.437047829440413,0.201971193354356,0.535651246043352,0.20959005163588
1.00418335249621,0.133910734029732,1.13303889516434,0.182143737596684,0.55065036285403,0.125251092221892,0.811552128137189,0.339311416761924,0.643460213280594,0.196656134634029,-0.929708496568385,0.0158651022105771,1,0.962554931161475,0.197478234802148,0.373513148465506,0.812845058334693,0.115075985198555,0.413503382127831,0.148571558321804,0.879841332344458,0.139113341705995,0.645435409180014,0.150524803588659,0.825697156668669,0.170413272885271
1.10362559720515,0.145857754356506,1.05762157652885,0.181835481913473,0.349845340612338,0.103566703753915,0.599472750202093,0.370789957081227,0.453017089522712,0.160817111389013,-0.926880651756892,0.0194821931846311,1,0.989217555764516,0.361948248504295,0.29827993631008,0.721001683553613,0.138893138096336,0.821570349460182,0.130142107149763,0.270068725946852,0.163722725156465,0.926892077781289,0.153252638346885,0.43635157518777,0.213446726526126
1.31498504601525,0.206143801495485,1.47465793124624,0.261310709473404,0.925560377752674,0.245274471011813,1.87663236677403,0.869437783794522,1.23910795490188,0.395740294907042,-0.920362595609038,0.0184421460918591,1,0.94019333149401,0.502051545670975,0.414342080192632,0.683855610208472,0.157997999983095,0.806425535593345,0.145792950388915,0.921301733418094,0.148707909603177,0.969837899452683,0.156128437041222,0.908496582103631,0.151408850846441
1.33535408487058,0.173407396795214,1.26071281734891,0.212331275628124,0.763003152654232,0.206010352730728,0.834837445843561,0.406876214717297,0.79003866387284,0.271825901841453,-0.886133235441415,0.0255234044621627,1,0.989883805568654,0.304191316905899,0.321473854086802,0.798624785836893,0.142321082732766,0.780787618005648,0.11724483940419,0.739959610845044,0.147042366022911,0.623039292724906,0.187554455899944,0.866482405645543,0.181962777789997
1.02583772187436,0.11866090454563,0.740837671945692,0.139235657203862,0.421441192362397,0.0934165542939712,0.348498648589564,0.167865999917012,0.383238419261333,0.119537666070872,-0.870193571141654,0.0241979462487883,1,0.999999999998827,-0.017919900632132,0.272495658728611,0.684483820814081,0.1225734137632,0.517912174557323,0.115309838401702,0.67179200962634,0.1232200159362,0.761740104297583,0.137134294535973,0.433686571628792,0.192001226462237
1.05714427635427,0.153293314154601,0.969045717285653,0.177084123181613,0.587521031930185,0.157447298144008,0.967283075306549,0.475565253043233,0.632096377954203,0.203397689370595,-0.878598339218907,0.0271881983059886,1,0.838484035699583,0.0363760958813017,0.309318231851927,0.880964503908959,0.134826924668111,0.584288239205568,0.138053015348457,0.663125650292588,0.148761911867812,0.946497732173825,0.146014026055557,1.04306113021843,0.179921650107786
1.02717602263001,0.152853459335836,0.95913400653995,0.183166568366933,0.728830894105777,0.173371756546319,1.26659554219026,0.477455924574238,0.960798605827895,0.263669948826987,-0.918801506568418,0.0191238529261999,1,0.999999999716133,-0.0284425152168265,0.356914037272311,0.710346217261128,0.133125301812848,0.654276586710913,0.124518887490231,0.828701460477569,0.131777983270094,0.697211614255402,0.141729616787239,1.19173961362503,0.166732165985228
0.862280374350654,0.127035055607784,0.907431708943371,0.145855782933317,0.321408169833203,0.0797284408802262,0.324665550723048,0.188462897792604,0.32303275447453,0.120468218272537,-0.850282541685083,0.0319472540212401,1,0.999999999988587,0.0741169558446022,0.274814293634518,0.425933049287356,0.140119605304835,0.647946898270766,0.114972790348867,0.62353722093349,0.135402459317499,0.556688140708496,0.152112333689514,0.493648560589864,0.210117403126647
NA,NA,NA,NA,NA,NA,NA,NA,NA,NA,NA,NA,99,NA,NA,NA,NA,NA,NA,NA,NA,NA,NA,NA,NA,NA
1.31815966907177,0.21195875830612,1.05638261212229,0.21706184523852,0.772615898480814,0.236255802461498,1.44740823759442,0.834653475135777,0.771948843957627,0.342068424197839,-0.919831978807626,0.0218034453288827,1,0.729980368773913,0.706478632757442,0.43274099200103,0.720648241808449,0.167728751956535,0.714251838154055,0.157780111941118,0.753850536708351,0.166029800077422,1.07844255784461,0.147161680376006,0.756491737866023,0.190361364788965
1.04417602347647,0.14919775584991,0.97366684213112,0.156028296432569,0.694390348498236,0.161283597404753,0.214555143170209,0.158628571341628,0.385985777758777,0.155824081958953,-0.928423913399556,0.0167776370098788,1,0.999999999979857,0.100699042776285,0.288423208640006,0.810394603054326,0.125117928424245,0.779464931310849,0.133578639784277,0.76677432121795,0.124350776261678,1.01730634995217,0.165107536304673,0.409717217347173,0.237705659719908
1.01056123052848,0.135983190924145,0.79334382277248,0.153401298277435,0.473869084387111,0.107494557436015,0.266574318465092,0.148738082253098,0.355417118620745,0.121895204850013,-0.883958053360582,0.024376855208751,1,0.999999999986153,0.127797369374526,0.329139698610028,0.661115576767434,0.122600517903159,0.691109829526541,0.121686678955111,0.545626132343901,0.129205060809508,0.54640964135927,0.165700852202767,0.647866031068372,0.192935533823678
0.871338515741607,0.13850573171647,1.11929077738445,0.162703389234187,0.513510092714665,0.120000840623805,0.274431734659262,0.20976125113679,0.375397742970833,0.158418630099605,-0.871196610658046,0.0271595227479411,1,0.999999999712156,-0.296623253726964,0.353676690888743,0.860321074841064,0.121504652044959,0.592397646564493,0.126963381952677,0.781067106705277,0.125501709048733,0.830355868038645,0.153887944348915,0.917744354502046,0.169820451423204
1.01883328980158,0.13929786949154,0.787071813032539,0.147412037374857,0.525213879692482,0.127895389342896,0.349632886269234,0.204711871360801,0.428523096979622,0.150655835364538,-0.875762341625557,0.0264889428442748,1,0.999999999944078,-0.207340201035304,0.280376015079842,0.889903977094752,0.109392525054141,0.799191549538171,0.122732929207124,0.520658085375889,0.150750832892986,0.630750683204958,0.162900534140892,0.831480480922961,0.170964411920429
0.911464243344796,0.139802284087925,0.828669213989344,0.162056878838856,0.564193232635157,0.145297998142665,0.428135564836994,0.315537128692239,0.366264245631031,0.174746388565562,-0.869204418155876,0.0316189246979042,1,0.745229324913057,-0.270818084219154,0.338852727263035,0.51934458520743,0.145684088821752,0.588196986381166,0.13140572393001,0.792967913898955,0.133686079093331,0.654863047563274,0.152323204081843,0.682400689755928,0.211126821160639
0.943522686628148,0.142877119533927,1.15299184174627,0.212593533863538,0.661779945285623,0.171211969194269,1.11062289909713,0.567973709506619,0.81209153018507,0.260682568437562,-0.885727303613239,0.0282498610537229,1,0.947250554416479,-0.420229664564184,0.306378295692477,0.752909248672426,0.134026153364569,0.635076717910928,0.133737478799989,0.775557742563509,0.147027595213594,0.768493912471609,0.173488496551398,0.544753156922999,0.240515593309487
1.04296161924044,0.143747168706579,0.950762177759949,0.155563664710432,0.737789843586084,0.177768805092244,0.594449998186205,0.317818156544172,0.662253102054547,0.224584063885124,-0.917022088875117,0.0187096510546806,1,0.999999999999227,0.417389138703751,0.277673187653781,0.657136004425989,0.127801759081987,0.865710157803898,0.116532866442788,0.936052128541878,0.135841266061456,0.614842201932317,0.187212818681955,0.756129393198553,0.201020960416313
1.12211948448134,0.158327216470958,0.928426502409339,0.146637463905603,0.735667682369788,0.17093388302769,0.385368788680999,0.25633089368032,0.532450339089583,0.212415411376776,-0.889027391744994,0.0225351348311219,1,0.999999999947106,0.278303876383685,0.350254908859862,0.806481500008314,0.124275475657242,0.565091416814435,0.12619847203392,0.606759810486595,0.139087829496542,0.807320069917246,0.143055648463759,0.914633272776384,0.175470681491183
0.976970016340764,0.148280693042017,0.874273437943506,0.132724700695647,0.470759030054829,0.107494524432907,0.1871508300228,0.19018122844447,0.282258865548889,0.112502891361938,-0.88971893680989,0.0232744158915697,1,0.950938395955849,-0.0706955907199069,0.408870710321225,0.86326885889255,0.124459843598284,0.586940031720959,0.128202408851996,0.699557768844753,0.12952512260874,0.895869480656282,0.141022113829573,0.434264707602916,0.218564763738117
0.95923135899916,0.145533948983701,0.992622584246212,0.183070973137178,0.666074345635164,0.157119222785734,0.611824773604095,0.283672315693964,0.638373547052218,0.199021824214113,-0.922907484390766,0.0160788137168118,1,0.999999999821236,-0.139639670592825,0.414326784168733,0.65838357601588,0.108366543590529,1.02922580709522,0.111349419853907,0.327879113113642,0.174476321405865,0.965906215138556,0.155287290147192,0.599920083028887,0.222339139789939
1.19077480887223,0.13222446388355,1.2420936162866,0.157275062705864,0.410718966789473,0.0990154692730806,0.268174624007978,0.150671983687662,0.331880105549261,0.118364886632736,-0.90360693310826,0.020730979364798,1,0.999999999853267,0.493281079887835,0.285965010407939,0.642005097162622,0.130816211514658,0.585500244080335,0.132479687301585,0.723673520894175,0.121995360454938,0.7641938208102,0.142775277861298,0.262644565645206,0.239081734916445
1.01297959736588,0.155019511158,0.996663797661743,0.149054439660247,0.603457117929597,0.139408266422963,0.434268580459283,0.239249629616357,0.511920370528795,0.174510186076846,-0.876409983847523,0.0252941763777783,1,0.999999999601245,-0.143117415117482,0.39186826169834,0.842262224568867,0.125966638388324,0.810089106495637,0.118007554692486,0.612005112600283,0.127747966343218,0.523779631843446,0.152768040132905,0.83867581756953,0.180169434458104
0.87301793802622,0.124969278290301,0.860671448761147,0.158529426902849,0.434670658501062,0.117676813144544,0.267236616390563,0.172394810838373,0.340822411263041,0.139452173002737,-0.877213441274246,0.0289175048883737,1,0.999999999987394,-0.0409465256247996,0.294787338979028,0.70268121211608,0.129112642634402,0.441325467007413,0.148639646260663,0.601188959400854,0.135250383746666,0.714172597153796,0.150715341661711,0.627562174357868,0.201697913585527
1.05552303204863,0.157122573037043,1.1055832466076,0.194669837755544,0.51771513604667,0.118251373892625,0.994014512115467,0.39223543059792,0.702399379949852,0.188740507976475,-0.91031167712877,0.0190272816080145,1,0.979134438256134,0.273562031539175,0.38347825573351,0.650527382987963,0.136060759496045,0.556877721703702,0.139189472082924,0.856419208431863,0.122980163433003,0.903422400114891,0.146935813916895,0.81361541879287,0.18695898984856
1.1856738408466,0.163534892982966,1.09063212497819,0.176164005713362,0.520604950913354,0.141863670204963,0.278822629565051,0.19176696616042,0.380994017506687,0.157226242147336,-0.926098440486802,0.0173939846270411,1,0.999999999991871,0.246239295505443,0.354339409568037,0.756457693144867,0.138297834497608,0.815676990200684,0.126888939292052,0.704567237116442,0.136869214084135,0.776267198392214,0.152785869312939,0.799322273129754,0.189476014999456
0.880674521459283,0.130875081914872,1.16599920395142,0.18560061792626,0.603710070915403,0.15889004424041,0.612019288556082,0.296142653198508,0.454315879304453,0.180845468348544,-0.898493234031847,0.0226072100634267,1,0.747413867367904,-0.52148295418195,0.312216430811045,1.00765225721822,0.115759589466049,0.508349007075133,0.14463081221375,0.782721843746656,0.13784187397912,0.806606782240992,0.175719466990454,0.657309422886654,0.216218000661041
0.817557381773488,0.133330526508001,0.996338582364415,0.167426425201267,0.470792890608207,0.131745655530503,0.39227426563104,0.207380136487517,0.308591832430125,0.133042706265383,-0.903096978201646,0.0230087280890375,1,0.718082875982739,-0.591755904946554,0.321075894020147,0.627302705141376,0.149224455604019,0.834424698066925,0.133201255442639,0.658699847233924,0.143403470167514,0.591234398582758,0.176962624629582,0.643666859038175,0.163728658791291
1.05639628966581,0.122811779757328,0.870172586311105,0.147687698700367,0.414811919760739,0.0972259559138912,0.228380890439097,0.196029391294716,0.293992863002227,0.113835928467272,-0.899615203505175,0.0190675647570198,1,0.955171361843468,0.244847850270141,0.319044497559407,0.725521608248433,0.132945874224053,0.697870306033691,0.111547128549939,0.567780521691686,0.116021282633354,0.755587073192129,0.132426665411532,0.885332756945085,0.18247998456333
1.22395157155407,0.160285866832307,1.30759965990081,0.196564343252271,0.62885075539378,0.155455797172755,0.909139218343536,0.462239630235534,0.578354816295506,0.190175435282917,-0.910558255807988,0.0222652075810617,1,0.764901243098272,-0.0483095637075511,0.336597189200408,0.945228840724646,0.122991999737218,0.776603236537034,0.139153194951709,0.785976878601904,0.160815045618755,1.06254544733772,0.12308319634376,0.65497197076939,0.213479678943684
1.16405680744125,0.162548867641806,1.02585563995586,0.161295185831849,0.551651806999032,0.142384455960291,0.2915368684584,0.184219353024603,0.401032217760091,0.155905322002574,-0.899247776071738,0.0253183944847811,1,0.999999998102499,0.203406280810643,0.334040518444396,0.703428194953113,0.139882406207527,0.633506760314654,0.141642473616617,0.787234547863622,0.141292942366906,0.877952214926235,0.161132199143292,0.363539395791265,0.194749377785715
1.0761279198043,0.162774862845014,1.020827621935,0.174576948331976,0.705706909485387,0.168126372034602,0.608740401875891,0.321055367640888,0.619855628736425,0.210250898814115,-0.913570911655453,0.0187704766817603,1,0.945719406793481,0.383791209126788,0.352186552812553,0.681827663840452,0.14497221101936,0.841298645362416,0.132248717156732,0.772740493864224,0.126642173091159,0.737509686011055,0.142294676176143,0.838198345812904,0.171324735924198
1.16291531872192,0.146787739392998,1.07215874658464,0.1480924515035,0.478025371441277,0.121095055705823,0.290794228615867,0.183897108192854,0.372836450890621,0.144323555121562,-0.91566086568795,0.0180572148512396,1,0.999999999876392,0.133737238368484,0.358450386460012,0.818001209239437,0.131729971126802,0.667378864980767,0.124096363666045,0.695178136046736,0.131582570514203,0.939909782103262,0.14265841850383,0.733807964589574,0.184744701071799
1.09207855830886,0.15406386787737,1.06883522133561,0.197229034714541,0.49816283106935,0.130816007901541,1.00707990248311,0.442577758678894,0.620095257066651,0.193689544915456,-0.918990011650361,0.0202495272159972,1,0.875469024317478,-0.287878957605935,0.331102303576365,0.911949877112182,0.151984868283964,0.702124543701204,0.146929200478066,0.6241632008164,0.133647245972348,0.739499423256553,0.160633980414512,0.758075301625925,0.179666154003162
0.736193000032779,0.0989860099685022,0.90447093469477,0.129967085560007,0.288981322231493,0.0728624141868967,0.0930949615664258,0.0881764828135548,0.164020441058202,0.0852897187850819,-0.824765302625433,0.0378581902979624,1,0.999999999969729,0.00908298601712898,0.270495496398463,0.240829314577465,0.151376683035301,0.577895983190667,0.115077145823773,0.454016013302482,0.130592809321026,0.549230517943524,0.124227291279777,0.447082585683727,0.196943346831424
0.840566371252148,0.13314077222106,0.747090350790466,0.155835949873128,0.397416044048497,0.0891138082638097,0.60616805296727,0.303428794411643,0.474464920186263,0.145781752009524,-0.879548918748815,0.0252999980820129,1,0.966684796315556,-0.243603238671008,0.319488726995152,0.706999760162424,0.115334018330403,0.531851105461347,0.125051493884734,0.661274679914782,0.121693009169557,0.803767464006332,0.130881826945388,0.53152303393755,0.176498697050016
0.829665822353278,0.132511386307739,0.984701433332981,0.15442653529725,0.514713517187089,0.129669040663974,0.40257507861806,0.196457863021148,0.455204168090841,0.154412695164491,-0.916100205080501,0.0199630936498792,1,0.999999999999768,-0.397074022840982,0.305532240794195,0.67002726936775,0.133466503427389,0.714300003087313,0.128607852535906,0.445975914983806,0.15275312453797,0.71335958394543,0.133882044455504,0.748127205032461,0.162443451315033
1.19840280102594,0.147146169423175,1.01910642676747,0.157706714363233,0.607580339320208,0.144364406712499,0.383339353760686,0.19380686976229,0.482606935850299,0.153057998688388,-0.924041240338982,0.0152359145792133,1,0.999999999781262,0.26924381016958,0.340232058951144,0.756316561501858,0.108635260228598,0.685209250778159,0.131837679228116,0.817495128647464,0.119103503151172,0.656481938228736,0.136603248836761,0.686685454893339,0.178055083809785
0.927362447850679,0.125105195268766,0.982711087826105,0.141853739605785,0.452155970598484,0.102584342566255,0.216843403433777,0.214906155293359,0.291681230140628,0.129456349581781,-0.90956206679835,0.0179860782470448,1,0.931517976593063,-0.041463267605517,0.284877526223656,0.744561572834834,0.122705989739499,0.75660917737637,0.116000559217221,0.629824489567505,0.131630350159066,0.517154119967559,0.171228693895345,0.538841812389129,0.185198977255946
1.13450028742421,0.184664437585698,1.23399157353194,0.210347555250672,0.992266726676823,0.228778153507267,1.62299522542224,0.517178500505829,1.2683126342131,0.332924586290117,-0.902885950442159,0.0216825980396134,1,0.999432535361385,0.440737082103947,0.374585793624127,0.59897452487488,0.150217349957604,0.729788498525113,0.13307689612157,0.734573248029152,0.137195543538373,0.686833134053673,0.145626839180167,0.92226643931276,0.17302833965212
0.796288609415428,0.129419106052424,0.893488514301551,0.158272219542833,0.577764937685391,0.131531570730486,0.570334871835775,0.285070147924352,0.574037883491606,0.191065538672122,-0.916351765133611,0.016153359588153,1,0.999999999996238,-0.514592125550588,0.349559450073696,0.743379775780517,0.101735560304039,0.724516726247618,0.122572997105993,0.688447379662671,0.141703607184291,0.706737405071027,0.171810227470472,0.791928560520921,0.191882441834032
0.743666869315938,0.121530223700948,0.701772942894797,0.152246929723317,0.37866666736006,0.0923316602189178,0.614408512020227,0.276517001200795,0.482344299898259,0.147292235472703,-0.878748201148659,0.0259809266814872,1,0.999999999999976,0.308740557988786,0.30426377196974,0.385442216883343,0.135475889599655,0.25911041498629,0.147425950166336,0.736847809017565,0.124248921602171,0.591887973102549,0.140622242033099,0.626621898928295,0.191231944280075
0.973773940610361,0.139158432316139,1.15094387117539,0.142837362709746,0.583630756707865,0.129996117895126,0.315415323565901,0.171365666398755,0.429052542135428,0.129214695185305,-0.881691182418799,0.025098245074794,1,0.999999999844774,-0.480771557968954,0.35776721169454,0.818032756179333,0.140134923588338,0.733712111713582,0.129618886769902,0.645070354347983,0.131305766808691,0.730444708163068,0.118505607977645,0.692726904743954,0.178193762904211
0.925251542889241,0.122366956070996,1.04288870600837,0.167248724556116,0.439440328608449,0.104252734859996,0.780074549531955,0.344187039378157,0.585488015541612,0.180392637991335,-0.898997122160421,0.0189721294385801,1,0.999999999937929,-0.00252370050978553,0.278206481127226,0.41316238854973,0.12524270249932,0.716632604028082,0.114809315845904,0.844715189974449,0.108787146871928,0.624964239086167,0.152152703476166,0.740642419766118,0.190946704008343
1.02929503010191,0.133441081671835,1.10725181866815,0.165787288407023,0.585687727899299,0.135646566279317,0.55232546833704,0.36925657659344,0.173286935234811,0.156450192066588,-0.89310650547484,0.0232039867796338,1,0.30467388046558,0.289685257049553,0.324592466741704,0.71803777129304,0.129923483929615,0.663267211053229,0.122991735045348,0.585017394449365,0.127410935430159,0.846725253507662,0.135640720313599,0.668187763329028,0.156936036438249
1.01773308288217,0.137258202019553,0.976977696530869,0.175298370056524,0.480167670785552,0.122383922235902,0.524584286998821,0.352929440360767,0.226347541834572,0.156540781953815,-0.913921207934751,0.0200768217995203,1,0.450994956694983,0.240770649013087,0.327896273822315,0.42541748776167,0.155743823179969,0.561856425657116,0.142913261184699,0.698904581953267,0.140241840298204,0.487040720493569,0.157689973882982,0.620500845208477,0.164674533173431
0.89579209763087,0.134479764622216,1.04998184371994,0.159893160805989,0.648138603495874,0.159787865169541,0.414769489247306,0.23426635717881,0.518486371566697,0.185267743824403,-0.921575400085205,0.0167778047305302,1,0.999999999938534,-0.463720264280409,0.289813945520266,0.886760060583668,0.110154715929101,0.795752599997134,0.124412586175213,0.70010213387912,0.142163064667656,0.537596680183463,0.178182902650775,0.54516414158476,0.219905890878868
1.1425323041549,0.167931901333488,1.10407301066366,0.21000667187633,0.667480256894289,0.195065013955071,0.846388932261447,0.428868460809728,0.600384602745468,0.246260749737685,-0.89266101320126,0.0259991688568066,1,0.79877662219601,0.298799441132073,0.328668088955988,0.789427395785624,0.137168715805264,0.695496625072394,0.13996553596298,0.729037012320341,0.164539706177442,0.883479119157868,0.157437927466408,0.546455375656522,0.211640129592782
1.04071015614709,0.177241291470327,0.801637119761098,0.159451954777677,0.580356278054761,0.171083807632621,0.347183269149674,0.248241418114496,0.401593492556743,0.197673214584197,-0.893379961639014,0.0265557837226222,1,0.894663932064557,-0.161470601132694,0.344818183721585,0.777579209391002,0.138861010996908,0.697988556102447,0.147166359120319,0.700198127007801,0.150382392025777,0.847299074034474,0.171752095622955,0.891560005254503,0.189546005197894
1.02815118448063,0.139000675346908,1.21564623968118,0.175767633782188,0.431313306328012,0.104471989048653,0.568182728549888,0.349504229932739,0.419829014912161,0.157746373258828,-0.899836410693719,0.0209879938507656,1,0.848070599539525,-0.18250191807936,0.306702635730957,0.645207540846827,0.13818008636624,0.644248456611202,0.134886118063454,0.773702669927986,0.119509191892714,0.701328679768817,0.142186902078088,0.519391358765956,0.17413072386636
