"beta1","beta1_sd","beta2","beta2_sd","omega_b1","omega_b1_sd","omega_b2","omega_b2_sd","omega_cov","omega_cov_sd","rho","rho_sd","conv_code","omega_cor","tau1","tau1_sd","tau2","tau2_sd","tau3","tau3_sd","tau4","tau4_sd","tau5","tau5_sd","tau6","tau6_sd"
0.874941164534147,0.114906696234321,1.05619311341831,0.118021863095284,0.876104117878858,0.153905623425651,0.303507232638888,0.146461047524955,-0.515658740176485,0.15153765458393,-0.886670214145596,0.0183317953505562,1,-0.999999999998972,-0.22218153899453,0.251058024119876,0.763633291580825,0.0898835150827086,0.700668725874126,0.0915999629662764,0.566146497529583,0.105733417713508,0.622961802898547,0.112110320124313,0.810522469994999,0.127800919723018
0.992306192308619,0.123655104176527,0.978306098510511,0.117212614683746,1.02540796175728,0.181546608008186,0.46567513210092,0.199043086222858,-0.543725441556488,0.160107069387,-0.881815589480198,0.0194391435426851,1,-0.786846085933193,-0.101103246849914,0.277894945635283,0.688627743311799,0.102025998781741,0.701136301146917,0.091147338757433,0.694021257771889,0.105070063023929,0.730829544758094,0.112678039836037,0.639475393297152,0.119577571028314
1.05757744772236,0.109518505114645,0.894158818972988,0.113966839755437,0.634212572703097,0.12009773157623,0.462333873660843,0.200749347828575,-0.394533192095365,0.118424779704574,-0.890043830063405,0.0180303219814332,1,-0.72859848808278,-0.0900042573454706,0.211333153948274,0.665164768074945,0.0999060842256636,0.659397816025858,0.0999692407177235,0.703106902092644,0.100721955246658,0.818537922479288,0.105370835004119,0.658657767865747,0.147945342140519
0.956802918611443,0.11627533134969,1.16565821337557,0.1256342598987,0.920294140753814,0.165677796609386,0.18226587493201,0.143318474900783,-0.383109266651147,0.144897233246895,-0.898694014842169,0.0169129069648146,1,-0.935419988729278,-0.140820926212656,0.240778550646221,0.753839227236779,0.0925576499401955,0.672125154146962,0.0954067525039324,0.658190481213128,0.108759599217549,0.779885504998636,0.112390159923543,0.651573819813664,0.145698176419034
1.16332092658428,0.126907390852134,1.05796099442381,0.121624297720443,1.00594721005915,0.18927415664776,0.543360471349677,0.260405189845193,-0.643922014431565,0.190546165884141,-0.898610445354698,0.0178860568347508,1,-0.870966913624416,0.0156458441195263,0.261813321359264,0.723555834512333,0.115245307536463,0.887670861676385,0.0978501622108023,0.7336123492537,0.106094912575209,0.684224224481046,0.110844263179676,0.514540181722938,0.134874584225115
1.08393243184578,0.118454681068257,0.990177794535826,0.123237144730598,1.15115195067802,0.199316916333379,0.687433914760607,0.238137365670383,-0.889573432541422,0.204866938979582,-0.879343351769918,0.0199126927661742,1,-0.999999999965013,0.0336061492124346,0.230807648715531,0.641803382755364,0.105168032975181,0.813637986271489,0.0783848820837112,0.665854580182654,0.104083653776901,0.780950240461931,0.111309360662668,0.820051251080713,0.127498267757181
0.921103327844139,0.112499955281758,0.91872708444755,0.121564450065415,0.903122557642657,0.160665083934732,0.357900784433318,0.148503001387373,-0.439423612392557,0.127508915658655,-0.882768682548764,0.0186899272805864,1,-0.772909632663868,-0.160281443035501,0.268467692345948,0.563291438624611,0.106953280329985,0.720481139624694,0.0922943793325046,0.613147354243531,0.108942013396614,0.573301874627061,0.128029524037061,0.630463263324763,0.133711428370352
1.25051631764284,0.131951052221691,0.869552000807565,0.118765263915891,0.973087695092025,0.184173187446707,0.457011405715645,0.242014095263889,-0.666866584773398,0.193727180507372,-0.890735880235424,0.0189609290621661,1,-0.999998725544237,0.472296548124887,0.261086423098718,0.703423415614616,0.106950296662493,0.608213007920832,0.108420092510971,0.510163117966772,0.112026900690091,0.821090862693798,0.099733862693939,0.677979144275955,0.124994282532879
0.957867171637838,0.120393841460208,1.06956248556229,0.121043241856401,1.10426995516578,0.199587988282845,0.593362767371568,0.225186347375654,-0.809464438045032,0.198820836893036,-0.922853697009224,0.0129256867792729,1,-0.999999999952014,-0.286994533787543,0.295669700802423,0.706577065447826,0.110651328349014,0.850418623902203,0.088629716852114,0.66732164034025,0.0955922124261427,0.699867870099411,0.114753323387037,0.745452360890989,0.136177245899687
1.06664414292545,0.112377497982976,1.01599995955569,0.113144090814318,0.892812455191775,0.154527213640497,0.276645356654974,0.161319679130593,-0.477848965436481,0.129287496135869,-0.877181468117225,0.0215319135353754,1,-0.961499000999657,0.26966659356987,0.22134735852429,0.594491543495527,0.106691851600504,0.703871449039264,0.0915534457232409,0.613610299254996,0.100602998753562,0.647372986341496,0.112818872590925,0.862731676448345,0.109089882831078
1.19771979070138,0.127492800505476,1.08975266700493,0.139054049328866,0.936639575569736,0.168730557670038,0.574322857743934,0.264459322535692,-0.541112239161581,0.164620476652121,-0.901229229975932,0.0168298535007872,1,-0.737773504605622,0.312146285990637,0.276813684400301,0.683469846007455,0.110533651449998,0.821971850829275,0.0989629672266424,0.766613839609894,0.104967517436943,0.916115000662307,0.118710089084707,0.791787116970203,0.130853268758701
0.944934384825206,0.11691244778647,0.991075265451753,0.116120708117339,0.996047481983863,0.18613680057422,0.578306298476594,0.239624022635546,-0.612077843308812,0.181677048275739,-0.902578320514804,0.0163270125463763,1,-0.806468997117348,-0.450923233463065,0.277530915133267,0.845723669904723,0.096067005462464,0.712561569684152,0.0917906064079892,0.787012029123513,0.0986336206624754,0.574165066720112,0.125008517517221,0.681014507077525,0.14044321284633
1.14775408667612,0.138092525230593,1.01193094436748,0.130169530502782,1.1018659602731,0.216994030947042,0.457682947486645,0.209665650184343,-0.626286869158088,0.177185932108413,-0.917730447809166,0.0147479287022876,1,-0.881914650312427,0.0897834687362197,0.274816158986011,0.648971429040989,0.104882444952852,0.740705773311386,0.100432008577807,0.870785205425604,0.109715017593224,0.778444829987577,0.124125833013358,0.907184951680159,0.12396607339343
0.845083754898222,0.0945561785657549,0.849915434368584,0.105688692685635,0.865990065528025,0.146310542853013,0.170826178770257,0.149762479138371,-0.359713264115329,0.145138742225483,-0.883452026607364,0.01780552297779,1,-0.935239377781547,-0.000766288967015106,0.20875480737476,0.587008933188241,0.0972720376275268,0.561109798078201,0.0941800656581184,0.673871289198706,0.0960695550199405,0.507734549896749,0.115267632535228,0.745542155776684,0.115623486469152
1.08384629576622,0.125994078132634,1.07624477764242,0.122024535682866,1.0244148360265,0.18872287009794,0.381276479172166,0.175647213892628,-0.624968224485286,0.174253239343237,-0.918392120352727,0.0139524263715931,1,-0.999999999647164,0.193728263217532,0.298107582703431,0.79129137064316,0.0899327064813379,0.753104493166459,0.101533944495325,0.707431278726665,0.103974757297767,0.611178413945137,0.118790360611422,0.616846597814803,0.136305000129912
1.0068946353221,0.129376710546148,1.08911099960828,0.158277143946588,1.10199217903647,0.224678997196471,1.19345286141805,0.445783713687034,-0.907021267404937,0.248119875830176,-0.908060775100982,0.0168153014924617,1,-0.790907291028819,-0.132781744336181,0.27612901094964,0.784322913527568,0.103928214026876,0.713081736845787,0.104888956669066,0.918640574148774,0.10457224320634,0.65746795971174,0.129701578482916,0.663134203508971,0.153132945347929
0.97093657279814,0.120459094565669,0.946403443203621,0.122322861106258,0.918555489613401,0.1644251166041,0.707129076859664,0.272937588088665,-0.644577578531125,0.173124246435554,-0.906099949952934,0.0150865495029284,1,-0.799784804119857,0.0251042668202849,0.256734889762643,0.622922480782772,0.0987166877161178,0.740961281170461,0.094398300554582,0.804331908103474,0.103873799193004,0.593169031940884,0.121059506932259,0.630284001785791,0.138847214879845
1.1010748193676,0.117628539537097,0.791557997202082,0.121242833307029,0.937282847417598,0.165568139737567,0.560907193900822,0.176277135706926,-0.598898589708353,0.139338968596416,-0.910721902124822,0.0144269576924809,1,-0.825985551811675,0.0285344608842274,0.232370598155689,0.70933871318879,0.0942345208269705,0.780625146805192,0.0914391011558015,0.709113759424133,0.108085179016912,0.790101491634329,0.119316516375472,0.647304485649053,0.147358476518245
0.972070065515703,0.108937815082428,1.17877444719214,0.104404658780803,0.928099858022634,0.157661427193865,0.495795837152897,0.189388820728667,-0.678342130533736,0.16918513685335,-0.897248794100252,0.0154855405294051,1,-0.999999999986125,0.0608868945778438,0.215557365836479,0.626231204835649,0.0990188953744147,0.672168038950438,0.0903330114473682,0.784879367533914,0.0868795225781085,0.612526626708949,0.111844464142392,0.545358458189101,0.136743227686401
0.923239583086347,0.122230951556929,1.03417206877573,0.111564273796793,1.07532660087088,0.197781258095406,0.41736458212668,0.175057253192871,-0.661888187747837,0.167220161591245,-0.900114196591948,0.0165567665565889,1,-0.98799930730046,-0.381503324518645,0.276894238582577,0.782040704828143,0.0961636571714572,0.71585881823402,0.0957236659702072,0.795495230076554,0.103651251516051,0.769264189457701,0.109495613279728,0.610251705538875,0.141986083182815
1.18069621698611,0.136123223318725,1.06852404722025,0.141779632968846,1.03061196572196,0.208734999654336,0.694807671496831,0.306646621481217,-0.73274301310521,0.229201411233809,-0.91404579648754,0.0155153204686931,1,-0.865908082319408,0.495181755720964,0.260361122403067,0.640972003049234,0.107824657346681,0.637618209375585,0.112889998258347,0.894046318982631,0.118229932304307,0.882839482526639,0.109478435412162,0.65305921782393,0.135201643796212
0.843419838110134,0.105675537641983,0.902799913033392,0.114149283357642,0.898120684854727,0.161156540052648,0.548760007214208,0.249358360347178,-0.610591850005688,0.175574648456557,-0.88727375878619,0.0181060409084597,1,-0.869745974144235,-0.0605585954687522,0.217012980972833,0.571204347049432,0.0996515533386205,0.644933060388938,0.0947510474829403,0.652371031275005,0.101384476836376,0.669786042832511,0.106189445241206,0.511287981788825,0.1483473460911
0.884422959067497,0.122920231122255,0.997207307050538,0.128167893956632,0.92061571291815,0.167251781793804,0.958897568993549,0.331223893885467,-0.898657253184781,0.202793330994956,-0.89394001350245,0.0187258615997432,1,-0.956464341684004,0.0241663776911639,0.267123172408309,0.573170821773811,0.111551182184708,0.675375484888341,0.102004542903475,0.707001593878856,0.0974007116699312,0.723931227119342,0.118827093745893,0.469038614183694,0.139508956279229
1.03116909540496,0.128949347344526,1.30021329695561,0.146080352164027,1.16292401580786,0.221488029757327,0.954697417074906,0.381986581466973,-0.968101556225121,0.232644464253448,-0.919827362305459,0.0148090092306746,1,-0.918781781082638,0.020370193102201,0.216485696270087,0.74751576545947,0.102557603736074,0.759472659082893,0.102824709911201,0.750276697237176,0.106684783756756,0.756709256400141,0.113238533559232,0.698964950470211,0.125253002986293
1.25292118545679,0.147176675211094,1.03306161938737,0.13915241137231,1.05968723644229,0.202184706264841,0.532278158245303,0.240047491691639,-0.669506520788069,0.177294950770581,-0.925090509645618,0.0136119929275021,1,-0.891449276407344,0.282320404883387,0.287685694166785,0.83890535416186,0.097590928512305,0.834910802382613,0.0985353104971199,0.593313784331695,0.126349718986805,0.894785509903934,0.121888643257857,0.878834844398026,0.136082069282328
1.11580815370319,0.140607200947934,1.11686960835333,0.139358914011044,1.23664350673298,0.22757645708928,1.19620919505607,0.428814165316508,-1.00022063967879,0.25060431255606,-0.904086948455587,0.0165572711812292,1,-0.822375158422672,-0.117769053265542,0.27723832679986,0.855830144583872,0.0972640457245708,0.735903673880325,0.100831901185495,0.765207478020444,0.105493152044128,0.864049314450593,0.11430744553378,0.731011551656809,0.130393258747721
1.02944404067394,0.130095685057508,0.9315047826982,0.128435101168137,1.04796506704825,0.20030265901083,0.754419820632103,0.311538156705707,-0.72648130949753,0.190016208197745,-0.892419108877408,0.0191664470004729,1,-0.817042217257371,-0.108122637146507,0.243050319522416,0.667052472751025,0.106341439702856,0.809354238071345,0.0971950418628888,0.732877662177266,0.111245725371805,0.640714743719931,0.127743812241045,0.504846643300604,0.164966937475324
0.959333082831454,0.107583033307264,0.911030395927919,0.102161028557201,0.93812873398909,0.158506888031425,0.292205986102737,0.163671405653109,-0.52357122861524,0.170056846825945,-0.892432653546264,0.0174021610496961,1,-0.999999999319799,0.0820215535723525,0.264321567961271,0.672209331868548,0.100049467043748,0.573331235576219,0.102926191207998,0.762555951328576,0.0921329615824952,0.627480538378676,0.11464702314177,0.597576339456342,0.125559096856454
0.9719786368956,0.105229260076309,0.949327692051523,0.113785639679877,0.729726135555094,0.127357786027081,0.143923833705084,0.0813111543276297,-0.324075580850651,0.0974553318881032,-0.882085320748735,0.0190965305413758,1,-0.999999995809576,0.0460709910136014,0.223871816037789,0.61814082015408,0.0993023356940462,0.557867018878713,0.0908773382038075,0.594405928850308,0.0986715716218393,0.637016791448416,0.109315526759929,0.689777163884645,0.127442542175535
0.900228837818694,0.11329536627586,1.17815765188653,0.123688570200009,1.06790172981508,0.180901196665114,0.668393851663004,0.264613615578814,-0.793490542564126,0.193702938728765,-0.890311522290121,0.0155614132669643,1,-0.939203898742499,-0.0640169289274376,0.258636424823326,0.756246197504026,0.096153715990912,0.631476682041055,0.0945645454051567,0.765752383017764,0.0964800614702856,0.751169932034162,0.105546531681978,0.687651802112343,0.113138401791254
0.784755437644074,0.119337092063882,1.17581914076324,0.130870400175364,1.15310462087893,0.204234438344397,0.677097920527911,0.256530815750699,-0.883608929858003,0.21800981589461,-0.909294865576767,0.0149086234842242,1,-0.999999999984987,-0.508784607284181,0.241901145789905,0.799329960103013,0.0981578703358802,0.703742120399188,0.0865402745481073,0.697134524416918,0.0949854270589151,1.0956328458846,0.101697397667598,0.472085821006164,0.203312984293135
0.974542470608526,0.110237162109242,1.03938018034283,0.111654958741307,0.982275290679183,0.161516284444829,0.281786779610008,0.160923450047216,-0.526110435914811,0.170060708828961,-0.889529232346655,0.0165605333586174,1,-0.999999999869038,0.315196708765154,0.238187819846671,0.639669261267761,0.096288996814018,0.733181707853817,0.0909669680995914,0.769684522905182,0.0917252734265648,0.638901682919287,0.110385569896413,0.604593007354311,0.131572454223249
0.864111144021099,0.113532299976363,1.24038043385366,0.130622711844625,0.954260448300165,0.173849407087949,0.782796502846699,0.288529034598514,-0.735144823529749,0.192928019114003,-0.892479846976454,0.0164878373296835,1,-0.85057967972843,-0.181151429620271,0.245372219482453,0.748755921856329,0.106585936456497,0.550849081036055,0.0921546488632512,0.697376576832605,0.0981024615101982,0.685308907288805,0.102582513065843,0.685222123821423,0.131830688527022
0.837021964680074,0.118285566733342,1.01862996775318,0.113028238002244,1.05700893104076,0.183170191340211,0.484347091360177,0.236017828938388,-0.712891275152857,0.185817275768709,-0.906373156713745,0.0151148704754189,1,-0.996335542158843,-0.486049378749522,0.251197923399103,0.701441550683305,0.0964444188255681,0.691804210213809,0.0935034227030186,0.725313715079841,0.0967352707414742,0.781248777117492,0.102001391246871,0.653953385316412,0.138393825766915
1.0065614755045,0.125550569723819,1.17831552065185,0.1340283307323,1.12455442235772,0.221956730832129,0.859264194142797,0.352042702550052,-0.822862594607565,0.224909327821774,-0.920390849887779,0.0138156877848926,1,-0.837093027260511,-0.176912148003386,0.302272741203429,0.758036507908118,0.114143797052398,0.840366083814151,0.0969223654806536,0.711950382834778,0.107235355531555,0.775662303911103,0.115301777282706,0.81171918306823,0.119725813591125
1.13652823435978,0.133664080501857,1.33879814845266,0.135083218749578,1.36460760123573,0.237539001435394,0.591286969077968,0.306467878278894,-0.79151934227051,0.21557496054131,-0.920036645512755,0.0131795438891871,1,-0.881167529093598,0.149444410807657,0.289374779261511,0.87035574632344,0.0849511435675313,0.906036974952503,0.0843476417567454,0.876237486582281,0.106347394907445,1.04194662315978,0.119515049661276,0.827204429835052,0.159168672385366
1.10540554942941,0.112309468598026,0.946126776202584,0.105843738952393,0.999952466578781,0.184282761657934,0.292046157137304,0.149691301284634,-0.540400105394092,0.155864915451304,-0.910743193177899,0.0148579743747219,1,-0.999999997818124,0.148190907149371,0.237298676666642,0.65449422461585,0.092862266025846,0.736243727427906,0.0995423590722856,0.653082121901309,0.103049156563951,0.706519329480953,0.111615753509179,0.529205244647053,0.136500171601226
1.1169540707716,0.140871937471115,1.24023443103573,0.137685524031096,1.37649182687303,0.257237229335291,0.654564133073331,0.25196142666106,-0.716971806003946,0.217661601142781,-0.918951494113015,0.0140372272364255,1,-0.755334214070863,0.0643258571512415,0.283042396780313,0.914185069656314,0.0987690538156857,0.772293533906264,0.101610111025131,0.868580197246493,0.105239303128226,0.801607855534718,0.121657919075831,0.643612316686434,0.155162318377331
1.1050637679781,0.12514264382722,0.979993358663739,0.118319939193149,0.907147070650695,0.17166741840227,0.409447799959812,0.227084423648099,-0.496623803442795,0.156609659881441,-0.902492769696086,0.0168438904754741,1,-0.814872026855985,0.523460160565358,0.257632789839198,0.752437655090314,0.104447566416214,0.557798883201514,0.101375968414573,0.639455482391952,0.10751239272647,0.714775010991689,0.109330639140965,0.584104970817576,0.140076043822576
0.98321114420979,0.12813813896792,0.981887130610782,0.128812332256614,1.12301266844197,0.210301125547792,0.988145154402181,0.368875534623884,-1.02895620259467,0.242778193016977,-0.910430604989527,0.0154704768934335,1,-0.976774220703333,-0.47989638577501,0.265511862357175,0.775876966629016,0.106099754912842,0.778486253002013,0.0932405601364912,0.607426546806973,0.104754395223509,0.718590548565454,0.109340225042035,0.833814073775395,0.12286083825675
1.154784606948,0.119500647826187,0.91478283293861,0.117293571011154,1.02668046545871,0.182220691987709,0.601635896178171,0.258164474596594,-0.685210845684293,0.187428790420294,-0.906973401996194,0.0157050950979492,1,-0.871845858626118,0.343712891963331,0.239164358142804,0.369393616712773,0.120495659463452,0.844289733523964,0.0917603212556033,0.723407013613122,0.0982277589196041,0.676265072589734,0.111075741177342,0.73825098899198,0.124687970385685
1.1569844536092,0.126849682845727,0.892934329181353,0.113398676386428,1.30388623695929,0.221415006944329,0.493264891690759,0.203171728034143,-0.801973380516874,0.211617299916637,-0.876026817784743,0.0196157103215819,1,-0.999999999694374,0.139652205647031,0.268867481428746,0.609682935004592,0.105044428546333,0.824438041486411,0.0910297701293723,0.880213297079144,0.0850983471064155,0.667616217915833,0.110223710009235,0.640314607851523,0.120572570930998
0.818007042361176,0.114660659985217,0.911991468985026,0.118406080076411,1.01823309669175,0.18519678459028,0.571910071603654,0.196951737850815,-0.760473546177837,0.170793922375454,-0.873598104832108,0.0217771522376268,1,-0.996544357052007,-0.215745210893008,0.234131394106171,0.483059730228238,0.106760972623347,0.703886584327462,0.0967162456086266,0.550190923549522,0.109078386105356,0.599071653426012,0.105331805680731,0.601249312767838,0.124511786175826
0.998507052022977,0.112527773124525,0.912207412273757,0.129520380312202,1.08645050904031,0.190684736913545,0.688147773686272,0.256674143870439,-0.864660915628981,0.214272757235871,-0.902260930388389,0.0166217155424721,1,-0.999999999999962,0.348827664574402,0.239852037354182,0.655869586187598,0.103872604725052,0.674543604732818,0.0949737338647623,0.663970354338464,0.106163718766686,0.654857397836331,0.120324611323817,0.849668826968112,0.120821990526324
0.872871197300479,0.11537186157725,1.03467047630178,0.134577628381942,0.92280473357125,0.171798378512775,0.721980226265553,0.289531627302996,-0.698738445984505,0.174103898671586,-0.915580481002527,0.0147732604277027,1,-0.856045958539997,-0.183595808514905,0.272336934954469,0.751490770610014,0.110031228454317,0.658600167030344,0.105738566785152,0.618192678946546,0.10667449182506,0.778870514983522,0.107683131893304,0.649344891384452,0.131309595879022
1.02159789520162,0.127960697092669,0.899982423543765,0.132787153332245,1.07342498267068,0.211081575642365,0.55362355881459,0.260145305210569,-0.768945887670066,0.219434075988799,-0.882854128954587,0.0212927218172528,1,-0.997476442994502,-0.0167997570361504,0.27066577984337,0.755778643809828,0.102702581529231,0.545924047801284,0.107572028810004,0.52784024792968,0.111163537976914,0.716156216518923,0.114037878899688,0.620696549605859,0.150118011879792
1.02650221549767,0.121970950786921,0.910147277535881,0.11479636374385,0.831955078090958,0.155013706816931,0.485504826664465,0.219713887255619,-0.489410863399545,0.157883931806809,-0.8948832887452,0.0160609499239392,1,-0.770064123864622,-0.0492408623984749,0.262328518315338,0.66887018446897,0.0929641386553076,0.826550355676461,0.0883574662581912,0.639008824334048,0.12159662375193,0.670252730593554,0.120711948442563,0.449429761367419,0.137204622435312
0.926861733984651,0.127417635904956,1.09422141936133,0.126051154114857,1.1278652511725,0.215548217954903,0.663699710928774,0.293558348205581,-0.780375644107411,0.206217321212266,-0.898004549166178,0.0173091888726902,1,-0.901964166063622,-0.0514927403149546,0.281187558543411,0.77144620833177,0.0971027152191696,0.62751447147777,0.102261401564127,0.850572816871745,0.0987550804789135,0.720931572147451,0.132195793013142,0.749704795603154,0.132117137871722
0.829703565250894,0.104456296493466,0.932359475431919,0.119267029675177,0.865835090204968,0.152039842802321,0.755962072178882,0.283292366514369,-0.688681322649311,0.180947885802074,-0.86788708672397,0.0198722046531771,1,-0.851237426579043,-0.226060275041419,0.247478822055154,0.563700465901476,0.101123593849185,0.631967915933634,0.093461484941541,0.621246397261753,0.0987119953746781,0.64976029391149,0.10756584196244,0.605565050605675,0.128735565481157
1.02161937857906,0.118461570717264,1.13572384331713,0.130150204537705,0.875466568134767,0.159249297422071,0.453330461954063,0.177609109096802,-0.346613135802831,0.152633426162229,-0.907969270617671,0.0151459210632125,1,-0.550196448766464,-0.0306720779033604,0.254474995170326,0.723410054009765,0.09820894688392,0.640442161139329,0.0971815193188375,0.668846532322268,0.0957179458574937,0.747935989223638,0.107773348640409,0.69838636007669,0.13071816351305
0.992213907041373,0.132739288407051,1.16664709911897,0.130222754132929,1.31338558891896,0.246211653386883,0.52517164078272,0.231165987975869,-0.77969746314607,0.222300028268174,-0.920388921363263,0.0137390371292986,1,-0.938813583614713,-0.0907309604304746,0.286126600884397,0.773680718830854,0.106713502462132,0.813985658650201,0.107335673977949,0.853106823965756,0.100791907027218,0.825080411091338,0.112119884770918,0.846916690722041,0.119009981242784
1.10968427716845,0.125196328092933,0.941406281913108,0.109323196416737,0.936138416030161,0.172591351280732,0.526540789211787,0.218267442503363,-0.563984317780265,0.158027357089277,-0.884752384087348,0.0180479253309037,1,-0.803305950965118,0.229672286877539,0.282006551266279,0.563064368422691,0.0977571601868323,0.658736455049216,0.101088876798817,0.719935014997402,0.1005876331208,0.731104919673474,0.117883703415925,0.696450594507608,0.140167877704273
0.920822563876751,0.123023433625615,1.09268947419127,0.139104540883481,1.12732754111551,0.20506341545158,0.463480542979402,0.235138860096797,-0.721840516910817,0.166466679934889,-0.910827168370313,0.0155052869994386,1,-0.998620422055905,0.0331215356329877,0.245461779642277,0.718989246716814,0.107910574339496,0.616442091228102,0.101698509987666,0.823423686122549,0.0997200832187779,0.619023774759927,0.122853547007134,0.530482907139242,0.142707827475949
1.21271307822462,0.150941723854842,0.978765650964335,0.155141073357682,1.51428714477601,0.303507259941552,0.856961011144915,0.370727948945285,-0.881187182350183,0.279298923760137,-0.928043998620698,0.0140350613038627,1,-0.773541328257607,-0.406340176842341,0.291588914123037,0.833513892390096,0.115178672014858,0.925944262093226,0.110482901592826,0.945823035947601,0.0981339615541852,0.672432645039324,0.129317231310592,0.737133876301369,0.144526366276982
1.03237703950181,0.101906765272396,0.77387341109921,0.0844527742087188,0.832451266877948,0.135290125271525,0.198854015019398,0.113586634303544,-0.398649988132338,0.119561591994547,-0.861771950781198,0.0209992703671626,1,-0.979817437366933,0.170696238742172,0.221574997921485,0.633217518142364,0.0879812389898427,0.563078525064009,0.0893538119488057,0.668967799892015,0.0992832236720416,0.396270467297217,0.111967859506247,0.72710751672667,0.112847558909707
0.9207982028137,0.111905170224605,0.979471874396346,0.114749095811299,0.985085511050086,0.162264174856171,0.543342948504269,0.209694709171987,-0.693933892177783,0.168730153042288,-0.900678479955578,0.0150611814972875,1,-0.948514809252346,0.121927190598282,0.2278380691348,0.643719255217569,0.0895687814091474,0.490291301052456,0.098415906468402,0.791417929275241,0.0947407740385904,0.574892542065638,0.117651625130298,0.569943153259023,0.127729010650824
1.06639589411854,0.122043059952685,1.05978558795199,0.129293547126165,1.00372130050331,0.176532892958553,0.512835328617474,0.220916847818627,-0.529905202906735,0.174632649442303,-0.915483856220362,0.0134460172489209,1,-0.738588677339216,0.160558966258406,0.273854967299597,0.672101469199221,0.111904675351146,0.574408452590084,0.1030241344982,0.874710998425764,0.0884948628727024,0.648475006273414,0.109339536929298,0.502902001526516,0.145574533593412
1.15033782961846,0.13006651212349,0.998965231288674,0.121978296307458,1.13484236994752,0.189869080763289,0.75751961475467,0.262328441880023,-0.802936925772348,0.19226047813322,-0.903005799843004,0.0154663807875402,1,-0.865997659995122,0.182125669577876,0.260341845923161,0.752682490023441,0.101560343770903,0.611693338940571,0.0961372877216894,0.765683516304907,0.0901441480542268,0.789080593799294,0.112268123887862,0.762242853843035,0.135775716630358
1.01601651636253,0.115670353301713,0.932863667421934,0.126855944031817,0.99260043100631,0.172029514433614,0.582417238137801,0.226011953582207,-0.760333875058493,0.195003273517344,-0.884180454338976,0.0181635736910786,1,-0.999999999965731,0.19502761186247,0.223512011453285,0.677311205697073,0.091822117372929,0.688100581280389,0.0902323163081679,0.665225594635205,0.0979919372401958,0.687128443982333,0.108600537664537,0.826750850556169,0.133005964930228
0.931528280822074,0.104159773126012,0.937669045057898,0.118366947648109,0.846367308762539,0.152600956124549,0.441215952234031,0.200898773697281,-0.611089811789659,0.172749709069766,-0.899372514528257,0.0149322701831083,1,-0.999999999996925,-0.202277889476293,0.213446241444064,0.564019807050651,0.0937546253288061,0.742185157426047,0.0829333357868728,0.750113915237461,0.088353913189048,0.527978952235391,0.11753249066752,0.697755964442097,0.135324573437644
1.04461548368949,0.115597545530407,0.949943150734276,0.0991200211501872,0.848315100228265,0.147500358570311,0.278491139858774,0.16962940106484,-0.420178228194867,0.140274962032182,-0.907313239217306,0.0134148537985132,1,-0.864468664015588,-0.0125224891716812,0.251331807102455,0.632713499085817,0.107157735485073,0.789198945814268,0.0854158082546649,0.632569819167209,0.0979764708299624,0.699921223640288,0.0949822426701294,0.776747941555358,0.1135316648245
1.05204492045498,0.121625360959381,0.993567533766937,0.128828243805448,1.05703349141349,0.178196747084993,0.598474726993357,0.234249142657607,-0.68538451311997,0.1798964972965,-0.899984705007711,0.0151224619979096,1,-0.861721651986733,0.172871634100808,0.225399880708902,0.751170356802533,0.0979823281254026,0.68704587089922,0.0928634391822719,0.774329999261338,0.0943763435195374,0.675454687519459,0.117206472980492,0.771063699049767,0.129907818893411
1.05183764876941,0.124638678912691,0.779167894993963,0.11668140955539,1.17538490239371,0.220585496680414,0.566240199759618,0.273935334711938,-0.771323963538057,0.204430785724859,-0.875567905544036,0.0194735376694869,1,-0.945467099965295,-0.121938740018951,0.246711608888048,0.647866848835959,0.0946665369477369,0.647489523553019,0.0983801257010977,0.671486908668439,0.100916285283833,0.648776030795197,0.116756702748942,0.55169704165962,0.146586235137461
0.966643997253332,0.115560219804028,0.843643193669632,0.114128944993313,0.899230623877551,0.16184424772279,0.395449212003104,0.187125534542259,-0.403776040180157,0.117004190879824,-0.908175543498775,0.0147942540342852,1,-0.677110647424415,-0.264214910351145,0.226250806731274,0.661980870433699,0.112305377268711,0.743221811235795,0.0904202030258781,0.751930726614535,0.0941538450424179,0.719241200005288,0.114526375035432,0.592905291414122,0.132871190565865
1.08992690637407,0.115245981292193,0.811599703970286,0.102271411503424,0.955380910335643,0.16452799418634,0.394928539563953,0.187997306842646,-0.583260185199011,0.159580843246303,-0.893584939595202,0.0164198772978319,1,-0.949543340272583,0.160982949157246,0.257384629070783,0.619778662090773,0.0991504566095947,0.694702213011244,0.0932581057279876,0.697861610796005,0.0945370007071591,0.743499382917755,0.100297623067876,0.547728602698002,0.122337378377905
1.0453403873041,0.130652182174222,1.25896500047315,0.157368386362828,1.13280369611022,0.223578650906964,0.690492616884582,0.271227586558409,-0.70768606409506,0.209636047653717,-0.914175753095498,0.0149324157871898,1,-0.800172819718649,0.518614566264442,0.263410207591958,0.723288900030327,0.103023048077103,0.67007254389914,0.105245343792826,0.795726713008643,0.100518507994024,0.664271333859906,0.119883363298363,0.788577846456535,0.143808814742397
1.07408988705977,0.119324050019656,0.959312824024775,0.118087699952281,1.0176856135753,0.190723794162365,0.57265362880359,0.213657951118546,-0.760249664564087,0.177816475379253,-0.899842887053057,0.0176456995221668,1,-0.995871745820937,0.16014381224224,0.229702704903644,0.651285951056242,0.106104788650913,0.702052113977312,0.0957464954509271,0.652286650951617,0.100161218671085,0.628982141558144,0.120634873955928,0.749187062977438,0.135568706198465
1.0349434067156,0.118897353251408,0.921293158211538,0.11999658309273,1.0077861410687,0.179500097916596,0.521685921906454,0.224423940994801,-0.636659766417464,0.172304419910559,-0.867768726819921,0.0200018194481839,1,-0.878048805001681,0.215559345741689,0.254760739451353,0.564995587892521,0.103760297569237,0.592645303564361,0.0913780729560902,0.69186168424595,0.101549913117431,0.677204934809629,0.110940424185364,0.568183862723995,0.12868580385282
1.03909415682072,0.118525461243452,0.808873085580982,0.120124413391012,0.786628771747979,0.154259328480891,1.02515227785341,0.37364125693786,-0.831157119366246,0.203022816997969,-0.909184294927165,0.0146788976123351,1,-0.925558823043519,-0.0336125121913174,0.220115053459072,0.673715430865059,0.101017132348658,0.687879276686797,0.0973194688009405,0.657744465729778,0.0980610572306286,0.621161708096407,0.11767633981958,0.652113380558464,0.127045588905564
1.09098521337172,0.132165311185796,0.873552403463934,0.129639563905451,1.08707982096717,0.19637360875381,0.680334845654963,0.282216026722032,-0.796629473775316,0.180365681890211,-0.899846114857523,0.0161452429522454,1,-0.926326942139723,0.0892159060763127,0.250659035154388,0.696468240787647,0.10463714932244,0.739896656595863,0.0970798349682324,0.767339823980639,0.100394952574668,0.664657875567508,0.113027903602333,0.782550329899202,0.106761789720286
0.909089056105986,0.126032902006203,0.912280915595229,0.124303925282243,1.28804825765165,0.223871513635419,0.575235407356506,0.239063892416774,-0.709538163698525,0.205432345698664,-0.894899303090903,0.0176421252129963,1,-0.824303013058197,-0.354559511371377,0.280263471768393,0.665376315804023,0.101285504520559,0.612365274025367,0.0997207311657279,0.768911641261356,0.100801736070392,0.83408583580564,0.118084888785528,0.558791490777927,0.135332634383645
0.846312577038049,0.0997795068208984,0.886943700127154,0.106862074987144,0.870557238114672,0.152675550735549,0.607057353689718,0.204961367304686,-0.726965042626485,0.166936062154596,-0.894829934630715,0.0169420907543107,1,-0.999999999995841,-0.0443604569375844,0.22181041056934,0.627967784637414,0.0906427839413994,0.626423832429844,0.0904820093598423,0.747585535685458,0.0891417222825563,0.561890764335372,0.114701905248412,0.523131173332649,0.137804976100664
1.11290853241637,0.135123323139365,1.01937251593232,0.140732229409514,0.986882363162233,0.191157756987039,1.02022112698502,0.369117004130073,-0.828718203425769,0.220058350192504,-0.900390845469488,0.0180432212459582,1,-0.825899167505399,0.302857099487566,0.271653963502318,0.572850622709933,0.113203476960469,0.740237148120064,0.107669462275007,0.698848827599965,0.111114509886154,0.666507909004831,0.115068136566408,0.762674779541426,0.116074480991056
1.13283155354394,0.131974362783693,1.16009242568162,0.144889684547409,1.18520257700311,0.218439095934887,0.483253725111381,0.26424909262131,-0.659630905011131,0.193097492446499,-0.885380239802466,0.0192739397159975,1,-0.871599748460543,0.0152306336890113,0.248584579379896,0.725707914683251,0.103363197328007,0.821036649135549,0.099656351130537,0.620187615183672,0.113110593225065,0.736253703188142,0.113316182548786,0.661187511645981,0.133303055049409
0.749823357136756,0.107066826779525,1.08322951052533,0.124099315456802,0.976538922089922,0.180296642716469,0.406360665216743,0.228437443519621,-0.520889123565002,0.187497539438971,-0.869733867484441,0.0205092070136559,1,-0.826884172409156,-0.261830180924198,0.230633489776766,0.681871408303003,0.0960036453056053,0.523987163994084,0.092283400802425,0.596639588427226,0.101919815907155,0.653457741867897,0.12600679544852,0.612175693355389,0.150250923298364
0.974946126990122,0.126051665004906,0.953029897648416,0.127672690807926,1.02278055046123,0.198234460796035,0.437873260886782,0.24656002891421,-0.443976617457194,0.183354250854995,-0.913006598305437,0.0151516318903532,1,-0.663429310720952,-0.046939706307288,0.240117384286137,0.590154317702938,0.114443522388091,0.621707679663351,0.10849176452546,0.700445843520933,0.107042813073412,0.550055680132349,0.116397281273323,0.621222243604457,0.131386068642042
1.10332400081709,0.115303756812306,0.844957107547394,0.111616476671601,0.946784976825069,0.162311166727699,0.599738458802755,0.267486297060329,-0.669441450811419,0.176376209391123,-0.871016151436087,0.0189853164949714,1,-0.888394724665118,-0.174449671253172,0.234415515000709,0.576880308241281,0.10496452341966,0.804916395086442,0.0847765791326749,0.773125607657852,0.0861634555901256,0.598563518715055,0.12257508088289,0.867432503613017,0.119856665257924
1.15904731951418,0.135725452976824,1.1045355267607,0.133175571677812,1.17133309761624,0.206321948834486,0.595509501336341,0.198331203421639,-0.801222623963415,0.172632479490106,-0.888379806753333,0.0183816754185409,1,-0.959331376129425,0.104192465960394,0.255753421388273,0.814919572773932,0.0941817143780273,0.739587204259993,0.10129857235138,0.691695364981046,0.104285919724544,0.548317240600755,0.12266110420319,0.554836506884141,0.150364325356568
0.951169200431854,0.130943427526032,1.04751014182854,0.152867758715504,1.44295736152091,0.271216001174176,0.770605830810834,0.349398417258325,-0.855822097763956,0.263560525537531,-0.925030812075214,0.0133618785043581,1,-0.81159731487637,-0.451306767748393,0.242905414067904,0.881638582301854,0.102472020882227,0.693408530732659,0.0981860502637783,0.800821680132526,0.0966830989368326,0.74974429443267,0.113248445624915,0.910409446417143,0.118579140194353
1.11515008701148,0.143639810898296,1.11277656937753,0.153514754967116,1.42323326964303,0.304742255698292,0.751521851924857,0.324074272834138,-0.834000636216982,0.274094340159394,-0.924472312133047,0.0144198736062503,1,-0.806413021250701,0.309043062780995,0.283919265828402,0.737041779418571,0.114064172774929,0.753649253994142,0.108547857494243,0.792725022059137,0.120530432058562,0.57565696798012,0.132029591670536,0.963375138708245,0.133271516750916
0.868456234203046,0.106612822647099,0.88065447664126,0.120401948740785,0.746499500432891,0.133038202027134,0.427382694968735,0.195710588662252,-0.491865815685399,0.126078654911162,-0.853878192692894,0.0247331331395327,1,-0.870810010940963,-0.0913158173120385,0.235286137747847,0.49751918324289,0.102424190610922,0.626652133130712,0.0935565477159588,0.61169377261394,0.100340010191562,0.384942921388117,0.121443328234544,0.584672420220938,0.13552965059317
1.16681014042893,0.137519582654736,1.10671962708819,0.146061147896268,1.0649651359094,0.20711873258022,0.950031092313832,0.386174884117258,-0.832702901172034,0.22464897601058,-0.923654746131347,0.0135144997276959,1,-0.827853469217953,0.159139124283161,0.286149738974134,0.725123816583651,0.107906359024716,0.71717524369598,0.112257539653477,0.699475491915745,0.112374120317435,0.997550757664519,0.108144451413895,0.709096293904142,0.126885476807229
1.09843632893087,0.130240789150547,1.12792221424383,0.12306861421415,1.16474093385721,0.200441124674002,0.582184327276616,0.246891954003719,-0.786050502146595,0.204838523692669,-0.923397884735165,0.0119454440039897,1,-0.954565041144956,0.260174649722283,0.284957161497075,0.689229155862659,0.0938094695221664,0.857785770933423,0.0937373644452114,0.796332321847485,0.0994085162998007,0.792601813322479,0.122649922559557,0.579694489095367,0.146197389397088
1.15007522225907,0.1267959778704,1.14713003722649,0.130268069496888,0.997263431480861,0.175189064039959,0.91380638558351,0.323879836219328,-0.872708338982558,0.210635840796624,-0.90409809614783,0.0150010215586868,1,-0.914191300934088,0.202361659678813,0.24703529082681,0.819834226530469,0.0976355961030657,0.742743999552294,0.0952748569402105,0.720253482599931,0.0997421336118479,0.712115295736799,0.107902074585082,0.751758360669779,0.118092655505705
0.990975000586129,0.104091681309728,1.01280206532309,0.111179006109123,0.746036326990656,0.131947709278678,0.237899368796607,0.147649122847536,-0.421285617002074,0.147272994370811,-0.87547066412308,0.0192271074729335,1,-0.999999999443328,0.381052540620694,0.250504235754286,0.453164832150763,0.106024731950429,0.652425691159346,0.0991954422912566,0.659363717536794,0.0976290435879505,0.662483789033934,0.103063960739537,0.466061200560965,0.133619813341208
1.07933023716006,0.118950565801387,0.979786161177496,0.118268464797886,1.12971638897615,0.190337341497736,0.643029664606918,0.237665978502399,-0.841046377747117,0.195819877421829,-0.886073991746344,0.0184278855457219,1,-0.986778607692231,-0.132193080386374,0.242794426190858,0.779352511238446,0.09514176111078,0.599152154579593,0.0974011419330969,0.76767013026497,0.0938906986737183,0.721374979144481,0.109475780505043,0.634564844739815,0.114533890800697
1.13742700782088,0.129469828021059,0.965948858607139,0.134237581779719,1.00702460586384,0.200361798963606,0.635679289795485,0.264706249257159,-0.669835678818272,0.211189469906922,-0.904782833094549,0.0168513452700996,1,-0.837199970015841,0.18767173208909,0.272790728075889,0.719451507604741,0.112418922810892,0.68987648580241,0.108861035651078,0.830991793766707,0.105796052146129,0.669371963863862,0.115729235320787,0.679438013372774,0.134909330654588
0.705578398496381,0.11524114556501,1.44047901495378,0.151440212238481,0.970593434149355,0.189042796419398,0.868017751551199,0.325840038052618,-0.898306705954857,0.219556704489798,-0.90403177104779,0.0175648840717787,1,-0.978682141861929,-0.00869182385401122,0.240578644157775,0.659641360843749,0.103666953379014,0.678685968185438,0.0979441840566066,0.866054827539117,0.103039042054843,0.545069086052646,0.138168064764037,0.644773035807232,0.170512419191761
0.956152974846231,0.117311687974004,0.991904049967836,0.122967238998185,1.04345068913284,0.197328035666417,0.759837731841227,0.269451013361958,-0.85627798718116,0.213685235708502,-0.903369172592662,0.0160633422316945,1,-0.961652990485219,0.0201162903516808,0.240683171166905,0.606178539112892,0.108047735377378,0.701331121212836,0.100475321011261,0.573825553826097,0.109093043554232,0.813073659157659,0.102633468170515,0.544160437962607,0.134593038697157
1.00659948511766,0.114745332635205,1.00606102274391,0.124167095713588,0.960946242891512,0.180544690555252,0.314748407715957,0.18483737624148,-0.549960270043745,0.19254700440337,-0.893854207535487,0.0171253819467748,1,-0.999999997976326,0.515310959820357,0.250131327941684,0.509989628620616,0.104070868652298,0.673697788501775,0.0962589126257704,0.687817652557189,0.104728929049247,0.547351919465828,0.115400005381011,0.614160047062867,0.138633567628571
1.23400769866,0.153776082376379,1.10606185458688,0.13594753753657,1.16543599475021,0.222653785322042,0.814825325455418,0.338119153765177,-0.85622854137566,0.226220657514218,-0.916233358921022,0.0138922106021775,1,-0.878644565913202,-0.015064686484577,0.309805463141995,0.804751060336471,0.113309543219034,0.74346670977654,0.106697519062743,0.675727366608791,0.10709114128095,0.831873796432149,0.106064107658442,1.01178270172249,0.120712098697487
0.893283220108238,0.0935999700066701,0.956899008411655,0.108427359408151,0.730391248431406,0.128525135612414,0.398280001838228,0.157332792290305,-0.539351673531178,0.137700277471498,-0.890141354663686,0.0167960673790337,1,-0.999999999953586,-0.0843056333343533,0.206343984596704,0.582305585907444,0.0982033617225339,0.754337419467375,0.0841560562012117,0.589659568687604,0.0974446012749688,0.574496375965018,0.10961191604191,0.486831165506343,0.136463924218467
1.16469035836653,0.150710345134213,0.960354944912683,0.145143244048299,1.31517069210436,0.263563508762006,1.06353709439774,0.384256227981496,-1.05043391929624,0.254264995004546,-0.917310386464154,0.0134710740104306,1,-0.888180747192212,0.0395526405233571,0.298178378847276,0.751913702912449,0.106940513182447,0.779394107846346,0.102814432867819,0.718418738259413,0.11114714539702,0.775800764739442,0.119385714035456,0.852958790147874,0.143155718792154
1.17197676901665,0.125799619669768,0.570716681345439,0.107081799465582,0.973925706000101,0.182399211713659,0.366504231961912,0.213602238835483,-0.564683082709607,0.169130461385333,-0.904857324115626,0.015571898467992,1,-0.945153540791572,0.273730702258798,0.258375365898867,0.590815729063314,0.107312106419612,0.798223132592144,0.0947013402624623,0.754677697685422,0.103238004224941,0.700690738105589,0.118542024938627,1.02507750637428,0.126085057067344
1.05141200784649,0.107962675470661,1.01427826487505,0.111206094137912,0.960313681229785,0.163902919068402,0.331378748898422,0.174988017173138,-0.472483819200958,0.134060180287971,-0.898032123191758,0.0154522325581374,1,-0.837564101784087,0.0598396883368863,0.246453112813068,0.647367634358263,0.0928716833375201,0.655881796255618,0.0901069248597373,0.623411054444186,0.10355964797406,0.650878939234629,0.119242362393849,0.75695257731573,0.120185683318396
0.900295525751607,0.105310798855616,1.03481982994365,0.110588286773295,0.70038871043124,0.121834789709835,0.384403894265179,0.19217627824772,-0.489052106149107,0.128159919645822,-0.849999283326995,0.0235619029329706,1,-0.942522389662498,0.10380537174697,0.243775522833235,0.468040949182053,0.100528187383647,0.591233266256703,0.0908638382348209,0.528374374239944,0.095506946777249,0.537620966076485,0.116074120166097,0.673506658645371,0.124688754721492
0.979154414746582,0.113325695158518,0.797553809473502,0.103353469850235,0.835149131318566,0.162897709226558,0.227761055441107,0.172463277618208,-0.423395106821824,0.1406343623559,-0.879219719486394,0.0206118394744253,1,-0.970787295971171,-0.035146454103426,0.220197065933713,0.58912641644851,0.104359117109714,0.592309805119779,0.0981682721658269,0.764391819138567,0.101484455261109,0.722497783956706,0.123358542996196,0.506351434733688,0.150510181255178
0.922179876362277,0.122217098247913,1.02847961559754,0.128886676039128,1.26476915298985,0.215519835877763,0.915401108132877,0.363299848221185,-1.00732216762424,0.238051466844404,-0.925995240076921,0.0128953582961539,1,-0.936175005700939,-0.0752324860742851,0.284431040000873,0.723918672396829,0.1085992975861,0.870466641380078,0.0886727602136448,0.673755696059355,0.102644935603521,0.669019180006315,0.122130088186638,0.582400093397432,0.154154655464386
0.985901656847045,0.112934736974969,1.05270128849601,0.120045972673844,1.01384177581414,0.173891972102041,0.871264425645636,0.258793606534261,-0.935542755978838,0.196389165305719,-0.899581179791133,0.015229221218674,1,-0.995413572629407,-0.0364874492704002,0.216307749459963,0.5349318336949,0.107327561162464,0.688122521683171,0.0838591490664525,0.779919270713271,0.0884206129442592,0.638241621984776,0.105399367676396,0.637921397510496,0.123492318101304
0.955481170121584,0.136163890088383,1.09733343910217,0.130398280750968,1.29437417528088,0.248679855535658,0.525776643309965,0.240454766058721,-0.671034777196315,0.221024577820602,-0.923748521919886,0.0137124699603511,1,-0.813419283921193,-0.462487364363382,0.3017814568367,0.847122725719115,0.103702966827369,0.674952862028011,0.099552672314339,0.713887517578984,0.0932282134482176,0.781677075978574,0.11608422580004,0.787655288540525,0.141273019934128
1.12268715926703,0.117247282148408,1.01748854889203,0.12229184684088,0.971045480867806,0.164535115891697,0.552293549716948,0.255533614226991,-0.640545496382351,0.188416895552987,-0.890088810598784,0.0167780523110186,1,-0.874671973161738,0.105406735822745,0.254724328714693,0.717862932335348,0.0931104458590987,0.601991536373233,0.0955314180662266,0.61109761338818,0.0955621407123268,0.748804198484322,0.0984150020210914,0.735868295964343,0.11226884025935
1.25727735057701,0.13792434473334,1.14016413138168,0.144355768971605,1.12119352406359,0.228262480689581,0.768783046867082,0.311762034857895,-0.758838211094533,0.233750093713463,-0.910007447854083,0.0154445785389702,1,-0.817347996400923,0.525290622652934,0.253336651562921,0.720202502286092,0.108033073086063,0.746400087079871,0.10274232846277,0.639627374149043,0.117316498095965,0.781552069999436,0.123681128683117,0.928537829545711,0.11137257764579
1.08072711103988,0.132876280385927,0.969918601274272,0.135909883060271,1.12927971907079,0.209742875232819,0.876346019385401,0.336608558411516,-0.870728098238235,0.220969192219219,-0.890717095332823,0.0186063056469651,1,-0.875273915080891,-0.106956789073636,0.274598836317429,0.803658988675595,0.0956877100817892,0.600012070629059,0.105614224279859,0.712043968306637,0.100311576592738,0.695466008109453,0.129705829578546,0.758618665599078,0.133848526802372
0.965220334891358,0.112450483634568,1.07431969010312,0.119947792665277,0.84644295697973,0.149066199500818,0.622953123628713,0.210669242670883,-0.656614619480778,0.159688339980225,-0.905265614528599,0.0153699404100979,1,-0.904240628139761,0.311851764814753,0.223531114490086,0.618308407279672,0.0967060923104233,0.741199483506279,0.0974336594824861,0.563252645542333,0.112555019120581,0.596419646756112,0.117004963757389,0.699081092134201,0.121415714809823
0.884337366425819,0.115006308145777,0.926378545878255,0.117404664729819,0.895941483697148,0.156674913856759,0.283276805009142,0.156808352694972,-0.500440720928654,0.14387993373884,-0.893412769600466,0.0176443536579261,1,-0.993361469267633,-0.0222759109949447,0.237575055311328,0.471439732745037,0.107859026363081,0.62731189883546,0.0974937484868304,0.553668530167837,0.102556146317847,0.49867092471572,0.120094884931831,0.70276881645876,0.116232884857109
1.25379954802208,0.146488170612384,1.0520780946995,0.143722303235495,1.40413628173984,0.267925495812097,1.1016494191677,0.372845492866941,-1.10096784259626,0.285453486542873,-0.918053936077525,0.0144982627484368,1,-0.885214050442973,0.293660781757005,0.311713631502661,0.887977079243927,0.0991634605773006,0.87026723715694,0.09920965057595,0.703476392854171,0.119745974056464,0.755284742303307,0.13204187201521,0.772186128419667,0.133075860029659
0.983714140804391,0.122996384603595,0.964716659459137,0.124840133134102,1.26308364440629,0.231119537657697,0.636399380221609,0.232593218341504,-0.896563242504087,0.225198145956361,-0.923157005845878,0.0131938857682845,1,-0.999999999590225,-0.169311270342631,0.245640876615356,0.802845155776216,0.10024444889011,0.782604882077406,0.090442183235366,0.668151764103317,0.104164738216669,0.811014287996718,0.1084162236119,0.846126011295148,0.130438998409182
1.14490672020921,0.129797915095657,1.05890165273107,0.132646019576983,0.936003501721256,0.173576796251593,0.643703576029261,0.227816108948992,-0.638861309270659,0.175539122088327,-0.914488560240969,0.0145493053180344,1,-0.823047479977591,0.309501106466407,0.266308334414603,0.656159077127181,0.105337422832785,0.695255471440448,0.105054629926427,0.916545510054541,0.10487957997602,0.546022068314586,0.134147764650286,0.762318428613292,0.124975354152967
1.10441029238135,0.113444403578952,1.10608300351279,0.13174188815076,0.844781712083707,0.16033967580295,0.473584012143135,0.22521569442029,-0.632514900236567,0.176491501179615,-0.88850524960324,0.0193187027697019,1,-0.999999983037593,0.810519734017492,0.25263628978576,0.635226040302437,0.103488673675617,0.612343550549815,0.0992635389411806,0.740988923050904,0.10519774942317,0.668945925482726,0.115490357771462,0.577772453768794,0.151155392029231
1.07713221724969,0.131849513763554,1.04078318527036,0.132565812424992,1.01281796054022,0.19561118603834,0.596809487802952,0.280947482150743,-0.506605869923422,0.178297836153946,-0.900153274170784,0.0185495440081936,1,-0.651608380271436,0.289065282158939,0.278473042910224,0.575582546024837,0.110519881950114,0.727078491092375,0.103635892061661,0.741107710807876,0.108333527141194,0.718521333813837,0.118476787288191,0.473973579896543,0.154430741940671
1.02299840938345,0.131725568401563,1.0375750316899,0.138262933713232,1.09253348980783,0.211895549649547,1.1654083407572,0.3960223347267,-1.01430484427106,0.248994037281757,-0.884260598439064,0.0212259257428474,1,-0.898901405447148,-0.0350603223908569,0.252763689408448,0.682608319349198,0.105983014540356,0.789068370980873,0.0949872520870152,0.737190431463961,0.09977677062205,0.871295285711995,0.131620506656889,0.732967638794566,0.13734320309697
1.11333018284763,0.122712162061058,0.853786917455367,0.133015591382991,1.12355868327387,0.213859808878143,0.850951979818059,0.376488877459008,-0.870480385080675,0.250809139405072,-0.915804485793563,0.014889542523207,1,-0.890243031078344,-0.163634051854327,0.278190250432061,0.672307919767915,0.111094734844315,0.69622794496335,0.109178124806871,0.758204983662207,0.106662099045964,0.710605679774993,0.107465250742797,0.444257055386941,0.1476134212853
0.844524173504515,0.123962077829548,1.19001192949279,0.144163304228228,1.35103681426564,0.238411512513066,0.858691746521691,0.310869439971497,-1.05758162440059,0.243867847531183,-0.911662005501211,0.0139706872676858,1,-0.981887339767587,-0.161713021527867,0.250201867547834,0.816287275965313,0.0929685401420287,0.686703179885271,0.0918326804489717,0.681929310299195,0.105992181681514,0.629050235207645,0.126397537060815,0.640069222614993,0.149500364349583
1.16778259177316,0.122393217361812,0.863018209076431,0.109082351607914,0.882612920407364,0.170720768845451,0.385070537819178,0.20022927438488,-0.486728939995827,0.148288508203313,-0.901173680477381,0.0167205305760513,1,-0.834895044329454,0.556635508723697,0.242956026999902,0.729312908186559,0.102231711062267,0.661118999784046,0.100626749122031,0.558580977284518,0.116545736000759,0.770451399003368,0.10619860558083,0.535060712149478,0.144514493008119
0.972876799891138,0.107771525055674,0.811334164781578,0.107210704075607,0.710894009346609,0.119902110135029,0.337238071424767,0.142362894177704,-0.363705056931417,0.119898404152221,-0.884316848468817,0.0177005861325495,1,-0.742811491456917,-0.257952576164199,0.233916499378366,0.703310030288726,0.0939229896607757,0.595630431735842,0.0870504752659224,0.64682626636471,0.090476711190619,0.804709104924733,0.0998077372959257,0.716199372204715,0.115465488646964
1.2230995042543,0.122455737748533,0.910119125290421,0.121067229753471,1.01576977501787,0.187158796455776,0.356222450854002,0.148139914798772,-0.60153137802992,0.160289873208509,-0.88800519299944,0.0193615482313493,1,-0.999999999992111,0.598664183881619,0.241449071103933,0.579414818169642,0.102381771947748,0.749867577261801,0.0923831388639441,0.621643139977496,0.109805954283128,0.639844693642744,0.123319220404012,0.715690575400055,0.127506334607743
1.01001029824113,0.117875191755307,0.933094703243757,0.121272820715563,0.637462282641571,0.115244626057604,0.47214211462335,0.211114909372441,-0.397647026404581,0.123954127599536,-0.868988181493217,0.0206483950208992,1,-0.724826598490048,0.0445821450068724,0.237335717786777,0.703380405012687,0.0996485811810223,0.757255786207235,0.0984490430081008,0.602475913333411,0.101395734547602,0.692683534434839,0.109215293958756,0.663180175454497,0.133682907752365
0.8176018979084,0.109162014460557,0.837604095156016,0.12349485137146,0.921597616027101,0.168375962025565,0.501541420643147,0.27367960074107,-0.679254721765974,0.179426163655838,-0.892680647596916,0.0175392002005177,1,-0.999099155397543,-0.249520882043268,0.234775132241287,0.684713724694857,0.0985046984232134,0.618206981061022,0.0995462094090367,0.586587102034056,0.0995283949807351,0.619523327875346,0.121239945947625,0.622629467760569,0.13068289917169
1.01833417162406,0.120737881237622,0.994615684396799,0.138114250628311,1.05357463855832,0.184070319516891,0.799528405839765,0.29196977256653,-0.848063356146347,0.206233390780472,-0.909930288023738,0.0146923490284836,1,-0.924014306168385,0.10571838907331,0.279221882832853,0.612897894063486,0.106641398610808,0.767158959902239,0.100662852239019,0.785575468455345,0.0921742612556345,0.795711682933904,0.098481551477991,0.44848376750792,0.140875903116505
1.1850503111245,0.120381750012583,0.933971672246201,0.11162924815241,0.953409321742213,0.166612429587839,0.466752175604003,0.246763153345785,-0.597063664407866,0.169621320313658,-0.919240244122021,0.0124682699120325,1,-0.895030365291568,0.562082956501695,0.244850253631072,0.672170510828142,0.0955349496291896,0.743149466392839,0.0896966163374874,0.710243424372258,0.0994645865572203,0.70040410192095,0.113784001682491,0.765734589135382,0.13523868917218
0.976332298676226,0.102131172582262,0.990037301299338,0.0954068938209023,0.827183886165645,0.120519708983119,0.32944987696367,0.169580654778609,-0.522030294296694,0.146677565637293,-0.89894829013959,0.013323628363027,1,-0.99999999750453,-0.590529111770967,0.28197911398823,0.758047311684058,0.0937871390491475,0.663491018137712,0.0903053972369491,0.623921565642955,0.0958177178054393,0.605838549984229,0.104171186335184,0.746597099638092,0.0999740595012838
0.882073334922311,0.142621531600815,1.32296736679473,0.167124851422191,1.51662376164993,0.297419837830511,1.48776246112075,0.488441899175919,-1.27929645518582,0.325147565763549,-0.936490146866425,0.0123628177732839,1,-0.851658470563944,-0.251155319771573,0.288357265804813,0.808294016867363,0.097799526502913,0.971391718755991,0.0926370173191012,0.800351261671061,0.117374585427934,0.667046893564774,0.131044664720266,0.888259621188045,0.155408498369964
1.09490785622189,0.132290901828903,1.0532579328074,0.132978106738412,1.12770250132742,0.235367934552729,0.997682677059452,0.338131524025064,-1.03310407960807,0.252610896469772,-0.908917689814882,0.0176114551646837,1,-0.973981233131898,0.528604356971335,0.241323817386854,0.533063260376611,0.106867173167577,0.7881355832028,0.110061175777137,0.693434200611516,0.114153913043036,0.813810048430242,0.121239658107442,0.601628453945176,0.15206464933172
0.994056155049763,0.119967007094832,1.02588112821627,0.131670460696415,1.05941568550284,0.201880782105884,0.59233757848643,0.197908199393596,-0.652659961572107,0.154522667210954,-0.91582309803587,0.0147555059530138,1,-0.823889805114838,-0.515183335763693,0.277650357068788,0.886206538573952,0.0982084648285827,0.793417814346004,0.104225892418488,0.749443280488266,0.112670288615692,0.507197214307766,0.123712762363894,0.743843446683646,0.136077148269567
1.03378458034255,0.117470129019298,1.03414196071705,0.112071405748484,0.912899806454027,0.163080160097965,0.317394648156851,0.160396439245775,-0.451806395353277,0.128934458831568,-0.884239701418293,0.0197591418615045,1,-0.83934598407477,0.250401132060008,0.248296048707144,0.667664887692159,0.102034729920575,0.662826518746716,0.0989948026084572,0.613237250099617,0.107604734576115,0.803288018308109,0.105384141868948,0.64738277605647,0.144438503189848
0.93579241114453,0.136209345591973,1.12917279084647,0.143618147012556,1.3215884302405,0.262001518279773,0.544262803672165,0.236518667560211,-0.848110502436671,0.237174345055792,-0.911029932391172,0.0162195576667952,1,-0.999999999999994,-0.228851159160237,0.302363292406482,0.903737366324436,0.101051953927323,0.777088142059548,0.10277223056591,0.660961121430863,0.109908173814886,0.638571699266594,0.122199126292905,0.806642310228747,0.145388677182929
0.829027091173222,0.112570644310605,0.875428810800499,0.126818906159455,0.839792393717672,0.164077131511048,0.679698600178459,0.249399294359045,-0.685122932497591,0.167347841354719,-0.878877140180677,0.0213005380707338,1,-0.906826803673765,-0.205484454577209,0.243367403520629,0.630572079163152,0.104903763801699,0.571086619144736,0.104059055629631,0.569608437506013,0.102823879316799,0.635226661219698,0.110714617518613,0.539919532470102,0.136593686861938
0.746235423969862,0.109566817543211,0.926210342018082,0.11826985177783,0.888506296201176,0.166324334867949,0.367196153745939,0.156653367526986,-0.571188317933287,0.156698547465479,-0.872027227972939,0.0217661337559174,1,-0.999999999998981,-0.202631031527424,0.250109537208891,0.561380155850073,0.100330071493007,0.659517775371531,0.0962091670500974,0.460964010391053,0.11523888209192,0.627067556169216,0.11026898080521,0.438399997443385,0.141291283862936
1.18415095247249,0.120402236425983,1.03853332836789,0.121479743256298,0.93401720053122,0.147942084751696,0.394704576534467,0.162828663219869,-0.607174491877575,0.152321664199502,-0.879682174050923,0.019293414041193,1,-0.999999999966375,0.356974480953319,0.261323452344209,0.670253029724989,0.0942940745118647,0.680408714940093,0.0949669439012613,0.665718019171581,0.0972540543849426,0.720850386652295,0.103645545546178,0.785544014036534,0.106178743184777
1.01894329288775,0.136422339236347,1.05234213895235,0.127005707632295,1.30005801585199,0.240812999163573,0.640709971857731,0.350576303601528,-0.86232809483138,0.253599345777311,-0.917524570734439,0.014656416455417,1,-0.944844691531904,-0.1573451402934,0.270665495974307,0.784449909442365,0.0966328443473604,0.853847943192578,0.0948085138535444,0.611797779788874,0.117690745146712,0.856828405635295,0.12158549175064,0.646995098551299,0.149385295496654
0.872181764659627,0.113721904795057,1.10759875920739,0.138370904116228,0.860120792459035,0.149031002007378,0.750147162736588,0.333702885400221,-0.776384217884918,0.186171795074925,-0.895676464016025,0.0163100104474458,1,-0.966548697483115,-0.15717753198599,0.253967005662042,0.712751412343474,0.0996505671124681,0.645508239001268,0.0945928867606159,0.822231479254586,0.0935508543409821,0.659073216328598,0.112387244664855,0.611580862487807,0.136939746633081
1.08537360854929,0.109717378040387,0.779391154383914,0.114665157000633,0.74698811490954,0.128375501891641,0.477140401032794,0.208114180187428,-0.533444511046665,0.13130806581112,-0.895457614665168,0.0161136990307615,1,-0.89353035133346,0.309838557671628,0.219096650468948,0.683512145811943,0.0938923627073958,0.584342187972029,0.0915000843419031,0.678545394109467,0.0962194811881455,0.535647159207206,0.11349264067114,0.711688341639552,0.117512981061637
0.996771847251107,0.114183980437146,0.867225491921901,0.120932175318406,0.844054575974327,0.159027795936732,0.612320399783004,0.249385131879483,-0.712956908396994,0.173241873056829,-0.880006851407091,0.0200797825437206,1,-0.991719043865458,-0.00163445679667552,0.23678916457486,0.668231695924342,0.100635869838019,0.603001407253066,0.102907533263823,0.564736319077494,0.10117493616972,0.616687962766249,0.120444143385416,0.596656761899379,0.126844526871374
0.916491444016917,0.111177767725039,1.16834599497599,0.138130837058838,0.864131646104925,0.160258676785742,0.815681584373179,0.321071818390199,-0.778516903425442,0.19718805464582,-0.906703745120147,0.0156480010311368,1,-0.927294668550496,-0.201587841449272,0.252616868609548,0.691736451570754,0.103926487254073,0.706708408434032,0.0947418241558251,0.753353268736238,0.103988082207284,0.530540238350616,0.123935205228426,0.643606092113271,0.131073944400377
1.02798522835274,0.124414525228326,0.985690635020614,0.122745972138546,0.942722280479353,0.173048984879721,0.541968107409514,0.270155929966475,-0.626660051796587,0.168421477029567,-0.915405475180816,0.0135216299715458,1,-0.876704547246124,-0.163555560387707,0.252523600585637,0.75887890214695,0.0932822468138234,0.576955099827504,0.101548687599256,0.697753812110949,0.102450241132294,0.792381070546933,0.111729947162803,0.814113517316819,0.138504474230608
1.06684579257125,0.120476877214112,0.910400179939269,0.114061569500348,0.750210089499475,0.140730947276287,0.332315546044121,0.167463575248164,-0.466214863727318,0.125248843321037,-0.901953618548861,0.0167862757977076,1,-0.933725750196039,0.197301557817668,0.226370394455837,0.587117259601411,0.114192443093253,0.737826118702998,0.107865450647247,0.566169367796488,0.103822137386257,0.71211584963605,0.114044489248592,0.661696031740386,0.125490904983618
0.882414268238635,0.127008225341736,1.20152306077174,0.156587322308718,1.17828957614651,0.236077816010477,0.958824986726259,0.402391832149143,-0.747357065816183,0.235524681239381,-0.893237057947183,0.0187396075099276,1,-0.703124863503812,-0.265698799939995,0.279650888007843,0.601337567298419,0.109372499391855,0.922744435633714,0.10385125404907,0.803722747337352,0.110019867108328,0.666482195168931,0.118052705169421,0.752833491401666,0.138876934292553
0.987540059678044,0.110240984929031,1.17977211025849,0.13564797621283,1.02531740638422,0.188570561270066,0.850638994116246,0.335610479952647,-0.91887663661989,0.235324681311785,-0.90615597355088,0.0169797008757572,1,-0.983910058751503,0.0129160350915473,0.248255753202931,0.789543308186428,0.103842312358649,0.765272495964229,0.0992604455537903,0.650844023321717,0.103766520465236,0.743670048157879,0.107571009803741,0.634401185979861,0.142756148636534
0.823096691319782,0.109987275381898,0.916193179014094,0.103304624710311,0.874655421420201,0.148612993377814,0.312242300742016,0.184306473598632,-0.482071604977394,0.130063792527523,-0.889087349715625,0.0173657278235767,1,-0.922459241253663,-0.275641511663581,0.222401197722109,0.646255370158565,0.0834100481568332,0.700508397864269,0.0891975141618789,0.655322724044376,0.100050848595696,0.936115039614738,0.10649044921024,0.526521102073685,0.147910372031604
0.990000597398256,0.123957897631336,1.12575079498285,0.129482907867589,1.28394784385234,0.246118297908132,0.48788405610794,0.222905811155348,-0.791465525602447,0.220451060721328,-0.908197840057455,0.0171422990797077,1,-0.999999997068598,0.0132020327641562,0.245215685007896,0.783639033136765,0.102640835886443,0.760810903686986,0.0959744136416206,0.643694287563805,0.108805518344678,0.703965603002105,0.132687244156052,0.713386605473508,0.144396920457201
1.06086858519142,0.120833832352966,1.0852393572479,0.134805851402514,1.02320607664965,0.168535849484281,0.959926846714894,0.304424849171071,-0.831431833508783,0.19071114430252,-0.903040977839566,0.015108483050746,1,-0.838930578117654,0.151844581131404,0.278428645766604,0.755812865423678,0.086914190653063,0.758157640834713,0.0866065037034645,0.467983098639176,0.112425327183133,0.903082042267563,0.0988567160839552,0.620213270375518,0.126419683691546
1.15789529133771,0.126393564779035,0.826042032373984,0.127695820123543,1.15644197172553,0.197870379176687,0.578280583805461,0.200765781696415,-0.712078277045875,0.189907355100732,-0.914043549220094,0.0142377930350494,1,-0.870756066933481,0.124750597406487,0.29809280205802,0.730808246487918,0.110070395078445,0.666773472566812,0.103734385512196,0.788866027475047,0.0907871879286675,0.738512672158674,0.107659510941843,0.772943302245137,0.118189085546752
1.01539761672699,0.110128681924935,0.81258780228259,0.104922669627639,0.734017693552672,0.131821494017098,0.538278674995993,0.232699421402379,-0.508357598337348,0.145534695188431,-0.889600032499257,0.0154229017638962,1,-0.808746599363159,-0.149793105391316,0.224728999678833,0.701695330699621,0.0954277708320961,0.594812262570581,0.0892389912681307,0.686208544458528,0.086291804080282,0.61485262141099,0.106103296785915,0.573841826558355,0.133851698607546
1.08510670250692,0.128152026698881,1.00272217484411,0.138146158420202,1.15947468774606,0.215514251270642,0.869103229188988,0.361463020497904,-0.749429433516445,0.218175850538965,-0.904463468356554,0.0167419239739748,1,-0.746559503001335,-0.0104291373476513,0.239691752340012,0.631938216037748,0.104481033563086,0.859446174390764,0.0969398548893623,0.598027537858146,0.110075045395654,0.882721341626573,0.106445887008819,0.507961388901059,0.143750300185527
0.861111196195621,0.114394348030975,1.24571017380488,0.144860026651015,1.01546788337538,0.191446133541731,0.683409010122657,0.296956238472815,-0.73895852955331,0.193582534361899,-0.89721548774833,0.0181437844841785,1,-0.887046976842851,-0.23768759944882,0.261687315966488,0.762863409303006,0.107758917953896,0.702976166241909,0.0956999512853669,0.742454961237839,0.104499587148409,0.617663491436787,0.127381553902782,0.837582135762842,0.136623907788533
1.04747092092442,0.113256287957934,0.995030637449839,0.120175612779838,0.810334127235325,0.136763236862423,0.622293171954793,0.276683695770078,-0.564276646616541,0.160889985660439,-0.91032525731961,0.0128896524323729,1,-0.794625493337374,0.129471345542862,0.242360277796773,0.734437925894433,0.0857720696787131,0.859020016136008,0.0810182349973657,0.659399172214553,0.101593532680591,0.61943443459466,0.123123945518413,0.729064544219716,0.128732012844415
1.10852110951489,0.103671017754597,0.880797222353271,0.122010611143475,0.869534260093429,0.141500874890647,0.544239839054265,0.191855254739958,-0.631363137052403,0.145557591785321,-0.887343726826963,0.0168220639045376,1,-0.917784476342351,0.094607628538582,0.243785867308433,0.760952934989813,0.0890124902865344,0.687673655561564,0.089036467455675,0.490488589238193,0.107802898643124,0.866384304062713,0.0980304922155761,0.795076763327213,0.120212032616071
1.17428915251448,0.132922593264859,1.16857633003543,0.146285396494809,1.27581792835389,0.247453977443402,1.22969689967567,0.373618872150559,-1.18292861956797,0.26814369495259,-0.923795384479954,0.0131928014418801,1,-0.944419943843437,-0.36199450028923,0.220190761286622,0.900839272001948,0.0988574886560443,0.707615479172605,0.0977429390390508,0.925652953419698,0.0959159870243843,0.861763367926279,0.12724830102121,0.525956084190558,0.167035124161969
1.02093295901347,0.126318939925509,0.951168536462063,0.115344270055345,0.957551536404047,0.188311955087533,0.718884407602277,0.31442842162811,-0.686784681903623,0.19570124752549,-0.893709194890252,0.018852516831508,1,-0.827770584522888,0.277390689601128,0.266676708284511,0.627300020608192,0.112559606279859,0.694340198746984,0.0981236812877556,0.642643997233207,0.105351399536357,0.932029377597854,0.11004031228606,0.518459971580423,0.151560031362019
1.09346366539698,0.115133402764949,1.01347998718775,0.113455979320778,0.864297323440066,0.165179633785834,0.456543927585572,0.177826897053375,-0.585487754799163,0.151598625396896,-0.896171554620857,0.0170165626562543,1,-0.932062310835924,0.165152791438657,0.242417456865081,0.730761098131877,0.100306714790033,0.728088488862491,0.102115913344471,0.569706326934388,0.107104817831695,0.59556222898865,0.113071427136151,0.657741665589483,0.126147360384882
0.82221185030652,0.108560570265348,1.08918189788483,0.127966416753131,1.07015813339132,0.194350801192086,0.583712063520882,0.250246940677694,-0.590227713763725,0.172878237829353,-0.915747258852595,0.0135038574224572,1,-0.746786201686637,-0.476934037579714,0.236798027782439,0.867310082003283,0.0982608379619909,0.628634898375563,0.0992877664079965,0.816777542988919,0.0935047179380874,0.793932420302843,0.119472592309986,0.770102116389299,0.144407040657601
1.06782842118785,0.139790305139243,1.01038040629536,0.129504593601638,1.23141726421139,0.24735014927622,0.343701002993497,0.190939150784466,-0.627836118280054,0.179244783926573,-0.925979532763537,0.0140197924080567,1,-0.965057693943455,0.0657921057672212,0.301251001601747,0.659318483744859,0.119410427921334,0.703381538751573,0.115241424128725,0.726543805511022,0.116574608063896,0.716772747235882,0.118202956940305,0.864238271201413,0.121843620291536
0.84383371981873,0.107254356076974,0.928096684336579,0.120212168507684,0.865437925109662,0.14397082798132,0.628618913635625,0.20477796703407,-0.619232611238512,0.148274863068091,-0.88271962870505,0.0167551694438562,1,-0.839541437535237,-0.237237335105687,0.220709668578763,0.588468661241407,0.0983650182801507,0.782973124309317,0.0802854189061749,0.512394415415842,0.102546457159344,0.702104536538866,0.113264884020459,0.676531839801376,0.14012802097818
0.90631792256986,0.114023542435209,1.05219133145382,0.124509819601583,1.0213164952926,0.184334454363798,0.495141369711589,0.251331955572827,-0.612046091571842,0.183899738008547,-0.868841206491794,0.0216487372532061,1,-0.860675318560432,0.472905617408061,0.233513935742838,0.527319122419171,0.104178046186866,0.566142427272466,0.0949201515524425,0.694674185618451,0.108166533787924,0.822649763189951,0.106830077453845,0.620730358163917,0.148431098875064
1.33077005076862,0.158228552549151,1.11238269660032,0.136966743882072,1.5544553009355,0.313575361575461,0.78131386938711,0.317467476576621,-1.00679065475637,0.293563634919015,-0.918507596446926,0.0153540208799844,1,-0.91356044990689,0.336736075619263,0.30700024228081,0.7289943593777,0.117306382122047,0.930265673516233,0.105665309282161,0.902540935270016,0.11142566085977,0.689702689244427,0.126423954820652,0.732419438143134,0.132970503907566
0.913642384236768,0.106331525586876,0.935682776735825,0.120496268406766,0.86832594245216,0.150368307030413,0.476359345411114,0.195539742704833,-0.642180362474112,0.153143909297888,-0.883639652521371,0.0183770468385238,1,-0.99850050270699,0.122973561112719,0.228754618059512,0.621111765025978,0.0999643062742471,0.638634392061726,0.0928795888714529,0.606329406679375,0.101512577484533,0.606744738310031,0.115024413095488,0.790715654847375,0.130039172353961
1.0540425870443,0.12056080860165,0.9222801668349,0.117366799748093,1.02942396579462,0.190555534683714,0.499627656411009,0.255447668589348,-0.701081676173649,0.200276604071507,-0.900838162928662,0.0167085430094564,1,-0.977570851885551,-0.109051716309233,0.260700607326279,0.607506142871314,0.10438583384556,0.759626363099979,0.0933217174796524,0.757863303959661,0.105966950893398,0.638816051657552,0.114301408315683,0.647090427438149,0.140158819207029
1.03334822717756,0.146303074293753,1.23219317290986,0.155321776186098,1.51334288888616,0.305627564384613,0.801240805388655,0.328580801161246,-1.03867859327834,0.26357882758196,-0.920186792944298,0.015497905603107,1,-0.943259051752725,-0.00864625684524972,0.299009941168843,0.708485081610871,0.114805913118675,0.811309076544301,0.108619154797614,0.83958525158049,0.121897860675549,0.775920336959092,0.133432451694262,0.650935333871704,0.147852895930246
1.00867565968683,0.121295821959744,1.102212839887,0.116349647122887,1.21711145742265,0.20859646560518,0.485826573309525,0.237062503776288,-0.738185200363901,0.207566694482935,-0.910327307888274,0.0140995290540862,1,-0.959974121419833,0.161231240509742,0.298804338582923,0.77626166140463,0.0978554070117763,0.896504118892463,0.0868984284782635,0.726451502461714,0.093368656095127,0.723558575114187,0.110991835017125,0.780012183802293,0.134612243725075
1.19274742152656,0.12803232045943,0.932830857065651,0.123107047215299,0.966816977803192,0.17135118186342,0.624024186113696,0.256514320662168,-0.656768825222807,0.163714464975759,-0.925898830320445,0.0126082890291537,1,-0.845550760740768,0.00794714330229794,0.266972253765121,0.733493229800295,0.10529725198141,0.686615673586696,0.0929459495752184,0.719368993429056,0.1016995192524,0.761316627326676,0.112140643872997,0.694133485030845,0.117942924177793
0.845480000812585,0.100598833211313,0.834036968573243,0.111496722432629,0.83961884332334,0.141657269447469,0.359949437361951,0.182035200084542,-0.549745695727232,0.166046262747301,-0.886195075634068,0.0169462374935658,1,-0.999999999533271,-0.108901849226498,0.230382515516283,0.726496635615486,0.0928745347924793,0.630637753266725,0.0832621985144676,0.625499139541172,0.0978586238680485,0.452171156752705,0.126226992514296,0.622926951536281,0.140449653504797
1.01349634793306,0.103988036766456,0.866379760623065,0.0941018365217866,0.795833547705782,0.136320384994713,0.164879127973193,0.0908634946531913,-0.362237962328516,0.115189616163403,-0.877082776254631,0.0184771355906777,1,-0.999999999978561,0.0916799539964031,0.206845008045183,0.672436205043716,0.093392291658976,0.450073541147981,0.10167103429458,0.536632142036549,0.0961640125704829,0.604138141516033,0.09753924257879,0.672647416476756,0.123229570095129
0.96820655571265,0.100749078812985,1.06978432608249,0.109047526045563,0.683047547682354,0.120466666025247,0.346422954970232,0.14280008655848,-0.486439461651827,0.122816771031686,-0.895375442045363,0.0158459474518056,1,-0.999999999997522,-0.0291871379638067,0.220685855244475,0.781190219875615,0.0799857402100558,0.548585665196873,0.0989727005426421,0.604454973320673,0.0966150213763093,0.619136622401596,0.106087947197922,0.448684773157794,0.131245525905246
0.780232718618662,0.106712987330634,1.06392714280261,0.119621343641252,1.09092550852937,0.197778354140304,0.761389044802655,0.242496272116294,-0.911382867314693,0.206750793920905,-0.881502963833234,0.0188858582893773,1,-0.999999999966724,-0.290126995369863,0.241720484383954,0.650629701365835,0.100862329673642,0.725834765145946,0.0910327108132901,0.509765576611987,0.107943903627814,0.754573596438249,0.106797688988712,0.523133598025316,0.140832176006459
1.01727533389792,0.120208664837314,0.800902373856084,0.116139514833346,1.05468821611269,0.206181757094715,0.68858263206476,0.289568359975805,-0.809117649584873,0.207067334126124,-0.909800071374574,0.0159505460316536,1,-0.949448899919551,-0.247196745677409,0.260022050267327,0.699672994749059,0.105910650500974,0.642407324049856,0.102097685188069,0.665979156936286,0.106758661259861,0.802772913574766,0.116944072328381,0.566250264927266,0.14870189797574
0.832358504068662,0.120820626365896,1.16013086883426,0.134600294521695,1.17946023397336,0.223498944490419,0.780421178516315,0.305631927974725,-0.921926040135949,0.243062538895901,-0.901135903802333,0.017083135791345,1,-0.960925917817594,-0.120369336384802,0.248737763552813,0.796574670393225,0.100434541961924,0.588651563674106,0.107901610857806,0.856454300973289,0.0936516860334286,0.840808833352782,0.126611533076161,0.70915482369208,0.150393648032014
0.990804813327041,0.109958927180472,1.04000509520772,0.121602324159542,1.0062712389365,0.163974975442355,0.77851719856037,0.288214430776758,-0.853760737530007,0.195748092295081,-0.894183143197674,0.0159624830623678,1,-0.964593971091185,0.273636863371212,0.248798111819846,0.69339657610175,0.0929073077047313,0.659718433208998,0.094324915740655,0.773724983228598,0.0939447617020716,0.469319268342102,0.118052202869344,0.704470313458202,0.121358753572672
1.04748555240507,0.111481063868154,0.930603165300804,0.109935160889223,0.906340802324242,0.162150800884047,0.160362073177333,0.119294364136363,-0.381238363833646,0.153962154940822,-0.884748004569866,0.0181033717179292,1,-0.999999999974656,0.247919047707231,0.228464673322426,0.616587311755007,0.103213165268598,0.694202510569738,0.0902224748069505,0.631890574547009,0.0949460133105856,0.589062476482248,0.113647058372232,0.780281645416351,0.120532110327489
1.03927141251507,0.130515610718921,1.14229067650877,0.121698240263966,1.146258377854,0.217659840207524,0.607441261058077,0.25331698947394,-0.738793255827123,0.207856159113484,-0.914792968603416,0.0144549453338139,1,-0.885379610997061,-0.00503294646739157,0.272774814966228,0.715160474592952,0.107824725848358,0.78210280477375,0.0960053088776972,0.694764694626863,0.109382624737078,0.726731100668024,0.115702934519482,0.823246294537379,0.122382139287438
0.851598193014121,0.107668891268594,1.11562954461936,0.123357907350385,1.21186673637796,0.212620405096281,0.549236793789865,0.211682785518131,-0.815844225725156,0.209304091867477,-0.881797192917704,0.0181555479864128,1,-0.999999999895028,-0.00987529726720315,0.236267550503837,0.779207592141611,0.101391410326401,0.627007141928175,0.10352109638399,0.688978793746919,0.0956831447317059,0.701421995403651,0.0989876350843846,0.532930086144163,0.123188626272254
0.951202212202239,0.115833734705443,0.981834230769888,0.113775216163322,0.930396115135921,0.177033391022436,0.46570035117834,0.240603091447181,-0.60602163264783,0.186487227211582,-0.908909788204056,0.0161839242664453,1,-0.920663445862744,-0.218637297882029,0.259577812545327,0.52371392418879,0.114181187517572,0.692025509274885,0.090540738218237,0.703932867795533,0.0999040387265158,0.826198232769734,0.102468384607769,0.695599281378954,0.129823936143129
1.11052597393351,0.140559211746283,1.13747051511396,0.134735342189952,1.10082081228826,0.227157002138719,0.61186482104332,0.254885272483389,-0.512802786122032,0.1735511357323,-0.902159853167171,0.0175164457537296,1,-0.624833517491705,0.219586844020286,0.263954517012107,0.725286314724452,0.100380356669494,0.662558495255901,0.104857200215608,0.806036696972437,0.112555798933895,0.719362083297679,0.133716471854658,0.70990698063248,0.139366089620329
1.02183725642729,0.109632671764808,0.886688600542377,0.114561960712398,0.776483510472208,0.14732638381692,0.606476164529137,0.233781476604573,-0.565919626834704,0.144658166314687,-0.90130608748483,0.017248600129519,1,-0.824672986641739,0.32946873784648,0.237027402894278,0.625921668491089,0.0962338079400637,0.64354352444666,0.100092366586941,0.69250110004065,0.103960113002196,0.668910203793342,0.119296979106866,0.51761961038832,0.137399284175483
1.07334368008477,0.124873183440794,1.04883868546567,0.135998831369083,0.940139188162618,0.172549635902556,1.03165474618006,0.350596414054563,-0.875534993683669,0.193161741587056,-0.909196829426592,0.0159520543478945,1,-0.889017357923361,0.0190669325558074,0.284419504134563,0.869309399890148,0.102885749242665,0.657666900478296,0.101055619110908,0.657030841064571,0.110773791392094,0.676740544312765,0.102970422685481,0.843584512143806,0.117960773494339
1.09993983845379,0.123887358815077,1.03575619240113,0.123028372787315,1.06528332248312,0.191774879828413,0.561841761098921,0.23745123908585,-0.614972535498566,0.18512139229361,-0.894399222385522,0.0173309966057243,1,-0.794906683285974,-0.100537276571279,0.292695422603339,0.773749630709061,0.0976902040599802,0.674844002485725,0.100405109028214,0.716411433410184,0.0995997033898981,0.806266572141386,0.103079560215005,0.626938237555991,0.140061686390174
1.11630955643257,0.115712978398579,1.04079660650154,0.121058336766932,0.95772183536895,0.17637491901358,0.375286699171435,0.236404246234661,-0.566875916765608,0.166617991116959,-0.900924492555628,0.0158536300438527,1,-0.945554848580421,0.302681095889709,0.217089215571651,0.725517632086242,0.0999328598328936,0.686838366606964,0.0928501511038329,0.761861399322236,0.0966662815612599,0.722705083170722,0.114019012826079,0.581296997138109,0.139337197950105
0.966643539033183,0.119408604196171,0.942111937858439,0.125804687394629,1.09330977686726,0.202517364260554,0.601295415671622,0.291444699207439,-0.528094844078516,0.191615701026827,-0.893581050737258,0.0186198259583535,1,-0.651322925826417,-0.124041245836366,0.27172292501692,0.733115434659922,0.0986637205820769,0.656986002426207,0.101390643082119,0.634039684336745,0.108814629025221,0.611258536495213,0.119038812300226,0.700452545223071,0.137594031862168
0.999417260695769,0.113579250113744,0.874925589037896,0.11624053700247,0.900266203144671,0.171617112414045,0.325752634962804,0.152504794503602,-0.478485114994381,0.158712428659351,-0.889343489333286,0.018502397380222,1,-0.883565988534161,0.099944948357432,0.22239531575934,0.508346950149729,0.110480904177662,0.624177417799603,0.097887210650353,0.674995673160713,0.0998310657883349,0.811988804902384,0.104657989664316,0.519062013040862,0.145970766925966
1.09133224190957,0.134365170376482,1.12524943820801,0.154553971742764,1.14074630043697,0.240902655762291,0.693210974340006,0.329878094290683,-0.662477074952267,0.240115502910215,-0.914045940317527,0.0175858162503828,1,-0.744978269485087,0.327506686487651,0.270338347441491,0.60665628745537,0.123467042232788,0.672203930690061,0.111075186812189,0.856076249066207,0.111008089589823,0.715393672349298,0.120003019111662,0.660543864125353,0.131753540819079
0.895536771151535,0.10024135092416,0.895909909804175,0.105193250584674,0.885650389192097,0.142325458667217,0.362229634579791,0.130073797413191,-0.566399873477983,0.123600133281953,-0.874545934193754,0.0171035435719857,1,-0.9999999997403,0.208007191449037,0.222598244183455,0.620693982366137,0.087281771075627,0.602688506161779,0.0859134069617127,0.645875324975911,0.0902829175026012,0.401512773374878,0.114635973670759,0.732028910264822,0.117749428634067
0.97987913485259,0.115044340332323,0.929340540036174,0.123925305305907,1.17785233922591,0.210247062977728,0.463917824484812,0.217198725881387,-0.738116723125439,0.194412537518312,-0.9185389022345,0.0136718950932714,1,-0.998525340996362,-0.182196273355979,0.215345364954285,0.697295027662875,0.10131894944334,0.875381858951072,0.0871489305028363,0.729829805970313,0.0999621079219616,0.75506325000217,0.115995641938044,0.642860851942728,0.129500109545069
0.75696192664463,0.102467147841411,0.98429942632763,0.108205464630625,0.921449287624886,0.154820034289375,0.373641132309232,0.179555559468006,-0.459955203136261,0.145016975664858,-0.882478643325891,0.0181794853147012,1,-0.783885221831811,-0.383909496940011,0.244206784290398,0.591401028596404,0.0996828265267976,0.713990927854536,0.0855573053840518,0.513881961265829,0.100879593093837,0.599092925653492,0.103593322722293,0.835121337991769,0.106426841757596
0.959610791489518,0.116350272004989,0.988116194513555,0.110519631976349,1.10569856368685,0.2021715055259,0.242331376682931,0.180021381318043,-0.449068845619561,0.162695796574229,-0.894478061598512,0.0163905043438878,1,-0.867540441684475,-0.229588233066751,0.243749613615552,0.777462410120317,0.0967937041626511,0.788495996978681,0.0941908462776598,0.445553639704128,0.118599148267232,0.777192599269912,0.109753876671699,0.737551637449571,0.124893484835263
1.1857132651725,0.141328322574473,1.1140959934452,0.155303382946711,1.10641741369905,0.208506563824642,1.14967943746459,0.364879351721081,-0.917224078159518,0.194728075777644,-0.921617872998686,0.0138170481598069,1,-0.813256538717475,0.0198401425743068,0.284191045280926,0.919610131685483,0.101694043779433,0.82455631962654,0.10373129270813,0.837707915266104,0.103510125916624,0.619964836026265,0.129410261816534,0.83939470284155,0.143865265310377
1.12715593433834,0.118547928332865,1.13803150576219,0.121816734062053,1.0453013255283,0.180647750940289,0.496793685722317,0.24083719893638,-0.629322002308902,0.180008046734571,-0.867714567639733,0.0205241842024976,1,-0.873301350123774,0.116325336667252,0.235832207850837,0.763717077586072,0.0959086388333093,0.699865462906051,0.0911706720413139,0.758974653963896,0.102755494309528,0.778239719497224,0.105946729103487,0.784129299480734,0.11438530756478
1.11033333681618,0.139101511491412,0.949933928415626,0.112044358167017,1.09860026854955,0.210891884961592,0.451968370013266,0.228527266954884,-0.687716493793623,0.197756715684903,-0.902237083169026,0.0160469630737847,1,-0.975967978117937,-0.110078711877935,0.287621296868394,0.715382705704592,0.10513256490767,0.890967159075693,0.09613921885266,0.644913445628016,0.106565195767134,0.783939791783739,0.105232477986228,0.64180665399101,0.136086145654768
1.02355195854649,0.117806076286252,0.968725179141904,0.13353421447403,1.04938313237554,0.205237078871971,0.958563592904779,0.347495557113611,-0.928472938610954,0.234721471304018,-0.894933095384884,0.0179166761641082,1,-0.925745789914242,0.308313256521438,0.253517378281481,0.672272578799653,0.102011284332499,0.742962364181822,0.0978286923981647,0.750204300648738,0.103467209383758,0.618375379498818,0.133599710858263,0.836407602796535,0.132219973305204
0.941522574819954,0.113964611898561,1.1609404451748,0.123695550698005,1.12631241093632,0.190141269507244,0.788120432352482,0.275711907572819,-0.942162312956415,0.22318108029527,-0.911289108499958,0.0137559368999649,1,-0.999999999822166,0.258495964464236,0.260432104849075,0.569166561501006,0.101838912035188,0.845933030151759,0.0785851870179362,0.829443261027843,0.0979024892295661,0.672902048953971,0.112610263915196,0.670004640939052,0.145150856852787
1.02435086671449,0.116160740863711,0.901010213887803,0.113037233471737,0.883226305323566,0.148918832755475,0.320996744602368,0.135437235240572,-0.532459170975402,0.141745574856858,-0.90185550038076,0.0149110735859129,1,-0.999999999999596,-0.0376101978345483,0.263318032081167,0.652001454335008,0.0945936442306074,0.735329160034688,0.0888839261541791,0.614336672474043,0.107994551374957,0.640200141786827,0.103349216026855,0.722855889725327,0.122756547384046
1.00715319893537,0.125719134842045,1.14980315389539,0.124647378170205,1.31136755569324,0.215953532204858,0.531232439760774,0.217030740155563,-0.834650217759584,0.211379027434553,-0.922413833250473,0.011805072052169,1,-0.999999999979959,-0.099922343213406,0.258234328070797,0.751312628289971,0.0888808699325745,0.706621706939387,0.092967977905483,0.81987002019096,0.0886296102175247,0.835081391179533,0.112167774532064,0.559091499991469,0.148392311174341
0.938159477180011,0.117748659498134,0.982401184361172,0.115123793410607,1.03883314427437,0.177765864131934,0.584086363684283,0.232472492620043,-0.683007995853028,0.180388566377714,-0.902187761521603,0.0153363261466992,1,-0.876827890572411,-0.0289615600648365,0.294205629346316,0.695304941274907,0.0917427299844584,0.741618435580384,0.0908169269194792,0.62671704996279,0.100799321701004,0.667994103292772,0.107210682766718,0.769096634346437,0.131424728358391
1.17471160850013,0.129207329555869,1.04172891710109,0.141624460295356,1.02535542406713,0.193575864635741,0.786506582223696,0.403598439852797,-0.847265948792521,0.257128285134886,-0.932357658191115,0.0120748522035235,1,-0.943477082293985,0.708165794062698,0.280809357403306,0.566175119342779,0.121266882072821,0.741335332077398,0.10977255712385,0.694694500622833,0.100845345532229,0.905645392954971,0.104339133211181,0.783282742516422,0.118428827339365
0.93403284513635,0.120082062166783,1.19333717488331,0.136146292034122,0.813875172132525,0.155665401957503,0.599988243251724,0.241724918463117,-0.573657936906804,0.168645601410601,-0.900570711251687,0.0177960940679599,1,-0.820923591222381,0.322524343082058,0.270201764204041,0.566628959276819,0.110001171622689,0.762499493604235,0.100666725653489,0.681898084798773,0.103988457911182,0.719749250462539,0.12144967871738,0.553605760412261,0.157298751555982
1.03668457013305,0.123745441906363,1.31558432897347,0.153131841822622,0.990236732353525,0.173734951279142,0.588274758659689,0.289355827179328,-0.646865478552549,0.177792009646515,-0.915280419610795,0.0142716737741318,1,-0.847528578321944,0.365279799111346,0.299502007408666,0.634836612857827,0.105633756836039,0.902134679627159,0.0929255460722063,0.763103268153099,0.0975598531676765,0.797470337546987,0.111271147252384,0.547154824404479,0.153995394349311
1.1768992214808,0.126175123783306,1.05680949446285,0.120252593578669,1.21849754447705,0.203773077044523,0.419819180216782,0.182480040484419,-0.715226286022721,0.188439261951016,-0.91260198402755,0.013169324237826,1,-0.999999999999353,0.103762304156257,0.257258411092448,0.801700370712253,0.0906644245319294,0.700567553544625,0.0887056568931711,0.778419390948852,0.0916752405890745,0.760921621824272,0.111846144213941,0.820995911633671,0.128554187793936
1.02390736448608,0.120822397981481,0.985948774120932,0.12222896857506,0.879772377009166,0.1653305529823,0.656673180283468,0.257978428512913,-0.636084314220177,0.175375044059697,-0.885800480841889,0.0203588095403826,1,-0.836863999135264,0.159255244499827,0.261708575499247,0.725691060387871,0.095895121398803,0.6639972352992,0.0975911805237446,0.710431691724981,0.108243208319385,0.554443249012077,0.129885252146351,0.736300649538808,0.128481122599552
1.04329450295765,0.120696679160376,0.905682831111283,0.127498062538323,1.28767570965992,0.220019214674918,1.02029464042894,0.331255692330289,-0.985932936641589,0.234503697690557,-0.89660453552523,0.0167838750069364,1,-0.860164115876046,-0.54444055904459,0.252946607876958,0.824323638719384,0.0950853370960804,0.787687511950793,0.0869359117602392,0.701754349009013,0.0955963463871112,0.748935661873316,0.106735296018143,0.745465381033935,0.122681147199048
0.888538549426296,0.104169257419714,1.00962809939168,0.119287721264704,0.88647725017141,0.145229903279328,0.685131049766915,0.280709900982047,-0.591079676268368,0.169472256905492,-0.899201669087145,0.0162942664007908,1,-0.758447290979571,-0.366755982429675,0.238102926753629,0.805884455836464,0.093770825105417,0.606516955912844,0.0887700465245871,0.809518556314076,0.0835811762953222,0.590606156817243,0.116031733968464,0.697729679215146,0.129791179551181
0.941779181380579,0.0973907387219315,0.876245450606635,0.112058144502621,0.663589885787259,0.116268275555624,0.356946515360302,0.153597687525419,-0.486688912302454,0.133758145418506,-0.889106532555953,0.0172131850513598,1,-0.999999999995867,0.0635581519054786,0.213806376986699,0.618118659102678,0.0951306320116719,0.673905515660559,0.0873740877817582,0.64354973595237,0.102233066764215,0.639582846899967,0.109919878362016,0.645179018757355,0.125563681939031
1.0310946633808,0.113870154392367,1.02446536792402,0.112379633323627,1.03325969479891,0.176127818635177,0.479085335975098,0.20714954841273,-0.703576270187949,0.18762562650727,-0.896714756154557,0.0160230458782394,1,-0.999999999938714,0.0915133041705001,0.25823975615186,0.526146155712121,0.107059398804461,0.686417284931955,0.0928480285117302,0.673768455252975,0.0913708985753882,0.601747114754814,0.109845177992536,0.63243778163335,0.129253348642135
1.22184393317538,0.116831175163815,1.06679854994742,0.122642769722477,1.16348805784405,0.198066623778624,0.487250199996561,0.170914000880235,-0.627555029372674,0.184940713486129,-0.883985291653264,0.0187086678097747,1,-0.833479334783548,0.424627397634469,0.257420210158757,0.691611941748959,0.102732974598064,0.531118053749594,0.100380915500698,0.758044498900762,0.0898659446122801,0.848431773958529,0.0935817860611817,0.66639165031269,0.12450852667347
0.86053646294018,0.101012328435722,0.840765964729837,0.114653012576228,0.642812464001825,0.126099446891594,0.365378308256931,0.208942725346324,-0.438025412251827,0.126065676294219,-0.871036571932753,0.0212542662617178,1,-0.903827980917276,0.0422108430707261,0.210116281270516,0.633731339495589,0.105066881114112,0.586630832378628,0.0968614775550924,0.48707284000789,0.106991417041643,0.513458512771324,0.119387934419665,0.599030304519124,0.128211455477418
0.990233311098724,0.109671914778675,0.828535252404586,0.116259539467533,0.812085180680378,0.143201252108263,0.616167246724148,0.288288290424026,-0.615714415353164,0.169195467624718,-0.884198099424999,0.0175713372757832,1,-0.870420727458819,0.259626889016088,0.240835879327017,0.597924791946647,0.0929647145145271,0.515116864742032,0.0932282590696015,0.809883690538485,0.0917073742006125,0.543717335859152,0.122811138857705,0.676193775515108,0.125721970350625
0.989940177464287,0.112230660411805,0.953817031588223,0.118410126306156,0.755150926078943,0.14403725368322,0.482013610389353,0.219208231310874,-0.522812536177276,0.151868212738384,-0.873647784780885,0.0206707975968972,1,-0.866561644167864,0.276992307097853,0.234972984342612,0.631486431161931,0.107678296468743,0.586288933184468,0.101443841922512,0.661718843449575,0.100881537779215,0.632372522719335,0.106121002833574,0.654904669022253,0.124859019483775
0.933525066705204,0.110377830905903,1.17832354813776,0.129922776448848,1.05378376885889,0.171807748970675,0.741154790737854,0.264151269333665,-0.88375159896063,0.203930748032889,-0.885820115837413,0.0177394010165744,1,-0.999999999983299,0.0178138254248292,0.228084771075054,0.659989426502612,0.091418466187509,0.907003434515707,0.0754847988559875,0.656427819082148,0.105936860280663,0.527743601787612,0.128996733966582,0.644302772065928,0.141287320512456
0.887579303420675,0.113489500115948,1.12423640946579,0.142956235975427,1.03120100345237,0.201153787482291,0.850924064478305,0.324783908459104,-0.904916632265821,0.232507028121677,-0.900927456723215,0.016974592616756,1,-0.966031980919538,-0.15410752774182,0.234667323217395,0.565812957876029,0.114808452770361,0.705081531751333,0.0911269170721263,0.647753552458263,0.105944864906522,0.636402534693021,0.116903985958392,0.532329859688761,0.149752246466377
1.05496770106007,0.126604139270908,1.10124422083652,0.141997985879255,1.2383502556776,0.220294095315564,1.0708294546972,0.324466429905943,-1.03188580300839,0.224701603660277,-0.909279473809075,0.0150993787840875,1,-0.896086086254077,-0.616263245807484,0.263810904584427,0.788204405198922,0.101136802241888,0.794758511810527,0.0960161996241095,0.776679281535323,0.0991572042028848,0.85232423812763,0.107671967335313,0.780419999704294,0.131986267130674
0.874341944989766,0.10166646959584,0.832893549944542,0.12024068506168,0.651900715762499,0.110826970526709,0.500643666756762,0.216074185582573,-0.508232646676548,0.131656743372682,-0.888445996153915,0.0173898670364464,1,-0.889625999087305,-0.348898723361098,0.228701306326109,0.659900506193953,0.0877300155220256,0.66499015692647,0.0869680516047658,0.574339979393126,0.096550217581622,0.418044933779886,0.12336423987294,0.620500655272689,0.128787683150632
1.02132961428977,0.116908806817839,1.0448222106734,0.122154116040224,1.03174148749625,0.167828408727129,0.743679940172792,0.251922689390693,-0.731473948588626,0.163488367527928,-0.887595594325139,0.0159830578071389,1,-0.835065194400355,-0.16134260703475,0.26721481993208,0.716570369638716,0.0956069576786886,0.505583535742371,0.0995233720841099,0.767991910618169,0.0932120501917348,0.747064901191928,0.10311957474281,0.627530093723148,0.119023343540094
1.22198310835469,0.130818388312379,0.860108723078002,0.126434181611762,1.13817828462779,0.217454887397328,0.758144741600565,0.331437986197054,-0.868122089651099,0.205768951402083,-0.915858765492752,0.0150574933054296,1,-0.934543660667341,0.231456666712624,0.239524440753005,0.77500010308901,0.095928766976078,0.705850472285539,0.092440998149923,0.851477933998851,0.107522977124205,0.625415501614257,0.122972300216849,0.798567131865356,0.140360348680364
1.01226056472618,0.127711230821571,1.00627538668159,0.130818800678877,1.07193607050016,0.193016998209959,0.655265482467691,0.269312809238437,-0.698879863590876,0.200376821744705,-0.914194611045718,0.0141655278299271,1,-0.833891293454036,0.22054322678266,0.258372130679892,0.578089216115014,0.107371563082447,0.601046705197824,0.103992712059627,0.726899949020807,0.0933649184288982,0.75519760590213,0.101563643029549,0.711885225796491,0.139867517397374
0.912306659110656,0.117127969513484,0.963203931712338,0.118993515639823,0.682895351038879,0.133355877457862,0.528018912039502,0.218539087429706,-0.500617649962879,0.133988564495866,-0.875514003322182,0.0214879606340748,1,-0.833689516090892,-0.0564946681416359,0.280618170174231,0.565515590460395,0.111719430168094,0.644380852366955,0.0981724686071732,0.397279102382267,0.118515497489098,0.659871490387703,0.105961641119878,0.581666286553048,0.125968918720421
1.04060881791281,0.128287220756275,1.09291938196872,0.134919456769615,0.936095654707878,0.193908996127222,0.567325718179996,0.272750006009122,-0.55580722045007,0.190309363154131,-0.904101111523802,0.0183106543032868,1,-0.762689616727263,0.321989766140302,0.255819814611696,0.774794457255038,0.110743024048901,0.712226083422619,0.106817102138936,0.821650179234194,0.106928916379031,0.62166978051469,0.134333521884582,0.738418893127463,0.136282819371466
0.878866037819995,0.110804015474082,0.947847100512659,0.116010423178037,0.806077307120059,0.151243070331314,0.552107170897364,0.265332312795026,-0.563031695427263,0.158841443847578,-0.908287316049781,0.0155974323121389,1,-0.843981257750688,-0.502416397099294,0.275113328257795,0.751272781964498,0.0925744542311216,0.696511953183633,0.103264678871272,0.589638452698212,0.109513280238394,0.753559281090799,0.11112512478729,0.590702075248818,0.13464665477967
1.0145753362634,0.104808637144327,0.959506504114266,0.120902184070516,0.907440225314664,0.161670933965877,0.679106392546533,0.246198534367889,-0.785014941090915,0.190682922813886,-0.849372463294161,0.0249360978593814,1,-0.999999999895268,0.122320736040593,0.234160550754283,0.502532424191152,0.1011257851883,0.701091635665258,0.0923254158291159,0.700122331672747,0.0967018765907603,0.615999152959768,0.111822383520029,0.684017562194754,0.127095345837526
0.929350067486842,0.116457874575643,1.11564161898964,0.127589595476793,0.894216775961338,0.156814662888935,0.53691453096979,0.21278224687159,-0.431624783134286,0.131417602926578,-0.888650778940595,0.0192517399268398,1,-0.622920161688022,0.215267710971014,0.243705147282718,0.713761026621643,0.099677735236749,0.581305832720396,0.0993417437517911,0.676806113230041,0.108740436390159,0.703981169809013,0.115184419805618,0.680442991380583,0.130151619087262
1.15419956872448,0.136917859033346,1.06419333495337,0.159118603693039,1.35735348281894,0.256796400041872,1.06824399072666,0.342776253772694,-1.09575659038623,0.266216438164188,-0.912415299980637,0.0154964413790769,1,-0.90998111905068,-0.215394991009435,0.271299824554846,0.88233637191032,0.105174836291126,0.608419318909588,0.107696454141998,0.806613923445604,0.0997746858639862,0.88289773726099,0.102830282046047,0.885491338382031,0.124115965578094
0.976290208549674,0.118843472657814,0.982437349477766,0.131229326798575,1.08026118165825,0.196789385935705,1.13000853993853,0.396843265896114,-1.0173264697225,0.221248644717584,-0.896827553409336,0.0164576468982743,1,-0.920778344117609,-0.193471461794417,0.247834058544188,0.717097151932758,0.0962992085977337,0.797750432609061,0.101941816206876,0.710785449897121,0.101263238880554,0.787132164180445,0.123135745708855,0.559902652792538,0.146763969357103
0.990691643529898,0.110472554949049,0.87613046870764,0.0977204051507523,1.06451319552148,0.162916536589789,0.475848284872354,0.170566622760478,-0.711720995831577,0.154798223200609,-0.896776568100574,0.0149186539645005,1,-0.999999997625694,-0.17259931160996,0.232354084255529,0.586636902039003,0.0952544529437943,0.722077212607969,0.0760650900652722,0.802486022167585,0.0841844092937566,0.790012259255403,0.0947463261567944,0.593293225698276,0.137194167742857
1.0173868534833,0.122928786632112,1.11363209692429,0.138311260601717,0.950990195983672,0.172043125191118,0.774882941811568,0.280381625691048,-0.650593582308081,0.182116284242151,-0.896754510960322,0.0178412510335426,1,-0.757885686181049,0.0733281798057969,0.262208207643634,0.795465819997137,0.104416170785378,0.732793402694693,0.101756316563267,0.687516190385403,0.0977081720325213,0.757548011495263,0.118647815079187,0.664601179457486,0.157979738274781
1.06982352289952,0.110124807248347,1.03000819543509,0.125150506839449,1.02650043572948,0.180760475674258,0.440519532968916,0.183305586006057,-0.672453338557319,0.175726203067034,-0.884578345424592,0.0181780980280609,1,-0.999999999996622,0.157776316148886,0.233581666096211,0.616856340643144,0.101003266206019,0.923481607550758,0.0851245024286363,0.552005182844904,0.106896740636577,0.744127343121462,0.105517652197277,0.894132948222901,0.124852833914306
1.1189032684529,0.14059757685133,0.951833401765426,0.128070326882296,1.22826358522021,0.24020776829074,0.471434870161901,0.243349952022718,-0.499162971997351,0.187964497087732,-0.894671637106377,0.0173213456615809,1,-0.655972635017972,-0.249960955507932,0.279509590186248,0.858241098928411,0.0983362549589475,0.814898030994649,0.0977316108299291,0.627586646798405,0.110585648305543,0.825736631015325,0.116039375334663,0.786046484927969,0.1301392800883
0.840821728494681,0.102473980066925,0.919569965674643,0.110295668347443,0.648681633914783,0.110116419455276,0.491526849825449,0.21460641331275,-0.487986825035367,0.123397072389815,-0.857968142783789,0.0202927574469592,1,-0.864208776895805,-0.0766895967353062,0.232665759846976,0.572175290209123,0.0929025950243189,0.531680121612147,0.0854363033830449,0.493863686856686,0.0983031249094159,0.622237767286842,0.110878248205095,0.600963344113005,0.124992010882299
1.10656834598915,0.121066975816552,1.05018845623346,0.120788942997068,0.9725527027688,0.18292707650032,0.55739635404773,0.227032067213867,-0.643121032205393,0.180212403586159,-0.897944064196108,0.0180003177816442,1,-0.873482238307056,0.15523334363267,0.277244866186462,0.650348556858489,0.111159306925823,0.80004293481945,0.0971030423724283,0.712728362917086,0.102860170571398,0.733307865600765,0.0996936331023859,0.619797486074341,0.130900675765779
0.864025154158882,0.114928921696981,0.896911900998812,0.108462375445107,0.857764971371195,0.145243200674301,0.300947865550813,0.194191532658291,-0.489866880528606,0.138532461529203,-0.862917867499553,0.0207293700489153,1,-0.964158181725905,-0.360228484318786,0.273325646668383,0.65231438501552,0.0974761801432496,0.655488398406971,0.0973190041262372,0.623275274305144,0.0907906265338839,0.546462610812501,0.10727809306834,0.556359275799544,0.128036483194318
0.749794045513626,0.121178184971631,0.734619046722371,0.121715422455887,1.12626741166072,0.225435707493069,0.664868412246176,0.266038959228423,-0.614022647744726,0.208285885362375,-0.904644232700776,0.0174622253936511,1,-0.709570874587247,-0.554777007102719,0.268363448603319,0.782272830403176,0.103315435614162,0.656103489180019,0.097562716131353,0.820469218027165,0.108776663973306,0.54180230935247,0.136424491296997,0.879404770240226,0.13475580853395
1.11319851946611,0.120695218662652,0.91186627277607,0.119449282579713,1.02056823201143,0.197848705243733,0.48487923215609,0.228567359534654,-0.669289696719893,0.189967043738535,-0.890162070581278,0.0191158408732387,1,-0.951428868902426,0.0687698346561552,0.23458178641807,0.724781314611228,0.108998209946762,0.607705689386638,0.0996489967651279,0.747387784561303,0.108717698448134,0.505963246480578,0.132036608377695,0.777952548926323,0.113225940579847
1.09809285600947,0.129099128072323,0.963535867826759,0.123633632713869,0.948636926000202,0.182259519968578,0.465584825849071,0.264997784804904,-0.461398022738139,0.159485086550302,-0.905446789454165,0.017106119975227,1,-0.694266655765495,-0.130236026868675,0.293535529830839,0.677748434869809,0.110511635622227,0.745173963251366,0.100706733350777,0.759575330189459,0.102852852050196,0.729576692954149,0.117564393345132,0.766868521370538,0.122937356185986
0.826009967313041,0.115355965572329,1.0046515176861,0.121235491091943,1.1580338992706,0.195969761168695,0.5874169273385,0.228491606585956,-0.824771916843959,0.207796824707538,-0.901627035057448,0.0148440482688698,1,-0.999999999964056,-0.341517279965097,0.270717440870527,0.722741875600386,0.0909113292667604,0.659866440431315,0.0905071576888038,0.755598495635539,0.0903135661224937,0.647564142406266,0.108995604065952,0.706914718782521,0.134064002174327
0.828509455117279,0.125613474549914,0.972936544992607,0.13296716133231,1.11787602666449,0.22273662597988,0.49998964067037,0.25716298874391,-0.699842542412651,0.203395784789774,-0.854942066189952,0.0237631678303771,1,-0.936101658418649,-0.26582131072903,0.294041304914815,0.665613797596155,0.110333142649202,0.642436928621004,0.0962785566338483,0.770536588418655,0.0980809526767062,0.412407742814617,0.133054200239732,0.559632936191914,0.14272624625337
0.96726474154462,0.143549377776407,1.13064641853606,0.149831013554513,1.22499585273454,0.240092192064559,0.55102831684592,0.286327666802254,-0.678081008888389,0.230857408519144,-0.9211558978327,0.0142664289048423,1,-0.825329395080037,0.126993806162509,0.314817115801865,0.741697197869371,0.102541416415595,0.767710396926998,0.0982588730847869,0.830476884769043,0.111801704928379,0.689175600050897,0.13528768457147,0.870257105464619,0.136732624306876
0.935956968862928,0.122102995602651,1.04333836502329,0.121980513668439,1.27447491667699,0.207687534281578,0.708276757265923,0.273235857687195,-0.898066531578622,0.202791979596769,-0.900833224870391,0.0151953575626486,1,-0.94523843052165,-0.3856964420251,0.25697549130567,0.90611232881712,0.0874425535283409,0.839236654189043,0.0918337866934223,0.670869856305032,0.103183712978633,0.790436532266226,0.10084378545575,0.616921367464773,0.144311180001616
1.05004278188534,0.115617205229696,0.995183052406177,0.119915276444142,0.954069125330217,0.162842709315252,0.405958811775271,0.182452051438861,-0.622344573614072,0.171835004236404,-0.892006569599797,0.0163155578271474,1,-0.999999999788742,-0.0345728428810106,0.246078925027184,0.828725413865021,0.0878210501111906,0.697362535578429,0.089161396977453,0.626757762166474,0.0925005087864743,0.689659370638875,0.103596406415631,0.580073304448681,0.126083685756951
0.819333940826647,0.105544607835427,0.946097515773928,0.116023076201573,0.848633151387197,0.147500474163759,0.794370021237482,0.27408048692803,-0.692094509651526,0.164360562308839,-0.8757256292535,0.0183145997043455,1,-0.842934801294753,-0.148532240113534,0.219772032348392,0.661765546983409,0.0917464518440165,0.465265156557516,0.0943198460957636,0.657304704599963,0.0936362026397295,0.729447317487326,0.110950636867763,0.662890010573903,0.14474576482834
0.911139738664513,0.105132175217445,0.862498047392688,0.113587422886675,0.85361587736046,0.150298603774178,0.561612107209879,0.253466584086938,-0.582202697652054,0.165002181802312,-0.851507847924467,0.0221336095742734,1,-0.840862026990872,-0.151036467153448,0.232656668803619,0.674560900836752,0.0919216530649264,0.688179894682318,0.0833931110388513,0.515418731861098,0.104032161538669,0.642237593642734,0.124848232788239,0.762445809248082,0.124474515225392
1.00647120444744,0.110392521002761,0.972523572228998,0.127215355963396,0.857001044990786,0.160174608310829,0.393321907852495,0.233694780381533,-0.39387476733582,0.141246655787871,-0.87527537820833,0.0196979240227907,1,-0.678411834539846,0.204539706921443,0.245439661070442,0.567362729070695,0.106259053877862,0.810195282562564,0.0893333707260287,0.519682738213148,0.116583358388902,0.552984536816986,0.126676692076309,0.738491917089696,0.134412287630074
1.00998777797155,0.110518195262464,1.13387713448466,0.142318183235167,0.898802269359766,0.147501316433982,1.1290679905215,0.38439520340256,-0.883077548029034,0.193926876722827,-0.907986480983866,0.0154531474671055,1,-0.876610595000784,0.278969813317681,0.258273629068973,0.614650092847884,0.104172798372135,0.826489662332195,0.0825504192358974,0.771604433868983,0.0946742926807,0.671327471866447,0.100471414256735,0.822070835840996,0.128211395818599
1.07462534207191,0.120800507940401,0.915478227251413,0.133902717297175,0.921928215842643,0.160968839892862,0.998935614045704,0.344018955911134,-0.860801533535353,0.212133359480335,-0.90805242299896,0.0146901199995867,1,-0.896986135185598,-0.0681183949405642,0.249340045451686,0.741839168397612,0.0912767480046058,0.855104049696029,0.0896447773724467,0.680301166439026,0.0993854961302312,0.768448540912938,0.110300422246442,0.700480438298283,0.118959536765146
0.864166990740693,0.103644952900214,0.740386231458344,0.11148850645931,0.861250893354232,0.152315082742706,0.435717310910268,0.247371662504961,-0.604441764799579,0.163684990025923,-0.87662347109813,0.0207115703856943,1,-0.986704740895459,-0.251607352378234,0.231254591035109,0.659597247573872,0.10647180862351,0.689101176157259,0.0927961785759962,0.700059930958093,0.0997352605417376,0.639621466398677,0.118086115326193,0.637491273739966,0.139453440807282
0.943128347723286,0.131972098311237,0.98501939355897,0.140731680962849,1.12943571960925,0.216232410384651,0.647962631584065,0.316428404770397,-0.607942315153306,0.220501258052892,-0.906692050863128,0.0158727815684977,1,-0.710651428604419,-0.298584536113591,0.265089575091896,0.78336122744815,0.107086826958874,0.754895280302089,0.0952230435109978,0.679400121921957,0.115697738804919,0.79350071121717,0.114080647826412,0.759227680381965,0.12614122036434
0.877795453285157,0.106803874667514,0.898374083134414,0.118783394524494,0.812795424572133,0.146978914014001,0.456680464241868,0.223932536236831,-0.558379904975408,0.15867238773279,-0.877940199465121,0.0205562860076524,1,-0.91650099003373,0.268060863499479,0.234251509242124,0.614314034161721,0.100756458371921,0.672562377099075,0.0931752237569513,0.304170059493041,0.116653877555133,0.731040868156895,0.114383302251203,0.62108393667278,0.130442756404544
0.941987162668703,0.119186565820929,0.995585105370596,0.110133816747871,0.830811058402158,0.146478969846034,0.342691258015923,0.155694623387168,-0.516736814198725,0.118022991079021,-0.89223259655515,0.0177250980942794,1,-0.968426703445675,-0.0726577224820566,0.269965859305055,0.608349360892916,0.113169543375254,0.607748898306111,0.0969762026409354,0.589435480516749,0.101288847736371,0.762714848540162,0.105135127796958,0.510227772471321,0.133903559045768
1.14763208631597,0.126568038897131,0.909182220080461,0.13243589536313,1.11521780608107,0.207569079534425,0.559170676835729,0.261749419259749,-0.564728005524266,0.182955876295653,-0.883027479482353,0.0191518367735642,1,-0.715133764810001,0.173991572748737,0.261983022557698,0.752911307695448,0.106450233808082,0.660794669950014,0.105300807052614,0.744577893951685,0.0982748627350668,0.700083327515027,0.115345428023721,0.688260399797693,0.133474302823622
0.963387906870394,0.114915077924586,1.13463009468743,0.137467622686056,0.887862093428912,0.161586728102279,0.771431044856146,0.321860575719465,-0.705208444877159,0.180559641802682,-0.910921662493146,0.0151149762631628,1,-0.852111037739591,-0.00950179275555174,0.269157614074097,0.732029897018406,0.0998782073804441,0.700313593012441,0.0870767918309858,0.674659369765892,0.0960962735648945,0.854018970444371,0.115104689802762,0.539674572571899,0.152847436662873
0.899746117876759,0.103666448763765,0.908271681554113,0.103388457142367,0.757911650905708,0.131104459655347,0.361386030768751,0.176940570678541,-0.510840883523173,0.122862005555787,-0.876720102257735,0.0193763465557619,1,-0.976091824381959,-0.0969758228666827,0.228605638324617,0.519196929583802,0.0983313874277726,0.587872347936192,0.0988561759327203,0.634899062023222,0.0937734917799696,0.616907651838357,0.101063023640431,0.6346713426838,0.136679649589212
0.922007532471631,0.120626820025138,1.00993700961715,0.118761935407811,0.789245227330978,0.153105743387939,0.390064260360396,0.20652126858969,-0.409858529344613,0.136858729076103,-0.886494222232137,0.0197040084303898,1,-0.738686080221742,0.133386499759794,0.26961528901423,0.672619930389231,0.104978548542518,0.528980941088035,0.110522637898251,0.678513366206232,0.101721054479474,0.635466604661802,0.118729076276919,0.771485314890233,0.125834140787797
1.1099531198123,0.150057859053428,0.954636721517287,0.139345785361825,1.20390611017234,0.245448650497722,0.746002116583207,0.318180761648321,-0.821475361347997,0.240223170792271,-0.916946190118279,0.0152545206063642,1,-0.866818562488172,-0.184194659873113,0.324313101678721,0.755424660009979,0.118008208409368,0.78848516671885,0.108129725725988,0.675054637675794,0.119876542136289,0.801004538824684,0.119028290301084,0.778186904020302,0.119315143575307
1.16800182897569,0.120213240418192,0.85916964058698,0.112250072003523,0.909240368773197,0.15197443988199,0.543527570488435,0.230726202578881,-0.635501513895396,0.168836983763586,-0.90364041336666,0.0142333729144345,1,-0.903995868095174,0.262129717423842,0.259020625555866,0.475172281001845,0.110859144893862,0.706142912507368,0.0885536122400552,0.652673974775576,0.0970174059009288,0.738651161340033,0.100138942514593,0.804471632116848,0.118679057782132
1.05665040291252,0.110420827059002,0.974361328561107,0.118626065961997,0.984771489719727,0.167155226550649,0.313422049307926,0.182153779786929,-0.555561966307881,0.185576301857326,-0.895671919037442,0.0161512168446198,1,-0.999999999999842,0.136801878649536,0.227325419325497,0.642633403674335,0.0975297754750904,0.541527285500353,0.0924801318500053,0.66191730491876,0.0926391490523801,0.550639480931729,0.110097984643902,0.794664732246732,0.115771382028452
0.908358189673473,0.122129049155068,1.12254836875516,0.136642332148128,1.24154368007679,0.221868793913798,0.535387475291416,0.272051456570008,-0.755860361799947,0.225418438707447,-0.909098506668919,0.0138480607745796,1,-0.927099753613587,-0.404570126350601,0.265654638778824,0.735686513144555,0.1025627713092,0.662118270991004,0.0998898829885787,0.840005773157971,0.093436144662909,0.81656082928713,0.106419337488651,0.774216368418284,0.129137629965533
1.08431823497951,0.130809609954868,0.99088622877268,0.119996794542154,1.2729870724962,0.221380248503335,0.447929292927461,0.234808727144415,-0.704880341494266,0.182595576824409,-0.918216057956098,0.014218955334216,1,-0.933466355880523,-0.0715042601177591,0.240271823796421,0.765088255060777,0.101849498290051,0.692479286706785,0.103180103329781,0.742723309660491,0.108388130713072,0.788626050327047,0.109732442613815,0.792334353567785,0.120399742922742
0.948530110434575,0.113697122199973,1.26829751416598,0.14572473551713,1.0334420005756,0.184221746807778,0.77972235129981,0.320066130839373,-0.733367012348102,0.205124285720691,-0.891072775198244,0.0171701269175498,1,-0.816974168822622,-0.261524311956156,0.254502808329943,0.960043842872202,0.086034233865158,0.657036753797091,0.100309880338144,0.562693091721518,0.110215749346883,0.749717624530371,0.110466539221962,0.645643162505911,0.133602594270382
1.00135878718396,0.105159289961464,1.11962967358646,0.115547518751633,0.690371083475255,0.114361834779701,0.429719168764546,0.234892463884679,-0.466118147721338,0.134856393106622,-0.896741166281319,0.0160745083704575,1,-0.855780432848423,0.210592401007772,0.235142954660135,0.524955098590138,0.101931016296301,0.755431581512879,0.0877303898310825,0.631865021028113,0.097320293975189,0.687664194686233,0.116001891040706,0.459816846928569,0.132666998485977
1.1102793135628,0.143692121582376,1.03876169482808,0.133503090437042,1.32431023450057,0.249116876233152,0.355816559104714,0.22277753464158,-0.574306322808148,0.192455055964938,-0.902486178741069,0.017165090133075,1,-0.836634274103373,-0.0125920847658186,0.245686714150105,0.735112850878816,0.108885736919877,0.731444504634296,0.094355555974117,0.758655010452207,0.105286043986456,0.806220221013301,0.12332360845123,0.899768011491579,0.140350144283596
1.04720053338409,0.125592560626468,1.22000821298058,0.131531724008125,1.09516406716187,0.198904219105573,0.72613426959678,0.276233013536814,-0.8397155475095,0.195069418893487,-0.919915029334759,0.0126065460626861,1,-0.941638343245532,-0.133313648245603,0.269784987737521,0.793733559257114,0.104263305311739,0.818968340941366,0.0888251308015995,0.67559312593276,0.108426981282498,0.829978898163075,0.112323251617896,0.799622684358335,0.129698304263985
0.763473040675593,0.101104458582398,0.939407360434514,0.107609784443372,0.818686814157562,0.131510708291153,0.3769294393729,0.203297829778091,-0.472059640758636,0.136370661515061,-0.886250320213363,0.016849213874809,1,-0.849782815518576,-0.213332393884604,0.23338634055446,0.564822221070169,0.091937423454733,0.628088205950615,0.0876810072378695,0.556553612537665,0.0969707201350626,0.600259516856481,0.103524830955958,0.710145926191186,0.108587689339991
1.00848611554759,0.117669433111851,1.08669316673701,0.121883814072801,0.976880866638235,0.170961375938946,0.215338112595012,0.15546703994863,-0.443101576539562,0.165665206094799,-0.908215696426182,0.0147490017321145,1,-0.966099911608615,-0.022404984028787,0.265319410381307,0.831499752875557,0.0942799106170523,0.707637057900184,0.0943937061063776,0.827083572139406,0.0896260399993146,0.643923868616864,0.118561078194357,0.61365201693002,0.148629794070164
1.03582738308444,0.112606159074041,1.00635393059323,0.126271619731082,0.896739696770196,0.157029556114556,0.60091737311099,0.267125852456364,-0.603236871069794,0.167637795728503,-0.899812642385492,0.0141793431442637,1,-0.821764357955928,-0.225007739097662,0.245729124552394,0.668631989938214,0.103497309903024,0.723427551708555,0.0915843705413572,0.750805922956731,0.0897350381764303,0.714263221456091,0.101250177661024,0.580334565532398,0.134482290413584
1.06777391556439,0.139083650078211,1.20594671685223,0.153156741941908,1.54314448174132,0.315830311367415,0.818363551457642,0.408929501275332,-0.969666532653403,0.294896051200937,-0.909235605404196,0.0166400369815812,1,-0.862871196875647,-0.0880338492207312,0.313571131418246,0.792768213117678,0.115789468680198,0.912259139437954,0.114249735366953,0.857223341282054,0.11490102775838,0.751110708839673,0.118620467858668,0.719550240816591,0.151529257933754
1.09183205125811,0.117365128454317,0.880698338695972,0.138823887780086,1.03185776465634,0.185671449712295,1.01020255300066,0.319834147584764,-0.993747432555437,0.210645894462021,-0.893002761136801,0.0173039122495422,1,-0.973333946860134,-0.0810081360093168,0.246230148601856,0.767946330418228,0.0963109323671381,0.744722687209048,0.1015949945957,0.620235393989384,0.110164803567917,0.660731670842119,0.111378143630395,0.461492089356459,0.134676123462164
1.21297714686385,0.130500990782317,1.1742158721209,0.121634419902721,1.12156346971425,0.204918258123171,0.391571183307247,0.22886363810743,-0.421278420812259,0.17972007749159,-0.919858436903802,0.0132969716466006,1,-0.635699579684189,0.491465819667683,0.284205960037977,0.657303089477861,0.102066797517156,0.727243661067076,0.101161444558897,0.904537900239275,0.105009201325495,0.800371272218834,0.103507545804286,1.01823884174919,0.120784917337413
1.16908899505995,0.128589240391258,1.00742020094362,0.134917146622277,1.28801958820068,0.222508327421574,1.10252772844964,0.401553619104702,-1.10411386538626,0.276324937576285,-0.927281977236656,0.0121464932388881,1,-0.926526551609478,0.214936182653161,0.274560893266104,0.629342630338835,0.115030615626088,0.839073317784024,0.100858153116467,0.81857082921837,0.0911825840135989,0.873379070581528,0.0973870917279459,0.795372220072954,0.116310364997772
0.955824661399404,0.11299864058014,0.84958033246646,0.109456134006167,0.939439794097452,0.162378463978037,0.516417283654592,0.198664852269432,-0.696522035993102,0.17667623283067,-0.870111238804976,0.0194501556814377,1,-0.999999999999114,0.356593577108815,0.230287120108491,0.41724621905678,0.103091703914977,0.679770490383489,0.0932575203939671,0.465035460714384,0.0994409633940637,0.726272673602576,0.0981827061085115,0.628132106558403,0.123906959391804
1.00027603490588,0.106207700978516,1.03883190645541,0.116103711252908,0.83164270202318,0.143524958056077,0.529005147468551,0.212635099696306,-0.663282192710322,0.161595946229711,-0.919158433096715,0.0133615438565495,1,-0.999999996524207,-0.0282663340767945,0.213418305753783,0.783334201833649,0.0871561133003604,0.809347019927327,0.0893227411434941,0.636702667010572,0.106262932489561,0.792285237112288,0.12648320950868,0.746466542504199,0.132586415158206
0.878789760079103,0.113566957265413,1.13695358248434,0.133042193620509,0.827087357055847,0.147246675333258,0.517625685038911,0.26474037093207,-0.558485373816865,0.165939916785945,-0.928044991435439,0.0122407462648932,1,-0.853548500304938,-0.435781268494465,0.253568122796358,0.77858740764089,0.103252871501511,0.756687221992595,0.0916394549327116,0.704215433458064,0.101480405772896,0.548385837680676,0.115580941721273,0.867457552643869,0.115020263934317
0.922573700802337,0.117979616332473,1.02275816503251,0.127765450969552,0.97237097514718,0.19265337176096,0.697650312634652,0.272085683049217,-0.681161502533012,0.190972826139228,-0.884325175000015,0.0201178383924045,1,-0.827018462209519,-0.310490943053623,0.251529076227404,0.63374762566111,0.112187463703835,0.679350252064498,0.0999329126688029,0.553085175438892,0.11778663739546,0.511472076134148,0.114622712702381,0.837006359268189,0.119081347783143
0.886595165706973,0.130779561558218,1.1965813250221,0.141661871341655,1.13050182925374,0.213110057977615,0.792020746544502,0.345724088531317,-0.74460271484908,0.224396729387564,-0.890122232666983,0.0192419716762187,1,-0.786902095294939,0.121766645712437,0.245412045783831,0.67914746764654,0.105621835615098,0.617848527706394,0.10122181297684,0.691166638488151,0.107850994455413,0.83641601587604,0.119911980232198,0.787097110247783,0.136350007625129
1.05296797089491,0.13486635891783,1.0777969252583,0.142804582029981,1.34549862608684,0.262555550007032,1.18763229454454,0.480000738167634,-1.09703592727438,0.308721601984305,-0.936068075082701,0.01132991710861,1,-0.867837119630467,-0.428640850444723,0.279694340388801,0.976787776344352,0.0947710048005475,0.698789806226399,0.10384111707749,0.966239913560173,0.0965929619100019,0.720037845494741,0.136873343859818,0.86784266039491,0.146476594492964
1.05973252783957,0.129885243919175,1.12021176772366,0.125008708990745,0.930813870439546,0.178683244099318,0.44054399074208,0.189426088187241,-0.540904587834248,0.157457133102596,-0.895829542821686,0.0181783687366636,1,-0.844684648169189,0.253776456953757,0.28849234900479,0.640159658219301,0.103589277882915,0.739852717554968,0.0981692060469941,0.846191812493965,0.110985894964413,0.789599449213735,0.11532258020401,0.819217022714119,0.126482677824574
0.918740839926715,0.11385139048548,0.839836758911162,0.108645356914552,0.841277886635348,0.144157682270995,0.199951633695574,0.162893396952911,-0.357750060041584,0.141738344455161,-0.878006314535726,0.0195941098540242,1,-0.872263099169384,0.0221369722341331,0.264232118607859,0.43221458988978,0.113358026125304,0.560794516245929,0.0987098728392483,0.676045060745829,0.100157595652794,0.41354620185921,0.121558908024104,0.691206018806434,0.120387572773492
0.907715439709891,0.106309347433998,1.04675970644758,0.10370078084116,0.794504187055138,0.127799444508659,0.311194894499875,0.141814144247129,-0.497238018124509,0.134821274180546,-0.884216615767809,0.0169959549848527,1,-0.999999999996072,-0.571983582454763,0.259258820073626,0.675573028246489,0.092191722673235,0.626171333925024,0.0923013180544394,0.800619860317253,0.0848023277651249,0.56402018909271,0.106326048832369,0.848492360366374,0.0998421271284906
0.988659276210411,0.111410940044382,1.01859683623683,0.123089061291146,0.95339114085785,0.157644826504425,0.291104472054242,0.172162404560434,-0.526817166878507,0.143861666617586,-0.898608190294004,0.0161274579137253,1,-0.999999824522623,0.177847936098342,0.252514322112365,0.660255331321875,0.0969003589517898,0.668343658616966,0.0911182042704885,0.785954660642143,0.0908397660313156,0.731836423184167,0.100481807179094,0.869707192688309,0.127584819006711
1.09998309495001,0.127931962356594,1.22778177187822,0.149086249485562,1.16542822028146,0.215517206803159,1.10612960402783,0.354921594425463,-0.954403386603345,0.235888443721764,-0.903557082038544,0.0165709839631269,1,-0.840593831614695,0.0540105257264284,0.276434002117189,0.752796055550522,0.104754625497825,0.774477533870406,0.0990480413460057,0.812825185668744,0.100589550503214,0.834102478392744,0.105506147835582,0.931602181326518,0.113061976413752
0.976416484847495,0.134013466114079,0.989202960025107,0.13293865556465,1.23374198647536,0.244533352421313,0.691916076946796,0.264682990753796,-0.909104888828696,0.234500857168162,-0.917610757804663,0.0142817693540725,1,-0.983954712323541,-0.110063154476527,0.225361248148621,0.801796818098937,0.0987229898542747,0.803749274448132,0.0962569763937875,0.812167042138707,0.104265938590703,0.545251068297305,0.13002821468141,0.69083056747124,0.15608945225246
0.891274741082396,0.114544062410706,0.96634996915538,0.106988535416321,0.915415434741725,0.16603808269663,0.0880540747909239,0.0882660907147007,-0.283912061809773,0.150526555550232,-0.890998763625497,0.0175483866367001,1,-0.999999998049542,-0.388232074849266,0.282636158045627,0.799720811482629,0.0992924545528712,0.671567606058066,0.0963601673068012,0.692047834902715,0.104999521041179,0.517679741826119,0.117689246665127,0.78406570742647,0.110596418587756
0.939157757721573,0.126920826068073,1.31444634193105,0.142734090845113,1.08474682407093,0.209561990779574,0.651547022397317,0.252587488662013,-0.684888392412577,0.207556544802353,-0.916873203175923,0.0145985185604183,1,-0.814671887351101,0.541562090313838,0.297661484067748,0.716158264090494,0.109768592321297,0.665688864475033,0.108353474078991,0.703113281003001,0.110184843978429,0.76215171312048,0.101805424554676,0.710422524553466,0.128328312627616
0.958825263226014,0.110593966572211,1.11857899573198,0.0982465086797256,1.10736205628764,0.181001353998931,0.292316511329906,0.133280187738769,-0.568946581914826,0.156301450256517,-0.871396076177177,0.0199504048705638,1,-0.999999999999152,-0.214654403675264,0.21653461315456,0.820895839698045,0.0816402627313665,0.581767168619633,0.098831000692368,0.736316232468818,0.0911979326493519,0.633240423885124,0.101457117670034,0.734387848668196,0.135735117583619
NA,NA,NA,NA,NA,NA,NA,NA,NA,NA,NA,NA,99,NA,NA,NA,NA,NA,NA,NA,NA,NA,NA,NA,NA,NA
1.22679207733715,0.139817318139492,1.12346608231036,0.14716235429349,1.35228195897603,0.259954818519007,0.74579634719509,0.34854228620362,-0.772793370231969,0.252373970178203,-0.928076621518564,0.0131998946073899,1,-0.76951950901467,0.245208483292893,0.290282167376103,0.752313430625458,0.106424328762871,0.825645497601453,0.097774467218134,0.84685061669279,0.107354227530882,0.822893309199281,0.122061842197698,0.825713029523692,0.133116172997331
0.920023371990398,0.107225643667006,0.826999632657526,0.10559289987315,0.85505716331686,0.15737632791303,0.29041269312399,0.128726182434414,-0.498316619777963,0.139036128721338,-0.88644437375805,0.0179685082799196,1,-0.99999999994589,-0.15861525383758,0.227494916608569,0.490693781873191,0.0988293373721032,0.637120534690508,0.0976876188188656,0.708712958640464,0.103409583895125,0.508532015167913,0.114051229444381,0.724422705898059,0.117374763868259
0.971301221857945,0.115230516396698,1.12571755766322,0.111850899158334,1.01329560586919,0.167394804613033,0.384038127549798,0.186642735548936,-0.623814192116186,0.174948976244202,-0.900346298016147,0.0157302261860743,1,-0.999999998911879,-0.365556449286894,0.247189680904004,0.853102155976844,0.0852005492553516,0.743887015988112,0.0833041888099574,0.835851993138655,0.0903001914282716,0.598371937313064,0.119973880700121,0.722756245287779,0.137482008832061
0.915983284631323,0.105502631356556,1.08214337747803,0.129383524831716,0.783818170212496,0.147112082626135,0.502433827468588,0.274448771774518,-0.495368042833529,0.156108914995344,-0.878321793644759,0.0199028276576286,1,-0.789370490218838,0.198331279121685,0.22573724778055,0.624591071510711,0.0944610613120254,0.589971359448319,0.0950493911589314,0.707226051011298,0.110267119737672,0.646500043506995,0.121798229704226,0.662442710435107,0.138794839029771
1.09743398425806,0.120573078533507,0.907134992759152,0.104195729617957,1.25438541466698,0.214157378755012,0.4074640794574,0.162818609866099,-0.71492446970377,0.173683260254327,-0.916337904709063,0.0126312996303612,1,-0.999999999128521,0.070371105034451,0.258075520568653,0.620971886615961,0.0992003814212239,0.734671541058474,0.0905377500896113,0.785560515365351,0.0939160793733981,0.714096445952454,0.108630318744173,0.812697248405178,0.12189287393524
0.97076694918844,0.109312291022641,0.69740974722762,0.119778051880886,0.863767838429671,0.159806547028646,0.578893309526607,0.23626890994565,-0.60813109458456,0.167814836368795,-0.857062745817917,0.0223665770888187,1,-0.860001938497453,-0.276396238970532,0.212821954131499,0.684982729930196,0.101795694135018,0.524123345968271,0.0956252756816842,0.714925901804143,0.0980879008678246,0.565466963595225,0.122049554245374,0.662042348618786,0.134080265148476
0.882636165988244,0.10056058757151,0.94610919445189,0.107177743782076,0.703690089956252,0.119115573049732,0.286670996622949,0.127069058080791,-0.449140890368593,0.119624868715285,-0.868169768703487,0.0198263106765826,1,-0.999999999999111,-0.210755007296081,0.234499836803192,0.500142805615991,0.0996642359698495,0.71149154058958,0.0903848779629622,0.499380400268573,0.103544910741457,0.581622962387038,0.106120809367281,0.588223341204992,0.118041998320985
0.912168604565055,0.120860620188899,0.937493143494748,0.122978141827508,0.999672971107726,0.170928604321173,0.692654524368942,0.238743856716968,-0.800056317827098,0.185555482891196,-0.9099557358012,0.0140678497292242,1,-0.96146448438337,-0.208930193603056,0.257830430223491,0.766369161009097,0.0911143952914463,0.727967591713428,0.0838825371196373,0.685396490156065,0.0987470143741638,0.719724797495998,0.111835851402512,0.766183284763667,0.132166917622698
1.33949725034626,0.137500347237514,1.06617560962942,0.137371576169988,1.44492091902256,0.248045900045793,0.891765904548909,0.317459298951978,-1.11532429408712,0.258566080044314,-0.917113638710038,0.0136224219872015,1,-0.982547807697706,0.295915065746605,0.2789990512343,0.797162366092336,0.0969555287165329,0.789189334771457,0.0941074342811388,0.82467857788941,0.108900985022802,0.878845382963696,0.108974658787083,0.831303568837535,0.12148097806078
0.92433312958127,0.110409733750421,0.732392532018355,0.0985893049858955,0.758505161905655,0.135766133504944,0.441995097152543,0.181553901795149,-0.562137598261349,0.1296104156615,-0.853138732784233,0.0237712016768897,1,-0.970855594385847,-0.0136343902546497,0.263953361605877,0.591795372426897,0.0998624147331797,0.653385667359681,0.097302002067381,0.431226514001292,0.114037798707981,0.500744401916953,0.108632919481554,0.564966877069691,0.126544218224538
0.995109002227859,0.11320053344965,1.0485914746866,0.110321924068156,0.893057188364058,0.139518769388378,0.220380513136301,0.116374565102895,-0.44363543728083,0.135598401086693,-0.887206609184566,0.0163831851078239,1,-0.999999999440126,-0.0947475375674318,0.227921367335445,0.631008070862499,0.0948575608215085,0.551693393986614,0.0925938169637181,0.78892642710289,0.0862568024759356,0.646774952331696,0.115166143101506,0.811883497751317,0.109210986982686
1.26588573923199,0.126834454076137,1.08869324316077,0.129704137384079,0.865570034788358,0.156971222393443,0.658094818220072,0.283625227600402,-0.562444671557224,0.141130828673454,-0.92156195979072,0.0124418875498166,1,-0.745219936011459,0.52651313661534,0.247424916423723,0.713264581730723,0.101687017353438,0.77389440115457,0.102503475775836,0.710185899582139,0.106627705880991,0.779658827766059,0.109999363556456,0.81995331570571,0.119595046577006
0.887711052380221,0.0999210427073536,1.05616965685955,0.0980955020780244,0.690291936855774,0.106286614267788,0.248960837373063,0.119910078446377,-0.414554771286209,0.115260043363305,-0.877295856844565,0.0175309156768952,1,-0.999999999315339,-0.190211181800888,0.230411432960058,0.725809566471504,0.0858217594336348,0.659957944316766,0.0818464604858028,0.54146915063085,0.0983005130704244,0.715911752614287,0.0980406431743124,0.656861378283027,0.121344482637055
0.994330443874783,0.117282344351887,0.986079593664841,0.120228626350196,1.00188266350662,0.190950827886763,0.594068303403891,0.244513347863001,-0.722166920799669,0.202068487402121,-0.915495687361078,0.013939262669391,1,-0.936075697237268,-0.232696446372513,0.277244114657925,0.7839156374358,0.107011554366205,0.688391648705278,0.0922428145212529,0.597743417046286,0.113930324011105,0.789929605255693,0.104491040329017,0.950092738545992,0.118664331309406
0.875972529551044,0.123342210527745,0.952743342241805,0.126832849282456,1.07269682133093,0.20712714531221,0.545169451035806,0.297985591607979,-0.663061183913263,0.203494791502701,-0.896527813294684,0.0189782477006166,1,-0.867060400397142,-0.233405759287764,0.261849764674535,0.64117885408579,0.108885500361736,0.764488259237577,0.107007040159005,0.665847538321873,0.107229788308872,0.483584816932702,0.122292060071848,0.756579353838883,0.13832042456522
1.01368609990679,0.133947976447548,1.07155829293385,0.149282290046261,1.04740433732613,0.206771361429817,0.675479891868755,0.319502864260828,-0.734115529044544,0.204488281577374,-0.919944242484475,0.0147841740733078,1,-0.872772420985854,0.00827445769842286,0.281304377152647,0.695067189390201,0.114992165116868,0.665896053467619,0.102219113839409,0.708649559377559,0.113878152889807,0.78856081711218,0.113807695940307,0.749203841751298,0.131923821221647
1.12983423655743,0.117023054009017,0.797627918675808,0.108416331863842,1.02520153484319,0.182800255578098,0.437268904073149,0.247045597570217,-0.590443613057238,0.178095604067258,-0.88714090893,0.017410394566587,1,-0.881859724289524,0.164745061101024,0.223138731123661,0.682190174850855,0.0959883214468868,0.596498500177972,0.0964723277283874,0.52592830526003,0.108920129615207,0.726624155751084,0.108527197184207,0.673974333555924,0.126740414476338
0.927518104791625,0.115882771307175,0.99386346361275,0.113704354893771,1.04220804159781,0.185231732410013,0.514319287464634,0.2161101784863,-0.731610849090318,0.18034921808683,-0.906089058158477,0.0152789641463493,1,-0.999278449680513,-0.420575770360372,0.24453097114828,0.683850600694289,0.10378720176929,0.814042687617824,0.089948223398051,0.645189229623986,0.101835587707486,0.617967460044771,0.113548040924107,0.751315373174609,0.120021578972983
0.78303741423332,0.11491513173773,1.20259559907355,0.132686087042144,1.13420592171982,0.20302389484881,0.849137208950894,0.299671841196541,-0.931472281786475,0.21504173814261,-0.90488531032409,0.0155584084227169,1,-0.949150421097583,-0.370252475917255,0.239137036434591,0.665500565304338,0.0966706091966986,0.687753342477068,0.0978396419032975,0.799481060018372,0.0993329231736746,0.437789210942735,0.132542234632243,0.79353697897203,0.131143839239788
0.953685647165307,0.12045034655094,1.03217473727179,0.11912825332696,0.971323600092611,0.177725660836444,0.319894316594982,0.201138156642488,-0.398441447118182,0.151676893319942,-0.886249827199456,0.0182013692803433,1,-0.714791330138914,-0.119679477562825,0.237381678061321,0.609507667937784,0.101873765976536,0.6520146200663,0.100827649097308,0.598683988540381,0.111811725778984,0.738424779598563,0.112379418483672,0.730815787017362,0.115667740856662
0.863724932918823,0.108335091780222,0.920846541885801,0.114582250981007,0.918380084105241,0.16444685888824,0.559043022985675,0.229063664711213,-0.716529118886688,0.188993565697428,-0.885324966211141,0.0187752545815282,1,-0.999999999751176,0.036556292720552,0.25746365083573,0.626953897483479,0.095125757613686,0.664351694076305,0.0945779231984056,0.738167671512298,0.096667737721762,0.449046282815914,0.127784314117839,0.856163055049888,0.131737098574507
1.27887371209938,0.154525665628106,0.899627122041316,0.150096652502494,1.16310121510718,0.242206902871499,0.813621000018373,0.24344672712316,-0.447845178814986,0.210402459083228,-0.912901829354843,0.0173229489561776,1,-0.460371122303517,0.514444378775728,0.327345131125536,0.588612263465377,0.122700921970657,0.673885542541486,0.115729979897837,0.919258470649655,0.116834292407613,0.805210091495995,0.114737783759834,0.758594824845779,0.122079746436861
1.09994168272977,0.121750784518304,1.08125576639217,0.13477785671121,1.03044864842802,0.181387755088216,0.919034625785382,0.314248314290549,-0.76993602198941,0.211252243643482,-0.892683360416779,0.0156683610694107,1,-0.791180408857022,0.108859799483149,0.277869967777443,0.66735339566407,0.109221849046714,0.823054895704434,0.0890253470198074,0.702389040648802,0.105866059711452,0.964729901723474,0.0894773407990961,0.817669218663982,0.117246510450033
1.069941809926,0.110384972529696,0.979124416532835,0.112071796461463,0.971242072997288,0.164073651021827,0.688465264310143,0.212463188953269,-0.817720264129303,0.172194611449336,-0.908444901605981,0.0152924410990298,1,-0.999999999904651,0.148704317776546,0.258215397977521,0.626119012449315,0.102069905953283,0.678784759068691,0.0998440617575588,0.590143345600977,0.0977493100644335,0.834617578444196,0.0891234577624011,0.724911049590944,0.115090006396247
0.952112824654061,0.113121838788118,0.865228452399005,0.133056031372718,0.829389778980232,0.149488954307293,0.497316049909932,0.295067794044245,-0.642237356314348,0.167678485874477,-0.910224531946227,0.0152982736442143,1,-0.999999967424839,0.0493188779598976,0.224193941297811,0.532420793534968,0.106555209080094,0.768199442931137,0.0952589582777,0.628501857160949,0.105871359656808,0.776122143452312,0.107901045264711,0.673409026984425,0.138961534180413
0.892055744925202,0.106998567759961,1.07622782441275,0.11276432246662,0.941553008846011,0.15898733848019,0.706864692940622,0.249154704666695,-0.77014072677247,0.166833270236931,-0.889659876652599,0.0167883313003133,1,-0.944016440562368,0.180081772252442,0.217804770334268,0.514656229815653,0.0968660292771246,0.671844315056238,0.0907976217448851,0.554928394513272,0.0960299630274285,0.664334134717283,0.114422962423657,0.321089815143179,0.156516357431384
0.859277430012367,0.12071555737905,1.1750878951318,0.143999656016577,1.03549707707117,0.193443204217207,0.975297519550031,0.39249424881189,-0.80391617429113,0.234321434660544,-0.896119078628186,0.0171431872827001,1,-0.79995907210134,0.00600032620542255,0.269175675226895,0.714373656497722,0.103254946709229,0.672164766220493,0.0973608353772758,0.804700077475489,0.0960207670214891,0.718458972252278,0.128242256373236,0.689092913582921,0.146374407733519
0.76517295749688,0.112833729581386,1.05513109905182,0.108990757998874,0.925243790478276,0.154569010201969,0.34901107485607,0.178321028830367,-0.497975804294064,0.134011816208371,-0.873161689127392,0.0192354837940898,1,-0.876315610173724,-0.117378476077412,0.260193424987977,0.559401745195145,0.0975752619155771,0.66906771614576,0.0875243803874119,0.701608156386599,0.0984606993165272,0.696390551532713,0.101757467409978,0.688521371284211,0.129447316248908
0.939492442191505,0.118707299683687,0.866199244002633,0.130713798327055,0.95479279771228,0.180679914856557,0.84292590313795,0.329382431487305,-0.803285141711036,0.211345755074219,-0.872741789156608,0.0195990589444917,1,-0.895406962005176,-0.292657054552989,0.232893156512896,0.762875543449606,0.0939085476059744,0.5979326129871,0.0973104312301961,0.694780409018796,0.104420213893048,0.534100876904277,0.124666577034828,0.693638177682434,0.119143122222049
0.983087635491582,0.106337816977587,0.800497096578873,0.110426531584894,0.803517382168087,0.136939546557192,0.385518052306254,0.176156050780669,-0.556570261617465,0.154383642212717,-0.885288351545407,0.0178871997446655,1,-0.99999999991812,0.24572817855723,0.254748790970517,0.476134917127723,0.107433881929817,0.663283376819103,0.0956510242104083,0.663253806798854,0.0983385576737596,0.696178745017864,0.0992246507317804,0.704041454385129,0.110140735372923
0.802238019892465,0.0972416389114493,1.03848837433737,0.115900242784923,0.674757451083416,0.126046867167654,0.21750335058278,0.121987039682877,-0.302344488829835,0.117015719326095,-0.889258293317298,0.0178702538657903,1,-0.789214828122222,-0.432767203058135,0.196792896390023,0.675649297877931,0.0915172856378199,0.619811327011364,0.091778559684882,0.676726777895012,0.103675011781405,0.615654016925985,0.110996386407089,0.755243546344806,0.142146266715458
1.21226764767094,0.140522857371319,1.16546182390089,0.123867304354963,0.946365616167863,0.177914375084868,0.48370220960951,0.287396676020197,-0.457735054391364,0.175851274721099,-0.903348870283004,0.0181386696081686,1,-0.676543398763986,0.510043378915118,0.291941530841871,0.676205535827015,0.10254924462507,0.722273107849986,0.109369880690547,0.852281559999715,0.104300272585993,0.764284586583598,0.121124752256538,0.522744512262451,0.15101157573821
1.04008887909613,0.113427512156029,1.02992944712817,0.110207364650146,0.986454209363526,0.171613429164032,0.70843125340392,0.259215558331589,-0.819943875097097,0.184155409688056,-0.903320446452408,0.0144643046506737,1,-0.980836919514068,0.194121155739147,0.246290953240988,0.629581692798193,0.096586485425863,0.778318137930518,0.0865406624730469,0.738138193312094,0.0937066128986055,0.657162255544108,0.11972898359148,0.653169500855869,0.140490731372383
1.02913353600358,0.112234856580788,0.978751260313499,0.108131740485534,0.882900979731509,0.149605845981263,0.487432937215157,0.197788368481897,-0.537523509236276,0.147722688997501,-0.893289066737247,0.0170619281330677,1,-0.819377488190648,-0.184393177226939,0.247398999303397,0.716554110820828,0.0962756425479604,0.648752263319916,0.0964329814501144,0.589094287927573,0.106723400344513,0.797274315860006,0.105718621625258,0.619063158167535,0.126735488045135
1.07268450216924,0.129258501079949,1.11790156181485,0.137241461726192,0.975509650084818,0.194728483641204,0.637890137644962,0.327376239144862,-0.614677088152233,0.213172459207577,-0.914240348606573,0.0164107951517862,1,-0.779216780398253,0.241000666333134,0.263501738237931,0.599482222881522,0.115967967728953,0.691304036127185,0.112596003081141,0.805920575453077,0.10960195221613,0.789636568275826,0.109101979145702,0.78737859748285,0.12740411562375
0.98470284619021,0.121555557862299,0.94883288811335,0.124694832673773,0.982121723454877,0.187810989307684,0.653479959369048,0.290715302597821,-0.672406782017023,0.178172347759594,-0.921141405677187,0.0138757885196595,1,-0.839331050489507,-0.169942488570202,0.235146325819104,0.725432811713447,0.100419292733261,0.686879204822452,0.0998333606206154,0.755443476350326,0.111077217565414,0.768970115954371,0.115687329315447,0.694746450867874,0.13639404873293
0.929780895498363,0.114714340715063,0.947359827714287,0.123995174953203,0.95246734006805,0.165077554744581,0.644807011924324,0.226003604967632,-0.753802095025369,0.168374106167041,-0.887816264108449,0.0180719408781665,1,-0.961872299795082,-0.171680586864012,0.257531216802308,0.759671970202821,0.093047575827962,0.527034670331682,0.102491781909386,0.656765100087743,0.103379587338333,0.70722500517619,0.1056152872845,0.563528099386543,0.133328390292399
1.05535424224303,0.127903935159093,1.1988728322582,0.142163420597474,1.08289947389902,0.209897429938317,0.843545253450199,0.344757950393315,-0.770283224409001,0.200946624741806,-0.910589905386752,0.0171945428961867,1,-0.80593900593296,-0.213033577704757,0.269328286520455,0.765019265882743,0.113733284343522,0.84293052389648,0.108448257869704,0.828395602651839,0.10768149696971,0.653886329152801,0.126719535893402,1.00327102462452,0.1208650693796
0.90166094650753,0.126779322387305,0.996371067833363,0.142129966028239,1.02886118041448,0.195335696705443,0.685288075469894,0.302389163605777,-0.670756877914551,0.190457132442436,-0.909191226601667,0.0162013688075172,1,-0.798822256504435,-0.256017432607229,0.286112803534476,0.701862511914074,0.114794102089069,0.780639262553848,0.105555115578668,0.816646589384205,0.102478037672746,0.682464999092351,0.118582341237362,0.814503719049578,0.136314274426515
0.850595955942312,0.114090844476603,1.10319168710999,0.120419479415613,0.997229715974245,0.178001183717696,0.48193994076059,0.264128715150479,-0.543435991107185,0.173353946450823,-0.894064198815831,0.0166785019978647,1,-0.783888570370057,-0.178486803046614,0.240929839849162,0.742419413597742,0.0962855963021066,0.7029381737845,0.09116745670373,0.605682859754927,0.0994768380482426,0.576330381020617,0.111805253307555,0.593880778181728,0.135481303068781
0.940866202316369,0.124006112179441,1.11667451587583,0.129260544649166,1.25686719000785,0.231819833569841,0.85512657729419,0.285601176590619,-0.935779025842471,0.219788054498845,-0.913971478850849,0.0146977702627378,1,-0.902637578320956,-0.50310096027538,0.249677512302544,0.720143074093072,0.109071822916093,0.71818308202409,0.105777559292057,0.654474867599102,0.104748284637821,0.715944998828486,0.110134296198546,0.823734903329878,0.128585715960377
0.82999278490603,0.117789572885401,0.97520458583708,0.123809823871142,0.939858237800444,0.173525462091084,0.386444010838177,0.169182198761188,-0.602662913267449,0.170378660479406,-0.90612621301245,0.0163481245508452,1,-0.999999999990506,-0.20930662148046,0.241488625756267,0.739677112211104,0.093022885726093,0.489806608381245,0.10837466992999,0.658571496800247,0.101836926055529,0.653197611016688,0.106336687214854,0.578126896412819,0.132864926622213
1.02295608590816,0.139297810687542,0.934342704673121,0.112580047915846,1.11749995155015,0.205626733178478,0.548166881308137,0.260826856577846,-0.680843643523453,0.179763169400924,-0.914135947700107,0.0151505186604608,1,-0.869895800201117,0.0693403659356416,0.283815963717318,0.739875080363015,0.108710596470757,0.594107187908036,0.109473417829813,0.861968174514821,0.102908800596334,0.678685939744893,0.120040022235068,0.685786988695067,0.143548374592836
0.933113336634831,0.102451219169599,0.985603469638976,0.100686065819831,0.792552035034813,0.12691385779976,0.166801209117537,0.0952086010056038,-0.363591305903543,0.116350152513951,-0.906874580134933,0.0131667319437552,1,-0.999999999985899,-0.135431528637225,0.213351095460201,0.806296267547926,0.0790017219525378,0.64737947843684,0.0913499591849855,0.716327289547494,0.095818286899027,0.500053465297906,0.11702707499859,0.722057733289858,0.121413889341508
1.01612577742667,0.125597841834254,0.964638106719347,0.119091384109097,0.804004675124948,0.144489293668565,0.365541030040148,0.207933308654961,-0.505878725676063,0.133728897848468,-0.902958591458368,0.0173180549460335,1,-0.933144849259306,0.225094205221142,0.286328221123681,0.609615902195282,0.113341951308842,0.622345923355116,0.10080114506019,0.638916029189674,0.0940279900532946,0.652748190844373,0.112727727281376,0.792338897595414,0.116131512305077
0.806245268235795,0.100847486183225,0.836447633272974,0.109984648887522,0.738974323907904,0.120757928235408,0.531411653057522,0.184605069534447,-0.626657455461008,0.134545122874763,-0.879266028674884,0.0185920940322064,1,-0.999999999299594,-0.122799128982561,0.219982771131355,0.542917550331843,0.0893622732806354,0.576298554592953,0.0851111467704511,0.550068597270611,0.0993352566074605,0.421133919693328,0.120404789910538,0.558934275916209,0.136490700082484
0.852843511006551,0.115219865275883,0.970965008141557,0.140422828399136,1.09232769396392,0.196368152653766,0.931069890409405,0.310160587847898,-1.00848075157875,0.23762976057774,-0.885501737025626,0.019438975150068,1,-0.999999999997396,-0.42315520650033,0.243205452191648,0.708061590547608,0.0981610509828178,0.658196912055271,0.10027639520507,0.542025843352447,0.109637506192702,0.687570680258088,0.116907616548637,0.49851475733397,0.146153178734518
1.06193963823589,0.107214832188822,0.647902770543077,0.101410750503184,0.761707902198393,0.125671270814788,0.323190602039375,0.126635025401495,-0.496162105895332,0.121508596144259,-0.898313743180446,0.0155422876253491,1,-0.999999999668617,0.104125629796184,0.225799026951234,0.52527142169005,0.100283042040965,0.618900371569697,0.0867611972351277,0.750935156346628,0.088108045893248,0.673322108038396,0.111450726155655,0.475115386088544,0.139251565599123
0.884131230806709,0.125467643412462,1.00453510697076,0.129795957062984,1.12219050187402,0.228977127170158,0.747016127472908,0.27184687816403,-0.90424421755462,0.218607060998294,-0.910900055786015,0.0157510328715169,1,-0.987614498651913,-0.362465093895719,0.251396894576218,0.852653909622201,0.101845914687262,0.698720950088362,0.106467303392646,0.728735274743155,0.109831172372784,0.751809087051662,0.125334860813548,0.618933101285383,0.138443924812164
1.09023501038779,0.124665683078846,0.990915479879763,0.116318532648432,1.00905180527929,0.178709442601648,0.358518560779391,0.207235556680594,-0.593156782761871,0.160154624781807,-0.897050315246594,0.0167757492753684,1,-0.986181717208738,0.226530999403353,0.248905070895806,0.615185809144442,0.0976419147387784,0.681280252057962,0.0983394144696481,0.702294784026838,0.102381674177612,0.887305315332181,0.110830167603835,0.728492026335235,0.12879656907221
0.928159404104174,0.116428017663018,1.06949986852615,0.132311072248413,1.0132504064547,0.18440349835675,0.54073626632159,0.217686241435598,-0.740203513658508,0.196912591862616,-0.873906453066577,0.0206132948254741,1,-0.999999999997496,0.446791058737461,0.24875198001276,0.561185590846731,0.104178181255077,0.686368483569666,0.101757528082523,0.571285337626608,0.0962054862896439,0.801252938845243,0.101959146139882,0.685415781030425,0.128848059374075
0.988098733926824,0.116341668159763,0.940675687652241,0.114928851820986,1.10440848328573,0.188323438058944,0.538449344909603,0.222969032989225,-0.750188269940168,0.189649494393034,-0.875188473047638,0.0192245506944078,1,-0.97282108675832,0.0739109149842465,0.248801672158616,0.601030932153662,0.104416614843849,0.725590546772946,0.0953863592496968,0.631304246606749,0.101168787065906,0.804754248347922,0.0997916297202332,0.792162977348066,0.125894691930554
0.865729062773599,0.102469344323944,1.0983990240063,0.129785347839923,0.849751741770589,0.15582369961374,0.367009729107538,0.214222797779155,-0.455303180064419,0.137459451143706,-0.9008825853876,0.0175220775794979,1,-0.81529703577928,-0.190621388173425,0.197696091300412,0.645580931007834,0.102747207161505,0.665868511983774,0.0951173934049194,0.693920242538972,0.0924562156885708,0.786828096512182,0.101282335034819,0.750882870517763,0.135772477669978
0.833631173824605,0.116961439886174,1.17466887207727,0.137548308461364,1.05415971215882,0.1967737473705,0.81868965026369,0.290704706744607,-0.928993889144527,0.225955208561702,-0.886951156479549,0.0182615008532974,1,-0.999999999999131,-0.0842259226719866,0.243006096318373,0.645435315623314,0.0964044806100517,0.714232257982936,0.0913389175463772,0.707534591080361,0.0986474888122214,0.459636020003573,0.134215758111905,0.584907576053084,0.146058663389413
0.941008701813131,0.111302647503046,0.912023971277786,0.108607836300007,0.928315804058309,0.16129754003873,0.439697161086079,0.212623452358933,-0.62911634497051,0.167658568890919,-0.854491005669766,0.0244186071986288,1,-0.984705278145312,0.313215516036176,0.231834005507888,0.680605626814909,0.0987780178600274,0.558060030061985,0.100848314521933,0.569420130623327,0.104908135356466,0.780334988082752,0.0997024157343373,0.665359247727449,0.143504949844757
0.936091258983455,0.1129279542759,1.01253682963548,0.11978710639649,0.949478837552986,0.161653147630877,0.570137410254932,0.252698108746237,-0.607166540420507,0.170320050666777,-0.884862291094208,0.017752660982933,1,-0.825230776765144,0.231527644954225,0.237062414239024,0.50544756062773,0.105911417587936,0.602669871834292,0.0937692085459709,0.822011157097642,0.0883978756756766,0.664992309896767,0.114422049012507,0.51044365411128,0.137200697747578
0.790994906288566,0.108642380071885,0.780203724259025,0.113184249788491,0.793599671570107,0.144533917170103,0.550935341226153,0.232553979078387,-0.573630843042684,0.150454724717957,-0.871139923901223,0.0200265923647327,1,-0.867523880716475,-0.477548088435859,0.264550671239857,0.628880673919873,0.0998107125923675,0.584681826369217,0.0952051858524987,0.633248755278869,0.102914065250532,0.674742518230883,0.113396696624049,0.573650191153348,0.132496029197877
0.972941280586173,0.11148235067196,0.970034102212695,0.119340970586904,0.92011109158369,0.166563578844502,0.488268496489953,0.257220997423985,-0.650032078362686,0.175775165762956,-0.908626679243375,0.0160729509402513,1,-0.969806976703407,-0.239909861637764,0.236975245957173,0.681609905384765,0.102046716315523,0.711461209923059,0.0970326300399127,0.694194651687416,0.0975475772253198,0.592098325829433,0.120277471148054,0.425616069310643,0.146103285935766
1.20513761888082,0.129627760190463,0.767270425956718,0.124476841847086,1.19728477513354,0.218890723133412,0.819465857276597,0.322721325313094,-0.909955786636061,0.225266223418129,-0.897293150058764,0.0154706248078991,1,-0.918662797425186,-0.101007021998528,0.25680054364076,0.811702881000548,0.0961992285461021,0.719382978073224,0.101982562155343,0.743172169708234,0.099366621572424,0.787760448301812,0.104197825855158,0.791989688203722,0.130849300667637
1.03829641962651,0.115716454717798,0.857802396257687,0.105402407679144,0.84323743525979,0.165188802751316,0.461460267800843,0.228879639189117,-0.548262429837572,0.149962686412732,-0.89923211717357,0.0180338537409411,1,-0.878914016150738,-0.267754998618591,0.256378262452536,0.785819571782862,0.10927342367243,0.659779787594234,0.100324154519274,0.610718742004166,0.111369587421889,0.541089504749465,0.115869129084782,0.711934122431171,0.134872338957025
1.07279375525249,0.129067545834488,1.17658552670666,0.131058028341218,1.1155449175927,0.207744788367624,0.673846055088244,0.291336609407207,-0.756716008245009,0.217682545626806,-0.908145991144305,0.0156348147214398,1,-0.872788560637119,-0.221157713973716,0.276761557109503,0.867565186335595,0.0973444858934498,0.820469540095965,0.0966612351739606,0.826568992152097,0.0966654332964432,0.695123329759115,0.124159254567854,0.768294961858039,0.144424834366487
1.00710219831645,0.123637635377029,0.990748769521072,0.119925535622116,0.917093186485496,0.17890517196318,0.522112649996627,0.230881556541847,-0.64719852946874,0.171628498751768,-0.89702245797008,0.0177268519728502,1,-0.935295146256324,0.155919170089236,0.256167951868204,0.698539029712655,0.101753417784364,0.692858352516595,0.102827890233616,0.583339594562902,0.110152432098448,0.55703060756124,0.120710374218706,0.653933174718578,0.13159706813726
1.0430285725407,0.113471443538868,0.938888650186037,0.113900957912873,0.947627708144676,0.156523454259635,0.581208272920525,0.199504799080456,-0.742138170162227,0.164480215220097,-0.906869492530935,0.0148045712964804,1,-0.999999999990319,-0.414756294894594,0.233900904137357,0.714976292663954,0.100169120681748,0.642414680692328,0.0999991257247945,0.776553753401544,0.0954864873610568,0.54652492474214,0.111356058507602,0.732712936217889,0.113908746544707
0.970180255936607,0.120565179064432,1.12006090540142,0.128276322297504,1.08570210488646,0.186179219071262,0.696331955210192,0.298447010840939,-0.734666624181132,0.21233406353858,-0.913196669803921,0.012506426029933,1,-0.844941823353485,-0.360744498050322,0.250856835305799,0.67486558070685,0.0928649769819993,0.696447320294403,0.0922040846616292,0.732694808775867,0.106093107737465,0.639625165776769,0.119223017620662,0.721311971340398,0.121821775445615
1.08509123866743,0.117007903329893,0.860022263241255,0.141931040956005,1.20542029061067,0.211435883011264,0.632513292851563,0.25142952512454,-0.873180598283195,0.213643096834965,-0.906910493429056,0.0138923754792507,1,-0.99999999995669,-0.0838138183225061,0.224513099723864,0.754338216387533,0.100197076342535,0.703971726849848,0.0980445382584825,0.523489484695338,0.109009676243619,0.653290549581274,0.114687636623123,0.604800425465593,0.127737346704513
0.904007906221789,0.10452008932903,0.80048285771955,0.0985030345388535,0.738146992941671,0.119051337608377,0.263680285794778,0.139082911722287,-0.399848541073373,0.114647392015947,-0.842402657823341,0.0237049349768371,1,-0.906327709291013,0.106020060236682,0.25481854101574,0.419366289570552,0.107731490810465,0.621077579850649,0.0947026821588871,0.509044981102213,0.0980070786869054,0.511383553545798,0.109333439989762,0.523556777918114,0.12408921389734
0.897158874803628,0.106042003950351,0.869155917330454,0.10389992494633,0.704831263773106,0.135005907199446,0.322785434976301,0.181702952107954,-0.444570139587804,0.139115713238,-0.879002755737599,0.0205180922634819,1,-0.932053291333316,0.291202401162858,0.22310196239197,0.47128080263367,0.10396228098598,0.549162071360409,0.103398483592105,0.633038615789926,0.100936211831556,0.671435512022958,0.119366233027908,0.511098814470211,0.140066472161524
0.906841921731897,0.109255378546095,0.88835311578874,0.107925278754906,0.867316214431923,0.146335828342841,0.48855082464888,0.210376309608034,-0.548601093660399,0.144083112068256,-0.855770824679349,0.0214537422806793,1,-0.842777749130057,0.0280152761866461,0.254171032467158,0.429789156171323,0.105331027843852,0.543850885726749,0.0916308235535162,0.617014600857889,0.0923129785930793,0.655182027275259,0.104577776036079,0.649144605698415,0.11073534756265
0.961634709349654,0.108269201679303,0.886432849188533,0.107816839332597,0.779710459936134,0.124686321354605,0.233788400987879,0.112174647653874,-0.426951123198239,0.117114150628182,-0.914384794756134,0.0127701967936121,1,-0.999999999830611,0.175097035770263,0.243940229870666,0.518100526976765,0.0995791240902223,0.772451853080023,0.0871778843425713,0.497881482902708,0.101628567762295,0.812502226436952,0.093873604273754,0.680148595287324,0.123976778380376
0.812143507367025,0.107198602022423,0.940162726284825,0.109217442285041,0.785704624270885,0.142486691817533,0.345701864474037,0.170111241541222,-0.506201975489439,0.1324071885494,-0.884501060732402,0.0187662075609872,1,-0.971277481922712,-0.266361526874588,0.246274675923217,0.669717738099498,0.104056613008803,0.489403268554453,0.0961346332941652,0.693847408225232,0.0925160803472795,0.705037497386727,0.104627528985192,0.591333687398577,0.140693962914825
1.09026766049734,0.144565977854903,1.08945348474419,0.14154378668669,1.1800476134213,0.251715718114502,0.771339511071136,0.299873148820078,-0.796150043492312,0.227406467809326,-0.909836287317431,0.0183467276814184,1,-0.834492367029638,-0.343210108880544,0.300166876296824,0.896690233909203,0.115292281970233,0.692000126470247,0.111045926317445,0.739118721016501,0.116078803378085,0.899110331695235,0.118251402002051,0.684271432028903,0.14593521252809
0.94115525532255,0.104878464295569,0.880766688466929,0.102511648816585,0.856418332078814,0.147434449027316,0.165294567103157,0.116134842749961,-0.376246325476264,0.149031228973942,-0.873245443230814,0.0182459493186484,1,-0.999999999908929,0.200168243543906,0.2338955004978,0.598742182459537,0.0919193671489723,0.627926415866274,0.0908255143647643,0.505647497804716,0.101864030386298,0.613310759306006,0.102024118324514,0.663838090664673,0.116825786739489
0.960117217864184,0.121360265182415,1.11215429098794,0.135519701391552,1.08814856292735,0.198615956346999,0.835341924809179,0.338187396979089,-0.865618293703246,0.222971847657838,-0.887889246843975,0.0179124229439298,1,-0.907925450828826,-0.129180622962839,0.257419153533689,0.694347697108039,0.103439471025979,0.755267969294284,0.0902729697673346,0.53604238878916,0.110416846270852,0.60572247778817,0.106654266496281,0.725705842905122,0.125570597701951
1.03745941776523,0.110931304407053,0.882941967125303,0.100800707870718,0.883461273873004,0.154312845250261,0.409672280104428,0.146024094628554,-0.60160584626025,0.139198647451074,-0.87863658252912,0.0192879318842926,1,-0.999999999727841,0.176474003524688,0.221659895040203,0.682792358606746,0.0888891282926978,0.720876522812521,0.0874655672065534,0.525812897000284,0.107602929903524,0.615534241385389,0.110432863660267,0.548050880925379,0.135708979684586
0.964478705931868,0.123416769951211,0.999247493370423,0.110845808300853,1.05022408459641,0.197558340542179,0.457475600535364,0.270471443773695,-0.642502605969827,0.192472714149283,-0.904264432734722,0.0167104968020534,1,-0.926936403914159,-0.427591286304018,0.26181204096442,0.814838775450102,0.101182538191943,0.780989157513582,0.0962293362326902,0.657632942694899,0.107147303693799,0.666706027701226,0.116523997593629,0.69773357180222,0.144782106599387
1.14834147870789,0.121819496710729,0.896375920317817,0.113554029308855,1.0678119260944,0.181883681479184,0.361325628270496,0.165118901653067,-0.621150396251245,0.174729964869986,-0.906050109762822,0.0151828248845452,1,-0.999999999601233,0.539260595881756,0.276781374250644,0.831396107497002,0.0952549485683829,0.676732818578002,0.0921539773379269,0.632541794699157,0.107011304636647,0.717517879866587,0.113443502795089,0.779329361960888,0.121900220471934
0.959163860002764,0.101559174943466,0.85509295961354,0.121872590566274,0.798060507158702,0.145451089466167,0.620358134056541,0.217470159594917,-0.697439788758537,0.163004768354332,-0.873871930817386,0.0209498797366508,1,-0.991214324738868,0.0584351393859779,0.231437708213726,0.573423174241438,0.103409228158202,0.666521143433438,0.0969412381528909,0.575820869887956,0.105261871558155,0.537682598797881,0.113681058530496,0.514041069506355,0.12328284127563
0.897235716569023,0.11423226311806,0.881280688507563,0.105338548078916,0.927291954983107,0.154731501577869,0.385332877519624,0.198501357326249,-0.567574780400789,0.150664593613988,-0.908471060984996,0.0143772842625887,1,-0.949504027023239,-0.506372527049579,0.294925565055261,0.76043120348692,0.0940777059352806,0.674524122743776,0.0934782741662491,0.539196323142858,0.106580748629753,0.697628656003894,0.11077922020455,0.641159969100269,0.122354502539862
0.997603694056914,0.122752889133103,0.949188232451713,0.116602052388952,1.06049117856209,0.191290310362382,0.460441585469958,0.210904714765518,-0.557738242746652,0.171573025151006,-0.8940245872921,0.0185337135333661,1,-0.798159383082147,-0.0670213028527912,0.2778008640024,0.687766317862838,0.0996450568936913,0.820726983893997,0.0872407349744538,0.636721549493935,0.112119680560213,0.711002963573152,0.120032408357613,0.803314393455727,0.12916746232552
0.995489966053237,0.123616351162784,0.951036227866668,0.130608095974703,0.908106459282175,0.177106208523625,0.580399085975234,0.236400459191803,-0.689880169145189,0.187010370344561,-0.900283536079762,0.0178343441039332,1,-0.950258840981342,0.340850541132408,0.258314706026128,0.642515423726401,0.109196176291822,0.591831884234772,0.098808970786835,0.764679221342203,0.0954394300248215,0.530292821333096,0.12629037559902,0.487119866492437,0.144341385479315
1.11816479019213,0.142137774898881,1.07819208089879,0.14478671095702,1.26209935932677,0.251976892687515,1.13964220160006,0.391274719407949,-0.975454230017866,0.25744522367621,-0.914599550265641,0.016781030527084,1,-0.813346986106683,-0.314542900128166,0.263039996582332,0.859577470006154,0.106189469711315,0.868586193284929,0.106266630800707,0.826718823373278,0.10601062951965,0.803141309823534,0.122667885236362,0.604542388057214,0.14050973429827
0.869329791154115,0.10866136478352,0.861527107834352,0.102587312558316,0.880264731492776,0.147858661266597,0.275629145342723,0.151045246018521,-0.386419255251049,0.123919754549237,-0.87812145042045,0.0187595399251689,1,-0.784493842216364,-0.406861809223299,0.234095177796112,0.659640969406889,0.0912643350192461,0.698540327364872,0.0892599045534265,0.739421457409207,0.0946390335552409,0.665876575441578,0.110019024780594,0.633780489589676,0.136590054827169
0.925125116246256,0.103699104254797,0.924487559865362,0.111174044167864,0.651687880530985,0.130243264948558,0.274207763028278,0.17146394746008,-0.295411107472453,0.114654669155167,-0.886133568667329,0.0209665355842642,1,-0.698822895999806,-0.116155422487462,0.230427324717356,0.564417048827932,0.11318146249115,0.736420301023394,0.0982281194093523,0.635648006203922,0.113034985853065,0.706303865433756,0.116480056498588,0.595212404446597,0.151849986820647
0.917937874368126,0.106109597714103,1.01965163371006,0.11889477049139,0.931472463502879,0.158916198998973,0.570767638614055,0.200384668703,-0.729146307969211,0.170953168610261,-0.886411413138137,0.0188658242546896,1,-0.999999999997721,0.0834323474703274,0.237051723101331,0.507735887435168,0.107918504572839,0.669966219858343,0.0870869531393348,0.651053823623621,0.0901149573523977,0.614869919030461,0.115241863996864,0.422187510338623,0.13815022667622
1.10901747672753,0.118333332687077,1.02317204687482,0.134165408134182,0.837546134022188,0.156364490480146,0.726463631822965,0.305913869127494,-0.558709676196554,0.171366652509398,-0.895537666920335,0.0173720236026694,1,-0.716266904732408,0.370216651691458,0.226475449275409,0.571094742159008,0.106288203561523,0.695919750201137,0.0910196402169419,0.787160608782278,0.0962849696435595,0.78739922575749,0.114848739649345,0.772992631332093,0.132105009338784
1.05806565604052,0.138894334470499,1.08208735882351,0.150665666529982,1.23794559572078,0.248975660902011,0.726940533309399,0.282272460718336,-0.758018591949201,0.243590885435017,-0.914573751044609,0.0156899968294083,1,-0.799060450070243,-0.225012699624722,0.264455923755804,0.749497556162807,0.10458344852627,0.794388467596837,0.0989657683803932,0.767196636718465,0.103733483022071,0.605005796462446,0.129585181055935,0.634596255953943,0.149090690168388
1.09037511165897,0.114711845183953,0.961299004783714,0.112931018610429,0.861291618719193,0.148381643898127,0.405658355134587,0.193046093582816,-0.497609362742152,0.136673682183262,-0.918204654504179,0.0125323623082447,1,-0.841847099636728,-0.713867709524081,0.25091183748886,0.939323995443783,0.08770360232966,0.782829726676273,0.0899353229824708,0.843671452175224,0.0865797159698126,0.729666991152344,0.107214180742625,0.384520588864061,0.156349397986304
0.918149804528498,0.116422578285006,1.23370493214145,0.125842783991532,0.913535932638665,0.16835823451099,0.468668251698993,0.256552212951379,-0.600565960555335,0.182517333460902,-0.89062395232451,0.0172548433831545,1,-0.917836086124118,-0.0397871734205665,0.257974984208624,0.634381689719423,0.101575764406107,0.799087954444693,0.0892934229893773,0.73106396711867,0.106784973686436,0.46884501719895,0.13242668018259,0.860233768392705,0.123467546323982
0.968149332826548,0.114486923283817,0.898447172790678,0.121002488776989,0.901080577884691,0.147825990938168,0.503783218390788,0.228156597357244,-0.65961379252658,0.170856657760975,-0.91066055973822,0.0141686543981272,1,-0.97900760499558,-0.0444987839770111,0.233424598367893,0.646958483404717,0.0927910603264182,0.641551045569577,0.0897631421975626,0.638094958512275,0.0949117032546565,0.662716047481414,0.104987207272563,0.674132030595141,0.137629227308871
0.993011215535543,0.117823586349336,0.984380684948634,0.113537615421379,1.01977855359055,0.177974273444821,0.628260679798484,0.240097800924988,-0.776136543785088,0.17672395271755,-0.878026880566353,0.0191927581698444,1,-0.969650565846712,0.203172255624905,0.230476420068079,0.55682728912128,0.105840037927744,0.712345381950921,0.0904233611891369,0.664055060247324,0.102853725735721,0.640351502481417,0.110552465652637,0.716741338030141,0.12144133207405
1.13635402072411,0.118960807990643,1.04977334028436,0.116748031990377,0.889246253786408,0.154897169894707,0.293807839072234,0.166620853771212,-0.511143346058341,0.16508046394204,-0.88643624111812,0.0173742311883013,1,-0.999999999984026,0.299178570002649,0.254417405165393,0.669931630961411,0.096996529389528,0.746987238727581,0.090690035916334,0.580866806274929,0.106058138613831,0.798310723155544,0.0995576824092413,0.394215487981897,0.150036396298724
1.04213341054421,0.114250618475618,1.00085607731744,0.114329576862771,0.861186937301634,0.149878142891792,0.265970985863992,0.140655772299217,-0.438953679068791,0.144209363440765,-0.899572241448855,0.0165763262024725,1,-0.917176344444302,-0.0382939746952892,0.245730416603474,0.686146809187997,0.0963432636752406,0.579377023205117,0.0922801845234619,0.632031459798276,0.100552848887066,0.576898680968849,0.111436596073609,0.560479417504065,0.139306290559149
0.977521469283286,0.117132094258955,0.841107356247677,0.118701751930852,1.03700707533049,0.179596367159079,0.368345566595691,0.216759864010532,-0.582407399557258,0.172282387592144,-0.88236759665971,0.0178884494285491,1,-0.942341463719154,0.0995819799355126,0.283658550457504,0.557035066969706,0.102116615149439,0.777786657013696,0.0898943569467482,0.614314790425547,0.10051465236321,0.747644243034746,0.117976977661299,0.647786404220695,0.13928098248029
1.07874145532086,0.128258673471878,1.00230203467838,0.130886993457138,1.02940113863265,0.195461326601192,0.792526552544916,0.268649904953675,-0.82496791963674,0.204616589136665,-0.874623499328043,0.0217446302043408,1,-0.91335125028059,0.0137948486712373,0.239890917078042,0.748635458791963,0.106700408166385,0.60246994009226,0.0931642388741916,0.682853252064942,0.108507129826495,0.557694592286733,0.114519330969107,0.617545148472727,0.128389146746079
0.810126276678985,0.121113347146156,1.00439460970153,0.127836240194625,1.1966526167292,0.205099748607169,0.666164105769429,0.264899501748839,-0.805151142836378,0.200065054998677,-0.919351124833613,0.0131370928071262,1,-0.901784470522257,-0.111004760327955,0.275793113168311,0.775298893608503,0.0992726619040835,0.699840508476964,0.0961668227849876,0.680756356945697,0.0979576877626505,0.602369916796085,0.10811402230787,0.678917595385278,0.146337753874633
0.956897298115897,0.129269609406476,1.14336863780309,0.120051401144197,1.20593840689839,0.2017788833676,0.609655589666458,0.22774445085918,-0.646171957427337,0.173145156441924,-0.912612978147835,0.0137629454599096,1,-0.75360411833194,0.0919369998500116,0.270754088975462,0.655935933397351,0.0955887278191011,0.768710710890213,0.093416523287218,0.752957916674674,0.0988934391728054,0.753372277869088,0.111228026811043,0.852729499596616,0.124507558405954
0.815199631679048,0.105830198170093,0.84920141725921,0.111262709450159,0.883985139892767,0.159789618804382,0.530060368040684,0.217729370458621,-0.53406179791056,0.153069909466011,-0.898781505570068,0.0170797716761724,1,-0.780200751626644,-0.39381498056845,0.25326726400194,0.656698698823092,0.10261349289157,0.799711228652095,0.0941274079521508,0.585572104429188,0.105447401622153,0.664222529981335,0.112064870837871,0.612077299691978,0.139861357756308
1.06166146910893,0.114607956520749,0.873405915497393,0.122100105385951,0.95095914189916,0.174707283216722,0.721439976920061,0.285498480425085,-0.723828366387937,0.189573247761524,-0.884499232471317,0.0194623970260714,1,-0.873885569521934,0.123391840790791,0.255950652883498,0.587632492089206,0.104681767908657,0.673020431395001,0.091109043940872,0.687016605768808,0.0944390555193279,0.652847888014582,0.11298453125418,0.720244201400896,0.139942823022136
0.983517695543648,0.121187303601417,1.20657683027206,0.12286769425261,1.08090051050555,0.194305111960036,0.347823698833368,0.172354941009058,-0.613158065774849,0.18265966323165,-0.89593187896151,0.0165891931832695,1,-0.999999999986486,0.350833715186449,0.288879300812708,0.549588389559854,0.110029308835078,0.644488435821608,0.102779342886682,0.714929270380784,0.0895604471193111,0.776232475909848,0.101129284650532,0.645397579360769,0.129979199912771
1.08675332573671,0.126023987588585,1.15897468513081,0.138964593915014,1.01761225442883,0.174992825934628,0.791886320876256,0.290764532286477,-0.775620748536329,0.194012477016863,-0.914650921197456,0.0124687280901169,1,-0.864026044508653,0.337825046601481,0.300347510999539,0.680355379659474,0.106198570696045,0.838278606300548,0.0870790428857588,0.805122290866047,0.0836329988218819,0.88355881419461,0.100384386698787,0.823935629313573,0.138120378965865
0.947208805284143,0.138673287390908,1.18725537474193,0.137770346824355,1.46971935741642,0.276639376597367,0.498862451842142,0.216902596926098,-0.696199838769312,0.223418705089217,-0.92493297165517,0.0134953389988142,1,-0.813066940331294,-0.175208924882707,0.282528429375312,0.702832817080232,0.111484257365037,0.829168046924927,0.106616028870315,0.801639983581735,0.108154635533674,0.836549036732888,0.113188229679247,0.628013048627292,0.147523314371714
0.778746824882299,0.105151388725905,1.00079944821893,0.112788788363922,0.760134966735827,0.1435852581488,0.464425022692742,0.179665602852588,-0.571783797948645,0.152798133125147,-0.872088622429264,0.0206006202394456,1,-0.962340324296984,-0.418369751069333,0.232440501476153,0.611466920395025,0.103177889679186,0.650704065821832,0.0828734060403912,0.655158726113338,0.0982985280810957,0.419177393032599,0.120378750695685,0.58930498073526,0.124586594996734
1.02196826465559,0.13084403845548,0.989504130456828,0.126568253926494,1.14766967174081,0.203414155149231,0.504976298604718,0.24254708330483,-0.558716970750394,0.180753324149758,-0.905540199494702,0.0154510600297124,1,-0.733918631724895,-0.293830487728752,0.284543619813519,0.784516738182927,0.0918928587029385,0.790179232971439,0.083594183194772,0.867181420277849,0.10319815003344,0.825416005737533,0.119922082810778,0.710177077164915,0.155096743283222
0.889435176830221,0.123743843247847,1.12834855506718,0.138247613868413,1.35192299301928,0.246524790653448,0.749248076931227,0.268887932946082,-1.00644210100604,0.246698908755741,-0.918140718963429,0.0143496601860512,1,-0.999999999999337,-0.248772368773083,0.221077624622779,0.705638271172795,0.0949476854986834,0.804203503785216,0.0943310727007747,0.727804946131376,0.105380209929231,0.660871008657338,0.125727978857664,0.846256165062695,0.132630661430573
1.29078875460428,0.134977492738237,1.06598795120106,0.141937809474361,1.26989430108606,0.268243173658086,0.901060983380937,0.356895241869461,-0.83084443667132,0.265056512582336,-0.923620292273601,0.0140995704353296,1,-0.776709892713342,0.366077712315759,0.223643935764654,0.826539471119885,0.115558208992962,0.776141434620713,0.11593454729844,0.825510321134767,0.116690603623075,0.86323806912634,0.117700070244726,0.741658528902667,0.150165796436334
0.88149487317205,0.120682328294735,0.988035059873768,0.119317276903603,1.03845140202743,0.187103252407405,0.361303540746649,0.162373768344306,-0.512872870101668,0.151529818569242,-0.890536884586436,0.0178053874563794,1,-0.83729891624113,-0.402164781975102,0.274412925949196,0.721646591085948,0.102836404885577,0.754083971303391,0.0930384082229432,0.564487355157219,0.105325257003673,0.926359301931996,0.0973162464886879,0.414118830774116,0.145250079906321
1.0900020993214,0.116250299694485,0.970551378204793,0.113887313335464,1.05595916692756,0.172187266733349,0.48628087303945,0.235593135097268,-0.713538068151791,0.175670301437047,-0.926022113281129,0.0111675392917827,1,-0.995749259245208,0.00130080812529194,0.237931048743487,0.858741186421839,0.0940361496322925,0.786035316372808,0.0914237291112594,0.749835227441913,0.0923059018484861,0.747461399113587,0.108528475243373,0.795090308893538,0.125281659981385
1.05561101109693,0.121058019245114,0.953658912322579,0.118471719559942,0.875048496116061,0.161662251516963,0.467272564105716,0.204800035723932,-0.593678748555027,0.151320885434854,-0.887591208529984,0.0180866404087147,1,-0.928432427339616,0.0596243745018437,0.238961095725077,0.83674839921766,0.0873018458420288,0.623196310678936,0.103302352340126,0.617371404857446,0.104019858542721,0.644997986879708,0.127600706236893,0.50924441241531,0.146175208587498
1.02294660184063,0.124689406354361,1.01012397027935,0.125961483658546,0.970549596250963,0.169021113102392,0.678059256097534,0.260774480420821,-0.662161962768985,0.159726351616817,-0.889923984099495,0.0184466859382914,1,-0.81624688793005,-0.206765308348534,0.257793805456103,0.706802886927564,0.102636802572367,0.681557134445624,0.0887819288202535,0.870072681093847,0.0972231407075713,0.690366346319236,0.119570614682156,0.682238720364899,0.131345481516994
1.02233883340963,0.126071394867878,1.24840377793472,0.133652739599663,1.11911061647021,0.201234445143091,0.508509452635159,0.253636828266154,-0.737989606554253,0.224281432568325,-0.910625291602111,0.0146442826221336,1,-0.978282359726489,0.327455517466129,0.276817211416947,0.550076841972977,0.110080583204769,0.810559669458148,0.0907181631695284,0.684808253468052,0.112628363407736,0.814344373359469,0.119644082530561,0.689230113148269,0.126311378292084
0.875457322110349,0.100854305788322,1.07222962757096,0.108806753725527,0.818975962448317,0.141103545357737,0.471151781526398,0.200595019934612,-0.58311886295876,0.154488702592338,-0.899237651663027,0.0159579722572362,1,-0.938730857524627,0.096775322531853,0.24100485947036,0.534119068565845,0.108804286185986,0.602377462872752,0.0973583567900879,0.610869120468935,0.094232432831909,0.82096436576719,0.101153960987984,0.690594860921189,0.126252794248659
0.886017233335801,0.107110267536252,1.10939265407345,0.108786762835303,0.945771786368312,0.152265845098132,0.466122112133768,0.161979192465411,-0.663961702696917,0.153204362551114,-0.888046133730035,0.0167689502267898,1,-0.999999999988278,-0.10232136985209,0.244902691582825,0.579349041627526,0.0905255111291325,0.790426228690574,0.075051934632092,0.700979859934478,0.0944426105301784,0.651311094843465,0.114149417002139,0.5596132837027,0.140351949266142
1.16251414871843,0.138574855836595,1.25130645868533,0.157571153294885,1.22067164718445,0.2384283621667,0.939023145273996,0.374765249992796,-0.845896328824359,0.240115713793961,-0.931514552606897,0.0125206776619135,1,-0.790095454054665,0.148562867701972,0.285814294445516,0.798822696235243,0.106624009687247,0.787557991714842,0.109379211740144,0.771314458062368,0.113012336539738,0.906330924994895,0.111256815618007,0.885219473996389,0.118313752977398
1.00956713833779,0.115449919999203,0.972312863418125,0.133626861400271,0.906264395225539,0.177779495887968,0.682558144766723,0.28427549406999,-0.701159020782572,0.196349702641315,-0.887635274272562,0.0205975837246547,1,-0.891495674127951,-0.111837223574504,0.223797835840681,0.710219699268367,0.104174979785262,0.661527416249248,0.101922331647315,0.665684513071231,0.107979570285689,0.550456206741495,0.117635947791517,0.894323407180695,0.122267725394763
1.08489228460213,0.125914665000538,1.17007497137449,0.121202865864447,0.890942487144675,0.161973699684844,0.374564301212608,0.194665053390414,-0.577680341945433,0.16255012254292,-0.918600965601796,0.0135405461218393,1,-0.999998992182536,-0.220179900460611,0.295647655255064,0.812871500800803,0.10063446119399,0.669357890833855,0.096360742557432,0.738446282047761,0.0987604116034506,0.590427988756351,0.115059497014446,0.670389889555287,0.122416307988525
1.22378762011381,0.132792100926013,1.10659489789526,0.151568515571842,1.34545201427866,0.256096482068441,0.967157114324569,0.37369200736232,-1.04426740011746,0.285179560921293,-0.926877708136853,0.0130101141434669,1,-0.915438342157283,0.195846021175918,0.272291992869021,0.848579949337536,0.104670939526748,0.645756194046035,0.110091082347191,0.794853302331341,0.10849471147698,0.908713728183366,0.103273705174556,0.900224377652777,0.116343636628304
1.11651497996664,0.125914755066603,0.866933940272255,0.116832343833913,1.20714504401158,0.219760852952748,0.428602377534211,0.173225059244674,-0.719294957504212,0.18795501473936,-0.915625283868157,0.0144361259434923,1,-0.999999999999019,-0.125735846065263,0.238211230124881,0.704113276701882,0.102441769820885,0.70804523248161,0.100852462472288,0.725085262688637,0.0960981903655323,0.517448038912027,0.120975613348742,1.01370694741815,0.118162035969517
0.956926929169536,0.127950524447027,1.0735367830532,0.155983002456313,0.942059445629572,0.185227342945645,0.729892773021128,0.313599995009895,-0.724746783406763,0.186038512737019,-0.923220434737411,0.0147691969149757,1,-0.874012432906774,-0.222149348441278,0.285952389290825,0.71337342931693,0.114317345975764,0.783746457335119,0.103351284062106,0.744395039763115,0.112854922719281,0.841284462464532,0.121005551398154,0.681256583912273,0.145194860108305
0.968796430229868,0.127479859344756,1.1494748436009,0.149607071793441,1.13708989671773,0.223481509652901,0.926837637412278,0.397296546986549,-0.866505937088585,0.243668599540631,-0.900402954424926,0.0174667344067955,1,-0.844058041082962,-0.401273158038819,0.260278171367121,0.750329533846896,0.103106829341075,0.819902475617557,0.0976383540584739,0.711856698125685,0.107443203132996,0.550220340480262,0.137702734147039,0.756397311711487,0.129954515283884
0.849093209497447,0.111465802188564,1.02198057828724,0.129302604423282,0.775494793763626,0.13745722676851,0.65449277692228,0.244319009223436,-0.712429463918157,0.175945720585108,-0.897764788061427,0.0166588966837743,1,-0.999999999999592,0.00178334056121615,0.25682926609667,0.56784037090903,0.102320890413276,0.50554648777625,0.0979709174450306,0.777456862424776,0.0981310645136063,0.544849393193226,0.117479353995132,0.705610904081834,0.118368145110489
0.928420470866508,0.11673322793244,1.06545912858153,0.125070343632109,0.89831903577691,0.15453962447602,0.752543449881518,0.276036268781175,-0.757769216694753,0.177975582496026,-0.889770141459185,0.0173164728043972,1,-0.921628438783869,0.103169848330585,0.261833773290661,0.664320017749337,0.0966738052203673,0.6556589907019,0.0950910671497725,0.684146426819695,0.0976877352474784,0.856693995185913,0.0982933899677132,0.667452755588516,0.10999655107398
1.07803369843009,0.122825695391793,1.00479830578256,0.122829496653271,0.963075245359446,0.173675742172156,0.614146032880779,0.249393978454656,-0.608509347576636,0.163173799075178,-0.908513289898617,0.0148349497686267,1,-0.791227400410762,0.0967196307947734,0.234821788113449,0.724100952246368,0.0986511851437895,0.831933071868583,0.0899632998496443,0.678535067242212,0.101652699311206,0.728503166505159,0.119490476033823,0.673184848470756,0.130745355266176
0.995058993996917,0.109666229618369,0.94128998553737,0.122239626481269,0.875458447500205,0.150114443663692,0.551699609423475,0.230513706234578,-0.530833029798595,0.152684221529129,-0.883699634688936,0.0181489481590168,1,-0.763816139587278,0.195047496904262,0.223733280386135,0.648147693361779,0.099199123695499,0.60763431351161,0.0975357567246184,0.74375060983498,0.0936055429987615,0.768083732402202,0.105464286963793,0.727379270514529,0.12932991145113
1.25053239927341,0.135959367540056,0.959960594930085,0.134582248799159,0.963445856155214,0.17873745633925,0.477250268656432,0.264057376774672,-0.601689383495376,0.174460437698032,-0.916711082247047,0.0137973210288125,1,-0.887330891537494,0.111484635053955,0.274490402698653,0.779814959911113,0.105520566397732,0.700843325153923,0.0967528208049323,0.785490885571504,0.0992917044397466,0.757735831396264,0.107893854723173,0.781090499076977,0.126958805607917
1.03288014096092,0.124740879884208,1.00865324749483,0.122953291621842,1.01475947276441,0.176919126721204,0.606769538467935,0.274901427656703,-0.71014026964564,0.189452760011948,-0.914935432350131,0.0133541734489352,1,-0.905004416724491,0.0631071337119197,0.26831424803201,0.732542262846477,0.0955200252790138,0.603441748311565,0.103780332186371,0.672896620831584,0.103442892528374,0.841202531677487,0.100188898195155,0.750617649306402,0.112449759980265
0.967290561864802,0.122608614964347,1.13809053628153,0.137385277127458,1.05012893748342,0.195604221893905,0.624889878844218,0.243086779688202,-0.81007094995464,0.20031892001694,-0.904015150202341,0.0157318869319502,1,-0.99999999957757,-0.386046896256501,0.292171213658853,0.885547262743771,0.0965926192545136,0.782397708590612,0.0955408087532217,0.620106211320222,0.107238761349827,0.861101227663264,0.113030014956099,0.605967893139485,0.157362913503997
0.965594736774803,0.128789124484672,1.15773490456735,0.13513754431365,1.41606355681923,0.259028729649967,0.716370694797327,0.254991024984926,-0.917739386093612,0.213931933362374,-0.910634167345944,0.014898537649746,1,-0.911190308020852,-0.0822887924280778,0.283462690756521,0.624285927634581,0.105095510002594,0.703550263511017,0.100097176844555,0.773542367130332,0.101629383691111,0.850196004018541,0.105555556221096,0.765335199395675,0.124412520048956
1.04843744980563,0.124032343077229,0.859207079140138,0.107202378746578,0.910125462403521,0.170260144333708,0.284168075209064,0.124689101741336,-0.508555405877461,0.140161401666124,-0.890274553498631,0.0185321824336814,1,-0.999999999994628,0.332140867882983,0.234266455692306,0.670539969461548,0.0998659421768907,0.588943351187925,0.103397132774636,0.487415784734542,0.113559777511587,0.639614600261175,0.117929368597578,0.781051847429296,0.124556441443577
0.863557291418559,0.115169686784291,1.20878358142689,0.136502271253384,1.07823297173331,0.200736716871003,0.572818905520673,0.249730889714568,-0.785895811934689,0.211405560691032,-0.914398815772339,0.0146057162853793,1,-0.999999997127666,-0.461736230647766,0.263880290967871,0.718906337751244,0.106770935979807,0.830029265780625,0.090825184925624,0.614545618936223,0.106293812484189,0.776641427936254,0.106081975900327,0.760316428749994,0.136228299197301
0.906363224061255,0.116976245385422,0.993362457152626,0.139701402055016,1.13822573704194,0.219866873921587,0.716247924894045,0.305662011942723,-0.855302640099603,0.219252062669049,-0.913385523961071,0.0150529423644062,1,-0.947270305479707,-0.154706033592864,0.24377604087029,0.77333985084539,0.0955834417335841,0.678659071588073,0.0964304325321028,0.676531201818343,0.101631135397266,0.77489758003139,0.121302093955854,0.534145804360303,0.155985083525382
0.93111248113933,0.103062930411431,1.09061894286245,0.110201399059603,0.727151504941918,0.120361200142712,0.305389915157849,0.15660067017362,-0.41794640829274,0.118531020166856,-0.866049296441704,0.0192971255900275,1,-0.886912545467317,0.056208930132228,0.237934666126244,0.685939263399419,0.094934709726458,0.482458645120441,0.0930655266986269,0.667078737040827,0.0910575642240703,0.679943438334615,0.106260783058993,0.486656478858747,0.134741284581852
1.06954133887674,0.110570467340526,0.779801549566786,0.112390255136902,0.887702881534955,0.151142450051201,0.603051211844976,0.215203356554834,-0.731662694460855,0.171022268929491,-0.893354364084399,0.0178646808461868,1,-0.999999999997933,0.180898926079951,0.234956410808308,0.495439412537408,0.10352855396074,0.806758932137319,0.0888208792606117,0.790412162117828,0.0991617501893557,0.458862670429967,0.113865942587386,0.566200532021777,0.127833495102727
1.06435642248353,0.105228784521856,1.03631895327217,0.10790101339549,0.731562307430083,0.12001499910843,0.402235986357309,0.172213198225238,-0.537289778196101,0.139964410357529,-0.906728180150071,0.0135566977216283,1,-0.990472578605076,0.139044049386549,0.251119428834167,0.808015678457553,0.0978647968090077,0.727380350197922,0.0934783093101066,0.602498931031934,0.0933296758030017,0.731350092387922,0.0989622055559665,0.677200444554465,0.130680295003681
0.985170787589694,0.121012417578667,1.14105560381511,0.143827951568701,0.961156886689038,0.182222914204731,0.686311456655668,0.316718618004843,-0.696598546780898,0.196609657153656,-0.914945149681653,0.0142069011313436,1,-0.857679043706181,0.245577210587223,0.266067016213641,0.78252678578644,0.100411287946309,0.649032569844813,0.102929493691269,0.721005446664703,0.0954195165851305,0.672169479205278,0.118477554962724,0.852175671916815,0.144220667433219
0.935042076181869,0.121048004416647,1.09583673433053,0.134840899511891,0.85910716478481,0.171084152245927,0.845569322894969,0.292262769806327,-0.763544453934227,0.194665337460556,-0.905171816913015,0.0171411044953744,1,-0.895851545472985,-0.354829085350057,0.249206348653123,0.705548600133108,0.11097414707232,0.758184846424774,0.105613618764788,0.724815368667594,0.109910577760714,0.732458082681578,0.102683420582908,0.774425389578194,0.123650199216482
1.06839243902128,0.122775337242706,1.21699265902961,0.128660313305916,1.2420824049971,0.211486519786277,0.659333834309688,0.293562905861321,-0.854517213322283,0.217559138500929,-0.896098322206563,0.0163260777130069,1,-0.944262906035078,-0.117568138022824,0.254429021914998,0.778616024001867,0.0956447457329731,0.81701980312426,0.088049574927886,0.801472106144388,0.0995568786538972,0.49331781647064,0.125830996210546,0.794830027273956,0.125065250819754
0.942271120742528,0.122290266667213,0.835716102873699,0.115403808074388,1.00818636144074,0.204469853789889,0.232278517591717,0.125758149709251,-0.483921515793273,0.161783751450703,-0.906345159763881,0.0183205652477078,1,-0.999999999906089,-0.0842825613316556,0.270020281235606,0.679017578687362,0.109604068522889,0.596855917275147,0.10369942151078,0.667196032740784,0.10154235338403,0.758525357504566,0.125365124020225,0.596880856422397,0.141658164391536
0.892930952017767,0.102853907489159,0.982374501648835,0.114736005218246,0.885917319123787,0.149222875039337,0.571655281816452,0.214623116437385,-0.654662228633538,0.167464071722166,-0.876988319321317,0.0177366710939354,1,-0.919927450583293,-0.045814654457262,0.23067848679048,0.626793311068239,0.0974648882965817,0.675844342618822,0.0919259164036255,0.702647948114148,0.0899768004016625,0.609555374793657,0.106939761080832,0.876104352922138,0.12284492766465
1.04110676935055,0.122791082108996,1.18213489373768,0.138941767559824,1.02792590096756,0.201146651434114,0.378963361199663,0.251062214629333,-0.541884960629293,0.174067207039604,-0.917435428110671,0.0142550535464322,1,-0.86821559291395,-0.0491959395776474,0.218416278804542,0.877894131408394,0.0982109999674896,0.717671326548434,0.102098001217115,0.710409794643229,0.110160667003667,0.689471356763752,0.115417786679215,0.773498768597467,0.12094155678565
1.02220383616099,0.116619586878785,1.15583638606168,0.117901911421637,1.00530275929039,0.158956858057691,0.46213082153971,0.171862910855812,-0.681602076016072,0.158221174194424,-0.904031773853585,0.0139963714608103,1,-0.999999999981075,-0.178133461711788,0.236209979838912,0.711246615610865,0.0900610474210019,0.723113954984633,0.0924068675214143,0.688764154317861,0.0891630727908449,0.640429871839113,0.101993638463544,0.721114143596068,0.117847248047376
1.18268764016736,0.143124262970665,0.992436273043331,0.147872629538369,1.42978946199631,0.2815384892395,0.85334584966705,0.328798057336507,-0.810650369995264,0.247537522211979,-0.916730592648088,0.0147068270764401,1,-0.733896808412449,-0.111156110928773,0.290900432619987,0.702021202361077,0.116459749099651,0.882667447513958,0.106854899148431,0.76842308530279,0.114127962824514,0.830723059573539,0.120884131845434,0.855817954442186,0.127137608565811
1.00382605737741,0.11990888569727,0.978719813386445,0.129221471388076,1.17000854359696,0.201619067047186,0.727248780881549,0.283605868408125,-0.839881466626846,0.199898075022834,-0.899361287000666,0.0166800444524058,1,-0.910504256622027,-0.239913725637727,0.24956537952338,0.804935308521676,0.0911589040195831,0.659457683093232,0.09391172080383,0.850820932692188,0.103848191862788,0.641008994290416,0.117095419210118,0.71539319258115,0.127618358999902
0.756751199368919,0.100558988575054,0.88912747653126,0.130175237659897,0.618381192438158,0.11662562996567,0.801194210816236,0.338910451706497,-0.580494554580024,0.164025307440963,-0.890203517043253,0.0183897458846229,1,-0.824709719008488,-0.503402771886244,0.228240441381534,0.676993685155579,0.0971524398282366,0.582766706157644,0.0953996177769427,0.599624157964937,0.0974999580643172,0.646092754048581,0.112570412526688,0.568971597499701,0.132696491400225
1.06918795602514,0.117205843052899,1.03314670982257,0.108476500047337,0.884767767760475,0.152857304196641,0.235268958174127,0.104014804160836,-0.456243784556167,0.123487120929599,-0.896903062069077,0.0162271231664987,1,-0.999999999997789,0.179646510320371,0.239051801851613,0.740240948325624,0.0978770453810276,0.674183382207021,0.0917357421491807,0.799840124472563,0.0881112398211346,0.578550508818695,0.111351465705112,0.830754371216765,0.133089822772456
1.06495489513716,0.116429964301631,1.00797243283815,0.118329350065848,0.931714297359808,0.169362134048785,0.586046598886655,0.235880120811636,-0.738937068753787,0.188218428737195,-0.884164682270322,0.0194531701400208,1,-0.999999996773659,0.544020935272144,0.249389733991778,0.65526612339379,0.100212180638544,0.576749339030625,0.105457111105096,0.654086511322746,0.102804328805622,0.67804956965451,0.110956853234125,0.43955267892809,0.131933518325692
0.919880060645414,0.10300461919234,0.883575820245025,0.111278073137752,0.906862645021002,0.159798643826015,0.535624005580539,0.174404017028255,-0.605437525576415,0.152857520487336,-0.892404992422941,0.0176562676693034,1,-0.868697481487075,-0.100170692492532,0.227467032867866,0.631168147395343,0.102246925490384,0.631471396998404,0.0925944015547472,0.699142974212847,0.0992482992397803,0.736845365857475,0.10849761861928,0.638907251960843,0.125720618894732
1.02063631447314,0.13067305056038,1.17599489106154,0.147270652204467,1.16384761158856,0.218139206661446,0.739314818005631,0.306558877952808,-0.668217032871654,0.214844224243263,-0.910027583515244,0.0152812129745193,1,-0.720368603641691,-0.209487910366343,0.295109988322912,0.823642149345727,0.0989920726476882,0.741911515497765,0.0997552996074989,0.636039229456645,0.103394949894445,0.853250321924759,0.112707552484103,0.837891191596439,0.128747686217196
1.07806500008748,0.123751500354579,1.21478319580241,0.136537272755279,1.24166650417674,0.223710248150981,0.630545323443912,0.298971298709942,-0.828921084770803,0.235298572218018,-0.919570393377125,0.0139086092567193,1,-0.936812224860658,-0.36336001157004,0.258461451840583,0.819883788377521,0.104962386152535,0.807581089068274,0.093436578909418,0.818010869134571,0.0997280979084193,0.752060518138689,0.119669224420746,0.690288940175806,0.118389012869983
1.0880571851264,0.112185388152134,1.22697369454606,0.119566735525531,1.05892929317318,0.174390301217528,0.521877833829998,0.225144442130413,-0.743392040227248,0.193743048147808,-0.897312123209693,0.0161414669014911,1,-0.99999999979451,-0.230940874808079,0.234144221174676,0.891683632182929,0.0895626650518031,0.72751824155948,0.0941734807648258,0.631520102858377,0.0872800780217704,0.613542974557715,0.102716382062219,0.808614965510494,0.125545162838466
1.04147197883432,0.122110660120945,0.893327067675441,0.118623214182266,1.00807512954559,0.180724681895266,0.653353248266914,0.282392553755572,-0.790005153391317,0.197588595124014,-0.915899466256722,0.0137097014276554,1,-0.973440580110118,0.233574742528865,0.276226797735856,0.62108677607552,0.101466769104368,0.660750033709459,0.100177553233081,0.772045586258543,0.104137063424691,0.582915174964758,0.113181994501027,0.752914003306228,0.117291154314993
0.87068410428889,0.108272265907373,1.07099925842502,0.12409891742488,0.784819773646707,0.143060080077499,0.296903175703081,0.142095185063707,-0.482716771286943,0.13342240267428,-0.892501761896798,0.0191755616008199,1,-0.999999995990416,0.0194151202421187,0.206896225436267,0.602076435149342,0.0977757497199166,0.757089185494421,0.10348758986414,0.555817148296719,0.107564623698489,0.680889374341302,0.109948736297406,0.592125632726981,0.141897697811281
0.921997377549466,0.112921351908931,1.09400639446949,0.119889792544193,0.873558665296687,0.146251957507033,0.614181885007736,0.226622806158808,-0.732477923018268,0.175028187118423,-0.895615748806025,0.0163833813444353,1,-0.999999999992912,0.0988713046743236,0.278854491562589,0.593370705160844,0.10513748115015,0.612214909737451,0.0928721796162497,0.788815036804424,0.0874383384070195,0.6144584277667,0.10386699175677,0.686929257605797,0.1325717030358
1.01759128850837,0.121575653688476,1.13929885849981,0.126311925679885,1.06220322198846,0.183134793523285,0.695985230726166,0.275886572857352,-0.619224110445131,0.186544076130925,-0.913741000273277,0.0134840020742197,1,-0.720184945635344,0.248222831988044,0.266059267874593,0.732198896054056,0.0975444000781044,0.615502130206541,0.0984048038384982,0.631036900830856,0.107523959047914,0.817282739985222,0.105499643463153,0.789988442945785,0.1316278325279
1.08762269404857,0.127548764907815,1.07567076998194,0.139350956340893,1.09429715299176,0.197474926464515,0.607258176998822,0.266709883784867,-0.737522609647866,0.192826484199955,-0.906539389150921,0.0163620954842557,1,-0.904734222519101,0.013254829393011,0.277389963876724,0.70390565887808,0.111208917544288,0.73615129502566,0.0935269450662064,0.741049147728418,0.0953626422314962,0.864106298663602,0.105456038089124,0.642262785807187,0.149498356772401
1.06897946519153,0.126632500087347,0.946167222147189,0.126742540185582,0.87117622062682,0.176451108203731,0.663206337792694,0.24030037932931,-0.514820846065626,0.153129326744532,-0.870161277258124,0.0237441437947448,1,-0.67729642587481,0.154187438811815,0.261595081287084,0.753215629672373,0.108078753013192,0.52170159647079,0.110401872611949,0.614935298631702,0.121023436965647,0.661519470398334,0.128340579892648,0.65086127312643,0.141383676827327
0.880130965545023,0.124437149641613,1.13748534415632,0.135487861346317,1.09935452852757,0.219999962482189,0.59375857040191,0.253400429298865,-0.807930178240819,0.229683759207169,-0.910243928258094,0.0165559545706497,1,-0.999999999761659,0.00292248653438838,0.263538573055999,0.751751070206354,0.100929922853631,0.496718298829908,0.119785785778421,0.791074778825561,0.106367823971958,0.805255309498414,0.10430214897258,0.690498260003271,0.145132410918534
1.13832225345418,0.150877028173876,1.2267250560952,0.166237645683918,1.68723928528769,0.336195114689207,1.17360879010542,0.455037326935139,-1.19720334551019,0.339889685395955,-0.924260961207401,0.0142331442908006,1,-0.850781241038188,0.0143655141633452,0.303837150789317,0.840301951343153,0.110405469851434,0.94695140290698,0.107424751307376,0.885468411662765,0.116327469139133,0.815388186343805,0.121818274585206,0.955250232744352,0.132208550406906
1.01839097107382,0.10586146949674,0.914212676994299,0.11609227334637,1.01732249707576,0.177645417260898,0.5784643722915,0.259122784823683,-0.734478060226016,0.195762489132578,-0.884782166685014,0.0174857885607481,1,-0.957439179165005,0.110467323819187,0.215800785031899,0.567858951859166,0.102265601712804,0.664540531260211,0.0897748896804032,0.687509581516394,0.0881668442633748,0.821424362294914,0.101078759325636,0.652783069178537,0.131550692559269
1.12574129655755,0.136200135757238,1.08391697401996,0.133463586692562,1.03937811501173,0.199732585181306,0.612691068448294,0.291628124072936,-0.576514079074899,0.194939653663768,-0.897014962022115,0.0191482806051181,1,-0.72244095641936,0.457278740914185,0.265336036632924,0.586701005032237,0.106393240084741,0.701717599563469,0.0972197944002654,0.7716167340165,0.108305379370279,0.66834402113409,0.126707011525823,0.633900125182876,0.147640701890783
0.898532342601927,0.104115910035896,0.813000220532091,0.0977727214649618,0.773493470562467,0.13187800574066,0.222789381987586,0.118797045576962,-0.415121827603111,0.125093218358793,-0.848661789828608,0.0229835514862664,1,-0.99999999847528,-0.0720899946361538,0.233739096364797,0.547899649155539,0.0928787892165008,0.525867585034875,0.0959437839984087,0.523191206370849,0.10489299418993,0.535947544558905,0.102852836511466,0.651187956490031,0.109790739862379
0.900622835973532,0.108381444037999,0.917688201433122,0.115273203378395,0.667001672699695,0.124316553842024,0.438635423356564,0.227955114100962,-0.503832087362735,0.143659539224733,-0.890653636099681,0.0185491006277916,1,-0.931473514094776,0.263931929685558,0.267539365574483,0.548847802433424,0.104371029776778,0.395047212343721,0.112603143713895,0.47411141312818,0.0967518019881734,0.558650639904802,0.107711332401788,0.761942966283264,0.132280100297096
0.879625341010066,0.111539048658874,0.951010614159769,0.122539788187082,0.802483047557865,0.155725076328946,0.448549946928716,0.256104651522473,-0.548972195657388,0.170660988483495,-0.885001266681738,0.0204733568654485,1,-0.915012465619995,0.0889763740877218,0.254116752882256,0.512774408878727,0.112237753552008,0.766791358200151,0.0977050496397166,0.639292695417016,0.104915887142235,0.693808867496577,0.120805458672273,0.502272114368583,0.146712932220662
1.00431223823938,0.109230549258997,0.9252571968365,0.110495445715381,0.739272754470749,0.117636795627121,0.388581357914499,0.186217452400115,-0.522324893518838,0.12944859765395,-0.880229569355339,0.0176076908628141,1,-0.974534892237021,0.268950362392701,0.243553324815074,0.515565161229494,0.0980416157803154,0.458696999227463,0.103186475936016,0.575006564927293,0.0888851008807312,0.474374509702929,0.111612050769949,0.490999066624214,0.131151947026657
1.05876432908228,0.107205770722028,1.0954461314241,0.131112242378254,0.96649541836478,0.155201248271171,0.64351471404509,0.242149902546248,-0.773719786188403,0.172702080515442,-0.89689637874201,0.0154861435874342,1,-0.981080316578351,0.13006254546793,0.23963241675007,0.593063696748504,0.096310133558731,0.595306099871037,0.0890674068440631,0.744792035784027,0.0901596558299589,0.893296895984859,0.100627169852297,0.738918708257844,0.11689649434294
1.07904635817156,0.124791059035003,0.828815463009193,0.125357069651363,0.982012381636534,0.181413093760377,0.959221782336373,0.327563196100835,-0.903348876696846,0.212086258987724,-0.901044073922358,0.0165524826666827,1,-0.93075957129835,0.0121594643180691,0.248206275286479,0.752720376729049,0.100287115792147,0.663564065442933,0.0969765826978261,0.804193142306386,0.101359134762477,0.690816938745384,0.114504608970505,0.624538710973891,0.130271275956056
0.959645686333932,0.105775775686366,0.995461724554397,0.12817706672813,1.05486626071462,0.190922557404451,0.85597422828366,0.288036131786727,-0.906229406593182,0.199967066058474,-0.871626436490754,0.0188640660730442,1,-0.953694120350234,0.0889116830656676,0.220113498926923,0.678760544978245,0.0970968464561596,0.60885308740742,0.0964210814897647,0.595966476644461,0.101109588392898,0.89737237677551,0.100972904608035,0.64091480812603,0.129510414652468
1.10102175755182,0.114038408475141,0.928404775860526,0.121771075082153,0.963784901013527,0.165050090639883,0.315114269839316,0.178444549273774,-0.447362471213372,0.165954321789698,-0.895585276288884,0.0172812307869027,1,-0.811774592639722,0.257611391881579,0.245859395974675,0.704763342033761,0.0926830075925993,0.731686543419176,0.0988970871033517,0.715097615007071,0.0946372818795421,0.753126550339509,0.109998886446367,0.671361669024628,0.127858275535754
1.00056464895205,0.1372863391932,1.19948494420668,0.153868301283947,1.05545085840318,0.229286187423661,0.673854785362083,0.269804697686191,-0.63895007625774,0.213596306880645,-0.907142908003723,0.0180489336603684,1,-0.757643251389621,-0.0525693874238844,0.250411328508981,0.787594644139156,0.10987528246354,0.400227973930237,0.124524800205841,0.82667903449047,0.115171047231978,0.886302518908123,0.1220554513767,0.457508799829758,0.151462029481891
1.00806644365699,0.120876237844917,0.930155280298325,0.118847290485907,0.967944844758183,0.181526013377127,0.552873132632126,0.210918207971947,-0.73153994985418,0.186690982489735,-0.884136331525009,0.0194734684637506,1,-0.999999999716045,0.00178261696005342,0.261607574114247,0.601531612279998,0.105376819243284,0.601566924121468,0.0940157734201522,0.605533849105527,0.100987679442701,0.753687838316028,0.107338919458469,0.641131085978202,0.127793939068091
1.1118228755538,0.132472039035285,1.10258404482492,0.127854847834621,1.00484746384829,0.188038088649055,0.553461518386796,0.260834059360511,-0.714636634946321,0.189979710794896,-0.905678662196768,0.0159254862048294,1,-0.958277939830213,-0.155871159708436,0.269732819345288,0.92617340207677,0.0960685724117257,0.601925635796185,0.104566813314595,0.762793183042282,0.100106090557926,0.683610007473952,0.115232838022538,0.489752376884005,0.149968952212135
0.900814334236682,0.121325291021635,1.08228008032487,0.13911807149058,0.983560221130605,0.198077494102122,0.713364934562497,0.290548827338197,-0.79606832242299,0.220079890158127,-0.92954722282876,0.0129339126527349,1,-0.950372772803224,-0.354370351474401,0.262530208086987,0.744818199131435,0.108298763162175,0.623220872663161,0.11944004963133,0.675478606679325,0.10753031093192,0.782865498059727,0.116506111992688,0.633686121214081,0.130298030183771
1.20968926014907,0.144645530321813,1.22937984737913,0.149934859128473,1.11372326704358,0.221213602216824,0.806533515978845,0.308897333514892,-0.816655282510827,0.220574896801115,-0.908024763580418,0.0165250628764531,1,-0.861665926293917,0.492413901868582,0.266593511504676,0.815920574814398,0.110545995798442,0.736573469606466,0.102607900775683,0.754814736421449,0.104161924516525,0.745214327903256,0.12719680075692,0.654186562359023,0.147262423884323
0.91972943222539,0.125537547771786,1.25463718283585,0.146675564462895,1.05401188879125,0.192251965552158,0.844057645969071,0.336552957331792,-0.808241771252945,0.217814828280501,-0.914218004927987,0.0146309477741001,1,-0.856904616961918,0.00736726794215056,0.247681664486308,0.741753926729083,0.106694690522808,0.760034766502279,0.101392747559888,0.720025920163815,0.101376121435571,0.720713568323685,0.101986114087931,0.742680248808614,0.141308896218619
0.983618710003613,0.132564334801299,1.00920608615802,0.138520361190141,1.06456922065677,0.207842295186978,0.686786137844664,0.305847102162213,-0.561496105816909,0.194151110988515,-0.903708617061048,0.0176597783979419,1,-0.656672811682943,0.0462655098430443,0.285099101279501,0.723932371101013,0.102005353386991,0.685692637183662,0.102920715466959,0.734940204549309,0.119093444221701,0.68458629831478,0.132690674497376,0.639937343865489,0.149109002977488
1.08760851298407,0.113209731298192,1.06006205276818,0.12811432626754,0.968736313480397,0.165392456836668,0.628100431708811,0.226447629031335,-0.780040830130711,0.18423399104895,-0.912525890955874,0.0142324663675044,1,-0.999999999968749,-0.140002564929076,0.237175359069392,0.711302693586776,0.101250493681586,0.768048037970606,0.0968295155508206,0.704781097564494,0.0941564546347017,0.676003467191194,0.111994925848843,0.744693615901215,0.115864589375736
1.0738937404351,0.119784568012183,1.20884559568718,0.138344847133772,0.886756523346084,0.16432477218849,0.532149311052737,0.221241969419349,-0.588910791598586,0.157784895277637,-0.898995777176973,0.0173062387822148,1,-0.857295540444446,0.182185183494679,0.252366546333618,0.807727404957718,0.0964713493410323,0.76873401459177,0.0976661406890095,0.763347403390351,0.109389729197874,0.814081878530507,0.116339724612322,0.612479373203533,0.143408529749646
0.957462022538248,0.104150674351399,0.959308288088437,0.120008569550133,0.849413717159029,0.150148832839735,0.531584354012906,0.20803032850394,-0.56417206078789,0.148203945706636,-0.899757651622375,0.0158690002529209,1,-0.839587269722889,-0.18295256909163,0.206048075836121,0.650262638583264,0.0962798260164692,0.789216337906803,0.0858437752330822,0.734646842569713,0.0955909808396041,0.768839012165921,0.107223323872905,0.710190363566287,0.128510733721273
0.892894926819553,0.138859699047971,1.10448124848946,0.148505404106507,1.23013222912937,0.235114664400795,0.666896489542232,0.289285664302048,-0.706397122334746,0.198914153965179,-0.894276509275529,0.0214108979890191,1,-0.779908775764333,-0.18532247765185,0.28102490809198,0.634118077011276,0.116331477860331,0.808577633967485,0.102232585323722,0.762735000190251,0.102347286361568,0.745278384429055,0.127790829212568,0.672910083280418,0.160588677482848
0.907124407574614,0.111518299060544,1.04760238457669,0.128898771379772,0.796738358161631,0.139404298649399,0.504910924439664,0.237241855936544,-0.437912062507345,0.140630416397749,-0.894562322802924,0.0164183291489111,1,-0.690433191708865,0.0883832348804197,0.245416082077446,0.636885595315081,0.0987330581868301,0.595552649429984,0.0925622910276573,0.706285213338565,0.10454920946206,0.659508795695423,0.119913486375821,0.621380832660692,0.136538625107115
1.11469698404839,0.133654721962234,1.16547216958122,0.165698499320601,1.63495704432011,0.320067098324831,1.41429871289266,0.512872299569927,-1.18553798068871,0.326872207762183,-0.931802642111142,0.0132652732296748,1,-0.779635714183198,-0.0842922577460491,0.271290699471413,0.858103397056021,0.109407087413931,0.857530721934114,0.0977407486066966,0.911852130371327,0.110067797826906,0.852722839392032,0.12153781775077,0.87124590755991,0.146941060979984
0.991326074758252,0.108702783729515,0.857699730597296,0.0922168570452213,0.691169243971611,0.125426991440777,0.330156579279487,0.131191244206282,-0.477696632612711,0.118854732317521,-0.887230901462251,0.0183420689859104,1,-0.99999999894096,0.167596356883699,0.242325169062097,0.742385194969197,0.0959858527450687,0.527893800912102,0.0996461469755258,0.565747273306633,0.106634885243816,0.445890751488235,0.119022024643322,0.786568765626936,0.115017183377032
0.821979160961751,0.121949222210957,1.20556609604684,0.155720688547143,1.03076362630096,0.205727495945646,1.02482386567602,0.41915907803741,-0.890611820208433,0.2488380790049,-0.899020006421567,0.018228458922116,1,-0.866531385150441,-0.446668629743331,0.313219993777557,0.726315877163822,0.113557911372976,0.828386311617055,0.0954511889350128,0.682398558826875,0.10694595539087,0.637468651420471,0.132056371616597,0.838805448437221,0.138864817279722
1.1393173257253,0.130261704979504,1.25937379537177,0.14081776953997,1.02446476062993,0.188136870810856,0.758816199007815,0.275808033751005,-0.80117224725592,0.203325699945599,-0.898768861155704,0.0169792680049615,1,-0.908676063586084,0.390302446592461,0.285142171856445,0.86196822523283,0.0993375782963307,0.629347859304081,0.10012762662274,0.776666709354329,0.0948867383364162,0.834387467854514,0.104384822843339,0.864849328688567,0.130256912185184
1.02238939559877,0.117254562405504,0.928895679487941,0.113714441417923,0.934645948783868,0.158506202135734,0.624854531561144,0.218989670147859,-0.604134056808767,0.146471284229737,-0.891422872595192,0.016789546026402,1,-0.790533526479972,0.160434471382947,0.235171484603311,0.726591638284684,0.0960776184018952,0.71389928085138,0.0956817791577504,0.613750387546278,0.101816996478824,0.500423574548469,0.123326570986771,0.963413294896182,0.114028001729393
1.05039012604351,0.114954263864937,0.986316716818516,0.122286227762731,1.04327718250204,0.184865941612345,0.487574760425415,0.24358640743752,-0.634442415200797,0.19066562652132,-0.910227659438625,0.0144168941280665,1,-0.889552833121733,0.344289042419064,0.241110784462377,0.632502938864746,0.10776617947445,0.813127949651156,0.0911600323690158,0.733611731315348,0.0950249158899184,0.518273311114883,0.118687119706402,1.02211394429,0.106676060751229
0.884723725266696,0.122948431465375,0.946318483123496,0.129302913193106,0.837976997097584,0.161773196355304,0.586637821693966,0.248166016978294,-0.596804918959143,0.157935199498769,-0.920606369983632,0.0146698298182014,1,-0.851199413531437,-0.236202959264478,0.262230657738474,0.745905820751185,0.100267819467524,0.726018925721322,0.106015694632801,0.690244074137008,0.113186144765923,0.559757978343965,0.12032022874908,0.798231040044486,0.138634203720674
0.922396913393769,0.119980801059252,1.28279365997204,0.154312200770815,1.09061445113142,0.21094162498659,0.730059144945455,0.259962477540206,-0.77864943236389,0.207285805162538,-0.890454739500274,0.0198407933983717,1,-0.872624344179789,0.0995691669862926,0.24583958908561,0.841994154491711,0.0992138543979665,0.641943906954941,0.107237162115956,0.589338271412316,0.113096250939619,0.696513778555925,0.121593039695988,0.716979741872479,0.130734510183676
1.02276169021151,0.11203964397747,0.923649386664708,0.106565913264257,0.875793859288814,0.156655120563962,0.418838691889694,0.205817742291886,-0.605653649213797,0.160192924602266,-0.905533125341569,0.0146114388644254,1,-0.999999984210675,-0.221421851133864,0.221721902427646,0.707459535761781,0.0938002905360348,0.763812633221151,0.0925940363805934,0.50560231058676,0.103090034343979,0.873215646584882,0.0981637469984456,0.85374676838444,0.120785546400356
0.960169275161782,0.121565479930487,0.86023802545909,0.115653876237965,1.03814840098111,0.189745049641306,0.416380495735764,0.218632070012112,-0.590120299867895,0.194864674944557,-0.853714693128728,0.0237877706646526,1,-0.89756445560551,-0.0799491956250409,0.284856079255254,0.609226855967592,0.104136597608854,0.618470197295613,0.104440356198377,0.651912518219118,0.0976512251818175,0.503874018267341,0.129700360101647,0.724163455187202,0.126762567654085
0.927662087842604,0.111275346479873,0.888676223859319,0.111718216857065,1.00234905512472,0.187397712492527,0.490563844281589,0.214990979488537,-0.701224789067676,0.186801749916429,-0.89867499823792,0.0172185015321359,1,-0.999999998992313,-0.163975345814054,0.235454954906967,0.650104907421008,0.104776406910182,0.649572192300788,0.0915123981593298,0.630608890362029,0.105320630150223,0.640862020276679,0.118139968775314,0.629534891213831,0.134827053407778
1.011741197297,0.111507193282921,1.10030375656969,0.118882024706914,0.845416744318499,0.152448319830072,0.206614018872703,0.171089738952525,-0.412262546352693,0.144075290381169,-0.895098749855064,0.0165598690680404,1,-0.986412497795847,0.602938752578766,0.229232139739056,0.575984320601205,0.10056327655861,0.53098306042841,0.11053512525731,0.650608851878949,0.100167498694686,0.773279814727468,0.110148219287939,0.628943689430556,0.125189263251401
0.920456322782377,0.110596996399997,0.804729271835787,0.116508489115241,0.865938908228908,0.147440855728128,0.310741391443965,0.176434718450167,-0.406736861646468,0.138162291527576,-0.888890115264513,0.0186712642724444,1,-0.784098013184314,-0.133851877833744,0.226421786920838,0.530222830559954,0.100185697217349,0.609808353133575,0.104698996835255,0.525360289661507,0.0993321798568417,0.71374794607975,0.100241562926883,0.690449559725243,0.127074725641905
0.961743266269164,0.120780579340399,0.911941640657745,0.13225152814827,1.24773646942763,0.221508903027892,0.945586954609167,0.305601130745993,-1.08620593268144,0.24282586166894,-0.925981067184987,0.0127768293628033,1,-0.999999999962491,-0.510314027314054,0.308271401766076,0.827937087331357,0.101609802931853,0.645482653404818,0.0963409019006264,0.894629945691135,0.0990070553242457,0.902850204242493,0.121459105119737,0.816902254542921,0.130441010458911
1.11458445469939,0.110704998525009,1.20145450648544,0.11406819629582,1.08074390532225,0.178597677991336,0.549413369656458,0.195255721700133,-0.770568070163289,0.177003749868711,-0.919520673017848,0.012218612724006,1,-0.999999999996966,0.1945161152292,0.220580245733734,0.743461421099748,0.0893143912389743,0.669644225123146,0.0876719928752692,0.799331887955322,0.0900121864941239,0.637524767263151,0.117895370071401,0.829734546970159,0.118699251926643
0.862409680529698,0.111275832417488,0.899925289864771,0.10357919552133,0.9216393965893,0.152565475552862,0.488207407092099,0.216587779645565,-0.635279400391765,0.166801698902152,-0.905066589480902,0.0145843842569162,1,-0.947069990579327,-0.0222260153284117,0.224475540379724,0.610487521407711,0.0890663372382515,0.587283773546481,0.0916496364311421,0.567886801340796,0.0914012261557735,0.702114790388048,0.109362993808487,0.600299702963638,0.134166514692147
1.21384237737608,0.121503096531514,1.12323764937132,0.130131394425021,1.11131884112962,0.191629527786282,0.839907269865994,0.280801760742013,-0.857884897117827,0.20793560477765,-0.900091416682397,0.0160785899191435,1,-0.887961248952418,0.308969015712541,0.267084991502537,0.79225000221654,0.103430255895979,0.761668862787158,0.0921978769144313,0.724496102126463,0.0947257311654225,0.748981929889845,0.107833694916001,0.770613851596413,0.115325595829839
0.96338216489896,0.105119775732753,0.972016299279129,0.110083095445333,0.786830156593259,0.138003164383524,0.3818612807818,0.203805025460687,-0.54814224300948,0.147780279242977,-0.892042406366301,0.0168039512986945,1,-0.999999912163034,-0.245190044775529,0.237103593366898,0.694584555575725,0.0991027025740145,0.721337627195764,0.0889429341043495,0.778534376600789,0.085352327807754,0.67354488057461,0.113769859717154,0.518371180746497,0.137737221093029
1.17650540970438,0.138105184636863,0.982885078676586,0.151901361190407,1.3986212737056,0.274799756051107,0.853671526252206,0.366011156092634,-0.94796718795482,0.286743422288987,-0.932839002359307,0.0122854429499785,1,-0.867556648698687,-0.125364006754847,0.282380535471479,0.750513931996693,0.111429063663493,0.864982132668986,0.103504526011763,0.779881835605848,0.101988554700936,0.877011025414753,0.11478540408979,0.776523902551721,0.145640443455075
0.831449210912674,0.104417881338273,1.15555820303291,0.10843660083429,0.832912933309374,0.143202531344983,0.376917667366305,0.145780903312246,-0.560303132179216,0.141480235574154,-0.881591652147421,0.0184948359660668,1,-0.99999999998032,-0.0115609175039229,0.250527379818012,0.527666923912907,0.0996978392691509,0.679778212281639,0.0882460583195611,0.726961070548017,0.0900588333281324,0.85269896653317,0.105024252116742,0.712743252148489,0.133304025826659
0.843860398717707,0.105285264947456,0.96851797468175,0.108951905717668,0.820753265782312,0.141068976096782,0.304741834890002,0.168118468941073,-0.468212919769972,0.138979333343367,-0.87339053738811,0.0189906363072168,1,-0.936205190357342,0.185795477244543,0.249919950696223,0.550663326301637,0.0964408927311086,0.588906289782821,0.0943095514986371,0.785083065443266,0.085856652198575,0.605071639785488,0.116144832787357,0.631586537038476,0.143895402895249
0.832127067359888,0.112653038573269,0.980262684483788,0.120194000505223,1.0243727010333,0.197282206702022,0.397036105764054,0.187791907909509,-0.637740502137862,0.19016174644397,-0.903037670447874,0.0171895115527516,1,-0.999999999997277,-0.0839590099445132,0.215526475298747,0.689901247890688,0.0994477155959413,0.665491211660515,0.0968454192510735,0.530474533926549,0.101852931332428,0.796263236759166,0.129895427873368,0.528484192773355,0.159381012559485
1.23915064308389,0.149894044805488,1.35650011915769,0.16828068069865,1.31806776340401,0.263450163615062,0.866237241822821,0.350682360714969,-0.87821348926008,0.241393901505388,-0.933215986935464,0.0132422775009979,1,-0.821888320073174,0.211286052998792,0.300285259632891,0.952627259610376,0.103889194992446,0.8593889527992,0.104370609036712,0.822012714745853,0.119843195638489,0.631978064262869,0.141046281851245,0.890191095418725,0.138689124842862
1.09743556108524,0.125736166228225,0.89394144436646,0.116131586723026,1.06351944276955,0.183516965332142,0.636124436125965,0.263060766502565,-0.744956298630477,0.181715201419823,-0.890361325459199,0.0165450270676188,1,-0.905705573049785,-0.150553748671564,0.258675248136315,0.683417929730328,0.101707539772965,0.763878879805146,0.0872182015165265,0.755033958101911,0.0945855566067967,0.748492252121341,0.116115969141728,0.81601626456287,0.134185956689046
1.19934606933393,0.129488211163839,1.065128154142,0.128052758833868,1.4088156300962,0.243045680939,0.710747459317533,0.243691795363391,-0.722564220419368,0.213695352583979,-0.923291159982609,0.0125651985274204,1,-0.722090637419688,0.254249821872652,0.276974970801312,0.839393189011468,0.093754523871111,0.807558795583725,0.0942581155544176,0.836584920174802,0.106650739051897,0.998282886930244,0.112169444069799,0.798359022737457,0.140598860834897
1.01846938617497,0.120950905408864,0.83621510191107,0.120912359427908,1.02460682110694,0.197868995869929,0.56738284098873,0.305328823711543,-0.596343885009433,0.193419186701405,-0.919870984931925,0.0144871451517002,1,-0.782131991426055,-0.23664102289901,0.285260007698934,0.699812669779863,0.121326045352261,0.661708995379046,0.10632817039323,0.83597675220038,0.100186926170194,0.684184940277655,0.117611189897876,0.964484710471126,0.129014732489152
0.934869850565171,0.121009454737408,1.09832251976503,0.117777381895517,1.11475534634492,0.188898831975825,0.636128295342053,0.226594250078011,-0.811999388414917,0.193946026101422,-0.909723751674474,0.0142669440522922,1,-0.964258694204494,0.102775034679524,0.26950370102118,0.664357726013589,0.0871193568975765,0.61094074976168,0.0948286576654557,0.707072594315823,0.0987146107090939,0.693763879104119,0.107457417069232,0.743940512015538,0.134204034391482
1.10473065060431,0.134883154584233,1.01749581147227,0.146458194769729,1.22732714592573,0.240468079683527,1.20894962543864,0.448878195709389,-1.04521568925923,0.28245661472769,-0.920777640534218,0.0133896333066839,1,-0.858067884379762,0.00592477387216633,0.236720278110829,0.798179491478499,0.0970343321895059,0.698158237392851,0.100729551027217,0.859702697090112,0.104763337233467,0.937001535671848,0.116515606645691,0.556510374307152,0.157504198947226
0.790764354841296,0.0961238656251945,0.776088805362565,0.0957153621775597,0.655225796994323,0.11908241821093,0.336887044940604,0.160707383993988,-0.469826651541017,0.13799875026367,-0.881087763830303,0.0191005128890478,1,-0.99999999995464,-0.435962351398021,0.214219424370995,0.626909466125176,0.0942383765468949,0.670839905783923,0.0869876018677426,0.427636525301266,0.103871558079981,0.588281830177137,0.112553763660052,0.463166384619553,0.141226279379258
1.03037101029229,0.123906860125563,0.862485581738336,0.134904186810096,0.942113220467792,0.186021556169837,0.674444203715163,0.294089118452692,-0.691074179313422,0.19486300735308,-0.910585844521482,0.0159337184683632,1,-0.86696208390006,0.0357943480776024,0.240428895595303,0.683817437513515,0.107766837160426,0.626575884642498,0.100931142460999,0.558683345204691,0.115401182819054,0.621087294925728,0.127993099847904,0.590671876884996,0.133566229685148
0.967123189480251,0.102897446834754,0.698012431033253,0.102023545798732,0.689391419580446,0.124119773408131,0.361684145662554,0.165097678240324,-0.462265544520594,0.121587223645027,-0.88366114967064,0.0200471897671931,1,-0.925750278063938,-0.598125958916728,0.235448237492054,0.720382817216561,0.101952772630251,0.491137252318463,0.0992483877202135,0.766785384777372,0.0937799813860978,0.699297186722743,0.108727435129001,0.437392351180009,0.142008555317059
0.947620132912509,0.113086088968804,0.938715094241553,0.137173225412886,0.892292341351391,0.177368741818031,0.71875670232668,0.316449238283574,-0.788715592820543,0.195958516292744,-0.89201876489461,0.0193375978252751,1,-0.984863155442515,-0.335557210059405,0.223850296430463,0.7092105659429,0.108085358834592,0.608611119071161,0.10334236258952,0.657425371357307,0.111323864592647,0.707717662330999,0.114840307707343,0.641915006681155,0.138151765590891
1.11965831168093,0.101765236226537,0.93224333934612,0.102931360741241,0.799082334909154,0.136924213373671,0.32126332754493,0.142215248606175,-0.45952671955565,0.132775296098772,-0.885496537531287,0.0160494176799553,1,-0.906952259753047,0.355471590777747,0.249635695481055,0.731024450805313,0.0881444060923014,0.703367761012356,0.0854529659133046,0.475013942320952,0.106814639378304,0.761599526009361,0.111693238832341,0.558198295498159,0.128971847324691
1.13144632123719,0.123108402075251,1.11691444015913,0.122561344360992,1.10335881289768,0.185363210966097,0.48340339133517,0.204762885879228,-0.657191337629094,0.170152820105165,-0.898566725551097,0.0150255743730496,1,-0.89986756821632,0.285933812196167,0.264002175432998,0.770629004107031,0.0901103894601277,0.724648538537247,0.101061201330507,0.760855811517556,0.0991537679200038,0.590384131576188,0.119430303401838,0.977953002896671,0.107965827451927
0.887789661980766,0.103953989737307,0.978066123974936,0.120192220002115,0.931927385575429,0.173791320892674,0.519361136881351,0.271831653348181,-0.683875095405767,0.183153291247456,-0.903331976709611,0.0157320205841342,1,-0.982994361993766,0.0152498553129161,0.218367520192043,0.589491036780732,0.103482879911695,0.610536241217456,0.0980050141014724,0.750413267411845,0.101826693305484,0.60431006806057,0.117199158955033,0.657317878025605,0.133445186982186
1.09126744465788,0.10078826284776,0.78868589869412,0.106655281635382,0.662010942495508,0.126752194130035,0.542058930819705,0.190903609094666,-0.599040018428767,0.149081991386044,-0.862828353488272,0.0207791923230097,1,-0.999999999998714,0.366732765304848,0.197453041089154,0.599834410236487,0.0963188833867128,0.549625091093827,0.0908585041306812,0.540933243288138,0.103160488546449,0.436125150523786,0.12102030337094,0.587953835941995,0.128879017768022
1.03574737738866,0.104037406984117,0.85555454931644,0.121114379876318,0.70869358472038,0.131419622871099,0.686215975161695,0.290083701630324,-0.593037615748818,0.16512392078957,-0.855708105957358,0.0237103824452876,1,-0.850398681644252,0.265133183838796,0.230202152162268,0.650082879380134,0.103918634545563,0.573761699078865,0.0947817383275225,0.709745211498887,0.0990785286316273,0.560297384701634,0.114818170083869,0.551274312350131,0.128092340258979
1.03158695271159,0.12479884865649,0.731091824266336,0.112273592274486,1.17453362991932,0.236330809769194,0.424585795156623,0.222209299604967,-0.670594661489311,0.203233583426165,-0.912663845907632,0.0162554174595395,1,-0.949608587573729,-0.0055094146120886,0.225653169943087,0.784365364824264,0.110954279230573,0.521613103180056,0.106923164997759,0.700142541188341,0.110706099649288,0.593568411579804,0.139011683403006,0.723850287683097,0.133463325816392
1.0392707681904,0.113911032754957,0.960280220896187,0.116904927498921,0.874071128802895,0.156176637164599,0.506385280597483,0.202633528372886,-0.627606555812623,0.154082439169098,-0.870772149919873,0.0192755016950182,1,-0.943351506001907,0.131019099766714,0.220963301884592,0.655313422525742,0.100232021115142,0.696131730207188,0.0963263379542915,0.702261134525457,0.0957027870873855,0.679294004538371,0.105772547926327,0.762478813730817,0.124114027260384
0.96649405278871,0.115861594693883,1.19703376554554,0.124366371463006,1.03529218010025,0.178011955201875,0.525673791061646,0.205685625190169,-0.7377167241933,0.18314460713712,-0.887962529162558,0.017686130205005,1,-0.999999999985959,0.064938649366407,0.253911949544543,0.744234769169908,0.0940254335964209,0.690624271086161,0.0883795857722739,0.785142920703162,0.0944394865494091,0.6889212271807,0.108925146128926,0.570051787523093,0.141602130558736
1.05466668032174,0.0989211620340387,0.762086064006317,0.10134792067593,0.748190282730189,0.123197286717054,0.498995972373839,0.185568089108196,-0.611018770288863,0.150156278192773,-0.89323213858326,0.0161966344455474,1,-0.999999999991572,0.207043234019699,0.217355268569999,0.606857820907008,0.0991283291000728,0.50493647279824,0.0909364537225877,0.686990272688398,0.092242697349105,0.541205739784407,0.106125686485627,0.586790647445546,0.112277842590454
0.991437354531186,0.109330578911768,1.01218365206214,0.120765608160814,0.909314716992347,0.154975026928429,0.914217004541963,0.307761534334783,-0.835074262499061,0.185979170268824,-0.880897252949227,0.0174227696144894,1,-0.91589005037216,-0.325228526132754,0.220959737247424,0.780193069572778,0.0849961651868896,0.560252217971303,0.0923548564203768,0.736114734234526,0.0985577985909784,0.567849237020674,0.105028549716599,0.585469702336658,0.131730397013888
1.10193886256344,0.131258136377565,1.31706666307037,0.153359200728495,0.88598072476417,0.180254434788028,0.60369397916264,0.310014320929373,-0.341020000737711,0.168599954915873,-0.926615111191634,0.013361649049617,1,-0.466293425284828,-0.0441167975227497,0.249475216562832,0.871322230006582,0.108069110633568,0.672896033746081,0.11148045358556,0.810293726984882,0.109960934171657,0.89170084676164,0.129149556179683,0.683849274136647,0.141121067976586
1.03860675207699,0.110649803170566,0.976293565574156,0.120854019920349,0.870766588902866,0.149925987758258,0.336673040605871,0.136525732588602,-0.541445874620651,0.139120755880822,-0.891379540337,0.0180047139196839,1,-0.999999999999643,-0.163795195297469,0.251949414018254,0.725641389225663,0.0957517344737164,0.658830900734514,0.0940562684254605,0.585696172863483,0.104842525787813,0.680408338138807,0.108281214251012,0.58010033940567,0.131957653205397
1.13776622300831,0.129957968842457,1.07331126165093,0.132934005725654,1.04314632709906,0.193437271961399,0.875195202801807,0.351887917902606,-0.701243292323485,0.20004642186873,-0.912133143461873,0.0155536583481651,1,-0.733911409233635,0.0545247501060333,0.322010986440754,0.917978825041033,0.108072260332125,0.670470595253638,0.105631746265686,0.625181526198207,0.110529556795917,0.843224103600683,0.106735682995352,0.896459490683533,0.11801749167768
1.13273786152772,0.119667203296681,1.00371610391845,0.116800099809682,0.919282758762734,0.158550492936931,0.58667466999195,0.2267854097306,-0.676490468408409,0.162348178533151,-0.900388801384271,0.0154435872010507,1,-0.921167178555927,0.16393965649396,0.266189548637872,0.620409565601935,0.106595632163598,0.729509309418495,0.0948364849445607,0.706562794576616,0.109335012304657,0.727755845499432,0.112376836740463,0.861484507067324,0.115024242666026
1.05662820061405,0.119748275640886,0.846488739085657,0.129684141189375,0.854720585704257,0.1638931403326,0.38505073549214,0.197122385701261,-0.455190296427602,0.155897202637252,-0.877534356037668,0.020767010753973,1,-0.793454330466216,0.522940107138315,0.247925530856938,0.4973276343913,0.112751080973261,0.610830814181116,0.107276286523444,0.704141718435262,0.107518754836801,0.602040000276723,0.118851684561392,0.658047939840035,0.131837914373519
1.16720191364759,0.113318147353221,1.00751147067282,0.113962912643512,0.917397152999686,0.152589838570398,0.58521797138936,0.213538082529047,-0.69788452254444,0.142845874944042,-0.896044800191008,0.0164985551503728,1,-0.952458464205076,0.472834502399252,0.236306854575783,0.558185034679109,0.096899117665804,0.760218993511952,0.0870734503418118,0.673566358650031,0.0971405642657589,0.734875010722044,0.097214528282878,0.689582042743596,0.136285025111299
1.09764911902531,0.128121078333451,0.961527748953738,0.125356931983527,0.976426349498235,0.175610579007199,0.507356516201221,0.2299707270759,-0.681185412128771,0.174564792039289,-0.914177899943215,0.0142015675708669,1,-0.967807475155112,-0.290820768079763,0.277965544668023,0.668910518721297,0.113807026165153,0.85273762179234,0.0901081538781525,0.710393920314745,0.0943527964544607,0.884347431845435,0.0954967794785913,0.722384138740696,0.12098360499752
0.878343616986299,0.0991007564515857,0.934948646159752,0.100136174235347,0.808317909499458,0.128753679305026,0.29386127091866,0.158257118055529,-0.419036130388906,0.126795624057359,-0.866295693860092,0.0197218025847692,1,-0.859783672767499,-0.0902408564261676,0.219581328220217,0.567570398349667,0.0919088601465196,0.6192498399471,0.0827461192795584,0.863957427779721,0.0864951384418749,0.562877162345949,0.106786086336541,0.515870902839784,0.143680653817825
1.03215399735324,0.106048708914131,0.765960828464965,0.104285165401678,0.848327477945668,0.140447839845977,0.409744537914429,0.188864677786977,-0.567721253663785,0.139859599620477,-0.860756357657528,0.0205954196241554,1,-0.962934616636884,0.363307492824788,0.206083122705743,0.444178796417022,0.101929560166982,0.54859951130847,0.0912585515626621,0.731176641715047,0.0916567403720993,0.619026566861724,0.108500013321205,0.684817578591349,0.127599849467387
1.19717480217465,0.14441822154898,1.14490498725448,0.141539420670223,1.29344914156756,0.253611062836242,0.79135184663699,0.322325849033827,-0.878273121556426,0.227488478211938,-0.901002575256954,0.0179444119682473,1,-0.86810069394845,0.308423058465172,0.299250765306533,0.672988631472249,0.115488131708386,0.595609943257754,0.111082811519645,0.878178481504226,0.110401608784296,0.717575005165584,0.115691573035027,0.740174905094984,0.119658479507175
1.01339404775676,0.12102884462588,1.04344532215247,0.127904266617208,1.11624476253563,0.190358609863317,0.848771668694207,0.289163612246523,-0.934887983655302,0.216900121039621,-0.905668910801259,0.0145588546965183,1,-0.960471368776998,-0.0659527735812212,0.264609812047661,0.760547059865811,0.0902595362763229,0.706691840116368,0.0932582720892151,0.617185574705741,0.100487396322193,0.680203504756979,0.11025582534236,0.805527409618794,0.119041789576379
0.884579102437087,0.122802761188381,1.18571547630363,0.121434938432691,1.05760971443903,0.190676202513455,0.418496174166081,0.22247050096132,-0.529299816323547,0.152616455392745,-0.921467520779213,0.0139167000184021,1,-0.795597265197128,-0.384381556551692,0.265338992728844,0.831204053637364,0.102965905420995,0.77640567408725,0.0943370748739707,0.777024215065672,0.107420870401437,0.70747645964975,0.125074814249069,0.688611746615911,0.138865906619264
0.91837048391079,0.104960208502739,1.10158065782617,0.119949787281378,0.899650015459147,0.15720831151854,0.258400383978485,0.193298863278945,-0.417075694145174,0.150832831902286,-0.878677357798419,0.0182614579289871,1,-0.865030674456685,-0.0592887748585161,0.254012144804526,0.723373175782974,0.0996920363248653,0.655773521264856,0.09502902216024,0.70751152206658,0.0941974856926632,0.662003312456624,0.108071357315934,0.715851866467826,0.122710728016995
0.92717896343515,0.108327769144364,1.1559376984871,0.150568289168771,0.890306392428601,0.172261193483168,0.854574591463773,0.284288458063316,-0.679789517274481,0.190738577606297,-0.901679782153402,0.0169267144586055,1,-0.779344956785617,-0.205512468918302,0.214303371233438,0.742571468781244,0.105569490570223,0.624526988681059,0.0999754946765355,0.759952247897585,0.0999159805230476,0.774693885985248,0.106466802940817,0.699753617741612,0.139402757485945
1.06908983177552,0.143956102650062,1.18433251366543,0.161441274823688,1.63872124759466,0.308408804033721,1.54136848915391,0.456787808897744,-1.47548163471112,0.332493475518796,-0.910180698341403,0.0160619024232906,1,-0.928384813542235,0.0292564430381452,0.282839467954645,0.912791867796179,0.0945294568075259,0.865032404829277,0.102555192341447,0.633607863742282,0.119569052974998,0.875304026302727,0.125466452283067,0.711876791386958,0.157520220040204
0.931060541077529,0.117632772044555,1.03599793814664,0.1052880477467,0.961002030058294,0.170529094475301,0.243970455872591,0.127973311042238,-0.484206674201941,0.152966628592203,-0.877057247030096,0.0195773146371381,1,-0.999999999944334,-0.110478049576658,0.222944990358195,0.52983372651077,0.101132291971902,0.78667722178473,0.0858592799845589,0.570044434536831,0.097835297379814,0.810965426424302,0.105408369606368,0.630414108427855,0.141410989884092
1.00068318251346,0.107067795734217,1.2086061671314,0.119526699534637,0.744973647690827,0.130011940615593,0.383334843894825,0.167785268716406,-0.451489443076148,0.13995162413505,-0.899888113210947,0.0163239721446788,1,-0.844866317139546,0.23977065457067,0.247855800859114,0.662523465005566,0.103575644190411,0.706046724205264,0.0939239214490313,0.708181576773151,0.0915879993301859,0.565992497955594,0.117057508869113,0.869892980715343,0.115080291578489
0.971202314060904,0.117352521674668,0.951951713812813,0.112918126325829,0.933622274586484,0.162989300985768,0.593800193580711,0.231781738903837,-0.708027631593887,0.168389662456908,-0.906703595764374,0.0133981787778139,1,-0.950920997176261,-0.442638603547614,0.27644474166373,0.810049075553913,0.0891151954389925,0.764001490179197,0.0853515397866296,0.587181211303591,0.103482128787673,0.650322174639422,0.106845068166537,0.648971621462914,0.137460385656898
0.994212905948456,0.11175499478991,0.960689311473017,0.10987103983133,1.00351032702026,0.173165320018962,0.389424060555854,0.184748415710007,-0.625132838921922,0.176739111174197,-0.885807103023107,0.0166460816552737,1,-0.999999999924025,0.168700471113966,0.218606514690664,0.576828371039039,0.102201585919248,0.779901528302546,0.0851051017730791,0.645861831466141,0.0875826556228561,0.878829935167945,0.109210055763224,0.598083516964636,0.135587736081094
0.931369939855513,0.113488279765284,0.86055083466985,0.123518373318888,0.936055128625116,0.162087812745241,1.00439886366469,0.34819764023734,-0.926153561845455,0.21190579798361,-0.879030001419542,0.0171698069963268,1,-0.955166717955296,-0.299366535738521,0.245316263528522,0.772868614928936,0.0942810102046105,0.67196675975555,0.0897284281451538,0.638395551888467,0.0932520709355233,0.58450294939804,0.112338488394642,0.729165050744276,0.12514300704808
1.07490070772789,0.129360744184908,1.05999967778433,0.1194042182601,1.12001940492217,0.186740303760732,0.492157268713569,0.245423806478455,-0.662682976080056,0.179319079903677,-0.92166032905069,0.0123348342543642,1,-0.892567539590312,-0.553977619271519,0.306883885266126,0.81395395005562,0.107959709918271,0.643329224875852,0.103395244097832,0.85065584299179,0.087368369409001,0.77595076184688,0.0956227941521569,0.47621457662579,0.143333389617447
0.942989043131597,0.117527690259252,0.854531625424944,0.118769477038188,0.963494465476273,0.186288293653874,0.81286688062605,0.282498284999183,-0.766266584904254,0.18110020916965,-0.902343964803313,0.0178469671410299,1,-0.86585578059367,-0.239544693304459,0.239909152046026,0.715237936010476,0.105894294358815,0.651765839981648,0.106391925897361,0.604760867062228,0.11112755097775,0.561888398396286,0.125306607171313,0.691131121819025,0.134816169513374
1.06277486941671,0.126591783314609,1.25476821983871,0.1371021521603,1.24611331822469,0.215841156445224,0.725718735995799,0.325902197140566,-0.909535571144976,0.226018524879534,-0.918342018672221,0.0140997699029926,1,-0.956437844496413,0.120866271297379,0.297460070261886,0.803233756676365,0.101733960556022,0.731140806760846,0.0959887361203024,0.744309626730331,0.0982317183260938,0.688179893999871,0.11482304771649,0.734009912115564,0.120949383520107
1.17028206680096,0.125328914190324,0.977108851269062,0.11917600130947,0.907268682708909,0.163884650577072,0.74883810934916,0.296635520030904,-0.651661321409374,0.186340203704357,-0.917369462227769,0.0131281284640586,1,-0.790605835624971,0.293897483242503,0.252565397428857,0.746397490606701,0.0928857989715449,0.788793219963942,0.0907273379043189,0.637396475572909,0.109959312447977,0.493789139992225,0.121331283587934,0.922729201426741,0.118507986123738
1.12055822749589,0.126299747196727,0.921624387484674,0.12415052030254,0.976747190916317,0.18006274009318,0.396665835306655,0.226533189735879,-0.513332013094544,0.176936642667411,-0.910569258359809,0.0164640797864241,1,-0.824697855955748,0.12926117195939,0.289522450479571,0.664942086172067,0.1101585388912,0.778707467993531,0.104558510302966,0.707218268656265,0.104886632780505,0.813127599231742,0.1077951738192,0.597023261353635,0.130414136094476
1.14406311037749,0.141074105489744,0.992227589022766,0.125944743037299,1.14180630395584,0.232139258081563,0.463290404533297,0.272254625739821,-0.645894421092574,0.196678135604692,-0.904545873651658,0.0180017267885005,1,-0.888052543399044,0.157565774680832,0.242584707086561,0.837086134955125,0.100465221315372,0.657331838176782,0.10575091609377,0.511013224038194,0.131454318115982,0.679683001358049,0.119945787214724,0.781525032407645,0.132603500304401
1.0367459911388,0.126573367540664,0.972857929759765,0.120113208953248,1.22492961661998,0.224700924101344,0.508232224107022,0.174457981178626,-0.679841975942093,0.192091022103669,-0.894353625983643,0.0185140407374089,1,-0.861630987684757,0.190733937373059,0.261216535987402,0.683410811261488,0.0995025887204031,0.747295922794622,0.0902463589083313,0.587812861173343,0.10984884190307,0.886755801170996,0.123771313024106,0.742924537029043,0.136031996323991
1.09689082511189,0.12463038879494,0.866818229020517,0.116514155169011,1.01790170384478,0.186120156228772,0.622478371810005,0.272742354352424,-0.723218944974673,0.187601491901754,-0.901670318571148,0.0161014008023574,1,-0.908562358783386,-0.0705833073636247,0.262513878353572,0.722031542931802,0.0978661214394607,0.730888701021366,0.0958857240983919,0.739719068044886,0.113322398317551,0.518205669132099,0.121117874232274,0.87891322706188,0.114812443758614
0.892846518524355,0.113605432318253,1.14724865193261,0.125213811661468,1.00829913586658,0.178271853930793,0.343104973262068,0.206260946073228,-0.50102687388756,0.168218414694053,-0.910426557415174,0.0146632454173686,1,-0.851829776061874,0.0164749464737731,0.253507238332975,0.771970250940802,0.103969998405242,0.669329898378969,0.0895143058123464,0.82304410610692,0.0909265928950278,0.77643910304456,0.111244369242854,0.738902851708588,0.141791791352442
1.0856234761156,0.124776896637592,1.13630812295829,0.140270764370904,0.983913015207629,0.175527528346159,0.869572398311581,0.321173187202691,-0.650440199121171,0.18528273711153,-0.883996988425765,0.0187727330050804,1,-0.703195606000523,-0.212658133609424,0.272802598288605,0.828507520728722,0.103772532511129,0.807153914896701,0.0950450484236797,0.716960941367473,0.101985566408307,0.701803758162765,0.113669991676041,0.501232903259948,0.143511213492997
0.946637674916004,0.104377852037748,0.985599416822137,0.109158577054808,0.859275346916793,0.150929693687161,0.358212709246894,0.173422507166662,-0.554800279385675,0.158762643833435,-0.892098369827471,0.0183145377898356,1,-0.999999999997228,-0.0925383258672051,0.232794351042926,0.600209410507422,0.103779578661236,0.512503221761818,0.103984740616315,0.720098271694453,0.0945977151186208,0.580703003818131,0.117797365167984,0.651646770614207,0.130465772776166
0.952493834619705,0.104129448670663,0.914535298686614,0.104563567028353,0.770287617611729,0.127907661652733,0.478086531108589,0.185323772466469,-0.606847703091733,0.149048015622069,-0.897587138832989,0.0153126138114851,1,-0.999999999576149,-0.259717189578756,0.241693550177238,0.884478303051095,0.0863728325513626,0.744382100974795,0.0747024265143998,0.591189878006992,0.101459851663144,0.555477883844368,0.125220621594877,0.758696159947264,0.135140235800001
1.09559157704498,0.132092259156318,1.16970081071672,0.154634275203461,0.917820763497225,0.187123110784575,0.991098687447659,0.370938688589096,-0.758346125052355,0.212668454708282,-0.920684432955253,0.014071728777222,1,-0.795115248496661,0.28328968254511,0.267243364024103,0.715790491606426,0.102800218479772,0.728257980749074,0.103255054690199,0.766436569346671,0.111020673242416,0.708076143427712,0.131057918066883,0.414867197066667,0.156914213736519
0.988799702876991,0.10926628468848,0.840089744870402,0.104284626958464,0.876005619704645,0.150044816181184,0.312422360134433,0.174362759344569,-0.459495935318655,0.136330874825745,-0.88388755931114,0.0182424297955885,1,-0.878328901389949,-0.293858961379896,0.232424871076334,0.616291793669171,0.0965964275358312,0.596791138366313,0.0978982879436572,0.646920683705946,0.0941859692326479,0.791485095628731,0.0969190186727165,0.592941031319746,0.125166338743157
1.04556170966945,0.111722896873726,1.19051243208116,0.117651477890942,1.05406475216181,0.173301207485568,0.805616443013486,0.240274783740848,-0.921505233913769,0.189677697370362,-0.883394985465112,0.0174865571982551,1,-0.999999999875163,-0.128379967076587,0.257147781926215,0.722398265411699,0.0894749937764562,0.734031610658122,0.0899211024345641,0.613255452825214,0.0953914660873088,0.708096667771295,0.0950788424912764,0.663244895497182,0.124479903516906
0.905128158452795,0.107676474677596,0.998098377064234,0.107261206046695,0.962116032138957,0.155865285942828,0.301219183854678,0.109937964079256,-0.538338003392201,0.123827237494087,-0.91173509689511,0.0125609150853797,1,-0.999999999865262,-0.073884878342515,0.205972004628901,0.686013604714428,0.0881167521127977,0.503718166471616,0.0929668933350805,0.603823065554243,0.0919846948179689,0.795015747328829,0.0883108949962641,0.582720311148288,0.122418987696593
0.783584816845407,0.100838915979773,0.759781292817378,0.103307228940152,0.699138512596101,0.117403571560052,0.460445628817199,0.199195424422317,-0.567375775464771,0.140088028769862,-0.858617439479223,0.0209271934116923,1,-0.999999997703771,-0.258219585703947,0.237840300119898,0.524442034679748,0.105561244375938,0.715528842866582,0.0904777196296984,0.535137813674591,0.100708055587962,0.476177316730631,0.102438390891922,0.677005507312064,0.122412415183903
0.925147518557588,0.115390340356916,0.926953622615881,0.102136142643281,0.941151671092785,0.185506307103349,0.219439000826469,0.15120604047129,-0.256933089393085,0.136950355576985,-0.913369910212795,0.0156056164968804,1,-0.565370731029421,-0.462743704086169,0.256975374826193,0.811252213201815,0.0999133365092585,0.62915535359497,0.102300741977036,0.661939412166767,0.113488302359297,0.785560605195846,0.114753217656642,0.740121732246236,0.132089214735462
0.958005900816831,0.118749444803953,1.21934504928617,0.134132871086892,0.937523255563341,0.160220788662186,0.915870301095747,0.314636623616996,-0.762336649633277,0.171448182806892,-0.890953363485668,0.0174517382001722,1,-0.822694864421712,0.00200905425465959,0.258209353405202,0.705573718653586,0.102716651245333,0.601014883817776,0.101070136303149,0.687146232698206,0.0986469472205337,0.894769243918178,0.100585733938068,0.606360315200023,0.119609340130463
0.851560211755372,0.106449411727634,0.94136968712243,0.117715962609693,0.936611191309676,0.150729309813679,0.726682400247139,0.229334090204492,-0.824996283991103,0.167743094353294,-0.888544665001064,0.0170544290913301,1,-0.999999999999913,-0.153666056658593,0.256750922987132,0.668830546575683,0.0961867892096883,0.565111239545144,0.0881271641455905,0.647464525499461,0.0980850104999927,0.630906043592373,0.104634652709349,0.698115614495726,0.124177581394555
1.16617750518777,0.128181383083139,1.07727096861009,0.126015194032924,1.12089110096874,0.206044824598744,0.673916602446805,0.236013060358817,-0.858907611557271,0.198189474659361,-0.923777409814608,0.0126010852335078,1,-0.988238258284469,0.251914243158715,0.267798271183969,0.767724006783166,0.0976096371248396,0.735589319048354,0.0954454026721858,0.86765681631812,0.101099296559122,0.737397703558461,0.117183261142511,0.691798574813808,0.129969083669896
0.888163976132073,0.108873500166564,0.791120644763442,0.128833268258228,0.864404350099606,0.162956308757999,0.821664565154009,0.337594805546322,-0.720171231160453,0.188968880583356,-0.87012844153573,0.023486741165884,1,-0.854535319404333,-0.423639463244455,0.24109721614652,0.717276934085173,0.104567745912804,0.487709241122849,0.108759668011727,0.706359118606927,0.103327090502945,0.732327673327009,0.119809982951965,0.508532830307748,0.132353710250857
1.01415002913522,0.12912526460612,1.04389239856494,0.133359137074066,1.1735320533159,0.227658969468681,0.68537911235675,0.278902927937364,-0.878249713595394,0.219465654957514,-0.909790049173493,0.0163556303758706,1,-0.979275989581358,0.206100173041217,0.26734695477543,0.710887659129815,0.109072060772451,0.668058960331534,0.108310256288853,0.690844267240234,0.103489814633967,0.841790686391733,0.107678048226448,0.767333729532843,0.119953127421203
1.14033557578992,0.12699019203405,1.01262007353283,0.130451769261541,1.17361801468094,0.241302121472072,0.941443009384663,0.354719041770229,-0.970255150632698,0.254155121669864,-0.906190828989275,0.0171670891147995,1,-0.923050699643623,-0.102274212102989,0.243288588199815,0.756879029752667,0.109744226326271,0.688641986391927,0.106619441662063,0.763884552334803,0.106426199209786,0.695386710385208,0.130373799641695,0.669071698362891,0.149277986512403
1.04279450424462,0.112137448844726,0.878988249181959,0.119088151772946,0.872035067130916,0.152337057146985,0.480672734842753,0.213949083048063,-0.647428359431822,0.186656940395351,-0.89594972207367,0.0159404099841,1,-0.999999999999976,-0.0169103766031597,0.248234446676518,0.685921176245274,0.100702972412672,0.644034555113978,0.0897133880176935,0.780924846608573,0.0928055914003369,0.517455369408169,0.110999556233435,0.503833959168415,0.142823683215715
0.907378786123263,0.120736277450084,1.11161453746476,0.148251348687052,0.998425809742397,0.188416689815651,0.799662364149987,0.360837198173504,-0.632689721889381,0.215882974610835,-0.909182390395044,0.0159789462985718,1,-0.708075473559635,-0.145020272738275,0.273861246396751,0.66923071568591,0.104805820108605,0.745559388287075,0.107335862104663,0.66305106773787,0.112183084218574,0.813658684817316,0.103860743546671,0.682639055535435,0.11149368570315
0.999348214962215,0.11653696683762,1.06997928185826,0.125084736854241,0.790462706513734,0.139423849302129,0.579759430433341,0.231674832861955,-0.578000331195445,0.155800134847976,-0.897428594101208,0.0162324123962475,1,-0.853814417317021,0.201593094311231,0.242575809057638,0.50642345375309,0.110882087869505,0.722437024775757,0.0857476088686431,0.811736342017593,0.0987571241998586,0.750890909334111,0.10801808357104,0.719766461535526,0.143865778858974
0.989476703138228,0.112750551652172,0.887056297988105,0.111941830955614,0.923505602927073,0.156536692152497,0.449046987824413,0.158742133344075,-0.538110790288321,0.133762953479098,-0.904848077739413,0.0146650698353016,1,-0.835614638771469,-0.32058201567179,0.269760858806184,0.795238127904909,0.0969891318525607,0.621890231682205,0.101116688565589,0.667203749485633,0.10308014682748,0.758763661402169,0.0972311898809777,0.680157142909427,0.12838822257396
1.02008192061174,0.132628779623123,1.22238450847128,0.14634973378269,1.15965837994135,0.208941032549812,1.09368205589832,0.325922547147498,-0.978681825867643,0.227465928960753,-0.922900055423642,0.012984804499267,1,-0.86902234771849,0.278231257426675,0.278309232753828,0.731011076831627,0.103713107931684,0.816585836176292,0.0940484788615501,0.690409902096066,0.0977858720368683,0.815289315476046,0.123651319039019,0.785860828264165,0.137120573480895
1.00840377885829,0.12537891562306,0.973564591538058,0.12415941583425,1.05563567793058,0.184187155351273,0.575078435306838,0.221249545162317,-0.734583503204733,0.181306224864178,-0.90503814944218,0.0155145281939366,1,-0.942802227330907,-0.409532820962074,0.2741823442457,0.891920572492416,0.0992264696861457,0.767211639157215,0.0883701486316058,0.550962540185557,0.111457421309491,0.601542958165223,0.1159289205718,0.608551739777886,0.134661951721415
1.07037072648573,0.114967611586994,1.02382735405419,0.120061723658646,0.953793029522975,0.171014167928612,0.633699482512449,0.230114356468078,-0.738790355409409,0.172279462641803,-0.891461806972735,0.0181086907191125,1,-0.950281925355607,0.265997950160587,0.253398491632027,0.697055349031955,0.100933311593359,0.601386451768773,0.0972547087878871,0.685883638830945,0.101783595887382,0.706182319987846,0.106347322338635,0.672535011322081,0.125988250932184
1.02477207768844,0.133088097405467,1.21138641478877,0.149149815971607,1.17660559466743,0.242846784077209,0.718467643082627,0.321565275968706,-0.703831913611583,0.220762045236989,-0.919465929431894,0.0147145605641079,1,-0.76550828162051,-0.0512050388403606,0.265740345867154,0.875570727841688,0.10490884839255,0.657751126125028,0.110885292455684,0.638815872468239,0.10264673249487,0.827473569969851,0.109630492117262,0.834458852036721,0.144153635186064
1.11116082756121,0.109167248590662,1.01735339621622,0.118981250180053,0.804607274625138,0.137445760707805,0.633938951686994,0.263753353169046,-0.612301228663594,0.161477509642371,-0.874123993094714,0.0183226894688122,1,-0.857332791056121,0.323033162543119,0.232324555421457,0.740598371107293,0.089376858306006,0.59866630776375,0.0962265034809785,0.620259365428082,0.097267222998861,0.490402607143656,0.108083413002881,0.696487666106181,0.118840687310048
1.02743644051387,0.114386186349221,0.86360005220197,0.111717080664565,0.797266771474305,0.130967925064538,0.520413803330223,0.219089153467474,-0.481312765671438,0.1418169965095,-0.863372896997745,0.0217236564021042,1,-0.74722457192849,-0.163474034602235,0.301583343956091,0.694568325003299,0.105159001585757,0.61976647734771,0.0922945071897627,0.617621866289598,0.0922471889215507,0.682762409193412,0.109301193665743,0.76497415244183,0.111112855549364
0.941689309423392,0.109856535250829,0.992762407437808,0.111833041073598,0.844455086003272,0.163351379801394,0.512166206666878,0.193573942190004,-0.617405344670194,0.16036402034835,-0.879604016862488,0.019096716596893,1,-0.938807708558876,0.110643357790737,0.21528605494506,0.636270990123789,0.0980753570708893,0.652311655148008,0.100557893237431,0.580570310674846,0.108819266471419,0.512651011193553,0.132492166382388,0.703702776054431,0.126504547671135
1.01677688292838,0.10915196575613,0.872950782891711,0.109860525442307,0.913158745215986,0.154612473939431,0.695869992072032,0.25608078546476,-0.792721755505874,0.177084923492549,-0.883753755909669,0.0179858464027667,1,-0.99445144098709,-0.11112727754603,0.239252459373966,0.720874107096617,0.0910388988948012,0.764498177703426,0.0909578200819954,0.697994265563164,0.100986792411346,0.658917495907327,0.114352277352769,0.4280911467941,0.143130834825451
0.978789875048681,0.112290490985842,0.848465293807025,0.102232967970583,0.772496859950984,0.132729469278513,0.257838728173395,0.158117549183373,-0.416132373995173,0.128950565530485,-0.875864728591914,0.0186643499526077,1,-0.932414605002844,-0.152030917218455,0.249355783520785,0.679234287392123,0.0969889366649097,0.600328730535106,0.0898418588203409,0.635032906768437,0.105439644628467,0.768849571242144,0.104473850181605,0.709674389141333,0.11889982678596
0.971971705456909,0.130645853304242,0.976908092560123,0.143796060923508,1.00793792914602,0.184742048151862,1.0956898264274,0.360069477291394,-0.603953881301416,0.18547021838074,-0.897988267877454,0.0166016156506579,1,-0.574702475576293,-0.191051622596334,0.286191488570528,0.738948892556939,0.104159884164511,0.788936212099992,0.10029438467765,0.73079111405482,0.101335662531501,0.682174060830984,0.125457297222081,0.747580179735655,0.133817648137967
1.04533295437212,0.121189058366175,1.05844081999255,0.127136271640129,0.954353541107488,0.165663686548081,0.727440413188392,0.272040218293522,-0.793348132344792,0.186797016250779,-0.893630523825567,0.0165879087447386,1,-0.952161126343557,0.0936184048271629,0.215083267849562,0.700079505519922,0.101234684182917,0.628149999635931,0.10131103129293,0.758297445279582,0.097420011405968,0.732358787737726,0.104389192868093,0.770074145739309,0.131902536119523
1.05774896680729,0.118327371957187,0.966231497258753,0.138083543617164,1.26508608039469,0.236375740533597,1.32380864618084,0.42860103588649,-1.29411432701387,0.311855213676557,-0.912363082969368,0.0154577929841746,1,-0.999999999997921,0.150661148547084,0.244939747026753,0.89092370519845,0.0966481950750684,0.561061062178066,0.100768839707929,0.669670179722249,0.106300296357322,0.624813973153805,0.114406369496024,0.614459621230927,0.13274026075024
0.930005379057996,0.123397232037954,0.731602866680491,0.122186995833638,1.12955429238371,0.2254406828469,0.648408592113152,0.289982732220222,-0.792480360769957,0.202673626652209,-0.895372940943216,0.0192627090144697,1,-0.925999117257685,0.0455530230895017,0.244957839146348,0.666563114879377,0.101124367871617,0.758916093106798,0.104343961233033,0.660851922050784,0.111214715987746,0.951226647556517,0.109473479307846,0.508705496361786,0.168201649397614
1.26140389427365,0.14313432996102,1.03117442042018,0.130085906817055,1.23720697865462,0.236236024673031,0.89870904180028,0.393371295499116,-0.968052175100332,0.242421100300089,-0.924725471813619,0.0123134538708181,1,-0.918053581136292,-0.350707418486236,0.292684286669349,0.847934598830742,0.101407772694216,0.787159129774335,0.0987452515042511,0.759491663966804,0.106590146545835,0.844100471188335,0.0969072243579025,0.836015535479914,0.10857407635689
0.830666212334755,0.0936359451366852,0.878823520500201,0.0963891291624304,0.745523709697822,0.119907934139121,0.195312055983412,0.14108615687562,-0.357327283632533,0.11135589269895,-0.886044895210926,0.0165346674567426,1,-0.936420520535886,-0.245402560206241,0.203204075690886,0.619504985743916,0.0868585081307426,0.827498350680709,0.0798368140714532,0.486679225993473,0.104749291792904,0.40346205460032,0.116661502792527,0.490949630070873,0.130894640137223
1.0482495102648,0.115345568235196,0.846654399579095,0.117570784465549,1.04967669030005,0.190329844582087,0.687579099200474,0.240990524735772,-0.849550323963011,0.197566188649657,-0.884346121746778,0.0198662098134563,1,-0.999999999845796,0.241085972579971,0.249673268553168,0.653603945011298,0.0970325591584264,0.702620717892445,0.101164784090619,0.620239696055556,0.113066677300216,0.637231996530872,0.113751940557278,0.669422385910173,0.122271251699103
1.04648752733895,0.120838101437318,1.05845096505799,0.115163297512908,1.09835141353534,0.195259199034461,0.602816224020215,0.215100855501755,-0.754285023584008,0.185003722719436,-0.891390522276146,0.0176102969939501,1,-0.926984264433969,0.12248127771779,0.242201289259145,0.777124168529712,0.0999580242508922,0.692995717594845,0.0948706979030835,0.671165749641213,0.102602298764193,0.62816329776379,0.115138699772352,0.724135199329151,0.127000742295424
0.861906765022943,0.106725758973069,0.953270656164342,0.114928021994607,0.919148584164364,0.138386136224105,0.57007647971377,0.195393106201583,-0.723868074429276,0.151375849891648,-0.907892104504906,0.0125825181979926,1,-0.99999999998438,-0.0361832653844041,0.250664119464422,0.731064036180743,0.0818722397021331,0.661980080572099,0.0900261054301763,0.615996125940255,0.091283284944693,0.622956055251036,0.106379716202363,0.719513747244428,0.119562245252697
0.99022931526384,0.132216865378771,0.939429961790969,0.138520849428223,1.2365644292295,0.235681133812858,0.932209071618158,0.336537699279843,-0.920200765717381,0.251404528346308,-0.912928222627216,0.0152788309673779,1,-0.857072485305406,-0.215553110319306,0.272832731535852,0.785835098752518,0.0998738036443481,0.744895158779334,0.0931365769645925,0.702884961910213,0.105450838312554,0.597274736169733,0.133944688287326,0.6636337783208,0.141981530404622
0.882734194062856,0.112840317494167,1.20231650767086,0.122308002651333,0.981989860197614,0.177802922489885,0.447696082049875,0.198516151262461,-0.542674280909916,0.159664446871409,-0.905938726536509,0.0148247404428064,1,-0.818453651987771,-0.00292397416984047,0.247632816028173,0.803921938449662,0.0931526620986319,0.607179661541604,0.0972853860050506,0.782250895085834,0.0958678545305508,0.667554383110426,0.102522000231153,0.517904333259992,0.152958464805844
1.09734075810267,0.127548561793174,1.08102056934185,0.120355042636227,1.30965135102521,0.235185296232886,0.419481171038292,0.209385910711169,-0.741197734929274,0.23014707448548,-0.886147632622712,0.0190012545213568,1,-0.999999999894744,0.528671611270048,0.278532791038546,0.425142533244035,0.113306556754912,0.826485135482282,0.0938201698047638,0.71405056325548,0.0971828481419722,0.463240468038512,0.112055315171655,0.782012060353342,0.105350017868601
0.86128060382225,0.124243012252713,1.0330368256073,0.132564261664464,0.988690319137024,0.202064574840933,0.604656276963455,0.234048300744707,-0.649030565851107,0.19502700182002,-0.892779008319966,0.0207465750103591,1,-0.839422733091423,-0.0692559063920394,0.269749492915331,0.63928994096459,0.108124486082649,0.59619608257528,0.112238677382654,0.512562924596187,0.117538535364964,0.733890564495665,0.117817811050952,0.845442135596702,0.138754222957772
1.1051627958951,0.132425843290685,1.01254215342506,0.124940254605102,0.992511739634145,0.185823973562638,0.494676876416894,0.282682932258751,-0.690095250125854,0.204208477231647,-0.915404307234726,0.0147246078749435,1,-0.984873398073083,-0.171002258114941,0.290760893147635,0.78162530728564,0.10777780858837,0.851721662901046,0.0908021320187692,0.604834658157469,0.110630714209727,0.827137057335774,0.112135917342203,0.830476352641246,0.138195264833155
0.949469064214445,0.109510529516273,1.15277413521771,0.111667613379432,0.940781171147694,0.157616475234392,0.666796871146562,0.247617297027524,-0.71775634922823,0.173977855980205,-0.902401669344081,0.0146653212760219,1,-0.906224830966897,0.0423177399770613,0.226610507695532,0.752303174641463,0.0899139798082501,0.692424880106926,0.0945707012054426,0.727612071708763,0.0961979629043643,0.856742376083129,0.103990275795113,0.713279160304265,0.129281953620342
0.837324570370303,0.105606414889769,1.06064506771769,0.117994884533028,0.90593687107658,0.15404633405109,0.758354753451028,0.266720119329384,-0.793519010490234,0.157875416656915,-0.889921818574369,0.0168129497511462,1,-0.957353129441151,-0.237995621232625,0.21215371945992,0.605393047120954,0.0953241820616746,0.735700675497074,0.0840337985973024,0.580543074889862,0.101509719619009,0.61866660248797,0.115699530961385,0.505983126258822,0.13647768733007
0.954591673213768,0.111882283039018,0.975903947476306,0.130152787909789,1.05168819515373,0.182576936490985,0.643484201643283,0.255761811297362,-0.822644965097828,0.207202279273222,-0.895886421360435,0.0166271229168829,1,-0.999999999973877,0.0366923290403799,0.258073983633067,0.73473152607274,0.0970576825161136,0.56798332089406,0.094933407650386,0.753686587317522,0.0878738984630396,0.542899362867704,0.114891974294061,0.634723619558925,0.137587738850786
1.10030080700752,0.128923529574553,1.01787256706328,0.118654167528832,1.02514062031979,0.187824585520063,0.322138325620673,0.200010926398243,-0.381507242577648,0.139722964330952,-0.902589613679315,0.0162015512668191,1,-0.663880431126606,-0.0348939244153413,0.23951614895427,0.772602420742882,0.0966196118997146,0.724624288677421,0.0933855633531175,0.663296408262438,0.106024922599006,0.633653217805559,0.123425993682624,0.79817123787314,0.132015768792915
1.34358180971248,0.151133881140723,1.03540083118403,0.131015307361706,1.12788263085179,0.223567147210497,0.589925644804063,0.227016878630157,-0.727499713771489,0.214556857649921,-0.911791340920231,0.0175121845258718,1,-0.891871393946017,0.466704841003819,0.282795078796191,0.739399054254508,0.114839567795043,0.720775112275466,0.112197441773789,0.777746772367155,0.111877175485643,0.849080901801971,0.119746406048649,0.613067556108153,0.136300440936724
0.979511095524442,0.120345425310642,1.10369988990635,0.140815124644133,1.17550862751375,0.21149460113473,0.611832919641018,0.274252013260266,-0.782191002353886,0.223530537331539,-0.922159519090224,0.0131592667933482,1,-0.922323948052306,-0.129369681627487,0.320029048495855,0.719575538557407,0.100739718836339,0.650236165824341,0.0979878849135117,0.836010530251227,0.096253029162801,0.649364540656033,0.124292825884965,0.706247164316315,0.12807660375821
0.923808336828711,0.114631156496371,0.986117274911199,0.117857367775156,0.92889140105803,0.152991131509063,0.628541032337062,0.267755161014877,-0.710034364048143,0.182730771421939,-0.887888550810763,0.0163449454474909,1,-0.92924467179336,-0.0786391633801063,0.267459840087449,0.584103614213211,0.0980759105104225,0.801643705056221,0.0828033680204377,0.546627505751362,0.110356987904005,0.634640225251736,0.109672843987453,0.878372940704572,0.109998346032902
0.912103924088325,0.116562285009505,0.839628063214511,0.126849528057594,0.966493784215547,0.169411510152858,0.817527872266271,0.281015461255503,-0.785982615562927,0.184540222382809,-0.867981122011812,0.0200686043981877,1,-0.884223643929261,-0.121016600951948,0.25762866681606,0.744910708739305,0.0891725994544658,0.676228748192852,0.0844430114985615,0.553661986069483,0.105095286568313,0.51525681933946,0.113301570802469,0.772699642567243,0.114342193692503
0.848242790630005,0.105047933582719,1.03511810107267,0.115407797251644,0.857790460968168,0.149860542704563,0.516359470612235,0.195745834717304,-0.66385350407433,0.148343292062551,-0.898598305400294,0.016349431888622,1,-0.997483159765471,-0.228138792118178,0.230881192126304,0.67990713932453,0.101996343733573,0.690409776172344,0.0976807823144946,0.569885070519002,0.0976256888858428,0.610403630399689,0.120373989832064,0.736786654333498,0.117987880175904
1.07860469183948,0.13082415698374,0.901509289937422,0.112167793982471,1.27711423655116,0.234936932334693,0.491703307384306,0.220347268584049,-0.792440043220026,0.206574685143252,-0.910307809140171,0.0148202245556487,1,-0.999999942734341,-0.119404298423441,0.247160276662591,0.702287750953443,0.100254226250195,0.732400806051451,0.0898822441252044,0.808437026359875,0.0989877322170447,0.557502705281836,0.129589660464246,0.739479855718632,0.140382416583887
1.08217125847998,0.135003258942964,1.05927102777705,0.141201463361116,1.26036469465215,0.244611961270392,0.881550242077231,0.385901219931547,-0.743324760338181,0.237612153223405,-0.891170187214055,0.0186215029314454,1,-0.705191307548414,-0.128715078515135,0.250500011055243,0.844831982675572,0.100156089213569,0.850508810593029,0.0949134193004061,0.666370947809238,0.115525562950993,0.813897303309804,0.129211945160099,0.733671456566552,0.14180380446419
0.993435036834888,0.11405866257272,0.941568269109595,0.13284209473891,0.853105842425406,0.147773056949098,0.535511879234503,0.271900719527175,-0.572884630729453,0.161992610190713,-0.898268821207441,0.0157354553790541,1,-0.84758089427553,-0.118556355370672,0.24505421975974,0.716060127459716,0.101876638786472,0.742687465739908,0.0906342309015918,0.556942252583994,0.0990587823860915,0.705391939651483,0.118938730128388,0.516713140613833,0.142299026672539
0.915892040925885,0.107855866133026,0.892896481608067,0.112298195755524,0.919268971818136,0.160398973931733,0.541552213904493,0.231276814060874,-0.689995349802593,0.162630560357181,-0.855826973908279,0.023467048360131,1,-0.977923078191645,-0.0711031451593484,0.235736786396694,0.556187929314418,0.101554116993524,0.581716482621454,0.100469641392264,0.475639163766152,0.107936419179441,0.701986837779431,0.100240179089932,0.499148726848599,0.135021414509111
1.14554417202231,0.12312999426519,1.23839922311659,0.127904595002058,0.958648750732456,0.175895315034589,0.854527033314703,0.293628874062818,-0.889418445535046,0.204302271368551,-0.915257526460562,0.014183908766253,1,-0.982683068949905,0.0821174550138163,0.255350291033306,0.74027355305044,0.0977444332767922,0.672536876958903,0.0976933630492223,0.706191215623354,0.0994038779108315,0.762022412196127,0.108499928680578,0.529655527160153,0.143197578914156
1.00145583598586,0.0990342919437866,0.811261548618369,0.0981196974588599,0.738443123080963,0.140399053789556,0.232265514156131,0.111940386578899,-0.414143539882665,0.12427865271986,-0.882179842699543,0.0190682973950632,1,-0.999999999909878,-0.0506480790799055,0.195980642254485,0.607006911650058,0.103419313319742,0.695672504214608,0.096662545405851,0.717677656514162,0.0979828009985156,0.440384402948759,0.117763771032779,0.52161122290878,0.135527268768317
1.27986136201968,0.118492736264661,0.992506990326086,0.11167228322976,1.04146564536241,0.172817165801046,0.25611644698516,0.121841338248131,-0.516465371944099,0.141769304931854,-0.915475361368387,0.0130351031184221,1,-0.999999999381469,0.471640695077032,0.247779694935068,0.761327505563498,0.0847625788191436,0.842458600833638,0.081702382971255,0.716090199953585,0.0907979239816551,0.693488370597798,0.122643411869897,0.839882921051365,0.132180075518035
1.07081617068655,0.139337566426071,1.24700876112243,0.160813865066662,1.17026635609123,0.24751933780096,0.673193732839294,0.288604585842396,-0.709785497437146,0.207678723654223,-0.90991805286621,0.0183160674513808,1,-0.799677228894135,0.262265063742005,0.270570988471485,0.683210878447876,0.121234475973382,0.780517276678575,0.112884453355758,0.605140762785686,0.124302762707806,0.698116544846992,0.126655243720949,0.952343674748612,0.131748120601471
0.955432210052451,0.122918547152548,0.957117085118998,0.126992414032001,1.28079857466581,0.241311157591388,0.843960289229186,0.286959280445162,-1.00741884997391,0.244845520575078,-0.890671090402616,0.0180783844790688,1,-0.968966246357313,-0.222151103434164,0.246415469502061,0.794528525185482,0.0944554464777558,0.552893066075542,0.0965679190583266,0.756212836395601,0.0941022232969619,0.560595722830858,0.124661937713654,0.82944914165261,0.132565649942318
1.14086243338266,0.124460136129644,0.95408895731391,0.117465674643774,1.19799304072084,0.208852564641884,0.695552792087689,0.259188376700002,-0.760381053273678,0.208898103401971,-0.890745563015452,0.0191428947827232,1,-0.832988661851681,-0.0101750955814777,0.261481633968379,0.613313481328468,0.107059615785999,0.945391708795032,0.0945682654230872,0.581198598684758,0.100115112241553,0.823919103606813,0.0963579525570853,0.844399405402003,0.108860224045012
1.03891739762401,0.125257286759063,1.02741021192333,0.12820306101835,1.24341859298294,0.205793805407238,0.785384006372333,0.356724037805039,-0.886405562411652,0.219331396340295,-0.920450398075423,0.0124803540450565,1,-0.896980016422792,0.00257686705250227,0.257278492817745,0.757105130257625,0.0861922985770897,0.723057686666898,0.0968113351551734,0.852436320155472,0.0936155544668915,0.53670609373474,0.1151367902419,0.964711970915378,0.112455685341656
1.09435630786025,0.117463500633593,1.02751704172996,0.131961951599775,1.11671332687309,0.200042781907136,0.6226611989242,0.231748389856422,-0.833866931058844,0.20597193096168,-0.900440372515979,0.0161684440237659,1,-0.999999999818839,-0.0460255445044608,0.232794538881766,0.766757135292215,0.101803260423294,0.69614664721921,0.0963321457485628,0.513851759461472,0.105836339186651,0.741817423404418,0.102620641482835,0.692112919704509,0.121919569771379
0.991248041809723,0.118950206909703,1.15142737024364,0.147738683396328,0.90669895418381,0.162543188462136,0.902288781844011,0.3139508760655,-0.904491180061393,0.214184730321577,-0.905251889574907,0.0150839786001969,1,-0.999999999962781,0.0509677303183528,0.250710305276361,0.732045628448687,0.103077582125045,0.849219493248579,0.0899827379279063,0.702150438312879,0.0920769715395957,0.596905844384988,0.118504775961796,0.778873699862914,0.135700304784585
1.42716411428006,0.146838016335044,0.764249394105968,0.132160917756972,1.21777766401767,0.227746677543699,0.902722796847049,0.324708919154535,-0.820793636868882,0.226900221390839,-0.913339788244661,0.0152180246095498,1,-0.782839577483939,0.171944332557934,0.283736048470092,0.785829425828278,0.10972220069441,0.800733419314192,0.0991621426824562,0.834087012629316,0.106397730413689,0.577195408268665,0.123349346593101,0.733356623716377,0.138698912516652
0.980347753119145,0.128824912111724,0.852953791317896,0.132408975614332,1.04823889943062,0.18770823366726,0.495256645607597,0.278449055340921,-0.573924735651893,0.196343820530353,-0.904436526154986,0.0157252003414994,1,-0.796543780442245,-0.0850312132486408,0.272816227220629,0.683730801029103,0.0998630625016734,0.729211494849071,0.0992262764948034,0.677799187946354,0.100205299503613,0.607211341106271,0.109653170386328,0.687811138097642,0.135510661762148
0.946898378132083,0.118353729907613,1.26597945733492,0.142314297351167,1.03457021623301,0.195722164651501,0.790160217731307,0.31152602825898,-0.765545001613944,0.215805005478163,-0.903310690626579,0.0164801428160357,1,-0.846707017581795,0.266551249249091,0.253116489232968,0.680160004197827,0.105085934037514,0.890274297773847,0.0906386588611569,0.700371120378593,0.112487900916267,0.659806083186296,0.126808228717705,0.763277302174251,0.134137336726923
1.08068643797521,0.125735186111444,1.04148467618267,0.121613438443586,0.982204278433905,0.183292411793523,0.435462449046499,0.23765645168039,-0.623070472424541,0.178254727287059,-0.862944537112866,0.0234818675036982,1,-0.952710395830024,0.274891919879072,0.295545440426299,0.632608902984616,0.107775887348188,0.689976585688529,0.101940188056443,0.588749966568811,0.111845773544474,0.724859816535109,0.116055377222071,0.794151863020466,0.114325897895897
0.756549078808912,0.0997194509550918,0.966111328244493,0.0927514309332164,0.915435010648418,0.151340035865653,0.312745206176455,0.158358692411933,-0.535068136901541,0.160256693797612,-0.885616068458206,0.016224583013236,1,-0.999999999966645,-0.819108010693569,0.23139205707445,0.74184896594,0.0881445041397242,0.691980752845763,0.0853058240364459,0.322594796312415,0.108023477318531,0.525162707116678,0.115575443976797,0.830255782537748,0.116622691868134
0.769682672153826,0.104036378809747,1.05196245964455,0.10871228318492,0.854267693346886,0.144243374994154,0.139742916534394,0.0879643979222813,-0.345511011322538,0.120683302900468,-0.873306691675708,0.0202521572556084,1,-0.999999999898302,-0.440854276076413,0.250933037715911,0.828341287192936,0.0861006211762293,0.752608166957634,0.0859971272311281,0.581867079380942,0.108841311965681,0.69167308945481,0.10928559765058,0.547922374175246,0.132763404810438
0.981806811252334,0.122373208277146,0.756774868855218,0.120691807824586,0.879936138690137,0.157567935555614,0.632148267212368,0.290081624703086,-0.61816562480018,0.171724127256668,-0.876084707045773,0.0203457676915816,1,-0.828838274381291,0.306164891986268,0.267135702090053,0.615037826727621,0.102423763316875,0.561368978619472,0.104728410135316,0.78396846374972,0.0969684937474694,0.677964439115859,0.11174698265949,0.854517513924499,0.120261086224347
1.0069605146956,0.122960845073556,1.12852422462542,0.134378399621953,1.02802501883334,0.191049923616971,0.49869534672823,0.257629398219567,-0.632219238114279,0.187013494995276,-0.885791150750799,0.020509445121344,1,-0.882974592672645,-0.153588345295345,0.277644947183697,0.829332990651488,0.101536653599761,0.59364445858881,0.102106793619781,0.794457381685261,0.0990642770810675,0.882020524231961,0.110321645702534,0.578470982457062,0.152722096577583
1.1922107109357,0.143468555726742,1.06079505978899,0.138952025540778,1.36753254846663,0.270861722042577,0.779151265227272,0.300968842848183,-0.973103830174811,0.252458236442191,-0.906153323668896,0.016169367342302,1,-0.942712913057613,0.053796412614066,0.298383522184386,0.850097998093187,0.106117777232398,0.875064908986655,0.102160456240839,0.831507389645341,0.103576068489644,0.872126383306859,0.116907229196354,0.702925408563135,0.137673966692154
0.971660161757416,0.10685531880637,0.85467203573645,0.104743687886038,0.808477311339162,0.131357877422402,0.462170609843508,0.144520091506328,-0.610424482106672,0.129555655441679,-0.883534048754949,0.0174337184870867,1,-0.998612189242093,0.306651323109788,0.22471634772319,0.604531023773217,0.0918905283654737,0.52946008477723,0.0887013558212051,0.691723496994785,0.0954768753298426,0.550255599281077,0.107663136409284,0.848158300493557,0.118499058855092
0.953430257870204,0.11269860273963,0.902602323975077,0.116198159543296,0.851917547263075,0.150533624797658,0.23482161548955,0.119955487075169,-0.447267989453527,0.132839606656974,-0.900496420894756,0.0160422945140673,1,-0.999999999194171,0.122147666766609,0.289827946593844,0.583802506470142,0.111892767671134,0.57324776849998,0.104680978864428,0.700542322642162,0.0974014839854446,0.815242563926757,0.0916547170806683,0.512446815241647,0.13446250305482
1.02093079474084,0.136134741925647,1.12499347038788,0.125566882180158,1.08840603460755,0.189430395844397,0.520487569795614,0.248588854256936,-0.734591347036454,0.16740577680387,-0.903804353239744,0.015943720334188,1,-0.975989525432701,0.163320656248356,0.283294540905521,0.686747144090651,0.0985161084546226,0.717382354256113,0.100207461075795,0.662188949864618,0.10225373224624,0.805038888004884,0.107005365579165,0.862160787659692,0.137531906269933
1.04108338292362,0.131254544060407,1.19122283676091,0.13553923361062,1.3487726566714,0.238815753476128,0.786069179713164,0.290143263979931,-0.846499532187341,0.221637671875895,-0.910387466250258,0.0154414649235199,1,-0.822104379068792,0.0502732616212349,0.275175075397085,0.795390952481823,0.101149497036659,0.75422666569515,0.097076175824787,0.877751837111738,0.0970023517097233,0.634717631683579,0.129679423971006,0.773649735943281,0.137697674838197
0.880340729858337,0.130948087861041,1.18762318876424,0.143028401329202,1.25779729808246,0.257277500678198,0.661724992335632,0.264631247314342,-0.882710844557861,0.233647763890685,-0.907152308048148,0.0174063464828712,1,-0.967552110575828,-0.384937395621376,0.293652455562962,0.83441513459658,0.100547957541762,0.902835964760055,0.105570875242009,0.663865932518825,0.114365042481079,0.640760658486402,0.130398910875985,0.654428979356907,0.146591287116318
0.934808650849398,0.112326407331325,0.820838410848373,0.117807098919117,0.845186942262699,0.156897751467465,0.722969653732694,0.259835709220949,-0.769002853696715,0.182249409906441,-0.883774026612288,0.0192196959547696,1,-0.983765363555345,0.24495734924945,0.238168886921372,0.578653135225835,0.107027011397085,0.524451513939867,0.108407638295332,0.58766249847863,0.104003224626796,0.715814086379527,0.0895254362942846,0.724905694651979,0.119955879084687
1.14167856370778,0.132765134077829,1.10608975405732,0.134536460707093,1.01864190129658,0.18845721911014,0.75108830477854,0.274390517179836,-0.730216360083513,0.190603476710645,-0.886309985375244,0.0184966993621266,1,-0.83482470118816,0.358323245188674,0.290537122279807,0.60432687316947,0.103538688586805,0.736620978898431,0.0902626172930097,0.713008566298006,0.10176659465108,0.64120378120268,0.120686945358631,0.602048947873114,0.133333552185401
0.975204722966919,0.119153063194895,1.24595949864748,0.135147334882231,1.15880945269731,0.220603862946585,0.889790600918357,0.324966434405587,-0.914963168011119,0.231351772775576,-0.896717476396521,0.0167445137775914,1,-0.901059957348085,-0.0824029975029199,0.241664064711475,0.837694813373546,0.100322434123678,0.744403167059285,0.0983427508744075,0.710704552705549,0.100743687110788,0.735526844002486,0.120765140077606,0.463255017639644,0.155437276635301
1.08014192588766,0.124885353939937,0.860534852244284,0.125309351451711,0.891227019123372,0.17999329914512,0.691840700343382,0.308505937625702,-0.510529615072969,0.162701134951884,-0.912658949820501,0.0150190330373077,1,-0.650165190575781,0.0942013282589735,0.249487777432579,0.714440476345899,0.107678520919831,0.555547319388401,0.110033228188875,0.810938014342928,0.10420620847364,0.834588827663222,0.110554279050009,0.494810394500333,0.158105170627324
1.01090958224228,0.120108409847198,0.915135948798974,0.128090396049715,0.906019784598434,0.175980239048242,0.398578153568165,0.229562394448305,-0.508149786897382,0.156380419242741,-0.907772346487012,0.0159309506736412,1,-0.845602311789626,-0.136533424214058,0.252152578475806,0.797142608961425,0.106725837556566,0.760218674230078,0.0963477297413504,0.715871625928683,0.0991698054637067,0.720121534335288,0.120453783904487,0.755546594970577,0.149537379594811
0.979201966429252,0.113889939886924,0.934811751421288,0.120456608130253,0.898586572339173,0.15398504142368,0.721918163766253,0.263669761881239,-0.792860921152534,0.174524054980044,-0.879402061719749,0.018227424102041,1,-0.984403311316521,-0.353489503242599,0.229991872084227,0.633884095417635,0.10012456023691,0.706623035423316,0.0896615682584904,0.779227368012809,0.0907525926723221,0.487710877051428,0.119858517267319,0.665686831013062,0.121974892207625
0.891216913385378,0.107118103887256,1.10470096276459,0.129517517600049,0.856375873050615,0.148961695054275,0.532722750744517,0.213825202369384,-0.63222204488465,0.167832215262981,-0.887331126137566,0.0175602294269364,1,-0.936023605474345,0.191689755294443,0.242637668112236,0.614848082154955,0.0984210093324424,0.637897146967621,0.0866158104473182,0.706252367605023,0.0957936036075489,0.588082366933575,0.116430805752721,0.701015427190498,0.146330785656826
1.11411447434712,0.12416631520437,0.850245838620239,0.124716547319427,1.03818996651385,0.18439697052096,0.480777046803485,0.230614372790241,-0.692021180960408,0.181850977165023,-0.921827734525991,0.0129060390489217,1,-0.979510533901932,-0.176654549053105,0.27349131044498,0.757122905628173,0.105347049391412,0.854174761968312,0.0977764925506507,0.713575545734658,0.097493041733201,0.827020525994251,0.112532766952052,0.542989155536191,0.138896982464143
0.981206474727001,0.113660596000899,1.11693973129611,0.114309093274444,1.12948637905269,0.20596219444487,0.520144617415678,0.206992853851384,-0.766483046401709,0.198244022615632,-0.888154638812864,0.0178453767420485,1,-0.999999999925669,0.650495636460184,0.248680350730166,0.680509098912431,0.0968922409788664,0.683538625593784,0.100853686632582,0.710536695998441,0.097814444403655,0.871230399194412,0.104501639130946,0.596003049609558,0.148052372763968
1.30395787732909,0.15146659906361,1.08114882353174,0.136995522202318,1.3714191056045,0.252821129122994,0.96748055566919,0.306455574189438,-1.1142387525239,0.250175374534855,-0.927854889751725,0.0124741986970646,1,-0.967324167952978,0.335234224103146,0.283459786778113,0.777801629321842,0.105559152767775,0.781118182581544,0.0897832545762723,0.870991036802634,0.0997910851333311,0.705261439017913,0.120574994797141,0.886591292631776,0.121560589260375
0.869041205796506,0.114997545403637,0.976328381319382,0.121420038467058,0.967607900914941,0.181606137387055,0.218807158308908,0.159773227214584,-0.328603964415218,0.143405377181042,-0.887866446376023,0.0185715420263986,1,-0.714154755941046,-0.286047300646428,0.259922420995767,0.602219942469307,0.110365548825659,0.631134130683438,0.100045881137321,0.646332821909388,0.0933843020563796,0.770920724180232,0.105770756679893,0.774681269473814,0.122257017767152
0.929224354169358,0.120891534632038,1.13555317850446,0.129114946879388,0.931743835259678,0.173395712021196,0.615450354531342,0.267542641105574,-0.666939948842199,0.180947133756132,-0.898131816133361,0.016180728830948,1,-0.880728306585303,-0.298650436409838,0.242862908700979,0.744212330385029,0.100357568785098,0.768723591888985,0.0914158032814925,0.689882827735169,0.101502477959497,0.748339707790888,0.120320031245031,0.714248915532957,0.149226282940716
1.11573178132536,0.119843375958914,0.930848052298285,0.114921591131259,0.921406925423644,0.166646881970186,0.119946545150726,0.151177858135927,-0.268759485743467,0.142744170555468,-0.899605290507621,0.0169623167269187,1,-0.80843329908319,0.32752971055525,0.263099144383237,0.508212090291107,0.107460776477311,0.64141611137434,0.101986579329312,0.765484224559086,0.0971542472958442,0.688216689574542,0.120362260902316,0.706299531538664,0.130635628018362
1.09250983337441,0.14864031645568,1.30887304463152,0.144883664353857,1.3115842835146,0.258526309717863,0.498411711147812,0.259625466006245,-0.729351991774285,0.213699203163218,-0.913587235699552,0.0152835779147259,1,-0.902079788032486,0.386535981131706,0.297860873693362,0.7247791906564,0.111367715556233,0.833253472570326,0.107453396013633,0.826745657162976,0.115384769366635,0.851707108636583,0.113652791962838,0.792514393439919,0.135390263824246
1.08801078777854,0.126789882189261,1.09407080389141,0.136412263999533,1.26844972256493,0.232669242291489,0.688302163555584,0.281959944892848,-0.833809014908796,0.20643510109191,-0.910752633842602,0.0138854876653454,1,-0.892360606610124,0.119745834696568,0.259987071276051,0.765084958985572,0.0958844004551562,0.727827059282062,0.0943312242255909,0.602921736636968,0.11561235921942,0.737471989463839,0.121408175454235,0.739070488142531,0.141708638844616
1.099056038584,0.129596873118144,1.07948213279868,0.123206091522878,1.14760459391017,0.217080623583556,0.555155300950968,0.241646073762116,-0.739310836499827,0.198420902917192,-0.915393472541279,0.0150515706685335,1,-0.926240330893552,-0.167070856743354,0.271424455735341,0.781278071033768,0.109193524674185,0.745147953812857,0.103800908289935,0.687814455394216,0.11578582065208,0.733930043226031,0.112220003165006,0.80606721605003,0.123034997200526
0.977078297944215,0.124100453558412,0.757742973533801,0.133814581709585,1.08579787987976,0.21602641142312,0.733431247402795,0.352284267747958,-0.83883922781668,0.239510518926504,-0.865223973020926,0.0252885805709302,1,-0.939992812155193,-0.128455976014462,0.266122334883951,0.706045347953936,0.112811731346979,0.633538374478763,0.105684269577816,0.405855646677114,0.120333321013179,0.627453876295559,0.110790239060233,0.557878770782249,0.139234794418582
1.22625938603229,0.126595835798576,0.97099729908869,0.124532190796667,1.18179808536894,0.20892648815421,0.65149273127302,0.252130238176766,-0.833121209334996,0.205557694959459,-0.916138944009038,0.0138816175504673,1,-0.949471126632284,0.229759400559726,0.259805800769037,0.854627496853024,0.102536301874207,0.732353170867029,0.101433112858377,0.833440868904383,0.0938463652266777,0.815409746196741,0.101158090765222,0.846861957841745,0.110079715277457
1.01668407705016,0.115577446309816,0.845654716470811,0.116572429388478,0.791909993951201,0.146217374173301,0.301695984505583,0.225225841643031,-0.449781742704206,0.138819645798726,-0.884428752294705,0.0187371292099086,1,-0.920193467724153,-0.0108932370289158,0.241559727539688,0.686725782523504,0.103768332295935,0.665645995807669,0.100247893966819,0.582850817723613,0.105609286663913,0.734033402038348,0.124836032183022,0.681938371849476,0.134440336969922
1.00772887554355,0.138487703496187,1.01359264956623,0.152092782158464,1.22388570494265,0.266193134484526,0.949909332640545,0.389797909143988,-0.8586894594627,0.250547436314843,-0.904925984824303,0.0197478796477069,1,-0.796387846109245,-0.133113253937758,0.246461830918354,0.807232720862642,0.11799365389556,0.767129438739241,0.110104370115141,0.729962928498361,0.119126840084454,0.894079680314038,0.122924310225996,0.696794300321905,0.156623378338568
0.866478126659171,0.114644827592834,1.0487746199431,0.119620396978393,0.93859282047314,0.161963705367376,0.568743042088968,0.221140805550838,-0.608228423642257,0.160736022263088,-0.893710934785893,0.016336086265169,1,-0.832472794340386,0.0353212279635724,0.271054405208072,0.655591731585808,0.0963974452599068,0.60334477643419,0.0890574525346762,0.767945011593052,0.0971785095694169,0.626279749869009,0.111188245842474,0.898079067611199,0.117994994700865
1.07361676994439,0.115410558624496,0.969240666441842,0.116837880419228,1.13811654558587,0.17425083787236,0.689716265583552,0.22570614242104,-0.885989556146028,0.185813495607311,-0.907645279045241,0.0128204848289235,1,-0.999999999986939,0.0375220350889944,0.247846659633513,0.676354465045366,0.100235720019708,0.813251337322711,0.083740174880264,0.766287582130499,0.0817817772563852,0.751087110240402,0.0897286424717093,0.972607538594795,0.113056238625061
1.01584352106584,0.122291530278668,0.983772471020074,0.117664634298737,1.08255010281273,0.192060399538088,0.380051436726133,0.222526236205529,-0.588834211019664,0.174878665112996,-0.892927797484866,0.0174897931491393,1,-0.918010909375383,-0.0324675181789769,0.251665273168229,0.771901164919064,0.100634575532859,0.704136818061676,0.102738604050638,0.606451497071574,0.0996061906760521,0.730791028666164,0.104077266311311,0.70914768250649,0.126036689465824
0.935338457370995,0.110726551296198,1.03747237340917,0.104724625245151,1.02608711987223,0.165866763344765,0.457064176654311,0.145154506341128,-0.684826740579404,0.145807616657265,-0.911458934469261,0.0129395651194373,1,-0.999999999992126,-0.223124238811292,0.235856068535889,0.794429763372274,0.0879573705885225,0.693024270512291,0.0836951893195525,0.663931992053073,0.0975506369913355,0.631929680031271,0.106426780262963,0.878379974428435,0.105249656900032
0.973102245013845,0.122002052851019,1.03489840871784,0.115648261832476,0.948610102047292,0.168959527364785,0.511378097983224,0.20799482392162,-0.628430410617436,0.163578393176501,-0.891133186593972,0.0174522222362461,1,-0.902281927403853,-0.151508398712104,0.260189893707019,0.6971889978298,0.093409199875393,0.71567815093909,0.0893998542501943,0.721030187094544,0.101239121896992,0.683017312819635,0.114284339017884,0.716516196473738,0.136464448213827
0.906389948720391,0.109884196985807,0.924018906008647,0.11607539594088,0.946315226331338,0.188026829975824,0.51604371434734,0.214267814134543,-0.698813297196887,0.189173114857885,-0.897885874881468,0.0179124351383348,1,-0.999999999999711,-0.082271916296225,0.248922633518146,0.584093223327917,0.108552333535335,0.68046778109158,0.105169355159721,0.571706915287484,0.106250849161755,0.608891405322959,0.114662437702168,0.764817650139387,0.13413733047754
1.03410057119977,0.111601621503606,0.9170678459828,0.119431901082439,0.895036650771519,0.148935352934446,0.86158101606707,0.295462507284518,-0.732940996858235,0.178670021491092,-0.888682319473746,0.0169415864762129,1,-0.834642593994653,-0.329748319733833,0.244046089191885,0.857307849657065,0.0945594825290568,0.592318375636247,0.0901811943662019,0.745005095867782,0.0925758478255592,0.803112798597637,0.104269906049402,0.73201439281612,0.131506607264614
1.21502795971517,0.146916749050402,1.04919170446464,0.154480473257793,1.24759502026216,0.239406260013865,0.947865864855462,0.390411348002736,-0.89937259256278,0.258066281114273,-0.928885942609183,0.0128211770752665,1,-0.827045476685024,0.254384712241612,0.273833843200633,0.725745586083766,0.109625393819915,0.622674417153768,0.112165269383072,0.850151728616326,0.113233643199644,0.986960580722771,0.112374806970337,0.787680900587737,0.131610426328819
0.960661611815962,0.116130386838418,1.13568595214639,0.129124330566347,0.986884153535176,0.172964287394479,0.463025503600725,0.274829610087062,-0.586378109846968,0.174639047102558,-0.902537756482218,0.015861306935878,1,-0.867445513357653,-0.121050207097051,0.215808115217329,0.617978506054933,0.104676719045589,0.7718980863092,0.0957006897734259,0.827298423224791,0.0955439252741886,0.812270814754327,0.100739572871377,0.525868438539726,0.14533139471588
1.00249809224985,0.10969262255529,1.18777751944051,0.119836957566808,1.11973014628961,0.181092426544383,0.56983334851272,0.249600848230123,-0.79878631603698,0.211929306531679,-0.920675560502499,0.0121234809611252,1,-0.999999999997714,-0.0912568119790341,0.25479521391479,0.838996244465014,0.0910891729617536,0.804823870255123,0.0877710447252244,0.652934056190803,0.0935248413140052,0.757698979548179,0.107774724461457,0.727438239672637,0.119066396196985
1.0610764929042,0.123972122213817,0.848427401039821,0.110095958163346,0.900565289069722,0.155190089909907,0.536618221502467,0.187804856407267,-0.651361060385761,0.147588886901051,-0.889762723651973,0.0182880920858523,1,-0.936982505925714,0.206955110072113,0.251061843855901,0.61041709286219,0.112868206235053,0.627715616021041,0.10206975989808,0.55966929317677,0.102066849895522,0.777743974468287,0.10601973581497,0.78004880993669,0.108088778081691
1.02787282999102,0.113611872048275,0.99721766360699,0.119136426723066,0.836487763438008,0.142670616093798,0.511171360146642,0.229256876762815,-0.553546726861209,0.159644790070411,-0.903150427280418,0.0157182255202031,1,-0.846527818405806,0.245627239005366,0.248498013882295,0.660095653906115,0.0951788408601953,0.665516685725389,0.0937535176186856,0.663808559113233,0.0992807471521185,0.735816622684624,0.110127504432968,0.823989221094166,0.120991966197669
1.1481633436109,0.121689918763672,1.0023910358298,0.13180796581717,1.09203826965724,0.184127569108539,1.05358314975318,0.367144746721068,-1.02772352499846,0.238825579423175,-0.913967988655545,0.0133538221627379,1,-0.958126739403461,-0.175373401576906,0.266083070849552,0.908938530182281,0.0885652770429116,0.722668128295029,0.087927710450821,0.743919259314752,0.104679113250981,0.545711664179826,0.114060062340681,0.63871080945743,0.136802094478845
0.87843366409027,0.117384986343716,0.988857253419965,0.133001101059103,0.934758340462319,0.189152744861769,0.61601630452278,0.278292336161525,-0.682276162253368,0.192789157428518,-0.89375193310705,0.0195276244037914,1,-0.899113295844426,-0.243396706966251,0.254732427041223,0.620791964452623,0.0984568795662378,0.56356115703742,0.111361065429971,0.691359164624562,0.107604610683524,0.545360138898666,0.122650817918652,0.758789461978373,0.139185090992714
0.902454529758721,0.115322077832144,1.23865695482876,0.129027313053883,1.04936561445697,0.185829077406479,0.914347473461483,0.281738283569009,-0.979532948938668,0.22210377770809,-0.904509288942153,0.0156413795020118,1,-0.999999999864716,-0.101274733388159,0.232217629866316,0.789698571072144,0.0907212129113958,0.672147437271136,0.0930708916294723,0.579206124023058,0.107292181872943,0.777530410956752,0.109566094521247,0.673324976050505,0.134937951332436
1.05300320667361,0.130259085078945,1.01947082029441,0.128318371277693,1.0214250802986,0.194627308963806,0.616406370368845,0.217219789023566,-0.793481522369888,0.191249878833793,-0.892252998752455,0.0182399854262648,1,-0.999999999993542,-0.146945045475026,0.272518579459788,0.6207349139025,0.108506956348549,0.752673594857967,0.0911634425378312,0.678372134510706,0.10234622613138,0.731937288121296,0.107759931596931,0.601918725769336,0.136963494560887
1.16414833636611,0.11891134462728,0.962247490167408,0.116990868089881,0.90850468240224,0.15672417651267,0.376891681439182,0.170790876117252,-0.585156267450515,0.158785678638051,-0.921068136608655,0.0133889491721397,1,-0.999999999986374,0.334349723132693,0.277902269408842,0.763461728047254,0.0949711228525814,0.69207545508518,0.0946487937277329,0.675308320489339,0.0949850406955415,0.799191615479384,0.102130601976201,0.475404260030069,0.13407071298499
1.06625534230496,0.120332694293607,1.05570686147342,0.123427780714976,1.07013992245735,0.195157841204208,0.578851273266809,0.238055258028582,-0.703099829364579,0.188209109466622,-0.888002966313145,0.0188956811500779,1,-0.893332662200897,0.143354336071395,0.247861460414005,0.770518043609797,0.107158170776683,0.744411787431615,0.0931977527234016,0.572480137806628,0.107930590114372,0.642988104360079,0.112599634352311,0.724907840364766,0.134557978729142
1.05436869509953,0.122021731510063,1.1929980378532,0.141266914634011,1.01678387120212,0.20274435281273,0.759382823107375,0.280942039336734,-0.823399248396925,0.210268219291731,-0.911992276284327,0.01568898827798,1,-0.937056456232275,0.00562073377298854,0.269166374411848,0.7368285384277,0.116948400592133,0.826900126868915,0.103034707247814,0.646511265203245,0.110585282664261,0.833719499414176,0.119938747092343,0.658811569606431,0.126837732079781
1.34288416344984,0.143985973743854,0.969118889426752,0.144898242749596,1.02588326341992,0.197726193945532,1.00733962362755,0.388489564105781,-0.709300121327343,0.231003178218196,-0.903384502033236,0.0175607056331644,1,-0.697739168244936,0.650608250562516,0.277629214111276,0.835117029710569,0.10737320646627,0.682346172957329,0.108287005606625,0.834544601872399,0.108854289468574,0.670067023587224,0.109782515819931,0.804138683183838,0.13852862483992
1.05030616072615,0.115883740256982,0.861367064766564,0.118214097100953,0.781827023535764,0.143372075153167,0.469171625962529,0.231099025291706,-0.540598867617787,0.147809188541356,-0.896107135605437,0.0164060363825522,1,-0.892593917676001,0.15202967460717,0.256802714950191,0.673946296546241,0.0954845070968253,0.626903358636476,0.0966220064626994,0.62161906209514,0.10433416593889,0.580801856842135,0.114442710454139,0.607807731633521,0.120410131007047
1.06715996165645,0.133837996355827,0.968350416785059,0.130636620156373,1.04493609972655,0.194715039939426,0.880096262233953,0.327115288884653,-0.790974138150487,0.203683956655774,-0.910142776676223,0.015623982389555,1,-0.824806982962314,0.103627722568683,0.303017313724831,0.759763959948222,0.108892832818292,0.583257908843303,0.109747535506783,0.756151127863802,0.108256175778242,0.749829115901684,0.107239288220808,0.722292271459475,0.127262344366637
0.973881227155247,0.120662143808903,1.00582792377853,0.133121086003269,1.30221720574487,0.25117880748849,0.754943973192754,0.316521938561508,-0.94413680422814,0.234257038591321,-0.920242626952034,0.0136381880462728,1,-0.952216826881318,0.0724292094860423,0.237900831855102,0.692473415599459,0.114827022275987,0.695980131715031,0.099427367316771,0.665020590828151,0.113865919954558,0.740934903930782,0.112086813329667,0.847798827901775,0.134497763429032
1.31911723006571,0.138696360280902,1.28473669150281,0.133010644120583,1.46792966303612,0.270920149615836,0.696761297632333,0.29452102051875,-0.727542160170661,0.246972931056692,-0.927069245816361,0.0118430464298242,1,-0.719388568419027,0.202264110075774,0.2825632015828,0.908087050782534,0.105487854165066,0.891220893416712,0.10322741347318,0.758624717674767,0.0890385393424164,0.870358121081391,0.0987002941061475,0.726058466217709,0.129322815314132
1.08774081188249,0.13123789274878,0.795086464574257,0.1298975732235,0.958712486632867,0.190514266706728,1.02825152171539,0.346006382012748,-0.9169570866084,0.218284738041734,-0.89062756785647,0.020269873577287,1,-0.923538785165322,0.0693592481925857,0.267865895422686,0.61540076595533,0.119423708589628,0.728231718877739,0.100653925930967,0.7026258026643,0.107258279223398,0.643597061468585,0.118899925704407,0.612553862772421,0.138317263698598
0.896209824466748,0.11007973824948,0.778042145332536,0.113668076354591,0.796162386280102,0.148400179394606,0.46683440598006,0.22284883787945,-0.537416431275264,0.150622628053793,-0.868594382794237,0.0205982570655987,1,-0.881512925124473,-0.069133536560536,0.220945055337179,0.656996356850617,0.0948926203071322,0.602628125936069,0.0940318280294102,0.673052896528406,0.101686948877411,0.503966172251217,0.124927670098109,0.664849779141346,0.135848836591026
0.924897908087279,0.117041083171508,1.05148053955348,0.13597490391181,1.08650250253845,0.195077426189418,0.567753580823066,0.255122380312169,-0.701499025386967,0.182611933925397,-0.888736214764316,0.0189102466706202,1,-0.893165142414322,-0.0984215435755231,0.258042169001793,0.736021707398241,0.100087204004066,0.730876292846441,0.10363013207525,0.740714887634216,0.102290470511212,0.594975596306355,0.118556012721027,0.842270306003207,0.140231933441882
1.0228623127805,0.119717120445357,1.24271360362301,0.126846278391544,1.13276746169153,0.192763118049083,0.416532057028106,0.203165380766079,-0.609943881629236,0.178568636621321,-0.904427654496652,0.0153567241474573,1,-0.887963840557118,-0.0359744376516567,0.291505176284992,0.808088292744648,0.0996580219049563,0.744581313220372,0.0982496935512747,0.856024683429282,0.0993214338265728,0.722050173011913,0.113525761519808,0.753441873778283,0.124458186900716
1.06295783716128,0.125107953822955,1.09175060569803,0.133315801956971,1.115130119878,0.222640296460075,0.601131715537137,0.242780496357523,-0.774814560337621,0.212462102596638,-0.881826380985336,0.0204396628103878,1,-0.946346497940363,0.181932972760935,0.268509159952143,0.747646514050098,0.110392890466135,0.678878837652158,0.0997529714247434,0.824649593467651,0.0940508584697007,0.698177255044653,0.131105666411403,0.473302458013088,0.161371590562257
0.770253397250992,0.101373417498892,0.788239544603592,0.106421911283262,0.833233739715481,0.146571472310034,0.353944689961056,0.171624851206929,-0.513585237211158,0.138920143950135,-0.881328325991941,0.0178221684313967,1,-0.945717460510513,-0.239043644260459,0.231647325228778,0.55786877193737,0.0955979057958894,0.584651333168401,0.0908828759294525,0.547807562513578,0.0961403030568091,0.528593173077069,0.117398606252981,0.524897824757379,0.134526431396875
0.942178782737934,0.106591737665384,0.925366888757803,0.114989735786798,0.761159117476523,0.127574276589281,0.493598650661041,0.200879443115844,-0.506398718991052,0.139499203308154,-0.895779589488539,0.0151792853717463,1,-0.826167087123417,-0.21001299142621,0.267019927941991,0.752510860725164,0.0924586905631338,0.712699907922722,0.0866773250636366,0.571736256302089,0.0969018937070559,0.718751830618236,0.093626972174129,0.724228933957823,0.130502561531989
0.97311427021396,0.124324542120274,0.823981877979106,0.122670482326363,0.997302743938356,0.180552906613843,0.553452910161168,0.222489204871191,-0.624433965762414,0.158275662034692,-0.899210550628113,0.0169419909944533,1,-0.840490237928944,0.0613720711501963,0.238907596490831,0.662851649827928,0.102077158832412,0.635951537201162,0.103969821606051,0.775674334549385,0.101145198753949,0.849792247978896,0.104330860633964,0.82283949432713,0.136236050260548
1.12289996424919,0.131178083721872,1.24220242618291,0.147575101685971,1.08464226126435,0.196383221611979,0.614626634424295,0.268895564753271,-0.698596963458532,0.192110890598609,-0.89400817898305,0.0177183618806335,1,-0.855613728904238,0.395480660092802,0.286764953257977,0.759507376490504,0.107043893392347,0.817844979120239,0.0899439983374972,0.78724223924095,0.103167097869436,0.700408629222674,0.121811066417527,0.676399911859872,0.136839755721399
1.01639187038289,0.139866543948288,0.868921052510336,0.112136006061159,1.09137765787332,0.207374440242062,0.280871654142986,0.181061236168226,-0.423027037253508,0.170147501633054,-0.895303532612674,0.017762447478558,1,-0.764058550508527,-0.163517346867717,0.267416606802111,0.682479545526901,0.106866606837265,0.71332715819661,0.0999779884712342,0.72227287736749,0.104210594417087,0.892427441133904,0.111510136199312,0.453307840816244,0.149764680819109
0.969786108202368,0.118374037512485,1.02364287669186,0.119517621570256,1.02146389710227,0.188760061084204,0.483595490167837,0.234870781173721,-0.692483972884608,0.194789204027939,-0.914635659133815,0.0147826836223618,1,-0.985274163522062,-0.393560698468392,0.26810437867873,0.760918646568147,0.104218116638815,0.772143133906942,0.0941230883224861,0.688414487182352,0.107806600989199,0.839554480637773,0.111801320541828,0.58538580482189,0.146349351785667
1.12845748820654,0.1432656534531,0.958800163423532,0.133507222128697,1.17903355223879,0.229136126460828,0.53160724524432,0.277017515713241,-0.598540411877399,0.209466777137284,-0.907319301370342,0.0177609681367397,1,-0.756022899846015,-0.343094216953324,0.316332536940984,0.872773069102428,0.113350625824471,0.609478517067688,0.113752860419712,0.801887170933804,0.111608020376281,0.8136986965854,0.114927710181866,0.72896223882703,0.125756403250018
1.08724709770644,0.123276166881327,1.02636210487776,0.125707422704644,0.838899772174222,0.156221598159612,0.384754027809982,0.241953972666538,-0.478762071521706,0.161626592143504,-0.894685229223783,0.0181190791808068,1,-0.842700228588122,0.0300406304377802,0.233655453788013,0.660752044930196,0.1022963089071,0.743710586808862,0.0911202307475748,0.704898729302544,0.105970444362638,0.670526341969973,0.109816363169084,0.53476544311966,0.137973656417561
1.23657865527525,0.123376910157247,0.968419062383226,0.120591139258871,1.09217233222939,0.190711053467976,0.654207055063331,0.302406574426753,-0.749898925817047,0.211613717710232,-0.914154729437038,0.0135381737864146,1,-0.887155061387308,0.216400152615063,0.261693588391417,0.666105486091372,0.0989913106401394,0.796289433817032,0.0862759532145517,0.778923303123777,0.0914285949632814,0.638067714907887,0.113858024376957,0.746122507408739,0.116261687146028
0.97750707765723,0.124341557725579,0.936748723384294,0.141916275031528,1.10947102975087,0.208764940626859,1.08124425857782,0.359965164376752,-0.872796138585182,0.235836125003393,-0.900950260026948,0.0165685811678396,1,-0.796879997520798,-0.436727884678392,0.260403052419272,0.761612940376994,0.10885046598712,0.725761564699792,0.095337376828986,0.698912051141327,0.103927121970551,0.783001554470379,0.111766099038898,0.498909611424519,0.137017930540408
0.98255370491388,0.109124702685265,0.882081724190236,0.095998153714401,0.927435525902011,0.154367286875056,0.187899047102109,0.104722475940109,-0.21916022249963,0.12252875837071,-0.876214737142616,0.01693731867203,1,-0.524997916615318,0.0382851183237232,0.243871705062073,0.602967391886991,0.0930958950543218,0.728076198753449,0.0893074027962782,0.717068094629106,0.0974825487751431,0.662673369280313,0.101564098543065,0.689753911701348,0.128264404878449
1.03491703933146,0.135135248103097,1.16170260169744,0.153950052746639,1.1779239394396,0.239193731507175,0.476824974136925,0.27790874818305,-0.464850003875013,0.228472028220965,-0.898900871647878,0.0182553577488303,1,-0.620261346859773,0.146920212126612,0.293329052427603,0.755702286710985,0.105476376519613,0.793905560483743,0.102223326884005,0.643056833175621,0.113837169598986,0.758449637999963,0.121336638714181,0.80636126250743,0.144032360232532
0.863364838590513,0.120467180817755,1.02192649906325,0.119475209021291,0.933891181825454,0.182292234772556,0.457599706936742,0.238441706776829,-0.565848284074149,0.173806881112636,-0.887032383062817,0.0203795409576822,1,-0.865583555597893,-0.214816878933403,0.27602387278978,0.626437760481522,0.10291924854325,0.728285854134681,0.0931776483905526,0.754625682709503,0.107745775543301,0.556136950195268,0.133980660852022,0.82069615411784,0.135826587467147
0.986387860935944,0.100015322673756,0.907279996154584,0.1057380401445,0.652289407827475,0.111927797232836,0.219179482049967,0.106327370571247,-0.378111695870786,0.102718009286538,-0.891772305852074,0.016190829806595,1,-0.999999999999915,-0.105063422417067,0.226318727260907,0.56274549675185,0.104742269060506,0.589282469927782,0.0902728376703697,0.50253640055525,0.0947055695748905,0.687684551580703,0.0972465078737228,0.614902331955269,0.109417954119643
1.06878106598183,0.123878596362569,0.712971796915559,0.127895860508761,1.27637173965273,0.24866285877773,0.6950819307504,0.280749704478165,-0.810912954025312,0.215485062410603,-0.90711464573901,0.0164165432540972,1,-0.860929618030482,-0.287759455582942,0.229670393788069,0.769308173515014,0.0999511299878066,0.744936554172025,0.0990495877442463,0.608464002042412,0.120937700486332,0.832647627717737,0.111155900182844,0.744258408211622,0.138898293030985
1.04914264337851,0.154051415203449,1.28253141715976,0.176946991750727,1.91572480071691,0.387494626500783,1.77415588671607,0.59497290994358,-1.39372115310622,0.383327804752468,-0.932413602749956,0.0122784123838269,1,-0.755985459579816,-0.36152212024019,0.300083426654222,0.873558851102878,0.113491438270144,0.910735174268779,0.101307081031917,1.01935997816851,0.104620458165782,0.947458542539192,0.118856675945689,1.00230123105796,0.151501240323572
0.815191574333841,0.0978680422913868,0.910231354593279,0.110626304771277,0.78014120161221,0.137858423107921,0.305504844135244,0.134245824376288,-0.488197619657465,0.122885930005507,-0.880191332545946,0.0193313829790827,1,-0.999999999238881,-0.105809924040402,0.196681354845651,0.701511425656622,0.0905592720158616,0.686656592609322,0.090832205638128,0.554721520591645,0.100437740694082,0.690459289676097,0.114887158033519,0.657347618128262,0.139437042745025
0.907851186959917,0.122858956776522,1.05871286504014,0.11447371494543,1.11806763275026,0.209779475398155,0.46490473683645,0.227694480329886,-0.58340152622236,0.18867662325791,-0.886531469959864,0.0191858275990216,1,-0.809191920391087,-0.419500915999742,0.270347651403183,0.702764308712414,0.101176856722231,0.750393330724294,0.0897765811656255,0.673938201202552,0.108146104883049,0.708118288391767,0.11558484489005,0.678320328255179,0.141017431779161
0.854289291088806,0.106546535984072,0.618287674651512,0.109342203317722,0.735300905001833,0.134853028660379,0.360955104305611,0.212362528295687,-0.498602203354463,0.141499449275185,-0.86867326667699,0.0223410047435619,1,-0.967821017835009,-0.0104091103136743,0.23965050758586,0.605128402532502,0.10309575212073,0.569311968678311,0.0998707129497466,0.585428374397102,0.0961851585782987,0.650653080521598,0.109473632977748,0.617745973326839,0.136706144142623
1.12611115075203,0.127034744494926,1.01793129460122,0.129056845020751,1.25267216148905,0.227160583704477,0.689839821066238,0.276193487570103,-0.929592996170261,0.237889335358223,-0.898006414370755,0.0173837518158369,1,-0.999999999301352,-0.39345976602548,0.253980059160383,0.817438332751803,0.100561295276711,0.79012220250448,0.0965054663422325,0.660360306350955,0.106073178290764,0.593139013995588,0.105781934695869,0.744542128540299,0.118365545624819
0.988986617232986,0.148415397978036,1.1637808595543,0.142040652791779,1.52676483644666,0.281173002564298,0.801871050169528,0.345753976191371,-0.97715530580894,0.26166074694224,-0.921869314207314,0.0133656139874371,1,-0.883131250090428,-0.0783409189737308,0.333662890738761,0.801189661180541,0.104924491749896,0.763619613417058,0.107781489418162,0.889751566721006,0.111049537399292,0.649371426168338,0.127111635468995,0.631966187644248,0.140320054659062
1.14584163531946,0.128176084311151,1.0920185946049,0.127097296538346,1.03642057090523,0.191513791639101,0.462307264456931,0.227923190215018,-0.595182560178202,0.184420001600564,-0.914420852613549,0.0143638681753889,1,-0.859838379299482,-0.0322569283169544,0.265587778713676,0.700253466432766,0.106734056834932,0.718204274122015,0.102199158618447,0.778898116555738,0.101888196216848,0.763475053971927,0.108038863311523,0.709933461340969,0.121452904634313
0.932323700039842,0.128310917539158,1.126400951278,0.139982952823456,1.17262815784799,0.21963236795929,0.819480790924327,0.305257383296764,-0.823480991267375,0.222054338170985,-0.906028777726575,0.0163424067359817,1,-0.840047861181621,0.327583948901707,0.248922542593128,0.67716401533139,0.0996819720024142,0.71267129833834,0.0990409595015995,0.822457112671465,0.103700180586907,0.703401597410997,0.120625646472566,0.657010567861023,0.144829469584877
0.982089761585827,0.115482069548302,1.09542884899959,0.122020829440188,0.94437781659538,0.170985203448715,0.669760728268635,0.251221792645609,-0.795303196104904,0.200463695399952,-0.901241769960456,0.0170184996507197,1,-0.999999999629261,-0.0887144581879087,0.265887779003381,0.646737784545041,0.101181114555039,0.804493639955071,0.0924954517450841,0.69645490853309,0.105789142360708,0.35750062617582,0.140092478858804,0.61119694694149,0.132956522653048
1.10910826909625,0.129322351253602,1.13310232951822,0.142160181981749,1.28085776895899,0.219789707903007,0.84631940712911,0.321569936558346,-0.98510835306894,0.22072162554347,-0.911792281676133,0.0142308647898774,1,-0.946163953031319,-0.0732163737490987,0.241812507618827,0.780116362315951,0.0980525894534113,0.908253932588801,0.0929928571488885,0.917855132679777,0.098193227016714,0.792119967226755,0.113878529405518,0.856963402315799,0.129989682818372
1.16306122874999,0.136224076123979,0.977776017226094,0.129365593833539,1.20936410873112,0.221384191727176,0.96770565898181,0.33717913596597,-1.00111663317345,0.242952161594466,-0.915574731104578,0.013804977269301,1,-0.925410662137318,0.0942528792895778,0.246103048537026,0.770320180728081,0.100787627348311,0.649862283419182,0.103828860239991,0.819947500702693,0.0970444278155945,0.893955185378511,0.107635599591345,0.797888217433593,0.132027076473018
1.05587006902831,0.122058381463056,0.954382514602137,0.116712418108305,1.02736603314914,0.185810304994899,0.460256949901097,0.258234414353696,-0.652194813074388,0.197816376718526,-0.924799173708433,0.0131491444944044,1,-0.948450263456007,0.252787406691771,0.254763351302857,0.680744715535381,0.110532928453588,0.787537920710637,0.0999226366427253,0.795310693692771,0.101352517817918,0.673556454949665,0.119993043065885,0.897966112639338,0.12943267893249
0.855662267024631,0.107040399948257,0.881074397585824,0.0974248468911939,0.762863890934799,0.128990052014552,0.241130183788551,0.135865675955226,-0.42889335530493,0.140292349670007,-0.900037636480298,0.0156381961763627,1,-0.999999999994465,-0.159247736195851,0.257886187327162,0.682691933068142,0.08898588565266,0.56554432458719,0.0948466156161246,0.673138155704004,0.0921444062237339,0.573872439964709,0.103232937735995,0.696564303340106,0.13115058035577
0.870047536509276,0.128211978373967,1.14256915204799,0.143418737130641,1.2378044148608,0.24544265115721,0.837398300031589,0.331268442090845,-0.869376308060198,0.246672730950561,-0.903239102132475,0.0176602875428471,1,-0.853917176866922,0.369133433904379,0.269545930819654,0.590831403182409,0.109148573989724,0.738965667469025,0.109377975523437,0.826386992135508,0.106073993951019,0.591992466715445,0.128995845471963,0.606470488348222,0.135276288722175
1.0086878687002,0.118957897935343,1.05481961861688,0.115759960055944,0.973624970208697,0.178369536448047,0.428131013679451,0.199097105073497,-0.620861108483242,0.167800441869943,-0.922220679772967,0.0122797069889558,1,-0.961634995402722,-0.474455423001631,0.265989976958023,0.833409503744099,0.100842425603611,0.725882194508274,0.0995835918356217,0.687756590035299,0.0979050546360313,0.736490439558553,0.111349181012573,1.00202172251131,0.114602401572699
1.09545100230729,0.1335312351312,0.945044631159158,0.117893455092308,1.13250876310588,0.20334754505126,0.538408688536958,0.247785158694562,-0.592465893773825,0.182295578557888,-0.891896008336007,0.0169920883257544,1,-0.758728747084896,0.0316077705995444,0.270294472339082,0.834022017557857,0.10110165042557,0.705262739390233,0.0918277076578551,0.690630386587593,0.101557799131846,0.56497925804373,0.12290845486537,0.844704227548858,0.125364570466715
1.14446671329115,0.115001154413984,0.771189988694918,0.110927819469414,0.759561804325275,0.132268013362196,0.518691710518284,0.217287442615466,-0.513435319692312,0.133615367483437,-0.885652386022368,0.0178530397032832,1,-0.817992889367409,-0.142452618102437,0.219307910756734,0.684466352100952,0.0971819491225679,0.702286664662378,0.0971988357031999,0.611824607862777,0.103563078583195,0.693900331907857,0.108388406740996,0.811147057620931,0.114474200164481
1.07412973232816,0.111504109201031,1.08586227176593,0.118696458467772,0.729578987582243,0.11860027300172,0.567242390693462,0.23850887914271,-0.584155729824782,0.141219549922131,-0.880489529648901,0.0181828537444671,1,-0.908046612931052,0.292598266764766,0.230129130978578,0.688825404509088,0.0991560809706322,0.569370843034207,0.0915540496453246,0.672991048435076,0.0939924726161667,0.804015119395169,0.10041823627797,0.496744827176578,0.132842455514574
0.968071963306945,0.124011147886534,0.887234203117242,0.119072285827841,1.05834279927733,0.193741143727296,0.554864420947663,0.260192415286006,-0.666449534006149,0.195001912079279,-0.885147834712307,0.0194134306543498,1,-0.869682337570681,0.187111447133608,0.26781713745055,0.547723354060037,0.111460277417833,0.699773610250928,0.0964085695674928,0.711531751466719,0.0981476713929466,0.642029884057191,0.122012609452998,0.998115332526543,0.126697656621786
1.01204688953319,0.117854554668144,0.89149520754293,0.106296763729244,1.05637114403489,0.188962557916937,0.49309064958029,0.193420368031091,-0.721724832326749,0.183404504092501,-0.88695732377473,0.0184873700775148,1,-0.999999999987559,0.042018240387473,0.231147814261612,0.625890493160819,0.0947444224103772,0.78753486915719,0.0889671143026232,0.625277680989869,0.105412301348309,0.715030629443064,0.125195383551778,0.381934163242511,0.153291600447263
1.05741491803317,0.113651637803838,0.930439382794948,0.117072101885183,0.875642962569837,0.151846881377764,0.448875324223464,0.172237993174437,-0.626940602192318,0.154128431506074,-0.894689069311069,0.017201853710049,1,-0.99999999993606,0.53775602965315,0.239775221301777,0.533727492521818,0.103185362074535,0.553614595292052,0.0937455256544213,0.79348777516143,0.0932508469836808,0.705501704267353,0.109893787355264,0.472680795723818,0.143482387892283
0.999578659957945,0.114938430925492,1.1376357408051,0.121279968368253,0.81574949427391,0.145825302873347,0.291614882089396,0.154275991226844,-0.435557374213766,0.121828456386444,-0.892774958975473,0.0168121023512695,1,-0.893021926878222,0.0498930155934312,0.243668602283732,0.605457798890421,0.104775573150587,0.451719482337318,0.105820088579211,0.660844616549439,0.0975521138341777,0.857890056046183,0.0926051146246235,0.706094834131833,0.10045788427088
1.20081080692305,0.122486211954219,1.22125267849129,0.128467496198461,0.933082179155359,0.169750925851897,0.707016387009799,0.329053436016936,-0.807490867004877,0.19874913651754,-0.893768518926051,0.0167554096400431,1,-0.994175214359623,0.584032289070773,0.281422672751891,0.610557369232616,0.107393353846286,0.768324634727188,0.099271024971631,0.816449215510612,0.0986724611260954,0.542681292932996,0.117716847244086,0.77660364856721,0.119168074737728
0.878988760773151,0.128537447077356,1.28849228729593,0.173718549877092,1.05798288705138,0.21879453018873,1.25122918295794,0.466258103761454,-0.828580592928275,0.228566943340847,-0.903219858686291,0.01749244259125,1,-0.720156695769572,-0.461779375858523,0.299929087397715,0.890033519653031,0.108545394175801,0.642329238658585,0.119412011746367,0.90913462398296,0.105780597803016,0.945106779219602,0.110060643968356,0.661253733511646,0.151534976656213
1.07493132292165,0.113081284644909,0.978435386456374,0.0978938756647851,1.01185095709806,0.158777557075084,0.371808540140237,0.154004930318466,-0.613363535915561,0.15314788713376,-0.910411880705435,0.0123704697308347,1,-0.99999999999031,0.0804496622274569,0.269235099280983,0.735930224471324,0.0860513543418094,0.59744833812472,0.0910502457300642,0.714898518367533,0.0956702978536295,0.705919345151206,0.0978382016136039,0.682810346176945,0.111868529728533
0.964005490273692,0.117575899117891,1.12797375389998,0.122211355505915,1.19421606038742,0.196132190121139,0.956854932724638,0.318299223831734,-1.06896750564222,0.239737273664023,-0.897565863950991,0.0145619130428189,1,-0.999999999999243,0.0697313864031931,0.266175928018127,0.6249835735586,0.096000254113179,0.739178549767712,0.0908137278581479,0.621577959875318,0.0999625071922622,0.819228359682159,0.0904753428532319,0.720161720966044,0.127482429124913
1.01079828568138,0.121543235493921,0.977380040922788,0.118017604121049,1.06312073152521,0.207970690882565,0.241412794248931,0.139085033076028,-0.506607290100765,0.173564632569813,-0.917053970474367,0.0142909246195675,1,-0.999999999925527,0.13369574865743,0.249616821077912,0.684660162235099,0.106695424138911,0.843589745807467,0.0907900058933891,0.602660026787316,0.109986249029625,0.752719183450109,0.10616160165684,0.930216775524718,0.133524270642023
1.13202715317634,0.13177014416432,0.940891276016632,0.137119761187415,0.927889267285833,0.175569714356135,0.81622857377913,0.291398414795852,-0.626650587152346,0.182126819537785,-0.902146518099196,0.017570351894266,1,-0.720064629277101,0.311471072470418,0.286010952701127,0.611011484311644,0.1128260463738,0.682461996791734,0.106699610476141,0.651326839448001,0.102192246104736,0.710645771182705,0.115640760176287,0.765937792896259,0.124743184947222
1.17952941978443,0.128750777890536,1.11750707998649,0.137459198868717,1.09386142346735,0.195809389356613,0.970373559709388,0.341208582136052,-0.995243088508507,0.230773165272712,-0.909364290248447,0.0154552859313835,1,-0.966003143594145,0.13309941227735,0.227619074086405,0.750226893290915,0.100444002011389,0.814591016283599,0.0967484105384762,0.67821890690076,0.101945476799353,0.885997611042357,0.112347458331312,0.675323933179264,0.119669956838988
1.00079091000435,0.129190662116969,0.963952346767342,0.114699049499994,1.15753067007973,0.204065733939332,0.551886933561901,0.163848049216649,-0.799265945701491,0.168538602790158,-0.886056236127659,0.0187763030302274,1,-0.999999999956125,-0.00731090437360393,0.285076229256159,0.730508886354256,0.100756983611976,0.695512475674485,0.0996710467809168,0.707503865490015,0.100834930664768,0.649449357477847,0.107440004453253,0.678681127936018,0.129840024236048
0.926362697583091,0.106423091898808,0.972755262441305,0.10675182345684,0.712758955024338,0.128097306609402,0.252962313647548,0.143305596181161,-0.424618832272552,0.131784576246126,-0.891275784217834,0.018090353802547,1,-0.999999995520108,0.279616131691262,0.253729020619002,0.564423459661391,0.102839721243138,0.658231164250105,0.0968468506556616,0.618195289185026,0.101331225422763,0.427069455432545,0.122360541270642,0.871381493464073,0.126278043932945
0.984431819754968,0.118513846448738,1.04543332407639,0.118380264254912,1.16531334280082,0.222134531434939,0.649410600062357,0.30754495215938,-0.697254810789583,0.21915668722541,-0.922572668825306,0.0136706511632768,1,-0.801512820156466,-0.30350535133684,0.248211712402404,0.680859190346569,0.0998886021378184,0.827996698715229,0.0995422211472321,0.791478187603625,0.108307256883332,0.694713524200845,0.117168480301186,0.758408300448344,0.135984454032912
0.95993534879123,0.132718156661312,0.938625055968637,0.128303638494419,0.888940491276826,0.181786449826625,0.22397031106539,0.152940335172385,-0.311931182256948,0.116836155452969,-0.897233623886976,0.0200251152331973,1,-0.699080551657824,-0.110568153933142,0.260063479152082,0.649498693558138,0.110730440036366,0.648697957623271,0.109307003307661,0.711628909739972,0.115743056212821,0.641594997096238,0.125750267348558,0.70828691958565,0.135860618943662
0.896433420202125,0.122571581171607,0.965427569832383,0.130488979026486,1.14918587149337,0.215467263623326,0.782620757618932,0.295695264660758,-0.843400059919652,0.224527171741979,-0.902752959754341,0.0168271125223399,1,-0.889329722550616,-0.185292992002701,0.288608533824872,0.482917913185263,0.119613665582164,0.812833219074904,0.0960376110586528,0.732469332786696,0.0932618806917251,0.641379692553046,0.111530797996168,0.761506099208428,0.129286261037211
1.11564191920538,0.126136336425711,0.963301201352016,0.138475258224619,0.949080777109065,0.173812075182318,1.04036135241758,0.376937570029376,-0.890996960952491,0.220936982775495,-0.927196122724748,0.01246331973483,1,-0.896669771033779,0.44978470539422,0.28007301036798,0.666252011749146,0.109472488209131,0.681898688746278,0.104348541580818,0.824220807425788,0.0953382932572455,0.761654723620631,0.105023966939671,0.81327533492311,0.125986113801982
1.15582646611082,0.134615113582753,1.19234704782348,0.14133443932668,1.15775131345736,0.220436169328726,0.907364662991798,0.30746148361742,-1.02494030540701,0.242772280475239,-0.923295349661083,0.0124259006963765,1,-0.999999999659337,0.135468276705007,0.265374667662478,0.632783100934537,0.0995354695177708,0.931129859333954,0.0950583689527236,0.716419595431504,0.109783826630847,0.833893111726348,0.126820605663749,0.602160757166841,0.138608002677143
0.981480627599826,0.117406418855771,0.917250114909749,0.130581700553039,0.886764084495968,0.17396171421713,0.635340504760247,0.282287760354845,-0.6098737199006,0.192172052935203,-0.898907229030517,0.0179688741766818,1,-0.812517269046009,-0.47961453833256,0.281107119061653,0.860766020835863,0.108339151008321,0.791615925134818,0.0951667112898288,0.591851921638254,0.118217720887465,0.619672620137089,0.115309574928731,0.651815492908252,0.140138790802133
1.0213598630671,0.129890042768861,1.13524370343792,0.166368645419087,1.20884451651778,0.238199496605569,1.13568380197746,0.506343060594769,-0.728196804163579,0.239685241249537,-0.913022906286481,0.0158599188428035,1,-0.621490980747673,-0.260027168578458,0.274885208121362,0.753821203645582,0.110199309001002,0.677578473161866,0.106209183327233,0.793866405056332,0.104076526281846,0.941406998998219,0.1070029172714,0.742356056726026,0.142678115361019
0.907690709474724,0.119918254097814,1.16625627424756,0.124153959380081,1.05926886795168,0.179500723045413,0.578213824243109,0.26901033396242,-0.690136005237606,0.181141234552365,-0.89490188872164,0.0143468897011483,1,-0.881835028537505,-0.0915122015619187,0.248758974562305,0.721591291192968,0.0858637466128685,0.721207278100656,0.0906076765930896,0.557556014788958,0.108992896783815,0.803218538151807,0.111011486506843,0.792583874909957,0.122883061126836
NA,NA,NA,NA,NA,NA,NA,NA,NA,NA,NA,NA,99,NA,NA,NA,NA,NA,NA,NA,NA,NA,NA,NA,NA,NA
0.922745099727802,0.105098137838714,1.04287795064507,0.106525997618656,0.853252209555879,0.134766385276468,0.4992250543321,0.198013232579934,-0.652659850667469,0.160339147102235,-0.890179272498314,0.0153277608303338,1,-0.99999999999855,-0.079106447279798,0.216399337505614,0.628849516139198,0.0966416820148177,0.685117204632671,0.0852913148455672,0.726221575550929,0.0847671449269892,0.681258113688957,0.0932230702632271,0.669544261543313,0.123613857409094
0.992297295360783,0.111008873338068,1.0476847376028,0.115283394246376,0.879467977564758,0.152454643747419,0.20745234558543,0.124512557863183,-0.427138961336541,0.13054321849088,-0.90851706503766,0.0144151250986893,1,-0.999999993090009,-0.0234171784975285,0.26795954139505,0.652155030148918,0.0988344036489065,0.615819421308839,0.0990983468294866,0.711678261908941,0.0953914031295776,0.746155633911291,0.108101657106213,0.718083063486563,0.104302384163686
0.980349958912513,0.114059598849864,0.898888858687221,0.113288004988437,0.988279045783582,0.176653553655015,0.57329450388944,0.246668609850203,-0.654784683400408,0.174707116900471,-0.89939387395295,0.016735008314147,1,-0.869900998171857,-0.351285846925577,0.252670685482145,0.759908417669304,0.0983471233455776,0.620263502484247,0.0977597751788236,0.689185104399171,0.105910712937035,0.643529784532314,0.113943181945633,0.719902591233486,0.125811790624863
1.07910883590562,0.133494234789748,1.28600751950453,0.155862234202359,1.13005633796281,0.21079537971328,0.874838243680826,0.362315654455954,-0.834798496140948,0.236403830561013,-0.923383757243142,0.0134988148172401,1,-0.839590914562255,-0.0232240003663443,0.287837858357554,0.831561481663853,0.0992402831908891,0.868944346392075,0.105045111772988,0.822974756986809,0.110966761856948,0.725852714963827,0.120960095785632,0.664282326037863,0.134006960241676
0.914831821574418,0.109660016305999,0.956973094903966,0.123171011547137,0.844230310565891,0.151384463677623,0.528130344428691,0.25343621120255,-0.574544707603217,0.172965096811137,-0.894499825156528,0.0161007067663086,1,-0.860444370624731,0.138377829128276,0.233730157143718,0.543417478890981,0.105393816032631,0.667531380136171,0.0914999657498403,0.756022371648853,0.0931375193017342,0.60818145015129,0.103782505392964,0.761814859744277,0.127972184637818
0.978300473633796,0.10651317126403,0.910049855594513,0.119294519751837,0.786441078558291,0.145581420744134,0.312310201581186,0.183238734340902,-0.340295144718881,0.143017057353756,-0.899147724916931,0.0161829600341591,1,-0.6866407474945,-0.164653681781019,0.239962676317738,0.784394393722415,0.0952250682170114,0.684049015956996,0.0890381434452134,0.611328581273004,0.105048834688336,0.42339279339091,0.127271445750699,0.915170471732583,0.127080214043025
1.28332637110245,0.136662023055551,1.10674969637713,0.145091658943708,1.38139677238771,0.261560590685804,1.2278756102068,0.424856748700282,-1.18243076527092,0.295768342035571,-0.922530049876083,0.0137227968643661,1,-0.90790271756473,0.186386814527376,0.289457777769159,0.674293523123402,0.116607671982055,0.912566772481658,0.0963162658918408,0.889957919086279,0.0932826011764955,0.852584331022876,0.122363987131581,0.800905224302438,0.134763598187025
1.36136276671359,0.144208758156326,0.940920100648259,0.132162243732685,1.19125398196183,0.215621422045559,0.800536871421038,0.271203758018673,-0.875252688169503,0.227007463078524,-0.918101230285616,0.0147601779134841,1,-0.8962735927145,0.402580780368963,0.292297541939783,0.576891330847726,0.115505154586429,1.00730672905004,0.0905291074188239,0.748254271194821,0.10578228622954,0.857736046932552,0.101989544793294,0.882319642523315,0.123643470311261
1.25207678262339,0.130325397192423,0.89693073647373,0.129676641951245,1.13807055337886,0.193232120311335,0.965247532696236,0.298187394376733,-0.882627457288585,0.209432500696994,-0.929174610792884,0.0112000652831568,1,-0.842119046926632,0.153032011137835,0.304540737368999,0.660684405537112,0.102064601680009,0.892914729678368,0.0846520394812764,0.827244417191725,0.0910102991122808,0.903001994465234,0.10493206881653,0.610735925942953,0.126580369097864
1.15873036150269,0.132104908005178,1.0231707311112,0.128190908458278,1.18779684908591,0.223982731805912,0.738000472859719,0.290080612549982,-0.868020750990826,0.221364882939581,-0.915967822319735,0.0138357697858661,1,-0.927108799450019,-0.0674670365136251,0.27183984838676,0.736542409254282,0.105141978436496,0.935503310674081,0.0997559521397874,0.712471303062601,0.111148678431808,0.719651953498141,0.102682958791039,0.691403569207564,0.138526510114074
0.962174336271894,0.122734082127326,1.07059856775235,0.13633009857338,0.994007114113499,0.202322079186488,0.511945373507544,0.267822941512573,-0.689531937405576,0.201467646867025,-0.900406054408351,0.0185076508279872,1,-0.966602310233501,-0.0125207339764634,0.252985010279285,0.69630919305234,0.110529076365502,0.630238808727713,0.0978758172600155,0.77480250941927,0.103050876589885,0.593147677851096,0.124187363570532,0.397401325427139,0.160969151869939
0.905129554475995,0.117126831387453,1.06413309069533,0.122675672071035,0.940462085798234,0.175775583142625,0.701350357584511,0.304020898724261,-0.763502395045215,0.202023994209143,-0.906306473067602,0.0159480694014799,1,-0.940096090051864,-0.142333169810204,0.240936328466543,0.752551354977464,0.104518096329305,0.591570234007947,0.102428551698909,0.772504219985398,0.0962336737549344,0.652254832902047,0.109582273346586,0.623588080506764,0.138251220851328
0.921475312460903,0.121500877134049,1.1075357773943,0.155435056218915,1.25383116536737,0.250739613631951,0.911417769618381,0.326280554503069,-0.862661693917891,0.226432227506749,-0.910833623583822,0.0165064255123703,1,-0.806979008409403,-0.179142000161279,0.232903107107175,0.723393718132862,0.104199125486736,0.79364499617413,0.100106456722944,0.754667521395522,0.104122152841747,0.750805360563755,0.117864330655465,0.748082836816674,0.147805219844754
0.830344439842097,0.100970112057303,0.754209700328978,0.100749673964239,0.82431085686252,0.138673339964894,0.271415596984435,0.143697122041214,-0.473001927389883,0.148944298730828,-0.863538695492686,0.0207279494744901,1,-0.99999999999654,-0.0543664007029898,0.236754149349078,0.683039208373676,0.0914644948964375,0.510224221499953,0.0982105769372464,0.742497277609807,0.0949126285367993,0.45549240601008,0.120990769521992,0.621063482135769,0.140840000918801
1.02901627406992,0.11993242020935,1.0510683118317,0.142182887515369,1.07307134877532,0.198688662613007,0.612657712025232,0.310629885768058,-0.753067868864492,0.216316510806496,-0.926137646699072,0.0128130016147849,1,-0.928775746507443,-0.145633411643835,0.261863000990641,0.69611910996652,0.108765098188441,0.756202563618524,0.0972900014083999,0.694395478408895,0.0952003137334454,0.879307736899265,0.112399300884449,0.592305356149857,0.137113852460989
1.01855914537574,0.101216279695386,1.03468064285377,0.1153721075843,0.764169554999179,0.123760315879582,0.3578653439009,0.142776849717643,-0.522943400951115,0.132996974770068,-0.904899710039133,0.0142185345493639,1,-0.99999999999989,0.397731310900889,0.239025271276215,0.493886270415896,0.100780568035135,0.737846813900013,0.0837781230530821,0.674396370499285,0.093985299407012,0.637584946452638,0.102453713335616,0.627571588166807,0.114015494460688
0.915910886434354,0.11845298826083,1.04127547686105,0.125523488394897,1.03207499417819,0.20265509961815,0.561758107176772,0.219421460610431,-0.710631292849985,0.190377109229254,-0.897758691972734,0.0189399677211405,1,-0.933284440785968,-0.111473001475287,0.273149836234933,0.777984291687008,0.103842406145611,0.662212362705102,0.103980239665079,0.762505355548845,0.116478868499592,0.537682956448938,0.128142722003807,0.761719108643861,0.127955546453687
1.00602195859934,0.120606368846766,1.06997677613247,0.120354208430793,0.941678008114618,0.172986401053208,0.562813423589936,0.243792103323558,-0.594609613949726,0.15457977010727,-0.903973414906344,0.0165396951573869,1,-0.816767576712449,0.339339648018158,0.276446006323953,0.78993320154265,0.0945611721130516,0.661694457096373,0.0942205489625885,0.554797677549914,0.115425645789346,0.552986995899328,0.124512655699732,0.702849335547332,0.139986482667541
0.922637700508165,0.11059348526228,1.00225480858861,0.12243807582935,0.938465782368427,0.169902668489123,0.492384962002261,0.188799218910281,-0.664162975209469,0.169528155537823,-0.876792580756757,0.0197231831510167,1,-0.977041588209446,0.0546913938363861,0.228989616837902,0.61633982522137,0.102138944019971,0.660292155526309,0.100485039578776,0.682557362189318,0.102277976266475,0.346833737983101,0.122924026653827,0.577038524696973,0.131503234336575
0.803406808554229,0.118185289838453,1.32765626333709,0.143476660516666,0.995454416098952,0.186733420765537,0.51483686697894,0.246842322848337,-0.681270264057233,0.184173035102333,-0.91183511052355,0.0144556219133556,1,-0.951642710265699,-0.201129173798814,0.23711385992694,0.745687571067846,0.101865495014704,0.835168652575342,0.0889676688410325,0.669375031013343,0.10772633262852,0.68132469183891,0.123543435642511,0.684982033828032,0.149044198518027
0.879571811423071,0.114487281690598,0.969932572263727,0.132608490034654,0.822154626361958,0.167904806446874,0.628635969281736,0.291534085821367,-0.5742055110513,0.173492591125489,-0.894073740909335,0.0196740127373411,1,-0.798713436524326,-0.150206476608142,0.242394971315129,0.603944373563482,0.107260557143006,0.700883999340837,0.103923296813164,0.742120914806783,0.101563363292633,0.589311144851693,0.133830081791598,0.825321414168795,0.140401978176498
1.15318167542146,0.127359139221828,0.966383204846751,0.113915869193511,1.15959961670248,0.190774879267773,0.806958273145038,0.236666533488569,-0.942298164397207,0.184946729142017,-0.904394150623444,0.0142696083359621,1,-0.97411173287589,-0.0226072719575569,0.250158141206245,0.72982631207513,0.0931381318359673,0.758811516565331,0.0922562176558174,0.519359657599114,0.100998416081422,0.764299886704931,0.106650255779237,0.957998380135682,0.107706849225592
0.814948634658756,0.107741688891097,0.86169461910839,0.131120812246958,0.830237711429789,0.154941086411805,0.49521217843086,0.226947932411864,-0.623204314916901,0.171436284945335,-0.870578047296502,0.0200915557489551,1,-0.971926817279948,-0.184282734821034,0.267353917825778,0.656890756285001,0.101424322987574,0.728588828483942,0.0965101804381589,0.510118932043967,0.106801068085939,0.666733650560407,0.109583666216175,0.518162418174735,0.142160190643603
0.867513746725743,0.12988536275416,1.10097753189075,0.15526440174323,1.25406597240497,0.240741383679001,1.0635881239093,0.413333044628391,-1.05279599138196,0.277792419605587,-0.904442189740009,0.0162731829311404,1,-0.911585253367163,-0.248505446047754,0.283569417304773,0.718914094672008,0.110506240326742,0.776084891314779,0.100492345080535,0.748988473810672,0.10198134330993,0.673431322873541,0.110424677328037,0.602250659034029,0.130146048619986
0.953406321639466,0.110354033894473,0.990399894176882,0.110459164129745,0.969108278355738,0.163301079911164,0.406741999581833,0.153565083887766,-0.627835200451235,0.152656513742477,-0.895310758495682,0.0174625436577035,1,-0.999999999969458,-0.250407845964705,0.231120614313793,0.814631658085093,0.0939730508599001,0.700432119977771,0.0905525410853815,0.6913762713063,0.0930309070580014,0.6037039800031,0.116488500638671,0.926039388971653,0.111085155474188
0.888752059171199,0.119259878704599,1.08373194366816,0.138603456360536,0.968115540650326,0.17399913353905,0.66348297146207,0.324323870568408,-0.611488365213967,0.192418644571944,-0.893803609898348,0.0168362540750958,1,-0.762973952755239,-0.327655056964293,0.251706228762251,0.828078935975949,0.0920368400459966,0.72287911010952,0.100213199421813,0.741222867077937,0.102611490630789,0.632267535818757,0.120437622029318,0.667455302025693,0.153505326475552
0.879151536822401,0.115610529008262,1.05594914098316,0.121635957348238,1.068515192559,0.186266798429789,0.410077756310281,0.173076088892937,-0.578945933711794,0.173665654034303,-0.881529501797385,0.018472673632879,1,-0.874610226084957,-0.236716331806217,0.221077516500865,0.522413494235267,0.108084012222849,0.824099802526918,0.0904328562360139,0.772845615696209,0.104587644309063,0.54457409487923,0.120905175331902,0.813254103909643,0.105010208622662
0.903607638254669,0.10376793438753,0.786672794907371,0.101617825436752,0.836297624845062,0.140912094664744,0.493177875972259,0.16997623303257,-0.642217631571706,0.147271259557703,-0.876286081440709,0.0169848650302316,1,-0.999999999999804,-0.270239710040538,0.213967171376838,0.596986867146933,0.0897413790766457,0.621678643463117,0.0846521386917257,0.710889794853134,0.0836494412455057,0.646648671318089,0.106968480129651,0.557292853590026,0.13900020055824
NA,NA,NA,NA,NA,NA,NA,NA,NA,NA,NA,NA,99,NA,NA,NA,NA,NA,NA,NA,NA,NA,NA,NA,NA,NA
0.839190653746718,0.102758921526838,0.910425790544351,0.114463047729018,0.695442923387773,0.124016913748704,0.435525734547301,0.202575523690863,-0.466455111898033,0.128546113033022,-0.896392015013761,0.0179878397302997,1,-0.847563410432971,-0.186983177703079,0.258664736251236,0.548941863163192,0.111674043127798,0.601021790235403,0.100320753744648,0.602200087545465,0.1009478478096,0.742261504508208,0.108433490350782,0.464738022072224,0.139099211926019
1.07925881522143,0.130068308388667,1.19370119900291,0.14881471935859,1.14809329213209,0.209714638276588,1.22412605362204,0.407110416133141,-0.914530625714676,0.236079291579317,-0.915488104561044,0.0147591128908249,1,-0.771430122891508,0.24183821683573,0.281332843674987,0.778195343427228,0.101579914500713,0.836765953320273,0.0912376721116019,0.776200299600463,0.0929454292698352,0.689878421384007,0.119837617468403,0.711718885550532,0.133856826596749
1.08757384326802,0.123521385864228,1.01340690605109,0.120061931886107,1.08146637066479,0.176247522782608,0.62537830715884,0.233469655871747,-0.74850560369917,0.179467429057113,-0.914142716305702,0.0143975815267098,1,-0.910158732334247,-0.175132753488639,0.265001397291699,0.729439619609027,0.0978625107476903,0.815298123966295,0.0845306640041585,0.767189831669295,0.089729313031196,0.814131834168736,0.107160125620955,0.653193164863774,0.131620559988483
0.910166358519581,0.0991220025773944,0.86157193508724,0.0980835083341628,0.740235330069669,0.124476384223509,0.266153815350515,0.137348690523475,-0.392189769339356,0.108631647231466,-0.837550152022847,0.0249642575534606,1,-0.883578231448109,-0.176148010929303,0.210288183032582,0.60142007986716,0.090650443955613,0.660058141043894,0.0897236145216999,0.437149353197625,0.104269126523253,0.635698183590706,0.113884064781676,0.632848067982849,0.130246963194053
0.943551720241497,0.111844550996682,1.10385908482061,0.127460063097038,1.04166016346063,0.195886021791749,0.589173579371161,0.248806754446328,-0.751877058132615,0.187497168049315,-0.893390132520192,0.0176434316056804,1,-0.95975895732164,-0.036285333980675,0.20383791600354,0.661587616900943,0.103145917332061,0.75911697695412,0.0946707584015407,0.666646904135525,0.105465597426237,0.788709568356067,0.107080653639009,0.713284038146067,0.130056498876646
1.05151915632457,0.124301877146746,0.851607320481708,0.121866215009888,1.06545678831983,0.199151692007566,0.731617304599693,0.246895172468705,-0.699410341283554,0.168409938937854,-0.917456968235807,0.0148591364917712,1,-0.792176845824048,-0.347353670902981,0.289279329394131,0.715999806383341,0.103395307648188,0.740933129893463,0.102254012858448,0.844220281815099,0.10055357101191,0.661046643570703,0.122202888596945,0.659454937449705,0.134722632777308
0.956959551100931,0.115023343733049,0.912827555309584,0.114313341215377,0.751179381915048,0.130211882030618,0.340892053742787,0.148357271711044,-0.454734728360383,0.114354128046021,-0.881977181647928,0.0181869546125109,1,-0.898623671003319,0.234125088755395,0.227011128930552,0.561618528409291,0.0974354564180984,0.617649636695562,0.0924529678467663,0.656112146934513,0.0985114599905314,0.416086763121556,0.114591002359052,0.602540871122554,0.11977118542558
0.992100740419064,0.131098837446847,0.971221534470916,0.138056546394202,1.20490062315391,0.229485868064541,0.688872279571379,0.278260353610112,-0.771073458903944,0.209491752682982,-0.903734719385707,0.0164181985357367,1,-0.846351533756296,-0.226047972795399,0.258587419231081,0.763369301635243,0.107154990305961,0.730338231933037,0.0968445933013088,0.725463279364458,0.103818566206051,0.714753884495973,0.126063329976113,0.748140121729203,0.138039869887888
1.22588322246606,0.145300396328787,1.03937847451742,0.128901354970961,1.22587579781198,0.224126672980076,0.433769515997201,0.205986303070375,-0.580470176084958,0.207219913268669,-0.92190045984894,0.0132115921796161,1,-0.796025832601332,0.259547081706786,0.294847173603713,0.718266973776211,0.110144974385289,0.655455434538923,0.103944801646865,0.714934147182691,0.100458486183185,0.943229449696885,0.106340172005255,0.503738038852779,0.148732541638785
0.936646437684709,0.113570028892626,1.07264189987945,0.122918226166695,0.914292558580653,0.163061149989621,0.458215076503891,0.245717572508293,-0.6138725836901,0.170428657838813,-0.871496107495329,0.0206413762655292,1,-0.948420555139559,0.38226507483009,0.240193178121325,0.508164119142467,0.109550349508611,0.54820426606118,0.10284305071372,0.640319989274728,0.105265451650303,0.458605203649853,0.124537940496716,0.60051519450339,0.121500475233533
1.01118383490256,0.121995883024029,0.956107422073997,0.128045696337887,0.990903482686504,0.181328853482531,0.639638592854821,0.255220793562228,-0.657998630856958,0.174849551197432,-0.907393607522168,0.0148773783473512,1,-0.826498334870189,0.066209396338806,0.263352639831369,0.676059513678203,0.102206687507754,0.804415887149495,0.0979871878620789,0.838669608968487,0.0957116798393071,0.567434529212165,0.125841546227692,0.846598890238247,0.130192203375711
1.21208324346626,0.144416856088992,1.01682088519556,0.129984510507541,1.34513801397494,0.243686355745879,0.615628847544329,0.232362460117713,-0.757314561138195,0.196833172611331,-0.90804589693626,0.015663270857437,1,-0.832210906477568,0.174657754060854,0.281467131863032,0.651845241343971,0.106568948790166,0.914625244574727,0.0997656472898857,0.712497844407684,0.111986550220227,0.669198385962492,0.11750828171414,0.977259580211467,0.110346482225661
0.993806563946746,0.119101072916209,1.13065661439109,0.108140812988099,1.04405465713215,0.19111690639041,0.338223329143387,0.168977188896013,-0.594242073464258,0.179889556661282,-0.908160009155513,0.0153794964276551,1,-0.999999999904012,-0.204065577571657,0.295898625217368,0.796940158926969,0.0990405548097109,0.667068644092882,0.093497668592182,0.650735309489674,0.102159403018084,0.782741747937117,0.11212936624301,0.471870572897369,0.142445123198861
0.915668976121287,0.115208137866109,1.03306916536327,0.110993223436589,0.976669082633076,0.166478171988773,0.444463924459754,0.175467000168246,-0.65885823464624,0.166415289138087,-0.87829981020748,0.0186616900046521,1,-0.999999999994882,-0.0180827545490046,0.224107806050727,0.632517273483257,0.092025987854733,0.645876230085003,0.0945014499016729,0.657020832310053,0.0920894825367396,0.654634473332655,0.108039664695173,0.675780282410564,0.123532830028058
0.805971656696851,0.112567025592134,0.977687169766339,0.133045131956872,1.00813142391252,0.195516860149758,0.879812758297242,0.399124458216899,-0.657824312315213,0.210173659898215,-0.886662723307248,0.0192934752470926,1,-0.698483604870682,-0.225824850973838,0.252930819296531,0.643493774481975,0.101210454649488,0.667100168888744,0.099290917176887,0.691606131812735,0.112524252714668,0.632140115343276,0.132083455592331,0.40026263016978,0.156480143507872
1.38414769512984,0.182102896212756,1.12244751091081,0.149800054707024,1.55840275291443,0.353894582421223,0.944666111236535,0.424919567448881,-0.852343710260517,0.301926518944326,-0.924999338681272,0.0156557944195958,1,-0.702482871537191,0.622950849103996,0.318976719626753,0.741498257494463,0.12334741247243,0.644845736965768,0.117702677333904,0.961857488023441,0.116720985816897,0.797710347674468,0.129454284313003,0.87584827228424,0.159322848839394
0.909192108778216,0.114101986648254,1.34975478724843,0.129703547024223,0.847479859676324,0.150655095073267,0.584597883242502,0.239644017979783,-0.615262906876007,0.151746108155243,-0.897709850362061,0.0160106818044379,1,-0.874112681112702,-0.277102532801144,0.219590658573081,0.606614460097696,0.0979463773910403,0.880006635826143,0.0862661366321501,0.629079724526104,0.100281542432612,0.88637098862518,0.102099494516861,0.825264165224523,0.127530949257565
1.12807960190883,0.114007011143519,0.807164608328214,0.104557696722505,0.848932632643334,0.153857710412614,0.459608763570181,0.156081954781592,-0.624641399224034,0.146995795740979,-0.875962820408771,0.01938207328468,1,-0.999999999975622,0.19644409131092,0.234197396325413,0.615999031041973,0.108373996941878,0.683705411056413,0.0905034612610322,0.734722275904321,0.0946883842931313,0.778169079789578,0.102151460407805,0.509381812221889,0.13228204042881
0.83554832917494,0.101350415076166,0.873622725413512,0.105049609483641,0.739860577373691,0.121515155846735,0.212099226323392,0.124279808453903,-0.233265612086453,0.110672108259135,-0.890313799804736,0.0169613517724788,1,-0.588852108292324,-0.375833573634791,0.264263347418579,0.6197467251584,0.0913563236874697,0.704553793898525,0.087601325076058,0.577147362509667,0.0980595379447243,0.620867591252066,0.115843998074136,0.742893871285459,0.1156115785082
1.01149106408107,0.120911418955673,1.2331495466445,0.118911765265409,0.996520037424398,0.188332159486562,0.313255078921191,0.134772707573159,-0.558717247782602,0.151299176824061,-0.911200912987557,0.0152638364933037,1,-0.99999999999974,-0.0406097018954516,0.247171787282183,0.784595698537955,0.103192286774257,0.642749729157317,0.0994352483117224,0.767612706464262,0.093090046979208,0.893170027076923,0.116698558668257,0.70853303027613,0.146586034788193
1.15737826938541,0.13094235802016,0.960784755209582,0.122845326682947,1.03997397877412,0.194683405069233,0.452285915487902,0.234328773725496,-0.673390857314383,0.197629682626889,-0.913008385024586,0.0153220412566477,1,-0.981859727915161,0.206136528513501,0.286204160893161,0.656901236580478,0.112757072618082,0.791599453299974,0.100774285311471,0.74953197219045,0.0970572447451649,0.785675780060879,0.106663232452205,0.606911204339663,0.132360398959452
0.99481406566788,0.109537097035772,1.0917540920815,0.118864731731726,1.0411126247729,0.180217613683735,0.254675150019032,0.138276327232301,-0.514922822893297,0.161531298252516,-0.902188419450296,0.0149200064892825,1,-0.999999999312933,0.133329778517216,0.238002310843311,0.634220400201683,0.0890984310178038,0.687500308508198,0.0970740115918686,0.6912619858476,0.100016952486293,0.630815605813265,0.103392433968522,0.680433498690182,0.131082058211987
0.878593016117093,0.113661165096765,1.02625873569584,0.125942126058637,1.12177654171997,0.198922482622218,0.379574406613679,0.205258523043981,-0.633892836115212,0.174109394064029,-0.884268309710009,0.0179057769515678,1,-0.971436026968691,0.00339876012990563,0.201725575286409,0.620819782728837,0.09415944337574,0.790530554095871,0.0942517574604918,0.630832200086573,0.100586543875881,0.853438329570126,0.118529774720147,0.703718380804259,0.141309660750172
1.08658512283019,0.141142520902824,1.19951777750885,0.138851190185997,1.44338905149107,0.285778377737241,0.795271899150374,0.362088953969752,-0.971523842525757,0.286281716701756,-0.902725781063088,0.0173524983935245,1,-0.906784193976612,-0.279490757047269,0.291078290373956,0.810779145467623,0.109535287852512,0.820633157277094,0.106658333577666,0.808815362141196,0.104359480550986,0.656827382860258,0.125434774853235,0.666221605479076,0.137308603864526
1.21031832338337,0.123541961227464,1.00090932877005,0.121125817757984,1.05660274330268,0.188542103869384,0.849318966305043,0.361910759882394,-0.890564452200396,0.217115003903321,-0.908118211561302,0.0142536385323474,1,-0.940100053959448,0.252113014304873,0.297283532149385,0.737708941987387,0.108179079109499,0.808163571684007,0.0932339315497305,0.772495981450909,0.0986442740941185,0.744518871093061,0.106361825669289,0.730020673820468,0.120009049808975
0.877215810287488,0.099227186570375,1.01901936360096,0.116696296638478,0.889621379865705,0.14314004273172,0.446432522362315,0.188309401019461,-0.630203074508396,0.154487240047434,-0.893054469328489,0.0156344166201895,1,-0.999999998185783,-0.265632119658758,0.232549940836151,0.725264315779206,0.0990063200623703,0.686670577454216,0.083917743890844,0.59175967198526,0.095713125084357,0.697125078358468,0.096461784887649,0.473352253283587,0.131380478587718
0.93008548196622,0.110778776477144,1.08115057744388,0.109013600982102,1.07365518570103,0.189219372251331,0.234093836246424,0.127305000927729,-0.501334280913026,0.159032188778051,-0.906077932362668,0.0156549567444549,1,-0.999999999984004,0.067212423407953,0.22128072596969,0.762629528717405,0.0961275034062074,0.731019785370549,0.0932768763828972,0.609751732965939,0.100706225202444,0.660596444208985,0.110534116333925,0.80390786456636,0.127834150998185
0.828934067517299,0.103331448791877,0.98310548815248,0.112074153942331,0.836851073752239,0.140404089857549,0.293799845594398,0.131694442436807,-0.495849489516267,0.138986505559429,-0.898609533778508,0.0147667896220725,1,-0.999999999999244,-0.0410539371482259,0.244537839292178,0.681864992014947,0.090089456689381,0.613253930368105,0.088722753915388,0.458078356528492,0.107232640993036,0.302540193709475,0.124747124699497,0.873534903095249,0.107896915392381
0.99121869871452,0.121157218885712,1.02560168048023,0.138685857562681,1.1279347716051,0.20306062051196,0.792146708231665,0.357292423778281,-0.872378962160674,0.220917888016694,-0.904980584859817,0.0170404239853743,1,-0.922912185854673,-0.188351450127741,0.259431939360669,0.806422091839369,0.0977020215184898,0.615636961039443,0.107011565177318,0.644408599864812,0.111653124069216,0.593695807302543,0.11701197538006,0.702416691003634,0.131992610917322
0.751483753946878,0.0980912576735846,1.11504005536289,0.11303327133454,0.895355596243973,0.138250429696989,0.463982044502576,0.207144381127603,-0.644537756924849,0.167294745329514,-0.899365222786631,0.0144106853002085,1,-0.999999999999535,-0.508123230241797,0.235841192494818,0.582028330512815,0.0876215238475137,0.862753090898487,0.0674939262240032,0.71917019905509,0.0883611925677682,0.620692816495965,0.111726451946071,0.688637812202073,0.130277846830302
0.838559999218286,0.102994477083903,1.22789691297758,0.132785348564285,0.869440821455197,0.151046242403031,0.364423853684699,0.213789838279906,-0.434543600588619,0.147428061633288,-0.869589371792708,0.018245072445672,1,-0.771986928590464,0.0667823766682272,0.261397110551054,0.725664311196706,0.095693361578989,0.61468049712715,0.0887525723139092,0.634542162416488,0.101479419239435,0.524180821678625,0.119360150912409,0.790301962465479,0.135761925069193
1.07121158636085,0.140376959547084,1.23559183201061,0.144152060571376,1.1922752136776,0.239176189218376,0.668975482562535,0.30505123502034,-0.845188232050251,0.237746149960601,-0.920160741844343,0.0136512855482523,1,-0.946368078882646,-0.387112137160169,0.271253335191664,0.826434460431846,0.10939560328118,0.787256539815073,0.1017578035275,0.676595686484817,0.103831557204172,0.789065394070449,0.101364843367932,0.889266469935652,0.124935445731175
1.03976653358072,0.118057221832174,1.0828297377615,0.12989760468022,1.05205303790303,0.190568221157504,0.531828197157771,0.229515238090364,-0.632976927850501,0.172186480518832,-0.881397024070086,0.0187844926738397,1,-0.846220190051726,0.350176371671891,0.264131059441824,0.553802412491212,0.112426808696092,0.656008203955334,0.0960334563027548,0.80621568736892,0.0909381876742552,0.715084648239992,0.110244187576757,0.775613069115425,0.125812122912624
0.936189287206888,0.100971767083231,0.972626052172373,0.103912769110992,0.709141555529737,0.119691912987641,0.177505082575472,0.106731854104589,-0.354790403351315,0.120494762800551,-0.896508188657618,0.0159055203610842,1,-0.999999999754457,-0.0230795353809296,0.25091747520921,0.669950300800538,0.094638584817688,0.53805177791951,0.0955698673885462,0.704499431943119,0.0886364248798316,0.666370450857061,0.101881695037266,0.622827568282407,0.132491384071534
1.14155360664122,0.139929095729081,1.00736355188807,0.125703577139031,1.17712790521004,0.229048665724326,0.770810727381511,0.314007133999717,-0.909420790097935,0.247175971854972,-0.911921141224387,0.0159561080127318,1,-0.954726935977478,-0.0117503282471083,0.294810731700341,0.847586220300109,0.100042055306143,0.691066161182981,0.099141937281185,0.73096444541398,0.112973615949895,0.655061386247567,0.116800275500966,0.791625193810826,0.137297904380644
1.05518595592267,0.122923342252074,0.929835761447799,0.114328589348408,1.06994143439837,0.197803712989992,0.355805244028355,0.228905565526626,-0.516897631750472,0.179349898752964,-0.917217094074314,0.0131748049212757,1,-0.837757581781675,0.103990172783819,0.290926015976846,0.662741212626113,0.109503461548571,0.63162238460414,0.107412466993919,0.761011193179981,0.0950209367433598,0.806103489949345,0.10459598448973,0.71217216084719,0.127868843493553
0.940490218198409,0.102252582651522,0.91730982881741,0.0992601837744897,0.759158203096303,0.131098965150374,0.138275552431005,0.0829660198776446,-0.323995401059801,0.11229057148694,-0.876494813929785,0.0171506417069252,1,-0.999999999962993,0.195604473880081,0.233321223734022,0.609889111123214,0.0902726048365774,0.633683341603409,0.092976551363093,0.521707533503353,0.0941993298552941,0.597115796486864,0.11027151383184,0.505723982097999,0.133099465000188
0.765878300913337,0.110710707698771,0.922576502097085,0.107780955061654,0.788315160744704,0.142343131746479,0.377428659086551,0.248309136797097,-0.490146444616426,0.15203786734081,-0.883821699013444,0.0184723457080367,1,-0.898583583791058,-0.32036930440373,0.257482108277536,0.723214720522796,0.0882663012491107,0.554664397765255,0.0995862230299547,0.505512727371014,0.108127988331311,0.61342157026054,0.117321362441488,0.468955436550441,0.147145941224444
1.13885660691798,0.12301605971359,1.12280983929407,0.134450246313045,1.10510056308707,0.204321106832303,0.764411872610481,0.373467210025557,-0.578186791773901,0.212722377128974,-0.906482845427969,0.0157612148596244,1,-0.629076634008559,-0.0297172782363765,0.257723462709662,0.817929496197205,0.0957320485671049,0.776801224544439,0.097038803876323,0.766337595210003,0.102821267507324,0.797015911092588,0.105651381055652,0.903488050559534,0.133458862062483
0.891618222848088,0.105756691727741,0.958883016749617,0.111926293742726,0.902750957614706,0.157921658157363,0.290724362703522,0.15761761532614,-0.505217991545106,0.150957054297395,-0.879953499920906,0.0189054329659595,1,-0.986175287858338,-0.201269792346747,0.24784836298553,0.67523771801686,0.0971030611544831,0.693966730257765,0.0933890918912238,0.769479313124646,0.0980018015963923,0.686246966811601,0.1162743133332,0.686420516833805,0.123559854228411
0.949839280906468,0.113287470302076,1.05189322723231,0.116660195418589,1.13115338085082,0.209160171461277,0.300604150159469,0.153007254874468,-0.583120399869555,0.179896585653446,-0.911696837235063,0.0140241598554579,1,-0.999999999990234,0.0393101315808018,0.243406281083467,0.597989140756032,0.0976618639658442,0.758021038131661,0.0912828719058418,0.690537017250721,0.110734262044892,0.745029753807295,0.11933028663895,0.585515720325035,0.135288095199323
1.10908765046934,0.123849381673882,1.16612039105715,0.142897468800154,1.03356871586853,0.210185320153464,0.524200303604578,0.287265068652659,-0.463609500590474,0.192395577803214,-0.903890381153214,0.0168300375573392,1,-0.629845477551972,0.522165933626682,0.221357117253846,0.756254004734886,0.103985512730373,0.740211074947858,0.108875808056862,0.621627516607767,0.120478306182815,0.781036821653033,0.123423191802578,0.664528848539951,0.143472298488421
1.07354562267645,0.127717699042626,0.975859298699185,0.122988725037341,0.886716440787123,0.161722925910062,0.425678947602909,0.236030135557126,-0.503391576182636,0.160000142429436,-0.907992904412518,0.0149686971575723,1,-0.819355695994607,-0.3084324196943,0.301172881883006,0.707380351697233,0.112586195924177,0.830025507536941,0.093082588674988,0.877197423898317,0.0975079781541811,0.626825166441423,0.101565212400106,0.80406202964494,0.115590688811928
0.959798114405596,0.128707198762842,1.00531764214006,0.112146320765493,1.04773554481907,0.193987533493039,0.378252457997245,0.208981538642932,-0.491577731595705,0.170478397728115,-0.914507848951562,0.014767809473442,1,-0.780864146986597,-0.173425929480027,0.291548982295354,0.62746087849565,0.100655769309641,0.660870340801224,0.101449074133315,0.774890079768766,0.108251110854631,0.687936137695243,0.122539789163084,0.602749590757264,0.147055984401216
1.07642816021485,0.137922207514852,1.25937646416903,0.170665446586464,1.22956147105243,0.213701794427455,1.2949495736735,0.46484830646308,-0.824967556126867,0.238706334127362,-0.939515149634305,0.00977380224347347,1,-0.653785550320006,-0.34175124117314,0.323393544805291,0.943765395982919,0.0999682353828279,0.876729030142841,0.10141526643336,0.825592495299593,0.0999718441304651,0.780014683961909,0.108311786860351,0.750113235350213,0.12868214964539
0.900139224774694,0.108177473311495,0.91488700262118,0.111336052699467,0.852965418988688,0.140920014218494,0.611263117955033,0.198985741141648,-0.634173637686728,0.164796000248258,-0.87642481847219,0.0181301336641247,1,-0.878270663212919,-0.176065856133974,0.236058501653504,0.58784234351146,0.0938523243877104,0.730484183197063,0.0804982723761035,0.746414080406326,0.0862703068300851,0.71657176010007,0.121314129864307,0.553177284986464,0.145942288210182
0.940702902548738,0.11435256432509,0.931210041086492,0.122875935193762,1.24251301028141,0.217060030397667,0.844874163486033,0.29404405930465,-1.02295047967914,0.228509838645139,-0.913722228069519,0.0134939462579478,1,-0.998408162996076,-0.213913422038943,0.244980556420323,0.594389542997762,0.105018510595103,0.819844861952349,0.0875737499580299,0.654423364806397,0.101771914248284,0.530968153152871,0.120041257963202,0.854442379971246,0.128627995811425
0.85378064822859,0.105499768318449,1.13302929449166,0.111188184925552,0.767850211851354,0.127510403671525,0.375916178195873,0.161738668886584,-0.537254023788577,0.125765753014023,-0.886490433507381,0.0172076472294093,1,-0.999990592300255,-0.210222706779912,0.21152792917447,0.69099121928077,0.0921397356571866,0.660839371586255,0.0932244066293644,0.760363532944355,0.0935799042100773,0.56237517184812,0.125208265036906,0.699865360611671,0.137766752686453
0.774433850078504,0.103393561718859,1.13112949682608,0.12910956424959,0.802573207958708,0.13821805870179,0.568214776143903,0.229112281554437,-0.648866487790099,0.147605063713098,-0.881185024220337,0.0193951525483217,1,-0.960852565726571,-0.187861490829619,0.224722066885235,0.723515627003095,0.0992037555642785,0.562203360867732,0.0974863101991975,0.547579537197271,0.106551945635588,0.748253136909787,0.104528764292903,0.655462204615993,0.129920840190314
1.09801069528664,0.128585012100099,0.83804366313458,0.111618396602988,1.02988571178223,0.178081499491632,0.448220159523121,0.189428409127482,-0.65143041203536,0.152269569214717,-0.884640599854635,0.0190758505251197,1,-0.95879954739105,0.272158079017719,0.27378037685206,0.53418604832825,0.110410103953889,0.678454055837733,0.0971059559837229,0.669114311901968,0.0912232947566207,0.859507951966938,0.0961428575758265,0.787037348244216,0.122124300816805
0.871960012138475,0.110322211911899,1.0537766328882,0.122174972805916,0.840757167553628,0.159595509193794,0.243395848261597,0.122033357480839,-0.452367996191889,0.138002031564145,-0.910855536296145,0.015468920786506,1,-0.999999999999832,-0.0926353767745546,0.278313516379803,0.68421742263539,0.109487257308064,0.683848169108966,0.100481358518347,0.663761437419743,0.0978913122978413,0.671787671846696,0.113424124729486,0.764453746321088,0.135254290745756
1.26788644796802,0.118916607474144,0.887105949257428,0.128462926345187,0.917731128958461,0.143093029988402,0.95200744567412,0.336996214997297,-0.803794155801526,0.178861918537323,-0.898953630609589,0.0149877594217087,1,-0.859937603372416,0.168443905488101,0.261898422207667,0.767785832557837,0.0856271569822866,0.461642553426132,0.0983799608999775,0.729727573481244,0.0934954221658584,0.784064641807262,0.102621533288864,0.897144444099993,0.109031946255313
1.04436332031914,0.119156136429149,1.04119838657679,0.127389610149834,1.02895833254707,0.183740736838258,0.471957723477161,0.191271472207116,-0.632890238579527,0.163819131129354,-0.896059401011521,0.0169733515344195,1,-0.908192590382865,0.139218001915979,0.230727118931571,0.64874640925529,0.0916160795034092,0.739842643475737,0.104761304940631,0.814937360812015,0.0973161510711662,0.640040200751426,0.121253643897105,0.538859719800983,0.131757378550123
0.838864951536232,0.0969870637266205,0.832712830744383,0.11011215691417,0.683020537935159,0.114614314581591,0.435314425350051,0.162420380696425,-0.545278546224341,0.129248883707659,-0.85541010868419,0.0207783713943484,1,-0.999999999998325,-0.185993606594092,0.206374819018258,0.546911482620269,0.0948919562325179,0.660624018183598,0.082439522981637,0.563852484697313,0.0978361206508341,0.546556332029965,0.106808558889609,0.661531216366803,0.1209062042294
0.808531220815752,0.109602007008699,1.06349981303847,0.131469746291178,0.991138608806961,0.163147173235162,0.557428375852558,0.233772323050992,-0.743295893208206,0.193505182191172,-0.898783446429878,0.0162923847829704,1,-0.999999999916883,-0.500613101461362,0.266428127391983,0.644906279686311,0.0980047226382861,0.74415582668422,0.0855639824757866,0.704770776327304,0.0882578485088235,0.620906630094491,0.106647925597393,0.596520276459689,0.1248277376756
1.04402238363615,0.12763800043078,0.795760010535305,0.130543101457212,0.87323508676871,0.158789494110056,0.579405682467683,0.236950677062424,-0.66097289320755,0.170599976654207,-0.917579548904817,0.0132379684630814,1,-0.929237409501138,-0.278461377870017,0.309000895129853,0.822492088587937,0.103808358845415,0.598164838217723,0.102776714804117,0.853649310547516,0.0977266902010688,0.654620371611286,0.114803537300662,0.582663146543138,0.128657534243196
0.905694092998044,0.114999333249393,1.01439236593455,0.102618138401925,1.0212191592963,0.180777134917616,0.590683119370805,0.208031230947044,-0.776670405251297,0.188987025096155,-0.903524188897305,0.0147036126692005,1,-0.999999999849843,-0.024084699477189,0.241255850828627,0.652056456411725,0.0949294509178593,0.665701004339221,0.0923771523591776,0.684063983552001,0.0967520786091231,0.629938548183905,0.10601108333424,0.801025501646787,0.124241118174274
1.16968869363196,0.11434784226434,0.937637644344607,0.102423926796132,1.16811368960163,0.205425790962154,0.396431367953341,0.185182785236047,-0.68049754347691,0.196230679964285,-0.895715985587777,0.0154477623310153,1,-0.999999998687378,0.455387215859728,0.238385732203755,0.631484445211334,0.0996942931537812,0.678362962653755,0.0961135163099244,0.726193034119214,0.0962593535523171,0.613119088429464,0.114603268485604,0.712585242968251,0.121260809482865
0.97370824827376,0.10083925389537,1.09497311981108,0.118053794102561,0.88473835191715,0.134683381793621,0.765613539725766,0.230540590024215,-0.819291647307754,0.171874325241299,-0.881164107713129,0.0163858888899031,1,-0.995465693907736,0.0992310727459491,0.220103122935053,0.564332299909142,0.0969072600201508,0.653564390971055,0.0871399043762107,0.533298842353317,0.0928290181558191,0.7837987408968,0.0996595746056586,0.708716399198842,0.107692637226609
1.02381534469846,0.114752033430492,0.968132812248805,0.101456301039009,0.842169009620596,0.150713199454198,0.3103013936008,0.149989080531929,-0.424263263001463,0.126356694442926,-0.894598754743711,0.0173908249406552,1,-0.829934726136486,-0.0120331153985047,0.249728422324605,0.670733018585214,0.101237478794498,0.581918583029735,0.0904818351598537,0.855805332705069,0.0963587575786017,0.797790824019061,0.110444851970507,0.476023859972142,0.160136326695586
1.01182141139383,0.124743634658789,1.05851070156036,0.119440250523145,0.954550837109569,0.171071104093192,0.188442850701656,0.152782358076045,-0.310976320272015,0.136552191713716,-0.893958122678549,0.0164810440203766,1,-0.733226168213164,-0.137547207979075,0.265178658104717,0.849406198479633,0.0873375209028103,0.679015078154219,0.0987914592800688,0.637516726677768,0.108112823709847,0.65628331245239,0.119591071353894,0.469240165430666,0.144219702871148
1.0796712732501,0.131773784316585,0.857700850538055,0.130113696378473,1.09792684883837,0.206366336066034,0.698453790891116,0.293976552925545,-0.690590675757659,0.194076969367939,-0.894058437377313,0.0186399505777611,1,-0.78861524461331,0.305061496937709,0.258175858673856,0.637993385279564,0.104019245710802,0.677649140403312,0.0999069087630687,0.61679607272163,0.106325340823273,0.782385112445684,0.117271521194438,0.589482310823469,0.132180670194121
1.35818589515675,0.137178037605098,0.771359892167766,0.119456166894797,1.01083704531095,0.184842843224439,0.232376371808173,0.184535898454076,-0.424923502800904,0.144261891731912,-0.90622855327613,0.0157753798915926,1,-0.876746810724488,0.437726861632904,0.260229871801963,0.689597174216571,0.107865522934615,0.932408874838449,0.0948923287753509,0.693141909713178,0.11330975155617,0.812542334096678,0.111612380304691,0.738965605537108,0.145195941252433
0.958131663708996,0.123643550322157,1.07360672585558,0.154359945306843,1.06152273313733,0.219524606868845,0.857076261986062,0.333897322186046,-0.946259990802624,0.242886999914583,-0.882895522923375,0.0218911685272445,1,-0.992055787015446,0.376415568500172,0.226464265325338,0.570101504619441,0.110627155732536,0.644529791926817,0.106190957022336,0.803074136297982,0.102384251978716,0.530781913851324,0.139482989911403,0.619668818855741,0.146123293525248
1.09602750030953,0.125304643232951,1.12733872993191,0.121477573856085,0.9922874422085,0.178704812533821,0.259379115025145,0.198775337048891,-0.47470654964391,0.158686975611495,-0.912128681188682,0.0147501990358356,1,-0.935705051662145,0.0925337214934615,0.233859011006705,0.690189136216429,0.107554259281611,0.674330722037863,0.101187014239493,0.862956094039192,0.0967153203528045,0.567566923253652,0.118608828144835,0.80356829748164,0.13345308421426
1.27270807786385,0.12604492003995,0.983970480586645,0.112810009628548,0.97169668518343,0.166569539082802,0.595100044404497,0.226564365535925,-0.526232331435908,0.170090847884656,-0.920767244522468,0.0132870413581863,1,-0.692017656573572,-0.0451366456688648,0.315301839651631,0.639994943020083,0.111955097089084,0.894414013476722,0.0915292294321064,0.914500567573311,0.0823113517395813,0.600277739075343,0.109188136399486,0.713736082054517,0.124476937247245
0.951855822931226,0.109598753709725,0.810843420716982,0.118954178298918,1.03733386137597,0.188386646892932,0.539941854379481,0.245353354747355,-0.659216341140994,0.182958225043863,-0.857831646408743,0.02398032647961,1,-0.880836272123235,-0.0285688812618389,0.211716598000308,0.734174553091916,0.095241499306562,0.751071108492269,0.0912131842301002,0.590357013108085,0.104248426166788,0.622593727453587,0.123345942856966,0.648723246742591,0.149953617163365
1.05991938022517,0.119923964512911,0.959302508315785,0.121484847872383,1.07669186544077,0.204219173166275,0.451298194855158,0.278448027740483,-0.47139453283931,0.199181100962789,-0.914153197273862,0.0145822263415043,1,-0.67624960927489,0.245756655484102,0.263016081415076,0.734812440017376,0.100307498098713,0.758018789122234,0.0947543759690601,0.709608725983438,0.102281255323264,0.812730211792015,0.118685778849028,0.597962229305624,0.144748422839909
1.04548475371865,0.129273244521276,0.89832050587652,0.13654661065326,1.01130378520296,0.191753078228045,1.12935607312062,0.350425359972049,-0.975382094711001,0.222965245590637,-0.90212447901639,0.0163283149914343,1,-0.912679964219868,0.153930484198119,0.250159090358586,0.827363257714024,0.088715329961971,0.663474786728563,0.0975799487217407,0.800315769105251,0.102796181948763,0.683013834306329,0.121766822090004,0.864469833786049,0.134462250641266
0.905870615381176,0.113025540558523,0.835832925765273,0.119226072304102,1.07106339911279,0.185467151932922,0.65121089564338,0.257213596346966,-0.83071830989552,0.186348098945789,-0.882187882662882,0.0179400504196643,1,-0.994684531956622,-0.00655685410978154,0.238659054045494,0.603599279540215,0.103945290079779,0.556514302751074,0.100554478783074,0.542047161350955,0.0973105002260072,0.599363209118586,0.119252537529652,0.754037980058254,0.117600046848208
1.17519352047461,0.141193820041739,0.909124931332264,0.123040529599864,1.21307787824376,0.230316797331701,0.770569919374899,0.32026792431628,-0.77840879033984,0.218283839689077,-0.917835379870413,0.0136429175616914,1,-0.805113973695903,-0.311867978639312,0.320751105157139,0.812261113674182,0.103581514815389,0.802582373313398,0.10957600943058,0.813745904863844,0.10781345033635,0.7783919330206,0.108822009837881,0.779361062543442,0.126978110147266
0.893432807233776,0.127786837525258,1.19882184328305,0.144471973847989,1.07721316491019,0.216997863211885,0.494882938701304,0.237061573854389,-0.607310482706492,0.189595244179854,-0.910690826822253,0.016277707483053,1,-0.831780453670145,-0.361044818906767,0.29427443741472,0.765989335000326,0.107218876127992,0.790386739156034,0.107915712718592,0.648756759824285,0.116709712470555,0.834703086401026,0.112876873373497,0.773004522281939,0.131081201616951
0.737327528243371,0.111368374025377,1.10025360231058,0.129014055582806,0.925941380972325,0.165482828843624,0.553440505728515,0.246298853408279,-0.629959205943669,0.179605533151187,-0.887104761753736,0.0187623692285969,1,-0.880005141204182,-0.344013562151443,0.25232421301218,0.696835627748975,0.0973168864874788,0.565828014335178,0.100062344290401,0.667436034634959,0.098092856419955,0.592960432522578,0.108361534571756,0.60014629976482,0.132623462345913
1.09641855427896,0.124430348352082,1.07790261980879,0.112499877375018,0.977337553541251,0.183696497088365,0.293342227298787,0.200363046912309,-0.519836211169714,0.157202601335588,-0.910060122227059,0.0141321155013873,1,-0.970860747790124,0.268227182781088,0.259358702509806,0.686932809068406,0.109656616028677,0.793702189445255,0.103618582729018,0.545893219616753,0.103722377537335,0.602127612475603,0.117755922165244,0.93276127739202,0.106501407633255
1.03987662236756,0.117768076773982,1.27869091297657,0.140747192527518,1.04382627267518,0.203765663210172,0.923252666690781,0.400317573401236,-0.795295540394345,0.226707658473813,-0.917215117108636,0.0146058122129132,1,-0.810128946228744,0.282639008275946,0.231057106110564,0.727972429818148,0.0965269335267781,0.714304556137277,0.102252710578287,0.856432352351965,0.0995951758306491,0.770363444996147,0.120083299198291,0.702824600237467,0.148545101416856
1.25809198963436,0.136271295103156,1.16599059364156,0.149785191200842,1.0782558803888,0.213862495281681,0.819081324056351,0.353988219344254,-0.713640723119496,0.215978648411109,-0.919719470109936,0.0150257438457637,1,-0.759373076366981,0.443774807504762,0.266507676077386,0.740428671789437,0.11236908058691,0.867070906592733,0.100458029137728,0.867375454575405,0.107644187514061,0.633868030201769,0.125165482913913,0.618320451282625,0.149285740502095
1.0843512158634,0.124827846785956,1.09787933227726,0.127360691955318,1.00852819094644,0.18759092569799,0.606833028809433,0.243319679756134,-0.782309515634811,0.192608799905339,-0.917983539611357,0.0142568117716301,1,-0.999999968547028,-0.112328540866758,0.263990450569524,0.874300178034917,0.101087896397285,0.808059842699025,0.106148406892065,0.72754219815663,0.103214960026477,0.740516886257688,0.107195832272323,0.675178951642278,0.141674383884175
1.01949572413647,0.129422806259225,1.34426466428805,0.146174462341284,1.21061500886502,0.231187612970166,0.774169776720849,0.359804904803313,-0.818599556646363,0.263252713941662,-0.923720234059043,0.0133425872856818,1,-0.845571568535384,-0.0204127738947375,0.291768708692493,0.77535945556832,0.109755737238085,0.932847258338208,0.0944572612933675,0.650013906596165,0.10841139237654,0.700329976647495,0.125157796506408,0.68560837739262,0.14029115351721
1.16858001779532,0.128863344116653,0.920580960019047,0.115549787205374,0.900283477712935,0.175957755388141,0.469405298804765,0.220567024081275,-0.558818346872084,0.157037874771191,-0.877401243719096,0.0215648264578461,1,-0.859621011711593,0.423492913827142,0.266046662699546,0.534007684267911,0.112180468692791,0.667867923160498,0.10837955921913,0.643707205532582,0.111288609573644,0.609071138444189,0.11339037865465,0.664092029343294,0.133358091284084
1.04917544124024,0.114105221623483,1.13304731804965,0.128903968394733,1.08412543828501,0.183944741586876,0.876317257711997,0.296792844211134,-0.974698841216226,0.232358894583228,-0.898037248456803,0.0167130601324532,1,-0.99999999998659,-0.110010498019782,0.261876395975351,0.808968488860792,0.0981654114565964,0.732626278161717,0.0936640477992632,0.610074618713443,0.100259208298866,0.773739079383915,0.102537198930799,0.653400086562,0.110641088387321
1.00271912506441,0.1196047438477,1.04404021545613,0.125098913495885,1.05057744320594,0.185801352341692,0.766554418860015,0.315842423931879,-0.658841892534866,0.196058060503047,-0.899896504568724,0.015625192951295,1,-0.734168377389814,-0.224173860535081,0.266926044787927,0.79330018504743,0.0994337730907169,0.705164621949723,0.100332953875022,0.808851841165736,0.0987535315737036,0.621882074972676,0.121184243934946,0.725173830851305,0.121800095491773
1.00295895570915,0.12574224134744,0.74638153632013,0.109731686095051,1.1515037293747,0.20719041000406,0.381011979841777,0.140381203878936,-0.662372037237395,0.152656359294058,-0.900964976239328,0.0155423430809546,1,-0.999999999988344,-0.301418078311391,0.281617559869455,0.674844463883267,0.10153121214566,0.581683583697354,0.0969174043504937,0.679128171787111,0.0994946344603662,0.695415515419916,0.117048116337345,0.804358320607114,0.125187023931183
1.04845425320399,0.115580775478681,0.75606003049136,0.106664188850341,0.888312345806112,0.155039544275626,0.544229067988629,0.195883158628376,-0.636914123312088,0.149913390766295,-0.899122758535354,0.0161474218694866,1,-0.916024655408002,0.0274115883565072,0.248752548994251,0.678665001546687,0.0985170468837743,0.617986096647979,0.0908555655854534,0.781662880465106,0.0821195660771126,0.782675101378538,0.109346435771684,0.555948478498991,0.122050402846627
1.01326073487541,0.108033888869598,1.13458749489458,0.117980246920298,0.883726774462799,0.150861515696203,0.251726626860097,0.141058936261195,-0.471654068025239,0.150519161535982,-0.878748235147187,0.0188687608365185,1,-0.999999999737664,0.408977123204698,0.244123731120711,0.57173842743574,0.105093050976428,0.752799630419128,0.0832832553284854,0.653534913917586,0.0917847704528467,0.694603373214665,0.108777563127903,0.617606612019604,0.134652731658246
0.977770146515828,0.121704655290632,0.845842780489882,0.136594724614971,1.17637393949333,0.220572109668845,0.745077518766643,0.317335231545973,-0.859864888366907,0.234283391449193,-0.899759836875622,0.0164515332224366,1,-0.918452685006647,-0.168573065103879,0.255194812275245,0.666612588959844,0.102667551904079,0.809439605082043,0.10011795388919,0.516696960049534,0.114311911481319,0.705321788049106,0.11080571749694,0.666218581795833,0.14217466393519
0.729102466271666,0.11039882828707,1.10592162275659,0.124564476256076,0.862612255662641,0.15521607401227,0.51063853532367,0.2839336560295,-0.505730117937175,0.14889510476665,-0.901803042957508,0.0160228008885793,1,-0.761998669742915,-0.480718485722544,0.238791357345385,0.709669183970454,0.0943071188019797,0.640327231246671,0.0978709445454374,0.70865737693345,0.102298782918891,0.69926033580554,0.117897033906618,0.678125643181466,0.141946134501339
0.900559833686361,0.109447025509875,1.03481165992375,0.137764325739258,1.0685398481603,0.202346572854976,0.994829674316724,0.309107965836535,-0.867383562964635,0.223268240154227,-0.897903424083936,0.0168933740789188,1,-0.841281736926789,-0.167987923156428,0.241802036763819,0.718078635560667,0.104012884176228,0.723347897158167,0.0937580030457174,0.610332942898254,0.107870797725803,0.651275283299546,0.128407836813678,0.486334483889697,0.14021618609559
1.07708782686544,0.115136136822033,0.919365367745642,0.131903208845725,0.964093385257239,0.152103570597591,0.438203224118655,0.199145048412338,-0.649976022455564,0.17699102768405,-0.886337285243611,0.0174910795606743,1,-0.999999999995225,0.329623573254476,0.286054763182058,0.618200121979538,0.0999930300770843,0.49824066917909,0.103734847911848,0.824563459148665,0.0864331981421275,0.76077665008727,0.0911595318914199,0.798558057392616,0.116710776741388
0.966140320858931,0.113165201592439,1.07190861357899,0.121521730651957,0.966386708369579,0.181692065566063,0.616742494331566,0.208380649657462,-0.772017971929111,0.182529949066416,-0.904984103964213,0.0166898557231945,1,-0.999999999977192,0.188629312133551,0.255396869014347,0.604944285538955,0.107347878570312,0.718860058602027,0.10179837857414,0.512236009147738,0.10562923295063,0.655921345650913,0.118163158067489,0.796996344852545,0.128270976757236
0.996830141913085,0.11687409649359,1.03640862836455,0.120474389310257,1.11289465624217,0.19450791486698,0.701653410667394,0.251561659322447,-0.840355603729588,0.186318168127355,-0.891343428825539,0.0180561276579969,1,-0.950987375323258,-0.0930379565155428,0.214904708914035,0.782809341720205,0.0878878433566766,0.704779584834465,0.0913187918686322,0.698027513144467,0.103227168072377,0.75140115413839,0.114720652395833,0.497085670272039,0.150170587411553
1.00870504745166,0.105824875668439,0.983916935096531,0.102730215484154,0.823686590805564,0.147066319958238,0.193104855529836,0.1315627985596,-0.351564505940479,0.11903962594124,-0.896486214323451,0.0167004540168156,1,-0.881510372947017,0.455910670957931,0.231923294923778,0.577922038682231,0.102076306202568,0.57698253552845,0.0983773705679544,0.691492423719877,0.0860683737425232,0.628971112564792,0.110057011528124,0.619695794546824,0.138166745153526
1.22707876292074,0.1237341743366,0.906920941009987,0.123371068245258,1.00027330750001,0.175430786612195,0.383100065398622,0.159130315754875,-0.438605693359312,0.16004179554859,-0.90680270049933,0.0150206540359094,1,-0.708530927215992,0.104737347435789,0.271738978260301,0.620920518204033,0.113667740810451,0.763027076595245,0.0918442238876215,0.783275775636219,0.0968223736675793,0.843833413289054,0.10513178980138,0.913875143052462,0.107979878431648
1.14657163830477,0.145421965881804,1.2319806871574,0.150742776440387,1.24377534933709,0.240074130109752,0.65266898783586,0.32518347899576,-0.814422360601777,0.255022157922628,-0.922120382627093,0.0143408031879117,1,-0.903924645967965,0.201486935795661,0.30254083103961,0.713396259236186,0.101350577337982,0.914760986671381,0.097083313772775,0.642272663009012,0.116009982907663,0.803278658257573,0.118189432185599,0.718860718666562,0.130128750106749
0.835793048604291,0.12276350171953,1.0596081976202,0.135813645650469,1.34445188383375,0.232342995456577,0.677973151286067,0.290257731814254,-0.924999731998762,0.232223951385704,-0.906473822228886,0.0152787165892945,1,-0.968863794723592,0.0163273060441161,0.260545900018155,0.537251803907039,0.10468458891382,0.614723388395036,0.0935770432144067,0.769359252887484,0.100295561250806,0.692579314785943,0.122583764122796,0.727710557153327,0.131105094419617
1.09081178065312,0.119353890227173,0.942718677626117,0.121640972205551,1.02830155414697,0.168470541055108,0.78276461688286,0.27728687611383,-0.897172264363369,0.209819672182993,-0.88618631965884,0.0180950322708372,1,-0.999999999919863,0.072020884049899,0.25604022299689,0.7536675594482,0.0914568948552809,0.712649087079001,0.0906391508967506,0.689859124669301,0.0966365002442968,0.612450159509326,0.111687142096137,0.531850294971422,0.138789907158536
0.942333029243837,0.105456679761228,0.778547181446473,0.108533986279277,0.834083464930551,0.149805241861862,0.539316124359503,0.26431267532565,-0.637732348715822,0.183276930366565,-0.857928273884562,0.0216522342721046,1,-0.950849951407295,0.126093070927048,0.237065076520421,0.633514881882744,0.0975768441925161,0.672740614163707,0.0902460847884581,0.613493089929668,0.0959297619107643,0.570084207274223,0.118113965887094,0.578169812411637,0.138546866677048
1.10777109076322,0.127911204278306,1.13207774850299,0.150938587460535,1.21235255632964,0.213627910792138,0.940231702089187,0.342359244451056,-0.741520473037049,0.238214501598645,-0.907581577654494,0.0160078739823306,1,-0.694530359933622,-0.307458392277838,0.298951140679324,0.892037606271385,0.101405552921242,0.787639655328349,0.096819911881772,0.740476717137115,0.105518525300077,0.710170560200977,0.113476321809326,0.889817925579204,0.129134861075065
0.967573337841989,0.107964766000715,1.01685324381008,0.11699148591626,0.818359711554028,0.147212812623268,0.471809507936035,0.216212680585771,-0.36554302252567,0.129898765812272,-0.906823967049488,0.0151446931523509,1,-0.588278577964644,-0.600092572425013,0.255857468071845,0.731248453526709,0.098724798873493,0.649934754447446,0.0968215783251607,0.77792085223895,0.0955192882627341,0.758329315078146,0.112753186953881,0.764886871083033,0.122315838161809
1.08229083466053,0.132317551780156,0.968897763364203,0.137802839986568,1.12665380664156,0.224032479542471,0.837393305498687,0.377061961398071,-0.806239463334086,0.249456345189724,-0.90171328549534,0.0174660210486767,1,-0.830049639751308,0.415871668651196,0.283456257857665,0.611187933967264,0.114569323640434,0.745069763836279,0.104739574456985,0.878345609868738,0.0987067821515823,0.655206501661891,0.130900270350873,0.663230057076502,0.145754239050426
1.08594947636462,0.110889872583046,0.928184122621746,0.131195142257237,0.840276019134386,0.150350482155209,0.412268508408509,0.251056106375331,-0.579744121595918,0.17206873312493,-0.884832166556834,0.0186387891039744,1,-0.984997862605606,0.0841403310094241,0.241142000553023,0.696266840832238,0.0927256550341497,0.670390015485181,0.0897006818150948,0.569543047632559,0.103183414584237,0.545374034516471,0.127931826367812,0.586260902829863,0.13985068888627
1.09980841484345,0.128616305803637,1.28792553156379,0.137035421450301,1.29342247303254,0.226358609241805,0.689677145099582,0.224465019229782,-0.91959903071433,0.211499487714775,-0.926745960339453,0.0122046466779467,1,-0.973655645690945,0.00516196286171723,0.25721172250479,0.824283800834355,0.086563051315629,0.781787010397048,0.0964821415986514,0.863896981735807,0.0973737598717033,0.903518917918238,0.11556283350645,0.827191359771604,0.134302503782438
0.914619841973097,0.105770782270195,1.15270119644793,0.116739008778691,0.918738783587241,0.156014575478927,0.692922146927844,0.250166477091009,-0.797881225593397,0.186331282732494,-0.922817439475722,0.0118791905873157,1,-0.999999999815645,-0.282832947464009,0.245447630990843,0.805743575509017,0.0918101973450842,0.657945807881487,0.093356491722535,0.787170002601729,0.0946450805900105,0.838748332753227,0.100514820391329,0.630052963333351,0.134880220675172
1.03774449246216,0.112656401524814,1.07669987843889,0.128500087661382,0.934591009279839,0.160868009070778,0.651684638919912,0.277582038841311,-0.755669343391568,0.194481849514594,-0.888654243832608,0.0174796236236507,1,-0.968282900052691,0.153549591352479,0.232857383882751,0.718510741950666,0.0955570605251237,0.538383169227565,0.0978651866436306,0.777469402965763,0.093095180324352,0.705686888412927,0.109537624300703,0.598925249018242,0.134276261887343
1.03303798170908,0.135214965821068,1.29717483147967,0.15007829086805,1.22418304192794,0.24038352033656,0.761330050009525,0.308368063719494,-0.844491602239475,0.228372300238901,-0.916176771332143,0.0161120982211503,1,-0.874753461519052,0.0248441488610069,0.245078623735044,0.854424226500408,0.105281223596849,0.634015003285997,0.108908496307694,0.825590133255029,0.116125545583593,0.658145338242767,0.121733571425712,0.824328820550013,0.132853538832263
1.05676833308962,0.110527458158198,0.863820829811803,0.11604768205016,0.916162536177565,0.16845907384548,0.462750036799446,0.180970870811574,-0.490730734482463,0.152516374775362,-0.877948631476205,0.0200473890378138,1,-0.753674399241279,0.49966852682275,0.241328038967239,0.4006430594564,0.120040173195319,0.599027340209135,0.101358407044317,0.624639322613097,0.0972277096131359,0.636196750978649,0.106243761515802,0.658644744408482,0.123993324648192
0.872787564001513,0.12124719115056,0.986805148244191,0.121491755903211,1.08683839522112,0.198496326126185,0.451989568159507,0.214168136173552,-0.700884881254204,0.207899460839667,-0.897693732027856,0.0178003674420723,1,-0.999999999852979,-0.16667283462311,0.317948543281197,0.62158147471116,0.111918041302607,0.579952907904596,0.106668611455218,0.723638101524667,0.101294722278359,0.597883821553014,0.118763968680022,0.755191653458002,0.121032849681573
1.10326468500944,0.122553427134061,0.770915296952686,0.121291891833111,1.12437138996161,0.199722886480358,0.702086846864664,0.258571609196787,-0.888485432566383,0.222739434271501,-0.912097586600031,0.0150569551581156,1,-0.999999999999801,-0.0270604517584852,0.236934193813001,0.816558604705613,0.102113583035854,0.631213728825882,0.097630459698537,0.734064370470673,0.0974471547365914,0.631319093071061,0.109135859935579,0.859602004682968,0.121680665049167
0.983213197543453,0.108833204881536,0.867824810969422,0.117461817189234,0.756813388225992,0.138653123666134,0.313833178941498,0.201500680700728,-0.283533725572797,0.129760914059288,-0.876833039064394,0.0201502200441931,1,-0.581782821244409,0.310458056262251,0.228593945524385,0.490532656049903,0.10829372659784,0.822003798756589,0.0901511440732076,0.631478472713629,0.10893202143093,0.591287404309495,0.112403072689951,0.521248599032226,0.148462950550853
0.910222527990727,0.120069994816435,1.11375052617437,0.149040271041052,1.21540521893699,0.209659565316721,1.19373041138795,0.400835163693809,-0.919439103999896,0.252182338350676,-0.885622670812634,0.0181276740583638,1,-0.763324660106752,-0.124793837619823,0.256905277780418,0.6401955763449,0.0985021449317609,0.727595398211888,0.0974362120852962,0.787004597615476,0.105423197977509,0.729236306821308,0.121728387106778,0.615971165572447,0.140467761154216
0.983826224021775,0.119475723334683,1.04357758615793,0.124450504327068,1.0974647553297,0.201734782970099,0.644494830218154,0.260533613931872,-0.819804344927646,0.206685369440691,-0.91886696020803,0.0130483884736821,1,-0.974776848161912,-0.0444138614028062,0.272759142310862,0.668672081629677,0.102172396135386,0.74853835721769,0.0911081323308756,0.867752202198806,0.0930713689809214,0.648136765959577,0.118991677513117,0.737812790475617,0.138614085153912
1.01729511197708,0.131843949393966,1.06475530774238,0.154652952340005,1.12483253156526,0.208188758222337,1.04174495943895,0.426514347142683,-1.00409782782972,0.265463082270774,-0.893682626470453,0.0173565425380117,1,-0.927580028940621,-0.0814821818212769,0.308392651130483,0.74355558837,0.108204697316848,0.674271071602382,0.1054251703527,0.829263976500132,0.0935591249961331,0.790329421271753,0.108953030480969,0.494207651326505,0.146689639942515
1.03600445582695,0.114911164898195,1.07097545577863,0.119753873154025,0.918344097965693,0.172538362663893,0.39766287940143,0.225400057953295,-0.558958488264267,0.177855806188204,-0.899282271343203,0.0176106513478925,1,-0.924952242502199,0.467118985282428,0.240152827495297,0.602064194275276,0.100748672082466,0.736883640069746,0.101955223122456,0.597304922915888,0.113605791219655,0.560712606941431,0.12059770639608,0.809980271454529,0.131548923050267
0.917998344129529,0.116243548200076,0.811875737948174,0.11459624024771,0.864642498906951,0.163203492696638,0.457086416100161,0.228647253556868,-0.62700670516117,0.165289487790137,-0.86261172174392,0.022093799971691,1,-0.997366412221007,0.218655429245651,0.253723445072406,0.441148564387299,0.110546297381131,0.757390945812589,0.0917544877146714,0.634321889632893,0.0962668892171009,0.575866767679965,0.122268128872759,0.57004287000987,0.143616204575175
0.936321839713348,0.119165520058505,0.863857956100903,0.110794698363462,0.858075187557948,0.16410533415513,0.311267378609533,0.199026147024972,-0.497190584284021,0.16494234227195,-0.891492444387057,0.019454155292852,1,-0.962040641817529,0.298300362481142,0.26454147619362,0.589716947687568,0.102992929505035,0.627674303467726,0.102604843119055,0.559271174417925,0.114230828475863,0.535976029579867,0.125987553227277,0.674890946963061,0.138249117592501
1.20916938789504,0.13531549766934,0.957891804483365,0.128599556749559,1.10764682116406,0.213470147995567,0.484965386970672,0.208100821847423,-0.614803423981269,0.193117797846534,-0.929524183477314,0.0125116145560004,1,-0.838842166434837,0.138750271964777,0.285952427903724,0.640292212435307,0.113312698936498,0.761446686822114,0.101640046909203,0.742119358657419,0.10608064139586,0.868235988372544,0.101022428717669,0.866567567812977,0.133338615662247
1.15909349464244,0.136790286590414,1.12963548984882,0.16314231146222,1.31978923065856,0.262615636585767,1.51687659445258,0.488713579216568,-1.1205700520477,0.302576648111054,-0.920515810745133,0.0145526384923597,1,-0.791975225566262,0.153143678559576,0.255297549490375,0.911081189775878,0.104333805578242,0.772475508766355,0.108054726701028,0.714902643117446,0.120145983751951,0.610637727352002,0.132671275715103,0.6121064938899,0.147565979352629
1.0670934226475,0.118782745598171,0.919688289113523,0.120970399530692,0.928870927334354,0.16802954605565,0.382340240755555,0.1663498443922,-0.529737998134896,0.149767470678747,-0.880386885312982,0.0207826134576897,1,-0.888911318914912,0.360136005736025,0.239793592234482,0.653646398444622,0.0986383046225982,0.593647188276974,0.0987909853015908,0.64541638764714,0.103720303472282,0.768189283945673,0.109188119975148,0.699886696851445,0.143431015382142
1.003996819108,0.117210757350628,1.18315305726774,0.124440463884283,1.16511861849815,0.209239935187095,0.760017950028523,0.282973701894683,-0.815545108421212,0.197396199895439,-0.89759332847238,0.016426490021445,1,-0.866664467613889,-0.184779339129898,0.267671409186687,0.667807795032079,0.0983419021917617,0.849784745017345,0.0915107363985657,0.585353994210176,0.108837230888914,0.703259261018803,0.113976561095952,0.758365625602316,0.120369346405351
1.13579738262973,0.120585601333858,0.806432212097891,0.134766861513211,1.03794701671747,0.163155354029668,0.877795080436487,0.298831678078805,-0.952499395403103,0.198947857493739,-0.899946277782498,0.0144483837108628,1,-0.997885115972316,0.229589321779923,0.238384903783273,0.606529113697372,0.0990831043827479,0.674982150618741,0.08950655822608,0.772649663616534,0.0918835352543118,0.626182906698756,0.099800274191265,0.541184972793072,0.124764793118293
1.0147039567863,0.109392044869569,0.932419695549896,0.121128933621142,0.859908495727166,0.15057561683551,0.484917034368774,0.216581489855751,-0.611200589393462,0.15231941056811,-0.87941134210549,0.0209856670915592,1,-0.946507205067482,0.252329147165471,0.215554396667219,0.684765699361306,0.100078807679421,0.611888551690252,0.0995202188697068,0.580822503740516,0.105209664132631,0.806270048397656,0.0991591197089797,0.479263962599477,0.141566494188459
0.944126288795391,0.114826035995861,1.18315239862449,0.121665350430385,0.928247745957166,0.163687761287263,0.34881591852576,0.171063932086473,-0.56902336518385,0.167604750582191,-0.888103594477453,0.0176326118162545,1,-0.999999999999441,-0.1893519730593,0.260709720778453,0.631571399166156,0.100893320784064,0.617246735683864,0.0939687241981401,0.751744761775321,0.0954859290721823,0.571130423671771,0.122541227338396,0.563429334388514,0.126645691666215
1.23789326242381,0.1403758018364,0.995639145879567,0.156607207633188,1.26148814169593,0.233447739968517,0.851497143800817,0.371087537881104,-0.759768878597786,0.221776345185687,-0.934404564290981,0.0113677158868536,1,-0.733074843259286,-0.0288356418326941,0.276330668884975,0.726403507855937,0.112595876710559,0.831649323430693,0.100246886033822,0.897362675351756,0.0990553641432797,0.830893658942285,0.112626971968999,0.725306821322829,0.134650842574147
0.974271491781021,0.113143940576803,0.898679057523246,0.122604936902108,0.969002675323658,0.170999648169254,0.628390049995256,0.24902414145461,-0.68719024306765,0.188177908962147,-0.884493759402598,0.0182070553823951,1,-0.880642917563,-0.198194067012336,0.231186255305077,0.612630456708464,0.0962671337995539,0.686215963172466,0.0901038570775781,0.663300063268499,0.0934178002948068,0.627963583962709,0.117764163439703,0.629266928553977,0.128217613442933
1.093218327462,0.123632204520249,1.00651131197115,0.12444049300505,1.14040002507571,0.193043815214433,0.625575386033002,0.237122569579084,-0.84463375843167,0.202692201349387,-0.897353116204112,0.0159633630526368,1,-0.999999999974506,0.0635200732339885,0.238181148935043,0.744662061250309,0.0955566789614557,0.653492361800765,0.0963593702911697,0.813951467568724,0.095585119027768,0.619394612780411,0.113109349985265,0.739608250939145,0.1187422421507
1.02829868940886,0.118829542712458,0.882251400823087,0.127440488239159,0.987038877531599,0.196897834073927,0.796882382459049,0.34293156933385,-0.782472066103306,0.222959238098706,-0.902670840853024,0.0170432173452095,1,-0.882276273375531,0.13784326083246,0.274540876155974,0.608401770871671,0.108831123657669,0.749071066149184,0.100057838731282,0.673422532277232,0.1111396232101,0.646571305920261,0.122334711276209,0.703434471947899,0.121527642319421
1.06000328210166,0.12115347825846,0.922013184089864,0.114065706256517,0.90541271207474,0.155901690127386,0.389603660515277,0.222017058527119,-0.593929372050458,0.154503434093635,-0.919802394149528,0.0126509636284646,1,-0.999999988778052,-0.0938969205619303,0.275345958687594,0.583430242644195,0.0983354802602192,0.777116191631339,0.095488903046702,0.84285643884528,0.0927791738201431,0.756975646857324,0.103510822726353,0.534088034546718,0.136778829874443
1.06276326322584,0.120873291088637,1.11438576088115,0.160464423083576,1.03540570646071,0.179340455599332,0.95854255334824,0.378250504044177,-0.774938306703492,0.201797860702512,-0.928025958510818,0.0119791929222438,1,-0.777868443694051,-0.212735362342238,0.282435376586229,0.693719085562059,0.106800822114231,0.758351120789724,0.098099275782733,0.615119406759747,0.104878937915174,0.909637419827879,0.104231905007669,0.922260968413834,0.118972313353242
0.957299092713528,0.102821317597943,1.04720356329194,0.114219266626217,0.745439931217667,0.134543010104272,0.34987742134468,0.167911499455917,-0.508852050942087,0.13105123271087,-0.864485185925098,0.0220346084795398,1,-0.99638514544389,0.0603942532448955,0.227126809129063,0.601386185648513,0.0994586135851999,0.604992004957433,0.0982015648075857,0.641009644478764,0.10276754914133,0.574960592818381,0.111073525889068,0.677760975143491,0.120629921872867
0.933500692331458,0.100330867892516,1.08431069290714,0.113392922429263,0.766732822693721,0.122226016950708,0.59619878821259,0.15820183177189,-0.652256753619049,0.113024378270974,-0.88903687287193,0.0173614793629432,1,-0.96471940103567,-0.433652104839478,0.192880811184896,0.809914202676209,0.0949919472674515,0.773879274158314,0.0871128791532301,0.667883900214619,0.0972624437294129,0.756021065407224,0.10512631868537,0.559187318623313,0.134572703179941
1.17762203527021,0.127181687016203,0.888919057059136,0.120478432452033,0.994605377957015,0.179310089871105,0.878859443292597,0.299281625466584,-0.883101147897219,0.206622944098721,-0.909970949586828,0.0157157860892521,1,-0.94455083419229,0.265797975180775,0.242118923937414,0.761838919177157,0.098412429279434,0.728530906047851,0.0923564699897334,0.774887316025972,0.100587309131495,0.761726786069743,0.115045553680023,0.711752495753979,0.145025605230462
1.15757082432931,0.138893030672121,1.26975805498466,0.137733021007181,1.22417160368094,0.234867944344142,0.490481850486485,0.222941309467837,-0.682182072801284,0.196358159435252,-0.9121184590285,0.0161071956448183,1,-0.880374958405997,0.0237965229442755,0.274109734103796,0.781789984866254,0.100583700279801,0.609599870576967,0.103561212959914,0.842314862412595,0.11382317088191,0.637314897052276,0.12210421210211,0.739610171463124,0.127765859005737
0.830822608055454,0.115296381956512,1.13874808141617,0.119609474835163,0.968070475014359,0.169820301377401,0.620028721163777,0.256929463249607,-0.709921090147026,0.180158190429553,-0.896251327333764,0.0166546788268312,1,-0.916327429688995,-0.0851869397495168,0.253276238477838,0.684632382624133,0.0918874517467073,0.668053242249661,0.100112118119949,0.498013698688803,0.10520126664913,0.635039519594977,0.11354605840889,0.766552761810385,0.135724061666772
0.8767608142669,0.115964963925169,1.03956696305087,0.11145798219739,0.961915067134716,0.164730161199778,0.418205278664709,0.185520715838517,-0.5754330356462,0.164917206378167,-0.921385081228122,0.0119638627860297,1,-0.907259808880011,-0.420644641125339,0.245861415245269,0.654230056002404,0.104234644278303,0.732995757501577,0.0946621393559667,0.783493993020687,0.098188682337704,0.646521048724882,0.108206115645097,0.613232345932769,0.13099426343819
1.05228529246869,0.117882055153507,0.859727027453022,0.113587689855166,0.976863709855248,0.168566527984246,0.484010683246598,0.234424074671395,-0.630993992722049,0.169878454913014,-0.882041724681153,0.0180422583280087,1,-0.917657805036804,-0.110938583059129,0.247038655167593,0.643411915791901,0.0980161204798425,0.64503406349284,0.0929855286263833,0.708550747301811,0.101179749617794,0.576464380281564,0.108413652667451,0.681817379447553,0.125161954023351
1.00968651148052,0.111576115372494,1.08121890268708,0.118730879720515,0.895348597705431,0.169248924884601,0.464728578486688,0.254159461537526,-0.58051273459665,0.177063940683878,-0.909308267012062,0.0149447282467358,1,-0.899945028606721,0.199849617199455,0.270067243673631,0.676347696465294,0.100541267057575,0.606684448259526,0.10278123905648,0.726293282647735,0.101895101095261,0.832221225300115,0.115131399917224,0.490617632799142,0.150944897604374
1.09843399679324,0.105194686060539,1.01657710646527,0.114717148745976,0.774635299465348,0.134197084210525,0.260717672057392,0.161355811755413,-0.437671736333795,0.120537321489896,-0.896448799653866,0.0159259183299206,1,-0.973900581959233,0.436613363928165,0.218535218226134,0.634480552164517,0.0921426704374683,0.632616213508641,0.0961337718683263,0.567013334915684,0.106218641763289,0.743366571935501,0.105779079621174,0.55552827408085,0.140074424480648
0.931840074455258,0.106783312249119,1.08205136918861,0.128842710256648,1.00174245238603,0.17046535898962,0.936605646430855,0.337804548010727,-0.756140188539659,0.204665708736497,-0.916310647201954,0.0126834955190655,1,-0.780631183705214,-0.277927492532021,0.235856022757819,0.76307984669368,0.0964692333145957,0.716906242821621,0.0898854350037417,0.75106131448657,0.0955478017575804,0.585083904879524,0.0980803185879959,1.14416388737108,0.10381486336248
0.991726437857525,0.12194777986607,1.12624895535252,0.126576716608894,0.886740732440268,0.158460603472071,0.489805826384953,0.227360262937602,-0.538457710114287,0.165676607209547,-0.897440078181262,0.0175506209183905,1,-0.817036196940889,0.106564118576358,0.28925169808198,0.765278300059039,0.0971749003796652,0.610240240110686,0.101424466214142,0.722927169992308,0.101612225340069,0.536401360297334,0.123957308473718,0.71042823872354,0.128002885129314
1.01823261850345,0.122504557062314,0.923796209660171,0.130144644366593,1.11488515660744,0.210167534119126,0.777163810289652,0.305731297675972,-0.888075461120433,0.215772311668474,-0.900787684644421,0.0167065206073222,1,-0.954066218997999,-0.316035842109679,0.23776069350943,0.653089241297434,0.109855430262118,0.721421698523014,0.0943451194944141,0.660031566663166,0.105226874481455,0.770744360618208,0.118975740317371,0.602216019215607,0.137253562488259
0.856705981495832,0.103795517448091,0.787948484664043,0.10647751155512,0.765914356196349,0.12118977443219,0.309207141213824,0.19707809290794,-0.448320023264051,0.12935425457037,-0.882138093148417,0.0165839831656655,1,-0.921241032530697,-0.15242730457192,0.231550164795243,0.660743430442109,0.0845565941639859,0.445034761512927,0.0926533890455513,0.525729437202958,0.0957453443436565,0.740081968338289,0.0970071007897078,0.669161547202814,0.124786453911227
0.980724130819183,0.110042995556965,0.868219681472158,0.111119979968443,0.774777438909529,0.131679127667936,0.561953865103699,0.237157878376773,-0.575499269755799,0.149820791142931,-0.861644613669438,0.021150439324674,1,-0.872179676766578,0.0350741163692733,0.223524749837814,0.443367634322317,0.103801163949409,0.634304565060187,0.0885102113942082,0.694454428678785,0.0855845060334665,0.670132444793869,0.10517675441462,0.592159230898217,0.141352299198441
1.14557218358863,0.134689440457071,1.12989391082052,0.13873437185969,1.1117424781934,0.218251815688057,0.834563533506603,0.306917637945011,-0.809829893073803,0.220363534127127,-0.916390569050925,0.0142928191957132,1,-0.840740564058428,-0.00783714197290333,0.290796134260304,0.746544425259853,0.11497592155547,0.842442088361209,0.0968552815618972,0.66136942155122,0.109113267798013,0.794614590223276,0.109012283444283,0.671081192647019,0.11884042186115
0.900666755685467,0.122361681842852,0.951687690343031,0.142682894193445,1.15503445443169,0.220890477201954,1.26414237861138,0.418124727083294,-0.959030469850123,0.23801311477528,-0.899201315486885,0.0178366216625693,1,-0.793664473480549,-4.56544745846462e-05,0.249019854128577,0.796854742171943,0.103571618249894,0.721977409386316,0.101427306951485,0.675179415522045,0.113374895603667,0.558376588276897,0.129214391494579,0.602090543026878,0.132521077815241
0.890578030402443,0.107747870174348,0.802731917468998,0.119294525127005,1.01367235160206,0.16739449294795,0.713591163935481,0.287131815522227,-0.840971205034788,0.190253025349261,-0.870496631893363,0.019203327120465,1,-0.988798031952431,-0.277335300190556,0.226582252731315,0.597050272639714,0.107536694998386,0.652567888700563,0.0838554273336127,0.619797261241673,0.0932056768774811,0.57741132002175,0.108214697479621,0.469187577896526,0.135060100698922
0.924317196022801,0.116832819502594,0.942486201320876,0.122053110837504,1.1183104788256,0.197943776109029,0.751352219202284,0.312477199250874,-0.882793689015412,0.210894866664556,-0.906497301067098,0.0149796722251283,1,-0.963066410304301,0.093757711944996,0.238218656367813,0.813197724438464,0.100013226160481,0.69791441919638,0.0894865766979927,0.813438236076046,0.0987676922992248,0.580520097134435,0.12916851211907,0.479877658273254,0.140414272826404
0.874886095550636,0.118699156405033,1.0554756609232,0.132381368330322,1.21673130900055,0.225249861528754,0.695200989363903,0.241139272777159,-0.70679814934278,0.174999450493329,-0.884210908842207,0.0189777492193102,1,-0.768498229340347,-0.16699285526926,0.264347548821208,0.676312561285073,0.100555867646793,0.554869476361088,0.111583771135408,0.845749092747307,0.103460660940478,0.72964197228906,0.11674477166657,0.716102228872206,0.127903060429645
1.10552637092521,0.114346790796058,0.939888957632583,0.119908806378112,1.06968506758987,0.176483381102079,0.574588515474554,0.21238975769086,-0.783982623649717,0.180412961023708,-0.89652795297451,0.015945079043654,1,-0.999999999327178,-0.0900364287978346,0.252618291627633,0.702604448179013,0.0939308724593935,0.658181030445168,0.0976702344712374,0.746360649771366,0.0917625666281144,0.694846082808484,0.10119598035915,0.900691607380795,0.103926476730983
0.952009880637451,0.105500968766465,1.05706210296691,0.11784513007164,0.803824235827207,0.126434923192121,0.530969873933134,0.230760655731659,-0.51782446045938,0.142124163832811,-0.899706582162564,0.0136128223196075,1,-0.792623734403057,-0.0295976102241334,0.253413259692658,0.551020394026959,0.100271236230439,0.700772399282778,0.0896966367630204,0.719673748773511,0.0871880841485959,0.729953335554282,0.0993022935270385,0.587471953351665,0.120987281682099
0.814334828759614,0.104967981505904,0.717518458819496,0.103200029144956,0.869926374177853,0.153662547557093,0.371331647285162,0.174340631902211,-0.535930439821563,0.154104407594098,-0.890526931856317,0.017331803667036,1,-0.942944634851953,-0.373631151733683,0.253359121924264,0.665463863890466,0.101093880738436,0.520252502149158,0.0969752679589671,0.672099827376985,0.100089996875942,0.686616153728419,0.107882409870737,0.62812434921337,0.138126103729669
1.09118445606323,0.126528340904411,1.11447740020655,0.116717848083495,1.09587809301405,0.190003055740693,0.255334283738809,0.158340752689231,-0.528975659018775,0.185971341233857,-0.925579623449535,0.0118926028045569,1,-0.999999999802641,0.260527106194875,0.27155792080296,0.609344202709001,0.110469955479165,0.770304748392156,0.101306908358623,0.734478087470987,0.0938666146024646,0.72575565292759,0.102991852801929,0.809060530065207,0.106614611078625
0.968467238795809,0.115090547772769,1.02312065061243,0.128511130492882,0.902155599697086,0.163618937065719,0.921143425758312,0.346754274165051,-0.88960124780207,0.205353575670695,-0.881030649697324,0.0187565761027936,1,-0.975867894956799,-0.0551132293688821,0.222893947885259,0.750418249446444,0.0874765589297012,0.560804482554264,0.0998608772618338,0.720399510979536,0.106096825994536,0.749115257604967,0.114905048986272,0.643712839374919,0.123341216159219
0.973023907470014,0.114187595628487,0.975171687782114,0.116386601350185,0.991403943858858,0.171999441079347,0.426988374310453,0.219818347587242,-0.589345367634223,0.181987531893353,-0.860683002796749,0.0205995297037282,1,-0.905808783894104,0.351300324064421,0.246047971663792,0.586013105107681,0.099175244473268,0.642216550644565,0.0889766964217942,0.750485208780912,0.0987166367688317,0.687805429225472,0.126347312120917,0.699027483724783,0.137344561169999
0.957527911835877,0.111018987670376,0.986018044844877,0.117316815199412,0.818763130528906,0.143738584957027,0.59083984850759,0.211926698390998,-0.695527054628462,0.164985053372344,-0.899043537196801,0.016126786981624,1,-0.99999999970527,-0.0124114276461,0.256403358137255,0.681150838032112,0.096668207850322,0.702562793953142,0.0970588409095212,0.59476292674628,0.100338561553731,0.628875482134361,0.11583102994098,0.810715570449218,0.139438455357898
0.945031159371972,0.115078811067526,1.06843905708245,0.119177697849656,0.784644398700224,0.135944349751264,0.225932018837561,0.150317977473834,-0.37380866645551,0.129795812808864,-0.888502652456157,0.0178253558255598,1,-0.88781818227105,0.203977615978994,0.276689760755189,0.472276957233498,0.107337865445719,0.687944085184094,0.0934140531922572,0.563973424228026,0.0976147866772674,0.697470860415415,0.115832170761781,0.585798559058919,0.119374257783355
1.08568588554579,0.121192894131054,0.947212159470702,0.112069677068425,1.00052860315164,0.178002927204763,0.325760891428245,0.227309858061064,-0.559300906665361,0.179189076669979,-0.865090852320593,0.0217755889813135,1,-0.979673355564805,0.378049023871892,0.300061613937932,0.616170445015626,0.108304227534882,0.695900524363886,0.101053437761291,0.567110421120114,0.106838341565544,0.711100409728287,0.102943882719303,0.755859778920257,0.110089798779288
1.01066731480354,0.13313144913473,1.23146237048921,0.166658588494058,1.39520919319132,0.281459793537824,1.07749820457833,0.430653766990369,-1.02387402679577,0.286620132049089,-0.915828164919032,0.0160895624862947,1,-0.835061735890429,0.136515435641335,0.264751739270238,0.730069625639597,0.113715058934562,0.734569821156838,0.103645017090196,0.684779820531264,0.110899638790278,0.794606860903563,0.12567948553146,0.889335525548574,0.139615629793154
1.04344636761829,0.12996104498566,0.740293273320901,0.111365573795049,1.10707557797717,0.198669701404556,0.414022767868961,0.204622876748315,-0.601822816816743,0.161054618130083,-0.906375757886563,0.0150672357288892,1,-0.888930692762822,-0.144006021007896,0.271153695040097,0.711643014276257,0.101519133394465,0.653755114811707,0.0967575938291668,0.732658976606937,0.097152257928761,0.679733162760584,0.12167906399194,0.752950311900492,0.123964542624923
0.862627996352685,0.118565253766423,1.11894514612603,0.128856566421043,0.96877406449329,0.182220292626838,0.305063690922383,0.16839337278016,-0.302156800249803,0.139089180806061,-0.919827769245959,0.0143079205204415,1,-0.555809365930355,-0.514600238074071,0.242326888342417,0.741615475502752,0.104383553610851,0.739318353227761,0.104994657902998,0.697187402513651,0.108360718194609,0.811693599669893,0.113676672830856,0.655306632028502,0.129930907964704
1.05318805945946,0.106289452625506,1.0408441934186,0.113906390751075,1.06348835362578,0.171936590331329,0.491447040148621,0.24285671624754,-0.698827535233459,0.18247317859841,-0.892312026775928,0.015798002691735,1,-0.966641146817313,0.00797739150591772,0.241812491240335,0.821232310868487,0.0943973432053756,0.630112699012154,0.0888860679275193,0.744526550629529,0.0935542611576383,0.634867540676527,0.113259295250403,0.581047708404103,0.135775096115664
0.944772029883623,0.121427809555314,1.0990890024722,0.148983585464136,1.23854293779462,0.244855473034386,0.525536737974423,0.230373719828615,-0.594786017567723,0.199610717717808,-0.894579501232183,0.01772908530857,1,-0.737231148651678,-0.0593359572181412,0.274483588559558,0.82614501235262,0.0970105761361515,0.592996172474506,0.101282255135561,0.74610056542598,0.111164079409731,0.835787520492005,0.110913280135052,0.768620148243183,0.161086030581523
1.01445685681383,0.119301037978332,0.943910946008421,0.113209093010819,1.12917526246312,0.195779692199462,0.335854371520767,0.182369004123473,-0.608727885117726,0.167872941329796,-0.901573246406616,0.0157530045737897,1,-0.988478019265219,0.0930499887649138,0.246222980944652,0.618119322952746,0.0944403026958966,0.751475160895432,0.0846914664866957,0.706508335989793,0.0953243896445415,0.689574908276202,0.122486417855839,0.823792004490347,0.131136293314764
0.935705363081529,0.118277999278357,1.34479699937628,0.13687910975952,1.18176500732478,0.205848132567082,0.773582622433442,0.327048013212182,-0.896161209923102,0.22652395499451,-0.898777616509302,0.0163087247111989,1,-0.937275415949696,-0.273632941632001,0.266770901343868,0.740639392526585,0.094785099176274,0.790189940775245,0.0864753439324771,0.816130332504336,0.0939125620900825,0.686394300732012,0.121494455253011,0.650982173560972,0.141655727861426
0.870464327695994,0.109142125274727,1.0337288409067,0.116298745912141,0.921886443839881,0.152012287922276,0.414348937428676,0.189574581418909,-0.618047464433802,0.174748878049186,-0.88018106524192,0.0178043138064934,1,-0.999999999814253,-0.605208936115442,0.270603512906763,0.820553211612514,0.0925324086871513,0.560391611535949,0.0917459999153906,0.553814958878779,0.0948789694110521,0.693702782949362,0.0956561914106546,0.580396678899161,0.128820368745302
0.9605019036635,0.121885985079863,1.108102389516,0.14113538376851,1.03117498124384,0.200327664632295,0.775427978760949,0.378230458792359,-0.816445234362227,0.232345728598482,-0.915380332010452,0.0130593471450391,1,-0.913040708226053,0.156735110809307,0.242623734778932,0.720548916037246,0.102795294012999,0.731074463970096,0.103453195067546,0.764002480678312,0.108439372573081,0.755951628523297,0.122339012140659,0.656788994309452,0.130223287648565
1.03113327582429,0.11234142547673,0.778620039215243,0.101595660489017,0.861247173822013,0.14771539834671,0.51581880306975,0.215074889957713,-0.657519336028062,0.160259119691069,-0.901365211847492,0.0159885797955952,1,-0.986497614293079,0.107806620757464,0.246034917747019,0.544396423766374,0.100540835547715,0.550435874265328,0.0953476362360851,0.752364320857982,0.0873871598994271,0.674758127363225,0.109593277121411,0.666713093675779,0.122358390642596
0.98139522979778,0.110783199452457,0.881929404325701,0.115998095293483,0.866023569380972,0.164865045819105,0.319661077487738,0.139673640746529,-0.526150194638456,0.143803996072994,-0.896155170144905,0.0182341686212735,1,-0.999999999999976,0.207661771109653,0.239990599485182,0.700142389842612,0.0999843764525874,0.598206336323142,0.104204742835001,0.603993950776396,0.102613216499151,0.668911477908556,0.111290309074204,0.785605813913523,0.140312349464555
0.941334349364913,0.116903412294016,0.963416303415562,0.128953289973527,1.10884675679121,0.190592345141404,0.854912215830195,0.312398632520035,-0.880041328398638,0.20792568544346,-0.896118733076448,0.0170084815859066,1,-0.903871184480454,-0.278073646755295,0.247884010955202,0.762727976419704,0.0876599870816933,0.683490657306098,0.0887213306575698,0.68702749650881,0.094356227230565,0.594628133729759,0.120450573767348,0.680549434911637,0.143689866347788
1.01554105318685,0.113229144650185,0.886321545842159,0.100729996344503,0.956607012277295,0.163002614117396,0.205075499702958,0.158601881291582,-0.432417652282839,0.142728814158825,-0.898526163166261,0.0161488812694486,1,-0.976292032980185,-0.11376809336368,0.264050115827587,0.782375534734678,0.093644619969321,0.635920169313574,0.0880435313874083,0.491122825124979,0.10354297273478,0.744566288432292,0.105339413649015,0.558071778409434,0.131608760046945
1.1522552373748,0.132679498068303,1.0825858570525,0.13687587337172,1.02379759814287,0.190000302350767,0.677299944645945,0.272127009763085,-0.707484939011939,0.179846500530525,-0.917558642658152,0.0133716325718133,1,-0.849610020176505,0.265509535230123,0.25271748630496,0.730292007254354,0.105802686323425,0.791538506217211,0.101523306974889,0.829651552189406,0.101693818962949,0.923146753181127,0.107218344890098,0.946698976001486,0.122555967364815
0.887143466236685,0.111912513844612,1.09974386869075,0.112096427616773,1.01209789565791,0.175117326528956,0.570471152616724,0.215518076005829,-0.75985041474518,0.18455517388284,-0.86886187337638,0.0209093848969975,1,-0.999999999732835,-0.0202515655899228,0.252144527480522,0.625803037717092,0.104837553000576,0.582968738371706,0.103281843559586,0.75400674748019,0.0849248868942082,0.654122763871677,0.102124856331939,0.562583879229155,0.115115663733403
0.848467568054276,0.108591158083136,1.06643290558278,0.114329466369534,1.08813753238558,0.179364520702402,0.430122295927478,0.169701436079754,-0.684128798985706,0.169051907874564,-0.896584078888066,0.0160353958530835,1,-0.999999999879366,-0.233378812938889,0.254025762174332,0.55304117145168,0.0992288976931282,0.687682889691102,0.0869053556557473,0.739846465531186,0.0852829730868234,0.814445554933666,0.103013197806392,0.594848968124106,0.145200428490527
0.859035276779438,0.108906535935868,0.876328227800989,0.127369115681152,0.851494059485239,0.167630287436152,0.648556865290059,0.313307140412833,-0.653831412091561,0.187971111147034,-0.88013197991538,0.0211878620459972,1,-0.879834403648736,0.0994867360341574,0.224026390207181,0.559123483327316,0.103230016192945,0.695791639723381,0.0979088358221634,0.431659145444599,0.119644397498211,0.56042309946544,0.122111797331022,0.34747798135872,0.163561699124157
1.10717879007077,0.125317696053146,0.939855182708773,0.111714646758987,0.94534226308127,0.157701197783965,0.301854339074707,0.20849705721859,-0.389435063201457,0.14714636525334,-0.89755344180044,0.0161425733371187,1,-0.729023960769239,0.261446863736757,0.256349708985352,0.575191065575631,0.105687525312512,0.699643763415545,0.0953526895255959,0.834324037049155,0.101842266152243,0.727913633824687,0.106546027292355,0.583805508805556,0.114904248946615
0.935500954501506,0.122538873373283,1.18979549723971,0.145032065327901,1.22497925010743,0.230215683508274,0.775639979664112,0.299624461148967,-0.880388336276086,0.237331789083307,-0.912236164246933,0.0146003879177071,1,-0.903191456698287,-0.277514592954237,0.264231099717999,0.829233896611611,0.103742697076741,0.580897786752586,0.111559810871338,0.872406734312621,0.0960262700260861,0.653629425336577,0.112789674348906,0.712563813091528,0.127732591081865
1.10498080501021,0.118349271823507,0.768547722339493,0.112887630250419,1.03218722410626,0.162296104033514,0.352259114359478,0.225433037260105,-0.56352131744951,0.175590054707264,-0.898935796809623,0.0148951751483721,1,-0.934544509959026,-0.0270585942657806,0.256429699387556,0.676917986419315,0.100465298495106,0.710206352721805,0.088749116373262,0.533866636472533,0.0961290896911408,0.78320183145932,0.0940719287389106,0.77545041186939,0.117601927131791
0.94050544276157,0.121308657953789,0.995297534345121,0.111025968456645,1.00917720455315,0.178389125025139,0.239361391012688,0.148785609061771,-0.491485560717921,0.154800951872648,-0.897352743848417,0.0183097476631513,1,-0.999999993653848,-0.192708107352015,0.262636156606561,0.68196339604569,0.0948061530520691,0.753957543709248,0.0965348656775601,0.622059448995371,0.105416894509332,0.566187377980952,0.123682025692828,0.743699622429094,0.125966302631269
0.982705993402754,0.123222429336571,0.96073305016007,0.126735436000358,0.831476959744151,0.175249790709087,0.372203850536765,0.144397956524729,-0.421988842684351,0.139660327163801,-0.886379825654204,0.0207738560525939,1,-0.758552122500306,0.10903857411691,0.222033647517789,0.629980710969083,0.111480546828074,0.639315452726626,0.0982950190778537,0.734624967659561,0.112311157790534,0.369183144003328,0.135726519850224,0.641415483680244,0.143763210386165
1.02404564113909,0.127516224754267,0.990241696118385,0.140883338265418,1.27983376390318,0.242202840122763,0.778428165596644,0.282211619197034,-0.998127571546387,0.24722791776696,-0.907408239436893,0.0161689301246976,1,-0.999999999988601,-0.369225532586904,0.241741392727012,0.877524497806479,0.0934360285475441,0.808796662884281,0.0975267348705008,0.569262463111616,0.119397527020994,0.799502856238882,0.118044011924377,0.401374716797918,0.15005786811379
1.16127880145252,0.124776709053218,0.994279232377875,0.116867194278136,1.29048208323306,0.229457781918664,0.461622996608265,0.189473166224134,-0.771826539016054,0.203056311459167,-0.89449947223821,0.0174591002485366,1,-0.99999999999847,0.0891876919273468,0.261661955068971,0.785421719261777,0.0947317845545698,0.765224690706434,0.092593551372661,0.524523034179367,0.116787525592522,0.576874092027826,0.111736387475077,0.807215299855866,0.124880349827584
0.917866531456796,0.134843865042625,1.12207735646523,0.1437589788275,1.30877900852606,0.240278693212577,0.83875579395298,0.349040253578992,-0.880897119992674,0.2179359965039,-0.922900941149804,0.0135068327647641,1,-0.840764300881405,-0.508696842032028,0.294442946401413,0.791122587700356,0.108586593874459,0.775312947870256,0.0968227100546006,0.810473184600398,0.10430294220962,0.754154287263262,0.12131917804366,0.761583521588724,0.143751795129675
0.820068032995245,0.110403475364763,1.06355116178037,0.121453612403837,0.88793513009937,0.176950130197081,0.491185272126945,0.249161165052415,-0.646377692650015,0.181040096211767,-0.8849563964607,0.0200172764399051,1,-0.978752923896978,-0.0864781304270493,0.225133992340229,0.656452902481235,0.103726223595654,0.682789118923751,0.098892699116934,0.40352117465609,0.119426597726724,0.507245374596807,0.134252322107371,0.494023150197105,0.149595591545979
0.943742240505637,0.11270240160646,0.853079385809473,0.140445420030676,0.970605601411108,0.167178370147236,1.03012750544467,0.326177569508482,-0.910634055496663,0.210039698538914,-0.889064566156853,0.0169945966958401,1,-0.910703487011502,-0.0255494952450643,0.265025323298449,0.537300052626508,0.100585828806366,0.639698022273391,0.0944660345490496,0.70642850789748,0.0992888880277571,0.666919527331292,0.108864209049618,0.620144738946772,0.127764349631563
1.0938739137859,0.14029698340897,1.09637154579894,0.128139447639575,1.34134711015577,0.257450235024437,0.628303242929217,0.282696248494759,-0.764638982253801,0.191883676822775,-0.920128845595595,0.014655798086555,1,-0.832915982185421,0.222841414830409,0.256365232454643,0.650476306760229,0.113207875210981,0.724418585876525,0.112980683351684,0.889325578727635,0.111767728328223,0.903089238125121,0.112189800717551,0.995193767277321,0.116631569123166
1.28013040319077,0.134867071934597,1.20405470520545,0.131164171276523,1.23481990106024,0.209149844568023,0.796751428695073,0.27058854926101,-0.853959907061425,0.177406723102266,-0.931545987762876,0.0102690543869546,1,-0.860942695570555,0.123545110348763,0.268311247757437,0.771683057407338,0.0981493577466273,0.854041609773141,0.0951954815931852,0.84681435390233,0.0929519199967331,0.672310062947486,0.116436866970359,0.874651625786211,0.121364616520335
1.02867854861373,0.123421268876202,0.950889212928404,0.131533033515716,1.0038193465519,0.200626883876683,0.648225169923397,0.279996841745179,-0.806660378641398,0.231867608042948,-0.910060840826492,0.016484367429003,1,-0.999999999983775,0.0241429966316494,0.249156685659461,0.61644611860789,0.108718195566465,0.721345898405444,0.099566854382823,0.74400081838428,0.0974753493942714,0.752871256417686,0.122772321682165,0.679884317286645,0.148003351404592
0.83408459157186,0.116046684068977,0.869713379263309,0.107999896627492,0.720225969215902,0.129017325871475,0.425135404013374,0.192310163698954,-0.503861999424128,0.141121240566215,-0.887059216240741,0.018154905581473,1,-0.910570509431483,-0.128378991743982,0.261103884351754,0.654790339169441,0.0955570952624082,0.357705796068788,0.105717105411944,0.590810496714703,0.0990883529179,0.637767863689528,0.111807362205718,0.569187248459336,0.13036402839881
1.07343794651696,0.11803952318544,1.01948305529983,0.139343359122751,1.07183901528936,0.187016138407558,0.884948695816584,0.327615269874233,-0.900765191051351,0.212908824384568,-0.909249951744974,0.0133840824793269,1,-0.924885067171497,0.0617104464692973,0.240893635863946,0.760029482854099,0.102981109038282,0.632116482340818,0.0975956288187271,0.722944432757632,0.0966137014984205,0.662089639581818,0.103959736647242,0.656027860766811,0.144508553767071
1.16183309767463,0.132254884715499,0.939869661848158,0.124252053743801,1.1917769122763,0.212485854556923,0.473924402382057,0.202826712802736,-0.709143908792188,0.185249688981188,-0.886834826659641,0.0187657364892381,1,-0.943587887602303,0.457896034013456,0.262082066705348,0.621112311338527,0.106514807999849,0.541022139128526,0.108404687956148,0.796257918119113,0.0968042558839473,0.742697692362788,0.105986553580405,0.745295388284292,0.115407063477828
0.977505724504544,0.115144443410927,0.927245538821735,0.11299273456492,0.898296946495098,0.168436675456471,0.494143673062733,0.226259570577688,-0.618201534041494,0.170453574536256,-0.882087111750666,0.0194681009204393,1,-0.927883596486254,-0.287155250183677,0.24639424458426,0.74248530789099,0.0995439810946727,0.615303580941081,0.102660525103274,0.806492208218358,0.0938844394394005,0.527421946839182,0.117913858970077,0.460732650167071,0.139351841102212
0.87353110241426,0.108329456122503,1.09142058863193,0.125769370819836,0.841530413575601,0.151082932779576,0.587030470665692,0.242158898466769,-0.649325099009091,0.158090100784066,-0.903156386408584,0.0162705945669909,1,-0.923840420730882,-0.370420205139858,0.236358212026145,0.755794173200371,0.0977947350632282,0.682559827435622,0.0936235108854022,0.744033837272926,0.0878914039507769,0.64559591293386,0.105299642761044,0.656916902522131,0.137269417631523
1.04275735322854,0.129631825726482,0.849290206135728,0.122181242308117,1.06518260204516,0.212779053313183,0.426577288806932,0.209594813954934,-0.483753569175971,0.173435481449643,-0.879004750466233,0.0212863756680019,1,-0.7176509850246,0.206453937115263,0.281990305538112,0.718545908392525,0.111042274070701,0.505735055172553,0.112280577952895,0.754825801888105,0.101983388165613,0.582344791475447,0.115423617856,0.757981330160614,0.129293508887453
0.817917736157924,0.106651649024939,0.805535655275289,0.103420383861808,0.97833605192152,0.165240133307511,0.252018585436311,0.126143031946075,-0.496546944289096,0.150410116089614,-0.890159395306149,0.0174065690009525,1,-0.999999999992359,-0.318377461367847,0.251650884840332,0.652725779467037,0.0972800530075597,0.597748249259986,0.0942320948065339,0.66862908272734,0.0952545336690746,0.717046361685475,0.104898358142584,0.684583336707714,0.135176366525982
1.00005471525059,0.135004411140774,0.798597913297828,0.115410488101522,0.970973335790467,0.183491775428641,0.379159809207193,0.218454717588477,-0.462262916241004,0.15122182762015,-0.876877424685013,0.0209024306406172,1,-0.761858390443377,-0.00733099623812258,0.263632004590353,0.550080090879519,0.115327013064471,0.530839295447264,0.102757277274223,0.64795672124328,0.0983584035193376,0.782324887571196,0.117895959190731,0.668499963561267,0.139746440367615
1.08142621444022,0.127285879443118,1.17403150861608,0.131438631131689,0.963712196855298,0.173662103567523,0.276270548338412,0.169309408368585,-0.378978246973005,0.165592568029779,-0.900516251581013,0.016863378446898,1,-0.734468729203751,0.0620324203781813,0.243520779935247,0.778235060494316,0.0947772809423257,0.634209348163038,0.100261337688104,0.760368987642308,0.103079795496473,0.69142713458573,0.11503595356745,0.77891729700697,0.126538591270908
1.16676284456092,0.131877312794321,1.12101340700294,0.146399721669613,1.43350723890423,0.260043888636245,0.823899619849947,0.336043537409603,-0.951760330865179,0.273872581850762,-0.916942155872037,0.0130723915582036,1,-0.875770885299509,-0.379011940481123,0.301182210493618,0.973497324219009,0.0947270372039503,0.763335135166053,0.0939972283054197,0.906697557774145,0.093540680853289,0.682686769060594,0.117176624605085,0.830183103953522,0.130903175888886
0.956754379337159,0.124725229329881,0.917526853320055,0.145830821060521,1.05262501734688,0.205547734386786,1.03282086977816,0.443181197771121,-0.859597478624216,0.249597570462552,-0.854875176057505,0.024100521772672,1,-0.824414813331349,-0.211427961665178,0.2539424351287,0.66203410919731,0.107034745213519,0.757529961963609,0.0950070776720375,0.656515275193461,0.109062633373991,0.743059662111054,0.123626903380444,0.548666714959996,0.155715761725866
1.03203253635289,0.112643832724339,1.01985953034361,0.13069235599685,0.967803580317642,0.176619889608347,0.573196994174198,0.212285475961968,-0.65235623416973,0.1680707522602,-0.897317843514473,0.0180052949763752,1,-0.875869196069356,-0.119991024898955,0.255119645930009,0.832328474938175,0.104218626552744,0.665411298283988,0.101276982554792,0.569841161867513,0.111178738062219,0.723587161368155,0.107104470828141,0.519244943110007,0.131906628540967
0.764828159183371,0.12263651236208,1.18192907199898,0.135321976867757,1.09760637242608,0.209219516059186,0.714551923150842,0.282900842874616,-0.823840856105893,0.194526170002672,-0.88590511185479,0.0200217915120875,1,-0.9302573705673,-0.322368490987881,0.262058059077421,0.834241745030701,0.0920874990901387,0.446326450127883,0.109093475629963,0.670386222410865,0.112330945858822,0.759033913800995,0.131654928860872,0.526565806671244,0.153104618188876
1.0596624150921,0.11416452822903,1.04560272371285,0.120768572016677,0.892737334732115,0.158984730268959,0.439026455983059,0.155975627904215,-0.626047368800529,0.144725854501175,-0.888992342689486,0.0178619783426685,1,-0.9999999997332,0.150767061373361,0.236073642836556,0.71858327903068,0.0975816403616851,0.633144300239187,0.0909396247216318,0.61101761007291,0.0986023969274587,0.808792554755432,0.105502629898725,0.794880607898463,0.125199665641925
0.892895127506541,0.110622261216786,1.00165398359807,0.134129215391777,1.00160291199387,0.183076632055982,0.784683382362547,0.287851261364615,-0.814818974820683,0.201796082294041,-0.900287586534115,0.0161663887949277,1,-0.919107091467924,-0.0646197413604042,0.243192600971493,0.708408747243545,0.100271360903723,0.614467048353138,0.102096279176928,0.584358957297315,0.111656598088855,0.449996757995491,0.124144473320208,0.654878111766132,0.119512888395074
1.0337119799096,0.13310602171576,0.948482303164039,0.129506686743704,1.06505831261524,0.208045656931174,0.398996337153655,0.253127183025702,-0.587187995708413,0.194401087969075,-0.91221503784596,0.0149157420493044,1,-0.900753629706979,0.132719214415706,0.263009443837181,0.726053726761576,0.107506646451987,0.5074967457861,0.10614336168964,0.684494907004713,0.108516571461054,0.764870919972218,0.119264421388148,0.647694729834916,0.123171573548242
1.0716279753969,0.114667149712319,0.896759992362042,0.136830707437036,1.09758483903133,0.188648332705971,1.03892973217098,0.357976115578904,-0.88289718143209,0.216413866870255,-0.921192030669904,0.0116986951659666,1,-0.826795288392482,-0.326498794884307,0.237496781457844,0.860252292753196,0.0944976576589033,0.796242036119735,0.0923882863847977,0.650494368041073,0.102472786457212,0.724439558922572,0.107881942314672,0.686795696102837,0.124267218747325
0.858035403609045,0.118493230763389,0.872360162523641,0.13220968278791,1.10178676812756,0.18227813129798,0.642348535600484,0.315090304071134,-0.613156133538817,0.185652695135528,-0.911362303151932,0.0145056163412416,1,-0.728847941557628,-0.291566844950553,0.280884324564674,0.63306110987627,0.104094444935296,0.683658244814284,0.0948304903519302,0.773169998528599,0.0921896247505671,0.74406325843189,0.111183089481734,0.705462093333932,0.13093356599335
1.05716991519909,0.129553228424141,1.07905540743792,0.14033910868185,1.13671923161463,0.230851959397208,0.747608197988303,0.300226568419795,-0.86437906261035,0.22201161294121,-0.905895733367368,0.0178768396034242,1,-0.937649674717039,0.353962095156933,0.24145326148461,0.528860097034881,0.118162980369833,0.828423246150047,0.102016825434905,0.669521668375529,0.117965096366075,0.860399597423548,0.119742222818019,0.570565021796607,0.158160514347329
1.08282471271354,0.123169341593108,1.03863301049861,0.126788905385576,1.12544257139696,0.182212028091572,0.753181758279043,0.288508980803138,-0.918170050500867,0.194535422006638,-0.888682498116257,0.0165898333169441,1,-0.997267248641839,-0.0725459411268737,0.245718739396648,0.64220842792772,0.0921091596384922,0.667302202665809,0.0934507581291121,0.803031757670307,0.0881873983171108,0.664039757184923,0.104680078185121,0.644286660736852,0.126324011550373
1.02197759570775,0.112364064959534,0.990787219490904,0.126984743881148,0.948348517191819,0.16060231877511,0.584856947787828,0.243715124708603,-0.726802375794049,0.165288084717346,-0.888937775336474,0.0166016172955549,1,-0.975904963386638,-0.33386632766697,0.24170236557501,0.864525743815309,0.086761764500849,0.728728463335319,0.0918651040326326,0.653309848457845,0.09510281190333,0.583543622601444,0.111120094970777,0.686420384553404,0.128260466184708
1.03453079381921,0.130488712792966,1.0946337805375,0.117110467608678,1.10194967000881,0.195819634194074,0.414659867360105,0.263099043246813,-0.675484093179013,0.198258721221754,-0.907062305069819,0.0143765578275058,1,-0.999282414180052,0.0468341177541216,0.286698793059953,0.712009897084276,0.102991802384864,0.677347650853969,0.103766852306832,0.794861253033374,0.099569513925795,0.624720638064324,0.113560978404114,0.8586280299811,0.121866939380712
0.939029100750989,0.110560916144599,0.87158952053067,0.107876633365179,1.06929488481315,0.190285729355372,0.391458266783539,0.191625723625059,-0.624037372573736,0.162995630361128,-0.902000436950302,0.0148887066078933,1,-0.964537507600941,-0.142151184656546,0.237971780892604,0.792566783348623,0.0909477574788692,0.618513478395408,0.0923617478577644,0.643393900230392,0.0999268711707363,0.726298432847738,0.116728250192663,0.718963623500075,0.128484882663329
1.14364307938519,0.122762925787181,0.894200672592897,0.131837225977113,1.08966687767945,0.190030432110286,0.904801781531483,0.324158503946506,-0.822728836846145,0.202198070056411,-0.916808985685031,0.0127466078848818,1,-0.828577472022862,-0.017573131456393,0.229422162846878,0.849752392495502,0.0930817304353225,0.591584458160909,0.0965570206686875,0.789445570463421,0.104966004601911,0.619361235938334,0.121286911025299,0.893509478281354,0.115816320070192
1.15104472053797,0.123751473336423,0.991310860496339,0.125931491014184,0.954332167042024,0.178644359638153,0.641539598984115,0.27615682762892,-0.666809763719393,0.181778262221152,-0.891250953941264,0.0193387264362106,1,-0.852197851375326,0.203189755447213,0.263803198633579,0.74591633013903,0.101175397001592,0.747406431221892,0.0980061740631275,0.726090327637755,0.108850986714378,0.629828557133734,0.115043547832907,0.44901356309999,0.165721522844868
1.04656618079668,0.115366254900734,1.02407491815973,0.107415855240424,1.01159818401363,0.167314556474175,0.235916016523941,0.139342064433775,-0.488520432745007,0.164537917338059,-0.907455822099653,0.0152875610858299,1,-0.999999998562806,0.0836322954773613,0.253314839154501,0.746044959005329,0.0974520051982565,0.706877480564613,0.0941761526797247,0.706125355674137,0.102177769340207,0.662314256911983,0.107749239881299,0.769641830986006,0.117055692762898
1.02990095430931,0.122193740047489,0.805902463972844,0.112828508064268,0.765162298464971,0.14241127481245,0.335433317046561,0.179272414011391,-0.409138761981029,0.132404719469119,-0.899871385515208,0.0177486233476736,1,-0.807589654262135,-0.0466348334983747,0.239136978013844,0.706399696291109,0.100585334163226,0.793814517141114,0.0992510714768124,0.690365847165987,0.0987772544975599,0.475797123225212,0.136234111000839,0.528261764733386,0.153552673716498
0.897197721154482,0.118841267988235,1.1982938675247,0.151883715086314,0.951381162467434,0.184053520871833,0.839978504559751,0.287996352579114,-0.805448649464152,0.204964482962136,-0.921519064154026,0.0141471584272123,1,-0.901003540233954,-0.21977174993566,0.249904018262222,0.672540232798602,0.111387315989478,0.732474072895831,0.0977690886978816,0.822657913011684,0.101343154458598,0.796079681798179,0.106877536198928,0.750267308680398,0.154404986643431
0.905156039003379,0.116099909009659,0.957910901054145,0.112035467860127,0.982159762746113,0.170538042872668,0.616558859794543,0.213296870724207,-0.778176910126747,0.180437727175633,-0.864683505362672,0.0211285603294309,1,-0.99999999999966,-0.142397563111152,0.239543061573715,0.689806228197477,0.0989678388878034,0.58218925301315,0.0911929193026364,0.607798509379653,0.0925667522124772,0.614158270436324,0.109294334661627,0.623826826426837,0.135811071935634
1.10872451266592,0.125355464479484,0.865256352010552,0.123323655460147,0.777382474447487,0.14455793481353,0.737205988434345,0.322587068475033,-0.55648815572249,0.17273478270112,-0.868551641064239,0.0201622337005511,1,-0.735096111260856,0.206879991072222,0.268745230376866,0.516614396297526,0.110503553830964,0.707021696271146,0.0966940626196827,0.65356103004826,0.101415455286107,0.688685945388589,0.115252401678914,0.698673999036729,0.114440154614744
0.961655315374553,0.122655186838265,0.873296426760074,0.122497071678728,0.952999260547677,0.187680554469091,0.646474010068511,0.250282959010272,-0.597675367900001,0.180348857357138,-0.883077511739263,0.0208450429121527,1,-0.761453769269006,0.230113662902965,0.29080613329118,0.604360385752786,0.11235250096985,0.44686329128057,0.116078705890145,0.658041053498255,0.114090208369505,0.544932444327214,0.117507806062734,0.830657845396991,0.122565555881712
1.01944375428614,0.110605215358375,1.08276777642501,0.110460098691897,1.08151433997024,0.180792673726812,0.430193902627959,0.202328352539739,-0.682100340313369,0.182755447490164,-0.877456165727025,0.0203848487951286,1,-0.999999999565526,-0.0781533252739509,0.208152637879092,0.728942758090089,0.0849134857500791,0.667179943007829,0.0871212363929404,0.825822539661843,0.0940856379399108,0.645502644525336,0.120511870034385,0.660316581176667,0.142178487406862
1.24629546404936,0.164291171740209,1.40009930445468,0.178833339093806,1.50445638815665,0.310136889786903,1.37092951226772,0.581998359264034,-1.1222185023042,0.337156091127141,-0.933076215001424,0.0125254207165374,1,-0.781411971616787,-0.0655376584214202,0.337117079966997,1.02341525268543,0.0989862175722895,0.945603796871724,0.113714485043559,0.75957313194698,0.124091946745169,0.833360053310416,0.132243152631934,1.04250923183061,0.138334322306112
1.13154095601894,0.114497260054395,0.937722675098849,0.115017576461073,0.928741330087674,0.154155225627929,0.445117586760797,0.201274009763014,-0.629054107840482,0.149164943962384,-0.89858545273763,0.0157350940572819,1,-0.978370252738296,0.438630512615857,0.237582492728238,0.701807660882385,0.0893408419177569,0.75867268408197,0.0879101186620697,0.688610060003625,0.09722767204669,0.825557145527974,0.117595273414561,0.609908632417147,0.142648557613298
1.13937856183083,0.129337849554892,1.0544823538637,0.128026437737272,1.0420327570382,0.194350740994073,0.419616029723545,0.228905233843209,-0.609235172764539,0.179372146181346,-0.92057765425093,0.0136327192378556,1,-0.921336438007075,-0.242216136050239,0.238498309837447,0.845385785969204,0.0940977822691095,0.708547244150122,0.10046662131518,0.690930364466768,0.10314180763543,0.496105093380153,0.128925411759984,0.922813977842391,0.116939345501583
0.978069359972055,0.0948859961866322,0.805329801364678,0.107078508823661,0.534276188651003,0.087358995896395,0.373027545126854,0.156629391822996,-0.395678775098815,0.0940352304032012,-0.876865819005505,0.0189706746423992,1,-0.886317641857822,0.146436038863795,0.217778113805035,0.598286914813058,0.0970387936260908,0.457137663387583,0.0951273174086893,0.59920444984107,0.0942855661314048,0.487557410472984,0.108106357746657,0.573660537859241,0.122434768687704
0.955256721905312,0.105460954205689,0.767119444475276,0.110213036921152,0.760904605352853,0.134492321572125,0.2668978359556,0.143014057707697,-0.450648191317165,0.145095519893919,-0.89247590631965,0.0164947575522556,1,-0.999999999507854,-0.233245967240414,0.236198997099216,0.509976517194118,0.104585498487113,0.729873423061202,0.0893099732940883,0.626935200350076,0.0964875662466143,0.547092573756796,0.117433372454915,0.370661936651899,0.124951908126295
0.814759285699531,0.108749682961716,0.852683590470062,0.114036465750453,0.921145361203219,0.156927738604991,0.500981123153288,0.237710362529756,-0.560593873825782,0.153574106591723,-0.84411040050339,0.0231003531554034,1,-0.825227290451389,-0.125373158601769,0.267826207854126,0.61445897419112,0.0947282085794298,0.515088662013243,0.0974289692539336,0.610751200209338,0.102007576017438,0.62083995528027,0.114088698095387,0.856619744125909,0.116312427514838
1.04439015128489,0.142905909125962,1.12849351444018,0.135916561458142,1.62332453730736,0.309953851501314,1.00141880304653,0.42033163165916,-1.14541984976119,0.298999242666582,-0.899120625771007,0.0179687095048435,1,-0.898367759393461,0.0444957179353501,0.278433899567084,0.944582402348463,0.0967455421646213,0.789619631619549,0.10322811934736,0.86425866468798,0.106434740105804,0.690587935676924,0.144521946939352,1.00753658876078,0.142533691106905
1.0523905465162,0.126681787930965,0.866572530090809,0.123337404019114,1.1235855075389,0.213511065426231,0.59511402978926,0.260673840373349,-0.780101355407164,0.203992419282282,-0.898414431669605,0.0170263314521563,1,-0.953998899282203,-0.117193086680117,0.240348989087453,0.614083289469318,0.104232664058291,0.71571950455053,0.101065296099877,0.7274279975801,0.101078420470508,0.827569922476974,0.114045346679565,0.348027440552099,0.157705002881269
1.02995819092481,0.121835729868962,1.21296183968851,0.133911015484138,0.98316801670836,0.180076192181782,0.756590756841301,0.328410584440217,-0.681287967192748,0.196656445972229,-0.897571457668939,0.0159335364081266,1,-0.789925860343449,0.404593347462918,0.249747129895709,0.766624236795724,0.0901258307107097,0.702831141194323,0.0938948810565392,0.774676489176047,0.100833536206889,0.810594271669217,0.117944143644871,0.468233233793258,0.171715932283392
1.067075809888,0.120523609126681,0.946575933874215,0.131276998152087,0.911499624216626,0.169591506873021,0.808803700564033,0.280674470680168,-0.819223488027347,0.190375454846608,-0.890809831400161,0.0176669693937142,1,-0.954119086528593,0.243403110975935,0.222856515132035,0.571531227292415,0.109260579471208,0.82344356307675,0.0936294882094869,0.718588231611664,0.109729648799115,0.49370266715019,0.136295472481741,0.594630686421957,0.142770287431463
0.872702741247858,0.121104174582908,0.881856946831613,0.112237119318444,0.984741885105412,0.18398428958902,0.447939076483093,0.200787910793506,-0.664156886973817,0.191350288997529,-0.910355547022247,0.0148857648418363,1,-0.999999999916588,-0.435150810979939,0.308512807100543,0.684150355507055,0.105888366061291,0.667321441831723,0.101239620739162,0.592798513540653,0.0939895746252539,0.707292673706484,0.11046761250756,0.706269601195322,0.121167042397956
1.04738378325332,0.109637165481892,0.834503810899323,0.108633223875953,0.7372916672986,0.133317485217363,0.409655716451896,0.188405600297571,-0.485034407131018,0.131715374429041,-0.872130108238729,0.0207572755693719,1,-0.882558241631612,0.116059215586416,0.196764028257939,0.579024435218015,0.09392140394924,0.66939994144944,0.0950844554400987,0.682085746459585,0.10005265602169,0.629815356985817,0.11270904177756,0.676489869508804,0.130026414696643
0.895252651278322,0.12489345299301,1.04823248862365,0.125505460084429,1.25057308305426,0.226319893695494,0.577651464512547,0.256692788982496,-0.779160797985837,0.20597441105779,-0.884748016470653,0.0193864224839763,1,-0.916726141481323,0.242919718788459,0.269827317583347,0.598599720631233,0.109867435653107,0.652089018276537,0.0944803670211083,0.710377963966917,0.102936289975602,0.542855585889569,0.121825912632019,0.801021788706568,0.137540491510713
1.0333683295728,0.117962762388591,1.15958498378129,0.131343690282451,1.08123883265399,0.194180200795696,0.640891353689857,0.280748758456385,-0.654160625616373,0.20903930678804,-0.899256009881561,0.0170437259341784,1,-0.785835015482563,-0.0224322508403149,0.291610749923349,0.822114347820678,0.0991315055306436,0.814142778394074,0.101682910006612,0.662349552710746,0.103315619093522,0.740897449253585,0.110698318442712,0.662761388092776,0.136339202470689
0.931240633021561,0.120042368225605,0.908135419862941,0.116239521807797,0.869535143187615,0.183551388214698,0.308470942956465,0.165799906423737,-0.48164112317263,0.142153500126227,-0.878660792804855,0.0216929264364637,1,-0.929978397386252,0.0658647469116721,0.247352935025101,0.525825281148471,0.116784252425482,0.607468874795127,0.105126424602537,0.665454642992722,0.115488176272563,0.546463993763219,0.13165622678745,0.488858850935704,0.151592092770247
1.15440009793537,0.148162420018868,1.07514650616441,0.147337459493329,1.38753752314767,0.262352073585964,0.85168008916262,0.341208312190324,-0.84471118706415,0.254854880484263,-0.927301930135993,0.0122678505298585,2,-0.777047612562268,0.0169002781281801,0.30141989505338,0.818969886906386,0.107416481133889,0.8783590684432,0.0942196671967361,0.767414605186938,0.11683990221533,0.770183928511669,0.117827182963144,0.852508005252074,0.13994744966043
1.00607954666243,0.116926252619788,1.01337567987447,0.130454787977132,1.02378244206549,0.174355175281721,0.456448412008222,0.217978839347966,-0.601476093169509,0.185056447500076,-0.872816311475361,0.0207915692902399,1,-0.879870346592148,0.306371166159131,0.249829698373449,0.58397435778256,0.104166600884434,0.63125521481187,0.100547851661161,0.741429993231624,0.0945497813843356,0.639378122741332,0.118362072988585,0.664191895124147,0.120938609591224
1.13517957298774,0.132394741410793,0.990243316726881,0.1427853635419,1.34772821173725,0.261838467784741,1.16424816588316,0.451307779194596,-1.0792330773197,0.285042686026472,-0.913611186576476,0.0138461453887351,1,-0.861571464508643,0.0405365471012772,0.251199540156263,0.710819691081143,0.104042607982963,0.863705987351738,0.0878184923501247,0.679915056964098,0.112322223063656,0.946441585832724,0.105007397311032,0.750499563023983,0.139504200601807
0.854265536793717,0.103475562394721,1.00024445837405,0.122492585547477,0.811454205343706,0.148546495543509,0.691894842536378,0.25051342922801,-0.74929365375255,0.182159602965039,-0.870913475539752,0.0217503859331912,1,-0.999999999930607,0.23780080717705,0.225361262004584,0.595962592318003,0.103305328699826,0.520550557140719,0.101867907222025,0.650203356203689,0.0960888568622572,0.678054022587362,0.102645098437902,0.651485954831915,0.140278346700073
0.914745703915112,0.111919312909626,0.919000017531578,0.103490398823533,0.966711955862434,0.165585152093336,0.386269842610111,0.168367987991011,-0.611074197652456,0.166370862841162,-0.897015389832564,0.0160847255920212,1,-0.999999999995044,-0.202612752224087,0.25234278149161,0.561770985819287,0.0931302790558933,0.881793200172951,0.080999536217832,0.621807988332756,0.0997169281208952,0.56905631531331,0.120339516767823,0.52436621894637,0.140541909969988
1.15350358915925,0.133440106262553,1.24639795011499,0.153600015765028,1.05338373851968,0.221549484275217,1.25880699078794,0.460980767056475,-0.889465214519813,0.237501031075045,-0.921835727351385,0.0151200637518489,1,-0.772424588771418,-0.192957368051495,0.25657904402294,0.903701708876112,0.101844981369745,0.853446630646408,0.0993991099573382,0.684684297354946,0.112232883623583,0.881858133478327,0.124190713424418,0.975389973549438,0.148564143772174
0.821673511933576,0.104692072175008,1.11037474752165,0.114304880037944,0.745023672892449,0.134414118286725,0.269001864375462,0.116899692879274,-0.447674834007644,0.119733683513834,-0.887536562510857,0.0193757450425961,1,-0.999999999979662,-0.235078414489899,0.245207022351319,0.509438683647703,0.103866335536573,0.617218516612055,0.0964626828009196,0.760795544160873,0.0867004039236964,0.700195305606606,0.121054553407152,0.597076575634695,0.152035106320718
1.0702149292228,0.118372916025969,1.08582881441223,0.122956262490324,0.99063571311291,0.162659700844521,0.589565212897055,0.229397270919535,-0.666984243161498,0.178855285503034,-0.876081251751425,0.0170914488310061,1,-0.872755629660108,0.310055549597875,0.280625325665388,0.695293672792147,0.0953976571822722,0.777996617116304,0.0853763370364026,0.569021674080614,0.102427636323056,0.707195701846124,0.107214260008208,0.468204907149431,0.138100024899528
1.01793724193111,0.120124988189328,0.976479997647912,0.115940235125886,1.17636505846535,0.218202257532344,0.53774415171361,0.266359922118812,-0.623589514648517,0.200279109850999,-0.911095927432521,0.014647852251192,1,-0.784043029503397,0.212769376317623,0.253973886087076,0.587458600771503,0.107733227216861,0.707927319064817,0.0996545911217204,0.743778179802659,0.102306669379507,0.621283445473634,0.119481390015267,0.802502964226641,0.122804729300368
0.950326183617568,0.122284489510217,1.05053044220576,0.121789458865037,0.840428409129438,0.148971855385529,0.391387036817247,0.195619248421162,-0.406033474931771,0.136481961555141,-0.900757285412505,0.0168415369687476,1,-0.707959247650048,-0.00491168621713419,0.271558796921157,0.684166421597815,0.0986974494853071,0.65309634850654,0.0926470320670051,0.724194333097862,0.101597609370373,0.605694730502874,0.114931872170056,0.79935652894165,0.122725702884023
0.989814486759173,0.139870904007062,1.13671982669231,0.142672022435397,1.75763933412314,0.346451929260071,1.14745069310308,0.383336978465127,-1.40215201607082,0.331556375035015,-0.911931859230735,0.0164746600866216,1,-0.987331977128388,-0.00557594748657139,0.253671691941129,0.710675167546836,0.108826922728389,0.683040837875944,0.107313847286072,0.780825750372339,0.107813371611943,0.719460248420452,0.120361341215741,0.777940126213685,0.139017976779223
0.933599869235648,0.115654542353191,1.13615139303607,0.124368904760495,0.991532991250237,0.177812712646777,0.567836486386923,0.26411481053811,-0.715215205445717,0.197382698910622,-0.89748199720181,0.0158124827560363,1,-0.953172506733867,0.270747606516228,0.242226122707516,0.54761909432926,0.0974705007809207,0.691767591910671,0.0944071562422031,0.719320824079961,0.105817076680817,0.680350366948601,0.110439020172136,0.657597677198123,0.121141861493683
0.922863828327211,0.129162969839425,1.0273982046297,0.132363348126461,1.04553623701051,0.200132536125617,0.584389277162657,0.294391436828338,-0.733993043808275,0.207402441212819,-0.883562105024408,0.0204019842031425,1,-0.93901229768646,-0.0428452767545754,0.288501575485202,0.74141190074377,0.10090237131212,0.668306028807635,0.102788816545051,0.641714908445484,0.112657324686847,0.710902175449265,0.111913377360415,0.619026807405358,0.128059582685887
1.06477532506164,0.107527308018729,1.07936677885952,0.123869575996462,0.935426274510668,0.16322483372815,0.763639470412394,0.275954514045606,-0.845179520900837,0.200129985368357,-0.884990591713672,0.0178234564796667,1,-0.9999999983712,0.191978578665418,0.256817675284302,0.661154085630988,0.102309216356094,0.734131333580659,0.091610644904023,0.564850114188363,0.0948090403132201,0.794678404594631,0.0912847380466045,0.634791587827515,0.142063272316032
1.2392648054165,0.139923168026924,0.996243743283915,0.136562924505003,0.99250010924647,0.197868934835642,0.740128682026548,0.337243571912981,-0.780822567301469,0.224864320276576,-0.906216027810907,0.0170209959644139,1,-0.911031635047232,0.631972387430957,0.264161759635204,0.711614278706638,0.109677375044567,0.554874387167979,0.11588644432797,0.852680845012833,0.105352872461776,0.704193898937128,0.127403513526702,0.530232379316506,0.14000194795069
0.887388459111244,0.105722085805685,1.04406437424283,0.116674676826276,0.878870721004023,0.147942492157879,0.412936206002381,0.23415530561726,-0.509445418430931,0.146878983037439,-0.895982071116013,0.015500990903521,1,-0.845655895730271,0.141626344882545,0.255482107736952,0.513489840182951,0.104337471889327,0.726473998146259,0.0924277286933007,0.822712988691888,0.0935835968618214,0.756107213598162,0.105925041593531,0.771474698808975,0.119741984816292
0.867344268692608,0.101508296894579,0.968215951184823,0.115757645037537,0.667483874204112,0.123607590478465,0.258751383093841,0.13025244391258,-0.41558678472005,0.122213122972016,-0.869863088601075,0.0208672581987084,1,-0.999999999973366,0.20435678076731,0.234876036051944,0.548796097066512,0.102350190196917,0.658182251324571,0.0944625092518147,0.3768784900166,0.112237304772936,0.453924182579112,0.129629577982419,0.704889816999728,0.12328433624323
0.918575710982013,0.118604637258821,0.979078697480702,0.110231635317157,1.02032020030312,0.180701486765785,0.46406451924544,0.196896744815992,-0.668660922843656,0.173788030897972,-0.88399049571652,0.0187504795817957,1,-0.971736505724815,0.15320270743975,0.244939964267151,0.635167819816396,0.089960373138524,0.541484219261631,0.100111942688186,0.667576772749286,0.104037542700487,0.685537973699838,0.116273818958516,0.717696927825659,0.118094932884221
0.99764318222532,0.117899697417773,0.956360683775518,0.112926139871724,1.07375921329633,0.19211223679703,0.620599372150513,0.222015406356257,-0.816317520094047,0.201258953112826,-0.901397931846511,0.016201984295609,1,-0.999999999999973,-0.124290675251083,0.272988956032813,0.734328254341519,0.100821093195839,0.719683863653396,0.0927958648405804,0.691575103864507,0.0933635478247524,0.689704632990665,0.119108474858875,0.717242468296023,0.14117118195886
0.967365362788435,0.128967089311975,0.858527754099357,0.12318383820136,1.10496920659152,0.207131194919899,0.777292307613355,0.30674896571502,-0.79107415000412,0.207542763851262,-0.874219921396307,0.0209596218388096,1,-0.853591183562335,-0.0903915156659985,0.258408995671736,0.621707004124552,0.1092918649928,0.571094368014372,0.101766061695862,0.840860312704773,0.0988679552926575,0.673562090389386,0.120684998142976,0.71102159458167,0.130515854712863
0.961318365663492,0.105693207094537,1.01678946188465,0.10920108591774,0.813115443472644,0.139258051069709,0.489751823981754,0.174916779070559,-0.631050530047483,0.143679043710944,-0.892831293255774,0.0154138980263063,1,-0.999999999905517,0.29854548170759,0.232029787615512,0.505261728337538,0.0993323979267387,0.539566640495637,0.0933210082845143,0.69927555981524,0.0880007146313523,0.713911299628364,0.104727449843139,0.61565570421814,0.126491618201309
1.00914770881761,0.123298393991519,0.988001813464762,0.123277092034356,1.06650509736865,0.193291719953156,0.59892931070308,0.256709559388038,-0.648500461125498,0.188448175987007,-0.900610382506008,0.0151417462486095,1,-0.811411274344228,-0.0447095677421284,0.269820108359857,0.701312484225736,0.100787303500904,0.653936572520426,0.099676102006194,0.74361355461592,0.103769267737756,0.756801441818974,0.116701678859785,0.645764063163496,0.135505953091267
0.901891887763356,0.130706302535591,1.04208339177234,0.140742310598501,1.12467843259277,0.202371985402479,0.548464042094238,0.313623266595892,-0.458670598351355,0.199005710957441,-0.922473912514467,0.0129511733082373,1,-0.58399971939105,-0.0620113089403929,0.278084984928113,0.67532692703618,0.102818121830329,0.729259402603125,0.107444928010239,0.768132902508232,0.101209332931862,0.805414185207391,0.0982491875714219,0.842718575198199,0.121537055919141
0.970221283219984,0.103784978566407,1.09232805196896,0.103613525037017,0.712745615339006,0.111018570208887,0.202760699701968,0.145779999329106,-0.380153408630109,0.0922985394715039,-0.88701821969587,0.0156651654928359,1,-0.999999357920271,0.106511348164868,0.272043814794566,0.637002348674011,0.0962285964847818,0.653995858253193,0.0861492100579858,0.711254830194544,0.0872070060018101,0.60725943420779,0.107810293619764,0.728614522633735,0.1186084833865
0.860673902529191,0.111421083835756,1.07965247852153,0.125313960444018,0.902227661149673,0.166967562302066,0.564666232379554,0.239291439218826,-0.575618920237334,0.164300296966062,-0.912099561171262,0.0150170002841826,1,-0.806456753037561,0.137879625391405,0.268946914243873,0.549028162875506,0.108426776917168,0.726993801074163,0.0975025363588126,0.652398660950124,0.111086744971705,0.745938035348944,0.112154745003537,0.500161712812734,0.143479452089118
1.16114203586225,0.133021652824358,0.878551086151165,0.120648146584044,1.30665625944261,0.223429943012686,0.645667844299849,0.27403220938314,-0.897469833331179,0.232758043059534,-0.897798695370353,0.0162006591641158,1,-0.977090079491482,0.210150619704363,0.284633895256235,0.719143895974045,0.101954709735624,0.71440699361489,0.0978977031667074,0.623573538000556,0.0987489838597229,0.546163199701664,0.108579774647784,0.847964358091125,0.112399943932959
0.864010685033606,0.112154262068478,0.964797881093096,0.141490547505516,0.925403516759901,0.169663664130314,1.0316155291884,0.358592824378376,-0.939182992109125,0.213974076437819,-0.879338096844548,0.0191537046319931,1,-0.961226445915706,-0.244962918547227,0.227276582676394,0.674215311419222,0.0990063678412231,0.590234936350874,0.102804282934867,0.623292914599977,0.110444082152652,0.835080431361749,0.103308119549471,0.389632083199022,0.151330887604559
1.0070795886635,0.114978989074887,0.903920625085827,0.120556201233852,0.99221538845665,0.186694011418257,0.682975362965844,0.269364094190603,-0.723753319149437,0.180643252491565,-0.892713453339262,0.0172774848928395,1,-0.879194718363562,0.0754260727470863,0.236058107732647,0.702355345516867,0.0938004522994565,0.641466834404094,0.0989124330950363,0.591219045503388,0.0974785068102989,0.5532119303967,0.119723766479683,0.40227574287969,0.148021780224035
1.08172997812703,0.128992826723308,0.900767039315111,0.130738392229751,0.973834723844858,0.178512941644109,0.807244867106734,0.31222343726686,-0.639380429162136,0.189834818020328,-0.917739936340925,0.0133803547915946,1,-0.721130832677718,-0.511218749553877,0.293512987949442,0.79559483589582,0.10001171188682,0.818421521589272,0.0853842525993283,0.697663075930251,0.104294201927887,0.987981084690195,0.10546606954338,0.651399741878536,0.134862980446386
0.995316334289934,0.112756949305317,1.09773337051462,0.124139576111868,0.988887862853522,0.164055736020612,0.437927470277029,0.207330658662743,-0.65148742521233,0.163730848730895,-0.885007475824473,0.0175182094178148,1,-0.98999139564224,0.126218394935337,0.26028730643386,0.753661914361193,0.0920266625800923,0.660595624125937,0.092984788188657,0.675702820562014,0.0976624275610239,0.610924410825636,0.11440352412449,0.386002736220847,0.134329003548727
0.869445615471277,0.106487965251791,0.95213906834147,0.107309332402321,1.00093620783004,0.173043416318848,0.380734944385228,0.150243647021187,-0.617326000927029,0.1530818757024,-0.913445331964451,0.0138984842001662,1,-0.999999999998988,-0.252210283495875,0.223662857268621,0.669546418720181,0.102436116418313,0.774125611057588,0.0895301164544406,0.495292208317755,0.109952323204266,0.86261944302139,0.101197338118127,0.810836592471345,0.111635091520705
1.11934273997543,0.119743116133245,0.993938796591335,0.120790340724954,0.881787453411628,0.156234127522662,0.669771202605267,0.26226504439125,-0.659491160446484,0.17301314746226,-0.899924987305741,0.016172276779721,1,-0.858151144191503,0.687381997943496,0.267237908562937,0.675494464914531,0.104177741923661,0.544279795078797,0.0993483216664149,0.766086323147688,0.0965458579336857,0.617970957011512,0.114002257422103,0.77246131391475,0.127373717425483
0.753855937014387,0.100534963356998,0.941731290321435,0.11555089201252,0.730182627582385,0.130172649692136,0.441517187587216,0.214726270305736,-0.536609148746655,0.14240454706731,-0.869173934806759,0.0200943779365623,1,-0.945079879841142,-0.0461494313840079,0.222727555668652,0.565324149283487,0.106794577005734,0.556802624565401,0.100918762426262,0.659147834608193,0.0962623986415434,0.540479150071581,0.117201602145131,0.681167884485275,0.135592237711617
0.912405275272717,0.120105775969134,0.882818808663378,0.124910452714177,0.862424288939312,0.169370996897586,0.852017262947469,0.296338717839441,-0.715707957968235,0.18474870575112,-0.894858852557629,0.0188303121080311,1,-0.834932102019956,-0.38940037212505,0.242493999135051,0.67898309477178,0.10969773846834,0.545843214509996,0.112509669641934,0.667107232746937,0.106550810654527,0.792213470650482,0.107991477231739,0.730478564664522,0.135531277604913
1.18752722160855,0.1258484007918,0.882254005295729,0.111796647637736,0.925918824590683,0.163027940140937,0.358655232201357,0.187034385904957,-0.49203689601412,0.15313438719641,-0.899061874300525,0.0164517393480181,1,-0.853832394228119,0.3642313397587,0.276791196328999,0.610568807123316,0.112358564898906,0.623546950909295,0.105135259233946,0.729659108185582,0.0903919064611893,0.846010377943881,0.102096775911117,0.767106342010626,0.120183331147622
1.21626587501763,0.127580638847642,1.13800002830384,0.13303923130289,1.2045406701775,0.211225712588682,1.01560683364048,0.340549911220811,-1.059078685867,0.232266943748592,-0.902590291461515,0.0162158273206009,1,-0.957535064516302,-0.103756787798159,0.250066401693027,0.798901252097639,0.102258586347958,0.863187292453394,0.0892561657697279,0.802652554581779,0.105106234932047,0.722512283887252,0.118378416132796,0.768911827784648,0.128561965962516
0.957017862419739,0.102114541136921,0.956694468122089,0.1215567384974,0.792568908272042,0.134851271802963,0.613392086958448,0.271114423366093,-0.681225672493,0.166810007672954,-0.883997218645576,0.0174900262856204,1,-0.977019892206281,-0.334242095136276,0.2240934985229,0.715532180233452,0.095077766432121,0.819946262160936,0.0859225112879399,0.643180194675548,0.0935504844350065,0.517479835447267,0.117385360306632,0.627635088451967,0.127092492442343
0.9841089217892,0.106431868422536,0.862796279282596,0.118174311415596,0.743771957955676,0.128834412732375,0.661793370937652,0.258973954638024,-0.616363080803245,0.143243531043843,-0.900375958883516,0.0165085289524384,1,-0.878527804011976,0.491478329246798,0.250369070259779,0.625486198167385,0.0956256186944354,0.648880027848298,0.100564754376212,0.656688459186545,0.0954620246873798,0.582439732608182,0.113177970478969,0.510896614722889,0.139995796996473
0.917739276924996,0.109182552194854,1.03645810336697,0.126500197852099,0.802296258788106,0.135840064518314,0.825743540867814,0.305694551582997,-0.717011019784726,0.170432751794679,-0.91256628885477,0.014005076776499,1,-0.880918750836943,-0.234911886230959,0.230093692448434,0.670373583445938,0.0983878795395313,0.804073942588009,0.0912470172396262,0.615872115268171,0.100997634919442,0.690463781732978,0.109789301184282,0.699991435712965,0.136652842780617
1.07566059306002,0.110825375312385,1.0874011134826,0.113958250002515,0.932146026234474,0.159563528428772,0.355488454720633,0.192765344412438,-0.521208043601893,0.153939648811957,-0.899571389119869,0.0152904828947344,1,-0.905433133022391,0.23738397513577,0.241559661040703,0.682606863951522,0.0953224306287648,0.759269995248695,0.0853729741173493,0.604810511929988,0.100525727497912,0.667828801261047,0.11447009716688,0.591636555203239,0.139474998444605
0.875001290225915,0.10869458977408,0.974481400265043,0.115019362840594,0.994121975545999,0.189402011947888,0.381937468474324,0.167009593403561,-0.616191877075667,0.164075683952153,-0.847305460483837,0.0272221082658513,1,-0.99999999826083,0.0805972221373187,0.217135026820415,0.592633671642622,0.0998784860525635,0.551877628631259,0.0987368081261615,0.689047127376005,0.0979443257592159,0.6807042209027,0.112194270261907,0.567088887854006,0.150455659507195
1.12529269189007,0.141995216388558,1.01310681918024,0.122273888566632,1.26759921568352,0.241300219998745,0.492872774005147,0.283050304249432,-0.749588485276616,0.23243891413229,-0.91097613056836,0.0155683478323582,1,-0.948340965817496,-0.0958216374258855,0.310168519432028,0.673794847089732,0.109682838235205,0.735732120319746,0.107361474915545,0.611569225827134,0.112780119709265,0.788185066210202,0.117269017142821,0.728349123604953,0.130091575742539
1.10054606934584,0.110623296771475,0.789593709344924,0.121187710390533,0.826638086965209,0.133436448252624,0.526270543387313,0.196290280523375,-0.480278057208139,0.139642379122396,-0.893584677076204,0.0157539986133792,1,-0.728166187298475,0.181960649856375,0.253170711122763,0.655155687704265,0.0978802909599337,0.747844087957118,0.0869711630840025,0.796699517006486,0.0928581469444735,0.690450068493908,0.100997274777736,0.643778308756607,0.126642076619672
0.931983449274658,0.114133328757901,0.900737417917888,0.124825438007584,0.865235644671137,0.155455871152169,0.718553417346435,0.278919190193981,-0.681308155565167,0.17259001663652,-0.877933731757882,0.0196278591266883,1,-0.864065881276256,0.303534843414127,0.2613136471587,0.526228648694856,0.102866221435372,0.692001484813493,0.0853117648410592,0.584729160362488,0.104104299342685,0.604264987607311,0.12024374379705,0.697820175745974,0.125998828632101
1.19735871738951,0.140817330676829,1.16551489370573,0.150642341042286,1.37428535668504,0.252153476590842,0.789855734469227,0.329225449438984,-0.57000899928823,0.191391360787094,-0.927404214560211,0.0131664121850484,1,-0.547103338714602,-0.194854629589079,0.293639816165115,0.862254584809715,0.101566290189406,0.980490548861541,0.0920748391284869,0.727398546567393,0.119609585919191,1.04134731846868,0.109850885175913,0.932743745961629,0.141074971538853
1.19951437654302,0.13852696785666,0.951400674691683,0.120562569954286,1.28338343787563,0.243077476956329,0.578431048395461,0.213889862460601,-0.861596673269866,0.208651687592729,-0.927581105422487,0.0130830334855472,1,-0.99999999995011,-0.213239254824587,0.258879811101902,0.738771764542765,0.102129456388472,0.775295464191524,0.0978764207032826,0.819734323487323,0.104349817421049,0.851321242961148,0.111321265489675,0.805635378164025,0.135982845881918
0.843345513417445,0.106858979500406,0.792062274237194,0.111414135587416,0.838874975624265,0.144273275109886,0.618203802284718,0.270149787002674,-0.71818946773055,0.169720672727221,-0.849891043712324,0.0228379745175069,1,-0.997297146337737,-0.230896210546953,0.245209943074485,0.440496461817647,0.10859971713722,0.663415533466531,0.0885501726816587,0.614543097455756,0.0885355314424408,0.482121061413529,0.105050232793733,0.566458740735564,0.115852297415784
0.823184020937292,0.123734434964208,1.13242274973008,0.146746951649666,1.26632945490501,0.259431154840805,0.924046048849578,0.387627449705781,-1.02450816525942,0.273083391001001,-0.912473522719684,0.0168504647554612,1,-0.94709874801737,-0.0170256812199658,0.25316243727886,0.782878942778989,0.10983734130579,0.805802370704508,0.0956371490448186,0.672638368943698,0.123188813456534,0.653359170092733,0.141191498678606,0.468087378198084,0.15778734773258
0.919568432922964,0.133612533468565,1.07767780127021,0.140270129312277,1.31013469612481,0.245859180589944,0.80248978476436,0.321913014865235,-0.884887730157884,0.247843821828947,-0.915371527879819,0.0140588814463376,1,-0.862999298607901,-0.374448789345963,0.300802224814052,0.702642846994928,0.104251949484611,0.844968753032746,0.0950258616831137,0.595434385451358,0.0952826378193736,0.72634019781397,0.113895722788961,0.736633406354144,0.133636510977406
0.79649653260403,0.101654193397705,0.882174156210068,0.0959669106168955,0.607657544709828,0.115471068336375,0.29106613386464,0.14150145359175,-0.362837457886576,0.125802594779323,-0.867337689901824,0.0212548287046505,1,-0.862753698272791,-0.302626323300223,0.229471635955663,0.639666270124397,0.0986915381378693,0.581139519975623,0.0959660288693328,0.605903396128275,0.0953631172973787,0.657916028412783,0.108438080568763,0.643480614548405,0.133435524241864
1.02143736797347,0.11301146243663,0.860719702018736,0.119620702454884,0.830217163741638,0.15382806938969,0.662253579062777,0.247819208306486,-0.729181666470181,0.176400654622306,-0.888371598574541,0.0171322286632129,1,-0.983394398011378,0.095897787929553,0.244752062472602,0.595747121238156,0.103565160717732,0.636515293463443,0.0957654310273423,0.564173708235173,0.0961527298300054,0.608096003661601,0.106947540644254,0.69252100531578,0.126683942388064
0.820121979442702,0.111997370761577,1.01997549481429,0.111932425965871,0.955347539639985,0.160914594701406,0.540917267910428,0.180243575743447,-0.718862977700414,0.164834324278222,-0.906712375329801,0.0141859854616522,1,-0.999999999672284,-0.294965551003267,0.245257934355562,0.794743672919436,0.0901011709400555,0.598771993636838,0.0895799551815645,0.706310033277311,0.0977626969452531,0.61570848971668,0.118330408901134,0.478724389366478,0.147946326745541
1.02819682036366,0.121495145394728,1.08081367277848,0.139173596453233,1.07191962133463,0.195061551635349,0.736297964115421,0.325401847191293,-0.80239551554044,0.212168014321308,-0.913914155029111,0.0144955055531174,1,-0.90319304081204,0.11565712180429,0.2742636427956,0.774716674263825,0.10526081477734,0.717604385128807,0.0951217886430339,0.737819396478238,0.100342605160175,0.837722180909177,0.0990606330245061,0.819743826899772,0.137455857205234
1.08617183169207,0.1159511767987,1.02696768904684,0.121711921797487,0.937792594449414,0.16560633968552,0.462078513692862,0.204042227042359,-0.604942110175012,0.145506420493019,-0.894813566889747,0.0172594500203141,1,-0.918972531150153,0.201007248407176,0.256736160952889,0.613471865395571,0.108523978997006,0.677737451345726,0.0960774810594045,0.87859611615865,0.0891680727901288,0.513538940545417,0.129209398193744,0.795504028018535,0.118143229194787
1.0747254961748,0.129053245526021,1.1535341049302,0.139549604550056,1.14209659484653,0.190926632008812,0.877267943531631,0.330044811430692,-0.754417515824208,0.208916259329774,-0.894545050463585,0.0164777164652655,1,-0.753692536780479,0.179677606705873,0.297564295500776,0.61388910066373,0.103160201438604,0.773096690640768,0.0968790258225272,0.820896222437791,0.0918493717741281,0.714465419056589,0.103141521357904,0.848193373079118,0.115008906085968
0.904274118651065,0.106364755714912,1.02888367321241,0.102574441815339,0.709129069393822,0.117319622226256,0.234229036233297,0.110670573260207,-0.407551982333742,0.113803749206598,-0.853594728235611,0.0223132270251733,1,-0.999999999443202,0.0751462457470675,0.256363126502354,0.546841237733484,0.0924031538355133,0.71734734374658,0.0810428738055357,0.604057055448727,0.101583699960614,0.63568782004526,0.113725658510777,0.702853784591217,0.128945017207388
1.14151457677971,0.129895411694763,1.08146858798945,0.125593827075047,1.10462354830005,0.193523931253957,0.417180545105788,0.252775284354613,-0.627207753006862,0.187215401404978,-0.901961713811212,0.0162179306629124,1,-0.923936758790717,0.156353729814898,0.275893902529467,0.621631535953446,0.112156069032393,0.699909332957039,0.105363624629764,0.719609037875778,0.0961655894204974,0.729207425160901,0.103136534276094,0.70470487384183,0.126743243279999
1.06808151800339,0.124172146168426,1.00396125220621,0.123101102157615,1.01447827950357,0.188155362568088,0.595498555630291,0.267946296799453,-0.733147668818589,0.189906945433477,-0.897157136210655,0.0184368337979217,1,-0.943256323309655,0.213172965752733,0.247396164099698,0.636325446358518,0.111119957821058,0.733984051846788,0.101398674633782,0.654952297763014,0.112298780321299,0.609552620413222,0.115011660754744,0.74763134154198,0.127932390380059
1.10460369437433,0.115871256629807,0.982942568304659,0.116158388180106,1.03229371834736,0.176035271285377,0.455160175568037,0.206403967903402,-0.555949557751185,0.180420701913934,-0.921153914787115,0.0123636772910896,1,-0.8110574514497,0.182167192875653,0.275224954499593,0.799343361801018,0.0886226203104649,0.7398506425057,0.0939506120919912,0.6850822702348,0.106929142939273,0.683247550008112,0.117265920992989,0.836515644330448,0.118333347822837
0.847528759243238,0.106809183854872,0.888110522417505,0.123380059154667,0.72746065791391,0.131479069730134,0.584758014909348,0.225013078500562,-0.632265773986446,0.158122541083244,-0.900313990981467,0.0161550944442076,1,-0.969408505803917,-0.480720591654773,0.252625896391506,0.662063762959094,0.105284321084056,0.574914797711212,0.0945764977597815,0.772641047719712,0.0951712278374443,0.681132227417781,0.108195609309231,0.612491265465445,0.136250251580629
1.17517294443461,0.13787522128987,1.09260584498288,0.135861682176141,1.11626567499374,0.214888598464683,0.630171000764513,0.338079648997764,-0.789318386033317,0.238318786063525,-0.909895137942194,0.0159385840303941,1,-0.941107483817675,0.331613188986748,0.300256777148691,0.675691029217386,0.113007013486196,0.763903775707573,0.103110279694013,0.924113320268434,0.0909167326233162,0.639590107411852,0.117881094226106,0.742780563768213,0.124917970032694
0.938655913161625,0.112437566166298,0.942151517909558,0.113264642182567,0.852269301759227,0.153505782028144,0.394574296721104,0.175600573468947,-0.545658615706492,0.148226856593331,-0.878834520425465,0.0207232084148308,1,-0.940953579071725,-0.0170266686306366,0.262024650553581,0.635050239612585,0.101041133284772,0.683951159648312,0.105318031433857,0.711736347593085,0.0998429700469678,0.579533006002883,0.117820435637029,0.622447461058115,0.138150513275504
0.922574583879209,0.115774009294162,0.845993291510979,0.118724864349869,1.23026096404454,0.207645421046121,0.703072687559053,0.270620479017031,-0.930033807121239,0.230452535264899,-0.890147411726661,0.0187599165100549,1,-0.999999999999213,-0.209907394139803,0.277742296200041,0.561656233641934,0.110417606649776,0.732797792462127,0.0919404940730536,0.630768343908232,0.0961133835360353,0.758905641801979,0.0993130772591808,0.550020710360333,0.132207369164897
0.993668731543191,0.118091432451283,1.05546245886452,0.108386277258768,0.874014333048575,0.143593568573426,0.363828725170493,0.134486257392074,-0.56390736878158,0.134746011061329,-0.891738385819405,0.0151647816655163,1,-0.999999999987993,0.0661545761398316,0.245843176705081,0.561869257423002,0.0967350399198181,0.688727853156318,0.0793779914219905,0.707617031078856,0.0847493342914463,0.601786336607364,0.117953110640981,0.568120170081661,0.133842453474918
1.13597304937063,0.149625264338792,1.04418385758621,0.157521503860375,1.31172289774525,0.276491810789138,1.36517229561092,0.423592154531742,-1.06646942728101,0.273418214356184,-0.930823763247044,0.0132750364821816,1,-0.796954683001338,-0.061086424259722,0.297833273395496,0.844063204545372,0.108712747559196,0.748203503086517,0.111105887845295,0.889577420895319,0.1148332949925,0.874581145529689,0.12252686967715,0.862418077049753,0.128835095164533
1.0297609702533,0.110679514329642,1.1095808870612,0.118670060541821,1.02850319796711,0.160605004006489,0.772236645483009,0.266460141350651,-0.891205845689837,0.204019277601868,-0.923951452687201,0.0114845362843872,1,-0.999999999952829,-0.212632252510235,0.255894683710183,0.706732287270302,0.0963493721155257,0.712588518592775,0.0852348603879732,0.769669633818372,0.0740550424428972,0.765856845684319,0.0982372675422225,0.780860657157079,0.129159109474662
0.970815720547547,0.107554765109253,1.07943444056954,0.113743768081133,0.97854627311931,0.146432046600815,0.579364599883203,0.218762078394247,-0.752950908089219,0.173673322960784,-0.892403473005478,0.0145904902587058,1,-0.99999999999948,-0.166854118097261,0.251706391629551,0.758464763771798,0.0883634662873577,0.570834860030269,0.0854449954028012,0.601470593777224,0.0857412551184825,0.580175512187368,0.100095729423919,0.718004689053045,0.113763292071694
0.846479485040202,0.0903702583018772,0.830013494867401,0.0969885332413358,0.691994405130344,0.113961517711677,0.23274589984532,0.118651514710456,-0.40132139302597,0.120312077200185,-0.884771382510133,0.0166531147295374,1,-0.999999999969938,-0.050368763935717,0.210649857610196,0.65337933222427,0.0857984470994662,0.385665450221689,0.0953165916384119,0.714262705593058,0.0863951138345838,0.732575436316838,0.103755577212545,0.506628822668484,0.146719779767611
0.984913252618184,0.115748626340957,1.132380917885,0.122576273578335,0.87348576108884,0.140461115589677,0.573555355384826,0.289123041916369,-0.697613166782517,0.168952012268587,-0.868363875451132,0.0178077379236596,1,-0.985596345226647,0.0858072960916183,0.265100260284797,0.722292077583192,0.0957855190757147,0.62389375576545,0.0938902633858564,0.591380210656903,0.0949965347661111,0.61239562020513,0.105629946362913,0.473898148194118,0.133995133076041
1.21176273997942,0.147354809431791,0.961397386579186,0.132408488205453,1.44173216609718,0.261897902909753,0.817846416888767,0.31591687917185,-0.99702799201957,0.279230987803081,-0.928291565660377,0.0122087837566276,1,-0.918182856727568,0.0446008991576321,0.309584356900858,0.830976861929823,0.104856112759323,0.868884233208792,0.0961444791764409,0.723297702618486,0.101663511712977,0.897953013056497,0.106552545049497,0.769967054887436,0.135788497210956
0.994738897015452,0.119193865941901,0.845316148821303,0.112791463294753,0.989539797095366,0.175174910216539,0.598949449933538,0.220523278083652,-0.758653046576159,0.190838049844379,-0.887538958028864,0.0186876202835247,1,-0.985442953447071,-0.0678898607829054,0.251971376697087,0.695092050306393,0.0979642832117717,0.570981749371016,0.0975997631622755,0.685934391715168,0.0993702642444382,0.435240234806964,0.125975745652186,0.467913311571316,0.1356594706886
0.884258647413683,0.111239352292115,0.843145009359051,0.11404845121773,0.997167744468819,0.161117324364462,0.558043681908317,0.252373709696086,-0.711011920335287,0.176925754584691,-0.885980314485236,0.0183863215480636,1,-0.953144339839795,-0.204262414306694,0.25389210661556,0.70634694903176,0.0905467051456284,0.532399331949613,0.0972388538654148,0.647178611966952,0.096031962908567,0.60355899417189,0.117885422994077,0.633108701188227,0.136316575403381
0.961542423268852,0.10733581455587,0.800080426762676,0.123381132074235,1.00882699298535,0.168750263832576,0.741027493452645,0.281843612103792,-0.864620458003552,0.208680664506973,-0.906350451928086,0.014587966741821,1,-0.999999998969306,-0.0636475478855352,0.229243670682494,0.672208351278291,0.0975062847015626,0.632401098688848,0.0928672316497926,0.586603987453625,0.0942836765617065,0.746075191376009,0.0985001116962964,0.761598510199094,0.103808251276964
1.04719995437194,0.115954954147675,0.860241745732602,0.109361819521058,0.963833431168541,0.162852006781113,0.237325772140969,0.132848074526358,-0.478270334709227,0.154127190875573,-0.911590721723551,0.0133257440533826,1,-0.99999999955304,0.166615975674,0.243944111476933,0.569969450005295,0.104093844836594,0.669549403362963,0.0947711055341032,0.741719637853868,0.0924106767222046,0.680641222253504,0.113161273004856,0.689017144248909,0.121481350206276
0.892812187849172,0.114794876930474,0.992594998240339,0.131605807852837,0.947401247656364,0.181238549589327,0.876087234120989,0.34260656219159,-0.801940760175851,0.217469482619413,-0.880258832012011,0.0204215136479823,1,-0.880241085846729,-0.0481204066897962,0.261165681623369,0.572522404985319,0.11338934954232,0.572470995783691,0.0980250327267366,0.6184158286939,0.0971917574536418,0.597652367826674,0.115113405775169,0.777890346184024,0.121019339366747
1.15934444474776,0.131226903450147,0.897028408786309,0.126677944754233,1.21378012443279,0.200453747499649,0.703037886105182,0.27989262809621,-0.845437422025393,0.216564173090442,-0.91309772057675,0.0141456367131089,1,-0.915212813323751,-0.0266851895947301,0.308741138476512,0.654650431462043,0.100310476110366,0.809683673527979,0.0810776837291573,0.77925566524858,0.0956292323910476,0.869513680833121,0.0990921247402494,0.859359936378778,0.108246422371875
1.02570328997637,0.109530555914389,1.18114882337333,0.116441701848625,0.997520151714933,0.160859572757437,0.397757515927667,0.158987688819374,-0.629897719588763,0.152984971254209,-0.920429854381767,0.0127929104785653,1,-0.99999999938151,0.163525199010472,0.275407624267688,0.737954799710842,0.0975437903595535,0.65062122128537,0.087394350466021,0.843362274803418,0.0868533904080807,0.71821390601343,0.115229561538585,0.528871413294219,0.149316028480673
1.11100739140402,0.122818707997386,1.20610356026013,0.150782787547245,0.911248786763794,0.175197838930575,0.421128992539414,0.223202018906717,-0.527456858871366,0.180848041769823,-0.912058075975929,0.0151862027507928,1,-0.851453415391043,0.503495161701069,0.268262035817672,0.663651892289119,0.101384631291324,0.668398980648895,0.0957668510727406,0.621953079426425,0.105042077923399,0.685187946756942,0.120056365216625,0.541937481258973,0.14811684747923
0.99806049422419,0.117559251695301,1.06142720781975,0.129737758163709,0.856300370292519,0.151923271249904,0.550073629823461,0.255649776590145,-0.620798661133392,0.16832092799592,-0.914284153753338,0.0141890580428488,1,-0.90453899226618,0.199409857197307,0.236766494655259,0.672439265972007,0.101681019426291,0.808593712203299,0.0903812867022851,0.633437850609561,0.103356214498081,0.602602883054178,0.117613097560692,0.683098965761031,0.138289045414853
0.891453770036538,0.109306612218408,0.812896208834951,0.112942416360524,0.917987512943556,0.150269323968472,0.492747410380383,0.211536023418933,-0.672559268584081,0.180936093716337,-0.884567456607674,0.0166118519693823,1,-0.999999999993245,0.00153023850744761,0.284002592299246,0.567145312603839,0.101334304653682,0.608265012707319,0.0976710677587567,0.747754949055164,0.0866971108234968,0.542623775218732,0.101791602647602,0.634449206372792,0.118078088909641
0.992465107697708,0.115415265758045,1.03074983135985,0.112472698880216,0.998676854823426,0.183993546020419,0.422674515359042,0.171489137708359,-0.649703975317955,0.173244499122239,-0.900640028614903,0.0167493562401833,1,-0.99999999991847,0.126400133499153,0.240603792621072,0.598825033946921,0.103966326690932,0.683334665903294,0.0938482206400885,0.696150244962031,0.0988125844776827,0.769694392886606,0.110141876238568,0.557939828865868,0.130979948395023
1.05871097167054,0.123628217825232,1.21327865498996,0.150040012232842,0.947830386786206,0.177874521290835,0.726458926240616,0.307883255606102,-0.578272355639085,0.175358731370132,-0.901832426174259,0.0165769305827915,1,-0.696885751758412,-0.0628806181349321,0.2768652999854,0.746269352070551,0.101247981552163,0.721054008258057,0.0948155858296229,0.783062708715959,0.103781104393903,0.747437663302985,0.112344096345853,0.744115846915189,0.129213744725792
0.947782139351408,0.122932438428832,1.09109722243599,0.126799535611317,1.06616996393978,0.188451156198141,0.572260938625499,0.256177627862607,-0.64729874234961,0.192814164133747,-0.894268561082932,0.0174523749476739,1,-0.828694564115272,0.0221122072577883,0.27304604876171,0.737420398986941,0.102080519347212,0.755466860492456,0.0973421572120669,0.584059315112923,0.105704629507286,0.747160506849802,0.116333685138482,0.773339059014068,0.136520437558925
0.964116120277084,0.11571107187469,0.928509268478308,0.115688291576873,0.983182348055749,0.17544824686005,0.396045908610835,0.178887803357817,-0.50852755914469,0.153460225139347,-0.883777679861945,0.0186584466447682,1,-0.814938230845519,0.0257292312455597,0.248394140716974,0.791878255128041,0.0941606322094122,0.643968249610869,0.0923143557058672,0.738008131944258,0.102370017476926,0.756663811549868,0.118053109772257,0.814053795468009,0.133456129919625
1.18550143802449,0.146126131540636,1.3093468684023,0.168574657705678,1.30677427387585,0.267809402476637,1.6844236701718,0.569717437787785,-1.24498019580709,0.330270043752023,-0.926183403297478,0.0126251110291091,1,-0.839143987546074,0.343192764639951,0.30429913428833,0.737186110562444,0.117116275401815,0.912320907406287,0.100826672494333,0.884249220650048,0.102131035381691,0.976947448218886,0.120320955506807,0.895810732957342,0.13515688350684
1.18127523517514,0.115359349753349,1.02162393470122,0.120851113762493,0.860574853112043,0.148103286343436,0.640950000352334,0.256753695840379,-0.697662384268243,0.160043742748594,-0.906469932197702,0.0147683364850395,1,-0.939374801330883,0.347334063805123,0.235244487324859,0.839437655304321,0.0958462478027296,0.516837506012901,0.101434278127846,0.823349572324049,0.09305027446625,0.760937098288029,0.108247663136826,0.73715018059007,0.13470975595059
1.00776340263622,0.118351673503385,0.86968949893962,0.115304011441411,0.915358286692228,0.172172396830909,0.431990879308786,0.236524539937437,-0.549744820916782,0.166062875263507,-0.915724488194619,0.0147320070920095,1,-0.87423522056437,-0.127210783321747,0.250923602309343,0.666178888810111,0.108539539721529,0.745183517451079,0.101358913754915,0.628131541347985,0.101134622409052,0.919256284325861,0.110915029489523,0.741300440111616,0.140384878648688
1.00667234251931,0.116852278675859,1.0932738906662,0.137539755022135,0.896634767608458,0.174915121739355,1.03004343143744,0.425086302100246,-0.752474253015885,0.206767694856926,-0.903014061745423,0.0177373559864949,1,-0.782989771197355,0.193865385971243,0.261520369486775,0.728197930630629,0.10292435952327,0.602701872508888,0.097436288551557,0.65085945051531,0.105101948411297,0.623592000801236,0.124546915270873,0.797502571805313,0.130440068281541
0.997621247142835,0.135738010497274,1.0360393742509,0.134001941271446,1.02621758555968,0.196488040784234,0.591990640923956,0.280824197972343,-0.605281452489345,0.182419513952726,-0.897983347564153,0.0191417697080808,1,-0.776569303192195,-0.51849159319872,0.279104742970307,0.6806053221887,0.11167197330086,0.891374645385794,0.100099088644219,0.88691751000529,0.093851278364994,0.55960537400145,0.122571223812705,0.513474574077027,0.144754218390272
0.84623904001002,0.119680612558569,0.987233555059942,0.120547984173694,0.953340228009738,0.185690814276758,0.629075390440585,0.280660132810453,-0.596837124092206,0.184981118591606,-0.866170832408361,0.0237025925341471,1,-0.770691415363419,-0.35088539044243,0.262375650771565,0.764849000166947,0.0964256898433053,0.676489269925778,0.099335007956819,0.635167365314387,0.111433243937268,0.750900151388019,0.125709229162708,0.329768227769158,0.190028274862097
1.12786859066479,0.110565440096222,0.870210184665908,0.109067031357822,0.861729599062791,0.138123935321561,0.673144588731214,0.221986107222443,-0.65223224617372,0.153149686905287,-0.87259067346952,0.0164421922386207,1,-0.856372241602674,-0.122499491261263,0.237804810062011,0.801981420675917,0.0928249549157096,0.788446149068692,0.0776378008497789,0.491272549901326,0.100591898938797,0.565205792680181,0.103595448627467,0.773347181178398,0.111365248924259
0.993016011609287,0.105933921609543,0.908805354048057,0.103506961559586,0.959982998331648,0.162301814864969,0.212678832338928,0.118948968244726,-0.451849602356446,0.147857885843667,-0.893932967595569,0.015907867057135,1,-0.99999999999824,0.0864674611852548,0.239347986427272,0.595014678768534,0.105586874101698,0.661603828978392,0.0922743921302766,0.712731471326896,0.0948935816576363,0.627878555388582,0.114390223624059,0.683670896245229,0.12655728064323
0.89433290157701,0.120296481328641,1.07593565231764,0.131803506160816,0.969433532514576,0.169520210699693,0.707992449559408,0.292158672624681,-0.745498870803568,0.180773180656224,-0.895828576600183,0.017261280285313,1,-0.899857328626701,-0.0675660416344216,0.252161246544939,0.716635277226906,0.0952224222869964,0.590396553974443,0.100290632081548,0.818902550614862,0.0968398099295832,0.793424850862894,0.116810332217023,0.586214444974565,0.143676176763198
1.06087011632013,0.124469326320576,0.892939451674846,0.116156804226918,1.04069121772668,0.193725128590357,0.314269383397743,0.220905960181521,-0.543649175473795,0.167151786122636,-0.910552718211671,0.0151489714567894,1,-0.950619573232512,-0.236622259357365,0.209564555085725,0.697936823777626,0.104114076812224,0.749446852186337,0.102240647681075,0.745635416515925,0.0908945450957142,0.68173591302915,0.107278417822018,0.610288646769686,0.138844456579981
0.879031612261473,0.105390022234552,0.841902967684972,0.104059395152323,0.826926013300681,0.138124564574064,0.381406407487205,0.166949773962015,-0.501221064351721,0.137168880963785,-0.868870894856068,0.0186669964972697,1,-0.892487197452448,-0.266924738905182,0.231964507118374,0.621442970882442,0.0915962296286066,0.715997104897476,0.0844663121586039,0.705922953260674,0.0972830234283558,0.606300651769143,0.10887138225761,0.53729996171799,0.147160667364342
1.04016096246075,0.125398547854866,1.07665677308894,0.134362429868576,0.975070171796732,0.180788000412241,0.624175220828393,0.301126139532836,-0.612994741240396,0.184235128512181,-0.890811248893179,0.0191636954855817,1,-0.785752101849063,-0.00988572169107067,0.239171538034733,0.761688424408989,0.102063865237702,0.814453402111509,0.0972347561663724,0.626880695945013,0.102565719767539,0.646339743072308,0.121500534347002,0.902467000649971,0.119494780695124
1.09628382709441,0.116623256030873,0.834203364973583,0.115556257649501,0.850830254316019,0.149582004795366,0.496801200362775,0.185096911958585,-0.650148822622728,0.160899963728497,-0.870404630862113,0.0197931473114995,1,-0.999999999891832,0.0657952031743078,0.247759417134075,0.600260760002786,0.0989449697666221,0.586019193380161,0.0945443763245219,0.570697355609258,0.0947893411180937,0.575945990884214,0.104799149347065,0.766373294884369,0.109993607077516
0.912694953195913,0.140143201900432,1.26475568846877,0.173144128483168,1.33283287131667,0.27528668366816,0.835876698443928,0.368096302233096,-0.897881085175674,0.254416372886113,-0.912454570508212,0.016379370205013,1,-0.850667549218063,0.030125104322429,0.271750879562405,0.768682896868945,0.109443483900225,0.686311498220822,0.117451346435068,0.814843137094335,0.1134475414286,0.799393907498529,0.121665021550052,0.885478134366954,0.142662500531595
0.898279306898119,0.107905311664856,0.949549787653658,0.11038431018683,0.794179412306387,0.127544890806131,0.340142626844092,0.121842054691277,-0.519744428919938,0.120712796818346,-0.878098236448544,0.018293360194742,1,-0.999999999825865,-0.0420953689174682,0.20393399361378,0.594397320647961,0.0948797077597111,0.613711189870282,0.0939768792504346,0.635496612753194,0.0946350871763405,0.527650222187647,0.0962743866200199,0.762938337001394,0.0980792607307118
1.05626231201551,0.113854125356025,1.0499941736736,0.120861047866702,1.04843920545377,0.184383741504363,0.514406843456259,0.208816154170503,-0.734387024812489,0.191935539439205,-0.908161586460819,0.0158738866821745,1,-0.999999999981159,0.318292558975729,0.233468245077166,0.709376980225485,0.104023174712886,0.789584748680442,0.08921575128856,0.868064164526177,0.0913741226876408,0.654865999076876,0.113921490426608,0.648743968838596,0.146661223248692
1.08127910192087,0.124150498427222,0.840567222072685,0.112619306660605,0.907136524759933,0.168986637599399,0.257964023061152,0.207637504081159,-0.414623676650541,0.149701298738558,-0.887380544817582,0.0188718695123704,1,-0.857113234324755,0.0693456066597097,0.24643763940121,0.605731733581887,0.110001797012253,0.523645023567908,0.107120463735679,0.718345667639589,0.0981807780282576,0.473725690335374,0.11262346586727,0.792250702592624,0.114654715680087
1.24573130206724,0.144550586695624,1.13583686009793,0.153316817507931,1.56747850824305,0.30853933964752,0.925465101367903,0.357567481950126,-1.0826130412917,0.282508746368385,-0.916979510395745,0.0148948439930137,1,-0.898860784962288,0.122913454169401,0.246833784848937,0.692181413499338,0.110519967304616,0.793647417568712,0.11166253119477,0.754688059419313,0.111831708465677,0.946018503788879,0.109490364737008,0.807522185983373,0.136193799444467
0.90522109509215,0.134297493148522,1.22109183548503,0.136297653406829,1.48129414218085,0.311583126286848,0.612329285079728,0.36986020905187,-0.913225581937525,0.330636550159207,-0.922704821786692,0.0150975798168489,1,-0.958881414200943,0.228495395207221,0.291614513548956,0.869715151187305,0.102175303593738,0.653427233936719,0.103500398097243,0.623618887525908,0.121778714863744,0.802797752440932,0.135270718668697,0.839969691042278,0.149292904480344
0.935430703214193,0.114827344655523,0.89421361158743,0.114247783184587,0.952035612766405,0.178450101956149,0.308856572569675,0.194476260201772,-0.439799732700936,0.173498357439688,-0.90513488027241,0.0162109155527617,1,-0.811054316625178,-0.439972220465411,0.291243024847546,0.742560544464164,0.102816158555807,0.702072457510198,0.0992987648544382,0.781623484465975,0.100560906282408,0.643662698167206,0.116860015652904,0.70598040122208,0.124058418856131
1.27608652314249,0.163297196951404,0.985662238127929,0.141241636413154,1.33649709070405,0.27535819130083,0.732272170670721,0.313439117074334,-0.67599824410239,0.234686439788581,-0.927993475312157,0.013786781934852,1,-0.683321828374581,0.476323149339946,0.334395171015764,0.813215396539479,0.108360176709048,0.599230018926936,0.115732987028161,0.826366304752508,0.115373550693457,0.8726865689679,0.121960608139241,0.873725509236823,0.133709063390518
0.923225163417918,0.115157508847944,1.01535149759797,0.121804441018342,1.0379737762144,0.166381729105886,0.808421498321188,0.242318792900761,-0.844322252039213,0.18488707127086,-0.923187813944901,0.0108448123012708,1,-0.921713858484889,-0.212133874252138,0.226472276860704,0.767228922630616,0.082541978266489,0.741449463044164,0.0813042057125206,0.758483917040568,0.0902659599988831,0.715255015661293,0.121887193691835,0.692392205082353,0.139747573584648
1.24296563856347,0.136931763660546,0.972465074620974,0.126187787610857,0.967528179158047,0.181202008114276,0.597108127948006,0.280433739672462,-0.550148938340399,0.183171994686888,-0.920214379810751,0.0145380840658027,1,-0.723805662580017,-0.121732602508109,0.288483773683897,0.846549314773718,0.108807136812261,0.405734907951595,0.11438941556813,0.829574947455632,0.101556219894447,0.925523023361032,0.105495571934646,0.87494767978034,0.113898629312103
0.901716234324458,0.104224704171514,0.98762470960066,0.112818406797599,0.780126689071196,0.140042416493725,0.456246328849177,0.192077386838764,-0.563896432824975,0.158210698275197,-0.888965434686931,0.0167783025263272,1,-0.945185581196376,0.298768121782085,0.218227763964747,0.390979612487037,0.115145957116311,0.695209344687164,0.0870913415983607,0.462625635710312,0.105092032991182,0.780196504366159,0.0955815243007116,0.654843424392733,0.128173195526985
1.02140122747988,0.129250775515855,0.838442982116048,0.121175459388321,1.02240313922835,0.187865611279564,0.203156374787686,0.126795174560111,-0.290077003361635,0.138799192617322,-0.913938636465329,0.0149480589258165,1,-0.636483260074572,0.250220347506331,0.311872384824759,0.704634220233094,0.0986013082761201,0.716631656436659,0.0967427966255586,0.757514417474762,0.0993611846667766,0.734023574673564,0.118490364134659,0.793532212202434,0.127685729311417
1.44640180246663,0.172657486941519,0.92179332844542,0.152168060805658,1.40628143503308,0.291212013267879,0.943449991206567,0.343012865643792,-0.930186466628849,0.251818698430587,-0.925809809172409,0.0142976169098775,1,-0.807559355028228,0.454321850297367,0.318387219138332,0.916926945487494,0.114888081461063,0.790220977146156,0.108076888312566,0.783856522332035,0.110018520598651,0.735174785886328,0.121489936479474,0.820546516511565,0.149178398236044
1.07310780861629,0.135876301132569,1.16423367611831,0.126881623428826,1.15591718360049,0.218077040397775,0.55176334914505,0.222694480525285,-0.630150965092119,0.1931518295745,-0.9079814336398,0.0165067340103547,1,-0.789050539701848,-0.108941295374172,0.269359038280262,0.781722205868556,0.0950300274444415,0.805515759384387,0.0976032959455009,0.683617737492565,0.116244748339565,0.731252949983091,0.116610031300644,0.786189519602188,0.134953111968692
1.0496206551464,0.113928637686811,0.769562094929609,0.112541510468321,1.03234423380267,0.180685959714664,0.654793044252606,0.284858308947853,-0.812817331232309,0.212354368769107,-0.911282923149886,0.0146974073507553,1,-0.988618329860223,0.0136814581179816,0.247300516950938,0.750696545368475,0.0938170329707711,0.556178022325967,0.100271322431572,0.711833332234645,0.105090456348507,0.702692989590382,0.102568905451651,0.693226815626525,0.128232776057469
1.10334500778624,0.112701191106774,1.01357096883255,0.13205808917006,1.06017335656311,0.177596319262868,0.742774861451649,0.306064014287543,-0.855849055284031,0.202650961157153,-0.891391986253807,0.0164375107642962,1,-0.964450925693061,0.0243204131728552,0.238650527078099,0.764303314135871,0.0967839808930942,0.769415378690094,0.0891835618997874,0.526214871458149,0.104931354919829,0.749331098890223,0.114881255602965,0.750351270535226,0.125782936255847
0.883961023452611,0.110500338046128,1.02146459219711,0.112210574830886,0.850319006558874,0.141669844752089,0.44233616142118,0.184027494839162,-0.613291810921845,0.159045689099527,-0.903590194589414,0.0145566011658898,1,-0.999999999998766,-0.128693308420241,0.272064321150053,0.573364354737464,0.101990026985839,0.683795346599855,0.0882706547386146,0.629696181287143,0.0961475612255959,0.725827053535725,0.108268785649704,0.411270009074776,0.136063175997968
1.20513302141749,0.127153872303098,1.07972878609824,0.133416949452722,1.08745959863081,0.182889323189578,0.649535556442812,0.256978588178481,-0.790809457582012,0.203300506580517,-0.901785654378825,0.0151132744460297,1,-0.94094410143105,0.325449015384218,0.267835998375499,0.736104339104705,0.102319666194499,0.799707609391701,0.0920282845818772,0.703539179549084,0.103469454565197,0.757224165745281,0.114943400751894,0.743383998006781,0.118983998306393
1.0433433923119,0.121589911751567,0.998941152525341,0.124093691856004,1.15812171613405,0.209243490872133,0.710873944848159,0.248259552465661,-0.796651352068396,0.209835802821821,-0.888014835765592,0.017896311557592,1,-0.878000769694641,0.13478709179925,0.266827376778039,0.757692884555732,0.0953145076582932,0.576302775704334,0.0995003284298715,0.664796588615211,0.103210037829709,0.739734524094842,0.111791576500265,0.882033253648283,0.117719130373767
0.971913234096922,0.117008899042034,0.826727057129079,0.120371915296123,0.899681470301811,0.170317317214243,0.573971855288755,0.268384584717264,-0.587071866512628,0.185632060678986,-0.900874581383782,0.0171840849530539,1,-0.816961484239666,-0.158539591251539,0.226190185335957,0.672423550094355,0.104686297406759,0.655053170743395,0.0956653327601823,0.63570955402212,0.103823127469259,0.614227164023225,0.119845912430689,0.64943537450376,0.129944715717681
0.83490496743336,0.1103943793494,1.04791814196212,0.130961705030507,0.94378347813076,0.168813103113395,0.541877534920222,0.250682836143688,-0.669160914873621,0.181606150009239,-0.894383744255311,0.0166777151527772,1,-0.935715466168847,-0.392187985040739,0.240445676786081,0.703743558220143,0.093606850532111,0.632808449593349,0.0971935602173895,0.665533073889375,0.091707853351468,0.688667479363288,0.108145123747595,0.452434075334205,0.148611078205057
1.13314244759599,0.12638942758109,1.06667409483659,0.121133580674532,1.07622778681885,0.19968800880913,0.574021349082503,0.241258500729348,-0.727229365338268,0.186134455499152,-0.903806288763636,0.0160814655457982,1,-0.925241884218543,0.262586377911091,0.255973339495723,0.615127702754254,0.0992125680195359,0.83203218244622,0.0910342647746063,0.682591189347436,0.10354602123029,0.62670839002632,0.124136924663438,0.460962652293164,0.153165247553262
0.966934186352801,0.116294196230793,0.903466570927751,0.121282465016947,1.02371523507473,0.196144131715822,0.637365494326107,0.299282360753088,-0.807762813142201,0.216859262646232,-0.911884799284073,0.014989365771986,1,-0.999999996507811,-0.180867882963246,0.270708080970129,0.660211309339355,0.103375666109976,0.805116127405294,0.0922358819101925,0.585683894326264,0.106568023847621,0.595147401191989,0.118419521161404,0.959835291389385,0.131806489960019
1.06246387368011,0.119583635578951,0.930029508789013,0.106345174553637,1.04216776985296,0.171847786424732,0.278752786290413,0.136141355078396,-0.538987170141126,0.15300699767913,-0.881039452231535,0.0173433848912148,1,-0.999999999910779,-0.080217969782562,0.277806096367556,0.775398173789885,0.092877187309527,0.69734515433632,0.0855874393250591,0.75673052174997,0.0984877049226928,0.797169112708341,0.0978829710508205,0.621127652918443,0.13125564930132
0.910762896236794,0.117261166709176,0.896514054741894,0.116036851867517,1.0507554641463,0.191693086950414,0.454520043566022,0.193411701276277,-0.691078446589161,0.186111220179472,-0.890363319362263,0.0172473739926375,1,-0.999999999999031,-0.427858727702888,0.255267956105897,0.635941101950078,0.0997755468172669,0.702042669483746,0.0889664893071604,0.47968536852312,0.103016757530512,0.773981511538019,0.10427966434865,0.436870134603539,0.130912367761089
1.06392003495363,0.133504034149447,0.950291957945227,0.131780233866902,1.10317439241553,0.213385428420316,0.947102345323339,0.348624308993527,-0.938557731614417,0.236487649941531,-0.909033593586954,0.0162998712119617,1,-0.918206683366108,0.165075773817653,0.266195561922418,0.565142896750421,0.116420758300472,0.711528296283507,0.101197017951126,0.788665907773012,0.104638396472539,0.797075566214694,0.115269223094262,0.716895624154327,0.12817659003657
1.23879777379624,0.120153335193632,0.843642699671254,0.108846965438166,0.887273069692635,0.144712243566331,0.485771600447471,0.216986248914171,-0.656515086034043,0.16669082764829,-0.880651244417411,0.0176213322099772,1,-0.99999999894638,0.191028023368511,0.256741858482133,0.727653478959959,0.0936244787336408,0.718432359931157,0.0828826885484742,0.480783867858051,0.104992654142231,0.484881735214898,0.113935965913935,0.645387835713174,0.117419881352533
1.05865035582861,0.130223051491608,0.976865144376238,0.136868075687472,1.05307316982681,0.212664756233248,0.913572195923901,0.372114887694404,-0.935677435496088,0.2421064027879,-0.914855189527215,0.0158974950432309,1,-0.953949633563713,-0.00641812766261965,0.267601085721749,0.687547109969191,0.104731334224175,0.74499885306626,0.0990285755595806,0.849467739816904,0.110133159099319,0.876036017222145,0.114087796877435,0.704099985744857,0.133640523994638
0.942253681549405,0.109675566046797,0.963520524230113,0.106289362960007,0.861094630511974,0.157038852308582,0.165299407089155,0.153236518786244,-0.305693335882254,0.129221135509434,-0.911506616915263,0.0160829494842579,1,-0.810260901241319,0.0546919202314561,0.253731598575886,0.755543438675799,0.10323742394124,0.578821881402683,0.101082292931164,0.651046050906923,0.109227960667461,0.712206975151329,0.116014949771065,0.688904225914586,0.139022144760583
1.07180692303406,0.106765873160831,0.819672640599624,0.110454330988914,0.77092422705662,0.137035789706459,0.287673758572629,0.152755429854586,-0.367180817779478,0.103638177230334,-0.88396105086946,0.017854040327825,1,-0.779693679974033,0.0168119333994344,0.214704418322834,0.649173924404455,0.102144996543819,0.649449242826334,0.0984060482028605,0.511724592418543,0.101426692805994,0.552456068453411,0.117680317567631,0.584861270484701,0.119869053322518
0.98307835456473,0.117636209382142,1.17338045239858,0.132049107073679,1.0307980498071,0.175669740588881,0.6955313313504,0.253473800354448,-0.846730382018393,0.205574237552567,-0.891516240664782,0.0178511012006491,1,-0.999999999928366,-0.0618395136667482,0.248743119768257,0.822726827595184,0.0916792236101684,0.642022697109265,0.0955770263041792,0.616757489553319,0.0946406720888709,0.846770159656821,0.10198451061192,0.590500363472128,0.13989940597491
1.02628577553565,0.122017981949555,1.16117981983851,0.127770967929682,1.10090881385796,0.202929954856109,0.461160077006241,0.243143524471848,-0.712527328087037,0.227641103328347,-0.917503605497198,0.0138541558366194,1,-0.999999999896853,-0.156803731058438,0.27092006740038,0.754634169039417,0.100428388338167,0.617277399372472,0.110513941104992,0.763914561428563,0.0949046199515959,0.770173425343222,0.104284032596794,0.801352817430598,0.12496425480423
1.08540550586729,0.128951560241679,0.983903767885869,0.13185733898288,1.04548577655802,0.206265713237803,0.682027166984215,0.332804562582563,-0.786892593139207,0.221601051641308,-0.923015898158442,0.0135021409825783,1,-0.931870483598313,-0.100403492723949,0.308119190025727,0.679560788704102,0.111172114904518,0.743431056105398,0.101983714261416,0.70782364311812,0.109181423784235,0.947583311957444,0.109490960264998,0.812462283125987,0.136159141989462
1.23858684013339,0.126101737384903,0.871323909393693,0.108834599561658,1.12037894991702,0.179499210100132,0.343476328442878,0.210375238504628,-0.552917346165786,0.173362647175184,-0.910963185527322,0.0129571924620634,1,-0.89131114838661,0.20407606901566,0.286047568750418,0.799023878803729,0.0872763483034573,0.745339994912097,0.0870520596435646,0.74254577060303,0.088502096440301,0.635170257087256,0.113002179931166,0.844317550162896,0.112503677015882
0.98551811854364,0.117970902768739,1.04038125156321,0.113455904774601,1.08652492431147,0.193210101582542,0.477845083902625,0.23127078537213,-0.692687108337623,0.186676025613664,-0.904858953617764,0.0144113640612918,1,-0.961332660193806,0.100988610363325,0.23759668147227,0.698864028572799,0.102694343172809,0.784258330373606,0.0825163070943419,0.685795865195541,0.0942276870713604,0.731319572231473,0.110549508561704,0.731593129366058,0.143117617313209
1.02448320572413,0.113695142344003,1.01340047773373,0.125993448112479,0.83140421022189,0.150659041499675,0.649390126343418,0.252902509974017,-0.729569562183209,0.176051897649612,-0.893704060351994,0.0176559661760234,1,-0.992905134581711,-0.0288902851774149,0.233291522295705,0.548979296642831,0.106289944839949,0.687666625531558,0.0922793263399456,0.665287419714913,0.0971110228966615,0.648582741259836,0.115871781911729,0.77662342308082,0.129126506465354
0.783797483558066,0.1161714431074,1.07804291101867,0.146504625138999,0.915136105502871,0.199867645304725,0.603505680903958,0.297323027289235,-0.64983442315266,0.186601036500447,-0.887847490271949,0.0218613472092428,1,-0.874418196778352,-0.051595066785119,0.253193697005461,0.639754897202155,0.117519222080337,0.539605952073927,0.112414201362597,0.643359251871201,0.11766746731019,0.703955722806488,0.124513555408261,0.618171404580788,0.152196375926936
1.17293547875806,0.114208037798165,0.981374793387373,0.115539248684025,1.01707900613516,0.159703892119002,0.898704816890142,0.262503883723545,-0.932852158963652,0.1907877260379,-0.88866272112953,0.0154805405026805,1,-0.975723896117195,0.0428154773329845,0.245902431694034,0.789303383859366,0.0892978185545522,0.692676064397318,0.0941067877789052,0.721017812254245,0.0957450372104079,0.560957780875895,0.106395170661834,0.905975695747912,0.10172773012604
0.931554595145661,0.11190528477678,1.15479880230218,0.118259504030917,0.879643178407817,0.151977471672115,0.472744456010979,0.228019565793797,-0.518014685877145,0.168457737419515,-0.90649821218384,0.0150046370018638,1,-0.803295955805334,-0.0163749624732248,0.253240646705878,0.695460563135935,0.0952059755042586,0.716078119342275,0.0879223353264597,0.816318416972479,0.0853877577635895,0.823399822680666,0.109279495160862,0.732764140662907,0.14061951987262
1.24903808836789,0.137444321863196,1.06429812831292,0.126315984385331,1.26643229269728,0.234806862305188,0.321466902136305,0.209611834750201,-0.61458816023407,0.209858245363301,-0.920475686631845,0.0141231258743488,1,-0.963219062660764,0.182688644732002,0.29652753031452,0.770809558290094,0.105077541203164,0.8490154179907,0.0948050411358288,0.752933432401544,0.108671393765968,0.921411802350157,0.110907380814902,0.714098728181778,0.137041416804512
1.03312688952864,0.132649075492041,0.904784159822876,0.12459287432979,1.02319676093093,0.210181540220825,0.563104327718927,0.262483112645992,-0.446124244028683,0.170302477281167,-0.895685573409109,0.0195565779869298,1,-0.587735352070397,0.167718867198135,0.281882347930838,0.577165450499988,0.115438460184659,0.659787943677229,0.112611628343943,0.748434930390847,0.115039442241447,0.741333240417599,0.124228303971609,0.858457661641655,0.133644598537283
0.936595235938587,0.100845481411621,0.803335341821148,0.121120684711446,0.739876332072664,0.130953986854697,1.0470776385457,0.333970112511097,-0.807619933751959,0.1804722435291,-0.874680609525939,0.0200017493384392,1,-0.91756749420071,-0.087560181681366,0.202345971180885,0.622249580945833,0.0983052133078217,0.586854315166909,0.098929276482271,0.624411920219043,0.0988767112860986,0.409710969067334,0.117146353324411,0.814092985023212,0.112450965043456
0.956707374116123,0.124322101444897,0.883587403943262,0.13515753935836,1.00343942001558,0.192527829611334,0.838801613456165,0.312571580060619,-0.852825454495219,0.208774005866641,-0.895801986786019,0.018274661215938,1,-0.929576094578751,0.110572247190653,0.247887248376276,0.694213348392416,0.103847814920245,0.634811685662039,0.0973224143321012,0.799436133217399,0.102493254546207,0.509998572914324,0.12963805579369,0.57063541046706,0.147256329263004
1.00576208379686,0.11766035280451,0.782738655793198,0.113618333553668,0.822171205884863,0.141732751804944,0.478383876418191,0.220931349182397,-0.50713941814394,0.131034542412866,-0.881273499994784,0.0186432368381047,1,-0.808645119570301,-0.266898445684303,0.239612057981101,0.500162322153262,0.105780769496538,0.670830718187755,0.0962653922494113,0.671170209229532,0.0998416467202692,0.581220428346036,0.112867329528594,0.699776068927881,0.115167991394285
0.846049245196872,0.0912335189747258,0.940305532873643,0.121416541121956,0.521324229695211,0.0982681638375895,0.393212736830856,0.183681638943438,-0.391048787831917,0.107778988693716,-0.850203749209746,0.0256173772238117,1,-0.863700558536143,-0.00393258013603435,0.193626322252863,0.380211673239375,0.112814649175531,0.584361554176619,0.0949550641177672,0.362167008635711,0.106502952707255,0.609875365907196,0.108815277504252,0.58988170606933,0.128628163841576
0.921886070077416,0.112316934028431,1.10253830740475,0.118557788121264,0.914270026232835,0.15939453739944,0.507142422658665,0.209723721491036,-0.506799139523681,0.159398074954668,-0.904822623960285,0.0151515925041642,1,-0.744275387291082,0.265226700804801,0.259157814811126,0.607978777073189,0.0996017606062337,0.715485462001993,0.0911431666160777,0.718190714892268,0.102161427538563,0.811134334881292,0.105297705993612,0.804492345949698,0.122247884835882
0.909893418510912,0.111280954914027,1.00591942162637,0.118294673150484,0.765695184088627,0.140046839265651,0.229548814520515,0.163499800359371,-0.396359739226933,0.129042724431133,-0.887023593591219,0.0193939290532572,1,-0.945418397153879,0.0427380528565919,0.255108947316203,0.643717116733152,0.101735504031689,0.580751356599189,0.102329889054523,0.507497201352179,0.104938890597111,0.518103248664592,0.119383831461509,0.654932898943603,0.122082630236587
0.756247367770294,0.119084235561121,1.03156890153686,0.135190510942717,1.0499515687626,0.200958507344864,0.844254219520459,0.356568613649168,-0.789001698343253,0.224831499372304,-0.878557231981501,0.0208845201391586,1,-0.838024440389862,-0.414184278542609,0.290933689794122,0.749357910752244,0.101951999993036,0.663104176634555,0.0998750741180097,0.494392419375994,0.11686960587853,0.718373651123117,0.122377788227869,0.569385298079724,0.14416377436216
0.952500409615507,0.111176487283204,0.969468173635269,0.120516958383205,0.903442935626929,0.161315267016376,0.749456843806667,0.266228093264186,-0.760538269948478,0.182359629155443,-0.858522460429701,0.0234313596062232,1,-0.924266887435496,0.081094045189189,0.23781621526294,0.604736558952751,0.108838696640081,0.651593387765601,0.0950371016227888,0.612302974753222,0.10525036232547,0.694425676906786,0.109561809468876,0.622150550648736,0.133827043369965
0.874739122428517,0.102786832864486,0.952009615720033,0.107283099473172,0.794107628618671,0.130611824056422,0.398316096004017,0.161076829032453,-0.562410748588775,0.141917901651127,-0.889256374772834,0.0160327265635938,1,-0.999999999509636,-0.445681329118829,0.242091181095272,0.695621949233049,0.086471629264755,0.640888331792526,0.0837100746411419,0.70723117731235,0.0904836662266701,0.517183243885028,0.114807128339478,0.622103947296164,0.130255510719485
1.05656226510581,0.112916945013819,0.802597742961717,0.11200461138223,0.809753631589974,0.137757718315174,0.498234548072421,0.202167817520961,-0.53751305213164,0.140899628698951,-0.892182365905286,0.0162852381829424,1,-0.846244078772673,-0.173911857933289,0.238479383093434,0.577124033473685,0.107326715624942,0.839387516220341,0.089652188171926,0.577392998970268,0.104838053084653,0.571934228095891,0.11150593256795,0.781117889769478,0.106929662520556
1.25481878385496,0.141827751067515,1.0036248440472,0.138258652393992,1.36974356340696,0.24674016117964,0.549530645737765,0.329435104848521,-0.672846367910288,0.231617979220094,-0.942091592202874,0.0105362218891525,1,-0.775533066909475,0.00680476414348151,0.310774407109308,0.893495344957832,0.1024337870603,0.898936067468595,0.0914921034234912,0.786170790423448,0.10759444004883,0.675362192051315,0.122269179552721,1.14462949674077,0.12415253986721
0.973170521831939,0.108052228071041,0.852542053137674,0.112600625110299,0.802054531929349,0.131508675536331,0.413080403527275,0.126198497390327,-0.575597958362105,0.117601686511712,-0.892317777708456,0.0162990799260846,1,-0.999999999955282,0.0359224452568383,0.218229462890429,0.602088835553148,0.102283530428138,0.705979401685788,0.0889736665633906,0.648519661651734,0.0922879030696824,0.715043460517308,0.101504996426033,0.796934366499694,0.121667951517637
0.950738229069167,0.114127686820496,0.670311512676118,0.0991087378621644,0.642873062936653,0.113139977163421,0.356941760083403,0.172311657056393,-0.371320207283412,0.116770724269905,-0.889527234867715,0.0170764368934178,1,-0.775152745220225,-0.255501406849676,0.247916442337551,0.642519032064579,0.0945115307775821,0.648587710111709,0.0861852041368976,0.693771589348962,0.0969281205706304,0.558757996086451,0.122314145645848,0.623399383585549,0.137290176806797
1.02495552531481,0.124907621309723,0.966557548926245,0.131740553998858,1.29690867034695,0.224154367882572,0.711876869117656,0.296398818474907,-0.918655107073122,0.221492294036021,-0.899089619126369,0.0169462083711509,1,-0.956082471475959,-0.12780728945236,0.250853668906262,0.781019647989473,0.0934572328617164,0.620475217894538,0.102143130231803,0.768764514247823,0.104656809519035,0.556221693368419,0.124479730234916,0.62283000979002,0.127513585743683
0.880021871653406,0.11907684545655,1.10262129134392,0.135742352629341,1.03325068706593,0.204959432814088,0.605026500765181,0.257055919472599,-0.653970038140173,0.183568933085222,-0.902341895055831,0.0174856535653214,1,-0.827118626735168,-0.342272098425908,0.242735022767695,0.745839017750873,0.09821711113054,0.770852433343511,0.103866754981498,0.644294887755581,0.112872185890312,0.648334670636691,0.138277537336934,0.744201704845517,0.144773975167186
0.965642934342729,0.110707835028427,0.806702981919784,0.108857998222646,1.02520995948019,0.186642719543264,0.641257554114528,0.241313814308652,-0.810816639525577,0.19227104123881,-0.882398325272124,0.018078689716287,1,-0.999999993810253,0.118193791633952,0.237931599197339,0.684220503065378,0.0949692362149993,0.624232583064298,0.0956062616405676,0.73490856056178,0.10500366897153,0.822593006083723,0.112531057665454,0.607878172349442,0.150599363610934
1.01010420452773,0.107683600779769,1.13916507357925,0.115663157535547,0.805387504594248,0.135241238141358,0.524747788029737,0.225002926088069,-0.609380972059928,0.151532418129668,-0.901353039682317,0.0142667396024745,1,-0.937370188262823,0.278453053106626,0.224659437535158,0.700903724612846,0.0868261135159355,0.645740821074758,0.0944055574708652,0.522263712749677,0.101955482574582,0.707367220315852,0.105339074280291,0.677906367515312,0.124217014822283
0.914318919893112,0.108755693954113,1.03793740658118,0.130464077123066,0.976116211153187,0.174952982978706,0.923394927995142,0.295301138053065,-0.927764762463011,0.202121087500479,-0.903250206860647,0.0156550757313209,1,-0.97722229879257,-0.106774007757533,0.257614661468878,0.49692382524271,0.108195123388798,0.796846546257854,0.0863452781824185,0.598654478912093,0.102118309919809,0.822569279777612,0.104622010055078,0.564975518217255,0.140219817771475
1.14335090562366,0.125147003969196,1.2316136562096,0.127583364238386,1.04542825508563,0.178337678915925,0.690966811744646,0.255172244522178,-0.849915424113462,0.198112906895675,-0.903146704081884,0.0151490343147681,1,-0.999999999876568,0.282720980810472,0.30278259933564,0.868287255168551,0.0832816943257031,0.737382322031113,0.0867788411707876,0.540030179190675,0.110684088491174,0.665061330869901,0.115399841415784,0.601314006504236,0.129602511876971
1.30336415937427,0.125776916046861,0.672918031210157,0.122007667462625,1.02017334343408,0.193612576024526,0.659059060762492,0.276585199348854,-0.729548520604869,0.199571146111739,-0.893789230158266,0.0189339389571518,1,-0.889723430815018,0.559239399844047,0.257949951977735,0.655167161655553,0.109850454852192,0.665976744734603,0.0988764061118176,0.616377484926197,0.112590612263739,0.559556555261192,0.122930321537184,0.779069597804749,0.12015044008543
0.809150876882784,0.120763550953496,1.19818341239039,0.1193915814347,1.18837480865686,0.216495246542422,0.583583141471825,0.201645619036271,-0.718887934236822,0.194762607034839,-0.914269998451659,0.0136080183215933,1,-0.863243083263052,-0.253636246728555,0.260197107202507,0.62807078496678,0.100794830010205,0.773914666055793,0.0941322010678373,0.906075499750942,0.0973627012292106,0.750286214972337,0.131320811021874,0.418896140470961,0.16269498289431
0.846235246793881,0.117991379940519,1.03603752768596,0.143429197545528,0.897885488111912,0.178276789890837,0.681084112450818,0.366617372337106,-0.782006992323173,0.215429730291109,-0.886952995470664,0.0208637689125857,1,-0.999999505579852,0.0658870290456893,0.23921959988906,0.69483469927139,0.110561390168446,0.549953488399193,0.110152911453563,0.512112177404953,0.116770972296757,0.654042290878994,0.120293870026338,0.550672959315224,0.149764527715455
0.994119069841009,0.12770913122708,1.11737997694514,0.159153879320756,1.22609901896505,0.245000549780319,1.29054185449303,0.478830884128657,-1.01607333169564,0.255977507276738,-0.910075797082436,0.0159039656466174,1,-0.807748636049555,-0.119572023306019,0.248840047713235,0.662403086967373,0.113388775221326,0.713451542880027,0.0991152217891469,0.879254678723132,0.107981307858031,0.78280188334572,0.11662319129666,0.65025814768336,0.147811319285267
1.00168112250228,0.122064922366212,1.16606035241677,0.131422578461592,1.29365984848794,0.225824791361973,0.893043553546404,0.325209133965133,-1.07484630909429,0.259642066798543,-0.911475851087759,0.0149115949591721,1,-0.999999999999851,0.236480934492951,0.272307042436252,0.766398894424559,0.0962727207230762,0.852163846781785,0.0887486418279832,0.704213440323227,0.116421770738744,0.793155745211228,0.114047859878665,0.745736323223226,0.125426053294583
1.23248866898102,0.137869556995187,1.02060393961236,0.138173395428596,1.07832240284817,0.197309940895932,0.601869477904927,0.312105102637549,-0.708442436690927,0.198701625924261,-0.938546611802318,0.0103883570341059,1,-0.879385082523747,-0.0671013791695012,0.259587395345639,0.843782328138875,0.104639526697447,0.842484007976288,0.0887727488059903,0.850559390536286,0.1032937110597,0.776443464523207,0.11977532747847,0.803346023448885,0.13007178599161
0.883689946268239,0.100546759311714,0.917365079207066,0.127499491776047,0.762562173107215,0.135392584175822,0.671782984816367,0.255108244148516,-0.681127026457969,0.16840368494936,-0.89963425216425,0.0155197188692414,1,-0.951647221688594,-0.0354849576556915,0.230335400785419,0.664058733884736,0.095234843854153,0.718490210923047,0.0897464072221346,0.679307099022652,0.0999795063502442,0.618834125182345,0.114106697519993,0.495350892504819,0.14277861652909
1.01307856023565,0.115145812969546,0.945726569067754,0.109790948106656,0.959003472485596,0.149436317976004,0.554185847888592,0.210531669733339,-0.729017251112781,0.174010205319457,-0.887868388788335,0.0156067810824124,1,-0.999999999898867,0.100262828668724,0.265902539360232,0.670117559985774,0.093576082622754,0.645649017844234,0.0944038497890821,0.732674936290431,0.0799327035764501,0.744117829819206,0.0959119784505247,0.820104525893202,0.117191097279526
0.959384326462065,0.108281838638362,1.01140216600199,0.117155656147214,0.955242118923434,0.15740532789417,0.552159730223444,0.234266780195755,-0.610639560306265,0.154681499471413,-0.881361068145543,0.0179882750249921,1,-0.84080607351078,-0.359578594016417,0.280670200386466,0.792626400244804,0.0962331250615371,0.592610276778401,0.0914914030815633,0.637543573095934,0.0949661331370931,0.661031814891175,0.103505380226453,0.701069400108718,0.116384936987853
0.909861526544917,0.102054406827385,0.880456760017194,0.109103247000528,0.756368145428304,0.154230658808382,0.511561965492657,0.191447256459321,-0.622036313332663,0.166719236365918,-0.879617521126783,0.0203374637444016,1,-0.99999999999115,0.318046303716763,0.228140015339442,0.508404015812377,0.101479885471608,0.558506426374463,0.0929513591783385,0.372361195017673,0.118914742955325,0.422859327362127,0.129375680706993,0.605595101596687,0.124550110250577
0.821992156225081,0.130339651583344,1.15479433254758,0.159144041935547,1.36518911429605,0.278679002117208,1.55128980174855,0.531326384711263,-1.10359538321413,0.304915573966081,-0.909013201354704,0.0165012162642721,1,-0.758345297305968,-0.19247813051647,0.276264411493365,0.722002088950541,0.107064244504529,0.84867473238126,0.0887522787483633,0.826381024706059,0.114631792863992,0.59308259678448,0.14105478731692,0.864895653875158,0.149634502961578
1.123921878966,0.124017422860235,0.934250898822625,0.119626110229561,0.915171565850663,0.165501083007067,0.600622109574997,0.26293531285957,-0.591422218235021,0.170979961187573,-0.897370883428528,0.0171257588772312,1,-0.797711254270988,0.278836038828331,0.241492019600839,0.559936811183939,0.103684410256556,0.652607958643684,0.0974205458254992,0.71169384425358,0.104866976026932,0.547137143080235,0.125995456431031,0.845014425761288,0.112714207212393
0.969362545731407,0.137863376450119,1.06812644897279,0.138407646444378,1.23931852985419,0.249329579343387,0.946529379926293,0.345122119437269,-0.767310628594549,0.244074511124374,-0.901553438338404,0.0178853503522499,1,-0.708455690436853,-0.296027575857417,0.290034302404303,0.833591939105138,0.107891078827848,0.775190009187458,0.102045466058037,0.793443403475809,0.112105791324898,0.822158962339213,0.132654456455837,0.705814949632309,0.152076344139884
1.15341272627724,0.131820026244239,1.06113042417895,0.142631434161753,1.23197382086613,0.22538600545894,0.954094231763928,0.387190143594195,-0.904399182432914,0.249153683218608,-0.91531876427052,0.0136764547249243,1,-0.834187708442909,0.191481665607258,0.279684211589847,0.784805397540095,0.103001213428699,0.717404752764869,0.0980089584361508,0.687421814304945,0.106010494921174,0.83848403658616,0.104123285386587,0.571080322132222,0.142491799339445
1.09831573582121,0.122683482390376,0.942964563422955,0.128049743806763,1.30799603592006,0.207487403680019,0.828096570737635,0.299256219467531,-1.01279889456364,0.223789993882615,-0.91341788020526,0.0132584161343024,1,-0.973149383098091,0.327558185597423,0.285753801893683,0.661717978491585,0.10538288518131,0.78438283465217,0.0872623257520223,0.827427378757958,0.0901029769699669,0.728011240087903,0.097375248449003,0.763154362954183,0.115532304975076
0.964231459254451,0.121430414765034,0.946679743404345,0.131746164385499,1.03750585942843,0.195609641032595,0.412126582575574,0.26961864839714,-0.522986544386182,0.174378998942167,-0.896602797525335,0.018175724598636,1,-0.799797279065638,-0.293683377245294,0.245129445148373,0.713818468271745,0.10656429888723,0.661199155300773,0.102204361693071,0.728077273468408,0.103474488320858,0.661801664308157,0.11706517259452,0.730817679889435,0.136012100780507
0.874511077194866,0.130368549142756,0.931923674843642,0.147325043150063,1.0595619434155,0.205224356497721,1.19349562212849,0.444904473231898,-0.854631238996049,0.229402371625995,-0.877305876337472,0.0233473018806234,1,-0.75998526599476,-0.150816700153283,0.301586035009201,0.690018429379277,0.105799671296648,0.768813234781196,0.0936535084288566,0.675915287490241,0.114822155971487,0.589940378413475,0.126145650022334,0.56940417001119,0.150569390568497
1.18444888337791,0.15222549580623,1.09526915115286,0.146466878321862,1.34783480954979,0.269098825262441,0.830021317864276,0.331676616358487,-0.89425544119207,0.238391074146197,-0.911155133621559,0.0162677115978049,1,-0.845470840501917,0.492275861112871,0.272461719067963,0.684797874711095,0.10574930876156,0.836733028508188,0.101664020801034,0.686349595660815,0.116952095284784,0.833450438158259,0.118009676805355,0.769012453491673,0.13584146383237
1.04977152734057,0.10642663721456,0.955939973756106,0.115930047735362,0.966151943914647,0.162135500527816,0.437149657560493,0.195012747982774,-0.649886906616851,0.175849017188933,-0.904637596694424,0.0145320463227997,1,-0.999999999950665,-0.0357480124168904,0.253589369983823,0.794300312210811,0.0975712854315286,0.62585965221169,0.095062585568796,0.5416257337589,0.0960611717328591,0.85284200345522,0.101797944558009,0.608450770995069,0.136242788805734
1.10991057784687,0.114945314674725,0.887665863476994,0.122276763274256,0.885914006546637,0.160337543399216,0.693762315117837,0.233150761137366,-0.71442987193428,0.168877023685565,-0.853091940073153,0.0260706058474841,1,-0.911293910771459,0.00779760985328921,0.228093931042199,0.66049794299102,0.0992936800235881,0.752278084015319,0.0898090585805301,0.633887216109069,0.100953481462741,0.67999872127363,0.114193155326528,0.534296540592426,0.130291978211877
0.931560146275598,0.124934751800455,1.265979087407,0.147761852090843,1.07829789216967,0.206200351462094,0.890484263957094,0.320460054810998,-0.795145910217315,0.213823428976343,-0.874119834593057,0.0225003238301594,1,-0.811454787215686,0.155277378066256,0.281661344088476,0.618907855484344,0.108686083304909,0.713374533144979,0.101299704044589,0.661518732236148,0.118827991783941,0.52516506215693,0.130686127144416,0.735894234235676,0.12875219503869
0.81277171842112,0.0996122196051154,0.894066308039961,0.10142007219556,0.769226387671861,0.130858619996836,0.118604097604366,0.0867052595811686,-0.302048674159697,0.118325787129379,-0.898372962572615,0.0162681023252374,1,-0.999999999990922,-0.0957914366455447,0.265369721029969,0.488297183068292,0.0983403398009274,0.50492543701781,0.0964388632701563,0.490545342380301,0.103483033989258,0.690251787412249,0.10217069094247,0.569927873737036,0.132057732691144
1.00442973262398,0.123605859905501,0.783311759154581,0.100533211723802,0.77423204462661,0.146757507939918,0.2685808299265,0.175436601405004,-0.353240018408232,0.124044123406313,-0.875265185121103,0.0208129691829083,1,-0.774634475931872,0.339514360594959,0.288276383689506,0.640549079787025,0.109357855610175,0.597311881697868,0.106552779743588,0.378084570236242,0.119086150467933,0.788922515727463,0.10526506179811,0.645591176529699,0.136863995774292
0.905400704617503,0.107250646554558,1.01381682206472,0.115717763920814,0.748404526291591,0.137642728906057,0.429815051407645,0.198780017815883,-0.550817550691918,0.137850771128843,-0.854170972808734,0.0225044811899614,1,-0.97117782414126,0.158086580784069,0.240173411331122,0.589960980182935,0.10592545775186,0.58056808677861,0.100107468629667,0.708024486727698,0.100570459360306,0.511064204276652,0.120373318997592,0.402699089466266,0.146494175419646
0.759556628636676,0.0950700258758518,0.90720471592288,0.105252974611057,0.706901580308717,0.123293913104928,0.360458011827142,0.14913057363458,-0.504785437780684,0.132567859179851,-0.879275772281886,0.0176002092137621,1,-0.999999999999788,-0.58421222598242,0.20568954063422,0.600239056610216,0.102766835152947,0.552089968403329,0.0919935118986665,0.603640833106426,0.0938992892083042,0.659235318319304,0.0970783331371421,0.598967479423791,0.117282114594444
1.03554941121894,0.122654458665203,1.11441409003458,0.140282526410295,0.784143846170323,0.153868592353081,0.751869893701273,0.31626143128081,-0.560965908975421,0.170836893637666,-0.898703192432404,0.0158682262817334,1,-0.730579113869271,-0.182122524678537,0.274444467803682,0.880534730034593,0.102833384811031,0.736677846816077,0.105626062291607,0.758202230756678,0.10321446780008,0.653527947877731,0.125757718407213,0.697787288142535,0.150482192663117
0.951966576088178,0.119645245381259,1.14356052607752,0.129700841265605,0.87624719687366,0.163014020938263,0.463633817440755,0.232998013185947,-0.604693407007128,0.178146131901441,-0.897620087517279,0.0174185102598948,1,-0.948711925390611,0.14511190457158,0.289413905772263,0.736370483131453,0.0976298816127865,0.663365743471163,0.0954608178259399,0.552867327001869,0.103690184050518,0.714319071628592,0.112063438434326,0.622178647313095,0.128741042426022
1.17505679343547,0.159765196680829,1.0763450389297,0.158442740623443,1.60786224416762,0.325075076302641,1.14550646763259,0.428115186701627,-1.04710758960647,0.310401010845818,-0.920777771050371,0.0152855548235662,1,-0.771557178101207,-0.0356229303384418,0.300467670790626,0.831909997896604,0.106833260936418,0.947869290857782,0.0980207642054183,0.916283129973779,0.116475684100939,0.897686081364812,0.125876211175261,0.571313177015289,0.154560010362794
1.03781316868214,0.127438939602671,1.10365652959989,0.124581938455819,1.0719600355459,0.191625162999982,0.575534475410919,0.298890049325127,-0.610403867034988,0.210081980001862,-0.905707016701004,0.0154090643798274,1,-0.777127553250801,0.228161230726327,0.323121943693895,0.680317997247183,0.107499721277378,0.695115525183995,0.0969419438143633,0.67205011012006,0.0932063489702437,0.791134810510955,0.108199032753067,0.57187991343645,0.151435597198279
0.901466172415134,0.103431899153329,1.08784002901731,0.118791797673756,0.79129596009735,0.153484368673857,0.539105629712572,0.277524032010513,-0.621713878670297,0.171032853969253,-0.866075187311789,0.0228033691113442,1,-0.951884279778152,0.0377256787106074,0.23948068810979,0.558540982336996,0.110429029796184,0.665910108544335,0.0939578364103394,0.645050718031623,0.108870963502878,0.611781612064248,0.115541504686095,0.62212717417052,0.134341163970943
0.994617389958098,0.115240410421353,1.09698755854882,0.12757245267972,0.994570092461432,0.1874348745037,0.648759114449994,0.243223715109063,-0.732352551126376,0.182816790045384,-0.869439640716719,0.0232973976229925,1,-0.911718494804392,0.135734459425766,0.216806619730216,0.701372455886624,0.103909078490234,0.653447815261395,0.100912539135801,0.638251740331021,0.106125016539173,0.699456956817688,0.117307739158455,0.529472835621137,0.15594985038308
1.13510049390483,0.131393878468575,1.00504370656314,0.120267362509421,1.11712420393312,0.183854390974111,0.6348989037497,0.227351446701546,-0.842176307147887,0.195673778186523,-0.919133067339791,0.0130311944666907,1,-0.999999999923765,0.123691961816002,0.307123246524854,0.682927891716252,0.106806481097532,0.813774367388521,0.0866044792211702,0.673662769936118,0.097883482949894,0.668489208070511,0.0975365575795478,0.703305723497223,0.105432781197095
1.013137104349,0.110183739758752,1.0334959603584,0.120120395114201,0.932220636699195,0.169431952834968,0.730677238172198,0.253027911422769,-0.816003836486156,0.189739923512939,-0.917687530076834,0.0136289852780354,1,-0.988712568580566,-0.0981684067195566,0.216253564859358,0.777577519068211,0.0939272627433495,0.675392249136391,0.0985722931532566,0.695928646963765,0.102734417589239,0.625602402366209,0.113424151633302,0.646732085274212,0.136340939747659
0.925484646411232,0.116693060648519,1.2479480678649,0.134908715874277,1.25834105122897,0.218973846230982,0.646481166301297,0.232654927412819,-0.901938906136095,0.217286310990373,-0.918787418187512,0.0124788023663415,1,-0.999999999999184,-0.0296467180835921,0.239721802222201,0.851337999638319,0.0939284497730114,0.822116371520988,0.0922338013352711,0.437938157310301,0.120602777847744,1.00986345314839,0.101380447492136,0.689385606252071,0.149103264947386
1.02482982579305,0.118795570193021,0.64402732226213,0.109681463380509,0.902905259315516,0.159262720756722,0.444111494292535,0.177709200675133,-0.604880907143436,0.167542603571719,-0.883590678387728,0.0192635093070235,1,-0.955218617129881,-0.167864983705975,0.266391810617776,0.584958357142312,0.102402664156468,0.661197466905172,0.0972346912650098,0.620592195310113,0.102237311203341,0.728823533693343,0.110084436705441,0.613232066952204,0.137697847150749
0.927810717575012,0.110913454209938,0.93277207333472,0.109849834296062,0.797807429015856,0.144124181310995,0.181616312296612,0.133390397583172,-0.350798876893122,0.118372619874705,-0.89547503544343,0.016350647434942,1,-0.921577216987995,-0.158710900994655,0.231799704189303,0.692740267024531,0.0898019754382707,0.529605285672115,0.100174943330047,0.770760886387814,0.0985075529076578,0.664201454074695,0.11788537445649,0.806663339538421,0.131165829564027
0.844362268056366,0.11095050163149,1.42202922181718,0.149359231722987,0.870356268287224,0.159187329442726,0.674370557696867,0.25205238342297,-0.570992990728303,0.164412931298815,-0.877636006793276,0.0200016207889359,1,-0.745303131079487,-0.608275225208017,0.239410880938074,0.800682544774183,0.0990441648050553,0.808295995531064,0.0919574667327386,0.675988540377261,0.0995340062217339,0.450584236885264,0.117014574347935,0.621541378101669,0.139957365286373
1.01708850024438,0.114887620590977,1.01723360791228,0.130211397032026,0.915019598163737,0.157522660887051,0.402049828902631,0.210045526334928,-0.486288927017456,0.145240147314826,-0.920378987971115,0.0124778744256277,1,-0.801750504366777,-0.238334644453265,0.262097392056944,0.829545404849366,0.0989167117232256,0.786734570910586,0.100007387522477,0.561166075368809,0.112914082394271,0.702993678502407,0.104578760238894,0.737740489344408,0.122178614623929
1.09681418246066,0.130995231699939,0.957587824704884,0.13449363015971,1.13316195566753,0.19196660253541,0.747154366185492,0.321401422735518,-0.676025716466585,0.183544141127413,-0.911646339577304,0.0127949086172892,1,-0.734703409272845,-0.0290481132879363,0.291260377060201,0.586707378962057,0.104920106077176,0.851810113337413,0.0980895298342511,0.719754909898122,0.104311654560684,0.777691757267671,0.099301945151109,0.542010680805092,0.14690598094475
1.05226895272087,0.109333846351744,0.897073926683758,0.118582477801013,1.21256118435897,0.205250488424766,0.605590911456038,0.228551587790256,-0.845542317492943,0.207456040615103,-0.89696860917111,0.0160286356791707,1,-0.986719799100322,0.024056349111441,0.244876251331152,0.747383193819825,0.0960649419029997,0.675853416918931,0.0980336018477308,0.747480972833676,0.0918448976020648,0.649046528165448,0.115375905251878,0.686314030938895,0.121524352070633
0.939586302629524,0.126209443486453,1.01937982159035,0.145116746969893,1.22631108440973,0.22496359678588,1.20930576201473,0.386743823493631,-1.06682976008972,0.240282382861699,-0.902409342221269,0.0169597302975643,1,-0.876045643398904,-0.156841209032351,0.250907670902952,0.623581257808981,0.113706547675832,0.815681037258583,0.0968774186367892,0.807578462524807,0.100952081295591,0.631878397341072,0.129711953362925,0.723433618289817,0.129271942833495
0.945051430219479,0.133203108325788,1.14903543508626,0.134612059631588,1.38231454983845,0.258946902661989,0.699359042433484,0.279716710179681,-0.898363049299684,0.243826789518166,-0.909802135136949,0.0159029578178274,1,-0.91368888904765,-0.131405642053979,0.247819604856562,0.772891597847568,0.0988842801309755,0.86521506516275,0.09373694851694,0.632289592464099,0.109720134341836,0.70017373523646,0.134849032628835,0.561221617905779,0.155505596624389
1.05370827217189,0.113211514189749,0.975775595961998,0.122507955463738,0.746347409868652,0.142232005629199,0.571687293817264,0.214870421966409,-0.598720520150257,0.146125435478295,-0.900510049289412,0.0176781052571248,1,-0.916588403291508,0.333678672574223,0.245211253161282,0.642404438569524,0.103873967322403,0.60069981007249,0.107473220443134,0.646526827541264,0.0972401547476554,0.731279754921916,0.108597353805858,0.754821212662464,0.134531074151823
0.930641243052369,0.112268155289003,1.06488214439674,0.129071590407903,1.05231829366373,0.194498176887477,1.13990859453058,0.372941988348363,-1.01698426878245,0.238798769106659,-0.903354042624804,0.0160061122106807,1,-0.928550783714984,-0.0809929118174522,0.225408041871223,0.750978793339519,0.0935257281595423,0.572284731156883,0.0968016224359648,0.618426366293016,0.106595116902601,0.786586830679308,0.10716948954047,0.459093476851141,0.156367720358142
0.793690149393409,0.11570324989616,1.14568765189431,0.134152366642893,0.873608398353577,0.161927517158954,0.476268445660881,0.231770468017677,-0.604693326179166,0.171521909212778,-0.902638413808531,0.0152080423747909,1,-0.937455951831817,-0.206311044799452,0.231825360450559,0.64115434750871,0.0997363228152472,0.596957771192952,0.10002696533141,0.709660793414932,0.100866985939239,0.601956423431657,0.111338668845491,0.695032870439555,0.123766121460987
1.03993966681128,0.116370761505305,1.04112847052505,0.1440741097632,1.13357187956963,0.205908040385227,0.548813651987312,0.252207374778773,-0.788745664336973,0.22774429678151,-0.924870975725909,0.0126286299766112,1,-0.999999999994892,0.256663143193313,0.260756945320913,0.660654116063936,0.106755571702043,0.774538652314647,0.0929292798219462,0.84793107147268,0.090985577027875,0.571569642244939,0.127707568481071,0.823621723297579,0.13800102497425
0.909866067817941,0.121929125624708,1.07401569585884,0.136086045977352,1.16871981162836,0.218137816719999,0.63185831059816,0.278252566825478,-0.816220154724191,0.211848121350511,-0.900879967024314,0.0186111587180727,1,-0.94982207846686,-0.210382439224981,0.262058854846166,0.687917594705564,0.102502162325991,0.735963094159443,0.10684938614008,0.622658713010369,0.103078166971718,0.760107033923972,0.121964436448085,0.965807358141999,0.128975870602116
0.969753979218583,0.122091185242133,0.963475896250382,0.101474743515229,1.06571137074151,0.2016138313813,0.141785159561786,0.091975993449033,-0.388718480063839,0.141927116467399,-0.90889508742439,0.0154374189720039,1,-0.999999999985924,-0.0442201434514309,0.263408040698556,0.676405445759999,0.0935374856941403,0.780336433874638,0.0909002660588047,0.57734523686072,0.110638380580245,0.829485974029211,0.118053963092395,0.64837950173879,0.148043473227438
1.01837913953739,0.119043105540189,0.856716479434515,0.11488391108044,0.984773346801951,0.17082931800194,0.648344938333768,0.247157325736226,-0.791837365510349,0.179801270109568,-0.882893854281732,0.01827876227615,1,-0.990979764339549,0.075079846785489,0.27456770344908,0.607730956770045,0.113771199110955,0.673849556410704,0.0966971799299041,0.770367655461543,0.0948713828959519,0.545649456773179,0.108908523422417,0.574128985691332,0.129947921238855
0.97744743457117,0.104666111553745,0.741459063728741,0.105885526939395,0.870112569931051,0.142994309856781,0.487928013907118,0.21485304046076,-0.596935221780282,0.146633742297665,-0.871966589356719,0.019308093518509,1,-0.916139496661962,0.0731840881866913,0.237296194852013,0.722336013613245,0.0985890815412497,0.668407121561247,0.0818631583423712,0.594158461531694,0.0949273748042932,0.645552654664613,0.101005995118251,0.49535302153475,0.128411057849068
1.0014144861937,0.109161029241364,0.965324789112423,0.110526001731755,0.744721125707216,0.133309663885884,0.300400274118509,0.201281792769262,-0.40989352953165,0.141332029990816,-0.919481636776411,0.0130466246053446,1,-0.866610733068103,0.0101121163162535,0.264532117074358,0.741422245249621,0.0932688934661178,0.72715274093681,0.0937825827839799,0.823054324515039,0.098067737400982,0.827522240870658,0.103579755213696,0.564176374737719,0.135326346839771
0.848793853248861,0.1060957747351,1.01346476973998,0.125929641598157,0.831795906777607,0.148428698787699,0.739870169850364,0.269035640852612,-0.690001220461088,0.164986837446061,-0.856329356629906,0.0231348365662525,1,-0.879556435510313,0.124418234793382,0.213020403291005,0.517464899624557,0.0967376919077776,0.661858236702765,0.0932007760614128,0.562650262001113,0.103299037816275,0.643785580716274,0.106882366416777,0.666613006325939,0.131615416406447
0.878731068959004,0.129954262148236,1.24612856683342,0.128713305998175,1.22202257672424,0.211964660641766,0.27106916480183,0.143286014056891,-0.575545514477762,0.180397958454145,-0.911057658954411,0.0145679967462876,1,-0.999999999990719,-0.090676693678455,0.283400581336027,0.629422535940815,0.105268035869186,0.745723860892401,0.0871962494481475,0.653081855701212,0.0945756898792106,0.742709650323262,0.112629577362822,0.73329196320885,0.127706385052109
1.09324326159564,0.13604604002038,1.09062590331706,0.13163898998142,1.24945718715115,0.247711106403463,0.667879599399033,0.329416357667476,-0.779367019453727,0.254273795198719,-0.914392716893498,0.0155254358886522,1,-0.853163456354131,0.231693539935828,0.257174606832594,0.685221627099182,0.105097241183573,0.834182004846493,0.101048751263116,0.744656951104416,0.113165892930381,0.572731528656157,0.138716422674724,0.552153093927959,0.162533630213599
0.834716485223204,0.11202978041988,1.04862989860466,0.135894256218436,0.990992941765271,0.1753323774444,0.570592963877047,0.207142433627056,-0.751966487505296,0.179696728899637,-0.895895437726014,0.0171743921327902,1,-0.999999998680681,-0.270090977315833,0.232174485015205,0.812118623079674,0.0908225230634397,0.674411816110501,0.0931544921554704,0.666017330689623,0.101220177984752,0.439254509700825,0.127774975729126,0.614030505973661,0.128297697101273
0.97262709767615,0.115652877597952,0.896868536658816,0.126744668032786,0.820823769400646,0.164394812470866,0.695601519835511,0.270482444995367,-0.683113639669563,0.177335651562876,-0.876237297163039,0.0234978254213518,1,-0.904040181276272,0.109771099128665,0.225117128919524,0.745488625761421,0.101399256017955,0.476449896991686,0.109763853087732,0.618103195062753,0.113076516618621,0.690581691450264,0.124595830555503,0.58911336058705,0.13077020899677
1.13100046389852,0.127190832353376,1.05249877807459,0.138526742196126,1.26017584692398,0.23308691367411,0.477363294371529,0.20341242981973,-0.775604081798342,0.204242983902176,-0.902034369008679,0.0163660419736795,1,-0.99999999827714,0.12653561435623,0.239009595292405,0.724408653685115,0.0947493762053708,0.692494935823564,0.0993353250524955,0.799997680727023,0.107822142865734,0.717318565772492,0.119398529278782,0.49436431406569,0.141031795995295
1.02775052495002,0.121680928993941,0.92523830276129,0.126353524105704,1.31142804996085,0.242065517676547,0.811634696541498,0.322211780114364,-1.03169787586029,0.269200433517248,-0.914437267464039,0.0139666233572584,1,-0.999999999853747,-0.273767710617054,0.268031402463903,0.796555958256893,0.0993980685874347,0.694203484860293,0.105879225524289,0.652390510734073,0.104317153531119,1.01811716889793,0.0957802223776435,0.55571429820816,0.12572885666945
0.881719522008617,0.112038104762341,0.94514621457619,0.114482245169554,0.987236517112316,0.180562974872915,0.507365017473366,0.224653162935128,-0.702436222281854,0.184030884604806,-0.902916143856765,0.0163778611614169,1,-0.992512609923965,-0.148265675540657,0.227762150469489,0.63596622334272,0.104699467748039,0.597123631278327,0.102793496321609,0.691498074546688,0.0994326145778772,0.524953848004119,0.121170300112887,0.718135102233458,0.117074625827416
1.11830833902096,0.116041843213872,0.936258615874026,0.12108509044183,0.798676832935184,0.141029776666075,0.267439023943177,0.131615188422391,-0.462165936261322,0.133438184894767,-0.899698817859965,0.0164631826928321,1,-0.999999999986167,0.306699363389023,0.265263368098213,0.716821132410533,0.100427994534173,0.536839722454504,0.100840969590055,0.705477544649603,0.0980221207488469,0.649397736191249,0.102407675807463,0.531083815405923,0.126615440422249
1.07456579112692,0.125836878595361,0.994035043909578,0.12363508610911,1.10470070099762,0.213727351874886,0.772764067335428,0.291650269397337,-0.905765871239872,0.217483755116699,-0.911887034723033,0.0152661256538367,1,-0.980325225726095,0.255061601836404,0.248725500970855,0.531851419904633,0.112853558412383,0.786192617743237,0.102271201936113,0.715757829757887,0.105914821032168,0.618382035003591,0.123916288794639,0.834499481926832,0.117637336823152
1.07249833316831,0.13201461054612,1.00288352049542,0.141119083377528,1.24391827828064,0.263605707448898,0.651808219848138,0.251920749083964,-0.570655574818597,0.226577549696132,-0.926689717673823,0.013919286831026,1,-0.633750365921441,0.306780456292937,0.287254906916566,0.611854912308023,0.110850926254542,0.853464180178926,0.0984932790094604,0.859555766594058,0.106421829782991,0.827267368339709,0.131920671528968,0.794334169990881,0.144777750878625
1.17216596096495,0.119974562343055,1.12939741585866,0.128087592454415,1.14905836835706,0.204535143684252,0.797002808189124,0.257592028502743,-0.956975833735514,0.220779890149629,-0.910593171247353,0.0146474781309947,1,-0.999999999999994,0.312059512955781,0.243010172311018,0.653828337105376,0.1025614926803,0.779751905615863,0.0929745283750774,0.664548620663667,0.103102695249903,0.863758978446216,0.103234941507273,0.777161755296202,0.121629385995915
0.86592742597307,0.111446541064213,0.803072424731669,0.123268685079464,0.928556276632356,0.177342742141604,0.609669579094684,0.244566901730065,-0.743214413624651,0.183818143409112,-0.83747628111223,0.0290781508146507,1,-0.987785725587269,-0.260426985757774,0.242357215675013,0.643411655209395,0.102650010914406,0.597501492542468,0.100851845622151,0.658696224647384,0.101393104119466,0.585100418934774,0.130465861873741,0.547566279280608,0.147148075966949
1.21546769889715,0.129851705045327,0.978825721127672,0.129467921595135,0.967154314483618,0.167218322126435,0.940611658056602,0.365918416891959,-0.576339891142759,0.178263016925916,-0.908001439794065,0.015741299843781,1,-0.604262460555862,0.303623553401328,0.263416405005158,0.78552572722352,0.0990164239012576,0.79209017012474,0.098362460691226,0.864711119157124,0.0899473923509301,0.801256602745207,0.102943999184978,0.665523194697435,0.135769933450639
1.09049129507761,0.123754473230197,1.02479764201802,0.117747519284303,1.18158397005411,0.215358437845833,0.61793776705393,0.269645531018861,-0.769494445932012,0.200370421500882,-0.891689621426169,0.017954451520592,1,-0.900535472774301,0.0792323515095976,0.271590582076277,0.747025406697345,0.102980802011508,0.727505057367891,0.103369370859756,0.839514651273756,0.103513379885363,0.715361855318091,0.118572822672113,0.757292895240678,0.131568556988229
1.04286648948439,0.115536966408767,1.06674807680666,0.108622000730299,0.987380331227847,0.167519372119757,0.510356341740643,0.233507772864194,-0.691892753300171,0.184153624478339,-0.875907864305132,0.0177577335048998,1,-0.974674913511924,0.193184035891858,0.258364246079005,0.685286995315399,0.0958571160224761,0.748249941685186,0.0847214800921288,0.625215098016371,0.0977256787823481,0.649293855586902,0.104281741735734,0.80484247891611,0.125606128388589
0.999952385507374,0.110140440344003,0.968737180642127,0.108158954386114,0.900772853017297,0.161680257298941,0.331924359415408,0.139345331004685,-0.546798365226058,0.143135954008952,-0.906416122935087,0.0159936202084286,1,-0.999999999995542,0.213536002281039,0.240342764304335,0.481802490545705,0.113562563765345,0.719806932699757,0.0944600564458523,0.736385510680721,0.094087835282393,0.742983872695116,0.103648396148597,0.516027279561318,0.148565613037376
0.946117575240942,0.115169435876432,1.04797277567237,0.109789968821233,0.879491708649164,0.150895443257258,0.327875956735339,0.181749448952143,-0.496081202976693,0.128630944896519,-0.891141845266791,0.0164543997223536,1,-0.923808834813181,-0.112177091977811,0.231337094829159,0.729744167003974,0.102200143020237,0.499579309299597,0.100321421922203,0.650160589345888,0.0953028043250815,0.549681637444097,0.114942428484806,0.882237474799339,0.106058646281052
1.03357485191389,0.125957756288682,1.05561429804363,0.129808071964691,0.918288861110398,0.176315469573737,0.623458573073306,0.280924290600615,-0.636759689907645,0.185545935991333,-0.893205648304002,0.0177334382274845,1,-0.841554223250628,0.202508939018696,0.267189184557437,0.599921805562966,0.114040160924679,0.612794882884592,0.105462688703184,0.790645333257858,0.0988532550866892,0.658482408807584,0.117972412094273,0.61851918291431,0.125541281214297
0.926861837929502,0.131877351502474,1.16280875288287,0.129482210790528,1.1986140602121,0.228334933237172,0.773549907704301,0.295944131680792,-0.890024226850945,0.235516774859395,-0.91477563098805,0.0149157591044451,1,-0.924310688741386,-0.169143296012895,0.293627478074395,0.905078411661043,0.105756125152888,0.720619587271993,0.0986643630740381,0.741013904616979,0.103947326372357,0.759875133304701,0.111842819071334,0.761904253886139,0.144850015277996
0.950013780937149,0.107603972081577,0.931552394074432,0.126906710227724,0.818328398452284,0.153020615490353,0.568848907465496,0.254169800220734,-0.504462103785902,0.170861645593361,-0.906019549398359,0.0162057375684286,1,-0.73937756939264,0.0680008501376515,0.207699533404318,0.613211963699696,0.0983535143851931,0.688352863311427,0.0975939502480584,0.774970867443737,0.10254324282812,0.592197745055022,0.118128234839595,0.738154101743654,0.132680441150266
1.08188703443386,0.137225333780802,1.14052322140107,0.159140287936966,1.17878454234377,0.24031379944546,1.16777460839333,0.434930941308508,-1.02187172792669,0.266430177184915,-0.914528180128041,0.0167198176948385,1,-0.870962895375165,-0.128658244357001,0.257787039740584,0.6492571281739,0.116733837386967,0.897898441704602,0.0996342707231205,0.732621563492292,0.111434956183247,0.756270537883324,0.119559909790129,0.80034876858253,0.14907143968365
0.82963228251197,0.119124565641801,1.123074651271,0.125400465646658,0.98453970640031,0.170074364171871,0.693638032446437,0.244575608068139,-0.758313144090529,0.18275478968326,-0.893390860101497,0.0167406566809078,1,-0.917625591549183,-0.371875353578344,0.264541722121647,0.627223232870813,0.0894929312039443,0.727572961617716,0.0849536613064384,0.648393950112656,0.095314722372095,0.664939548062338,0.120026843069207,0.65039895102755,0.13894487181738
1.08430431536642,0.113426094799366,0.988126501459532,0.118357459774284,0.923124318592919,0.164301775579154,0.724517187279566,0.297945834665072,-0.763932690469884,0.192198337278412,-0.904478236518371,0.0148423137065549,1,-0.934115659502119,0.406364896333977,0.24768305370326,0.739678935480572,0.0996849252243873,0.555477406197395,0.0992617973677386,0.728128997746588,0.098369352413545,0.610159183086201,0.109079021293419,0.699766939125608,0.12819064228604
0.944749231237392,0.123921096685457,1.03613310514135,0.136065053149998,1.2085922168851,0.221950213872402,0.691209943038767,0.29487158979026,-0.848175421459066,0.232426665260667,-0.89257688667708,0.0187578946854974,1,-0.927984662303113,-0.45044337319299,0.271581271126877,0.772432514344734,0.0979588684443126,0.736560141464058,0.10035404195378,0.687447865425108,0.108911095330935,0.647402758797518,0.111256789899563,0.66052698128705,0.132795171370169
1.29981572171714,0.128713176211675,0.911431850427335,0.138377559077392,1.1128242668811,0.206287538183897,0.93816274787689,0.367485178702955,-0.817320450391304,0.215524735737414,-0.902131700432143,0.0156950332390492,1,-0.799907888605249,0.677759553866514,0.255323172817021,0.581088746796875,0.108695654227024,0.701415834241481,0.103566193852983,0.793436726287763,0.0933308413081857,0.757959682903408,0.107098563285815,0.674829165597731,0.139615070320798
0.981233878215977,0.116089753788233,1.06723207561188,0.119679077914283,1.06142190952249,0.180954539906149,0.792061324989935,0.296805115404819,-0.817884053933644,0.197075880341065,-0.904236707979664,0.0145923605755408,1,-0.892007103721714,-0.0890949500721902,0.248485300414851,0.730072791644817,0.106051489962581,0.628031651098671,0.0983523876397806,0.600438165082714,0.106356327061508,0.884876746801456,0.0925786196924392,0.84080484701577,0.126929767408362
1.01208007918888,0.102111339240214,1.23545785918276,0.132864117541899,0.711577845512257,0.127394355725781,0.545280095713337,0.288624337909555,-0.550406360534972,0.145293123911433,-0.885697247119498,0.0165972414031454,1,-0.883613642311357,0.458837590896171,0.197171328389042,0.532052795047902,0.102910076879004,0.7045132409165,0.0919067312307381,0.82193637976687,0.0933598727535996,0.693459478115281,0.119844581562266,0.517264992454056,0.13912832014066
0.777453700633259,0.10553553204122,0.982789590291899,0.134312144554753,0.761996583692228,0.151517889802779,0.720670492039874,0.300654347926741,-0.651853648210453,0.184859490272382,-0.874592209996795,0.0224341969385117,1,-0.879640503099933,-0.225038126151069,0.232262529043533,0.494920336326262,0.10622626136272,0.718114348862698,0.0954439143773872,0.615969057037002,0.113394227594214,0.581801239769593,0.125678123430598,0.472896222524582,0.1371929885892
0.991366761109654,0.110186597340352,0.934914776514198,0.111168103597139,0.839548393123527,0.142273998245901,0.404325157983897,0.16415821053258,-0.582623838057965,0.153201953767949,-0.878205626524135,0.0185411614612102,1,-0.999999999983204,0.0732322452485056,0.247501746028907,0.652648693243139,0.0943453729575716,0.599383080576696,0.0952873625171559,0.562597605902429,0.0957114306674626,0.614920260617649,0.106692918420016,0.741093427327718,0.117589112922448
1.0450430254153,0.124732672997947,0.99022981141169,0.12808889380188,0.999743706662071,0.175445994842166,0.729995999922177,0.266123482863105,-0.757840076338258,0.174633667923404,-0.899882382322985,0.0152357082673364,1,-0.887100835712576,-0.331426081964414,0.275196945785287,0.823689770455368,0.102290140799582,0.781430549639586,0.092689904289282,0.701690560611959,0.0990818269295409,0.782228603163247,0.109020912605241,0.697762888446021,0.130023462372735
1.01898941567553,0.115742018700461,1.15994351875629,0.124107547916182,0.924001384752288,0.160918022402846,0.445617662316451,0.197489628523673,-0.639426237010972,0.166981962307457,-0.898237883402062,0.0169274148580898,1,-0.996489996461155,0.136341091144935,0.259013911006079,0.556305882090006,0.108502953372839,0.664109179067031,0.103806435684877,0.687961241189839,0.0975133948200326,0.796859561836366,0.0980196895021139,0.930318321893987,0.11210350404227
0.998778853583442,0.132742277373342,0.885084816659465,0.143371946380528,1.06346965691581,0.201559788262615,1.15426540008461,0.420854451340637,-0.92564396209427,0.230303049237327,-0.915740407595418,0.0140700449591706,1,-0.835465618503611,-0.250541783540721,0.282232609726678,0.710760844757707,0.108657833276594,0.823545429460484,0.0957418497401481,0.778026867669399,0.0981688284420181,0.611641659513111,0.127549439106574,0.695413942799189,0.144213845345875
0.942162061863191,0.118188572392995,1.12130846936268,0.123508047056748,0.968593264682974,0.158885880774877,0.466448183771585,0.182685872160678,-0.616189525611301,0.1552014807629,-0.885624738699955,0.0171276050853531,1,-0.916730933367513,-0.147810962562919,0.270230496334424,0.685389069869036,0.0921607408798368,0.727414609617491,0.085734320590033,0.595875254242735,0.0958736134758569,0.747024475756892,0.111683194073834,0.677658427239511,0.132267912643815
1.07058768840258,0.116145817337549,0.945920945746039,0.105583020680719,0.889544617621307,0.157543259029335,0.40578458417828,0.189701516130862,-0.460713030315479,0.141001119050866,-0.88190173475754,0.0183959905035574,1,-0.766829576825027,0.0815757242241567,0.233204404225142,0.650646455182443,0.0996981029950386,0.658769038991275,0.0965264964003132,0.642587211586581,0.0975127404376239,0.709755197509907,0.101009060910654,0.530113463809908,0.127943834791219
0.858221635275666,0.11627020029678,1.04716667508218,0.129164630182906,0.872901612838946,0.166824373577777,0.833518331074196,0.319510611381003,-0.818227656876247,0.189386286277333,-0.907808046525186,0.0169323605927838,1,-0.959254685705659,-0.155489251427375,0.236355287724859,0.700266015332018,0.106534855302411,0.679044337026195,0.0981188214170403,0.586466569097556,0.103650238413724,0.783078487193075,0.111669138647244,0.641755028376726,0.141790602411292
0.990315886076334,0.121906674741663,0.823187007016355,0.133935568474386,1.08151632750116,0.201506290175756,0.919044264166199,0.328866790061078,-0.8887363179674,0.226179775458095,-0.882771213153357,0.021158651124101,1,-0.89143190396041,-0.124991493402795,0.244266884272323,0.620977177694587,0.114222736408431,0.639898900833661,0.100415967121808,0.702234494729112,0.104492447704674,0.674882253701832,0.110120216022557,0.631898014409987,0.137717453160276
0.91501269401651,0.120869215438908,0.928843922826537,0.130720743004939,0.927643284225035,0.158859540017774,0.733522074015839,0.319909357727739,-0.547997884703886,0.176632139303164,-0.900431538718651,0.0156870298370486,1,-0.664326819771618,-0.365796717849637,0.25870306142534,0.85355543494337,0.0887405509554103,0.607390365339072,0.0933541206885179,0.651255222330428,0.0955675056114452,0.688813267383454,0.113703371616337,0.562090115078075,0.150203682414574
0.885013812937386,0.10793602956578,1.07054756614907,0.13015312531955,0.984771475443363,0.171931080732703,0.424018476135767,0.220045332270393,-0.419668362648925,0.170927836904065,-0.871865529986749,0.0190797767455306,1,-0.649450581196713,0.230701679563073,0.239524373373676,0.654553405347109,0.0986969903214426,0.656511686387913,0.097253492072516,0.82605629303317,0.106721052005393,0.608469366503048,0.109198787363642,0.954365244807364,0.122583884264388
1.05984108246549,0.118205847510928,0.979875614541121,0.122986340454514,1.08573484428812,0.190256056871573,0.357819525312751,0.236663452240729,-0.534214308911041,0.180712605505105,-0.925709683518151,0.0110096344176751,1,-0.857080493282382,-0.0293786664006073,0.296739134104628,0.790993874224316,0.0950379550567745,0.795513151406894,0.0850951346934985,0.699974778871335,0.103309874715558,0.674191418467527,0.119378901290463,0.908126065686762,0.117883238971435
0.925518818078956,0.112367638760109,0.744396383215953,0.102218460588435,0.761082491953967,0.141548423934378,0.277487108478645,0.145164147893231,-0.3453063316008,0.126073687784795,-0.883566017585094,0.0193488418795169,1,-0.751393216995327,0.0855296200965521,0.266435860436862,0.689137760014418,0.106540029165222,0.437098875572357,0.105873783880573,0.394570046858132,0.111915248678739,0.783422891941805,0.106110935003183,0.648980374626459,0.131211136608342
1.06142489843857,0.118736589093884,1.03705987976537,0.14450230386327,0.999491782064419,0.186589623971837,0.897769027687464,0.37038503159494,-0.787261785230719,0.223711069810262,-0.909684427145467,0.0152008331406658,1,-0.831088451625867,0.423077813991897,0.235610614061999,0.696782432560577,0.104929673752143,0.652766654402684,0.106784337502718,0.787834235459197,0.10650483891486,0.880165549255901,0.104512439238928,0.637345917957571,0.140236629819083
0.926738049707066,0.1219042017153,1.13364183406303,0.130896430220357,1.23129961761411,0.20769882176851,0.9309727463501,0.311925889923837,-0.844179697769446,0.219214552220825,-0.895981140550721,0.0167237708088266,1,-0.788468862573719,-0.302872542533021,0.270193421452609,0.706586610155296,0.0963674829138114,0.752124170057929,0.0823404890781942,0.765539632496703,0.0921144926824373,0.818881921949174,0.106269213233187,0.706570543674608,0.144669533383151
0.944873443764606,0.110952536436736,1.19563863106115,0.133472980901939,0.785487662912913,0.141091090974697,0.566013559430868,0.298663842630856,-0.478597013455611,0.165262031490307,-0.893661356792538,0.0174599625296719,1,-0.717772611091084,-0.0779293346573961,0.264603496957803,0.715561331977317,0.0976615702491309,0.656376619664986,0.0892500692108993,0.535555861388655,0.104232349758956,0.904466298947521,0.103070275948225,0.508430179352738,0.151406781829727
1.22718358671565,0.120146537704624,0.91200870986195,0.115216667536879,0.852301190706634,0.155478548821012,0.479097133892625,0.220081191210059,-0.591153350350038,0.156812466066599,-0.897207539658828,0.0179320363997635,1,-0.925106689350678,0.050381650602186,0.23423231775934,0.72259322882431,0.10415333262189,0.757955814879354,0.0946808498913684,0.764248086217367,0.0921938077471975,0.659495654812242,0.0984392870992977,0.564061965437519,0.138175331023637
1.11646948862507,0.126880223137319,1.19665777414301,0.129069179618397,1.08457648475251,0.197140417552625,0.435656153491219,0.202069525641427,-0.587705386679481,0.197394936095194,-0.911339968998289,0.0144193171295972,1,-0.854983341371243,0.258517017367367,0.261802063573872,0.705991067552352,0.0905795783044426,0.776205425423797,0.100210004809075,0.596407120278392,0.108231472118342,0.717911889101488,0.109526165892217,0.904103603823323,0.121464852446655
0.840073658335851,0.103154498508014,1.11046116156657,0.131830909377722,0.965590589328412,0.181943587670657,0.489528541564267,0.213556442505088,-0.687520292559175,0.190862011862343,-0.899865973827197,0.0176688807175053,1,-0.999999999723426,0.0389581015781999,0.212841136440972,0.637581282224695,0.100495748872624,0.751154642206326,0.0887184631358565,0.568114231424135,0.115485327270752,0.688113380496612,0.108359749496867,0.557492627740602,0.153995055039745
1.15149558902621,0.113770224069116,1.08063111095614,0.103428083786995,0.950970672865681,0.162542583448717,0.605117570299825,0.197662301333594,-0.758583589982582,0.170539745738671,-0.886291762707686,0.0184808014035099,1,-0.999999999999992,0.0599784336318414,0.241934162920745,0.708599686885021,0.101893348701336,0.607501423937947,0.0964247719224153,0.809450559702648,0.0899265499038736,0.680619700046156,0.0926032148928017,0.713548641698381,0.110947022361451
1.1891475293762,0.139151300215312,1.03228929871647,0.141727444603185,1.26724921000131,0.265105001196371,0.966235058117814,0.410755198905661,-1.09282540070634,0.289199316951227,-0.900357848690303,0.0198051567049741,1,-0.98759383618305,-0.109343837330263,0.277939760593106,0.85093833717313,0.112266815910118,0.869550146364312,0.100736661737867,0.738976713743843,0.114974916931333,0.628568296314642,0.138213116577847,0.702008980412111,0.141754808956495
1.08696204420927,0.140008836490201,0.835127812244399,0.133595672946666,1.29109693327629,0.233270002567925,1.00634666440719,0.368753274223,-0.878031254661891,0.225608629074253,-0.901081601798312,0.0162468771837079,1,-0.77029440777901,-0.270353167762034,0.283761943286597,0.897600950497748,0.0991182175883602,0.779481708719137,0.0970393534926493,0.846309867558525,0.101136927305832,0.670929372725319,0.112285258827346,0.688835315880236,0.133264350269506
0.845681038606778,0.11778929667465,0.9434016551265,0.114689853465841,0.853308053409355,0.16852721769216,0.296075998497236,0.17366769512606,-0.404620101379993,0.142181253856763,-0.896200912140049,0.0191914180367773,1,-0.804994533196401,-0.50143976966128,0.257038753746647,0.738760060761201,0.104277653314705,0.720789692268225,0.0996513258643478,0.663154566555352,0.112598616038654,0.600026589108648,0.131184675633502,0.473532844147569,0.145292811100508
0.942095291990503,0.126309190466737,1.13210270365928,0.152605727278831,1.17711860462512,0.214240889938599,1.22063427274954,0.403487156401071,-1.0596318489254,0.262159605257917,-0.919771505699449,0.0139192379244372,1,-0.8839996872783,-0.167679798164438,0.279846943694737,0.759637792278949,0.105038562865757,0.934776691922968,0.092490471060546,0.606942576294241,0.108439472057731,0.706757241114891,0.114993233958785,0.773206565868195,0.146275957065876
1.38989204767086,0.161137239049475,1.42538279751594,0.160772456320669,1.61569383571373,0.320017278114218,0.970654575359588,0.384771089705815,-0.755915047684118,0.269955126174784,-0.924692853834221,0.0139041370734243,1,-0.603616501270506,0.221547722811854,0.296903601970802,0.941943731299582,0.0978303667833862,0.903613971471103,0.102506575614711,0.97213514662929,0.109309117993159,0.744071951725652,0.138845578228423,0.776320565081001,0.154372643512357
0.848221285182595,0.101824490233206,0.978749627905526,0.104335154128729,0.793341676733171,0.133113647071796,0.383141336876663,0.165037909388412,-0.55132748038123,0.146332301283469,-0.895124815621504,0.016201069380863,1,-0.999999999999993,-0.00864860236883335,0.211799660109903,0.597742050380142,0.0936903673874578,0.585984577296125,0.0955119117715208,0.775410529848831,0.0927284584774953,0.57137123163972,0.111293364929374,0.593678057817273,0.133197400496357
0.748069551017766,0.102519843002515,0.918301360579181,0.117396940730133,0.814754967303299,0.142375388180245,0.595823126674603,0.211620004593153,-0.696742313926051,0.159134448509201,-0.844694247795633,0.0244939289692918,1,-0.999999999920395,-0.18153076809984,0.221327104331753,0.593587519891924,0.10186182362687,0.535391492108518,0.0958200419351507,0.494011463540842,0.102385993475903,0.517667559995915,0.111897286555344,0.65368876756278,0.14815730487526
0.78194032062067,0.111135029748179,0.997959450303789,0.129264085983316,0.859924611202968,0.158299445478373,0.670113985855052,0.263452289315427,-0.682281406338806,0.173329212781436,-0.880496225065939,0.0202273350394617,1,-0.898791601329071,-0.389251696143727,0.236938746010533,0.632051330959412,0.0937140757400892,0.562671170801267,0.104561434186546,0.715455382152734,0.0983908818392025,0.682189616309062,0.116202246514601,0.670343883039572,0.13658957242414
0.830775131812637,0.125250682448438,1.10733224927494,0.136949209106919,1.20476707084957,0.22631259696278,0.715290587618561,0.279884888295,-0.928309509575583,0.242457052686444,-0.898683523460129,0.0175643914198682,1,-0.999999999719744,-0.345160816528815,0.265405032366021,0.794067538629615,0.102488622704413,0.80905971530642,0.0938145527394698,0.575909897605559,0.107130482728705,0.702175108749226,0.114038908270386,0.706187901185486,0.131359211627189
0.945773630431352,0.111158488583299,1.04962322762055,0.12767505555083,0.978368140253,0.184628271825958,0.549975777853603,0.258619515772552,-0.704030232952435,0.192221639041503,-0.89313979680362,0.0186399938272163,1,-0.959772665733545,0.264047151333933,0.267974391165028,0.682712766052355,0.108149315052457,0.575066829452484,0.101126253855842,0.712607916064051,0.0999976561488405,0.838956156259366,0.109906616601529,0.824631962093448,0.122635660985657
0.758784461758652,0.112876994868843,0.947916733384444,0.117755039750855,1.02500418353986,0.192826971156544,0.346994942467812,0.165036495795892,-0.596381813596538,0.168886696208891,-0.905617002107253,0.0153774639044628,1,-0.999999999848196,-0.378322593703876,0.251097516714002,0.675964552551409,0.097922448706548,0.605675465586749,0.102469143718611,0.668360764899298,0.101743233202794,0.547156701020399,0.120766493354648,0.648173629542208,0.142332716626147
1.04314396308614,0.120286353195062,0.879399593350465,0.120473774360684,0.953326640676354,0.174699242183338,0.37600774997998,0.181503337418227,-0.598713792330746,0.173948177701651,-0.87957129989561,0.0208104733137393,1,-0.999999999958678,0.333455995056105,0.26761100170233,0.551865835724236,0.102662034448671,0.625871489527709,0.103122806183316,0.68042143224536,0.103980313748499,0.588328208616734,0.119534605147667,0.543749849065677,0.132072720918245
0.976416337385282,0.116221040134352,0.962344828105444,0.10900157052702,0.811715402937437,0.13982237503701,0.315338498847786,0.178295784868427,-0.443773249409809,0.132326747328137,-0.909989778839835,0.0132935469848575,1,-0.877143658673214,-0.324418711839424,0.265814265249298,0.830831372064528,0.0997370013790157,0.677788045118115,0.0921696375038195,0.740761479298651,0.0869145218785621,0.645205019984511,0.105972405402181,0.723351759214912,0.12218135608043
0.926435215682233,0.122754442348209,1.13907252785099,0.123312004211441,1.23404903191721,0.1998799625108,0.589501525835569,0.210177919938731,-0.852920738664703,0.197891001319585,-0.886076287906377,0.0165229642242033,1,-0.999999999431761,-0.236647934773242,0.267728289791131,0.829471267263882,0.0897170318778463,0.724335347013618,0.0820940854550006,0.650548801353548,0.0945024009635751,0.747374782894626,0.102287692680369,0.616418032023487,0.152631942404764
1.08441236609161,0.131351464378416,0.763071818460102,0.136731877116105,1.17422976618799,0.205723452006114,1.14250862208218,0.401987449628417,-0.961054905798204,0.238602942334274,-0.908252697712653,0.0144767540760541,1,-0.829739784419995,-0.148423946388962,0.273989590506794,0.666962593201215,0.105792229524408,0.758640075880458,0.100009935129204,0.852353197955736,0.101486887931148,0.920744736440997,0.103157045705194,0.856535156582976,0.107974317532485
0.973030758583032,0.119787310326456,1.01588004665129,0.116662303358524,0.974165981991815,0.174029370864738,0.38363031012422,0.223460272530907,-0.396934727976535,0.152603613925675,-0.904727829326624,0.0149458474774603,1,-0.649301133128105,-0.178228337102724,0.24535343573315,0.752946084363642,0.100701664612866,0.594593655300383,0.10573575391733,0.733559331590689,0.0899494646229705,0.535604788259959,0.109733798536306,0.896388867942635,0.113615346404521
1.22986088053464,0.141245841535897,0.901850650629284,0.121361941072846,1.27041030847644,0.231617644683368,0.514118795607473,0.1948676469561,-0.808171897926564,0.190758430120006,-0.913169195498082,0.0139402691187913,1,-0.999999999140308,0.228827520802873,0.30191241812104,0.680388148534238,0.103737159637818,0.767787148535457,0.0988905055952824,0.778787090772908,0.108113571152086,0.867256662473876,0.106831771358554,0.974068438905394,0.118081379331555
0.919333430792793,0.121059810587839,0.919019838607672,0.10791235318077,1.09877610483959,0.212276909079235,0.372948044478354,0.183297640786426,-0.59151345691333,0.173227742313549,-0.899632538406292,0.0171983740333228,1,-0.924029547954068,-0.00699703801003118,0.233617835661711,0.646425774736411,0.0965142833870591,0.577520660053887,0.0993174556588901,0.690400506005324,0.10839863699815,0.678833699576846,0.126743071897906,0.643317189310925,0.138824744603911
1.11018898427725,0.131790486982864,0.908379668116,0.11625751103113,0.867692616580029,0.173687540881281,0.460045378428172,0.227448196915803,-0.512649495477827,0.163840878335126,-0.904672677284795,0.0169861730314428,1,-0.811404192274147,0.38010065187948,0.271947256075014,0.455555180762155,0.119456655175177,0.671139456745372,0.10241973896287,0.771431965564643,0.0995842426024224,0.492867159833499,0.124895133606457,0.73777875073451,0.127961257341801
1.06685158057736,0.134225829758284,1.36832434148806,0.154373221339792,1.21257862499387,0.249242960371855,0.810881950878873,0.380320299668381,-0.859014257023978,0.261155859898216,-0.919757249638652,0.0152688814207787,1,-0.866296581889959,0.350810178335136,0.25808932406181,0.787295488112658,0.10805887613214,0.676518650424089,0.115337074569914,0.698011968258298,0.111216324115492,0.926410488847539,0.121362698092233,0.83010140396471,0.124369208473294
1.12203362426569,0.12476343129853,0.837234666491193,0.119110875583551,0.829476646099527,0.158094574373909,0.340702900849927,0.198936464859756,-0.405267047817675,0.158715857073039,-0.893580484593196,0.0180344869235668,1,-0.762344542566421,0.174638227704706,0.272928073122016,0.681583539880917,0.104534121601511,0.571890878986558,0.104906945645661,0.746750182523004,0.0982400289616773,0.690577295686496,0.102373208733339,0.747973937578995,0.129753026581739
0.953376446991231,0.10775405622771,0.894697892185265,0.123516243430397,0.876145537933136,0.164392842867149,0.518555385212493,0.205460711834986,-0.566951525191103,0.161374442085469,-0.890200854802395,0.0176691750005702,1,-0.84112439088479,0.070923582404831,0.222771176075541,0.771960952413269,0.0911150527815668,0.61343428273615,0.0936352829345097,0.705456376602061,0.10333287486952,0.430949956283472,0.133016322600444,0.642010505120725,0.133937545083445
0.836374796550193,0.0972530798456595,0.887365251711611,0.101414952216033,0.671176368736065,0.114965537816567,0.185780149317773,0.119828667656645,-0.351130967684999,0.0972851533363223,-0.870294435791782,0.021210824117584,1,-0.994377184344117,-0.19437951023805,0.221580540945757,0.668939161048112,0.0947980879051608,0.638447326424059,0.093230484627939,0.512009209787253,0.109364922682195,0.537095405982329,0.118687113287268,0.680386409850934,0.116397164894004
1.17407497782858,0.150515446945608,1.18056504629213,0.143535989035358,1.60590435733858,0.322714352722668,0.865165913057525,0.328076223854489,-0.923244293505808,0.258798286698162,-0.936493169651263,0.0131606069549068,1,-0.783262065681944,0.174470874123391,0.314017764338883,0.861187478009341,0.108986422239217,0.961424172632143,0.105435834480047,0.959501943927496,0.121832309149377,0.933229759241046,0.138480327862241,0.803431571135626,0.145277747915437
0.914129963601894,0.115285266856108,0.898854221810525,0.121612271476595,1.15354200039766,0.211184582495624,0.611918876994257,0.250986604600628,-0.840163154062443,0.223398730519896,-0.888170899381158,0.0186349633249041,1,-0.999999999996534,-0.232134613402928,0.25473830699235,0.761207626086096,0.0982565901446134,0.625023584039034,0.101218532911899,0.578591956238162,0.0987056468508503,0.704545091371291,0.109913706419199,0.700850461911387,0.138173215039542
0.969947646727198,0.119990244472591,0.996759742707264,0.112224274711235,1.15284093926102,0.188949190053883,0.258143773656833,0.120137359962804,-0.54552608227266,0.145531755440802,-0.901700909131373,0.0163264115095036,1,-0.999999993200291,-0.129317384027849,0.271848351187581,0.536867435564867,0.102924476556012,0.74196667038378,0.0939346526439088,0.591193764025453,0.0992386590750384,0.680285434691525,0.103275992314515,0.831543055248271,0.104417688481314
0.972292223397642,0.118052691220955,1.14230483631289,0.128095896820578,0.993262061151769,0.181874564690364,0.653956926755269,0.247471612787119,-0.706640660191619,0.185323881936532,-0.907474492171744,0.0153914208026518,1,-0.876783013563231,-0.028788462647782,0.266673455865509,0.699651106282902,0.107140341799224,0.789715783804374,0.0975453325686198,0.618479277943667,0.101710717907582,0.675178546971451,0.115426334162461,0.724322129054246,0.13422940413299
0.789534937567833,0.101164266941927,1.12792544003487,0.115312273748389,0.73372661500765,0.133162796925622,0.500054564724106,0.190355030550974,-0.502804890983264,0.137437725362456,-0.876241415790914,0.019890546421268,1,-0.830087089277861,0.0212582789017791,0.236680025704456,0.616852396391825,0.105181696134489,0.581242128531855,0.098164194346087,0.625906574717003,0.0997791421620886,0.753024613479592,0.111435271661301,0.643062214495225,0.129347103294981
1.13516773369064,0.126755860246534,0.888514294692343,0.116427644269518,0.887698833449106,0.161408780193213,0.688608184182613,0.258966951924993,-0.712628363139643,0.179563605735119,-0.903141206244627,0.0156964321744312,1,-0.911473798905788,0.447002246156328,0.266001488310857,0.737943199917479,0.104539738915241,0.70958212903583,0.0993388087372816,0.766561040248616,0.0982130464282905,0.640182858096427,0.110296880165129,0.593311041106898,0.132282561773871
1.16686380891765,0.144177094426453,1.21885074803293,0.145259282682142,1.16916789419329,0.215533159526635,0.763036562768608,0.296625913597035,-0.800432742767141,0.220606572877146,-0.916584242186949,0.0145403105660324,1,-0.847449310888863,0.464007961859984,0.28521792974347,0.797314207031356,0.0998633691955011,0.782592820928153,0.101886832735743,0.655287666476807,0.111708618773228,0.820633474982433,0.115706599800005,0.749784918366926,0.130027816533745
0.940394306868823,0.129441196734333,1.05177434947283,0.150827484272635,1.40763202811726,0.28505498696912,0.983408369533822,0.394864671935386,-1.1261824723895,0.301579396395929,-0.908982349063293,0.0175758721077551,1,-0.957187996619907,-0.0514990764855815,0.257776452629825,0.738789361005415,0.108147849611066,0.632000059407579,0.104987725096392,0.835281785445746,0.0998713696308475,0.918745370248384,0.130759409457053,0.728324790203961,0.155132534364662
0.943805982845073,0.121968708403718,1.05521446861175,0.132349290328785,0.984465631622791,0.202034070805993,0.710124933058717,0.269181749433898,-0.618717604546416,0.194704717951504,-0.896019789316338,0.0184603251828127,1,-0.739988231654895,-0.19115775746516,0.278509415820141,0.701005982141455,0.115151055304468,0.653056444862273,0.101490262542915,0.612593124689847,0.116473462234744,0.531599704154114,0.130862997185375,0.881101662446538,0.11354526961432
0.848231703025964,0.113704125911598,1.0721966623336,0.118613786103848,1.02697164188982,0.192077868036302,0.194650226733287,0.168134595211659,-0.429140899018093,0.145513481782538,-0.893515920774035,0.0172532403303329,1,-0.959827577920153,-0.260759331671398,0.28005685668545,0.818122980717365,0.0971650498955144,0.646593934373881,0.103717038884788,0.731903408022758,0.107423627684009,0.758631857988652,0.107644604710423,0.709279557984587,0.139039806771038
1.0559258441712,0.134670163347592,0.660042728505676,0.115614986091994,1.00933157332833,0.207828577075859,0.844416756893063,0.30383273409489,-0.777131707431156,0.205969019380171,-0.868651126025115,0.0217171013002633,1,-0.841781307994525,-0.133106984669361,0.298511010051932,0.608185364000053,0.114774212189454,0.763063838620182,0.103135238699483,0.531983673826103,0.115024374789035,0.682951092252908,0.11640637817473,0.641543163196626,0.134378029579855
0.97190373414863,0.108764109267141,1.18531372099132,0.113447095184426,1.0162041104754,0.1640880591219,0.343770658125143,0.201932488350644,-0.584319830466136,0.148604183307636,-0.916296891723202,0.0121222438555515,1,-0.988611707187314,0.100747817496306,0.242867451428409,0.673650451131776,0.0919242509744629,0.75876791491763,0.0855790506524374,0.691992612193213,0.0905093812869162,0.680333147892098,0.112870152190439,0.724470128810178,0.127948786796236
1.10901818920974,0.137154309144738,0.957605200306922,0.137422409063529,1.25481034560597,0.222097055099806,0.931700422880264,0.304718985812587,-0.959754099531638,0.23333911290099,-0.907764224663737,0.0150762322853048,1,-0.887631659953118,0.209083070994812,0.29678692898283,0.639753258769414,0.111190549126719,0.802178190999236,0.0913881279564862,0.807974570173904,0.0956913128940242,0.728884146229653,0.113670716174309,0.390291967284214,0.159702878087418
1.30303095194051,0.130268479155259,0.948535072718232,0.128835455605503,1.06937023434102,0.191891380747393,1.00191079460985,0.363976747943701,-0.974937536252654,0.246916843908415,-0.899161154618002,0.0159964253404257,1,-0.941885731708322,0.649978894462452,0.259475591441035,0.762404538480845,0.0992895574951313,0.632588080036946,0.0933004082419915,0.68810580236453,0.0965640840001937,0.767809566153766,0.110264709517376,0.471344836652012,0.136436720738346
0.827087367625832,0.104585004131196,0.995922190011274,0.129587433658741,0.89800858257192,0.155568782085438,0.55991023189861,0.242109655515525,-0.594919140436416,0.175844154123911,-0.883561955511345,0.0190075547758744,1,-0.838993306658249,-0.106089306974016,0.228074640744927,0.647048877689913,0.104625379531802,0.49781362133122,0.0936373620778529,0.708264954696734,0.0960869113206642,0.602620796267269,0.113096927102093,0.893914473397751,0.117524842146068
0.762197237910733,0.115636168051574,0.831544740139599,0.119671104346636,0.999778482057105,0.20352255616561,0.638891801314986,0.211657943745056,-0.706563318293693,0.18190100744723,-0.914040833640318,0.0155672989139658,1,-0.884067726883557,-0.123992099184551,0.239358433714603,0.636432594205282,0.104665787476311,0.624929664059951,0.108992591656749,0.528568974742349,0.116238530653141,0.695064346100617,0.127598354402246,0.77288034386003,0.148305847400645
1.04239773888676,0.118600927238357,1.13026378931419,0.136574451284687,0.980092248220083,0.174557722688755,1.05849027323931,0.377981219688379,-0.959944979805116,0.235332782182605,-0.927620285994737,0.0116775940863559,1,-0.942474109947342,0.228278454780453,0.250690687715201,0.753061074911342,0.0946187393712386,0.77532786960916,0.0888847628602721,0.820868878689219,0.100406271124736,0.843022048246792,0.109446468706111,0.807553466337625,0.138718298656122
0.832345352591609,0.120143003963941,0.996049004447717,0.126616987336877,1.24471978644234,0.223611451682795,0.52730193261747,0.163572185564986,-0.707956004705817,0.18969439505072,-0.897571113675622,0.0160294420849813,1,-0.87385784916934,-0.141806797830083,0.247879114230549,0.701416821218191,0.0959301056596878,0.746284158634081,0.0912772323496471,0.746597640156427,0.101834353330976,0.76107078932348,0.120639206012043,0.573435767295037,0.148170299881801
1.07533926896218,0.107411629894642,1.02130136319551,0.12008547929997,0.880740590811107,0.156242137425123,0.354277812805473,0.171603663097265,-0.558593635981159,0.167950532591249,-0.892734295892097,0.0185047769062238,1,-0.999999999995341,0.166104668177609,0.237685362750307,0.5919384094989,0.099741703687989,0.699321091171417,0.0977741267554152,0.653622259870903,0.103616244262384,0.711953897571975,0.10233326367109,1.00654348711342,0.110986198557704
0.87371936536128,0.0935018608790201,1.00673191226182,0.0977278966465717,0.683514955972131,0.108610384438686,0.278383169322252,0.130467331557923,-0.436209880358407,0.120871963301781,-0.863490117093516,0.0199735380631084,1,-0.999999999998987,0.252601733439104,0.232708295384903,0.631315711894227,0.0898168376590223,0.529220885541916,0.093138085406836,0.680555861509407,0.0919959167831241,0.524943737228689,0.111876087054375,0.561069808066404,0.138015910882847
0.932749757877305,0.122477827994671,1.09653445843469,0.124297407256087,1.00739296316456,0.184504028943032,0.725030432672117,0.291731510105282,-0.676641967832242,0.202682312537767,-0.89972232350065,0.0176616533943632,1,-0.791737756802767,0.0800298866226982,0.269123258631517,0.616508992909742,0.104265819052699,0.63259194239287,0.10169078399138,0.67909596917057,0.097303791259611,0.76866544128293,0.105124057833784,0.799227826186478,0.130513906171259
1.01450311150366,0.129230887330093,0.911213838775056,0.136153845014211,1.16017909443445,0.215199128736882,0.775459935593899,0.320160185031959,-0.820788903825672,0.209772748570854,-0.908145479971092,0.0166842671098301,1,-0.865344975735682,-0.180763101311051,0.274242598348544,0.822872010410704,0.0898542532712597,0.71837863003987,0.0932926722656534,0.789419903429327,0.108402744461542,0.628499571338721,0.131356709402486,0.809492929971798,0.134313127565096
1.05826301203491,0.11912099250224,1.04591164074433,0.134460680117095,1.03338064493042,0.191084670513655,0.90603981543837,0.28494390488811,-0.893450840005656,0.223021222795626,-0.910634208875485,0.0155685716422668,1,-0.923351073645318,0.167246356791055,0.264773624674592,0.742204083944639,0.101244951790674,0.721525126832236,0.0907312124663064,0.723542546820626,0.100958714217951,0.573859050534485,0.123308473879699,0.895689048862143,0.111920555865504
1.0667557982843,0.130601581340676,0.857859363032142,0.11972600057323,1.42921778925778,0.254039691629998,0.484208388705577,0.234745399891472,-0.735651225468853,0.22824873154266,-0.911112057495649,0.0153866489641906,1,-0.884314205704764,0.148103160743898,0.266206244545295,0.670687961961405,0.105857776320727,0.929695011458971,0.089293762471163,0.684643446339048,0.113004939399956,0.859429468349558,0.107764943416376,0.49589598021461,0.139108974974608
1.00036950403029,0.112268771034914,1.04908512719175,0.114112366499504,0.97788211356709,0.165992774511598,0.440601919826525,0.178037790149938,-0.656396782894868,0.165699057840709,-0.889558539915475,0.0169834420388152,1,-0.999999999991938,-0.309805866071425,0.244561854190855,0.908232548929608,0.0870474783171731,0.568747070054507,0.094539814932222,0.708138730007112,0.0943029296759118,0.58155802115043,0.117892089422545,0.691125264879438,0.124838139904343
1.07045808354607,0.119136464895471,1.07372524198319,0.122960695317622,0.811946215105799,0.149452016681221,0.462769722461389,0.202695408907504,-0.504858694486252,0.140929769537361,-0.90245562722665,0.0162661433094005,1,-0.823614038801744,0.154076107923172,0.257749872245699,0.726319030729863,0.107751845992368,0.627442763189417,0.0973912249289607,0.715361760777667,0.0960400244300455,0.554144915305082,0.116040535551995,0.883527322284959,0.112410023557462
0.81882596747526,0.108763688111083,0.782589242736719,0.103226306399456,0.718540676924161,0.134267579418393,0.155368848417604,0.143101366049121,-0.321484802079704,0.115066573256908,-0.874311328935239,0.0209845617310469,1,-0.962172176431867,0.121817922846757,0.242539294992661,0.520365655243895,0.099806903189357,0.377921172515798,0.103432383855698,0.613002274675997,0.102028090038123,0.449499223808166,0.128011510694423,0.46997967634161,0.141695185140283
1.08101477387489,0.122754310572309,1.07297349471166,0.130261832474626,0.911198043256051,0.155884405586205,0.793045976153912,0.268673443968348,-0.766776485519672,0.181697217474407,-0.870292180868484,0.0182325692675795,1,-0.902013866390799,0.913568613274689,0.266679573434326,0.572499212253627,0.103288331356781,0.756616247533972,0.094919950233413,0.707224111566701,0.0974955322763723,0.761884602909416,0.101875154815555,0.761804378590357,0.120562034157783
1.15478217071275,0.122540028212164,0.860471291271925,0.134320587290542,0.887356560021261,0.160142651814145,1.06794178757343,0.365228511878953,-0.921448753443792,0.207716188520887,-0.888224923365885,0.0184690493967359,1,-0.946560362967999,-0.0121001262294551,0.260044021622281,0.669336320612366,0.102172674333746,0.6852643630242,0.0937806579705222,0.600030938582229,0.0995743287859048,0.776913514028589,0.102982976645536,0.560042693658133,0.138983620825821
0.948375862936551,0.117155232934756,0.857528668841079,0.114162685256111,0.963544716429753,0.175161062494265,0.508386693580527,0.199751521848927,-0.699895215371241,0.178209423659604,-0.878965262493591,0.0201917442866502,1,-0.999999999996783,-0.135142695387283,0.25574184908863,0.683081794007056,0.0956753377808612,0.595399435123732,0.0899748126518323,0.734565657308656,0.0971396590600234,0.56849248090422,0.125508201759622,0.578656985975697,0.133411448324219
1.0629577542916,0.121228954835841,1.07518878252564,0.12869201458787,1.28626798033589,0.232826998740773,0.774062119135406,0.25243179845682,-0.958725475450533,0.217383976297622,-0.902187943308717,0.0155420873694835,1,-0.960816894920217,0.193591501834747,0.253384038870438,0.639282015765549,0.101739559135618,0.762962196666158,0.0924569526165214,0.794494401149279,0.0980867187932611,0.714751299283884,0.109159903804294,0.67812969199506,0.147213454304259
1.14144902122575,0.142529964453772,0.922572126129808,0.128254059444302,1.24954010605172,0.24952889021421,0.76360744707686,0.325407778887235,-0.840861317076455,0.247382097863073,-0.913474983622286,0.0159788099462248,1,-0.860823661674463,-0.0868772433596263,0.290022247834753,0.804274116841539,0.109905222666253,0.732231691404523,0.114352577618825,0.862899641601878,0.104248523124685,0.611951161969244,0.130921228302791,0.811524920838819,0.121150666063716
1.18883214319469,0.126399158125649,0.917255453446406,0.133102320355534,1.10060453947431,0.199595301927401,0.634144856197029,0.298552070170562,-0.803652415725152,0.227643090940128,-0.916955100728185,0.0142316005425858,1,-0.961962998935144,0.274426440818139,0.256077045591701,0.609964929559478,0.107378134927454,0.731449286185766,0.0959863621703629,0.730826500791309,0.098448785154349,0.902840308363868,0.107505541414627,0.560846585502649,0.132474374859282
0.87599771581575,0.0942241465619558,0.983351666093332,0.105298087669099,0.75884123265372,0.133939533347919,0.335577933643814,0.163072832671373,-0.504628944651208,0.137249438729386,-0.86038845108999,0.0221027878377141,1,-0.99999999796217,0.224208495486598,0.236147291340635,0.642337992328472,0.0941710884763699,0.496328345701766,0.0948622241970644,0.678260132113435,0.0988534110590019,0.613100118196156,0.117897056120909,0.519054573513884,0.132331176592818
0.853414256690529,0.110306949326815,1.04435331335333,0.113378862270391,0.839943983877156,0.151898264358759,0.20561882334525,0.150479131983089,-0.344517957418076,0.144966663924855,-0.878985453852585,0.0204643828787186,1,-0.829001405806639,0.113386910130653,0.23484046411678,0.601121700513597,0.100032293132043,0.537362549808276,0.100372118915381,0.594188912487838,0.101982082548499,0.697535510562456,0.11451039828592,0.50691759443945,0.145042577018181
0.84148117085695,0.11304470229,1.03866742856164,0.138849623827146,1.02478785464192,0.194816311436688,0.72324775714881,0.288670842325829,-0.860915511198571,0.230259781577758,-0.88873350757418,0.0188681325075004,1,-0.999999999999453,-0.0257564434366317,0.264221394840101,0.498044441254707,0.103876804800123,0.674111227628499,0.0964378909063079,0.804188902042374,0.0961273065687169,0.541957122531276,0.118721214390478,0.713246653798204,0.139898145822614
1.01752338810189,0.102380138429394,1.01437112963702,0.123073294916477,0.743784395389389,0.136549873374754,0.285872615284022,0.172836849840687,-0.444671109602838,0.127198678399727,-0.881318462188027,0.0194757731614185,1,-0.964337611076182,0.102312222980643,0.223066358954296,0.684825237019608,0.0961108317664039,0.845363847307057,0.0881573817508748,0.508010124842469,0.110116673313327,0.650299828845068,0.110238692278557,0.674611488343907,0.140070541741765
1.05841944414025,0.11933712249908,0.878743268470955,0.114270392365152,0.968035939907337,0.158470703196247,0.569883934780833,0.266978766800608,-0.505975376594515,0.171375131334642,-0.897180663866796,0.015143420723548,1,-0.681224775485664,0.333936780949508,0.274305355681477,0.594776948374303,0.0972198792486647,0.844149724176036,0.0832081067795813,0.559333683863023,0.0957110923413597,0.82630449175635,0.0964834840887999,0.747157877538046,0.138340661036673
1.13172459405297,0.135147815850942,1.18890386275099,0.145323740546265,1.02870293334179,0.207083246682405,0.697012415843462,0.288112573050081,-0.754957636129206,0.212270113964005,-0.926104618227599,0.0142460220903075,1,-0.891573878560387,0.354043094302613,0.286027951804659,0.776797169779404,0.108201905916221,0.785401780292255,0.100166951920027,0.811077791309871,0.106053035664162,0.631396492579976,0.117470049655269,0.841637970025326,0.123895903647829
0.669372873837627,0.0930435028699846,1.06989191514851,0.131630924083996,0.813485557578003,0.146425741103333,0.2165828619784,0.154732734582051,-0.419746387998105,0.168038516087941,-0.881943118695832,0.0196643726822246,1,-0.999999999997496,-0.492403925984589,0.233362168585353,0.716635829718387,0.0969642806714674,0.75286847060719,0.091032312593239,0.635022910150178,0.0997988547493338,0.679407599341437,0.122858923078518,0.342917978963155,0.164466070240284
1.14180606646974,0.115829982820309,1.03279556195405,0.130909832327119,0.91257734092637,0.16280682219372,0.628949522840336,0.304052996498861,-0.670086097054434,0.189596988099828,-0.899868690389215,0.0166800332557221,1,-0.884479702057881,-0.0403489400349319,0.269350890115057,0.802516722508849,0.101238347210351,0.668195886971922,0.0991548089239434,0.758276583492897,0.0937609898471166,0.691024753749591,0.113478034025623,0.701678372289887,0.131618395213274
1.02556630902237,0.12487336682627,0.897892240547871,0.126180114426796,1.16219566136541,0.214100337640463,0.794707332672268,0.346530545371619,-0.779371225710356,0.216976041403054,-0.896711411577947,0.016848567619787,1,-0.81096317282646,-0.18218088698092,0.289347968201409,0.848159861864215,0.0978926817224934,0.583560075801558,0.107693643113974,0.780909842980355,0.10547881493518,0.656767143183945,0.124593858373015,0.710484994219448,0.137620442039464
1.14615421311786,0.137390471146144,1.0172249154521,0.13969380234424,1.40317198548781,0.250437603805088,1.10536939002905,0.395831950682036,-1.16643237472051,0.274849178555699,-0.899113039186735,0.0176800643131036,1,-0.936591895643766,0.282048934551754,0.275094422104989,0.611235567333295,0.108561318973857,0.836424008048147,0.089024981836534,0.63465789064062,0.107215770069546,0.839719744568022,0.11230152760439,0.717357900833454,0.139909392939058
1.06597812931959,0.12460617132438,0.902370010159206,0.120883535701228,0.940375942760449,0.183197975159748,0.381789017276091,0.18740652728272,-0.555516824584565,0.168303590725254,-0.909600881081394,0.0166162163590444,1,-0.927117430058522,-0.187659054623778,0.256105862688324,0.607988251591963,0.109918379732295,0.799091422239657,0.103663757602185,0.683951405029139,0.102811125152901,0.629033647919292,0.115479462497937,0.735277223780172,0.133961550137371
0.919988541609138,0.133542293534583,0.981787470317118,0.127359372129227,1.3174332772222,0.244889825481922,0.698917459136373,0.306236975515466,-0.9262311218729,0.253177864375695,-0.902606709252828,0.0162889112032619,1,-0.965255111632217,-0.0125851273080846,0.290243183820405,0.736245077955372,0.0939094760381506,0.689973455584034,0.0953811553852727,0.676376247199419,0.112610420032732,0.712428696284542,0.112435653664834,0.623209975890771,0.141970500023336
0.898188409497788,0.112400970118983,0.988591013042878,0.114860766223233,0.863369292109278,0.168255823239884,0.462531501558002,0.199109575088123,-0.631929976398177,0.178529698185793,-0.875420051853698,0.0237104883142239,1,-0.999999999990268,-0.206835302599403,0.217305486130171,0.626847613073566,0.105928561942477,0.592166038048606,0.102205229629801,0.555600049374642,0.109794101259383,0.67138923693213,0.109349182496066,0.728488844089839,0.126837244183775
1.10567513556475,0.128733935311917,1.19353983120921,0.128652373256727,1.17648651329786,0.22621481535278,0.767182294941088,0.336852181122986,-0.863811763786335,0.220471254703441,-0.923262791501202,0.0141516732259334,1,-0.909235432975343,0.565583170101807,0.276981636973111,0.728324738197543,0.108356520509149,0.737792719407458,0.106626582610074,0.783977594472916,0.104116675498588,0.871029659700433,0.113618871800789,0.582221112485991,0.152793097514092
1.08967140213244,0.117919825127509,0.995547744475612,0.116870095483456,0.993709322781659,0.164270755819173,0.668704278265259,0.219082528078968,-0.720937684551648,0.17989611989712,-0.925033436850418,0.0113959116066882,1,-0.884404603183945,-0.166188812800991,0.258381878596001,0.855682295811802,0.0950049608086695,0.655005974046055,0.0909195325725715,0.749349223256105,0.0913378634606224,0.771423355282802,0.0934994144791783,0.732610213178568,0.120127813696602
1.00057993745725,0.107818358521814,1.05303038039635,0.117184871218244,0.841289058884501,0.142879032634409,0.227286902903277,0.183178967578039,-0.336075141860317,0.13809446748537,-0.865310312733862,0.0214630320023442,1,-0.768557853534515,0.301164498255754,0.220890944922601,0.64300066851334,0.091296921195238,0.593910565204469,0.089000666782635,0.687829947712214,0.0993613558504296,0.317148799474385,0.148011446639724,0.588723134769776,0.136803259443553
0.996210785594848,0.112169924590015,1.00183903308052,0.119706554008884,0.897943837027132,0.158210568548023,0.400852069441513,0.162168614590031,-0.599949621975288,0.156430781573248,-0.885574456308191,0.0192180658967173,1,-0.999995698741193,-0.0207906787301245,0.268679108864269,0.47782662166297,0.116570369335588,0.754235180169338,0.0988026898076996,0.543578899470977,0.0966895828529994,0.696599061202018,0.107923254366932,0.797195201987097,0.123925431998596
1.13975985948647,0.119707628860655,0.892966516107087,0.114204167517166,1.00887523442336,0.182190024866469,0.695298033387459,0.30334225920009,-0.79781947551989,0.199650704097926,-0.907447688801793,0.0155972371435932,1,-0.952577682734998,0.0989153317557059,0.240132323739275,0.882961272026914,0.0909823889983321,0.763121840346477,0.0986073083841871,0.558875930552086,0.126918436665281,0.702877716988369,0.1159034133471,0.752668940305023,0.113077377850805
0.817752113528913,0.0965065413576594,0.811104329054076,0.115619539187291,0.725200830471445,0.121774461665511,0.509341885152346,0.204571207352525,-0.563485172751619,0.137526914166705,-0.871564170366726,0.0186953570964278,1,-0.927147113766141,-0.54915683682805,0.242763005811407,0.642682473969136,0.100486123816664,0.510431543902133,0.0964891897455398,0.643257859312881,0.0912052323542119,0.508550759063065,0.107897886742311,0.65300468186969,0.119532215806387
0.992469949852759,0.110703016253413,0.92607756240197,0.0993378232920619,0.955242787967492,0.151400351197986,0.499214307500271,0.181313636779812,-0.690558373267156,0.160246461651761,-0.855793926659852,0.0214119321839461,1,-0.99999999999954,0.172364862100486,0.257371692511535,0.593091206232959,0.0919081664583578,0.659059307940834,0.0902452100800241,0.566874241182969,0.0936057586445871,0.517293140262561,0.111229269707094,0.688783991781405,0.134215650549705
1.1574929719637,0.120861732819203,1.04748201141129,0.121132768056581,0.789405745971865,0.13814953084563,0.293591468706145,0.180736950786263,-0.423094421879425,0.142932711635002,-0.910887811927116,0.0147371359885783,1,-0.878851386463963,0.311777905182884,0.254479532347105,0.680634689339326,0.106413108322584,0.728832471336921,0.0923518298318868,0.735879814301931,0.0970886484451252,0.892772001226759,0.108200835371685,0.733621085240229,0.128382137079479
1.10987723855007,0.118526624142934,1.03291030329535,0.129595894448902,0.848808571277743,0.152980628550955,0.479303736831693,0.235027604299123,-0.582200957881578,0.15048312095242,-0.903009035282073,0.0161738982416713,1,-0.912772673968027,0.27105021168486,0.252602907378001,0.676384560978392,0.111520255832267,0.790531874682563,0.0974515872994249,0.701952836038271,0.102724814978767,0.733900762832655,0.109198801645335,0.783204959873207,0.122768713583013
0.816345714664128,0.100488200462429,0.992024896398279,0.115921234942664,0.894299690594439,0.157946212484087,0.369434643256357,0.183765394683581,-0.574791516254722,0.17544719901161,-0.87341937199975,0.0213503649557387,1,-0.999999999999055,0.128131110775669,0.230588151801325,0.553427450634999,0.094648073624866,0.589223493907085,0.0897782375477298,0.526387824172715,0.10677871493217,0.553821441532331,0.118339986240872,0.524921619538482,0.152033250587067
1.14929289355213,0.142396234792322,1.36071536366198,0.148317192784052,1.43978159052333,0.287280742998622,0.930921708235684,0.338418768989604,-0.860291490129523,0.249754484245046,-0.905843582975169,0.0177710790715268,1,-0.743088841697171,-0.0538794360840466,0.309340589766092,0.739081409790757,0.105369676586877,0.811490845253777,0.106734835702572,0.891423544387038,0.119522123881548,0.660184541038229,0.127366855603285,0.783426221311852,0.135203664533554
0.926017968617298,0.104413759726602,1.01191293936748,0.110384198332767,0.864931413272981,0.147623504129683,0.505680596810579,0.185941543806435,-0.622567775126183,0.144851078117281,-0.898685983285469,0.0155199100327322,1,-0.941364154577012,0.180240090294152,0.221696879088964,0.695176370852262,0.0900372052033582,0.769327401223847,0.0867733172645971,0.550742901408823,0.102722948613215,0.695118535635208,0.110124807804091,0.735538896420888,0.136375513578963
0.819960825789606,0.100899825764491,0.758256568971829,0.106090789414074,0.736669491924965,0.132343788036403,0.505888699128373,0.252472249837954,-0.567641468043623,0.155355152989792,-0.881652334249313,0.0185568464710426,1,-0.929844407331824,-0.13058882239977,0.215894176865932,0.427858817756916,0.100177287414988,0.455828644915628,0.0945328712493999,0.577325096319239,0.0953673239102712,0.641128400209705,0.10576874418187,0.742925008987006,0.128009372752365
1.00993018062883,0.120059343796844,1.02520384450994,0.125344803004832,0.971074193046642,0.187998629664593,0.301997093553934,0.141583040189484,-0.54153631803829,0.158548219084959,-0.882264169180094,0.0206106099402092,1,-0.999999999708707,0.152002884152644,0.254590420093037,0.409844505780175,0.117725949655991,0.651467804920031,0.104097988061463,0.73542133059655,0.107171261153389,0.636991158282388,0.115365325977805,0.598088171683313,0.13273837466344
0.798637178840526,0.112002627834072,1.00686669106741,0.132413661821211,1.00254693539905,0.164339305898323,0.503810766442342,0.233454951969097,-0.580655428212649,0.168658792327445,-0.921653512642374,0.0125075607445451,1,-0.817019479948636,-0.267463548120051,0.242277099898398,0.610477724245942,0.106516503729459,0.744567744151633,0.0894376029543142,0.826024318011957,0.0901901120499577,0.668210979827526,0.111234012180774,0.812297365103391,0.115523300969599
1.21627103200696,0.125487369814506,0.890859340263267,0.127657070881691,1.10851495683616,0.192317017158909,0.657556122588948,0.213153898921371,-0.853762728644543,0.191945720285706,-0.912801885502317,0.0139935326215288,1,-0.999999999981848,0.449471878168382,0.258528817980237,0.803304402222034,0.0942866711568263,0.658384965575894,0.100623374008693,0.83421445020468,0.0947657734493351,0.721619648791599,0.10873490790573,0.710097009174476,0.133046871674345
1.09072520771652,0.112379028068992,1.12459768379428,0.129765711449514,1.0808689901289,0.193820948747545,0.616780841234451,0.292689470024136,-0.802199828922612,0.21712541095655,-0.903850506417359,0.0159761695113905,1,-0.982495565663308,0.0313513354725759,0.242933442394181,0.654608829591737,0.102670405313223,0.793285319852799,0.0937316677054167,0.590817007835088,0.105965890767396,0.656911013762181,0.114549667578123,0.806832853615609,0.121392734873569
0.798527891879746,0.105533615662633,0.874696868964166,0.106526105544991,0.742060069758467,0.127059732490992,0.364332602367814,0.176596141621929,-0.455155741696788,0.12052223578882,-0.873454392999734,0.020348268394268,1,-0.875369632230709,-0.262322788677551,0.234523351171698,0.485164013957517,0.105653598222711,0.619972852951169,0.0934299938684295,0.584731945863747,0.0977402945473921,0.532231993765172,0.118203916506448,0.564419590278226,0.138426581266082
1.10587637373876,0.118286396437024,0.934324666587301,0.116032895108444,0.959764923961906,0.169618245878789,0.43701431832663,0.190551054433498,-0.647634938721204,0.175879084306237,-0.924445030965498,0.0119476717492735,1,-0.999999999825234,0.0979267554121034,0.245918364015877,0.743866740972734,0.0937643490429669,0.679722785141856,0.0951218390454476,0.747238806498138,0.0985771569739108,0.74746312804195,0.108912168240004,0.599136815171867,0.129759344480313
1.01028943057501,0.1281537499984,1.11237725311036,0.137460090587117,1.20959826427036,0.217832984236777,0.362107012126625,0.193257531531447,-0.575090871472863,0.214926101661291,-0.912187671781792,0.0150289398950081,1,-0.868955285247965,0.329870747411149,0.305190078921685,0.596257045694239,0.10702275951909,0.656031390052453,0.102354168131026,0.710546669158227,0.108830935827253,0.563537448141477,0.119475815085726,0.798622971332715,0.130967360226814
0.964444040874901,0.109621528446343,0.922433500229201,0.120337478024402,0.784834962459064,0.139755451304913,0.452234981292987,0.223224820788263,-0.492821452308486,0.148803733156496,-0.913895629645982,0.0136856414216265,1,-0.827214916330061,0.0590131977977711,0.26359074460537,0.716220507186792,0.0973487944969153,0.617698094140942,0.0967665809595474,0.431536152993046,0.12071206253758,0.748969445618632,0.105360920163306,0.88920643916936,0.121769667070877
1.02672125353298,0.127877396362365,1.15491059948596,0.140320746262565,1.22701746801664,0.226226057837811,0.76771633867029,0.331108277486122,-0.911292753384136,0.241589305313632,-0.890652244807132,0.0186027013835733,1,-0.938927701369037,-0.00136961840494001,0.264696650751255,0.818702702904665,0.0971564737402208,0.707323594084408,0.0939646107402663,0.807341808429023,0.0984531604632358,0.625333371290693,0.130982912919768,0.63336315012731,0.141205286188336
1.08159609784932,0.139111108465317,1.22744406584126,0.142815221913802,1.32919343233882,0.25657907289195,0.894774549274062,0.367902800123878,-0.92410499759915,0.253444239953628,-0.919354212316011,0.0146672579778617,1,-0.847364790323618,-0.204106059571735,0.29815067677133,0.773767697845576,0.0994961172856533,0.886282016541057,0.101372693600161,0.937633159967849,0.108741479697868,0.826713803892887,0.117864660066314,0.795748372158027,0.140817809095429
1.08233713843239,0.115945931353744,0.791423206632568,0.116210707941883,0.837141357205466,0.137652180124884,0.382926576891081,0.201839152360431,-0.446732969544557,0.136909824858466,-0.908932460087794,0.0143105239956555,1,-0.789025159249732,-0.178906900214071,0.249248549915763,0.666261012256238,0.103185738902548,0.765047935645973,0.0895222040263209,0.612427312108764,0.100162706140229,0.844946757179422,0.0951220246423786,0.633920363296173,0.122538469707748
1.02996630370523,0.110696802907374,0.940591076436416,0.126259782155884,0.939651099211192,0.166865597662321,0.547438016216788,0.254322181535519,-0.685290485240414,0.177129271537829,-0.899969060853337,0.0160601846341452,1,-0.955485085350165,-0.237051226055744,0.222708679972015,0.773881296835949,0.0979850717246572,0.705072475594375,0.0906816151248252,0.576148221829966,0.103711970612881,0.837719517459792,0.108465347231205,0.610857878407747,0.143003451909242
1.0979399649689,0.13323061655068,0.889442447351766,0.124373273689911,1.09287426079413,0.201403235667444,0.601153067797395,0.23623979699466,-0.810545935948937,0.207132369494558,-0.887850435331798,0.0192986188322391,1,-0.999999999764177,0.0803649217777633,0.289785170892381,0.666634952595379,0.108022802477426,0.717651321501175,0.100274823742926,0.692208795639661,0.107984051721939,0.670734591441417,0.116004013136688,0.667101883482485,0.114490780443642
0.982870846973289,0.107853802574167,1.0202451455811,0.0971985572479928,0.769701353745336,0.137725719048517,0.185706237892428,0.096055932369602,-0.378071874905163,0.11651566456338,-0.895645250226918,0.0163557451864967,1,-0.999999999613642,0.600192213682205,0.243134511845231,0.347576317450023,0.101770644917062,0.547889716097163,0.0933312507134677,0.796257437622232,0.0882532693863573,0.663584031361734,0.102021659225069,0.639479049350313,0.133784818518034
1.08542478395954,0.114496698036966,0.938978775460505,0.11298428012151,0.827124609502503,0.142685025648517,0.364531204791149,0.21023192815798,-0.439306034257613,0.138283061370793,-0.893008645719346,0.0182363585020356,1,-0.80004486473721,-0.193841613917177,0.251801128484927,0.731917253177295,0.100527432278422,0.542139798579964,0.101057524164895,0.694309248102657,0.100312905681649,0.644003522091557,0.102004071899355,0.706741208580528,0.114266213835169
NA,NA,NA,NA,NA,NA,NA,NA,NA,NA,NA,NA,99,NA,NA,NA,NA,NA,NA,NA,NA,NA,NA,NA,NA,NA
0.923199868893889,0.110793603340308,0.991711274756093,0.102624822793568,1.02230828218328,0.168125237573764,0.266955161600982,0.161954704390863,-0.475815904107806,0.149483212355442,-0.873833690636572,0.0175819273657088,1,-0.910812229761877,-0.429080250690981,0.263888698548116,0.780418451947594,0.0920323907630928,0.726807719543739,0.0853379914499138,0.848355720727222,0.0927807038660882,0.559215770601128,0.11483708644449,0.662483251145591,0.127789012752476
1.21730738425328,0.129573263608896,0.738003881139232,0.105633981480323,1.13289471564317,0.203327142135299,0.449958091921703,0.214057096940215,-0.713971389191666,0.209876117259714,-0.899225583032962,0.0153546475920155,1,-0.999999999985576,0.694489690662954,0.290842483160148,0.579261028444545,0.101409615460734,0.443100825232686,0.0973954339729562,0.691376283630367,0.100832411685776,0.740367439447714,0.110225416058758,0.774639414431886,0.11656368541891
0.936744331406193,0.112338293483111,0.961673715075215,0.12220256609542,1.03592600133169,0.185640397018124,0.68179116836161,0.243783248732279,-0.840407757448845,0.202985184322582,-0.895975007254862,0.0170610789564518,1,-0.999999999997236,-0.452503299386562,0.242900931652819,0.886378573555772,0.0898296900801554,0.627500510370879,0.0949620206590534,0.626529269020774,0.10440729368228,0.626265531535062,0.112700731451862,0.50743061299747,0.127572668044299
0.888174925094854,0.111910841151063,0.901440965393825,0.120290835855541,1.02007986023526,0.168536315361063,0.520542996677534,0.258090777363275,-0.663169252921588,0.172323310946956,-0.886380165318226,0.0163554262570272,1,-0.910078787727131,-0.270545997896897,0.236706230820088,0.788495860169766,0.0897957424664887,0.615867967062607,0.0886703860237967,0.554392187210371,0.104249496186714,0.729240785753094,0.110542581393797,0.615851296474743,0.119830962480355
0.82720142737598,0.104836270839133,0.944468161952858,0.121931148743313,0.686943161319008,0.13181382728056,0.485489308528243,0.273075134106812,-0.413208961968203,0.151149061255881,-0.88700174394685,0.0195271115143862,1,-0.715516239259316,0.0517473600156202,0.241488921114588,0.512996500134794,0.106092020875828,0.750317331208704,0.0914595192774233,0.543135744380065,0.0998273488675059,0.758287472073322,0.111326649880899,0.770974260470447,0.132307218673524
0.90287421459213,0.114668861597045,0.958758364207308,0.136404727940612,0.902028412493658,0.166939510449263,0.662716678396279,0.257415097310877,-0.773168334416752,0.202273377941921,-0.90117489379537,0.0171761479834782,1,-0.999999999998251,0.139223054399073,0.260196945890561,0.591775883717836,0.104214158588513,0.587163315439204,0.10285679773717,0.729059983413108,0.0971075227999841,0.757027488887979,0.106112349541191,0.611204989314941,0.130198939382282
1.08622195111442,0.127631888868992,1.07519872603588,0.127208762579768,1.09423473697576,0.222871588617239,0.538085162055773,0.257386744040328,-0.605398971430406,0.18025152918988,-0.9081856647206,0.0172157549342297,1,-0.788970784840463,0.0367898187615686,0.271574368422944,0.588650692228247,0.107807600276847,0.770855729478733,0.0980211002814353,0.854311841740942,0.111500122500625,0.791983901816766,0.121864999050163,0.569404831660658,0.149573230137825
0.878637920197753,0.104251798394976,0.883330328082519,0.129243415029464,0.837899615954367,0.142714555201212,0.667093546677637,0.304895647166313,-0.595161782504963,0.159315488121384,-0.902352353008608,0.0156295129588097,1,-0.796059758336722,-0.248182737131986,0.240876661491151,0.688048308521297,0.101961728907518,0.647175087357894,0.0949025362554688,0.568559622685817,0.101560293700127,0.634145377622435,0.107059411762096,0.821988881308648,0.117222211196902
1.04772075569389,0.109131600380473,1.20290898414638,0.121965264815763,0.740334992020543,0.135732884165282,0.347858073402791,0.179715992099383,-0.401457555480634,0.137839390068003,-0.900493950081927,0.0169619401139348,1,-0.791087375153382,0.20894296413802,0.249105228336456,0.602945028868659,0.106449586510171,0.730020416914723,0.093393880421171,0.657418067537758,0.0995267019709746,0.890456121718628,0.110825297128357,0.439749411362082,0.152056380544985
1.36445531858513,0.129217744402349,1.11156922624554,0.124642849204071,1.06781672442997,0.194820971912598,0.450660899444013,0.24101661564306,-0.556085077823635,0.18550758179752,-0.909962729237883,0.0157540245652054,1,-0.801618889330445,0.581033444704395,0.272382602364234,0.682665958031449,0.110391156543716,0.845166341031588,0.10138380999209,0.831656195302698,0.0925594852480273,0.560640903886119,0.125590929356607,0.870119210758095,0.122579955649237
0.926067743919274,0.123016888665044,1.09782629195109,0.136348347292387,1.05565949491722,0.203377716869826,0.616909589917204,0.306987101642438,-0.806998423620332,0.213043403930647,-0.879736272644179,0.0215213380986712,1,-0.999999992033828,0.0499206123433001,0.226259258492723,0.693076851479135,0.0996203817981914,0.780669392647193,0.095621788395353,0.542468772463479,0.119780011581644,0.430428345353004,0.134956040314749,0.696297998609286,0.146938065130116
0.87170493671787,0.120752140914309,1.03727974806908,0.131205786262596,1.22152775108214,0.231854977229206,0.789474337723708,0.283429886340918,-0.951980393540893,0.22865674224571,-0.886503971598835,0.02004117412324,1,-0.969409622440059,-0.0172639511004008,0.254226227929725,0.694396525890682,0.103603206107024,0.692223970319856,0.100020512428219,0.736956491377496,0.0985714297142891,0.681254817368765,0.128094544840925,0.511915167514896,0.144356799580566
0.993356421714279,0.10984606160718,1.03357549113781,0.112034906678209,0.877800279937029,0.153202848875332,0.371500748388464,0.22481580317609,-0.496455590998022,0.147103372770549,-0.866804713940051,0.0206798861674653,1,-0.869366101353899,0.173963217143236,0.25638967687806,0.663179513888943,0.0971640363202246,0.735071208139804,0.0926946343937476,0.526965319025534,0.105130182787507,0.789834292846215,0.106492251483073,0.530142086470101,0.132432079668951
1.07834478565154,0.117532910882796,1.01184377123934,0.117116397213024,1.11361049869068,0.187579417749938,0.565146860925197,0.236800593923421,-0.774037108397327,0.174692608112031,-0.907623977218041,0.0149623082663801,1,-0.975695863283911,-0.0190495596966727,0.251237033088015,0.688574829868759,0.107008839809163,0.905276656210791,0.081061653679816,0.642621265044298,0.103971913588471,0.667238482734008,0.117492485707681,0.755637197429264,0.118497767604688
0.978919376412801,0.113596540524085,0.831056274543458,0.118136308762656,0.862906962216634,0.155555629600635,0.666683980834526,0.231462026638112,-0.709415138044395,0.173609139694666,-0.8854587830395,0.0177795423897429,1,-0.9353161967716,-0.272601479380131,0.253181798263734,0.700269417375128,0.0953440329514199,0.684662413621005,0.0923511989244039,0.664280106828998,0.0927093350324557,0.689273716366645,0.112714991367366,0.405878777816983,0.14578769839938
0.879773726627902,0.110874647341539,1.05917393629606,0.117579854885203,0.742213679633176,0.128817713995078,0.339409749897569,0.188990672967441,-0.334954070522215,0.121975061815084,-0.891497418608783,0.017895689380593,1,-0.66735762326079,-0.222502084436409,0.23961515066287,0.723498231061502,0.0946036782271713,0.654018852751986,0.0947218262432768,0.566753903352563,0.108230110323635,0.726085512863093,0.111168136971027,0.832996747236119,0.124527659189314
1.02408809212233,0.114054587548416,1.00646308426878,0.116312628499527,0.828565196555202,0.139404426054345,0.576177664522582,0.245700363249708,-0.618864813806577,0.150180035944971,-0.894556006491939,0.0168041207316644,1,-0.895682807711652,0.408622028934524,0.224904754746169,0.669694634411269,0.0913919140384429,0.627382859506642,0.0934617275176539,0.710311080271902,0.100630335520571,0.441520702285984,0.120942159316766,0.653312031950035,0.128240771499519
1.01310746126027,0.124938056016428,1.05499431714983,0.12468822474972,1.05889647055025,0.169042969993656,0.807606971099471,0.305258754034208,-0.766786900404716,0.19355302762615,-0.916351714787059,0.0121315769042138,1,-0.829178256339995,-0.0593215460800071,0.268926634993451,0.698297571852295,0.0915676618372073,0.732107338537582,0.0880121198563627,0.724607584636295,0.0912126390148803,0.768396965981541,0.107934970963956,0.668437178604775,0.136139129717058
0.930521912675225,0.0978765641749256,0.798364515053319,0.108695324116292,0.631384551053845,0.113088997953527,0.312470032561541,0.142399050253625,-0.444171983836555,0.125747692408703,-0.854360977794381,0.0227984811985927,1,-0.999999999996584,0.0200790881911649,0.232524546106733,0.694359824312207,0.0973307772924883,0.544799239293542,0.0942306859108341,0.445705758584831,0.103221171073052,0.590020365019388,0.109535859400453,0.395522488850877,0.143942742937488
0.870682672897075,0.13395337534447,1.14109975866845,0.134158594202337,1.51664719433181,0.25042347721543,0.724393575555615,0.280688305740331,-1.0481648163584,0.254121214765437,-0.917866113272796,0.0130589365276391,1,-0.999999999223245,-0.51495984556091,0.297747826531289,0.729262184461957,0.0968004997344755,0.791055771605313,0.0865977236913963,0.792638822151126,0.0915418451777086,0.69788523397397,0.112914361143624,0.863516496411371,0.130966311658524
1.11866436599505,0.125465495277172,1.19997704073439,0.139901509415644,0.976133423936475,0.167010014443872,0.609252335045539,0.23995054503683,-0.630037955453742,0.164510542844835,-0.896464074185364,0.0162735064598719,1,-0.816983941946546,0.0401394958213579,0.274939400088813,0.72986396357125,0.0984782139400724,0.763435220819178,0.0921102424019503,0.799376638332673,0.0916632848402625,0.6659205866704,0.12577154002707,0.815774772223643,0.127606415645804
0.934195329000685,0.113825263447784,1.10334244916264,0.11830395331079,0.949552486369815,0.176507878565047,0.302430915504933,0.183690225391644,-0.463839582233526,0.159996155001716,-0.875102378044591,0.0183881154718627,1,-0.865556111412607,0.250996658575659,0.250345013694264,0.597161203032866,0.10747877965246,0.734534463555739,0.0928981179042038,0.81050063286685,0.0983432828749986,0.502155277811325,0.123547564225563,0.823812227932935,0.119247364989139
1.21398741781598,0.142025303357932,0.989334377387256,0.126492481863512,1.37401974606153,0.274381610579775,0.729251749716775,0.319752392663306,-0.88873731763469,0.253751559861895,-0.921417290898195,0.0136417310091234,1,-0.887847118318541,0.32765682261708,0.268134067552653,0.784491064489569,0.106408749625842,0.786944889318344,0.101615279203376,0.813290818003607,0.10728933758297,0.800599657209322,0.108424324460212,0.898674912008689,0.127462541840244
NA,NA,NA,NA,NA,NA,NA,NA,NA,NA,NA,NA,99,NA,NA,NA,NA,NA,NA,NA,NA,NA,NA,NA,NA,NA
0.944487472316672,0.119208144792076,1.11745224166635,0.112878100917966,0.92085471905044,0.173501212331557,0.41031502878375,0.223380141150473,-0.537818939223674,0.155273394866006,-0.875809978270141,0.0210604265890654,1,-0.874947149476511,-0.228745517084913,0.225307955486352,0.593055982729183,0.10145286719523,0.778566196369131,0.0981350384233551,0.603051944726587,0.115635460307907,0.505231283117876,0.126215401615162,0.591783144717331,0.134916692076177
0.998106376894906,0.115782517682839,1.00533035178489,0.120818931082506,1.07529655554883,0.186847065954175,0.658071256014511,0.258676288297164,-0.750386652376981,0.18870824369569,-0.901587674503803,0.0160569209037018,1,-0.892040376295404,-0.0789875276200107,0.238665598687748,0.730652118021809,0.103631980609344,0.687649626978467,0.103272881467686,0.655706268254661,0.101214358256407,0.822839167062928,0.0979623960565968,0.773941305431097,0.126539434131858
0.856269640877068,0.115790824813252,1.04703357448558,0.120641491053952,1.11773908890808,0.204166537389677,0.400030041888965,0.192687815941749,-0.668677212477918,0.192583832056239,-0.877462782874556,0.0202787457219434,1,-0.999999999922178,-0.323419308861061,0.273895773862653,0.632052046320328,0.100999330810879,0.642104174008905,0.0941191347677422,0.725062518412172,0.099128017679563,0.864251489061995,0.104965199256529,0.56216152730247,0.152312488086667
0.855230472483265,0.115215313115026,0.972860828400361,0.121884630405462,1.0888179749922,0.187245547860655,0.694511989412781,0.242729431382978,-0.756541986504717,0.180243703366628,-0.900542367018019,0.0160873962053752,1,-0.869992524307255,-0.220838529978195,0.298079917933797,0.75062971063612,0.100606373280803,0.659978934582809,0.0958746671045839,0.741789142813217,0.0865581698856858,0.591686316578756,0.118801940149284,0.532671360937002,0.140597410971613
1.09116092559177,0.111618759486654,0.824461077543524,0.119467357227706,0.961343507397889,0.178404826741721,0.474811010221966,0.192550828352672,-0.675615631636338,0.173327653915932,-0.913024999784506,0.0136955682920259,1,-0.999999999773745,0.0597826175166431,0.213924801560846,0.618872428315273,0.100417150394287,0.63501880758902,0.0994384564429239,0.66907502643075,0.10485258753222,0.589413428419189,0.110824078385295,0.755613802125483,0.12758556586472
0.996679681129307,0.101147143597962,0.633312131852655,0.0957384507577107,0.653077984572129,0.116331280157398,0.391591432512153,0.161673791758681,-0.505707171710054,0.130402887601935,-0.859139864470404,0.0230149749166091,1,-0.999999999996544,-0.0357572228267412,0.205582405844764,0.503817632790433,0.102804112869185,0.597342633334105,0.0917181707702774,0.473806947390589,0.104216431203752,0.677067748098255,0.108036936346169,0.449993613811115,0.132591271538379
0.967650200584693,0.123182256217419,0.919086223522353,0.12856558815951,1.03138207956503,0.196947133768321,0.691087824815964,0.27367963457552,-0.741240573494137,0.205687988998804,-0.894415287730927,0.0180692588943542,1,-0.877976257726612,-0.626700294735346,0.249446448998275,0.756043251095595,0.10584296716374,0.838529164075864,0.0879328226684596,0.565052583577678,0.117039052285407,0.663028051863798,0.11595759073891,0.541701683528609,0.134323806287081
0.857469967230522,0.109390668072206,1.11634463397076,0.13181170978958,0.904557494752853,0.165215144591142,0.341953653274992,0.161598744436338,-0.556162512154437,0.159404928446173,-0.901504860703342,0.0157918673899418,1,-0.99999999999664,0.0709477731551113,0.256965421331321,0.585252202044797,0.109258035258405,0.649022729417457,0.0963037930732108,0.599124143342777,0.102563800901562,0.68385397758726,0.11325408357978,0.621048529722123,0.133580534029893
1.10116760610316,0.129984487496271,0.973699858657746,0.129623247065112,1.04793182730078,0.199573312432723,0.703314487145017,0.282258623160251,-0.827212415451547,0.211456501276585,-0.903157757071951,0.0168824374773416,1,-0.963553308634802,0.200225789208234,0.251245549996546,0.796054364419068,0.0950884627566819,0.583929073190057,0.104490174316067,0.74412110045713,0.10823374604347,0.663001378261544,0.129445496777565,0.577690289822022,0.139002851749553
1.05027858328773,0.126447555711641,1.0074066052466,0.124738301658072,1.03219436103497,0.193692557230334,0.521972102415609,0.245099940018828,-0.608624791913538,0.183541576687828,-0.91299782100416,0.0152887706322914,1,-0.829173190989146,-0.254928959224718,0.25322258052543,0.71482147320678,0.102152576124881,0.79815777813042,0.091577775078599,0.63934027523082,0.108965518740082,0.663140830008041,0.122521062115966,0.650364447831438,0.132598994195662
1.31910845582549,0.154549316245775,1.00878185334177,0.1290631967144,1.34356469705197,0.25752574417825,0.55937989297273,0.270632621269836,-0.763045174695387,0.23928089616323,-0.93457942758587,0.011482216759143,1,-0.880171967364493,-0.0099832950921362,0.305235529373684,0.989548735464861,0.104106434634744,0.857944718086573,0.109270712284117,0.863247257247747,0.111668553396457,0.684417256378437,0.133822361054612,0.879315918688995,0.126829079183748
0.984704821907148,0.114589891451184,1.0091949822845,0.108940350693823,0.834514785876105,0.144255242192749,0.259436896328696,0.135549032330716,-0.465299822527841,0.13459170013677,-0.911677289791055,0.0135604514307128,1,-0.999999997358794,0.221739470302766,0.242519424234217,0.642798961975644,0.0959479639912054,0.61881015222562,0.094394253070145,0.709570277465059,0.0942579807890702,0.610024455315864,0.117313077282874,0.796833851942118,0.126467592091556
1.52501499440117,0.152733131407718,1.32143424522354,0.159816538018868,1.50974199527817,0.303428493157872,0.97381240524407,0.404888056640901,-0.768928472062345,0.269315031222607,-0.929614833025168,0.0119715046649122,1,-0.634157193527897,0.910456283231297,0.337160422876777,0.800014718484755,0.110563058233837,0.864002314841821,0.113398400793988,0.953277537966384,0.116718442800034,1.00167594839335,0.10724597313945,0.748652986031548,0.134942009832241
0.65915753915832,0.106336662734644,1.00958487608319,0.126219917317813,1.07422684844826,0.185397345386178,0.67231139267001,0.221221161209396,-0.849832306119088,0.189967168758946,-0.914869775127166,0.0142402524481856,1,-0.999999999999946,-0.246808682284792,0.246190500267405,0.53260632241521,0.099965898517022,0.637847008731868,0.0981346598889837,0.833948106171744,0.0979109983651776,0.471491040740861,0.128413934917921,0.721127367286336,0.129046873964748
1.2618240083452,0.125055720964436,1.03032761232479,0.133559649276251,1.02589298406065,0.187030220765643,0.651074976075659,0.262437002750206,-0.701266202639486,0.183285672708594,-0.910266604806772,0.0154633593618636,1,-0.858057470939943,0.253805752319524,0.262951362355712,0.725407818026883,0.111459602381369,0.757745150140595,0.104699497035036,0.793006473058624,0.0964632102834885,0.88075886909804,0.103694798766282,0.626262224477527,0.127687300476952
1.15230529298992,0.117628494809497,1.11691922698935,0.134559557934284,0.978311131571,0.170507815384115,0.372238489827321,0.219201793914892,-0.568946621851739,0.159906791899208,-0.912605014071392,0.0140933508781061,1,-0.942806106516476,0.244311347311941,0.238093235202261,0.767083443538556,0.109031526936378,0.668242861954497,0.100728028258912,0.800969715314902,0.0955527801610747,0.675628226811097,0.114284841937738,0.811680345872962,0.122291615286069
1.13623505968613,0.12839969212027,0.989737494467343,0.139915151949157,1.00837167772906,0.18236147319111,0.734799349667995,0.32857549397992,-0.851573194910594,0.204193714971644,-0.905774158038012,0.0144750902905359,1,-0.989298342521068,0.240711301545086,0.25798887155795,0.5575953408801,0.114471943156116,0.85488208851725,0.0967230332842279,0.694271335063473,0.103140460526755,0.840228670282553,0.102706321459799,0.689611778265176,0.120166804764566
1.08141173994947,0.108310522646051,1.04270544610671,0.122403571027264,1.01699437256067,0.17354539524968,0.562422186390271,0.225296489776885,-0.756293724687958,0.191786967564978,-0.901996850829044,0.0142768043844804,1,-0.999999999510657,0.281620779053337,0.233041665799197,0.760792842075429,0.091790755295694,0.639763768300796,0.0969338310124418,0.640197844044414,0.101687821470462,0.80720661515715,0.0982932367255026,0.592962386221857,0.11932300219124
0.874873855249339,0.117592244005507,1.21013143726609,0.141235893474765,0.999995726948125,0.185804388886701,0.705674662661085,0.307647978553016,-0.702819856385898,0.203443533820507,-0.918712791813249,0.0135836783251187,1,-0.836647829302318,-0.240290137201816,0.274437616145298,0.711814514030235,0.100322457332556,0.666393761061124,0.0954864621703344,0.707798769406264,0.112256875478597,0.89848412952023,0.101682247617982,0.728854513886859,0.128878585211163
1.01990163286171,0.130351663787152,1.00150619730818,0.130985795934099,1.10089169110767,0.20414562185392,0.782021424637278,0.333590923504472,-0.863401437839888,0.213263675011975,-0.894021119932969,0.0186074130854651,1,-0.93053164060709,-0.118432009994617,0.269220053478519,0.656699366488431,0.113834010729793,0.706116147688206,0.0950728756529137,0.786427876833491,0.103663417839449,0.59827787079586,0.119283614817685,0.661950018742596,0.129349889953035
1.01221851887694,0.135650497146952,1.2160185029277,0.140753940995804,1.2370478645133,0.220355977455612,0.778268677993599,0.321517640752436,-0.870551529689763,0.20957110240281,-0.907608777425468,0.0148306656862259,1,-0.887230483439294,-0.0553918407111195,0.303330885621657,0.822338761248712,0.0891793353468355,0.783153109962389,0.101457645274309,0.851086301862712,0.10246199893524,0.814150625994881,0.11419077993682,0.867367251631897,0.121383686077162
1.06151999267551,0.116515600025935,0.857725659482469,0.100608419419207,0.925000076545507,0.155958782223606,0.348421673726748,0.143950635784086,-0.567705975713589,0.142737041622553,-0.907555954176546,0.0143151313001956,1,-0.999999999990012,-0.330348056699016,0.249806926650044,0.810660794412214,0.100324486213671,0.770415500698239,0.0817176928293778,0.721971138915442,0.0934899238000042,0.725341903843424,0.114982684088017,0.71531956181425,0.131458120027543
0.990536437891518,0.130932837086859,1.0312273689063,0.134907701145541,1.26430274863299,0.223963482986398,1.01765053677137,0.336283341342214,-1.07965069226857,0.237592986021686,-0.893938808976393,0.0174548691598173,1,-0.951827818481717,-0.340823001923776,0.273040799766391,0.73789685415775,0.107299599326303,0.663439037943864,0.0970124411453925,0.584414725965338,0.105857267816681,0.941498171913813,0.0982458839366393,0.623785884613837,0.137041450439783
1.28401888686315,0.133168213349853,1.01875905174717,0.124066188846706,1.18839683223127,0.224255486894654,0.4142003680563,0.21695850209885,-0.69792048075306,0.187226715350046,-0.913991591699958,0.0141724769879326,1,-0.994763771157169,0.187885464913814,0.241067536342226,0.869555410358144,0.0967170718731934,0.74121616618688,0.0949111542023028,0.53842142851506,0.111140274444801,0.771094948002591,0.101417150761877,0.762791850662193,0.133485890772979
0.79397945470648,0.123661703361646,1.05339055521899,0.13877594324276,1.33303808764413,0.239372383591348,0.916552383484241,0.347586836397796,-0.968939718577835,0.241833758130651,-0.904795443737481,0.015704711545552,1,-0.87659065012107,-0.393177858474515,0.295861329497693,0.904213654690399,0.0892061971023523,0.714276984822748,0.100204221825474,0.745188330521969,0.0924819664645221,0.657776317857925,0.124803083153272,0.669047577089361,0.1445636446382
1.08532442173938,0.114955221896707,0.949701096083328,0.118784314981718,0.946644313288583,0.171527244708931,0.747656023701686,0.307550118780324,-0.659845005277581,0.18175297103715,-0.898571187347978,0.016816424452022,1,-0.784327784752103,0.106834447306473,0.229901813455639,0.672703140266797,0.102098392387792,0.708277098272944,0.100937639415828,0.792518869539462,0.102619728865149,0.812560589164738,0.1148154396706,0.648944995618043,0.124691104376497
0.965638531642335,0.109927950241318,0.821451902072203,0.120931892551786,0.985300568006782,0.169136621815974,0.565101627446471,0.220867666236489,-0.746186943129739,0.181202026986394,-0.87909569825722,0.0185642100277387,1,-0.999999999634281,0.0657010988363512,0.248306326569272,0.658401812410963,0.0968880544537825,0.616185996117726,0.0878369912922389,0.662864602073243,0.101740479279928,0.562984456674815,0.11788436695864,0.683296261039443,0.115205061584555
1.14399414445991,0.119786071093063,0.94942390162421,0.122592033695182,1.07544362345505,0.167370315679296,0.744574738480921,0.255124324653532,-0.813809791136181,0.171520614785742,-0.898948087622821,0.0136982413009435,1,-0.90944185425444,0.37827175138646,0.259984912583827,0.629431570156977,0.0930323273631086,0.724710466065606,0.0904103113497561,0.617562481778464,0.102617023827405,0.795028154454238,0.0973309393388145,0.86794424882461,0.100251771585313
0.959223327764518,0.122057840044062,0.927225770207241,0.118210620471048,1.00054697988942,0.189888908828183,0.500992334483061,0.22251663779071,-0.631724219427555,0.170821760480419,-0.895738641968106,0.0198609836388195,1,-0.892263739797794,0.127930420821361,0.260984651907206,0.412347030012098,0.115847607257609,0.702163589491362,0.095291261775828,0.844146413584302,0.101463476282363,0.534169358078849,0.124371196393154,0.744261370011595,0.132334200934767
1.04653020257907,0.132596498475112,1.13580096339572,0.136639178809275,1.32926708383446,0.243323580887672,1.0059930019633,0.36151178913251,-0.928571944819058,0.240276461704147,-0.911435473885461,0.0149424964996986,1,-0.802993357921021,-0.141736874875712,0.266888651906623,0.729855537586703,0.0972332688117305,0.833559034361349,0.0922840733330582,0.82051645969575,0.114049552098896,0.82189287969735,0.11879668127586,0.848735899475369,0.131478607955578
0.962906278561746,0.115626363586126,1.00957815920899,0.0987945598458713,0.858139011336474,0.157233318266981,0.37004067596645,0.179515563230731,-0.517936683527918,0.143573892055024,-0.867524929086133,0.0227484265744776,1,-0.919121903696344,0.145518512855439,0.233407892196651,0.620137753220654,0.104029752854984,0.590803849831301,0.0980923439496126,0.829764535888722,0.0954012762809246,0.386290948405124,0.128221661484254,0.648401082783464,0.130686998190313
0.932862522634957,0.114449866157843,0.821590076708997,0.0993333888895844,1.02908982214804,0.163727171902201,0.201195041921497,0.126630106260354,-0.455025017127902,0.13745971430658,-0.91177282294028,0.0138538784695497,1,-0.999999991074977,-0.202530177847344,0.260621993476432,0.657167453031369,0.0963252236031199,0.685762963569309,0.0876466885326958,0.76706356360959,0.0935012033099782,0.521411985285659,0.109476823310994,0.907538793453548,0.116035752410965
0.885017010048759,0.108258156658807,1.06121155417174,0.115716353318897,0.894354305547745,0.147674931023872,0.403379423972405,0.202254616228887,-0.520964622601163,0.153365794334679,-0.915271983834155,0.0131848544093112,1,-0.867354349508347,-0.228554789633401,0.297502802643449,0.706518199449004,0.100174254494412,0.873105460822384,0.0819762822826705,0.768674381627246,0.0937773675555224,0.732017899038821,0.100429942975534,0.484632269008093,0.137359228920294
0.876258737412304,0.101697326091942,1.03107861784058,0.128146743012725,0.695614837956145,0.120264117095022,0.699398859982724,0.295926514775758,-0.52266104267217,0.140881377441284,-0.878003506521653,0.0188682368662775,1,-0.749330227055549,0.0996891823473212,0.230702290880743,0.635435423428839,0.0943156683974334,0.58279834919382,0.0903944181876189,0.644499264373559,0.0956145475596162,0.496311688880325,0.122936260137099,0.728256761399648,0.118456490329415
1.05118222290396,0.112398262755688,0.84544128535872,0.10955870656482,0.858546714728454,0.162338880073894,0.208887390761864,0.122465145167216,-0.423485044612715,0.148843539593951,-0.882838339691938,0.020313577783837,1,-0.999999999787655,0.365303466489086,0.241597900121501,0.509262668025424,0.115980629882735,0.637601117365554,0.0946412976174313,0.606362454200135,0.102274849687566,0.746615728906103,0.101202044156248,0.611124245983051,0.132616858691859
0.940424047113802,0.114458393718082,1.06128966728299,0.131462481565499,1.0230213498161,0.178643576633374,0.853967516005047,0.32608845451703,-0.888887445149238,0.210738273455379,-0.907229469377704,0.0144679375674184,1,-0.951007075448975,-0.0499502049371289,0.238896965662666,0.685316732168353,0.0968599861696124,0.70191668200524,0.0889100783977887,0.730067557502478,0.100927449123102,0.782361251788932,0.109291099860375,0.411451490078953,0.146332136754226
0.961584151039313,0.128026765475972,0.96808466376,0.129822889223346,1.38737239029517,0.244447283489809,0.830258860721135,0.327370165589862,-0.938030732137527,0.22823178056788,-0.894588934807013,0.0171273883786343,1,-0.874004731653195,-0.354819252563825,0.287041615164637,0.741520582803999,0.101535334934628,0.732589531411673,0.103644173785573,0.716233394400488,0.112317056249746,0.775809863893741,0.102212154511096,0.76029373709932,0.123754062914715
0.987824456878935,0.123858362272203,1.12240927205046,0.128432504728221,1.26040834021002,0.210403515904119,0.482223876652764,0.234387223893708,-0.746326166703508,0.212907836074214,-0.907542837969966,0.0143942082162804,1,-0.957301367672171,0.085337683516577,0.259376379163776,0.660018773949824,0.0985994536392058,0.865120150503456,0.0844149245425704,0.663139442804401,0.105217093481861,0.783826901119547,0.106792374789312,0.611323963702395,0.145991699017151
0.857257514228261,0.0957224271763719,0.849206596460589,0.112007343418392,0.735046782195548,0.130692852635403,0.453641249975367,0.168279842653078,-0.577449167512983,0.139393213661897,-0.856482534910174,0.0214522750731145,1,-0.999999999993818,0.0728571219551412,0.205663957980472,0.574986102307691,0.0999571827512512,0.580922973044573,0.0950418760055463,0.406643523101276,0.102474372943978,0.489340496028069,0.1106645990944,0.549983502065062,0.124017493908487
0.825781342248216,0.107168070955509,1.02972919885476,0.122720026831189,0.821172619621656,0.148140015603263,0.574697521157079,0.231780716779942,-0.526027335102662,0.176644893231571,-0.884598175711251,0.0181921286936857,1,-0.765722521617624,0.263130502954825,0.268994936807493,0.634467648415358,0.0964327414892206,0.461713049557961,0.100082506712678,0.850169220560751,0.0925615516285225,0.567805822862568,0.119436265292838,0.668421034711817,0.150521095468512
0.895389302827692,0.118783505055832,1.04869418161871,0.130197755249192,0.978780688394203,0.188398557131466,0.456947903573479,0.24289142353023,-0.668543704752067,0.200439033503154,-0.886926581545659,0.019103418843134,1,-0.999663333763304,0.181364570779314,0.238253317891418,0.559431243757191,0.109559630401298,0.700654831286843,0.101883450327902,0.683309802223424,0.105155335976126,0.693577338234816,0.108399091719069,0.686400473112923,0.143221298708122
0.791721035166687,0.103396646040182,0.984585927594762,0.11228691741368,0.968834089230324,0.159305763967799,0.353564284431656,0.137565550812111,-0.585273552666674,0.136200756720719,-0.883603865147089,0.0165626998660779,1,-0.999999999940673,-0.0430603063019337,0.220894739888238,0.640460930196176,0.0830599849545347,0.669519384571388,0.0936462241657656,0.577891702549965,0.10333889783803,0.88019280642945,0.100712807807231,0.512652530398564,0.130679814894189
1.12761647273235,0.122686658641282,1.00386322379886,0.131103536926382,1.27941739085293,0.204940976570951,0.745618944060376,0.30506362783222,-0.930289420473227,0.219104216800698,-0.898346188568607,0.0157366067323055,1,-0.952474791608859,0.140867403230643,0.2597962516384,0.78740761876782,0.0913248473301105,0.709367130797787,0.0878740508354494,0.778428177566472,0.0960183239943288,0.620637156801236,0.113656039118501,0.91422199531395,0.117391941817972
0.995337918522416,0.132449988284808,1.06541894392621,0.153453659269024,1.40429581928788,0.255500814927704,0.888737670336529,0.313050301952575,-1.11609006534549,0.249376036405404,-0.905227950156418,0.0163332102789983,1,-0.999040619962662,-0.00408822626848348,0.278354654905347,0.699491334465575,0.114878140694798,0.795620611660586,0.0975802095517939,0.676238858543842,0.105323818848038,0.769712487851701,0.113440555412808,0.709748270490433,0.130604073866344
1.09224642225256,0.128223007171474,1.04022561022634,0.135569258976311,0.958669839489887,0.173475403265554,0.81097319614299,0.298178268696327,-0.746667584329815,0.194287476266116,-0.9143104835006,0.0150831036019997,1,-0.846816896729147,0.0516069119517066,0.263003609558634,0.710172766064951,0.102398733503473,0.692347764752121,0.100990921244566,0.723288737157703,0.102366964230443,0.758056447327435,0.113851798278435,0.728223595015406,0.124607796018652
0.904399728710222,0.105473524235675,0.939812244327283,0.113672095966025,0.821728168339866,0.150826926436509,0.228340682862316,0.116901795074182,-0.433167370742831,0.131449832192509,-0.894326033444238,0.0167163759804568,1,-0.999999999974237,-0.282111513119772,0.235927430162358,0.798349404227483,0.0925151378870045,0.488387078428759,0.0975790716231876,0.672880351836124,0.0992519037724374,0.737430630738755,0.115516727934606,0.678379840491744,0.130037319059379
0.940787620304646,0.126745265885737,1.13802085784919,0.137895771025565,1.10882142383871,0.197298198143133,0.707508074091432,0.30515196260405,-0.802643218942027,0.22362104779963,-0.911320482630187,0.015076234077842,1,-0.906204128708482,-0.190918698075639,0.276405809314015,0.687671167435001,0.0999356693649847,0.932939966459642,0.0888022661361813,0.694198630613423,0.099934205853781,0.600081663714611,0.12437389589321,0.532076724697374,0.150884270592687
0.915029680734731,0.107685707696974,0.962178367993879,0.108787737641233,0.747070776901772,0.123789147526842,0.404081830329357,0.165098697413347,-0.49105527126681,0.125882400363191,-0.882161329570787,0.0169903026515803,1,-0.893747503669776,0.147883341551928,0.246150889949737,0.534322877613773,0.0975416785433477,0.574753084869523,0.0896032898885431,0.553175366317012,0.0987088999227217,0.695194920116787,0.099636585316566,0.573826491181715,0.121594248592159
0.906827331294971,0.127172479744484,1.24442034832205,0.139945538761504,1.13364180514392,0.183785052028673,0.675682987026905,0.280211020214185,-0.826801841599271,0.190500845189699,-0.900039026971188,0.0157264658098961,1,-0.944695870219731,0.0507899775591836,0.275341869899173,0.66125873384493,0.101747543882789,0.65178394531531,0.10322426624736,0.723966752912632,0.100236232519153,0.849280104835907,0.104106663948469,0.852693712049327,0.117379183392859
0.95875725768129,0.113288193133414,0.864618245602332,0.10464366608851,0.966539815833732,0.158030282650452,0.539771355242106,0.184148210409651,-0.722295304073201,0.161607970818022,-0.895817496142419,0.0158673185931155,1,-0.999999999998244,0.170473170440755,0.248943538317872,0.561880020310158,0.0950851827340908,0.618528401105197,0.0938646680820554,0.735423950737997,0.0945583792080076,0.684324641352776,0.101149474110719,0.720761246457926,0.130137931232743
0.960937419247393,0.121973405913265,0.980896302537771,0.116191498840638,0.889411414178678,0.16922078824996,0.50162670683844,0.233226109686115,-0.516727559252648,0.154162319259292,-0.8964179723502,0.017416391857371,1,-0.773606215420492,-0.298795445322564,0.252004269604283,0.771014573127074,0.102878700360269,0.665531928823892,0.097292709759753,0.718809187801054,0.11115549295227,0.72260366666881,0.112444949203456,0.703213880554398,0.132266273527733
1.08693997971849,0.141083172019591,1.10506349391578,0.152131018279926,1.3151385680953,0.255392054618583,1.13982312305214,0.412676334696026,-0.93961582510271,0.257392230879423,-0.914093467142392,0.014704441035705,1,-0.767442478384313,-0.11512822117115,0.286076040916542,0.772322095762979,0.102895654554807,0.741712679087832,0.101198530542267,0.749554512229298,0.104114182186714,0.813917309508102,0.11680069162903,0.859093006624124,0.135263603853531
1.43475502389913,0.131632451408586,1.1062267014583,0.129769230336253,1.09607957913206,0.189476939862773,0.668161236753679,0.282648404725849,-0.752610378601018,0.204427185961775,-0.921772974716993,0.0123643786403264,1,-0.879444670648776,0.712821072719704,0.272016365308266,0.774769860256085,0.106336381962583,0.739507368071442,0.100809527524454,0.855365726072067,0.10213365149648,0.70477712219437,0.107978614842772,0.796679231169337,0.121399398527524
1.10678308573278,0.130926942389424,1.03801862043442,0.131139920004728,1.01679856190613,0.185406273508699,0.61081383010217,0.275853640277409,-0.530777033814587,0.16473889732317,-0.916116687233371,0.0143704224922338,1,-0.673504079348584,0.110446475816448,0.259377535890405,0.718817441595809,0.0991269248459084,0.758240121558793,0.104910607547805,0.84193250953431,0.104122001753791,0.710648143406459,0.124028802256536,0.650427521159404,0.138973780949807
1.12533845766574,0.122117535200984,1.07673120619514,0.121474287712714,1.09804866141345,0.198386724355064,0.484557577517982,0.213121303923743,-0.729429776852678,0.206389993473766,-0.900656136867306,0.0181148692114905,1,-0.999999999988707,0.0991089511595476,0.268586519226591,0.781800166764815,0.10793926925469,0.692019001461246,0.0955180846682672,0.742743369484043,0.0936304864043989,0.449948071833464,0.130588497726929,0.73516899154588,0.12983223184797
1.00148916056679,0.109995074991112,0.909468858051657,0.117256208577327,0.712698849897738,0.129811835412929,0.693053170851621,0.245133446328332,-0.634308150233124,0.141100413899262,-0.875725549582943,0.0204925981316424,1,-0.902534859905466,-0.296996709822386,0.230166878325497,0.739906221804973,0.104772216054596,0.612877303007348,0.0989816164674321,0.632195820799836,0.100368023635338,0.58615644120144,0.112869148710177,0.644577101068058,0.12361200355408
0.966044825000946,0.116255810849241,1.12630059859393,0.127374835450576,1.19164605174001,0.197458547111866,0.677869688592533,0.254251087451705,-0.898766230962501,0.213993815346313,-0.91340572138416,0.0138191523890612,1,-0.999999999946158,-0.151331782322784,0.257693897828326,0.770721278933519,0.0922945130730624,0.833862986857322,0.0947533898336624,0.702294133007277,0.109878589625253,0.715025467128049,0.107807391083582,0.671251199301646,0.125320809183417
1.00855435624918,0.127699610845051,1.19920496299174,0.141434325430584,1.15685972808237,0.216410404831194,0.740649564089467,0.335003991034053,-0.860417427947487,0.232988759687434,-0.912718745897385,0.014478722524738,1,-0.929527967485476,-0.193856686545232,0.274252818341106,0.809504086982086,0.106495119034881,0.693436175712263,0.100214988220581,0.747100978144452,0.0995318775261212,0.842742407291685,0.100762809767812,0.656025033564832,0.14356420520362
0.983695341465559,0.125585402569453,1.16195600349275,0.120375561428076,1.05422973559625,0.195460021509191,0.315538990154394,0.192460281655386,-0.519811778994757,0.157967631022728,-0.90940701726336,0.0152914438461698,1,-0.901263887766284,-0.107936272229704,0.290201126594118,0.736290720050814,0.103598780555222,0.725629730063965,0.102968180457655,0.786332869984968,0.102891891772519,0.777827179392503,0.117587316378635,0.762830144760755,0.143542681920944
0.889908247183559,0.105388977596796,0.998284185115716,0.10078453056559,0.837893049461833,0.14851033458145,0.463528310152099,0.180478868855376,-0.623207147989416,0.15839335735935,-0.883111016960111,0.0183511389064461,1,-0.999999999999832,0.252081622574,0.236807637809376,0.531799923907758,0.101571160784609,0.612717634097021,0.0903312065771822,0.463901135089102,0.106869958416467,0.573321691325334,0.113213906939998,0.589449095267307,0.13136088308992
1.08985768559138,0.126888563454305,0.96294084935873,0.109890006371659,1.2136185951151,0.232489493494312,0.399509186583227,0.245195160811047,-0.678670205166737,0.206161678481544,-0.901950774531094,0.0175731267268562,1,-0.974662567714941,0.444036819983319,0.254784574252806,0.47039601569201,0.108931355014045,0.800531855130837,0.100642017593414,0.586746039126277,0.10621987348415,0.678365247579942,0.124342275218363,0.727767284009871,0.133762274632308
0.919369299561712,0.102492347203627,0.957412139110341,0.116815336682336,0.911634816222235,0.155952899880059,0.525258109891651,0.213629370895089,-0.691985245540747,0.168773575734739,-0.886827584537516,0.0173674800749265,1,-0.999999999546589,0.28921458291373,0.208601584782368,0.609438874764355,0.0943305734550548,0.627477305545121,0.0933109560300596,0.523070399934503,0.107460966145297,0.806396662293936,0.106636973530618,0.51104231572635,0.130036708873191
1.16353736278153,0.13263481772042,0.918606453242342,0.11992976273321,1.13877220787497,0.213938006956405,0.752186546713971,0.322086365691977,-0.795329335092254,0.209553356958303,-0.910771819449662,0.0147475183556971,1,-0.859341510366791,0.0538136187681913,0.253214620030924,0.775701788369257,0.0987519961605226,0.794276955004234,0.100839522980106,0.669193241825791,0.11175913118867,0.702777323302684,0.114877291329755,0.744144820007281,0.136760339646495
1.01391179525563,0.105402098506527,0.858429931035625,0.113743406500522,0.728055908033086,0.125975000960526,0.330523311506937,0.177116659846945,-0.490550149996595,0.150103741018234,-0.876682069239424,0.0201419533954357,1,-0.999999999950956,0.239479078410137,0.231493552322193,0.590302146337348,0.0927224449858214,0.591431090314657,0.093093639458425,0.540284444163132,0.0992803370225041,0.344816514954223,0.121789198041293,0.641312918198157,0.116517963297044
0.879260569395225,0.101252339212762,0.999345815030181,0.121870561737382,0.923516336726156,0.162305817642005,0.537910688207788,0.246493687408295,-0.612657424675875,0.169968913180062,-0.878608814805471,0.0193177053831274,1,-0.869241240572282,0.0811135898481896,0.2432405854673,0.723093646536979,0.0962361158485706,0.560074669327283,0.096166831139537,0.577830640926356,0.103467971207181,0.802421004450641,0.113965568810938,0.764367805212568,0.134940259220371
0.879562000936209,0.112669786766733,1.04118116284339,0.133470823020017,0.924563446538933,0.153641141150238,0.820051480182597,0.239062823690919,-0.870740847127825,0.180776209597285,-0.890726584268598,0.0165995386966635,1,-0.999999999999939,-0.428522575164405,0.248467171798686,0.822070931261846,0.100140698533996,0.77686990432501,0.0886574541834223,0.49889610964471,0.097424313579308,0.523692725231443,0.113151090391717,0.823019307940468,0.102368179064396
1.16886495229097,0.124310327285845,1.05496414548287,0.123160866505611,1.06065986380648,0.191061232633267,0.611518518675783,0.229321768563818,-0.750498823705101,0.189119729757012,-0.89937503501432,0.0158431951863746,1,-0.931873886055617,0.088357860625837,0.277925482602208,0.802954609786677,0.102641594196294,0.738436030599411,0.0959465782135579,0.621644395793936,0.0984484882196869,0.728117254630078,0.105778720325402,0.610889661424193,0.142727624111222
1.22658991938401,0.130924871437741,1.00594110640542,0.113893077188658,1.24614780855114,0.217340295495326,0.623668231431057,0.235302127554892,-0.881579718334472,0.21764526479541,-0.878290948378991,0.0173629927031455,1,-0.999999999947186,-0.157432615436259,0.243737857915111,0.748391807352148,0.0962177924936209,0.783540568155588,0.0899406131262844,0.681235066184596,0.101366278018293,0.848204370688857,0.105329392423696,0.613149426895173,0.124943513855441
0.983335965054181,0.118930109716951,0.95592882536768,0.138097463579733,1.04960233246498,0.205203790525211,0.694005319104976,0.27704496350212,-0.85348087343522,0.230985242703385,-0.903480858813802,0.0167937898291625,1,-0.999999999755682,0.199719567245643,0.246095207437907,0.781850511643827,0.11203634980619,0.628488405994908,0.0995859621944475,0.612740476308999,0.10233557268139,0.685882072983227,0.107702386490403,0.765791425383448,0.135081350440156
1.13998379470688,0.119414314074779,0.902350792224844,0.113695287502433,0.742310157770514,0.118672270412611,0.431380949726462,0.190218666428216,-0.464358162241369,0.118844527933342,-0.888379037827265,0.0174428351773293,1,-0.820596954608297,-0.0700860923072445,0.205716577274454,0.653716092179278,0.0999726203753364,0.699817832694319,0.0905757948641233,0.769322409823313,0.0956550912530313,0.666750071912295,0.109542945747606,0.676164084069551,0.120654592542426
0.975432525715889,0.11340345578381,1.00480010453233,0.121443834737208,0.903579408105953,0.160269827391581,0.626145652155605,0.237138684987667,-0.719546966350788,0.190093569556737,-0.905942870257965,0.0156058917290508,1,-0.956617451314831,-0.0388331403684898,0.259301975418906,0.599770098622202,0.10695654983599,0.635319550951236,0.100121384394986,0.820703807599677,0.0888879778256492,0.73168949996114,0.102740625772564,0.525200249493932,0.142309952926717
1.01011543456991,0.114462124073746,1.06060260788675,0.123189802543112,0.967873511023315,0.175027778049098,0.382527602289914,0.237420198109922,-0.556502018982056,0.174995374622446,-0.912234504083646,0.0145293895060619,1,-0.914589167136671,-0.0128523560389287,0.233273199774339,0.699288170981359,0.0974804066269035,0.62855074230427,0.105063089833461,0.727998353060676,0.101381828362685,0.788182868037065,0.109267072331338,0.481691465844896,0.143720496203086
1.03509267554247,0.102029582807835,0.848239422580606,0.122616525226006,0.741361219039813,0.131915465380101,0.551363740831268,0.223515015719069,-0.521037901937493,0.135167492041039,-0.908046756113467,0.0151497788420091,1,-0.814958104747103,-0.161130850472426,0.209120904181352,0.709521764717933,0.0976736984768974,0.706862510531732,0.0957452230305666,0.684633491735052,0.10549745019318,0.559203978711136,0.121751574444923,0.65636087622348,0.133705718620246
0.991100343350227,0.119787036169704,1.00710734781441,0.118969359928996,1.03783451710508,0.167599879824349,0.68190236072529,0.20584852826876,-0.780349212110373,0.164278346407641,-0.907413905164092,0.0142344294373111,1,-0.927606629622427,0.011926470465021,0.265987516346923,0.553802878833982,0.10418163003161,0.699903751191614,0.088459387711488,0.844906983928203,0.0882076080544951,0.832700911288391,0.101038881526634,0.56206679191651,0.139518963997016
1.36414023168975,0.13723256541696,0.988346228632133,0.117218892050483,1.04956386175844,0.202518727004405,0.423757741113444,0.237056586287248,-0.539787067685687,0.159449075252167,-0.931144306376107,0.0121048580878907,1,-0.809392579745335,0.603858564313889,0.292163089654657,0.704530066331735,0.107056629046371,0.780201625729712,0.101342972344645,0.799798299654835,0.106409130450284,0.755571552197805,0.117380421259213,0.977349507162751,0.11934212279868
1.08491360485746,0.132326917162197,0.932298517561447,0.131215487005169,0.978929412215599,0.191236512260586,0.676454647051186,0.249709872604246,-0.675386492889053,0.177701948603187,-0.891050872231176,0.0200231874076333,1,-0.829960340112875,0.125771873007062,0.271298186493322,0.609183445947572,0.116887448460066,0.964689807628256,0.0997542079755305,0.623297890370167,0.112871974333165,0.545654502423816,0.121407248916675,0.718152100740399,0.134719946657688
0.901847126462491,0.111632702523673,0.875690072307413,0.109803444698528,0.941514919990884,0.17362433746928,0.519881260007751,0.204998622059634,-0.558002056139423,0.15993389999608,-0.872856569452404,0.0206088308678331,1,-0.797572395827744,-0.25856919547035,0.25077530971514,0.65327834306704,0.102186093328482,0.54152111169897,0.104037114234953,0.760291128205587,0.0976843626794667,0.712281059684699,0.111954031845151,0.56858716218448,0.133698855473263
0.906486703267054,0.140371866830761,1.04629805721852,0.149397440226137,1.26934980957808,0.253249098179754,1.15268328227651,0.401392833383842,-0.963066299188525,0.245145428663326,-0.924027547765234,0.0145696754487145,1,-0.796178649750043,-0.29192624516137,0.281325364053079,0.824972525074742,0.108101502405081,0.702286462135849,0.109236577655613,0.741266163479816,0.109273012214242,0.796298643162549,0.120332993745038,0.670013389186951,0.137514312429437
1.04829073027618,0.131423391906255,0.981212846862053,0.137324386999443,1.24402883789084,0.251621880520994,0.712280028831058,0.28594287563638,-0.753638647817487,0.221403714456494,-0.911118752996346,0.0176308004795539,1,-0.800612845583714,-0.148875320401682,0.265102085901972,0.635078572153405,0.117642555270314,0.737714805052563,0.105796474489399,0.753215078575609,0.112663832461979,0.635723823720461,0.130020830489049,0.766047914207967,0.132756022886827
0.998580483162608,0.132477391426975,1.03938669916025,0.135180804404373,1.10570650243653,0.218252073706868,0.82991752203569,0.34403260643274,-0.684200127985492,0.212495427922954,-0.884680728033269,0.0198555306585021,1,-0.714242604612148,-0.0742451625716598,0.25862081228024,0.703335783903892,0.09660568048981,0.580119214757753,0.107441220202742,0.696077990568051,0.113875252722722,0.931003192510043,0.110261562795998,0.68272228188555,0.136405527254323
0.904661369716318,0.106634302769863,0.727197993481917,0.10316387116168,0.753194270769252,0.12602236011607,0.420598990521623,0.195477374989361,-0.562843449651554,0.144937296590964,-0.857439439080368,0.0232961083009598,1,-0.999999998206152,-0.128706860351185,0.227554487954897,0.590505879875268,0.0957208600203837,0.538193527709775,0.0986135306692351,0.632513897063823,0.0907781589288099,0.64098897518433,0.099693892175401,0.488999919175162,0.121721990385158
1.08479741011763,0.114010854189935,0.898066958418269,0.116875064194601,1.03070270165735,0.174358208216808,0.664753850080589,0.24635476328698,-0.827746089821722,0.197499527943666,-0.900304639592554,0.0154942429958984,1,-0.999999999999974,0.211652868055342,0.248290875854058,0.640717817400951,0.0999354668253051,0.861576087117765,0.0882782318018481,0.46557014022486,0.106482184118727,0.604047398732287,0.108607685025417,0.721610410221947,0.130916816000611
0.993839542052973,0.135015997236631,1.05753648849921,0.143420504708054,1.20264857901628,0.238839327588482,1.01619162157527,0.387680276500942,-1.02749184962696,0.262779679770223,-0.916614813952212,0.015084567041027,1,-0.929439679637106,-0.0259530643403188,0.246637048722088,0.755364298993587,0.110678966410013,0.73187152184097,0.109971330547012,0.645484512383192,0.103062460802601,0.742540830595899,0.120323235337383,0.505331983277376,0.149230308608081
0.920860051895623,0.115682224807708,0.863453354066929,0.113015617312878,0.788219329856752,0.152062371443672,0.472493467241686,0.213273930057933,-0.551713307437888,0.157546835549983,-0.855782829575629,0.0247300628424583,1,-0.904049092746616,0.162076621854395,0.238516360474369,0.508805423717964,0.109557315013005,0.579393646628011,0.101367099916574,0.488134572564538,0.108873086646681,0.575698664069543,0.113206573768043,0.498427385590773,0.133733029363752
1.06322667405843,0.119795958061276,0.909109918434844,0.113696323839723,0.955302619003202,0.183958092177396,0.574786720556947,0.233648843699088,-0.709674705980174,0.182824331211221,-0.904007261829389,0.0172556315303504,1,-0.957713213372974,0.376624156967673,0.248634474002986,0.637499120693664,0.100802060017662,0.766438787138856,0.0940280685578601,0.577164332097549,0.104253491142724,0.755983509587295,0.11364551101228,0.696776981650985,0.142802013076621
1.00053409881697,0.104468297844166,0.77983636785274,0.118650144642565,0.807280996984918,0.129613399020733,0.506907613632317,0.232060480651477,-0.55968433699664,0.149868953963403,-0.887580857700432,0.0170903436503101,1,-0.874916045361479,-0.108756298128252,0.222792789869418,0.696734303418113,0.0896581696447554,0.572679597622661,0.0999649531817991,0.660603701842604,0.0973110373946935,0.773234645432598,0.0946148151259062,0.527397238542263,0.137135367589634
1.00193627699961,0.121504626129476,0.933110797023756,0.114043832475153,0.924185959631305,0.166046854232763,0.490518416392753,0.228518618001111,-0.673298020065211,0.161763714471004,-0.879110185429565,0.0206768253695497,1,-0.999999989470113,-0.24811453539089,0.230307308310704,0.735928796654952,0.100773388514388,0.602689785117611,0.104009567284417,0.796879817374204,0.0994337459087187,0.623195075904991,0.119692087736242,0.65614165230915,0.128462729848107
0.973431096324137,0.119306764138921,0.977492771423111,0.122368927140566,0.901516946239383,0.163802709689089,0.46774560822202,0.240455865425459,-0.587762052282106,0.169513965290217,-0.89552670690272,0.0172441733122876,1,-0.905127451224143,0.104275999330935,0.257443198462429,0.657774729037586,0.100680500968765,0.760792443810782,0.0884656849779584,0.589860671534064,0.108694393906569,0.719966543865803,0.111324995807738,0.659435726665504,0.147400109243284
0.981843148140058,0.120524725321896,1.04862961993395,0.125853520996928,1.02633788623733,0.189758398883753,0.597540904129965,0.254871375564329,-0.738194698629206,0.20688062055088,-0.912974260982871,0.0144480794828823,1,-0.94263144168644,0.261672248070047,0.26364432688176,0.724982082046243,0.103542366160164,0.645060366048367,0.0995033014271191,0.826489390916835,0.0972384644353496,0.738649581556648,0.0985579863463317,0.623766428795196,0.14919162786301
1.00382010123071,0.109967933712628,0.871035839439129,0.108032249195747,0.838252625467076,0.150904341283165,0.432003908416218,0.203392616587903,-0.556090127871614,0.158113744152522,-0.906518949600404,0.0144374899662137,1,-0.92408918185341,-0.0863030868031693,0.240918316758585,0.661595423439595,0.100367792009707,0.557089649502715,0.0975710295197386,0.749025996195992,0.0960644283263357,0.637890190974438,0.101600923417243,0.593344123324298,0.123532095970425
1.0862794642307,0.133889078700476,1.06705610415513,0.131973137498244,1.21300919652758,0.220544349373093,0.95499433800915,0.305387094429395,-0.900492865492684,0.230903224652596,-0.910567712929961,0.0158813876815005,1,-0.836657736272262,0.31170005538554,0.277648345260737,0.797066272567399,0.102611555156847,0.766505597716627,0.0941812636582096,0.811253029684054,0.107274244373441,0.653444684642013,0.125121703188162,0.74846609833353,0.132425961655118
0.907373423078006,0.120851712150624,1.13018783840901,0.132834998762901,1.02853675680764,0.208116528147535,0.734361905690686,0.302223050367104,-0.788893798568477,0.21685006126837,-0.896579238544143,0.0183791063830876,1,-0.907723467968101,-0.222535367480122,0.277947670709811,0.588429074719065,0.104368723568568,0.82346992225217,0.103906695139693,0.583425907849507,0.123337589401567,0.651586052544851,0.123065926182059,0.732133973840685,0.140854955508425
0.980806078238187,0.118993570213749,0.996543678474507,0.122442924560387,1.05018659747633,0.189183849703505,0.46157503774218,0.202788598306404,-0.55075742240518,0.159356656129708,-0.92732575858929,0.0120832537102855,1,-0.791053699698696,0.102878191047689,0.271762130411508,0.701495363574125,0.108513355574459,0.708430495952209,0.0942545112224824,0.764217963839965,0.108642055232499,0.777895510129932,0.112471100799638,0.861192937956279,0.133327569608089
0.920429695066196,0.126701507936211,1.04931160405651,0.144470834979392,0.95809539421623,0.192562109101854,0.67704214810295,0.279738405962424,-0.724709393095901,0.192067714593117,-0.908234062620006,0.016740018978927,1,-0.899811752520063,-0.0142205521866674,0.240658428072791,0.619143146133448,0.109502703261899,0.762270433592139,0.10342891144737,0.75940605924385,0.10995305019103,0.677776088860597,0.127508987404528,0.752089232195988,0.14147177394668
0.897806376902034,0.107877863785318,1.07098163420168,0.115434424405432,0.923908740643044,0.164149380630476,0.458360435393969,0.183816931788083,-0.575269814757549,0.160112870257782,-0.899531495382639,0.0165777985674018,1,-0.88400248740159,0.042341485573671,0.238049911833792,0.651678570974876,0.0885573570958886,0.699185178552865,0.0926113259715852,0.709547612852135,0.107866115445647,0.374578691595205,0.130443910733623,0.612908933901813,0.122661547377588
0.842314501902831,0.110898007950553,1.05814947331259,0.123988285003673,0.971554862649403,0.170398287876938,0.828706663089907,0.260406767305991,-0.822591296456103,0.176554395833557,-0.910671130290041,0.0142983008983029,1,-0.916748123836219,-0.293741200526386,0.239928849499371,0.819973918621445,0.0971192585343515,0.712490610746498,0.0896315332927782,0.711463277114459,0.0975676462921358,0.569041235128034,0.11715342488063,0.585359688837319,0.136911940513768
1.09175175317615,0.11977461172174,1.03201008780772,0.126631207018674,1.02819538503811,0.181601665829607,0.67375073787278,0.248733673590279,-0.697351497049219,0.167216999461971,-0.912326534751677,0.0138816811729361,1,-0.837846163826933,0.259554170520729,0.253180182876553,0.814239345524887,0.0944892934782924,0.617127040609298,0.0946022516047164,0.734421993880712,0.101233679429678,0.713300245953685,0.111473263170984,0.963264375256557,0.125346242001773
1.21490343355479,0.131010154730602,0.982635395792764,0.131341473511167,0.994321194251091,0.19068712852708,0.686197167171137,0.30498668650476,-0.657667905466298,0.18499213571801,-0.90305223835991,0.0169162045300081,1,-0.796193888851331,0.198583012741888,0.242307938728116,0.706212875622418,0.114443734893812,0.778412989882284,0.101854583956899,0.590906047685124,0.106955011198134,0.842647860049029,0.106464695477167,0.856128996656052,0.130571451606879
0.671448435434353,0.112845406466438,1.18094183482522,0.136375988094906,1.0396196960362,0.169920215892871,0.799696878672289,0.272250786685608,-0.911800758205395,0.199959843318951,-0.901064241030363,0.0159926312457881,1,-0.999999998037934,-0.34471000124362,0.291884156321006,0.696788228144922,0.0918799091056183,0.688198552397102,0.0884996598063667,0.647340424823892,0.0960363259113516,0.637287705353885,0.116523415870885,0.727503056446892,0.139072612621934
1.0443920166651,0.117962420479897,0.850431067566629,0.122876511896806,0.859169096842283,0.160861391173999,0.496998747622454,0.242094599408677,-0.529679545294313,0.172406706158227,-0.898933138754539,0.0174735422824676,1,-0.81058064794092,0.209517840369669,0.253627544090639,0.65112495951584,0.10646690402929,0.619021775980149,0.0934443754353723,0.731750219951185,0.103712373375043,0.611429283067423,0.118186749334419,0.464479485012696,0.144055063418301
0.861064827413778,0.116200600332582,0.959708888271453,0.132377430516366,0.980861655703455,0.184971904325895,0.377757946785186,0.239619509291817,-0.426210657533196,0.175465081212757,-0.90057537285452,0.0162520922511632,1,-0.70018632087068,-0.114490134362081,0.249453859655775,0.619284065446177,0.10919151220802,0.620941533182835,0.0990586474948433,0.744462474876037,0.107549812662006,0.67644848575173,0.105766445154611,0.720772189341915,0.119311211329741
0.886818453920753,0.114059741654852,1.02779121572082,0.11515700576564,0.895012898204858,0.157823261964844,0.372252262644237,0.196516220216051,-0.577209294868582,0.167805113935683,-0.883205926994637,0.0182338622982907,1,-0.999999990440558,0.0675374365056604,0.24888911258236,0.577014010520494,0.10658115495378,0.697443614195821,0.0928198819874873,0.669040340720607,0.0990097960510253,0.660000502632856,0.110289346286528,0.699646787318266,0.127589166828998
1.15257164699641,0.136069789658155,0.912065466507457,0.147830042467285,1.08330620762098,0.232975412415627,1.1462807243202,0.439745175003566,-0.983352300256473,0.264688469986422,-0.880193344668977,0.0224795374885496,1,-0.882445773568654,0.471662940241039,0.261492796885932,0.770930542220611,0.104157169437127,0.66335356395714,0.110070808593197,0.565887235420121,0.121790573490827,0.811371348890108,0.130391945606083,0.721880407246485,0.146952578225273
1.04483713400369,0.146226055072713,1.02327669981496,0.139031408048532,1.54053054082269,0.298120792182271,0.921242116477614,0.357082723914097,-1.03178350506019,0.288643471271129,-0.912955331234543,0.0158369494538087,1,-0.866096995663493,-0.0965601167759222,0.296917175043431,0.821346692246023,0.109146426982065,0.763427307836533,0.101040809658626,0.75004073440416,0.1080354330375,0.848905984679319,0.110995875855821,0.726078334417224,0.141161351792156
0.948340529336045,0.131821857260674,1.14836982795735,0.135413815710994,1.17400052851749,0.213576088201492,0.860954580728471,0.277971735523065,-0.963113663877176,0.221619809406986,-0.891247211274618,0.0180549288928023,1,-0.957973019218344,0.121572562861787,0.267151391920274,0.749765469613659,0.0963656442872462,0.630429521264185,0.100709907419571,0.673174725020183,0.102981449839677,0.7248592322836,0.111385585363384,0.800251953330446,0.122387897104687
1.05672469907635,0.11992069599395,0.995254673728524,0.109300704681337,0.916510698420129,0.173366096314189,0.165958982596016,0.159410875096667,-0.382012926311961,0.144409272467436,-0.884233865154262,0.0199158645256597,1,-0.979510074661054,0.187999976281507,0.246477434211312,0.602064843980238,0.102829687975419,0.757528446029276,0.0949728048390436,0.588065621614342,0.103624212974354,0.710029258115349,0.116763094484204,0.729934231413902,0.13746598664876
1.01045291245813,0.12084190492764,1.23403666922934,0.140287265811062,0.974321214059087,0.178368186225124,0.773535792636066,0.310394935262064,-0.675427918813709,0.191879177028632,-0.916640942400575,0.0147876151682491,1,-0.778014555284681,-0.417734167838537,0.272268400195335,0.929425021904934,0.0982926443650253,0.699490150208982,0.106404269008466,0.746269720923705,0.108405342348862,0.886458181339099,0.105288395669269,0.789539986362231,0.119098788485186
0.942793405240175,0.127224165075125,0.986486535393521,0.127402825120012,1.07074645657548,0.18723962045084,0.557012520403969,0.246435054449353,-0.610780521961178,0.179712527917539,-0.902099453011938,0.0156999112646621,1,-0.790877785770332,-0.0803101624543242,0.275450153347848,0.791648489247328,0.0946459709215238,0.695022810367883,0.0953319023624646,0.696490339204936,0.102641045192882,0.653883777138481,0.120644251160957,0.716241765355877,0.127090808221076
1.188481679668,0.117148665830393,0.856326155194993,0.112314948036946,0.776483256780291,0.138790166397424,0.573345688066658,0.230061229564226,-0.622501283053166,0.149396612422487,-0.882630121821958,0.0186281073501267,1,-0.932966237862793,0.637567542983005,0.236416024339886,0.599272385906668,0.0963779742004777,0.732855899368492,0.0965371879519056,0.594747617563785,0.100906596407705,0.665951407183309,0.111012284124338,0.622082304916089,0.14189595802293
1.10183889206526,0.122133631981568,0.820786955892681,0.107309579349362,0.989863781627523,0.161042963920596,0.32199370723732,0.148987030196725,-0.564561696102022,0.153494977422732,-0.900509079493387,0.0149559405927036,1,-0.999999999999048,0.257129499255406,0.26942254312404,0.725190043049669,0.0871470593903636,0.801017512522636,0.0834311396993027,0.579326846502409,0.108319485529168,0.564022700233183,0.11332450861506,0.67152690246064,0.117446659986411
0.954349217547166,0.130311535169088,1.0630498422915,0.135991589778219,1.40399544662103,0.26943211759379,1.14684474472087,0.396646605173796,-1.02840224232142,0.275110194521962,-0.932515300732836,0.0116702595906541,1,-0.810453031056107,-0.417192202643386,0.286626275051561,0.828990122581881,0.105500927458462,0.863338246709,0.0859486069462207,0.858701232827372,0.107272946621894,0.910811093965772,0.117076734846247,0.726873058977212,0.146364209223481
1.06166904742941,0.128829120239735,1.16542142735084,0.139024276540528,1.23895437599572,0.24162115145629,0.773120233506215,0.333481638774243,-0.929164846017261,0.260801300768383,-0.909275932578839,0.0162839161421614,1,-0.949383312276778,-0.173486604778805,0.274584354254552,0.791534552384819,0.106551511142946,0.942688382287208,0.0906951729303057,0.73579573212864,0.0998815193507987,0.68859934601859,0.119531567352134,0.481564043277574,0.159152340635418
NA,NA,NA,NA,NA,NA,NA,NA,NA,NA,NA,NA,99,NA,NA,NA,NA,NA,NA,NA,NA,NA,NA,NA,NA,NA
0.806304170068198,0.12903460555569,1.20878037890902,0.148903156318736,1.27183147196909,0.251672675289073,0.830635432747983,0.328605710471825,-0.914625488239238,0.244680225681835,-0.894769787151001,0.0187813656039051,1,-0.889863287147577,-0.587840734105367,0.280578458402947,0.733036880556402,0.106686077297003,0.754162308582451,0.10225653814873,0.851527207913192,0.10768354898856,0.757456947686935,0.130756757066959,0.804143265071453,0.13100069500499
1.14786598347956,0.140718524352765,1.19571026274517,0.1539535034048,1.51526317195853,0.280029444752767,0.981777467639526,0.321178165929489,-1.06559325250555,0.261224547440323,-0.92968873506236,0.0122761222365275,1,-0.873656872454816,-0.102975342308846,0.300231396821938,0.896579335789878,0.109331558029226,0.740858134342873,0.102950853095832,0.84383383854247,0.103488573414081,0.918689116913765,0.0987343722565727,0.748181058588174,0.140989348863677
1.07019955396655,0.124102957225453,1.00425965059905,0.112698758509855,1.20518080737728,0.205285933459025,0.35857244356914,0.17040557653952,-0.657377080852656,0.190102516522568,-0.916141430553742,0.0140879625673436,1,-0.999999999290122,0.0394437196271612,0.318578985782146,0.622689889747965,0.101715717229382,0.916925553442411,0.0899129947636141,0.762015589779595,0.0898681769420055,0.755050273658755,0.108063615987155,0.665914345791638,0.126540392445352
1.06894406408312,0.127369713260878,0.886847670823911,0.128568430721543,1.13517624893579,0.195666682970109,0.652086274049205,0.261408039853128,-0.636383016938192,0.185574961176413,-0.920313072414582,0.0124048075228973,1,-0.739663867315806,0.150167602106968,0.265166757086785,0.532112853373876,0.107384372364622,0.639037272547404,0.10130968408208,0.849204302821953,0.0945684240004816,1.01414082469149,0.092913580008967,0.618458924522377,0.132340188666743
0.903076296537846,0.117560510422663,0.97532347400391,0.118179272991719,1.07598969019807,0.183769888700409,0.466063604464737,0.211144547732361,-0.640565303375582,0.188039781871816,-0.900229921730438,0.0157243473115901,1,-0.904558713072353,-0.459552776115473,0.294121234104743,0.702806825767968,0.106021884187506,0.682758005475369,0.0953898225142149,0.779090154908956,0.0932854355511717,0.569433426838066,0.0998147201581879,0.705616108615954,0.120434458818408
1.11102693569122,0.124006353546289,1.05401748779693,0.121872217831887,0.932979368581189,0.176654329042551,0.309806075939074,0.210338004760088,-0.421575047154916,0.150392158761566,-0.887750205934243,0.0184524304099787,1,-0.784140547820075,-0.104641857746084,0.265457682570778,0.746946958711913,0.0970308145179628,0.672021843306937,0.102369984222121,0.712638078846465,0.102688844817436,0.648086088497009,0.116704580897371,0.698365987143037,0.128228862484383
0.87374658904027,0.107493791215919,1.09547278926613,0.115858653310723,0.917051241078719,0.147962725340182,0.34799855913487,0.151269130185664,-0.564918144910063,0.145651670760856,-0.910230905220994,0.0137874685331402,1,-0.999999999843934,-0.096515282677802,0.238489734825761,0.80051411445007,0.0856964320160659,0.741535871987662,0.0826533080435606,0.500257659145858,0.0976347641929706,0.743429653588657,0.111224620739544,0.802546705684434,0.140761379609081
0.921093998507157,0.0964109930856249,0.878981272971293,0.102678933389654,0.660786479113505,0.113459747310118,0.135731480904423,0.117892029819883,-0.246373489415769,0.110801088881539,-0.898725668350041,0.015047199504636,1,-0.822665162897752,0.0584580973425578,0.228540816527676,0.538386001186856,0.101292536973694,0.721292921477313,0.0849802712519282,0.566751142526822,0.0950044095479933,0.637757880222305,0.101708728917142,0.532955235617817,0.134574963819724
0.845118959771607,0.106318949829904,1.01384612378637,0.112075054947119,0.821735185774788,0.13370153970319,0.492229574079989,0.198085285994918,-0.63598927671151,0.159075255023981,-0.906435599357393,0.0134756294996586,1,-0.999999999495115,-0.392344056677111,0.268116666630325,0.562632537492318,0.0999928703666076,0.764073937558108,0.0864551142994255,0.772245269147452,0.091732032714221,0.653797054599878,0.107058279546167,0.612499866092757,0.120807539509733
1.16545627450146,0.134032896533512,1.04868568719072,0.13240905780159,1.12271343331916,0.213821852923572,0.40726381442837,0.218546797433807,-0.676195646325265,0.222292428536517,-0.916815619153806,0.0144355278180064,1,-0.99999999644138,0.349752026844012,0.292061427387095,0.587093330338548,0.113732755531502,0.777641071895494,0.0982984843636229,0.668397117576533,0.10686792479048,0.646653972843543,0.111674888889213,0.817161968253113,0.11557713124273
1.12722295339001,0.115141424810743,0.942387082751739,0.114726585694565,0.939824621047741,0.161524695061482,0.66647438934194,0.274843942163392,-0.791434790045856,0.186144618005827,-0.892663665236898,0.0155914020962442,1,-0.999999989218509,-0.0361928223681045,0.233464614524539,0.766667635140253,0.0963351981542021,0.802964615984252,0.0873055552363543,0.746631445135684,0.0947281743643603,0.638650633866587,0.115014779886224,0.718392697207709,0.120428086438107
1.30930865847766,0.144972190171497,0.86329893541234,0.147980847175797,1.33618643261656,0.259098586390515,1.05508472755519,0.40157562470076,-1.08147495595084,0.275958859384334,-0.923726244536582,0.0140941388746799,1,-0.910834075210857,0.234256360321554,0.290949910447855,0.859284180397149,0.101887886525281,0.747011266976964,0.11104796324429,0.868641322369818,0.106140577259938,0.72571320244269,0.118958195542806,0.898779606411918,0.123817558337398
0.683956213019568,0.109452517554098,1.12548190465583,0.123449636310399,0.906679411236328,0.165254141320445,0.529649786865362,0.232121751707712,-0.576397866869898,0.169121174887945,-0.878844998151397,0.0202142641022695,1,-0.831765852962028,-0.391515628089261,0.277781011219571,0.714745162476434,0.103491979736046,0.668124111710499,0.103118025575739,0.659517514831202,0.097706637608423,0.676884559261304,0.113412229640384,0.486681175173563,0.153878662476924
0.994708278057433,0.101117460139705,0.917741347030498,0.0974366989644262,0.732223007300366,0.118769591353811,0.181986730838891,0.103301192365381,-0.365040917243038,0.118285373295581,-0.901954043572946,0.0136211959562632,1,-0.999999999692409,0.0326250377482787,0.245122215604737,0.76031567293335,0.0856362667354844,0.573993031037139,0.0919958723068654,0.701559572927401,0.0894899866016092,0.749638234272293,0.094402852180351,0.627925685236531,0.115438581125748
0.935374025442268,0.106643163786184,0.946221162906224,0.108586010969205,0.910929179501514,0.168205399890574,0.430094018237927,0.193918444298237,-0.625927461650295,0.163538874948365,-0.90942795301622,0.0153919610874295,1,-0.999999995030437,0.144687027659543,0.231007715591937,0.614410671331227,0.0979023325857155,0.596535953107744,0.0923254697600832,0.746198444964245,0.103185034369225,0.508812999905213,0.127041405920012,0.715338742014368,0.128592496070863
0.985143937584045,0.122521789316475,0.947954145183187,0.117102280003648,0.900284832586603,0.166855809242355,0.472754580750911,0.23408548453718,-0.649335306696673,0.161163927592476,-0.900045244240226,0.0179564653231101,1,-0.995316441326536,0.246155038540649,0.269600117887586,0.624854458714702,0.109983059361343,0.66170739890444,0.101961810944384,0.703996405861319,0.098898441418003,0.739265993186345,0.115846069941247,0.662955067987671,0.143645876721926
0.98391849814695,0.108993874991216,0.939072069976139,0.116818227417881,0.874330709627465,0.155959205457766,0.453781410041301,0.238734757842848,-0.629883353695555,0.16877090612428,-0.879018177352002,0.0207427146657227,1,-0.999997500980746,-0.0930654533456711,0.239992519736496,0.623011062967625,0.0922162771770581,0.599452385348589,0.10047217214104,0.784620955169895,0.0924592466333076,0.55926788066822,0.125123521192607,0.506644718472973,0.141865557388677
0.86122274873999,0.117164334228907,1.1017513648946,0.113370820330642,0.906529436033458,0.157273215641083,0.27857940951118,0.20112645984052,-0.445935500705391,0.149403015282827,-0.890659322462465,0.0167013279937529,1,-0.887373766724661,-0.58071096926546,0.279743324092092,0.782927342400998,0.0943641563909367,0.628197193474119,0.0934115252540502,0.759417315357421,0.0944203327493542,0.592304062145865,0.118593199967112,0.660584601887922,0.121714388985383
1.12289997213281,0.126105312135813,1.05171061951399,0.125191514698012,1.13755492943768,0.197532367104527,0.764061924478872,0.303425744420231,-0.820780857523081,0.208431142267034,-0.903002572033953,0.0146742205927272,1,-0.880393346554899,0.427993508575887,0.276553454682297,0.8419844037336,0.0952709227302811,0.631860700744593,0.0904346121051226,0.661496990227328,0.098962705266934,0.557699008855868,0.126464235715941,0.890315093123782,0.124000709831192
0.924169723096365,0.117199343628368,1.20518455981669,0.13812071990944,1.07915379176578,0.194455246315722,0.808090059487096,0.299282675577806,-0.840568590962653,0.203040972785588,-0.892846590042204,0.0174075634832838,1,-0.900122474072235,-0.268849999873996,0.249522761666028,0.767554252489198,0.10031040977725,0.688928358884531,0.0949420407247239,0.78598133854378,0.101181655888973,0.594129907391438,0.116330104962656,0.660590883244454,0.126781009026369
1.07452248309211,0.110906054426668,0.938813530423631,0.113639474996895,0.790636777270181,0.140673408495715,0.373932972070503,0.157043302781464,-0.543732618054969,0.143697833557917,-0.907190880709337,0.0150314492888378,1,-0.999999999972986,0.080849906847979,0.246309016948592,0.489664527491149,0.110451027167513,0.636681142195337,0.0937118504793414,0.516860082078726,0.0968673919280595,0.740173868948201,0.102015673043096,0.691055905146184,0.115229553777954
0.91272951918167,0.133650585164186,1.29315941481268,0.139747267040014,1.46047734843536,0.273108602113369,0.719315203036479,0.324404428240941,-0.896650620690545,0.247575114461102,-0.878770789912727,0.0202984042877598,1,-0.874814999815589,-0.0414537154426943,0.276217755689825,0.771463923497004,0.0994603923283459,0.783900939219871,0.0933354877781169,0.805176103627159,0.109384481613379,0.668296325166325,0.127199092567219,0.683144231831834,0.162385656950311
0.96408613125012,0.13211729931072,1.11482729321331,0.131543361839164,1.10815298046137,0.207431728967796,0.659597966732529,0.266252287856221,-0.776430540030479,0.202931783135716,-0.913837906759268,0.0151252886581385,1,-0.908161519317107,0.0423538949383343,0.264987866943591,0.730636491759098,0.110008182809694,0.685724585356765,0.103919638761353,0.65207474958521,0.11129732576988,0.823211227483124,0.106049662596296,0.683122387015247,0.134558448399433
1.15324674419298,0.111870212876667,0.962560002619834,0.105463125770262,1.08274758090777,0.18993152196786,0.73145792563491,0.214644963127791,-0.889934997350453,0.184371716784384,-0.882173863158411,0.0172959651465519,1,-0.999999999995037,-0.0322801584009553,0.221977067969331,0.896721352377822,0.0856137624647336,0.673808984986829,0.09339905048675,0.549017877158826,0.100193640789782,0.788508330410284,0.10727976543747,0.546490636335254,0.128168119354209
0.949552876915438,0.111797369103139,0.715553641732166,0.0993431009263267,0.87548699537257,0.149175358768079,0.334888153652833,0.196856348578439,-0.318518693243335,0.117143226240174,-0.863212372861961,0.019672093526071,1,-0.588247625908834,-0.245387622580177,0.219918192312416,0.661360792124119,0.089868515288242,0.664935159924219,0.0935352627117802,0.565589800466979,0.10494345750894,0.745667242730629,0.108216364757843,0.633987615751855,0.128256700084551
1.22561645152854,0.122455519219718,1.05205969012195,0.123493263943915,0.946164498577007,0.164634136548475,0.451404911678194,0.214677088310538,-0.584549517817821,0.156478097506354,-0.915179938649219,0.0144060611843734,1,-0.894447474449193,0.262482822688722,0.286927305340594,0.755009143665531,0.104834969606477,0.731195614660735,0.104098509523718,0.755742301552036,0.0954152159490965,0.782922229051614,0.104731163526588,0.787051513571452,0.116740339659505
1.06358844171079,0.113711955349714,0.963416373193383,0.100766841718031,0.843602927265883,0.145891867031488,0.20909198594733,0.130777391063027,-0.311251775579499,0.130842902640747,-0.903479728549381,0.0155970417489147,1,-0.741095378168342,0.245444867012856,0.255024538728686,0.712976035250108,0.0953141068914552,0.697513150851191,0.0949041706418085,0.551314256464408,0.099236569872028,0.59671686042303,0.112217827851461,0.673372936874125,0.130419120599465
0.734688186641937,0.107681417126309,0.960745861266327,0.119035432334857,0.91239414702597,0.157565397604372,0.579343156805338,0.253783590111655,-0.716441174074289,0.165757546539279,-0.886276528982315,0.017129454104007,1,-0.985419951096188,-0.212616459713845,0.236168406699102,0.612182242779004,0.0994627136386107,0.610587506273464,0.0962984874482299,0.639141298486877,0.0931842937877586,0.609571869912995,0.117996102520764,0.775055322419012,0.124930862175519
0.997712730489075,0.115037508110415,0.816708442930457,0.113210767320175,0.824232382900034,0.140412252023213,0.428064967270184,0.200816519862722,-0.437777383512009,0.140422727893915,-0.912430894929244,0.0131827964277165,1,-0.737010442369,0.0732984633609436,0.257785211921583,0.589873019396618,0.096880825210261,0.698841523806419,0.0826630092308258,0.771512858821165,0.0921170235837057,0.658220479167615,0.115914398429799,0.695634345148663,0.134421680994467
1.08184087646183,0.130014637709857,1.29068535977506,0.14808197399395,1.22170040358778,0.22134441199852,0.957235958684339,0.336807389068452,-0.863843400313212,0.231080078326009,-0.902407418386109,0.0161323860431813,1,-0.798809385052042,0.164728603320359,0.279017778312906,0.824639720341129,0.107845206014352,0.79651587559846,0.105824309157138,0.754158660382312,0.0930770989568484,0.928714009137166,0.114005712622724,0.948295609393419,0.136069443816273
1.03497253268724,0.109144455447803,0.783698017721053,0.102100453944941,0.897643029538002,0.148675682063088,0.419971811368041,0.183992751178866,-0.613990854227565,0.168214360653133,-0.887496983861556,0.0169810783528256,1,-0.999999999997513,0.233586714249891,0.229158881272571,0.580200423824037,0.0945724186020535,0.499460568826864,0.0911737958501799,0.616733340029938,0.0969234287549332,0.703202617735462,0.099416035012334,0.650773845125834,0.126637245827513
0.876393195841335,0.111585964143368,1.06964107076186,0.1288793011515,0.867172721318082,0.151608855530637,0.588281149213152,0.269090536966125,-0.693320726677396,0.175296961501382,-0.901383760422482,0.0152036228158597,1,-0.970708681109902,-0.223615970203616,0.234537245488262,0.595473019708869,0.100922152464113,0.728664017986259,0.0925969122165186,0.708384026797023,0.09784506133152,0.5375291517922,0.118246804678563,0.574262217372283,0.13722828704741
0.849199697741045,0.101174138714494,0.913282049302276,0.115464678641704,0.691482768012236,0.121037717917824,0.485746401047218,0.213578297828319,-0.554574696139196,0.143654319220631,-0.850205482078051,0.0246705939651736,1,-0.956895634434351,-0.294891140604188,0.246369628893613,0.620366781930805,0.097173967572275,0.522610012022032,0.0933530855027519,0.55636554775783,0.106101006996685,0.59411198514037,0.110404354649508,0.339033958946325,0.138292287499411
1.17631421476876,0.112746448478609,0.856701105994551,0.130701650413683,0.956461644829853,0.170630658509305,0.851142602125657,0.331559669277051,-0.851008117986834,0.216522493283403,-0.901567319629769,0.0155683796507154,1,-0.943189069363436,0.569915724439685,0.217884642883707,0.48616939188934,0.112306354693812,0.698740224349429,0.0966070172475173,0.683324215106599,0.107133076696795,0.857260163987708,0.0982632227861921,0.501600173036139,0.130857164735856
1.30353389115358,0.147331909335131,1.13430740319874,0.135712671821105,1.23458515732945,0.227865348820181,0.789183181384366,0.340055879055533,-0.943647393153859,0.244676638816038,-0.930159625959714,0.0117833214016983,1,-0.956005318053417,0.368097592103205,0.299138219529916,0.860569140004847,0.0990042144616357,0.780199433660895,0.0990177424717286,0.85780952598144,0.103064082286911,0.669102494400997,0.114951826174122,0.716929382902675,0.138674049672976
1.09949667192485,0.127345024324699,1.01068958247461,0.136690465491418,1.05554044899767,0.214392194742649,0.657618303676363,0.328630829392432,-0.7596316958514,0.233387906982602,-0.917997557422135,0.0146671100228263,1,-0.911756128208659,0.0984939899091871,0.249393075537941,0.685661446391549,0.115366720818674,0.67341127689821,0.103621422574856,0.694084436226677,0.111298392309714,0.760990064298628,0.117106463144412,0.771977275356418,0.120303021731954
1.19923145792659,0.127591017375751,0.852546362120347,0.113181661768109,1.02599510413801,0.21253642996758,0.385640014039369,0.21331802826854,-0.555646019675195,0.184669824566454,-0.90838698265205,0.0178599592314174,1,-0.883353468127049,0.149344114354638,0.242768537255093,0.671035533027311,0.10860067113416,0.702397483206458,0.108613471403548,0.68481800073987,0.114531418037153,0.842506493413258,0.117088337399369,0.640260913477365,0.140085748699413
1.03427619573226,0.117604188289106,1.15508352298212,0.153102774923373,1.24540403308204,0.223198152252311,1.36247953971814,0.49343190104984,-1.13304621224692,0.281503749469517,-0.901047922414191,0.0163588085725483,1,-0.869816205623631,-0.139109312506467,0.251648698345591,0.737392056110304,0.102027423451347,0.77067100193371,0.0858340093523941,0.723784891463617,0.101075803723052,0.643307543590984,0.121176386904302,0.736605461616467,0.139690996636171
