"beta1","beta1_sd","beta2","beta2_sd","omega_b1","omega_b1_sd","omega_b2","omega_b2_sd","omega_cov","omega_cov_sd","rho","rho_sd","conv_code","omega_cor","tau1","tau1_sd","tau2","tau2_sd","tau3","tau3_sd","tau4","tau4_sd","tau5","tau5_sd","tau6","tau6_sd"
0.756664303983666,0.139709454456617,0.893879777691373,0.0843132870335848,1.00227549263509,0.270542684133813,2.39057610446465e-05,0.0148483536057186,-0.00467994243971395,0.125536252882608,0.927013575603842,0.0264457883674153,1,-0.95608316020162,-0.104101788705323,0.455155264767534,0.679207947888453,0.121653197608978,0.567140469533473,0.122638015932322,0.711520742556854,0.0887114922656922,0.864465724503189,0.145830927357166,0.43441558327898,0.176225807184332
0.997459466983181,0.143972106718098,1.13709873132736,0.122025807623612,0.703650464756474,0.200108188220261,0.0706271020370191,0.105842051594241,0.143186322189261,0.131250420607226,0.881098969951139,0.0487836809726058,1,0.642299156074223,0.528537349855552,0.405285422646978,0.614351191606781,0.123514380688998,0.472262975498627,0.132570994161421,0.621569530703286,0.132395882271771,0.766309193151059,0.137521281807887,0.790883410397075,0.129002931680011
0.988272108494962,0.137094086327397,1.03110593700129,0.104921704214158,0.776219505962808,0.231642335932635,0.0074434765525141,0.0248369191440715,-0.0760116549761626,0.126812253222494,0.903031819526299,0.0403873261780164,1,-0.999999999998004,-0.705234841393931,0.475571534134281,0.722780682444817,0.121702064159057,0.695414178565287,0.108523964324747,0.629795664148353,0.128284386655821,0.560937663255666,0.14819286860966,0.694803710340447,0.156599570021533
0.914408525646312,0.15507726548056,0.988921021309925,0.129307819652708,0.886817386273755,0.268644213777165,0.114941911371871,0.102860936529319,0.0266451374772788,0.13698978440069,0.926817622678632,0.0283041792876004,1,0.0834567865541192,-0.450669756429131,0.494123962548955,0.662580871282835,0.129246154063395,0.766000520670037,0.130031614862751,0.631973392532872,0.111994242662342,0.542042106482602,0.164861558531765,0.604985321985772,0.170402312504271
1.17384803464284,0.160542978304742,1.11560821489882,0.125244161535413,1.18488371809833,0.302499739732261,0.129492929342528,0.11010825772168,-0.391706603860831,0.180097864208378,0.868126842028608,0.0542722433951472,1,-0.999999999743759,0.360402835602903,0.398916939956508,0.696519121448528,0.108822558527046,0.778164790523392,0.0974979349846993,0.738557074273372,0.147477897492295,0.774626050896968,0.142333881607153,0.998774042082065,0.168725575998115
0.730154133263111,0.150193298156363,1.01696944904705,0.109176095064976,1.29206631885863,0.344207494155584,0.230609711123401,0.135251969890078,-0.278459313360011,0.175309139328625,0.837757884004777,0.0752918817751117,1,-0.510129629659502,-0.0487412417952957,0.392026608121671,0.69971117937675,0.109224583603201,0.599550572078481,0.133447047254812,0.628346227899808,0.111715250499035,0.553759598628013,0.1771970563014,0.672248964262815,0.199251619808293
1.10403055509093,0.152329955403651,1.15056210582232,0.118038488555569,0.881439418261378,0.25729448576521,0.116215364174419,0.104828233546817,0.130513569312707,0.139338092048067,0.947470255491979,0.0167242433856916,1,0.407781631468025,0.0187637980678342,0.560718526551183,0.703267910710234,0.138374002777478,0.76208081782372,0.125435268650461,0.889257418150261,0.11509670891167,0.878002478677408,0.120623064045493,0.682459094233806,0.156959475817986
0.850314057815472,0.158357702798917,0.875415092424435,0.111019355780576,0.994624326320219,0.241442054431302,0.0626808114399532,0.0910374533294221,0.0531327702938228,0.120936905895187,0.837755795065572,0.0804027283403758,1,0.212797056709002,-0.241449204926172,0.423465476113337,0.435818078564085,0.15972128775384,0.713036205688575,0.117656526618916,0.73228029785381,0.10520692722208,0.694719185427238,0.141607936694727,0.761781581148152,0.159040812033479
0.996717108389367,0.1372826770889,1.00901855170847,0.117285295886646,0.821551047731886,0.270720308502447,0.117602321681191,0.113749325658136,0.150723137391065,0.156300312162575,0.955536257349401,0.0144541954637006,1,0.484902810087692,-0.128361590768611,0.537947382754058,0.615925220151801,0.142198173833201,0.896790124965584,0.101201523606771,0.660578289386657,0.122850569776527,0.770800047212925,0.130379250507852,0.951655380662095,0.15750879210852
0.949143005830916,0.124258956692711,0.862392339581155,0.101181743162179,0.70940995350725,0.205909197836338,0.0254025273949524,0.0462564285500512,0.134241594677543,0.125252349326764,0.906822909665763,0.0293400473119466,1,0.999999998983117,-0.455921301597032,0.440085119684294,0.829452128101968,0.129437899549571,0.633332207784002,0.09839340642165,0.575795826060586,0.123251702338297,0.605550722012768,0.132944779278602,0.454868225879879,0.178865603792632
0.942811127025221,0.150462140012713,0.98917442835696,0.109063700575809,1.05218372763452,0.277477368462337,0.0764000049365915,0.12073903463744,-0.130720896531441,0.158663779185527,0.852373336591381,0.05716507235693,1,-0.461054785289262,0.0526925874328777,0.355636947830088,0.594705688112759,0.119400394136769,0.709849006960158,0.104633443797804,0.749118295958035,0.127524646757075,0.74412437665803,0.175683447502069,0.186132444934567,0.267201643833017
0.937865855528789,0.163819466791327,1.13105694671911,0.143285503352563,1.30704558897089,0.339231029049457,0.21621540109459,0.160645508038529,0.224176536780328,0.194903266543551,0.798132869862596,0.10812140450658,1,0.421697935555959,0.479597125057603,0.356206976464049,0.72172143664067,0.128567666592578,0.772925046873414,0.124278320726991,0.950721795941085,0.120920898795207,0.738513019468753,0.156672437906629,0.623257145834978,0.293604588894763
0.923404133221589,0.155973139794905,0.999978626634867,0.126410610871283,1.03860776640647,0.31011853418647,0.234021780537732,0.170090627777034,0.0460024204239005,0.220454073835851,0.915641287893903,0.0339465176832996,1,0.0933096929224101,-0.279916725089772,0.440520285149522,0.660226949092245,0.121746584311829,0.714190543852346,0.127904778119097,0.6637936512866,0.138467187421926,0.673564914885228,0.138341291162907,0.833591986297587,0.134404958754064
0.963504981580493,0.162282316849707,1.07506504790546,0.0930152235843617,1.47368426219114,0.3527479363468,0.0144941937451371,0.0397674216537107,-0.146150083719932,0.16782693613078,0.818752504889839,0.0922940172675387,1,-0.999999572936944,-0.0290288292556154,0.381341575323418,0.844966447237657,0.0894427390725786,0.685785933576615,0.132617615879337,0.609166729984931,0.144034419094646,0.817487975351701,0.119269250610353,0.677586679813922,0.139660761048702
0.917201465208553,0.169063414658288,1.12494309746059,0.119602485555575,1.39974761278527,0.353513130775706,0.151388502965674,0.172113878488941,0.178178240589667,0.251001375666263,0.887989092592764,0.048458617490965,1,0.387064508786119,0.171009342896741,0.411173369791906,0.798873913752851,0.136446090168615,0.521747565357045,0.129740205635726,0.664313033015083,0.109829285552482,0.856775910404328,0.123288533250105,0.613567011399599,0.202941638351289
1.06287719622501,0.13961558346558,0.939073079805085,0.114142523790979,0.76811935717258,0.194013264864954,0.119470401531599,0.103113735742724,-0.105827172870688,0.129229811385766,0.846101425013768,0.0737656171100959,1,-0.349343508594897,0.336396585481616,0.408754234007126,0.670991264393576,0.124170123836705,0.850352496751797,0.105393746641964,0.536692622158123,0.131203671735087,0.747375461417061,0.128485381236454,0.568155704869828,0.140328112182395
1.09071738776538,0.159384510706709,1.025857676887,0.105851124108044,0.906480563875857,0.300705688318493,0.0777074021076254,0.0881870858452253,-0.119403158919407,0.157747681556949,0.923047193470538,0.0303394794585928,1,-0.449888998624384,0.336533750129478,0.498988255711452,0.595442263681894,0.1424382630651,0.6208298973744,0.133942559297548,0.773580609856278,0.105640939584918,0.756032483560842,0.104601685212422,0.440418861987308,0.194416177161828
0.869625553762325,0.170920201938553,1.03891396012879,0.119535743170186,1.41406765399944,0.395741545958092,0.0046230849006029,0.0754838707773699,0.0731161973488768,0.20546530238023,0.901017715639147,0.0558902078550931,1,0.904300076869232,-0.491210187470429,0.474129785053608,0.726650374610414,0.166344774429202,0.65014015376964,0.138364459486429,0.803302153063861,0.117263639014438,0.861329133609994,0.154745510622812,0.640716950801243,0.155820369340566
0.963501990207435,0.155775445898796,1.07346439304805,0.11573763219967,0.972559892044325,0.286789141865247,0.106902106158805,0.122271712335674,-0.12887855552031,0.147157039422989,0.914091176649223,0.0353545070029546,1,-0.399695585144497,0.182159851971966,0.446256134796882,0.837666443382827,0.103393688655811,0.593522224446704,0.127691581886071,0.656392083085438,0.163612183733483,0.828473270864458,0.173215830027518,0.502261491930155,0.222748291733136
0.998889927912041,0.174938886765717,0.929426376382261,0.102000685047372,1.13858009984078,0.345588657497297,0.00290974656690791,0.0196938658264624,0.0575584879600382,0.195425829926194,0.89615360353343,0.0529543006761115,1,0.999999999937292,-0.0985715729863271,0.489319001558061,0.643314108232622,0.117735651843835,0.622366672297965,0.124671137554588,0.622497028904708,0.126378391119098,0.703041995234684,0.153824125875003,0.628076453573115,0.206625067748579
0.903687651749726,0.160378826260652,0.973931723456336,0.107127677669291,1.18242319772948,0.305917811001188,0.0242267221753375,0.0449024486735338,0.169251996344373,0.160162700422746,0.79002535005035,0.135406347786848,1,0.999999999327825,0.697847883404489,0.403044613181372,0.655753918242368,0.110426454706748,0.634488271761214,0.12577464200158,0.752628345008887,0.139881899652719,0.779911880762784,0.159665168486787,0.708456273645997,0.184367110278133
0.713022937283146,0.13935476398326,0.975842364493676,0.120149810310056,1.0016961880721,0.26574690301487,0.0146157461923326,0.0995225810866177,-0.0425074176550603,0.162351453544429,0.834795555883962,0.0637766847990267,1,-0.351306524215097,-0.453803502675393,0.401258950058066,0.610891399750413,0.116245023896182,0.740762045266192,0.110611379547868,0.527096309948695,0.154405391965918,0.564197088129561,0.169378168963104,0.693995596206707,0.142976990080097
0.908664028864841,0.133983076213988,1.15020442246611,0.102249840524705,0.870383943912973,0.216257273241113,0.00598051805333023,0.0869787875052055,-0.0638231159466136,0.131065422329705,0.896070584367197,0.0323355170154726,2,-0.884612689694184,-0.534163888991317,0.406645297542067,0.856965483740815,0.103453450544146,0.635803461203336,0.112398357596541,0.734509717970369,0.114934838340298,0.716205889655867,0.122545996530677,0.605331821836313,0.163711870284605
1.20612124126037,0.146927194315971,1.12464970714482,0.0958792013223262,0.948607241118056,0.268534084325429,0.0319716501182627,0.0864325121319797,0.119854515494712,0.132214616095574,0.913708749949441,0.02713847316092,1,0.688222167553334,-0.0336297663949493,0.417603902451366,0.907631658410329,0.101149327864614,0.582400592889125,0.105963311720362,0.817831477070515,0.121366753214855,0.652452976108014,0.157513258365877,0.559033675089132,0.172476153793519
1.04680714389611,0.158295120821917,0.970612656411043,0.114078077864034,1.05657417274866,0.316428987788358,0.123175285921075,0.105432818570679,0.0224189571323263,0.16445446311164,0.923017109525439,0.0292506177462319,1,0.0621446321707128,0.0456922243147322,0.445826552117859,0.767385939865847,0.133251193333663,0.730623528524385,0.130970428912899,0.522698940337889,0.143959451844759,0.670795303917978,0.145990928970618,0.623509391246092,0.168885838174727
0.937109098325837,0.137003243695551,0.947976642602349,0.0984434759881361,0.79248302557161,0.242138973191635,0.00999605684845421,0.0260961126521972,0.0890039626920347,0.118335351119266,0.913500743850343,0.0291789597509733,1,0.999999999989667,-0.424213884939348,0.449295804787616,0.746125025089513,0.128056595873688,0.677141981740549,0.107604412196395,0.69061890940313,0.110545225597298,0.468623221248196,0.137591969012303,0.496008711930421,0.138197816929279
1.28359410825494,0.168854778422068,1.13231736995508,0.105177514369523,1.22503148942825,0.336719344795737,0.0205193556861162,0.0492543773770521,0.158546071709456,0.194781906378487,0.937916394060684,0.0219932037257648,1,0.999999999924988,0.206101666323882,0.483673778558455,0.667488373658701,0.150091100838007,0.83809492237917,0.118283609752765,0.798930267715572,0.119714654559287,0.836061729398047,0.124630670249415,0.915411489574487,0.135384001435189
1.03444250892939,0.132825056650481,0.793796665468712,0.09933395066573,0.681742719382017,0.190172671847084,0.0450343431581519,0.0603642911013441,0.0220355613147319,0.0968309586148101,0.840277206638194,0.0696972951754256,1,0.125759831591858,0.679211137432631,0.383755545975676,0.545769805977595,0.116112954457549,0.808772254598361,0.111690557855541,0.593110458649775,0.12977089128966,0.734911039560336,0.159353679611334,0.658437275645741,0.176258764199532
1.06128523684687,0.146711668629175,0.991085261931571,0.0997891395638695,0.963680199072925,0.253050346249991,0.0189020137180842,0.084142564403811,0.0840527671835436,0.134525224428723,0.856348863830252,0.0733985968141953,1,0.622775488508908,0.0420258963669083,0.416162908863653,0.702736223527745,0.11145916285785,0.571525438924224,0.136465359781675,0.68474423887872,0.117787882161323,0.678532688608996,0.149558434255042,0.611562315045632,0.137630327847155
0.967877547358546,0.146967029840453,0.711230832370955,0.115129182758583,0.91014524965771,0.271324413038855,0.104320729290038,0.129998178736786,0.248413273975098,0.183619073148984,0.910248563130686,0.0390126503721344,1,0.806183932125437,0.379356287822732,0.433304260039391,0.669886342641306,0.110210144434105,0.598147985942835,0.121651206047019,0.668692929075984,0.127588104978528,0.747553387873261,0.163146350814875,0.656071033823869,0.163976709217252
0.963424145924462,0.171049926907214,1.08846446581838,0.111062064122791,1.43038345330068,0.361416199198015,0.000466066492513824,0.0847837472656692,-0.0248786130945061,0.160243867227735,0.827139034412859,0.0876717955007133,2,-0.963553840958266,-0.147944425617534,0.403867698712048,0.364016924487588,0.150125570044214,0.768827917556912,0.114169366735651,0.688854900709072,0.116963413091665,0.412078167140915,0.147054577855689,1.0670481906215,0.163816988421629
1.19351660612439,0.192360597935102,1.08825267383531,0.114358577049606,1.75106263808602,0.457991093542864,0.0512711699118917,0.0801303638002503,0.299631489082963,0.241563947160483,0.644736896109953,0.23213603812196,1,0.999999995580262,0.337997967867243,0.399869601768071,0.545878433896699,0.16117366902641,0.672079970171887,0.110637241716371,0.670998466646143,0.119648940344305,0.938230727485466,0.176551607886489,0.812711639389186,0.168476078475105
0.952617113265256,0.154359106198513,1.13244183879158,0.114270902162838,1.09618491623026,0.298180265191456,2.2003550194471e-05,0.0106038394818152,0.00476645516720477,0.177755479238694,0.888307687280786,0.0490633840137926,1,0.970526107112777,0.639878859738772,0.421758845255402,0.409908876206533,0.148383067393336,0.725417009980272,0.110629070061566,0.582275086041337,0.138219958248924,0.778769841888435,0.164640921768987,0.79364932370923,0.152165340121364
1.12612357414442,0.181026817821681,0.83458865763147,0.140509223991526,1.47830263586145,0.425044802851198,0.169292372695851,0.19135821519597,-0.222561640016142,0.233560073536867,0.893830408450767,0.0566570968390227,1,-0.444887231401561,0.295981297014484,0.433056493759985,0.595982575205331,0.15305462606046,0.72870635111343,0.134726951384923,0.816442499251888,0.133303531960343,0.614712039174454,0.162359378021571,0.784212877773981,0.171998208773839
0.844617242281902,0.140711495715267,0.873864943838793,0.0895983229768434,0.798720578138048,0.203583042758627,0.0491344237623361,0.080954031308216,0.039564083280529,0.103124152227653,0.882484608350229,0.0445966219469191,1,0.199715024051091,-0.397930739306646,0.365429819250523,0.849326923160446,0.105497306987552,0.455853040897508,0.134290676842052,0.540377291437584,0.11832314119028,0.765593293571549,0.123888794656217,0.631818988549322,0.142836259045707
0.915065674896097,0.144278433318244,1.04807056657769,0.108045506532916,0.86233253711648,0.244279929514506,0.0111477023241104,0.0325084013998984,0.098046041975828,0.144804499989057,0.917847858177611,0.0302505139341005,1,0.999999995784702,0.0132821425997973,0.463799741276017,0.701793393139373,0.112699642554688,0.526688862382474,0.124558815650229,1.0064335968602,0.10803958113456,0.507126950695368,0.169748456095108,0.958266293835807,0.159629704724954
1.0102133165788,0.149522962197706,1.06087137835111,0.0995627380999385,0.974180933361574,0.261004674539844,0.102840018430439,0.101818109952797,-0.0731654242958754,0.147859041609629,0.89062292427903,0.0425968094814532,1,-0.231155914426592,0.10858484914879,0.425464243252102,0.607894104224595,0.121443009307059,0.537763213781659,0.12066098622218,0.690402845807898,0.117797057021206,0.746019970166799,0.114213595597624,0.655290058620058,0.113828053380305
0.945428879282688,0.139470952226377,0.845148835026008,0.106803293067012,0.724528664862334,0.2035931876507,0.000322222522722361,0.0881591697717316,-0.0135820296010538,0.113005348221008,0.880532601705875,0.0455565460241628,1,-0.888912349335632,0.206904534437189,0.382222484323951,0.616617788276985,0.132905127121719,0.646548925473462,0.122759081724062,0.594354981914296,0.116385092752368,0.656740358863837,0.137632698233093,0.613660991931589,0.168633637316952
1.04160857600149,0.140215075683318,0.941000578296447,0.108633893189357,0.841651793144631,0.204156114173513,0.0642781644917116,0.125204095714102,0.0358552853340595,0.14126810239932,0.859639343843095,0.0616597784077285,1,0.154154150772611,0.373666253580834,0.413166732566213,0.702492088848144,0.132080567545752,0.670263012634883,0.109744287205368,0.856478722004242,0.094239482738721,0.512720201124948,0.150181944568292,0.805224958732189,0.128631341052402
1.06378798117949,0.163594643207205,1.03244472847589,0.127870541141362,1.14119141803391,0.312279140647519,0.108912097451215,0.081838039666492,0.166589110224374,0.186451007101448,0.936211905954509,0.0245193347002836,1,0.472529905241718,-0.289729093353837,0.531868425167696,0.640495105332783,0.148836914845037,0.852510079053572,0.109160443212919,0.713326328920901,0.121739842047357,0.604654417319792,0.141591407172284,0.802901440387848,0.121449479219471
0.770895892710447,0.142513622804866,1.17885212309047,0.111913902422906,1.15920741936165,0.272771169189163,0.179835547347741,0.138228891956431,-0.254998437434171,0.204046847334363,0.784166899026386,0.0967872321374939,1,-0.558494849808025,-0.866778653547392,0.378130448674782,0.696810369506661,0.119625934410395,0.86595556102502,0.0958318548522417,0.747478797252197,0.111988088127634,0.62826632575491,0.150188969966999,0.809447419949228,0.152608267702124
0.96202138053315,0.152361430770035,1.02382274414082,0.101142581554743,1.16021828566731,0.328418962345563,0.000911737313822692,0.0800599574851249,0.0309497633341182,0.176928528146956,0.901975258669223,0.0368261465452927,2,0.951596015500121,0.357506519104259,0.391498255240607,0.733910232992029,0.109525860808485,0.792744164492041,0.102597323377522,0.431191343477166,0.156634660054595,0.844917186361058,0.136065182026554,0.680783991018181,0.174015677946747
0.941295818441161,0.153829564476029,1.10270955212538,0.128693678139533,1.09929471846111,0.301646572185433,0.257777810648678,0.198524006641634,-0.307043317418426,0.172592736116299,0.929036440216915,0.0239106889461384,1,-0.576792777499326,-0.220579973507707,0.466817515902075,0.837430927673226,0.120702788832896,0.758255459867377,0.126979146105209,0.546457506784268,0.135508678058861,0.628456353474888,0.133041367959992,0.834499698914483,0.14678941700451
1.07240351745991,0.13268947242886,0.984299944654548,0.103904601783633,0.679516663449646,0.181915249429848,0.0566900950277988,0.0610601049047547,0.196269875996777,0.112394874114936,0.844662772919085,0.0674074798653941,1,0.999999999998142,0.0998998996709899,0.393186163534694,0.67151697711425,0.113470000327019,0.793309071232434,0.0944156365491086,0.740214055753239,0.101986590851041,0.731331526206605,0.122052078618274,0.70460753858155,0.175919964410736
0.993093383712852,0.146153812668244,1.01824032055747,0.114876194817023,0.705287287066233,0.219907809405814,0.0183713472252741,0.108028061001413,0.0379693018129079,0.137274986120055,0.934555711566909,0.0259024803763465,1,0.333563929007306,0.728012293991196,0.49776461620621,0.796265908788523,0.119101814884732,0.798092372410727,0.122495731036057,0.660823795867448,0.114618550857242,0.855776847334437,0.12537258307215,0.472818930857221,0.201314939757802
0.940291770189551,0.145631160880528,0.964241261764548,0.0905721202651058,1.01169894130083,0.247893526974319,0.0501828629670505,0.0474180626316707,0.225321879109272,0.116013251280523,0.846934680735385,0.0557806601575019,1,0.999999998720937,-0.847007339115917,0.345506241310537,0.581616132281473,0.114791854484982,0.579275484275379,0.114740252529884,0.681487638111873,0.100822038943404,0.795553098190855,0.100294062226559,0.500868088662149,0.188705906684331
0.96561068012475,0.13824151887636,0.969867838773047,0.118067605931784,0.855198830092949,0.210281393002539,0.285582479066028,0.157457092890851,0.27968485636166,0.132361506497134,0.781650645331853,0.108287756001122,1,0.565939000283975,0.250270536891648,0.355579574490917,0.72384188516878,0.105187875247053,0.377641783416257,0.139736295207491,0.749023440270809,0.113314713582947,0.662866667320096,0.130854848542844,0.658650243014439,0.154039968630044
1.18303876818332,0.148908898414753,0.987694133645884,0.11764128180787,0.754480059082868,0.227973861881228,0.0432685536275806,0.0884267879417636,0.0731299845410484,0.140647419111852,0.883871131823123,0.0414239520016525,1,0.40474865078649,1.07906034482634,0.437966922766912,0.381894891833082,0.138846983475631,0.514598715490496,0.129943260800028,0.804484531378841,0.135617705114533,0.587967597057833,0.147455377538079,0.749979900596891,0.172183533797957
0.954153237939786,0.145420331504879,0.878299304083668,0.116841799535451,0.978414918013514,0.279905123713292,0.0244756236540874,0.0846147229956981,-0.10636240409054,0.165282618376506,0.886038174160286,0.0544438317831768,1,-0.687321182788519,0.229995518991889,0.431448402773605,0.58106230061221,0.129795787490521,0.56123490404184,0.123207731379644,0.813169338871235,0.113093363301878,0.621185586986296,0.175254264442616,0.607425578738097,0.181200353907661
1.15499520723638,0.136315530357457,0.980788485277345,0.110620868322839,0.787540950774109,0.187206493262056,0.0512731749960014,0.0790929941143367,0.189397448957505,0.114858193021013,0.741953895055336,0.117443271896189,1,0.942524062950401,0.403840940506885,0.315916788324822,0.48793372953827,0.1276113801723,0.713438843234631,0.0872560420445107,0.657725028454291,0.119233657171273,0.631996038449287,0.143668819415326,0.472944641114969,0.20853340720404
0.973418431987813,0.152794320631816,1.06178792729852,0.104059081317616,1.04498696527592,0.258603391845431,0.0512115455539162,0.107182900551733,0.209323192004566,0.164457692916862,0.764807952697942,0.127199624774076,1,0.904852875031344,-0.124548658908322,0.35954322114464,0.580201269627177,0.126639026107573,0.75005701475533,0.111945184968052,0.842982742506998,0.135544613019022,0.717013081865661,0.142817055728753,0.846062240406459,0.161007085778961
0.848410791578572,0.164171822207739,0.975683238669401,0.106911928171688,1.56679539116161,0.398000329997801,0.00868974830572787,0.0301575355538248,-0.116683578806237,0.202387141613041,0.899049793675967,0.0363121844692915,1,-0.999999998797748,-0.377276633049697,0.408785817564136,0.620448993388515,0.10682066762885,0.706519285508382,0.107653554835237,0.558667767238528,0.147123215802932,0.537156965418815,0.160316919707202,0.849671472261234,0.156831091479062
0.98401785600054,0.133610518326022,0.881731950916925,0.108124079718359,0.535621373322794,0.166937528898731,0.0766924663220644,0.0979950218219391,-0.0619227760801248,0.0981213857037003,0.901118195855861,0.0346922271819058,1,-0.30552384897438,-0.0494421806503331,0.430408470258043,0.591689549908975,0.115700106747963,0.598937715536484,0.108829617590596,0.590131058989389,0.124629246095036,0.495523833527848,0.144488284809213,0.629262022600565,0.156557467229614
1.49649330520838,0.175922099983995,1.14985557081913,0.121996051279868,1.36993669634839,0.382479003678945,0.091062747406171,0.14254655164796,0.266384308632026,0.195362101848169,0.918735821338403,0.0379306597603886,1,0.754202582223573,1.78768348609315,0.478236215020738,0.686329409567368,0.147183547030416,0.731794345747857,0.128928894479987,0.880808645779536,0.115719537599134,0.685944802108118,0.139268602764831,0.986553052361782,0.114040636920847
1.07629938055245,0.173301864133095,0.836980083569974,0.11210345985008,1.37093935669466,0.391995376326467,0.0482920477078801,0.102780018396759,0.179554592193914,0.182758282818827,0.893063255877948,0.0433015603940094,1,0.697829916844297,0.0595090940101948,0.43029319560644,0.64258653629691,0.113473368800524,0.522741369142486,0.153468985394366,0.785525849474287,0.142478027158141,0.678866997813972,0.148085654727203,0.49207937296885,0.164549858204274
1.24014999384509,0.16504212939804,1.28733985453456,0.129834985781183,1.14239948344104,0.277397202547398,0.267934461849784,0.144275877793699,-0.00279188156952957,0.183985968722723,0.808267276508159,0.092230379903677,1,-0.00504630742496438,0.0213589419454008,0.369471432137633,0.658213280392429,0.12753771031851,0.737711879416359,0.120372691657352,0.773380233064462,0.104532253915663,0.862001754203972,0.126809830884293,0.834626585476983,0.177323851299464
1.07301966028271,0.178494958321859,1.01506898835237,0.123372550796048,1.29449103122302,0.340818270894881,0.155910813370956,0.123820276162122,0.0861851404710403,0.169565269817053,0.849719350355041,0.0601059562050601,1,0.191842467747313,-0.00435013311890796,0.407255268273405,0.737514797875435,0.129568017913484,0.620383131346659,0.140182949644869,0.699675388589487,0.11969845556427,0.686611469837899,0.144229391009721,0.781062754660318,0.160322190481139
1.12122862198783,0.159416339399892,0.979167204492253,0.107564660066119,1.21212137350091,0.316688982561403,0.0445524542773121,0.0913315543819522,-0.156072665394525,0.168617633580281,0.891722826175005,0.0347923389685187,1,-0.671611271290688,0.87215713979526,0.462067899558092,0.889968486074135,0.127076569627752,0.738260896234376,0.129405775928324,0.544081684295292,0.140916876729263,0.813704224551694,0.139139857425195,0.756228641280852,0.157295027576183
0.970281596891406,0.128137715147037,0.88191286549127,0.0911389501903091,0.62702604016191,0.164620281552029,0.000852652705133738,0.00875722618163027,-0.0231221817102589,0.118149864505429,0.82573181344389,0.067349621310884,1,-0.999999848222626,0.182110245168503,0.374174367586279,0.618437464512036,0.103497729893086,0.479429902797657,0.110675230789779,0.698901631063689,0.131171608037175,0.445736448061407,0.15634165505704,0.737017315355818,0.131458183261037
1.04975807007595,0.142665141127315,0.920875527589907,0.0927920871095395,0.713496628083643,0.228104299101405,0.00501155052918056,0.0726666217253359,0.0529066516313738,0.09531793537294,0.890119350139825,0.0375295500853941,1,0.884765658345486,0.0180368182721836,0.398109947863767,0.757851159576744,0.107825416495627,0.552755152732878,0.104414223654092,0.709594445340128,0.105760395766675,0.627788528653997,0.159983432269027,0.171367311205524,0.253754607440157
1.09740025706254,0.135095228410098,0.993104657818689,0.0943524824178031,0.851727637800157,0.208021208125893,0.017703793452994,0.0370145094347289,0.122795802579444,0.125770602851667,0.839390455669104,0.0656245706001059,1,0.999999965292662,0.413912567325706,0.369456447331398,0.700551178099825,0.140257861865944,0.631732058308812,0.118295605839996,0.580377407380652,0.124630614095309,0.81078571705192,0.0904965725544129,0.780620882336663,0.119841218192617
0.753132816511853,0.156676614070954,0.999797603008579,0.132341373792383,1.09070047580812,0.33044006297559,0.0892241516023247,0.0881901128824529,0.153675617111533,0.224653049233394,0.933114165634628,0.0242996912469075,1,0.492618821511828,-0.58247673912477,0.498899033219685,0.580025764551334,0.127800120722781,0.813444295631893,0.117298504708811,0.769639738553153,0.11671326647203,0.891813867874121,0.160651881512375,0.378973196311154,0.250874668764934
0.895979926028848,0.144820338919097,0.98555420982548,0.107303558928793,1.16101015773409,0.319340753642056,0.0153165230874113,0.0340445465439763,-0.133351558350238,0.147762368671302,0.900974067798015,0.0309275982047776,1,-0.999999978315471,-0.299163706199581,0.412018614834236,0.83110763458535,0.106197563016313,0.74216061582849,0.130568868905229,0.621948766350675,0.119998484574704,0.659914483818381,0.123404162109926,0.745665500671294,0.147539202784419
0.98034887452617,0.142247419964353,0.843758696079808,0.0972853591900476,0.710427788788768,0.22716791065791,0.000709273192476929,0.00839020467713755,-0.0224474354241271,0.132714915704284,0.880835670011295,0.0583782075181086,1,-0.999999971562914,0.634167273116485,0.454578940662086,0.427431730569251,0.120703828455658,0.658231018536506,0.105108252642904,0.510801645076345,0.132433708071613,0.829385246761829,0.143546137894131,0.151883000887059,0.241624762469508
0.860338295363822,0.168662132753702,1.1001425901801,0.118634420746845,1.73747232632702,0.438983683513326,0.101648042415766,0.11722663498157,-0.145586624536173,0.25855882352628,0.833907311323828,0.0756553842759774,1,-0.346428026097656,0.465613878759006,0.401285110681791,0.606186738009796,0.120650229256546,0.809110732683053,0.0927094316151066,0.614444056596519,0.139770564982238,0.779265178476674,0.155155856264547,0.470038721214292,0.240030098727317
1.07446285114102,0.152776595159513,1.0126812138564,0.110275615162011,0.967733483270809,0.251431031736619,0.123921049925664,0.112957552998349,-0.0396255023265128,0.148416990915621,0.857478111130686,0.07168743106921,1,-0.114425904664203,-0.00895485251247377,0.440491888500521,0.682323363405714,0.121069954162845,0.647514805275663,0.114190779759187,0.508256276111463,0.170238620547389,0.822367295671019,0.137305607633117,0.631382459097967,0.168773582088763
1.01795603386712,0.129642806858151,0.811736323234914,0.0874571901944853,0.773284995869554,0.19139944437235,0.0366111814338657,0.0442835851170434,-0.168258364674839,0.106529361387223,0.87890691946465,0.0462545106847155,1,-0.999999999985605,-0.147082645576994,0.402916144934459,0.814944113191721,0.123220159795236,0.562829627184571,0.108756390857211,0.535704475889176,0.133717976821066,0.636708798744145,0.111988535744656,0.718565547408254,0.123735433252758
0.947680891756366,0.140582178907049,0.906147720014817,0.0984535985641218,0.747086891369333,0.219054418046389,0.0110257804168899,0.0306477803883223,-0.0907591098259143,0.12855859217211,0.928633609332468,0.0236777224675971,1,-0.999999999988906,0.285269513228366,0.447634182817603,0.661169989642549,0.120500405938961,0.54613331246153,0.120332898402387,0.697893839491213,0.104098899378007,0.38579137766341,0.139804829695158,0.743514133671732,0.140366057600591
0.788441195055998,0.160749762854931,0.985531767127054,0.107481170073423,1.13990117270099,0.27203851472594,8.62718240826027e-06,0.00697485057394287,0.00288324559916256,0.121012254163351,0.916598023101661,0.0390068535922078,1,0.919419154513038,-0.265727113149032,0.473888781778527,0.801731319754628,0.109396451113993,0.706083919531144,0.0998973794171218,0.639155399900146,0.119706750011707,0.771602592851125,0.130764145613395,0.779173044951039,0.205357123400503
1.29259431459671,0.135258921434735,1.10933265937659,0.118660261012689,0.732875140452071,0.203067428984969,0.00282448798469255,0.0852283696348532,-0.0332439202626832,0.0994980464924733,0.901679335517295,0.0301849255013524,1,-0.73068025379559,0.649561592245185,0.368754899522608,0.683325877343699,0.12195572764585,0.64659577351675,0.110439339964418,0.608891127936296,0.111266738273858,0.895282984144213,0.115923010822336,0.685533121000429,0.156716858522282
1.04795751872833,0.138727962569462,1.01838368828944,0.103526876040578,0.821725483272775,0.202064461844211,0.0573248204773468,0.100162452501847,-0.0993328990792767,0.117997893491248,0.776069613641434,0.128304941472187,1,-0.457676255261751,0.167320153336525,0.370509249512213,0.592496857642739,0.132998298862435,0.646788084190993,0.10129675884655,0.598822118711306,0.117628456417937,0.629378146719362,0.15677495801846,0.831138312518659,0.140658045963833
1.11773263477273,0.157030777896571,0.831667258984185,0.0930067144383984,1.04282270198422,0.242508788876109,0.00205567572538048,0.0720394361425841,0.0445790964927463,0.129875123923988,0.809857916779406,0.103827899788089,1,0.962828018550848,0.0241986367412686,0.379299718647876,0.656346790660363,0.125499017189602,0.753508655132274,0.0974182217722682,0.619052181928143,0.120704924047803,0.809657304904746,0.133975993558279,0.585139959439939,0.164317711068361
1.22779507595034,0.159839471148282,0.886869075723627,0.0932664261697724,1.17003844675411,0.267757910939925,0.0211955526373401,0.0968901129650501,-0.105934546634605,0.135633481901632,0.804852435926187,0.0821175666555946,1,-0.672690312982519,0.427643636745907,0.364622664793279,0.600009504300701,0.105623922488473,0.817506054597037,0.0990076079094733,0.736511423104788,0.112096408333782,0.557493090017817,0.151025127619853,0.797163094579229,0.174499909574429
1.11010299524288,0.156403849111753,1.05150227332891,0.106757009521268,1.27273660244229,0.325441038856789,0.0914591697334228,0.0996842012441833,-0.274693689576547,0.16446104741659,0.880891163020799,0.0522268713434861,1,-0.805129590539642,0.145952854074531,0.389099187558622,0.485406694017626,0.144458152710058,0.832069451234927,0.105451367136141,0.421306873166597,0.139475831062572,0.791558863836167,0.138364004680183,0.551562340151131,0.183688717311327
0.822818098488101,0.146132743554499,0.858492867127595,0.11958581902654,0.847081341713248,0.240965956688358,0.106176006386744,0.118127961963332,-0.0717644277567409,0.152812308076592,0.841636144477919,0.0817785791961474,1,-0.239294917869863,-0.227877071511257,0.404112056473016,0.78914343764965,0.103198953764761,0.496733686763979,0.128371803754715,0.64423172824821,0.131523965638461,0.661753841423803,0.164861349352901,0.381593007497523,0.199195081657482
1.00645589139191,0.18027830761615,0.868002447175757,0.102757048619454,1.60192542939552,0.420244153022544,0.00558463207756979,0.027473083347174,0.0945841283539091,0.225221572004847,0.916333887793822,0.0382325813936315,1,0.99999961981418,-0.111409567415721,0.451102613854867,0.880695971730243,0.138131958957297,0.435863969368436,0.162210244232198,0.787311432656203,0.118765991442801,0.630122652319795,0.162243280067593,0.855682998416997,0.133964440136795
1.04009485907557,0.151998398452119,0.937730987275205,0.110868504465684,0.990599789626242,0.228994918982803,0.0973622965810566,0.0628259508660658,0.0859002820966733,0.139945550847757,0.718879557183747,0.156875701286213,1,0.276598658598941,0.360596067271041,0.357466790668245,0.575297178259532,0.13444478590118,0.594303273361157,0.11855926943043,0.693675666726065,0.120393207148646,0.790153632756855,0.113148230425817,0.589437020803334,0.161987750039803
0.897795622500286,0.155766728367989,0.944813012113891,0.111752808139741,0.965558518890325,0.298684941898104,0.0728494865433258,0.104809108463386,-0.0573461541757799,0.141596976885802,0.922540045040767,0.034020087799158,1,-0.216222931181632,0.573934315554882,0.520269953538356,0.655783642519198,0.144074612705563,0.64797584744455,0.131743284758927,0.702439385334543,0.11125612590664,0.74499549167245,0.124286457103553,0.867350300387066,0.180802176154828
1.23171279516512,0.156666554537306,1.1422790021809,0.130490278979395,0.815757835852993,0.249281074176625,0.157800653507281,0.148313541872458,-0.128158100143818,0.144559432648875,0.923147011571446,0.0283759417251604,1,-0.357199658389911,0.589766987862165,0.458575371077857,0.935743722660019,0.0995015505965203,0.521784577533116,0.139929120006456,0.870342453815198,0.111749909362907,0.59282375916807,0.158826509493101,0.513290561869935,0.195728598621092
1.01711427577271,0.150468519385885,1.1899522161134,0.123530829627309,1.10222931274326,0.280397542316169,0.221236854279242,0.102893920839437,-0.16227452307626,0.177145742291803,0.872461472268554,0.0576673617180327,1,-0.328613670098356,-0.875992736263861,0.460008292293544,0.831016005563469,0.122495093724837,0.832573369966257,0.113060936790612,0.768250413514202,0.117628559654436,0.745780370526751,0.138612812688141,0.719123778388454,0.159082174622903
1.19871990039341,0.152236251573093,0.99397907336,0.085456939418124,1.01125358069089,0.285065874769613,0.0349405411639439,0.0716215309433118,-0.0878244193455471,0.131375546718569,0.907078494398085,0.0338898704251755,1,-0.46721893740638,0.450985019815082,0.455454865457951,0.562634508521841,0.144452948995638,0.628215585953326,0.122051033402377,0.904457140389569,0.10003378894019,0.777637201389483,0.136238079324275,0.745339370770183,0.166828252208693
1.04304204652338,0.171930065324198,0.940878676462905,0.110830015804029,1.34177663377684,0.324038366866976,0.061529870670437,0.109955757019056,0.189228911299337,0.174992668610289,0.876620605513773,0.0558493106667964,1,0.658573690935499,-0.926489105783526,0.408816558900044,0.90786183567862,0.132392041172511,0.695708132667463,0.122366135501947,0.751792356437175,0.128729381597148,0.882693631072598,0.115229180549968,0.70896547199666,0.147282975379392
0.893629929690177,0.142260721132258,0.93358748957096,0.0993709593406474,0.891280069806112,0.242845626141918,0.132887215500916,0.103160564343536,-0.0809575053406961,0.138167616747036,0.9025132895652,0.0389575833398381,1,-0.235238509426173,-0.516993346268573,0.446334467289469,0.709090011973412,0.123610412429837,0.714274114883961,0.117181007347692,0.565274101148816,0.119347633802025,0.700849854120963,0.11919018408984,0.714655698891398,0.140031091397807
1.07822714486493,0.156424169284321,0.854283906302689,0.116828488576491,1.27113615809625,0.304705072163021,0.00371495854838789,0.0171844261316905,0.0687183806547958,0.15302486744077,0.725653016750417,0.160289811196706,1,0.999999756802057,0.0922021999079767,0.323380874798749,0.544165060193533,0.129281470742999,0.522936959982419,0.135682979403949,0.668627463600788,0.124031270711049,0.930815486901132,0.117763398493602,0.329679657730063,0.194632838441925
0.99009051599436,0.138325852578405,0.99837201786863,0.110671400012464,0.830871181178847,0.210983853139587,0.10547345854194,0.116140845688806,0.067513191032696,0.135295029322049,0.837514282530818,0.0660009655440538,1,0.228060564086604,0.296395525184362,0.378005837302671,0.466503935228554,0.119289857802079,0.693159749403876,0.111780920381836,0.613800219717553,0.137721952177701,0.577446561190256,0.136013320041267,0.480527949904054,0.168184497925843
0.88718930134082,0.156954684250536,1.13377392799189,0.108941904608968,1.0882750389488,0.316321346529221,0.0389930866174972,0.0724357751048349,-0.205998045562451,0.174445420148108,0.917230975767615,0.032681176438976,1,-0.999999904774327,-0.202240724591839,0.458556953528197,0.760758051940383,0.120675558244157,0.371452778767061,0.142833618485236,0.713931694004229,0.112161592313465,0.778681976245548,0.135523641498689,0.367313460978338,0.187468723264393
0.984479979884837,0.159131848407632,0.992343730736517,0.115020550006417,1.08050355200538,0.316730087999594,0.0267242916199114,0.0522001277166484,-0.16992846087172,0.150572797054302,0.942004850788994,0.0179404069581177,1,-0.999999823278506,-0.762806663317903,0.494200253922744,0.76015966343153,0.111465183295692,0.674325263898655,0.120456468965121,0.961203194831241,0.111219226537975,0.636932150536102,0.12929054122762,0.591014288585126,0.189040913522379
1.07006236859091,0.14407008399057,0.985948849379379,0.107463053827042,0.885219789589337,0.218114710357437,0.0781735447562203,0.0893621355027799,-0.0193489857003655,0.117773762186024,0.899934524471607,0.0337607178878286,1,-0.0735533984910151,-0.735355460368827,0.484922512703146,0.778875281889372,0.132831956656614,0.676405526393708,0.117153850285781,0.614192266969489,0.125593366819439,0.69430239321121,0.133860695713331,0.645758553240796,0.144831210945616
1.17916618418355,0.161953242712688,0.919480870282274,0.102565609719677,1.04028349763783,0.294299858133963,0.043729059621053,0.101441559822556,-0.0226237250078621,0.15927030001481,0.926323553239729,0.0287075481800047,1,-0.106072594004339,0.0346922950344956,0.507843714478684,0.758270405118487,0.133468674889604,0.716719904401714,0.115875813564681,0.801670750042334,0.1034635179406,0.878426077789122,0.141946455863648,0.838780970746154,0.154978890453777
1.18298442046809,0.151093960199826,0.878764637550895,0.110850937571611,0.827507773572955,0.281386435084135,0.0519726761391138,0.117543448896616,0.0697716198224001,0.128830198836209,0.937693750609369,0.0190881393496771,1,0.336438141085995,0.375315151844956,0.437371178946667,0.841086342802703,0.115349815921741,0.648350601920485,0.11851862610546,0.732318135079032,0.113001383975369,0.764597764046064,0.148733660607519,0.634633460992088,0.243203471601273
0.770539529332816,0.149698358591824,0.777321642346005,0.0962112179807671,1.22416327511278,0.276495992388347,0.00544143917301322,0.0192024042994705,-0.0816162360701794,0.145125774187122,0.679216014194013,0.197888610532422,1,-0.999999999316972,-0.108676372252931,0.320379741661635,0.454935814287606,0.131909121644835,0.486614090088815,0.10777652437646,0.510193666174777,0.128245253150794,0.699666448847402,0.143109160103219,0.74788739478034,0.164485303367175
0.786130566464606,0.167340808910793,0.884295625137069,0.104250441933782,1.47004941735021,0.390709166151727,0.0126370495497685,0.039603722895609,-0.136297788519888,0.214557018380046,0.890840893574476,0.0528594735519656,1,-0.999999995363888,-0.396317201005024,0.51408273265187,0.722714919822388,0.148285118066746,0.75732653801225,0.111486610717429,0.588147532671116,0.146640236696257,0.491687321931713,0.162820846903254,1.03968719349947,0.15551492383016
1.07963227676439,0.169754163588036,1.0492968310765,0.108872248386191,1.29423961930739,0.360669280815407,0.0458977291378388,0.104453087254393,-0.23796183954129,0.169896846024316,0.91883124297802,0.0270905080490256,1,-0.97634739766569,-0.482787700248865,0.436848758737062,0.752228187922419,0.119434421151713,0.792192481940186,0.102288644317908,0.729631576960715,0.116096326432444,0.659044086193292,0.141955814398378,0.381576335520717,0.194156283050668
0.866613625313748,0.144859826373104,1.01143767719067,0.0985552057782712,0.785231947325085,0.22020661459924,0.0267521559313648,0.0385459542466772,0.144936701679859,0.107613159242577,0.921506258948039,0.0242616816249589,1,0.99999999992161,-0.273174575838199,0.467839474697588,0.840788891608359,0.115389980601324,0.661639149299928,0.128368773466146,0.775115860238014,0.122633093624748,0.486123893477985,0.135770834862768,0.627457132111185,0.131966636945166
0.657063285823976,0.164616935195132,0.994167588295962,0.101369277866472,1.26207907362322,0.330171164391154,0.014872650594749,0.0737063911573655,0.136132505420477,0.165091761071953,0.898347186841225,0.0470772497984357,2,0.993629248674126,0.0021834745929596,0.455692875201931,0.473090257533576,0.140839363453905,0.588372970765247,0.121707144418965,0.727135609673314,0.11143749927594,0.551095780895819,0.134108535556855,0.701077206758214,0.136993321551524
1.33485060353389,0.175284290914053,1.20687118759551,0.120891892084932,1.19699758787967,0.320666891517462,0.00612356922100807,0.0267094534764669,0.085614817837348,0.186333169258663,0.930299292771591,0.0288010272284749,1,0.999999962247865,0.254908049434844,0.495554221691332,0.827741684114348,0.131329394656347,0.849613463147159,0.124500574728371,0.670172508204546,0.160473654745954,0.915769053948418,0.132270810554693,0.931583027692838,0.121992360206441
0.766292533982038,0.139380158388941,0.987094272094846,0.121589579059874,0.785507205838752,0.234097767244401,0.0686781948279879,0.0752526618128085,-0.232265401579689,0.138157307039587,0.914971785651926,0.0325440342780372,1,-0.999999998605969,-0.117898321985228,0.449664686592674,0.611739128502564,0.11667299152649,0.686628559402203,0.117161832546924,0.697042748247039,0.120716087482105,0.586252270605018,0.139866489229932,0.760577669723155,0.150250547643835
1.29865045956869,0.146633555004624,0.904917609954656,0.0999371218523039,0.966178900070931,0.24674711012572,0.012131008237872,0.033776546260219,-0.108262293506255,0.151946400510945,0.827945251025578,0.0707531842916056,1,-0.999999999966553,1.00379899952748,0.389045768231818,0.540015611484222,0.150976783255665,0.63530790481049,0.122180202339726,0.789762338384895,0.118210716856714,0.485559257728481,0.145344534873425,0.949099647208296,0.131932398018621
1.12364472268453,0.16139854701562,1.16217886931667,0.108456941782551,1.14331986148313,0.332510224180596,0.0197279770428627,0.0424826064890532,0.150184513088846,0.164941636256122,0.938175589569934,0.0242799767675498,1,0.999999999817017,-0.131746883997264,0.494000149244794,0.774238222962411,0.127068400701766,0.602581680123527,0.111214824755243,0.79622212922219,0.117020998847282,0.707440190170302,0.148865149731715,0.856171579904294,0.177111697444518
1.18796268033852,0.164521089285909,1.07741044137346,0.125545098874371,1.07933156498124,0.322094173195121,0.0623628718410647,0.130147350294691,0.207580539105667,0.154253699410269,0.897036984788692,0.047510670560568,1,0.800103450270051,0.339030284149946,0.477633829054756,0.672186058025151,0.132498883462025,0.711383886119085,0.115979471866938,0.613220639022788,0.134223795417829,0.879987328825098,0.124941279209547,0.72078854283938,0.182126322809718
0.833229558858576,0.166436573589746,1.06427289224134,0.104920123526307,1.32803004169066,0.342964036512849,0.00195028733198809,0.0661486391009604,0.0502393060609358,0.144004401201579,0.903566100317519,0.0365434006819948,1,0.987166439637635,-0.516716964227862,0.414925723750814,0.75151385794134,0.115001571033617,0.67784253835391,0.127837818290373,0.723988621706478,0.127009568031784,0.665331572302204,0.116329425241808,0.784950335463877,0.134463395832952
0.79400210201092,0.137956728049686,1.04848707937966,0.106021344124675,0.999988530875275,0.255685666933885,0.00498418445407907,0.0173009799988964,0.0705983518265269,0.124760512181917,0.775707536731704,0.103057841225226,1,0.999999999074679,-0.423773816166939,0.32377251434698,0.528816213089025,0.118550451528057,0.611208091387361,0.114494634845982,0.700812216307097,0.140787540978354,0.731138609961718,0.151974277116813,0.7340584429533,0.135164779410716
1.00612045551611,0.156311708509612,1.03051830256553,0.109743144440473,1.13474816826186,0.298741795143184,0.000417413700333096,0.0583301837845886,0.0170585443181834,0.12125950739034,0.830863917274245,0.0826335979864565,2,0.783806522668746,-0.0918649823993286,0.375534512011931,0.870255274554749,0.114704741346845,0.855110731798588,0.112215308768885,0.564115728713775,0.159011459626531,0.481480397985237,0.180557091002996,0.728295890471653,0.187455977872752
1.26853438699152,0.157645095006267,0.784932953319326,0.0808330339864723,1.02327406426208,0.274814079038954,0.0542505458739855,0.0678373360125519,-0.235612343827634,0.153853681838172,0.913503634961347,0.0289528363264937,1,-0.99999999999137,0.499852262502546,0.439117670197979,0.829483580090066,0.126167337715529,0.772831888862196,0.103747639291891,0.595349260823175,0.135466923175057,0.782570677685436,0.119810810593338,0.665544465776135,0.157360331534233
1.02864500222791,0.168180703179041,0.913350159258504,0.107809251147696,1.18356237610387,0.366921307060101,0.102017049282755,0.0973545720856698,0.347481713548442,0.186511219690094,0.926745932474703,0.0295034374239759,1,0.999999999993205,-0.311514434683694,0.455107255558091,0.540608067192415,0.125923410975149,0.799690032265016,0.11861177709477,0.462464749021421,0.164374519072693,0.764873230909893,0.150362010039168,0.621167881494415,0.15912307903677
0.854534184622174,0.124583711209131,0.935643321493352,0.0958404776567935,0.675451556128677,0.17004243467833,0.0705346606418885,0.0808543944783567,-0.0726544036259141,0.0998903259472719,0.839360439871228,0.0595127062562785,1,-0.332861486549012,-0.28643232102103,0.34427961503326,0.623639265179791,0.102548085183477,0.690563786367284,0.115202490197284,0.651523330149643,0.119876857293643,0.662906396226742,0.15384105383397,0.342681926166764,0.188140525299645
0.864197376257631,0.143668201555305,0.932020077763517,0.102113875570846,0.866012205849587,0.259071837728614,0.0221822789153452,0.0421094118951626,-0.138600592603116,0.131993156290321,0.907514546707183,0.036065324891892,1,-0.999999999367155,0.178771888407149,0.439626126912719,0.660846959610334,0.119519971263137,0.737387072639419,0.0977095715961464,0.70592569139404,0.140099070852528,0.611437994064136,0.169396014940758,0.896090558134393,0.185697011803582
0.922947882669141,0.1355684124813,1.01445452901271,0.0980742304227767,0.654371635572173,0.18108682401431,0.138907946218139,0.115502692298964,0.10331107853221,0.120153496555149,0.872368533121627,0.0461995141191544,1,0.342666080694005,-0.288826573674502,0.398422949262987,0.554078239923078,0.132775680611796,0.689602176598947,0.0987628362503309,0.709078764367232,0.103923602267022,0.543662978452389,0.138987690181804,0.660410589839524,0.177884646310008
0.9113941191708,0.149402312100014,1.23184425612102,0.127371797717774,0.979196650627201,0.27068590896289,0.194411536754267,0.125316559092857,-0.224769752844707,0.188733686967055,0.916599011392968,0.0266165989008611,1,-0.515159712051855,-0.209287091170401,0.428855589916435,0.811977715532613,0.113711924713662,0.656147124676172,0.114142567723572,0.600216351973269,0.1250416229666,0.826823458560928,0.124046679377453,0.651672566335303,0.164781591952394
1.01820493275568,0.141008700692159,0.82251117370431,0.103267730945689,0.749809459698556,0.229011741648512,6.60891768439576e-05,0.0759247308411401,0.00428029341308491,0.114112361045722,0.932407582416276,0.0253254844277938,1,0.608041066185438,-0.0668903610815346,0.453197658371618,0.976724144679818,0.118588956233904,0.721198799059633,0.120610927276649,0.615250976014728,0.139381046771468,0.852878339842333,0.136810819776682,0.485722771944015,0.164344564686914
1.1984659849843,0.162881488374585,1.14925440469531,0.125306633435603,1.42774997088682,0.417136501062654,0.00203963055945746,0.0110264076086034,0.053963713138337,0.146255629064641,0.894973977216104,0.040738390747391,1,0.99999997661321,-0.464896016286752,0.420071854143598,0.914835140209988,0.12419476138826,0.850357954755098,0.119012366585853,0.852201078338296,0.133037841681187,0.763571616095589,0.170535053451335,0.771561830276873,0.170669803161845
1.39588340898074,0.157370520116386,1.16629389876775,0.106976779632786,0.734767582775083,0.231132113668223,0.0136521365328305,0.0324527045951507,0.100155615718401,0.122401761731378,0.943789379954677,0.0195463152303695,1,0.999999999999434,-0.0905353690961894,0.540122159897341,0.959298109739336,0.110288171584803,0.835449968428612,0.11694264576728,0.779545236584528,0.12154871034066,0.752594085858674,0.131067628503183,0.593742610154901,0.153507243346965
1.01518839157043,0.14639925013327,1.01302087081046,0.125797364201863,0.957220656398665,0.251631138416473,0.287523498022012,0.159824206872852,-0.328486417208087,0.176142108021123,0.903613427280583,0.0373317145878528,1,-0.626144706947757,-0.0339765963946781,0.44346890034277,0.545934906576537,0.155954548660841,0.640590399546797,0.12002922343762,0.841542321970417,0.102141426935506,0.578569181729682,0.162598086779486,0.676763008726027,0.156557732682179
0.926443902524959,0.154097630829738,0.83725674471702,0.112063079461468,1.35523282418834,0.334215134541923,0.0501675739372905,0.0629275696645432,0.260746510814808,0.169490870140082,0.766315086592514,0.0915773108941534,1,0.999999999944001,-0.30738423513336,0.32397406039084,0.676987887034609,0.115726487271994,0.712056140355853,0.11268956050927,0.85654634413137,0.127082517897511,0.710255392886042,0.145162793516231,0.966148516171284,0.147758097479474
0.819685249519017,0.190945469917122,1.14671255405563,0.127287725073618,1.78137779316496,0.434490628317182,0.000495715867126038,0.0693032301405065,-0.0282604576546127,0.24206280401837,0.752602884223855,0.16885318845377,2,-0.951009298897116,0.0460592730235205,0.435542093945648,0.689802531447763,0.157748928975242,0.792590555462355,0.117384886473438,0.687684235864803,0.121616943248648,0.699640807762471,0.155414620025688,0.844003311335411,0.192953146447986
0.888151739198362,0.143430098026573,0.973786389493514,0.11801207050475,0.780452638541142,0.263871370175369,0.000195335230882807,0.0936819795404119,0.0116918395959823,0.150726956067105,0.926438450411708,0.0219144604343113,2,0.946933065640587,-0.372519778388931,0.472013140821934,0.726068049420001,0.116299393771472,0.755387102600233,0.10928404806364,0.517162065657755,0.135598738149447,0.523890163544421,0.151789521257139,0.580860449808563,0.158389012842608
0.976003536166246,0.16635663403737,1.01646981707384,0.116689814571147,1.271848590788,0.343736736212298,0.0508317204881498,0.0686796540130181,-0.254264138338418,0.172190841433414,0.828623819117394,0.0916333371044221,1,-0.999999999805072,0.412765786273164,0.427095586954726,0.572193070725978,0.130367216073855,0.603219948016983,0.127571793241174,0.54966708925191,0.161470853124194,0.813225262179674,0.148262821673625,0.578076918276023,0.170763840335716
0.998885596380317,0.133696666429026,0.993673663798816,0.0995891484046153,0.725528295790259,0.199330099522736,0.097497572600185,0.0985903554909519,0.0139466913284622,0.102222099275571,0.893554107638514,0.0467908369766309,1,0.0524381196482153,0.213654904459809,0.392290954730715,0.797004713345963,0.110727009065937,0.604501126913614,0.109101638403091,0.889589329640535,0.102144035748973,0.695600586698965,0.143820779564551,0.5104316365701,0.170225783482955
0.939201164892627,0.15986024943035,0.994147531380061,0.110361821197884,0.937529180939648,0.265730397150534,0.0440287201960318,0.0903592440122993,0.201166876134583,0.152137198612327,0.892374789679943,0.0450119348756209,1,0.990138719395261,0.048547485812866,0.477722351581281,0.863695179828628,0.120849929302863,0.550491729272228,0.134343061958186,0.805775894447717,0.111114693592807,0.367785633434431,0.168999940233581,0.943001690595754,0.150352813889355
0.843016072734934,0.135869208080857,1.0382111266159,0.107663624616353,0.721355538373048,0.218691196983128,0.0362600681505275,0.113823825191879,-0.0418682713061765,0.126227680996093,0.865169357822833,0.0460682562348362,1,-0.258878531542113,-0.091770070206015,0.369322649959341,0.650731034632938,0.115711836150435,0.721364982554804,0.106691803389872,0.454471806244656,0.131095965049261,0.733278837202264,0.134064787278973,0.508560078125122,0.213991282128025
1.22271046406062,0.166464755550662,1.09728288849246,0.117135637590136,1.18919644014874,0.324962647708283,0.0643783946593216,0.117343560183884,-0.0919486113237086,0.191266115290807,0.908871725702213,0.0391689560822845,1,-0.332313743594786,0.638454184115009,0.452269552204028,0.860207872029698,0.115373971196005,0.727807757977772,0.11086160565996,0.812558981924868,0.114556016999206,0.748464462570707,0.162817387995122,0.655256686422512,0.182992034210439
0.965981374675086,0.143405756410435,0.993364071192393,0.122646020319281,0.870745681467747,0.247623045406202,0.00530180195104478,0.0683383141090484,0.0616168230022397,0.142565309030641,0.887882299031835,0.0477995353592819,2,0.906863426240704,-0.1969874988883,0.364695174908455,0.808830839142471,0.117123676626285,0.625242885721808,0.111275109391186,0.704904664252836,0.130489192908163,0.660016704031802,0.160144214089158,0.472758148861861,0.193948389977059
0.922884955814382,0.16133212654535,1.17968742399875,0.112882043178388,1.20238741671265,0.308510706658071,0.00828319686134873,0.0238128552236485,0.0997978540662798,0.144466693094669,0.872886998072955,0.0573167817237665,1,0.99999999999975,-0.105887682926499,0.406541836897174,0.788626580185826,0.118547107401063,0.710723061415964,0.124308848695238,0.760562678398607,0.12446933733571,0.787610417897098,0.122324168653188,1.00368074099578,0.184912785211227
1.09077284934729,0.143766284095388,1.06290426006841,0.121679172071101,0.573356249461819,0.207458786503734,0.206381249686933,0.172866454833877,0.224433312642969,0.140444629085223,0.934601396215738,0.0194952688819648,1,0.652439018139624,0.408536025902465,0.488880862185655,0.665493428245357,0.124639411613665,0.792183839288593,0.117244893388964,0.740850378181674,0.116244811472859,0.896626726261277,0.141382391650967,0.311868166591716,0.1909003237916
0.932971245440329,0.153940448126158,1.13947782752059,0.124452759157349,0.964769583173068,0.287617027095324,0.171842114029609,0.172147969813452,-0.148245050643984,0.162726577181908,0.881378146463976,0.0451831985251893,1,-0.364085680113606,-0.619828330119139,0.425024299810051,0.830574774623843,0.12284458241404,0.685012000483926,0.120490239576929,0.548667066342426,0.137503255828109,0.581014413952268,0.14883535153119,0.446832534627649,0.167287667089657
0.80222595355393,0.142093514286776,1.08903185293524,0.111217218551058,1.076904139115,0.254837155628326,0.00815690783945095,0.0347917700593599,-0.0937241042299027,0.199905934654938,0.83064970589834,0.0697996181035771,1,-0.999999994251806,-0.128704100257465,0.347649385973802,0.709041949327202,0.110840439779357,0.729957208178098,0.104155248706498,0.691947229476011,0.123420474095433,0.830320398010245,0.153833051628937,0.273748102378102,0.241767054691843
1.02634878313841,0.142677398509308,1.0497303508416,0.105689808917327,0.856851896896703,0.241033315872556,0.0746994503369763,0.081409859057996,0.252994793852706,0.148583446602924,0.865776246738677,0.0616782892581837,1,0.99999999998589,1.30193775460593,0.361519764967663,0.514179577956256,0.1292123642847,0.743464165266452,0.110268928893993,1.01801850297649,0.0999847862766036,0.45519336546637,0.232904011820417,0.731912859333937,0.218026598559745
0.811096355075098,0.141603310383522,0.952050343968257,0.105767007121852,0.952770093303299,0.268953933685183,0.0152474504967546,0.0361963093067121,-0.120529311078103,0.143405582283449,0.88385207172215,0.0596175451500137,1,-0.999999999880637,-0.369110411826782,0.394867829522938,0.502730890770728,0.130762058245705,0.826950270809096,0.0892837726520518,0.425729394660423,0.153826267584678,0.679575645245288,0.139527061242477,0.634967284976848,0.180533631260699
0.917272316531827,0.13588364081804,0.841742690379343,0.101337817826947,0.645306477650927,0.216374989193393,0.00290746660813328,0.0155973940040562,-0.0433151867182086,0.103407624735353,0.909417099885229,0.029230876589943,1,-0.999999564187419,0.0955655414332364,0.449973605019986,0.62759445488649,0.124739357503658,0.587205842277565,0.122096068726926,0.596235921833491,0.123180309769636,0.477694457923876,0.163321597760668,0.34897694525673,0.188912678461214
1.10282660193436,0.182102845186419,1.01873912443422,0.11302769443641,1.70090540631281,0.402499456809345,0.0172193691252981,0.0411927758898809,0.171138879529305,0.20400389959882,0.776859934078419,0.137306466274135,1,0.999999966676881,0.153555458818817,0.364426950335719,0.814785688303904,0.115719774297733,0.706496514443207,0.117746890293688,0.69364210108294,0.101722655990573,0.856790610510855,0.150500937361715,0.684015410947428,0.130797150696881
0.848140488873919,0.169591031861415,0.906581727222981,0.110377407218214,1.3386390521917,0.424081771281741,0.1135043155133,0.134968582215439,-0.244902551444472,0.225609025317832,0.908092905807762,0.0370720106729371,1,-0.628283099298783,-0.10682071552913,0.456446391200689,0.658020038513226,0.135153501701004,0.793929898321383,0.102629868125225,0.577757465647963,0.150865723846537,0.417800198501678,0.194606392243548,0.898788875440087,0.211251273203531
1.34064037690961,0.214885001733763,1.14814784405694,0.154584412149862,1.72801661849219,0.517683682769438,0.459267012477011,0.283775599022757,0.366513164927183,0.260801848798446,0.904983143713558,0.0377956985667803,1,0.411417721906751,0.606876844957825,0.526849822989201,0.863703258119048,0.14285528502519,0.810056927357849,0.139617737290468,1.01483407028147,0.139767451302867,0.878586146985554,0.142254934258559,0.41778278020507,0.216441702792514
0.954741026380883,0.132977624435201,0.952736280121957,0.0998649007906301,0.700159570421343,0.214750808484895,0.106732098815553,0.0897392610350877,0.00460518386976129,0.111269247624665,0.903953169788453,0.0349072651509682,1,0.0168461605457556,-0.342570506347596,0.407611407875583,0.67606332622541,0.111363193374997,0.585658893575711,0.108874069756092,0.772968741620911,0.113153937048601,0.587175062234949,0.147289765559235,0.63654334402084,0.157004599378496
0.790044907406396,0.154326796435735,0.914320570751153,0.0987815413365997,1.0182587077619,0.277840956802406,0.0160196793823349,0.0956740709841304,-0.0727023572755941,0.164310074320791,0.91702433427713,0.0365414189585024,1,-0.569236207086831,-0.352385538309379,0.503584025430204,0.474596905891191,0.135535308094603,0.626956085788548,0.118592688687324,0.85032144710462,0.125893555885243,0.582629677754271,0.144615740748308,0.806185295861446,0.165047775390296
0.976860548697255,0.13595637252373,0.86601905783281,0.10027051417153,0.816024871215937,0.222755061817766,0.00823724395031872,0.0247410282134483,0.0819865594690501,0.125289346468728,0.890576368927255,0.0384063244347045,1,0.999999999988023,-0.150720737027529,0.413978544769603,0.589442345022322,0.119466728739636,0.728749457857111,0.10870689521369,0.618140162979013,0.140987779326552,0.766772654383565,0.114657385614026,0.725707609002086,0.140506970243039
1.0211267524202,0.14430388851095,1.06017577712249,0.101188121021295,0.749890500938392,0.212261250129579,0.0562889146534444,0.0943612944109949,-0.178459145148164,0.135045523647224,0.896553671439716,0.034769566751957,1,-0.868617239836045,-0.0619595667893261,0.421044974170804,0.532710603013828,0.127367938053403,0.785428685142561,0.109716625901494,0.579673146954861,0.133499236433439,0.578186231769449,0.139033397442657,0.506387373965492,0.181280840284666
1.13005741453382,0.169599436352678,1.0588742517182,0.112663400524815,1.11741917695661,0.311204940022545,0.0876402557802908,0.126618547084244,-0.238999173444911,0.161531695128843,0.883909292849967,0.0438373822758313,1,-0.763724144371442,0.00176944700355547,0.414856005877961,0.587040354258416,0.122172447968104,0.786754832977703,0.095931054158709,0.617536555111054,0.123925585975967,0.605413890415691,0.167021434470869,0.738800606523442,0.169395908657787
0.842725141497349,0.158036422726245,0.923884044847339,0.125428459036054,1.19287796885152,0.308874037165124,0.256152713857054,0.144744099195915,-0.292063330832287,0.16025599411984,0.904191238408398,0.0389920277490103,1,-0.528359528835323,-0.219230408911727,0.434273978617022,0.69844955972431,0.109833944015234,0.767388562063593,0.111374373873402,0.681723313268529,0.14382192026834,0.700075307921989,0.14900331392216,0.74427109223907,0.170647244513808
1.19134512729713,0.184693283645858,1.11023917276523,0.113823171240373,1.44966149201476,0.353482024094479,0.0553090951794179,0.109238180367803,0.253922446707026,0.18875570806581,0.833726945116132,0.102356068229204,1,0.896746139907559,-0.0680866374235527,0.425330936136658,0.612913401936159,0.157027425135346,0.760504793613443,0.129256391206112,0.764624170791477,0.137094957003641,0.785608315877678,0.111577049489158,0.646691014939564,0.15513625260153
1.00174679197772,0.156265391618678,1.01527926868456,0.108044888464214,1.00962818210947,0.319321210267605,0.000760667916501999,0.100740673682847,0.0239931690124746,0.139009963587883,0.910420167475185,0.0318111414229375,1,0.865783553106449,0.0335378686443542,0.438219967121195,0.661037237864887,0.111891519308152,0.667931016494008,0.1100850045262,0.820514756706681,0.122197285110914,0.62639835168907,0.175181674056128,0.205868732521741,0.232359922592984
1.04579054292016,0.123666795542964,0.945304945509944,0.105256565162021,0.631241283330878,0.157686274336588,0.00230738684085379,0.0159501795212043,0.0381643419390797,0.127218566694869,0.813352318679365,0.0955885413212412,1,0.999999713385436,0.498375937318914,0.352502747714509,0.399564386318669,0.139964889882472,0.612602127968238,0.10460773944782,0.868620996886485,0.0993354312253909,0.595158737185466,0.143076342111502,0.671270973009245,0.149319681169215
0.692857258811489,0.135891597384464,0.896672803583794,0.101180506060409,0.886496451896954,0.237123273289007,0.00734967770464959,0.026926743501734,-0.0807184192003025,0.147916957480765,0.837595921160792,0.0639376765761265,1,-0.999999999266188,-0.514703405903563,0.353447736206397,0.742530024645805,0.102530578469188,0.463005550880095,0.104939824270685,0.544727884486817,0.136076286605523,0.493982878658565,0.166139585717786,0.818264782028805,0.191474861140609
0.960623869273155,0.168818263353789,1.10867882585671,0.147935710451441,1.21987538919961,0.335153776994514,0.236997856364488,0.190336845765729,-0.227804613543494,0.227723871262051,0.875701044657736,0.0640277018275865,1,-0.423674739927834,-0.28712414390355,0.475462093482519,0.792669667925033,0.13171725822945,0.718694460448273,0.118777001074532,0.960614637242333,0.122106436168845,0.475258196319467,0.178928461062293,0.493244576735832,0.209092165193552
1.17299816795579,0.15290388903003,0.982790651756477,0.0961138174193763,1.03806635101571,0.191080185446976,7.71860793281349e-09,2.84315810126231e-05,7.47118177883326e-05,0.128813239810188,0.859996456714363,0.0644673558187627,1,0.834655492601579,0.5333869303588,0.36920522386433,0.636517204772474,0.0991676666909889,0.633416195248128,0.11814793395567,0.83404425145795,0.120460699017373,0.428207118500931,0.154462268378938,0.809267091370595,0.157386107514385
0.88241700721601,0.152070570004586,0.954972631033918,0.0929303192689723,1.03825584997393,0.275114380344729,0.0156180887359431,0.0783502296973797,-0.0681900905920687,0.160435420396708,0.853411584439017,0.0659621846939629,1,-0.535494643548669,-0.409941395747566,0.419534358781455,0.643001217254706,0.118006971219446,0.71264161090723,0.0878976991396274,0.652928163665612,0.0977479553629389,0.622585826197013,0.142517137814623,0.490809962121154,0.223251493804127
0.744148692179158,0.166266990596826,0.862758341342084,0.123847586633287,1.69441399316696,0.432152016732965,0.147204113674953,0.147491498935973,0.182193383149168,0.228985755208932,0.865180140183674,0.0610684284176532,1,0.364806747350072,-0.865068703233503,0.421480506131756,0.888991659091917,0.122049907806391,0.615379060622539,0.120050576983429,0.714066307814858,0.128419276647178,0.681115782653235,0.146013432959526,1.05772023608886,0.17984622700214
0.877777799030912,0.139730284815048,1.10237236060101,0.0986524823921429,0.909650908852778,0.248060538249241,0.0361099524695748,0.0798949640848656,-0.0583082247625928,0.146471807418627,0.890733122481059,0.0442673960578591,1,-0.321720682933242,0.177342135269331,0.405546906748711,0.719636274590206,0.142741312944615,0.378321054618809,0.141094930641883,0.878401722334399,0.101233091959677,0.41982815704418,0.163577647539838,0.906590028608571,0.177064825527413
1.13947524712963,0.162048388441653,0.803483325376029,0.103439644090163,1.05717419344716,0.260956924974925,0.123241363129456,0.0841281598527711,0.0657226193058962,0.170517219098883,0.818109815044301,0.0963772869892747,1,0.182080459327054,0.567467445451862,0.433705814061946,0.514191398071726,0.140294079961727,0.673514278203103,0.127686264197699,0.780997155934113,0.13061392256254,0.627447437425022,0.133357453980822,0.632420386721689,0.144155002839947
0.988035334230857,0.156855429739825,1.01213097348405,0.123171156533425,1.04342674635692,0.298224951774292,0.0703496476405428,0.13308331010641,-0.0435094049901079,0.160141546149165,0.865626932972338,0.0558181494018815,1,-0.160590998520742,0.37040912883104,0.411854651519571,0.61255085709361,0.151905470793388,0.690713902932815,0.125801512832906,0.688561373410575,0.129696296167625,0.916139842767395,0.11086058155422,0.404074442091337,0.194913696996096
0.991302802125501,0.151633470687596,0.929366471031957,0.0972398867915289,1.0727882176727,0.265432703855041,0.0674420429194516,0.0753574385456021,-0.0176700340892168,0.122989210132352,0.838832396928547,0.0830051584370869,1,-0.0656923852630548,0.121644413532842,0.407752756722181,0.786481968790662,0.121827908932248,0.609857312524447,0.11878249824536,0.501617983941273,0.124663547075304,0.868446487003876,0.115150636165942,0.739483213530019,0.151940118671586
1.07889614944528,0.132201094979091,0.924895537107113,0.080304820705536,0.782201229680992,0.190831071317042,6.25011835261619e-05,0.0494480822805371,0.00665784271141795,0.117028372566014,0.874292397278623,0.0542156262076309,2,0.95220435432261,-0.392635010905791,0.409871051400429,0.653513307547152,0.127868983681864,0.722034760048563,0.100464941754439,0.691624053443619,0.118824168564432,0.632348301164447,0.140314139605368,0.773829440667162,0.178903528162695
1.22476682342573,0.175390964805838,0.941851246671718,0.114212598808354,1.19170008382985,0.344373201395365,0.00046811796143954,0.114656876244717,-0.0208252084523235,0.170896770200094,0.873660435453777,0.075662018465613,2,-0.881714980756966,0.1335038524745,0.438822171102637,0.884324334301485,0.124365953812034,0.767362038122046,0.124683902513464,0.56982268325148,0.157046676982677,0.670811352399802,0.144153271691366,0.763281296716548,0.171582222494779
1.04293015382957,0.134751047187513,0.971922194831697,0.106294069106065,0.784072421671913,0.211396410784088,0.0151750628820201,0.0415271346884073,0.109079547882644,0.147757273842006,0.910354828137825,0.036712840955322,1,0.999999977448677,0.312105907387128,0.453548937818426,0.735324510232284,0.129286368275418,0.425240659377965,0.121975106603208,0.680613513544024,0.103947996292405,0.691475883835707,0.114899486621093,0.702336321767401,0.148603166925749
0.96843891854526,0.162687657884473,0.937984634875926,0.105169851805548,1.61668682637622,0.372429571333784,8.05564576441728e-05,0.057359994513976,-0.0104931118104319,0.181346645992339,0.747812730503158,0.115748981520531,1,-0.919477636019234,-0.165382384719213,0.308298834513036,0.737358243299826,0.0977423729050219,0.581766472663376,0.135626385746771,0.723295056650541,0.125016171772461,0.570678665686903,0.167168325742509,0.95167582183827,0.179278319163452
1.05960127913023,0.159687097262224,1.02413131152303,0.116662011397482,1.11406332459535,0.304933427004259,0.0894295539262984,0.111310477799191,0.0794726835503897,0.160995671502794,0.914238333992599,0.0380735976679974,1,0.251780682909614,-0.0869920059723302,0.469675528168244,0.872148599578677,0.133838124182641,0.991412231866549,0.125158087025841,0.544607283941621,0.134611334682445,0.6610397042177,0.145110979142302,0.734386338384244,0.136923546633026
1.19097434808508,0.168763155989717,1.09099179735289,0.135361132742907,0.967244309951038,0.301738390068219,0.106490303625026,0.127600897088892,-4.06743401293511e-05,0.155490713452704,0.929170598605949,0.030690608051601,1,-0.000126735239990282,0.661997934190188,0.502749272552463,0.561896119369377,0.140819411263239,0.693051650704875,0.10905364857626,0.538392167504218,0.156159783429791,0.604936493581594,0.151651894804605,0.75058386470625,0.177374540063777
0.896654794559365,0.133369888645516,0.960020348188574,0.085173983295479,0.90691139615072,0.274815373697573,1.02341547454496e-05,0.00919474761002789,0.00280296274354315,0.125095337689507,0.933796568418032,0.0220409944893772,1,0.920044653450521,-0.0697434998720679,0.455894699063452,0.657871440987539,0.0944858690351352,0.719188472282744,0.103360339583877,0.836252730530673,0.131344161716724,0.807585840859318,0.152741631823899,0.565781645605554,0.20883474885182
0.914674885541731,0.163314049108622,1.2330561826685,0.13721849850251,1.09162618368167,0.308184502067561,0.222914099720137,0.183418500057917,0.234408179266237,0.19974668639685,0.918287829018703,0.0371046895588431,1,0.475189701518195,0.103937282950319,0.538550490141658,0.806109832898405,0.130179343393221,0.774312020998376,0.122915958953909,0.765042865390032,0.118315841356841,0.90662228382995,0.1229083389297,0.65488540169445,0.19041465916783
0.758954093540196,0.151790179519096,1.13165352738467,0.118489917427871,1.12047980763898,0.323261722875831,0.115639345835024,0.104855640423884,-0.121438127101261,0.18920443152222,0.904675826795846,0.0368438725557954,1,-0.337365159766797,-0.141700896148824,0.448901779696365,0.622322726140054,0.130282878103263,0.705586222688152,0.112834311272228,0.673954193247001,0.113955028889194,0.909644969633153,0.131118174243756,0.74191007407377,0.177420632504644
0.918758962283945,0.164275310027758,1.22614345156337,0.125307954568119,1.49816305674038,0.380951018441899,0.104428875912681,0.0972049297978615,0.39553948467541,0.207770831198446,0.798092703341628,0.114002692157324,1,0.999999999961603,-0.104216050181417,0.370809774767445,0.686219539057767,0.102102416307397,0.600384018994303,0.131225941877062,0.689520194603381,0.136796808460629,0.932948346215868,0.148085680750917,0.4186682264198,0.186428772119224
0.834574305146154,0.146816084337533,1.00220793823733,0.121391219103434,0.857001260506226,0.244873636913765,0.143609023859533,0.122616766295626,0.0291444282936791,0.151987323851491,0.890296424391566,0.0429125314237368,1,0.0830756876939888,-0.337935548910787,0.436283832683944,0.889897501461398,0.100864312754526,0.757311713897913,0.118915658786334,0.749348419874451,0.138210449645102,0.504315320987033,0.177519441619145,0.592908625814827,0.201916829418164
0.980261944733538,0.1608959163042,1.01953961243805,0.115728622717401,1.31811705250147,0.342116265606689,0.0904166896560342,0.117749879002976,0.267018795328161,0.194765663015695,0.855633852007889,0.0619737698530761,1,0.773464778123272,-0.393136122306995,0.404759090792711,0.622343567926376,0.140205537760327,0.701085026823771,0.114600773695888,0.679041559356013,0.0987966300166611,0.584050361278716,0.156808202574718,0.593281910065998,0.214528487741833
0.797335183622811,0.155629125334485,1.03218375656079,0.0938358562778468,1.49313836115943,0.339675715421444,0.000120972541725237,0.0405780922268225,0.0121710531177342,0.135050675400325,0.699907480871298,0.186140581936491,2,0.905596485346226,-0.324541996229956,0.327925392002217,0.757829356286737,0.114170240536905,0.68571762527494,0.109626545248648,0.832647994772097,0.119387202108724,0.755806281566256,0.154484545419878,0.70928735366265,0.153839885326871
1.15820316199427,0.154095356894472,0.967572191510978,0.115358144354403,1.0776772534478,0.293350606453443,0.122308267354095,0.113175149366162,0.140691895114587,0.176360080790963,0.853564665542436,0.0677121612301314,1,0.387522403005916,0.253530059449724,0.369631395911804,0.695099504854932,0.115211607707515,0.568757787533827,0.14054967311207,0.69091058689882,0.146351666674247,0.833356484378611,0.108496766658957,0.703947070326873,0.147143770255537
0.970247744522568,0.13365551790147,0.811566776135666,0.102354879483836,0.762800472771273,0.19049525617317,0.0014923890990953,0.0832762570196298,0.0316837319439341,0.112315997295134,0.890364075511754,0.0413737012483879,2,0.939052383817935,-0.448504681997215,0.381531729800968,0.682923336315121,0.129814289620567,0.623224713268994,0.115690511372878,0.674268582053811,0.112316625125707,0.599519634862999,0.125327111585116,0.65094629114903,0.119904968167273
1.10134775563489,0.16158814035195,0.879711198551209,0.0951846729810232,1.52200744299272,0.314624676819063,0.00210436179200469,0.0818232629350245,0.048749464242417,0.19210896230868,0.386296127242771,0.218802925054474,2,0.86139283513899,-0.274380264081616,0.298350182498585,0.642591917074973,0.122916220652821,0.693743518177921,0.104678873297822,0.665232222425195,0.115188649941881,0.890762646975414,0.116171595729805,0.545931175124699,0.156502412890578
1.12012200948418,0.148053617152164,0.940070684781579,0.114020363557429,0.873003477571033,0.227185405582576,0.160258125153829,0.112770058271523,0.117812480960049,0.147218089749822,0.884929159968429,0.0508903500441841,1,0.314972970311388,0.132548001818394,0.449509017300995,0.709280792437782,0.129663823406157,0.734343722029323,0.113158375345096,0.794618241373543,0.117894827295346,0.68603111911853,0.13530260056727,0.827000976569656,0.140137164295999
0.95621697456161,0.137137464293091,0.990926018505175,0.10225401650497,0.932451025700712,0.250809952358997,0.0228616944585767,0.110561603098697,-0.0894377049071895,0.136736008402209,0.913680738206575,0.0306526337794224,1,-0.61256675394434,-0.0462331101169342,0.441361628614374,0.774233617702991,0.120987883321493,0.836335488559646,0.109521078386092,0.806496027282336,0.121475999360169,0.785024091356522,0.128435436751836,0.556648250705242,0.205250269425491
1.04662375553055,0.148988685290913,1.08922505373522,0.090930800315706,0.991476277724362,0.264754168573254,0.000319408079725255,0.0608368810268349,0.0157743613474475,0.115783557449391,0.87244101798496,0.0544615284602396,2,0.886416175130324,0.355062023465069,0.418838694016023,0.600753006629054,0.121022627542272,0.850630170666369,0.104813728395334,0.440695412409446,0.148646582252484,0.581742476517502,0.130726122203284,0.614496536132129,0.155475090329058
1.34538869230014,0.18203302775809,1.0178300855224,0.111265086606805,1.5968727882838,0.384504119124109,0.103173925583756,0.134024004079144,0.169945848537138,0.204424606101529,0.768030685189318,0.12173196592656,1,0.418687911903108,0.158428665535985,0.380542487410833,0.711420941415979,0.123273745759118,0.809674361845044,0.101619679966603,0.779797933336038,0.110504219226504,0.854443584550209,0.134649339033291,0.651409142362789,0.188123934057505
1.02938052704816,0.130900037509675,1.07047408269387,0.106641559605786,0.838227921350128,0.195592231689641,0.00200206146790335,0.0117916913628017,0.0409656416318355,0.121251727278638,0.816647467881252,0.0787629334443182,1,0.999999991554014,-0.404867642834116,0.324122892208014,0.609194830664867,0.123220283528228,0.813024234009569,0.0966767620541581,0.659798969823455,0.119090437155928,0.761334972294896,0.130645842119435,0.869450445418402,0.160988186326141
1.28392786537943,0.165532989213785,1.00698749041066,0.097623747008331,1.04807387088305,0.291152847653952,0.00266407175227436,0.0144610056125056,-0.0528407362804306,0.141590266467727,0.904205763665764,0.0408744025886596,1,-0.999999895589481,0.571584397810899,0.450385114483278,0.71778581822779,0.132500964589354,0.728324834751695,0.122361118643958,0.686781576561011,0.136234994573816,0.586854061415829,0.116408546851542,0.789861766576371,0.131949247781554
0.86218854132712,0.150266531723191,1.11879704289844,0.0996788689122167,0.669355951712582,0.214205835936084,0.0761751500060717,0.0716282673518481,0.0351876609514821,0.130458573435021,0.939632955197855,0.019330899451643,1,0.155831472676504,0.719001859411489,0.550361061761,0.676765503468897,0.116224881862812,0.761292070162718,0.114888805335873,0.619233468125181,0.121519934085557,0.738900242835281,0.145201369714772,0.510054993017209,0.191195362203359
1.00122110563729,0.15395673566146,0.970212032664048,0.0919063147211321,0.822934838535015,0.232470434963724,0.000335345723173519,0.0635383462540521,0.0146181497400195,0.11277673572557,0.887764465022978,0.0339418689403263,2,0.879960739647777,0.334109518944316,0.426435163422404,0.34842550744226,0.144596612914978,0.784217337319029,0.101587616577531,0.578129478746607,0.119482094322815,0.696746913018528,0.130829072351575,0.486275121364549,0.171308621189106
0.901657672424122,0.143659059576211,1.02209073963046,0.115514416479236,0.990999710949667,0.267562947516043,0.0602736284733164,0.100415914419503,0.0404745245654043,0.127592744469894,0.887427742758589,0.0506872476115812,1,0.165608004330486,-0.344921446769027,0.414077807355085,0.840012051136175,0.119289715566736,0.643283968610713,0.126627794496353,0.670859144627657,0.116537259156411,0.557070283067501,0.159884496467337,0.650144758884503,0.189876106870305
0.93716279831179,0.133167220478664,0.931497141171032,0.0892621048446009,0.680493054742407,0.174129422358666,0.00645105073705375,0.0226939587423502,-0.0662562843989606,0.117608927146728,0.849224660477448,0.0631065979187993,1,-0.999999999999999,-0.523039174104038,0.368684503453323,0.686303737428441,0.11892511437135,0.727814528414069,0.105868488755322,0.641115050687325,0.136203465421001,0.574074474358998,0.138153422511764,0.41819696176715,0.192775371947286
1.22368272461664,0.168639899412159,0.920566336514234,0.123652635321663,1.18854914210854,0.316695926677847,0.228255750087276,0.211494583260122,0.463065082682337,0.216621864916816,0.892179133305017,0.0485041504374769,1,0.889042657411794,0.335885457124129,0.436869075569915,0.771677307574703,0.121065154214584,0.705523455869039,0.152599654504569,0.670413569581492,0.119477629231031,0.714861910163416,0.122489854152236,0.552465526251974,0.185381008611959
0.796853338827328,0.141205483250186,1.08475521580856,0.116435744181454,1.05699887113304,0.275978169634292,0.0662433823005846,0.121380444802412,-0.129275091848555,0.176736219151647,0.85219013214887,0.0742715928724609,1,-0.488546992196048,-0.781642095828193,0.433852017016133,0.826072840935895,0.124112780385403,0.596731067780431,0.114260546211142,0.828602809245242,0.104588115661788,0.655923547198561,0.146830013178816,0.464383057884689,0.189582171839444
0.887383745417204,0.147360296830263,0.933550539244437,0.0962538206486365,0.838116612392469,0.208879686093489,0.0484923650014782,0.0779952360032758,-0.195960699346688,0.129459443843228,0.823521535340594,0.0716744520419781,1,-0.97203090567702,0.228180444947771,0.392839966573899,0.448992136976559,0.130075960873358,0.699019369528675,0.108730648277677,0.739139304080107,0.0955875394596719,0.477784306548229,0.149219104329249,0.730542449202131,0.179074586666461
0.949904266632985,0.157173641051646,1.08362446919818,0.156471507449384,0.870555859056294,0.303626462577389,0.699285809506131,0.350986389792132,0.239707468047279,0.209946064020094,0.933002931692736,0.0289418998321323,1,0.307224527947579,0.298671364177924,0.495805768598478,0.795457783054179,0.130570582088315,0.719743324338312,0.107241419804468,0.753704651448126,0.144339950157892,0.671687156300529,0.178473171880102,0.728659352783796,0.205124355683504
1.00609524013103,0.182547279089507,1.15974190284876,0.154213077003856,1.5742221304402,0.472677584709326,0.0406856679486187,0.115584588398799,-0.158062533667566,0.257691125910468,0.924187017324511,0.0267805966591882,1,-0.624561497010236,0.518425711910326,0.467131636013648,0.802443873749676,0.117919367469957,0.627723913286958,0.131834757366975,0.909377244266326,0.149065993005264,0.599609213462964,0.175688881452481,0.525129970079154,0.183829733309599
0.639941190370274,0.145980580052126,0.849866902237712,0.103161331733577,1.07983881204424,0.291268385512029,0.0590082726637389,0.100944212794821,0.0578894213318385,0.182922480964971,0.889100108755711,0.0461082945745539,1,0.229331277820615,-0.635051208022635,0.376811253065342,0.732616411001419,0.100609061035123,0.724116193874172,0.103883808500776,0.704420775671507,0.112945772528814,0.684057150204487,0.185580911887006,0.440587254239247,0.204897315752246
0.946660992353912,0.133053934135088,0.909302520168919,0.102818047446502,0.851918135963803,0.227416437000007,0.0899228283298896,0.0979436814073094,-0.180663041316304,0.114023535722669,0.815391697568095,0.0735869307926734,1,-0.652732753840323,0.422483463602706,0.314455943565057,0.519131595462309,0.124026409296255,0.616133718867737,0.0915989657051932,0.584083410096742,0.13971078694377,0.521075377126023,0.163691940620282,0.142897042429716,0.247369368670616
0.900358004632572,0.172991665333564,0.85995035893102,0.120169714779434,1.51973103099671,0.36311448906487,0.102248026254434,0.104722186705152,-0.142957471851274,0.205604455377682,0.811517016023961,0.0976889773094865,1,-0.362656968500246,-0.0620483531297278,0.389214700950333,0.609807045636253,0.131188615204445,0.728590158087962,0.141496668945876,0.774902403897524,0.115975372843075,0.609730207868624,0.162175651182699,0.848288100503627,0.163585712356602
1.09662734964833,0.167361944762276,1.12545436477951,0.135410023894958,1.16980603344174,0.347480741684355,0.350217970582213,0.201578791333328,-0.10696203733487,0.178837336631319,0.905155206807885,0.0453863258932807,1,-0.167110417577262,1.12808296179589,0.465056504539963,0.505978774396118,0.14106464538345,0.662134939730902,0.132137979132398,0.772579023334841,0.130657825057186,0.996171506802142,0.134665245791061,0.813065391674384,0.191947459891253
0.96689688659766,0.188014549933423,1.14653671651098,0.17316996033394,1.2722638323588,0.455392291498357,0.179754105724277,0.174217753919951,-0.203969225518029,0.254473420989271,0.96087594524175,0.0162284910470891,1,-0.426517295567461,-0.728641909285263,0.632850588129087,1.00268313972949,0.13971512063857,0.895613558862942,0.15699883598721,0.864316464928728,0.155921473548687,0.700109215190835,0.161307493010134,0.651406823450097,0.166560420084998
1.2198799517657,0.157311601661431,1.05379202033641,0.131843716797274,0.840900673978782,0.276058500833326,0.323668349226407,0.212984697400087,-0.0864011971702059,0.197386864173958,0.944084834915816,0.0208909445770351,1,-0.165614094102355,0.587720534706603,0.528585962155315,0.690363129746804,0.124906109957567,0.89158383585323,0.107463546104482,0.794673928119707,0.107373864071841,0.794729862145854,0.130146689875216,0.721980496767728,0.185451691669932
1.00553193256942,0.139556333317816,0.939352788910143,0.10311883499832,0.749672897144264,0.228738020472158,0.0566197979500813,0.0950910661796376,-0.0712395209321698,0.113156626978801,0.892249031552323,0.0410799325573481,1,-0.345780842078597,0.363197853666294,0.409276160099825,0.566237249376618,0.118738450039242,0.594026894221789,0.100829021211864,0.662070600930688,0.1159009363761,0.518669539122587,0.182383648406235,0.519257450146144,0.229521042862508
0.907226802039965,0.162216882030418,1.08543885103867,0.122535720982567,1.09390185406762,0.32044997546611,0.195717464112939,0.146429031659812,-0.270660570959286,0.169905402946821,0.937093655029846,0.0241151392290331,1,-0.584953069713552,-0.64315730600732,0.519880026502609,0.895046040715619,0.110864079958261,0.751956272150002,0.134116451813384,0.67156520353406,0.137727798545402,0.611612255869501,0.168245800894521,0.696512437016297,0.15483113289235
1.15544597559267,0.163016198948926,1.09212360863865,0.097825091864196,1.07834068038295,0.325195776393901,0.0794671937331922,0.11349176604265,0.176390687548762,0.159737599835347,0.943095250954642,0.0237376648828013,1,0.602564747410039,0.548461202086418,0.520387310090547,0.663879500991693,0.123570033340424,0.787278591360877,0.11721113468591,0.785503394671405,0.130116309617223,0.791919162935834,0.134495805299224,0.60363632572509,0.169288266460616
1.21160180903061,0.210811769656776,1.30438769528402,0.163150082386156,1.86772857093382,0.555214452502271,0.21855845787968,0.209802974973699,0.228257963661603,0.290453972147494,0.934997084028446,0.0232606091914958,1,0.357260703033913,0.278887298722469,0.488938199800768,0.85778354017297,0.122912191952221,0.861997462738253,0.138045286548412,0.743836697802257,0.135523898578232,0.768929379519993,0.161187979000742,0.84170773254439,0.200559460937449
1.19775250825562,0.197661031556936,1.49726134691399,0.154328435138255,1.71152175213071,0.516105804011532,0.20438957528179,0.179586509355278,-0.510175898921553,0.267341910572836,0.939658767520953,0.0259854205151763,1,-0.862579944343249,-0.104290011384561,0.520534529162681,0.833781864449891,0.148662502991577,0.83213710659871,0.126486146117796,0.720429877919873,0.11592346036565,0.806164686724109,0.14532545678081,0.818683630175308,0.207482979427625
1.22763753206728,0.141253294164359,1.12414431135522,0.108877072817077,0.64657664061542,0.183963378387453,0.141939664886434,0.117433132832073,0.302943677401389,0.139554429618315,0.915077644765291,0.0316643000558893,1,0.999999999918974,0.665618401986446,0.456668841891823,0.794591057844087,0.119318443324186,0.606733976400023,0.120630933766759,0.589716716949064,0.117623735959223,0.69100318253046,0.116154307776814,0.857803874729354,0.131640045095251
0.984126051641812,0.137603039696594,1.10036446805349,0.117794840423702,0.924450116850042,0.243997689943352,0.192054144058414,0.135771977643365,0.398151420943078,0.150175528330093,0.886678634071817,0.0481392643200227,1,0.944919231015638,-0.388570497963495,0.393121323967763,0.766155343378083,0.116566101562736,0.679934264757627,0.121286881690045,0.796900870898051,0.111188629177851,0.546177031596236,0.13278226467547,0.856945918372876,0.104794259727815
1.02697290764147,0.178270602691731,1.17178886748148,0.120795445351374,1.34637338064932,0.378349632874198,0.00472967452778355,0.0193046552205493,-0.0797991721704739,0.163394493013106,0.883531716891138,0.0540390007193002,1,-0.999999999666296,-0.249616564054832,0.457684875949875,0.507683308503624,0.146441900199306,0.827200656191118,0.126951828033808,0.78259216446754,0.129347928068403,0.873449605202745,0.119178616109826,0.744703535413611,0.131142735991173
0.971837200100892,0.184079790117246,0.987488911751339,0.114838399109706,1.69428459002698,0.421153167690603,0.0330040538847103,0.0511241216733152,0.236470420780689,0.19251379572474,0.88708397614986,0.0544499399548442,1,0.999999999990267,-0.474508445872586,0.409547243196626,0.461183449714031,0.136680856495237,0.858330132433977,0.107759555235459,0.860998673076447,0.165467653960003,0.792826728592258,0.148864679929216,0.814029905335647,0.142326979380769
1.24047669791632,0.161173760368929,0.874117677325623,0.110790035075578,1.35327778902326,0.304235931077909,0.00178012131456291,0.0676497633855134,0.0467554756623495,0.176599061216871,0.413202541219525,0.29073588666233,2,0.952607951954651,0.508745484335503,0.347313744544341,0.739840711312979,0.120561965820412,0.698145691627524,0.118388957809632,0.725447319384229,0.129116571457512,0.720241103174705,0.126971581257463,0.402018839916459,0.171051315626281
1.10238345642627,0.144373323472246,1.11732394341331,0.133473725595799,0.758589459445637,0.220469674765443,0.140396477253847,0.109849621156704,0.0391781540001316,0.174933156267293,0.940301585777403,0.0205241215903093,1,0.120050082161877,0.218314335372418,0.520336008691986,0.71403905526661,0.150372203828976,0.753565306914534,0.103993596881126,0.633874068925346,0.107050228436287,0.850265553822751,0.13505422242146,0.49455381768797,0.230562520454692
NA,NA,NA,NA,NA,NA,NA,NA,NA,NA,NA,NA,99,NA,NA,NA,NA,NA,NA,NA,NA,NA,NA,NA,NA,NA
0.726551344057197,0.140766730124153,1.07729529988364,0.121854933764184,1.0597653629552,0.287902472660934,0.130233526847363,0.127359272150329,-0.133723952941583,0.151801173677331,0.896281436789269,0.0437129467579793,1,-0.359950635462888,-0.77504020480408,0.40372706701949,0.886805128718201,0.118543203742344,0.630213972374739,0.133396643907305,0.484705571638853,0.15420242709729,0.985722599811564,0.139041369299242,0.622418503106735,0.15418639045284
0.884845284836273,0.142774677187043,0.914834329268101,0.107450664549083,0.752011777901952,0.235064176769664,0.0118709830831188,0.0334323737191129,-0.0944834321895592,0.132687805875412,0.922215054077881,0.0330374874108576,1,-0.999999992412942,0.701545633680154,0.462374110733894,0.664956770374355,0.127531312671849,0.379300671480552,0.143309540448767,0.80796606663235,0.107815429764335,0.629339569550531,0.12811305660099,0.893684489001466,0.162237180111213
1.1286428570283,0.146706415866818,0.946984667024959,0.0912039426775986,1.07634579199544,0.247542646487173,0.00627753915626781,0.0247431340238343,0.0821997702567383,0.160417933260141,0.81243518689403,0.0911030219552692,1,0.999999953774373,0.206971753817198,0.371921631349655,0.615688328589909,0.120227406707754,0.635813447305557,0.113738386305679,0.674449325136802,0.119636368573256,0.695402193077287,0.121903429882673,0.983987910023222,0.131699562346875
0.72507723018152,0.135406506191722,0.944976883495768,0.102405750816985,0.873962331793701,0.23245502162147,0.00823789492458897,0.0286948017601506,-0.0848505139153641,0.147152208112556,0.877006191823429,0.03904260949466,1,-0.999999989883905,-0.2580330103161,0.357662524020074,0.626448206312217,0.113133393670235,0.802243026677763,0.103394238344755,0.683789447732584,0.120577048912052,0.325442821310514,0.151601499734425,0.755408451623297,0.169796089294541
1.10531150573705,0.16669866076462,1.15234331609584,0.138306340107584,0.981775466093383,0.283785114544802,0.222668408114814,0.138154440430349,0.201069762907071,0.161682501042293,0.900118827160112,0.0402267808595328,1,0.430042498188743,0.0171362885500804,0.442115222196191,0.745315632620299,0.135154086132093,0.743298230180758,0.114741613469439,1.0343878136146,0.117234351253553,0.839793946685225,0.152939889220086,0.415091787925187,0.243241882240533
1.18617743462987,0.167929678569396,1.11610930126814,0.100043698849228,1.39103501892327,0.356493653651209,3.98757425481115e-05,0.0129719349456072,0.00731786748675487,0.160783643559657,0.866967691360747,0.0660754955803637,1,0.982564609768721,0.309872499111269,0.451791290995099,0.612236514282954,0.134038093167479,0.77060147697754,0.114949986565959,0.825563085213401,0.0927939758405492,0.545138987081581,0.140855679622778,0.533342875616761,0.186387651437648
0.870558702295242,0.130100986590935,0.859808266887618,0.0995938373035836,0.75994711125126,0.210698844579888,4.53316756572633e-05,0.00562658994831714,-0.00586191564286048,0.130621610234207,0.881149552189755,0.0457468064672027,1,-0.998727466322157,0.0955938568276839,0.392716481475724,0.618423357026863,0.110352391434352,0.584399326995088,0.121466653418369,0.593315894850935,0.142345786125941,0.578194644137682,0.146271999795206,0.792638381321405,0.144176691900197
1.11816011108048,0.154277263254679,1.00651298893036,0.101985668983768,1.14328864352155,0.31037430924678,0.0545157823634473,0.078023888401343,-0.040219719853413,0.148049502838935,0.908578358212321,0.0369857039167851,1,-0.161101643848734,0.0943207698415356,0.453742375717509,0.7873748364987,0.112347577138612,0.942021946992192,0.0931622753752402,0.581504504459999,0.13717494184759,0.761957430020913,0.140666737320386,0.709509456627104,0.183290694690751
0.792549250634317,0.133476352162435,0.820355443365587,0.0868230553898498,0.866214708851656,0.201516212719673,0.0599307927236357,0.0578530157012298,0.0187883691930544,0.113225634312941,0.802916646790364,0.102010976410198,1,0.0824615126966274,-0.571980655569934,0.341663272498995,0.758402234568007,0.113379078936876,0.384042087889424,0.121599099817377,0.581362127561622,0.112169780365706,0.636024861752301,0.115751096593471,0.78494139524476,0.143687869954504
0.989891891713784,0.15468751027666,1.01398026824236,0.106116643632449,1.10258120891099,0.295711234376325,0.0770083863760036,0.118260723655567,-0.168677778277959,0.166070275699967,0.882834924603719,0.0608359471822099,1,-0.578873364714125,0.324700344505415,0.434484651978648,0.77648970523182,0.114260328190668,0.623375593566329,0.145173231070043,0.850373322137667,0.13374737217611,0.663555994177044,0.167472369509496,0.623973870973207,0.162517255731579
1.21849921330817,0.139572289916021,0.959103439258664,0.127264908177931,0.695137349139703,0.186454437560506,0.116332012239856,0.151145365709358,-0.184929066350946,0.132133635538193,0.889239133125254,0.0427016451065422,1,-0.650309719778906,-0.0953282606009742,0.419407898318788,0.914927249517624,0.112541392429547,0.74746322847453,0.0959251802765476,0.439921912372162,0.144230545616149,0.210841373194822,0.182536510726885,0.853002188687874,0.134314953911005
1.02092377652363,0.153518829475587,1.22004336208842,0.115716968846528,1.1468163861192,0.287280987326127,0.00575287732769058,0.025286325784393,0.0812249563301924,0.180099538775456,0.896873277099725,0.0397468149119243,1,0.999999965449948,-0.494543887141885,0.410762241994095,0.89130169258584,0.121535492707121,0.725916651634125,0.106984090998541,0.706197538732262,0.11867323785986,0.595803318083855,0.139270925957857,0.879021925717114,0.150634262438599
0.842701228032751,0.144180113470593,1.0444809427717,0.110158741068052,0.926167388288391,0.279467484530838,0.0443733453618611,0.108624036098872,0.0386883224595659,0.161728090843035,0.904538856313004,0.0407041152653774,1,0.190842048919709,0.124589839736574,0.444185860423797,0.669605126000744,0.114238287896328,0.750003125234076,0.106235410645043,0.565134415095786,0.133934948974283,0.83951328513033,0.176336177463621,0.50517663511183,0.247542759425023
1.02523031927634,0.146156211662945,1.00662820309763,0.106876463225302,1.04605754206136,0.27718249207531,0.0606581217909548,0.0637165750463742,-0.251896577560519,0.132945924112414,0.895121234876915,0.0382912012226371,1,-0.999999999999982,-0.252768026850774,0.415002525795764,0.824068995424442,0.100234657099745,0.673157030699771,0.112177112829761,0.659034555671736,0.132565666573118,0.818161652337522,0.124107126970082,0.632189140829181,0.164137983803307
0.768569035928279,0.128163127761611,0.818449727943589,0.0791320632367999,0.66710161131868,0.184164083104616,0.000144031280660998,0.0524308096787163,0.00946765597128064,0.0981349539235562,0.851153046633827,0.0531183022148249,1,0.965868633269994,-0.301890192610247,0.344267755492209,0.64299882028296,0.0958667141668962,0.511847368953472,0.0985212022435353,0.605335737568069,0.122331645696691,0.541717228259524,0.158192626624547,0.394672557904013,0.200835278854974
1.2003936633394,0.155297615280885,1.08882861255753,0.120514574977027,0.994954060902703,0.332917324615682,0.160383607613384,0.126429254404616,0.213233346279508,0.160489999310739,0.950484728324525,0.0188171893247399,1,0.533793915140411,0.744853315480121,0.513897076050037,0.56854849110959,0.147512115286355,0.859351561019629,0.130408686345585,0.541428673993924,0.138130908178788,0.727432354269132,0.127808659450608,0.753119989119442,0.128518324524471
1.13297814411731,0.148710098330914,1.04387575753815,0.102078758907243,0.87821625361132,0.258241649889696,0.0410421632979033,0.0949226819463384,-0.0331106806030681,0.124080548546378,0.931078958876549,0.0274663919907382,1,-0.174402317103,0.135680851089414,0.45264150673899,0.733172857085338,0.131324627686949,0.813364632438823,0.122140531292666,0.787996996603613,0.129313416923513,0.720248550405872,0.144801274700336,0.73903409575252,0.164137108341308
1.36860920805178,0.183148336245279,1.16922996635088,0.132156329375157,1.49128717774589,0.43911710979448,0.000141138166533797,0.0964065236385018,-0.0134608410862772,0.219792390318309,0.927714586364706,0.0363992675992149,1,-0.927831941799109,0.836366166675767,0.505594805576119,0.70939392334205,0.159649827583505,0.842539800139186,0.118416073137186,0.743146309344063,0.125225761345874,0.688383171898055,0.154958913328529,1.01176520518207,0.141730745126426
0.946292131519355,0.1194706527113,0.902599654090505,0.0947068313765342,0.583824753046699,0.140333318793893,0.0630297818019468,0.0568172126434955,0.191828951912408,0.096581306402958,0.8415530111866,0.0616714659779642,1,0.999999999955215,-0.659017807344217,0.365799600581157,0.712607306300303,0.113448542970821,0.639510478867497,0.102064238280568,0.668779454662893,0.106091873465259,0.653964404052031,0.132615197811912,0.652126687461088,0.175020003586011
0.768807433659368,0.131061904282337,0.980639913012789,0.0955767806862131,0.913440602594697,0.260669373385462,0.00664158742173014,0.020099550548193,-0.0778889954186657,0.119151559114391,0.875843594303137,0.0417778984614027,1,-0.999999999228443,-0.328713486925024,0.334667796170627,0.663076295868054,0.0919896713310134,0.703741635158097,0.110092891829296,0.469147835961595,0.150539687634382,0.638943169402832,0.140589500541366,0.675199664411142,0.155953672601653
0.762246070613907,0.133375466554152,0.957404072791552,0.0934428725872205,1.11286473709117,0.272909352228125,0.00233039710272127,0.0141775240245877,-0.0509255376072216,0.136003196967213,0.8887509621896,0.0345091503069968,1,-0.99999877025987,-0.417819502170436,0.347668984179374,0.720696445737281,0.105012364940519,0.577801264572732,0.105965532629317,0.649935998834183,0.112242673521632,0.686173476357204,0.146816642089761,0.613236159419888,0.199523544155401
0.956073265208765,0.171598729599629,0.981991275322835,0.11819352242791,1.34573217379141,0.398803626841963,0.0553288484962916,0.113079472356997,-0.265027499541646,0.236114859934014,0.929625846585953,0.0339163103399022,2,-0.971260675713722,0.791596825897714,0.502572316409246,0.670477477935756,0.142811264349378,0.609340974837756,0.135982056036802,0.734556275910452,0.127404768752789,0.523529496327799,0.135674419139013,0.744198686543712,0.150235484440944
1.13928059098097,0.163860062721567,0.900463823606314,0.12002198896395,1.09912413297301,0.301319687746142,0.0808722587473778,0.13406854115356,0.0517872882475697,0.147805114610278,0.842275027543111,0.073000336450918,1,0.173700077499564,0.537610413174769,0.378246275671911,0.658584068767635,0.114925759132284,0.50197216993475,0.128631429424495,0.588275034620124,0.134157193196082,0.896913908929999,0.119639076689103,0.768439329937528,0.185025676980135
0.91006038837957,0.133447658663527,0.9355201917086,0.0944119730863756,0.864024518363811,0.218002482714376,0.0709133195116507,0.0903049188552418,0.0447119824924208,0.111968837187376,0.907565903034281,0.0339281096227097,1,0.180632954507803,-0.0214537109612567,0.371292725116631,0.593212665696303,0.111608013917122,0.64773389792644,0.124017569454265,0.811838702251577,0.115058362600129,0.563814484732055,0.128979797020055,0.913765484023475,0.159260970734464
1.36609217727073,0.146406524763372,0.99702374926402,0.113351385984372,0.825917991469006,0.242295562702712,0.0442248940391413,0.110350833367241,-0.105957017022237,0.116549008219743,0.913773428470919,0.0263955172554031,1,-0.55440592036726,0.603655623048111,0.390669860390264,0.771064535868245,0.11768773121246,0.748791533736928,0.122295488422378,0.80435448295377,0.113048334928009,0.913816506383178,0.141031695564449,0.664486853333888,0.216076356324688
1.28283830403222,0.187656878114265,0.977419198607438,0.153391584955727,1.52491545162411,0.358353724005019,0.227093119829701,0.140745190371899,0.0591334324484886,0.232392163303373,0.809151147142701,0.113221363997506,1,0.10048661523673,0.555819682202235,0.389391327675883,0.86151911638998,0.134963175854524,0.829290431379152,0.129187358937589,0.654968270984919,0.135713821577338,0.761505567814917,0.145433662868042,0.902175266303799,0.154328859170096
0.74914700142765,0.132672410024997,0.985489764605964,0.0890709994459882,0.632827510815416,0.181658279729039,0.00392865392882273,0.0150668892657056,0.0498614107838167,0.0966191955229828,0.885043621439693,0.0347854558590876,1,0.999999999742661,0.120498215346006,0.409265807229418,0.636123335863205,0.106301929032692,0.626630720560107,0.0969978508449655,0.558033742823082,0.105585158168416,0.417761288854268,0.151507828059277,0.589029133301081,0.178447043395843
1.07166588825861,0.142840908253877,1.06956360125231,0.0928078072929624,0.83009138454696,0.243025299200244,5.28660455316799e-06,0.00591174692613013,0.00186941205495803,0.1170918399477,0.926328627801567,0.0245679897301874,1,0.892387899800359,0.295975638177762,0.437442849075077,0.686443586809754,0.109539566054593,0.69598823551827,0.107873576882292,0.623066146509509,0.118833600104085,0.833243508042678,0.135194850112581,0.58340474474213,0.183559134373967
0.991878307906865,0.146889018927588,1.01230507697867,0.11584712058583,1.05162364781772,0.259237818350638,0.181252424226012,0.15695984599031,0.298492065028023,0.152406529956892,0.773172435980444,0.108156696725301,1,0.683692328480946,-0.47008025025965,0.363785582374365,0.887325929823626,0.105868803716518,0.672542786772062,0.104837352742664,0.780468999618369,0.118780473498539,0.663559229812545,0.177275314447184,0.320185595264567,0.229477488724725
1.1050405234726,0.153495849064503,0.836104287918582,0.115713807519254,1.00190255592039,0.288387274606321,0.114490583682527,0.120710268510016,-0.102567929621732,0.153325974393441,0.92214805508932,0.031568977630272,1,-0.302840505334849,0.853179958634214,0.440140498937041,0.65010125777948,0.12793428706378,0.668528747907747,0.09878800480335,0.740119705248423,0.108171934036818,0.519049760692453,0.145860113696613,0.883054233570431,0.179271529135413
0.905062140831487,0.143066069184938,1.04770044712773,0.109138299095087,0.905310851184095,0.284957510853851,0.0479028448282472,0.0743527373457317,0.0431052706666883,0.122540474621198,0.916123443000469,0.0337533161566827,1,0.206990713035921,0.356943312729601,0.435917868664854,0.70483740226304,0.111360146385765,0.706643897876869,0.111527726985242,0.676685480850857,0.126617024728965,0.601303001315246,0.174329580510343,0.645087225926869,0.166572376890042
0.84749543969163,0.13941997488734,1.04161285656464,0.107841984632794,0.871027637631303,0.278174869192012,0.00118843660009636,0.106398449604398,-0.0291911796550048,0.156766543482654,0.921296981106927,0.0280892088056484,2,-0.907293227251561,-0.24445236861117,0.431625674569244,0.792324431088897,0.109597402090654,0.68912319966555,0.112681966869597,0.720115429928309,0.126923773249227,0.320958170122729,0.17694975056556,0.688576028083556,0.230183343486168
1.14414905995788,0.159365077517554,0.954758478517847,0.108976017351177,0.876587715139472,0.267643769095436,0.0337345351163766,0.0556890629457528,-0.171963016544066,0.146319749492271,0.92932713170648,0.0217603285075858,1,-0.999999999999625,0.530154033906647,0.483140929992485,0.733183562730749,0.107126344150723,0.745249667451177,0.120167153334749,0.615432011073343,0.132466337656435,0.767841959224297,0.144792272042258,0.602533507507123,0.184628599454626
1.11841252217968,0.164038712572161,0.874339301796676,0.118311641747546,1.08634035248478,0.304642177272882,0.0729421316745663,0.0990294031254622,0.0681192396555054,0.20777148476651,0.889079778477789,0.0464085459701871,1,0.241990106270464,0.364773428886749,0.429248019143752,0.506554643055043,0.126700832584435,0.744630752478517,0.133081306193456,0.480211980966575,0.133471215672867,0.753970697729933,0.126588239122803,1.00818308962421,0.161528475168177
1.13381346405249,0.137745622073822,0.979134691422422,0.0973168374485851,0.776558064194265,0.213695631701477,0.10711844588483,0.110778400777733,-0.05464510522418,0.120104560864459,0.922995380318521,0.0227937757727832,1,-0.18946638460664,-0.0676111784335247,0.434622557859859,0.668925639983203,0.123119945431173,0.772705410690396,0.120199251642637,0.815398454857211,0.112483294340705,0.779629129972575,0.11270061707126,0.763356744382695,0.120395737968723
0.970427153795287,0.189163647502243,0.986594835051242,0.106199717626928,1.94472570348354,0.495982555303653,0.013856421242504,0.0366836276466249,0.16415522699127,0.221833843613317,0.88540196366829,0.0615753002691409,1,0.999999999999303,-0.517425703840637,0.464767096753271,0.805060633948415,0.123660092742808,0.599785537144453,0.133997103842609,0.73315772613184,0.122926785387629,0.79757552558657,0.139698317661799,0.619400807386881,0.14674217208866
1.08722150802173,0.179995033393106,1.04364464392965,0.12644692372731,1.30559565020161,0.367645569731983,0.126684281480305,0.156858068759519,-0.0139918532764729,0.186648732971571,0.91928575251835,0.0328674560323476,1,-0.0344040467234347,0.899389102546534,0.463961891158889,0.606990371520867,0.119038491815951,0.711630133675298,0.114764473627293,0.966617637659671,0.113244417776697,0.351159191302874,0.206689850745226,0.84278672044838,0.16578487679198
1.13086089409518,0.155465403533632,1.04194200796313,0.112573942546763,1.16021389408739,0.314950047917681,0.0943686602902884,0.110124272017969,0.240700902176122,0.190355464564961,0.855712580460202,0.0718672362394844,1,0.727436003755832,0.20555348031126,0.434491606361822,0.705561274565445,0.123661444605139,0.722916527428834,0.114121823572905,0.678521100994912,0.133923029096452,0.564589055123183,0.142316227237717,0.594217623130778,0.202756915570655
1.06186416427262,0.156405579029501,0.956440485731717,0.0990435837378379,1.1311058284608,0.30456692549784,0.00907995300968072,0.0289622664264648,0.101342921662944,0.163867872752599,0.895583263915303,0.0429178084397675,1,0.999999999989359,0.111765446028424,0.413731638951685,0.706448099731546,0.129568086616124,0.514358334059291,0.139800342429966,0.846433557222957,0.120599726301672,0.906966190347277,0.124775607372362,0.69195829523794,0.179945694385289
1.09156519850536,0.145314811197322,0.849726405137143,0.0980656454806814,0.735467629085881,0.198159435406259,0.0307214600860555,0.065354556644031,-0.0350737929292576,0.141532104049965,0.887127558712857,0.0417235999107124,1,-0.233335074598912,-0.246575335571405,0.393190854046836,0.642535488163897,0.112846912945275,0.710350585190617,0.110820423849246,0.561204419060836,0.119195512956693,0.505903922472953,0.147422099110803,0.634479764077266,0.15364599737827
0.892135819556423,0.159266404944586,1.00776111854908,0.121653931982616,1.14122013109396,0.291818730076527,0.124206218867423,0.127445937448655,-0.123141418619821,0.214082856519524,0.860291921397668,0.0631493231985705,1,-0.327075316225412,-0.362377991983552,0.446532342245343,0.695197525116314,0.125423294474666,0.849479037954627,0.101824937299727,0.612420831888163,0.139095736057897,0.895135897671807,0.122811265021821,0.448124279410926,0.201133828765836
1.14419365801371,0.167257151133574,1.05473286225094,0.124361164860779,1.09519080461388,0.287076958367893,0.223084698311974,0.156162198397105,0.13617411672199,0.208136331702123,0.856861205278391,0.0826079960926442,1,0.275495672523908,0.973796306716569,0.424579419203193,0.471158423136161,0.15782823851222,0.684255622599328,0.117571202235184,0.7841116222963,0.113854272130122,0.975884526909627,0.131633790307328,0.682633722652652,0.182963131587407
0.748107971591039,0.144418118800451,0.929472706164371,0.0972883411580507,0.96317112562231,0.242111963680865,0.00265521365674537,0.0803750373487971,-0.0484259035520735,0.130217632072414,0.85020509500628,0.0654030460363111,2,-0.957582650332361,-0.191591362903687,0.349764915846856,0.725850943903745,0.107961024303194,0.463773795202453,0.132734792723682,0.563141703590238,0.114117442687989,0.448360678339043,0.158064222384689,0.757310984390603,0.142052811122011
1.03180306438778,0.163620219451582,1.10919296702952,0.110215997755256,1.2850188319161,0.314900526806726,0.0829089026845769,0.11561905950763,-0.266269681078423,0.136771235922513,0.836186968205372,0.083249396144867,1,-0.815767479775005,-0.360644314678841,0.401876045722085,0.677426327946584,0.135683538382521,0.733513480615528,0.110312244893602,0.849100986773862,0.108710598308825,0.754413583321744,0.146775164169674,0.881435314824541,0.160228061880383
0.974571480549668,0.146704724910629,1.05645375994263,0.106284600858373,0.72321173470535,0.213258424615429,9.16615710179974e-05,0.0803522381407284,0.00676806304949302,0.111835914267623,0.919671883861039,0.0291731068431672,1,0.831262167753316,-0.56289968731164,0.456153735734076,0.78705013235163,0.103066353934459,0.773751366721052,0.0989087693536761,0.815528234135277,0.114996995429713,0.737441450962366,0.124452901082197,0.525865782052296,0.184639985436281
1.01240073482158,0.126583870517604,1.03615917476416,0.0963330826445781,0.722322983151486,0.179131757098027,0.0314458247885768,0.0470249069389602,-0.150711784403806,0.11449847545905,0.863686549909701,0.0620372142142811,1,-0.999999999763047,0.174502092449922,0.380879399129212,0.722096919581587,0.100361060138447,0.667879805223625,0.109574053949587,0.684491497414601,0.113370379942247,0.519850477959373,0.136108651106796,0.659291815119939,0.138974120799815
1.18178944966361,0.19292206963384,1.20134488742022,0.134091673551102,1.64231814551321,0.4819919463838,0.0146317333132658,0.0393757432655856,0.155016002784022,0.210658903715762,0.937791759635699,0.0222836161770437,1,0.999999999967732,-0.102793746644775,0.519349838090489,0.816668683726868,0.136281203343869,0.730691291744468,0.129357333197907,0.811173363445948,0.124711885682137,0.818175453161238,0.129730609892248,0.649562792877703,0.187121221643649
1.03165144930194,0.153084980965911,0.971257033494535,0.102966123138725,1.13234995940436,0.291364652195926,0.0128055795301178,0.0350921602642781,-0.120417594843096,0.167383338870361,0.755203461338199,0.136949854071941,1,-0.999999989197463,0.13418653394111,0.344886210200454,0.593182292084007,0.12976683608403,0.640987215668196,0.115732315412127,0.70070821247409,0.0997811549923782,0.74729829153739,0.166758736952651,0.489383558973697,0.230628932600948
0.948107046634035,0.148919299484636,0.94527473197486,0.0978039425391316,0.949377638992289,0.240127527077848,0.0503128858652144,0.0578978422379487,-0.21855417804698,0.132900473162533,0.874386804334371,0.0468051817660482,1,-0.999999999457617,0.0686422035852441,0.414285104148034,0.567151186266825,0.127742582242422,0.675191180455446,0.109883241220521,0.582611462182218,0.111529381802163,0.620483256048493,0.137058883353756,0.669340564013628,0.171783317091238
0.873762413280001,0.151401075634879,0.83877792231136,0.0953088506605062,1.25407566456619,0.339555172951518,0.0159648075343276,0.0820958528316998,0.138780567825299,0.144350655472997,0.868694169068002,0.0587545162760586,2,0.980810138123969,-0.826853856059797,0.376554872559249,0.771168286962478,0.0995415466678858,0.594888510911495,0.110715336036148,0.604408242372629,0.138990398591675,0.701607486396381,0.150050644633346,0.593645836524884,0.179200003792609
1.01423619065612,0.156021086725825,0.876058242520607,0.125195965289358,1.19654449369862,0.344918504869576,0.0339879678322584,0.0856732997125566,0.106678333346955,0.187634912542708,0.923918448983341,0.0312654000852348,1,0.528992112376701,0.264643825559772,0.490661438741315,0.832347096845438,0.128838401948582,0.856651692198348,0.111814474430021,0.582683309285057,0.137280669015962,0.938008064008413,0.134298216577736,0.681691601351892,0.181867635161759
0.997629738352254,0.137822000774673,0.806166708279421,0.0985177768312819,0.836059890160228,0.197545539664162,0.0778936480358553,0.0768532840591495,0.0259788372636271,0.116118233729981,0.834923238024021,0.0793202653798581,1,0.101800519235152,0.214935448721068,0.364861204379993,0.504781255355713,0.119438182586731,0.77574915028192,0.100536677066669,0.268371668722874,0.150367852339968,0.783776358847332,0.117071095466378,0.66185788472334,0.158895774511164
1.23131611132214,0.165270592607627,0.942938098845948,0.119870770925287,0.887103652188595,0.256750036141456,0.176160875738185,0.143488789774037,0.0268311761314834,0.127325364389909,0.903783358535655,0.0389044825885673,1,0.0678731173273815,0.56059495606093,0.46248905235015,0.691080319037902,0.139941247917805,0.528848730628901,0.124453452238359,0.806456460635539,0.115495256306431,0.601860126732706,0.133750458126045,0.769793934810804,0.140573209999412
0.81908788727128,0.149787156163758,0.97207915616792,0.106551558060967,1.06067568651889,0.297217425598761,0.00384686642845331,0.0857894625013064,0.0562062784893577,0.151195413826629,0.920712137426927,0.0251862171866394,2,0.879913479037183,-0.201523189864597,0.449201564509785,0.761470001453484,0.108407542072519,0.722225139536592,0.106047918183204,0.742660630949414,0.122712408316606,0.729014862044157,0.155041992583834,0.499614557728305,0.221047477293044
1.21499039464482,0.16968492052764,0.989803293738833,0.127640819269228,1.23468958547049,0.341365833229858,0.0952870248984042,0.141017568293009,0.113327884287672,0.178233040903091,0.875783475060714,0.0475269232638787,1,0.330400735078095,0.428098421875507,0.418295075866085,0.759968001294343,0.126713565027336,0.679538950338322,0.129344286831822,0.831112735437248,0.123390949405244,1.01446863967516,0.130206005003914,0.581729242829761,0.240986661481824
0.79895635485721,0.133439270049452,0.867671565383634,0.102007294380777,0.761862750418139,0.215626664804356,0.0354030453236084,0.0796977033026353,-0.092344088677601,0.12142767008132,0.899064086304573,0.0364752714012337,1,-0.562277129517791,-0.0302604501869555,0.370333626431708,0.514355354449058,0.130055690448101,0.559648813292485,0.132922809208947,0.62780733110486,0.106156367491826,0.496166915563069,0.124532117979433,0.415268308711637,0.171959634742269
0.847376087784318,0.182571474293406,1.19474399052482,0.150514073746167,1.53149195827022,0.425472522389451,0.167662793799171,0.150244930551725,0.217763246459416,0.26389713666194,0.900695813306098,0.0568479807509606,1,0.429743060872815,0.095814890841089,0.498977385513597,0.678035808221653,0.146364618462934,0.782771424884059,0.117185772934778,0.614663196257989,0.146688386235589,0.768759355254519,0.17102933643376,0.841630643181951,0.177749906884396
0.716266677413632,0.140767668814241,0.949891213515421,0.108174737302496,1.03500240158812,0.260697480249906,0.00247787584600847,0.0782315219594526,0.0506286778218935,0.159831162758887,0.878076765880726,0.0452528449440738,1,0.999737852725769,-0.406527275860381,0.391068066575565,0.655891401906431,0.117114312142007,0.790183204049314,0.11389626310428,0.752217016313403,0.111791101578535,0.857353202276074,0.116916481844503,0.759199927104155,0.177469754852455
1.09222653934722,0.140705562485608,0.925506880602723,0.0925468949391495,0.70593978356079,0.225412532325871,0.00284940353547255,0.0153158026654251,-0.044849830702101,0.119958185261458,0.926399050250855,0.0280843422587033,1,-0.999999999726144,1.00070663394337,0.459887738136253,0.701054570071196,0.105320313407125,0.430613328722967,0.117808124998961,0.557682270148596,0.130906981125165,0.570304531626484,0.139245523870947,0.690986521124372,0.18505122599613
1.14465144416785,0.163954202363115,0.891233048408889,0.0989227480048315,1.18548699949049,0.306396728825645,0.00305477346235972,0.0195352726786068,-0.0601779617982456,0.174430181812705,0.892771299709618,0.0347992259465501,1,-0.999999014215524,-0.302889236221026,0.44175092935349,0.365929469893125,0.162479423041053,0.944518070376743,0.0863616497809347,0.536729298107765,0.122641465548839,0.661114896244996,0.134025107481491,0.56333874319161,0.174611870724892
1.08666676671441,0.147300847846229,0.862052323702654,0.112350721053196,1.0343599559738,0.281160135744077,0.207666265988596,0.140918892742484,-0.353280358954888,0.14311917357594,0.909161378732541,0.0340003012937744,1,-0.762255675191965,-0.390508906590016,0.429798808207226,0.670202241136913,0.119933530369043,0.607561740612639,0.150252590951919,0.838494741773488,0.131186703737861,0.643457419407414,0.126174076897369,0.58348825433553,0.146924218101149
0.739263883376187,0.152627212588282,0.872505575142994,0.0966314032299142,1.02349232983357,0.289330281965765,0.00146504159126591,0.0135836245948363,0.0387228459526621,0.179196060877526,0.924844652769136,0.0292406391811548,1,0.999999989037971,-0.0127367149024423,0.494839830186303,0.656987216741904,0.127213250969064,0.700082735472786,0.119000256658812,0.562223206072292,0.133650069888276,0.422882748107508,0.158910245563416,1.04061969895941,0.141149847021399
0.90281101195798,0.158095561167775,1.15203193672214,0.122248566947191,0.94141072879351,0.278446204864863,0.0251269496470216,0.0516818246114366,-0.153801105260485,0.161922393223852,0.910476697281213,0.0352206630682113,1,-0.999999999995484,0.511239144292844,0.49926845021189,0.722890859018158,0.133719653462851,0.776793809665932,0.121138580234136,0.781518899435107,0.12128500732371,0.64132136666424,0.134851366996687,0.458194479725926,0.184869151103891
0.984118786865814,0.133367047114089,0.990136666478405,0.0917564581455612,0.920416196732877,0.231074605579852,0.00078455285421867,0.00787055607771876,-0.0268721967793966,0.133842540491313,0.86928230763464,0.046376415602675,1,-0.999999865350236,-0.594428675359684,0.390575266229317,0.806280174961107,0.109760268661315,0.634358180886584,0.117144322187708,0.533457817547365,0.158179662448547,0.547625312961104,0.142682384381293,0.630214046102485,0.138224978339297
0.9868887951726,0.148870596221919,0.928330551692574,0.118264587620697,0.962877628643156,0.284637811077576,0.000729133348072129,0.00896884930733529,-0.0264965295871983,0.163267073640906,0.907989601096903,0.0351939784356772,1,-0.999999922378355,-0.490624649482472,0.432180572384397,0.528839140396609,0.153360254425938,0.870817554098629,0.107884199312132,0.67945607802249,0.129407942164584,0.686449040723697,0.107070868412991,0.53627120673016,0.167785557108029
0.965118494209934,0.150610788424501,0.983290660709816,0.11623032414946,0.969445278333919,0.255747951423872,0.152505735565326,0.138043881099282,0.384507431999142,0.19352994253981,0.883177603681405,0.0565680328632205,1,0.999999999999758,0.227329976571984,0.410837869648948,0.847109420633732,0.102805677425336,0.58595382534322,0.138467445790911,0.792824779787953,0.118926540111433,0.858534787030624,0.136598098548445,1.01987320237429,0.193275059208045
1.15941880609362,0.156878358178879,0.949866232767706,0.107855816629444,1.19590977350481,0.319566770440103,0.0972822060463568,0.10957185655869,0.341087585521405,0.202764563436896,0.931417096866285,0.0192336639124811,1,0.999999999990867,0.575938556647924,0.470072023494386,0.700705754339517,0.129373663812278,0.482169512410668,0.144974536213796,0.730398932946024,0.130442770800698,0.624255857866221,0.143635820030189,0.679476930444458,0.125370907138896
0.80360839798877,0.177815979959493,1.03386795414135,0.121481807453086,1.58747768123772,0.393679094605546,0.00270437639985964,0.0179334338708498,-0.0655220351106522,0.218057297732677,0.884280403193277,0.0507281176840197,1,-0.999999989354912,-0.192713713228044,0.410276035089144,0.912186386129514,0.116456417728876,0.52410125590333,0.136230556231451,0.673253253819652,0.115988050263725,0.739081371877854,0.149634097127445,0.777626334678976,0.156290784471269
1.08701167167874,0.146944070613243,1.01682252998095,0.110089730992908,0.857987132062799,0.247870494912881,0.0978678548601657,0.0809322088443763,0.0741056489371476,0.133788356801122,0.911775285607941,0.0297819675364561,1,0.255735425774277,0.193247527137128,0.45956559319772,0.705962816263717,0.124255126632,0.409924378194497,0.129648982141027,0.728669019627517,0.119511680222998,0.701611384582675,0.130880477234692,0.653954203349578,0.162432190707778
1.03427145914898,0.138811384493153,0.862387129262768,0.114755431408497,0.65371575304725,0.212523462731404,0.209805156548485,0.148305328362258,0.00536456015317037,0.144291473748949,0.914457028794658,0.0290445806216965,1,0.0144854357826974,0.123187398197411,0.446576393838172,0.787217859704617,0.117444775992236,0.645793199517184,0.122527087296876,0.723296968645718,0.116655988375854,0.68852624981215,0.150240520941272,0.42392278458565,0.2542168795023
1.09396482662568,0.14403235114055,1.09675814835435,0.103785184356513,0.821866025039182,0.23160656702848,0.0361923614138841,0.0829281617331118,0.0363889805055609,0.139218449357815,0.880073845832343,0.0448380702428221,1,0.210989534744189,0.0704125904081171,0.376272662823974,0.746538569447796,0.113987275859356,0.4316085119672,0.129435703966394,0.741929396887793,0.104314718781236,0.630908057562601,0.140766405301547,0.846238809308594,0.170972886848797
1.04924889930088,0.157317473691622,1.09014985690482,0.114132806609968,1.02491147723414,0.259822532269131,0.222507085943176,0.146636109552941,-0.0757572816587804,0.150294752936768,0.882794048393358,0.0438557025989342,1,-0.158638750865134,-0.0128921595290905,0.4323496231372,0.709508143928421,0.127495472856587,0.803184426602805,0.100943755189113,0.743263609098758,0.11146375263241,0.623399434612097,0.130381509293753,0.931779912468961,0.127567195100786
0.935787765181709,0.132484733453083,1.02024101978455,0.107372159393497,0.545426147900219,0.192589611346337,0.022038848235031,0.104009106830161,-0.00319283494406459,0.117112795284619,0.932351228462863,0.0184662907989846,1,-0.029121520294849,0.0136520235809758,0.436211473453434,0.691567082803498,0.114807793597778,0.627253882397972,0.120902924457413,0.609847777348919,0.137416095330877,0.458452404520801,0.181183580410037,0.643861828834064,0.143220765218913
0.86666972754029,0.147713233617661,0.927549629907298,0.112295557411338,0.993649660064494,0.259681477325506,0.205516978434168,0.136834817773958,-0.177370991371567,0.1514921853902,0.886144256082341,0.048153262559966,1,-0.392502200751057,-0.518721014301321,0.412139152980455,0.56326598788549,0.144811091998121,0.763829744993804,0.112492599613651,0.680378768201802,0.124320078780177,0.867904791064619,0.11628486852229,0.382250333388481,0.228805670988877
1.00193309648889,0.13660284540427,0.98048016595585,0.110681953266169,0.861298936407899,0.215586977856279,0.0991485110163377,0.106919807973603,-0.292226806320628,0.163161651073328,0.775868020584671,0.114142339799367,1,-0.999999995594405,0.181557786202793,0.340639706720376,0.725114882374808,0.0970592368053746,0.457135978235269,0.121179829132831,0.645822414906242,0.136322203662028,0.642203196789251,0.141869763468938,0.724845699443158,0.154254898059542
1.04847407076548,0.128354059350513,0.799317114070779,0.0969713482207066,0.759102919103938,0.186915675527612,0.0971795805779297,0.12240236483913,0.233996631082504,0.126010908060274,0.864015828138569,0.0496908208168988,1,0.861532695766967,-0.197754973701894,0.349201524078642,0.818262042328887,0.110136607354384,0.752658713527563,0.104824975788668,0.626816722113871,0.123895590647686,0.593866355391845,0.134040538498827,0.771060821093952,0.180443677976417
0.858692447326341,0.157789458529229,1.08703642385546,0.11030994079151,1.14841856794345,0.303461777213252,0.0224428694030668,0.0925135071410064,0.158195729864012,0.138507409379508,0.82675797273296,0.0874720927488392,2,0.985383900923482,0.320469950273801,0.373062921796923,0.575522175320007,0.119935279911736,0.668656919884416,0.123621665893987,0.68437723273723,0.142093595249931,0.740699405276069,0.131444073012608,0.613133014114161,0.196886882626769
0.915433656081171,0.168999091640667,0.889405676549444,0.121100821629969,1.50142965514624,0.425978070363048,0.00848592698033482,0.0958086226635217,-0.111314831342148,0.227787843148346,0.843836810707307,0.062044057601645,2,-0.986167969559423,-0.674846369087324,0.402399411487735,0.793600595457825,0.117063453518005,0.596737246024368,0.142485657274138,0.699897442255907,0.1457085418781,0.601002248297386,0.169769557616213,0.531925589458492,0.177017894885027
1.02053425658909,0.115020491558842,0.847218235747437,0.0819489856441494,0.640388016840048,0.148163094907998,0.019173233168791,0.0349214125793321,0.110807530143294,0.102795517701813,0.77283762860271,0.0919271866521398,1,0.999999998822441,0.700681657045296,0.309477098708115,0.449313713408681,0.116447401730646,0.576016348274874,0.112843875419235,0.711238612977181,0.106169723124788,0.531663729548872,0.133060650379711,0.595087801975856,0.139606316853425
0.743867163554083,0.129113132348946,0.948455125532648,0.1099149232211,0.728860718186006,0.218572780725067,0.0978736654796248,0.0999999681137969,0.0650672433116685,0.132739528217945,0.931069712271277,0.0250529898916,1,0.243616785505405,-0.273384713488037,0.445556662092496,0.694166062976644,0.113971284397934,0.719532826064077,0.10964691679033,0.682493439378448,0.132802839004734,0.593262470538559,0.13273758666624,0.756822617654806,0.16023652962308
0.916447007597329,0.137126133650201,0.992201879729736,0.105755173713669,0.67943593151178,0.186003971344678,0.0171822868487742,0.0355353456653628,-0.10804750376737,0.112542257089138,0.869437962154129,0.0552264217153943,1,-0.999999999989735,0.155811797015247,0.414549920046891,0.68289470868764,0.10520062864269,0.753519905630967,0.09483379058853,0.536681471888003,0.121677996316873,0.487497852158494,0.162316367188899,0.75315366127271,0.180786562078439
0.995819172331282,0.140942876313349,0.798704319694179,0.123563465389105,0.76937987783993,0.226854624205063,0.194879358139079,0.109763004222481,0.00890170996037181,0.162757121053898,0.913527738573877,0.0303901878403314,1,0.0229890014501403,-0.572691299517388,0.472535483132933,0.873230341366594,0.114319937851728,0.676923421218798,0.10566525221591,0.71046792913531,0.1226068647664,0.589663759321738,0.138323851384052,0.624998512414014,0.178281107330347
1.04893943028796,0.139669275269891,0.946274601486661,0.0947825765528099,0.835058524767839,0.216829064973428,0.0798087568563278,0.0986566321590116,0.0270608489943011,0.14059824716936,0.85659330624305,0.0650523818336356,1,0.104823266206847,-0.145018155722168,0.391182950740432,0.490765485292008,0.143067886119146,0.622839013219786,0.123693699764616,0.691687165374624,0.117988284064413,0.607493854508801,0.122831870917862,0.692689415084824,0.130283421147836
0.948008106357265,0.132767344335395,0.92313647860767,0.0937359783792954,0.564978743125695,0.198741391815839,0.0277579169153365,0.0819165830738178,0.0328636056151665,0.104235711247232,0.949592923445277,0.0189855820508133,1,0.262425310848102,-0.442170623209576,0.551867381974181,0.587842471278131,0.15707657148853,0.54413498565108,0.12303758898857,0.987806681446456,0.0976637634616777,0.510608677031166,0.121698875229936,0.749102386894916,0.132958693102523
0.952864237804528,0.148023473876396,1.04900848641541,0.104725279501325,1.10463983663132,0.288869676365157,0.0316386862963912,0.0880485064290423,-0.143873301864625,0.145670628707276,0.905614307220511,0.0317841197213996,1,-0.769592167314194,-0.436078032347121,0.409614694902399,0.735270148809616,0.112273571366842,0.772532426134079,0.108019461245101,0.662698553211938,0.120165265006322,0.771693811655224,0.137618478552871,0.762006649289754,0.203652369089474
1.22602402235259,0.150201353752434,0.947876187193755,0.101393694440905,1.06710967100159,0.272938026069078,0.000117256103381419,0.0303568686214386,0.0110930879057169,0.144852158360709,0.891946977461263,0.0444160945731554,2,0.99169973621487,0.260256719506217,0.409196010774294,0.778415850057302,0.134694879517993,0.439790840091483,0.128533277357402,0.782352920094861,0.112375953072424,0.682001510864111,0.141847679660347,0.706862186169583,0.162913861696048
1.07925594488255,0.184371155284238,1.00226927048101,0.120702953311513,1.2072029131497,0.368243342798115,0.0238013107183469,0.086882933894577,-0.05659800331555,0.242874462457859,0.937878528283815,0.0267830818949106,1,-0.333895476864457,0.939370783730681,0.599374403356217,0.857348311313858,0.116204952380095,0.692742587710541,0.163635248447933,0.701871542795715,0.171365364553334,0.896523592317653,0.148064022129799,0.429171548153082,0.183032788971297
1.09308583943867,0.151137114122854,1.02297450930968,0.117521180541339,1.02873779147714,0.261997817732464,0.156465011014823,0.137508697395539,0.155634884371536,0.187407472076944,0.869076900412775,0.0724824795473947,1,0.387923404607254,-0.199597201466713,0.433688544976072,0.913372338609692,0.133019341756598,0.790325328219483,0.117384615301942,0.847566236926839,0.120160528068896,0.659252533314629,0.150535520628817,0.477144477313073,0.193566089238037
0.882853387854292,0.13860530619006,1.02182393123868,0.120246773503589,1.02414839206606,0.263352856853053,0.142568269485671,0.146047487327204,-0.203668861640499,0.180793919444703,0.847243727086128,0.057662490847776,1,-0.533005577014085,-0.35690273472177,0.408477042488372,0.723370130888874,0.122291348161806,0.642063580127156,0.121214109206094,0.697285220279557,0.137839444557412,0.593725287305488,0.145214359254722,0.578853332138267,0.188286263272672
0.899377126861031,0.135239230155497,0.869304157595825,0.091665600949605,0.77704970525164,0.208633520755863,0.00577469181434453,0.0677169333235031,0.0644006879354827,0.0968787451535184,0.787341048151413,0.131561347433763,1,0.961394649372129,0.166420209766014,0.388452220622453,0.631615367522617,0.11165026964154,0.633688616831176,0.106416663164297,0.50279502290438,0.127653694135334,0.698130059628928,0.144653024589744,0.61481253054506,0.199932494912338
1.01728322547354,0.172896851015763,1.1261369032822,0.107072878732189,1.50597586006014,0.345945154007418,0.0478366912798376,0.067025508532581,0.268404363227229,0.195014171197868,0.710229377165235,0.202262817069915,1,0.999999999353351,0.299525471895828,0.364698100050668,0.585958225790639,0.11243342342479,0.788302748293032,0.130752625280921,0.539516630307959,0.143413130819048,1.01262787072795,0.120153287726014,0.773241428902437,0.147424824054809
1.00927133361948,0.147946945903079,1.05829584139411,0.120152688177097,1.12659196880709,0.283662249044154,0.192528220260387,0.161442830910225,0.000369712754858675,0.171450136334394,0.793189699877322,0.112907027673485,1,0.00079384170322599,0.0261269412537542,0.345240031927509,0.689303756039559,0.108957253021978,0.787017568659887,0.103476462832942,0.724434793165053,0.126435815430077,0.690359888303636,0.146967701490736,0.651115863524564,0.18220274512696
0.87281312228336,0.148061981497859,1.11619340006345,0.129903561866681,0.857775249164507,0.262115750108503,0.110393448874351,0.127873707946911,-0.0860106287944259,0.17582326993167,0.907490324838264,0.0358294095224785,1,-0.279507661379468,-0.842787990235963,0.45298997567419,0.77267352089493,0.126283927746167,0.705330164599446,0.109809455134071,0.794889734395279,0.113286699911672,0.158391230850975,0.207807725615584,0.589900567669408,0.174321998667589
0.896961278463025,0.12846066000134,0.88778597519165,0.104848241873821,0.848453231420156,0.207067504066949,0.00860670641586977,0.0272756744113817,0.085454010051182,0.136654113811607,0.764125884021024,0.116094894008316,1,0.999999997493849,-0.0125940215908594,0.327854779030373,0.590807218938029,0.11284846709339,0.575460998502828,0.110850497486263,0.616756355076235,0.10886158838671,0.698742488514676,0.148138997805176,0.426563963581047,0.226584906663486
1.01508556507135,0.128344971095001,1.01842200146756,0.10755313265871,0.672221208196693,0.182162145719636,6.73370957621283e-07,0.0880135342306794,6.86719258258335e-06,0.116181453045381,0.902635963559918,0.0340251544501346,1,0.0102069486786324,-0.0601910461406199,0.416253257345429,0.84818094654309,0.0886803249279874,0.671121954129582,0.113889307570011,0.663062650419506,0.111177811822909,0.644374143677116,0.149194049677684,0.382427814475489,0.213583827048632
1.08923089935876,0.159781321654832,1.09949162924743,0.135533784524649,0.773226563488923,0.234171851719192,0.0931857160474398,0.0984644991418304,-0.0837083763221338,0.161700315269129,0.919742525720663,0.0285839708963682,1,-0.311846491302486,0.302111848565471,0.493654763945545,0.362774018674757,0.16247972980822,0.840700698328206,0.105736405399326,0.785226593796299,0.128261522721353,0.718130814473605,0.131173598199678,0.722577623746512,0.13910184674566
1.10290522706743,0.193363960573108,1.07101966912215,0.105311614493882,1.84907003211575,0.465352102454539,0.00065500552382048,0.0518405021224445,0.0336943883371606,0.195550772747419,0.851022844704334,0.0874469348469565,2,0.96818514661687,-0.278618179678209,0.470536224482,0.824214380813093,0.131053951791267,0.705726560984619,0.107260355956415,0.795775409411121,0.107471973783994,0.769138614174351,0.144126346973278,0.51558624301865,0.216886829219425
1.11755254415833,0.138304909692316,1.03966886944262,0.112217732663005,0.652902449531029,0.214756124304241,0.029933318108851,0.0469712220714603,-0.139798199969261,0.113823908266623,0.924681201491284,0.0291991611353003,1,-0.999999999968919,0.5510434504001,0.479555834412092,0.832383572800878,0.129181711233122,0.49459133014529,0.141273971817507,0.600910853555591,0.133704923227816,0.673635009958805,0.115248207756846,0.70300452451639,0.14650504834777
0.92434116996645,0.189659277437201,0.978052368498935,0.128153059758725,1.42722869929918,0.416086726792079,0.107339079963605,0.113121881728233,0.391404414160479,0.223928292261542,0.925941300594714,0.0281996762860857,1,0.999999999816843,-0.106986670949359,0.502394497194382,0.670020881072385,0.127035144684351,0.392277751764315,0.148855894840351,0.604228033657121,0.136126643714585,0.971470199966795,0.136519663311007,0.725411963410649,0.162587502586083
1.19979223884725,0.172209280033389,1.07397442382808,0.131145018938714,1.1017334987739,0.331625431068936,0.143300028733022,0.109517721641256,-0.0376592375806472,0.184944814047614,0.919110731985416,0.0309481291631786,1,-0.0947785602864917,-0.290852660425816,0.493370634006002,0.661651631560707,0.144678312313329,0.791816385514814,0.110771021767697,0.743049759996203,0.108301894815752,0.856487442670544,0.154998326438925,0.33511861596572,0.200120101737672
0.93769062546495,0.180681730997279,0.953164860210274,0.118326997019549,1.54719348263086,0.421506128794069,0.064919195858893,0.107598906159257,-0.105613098284395,0.201906770107609,0.840212674767788,0.0834536716414524,1,-0.333241364325682,-0.111227800119159,0.420226399086385,0.627818670407395,0.121592041921763,0.741385152540705,0.145258263137115,0.643117383844486,0.14234816982879,0.715522228102973,0.133382693565418,0.845778210638861,0.150087451008065
0.971550913259679,0.148385861807267,0.833061629673378,0.102470108932692,1.05761938085955,0.267992492051128,0.003097122136027,0.0143629896301074,-0.0572326513468519,0.133917705692515,0.876436004917867,0.042806335946053,1,-0.999999997594167,-0.274891673143652,0.395653289932854,0.664707643106527,0.128633299258188,0.625481677729814,0.106981890197132,0.70027717270168,0.129980560050502,0.474786704260048,0.140669738063455,0.814139785107535,0.128568501734741
1.06731423413009,0.138814955832483,0.959652525771085,0.0916091447679342,0.786428508612285,0.21399559758055,0.00096222870682919,0.0083584162393382,0.0275086135599869,0.118431497200733,0.905078148888716,0.029359643868459,1,0.999999823672234,-0.144546646894897,0.419579799812733,0.73495231765937,0.107028663436905,0.646684381169891,0.125991898444761,0.517033514742461,0.123889211565361,0.672121303287576,0.104040901716787,0.649643642117674,0.13356978916504
0.980398344809526,0.148046705080302,1.14802356831463,0.114934036237453,1.18747066118198,0.287558027998009,0.162823961715692,0.105619387822629,-0.108508594161999,0.153315367045657,0.81093428099255,0.0867988694901732,1,-0.246770666400345,-0.452313419258486,0.361478490430285,0.765899985086093,0.102670092051167,0.691737753966237,0.110670975066388,0.671328251787994,0.141815245512446,0.887399241100238,0.119678907781818,0.895842838673939,0.142373310652888
0.749502139878135,0.129486328969182,0.969140514305076,0.0921567041906748,0.825690984224545,0.209167479730839,0.00496710885147321,0.0177813022062419,-0.0640413693498821,0.116360606845106,0.858186816191334,0.0482957795703758,1,-0.999999999010637,-0.382869707035111,0.376857319509211,0.732361010383925,0.0942909304991826,0.643151678879555,0.116302962316762,0.365595013397702,0.123660581374462,0.866220795670038,0.105130545599376,0.300736160703774,0.195655013799968
1.10970219844256,0.147802626582953,0.995735889384757,0.108752573725632,0.613894154309968,0.205000360070581,0.123827179425076,0.0845447863845232,-0.0725596646974479,0.129201993585077,0.925035954923854,0.0258897713543517,1,-0.263172513253737,0.966470288827627,0.514506088334385,0.687359112622739,0.121951850910855,0.604256036814131,0.131228362852773,0.431865469442799,0.148269573367707,0.647614822327278,0.132765291804286,0.925367376906228,0.116132107473431
1.1313423624234,0.179813914853703,1.14936592539995,0.118966446641548,1.74682663657915,0.493928666297754,0.051002429379844,0.0811770168616147,-0.298483503993223,0.243624394304091,0.885689076212669,0.0540507911957802,1,-0.999999999916456,1.30307132906867,0.473125843358454,0.611453325340668,0.140702140658492,0.856835718001514,0.128560529980079,0.798215380322812,0.1409539152497,0.851929624060557,0.140938197797305,0.868526490386295,0.198059974952918
0.941132422444422,0.138425043628905,0.926356198528926,0.0954842793756987,0.675491737160486,0.176408020184753,0.123365142755385,0.103933985137724,-0.220562640571204,0.107607357602672,0.882994993274411,0.0462757769494813,1,-0.764056894933615,-0.0665081013245045,0.412372027280647,0.911724071547445,0.0950837548874371,0.682757788501223,0.112617304111588,0.829443987884638,0.109898766601343,0.634348260171056,0.151451069444252,0.636059436382121,0.183183675544568
1.10092462977644,0.150258073921104,1.03738555137503,0.0964818612807784,0.871150582295777,0.218783257080541,0.00708532933581121,0.104950326569181,0.0138666566830289,0.115459552717273,0.785782530696135,0.116222763168007,1,0.176500169491654,0.240534700442249,0.345688291266655,0.580971431318638,0.119032730194846,0.551671279892728,0.110031203591803,0.657241705487185,0.114434179060459,0.587750196388467,0.164682848396891,1.13337038085632,0.146311751386198
0.950567047975621,0.159380919567931,1.00209858280157,0.108452810133434,1.00088639094827,0.313691626215401,0.0441655616158758,0.062022522573167,0.210249160687716,0.158381092744321,0.921274441541723,0.0294353672974447,1,0.999999999999681,0.0486006698645305,0.493170835372694,0.501523222461408,0.144331400823399,0.780453062233871,0.118631058017272,0.610467100268682,0.120295505792075,0.558134339778474,0.162866764319612,0.718030583683438,0.149603601355297
1.20714201142378,0.154026897214321,1.01472545917045,0.0976204814507771,1.0221262943508,0.281416553073188,0.0209200781060241,0.0519724720053157,-0.146229077335978,0.129591771341469,0.89465405281248,0.0412102357834962,1,-0.999999559146372,-0.330550861708978,0.42074852917157,0.73389246187423,0.116128071966452,0.727231206778047,0.117090229130954,0.421485957975606,0.13792432657531,0.68580519887635,0.138432375395613,0.618575616576866,0.156574791243579
0.819829209284096,0.135647177354955,0.965020960692895,0.0892374237533897,0.876415374915779,0.236970744533498,0.0272975736097377,0.0455619929467946,-0.154673893108692,0.127853754463728,0.794263229629833,0.0883506436321655,1,-0.999999999998533,-0.571493401034884,0.359441426212462,0.695155161382445,0.11230334243529,0.524322621668454,0.105005087282913,0.504049059703077,0.133368865548882,0.60228054153419,0.142282034072506,0.614909018618918,0.151650830916358
1.31898623078952,0.167609423263514,0.964732405827592,0.111206525282343,1.01826142373161,0.324774536990343,0.0402667772931151,0.114721102589735,-0.120385204382093,0.176257500819016,0.942230536233636,0.0186904091094521,1,-0.594524878068759,0.881251518546123,0.461694796401067,0.759659789093418,0.136886556931701,0.825510006582317,0.118445128950188,0.673349236608858,0.126338521230026,0.693922483322251,0.151601641083882,0.425222454267019,0.175225723767621
0.813727527466984,0.133499420459099,1.10536718951098,0.101264322745431,0.800910819964965,0.23281471134585,0.017304958650119,0.0709242980384433,-0.0772952974980341,0.136038045679769,0.8839377762108,0.0452865315116432,1,-0.656561949109215,-0.371942156429505,0.373212441004978,0.619039559192582,0.122693729323727,0.610437837375474,0.120348416815208,0.655035495575654,0.117819043364385,0.550537475295159,0.15415088813135,0.779781076630967,0.155740475402278
1.09246915926994,0.148977924934506,0.910459661647262,0.110450464997592,0.782645653648897,0.252938350272463,0.104848829262351,0.111280957832995,-0.278126512993573,0.14432794512597,0.913292472005257,0.0311011323280375,2,-0.970907842760023,0.512983528851701,0.467430038855139,0.787217486112411,0.09296973555633,0.602986974345827,0.12802753199578,0.738610664280805,0.13440208922081,0.411931337401789,0.201834201810773,0.530707183007341,0.195081039995229
0.76102948061052,0.139443774109907,0.998996663120421,0.1008397674387,0.852377584371677,0.246661006056715,0.0172571152499458,0.0872387406816775,-0.0888188273642192,0.143327373447053,0.909352666277358,0.031661705988673,1,-0.732326795758758,-0.674567840263152,0.435253456574826,0.831417752156041,0.104439684190665,0.638818236828144,0.119148612790458,0.641031207569002,0.12308217679561,0.606294629541026,0.166215783687533,0.917892116234131,0.149828840138826
1.01197476468072,0.155818924158926,0.809005724060416,0.114427769354552,1.19556954656133,0.330804650954537,0.00371860082341661,0.0222044812005782,0.0666771719827245,0.198525827720206,0.853735219405903,0.0778704219011409,1,0.999999928395968,0.319340386849466,0.408202296386282,0.627732724485471,0.133773853439735,0.552202414976368,0.107721205674942,0.586419155433967,0.131283838311124,0.605250774659886,0.168322135720676,0.485798452414336,0.187523874929055
0.908622943834364,0.129140930478794,0.927652764202935,0.0872009381739167,0.724400536493568,0.200589431829117,0.000802703385079525,0.00569389328603754,0.0241138702555649,0.0857519902011172,0.895464182696397,0.0310158660420692,1,0.99999997928162,-0.631286706975788,0.397188323459333,0.609078040821788,0.112466194152518,0.6995179370245,0.116653168644234,0.628375254290101,0.127517457361867,0.275962730015289,0.171174417283648,0.793612145175981,0.138529787375593
1.33827109957905,0.192268622368738,1.18411045267916,0.150173501274012,1.20731155749268,0.386827752144278,0.308059648970581,0.193512569743005,-0.325893247133862,0.24490022874098,0.956437065829284,0.0181283608997711,1,-0.534377635941809,0.325493382854585,0.63616376792868,0.897821928707852,0.127960634724284,0.529455273301901,0.158127782955484,0.866760736662453,0.127319199605438,0.788522409284723,0.146096225188128,0.885645393745656,0.15744391939579
0.839179993532332,0.153691025502464,1.00803841474033,0.0923308556950274,1.2363839561,0.344606260686344,1.46850484677439e-07,0.000137407054482029,0.000408145737275643,0.156056871904812,0.895758430718546,0.0410145007395952,1,0.957857474417878,-0.0628191441809109,0.457688396663428,0.622398671915046,0.133272093195768,0.620264999345539,0.121612285412675,0.762477364490109,0.109063822303614,0.780087876137613,0.14152075471613,0.733220379535852,0.165833706882766
0.8294044584515,0.15098095279906,1.1692401266432,0.125566247088244,1.00828249647429,0.278109726233735,0.136612133084719,0.158780304346252,0.287412563642678,0.203918339435648,0.890145264823031,0.0465152542976617,1,0.774408298548668,0.050566121357061,0.428953863711725,0.474356976730994,0.153038433121901,0.709665447947734,0.123884910304947,0.800767682236529,0.112235509190631,0.674683477429262,0.116941293778737,0.709015425359613,0.151607536499639
1.47765949635823,0.158798788384231,1.16637930317481,0.10982370105519,0.885682840193101,0.26616269542257,0.00100056806046589,0.00993795740264578,-0.0297687997590552,0.131238243166062,0.899347000077996,0.0467884413294605,1,-0.999997448328469,0.882316145014211,0.459553689059165,0.763234928207171,0.12661049991941,0.800782750142296,0.106331421824406,0.749561549610263,0.11169802516319,0.65844906929613,0.140770132627057,0.492014928534514,0.159325098338713
1.07189922387798,0.155380474245397,1.10458302222809,0.135026462699613,0.95096321033324,0.247114190575732,0.229605775681703,0.169234167294136,-0.071882322550812,0.184396103830192,0.907332279762133,0.0357858245922456,1,-0.153832762390914,-0.44395535773639,0.426824346222854,0.595837117970276,0.13850784544378,0.900543396259318,0.121151302324492,0.904098633517939,0.102129875247515,0.856088128669132,0.113216701310656,0.605888516393672,0.165330100578259
1.06885572874602,0.16018131109911,1.02308514921417,0.135390245075072,1.18725280044685,0.329728956038956,0.215965984065484,0.193484093414796,-0.285524689324934,0.216180075844146,0.881444759618587,0.0514646818472047,1,-0.563870520570457,0.0423670322322759,0.416825976310265,0.808063982698614,0.120863195947056,0.61493492128083,0.135136215843105,0.591518300052506,0.150251975025412,0.863472683841201,0.128236583080057,0.62467096368883,0.200467370505909
0.953508250689934,0.158120065695285,1.08546339683542,0.121978476293182,1.52629178823286,0.388854866239122,0.0141224869173006,0.039432824997544,0.146816333598417,0.206142518822588,0.896162284643264,0.0381937497708969,1,0.99999999999953,-0.00912145673259065,0.403232930737696,0.764539893549211,0.112260531437981,0.597374844340954,0.114313224182816,0.797597600549501,0.116049429487678,0.967273036893681,0.127928205851966,0.871215158813076,0.154873403818481
0.911773379477437,0.157691665944736,1.11489396943876,0.128865956898734,0.873199250091684,0.267282807232888,0.121663486664114,0.107499779464369,-0.294808785027309,0.138080044308582,0.936418128580354,0.0225209217614424,1,-0.904489677232699,0.363625511642879,0.48465080749234,0.852234759457295,0.122888174165389,0.574524372419068,0.139785282707334,0.70577111361388,0.129033377111573,0.661469538189268,0.128138702233195,0.791513071840752,0.189185369348948
0.912001577909071,0.189843643633676,1.04197746706462,0.119240732456014,1.72303075597721,0.491818566706449,0.00765452657514135,0.030906392409077,-0.114843304946498,0.233494633144849,0.882785766424662,0.0571862598137075,1,-0.999999999227418,0.597611319335797,0.467579925255693,0.560920038532777,0.126223619588181,0.66242214476277,0.131413283950099,0.661183093032237,0.125664698044311,0.933733337962706,0.13696751298391,0.921041294550287,0.192515669954055
0.860833116233707,0.121350672114867,0.868379189881426,0.0968607699738675,0.570374534253872,0.159016939899552,0.0981637523807315,0.0846906834022695,-0.148548484694082,0.0982900140977282,0.88496245670256,0.0429271948881067,1,-0.627787388260265,-0.0685176997761104,0.386610906810589,0.647204560384777,0.107287693901563,0.585167801585825,0.113103832115409,0.49480615499396,0.127460614136403,0.588547648919399,0.144110625677066,0.791138531131366,0.147469136914298
0.821192183786422,0.137567167660125,0.998569323207826,0.116131658621934,0.726126788249827,0.190936127434239,0.064305014965523,0.0954410063771854,0.108158337478234,0.152576602465756,0.887672116008312,0.0459670314352033,1,0.500531427988623,-0.410880352031553,0.443636851314214,0.640531483159243,0.135189851253761,0.692070290064641,0.118883320878928,0.721309500732419,0.110009130420399,0.55602233178847,0.142255379976786,0.672337821645833,0.153297277745812
1.1556119586574,0.154300922418144,0.955925358710282,0.105068830242415,1.04486709346713,0.314354998981286,0.112403261042009,0.136472646912116,0.127634450134502,0.151998358051937,0.878617419550707,0.0571853971644025,1,0.372432806899776,0.867600458861918,0.374523710585623,0.38581582774674,0.12513540165991,0.566327356292919,0.133013499578487,0.480206190932036,0.127855760591911,0.8428026868862,0.143861344796321,0.712039246491871,0.182022851650027
0.82554221734192,0.145890290737943,0.932058286656333,0.0992246791341129,1.05020446974601,0.315730339899024,0.0823938916273708,0.0814130064327733,-0.294160556791973,0.156075469139449,0.897666949455849,0.043637452126902,1,-0.99999999945297,-0.0477170546873723,0.428840102082444,0.832242872347719,0.11373280719641,0.562276294275068,0.113921579293148,0.722666925646367,0.113752356450501,0.610982813103553,0.15019770850495,0.746638911167674,0.1449573698474
0.909784500458964,0.138469658814723,0.919966126822764,0.106974656019829,0.816469118094024,0.220283250299607,0.116933751537009,0.112385311219415,-0.0263007119628688,0.152978698052293,0.884166645622017,0.0464296955772499,1,-0.0851192291748934,0.398371725228222,0.385455537468746,0.641692896094519,0.112017870271373,0.794027800543778,0.112799662894889,0.537869248686434,0.123461106506436,0.742583098859681,0.141476627950149,0.631233424894782,0.15060101083763
0.787448440245253,0.141763945335976,0.939085392098844,0.0924046302214876,0.894770709572028,0.269441382850054,0.0511734437463264,0.0877142612393924,0.0572818777997436,0.147682742076728,0.904167756628648,0.0361198902653095,1,0.267694251349927,-0.357487184994807,0.460615809232563,0.599538462740521,0.125402080066206,0.784692778546351,0.113930224158238,0.638455347820876,0.129053012624019,0.654649299860845,0.180017572163507,0.667720896939729,0.148673785854227
1.04126019169226,0.151609353328885,0.971845285356004,0.108277704438978,1.17915701499403,0.285601737821114,0.0312751966908002,0.0474196597567123,0.192037411904744,0.150530734353582,0.882785406436141,0.0329880202721365,1,0.999999999970133,-0.0991535740822556,0.39735095392536,0.69495898264673,0.103437189389541,0.600847956941727,0.121720679254634,0.569211812294641,0.134321231106102,0.737097431726027,0.122649824876219,1.07966630397274,0.130824034569758
0.870505138416609,0.137027170309026,0.807035751729996,0.106342539438329,0.878405253507427,0.225484279929104,0.158337226265961,0.125257795944816,-0.0836389142333255,0.145130910817105,0.867208647584362,0.0401347517885165,1,-0.224269083216374,-0.282534783658141,0.374444018314917,0.606746054230272,0.120428249253825,0.61099949728235,0.106350061159943,0.798305049840403,0.124190503193465,0.698879701787461,0.131357778888766,0.617971515291438,0.151744539105263
0.990704626206935,0.162992510258874,1.0081542545313,0.120496408486498,1.22193053914712,0.317682809124261,0.0256913729594221,0.0997097660085358,0.127269023554496,0.156047997427979,0.831952166403938,0.0805703188283532,1,0.718299882942525,-0.0120926735689259,0.405775213870077,0.567735923405655,0.139606770942265,0.903059478394855,0.102462773911349,0.551316818246261,0.152482576170041,0.815792781805658,0.140873697958683,0.787526077919419,0.130084973074006
1.04584937316333,0.151202656856552,0.85389328580694,0.100140068172606,1.15518856499487,0.287552730787278,0.000395676326130484,0.0552171669607237,0.0207591252291976,0.141374188595655,0.870598194612284,0.0634098577179018,2,0.970985120701644,-0.45019573558999,0.414326085616503,0.64550982635847,0.129721904022241,0.57070562828896,0.127259428422297,0.746706264433464,0.125582779128656,0.602138773338542,0.154348899054174,0.573802348587754,0.146122981206184
1.13667365523315,0.158739004474103,1.04133751492881,0.112006245288756,1.02465182326499,0.271682218277061,0.155335595152012,0.138597322689412,0.113620669907133,0.18645503443444,0.903316942050022,0.0377738481435385,1,0.284795874632438,-0.0700175366102787,0.448185063536127,0.870661254056281,0.115759433332649,0.691999261492043,0.133934211307011,0.713885837177338,0.136315808762582,0.691366912288646,0.12391565230128,0.617764285910621,0.148643709733583
1.0462423462518,0.157779145005144,1.05159539668079,0.112543395069154,1.0854531789896,0.322404806323135,0.0478932644247868,0.0644760320146709,-0.228004158117429,0.159338167956207,0.89006749707174,0.0446749984272967,1,-0.999999999968866,-0.712464824300853,0.447597031930763,0.751378219157291,0.133585353062474,0.773753361391127,0.103503043584554,0.742269792773623,0.12305727626399,0.388392150672512,0.157209710857663,0.675491637726295,0.17136020772549
1.29722597461337,0.159022789116111,1.00058069112793,0.0963228402449809,1.00260160449939,0.254160601903462,0.130580891225054,0.114528715875808,0.100994978500938,0.12641608776707,0.86241013612976,0.060379082096485,1,0.279123093192073,0.549589383182936,0.407677680798011,0.701642414981788,0.115969151643482,0.637405957477759,0.126357851688378,0.651085903868503,0.132466672889336,0.731880072368157,0.13742298926792,0.548877323650194,0.170083680710018
1.05947348406792,0.146846348400369,1.04523141374013,0.117644923009722,1.05757342677264,0.283345618097002,0.167093949052272,0.156033904175917,-0.0611191313194232,0.153645856474785,0.860342099646778,0.0526886043304558,1,-0.145392346756088,-0.694450540172655,0.36302440333857,0.692315961724658,0.111172518970354,0.756001152366721,0.109487578723722,0.844316491438638,0.122631051635559,0.587367415656651,0.17323502305702,0.856970620264539,0.162104198915186
1.2861813290085,0.196900578507169,1.15457258082566,0.120910768849541,1.6442657585951,0.436164204223984,0.0860158215313378,0.101093099360162,0.376075617447368,0.245149962763301,0.863811069810063,0.0722113223427415,1,0.999999999989442,0.0630032966923917,0.461848323189182,0.518048576054003,0.158400051074269,0.772227509926055,0.13675443742918,0.750915897708621,0.142507863918404,0.799666079248716,0.120878531054761,0.790494146216872,0.136145580906864
1.07770851891608,0.154800113196846,1.23133185649281,0.12997986400017,1.34231356683826,0.335330677128535,0.466049472157407,0.206632848459704,-0.0124734714390783,0.183079622862695,0.876856610078702,0.0527402681672278,1,-0.0157704591178127,-0.330479031989024,0.419315949101105,0.800981213304335,0.123644726745109,0.704306448018268,0.110572948017348,0.897874973373631,0.115547142643722,0.789812893162272,0.151657273965212,1.13112566397638,0.137588322580644
0.857811011591595,0.18055711387574,1.03116520855673,0.119896276460694,1.42262438032298,0.376096074305208,0.0358352202928444,0.0937277333247237,0.0855959829248354,0.217824460485157,0.886378989016839,0.0486894811507321,1,0.379099507786947,0.0306573107392822,0.454731227870265,0.655190008487662,0.124163435391726,0.73078804355506,0.122806746180864,0.692835258480724,0.125026308119588,0.435849867683994,0.186045098647168,0.828479709771287,0.154979894574309
0.901821171140775,0.142019802225783,0.863623908751769,0.0915211649168508,0.832543982834903,0.200862139490663,0.0233182697627514,0.0389407648840235,-0.139332283332554,0.119178086766698,0.845553048577966,0.0563346362106036,1,-0.999999999937243,-0.353487864196031,0.341037130155552,0.675705059532742,0.106005487255389,0.707302260757848,0.113597940696939,0.771348601399052,0.107216286606407,0.830716403260776,0.119688399591552,0.421417727080964,0.169268975838282
1.29179100208974,0.172401071934218,0.899746362355296,0.0969298491587736,1.16602704167095,0.32277618135508,0.0181166752131775,0.101430165709853,0.0556469203073449,0.143633501748207,0.918644928763466,0.02830414943281,1,0.382866681009938,0.0538318280305552,0.44304795556145,0.790461391903481,0.132005650398933,0.657885376594564,0.112043097818864,0.713171189828878,0.109840329409045,0.68452397910288,0.118683646324162,0.651703021482627,0.164946121127249
0.774907557620796,0.147515569637074,0.981071827426272,0.114355137605314,0.986698738420808,0.22718539587303,0.0196849052625079,0.0391714275020234,0.139366678485919,0.138503441636402,0.801315017744783,0.0594820827341519,1,0.999999997007373,0.194298942501435,0.342993134340601,0.611777208415259,0.103828753209832,0.641620300965451,0.118010521486036,0.646192569363751,0.115471876165873,0.718309457638613,0.14910837730079,0.544038216164076,0.192634096310505
1.27412652185441,0.165713963296782,1.1417808979173,0.110723003699807,0.778346632512011,0.239921032959066,0.0339966675815654,0.0824938146469885,0.151402676976784,0.127329339011461,0.932024899036725,0.022516424397638,2,0.930741019044959,-0.31260558633527,0.47766439580473,0.929417744398778,0.113969896845801,0.792221493316365,0.111320558048683,0.875853003035465,0.131209071771532,0.619208437084217,0.132178829429478,0.620428030815345,0.137913805632432
0.946906050548451,0.159612114833958,1.0008258551226,0.105906737704045,1.08148848582679,0.272815775175843,0.109084329943536,0.114871623798313,0.333732978531326,0.15047678983519,0.862246603474458,0.062578838633791,1,0.971643590872147,-0.409365224921244,0.442690054412855,0.70707146328894,0.11528749730439,0.780225124253167,0.11937903161485,0.441871776064938,0.148968395506717,0.74018613147714,0.121486415640211,0.753951151841304,0.154593139005931
0.924337437821153,0.134249750330099,0.801523864361785,0.0993856435270068,0.61587720834451,0.220234805184642,0.0214586663217435,0.0674992695139583,0.114960404119133,0.11471361576925,0.942925901999992,0.0172975403679443,1,0.999999659735755,-0.0151189746794347,0.502823791166389,0.604253172725079,0.108788997084665,0.761183717093209,0.111411296141999,0.571151685065048,0.123001904852208,0.627806920379165,0.143958159467002,0.514377384275938,0.191150578935215
1.08621048332382,0.15459761665188,1.21598305913801,0.137959327014588,1.06017805795266,0.242060726595838,0.3007138941803,0.18442046388859,-0.108992662261691,0.162981557813125,0.709735746131564,0.185189431953145,2,-0.193032798835991,0.0198975710359356,0.362528475031234,0.962935247219914,0.110676147624583,0.807153665586071,0.0965069708087156,0.737269646590895,0.129482439336605,0.798400306549265,0.152085980841011,0.55827596642986,0.193021081129836
1.03947561285997,0.169286143319543,1.06594798922294,0.116286359374335,1.1878442502844,0.332938498185742,0.0361867342710196,0.0847368045052557,-0.0372334564967716,0.149887127128611,0.906887791405026,0.0360711474250741,1,-0.179588659772074,0.493424892080726,0.453441483259959,0.753238901611283,0.115831010175609,0.676226657575903,0.154787632455188,0.747456074022144,0.139673062860956,0.720393376470951,0.127715147805477,0.572426560706842,0.166850522129249
0.896233964508947,0.149770164976386,1.02530100525816,0.0981197378321031,0.871741168708581,0.284492749348557,0.000110585780548389,0.0650971850429568,0.00779224802536373,0.122529560943567,0.937929952392126,0.0175789859684635,2,0.793632319577052,0.13429837161915,0.493670741068101,0.642600777016213,0.110445538377072,0.674754907708008,0.108474876084951,0.898191571935395,0.10525368902272,0.501691610394259,0.162718287090642,0.941266824453278,0.146407328139827
0.978564777620534,0.158002128668854,0.899077890934177,0.0974533392333374,1.41607984094782,0.354266324020053,0.00298366519175759,0.0164310944716977,0.0650008073237431,0.171953751300536,0.865114428878361,0.0584226596635477,1,0.99999962398029,-1.0390684291055,0.416795357152252,0.937325708299291,0.124478331343852,0.633598416420774,0.116497335551465,0.704533759654421,0.117960585545331,0.875973578518671,0.11464445479796,0.49321210977954,0.190306533001659
0.888727830363717,0.157449283863129,0.994274104710921,0.124313548873188,1.26905280596482,0.329776845093154,0.0803781878028983,0.112488123943672,0.319380908234588,0.232284259560369,0.832932335503699,0.0715070525080862,1,0.999999998897669,-0.26508308668639,0.378950741507514,0.566232762098884,0.148511570189979,0.647743151941258,0.11826148873685,0.863954394618247,0.105367910465714,0.884209809021136,0.130524578339777,0.761755811181317,0.194531969790852
1.07414681768977,0.140477018044304,1.12732942049724,0.129638405610146,1.01838243321596,0.275805141079113,0.073991502968532,0.103292926208574,-0.274502542519432,0.196728835144757,0.840650705737168,0.066300838969503,1,-0.999999993492067,-0.0313030615650642,0.38084598341283,0.770367655482475,0.113819796583753,0.726371255547145,0.104543002859533,0.72683262379651,0.132456533294161,0.652882079889353,0.150240494915663,0.424463513316598,0.210571296410319
0.9268987964886,0.147381563057514,1.09752093441542,0.100008077380536,0.77062964387352,0.232590370935051,0.00502193962676833,0.0210406321972998,0.0622097705033693,0.132224866792914,0.914741420805345,0.0354074876622607,1,0.999999999993679,-0.0537074835957678,0.46322550935665,0.489695154281231,0.145769131469818,0.683938795044584,0.106483518392243,0.859537357523123,0.11181898208187,0.644488382134366,0.132675740135796,1.06132233353948,0.162008414305186
1.00981171601333,0.150661321082773,0.933477193111026,0.0922634291040341,1.07402857495637,0.267288351930151,0.0564713721373787,0.0679381681213927,0.246275997777101,0.158183027532229,0.859145308494625,0.0502299726463455,1,0.99999999784481,0.0378473382580452,0.351551519970265,0.703651156468513,0.117964499540818,0.805206777595783,0.103278628068495,0.739643557351356,0.113258471604023,0.743877396637704,0.144487271801344,0.75491123492258,0.183780545660676
0.947121284567597,0.126485194976625,0.887090284363309,0.0954625634981687,0.622223936251874,0.164900705255683,0.133300282651721,0.106732501395672,-0.131612412882623,0.116558483704678,0.814669835628062,0.0792335171778955,1,-0.456991328283452,0.334259876107327,0.341518827846869,0.578976595072774,0.11086676175009,0.455313910978459,0.125552658449159,0.548595020890622,0.131242693475381,0.712243286097238,0.12470996714813,0.586210659951871,0.185421179214457
1.08396682171085,0.159923915698017,1.0880704799211,0.107925008229269,1.10442730796948,0.297829533825505,0.0984400327868995,0.0979927879564934,0.153580372920475,0.1768256834531,0.861191082664583,0.0641755488981621,1,0.465780469967822,0.439660523294561,0.418241038324532,0.719434863328267,0.130242948160667,0.65400314823756,0.118563447034087,0.458287357455478,0.147070302075085,0.533631407115912,0.153338107593001,0.969227825163651,0.152624308054332
1.03567765787984,0.139709122692363,1.0285205352582,0.101747343000439,0.930975969837412,0.240619931333273,0.0164651733829555,0.0317843867716943,-0.123809049557399,0.119476558156588,0.903127556465773,0.0392368545363969,1,-0.999999999790206,0.223297912326197,0.414093737806543,0.785494121926952,0.106013755738827,0.736513079152138,0.103450454385207,0.787561579140912,0.134093630172416,0.906696986718162,0.113016012369367,0.673877132603762,0.171307370598026
0.99783944108562,0.163248086774436,1.0178321527985,0.110307953180632,1.08227399120272,0.290722817238995,0.101577679099708,0.125800607865612,-0.15768347732951,0.151131380281284,0.920890132303103,0.0326006672644041,1,-0.475574363143472,0.549832450448136,0.483275975077178,0.608148497546169,0.149067311850742,0.585323494742355,0.140908373309759,0.767008524924491,0.136463524732494,1.06812655766803,0.114327700339383,0.576934194832727,0.168775959727385
0.831761285013743,0.145414865022623,0.996296635993007,0.118971252260219,0.851225210676636,0.250635635521695,0.0873280295870028,0.127361680548265,0.117367659322589,0.130413422945736,0.849258743602256,0.0793119918820935,1,0.430476426750601,0.864171348433485,0.411409169220355,0.761086114008264,0.117960683222191,0.579645159049276,0.10777304189557,0.65261466549549,0.157856744573233,0.604771216327545,0.199942915135449,1.24023614365494,0.217757943518743
0.931987456643378,0.159030959874179,1.0579686650544,0.120365545556786,1.2773936570299,0.316102668724592,0.211538857828527,0.133743507839071,-0.0991825250165941,0.182579964553136,0.815536432797871,0.0623341128750746,1,-0.190799707801088,-0.4942746647294,0.339212539704996,0.786920969048624,0.103556933596843,0.690510555814953,0.11183415089462,0.838881973166558,0.117572325365811,0.420657482832495,0.187219439300737,0.849325596667128,0.15098889922978
0.728536010536266,0.121113147626573,0.832392761450166,0.093119290462424,0.607673040592521,0.182036843971167,0.0175597048484942,0.0340044856476954,0.10329839900563,0.103445418074348,0.897976684756322,0.035717243054313,1,0.999999999996939,-0.180409357624342,0.396393734832711,0.59265644626378,0.123064688324409,0.733699702873934,0.0948662424921536,0.622409276352044,0.0999089784052617,0.477035009711847,0.145531064030986,0.752863704945227,0.168065082687789
0.816182379603134,0.170227974831922,0.809589101691384,0.110963772804688,1.21831412513029,0.407855996216608,0.000790030515623804,0.0457022290591116,-0.0291928119345646,0.180789996503627,0.93382576251529,0.0254467142886737,2,-0.940966921117062,-0.167879379671131,0.525099728898795,0.678040295655832,0.133571697143421,0.822722520326681,0.12174829881149,0.733324300348893,0.123933001647104,0.431811153933892,0.192369967300206,0.750050170354877,0.19206232655479
1.07955669873301,0.171881412130389,0.989492585144039,0.116947063967944,1.52976406242695,0.411158867042581,0.029869360121269,0.0537366168342843,0.213759382479063,0.20397512496936,0.889350682236932,0.0457826654312251,1,0.999999999087657,-0.451953428158,0.434487041413281,0.761223252497437,0.111723008313512,0.715408996087383,0.141282895080935,0.607092773141093,0.127799048269485,0.760067960488828,0.120558194932747,0.657450898524566,0.168508932979182
0.826953376572415,0.130811217871383,0.878329290421519,0.114390415731059,0.62428702030275,0.172398584180139,0.115701894736717,0.109025882166087,-0.0671407555507616,0.12217085595675,0.83983710591951,0.0724543615348555,1,-0.249818062551672,-0.218643143636246,0.400196432541821,0.359649728851947,0.131190103680828,0.774040179799589,0.101043154003395,0.609160328083789,0.115922194654357,0.728462278129853,0.121750536456937,0.596680736584868,0.188355959361649
0.886876928193907,0.166963136522116,1.08273660066109,0.131405410000354,1.27012968781684,0.40992966629697,0.151429317408421,0.131290695100904,-0.146587737031552,0.215531532055399,0.945355333212015,0.0196112855028041,1,-0.33424785155068,-0.277381080206344,0.502010583518369,0.715757653247874,0.128141892776704,0.957482556458426,0.116380887772145,0.704995802090207,0.141982229748012,0.710493312123407,0.157649542403155,0.579048959572097,0.213082345660447
0.93572363734841,0.16274009654889,0.993582776030827,0.110421374741339,1.34654767798767,0.333331709541345,0.0840002742395209,0.0885376976105611,0.0745997319718565,0.212155261582495,0.782412041061371,0.110243104625296,1,0.221812515723038,-0.671340823878094,0.369030538242039,0.703544164718579,0.119282951079053,0.692309614696361,0.111855707225845,0.556989193137207,0.13606429129495,0.686213449178257,0.154774526666887,0.834442622934201,0.164921658431094
1.01708236534806,0.182544748464265,1.16488767166909,0.12730131957265,1.94423330548337,0.485775434079956,0.104380178077027,0.131188582320416,-0.0705015692024201,0.262865700863903,0.866385265616657,0.0548754783723967,1,-0.156500445269597,-0.118579306535662,0.406496096561804,0.741839855173518,0.114810563088236,0.574040906430976,0.138133860513319,0.905734431996361,0.142927844740815,1.01021106928597,0.121512230493339,0.605556800626734,0.170797053995889
1.18131144756584,0.136316826640478,1.09715156175012,0.125674982039459,0.655798935465223,0.223605316433981,0.137144129195047,0.14088409699372,-0.0105424793967231,0.137590526280111,0.951768664318479,0.0160600610280023,1,-0.0351535182379634,-0.0283810585479635,0.506868465542533,0.885067933616936,0.12054013908541,0.605268606445388,0.130287055191688,0.958299072900804,0.12124693005887,0.935183489689145,0.144888591926208,0.441858162432126,0.187624920914782
0.70851001470714,0.129869178139303,0.862630479739424,0.0932509546495746,0.800516363631212,0.195010247939923,0.113093432589283,0.0849105745035306,-0.0576132093125177,0.117737472322429,0.825028438792199,0.0866819181042692,1,-0.191477729088011,-0.362752421323695,0.362510593934157,0.750959168106869,0.104898460736315,0.598440342690282,0.119892329284358,0.62141156341619,0.132026926292034,0.504607929435945,0.151564041231993,0.572174951071583,0.162237170191924
0.958528928585283,0.163977560770133,0.877636596900471,0.114310155439308,1.45635575117076,0.374490392981675,0.180255740861517,0.15007358284951,0.0981945982415141,0.182001550993872,0.67419343980997,0.209364751802002,1,0.191650213493765,-0.172592177418813,0.321323577487542,0.570101117935072,0.126209207947235,0.416613637149891,0.134773758476497,0.716950837708817,0.134499124870342,0.791598460474582,0.119803512254952,0.881482705124413,0.13741118176769
1.16262321181434,0.18437381384156,1.06626838338785,0.124120216228459,1.73606569072856,0.450015785326415,0.093324491247498,0.10577471216789,-0.390187137191878,0.227002770739892,0.839814216120164,0.075791939300858,1,-0.969375536995188,0.0977710631268014,0.392206179063574,0.525377960609528,0.144196007477267,0.827977963964878,0.116465023231951,0.662796174649247,0.142150197843941,0.745649487069757,0.147374517285657,0.838213598770097,0.150513990855487
0.974592774273058,0.136778136593963,0.83580877791114,0.112931981937118,0.6517683847879,0.158152987365608,0.276726254905945,0.184490836018304,-0.0300253851088319,0.110973087936404,0.690877052516684,0.159668004103633,1,-0.0706995677274743,-0.134874287093931,0.368130480114683,0.632580245610565,0.137181418582633,0.647019855847043,0.118381013943701,0.568932116925443,0.111864473617818,0.874649620762763,0.138668553366325,0.741946676217982,0.132114820891519
0.882313483392908,0.154511954037667,1.04563254132454,0.120644362834434,1.07345190628435,0.249720070110846,0.130215812026115,0.10454176510734,-0.0403703800330054,0.168647998449446,0.796527322711921,0.112850665744883,1,-0.107979094241914,0.0813779671772672,0.388429606907791,0.617508080689006,0.115395774459759,0.718037574533522,0.113769642093051,0.65580214794651,0.120077550575509,0.729960873113769,0.142783177297081,0.957996289033302,0.180831038130695
1.16215080541048,0.150496145872739,1.15824152831771,0.118233676527864,0.857004279953976,0.2249518606256,0.18945612126264,0.152303795260832,0.0644489621699908,0.140933294196526,0.816309418811827,0.0728340771823849,1,0.159944795119782,0.381437171838407,0.401154112431849,0.94967935678873,0.133400614645337,0.568284366203048,0.131950924236046,0.746371936369304,0.105895355194388,0.633970424950393,0.13025567294387,0.760270926410219,0.14510464540305
0.912115507610932,0.152666863427982,1.03264691217008,0.106173572063558,0.906403818282658,0.266497285437025,0.0350831917223051,0.0739453469580124,-0.0890572446592323,0.152715600878307,0.935740418266775,0.0246959664893573,1,-0.499411849727627,-0.13416074112685,0.528393035531363,0.71039554572552,0.12243120151343,0.814710463565618,0.12439286822674,0.807843906357046,0.105817618208059,0.778606294807634,0.149591518759231,0.69987824780344,0.1873987120893
0.790768524839667,0.146747117558824,1.01179319321708,0.126508185655341,0.921040602920999,0.22320495329923,0.133234156087085,0.124014261959096,-0.15499355511807,0.176085792416088,0.909297684111985,0.0306401303475693,1,-0.442452307292386,-0.127448277575255,0.448017331297104,0.538118276838139,0.137530728424184,0.809098067829717,0.107837851542468,0.618346174407108,0.123622493605733,0.718721561955241,0.124049912584862,0.62930299460219,0.154113054599273
1.18436936517654,0.17755798898534,1.19106202782977,0.125659913573273,1.6993966710648,0.44419682061787,0.0557869447981146,0.0792108459582611,0.307902822781909,0.227300666462993,0.902811715264421,0.0341217368741685,1,0.999999999990906,-0.580109655051568,0.425754654990857,0.922245250012585,0.105475778643331,0.889989736751543,0.107383456543394,0.718125415705512,0.144395235145008,0.825046731196693,0.159766182571486,0.813523382864281,0.168068505344873
0.961000486790002,0.152975149341823,0.973559365786134,0.112119938021401,1.15227526822236,0.275538105070898,0.18523772550271,0.126446120824098,0.352382377186462,0.169181893837264,0.69930212157139,0.185948291790552,1,0.762730899727388,-0.664689200167688,0.385834785126349,0.627365897850371,0.129771474187378,0.555199388833637,0.13595969383386,0.825455964674286,0.128160329432361,0.919985780255273,0.116591878876402,0.712157631424281,0.125378184460297
0.811070277958046,0.156974321529855,1.01783803101979,0.121338119150093,1.24067656017505,0.361111701237373,0.0518644577241982,0.0898671709934755,0.0833783163746015,0.217863258347794,0.925804072414199,0.0320580116529669,1,0.32869183200053,0.267335704305658,0.498479973371817,0.685150194529527,0.132803720953876,0.673287022416365,0.124141366688793,0.868753740639547,0.122019461641806,0.54846471736501,0.177395934392127,0.687127819415171,0.127513651795771
1.04031158298091,0.122772755785179,1.04561406719622,0.113895393886359,0.49822353308277,0.145383902705462,0.0656435254045321,0.0792603628986111,0.00997326834533249,0.083895125459282,0.848938479820838,0.0626618216487993,1,0.0551479581687234,0.55167289649902,0.395949492911916,0.52418002325512,0.135565990323721,0.660095219507391,0.121504564762669,0.837649494325474,0.120916872046982,0.562055620668847,0.146961758043021,0.568407966954043,0.166661369047117
1.0532849152853,0.161374579433368,1.0669969375575,0.112117309917239,0.930344296552811,0.265509152567122,0.0331370263943346,0.0619304043906084,0.175581444013979,0.170975758379603,0.914158520279012,0.0374217961551875,1,0.999999999535253,0.702118377574378,0.48723522916749,0.656446479014252,0.117491902324279,0.891061572700854,0.106760634119168,0.621418233188475,0.138171305783702,0.506185301346962,0.180200327639813,1.06672399691603,0.158540947928865
1.05645955828277,0.156925037188976,1.04348684048237,0.0920472738332659,1.17430941828446,0.220465784612228,3.29402144639456e-05,0.0247253198265585,-0.00577220801415719,0.142927900395373,0.862763594767424,0.0619029227649146,1,-0.928084437329306,0.163283035197019,0.403120466510063,0.695547875404814,0.117172066628559,0.830506664859037,0.116247555405891,0.741512707616002,0.118651206840535,0.577953440140905,0.140853227058933,0.78991673342359,0.166618380980155
1.13249164639529,0.176681871740186,0.990347674871916,0.119550429905444,1.69054918223138,0.439027693917966,0.00541101779603366,0.025091198352071,-0.0956430023210578,0.212250716196488,0.86645847492628,0.0727676604470353,1,-0.999999572721421,-0.754492584651142,0.461141663522981,0.810978985825869,0.141978988137794,0.632548134956158,0.13244766030068,0.896713371469327,0.118723124377747,0.539620421399493,0.134125168684423,0.743278105521951,0.152889616027241
0.840047080878119,0.153308013231559,1.19756918099413,0.119950252276525,1.05528574980785,0.289461518135577,0.00167422153087826,0.106206334093842,0.0382867477924188,0.161534357836364,0.888787595157827,0.046218346503374,2,0.910871217885573,-0.180598810124541,0.415347830381868,0.735816259784654,0.122298442362805,0.765498192469581,0.125456094266188,0.783856676353165,0.109625321791914,0.386241937064884,0.161703343022332,0.997054976224058,0.148863658958627
1.06865000302342,0.15791243932052,0.914417778639376,0.0936365873875881,1.06592481327557,0.273791038797756,0.000616938836600147,0.0706054784199278,0.0236561897371605,0.139532291258896,0.899888538889083,0.0300963093969123,2,0.922487422823769,0.878616612354485,0.441207224293801,0.64558373625354,0.116106427882717,0.688490373166919,0.133137124256098,0.820023566329291,0.116438934696147,0.682242849241806,0.121836851675455,1.00160939148787,0.117537398646445
1.32440246332862,0.187270269601083,1.24451694706336,0.140719236397291,1.28534381716026,0.381076124282634,0.000862038893512896,0.0786284484601269,0.0321643502990761,0.194576940451285,0.924059341571297,0.037082716527475,2,0.966277120695119,0.618860611225866,0.506884509198886,0.67950730432497,0.121758262586013,0.792478011658916,0.130941198579966,0.927591257864167,0.134665380269338,0.824971163620992,0.141572622190863,0.931095355844772,0.159412916008686
1.31143151085904,0.16348258911782,1.25459825586726,0.152839262757362,0.83812984536289,0.273404509887179,0.182550167939472,0.199870378588903,0.17842072392468,0.164151128993661,0.920525531561375,0.0331158653830095,1,0.456140386032032,0.925452184166223,0.457532893870775,0.773809139503662,0.125164675797607,0.67259413470857,0.128598448297334,0.776210588399987,0.109360272551998,0.734178581026759,0.150375994554636,0.944459821653434,0.166851786672411
0.891460115408266,0.152840263334789,0.971320329769272,0.0977306274870754,1.2812473770761,0.332859441992445,0.00175561869499702,0.0795425357032024,-0.0459194194373844,0.176649485119506,0.913243059571957,0.0309519179083162,1,-0.968199369560918,-0.69203186570663,0.419322313750329,0.731881528094494,0.116965160680011,0.545837459216095,0.130840457406861,0.774508723137832,0.108934022821698,0.637724857208114,0.149274112626193,0.609510155743611,0.19493686916255
0.91775786071118,0.116874545687602,0.878844729023514,0.0903987541206787,0.500520233638633,0.137412812640628,0.0304896234049853,0.0539196013925996,-0.00356639936400826,0.0983477900098923,0.870741091957322,0.0446926863254793,1,-0.0288697567275469,-0.0808246300985686,0.38442735651982,0.594280509003229,0.128974125966477,0.719765254072992,0.10898911338988,0.629890603030969,0.10093166618638,0.552013015831607,0.131334903024785,0.755838831173732,0.159920466931173
0.950049846138201,0.145566606792256,0.917932682697493,0.107877325682184,0.999451964203534,0.286164906943814,0.0331480035216173,0.09715259440736,0.0974168852658696,0.130699667142807,0.910123726317874,0.0347568730412451,1,0.53521045508325,-0.585547807834378,0.460818454249857,0.790649797586384,0.119787326516665,0.682627778244163,0.0994414815277555,0.82841254423496,0.0960622812800746,0.811517380801784,0.133776402290269,0.313733609366521,0.232100966055121
1.17802857299919,0.158371412451782,1.11819667491788,0.107844837193252,1.21685044640477,0.311594427360264,0.000988786604645945,0.0970315248744895,-0.0319642881339941,0.17526243282048,0.866497112398063,0.0592141542699517,2,-0.92149959106402,0.46959506611268,0.39537371963778,0.564980695766487,0.139295277564196,0.894729266240588,0.0980894051639102,0.598257373805849,0.126302980891592,0.835097772581454,0.125592532893711,0.825439320333063,0.160985340472701
0.908565271554285,0.130854750275913,1.03807151607091,0.0997370889803821,0.700827491449512,0.176490390862948,0.00421702635946906,0.0742280640675784,-0.05239426176175,0.11057387478463,0.863509358789533,0.0503473280777894,2,-0.963773549092781,-0.181517879999896,0.367709780075694,0.610330687886117,0.125672364140044,0.456069835611502,0.119671744671256,0.739533571364187,0.118717536748267,0.616568342496011,0.12034531949417,0.61116361575814,0.147539129947698
1.11131810599904,0.147414397453885,0.932339278985043,0.0980699689701397,0.719488935953196,0.208186810179367,0.0230363399771948,0.0438116975264123,-0.128741566957608,0.118082849898457,0.901907192633612,0.0401781609133731,1,-0.99999997961471,0.755513377464521,0.450022281398063,0.535228518068222,0.135675524764645,0.517039181327907,0.129424059327408,0.640973321921295,0.118257578076077,0.708420458106962,0.135605339059499,0.787449171360355,0.157274573487521
0.834094854623552,0.158046734238606,0.99471770145146,0.104840167091041,1.16069051558432,0.276318284059187,0.0847448106911859,0.104612904611325,0.171381105311826,0.153113060458716,0.666752844484864,0.231290198746609,1,0.546447149304414,0.408622705240289,0.366009669328756,0.465099498560086,0.121823856868448,0.586296438977253,0.124025809650116,0.605509559720539,0.118292799193338,0.770523742171641,0.140640582366494,0.827798485604465,0.19632763154469
0.941090076363021,0.169893523518144,0.808338780760093,0.100153216822095,1.14900197863142,0.321761457383439,0.00294943197912398,0.0673718154068436,-0.0574098004037507,0.152322449584209,0.909798463357927,0.0374352979077073,2,-0.986180603172017,-1.11500767904298,0.446952277807204,0.82017799758431,0.106823543640763,0.752501079862743,0.124515540677374,0.471854280226022,0.14004478095141,0.452794058198162,0.163367849127861,0.926612731236158,0.134352067460644
1.04162974660297,0.163313091727389,0.94433166175967,0.103536817214515,1.17340799192158,0.352206299646236,4.24705668437424e-05,0.0568294853839755,-0.00575563114675481,0.182673321414124,0.878031704253918,0.0540514837272864,1,-0.815313070167263,0.522860055311219,0.403663380922618,0.616753965522868,0.136488985935517,0.884151769184636,0.1095764131013,0.476800356823787,0.141132450649885,0.58570015602973,0.14801262826741,0.720176861844557,0.180902986652637
1.15282560282413,0.155031240198994,0.87021569481799,0.0979803501277341,1.07759642458083,0.272377690334202,0.000913117776026466,0.0821656889443082,0.0286008695101958,0.161434630004883,0.903753971903572,0.030365718193358,2,0.911775182359327,-0.0424300079381748,0.396558499532398,0.652957021394152,0.132739593818811,0.688300752471434,0.103584233848306,0.784333167169939,0.115035762773722,0.668539188433679,0.139428108747167,0.803962736768578,0.173127543969376
1.17472274008398,0.172601734273206,1.20943878622164,0.123836584585165,1.38099163935401,0.345377443026231,0.0860008099762543,0.103525815688088,-0.274180257369593,0.243837227404154,0.866376968781095,0.0717559486300951,1,-0.795590125678568,0.125688975337788,0.44411641506625,0.830402942066892,0.123003934956477,0.74063448467741,0.134742941315742,0.689812419484379,0.112664708593766,0.701136273352098,0.137955598620139,0.956079167091449,0.182665623757243
0.856855712241775,0.131343982247186,1.02502344739392,0.096204055010744,0.770386769850804,0.214598578270658,0.0735753530419922,0.0687106162225214,-0.238078723465154,0.120323841602515,0.917961774196783,0.0268068063923459,1,-0.999999999965987,-0.140264410162731,0.412609040775388,0.777214101454776,0.104037764718069,0.490483044372469,0.13357811486213,0.788486272517954,0.109369522120571,0.697743471203981,0.135138134282071,0.603601926534672,0.163180329528512
0.840807263104019,0.153161671924412,1.05172361809877,0.10374255597742,1.07578794519166,0.275001722731335,0.00586339166375039,0.0165013777045126,0.0794214454452853,0.112508737001861,0.872422832171511,0.0516267081186992,1,0.999999994199094,-0.581004949623198,0.389282377579045,0.804666572647598,0.103455448954938,0.725920126738533,0.126507530135994,0.687217278025138,0.111501669447054,0.822870330437942,0.151249282545781,0.699586107403455,0.177509481277725
1.13875550321056,0.139697725932655,0.832179783868978,0.103280022530784,0.629246173712735,0.164165646393564,0.141081510028204,0.144718280648205,0.0976337454984935,0.11847356169657,0.840793408834223,0.0597859854258007,1,0.327683526615249,0.191329154990834,0.352803634049814,0.761347091177026,0.0998374647614556,0.55914408041881,0.119987624276216,0.870763225802424,0.116751556743502,0.233008655270098,0.192387138615057,0.957821883281359,0.157907665348677
1.05040459796856,0.14316623408527,1.07861337286166,0.129972806060653,0.642233055762455,0.192768753288082,0.265759307047243,0.151464374315004,-0.049518198564524,0.134300938231958,0.9158305423001,0.0302619513104237,1,-0.119859998562423,-0.162273539507419,0.448419978135313,0.759834131995145,0.120472970512738,0.725065726155257,0.119108012729258,0.770249901634471,0.108970646399074,0.856895449845358,0.128079978243594,0.638883306304843,0.177986629255826
1.12670405285695,0.11988961805042,1.00125764426241,0.0926996707825806,0.568034960991058,0.146629545414851,0.0785946280576677,0.0850610484211179,-0.046269716200828,0.0962579758563068,0.857691791048198,0.0477849174991633,1,-0.218984245421435,0.591692639701863,0.355337803112553,0.595583483337445,0.114984312816741,0.717153380662421,0.0922127633625108,0.682702540658916,0.118605845496673,0.707625559205923,0.128573288767047,0.698650670285258,0.179197629074851
1.13430868619318,0.148307469171547,1.00241477547824,0.0988225833225557,0.876140625752413,0.241372545664211,0.000608733120003642,0.0544045634162929,0.0173712571583028,0.141713101387313,0.882716443879297,0.0481857451111261,2,0.752195748527707,0.631353672642325,0.478715376230983,0.577714208923539,0.142309656246177,0.651126871768369,0.136301615816091,0.530218132417326,0.174881083230268,0.989132214112287,0.0848874812598953,0.908869666630283,0.138728633140081
0.94535825018075,0.162405409016132,0.8540542447448,0.118909294794886,1.21177107588648,0.32916917442778,0.153115395906007,0.135760071728667,-0.175883981903558,0.154484613316908,0.887727471348181,0.0464526965787699,1,-0.408325560987868,-0.176125016543322,0.38949791427798,0.845230725960198,0.11993707954059,0.701677259758865,0.122796436270623,0.66741957461418,0.120058469355778,0.718835841305485,0.141814927655694,0.468660120635161,0.200244110135918
0.979745238314818,0.146096474083138,0.997634071134566,0.110922779835557,0.843283015442381,0.231653098652897,0.0889874946673016,0.0854343938329763,0.107715836987162,0.121494429161892,0.884237132732014,0.0507498413080998,1,0.39321347643305,0.224972801666927,0.409365031149234,0.64647117955624,0.111544839377819,0.657321760736215,0.112967645124029,0.883956005689743,0.112268422049221,0.898642430174729,0.123909095597099,0.568686461137952,0.156571520433006
1.13195430600476,0.152163446994709,1.13000594218188,0.122948599419328,0.919706092758534,0.224651144225345,0.121719755235706,0.110516188143045,0.231835088639353,0.133872546202688,0.746564036996801,0.133820285296967,1,0.692905647192827,0.790853862980606,0.387218661676358,0.375019778537434,0.153469737377979,0.851230155747475,0.104270134939688,0.844063106560248,0.109669504472218,0.61116272542366,0.148029067961931,0.640069954163183,0.163575737583834
0.883166441226468,0.14369424998816,1.04340669336716,0.116561242373151,0.743124226021759,0.205610204070899,0.103688744877176,0.0978286836939093,0.0902753127342565,0.127549555128838,0.884572556552504,0.0490526632440185,1,0.325216433674984,0.205115847990816,0.43848605251929,0.608042850905168,0.11611335723195,0.684070765173272,0.117271291498574,0.656122374240235,0.128940464131437,0.823383436282184,0.1231465521321,0.513780661889457,0.188814700668991
0.960756091654585,0.151835804766882,0.885665045565078,0.0957929114762832,0.889893828845019,0.243051468358398,0.0365761423422494,0.0947605908367817,-0.0804569481608538,0.117147276959723,0.863703817690182,0.0582726794360533,1,-0.445959590724494,0.233195970248955,0.381087257090987,0.616797698929483,0.109179180681713,0.678515573249828,0.129805374457384,0.695941923062956,0.135623505472328,0.232594256954145,0.188662565694369,0.631721776482231,0.195179087871993
1.03133970848598,0.184690121623075,1.07556194596533,0.141299372297933,1.92439913630317,0.527863247968718,0.155237486236739,0.171291340024898,-0.10749162514064,0.275214670958445,0.913737211246987,0.042909232490273,1,-0.196665758521438,0.000984404089724904,0.450561230820423,0.792613751400001,0.137747294715923,0.710034250410235,0.114825516130865,0.737159393001913,0.143633300466535,0.92850947861722,0.136761127429612,0.775424086938069,0.155796483271882
1.11221281638884,0.159048112313016,0.995164479732555,0.106264087978853,1.06251476107552,0.27562872546236,0.120144323981363,0.105944936665257,0.0864757991834453,0.131910184169973,0.865420481851311,0.0505301190587065,1,0.242033493343981,0.0757718755353044,0.404335826770321,0.779456530943873,0.10938361492829,0.845381439480724,0.099678244467005,0.499318826178263,0.147719072655504,0.477271209689368,0.146002937372656,0.737682419374327,0.161142097313744
1.20391165038667,0.160921543270513,0.962219427970999,0.111480812070125,1.18053871318658,0.279317622132707,0.105098672571369,0.115612295303605,-0.0956525066983161,0.20323557701632,0.814795718806317,0.0903240611472522,1,-0.271554887472937,0.497899669089356,0.356929731047693,0.534573265890871,0.12460290043111,0.791244161108916,0.117876965928548,0.783952540187085,0.112086101427781,0.831781458461506,0.119278287593002,0.686768774812807,0.192792304108457
1.1902284377558,0.17421495589757,1.25693569694987,0.134044762366692,1.4413086571793,0.337302376989492,0.125792667088646,0.0935050498806489,0.0759790600334502,0.188098432682291,0.779119469251597,0.145872314486538,1,0.178438168182231,0.788052148570001,0.397037204294456,0.531762469112886,0.14536957449329,0.741375627469483,0.124943133219184,0.82331905397453,0.115821197417204,0.733576485017198,0.131148064353002,0.830697864959761,0.151420468033099
1.27772319069153,0.174711335383559,0.989306285002618,0.12871916551126,1.44998845999421,0.389440324749141,0.133263140882896,0.152538707377618,-0.236717848187693,0.210479884493183,0.884179443082757,0.0515039247934774,1,-0.538509921264711,0.418205407542503,0.428258834947955,0.734672582731152,0.125782240751797,0.910165842663694,0.105903093046681,0.314402194311861,0.18158244460512,0.49582176936144,0.178806333849654,0.932874732671653,0.129730422683886
0.931110529045138,0.145750296464594,0.864692476523738,0.104129831052202,0.98617262208736,0.261248022388515,0.0544033931030505,0.118372100391971,0.169042274767213,0.148224180861467,0.853460774095649,0.0712220579691395,1,0.729803369064279,0.599974639496141,0.373663250639322,0.284342685924978,0.155508865255853,0.690296990234118,0.123912581900015,0.542565467312631,0.138959912984532,0.753651546367213,0.124212575939346,0.728140759249688,0.160778203572759
0.795093927950269,0.121802777289676,0.884364748078839,0.090695835649879,0.626966920338634,0.164516454287797,0.0118146728734864,0.0902063615525665,-0.0120066319725269,0.0865478548781259,0.893780014168764,0.0325797128349714,1,-0.139504441399888,-0.303181987992253,0.372341191912481,0.639520791583809,0.10303512453199,0.730861052192211,0.0997272598512005,0.580246428439358,0.133101481830697,0.3385018921471,0.163870112950095,0.457523559251116,0.209720038353839
0.907637588581974,0.142295034375114,1.03312099699667,0.0985855859017968,0.750150124202854,0.221268187710834,0.000136190359747734,0.00326566165783097,0.010107387744038,0.0979124442331291,0.94223711940917,0.0150344390999256,1,0.999980774345169,-0.268093594712079,0.475250760192657,0.78550414969189,0.125306282883153,0.633799972727877,0.119217462195928,0.560098667213921,0.132247591266344,0.833072433590273,0.120957420815046,0.604439990163861,0.146364945957816
0.845018527747867,0.136487098599365,0.870699274941246,0.099076075969975,0.950820505062725,0.232303627585835,0.00688531992737774,0.0233221241654338,-0.0809117010693458,0.138001483776543,0.703980537733138,0.139297083760246,1,-0.999999999928775,-0.413011119904326,0.363131883884407,0.465201960169529,0.133919249939542,0.769316569132726,0.0988552596589473,0.68745752644413,0.130721571679186,0.260392214226054,0.179613824192996,0.807190768770191,0.124450961997123
0.767101609950454,0.138210344577453,0.974019809506707,0.0773803696062684,0.726145550942694,0.17169662298518,0.011723894609896,0.0262823615420075,0.0922672944313589,0.102537214321521,0.88935192107978,0.0381897841124626,1,0.999999983025648,-0.398192926559282,0.389325752179272,0.740577145653823,0.112433469047879,0.652184112131474,0.0925374108466143,0.686899398021749,0.099101109672725,0.530752165742426,0.14725943808831,0.630806493245316,0.159810062948081
1.07754458543824,0.15099937228831,1.00098221497193,0.104400906069034,0.903784548070138,0.282876905357653,0.00476855115009864,0.0217379839078724,-0.0656486300551536,0.148689822245473,0.901124383949685,0.03963080528923,1,-0.99999997470582,0.203194544752776,0.41776117096408,0.478682430590306,0.142118709895473,0.515849684091092,0.131554450295525,0.777662208109282,0.116733879850284,0.724015388748686,0.156029572750196,0.788200125968735,0.189677686516602
0.803172855571936,0.146284177227871,0.937558229876563,0.103981736679948,1.19322156973082,0.289764002746505,0.0217791251263763,0.0754517040524591,-0.118884621744596,0.148759052795559,0.751792719096268,0.0790678697825468,1,-0.737470950090532,-0.400968020508938,0.308410572951477,0.628943911274021,0.11148246317797,0.639279624786668,0.115912332572775,0.582901651522417,0.151785465440735,0.587741241551514,0.140542733181482,0.856448009015217,0.181426313495884
0.77167513155979,0.151601165203481,0.996275618297437,0.105766217198707,1.11781010190374,0.314551257990571,0.000275379460412672,0.065513856037015,-0.0165145426968549,0.152078574635056,0.914285124996251,0.0320865110278603,2,-0.941275521685013,-0.733298882820754,0.413934613437527,0.717974376778023,0.113581108520906,0.648916578852354,0.110494877688427,0.729597672669566,0.111100437674162,0.707655208635659,0.122823373107648,0.676632468093039,0.176443100416146
0.934903747175986,0.142794947573744,1.07254528999997,0.0996868654166223,1.04394910464308,0.274143458417845,0.000136375091586865,0.0478066752432143,-0.0114548158132739,0.150692946944443,0.923704981647646,0.0306138952801269,2,-0.960021412375252,-0.97530392465572,0.432051918675436,0.911944246631594,0.101040893921688,0.751738833082798,0.114182404546316,0.537648805571888,0.120475311963295,0.647843059127631,0.129665773938126,0.650857132916398,0.141841258704258
0.751745590196434,0.138628556241125,0.96972731339148,0.0915984532624969,0.930487658866226,0.221059926726325,0.00459687235575456,0.0703282225148386,0.0599312136170782,0.140893029304072,0.812264100453903,0.089630642446096,2,0.9163608814694,-1.67319490286896,0.411244910029979,0.984205295782045,0.110724219616786,0.632324792628347,0.0987176899546657,0.64895391633768,0.104690937179803,0.623393728327455,0.131382803401543,0.622433688545554,0.19479917245992
0.884949287915793,0.167241598627688,1.09445001655818,0.0991629311933424,1.46179921829834,0.323939812435408,0.0628145444001292,0.0755979253138084,0.303021866811544,0.193113712356509,0.713449305782249,0.184048532580248,1,0.999999999259863,-0.122822646909433,0.370850839238141,0.661057330037198,0.117834949717979,0.828292358827943,0.102030301875584,0.741684368310673,0.110020572976177,0.909682156813788,0.120231924251693,0.724739669411522,0.171330422745846
1.02877214268438,0.124152866679947,0.948802656587083,0.10108314017276,0.576941096194566,0.170571928781095,0.0744769709294788,0.0755656491868993,-0.207289230898749,0.108724407905433,0.912169559539087,0.0295498135154499,1,-0.999999999968474,-0.366462736746782,0.41962356834879,0.98700087453473,0.0877875886051368,0.433686993043122,0.132898920736311,0.654062552326998,0.118794963402312,0.518448224019676,0.145861763979901,0.766810634406884,0.125647473800683
1.21218387820264,0.159392759019552,1.07819904741876,0.121549272673877,1.22532360606088,0.297006136679309,0.138941899181526,0.122939266263923,-0.134214335669759,0.169870355940842,0.866146709932355,0.0488103361779892,1,-0.32527964734146,-0.31126169607178,0.352388360870088,0.839013756959641,0.125148591299905,0.744350795387511,0.119413315034822,0.809529061627309,0.116379907458752,0.784340192312765,0.127685757626986,0.608958676102826,0.167335431145119
0.872048580207553,0.160603004821365,0.947000394596418,0.118027625217467,0.776635410662644,0.2453030803314,0.065443675095205,0.119038469031558,0.0344479396923756,0.142082813312702,0.939125855865455,0.0229829176986159,1,0.15279910769519,0.289232419908234,0.488595044328002,0.662945027314,0.134269126842522,0.644188298218829,0.113449900325803,0.715704945871736,0.12317818974632,0.591824775662072,0.164409263403559,0.407652076237473,0.219017206905918
0.840492889920161,0.158049935239278,0.863595197184955,0.0924587576883879,1.40057020528328,0.386831644738596,0.061464585965826,0.0673240427373022,-0.293403251142211,0.170842560683262,0.900714122699515,0.0360808306091458,1,-0.999999999982636,-0.897929489052996,0.3828072828014,0.826192901930191,0.0987335959208492,0.701431704564968,0.114300901536318,0.755390910989268,0.13414753696368,0.676567712139787,0.173423995697305,0.753725655998218,0.180460535966881
1.00500721208041,0.14806009282139,0.876712271776701,0.102997835630261,0.856007949876799,0.21453536352297,0.00854055040153065,0.0268430138276288,0.0855030937372273,0.134391564347412,0.873247848277451,0.0559281300428388,1,0.99999999990448,0.336408565634074,0.426337527431207,0.594690375536062,0.123125338867849,0.421261916456765,0.128652399271054,0.804139217639062,0.132770954741156,0.782390072559607,0.115133612156594,0.825264520033295,0.134361867148235
1.14249616123789,0.135335229480669,0.829170232806448,0.0882510831197492,0.789235393071396,0.203859608173753,0.0568838004982,0.0870762893824864,-0.0477559146571639,0.0987517155829472,0.856880209510291,0.0549448798237074,1,-0.225387376640226,0.307289591864324,0.359842309216746,0.767182844384035,0.0950008913051339,0.632133734429784,0.110110460489508,0.682012400949146,0.103954961524347,0.644775144553458,0.148110997965745,0.7816681142843,0.192798198945574
1.0646998414853,0.160139713427126,0.976642562287583,0.0997653050819749,1.03728609699106,0.275944548183583,0.0778699445273803,0.0715249377473443,0.284206634034251,0.139682644447392,0.830524878552106,0.0681562324147897,1,0.999999999983667,0.673553408714334,0.380742416399957,0.407655237188493,0.13878871546328,0.653450944424434,0.103905049902141,0.743862361979454,0.0922718593313557,0.793676771540889,0.142790989731681,0.605146577180949,0.185796193815518
0.867006999985255,0.173347666017342,1.11842388654305,0.120706338492194,1.27033834035267,0.394038867751836,8.40835031850293e-05,0.0542976162411685,-0.00974263245139657,0.192758423547399,0.939469218208688,0.0199097289034169,1,-0.942673323169333,-0.520285386447569,0.479906001030587,0.962719273775855,0.0988823402771171,0.627548866441816,0.124430230980174,0.769440341220765,0.117892014860779,0.563686482363051,0.187080988338066,0.507415838293777,0.21940992975578
1.07415300334447,0.193140787662151,1.22300913753921,0.156407220328804,1.98638588550437,0.557818675947317,0.226948002030666,0.177963095458125,-0.322243269448453,0.265375765992651,0.755158494896697,0.154237327381097,1,-0.479942117224533,0.484531886452082,0.357562976073765,0.577580104447298,0.135245831120282,0.837260841382911,0.124365299770965,1.00063426968623,0.162746229723546,0.902633117035095,0.178109999880041,0.839254527849982,0.185636163631863
1.15474807295192,0.174603183968253,1.03254335873926,0.107564359008489,1.36926119843626,0.369623016284362,0.0645803221727972,0.0751233249039351,-0.11566245884511,0.148039189762357,0.856028600664635,0.066003513686321,1,-0.388954827670628,0.510298318162263,0.404448657536507,0.812642437677231,0.127830388242365,0.604395259399656,0.135704084305553,0.830642694720685,0.135066848160681,0.622084260200658,0.17787790657011,0.434042697273098,0.181048009466637
0.875007706239533,0.147211701681516,1.02198920311935,0.132104290341552,0.90172963760838,0.225471805823594,0.255939923644598,0.139844002689305,0.0429871106672615,0.172645789798308,0.833526047117956,0.0941811093671256,1,0.0894810487187835,-0.361996014839124,0.432604396141305,0.694473140845813,0.12979819477042,0.70145967605947,0.115318513996648,0.848024849925787,0.110973232896332,0.751358475631482,0.136261826219477,0.841899138372035,0.132378587940878
1.10105211147273,0.15150208121034,0.85414389612441,0.105570575218847,0.785647530507971,0.229724685454701,0.0208928392674375,0.0674650583085023,-0.0381277166471835,0.134462761585766,0.916945665927474,0.0309208886007939,1,-0.297596754778773,0.570999316603019,0.519506118916077,0.675617175199861,0.136339240554071,0.683090416928074,0.123684848487719,0.448326742758663,0.129421626298765,0.589328984709438,0.164145380446098,0.589251625175532,0.160911111388807
0.777605839398806,0.154164482097919,1.03872272403713,0.0983754020495709,1.12307009505198,0.295316995832785,0.0182590507993593,0.0949404169523406,0.13735391894012,0.167253072158071,0.854414074087473,0.0655667213260398,2,0.959176489361329,-0.21888397514005,0.408706418039171,0.597749565926846,0.136756051083847,0.665103499134604,0.118366775556124,0.694699215734915,0.128767552721924,0.437768818526643,0.17151880270469,0.812958208564711,0.130798689327882
0.840232951391234,0.165107371605861,0.987789393356781,0.112792817598861,1.23489614015371,0.330162059598545,0.117495128355928,0.120354393568179,-0.20401345868056,0.195107596865194,0.900154496969133,0.0362695612895931,1,-0.535591495035892,-0.260940009554835,0.423575244058186,0.556981697923409,0.136617554091089,0.671551159855946,0.119767799636275,0.546403505149799,0.141843969098459,0.813406395515237,0.128517916758599,0.446516721470575,0.177682022180452
0.862923760853381,0.162194569273152,0.992371443146469,0.102444572707886,1.1863272627074,0.356567516820897,0.0625410886411079,0.0863534919666507,0.11624645911667,0.164853913852788,0.906213782566848,0.0362796004157155,1,0.426770861225247,-1.00216981352111,0.478088830935887,0.773927101297993,0.108250229782928,0.757587342693182,0.0997078854939208,0.710608520553359,0.132095676582149,0.525649515417729,0.163281077707023,0.797171876179226,0.168991126272089
1.09832732873225,0.149382503129357,0.993789693205252,0.109376893388162,0.999264957237202,0.243004778112808,0.0685617687437349,0.110917814260355,-0.0607771911253113,0.152195514879205,0.90274177081788,0.0368547503791214,1,-0.232198435708904,-0.0244171962074708,0.408515848767756,0.819422328462995,0.116692868484071,0.666152343343499,0.0904711092580099,0.661355672656683,0.147088293921174,0.856274131296934,0.1379876993868,0.77198467833661,0.158323237448619
0.956259988718421,0.142906307010465,0.869938652470374,0.0904764878423839,1.10193102325726,0.258739190091751,0.00653412588848421,0.10573105546717,0.0848516583217756,0.126137833360928,0.640225284254822,0.154445374528176,1,0.999975548395248,-0.296467752877975,0.276263152509521,0.722366806405689,0.0985254685002853,0.485304417971939,0.115117471309821,0.927528230972035,0.10514619501891,0.698032791914148,0.150592193510188,0.283316757922075,0.236508870337288
0.619127632372476,0.173436807279642,0.988695316005091,0.0945430950262818,1.29626428878106,0.354996265051032,0.0231726878508661,0.0399026794315511,0.173314530397819,0.153023850618739,0.907665539591651,0.0412808292264097,1,0.999999978541593,-1.16620688986192,0.511703402045676,0.803239389250691,0.116536889995894,0.522994524075282,0.121726524905082,0.517724458020482,0.128365266790515,0.965838910145295,0.12894704521374,0.712346077138023,0.185512078632512
0.942711027136358,0.188150586277491,1.17739696642358,0.139434562345415,1.56945292918685,0.455149407769552,0.093771153116439,0.128516885795993,0.0882541945933112,0.191543187022494,0.891069229502695,0.0420793368634491,1,0.230052300306902,0.438529420481827,0.475535612400487,0.791500012365805,0.139952738384435,0.515081693882926,0.157402403458065,0.90168189408224,0.123770941613358,0.892424843959817,0.152468709280643,0.71413805980857,0.164345050744414
1.06069195485444,0.146317074434404,1.11017076887734,0.106995459661042,0.950844566761547,0.264312444274114,0.0163556599310566,0.0380427228976708,-0.124706416755532,0.146849463670624,0.926724851303231,0.0227936805873755,1,-0.999999999960129,-0.178983916514557,0.451875241228668,0.86195245873087,0.097940890324155,0.832442490883992,0.114786627601305,0.7452831001623,0.140069312974622,0.669914609046109,0.13864504953357,0.68919350467519,0.175280339731406
0.982624408709543,0.130345952678169,1.00188917250524,0.104466146306916,0.45450133528771,0.149120772738699,0.140611876219643,0.117176792999196,-0.0812147872374787,0.085594829699023,0.910892284873713,0.026312900304397,1,-0.321259905721329,-0.518920598902082,0.441129511700387,0.790670713125583,0.113215003252619,0.621960646481235,0.101853885705594,0.740156035501435,0.102827315446895,0.502381810807887,0.147183717797569,0.591035030154696,0.173230361173491
0.825540629636265,0.131768323414274,0.761419314825411,0.0943223875805724,0.756817034048032,0.231621791671746,0.0024685911595444,0.0157353608614089,0.0432235102497213,0.139119428906908,0.913061517775237,0.0279796011046151,1,0.999999999642499,-0.0909269673220744,0.397516419559937,0.535339831709903,0.128619726048735,0.578661537671068,0.13669190629655,0.537527169959145,0.141276054604623,0.65860872218945,0.121739436411697,0.476653012792112,0.193902789884828
1.23437980251904,0.141492972276499,1.00334730489223,0.102193156326701,0.789697525082949,0.227057257942218,0.0205622566014911,0.0453711550097064,-0.1274282666555,0.143219612297017,0.906339053775998,0.0367916612776086,1,-0.999999999830865,0.718064315467764,0.423231145788582,0.660940125881313,0.126842547160323,0.642281444916576,0.118270842760582,0.584525629524209,0.121199727633472,0.957959436183031,0.10898742703896,0.418760126130464,0.192651303082065
0.908570026879986,0.131203689426697,1.18405995940318,0.132401348981308,0.683396343524683,0.176095299497058,0.176716109292727,0.126582751406065,-0.150796793061693,0.12054954694164,0.901325848990387,0.0317816706573253,1,-0.433928034928411,-0.497201799969959,0.444372291108534,0.866221923046206,0.122474044151182,0.579837778306061,0.124130231365608,0.687831458067049,0.105206912472616,0.654832198523478,0.14213378197005,0.837343091406311,0.149726002386013
1.14263279685955,0.127838824728872,0.847598889526573,0.0935042409858663,0.798391994879033,0.212031306768828,0.0347222880102281,0.0432370045072775,0.166499239574704,0.106892091968149,0.8768972790245,0.0427196700136714,1,0.999999999778233,0.805156301604841,0.381373333864664,0.517030007613093,0.107391980303451,0.453066088476202,0.125399274785087,0.742367384703203,0.11147338105307,0.543597782367503,0.129452652601585,0.85216057343902,0.145921028482498
1.11599180354248,0.142893198660633,1.05771069374258,0.128293590740309,0.616858744813595,0.214207575208452,0.372615892654894,0.19201990816904,-0.0842382064519813,0.151112116477341,0.943811214100835,0.0195778354482318,1,-0.175705583068715,0.232000354143921,0.483644900548659,0.672332652032755,0.129079001731569,0.786437571657478,0.133386806399762,0.674960270670254,0.124360632916331,0.878138781195622,0.129992516009478,0.965870734979515,0.152944003513938
1.05913291035526,0.171007512769646,1.01258270884063,0.107299189431787,1.34385090934945,0.380356515295297,0.104200109670033,0.106566091612073,-0.37420504022431,0.206321717552099,0.892875630794732,0.0400994923810425,1,-0.999999999981756,0.555235657886346,0.424273334736128,0.767004379489496,0.101114877705352,0.86473150509174,0.0925745932558542,0.585981843828807,0.160389898968908,0.853049866431795,0.187783438244792,0.454009636900731,0.214229502794586
1.00325770845534,0.127874069290666,1.05641754363746,0.0970822422998449,0.521166805375006,0.175792959497558,0.0674232724208161,0.0784542181293266,0.0977807423321881,0.0956848947622972,0.912330557947636,0.0303551019523223,1,0.521626976249034,-0.322514068475203,0.436284933121328,0.768862451293182,0.100921516140484,0.628936945899287,0.0979691066422315,0.636568436804433,0.11850251220031,0.771302639117591,0.129889892536415,0.336312028404537,0.195488676225875
1.45915852201698,0.177715466378423,1.20307790319132,0.123614542436878,1.01598514643349,0.285601124725865,0.173409134183777,0.153787617101113,0.0356128152107224,0.164811786393467,0.921022924509404,0.0361837523326956,1,0.0848450757939392,1.38690033997393,0.48880225337243,0.740511676795391,0.12515151838376,0.691480763139658,0.126320068253706,0.754783937267931,0.133483605416476,1.06831092985853,0.124213384665675,0.898008079980077,0.143361918116704
1.10263479871181,0.130955094328894,1.07281016215843,0.0939501325470894,0.62430610837924,0.165219701732133,0.0155531499347969,0.0333405590278213,-0.0985389593063913,0.107298441232691,0.896466962360026,0.0382364802285143,1,-0.999999999606319,-0.00871271321158081,0.464966447769666,0.724627971809517,0.13443187746067,0.502172568251477,0.121097631176189,0.836310896325055,0.116674933176637,0.679905893299764,0.112631213658029,0.469925940715639,0.148429409289797
1.23389430771521,0.148931057408492,1.02756261992501,0.0976745222962313,0.90905120728454,0.266821891913004,0.0209488660124257,0.0404252492819288,0.137998521468244,0.141906611688147,0.902343345997544,0.0345083222992544,1,0.999999999674003,0.738190630275605,0.401585515567396,0.714408959630646,0.105503987578179,0.81115924554762,0.0986113730987016,0.421118981531549,0.132735936950518,0.719192861401092,0.124018025005155,0.806409394037515,0.197487977258533
0.878370809579957,0.153850470623515,0.873371482081296,0.0819410983863344,1.08944703589935,0.31859995480992,0.00017143937329657,0.0582595952965817,-0.0117082271882553,0.110262730649477,0.906368980819613,0.0329909440055455,2,-0.856707945815654,-0.207479799984542,0.432299177615174,0.679386113162805,0.102870729450688,0.743818143141161,0.11183060228312,0.555702813697587,0.132567012426692,0.582814164264339,0.17875605752967,0.527698798179419,0.235605080931387
1.02126382975311,0.158824888366053,0.924083555286709,0.11193318857299,1.29287549033639,0.323244176305965,0.0575360420742216,0.066492691914761,-0.272739690104568,0.167106617812885,0.887388934528153,0.0416216566431718,1,-0.999999999661311,-0.149881787848248,0.388605659579974,0.721154635281608,0.120076136242661,0.631613612439843,0.0879362117477252,0.626701856498034,0.132971845877066,0.698269573904637,0.149496154366875,0.690109189828374,0.149599694522628
1.18079202105555,0.187569087924184,1.08429402507094,0.119039640215404,1.9022055783858,0.46783754030413,0.104576551453296,0.137045340995014,-0.376968832737231,0.249498138083404,0.83339964397336,0.0839515150266827,1,-0.845200141705406,-0.287988549417107,0.372069487622493,0.911898334679134,0.107044931153247,0.746264095600865,0.116988656344449,0.859443587631252,0.124283579615802,0.934266472346294,0.141882764996627,0.745247946836886,0.166229045289884
0.791652987070262,0.12220509081035,0.859907208753529,0.095692644922785,0.643177779453933,0.163760638356116,0.00759103138852768,0.0324048791621483,-0.0698739928598602,0.103732071492949,0.824348650339011,0.0557411670225447,1,-0.999999197721467,-0.509729589968811,0.327132045582658,0.632638108182839,0.105342475136545,0.598803762736072,0.103923129345196,0.625331163565995,0.112076055094727,0.417390804377099,0.165405059714198,0.605018213171088,0.149736677739558
0.970538674762274,0.112674084444534,0.932612126662063,0.0962852957008359,0.580240327336784,0.164432097414282,0.0499123532690778,0.084674364926717,-0.0685031768552345,0.0946679677353933,0.882516459692559,0.0320105542233213,1,-0.402534153516109,-0.711285067888104,0.359908930695333,0.775598237915664,0.107382849466977,0.523871800563517,0.103940424450031,0.583634426286058,0.119609305574806,0.669315399543432,0.122885559331207,0.504048031196561,0.178885100530032
1.19611236026152,0.129850594754396,0.839807045367684,0.101178396428971,0.57306683875059,0.170694507789216,0.113358623291019,0.0882593180229222,-0.0166420103826365,0.110656796824708,0.881148880220274,0.0392323321956492,1,-0.06529438987522,0.126692628791705,0.356304556022318,0.572423852920718,0.122225268703244,0.666536413330047,0.0984516467909315,0.647155996809889,0.12386634550732,0.863703012482113,0.15211669269019,0.737462502558264,0.146183699971814
0.98299307816051,0.1458017692609,1.01810043495253,0.0943214613820115,0.863372079394288,0.23930536352306,0.000288721408404966,0.0494622881975286,0.0151318221532889,0.109353406573652,0.864182706604308,0.0531553508196959,2,0.958413085382203,-0.559067268185817,0.352864867727576,0.677857168075861,0.112780426415901,0.631759222358277,0.114063492658677,0.508467094543101,0.130930130917207,0.799442770015932,0.122034817897372,0.927395425110093,0.113524602872312
1.08519406662669,0.181633631591049,1.14448812053406,0.129528228518117,1.50519247403647,0.412037608916538,0.127279678090035,0.126979268084464,0.437698998766321,0.241668010985826,0.896000290794123,0.0607650633552434,1,0.999999999901177,0.707031974706354,0.478722440604129,0.536980103048248,0.136666049140224,0.623450520697324,0.13266375679152,1.00508497386622,0.141356466121045,0.491578357753904,0.174134090953413,0.678442378433471,0.157271249599063
0.960879536087428,0.16510069911586,1.06184475286707,0.124780033878548,1.39301350657605,0.354341178386102,0.000424657523554778,0.0068235783657833,0.0243218756962206,0.194980435615096,0.798473655980563,0.126872956632376,1,0.999999975827604,-0.0887235451262279,0.354331859577659,0.617826469493811,0.14977893165439,0.627196214299632,0.124531941373387,0.716875725456566,0.138826038123383,0.733805185305527,0.147004179475687,0.865505042499918,0.163450565638972
1.01301284660081,0.159498664886454,1.02347890543628,0.114544268049893,1.0298641974102,0.275859089362616,0.0903129290639338,0.101215992571022,-0.145676967354838,0.182696255200674,0.895369560166143,0.0494603017844899,1,-0.47766777991284,-0.210007903577698,0.457953751600785,0.609990615034359,0.138039308024074,0.704961949088353,0.119807839575395,0.610924028563491,0.128130028971131,0.662528548154271,0.145479133830404,0.655443868355442,0.168532244940513
1.17900174483165,0.158531010227448,1.08612125274957,0.123427840607941,1.04245662249523,0.285961125661554,0.191871554976061,0.138137395186996,0.0955022169537226,0.193995764088533,0.894514702716901,0.0423572651737277,1,0.213539961125105,0.241601292806927,0.440021975842926,0.706993844871697,0.120426704177662,0.836505885946198,0.109076048210868,0.717838484009354,0.132753912688027,0.710599692351894,0.159598942084998,0.538057284917366,0.177928319601098
1.1162430646428,0.177336767415548,0.993892996767787,0.107956629615073,1.29379948921644,0.334010512441583,0.183428820225689,0.124939720986396,0.295776319197484,0.176952558618824,0.862340236223529,0.0660846558427869,1,0.607150177020843,-0.389974536543776,0.438341479692752,0.891596374435463,0.123345343438567,0.627547492421557,0.139982301182805,0.78175682943603,0.120611332727281,0.70717502963514,0.154353756375326,0.780006850593344,0.156047177006396
1.2322110521685,0.157023722084075,0.93359531839724,0.127792579233081,1.05012708831335,0.275458435194905,0.0621140340058574,0.0817109744054269,0.255397004031127,0.173714274558288,0.836290055213839,0.0628285169539987,1,0.999999999954836,0.524390468003897,0.381490961849106,0.507598050076844,0.127564051781669,0.788644695752914,0.113098171292427,0.752707987425632,0.117393266587664,0.55506980275293,0.148104935840404,0.502022159423236,0.209081979495995
1.23451144283612,0.143488096601012,0.999461050677025,0.0983181815752648,0.773197813889486,0.21715796144939,0.00627659171216978,0.0529211157369866,-0.0696634495472265,0.122941945790764,0.925662687134596,0.0267139727144357,1,-0.9999947674275,0.324117613651284,0.4571692056202,0.777434258769979,0.120840997574976,0.691605876553602,0.115976883271737,0.744889624135743,0.103478084229533,0.653209054372588,0.153526049401235,0.658703293304399,0.163220938657229
0.900805301375309,0.134582018002031,0.869561147666628,0.0906438690892952,0.6823471134823,0.226402277106006,0.14711418089447,0.0885463858874174,0.0597152987295677,0.114446235884292,0.935679390457076,0.0224754854896499,1,0.18847582841498,-1.04262148289998,0.503354817833363,0.812889384379915,0.117927015895865,0.862672150870958,0.105798630658107,0.578941539266975,0.11545136627268,0.873755291879858,0.142823673940401,0.544087892647629,0.200298997154146
0.904231042643194,0.151904658296307,1.07446833361668,0.122598110430406,0.976704223849143,0.25069333963231,0.123461800412067,0.15649649704055,-0.065416053897075,0.163567646364781,0.841487567776066,0.0628518771640964,1,-0.188380743522667,-0.291879540443104,0.397290561961299,0.309724082581587,0.14686952091506,0.788608067663632,0.117982650687287,0.561887859111332,0.141962084890505,0.686693305818718,0.12174335442732,0.620622394346551,0.144676633452084
1.0822407015595,0.184305824976854,0.994529056324678,0.133090631376993,1.75599349574476,0.408964052369569,0.112995021614308,0.110560438464003,0.208999901427197,0.221737006001125,0.785135708920257,0.118326930196886,1,0.469196728198385,-0.0109461702389366,0.36736691828409,0.568724760090411,0.135367794108595,0.707397541009989,0.125367774982395,0.881084985265377,0.119322649517657,0.701928777522311,0.160030506639944,0.729311787605656,0.172384657870918
0.863552486447387,0.139123978013309,0.908535701616654,0.10057770332181,0.84564386205464,0.252657886287601,0.100237115158747,0.0784082957665751,-0.192461504042452,0.132693320388515,0.923093539725068,0.0282391803110432,1,-0.661052337656214,-0.0626343416815293,0.479018359356293,0.501430781495753,0.137102062283852,0.854940408619851,0.0891829798407746,0.571356972157372,0.121647716363827,0.604687459754817,0.156491837746599,0.8028410362121,0.188622987177741
0.866868158045303,0.160086573481006,1.01930158005758,0.12770958214994,1.20227495413087,0.338476822347435,0.097582084249715,0.112828664734637,0.00751991732132833,0.200760382739453,0.843127791273491,0.0759682185458248,1,0.0219546299191388,-0.170575385610998,0.435903408834573,0.645041044132251,0.124508803685413,0.576076246762165,0.148324976287391,0.758309008051189,0.120679906321315,0.724758823810805,0.132694387898514,0.645363638150244,0.2250196791519
0.858379835649606,0.117869342083496,0.923310310420604,0.0846682053608681,0.535064710420628,0.165994415589145,0.00797602910441423,0.0194147205927965,0.065327572161059,0.0824531334091851,0.907823089306435,0.031481813175778,1,0.999999997820656,-0.661336100421256,0.412954129559758,0.665031892564051,0.115007896830512,0.703617164034126,0.102600803156958,0.716271404980996,0.112535659982726,0.575645122430422,0.149583697444827,0.59161101463964,0.153059444299115
0.805349909772033,0.152921620951885,1.04608083527284,0.121149177873576,1.02641529285393,0.265181998303796,0.0711558782807198,0.111751655119617,0.0834294138436404,0.174641598118575,0.825501836983904,0.102622642887435,1,0.308711098784473,-0.965700757400296,0.466893921824537,0.682090853628086,0.120238742014222,0.692535016817353,0.115229248097943,0.617616032587025,0.12833204416017,0.799271297572558,0.155311075481518,0.616466805317827,0.193123835229951
1.2610839197619,0.15031195828546,0.968656452712676,0.0926873231495831,0.618742051485689,0.180308908351848,5.18916682728464e-05,0.00184362261926914,0.00566634912421012,0.100380334178942,0.916692166668604,0.0284188922752606,1,0.99999930102539,0.327552458567705,0.459708139443718,0.694433480267767,0.132546308189176,0.789378694109285,0.114012289036823,0.431774781718479,0.175106303896447,0.589968685088268,0.132478026654547,0.909722715596427,0.109061115839818
0.924269006378878,0.144970421075881,0.937839853597821,0.121344097437727,0.785499539618348,0.23213050130311,0.161397165200718,0.126038755637359,-0.289142525365062,0.151341416882355,0.908270238739409,0.0342346806742078,1,-0.812065483121385,-0.610954612598756,0.436916113170259,0.912541580084034,0.126269094584428,0.615283443872059,0.120628443225602,0.609959107686239,0.127441056450418,0.876265520794045,0.145144629556835,0.614053308281755,0.199092935663975
1.01634383776086,0.165857556898202,1.10470640971075,0.113934620584234,1.26802592170222,0.303391923545294,0.0420492951195328,0.0751010129611033,0.0471868782744786,0.180182430354216,0.818723705223268,0.0743208059857417,1,0.20435149578322,-0.451563796225095,0.367365891068255,0.656975248206312,0.113191288360896,0.725683674431686,0.0941139462938247,0.75153346158134,0.121561802600596,0.981438681924843,0.137055913031802,0.668077245630981,0.174266851019778
0.911188214169885,0.140355802910901,0.918913878913395,0.122742701603976,0.848300080913483,0.231586970394888,0.138978652887387,0.17115714972812,-0.173972840198353,0.155761213693133,0.869172693973491,0.0487516558369938,1,-0.506678703403429,0.167957839348716,0.441393015992045,0.803702091558432,0.119089997516642,0.629521065431776,0.129996067503054,0.740454886334927,0.123576621593999,0.720118012427741,0.123803399176112,0.5963282120364,0.175865061417143
1.0065317243339,0.146673585966334,1.11156169658553,0.118613296331107,0.94786288419559,0.248761276770133,0.0297559080308479,0.0376121846476685,0.167942016190865,0.109490931751329,0.848142751917202,0.0652177012989467,1,0.999999999898501,0.490942221218786,0.359024183976182,0.611726086936387,0.126203577579621,0.741619500936246,0.103668891121276,0.905952081426188,0.115115369430089,0.846661851267964,0.130288883333392,0.365775477961175,0.223016398916458
1.13608055384466,0.127038348005356,0.983243502393477,0.109071693100086,0.445824788307921,0.142214823275175,0.102624528631945,0.0795466230582731,-0.0539668721344154,0.105300445527344,0.932738911699116,0.0184614623721618,1,-0.252301338095119,0.919323806612936,0.463718819172456,0.540818001408955,0.1423824227612,0.63274206724923,0.122709838653191,0.59161736446106,0.117186941267292,0.796453970710435,0.124402635857652,0.583116403202443,0.148769587027355
0.999380207008575,0.124207635274521,0.889885570657238,0.0924784198415702,0.679675552400922,0.182100830279773,0.052553409874983,0.0760136801927788,-0.0861942357186862,0.120570785916009,0.915572854358563,0.0243586629560134,1,-0.456065214685704,0.0508695762068133,0.390865306316114,0.590655283639529,0.112098361695386,0.799109286873402,0.100826852466076,0.78260586346173,0.111540430315953,0.618323421698753,0.139034748848618,0.393004591913784,0.16601341480926
0.995340443734673,0.15189448010703,0.974902303608985,0.10586122040724,1.04446511004782,0.271374867288052,0.0624743951694369,0.111233421795571,0.20593477724886,0.186597229105455,0.844444695156515,0.0667790201274323,1,0.806179398169906,0.13727242756549,0.382713428532957,0.767292856967784,0.114078412170839,0.539990211885584,0.12212512135305,0.513445451304274,0.151184112020969,0.717740680250213,0.141179880366683,0.760661624283893,0.161584304738213
0.933401834768082,0.153493633842226,1.00328607636556,0.0913683479509617,1.03713798210056,0.253798292207099,2.53181112057053e-05,0.0184297672469696,0.00481215120810405,0.135539078023582,0.934438621343686,0.0226030302255603,1,0.939085952560289,-0.440789704574779,0.507596247047725,0.802694939102366,0.126939131879873,0.753157281965578,0.103741965946878,0.676378824235014,0.120805992135571,0.687353299406789,0.125704562244345,0.862633784394224,0.138892256915712
0.803542740026989,0.154150108918926,1.09310228687342,0.116009946732326,0.980152477526036,0.283465496551397,0.0696821386780668,0.0523495885625888,0.119727401988077,0.151175354439061,0.88967593134069,0.0478688403562043,1,0.458127120212871,-0.495175001652373,0.414284391908209,0.70082837968763,0.129721209045373,0.778099825497132,0.109914335444918,0.762253703266172,0.125349033789087,0.787811262398086,0.155809432636663,0.723750054564853,0.177630531413484
1.15904120852486,0.136339397306261,1.04884793611756,0.116953481763226,0.649832285030043,0.184532323077558,0.0584188425299711,0.0747304590429055,-0.0719576921637878,0.133990925814339,0.917368814549234,0.0295179412607888,1,-0.369317689665751,0.190269099181132,0.443018198230566,0.565173092029059,0.131961305237881,0.840646938192912,0.103586324699284,0.491524421440584,0.124795348168323,0.801578022864808,0.120713213017474,0.73063564704556,0.140124573913597
1.08716321294256,0.147768085988253,1.05023234395952,0.100883597161929,0.885090704805205,0.222250888856554,0.110923085646713,0.106339717747966,-0.0904770414286466,0.066979474482133,0.829028219707582,0.0756182001721395,1,-0.288757670673947,0.220764207401736,0.377308682380083,0.613439815001697,0.11397408618335,0.533139236785496,0.127039241511455,0.635617822466005,0.125672769856113,0.888158360454851,0.113739721778,0.666862193182478,0.173741640987947
0.921484479305603,0.166483795586979,1.07750242809915,0.142774458852072,1.3723088601867,0.373349749611404,0.174517169600143,0.137098705692487,0.216220064504513,0.231347979595903,0.845706339674682,0.0632113055198559,1,0.441825704394821,-0.00804562323210615,0.395905584647608,0.510403273711696,0.146366649539757,0.720614144619857,0.111762428071831,0.924003009347915,0.113244703249369,0.486336972223077,0.207969958915865,1.10492425093643,0.172574282745149
0.989226444116367,0.174018540808954,1.11115124414909,0.111499440992435,1.44730500471886,0.470165744911809,0.0481154012971613,0.0691393448775732,0.163039771219876,0.207800465641992,0.951464887517818,0.0192343414230659,1,0.617833523280234,-0.0877108608069703,0.612151871642769,0.829250165717317,0.143327580700253,0.828745626158096,0.103468711590034,0.786339327574082,0.126005098706377,0.536199424661355,0.164993116578905,0.794814930314765,0.188585604347114
1.15955976993923,0.147159031615864,0.845518644914071,0.111562312565403,0.881682382530502,0.242743525721939,0.132661422255171,0.115171190961065,-0.0772535803584602,0.136487906034432,0.88930809556445,0.0466036038728431,1,-0.225886465612816,0.106832068393593,0.435394694475154,0.705928599725412,0.120770012191233,0.457820979176681,0.131711957484647,0.728901484616587,0.118115748966704,0.610973347415783,0.139990180592989,0.441592777230864,0.171079093185568
1.43785353404371,0.208060251912254,1.11096611124844,0.115200193966457,1.7875426436958,0.444260060575056,0.071047194237648,0.081609564807095,0.356370438469173,0.218528204912504,0.876906325595944,0.0778710871682453,1,0.999999999999907,0.268463325769314,0.483376564105152,0.787682636469305,0.132960326197508,0.730122099918034,0.135503129230271,0.751538436728792,0.109583022015074,0.796090317069045,0.119641057867188,0.976778731049057,0.162883719447728
0.944448930475012,0.157170265068055,1.03108529644164,0.113678365064692,0.932012067624925,0.293904695445478,0.132414998812164,0.119395356039768,0.102992827194645,0.166379962474337,0.914864452659999,0.0324869068350685,1,0.293175464278439,-0.551342338968771,0.44059528812921,0.573273723396854,0.129032030884318,0.683082170363879,0.130374850506951,0.770741807544776,0.109025893021128,0.725831621999792,0.123463472205886,0.786158968040829,0.169892905683082
1.22650774706659,0.188954613999741,1.01916888938779,0.128329936373215,2.01861286713932,0.519958480048773,0.0406531748647896,0.114558681472901,0.153737705206472,0.222762480967025,0.87416747631248,0.0591492740270935,1,0.536669163132094,0.0846368289315513,0.375543336429641,0.918319828971042,0.123945897379279,0.794832342630893,0.115382960100319,0.839012782384999,0.120009103034542,0.903664123349138,0.142206153410186,0.923638991989224,0.186428756987954
0.96866930065865,0.144621379352001,0.892443126817002,0.0927134404760945,0.939805071797758,0.244283507222394,0.00490987928159548,0.0634330404284772,0.0668820435738307,0.135146237693673,0.829717871020583,0.0969974301486461,2,0.984589579536094,-0.0154893441675232,0.386883789510201,0.547392384041813,0.150093853850892,0.423005257423885,0.128377804459345,0.62910363054466,0.12887422520955,0.758794563240939,0.120669772400255,0.519477107762298,0.150772766643704
1.13474703284296,0.173249778919418,0.994647552103944,0.108643822093602,1.55052703437874,0.363507172838021,0.0953089202367683,0.166332195171075,0.00190100880167584,0.207130099701345,0.845229753775969,0.0775895682838889,1,0.00494512964137906,-0.460225578291626,0.381476134202201,0.793988272811796,0.132726954717492,0.799565036393368,0.125907913732576,0.549595929845215,0.117996754560312,0.889690236055652,0.123277719630356,0.408190686654699,0.167142063802021
1.42803297403104,0.175777363750684,1.08366969646325,0.118798996654445,1.16762833447945,0.342414739084633,0.0307070885230055,0.0600738828968763,0.189352757017706,0.190308135249644,0.923374345478398,0.0287924663505594,1,0.999999999461384,1.04405490129644,0.497667551989001,0.678440870153131,0.125623159326122,0.817620901748825,0.131005997199542,0.65700161134774,0.147881332880076,0.949651680431699,0.116532495183341,0.665388166945141,0.168400124761813
1.02647924923581,0.146665228527877,0.992610989841917,0.103875340092441,0.742172081349681,0.19503573343314,0.0383455063124287,0.0926270750182325,0.102701037036399,0.133904358801982,0.876205524672241,0.0512718340042173,1,0.608786879582445,-0.152241125013428,0.427284876072893,0.758674613761732,0.127236375995973,0.621238836568851,0.110965201590315,0.659935581827289,0.118442779209039,0.682641724078826,0.138064196951711,0.75609934098225,0.201673881856193
1.08881735613113,0.17457970364679,1.04171765920032,0.1209238551753,1.4222996806271,0.376706775867124,0.0577116357894446,0.0839619001691792,0.286501729749628,0.218425254661481,0.884703719404053,0.0685292638710936,1,0.9999999999862,0.0489740748330902,0.459683550401533,0.621791435382845,0.135865530709266,0.890556646403998,0.114942779825953,0.720121634106038,0.161313733691028,0.656452150004993,0.129412720261522,0.850254785377953,0.181825295181485
0.95345948811521,0.163965426224239,0.954780036733031,0.134244983839651,1.12237707241669,0.321618080635548,0.210346198075315,0.180133488135406,0.347422351322896,0.205726347984959,0.881574513967574,0.0607274574699633,1,0.715024673966861,0.428794669656243,0.472883968247507,0.701870365701289,0.122900690039798,0.819419477439985,0.115342837216099,0.581077725470936,0.158214424608155,0.417851861713627,0.228529854228691,0.873942810560721,0.18544747966825
0.71034133783057,0.159828917123735,1.07451457657633,0.13811087637601,1.26547124846339,0.331881594728203,0.274634594953599,0.164699596585183,-0.17598031049298,0.18937550185125,0.853266483032986,0.0693457022774268,1,-0.298510984519019,0.0125603968090176,0.41259951227141,0.684974296528373,0.103822318268465,0.646708529627561,0.121119699742853,0.953004751685499,0.111665494532393,0.448877072498685,0.192964686545723,0.771155052855465,0.190037599712576
0.907417241738296,0.140185826888492,0.837144343667864,0.0986437493378944,1.01562906977436,0.246063109449538,0.254307548064185,0.132889312642999,0.462679194506902,0.156197928062379,0.89155922723033,0.0372836929568215,1,0.910401121532534,-0.535783586023041,0.400749217979988,0.648379109092104,0.141866936758114,0.8386508065488,0.104900949789772,0.764830276502327,0.0935482553533793,0.663554891960964,0.127572397807883,0.826342483407704,0.143178647885904
1.01711616769789,0.171080340371833,1.21569762660352,0.125457141832637,1.18923216375946,0.357079171883456,0.00975419886191669,0.0323274845721245,-0.107703328723492,0.178857867404556,0.934732933581054,0.0320207374352404,1,-0.999999999992385,0.226847200997946,0.569228834070559,0.555784546556702,0.168684712163213,0.85625349199639,0.108531141169083,0.695907684952648,0.117279185300209,0.717593386155218,0.127813877744009,0.88989201784214,0.159290919112865
1.16311948690804,0.156006574686142,1.07824794340748,0.109222566369445,1.08666802616773,0.270368952738241,0.0849109897843955,0.0776286697761844,0.0353453835046944,0.1368226749036,0.891196371600611,0.0419433871031016,1,0.116359622116354,0.373612740132087,0.405746068164822,0.869186380753407,0.100612717582318,0.71187808833538,0.127013564406339,0.746154663033147,0.119688700799379,0.605555810399681,0.140069741620409,0.82824371500591,0.151149248515932
0.971722070413523,0.145027561071542,0.978362222452161,0.0998783305777739,0.990726950551281,0.283578382346738,0.0228354254507017,0.102965775082226,0.143074245288534,0.160209181866067,0.935209586371836,0.0244920960013313,2,0.951217696654471,-0.521211851047334,0.462669940898207,0.895586724153768,0.111098585558814,0.729321162468285,0.127641900223583,0.708926449390396,0.123626630060922,0.493458523770407,0.132527913512857,0.730901653285524,0.178431071491125
0.746284281883401,0.119641844980862,0.846365633702821,0.0857200150964772,0.850551416816826,0.19677594959746,0.0109697666122835,0.0263526506351778,0.096593739509548,0.117550998667802,0.723371800695943,0.134233759265605,1,0.999999998832349,-0.189564357183094,0.293631949113063,0.707263894378638,0.102986194410572,0.507513627539466,0.116584812959293,0.732000945328271,0.106667869458017,0.726600258645189,0.150954413954396,0.582360676053321,0.186058594730088
1.00411989469306,0.140304444815792,0.929379149173163,0.113591697087163,0.862731108402937,0.241839708151287,0.00257202355063612,0.0905546463907953,0.0376747263943585,0.138781859564999,0.886705996241728,0.0410553055495563,2,0.799788043850244,-0.0413698804625442,0.365271249451955,0.641520356138779,0.117175867692198,0.729679793975478,0.10730977376288,0.766177932778486,0.131867857026515,0.446751842212591,0.144566714398012,0.625547089855087,0.177658802799098
1.39350531110152,0.166259122966128,1.16492536278295,0.133539353180551,1.13113248134242,0.255078193850222,0.28510768479943,0.156511696359248,0.315673959911641,0.181703723721792,0.825839839576353,0.0580764385299044,1,0.555875534001153,-0.607361584010214,0.445957291816624,0.822174828619882,0.144719817741565,0.650629200002514,0.113538487420696,0.867943612623205,0.111967555326923,0.931406249583551,0.107682553602619,0.804982351955017,0.141152273039247
0.794917856182594,0.16945843421508,0.945427277727733,0.105016053678634,1.39767745840822,0.393580305992511,0.00221393109022823,0.0827178055830027,0.0542584580443406,0.182416664386372,0.863256718918508,0.0711861204064908,2,0.975398127369903,-0.146633335430346,0.395829495993076,0.624436680326132,0.112184250582826,0.672108722332892,0.12394894176958,0.648067590387045,0.12662228342116,0.526232710143319,0.167175674829547,0.525024749935686,0.181770167926053
0.967669781405288,0.139831148214186,0.992125560021613,0.121933243639599,0.797468218723286,0.232569391359077,0.046349155924008,0.0830012459152658,-0.147404469202272,0.113656604082299,0.848991097344743,0.06628797429634,1,-0.766713383719129,0.0427164683640388,0.394220783708802,0.504361515871693,0.129864515523536,0.6609051884277,0.115810828493284,0.701920593646538,0.108240296773138,0.812456286284819,0.156030514291812,0.573494140924039,0.194476036710996
1.16456774443593,0.17661496157255,1.00047926497559,0.147336635962062,1.29334663572492,0.389783273969362,0.230653009842287,0.162503647501563,-0.187530826643601,0.236130322819025,0.923912428416576,0.0331724323156994,1,-0.34334888078295,0.203145603379198,0.48008426120214,0.637830062612042,0.146435131103773,0.777743145188859,0.136036878226849,0.76389938145938,0.114826315070122,0.711552538078787,0.129715435197543,0.62210430135977,0.203517368974195
1.14778008674231,0.143140542634208,1.07420568568021,0.1073377592052,1.07003008823464,0.261485302877733,0.0231911123922378,0.114232377264918,0.145458377602003,0.162977872011706,0.831245040066732,0.0874430218723351,1,0.923378916419555,0.0786045990242443,0.348956351145548,0.630555822085772,0.124137288625075,0.877657699628736,0.100152005821133,0.53090050972904,0.135066461483875,0.656686183561973,0.118360630002511,0.742998963713667,0.151733752293557
0.757905709130232,0.133741340431761,1.09751806815728,0.107982885350328,0.874968596240849,0.217165656808398,0.0402186959973871,0.100646735233446,-0.135716472747328,0.141154013265166,0.783561780723048,0.101082786136341,1,-0.723473017145397,-0.258682807470709,0.378527710208247,0.70605663213914,0.108619671447435,0.671271194377166,0.109621470867159,0.462565143158375,0.138779019145874,0.788212090050847,0.132809046172998,0.369375685331302,0.192618655373839
1.15336819956589,0.161979064821796,1.00742082067664,0.126156483827248,1.04088515501879,0.306044268905286,0.0879362367136493,0.119055004205771,-0.0156816598558351,0.194420379345381,0.924957950624262,0.0275738757769722,1,-0.051833040403879,0.550569565551916,0.474030858721266,0.72186675214681,0.126593312936686,0.729626081646948,0.11890787290004,0.713370568980645,0.1355637742106,0.655083540010832,0.152137418423297,0.911401714353515,0.157500971729438
0.95589012861848,0.157767654209039,0.955741798116005,0.111710629447313,1.07630603008816,0.268580180248388,0.0688318002197454,0.111715156408115,0.186876572159714,0.146251903542265,0.845166937904103,0.0785610524795899,1,0.686581992233424,0.172319040576398,0.400284009397679,0.640596830995943,0.138659525554032,0.625595962830674,0.134585403558224,0.709780954412203,0.117523490281862,0.544930823261133,0.134965558877306,0.682433807721005,0.142513748829195
0.806699379344654,0.142115345094625,1.00784473958892,0.105593993954361,0.84865982946688,0.214539730333507,0.0882555549877757,0.0881772281917803,0.114232216696089,0.141561385984306,0.877708509471236,0.0443866138794435,1,0.417398377362915,-0.630253937467004,0.431979602534613,0.803419379475964,0.122241746915529,0.701280099224352,0.118421754420103,0.648532604641737,0.126207653441752,0.564921204961042,0.150308734457482,0.547994143007796,0.160810374242462
0.906786288393717,0.150951118413463,1.04160512735304,0.115603767381404,0.968879341959098,0.271943076693609,0.0155316394025134,0.0413112970649895,0.122671449668322,0.165538427782501,0.893667290437737,0.0383281322110545,1,0.999999999995832,0.0608931870568484,0.405613083463706,0.758402942048023,0.102312760891363,0.517932968143089,0.122848587655475,0.765577526707784,0.132179402737633,0.64661928175086,0.143075523793073,0.826636590392464,0.162923980292103
0.736530417285193,0.154443630821823,1.09297076769229,0.0917196885486653,0.966071215673663,0.288651946195748,0.00161946333806321,0.0752417204368869,0.0377835367121303,0.170223155605011,0.923931982820076,0.0337054318244527,2,0.955239947047878,-0.200976076862167,0.481688907092352,0.635970949820368,0.135055008276547,0.574522673673917,0.107971155575369,0.797001266194061,0.100232654117044,0.680551531095771,0.122876760696032,0.582985889187434,0.200957286006666
1.08114216454275,0.152760067973818,1.12820966313115,0.118384037988858,0.933727748679959,0.250787521069478,0.000441359733138955,0.118238812175777,0.0194141916574422,0.149197657100383,0.877357872854221,0.0504757335266732,2,0.956341111521065,-0.311428835017445,0.372454793818414,0.965200743424207,0.117518161880542,0.43227946050849,0.125451377661891,0.878644845454242,0.0962692091821001,0.799429288491951,0.173948717373302,0.369268868097155,0.24330447340325
1.21287684772219,0.143185101042575,0.921115005868598,0.108232880981045,0.773344415378274,0.23243361420286,0.0559694899455615,0.0906993683200104,-0.187763686769165,0.106768537374331,0.918950727649626,0.0274437475636589,1,-0.902504659324924,0.0911987022058038,0.429711765290027,0.739031832893891,0.111059593573497,0.805110255534404,0.106295092216472,0.792009169125565,0.109091525416493,0.821788348158046,0.126525540046858,0.714136446277556,0.190202063670381
1.06912526411043,0.160074694771216,0.876445895168498,0.0933627319751482,1.13107051637781,0.293405000361193,0.000266678559199511,0.0700757882810043,-0.016292655908638,0.135302105678342,0.826491489984822,0.0956939209171694,2,-0.93810833499258,0.0611443605358748,0.366618141203245,0.789404319484188,0.120908253548438,0.595371273366668,0.122539794594903,0.678022967595441,0.148257426536452,0.520951066890686,0.143269265086648,0.544886363913413,0.177016133489344
1.16322497119577,0.146166912911517,1.22655425264207,0.129183955308068,0.753812516612617,0.247353140692746,0.138902677765503,0.132313049008737,0.124895841188833,0.147262622906895,0.946582614851375,0.0158597458804079,1,0.385976617717857,0.766355105551404,0.519695033364475,0.633640249893297,0.154491414095919,0.707663313895244,0.126921736328869,0.619196885745969,0.128315282280798,0.842821900617438,0.105345346364117,0.619849430791235,0.166738213463426
1.19664106942931,0.166152934805131,0.973855060509332,0.0908229071099363,1.10931324914674,0.29606810455805,0.0440078678089904,0.0479754480219317,-0.22094911365314,0.130133356612755,0.858459966554475,0.0753680823171872,1,-0.999999999968218,0.409084921048118,0.445766320488194,0.711637735104477,0.133691435269404,0.464549310036391,0.135609942674422,0.784278054623886,0.0984058252917393,0.677245464205237,0.135600859000528,0.564521267925153,0.180604256938147
0.956212502918627,0.168575620105924,1.02198294866881,0.118261840343211,1.42436652912351,0.390693312780119,0.0920458597403193,0.0972726108041077,-0.1094806636551,0.206182524887365,0.873470288476255,0.0556996475610136,1,-0.302360052611311,-0.17639601606361,0.50289879979215,0.93126663481118,0.125957181559057,0.613326405468107,0.154407553015408,0.699201663919916,0.148083415913505,0.54760541606463,0.172196538078939,0.755389517755884,0.162473461731965
1.12889275646676,0.170136361391679,1.0624818927663,0.123044278211355,1.02678251452664,0.313326456814173,0.00300583769633545,0.0147059819290677,-0.055554852058983,0.135754203460878,0.92926002316308,0.0292867288483863,1,-0.999999999869297,1.31498816014784,0.553349764030266,0.599078684045714,0.138652192477248,0.643728522907334,0.14372552273346,0.738583491960402,0.136324155530832,0.90692605568146,0.148923849890315,0.676497564333438,0.161557186189409
0.923946979502654,0.139332146944839,0.936208051687642,0.0903433713372503,1.05468294821289,0.256326148944872,0.00628415867694083,0.0621962006586761,0.0805163770712322,0.163388243074412,0.820938512162114,0.0791658996039449,1,0.98900774251528,-0.0498341173016586,0.329740532125947,0.720220017454413,0.103064699385961,0.643686795594522,0.103399492231341,0.612835725395833,0.135378771058531,0.726121170291458,0.154353699616847,0.586810160801608,0.188498285951165
0.897209468107863,0.147400037142739,1.07972713284025,0.12838520310807,0.927049348731753,0.250373795038095,0.139990796812928,0.137272415526663,-0.223477682322396,0.162014177876655,0.897005835943868,0.0374199217806217,1,-0.620344576035568,-0.883541219360362,0.458326644148273,0.736321371091439,0.103360107506253,0.996005108050942,0.104026207222763,0.594872089752588,0.13806032366496,0.619433756079352,0.156128921705768,0.622062583485879,0.154154307040904
1.06056681722534,0.156543766258894,1.16766842786657,0.120301528571669,0.814515042492329,0.254870871237216,0.277595805293801,0.16451534600007,0.0676630434090063,0.152874775835003,0.942132834866287,0.0198139239152803,1,0.142296927786149,0.554023883789305,0.498442547138711,0.693657196094146,0.144480989010775,0.688423297620675,0.105922568461065,0.757416188015244,0.117841158730128,0.865724256425983,0.141258638278133,0.911172335478887,0.132974602678292
0.906761235384599,0.13863811963098,0.896254129136165,0.116201842704488,0.957967785220868,0.252761256745802,0.176924812664331,0.141312291189007,0.202303053815115,0.189729770739,0.868487758600225,0.0599648472632516,1,0.491397128133727,-0.244745076513949,0.388919071186726,0.701525717199381,0.118254107550081,0.683120788266674,0.107293017052449,0.801017131640341,0.110872527394201,0.611038027749868,0.158363935193656,0.78221629952785,0.164507063853137
1.29956965118611,0.165031530414992,0.941433087402415,0.10240133501473,0.986770581987866,0.313967250825212,0.0185004172509524,0.0376012386460965,-0.135113535559202,0.13911731161814,0.932055760710236,0.0285601063385706,1,-0.999999999823807,0.613723249736411,0.531889581827169,0.856670412212789,0.108381928011295,0.731940828716945,0.121874881268194,0.784319845551515,0.130389158978308,0.713634699414178,0.148646795921329,0.719334189656943,0.201270806752382
1.08217835822875,0.179607066611903,0.915804089981057,0.113029649698216,1.32359808426612,0.34799016587192,0.00542818266413503,0.0825594892698515,-0.0828578966460511,0.187933614927514,0.840878976360366,0.0866091266984869,2,-0.977526664487484,0.0710915216824299,0.414800619868197,0.477531226564703,0.13696434602738,0.788866239717464,0.111160919565066,0.511597887011779,0.154160738966151,0.670393545148,0.146958535707272,0.826741274886255,0.151121393271182
1.23079593335937,0.151088855601269,0.965057428237531,0.0955545828279626,0.982705057794762,0.243735785171992,0.0217480030575413,0.0355668025378585,-0.146191219295643,0.120355325669289,0.908110917707421,0.0284025235542779,1,-0.99999999994303,-0.0716366410427887,0.435127411595238,0.754586655442832,0.13052111420757,0.71330881343258,0.126983534696014,0.616798478815991,0.112000805678909,0.767216142647638,0.110816250846642,0.599868800102095,0.151497474899331
1.10994090912632,0.147693091309315,1.08764988583938,0.123312839961465,0.737356064725252,0.212448593857524,0.116466861574696,0.158486990001508,-0.0803461880790456,0.133369634136026,0.868185112295712,0.0537637773533156,1,-0.274173491307552,0.148431344690834,0.378737227089903,0.912601198348757,0.116095596846714,0.499780946982521,0.118459383116363,0.632892444747478,0.125730913871616,0.555976636223208,0.130935568987591,0.785344279455398,0.216800308879168
1.22310337689748,0.156914906495422,1.11098719205409,0.10670998464413,0.922381449552228,0.270867976208365,0.00391847395163023,0.0203502029776674,0.0601192775356458,0.157777053087854,0.925851421579344,0.0282267890042671,1,0.999999978954684,0.49641198551313,0.475462709834593,0.750007493203865,0.139769497319352,0.799964418435084,0.122616034278223,0.640090059447097,0.142314575981653,0.822728397361116,0.12398353353325,0.734113715505478,0.116909508792209
0.822718144185629,0.126325299001353,1.02091616682896,0.118266436893788,0.696236058465785,0.185628245621207,0.129390716229435,0.12178591855117,-0.144912882730751,0.139932422368729,0.887986238246335,0.0392798754701583,1,-0.482811028170843,0.385542170106325,0.399221897860803,0.632446213271103,0.118777211728549,0.621222251294536,0.11079919598862,0.695448313845099,0.12532504153081,0.431003105580575,0.166745636925451,0.897455564292622,0.157344866572134
1.19029630618183,0.156687493113055,0.964785152898142,0.106267267221316,0.663678230801017,0.178475204940142,0.136272220602875,0.124066335833285,0.144667773064078,0.102210117749583,0.906250530853934,0.0331648715705542,1,0.481049030174429,0.434473899957976,0.425687566332569,0.382610944547946,0.161104854783337,0.712726184134878,0.1339621018509,0.660362984039541,0.107511657798534,0.657720056524351,0.115652355592667,0.523369294568976,0.166609265440766
1.14644936172333,0.162578536375401,0.990793410682524,0.107929002365164,0.895489227921168,0.300826954555561,0.0127935701299056,0.0811047937794202,-0.0426392113330296,0.132180447014688,0.948286387216283,0.017141734071568,1,-0.39836676897217,-0.145420793218179,0.522151370171264,0.76222417560196,0.126318102762964,0.768843127011806,0.113072260845205,0.865768861234817,0.116680360633259,0.779421195246793,0.141804821325046,0.616055380998851,0.150915187839966
0.952584656029565,0.140094953723254,0.785372010431177,0.103805306083021,0.894320557776778,0.2332133610597,0.183260428408186,0.155175202754542,-0.031495471780162,0.136034707279213,0.760876172789489,0.105052474851546,1,-0.0777977724887032,-0.0691157260964863,0.311411870587439,0.701924695716392,0.0959303872694139,0.73030252439085,0.105202162382302,0.598981627211439,0.133882386867378,0.743408972370241,0.168329696346305,-0.0450338735308876,0.289719849702014
0.850086766488351,0.162881237613622,1.13518979936914,0.119769026730504,1.06620635444686,0.329512675178853,0.000400267588561483,0.11178908363161,-0.0195411688689055,0.170508572838454,0.910648132767495,0.042385998998957,2,-0.945920618770701,-0.139324225961726,0.476490745997198,0.669741783782628,0.11453878552857,0.766805580414059,0.124263002467125,0.703557728640392,0.151808944471327,0.653755967186323,0.172696539395873,0.5239530911217,0.213243249541814
1.08162038392551,0.154323928803163,0.769873933958924,0.0974288206596443,1.10451130714882,0.29237540557339,0.0674123711192404,0.0905949114342136,0.137796003014208,0.161754490422994,0.858201588575596,0.0614109191781678,1,0.50498878794629,0.310863010011166,0.346393918707412,0.552423534175097,0.130189834015135,0.523309119700773,0.134946027849954,0.840236039820604,0.117882530988456,0.907620742509828,0.121114412378097,0.575336049694614,0.152304539733406
1.0575293862142,0.169603429458408,1.31256751270323,0.122226175747138,1.36608212272586,0.398633064980812,0.0879666469285595,0.107616042499576,-0.346654963559137,0.226957881983929,0.947958638339954,0.0193720306427426,1,-0.999999999978961,-0.539209468398527,0.523639949914356,0.689722175925985,0.136784700184962,0.876521022852042,0.135248823979646,0.773087432172867,0.11994979430251,0.900586693237149,0.126381612371343,0.74092009359616,0.151386781092823
0.855892581131089,0.16678714022518,1.05106428443606,0.10930356638943,1.21516547041944,0.334551030951074,0.0887735634168834,0.0995287626281305,0.138136441942507,0.195883565192671,0.874760912569296,0.0612876946454241,1,0.420580108559962,-0.0972038168395135,0.425778204116396,0.541098880620888,0.12355818141366,0.884832415802356,0.0840584498809864,0.62042103782295,0.133514951589036,0.593583607695623,0.168426058203511,0.567794786196419,0.222520674485697
0.905033470343069,0.140619122099857,0.991019666488154,0.0995053690734775,0.849949359700171,0.24240301373319,0.0483713337908384,0.0776888833420945,-0.178060299803751,0.14339110622259,0.884930073452061,0.0469428577556963,1,-0.878165848058382,-0.118420278151427,0.408922432386399,0.59520523394094,0.118955867021361,0.788513879311836,0.0857801072211972,0.491200905546114,0.139464208940412,0.543348786031876,0.146425603642819,0.631737703508602,0.165438644213885
1.17575267886799,0.145682634474919,0.926037594515574,0.106099282970051,1.10542384057662,0.301323669815187,4.91601415454046e-05,0.0501463341973017,0.00589163936051111,0.144565634707844,0.777131274672811,0.0955848516473311,2,0.799217857745465,-0.483882716986517,0.359881009744196,0.647469813800097,0.110444868146861,0.574831561911219,0.123252081813118,0.809028233897938,0.103847841739162,0.795022021789863,0.138521320135948,0.604174674987375,0.17026517087725
1.02561283433532,0.198452433989578,1.06467372292882,0.123000126697076,1.92880910116803,0.527052370203641,0.00319487713033409,0.0901453602063851,-0.0771981331628278,0.218254842587133,0.892257475894702,0.0530242073188014,2,-0.983411074216609,0.18429540134185,0.439815393900086,0.59671689359135,0.130984582511666,0.854753153738322,0.137351159849859,0.949998936250311,0.12787740995277,0.695188769463357,0.167615606472284,0.695700256535754,0.188404571886193
1.01951738138013,0.134082446381498,0.92400459549541,0.0938657729265883,0.642541472028077,0.195506705786865,0.0100966284225218,0.0299236479399438,-0.0805450339120978,0.120014134969134,0.905317781553517,0.0330815055774852,1,-0.999999999905456,-0.0119835947910953,0.419748865826891,0.684288009374681,0.117605206900852,0.617056685404846,0.109251548915531,0.71925718706983,0.116135385049133,0.163440328392105,0.189517089204144,0.802690637115719,0.15116032210633
0.971660950544076,0.158326986903866,0.962630089712366,0.0914388582163917,1.50595655259455,0.357495398571543,0.000842686103175937,0.0829965986300499,-0.0343067400560329,0.164659858106106,0.746455363220415,0.150214668054443,2,-0.963031104946324,0.0263170228084428,0.351695323705954,0.722729162958376,0.101910275520315,0.566695142500976,0.118716763951969,0.738887789419813,0.152365789141234,0.827921996436688,0.12903516102972,0.920974147967592,0.147840217103877
0.910223100148159,0.152163325448803,1.00225032307147,0.116017825771538,0.913944780722826,0.241183069563999,0.210224974150304,0.175660945638516,0.322959883078899,0.154002573134614,0.847164225303835,0.0575070241597691,1,0.736794621265454,-0.0334355978874731,0.369451956653584,0.742301235523588,0.102590500311397,0.623865800597488,0.129464859264954,0.515610958657383,0.145284130116604,0.772355717010021,0.138407320295515,0.739599370153269,0.144852544561095
0.995090927766672,0.176336449992924,1.09884645041072,0.0955655614532351,1.34358445540646,0.35318358545292,0.013214982647176,0.0395116176834113,0.133249532776751,0.184269074895977,0.883913139661399,0.0630296623534828,1,0.999999795049066,0.48470219512835,0.456049353606136,0.676449258828558,0.137056552835096,0.672556348800651,0.124524004138603,0.793163845949139,0.134037536482728,0.546617825658871,0.162873784390752,0.844693127796542,0.152819822545689
1.05923117673656,0.127106061249584,0.949144784335121,0.101069638764275,0.654636766465477,0.201502692751305,0.0188799077186938,0.0368484592656371,0.111173205977157,0.112794157275706,0.912514209231667,0.0304716385621626,1,0.99999999947842,-0.76334584563755,0.477869431276083,0.638520663790924,0.133121337943793,0.635097396831067,0.11206142113524,0.588581182921161,0.127616132631203,0.28922255203686,0.144667832216914,0.692691896162481,0.152966678138398
0.938237478194372,0.147139545090606,1.17011938975252,0.107792914294888,1.11521241408092,0.271805502435932,0.0246187593807603,0.0848703624356952,0.0552063800498894,0.159036501968609,0.879359821350893,0.0531105052849798,1,0.333178824377529,-0.72781296720836,0.418216338507439,0.800119271625072,0.127565129823241,0.686985429837413,0.107750768178924,0.851442556870027,0.101871645375171,0.705020170384843,0.14103626559524,0.846609374096878,0.130771886663089
0.960196620285618,0.155738210852504,1.07452809620133,0.106674734934368,0.773418230937316,0.230922017077835,0.173258769911064,0.140324855015199,0.198336180099865,0.161277491699424,0.914525058678714,0.026211318041029,1,0.541810140148287,0.133056436125723,0.459154238226344,0.636476898687304,0.115241670428647,0.771316217968907,0.1115426676497,0.798133046261933,0.105971291966972,0.486749416295233,0.173711214972309,0.654389888821845,0.184419427131837
0.70006466151554,0.148602138578915,1.14578037188133,0.117394406536939,1.26524373303873,0.327638583366301,2.79623039446487e-05,0.011225188762757,0.00580603583716737,0.170299402676041,0.908555946140456,0.0364549762994764,1,0.97612657969123,-0.430040021785363,0.386340891698809,0.836892154494081,0.111880626593868,0.542733407917485,0.121452042166234,0.718528446198995,0.112955375686079,0.486376795366585,0.146980567565704,0.901531951774575,0.124290123949119
1.18789570300277,0.136894058243434,0.912497080428268,0.118317511869978,0.547298207723734,0.18766637711766,0.0650084472972726,0.139719646279847,0.0592055705286643,0.14306084193479,0.924685666347262,0.0313976639241631,1,0.313881457764479,0.437716012206595,0.468298982668078,0.680606592801704,0.147086007972685,0.612527080250236,0.128056522439304,0.70672581534635,0.116413115272562,0.551312942893932,0.157433384425153,0.709491756156299,0.143863579134218
0.956992356119585,0.13202548637622,1.05935276244542,0.125830339247235,0.701804790404027,0.194208928877038,0.18981542365532,0.145024081381566,-0.100028792984283,0.139706475244829,0.914457246280844,0.0276755778735167,1,-0.274063446483389,-0.71250602049375,0.439162693368389,0.814879399658709,0.106439458619468,0.747035168975212,0.119003951483009,0.653179823938293,0.121095214553522,0.67738339287983,0.141424974349379,0.505144483639446,0.186418134956399
0.959918674958736,0.113719414347923,0.988649130107049,0.0845432795331041,0.463533275488036,0.138254646519358,0.00593970829735502,0.0174303864398412,-0.0524714440178144,0.0777230056707635,0.899795359752519,0.0284462205055246,1,-0.999999999055334,-0.28081160835336,0.390774350565252,0.669049143376668,0.100343476589534,0.55462770758667,0.108423212367508,0.452282478613083,0.124656554207166,0.736386823633469,0.110677653956319,0.637042125929251,0.120583988691124
1.44723731113056,0.160722528896064,1.01750970371703,0.111518545161958,0.884699440855849,0.238160853596532,0.00193217501216472,0.0129548999114526,-0.04134482010735,0.138080927752999,0.906605738345576,0.0388644876077747,1,-0.999999999067319,0.701186985105057,0.406799154219191,0.6537166125834,0.155532248751045,0.707104135433239,0.133546043567498,0.691965184780661,0.12580757195221,0.673944255588159,0.119678090954982,0.849239207212118,0.142035685394973
0.738160452981173,0.133761926895592,0.903167560515231,0.0918045230559266,0.971588553553675,NA,3.42781779342956e-05,0.0630687166824179,0.0044338720705581,0.152633218907408,0.769550576641833,0.0981793932317468,1,0.768304008614111,-0.468264834431811,0.320192518646876,0.619988869449395,0.105958852102225,0.505139352602579,0.127104381094283,0.56398933487083,0.121600081479373,0.733869187881905,0.132182028242516,0.790381053524199,0.155945467622609
0.929284383520906,0.137701751097062,1.09366627188193,0.101141603021243,0.839424564673345,0.233629068447328,0.0151599286129898,0.0320435816571079,-0.112807873643551,0.121222452911082,0.926848370732969,0.023650995674013,1,-0.999999995267087,-0.423020251241435,0.440420669177758,0.754492817061906,0.110958994643485,0.741464999351408,0.101257500943102,0.787210076827961,0.119773157596004,0.852862642957906,0.130070052150191,0.787769711215134,0.171315594811783
1.17810379322228,0.148409085165393,0.985957075405911,0.102436827375693,0.778310285674127,0.231222547991389,0.000373090227444379,0.00580155937736744,-0.0170404381160417,0.114290017801156,0.913461759737898,0.0293626507137881,1,-0.9999940933804,-0.12632179928425,0.436845084057002,0.810482741628429,0.103466342171753,0.728960580467128,0.119264260463065,0.857254965805885,0.12414582600722,0.584501148903979,0.174282848226981,0.38676744422054,0.205969486189772
0.922558895841119,0.169210488862218,0.976371049788522,0.114408433408734,1.45336915704257,0.355360040940653,0.0679422356343819,0.105753593334534,0.152642081597225,0.17122096187332,0.728200595465265,0.177003694030229,1,0.485754008995218,-0.489324512933911,0.358424137129789,0.643553989902302,0.135459390421825,0.72829576265466,0.110534746549422,0.627257764560862,0.136521869963705,0.772632713599332,0.147116520812326,0.867103065180046,0.178867652588276
1.04352600857454,0.1569432596854,0.992312531844488,0.116671249391906,0.885786469060331,0.243526368591957,0.0956167039590519,0.0962896563059319,-0.101269089426312,0.134875183485913,0.883500348556545,0.0512542973153863,1,-0.347972961720419,0.782188183326528,0.468286260120246,0.729812218441105,0.103945304575067,0.667740471235499,0.123945265778091,0.670834893883762,0.133790552150178,0.509090083720386,0.162657656402134,0.760416047059611,0.137818038271658
1.08310820947154,0.148107684764534,0.968434419783327,0.108929282902432,0.839195926731228,0.233143660807548,0.00730073465917966,0.0219512173577771,-0.0782735377378826,0.118634360352241,0.907550246168138,0.0330147681107143,1,-0.999999993624241,0.268300889665977,0.414352810318624,0.858071551107245,0.106493817765941,0.748421882289183,0.111516622542589,0.689153458808703,0.131445457736668,0.896769102997234,0.142091242147534,0.821200711332623,0.176074800836106
0.917576723944415,0.141195364099165,1.10831666718619,0.106500073457527,0.844360551077355,0.233641787459779,0.0633696798384452,0.110495390157193,-0.163341464389078,0.117301644406365,0.880444267629473,0.0466748864267197,1,-0.706141475979656,-0.266807995792826,0.39882707459094,0.843311569341438,0.105071068314575,0.630552591244844,0.115643869552333,0.575245060702009,0.143410336325612,0.660528842836628,0.119995874361698,0.806442607343833,0.195473161355427
1.18110394228584,0.171331424843135,1.03584159361252,0.144560445597465,1.46641383804235,0.420094975934703,0.220251092033607,0.18437028018827,-0.182887077989165,0.22341570138767,0.933096867396799,0.0269413448630569,1,-0.321807166097429,0.148222579243155,0.527585629206001,0.677566069479814,0.160902714072889,0.922638912884482,0.114905090962717,0.677493179619886,0.136464487110419,0.737972507327444,0.138173317523131,0.72196987765376,0.160441135782787
0.810021913101724,0.132897593979872,0.884529035133368,0.0925931026894837,0.663236753714849,0.17958350582314,0.0229817460895585,0.0830078947975997,0.113856338992808,0.0962416084508682,0.844423020328491,0.0722899412669398,1,0.922213364472676,-0.238549471846262,0.366759573902801,0.636386392339074,0.117963831980464,0.599076587664722,0.11635815721039,0.720422334767052,0.107216437341546,0.532262539488693,0.121446259218751,0.725203821911991,0.157263895534635
1.07366301473874,0.149781682374368,1.03091113907685,0.127571019612245,0.780955886901802,0.268502680736409,0.0835999210164437,0.0658104379819569,-0.14789733745604,0.131998555433601,0.923288043921414,0.0293258780951289,1,-0.578820855174281,0.527962465329336,0.465240956167267,0.551752121000765,0.115902895863469,0.88849177885195,0.0984934368052175,0.621875061723897,0.159725974332401,0.579928362796856,0.173593443897939,0.716499789407456,0.157047479974919
1.07328292514106,0.160444116151679,0.971478870847521,0.0951160865035697,0.933918198375938,0.247179590182048,0.0118641007925568,0.079848221680665,0.0664437094696842,0.130108138419312,0.870667622796795,0.055680217560289,1,0.631221870260593,0.817855811089926,0.441534045598972,0.78597924555587,0.143487675626007,0.398662142283469,0.126771560195094,0.647557686809373,0.10896986820342,0.803620286278665,0.13891862560411,0.97874192390972,0.124393857106609
0.898645951462828,0.142676770708745,0.945098821366438,0.0833603424038395,1.0296557344253,0.278801430975136,0.000129175233375346,0.0457395020584496,0.0101275143096613,0.115247802889718,0.912578811106123,0.0294130471900178,2,0.878146989503615,0.0353797947183898,0.412173527267813,0.666350131103789,0.10770554723826,0.704454039164857,0.103837087009892,0.685770023419035,0.100889443586477,0.583967083519966,0.143708639090705,0.685255919034781,0.153465036796195
0.930109587922654,0.137156287474011,0.958541767173438,0.10593646482059,0.67963952191959,0.221918992209032,0.00221790622574055,0.0147023724235911,-0.0388249497876793,0.128889019209604,0.918231228649478,0.0320070270246053,1,-0.999999999698492,-0.0546586435586317,0.445908786271425,0.761384023529026,0.11100019542266,0.697198032007864,0.109009738465952,0.738957147893818,0.113012888648398,0.567439275132519,0.165552926324914,0.575908380914151,0.201769455260502
0.886440545979501,0.165998949101596,1.06347693864615,0.120425306782758,1.52709574145846,0.41682912400057,0.288628812570325,0.190959192035473,0.140715423693325,0.2322889534788,0.906885964931977,0.036990996408226,1,0.211952590207485,-0.352842782226573,0.419062203550294,0.656468927023384,0.132999030672948,0.760606191058132,0.108256849021769,0.641394705602493,0.126443142307367,0.890301945647623,0.120073817070343,0.916565355416757,0.159328986463782
0.958271929915694,0.162926025159381,1.03575218137818,0.108742634921469,1.0564237555843,0.30168039493724,0.0460356667619809,0.102317833835328,0.18897935844457,0.20392493047116,0.891700334938688,0.0557529796060495,1,0.856935376876621,0.352836295371964,0.470144994194341,0.544075951737892,0.146973363177615,0.687634072808002,0.112130226628201,0.664986074974517,0.134207835361064,0.525147015652615,0.149629645078693,0.862352959386286,0.196262327888657
0.833222628811346,0.140709218488444,0.988163710450684,0.0991307808227289,1.04938529187819,0.276962044279039,0.00271344297537644,0.0692603174190909,0.0483802285676744,0.133602247738769,0.837074724897505,0.0713293363292463,1,0.906650864219051,-0.0910979201096756,0.33015357613526,0.612352068042692,0.129997219171958,0.673982901080679,0.117986911101093,0.863635828725574,0.108407370682261,0.235587663850321,0.174193413446356,0.615217049574995,0.185757330477895
0.819118438244437,0.132288388389767,1.06693063125813,0.110061879972329,0.684805143159477,0.201688920665785,0.0737718007852234,0.0908261152812558,-0.0806339950430014,0.116807583427353,0.936873261505424,0.0229301925975717,1,-0.358747991685931,-0.770340204157445,0.508139110431549,0.7613201495767,0.122759726115007,0.685330039276745,0.128029148504693,0.730437479869383,0.106141424466408,0.64022776001852,0.136527513365261,0.816685347518224,0.146077846986472
0.974116466016228,0.157466735968602,1.081155864262,0.0967172981368127,1.15025602679396,0.278064235839001,0.00302202159522005,0.0820226175106443,-0.0480018326688114,0.143919300444904,0.861367575483702,0.0761300429060938,1,-0.814163780705071,-0.621869407278551,0.447331141564338,0.840139529274942,0.108881515998599,0.582195648311056,0.119552619162583,0.783412231956356,0.120062867248842,0.905477440424142,0.110135484128005,0.56211985960591,0.161112849584034
0.924965100004318,0.140750029396684,1.11228959076602,0.106809288591004,0.764639411942271,0.214342239318271,0.000314673700143487,0.0775033803856186,0.0143374643041902,0.120029204382596,0.907964741128637,0.033338341123691,2,0.924301774104658,-0.643430292142869,0.489749791421785,0.674971775321027,0.139374456614976,0.696680222624225,0.11791619992861,0.758389960770391,0.118567945593553,0.506799272896858,0.150673462370611,0.641905931072904,0.144571662977698
1.31100991802352,0.173248716659023,1.07998485719499,0.114668063661747,1.57151056381673,0.336411428515094,0.114763821601935,0.12528813428618,0.274614691379667,0.21848319044848,0.472318891478122,0.311272575876369,1,0.646640072177941,0.00896370162645433,0.373007102787334,0.893215013296209,0.097660423692423,0.826772960379515,0.10773317755346,0.60030535172335,0.136491855849162,0.870207458311713,0.138777092338229,0.769874752341972,0.178944807510187
0.943394401937076,0.141039300270604,1.13133758801026,0.1130362848424,0.769960290702344,0.257204505068686,0.142560321355481,0.144787198894629,-0.192713898130722,0.150626215049573,0.937344554931178,0.0220026384228102,1,-0.581673849440793,0.143766723656868,0.476128601990578,0.84633752800409,0.125061180456213,0.661237975155946,0.135371244429098,0.84800305229553,0.124673040385099,0.672531473240193,0.151505541547616,0.734493162760588,0.2096945136348
1.14710996222918,0.166167271321985,1.20208022897709,0.118749291418898,1.30100676140115,0.375687670361147,0.146578387637874,0.150893521917054,0.197018610082507,0.224397762116614,0.921035365295802,0.0347587457031527,1,0.451161990450775,0.636001119773668,0.479323443922911,0.6349428248449,0.145614353445601,0.616502762844098,0.128523810190264,0.855416253646556,0.11258654034483,0.911256084503386,0.125328111798459,0.750803315934773,0.205778322003352
1.26073857581162,0.163022709526863,1.12506736549979,0.113011616238754,1.08487762071536,0.264745726380089,0.00471679022279721,0.0142785302268481,0.0715341886202883,0.108142511656883,0.939220793138285,0.0216086311118559,1,0.999999998753331,0.134514321572828,0.479607023530368,0.808344472410881,0.134477490581333,0.830526184864695,0.121171448649391,0.898077157925018,0.10580228178362,0.75383760998827,0.13897233663345,0.996104684289903,0.129444713373464
0.973329998266964,0.182905572331908,1.07804704188054,0.118634214354243,1.53243858219079,0.44786151500224,0.167479808177768,0.148502788840983,-0.0396176445426849,0.259498143796586,0.937515704382214,0.0281948805169063,1,-0.0782016443087256,-0.543014851634214,0.569113795818503,0.885603498769536,0.128900112979902,0.580356204713713,0.157274137004743,0.594734799440123,0.158395462223865,0.85205103241053,0.14591970977504,0.752625725335973,0.125414919344356
1.11312556183788,0.185727806873044,1.16950530542561,0.141097219607221,1.78531445517526,0.449107947715822,0.274461163270428,0.196744463238718,0.582645806430473,0.283701042982456,0.71716231598517,0.207811716884874,1,0.832351591855757,0.201438722940492,0.433334561863952,0.785855344953421,0.129654106953782,0.595339286298584,0.14516391947852,0.597863485177957,0.13614366258692,0.834095753611558,0.145694239364455,0.802139853175509,0.189699954359938
0.964088962866578,0.167720393528155,0.998025484980041,0.103494241455454,1.10322783263022,0.356819654209602,6.07647916308852e-05,0.0430030061018739,-0.00769877843281336,0.172849819014713,0.921396786389711,0.0334166064637338,1,-0.940293014242253,-0.406879848439606,0.500246056356041,0.621605988893886,0.115790450503445,0.802848975328834,0.119280389320349,0.616405390041325,0.135323139399534,0.847276230009128,0.135048554923268,0.70499286717326,0.16937613281946
1.11592450193665,0.142004219001853,0.940460684375823,0.0972013946463416,0.699503243775508,0.180004123277629,0.0295035319102207,0.0698100475435492,0.00368967486570315,0.110908805315309,0.876803943903469,0.0495373150552773,1,0.0256836194759772,-0.126968120357285,0.433842373787624,0.888617480010601,0.115862730590602,0.749741374922214,0.120527957199271,0.769141943172403,0.125114803271347,0.574951799525217,0.132065261900164,0.636439926536402,0.130003618247846
1.05566358713404,0.179859324602026,1.16324103621426,0.129171161988806,1.50689756481756,0.396544057554472,0.010655136929378,0.0356215866967237,-0.126713061221714,0.213999194254241,0.903177634714429,0.0379220697753939,1,-0.999999999766462,0.455999866626898,0.437844480705508,0.498617945419659,0.157807892414836,0.948579838656207,0.11064101727598,0.8295118197699,0.112488215153155,0.804487588853406,0.137779996973818,0.859904946476947,0.155252773484018
0.939134381117652,0.170474821917205,1.09278115852709,0.133590238956411,1.4172533597132,0.383764093522651,0.227707489532042,0.176655476397948,0.263669327139315,0.228295652423593,0.913709732912155,0.0405680693543543,1,0.464138084616144,-0.871601820122247,0.503638334627545,0.697669519178521,0.159789199030743,0.836916854352891,0.115971138313156,0.524447645463468,0.139002490992367,0.896607070883635,0.12229337791581,0.884561992304212,0.162142592182808
0.865447991574833,0.144200061875954,0.977521717326091,0.0913265804728713,0.91449547712077,0.257998364896909,0.0475179360464755,0.0727948530195212,0.0203886640860457,0.136097350294387,0.906457856249426,0.0398604710979093,1,0.0978068349795303,0.237623184185201,0.417263049854442,0.581485830488946,0.137003228215631,0.750501071051795,0.108134774699275,0.555608721164242,0.122619930274119,0.860177226698389,0.131451412778768,0.770107049640093,0.144069409244402
0.989601045356232,0.135770766151067,0.873561246123076,0.0951870738515773,0.727584435434701,0.171898047664967,0.0210781269246338,0.0389121679482877,0.123839076522646,0.115873021841326,0.851985555235175,0.0576336630075907,1,0.999999993332769,-0.476928748284819,0.405626862415216,0.687493385644425,0.132932619943727,0.68143174692418,0.104028147861589,0.592812047285092,0.147218559467013,0.548996446225228,0.12656707421425,0.693386016481801,0.138559761959672
1.13397478030987,0.162437386270396,1.04431530245355,0.127531989304875,1.17543745677691,0.333832534465994,0.138409293829654,0.123919782766728,0.095024566667213,0.18113248456631,0.916665891170559,0.0351782169056231,1,0.235588186126679,-0.00995754015897317,0.48761720069473,0.779441948070501,0.146229727770692,0.679654271264565,0.145264859926507,0.857859529452698,0.115988971961057,0.655187312410475,0.157146702131136,0.86862299695585,0.134712200397884
1.15485432606289,0.173814439518328,1.0428031455759,0.113526891859862,1.63867557284485,0.375522474289671,0.0153013701872114,0.0429386043726432,0.158347660394511,0.226980127307415,0.772617188153388,0.101447437992914,1,0.999999999911772,-0.137595631691644,0.346426592481549,0.621523340225698,0.126978540292686,0.647207977968929,0.104447191547678,0.919605645774913,0.108099940520362,0.824722645128668,0.166970135266916,1.08174873175914,0.161922155905129
1.28091105705977,0.194954930051799,1.35388338626614,0.140250399861298,1.13550407568545,0.378031911874061,0.174611328665132,0.152441101829821,0.010541316846559,0.216452608136901,0.960034166486234,0.0166265796679699,1,0.0236736002657664,0.760772302201352,0.640149449742235,0.921936289633365,0.138552379406131,0.814230683496588,0.13572414532911,0.905146932531395,0.131429521531494,1.12001746032798,0.126826076826739,0.467572342367386,0.219269426106727
1.15042966399736,0.167354894636116,0.919814976211949,0.128900416292325,1.5218212485654,0.349069214207762,0.181283826423046,0.137736381915195,0.525244304025351,0.220684799419872,0.358426854103084,0.270745163128535,1,0.999999999708647,0.522658639005963,0.276821770825937,0.739000245327498,0.104019385384354,0.563009633535226,0.118941655739929,0.726112661919396,0.145376661350841,0.964838526121586,0.159459532124426,0.796033418926797,0.192525227088011
0.938031049483871,0.136056952234353,1.11263587078001,0.114494209359471,0.7133822493177,0.215027616032877,0.00468441496158894,0.0223870723710965,-0.057808117764262,0.138353928773895,0.925387768382162,0.0253231776063226,1,-0.999999999612628,-1.06769928879426,0.469187998189278,0.74865465727016,0.117343953601245,0.746466432362014,0.106567341553251,0.65474066493485,0.115324619907384,0.679183402778213,0.15149249976313,0.447295367927764,0.190201419604215
1.14033882727489,0.178018393997028,1.05958559906173,0.115264974327784,1.30033954428047,0.362212952195987,0.0585443729062969,0.0977258475916979,0.122471180044479,0.187134535219724,0.913305273033672,0.0439841290191829,1,0.443877302602348,0.353689025655683,0.484378714364302,0.828128929471698,0.138194354700039,0.835021380744748,0.137590232996021,0.748074076062093,0.129404175585591,0.586994378699136,0.138716324752867,0.902590028103434,0.158040978299861
1.02667951019969,0.152199769470401,1.01528987124877,0.102071251806717,0.844418188550155,0.254418159939971,0.0229739510590555,0.0800530502399103,0.125940372964833,0.138498212261488,0.931481811906972,0.0219647729601854,1,0.90420798857843,0.0420010249355168,0.475968485981422,0.753594911574552,0.120483224169159,0.526966847488307,0.112270285899887,0.74954376719058,0.116027552812454,0.730163522484402,0.153581980336386,0.580501579266874,0.166029648220647
1.22857191600715,0.154161923388335,1.21447868780541,0.119788377211315,0.846624404491888,0.222854821479592,0.131335871990894,0.140743130426934,0.144556777331532,0.114255630232035,0.928271786916713,0.0241539207004887,1,0.433512261120991,-0.168333106636326,0.455214960439208,0.952588412994158,0.10514455974871,0.652253082075199,0.116169904407991,0.968454113065981,0.117386528823022,0.713363805119965,0.155890545270156,0.748024355511353,0.146208550215746
0.897448435768116,0.168138172080639,1.20398946776333,0.126019150614785,1.23002157195911,0.372336602529277,0.000191520175009736,0.0508592157744278,0.0147524233958808,0.184190530946001,0.945853703562357,0.0198035560799231,2,0.96116896424727,0.204747428409942,0.493101897500937,0.725255415200349,0.130240091847407,0.945357279593257,0.132907952937933,0.660368175138062,0.181343839169533,0.860192451350707,0.160752004195285,0.587836431074588,0.216336067207291
0.715338926794166,0.133787001174359,1.02187115874341,0.116319973637486,0.849705282148424,0.218420403104538,0.1945721323971,0.181725492768685,0.165810135398643,0.136337214093659,0.780969980800324,0.0908042356366748,1,0.40779002257143,0.15089008415562,0.348040975789843,0.733450075408412,0.113855989835965,0.697406746467284,0.109478856120571,0.477460162307459,0.143086029331051,0.565982006521203,0.162804175715644,0.753027243097116,0.200943036050682
1.06020565162952,0.141240856126085,1.02765393561648,0.0973190797279028,0.967697760539943,0.242384656537499,0.000154534280236804,0.031350749528954,-0.0110205452877181,0.101282143331755,0.867426796153092,0.0551537344070885,1,-0.901199202511652,-0.0149738060067362,0.37883960750603,0.601081714435521,0.132693308458028,0.628073336070319,0.115272535180152,0.853867697820173,0.117572854140281,0.603306354700508,0.118454614171773,0.79545579304437,0.149714622856135
1.27323377492228,0.163208322711795,0.939576001268618,0.125541976743257,1.26521012769363,0.325592321973839,0.0227573191638865,0.0490772943688403,0.169684385492242,0.184606493865656,0.837027654948493,0.0892825941343805,1,0.999999999905778,0.321678489570499,0.402065598473366,0.556087723698618,0.12633894505426,0.55929957608461,0.126649923880459,0.854647168508367,0.132578003183432,0.797280913629218,0.119131126102344,0.78875878759025,0.145765215764522
0.919426082589969,0.158130019779876,0.997828693890748,0.105559571352231,1.29128412034585,0.311994416472366,0.0328730337669323,0.0482343852835127,0.206030159176564,0.159437372870098,0.820388365162699,0.086031683641218,1,0.999999999993967,-0.237230236570159,0.351385397471353,0.67228020710569,0.119056835195524,0.695975968020915,0.0996677335351087,0.731024516909147,0.11046410299624,0.744382677471743,0.173754091264084,0.512534739984439,0.231307646468781
1.08211848574565,0.15810976320427,0.92260518556604,0.115321688871281,0.929838596175476,0.287151962746207,0.0564714732300896,0.0653900319214415,0.229149198977408,0.147796430908891,0.940005469046216,0.0203725315289487,1,0.999999999997719,0.538771909972625,0.50860405869111,0.584365520061087,0.137379803343468,0.650528096505465,0.120638316517649,0.666216762730305,0.11884511256194,0.644347432865101,0.149948197343895,0.845904356569006,0.151274348742979
1.00477966367918,0.153347611499133,0.98974075162372,0.101302641113342,0.994889605807171,0.28374731230221,0.175621522782559,0.124448868809565,-0.1521140932835,0.142253012529771,0.926408563302294,0.0287251658431414,1,-0.363909285361929,-0.156731625910404,0.474864020006074,0.69147522826746,0.114534676652023,0.737748984343351,0.112449088535673,0.750414690577466,0.136564849164211,0.678346884844942,0.130247862158248,0.75474691794781,0.144810766199955
1.29255012944399,0.157090620354926,1.0242112767073,0.11755287436389,1.07376327694686,0.292216113412426,0.124157829204519,0.112492122988756,0.365124797128526,0.18253188813824,0.91755668080175,0.0377419872849973,1,0.999999999748322,0.63862785836899,0.442245390656698,0.658182942608023,0.156698394428309,0.56372190165785,0.141803548035138,0.834432580360042,0.105040560943019,0.776644166153931,0.127626493247836,0.766739353712143,0.142528512613823
0.710905351252875,0.165185645864347,1.06510580343557,0.113740457308504,1.55186003580876,0.388644622883966,0.0841986883783824,0.114913011429016,0.300520317218915,0.206439151884438,0.859927483546305,0.059504773863728,1,0.831371056653402,-1.01516174709626,0.39927764879235,0.687358951430024,0.126357415665007,0.561708057958857,0.117715131317478,0.858506600428644,0.115552728538681,0.663515850117738,0.150777448169568,0.67986410775798,0.204061584000016
1.24755546520922,0.15518204983853,0.978803503485617,0.112972937231632,0.781157659469724,0.230581079845438,0.0466485889617781,0.0600035129569868,0.190892384789414,0.132952946680739,0.916501527701218,0.0348378268720398,1,0.999999999995086,0.477762676201678,0.451359647143887,0.745897438004068,0.131565902034336,0.575475789871667,0.121805572876713,0.789533713267118,0.113009315548523,0.668581909982413,0.130494228567405,0.59653903107314,0.15982838394549
0.741616189385894,0.127510834143194,0.992317665681832,0.109436707521302,0.691216211583456,0.17948981165164,0.0575098763239358,0.0840212000991814,0.00534771378663808,0.128404463038619,0.839762817124345,0.0583766673539185,1,0.0268219272944637,-0.33997086381112,0.342699169973196,0.592329525360223,0.114685134374079,0.544219648936262,0.102505491166866,0.694462561106093,0.104099234505164,0.585405087716803,0.165693436102524,0.755971189586986,0.178308723535838
0.965780247328752,0.146993206097582,0.78426534830836,0.0925508605915646,0.582557801917357,0.222087045555924,0.101621644461088,0.0778476008392776,-0.203685896378354,0.116464899468084,0.948594916533262,0.0182824574748308,1,-0.837140470618978,-0.0563357919038563,0.563989448704002,0.365981040089967,0.168324897608583,0.822595890277555,0.117496160645977,0.578489020076565,0.11425112992502,0.69268603574544,0.14433898428703,0.727122804908349,0.119737257286992
1.20640829936059,0.177074618410264,1.07278609459149,0.103652859202914,1.62401889281719,0.347616518722516,1.94874545233551e-05,0.00662858584500075,-0.00550050175649432,0.155270891310876,0.482361784007928,0.285082401325312,1,-0.97775312285304,0.219243479843058,0.358714116556339,0.790434597336844,0.124506719521527,0.553545974019692,0.131030886239759,0.729438818992006,0.109294246236999,0.644884725712176,0.12792194164121,0.631789221421982,0.150872039902192
1.00075370098927,0.149710433935685,0.954880314248137,0.103535780150404,1.270025868958,0.337012772597062,0.0728534920364497,0.0983992819236515,-0.220350574382608,0.154222888339082,0.87577472049069,0.0471713799814632,1,-0.72440713076562,-0.392646094605701,0.384896916759164,0.687494089265087,0.110770140522474,0.603413095612773,0.122128229130618,0.451565528414553,0.143288589663799,0.810884666584169,0.120385390261249,0.778646371663556,0.127539984153915
1.10093175282541,0.150140895885386,1.18127763607398,0.111706310425518,0.783384932940208,0.347979860765932,6.39207641590932e-05,0.105743393193254,0.00590416431498114,0.12084044589541,0.916022226521225,0.0280272160591626,2,0.834353033444967,-0.258459771043173,0.45273441798931,0.793708185028804,0.107715501299349,0.609509990209024,0.101706869116401,0.669182165811915,0.120128569248435,0.817901570790095,0.132054125486143,0.850211493524679,0.159544179738371
1.06246258946865,0.185727371520425,1.15652563833756,0.149667316402106,1.08978631422172,0.381164347508767,0.235617797810392,0.153912804584615,0.114785368375982,0.199813778768897,0.940480084679027,0.0234654869021828,1,0.226522742634384,-0.161757151903315,0.551901257734819,0.600987003627677,0.140693280602892,0.957128940394538,0.132720223646181,0.756922542691388,0.153936553980971,0.863461570502793,0.139143179240662,0.830337857816941,0.159712596377253
0.923993668256127,0.141805780750793,0.864891905135903,0.0912071379371614,0.860020874895863,0.249477809886785,0.00749562553704784,0.0239809029176473,-0.0802894395467147,0.128168584738013,0.864244168748163,0.0552417866554705,1,-0.999999974440121,0.175951761242901,0.379727708784825,0.367322228616969,0.141470238997035,0.629645914199337,0.115520059365791,0.682678456951464,0.107633521789651,0.494993383101112,0.155724798213666,0.522822330207045,0.194086087151859
1.08339078643215,0.144096196222255,1.04222068351445,0.106939171710564,0.784860170454763,0.247051628087499,0.0671232814943391,0.0663182232181321,-0.134502538320152,0.143346850419472,0.937609835830321,0.0198585846833185,1,-0.586000174347192,0.221563135212211,0.47560830157586,0.598600267244106,0.124641573411605,0.586986338091604,0.148509528389111,0.665149926679508,0.121726918881689,0.736983569272692,0.131341812344568,0.59121562497542,0.174294386532481
0.904211868201952,0.137206251440688,0.910081030287149,0.0947494787046358,0.760707902257559,0.200145599540173,0.0924377347974407,0.0913426136373832,0.218856611455957,0.128806928910431,0.878533634924361,0.0516645125180769,1,0.825327012709791,-0.380871678953067,0.429748331622846,0.535936734767782,0.144333158192001,0.593433983404692,0.12267266297397,0.755162945413599,0.118356967617261,0.632320719457421,0.122188372302545,0.680199539571304,0.152323726752226
0.868057728796107,0.147345871281604,0.909593771040913,0.0962291348254454,0.913921285190088,0.252239954689945,0.000230730267529156,0.0952274022518049,0.0123113001777401,0.1405102338371,0.90539440490873,0.032195071687039,2,0.847807471646402,-0.166249038095872,0.423709972951083,0.773938870351956,0.116586757450772,0.707094494932084,0.113551694757714,0.669451775746101,0.12354658516884,0.645288745059594,0.151043282337201,0.894004426259289,0.145254904758614
0.743148306962517,0.141077555038218,1.05486560576269,0.112181446618686,0.652218118830729,0.213293559113934,0.0744204964587525,0.0908322605733288,-0.128004606423586,0.130864690070834,0.914483374877268,0.0314239275278022,1,-0.581009036994334,0.612236413158134,0.413144402812678,0.623565355022217,0.120542865800428,0.594514321308222,0.115990388752801,0.738778103416749,0.108084880356875,0.439909184409138,0.175826214077121,0.7486440017998,0.170314302132147
1.08648550261137,0.125344577744476,0.933928104805947,0.0901085747169043,0.702888973086636,0.171727788473101,0.0465303101323443,0.0572919044743089,0.180847012405629,0.114635062403935,0.725039592462037,0.11915624355599,1,0.999999999842774,0.451977577566702,0.300206247389587,0.664193701471708,0.087938887042702,0.508010014952532,0.107761942076735,0.661529472595,0.124851015064228,0.875143551867383,0.141937185036769,0.146874174301,0.261885699801106
1.18519446460611,0.155018529088876,1.00472068605221,0.089275974425148,0.973700423181008,0.258371154584423,0.00909658048999903,0.0278494401972075,0.094113463953609,0.144711846580455,0.896279859035516,0.0410635752859873,1,0.999999990106239,-0.634804851752025,0.473047152121002,0.923985266467346,0.121290398677753,0.678011762851094,0.100562197906586,0.712300682042489,0.13303978058199,0.488239005717563,0.146994758136035,0.937701115018679,0.129171555828045
0.964980661694759,0.163823710791596,0.935967689977565,0.114648716582113,0.962802742907245,0.3277635824854,0.0149392528678263,0.0501113899511204,0.115616454002782,0.156735984991474,0.944393829575037,0.0200470485276451,2,0.964021115635566,-0.396452789285576,0.520786020847467,0.785460317635547,0.121134022157102,0.501082503729709,0.134619573807679,0.493834662211508,0.1381261130471,0.858397459209586,0.141480369375801,0.679483333784527,0.158316276434005
1.12618721592113,0.164404277238555,1.09112929305346,0.130604667260023,0.826787630428361,0.250636008929679,0.126212867576769,0.098861452234698,0.00725789849548081,0.14950438278732,0.912397393206786,0.0383353071880427,1,0.022467879594531,0.733076542680062,0.473118802925779,0.599013368297746,0.16346785362567,0.571396404535884,0.130151152629284,0.78493126392443,0.110058421317013,0.695029957374587,0.133953249540334,0.751712027031986,0.165198684628164
0.938840891735969,0.135536590343784,0.850108050009321,0.112794559197635,0.754095999540384,0.213435709498459,0.087382046409517,0.139278619373435,-0.112384426586959,0.130296294727799,0.884767755942108,0.0443029498606205,1,-0.437806000825618,-0.679096485918212,0.394964987749984,0.693245502562313,0.110549440564593,0.707510643596611,0.110987209702487,0.538339658355395,0.134935352292666,0.658858934249885,0.143604054858653,0.626076765358487,0.163263146192028
1.07654160751805,0.165426012756435,1.01086988837057,0.117613310421261,1.28118869118669,0.343118179331327,0.0782131454398488,0.115305745373718,-0.137801976033717,0.186171621006921,0.88937681964386,0.0425398208838149,1,-0.435320401443179,0.0578665305394662,0.436479320101502,0.690998341884995,0.114853037638655,0.818788610362161,0.131207695912981,0.871072476212222,0.13017923065335,0.8648231225261,0.136910847467369,0.603968359554963,0.182444165259252
0.678210793439867,0.145091493736004,0.878097998884466,0.085674359981501,1.01334470376918,0.267681297317526,0.0143541818042801,0.0338982277288503,0.12060569671545,0.144645421000298,0.811405749201472,0.0813728637752662,1,0.999999999034492,-0.149974327087099,0.377503035682898,0.523005952010489,0.122449576466622,0.765716987541648,0.0925369235796219,0.330624352077942,0.146851480314842,0.608519707217757,0.169369727243068,0.177926565237781,0.227089317629191
1.15690068418039,0.145677960543424,0.954363061559377,0.112309798967671,0.758781861029718,0.230293039113577,0.0230997964800506,0.0783430344091001,-0.0698597618438721,0.145091058254957,0.91423051580387,0.0368304751118992,1,-0.527672612480135,0.588563663279033,0.46013729857591,0.512945937697906,0.16126589760227,0.674008410299546,0.112438009596149,0.707058048542455,0.109463513797047,0.390792103737524,0.142566512737513,0.535111595015387,0.171653548776022
1.16773316422951,0.163300847311254,0.923815092850626,0.103163101884181,1.0839651008294,0.293934574630038,0.0567945487193493,0.0773656664319143,0.175734611122361,0.158628115501433,0.869403659274753,0.0564807852384006,1,0.708265892369617,-0.11938734519937,0.444500889031574,0.597580628977337,0.11535373796484,0.588954632626159,0.119337136406188,0.658075149791396,0.125332515151088,0.948193980785822,0.121550212269379,0.54898982149476,0.168508560184144
1.04954821688974,0.151768505862623,0.986680384486124,0.10332440270522,1.06221469765845,0.295327689076344,0.0485394904706723,0.0994978506670048,0.216600505877083,0.152710507583372,0.826998597706843,0.0704448844267835,1,0.95390627755591,0.209060064102922,0.383494576982147,0.538148965227073,0.131503942509755,0.585859865591261,0.133451631239532,0.723357379172889,0.157092750820883,0.487056595109891,0.154353035115783,0.762413553413837,0.14315278954187
1.09154910828687,0.151584585408784,1.14761948056047,0.120489135296273,1.11119694037938,0.285570140085328,0.255419059716643,0.134264560427856,0.082090062009595,0.164033243052275,0.864484988425469,0.0578786310307313,1,0.154087856710103,0.38015201237855,0.390684495744171,0.751202571745545,0.100364472610751,0.699501790694166,0.129899424037039,0.7419223913219,0.112740405978048,0.845367856967361,0.14128988929696,0.641689501074954,0.182001810218591
1.01604177090022,0.154611080454387,1.07359006380611,0.120463170091059,1.25919690426194,0.298980423757754,0.180831150994372,0.139719296415203,-0.0139980553349024,0.180636000179711,0.903953592251583,0.0441605842734593,1,-0.0293348761513999,-0.249266426209754,0.426327604719337,0.837633344938826,0.132947237600771,0.795025120949543,0.128788656004907,0.750089389304147,0.109645332049298,1.02728522578993,0.0832515355396918,0.905177199028539,0.161727594677831
0.940862853902559,0.155200029004821,1.06450215956145,0.118802588489489,1.19093482385513,0.273431385765892,0.144050252023578,0.12693359411212,-0.0917701380068518,0.207741921804884,0.799835103947269,0.099166978174805,1,-0.221564601616591,-0.0456248318038702,0.395167071957474,0.708659636913022,0.146109830351208,0.618453678628128,0.108637756587664,0.718476527057216,0.12463317654211,0.882846761849675,0.118975192250044,0.950390202490729,0.136079557803847
1.24918713909636,0.13562116727341,0.91382120978143,0.110799202966109,0.732435319533307,0.189032438680491,0.203544850339781,0.142981537712447,0.320715414413079,0.154779672136477,0.841145270257429,0.063411960820162,1,0.830625261028812,0.850576716761662,0.343313350004131,0.5541542367693,0.124180244070129,0.632171482233838,0.106069514240862,0.438780773388192,0.152211334467365,0.801004145244763,0.125456517398287,0.701098409828672,0.145679848106143
1.09329218388449,0.139472429267009,0.944630084798974,0.106726912028945,0.63443914816124,0.213066702177928,0.109395477744207,0.11106176850557,-0.00360691966655197,0.116612416342117,0.912461046538998,0.0325102243922586,1,-0.0136912089489182,0.367492297753241,0.414341141619984,0.333435062663678,0.144014362321768,0.699999955373983,0.109368436756069,0.711912383383191,0.1157027061403,0.36045072913232,0.158641316657812,0.61636434751914,0.154198500818957
0.793877709568267,0.152941893366623,0.904999657808121,0.110339208874453,0.978872595908943,0.262958632898266,0.021560104615654,0.100044996535962,0.101252645659186,0.188581960257516,0.92024721462219,0.0287589825066667,1,0.696976062727255,0.132135820722716,0.478317546781147,0.515182490883651,0.112587266617351,0.734649678542032,0.106641723503894,0.589767028055549,0.133803640328704,0.726510392556307,0.149839027847714,0.652323063925453,0.175609717683649
0.76257332065086,0.131846973008759,0.819250617345142,0.0909583706538175,0.774591175541127,0.231437981276005,0.00568117967532989,0.0196311874256317,-0.066336953771331,0.114226215078648,0.914191271300025,0.0280434940466593,1,-0.999999976421985,-0.561980210629697,0.441305165187815,0.61103010486648,0.125610944965867,0.741356992089374,0.0990934364344225,0.616318829021948,0.107948316603421,0.598943863230496,0.138471759763904,0.541806654486645,0.150821297202802
1.04989244476857,0.160330429006981,1.02907527497631,0.111869343725182,0.960460987536695,0.295583510337997,0.108326519094747,0.10209092288728,-0.1558937874496,0.175698134104565,0.932407620524122,0.026652939256578,1,-0.48330529121071,-0.0203593542646497,0.430317201473653,0.812112670095749,0.130838087263493,0.776918271556522,0.111571004020047,0.621098315512819,0.130016444420429,0.846408192617977,0.164307505513343,0.824727426492779,0.171823052214893
0.940725314080344,0.148350124532974,1.07536987437655,0.107461723096413,1.01222728613069,0.138715684209825,5.21070674597354e-06,0.00484158510095593,-0.00208534202229275,0.138299388617395,0.9182742996561,0.0295542167129595,1,-0.908008593454659,-0.354310014488541,0.426558344432899,0.827787226777788,0.116688770289589,0.7696116914355,0.10798950032504,0.809007723134907,0.106178896636308,0.806598807624985,0.131776100205792,0.689576182493784,0.208125803317619
1.26183691414662,0.147759121732915,1.00077854243374,0.129357892663477,0.794503036028021,0.208353635495895,0.361752103786588,0.197607485840976,0.0516883664665413,0.167042119539143,0.899019610792816,0.036049326301928,1,0.0964138651865645,0.0107195905677485,0.393898108435562,0.727527536755208,0.117729823827526,0.753764348119734,0.10642345333046,0.778331570633715,0.104932230821951,0.628801767823427,0.15428529830296,0.854360128008644,0.174567493517462
1.09234180548546,0.17421675380817,0.777097122745129,0.0962662661545248,1.30030787469025,0.361877762602911,0.0014884058584736,0.0725971986739176,-0.042361537401962,0.140739742295125,0.925754891271764,0.020088495050705,1,-0.962914954624286,0.00127823954562465,0.507773132170988,0.597414969429277,0.124726986800055,0.703024709462334,0.132314661656959,0.745944855196785,0.124926217344057,0.567395257619838,0.15102859668043,0.587984001580516,0.183901266375137
1.07798257786158,0.15642356737196,1.05408009962509,0.110393922621739,1.06360160955103,0.282184607736118,0.00115167257262293,0.0126301922549592,-0.0349988410477542,0.186955250003429,0.877775982348931,0.0459091961085973,1,-0.999999213323704,-0.309166177723895,0.410824872053016,0.794280240986314,0.111360406148632,0.757234751777255,0.115874893260976,0.796171910158006,0.12444567004699,0.577154067365785,0.138106546801285,0.64910195996084,0.189695976706352
0.95278304246117,0.148789384122411,0.712003516616626,0.0943783615397915,0.965474097862001,0.241494855505752,0.022715374558336,0.0831684213447181,0.129292574414467,0.138808761926467,0.668821757896061,0.196886482189983,1,0.873058446659353,0.787313049852566,0.349082265952471,0.241350212782117,0.160293394775847,0.534716107167795,0.130782740287468,0.817943993393648,0.101500945414636,0.604977220349665,0.154166440321918,0.548711329495425,0.191815950114782
0.948156199123313,0.134011495820387,1.10837101326616,0.10559995297392,0.792778243000375,0.209447306405834,0.0748314968321945,0.0890562672883524,0.053060909629819,0.101676519269284,0.876636262132527,0.0561163325836822,1,0.217849522953162,-0.255854258065409,0.384221602512224,0.551107611740979,0.13889188594876,0.891815026204105,0.0913777676508803,0.57525063745835,0.122355175582408,0.818742382432465,0.137445131622714,0.436850717151415,0.159063576850388
0.657066349585183,0.133912080255413,1.04710430966884,0.103293170070552,0.876003379856119,0.237210823211246,0.0345451682222912,0.0872273333479711,0.141689294466425,0.144572058458162,0.894104918594779,0.0444688434255798,1,0.814498878994659,-1.33597885175442,0.432866429608695,0.708102706214245,0.125639876475155,0.696045179920518,0.101872224846716,0.665094486179061,0.119539041358991,0.764389840857678,0.119332937185226,0.607909846611815,0.161450070996363
1.23327901366447,0.228182933301984,1.16505644271836,0.157243408416644,1.68788229420957,0.568858502885429,0.334979154692167,0.270532987025166,-0.0336421022059727,0.250174561630179,0.942793154815964,0.0211415200707682,1,-0.0447407392846866,0.0487395729957969,0.542356471185473,0.802754498481092,0.162601306268516,0.787839539826622,0.133622564785012,1.16134141351656,0.154665754670155,0.539189656367482,0.192874241958497,1.01143980214098,0.164376510412136
1.10977417079375,0.154591203142375,0.939518274101539,0.104198414764262,1.11216608126556,0.324797504890583,0.0660986223318492,0.0840180197884002,-0.271132155170965,0.183333798961114,0.924950033313294,0.0301610105507956,1,-0.999999998583828,-0.114891284267057,0.48161371185053,0.756951106355947,0.126802174688908,0.734825734793904,0.130274563296146,0.801751451472693,0.107472274634456,0.673726812478776,0.15245348752576,0.565669129046578,0.1619757224661
0.901708903688677,0.152263253084227,1.02792768832081,0.12191820750827,1.30356259017058,0.346933741310195,0.0462219461395248,0.116258978978913,0.241438036165874,0.181801277849602,0.87959915768293,0.0474306148718107,2,0.983593459269269,-0.516794898949991,0.403942306853447,0.602130369752609,0.127729687985911,0.716499419340637,0.103676099670935,0.742135867007149,0.114449576435284,0.397917524106996,0.160593358918023,1.05529408046404,0.14410608351374
1.04580949427903,0.12165133750924,0.908024438829201,0.0953915883809726,0.505817539000618,0.154036206619522,0.000613848267149975,0.0171157229155148,0.0176200949442309,0.0818892527298806,0.915376738353439,0.0245296264826032,1,0.999955756849202,-0.322910986193139,0.383922334769097,0.752330320282737,0.105188136023447,0.533884390817601,0.12640397334646,0.564639650159819,0.110562069210785,0.703220057458194,0.109492503196529,0.463225936088704,0.147415110087626
1.02887278806879,0.165885463022394,1.15011049561402,0.127053190357461,1.08342793711544,0.310843391033771,0.0162281232133912,0.0460576831321635,-0.132597141961261,0.185584572397005,0.918336448326984,0.0354237484900144,1,-0.999999999998724,-0.333882350576538,0.463110030269462,0.945020754956453,0.114229129495421,0.72887378839918,0.130105688773015,0.889872872305459,0.109817360611571,0.720576253982654,0.152096422277708,0.70752073767652,0.22494934201236
0.964672269065913,0.143086442750118,0.924631865835293,0.0929844318867437,0.823035979674209,0.214217208019977,0.060209262484734,0.0589719385016665,-0.222608151993531,0.12049338337981,0.860729640274436,0.0544296271910041,1,-0.999999999993847,-0.624667832216466,0.402223544543045,0.73015038447062,0.105469933865692,0.506660017202035,0.120122782823898,0.676605589212482,0.12054069516981,0.647250973818974,0.114953818938251,0.571176557079566,0.129510384387294
0.972561926884797,0.158975088171325,0.963780853327231,0.131611082297933,1.17257393020203,0.312759288207855,0.0652075351644119,0.0945900056337196,-0.276515199911519,0.210440003696577,0.924963995321096,0.0261770672540729,1,-0.999999999971136,0.0687929867852139,0.474845599748667,0.869333588908804,0.12873565848829,0.649113888552312,0.134031156101662,0.768273050920934,0.145320211431939,0.797940359733109,0.118671256364091,0.685896083537526,0.148022487755311
1.01420168922425,0.152242585660338,1.234161357389,0.123075161887276,1.06976424353483,0.305158753406065,0.000147325186240938,0.00364219612733105,0.0125539447107785,0.150087344231809,0.895507562485707,0.044831263820408,1,0.999994642825372,-0.180455089167367,0.422695194187595,0.911618698664516,0.104197422608088,0.645971715173479,0.134443293302921,0.59907020619464,0.164600573947376,0.841800656454613,0.147578800396669,0.829502714075309,0.172026550353635
0.907542195826819,0.1261994326778,1.04656257164377,0.100689564505582,0.631848701837947,0.161541400401377,0.0679240902255901,0.0876408578580458,-0.0933289959956394,0.0980620584570653,0.835626295309135,0.0659875793975765,1,-0.450503459106297,0.364395525308372,0.385312199925552,0.597111128521281,0.13738304879144,0.582323752337541,0.12766096521038,0.639088607081875,0.116134995784148,0.884750424374328,0.110632358418023,0.534963780574782,0.171990528563409
0.90756866099404,0.156870695325629,1.19764914005074,0.128006332838431,1.14986017645859,0.328886682688766,0.00744446127222602,0.115951260104356,-0.0901533394710091,0.180955214087907,0.919584341597039,0.032892857966833,2,-0.97441209149748,-0.624779036121722,0.507851461796429,0.803145856626146,0.158142418141263,0.525673597908353,0.132075014717437,0.845702441874761,0.102494947743978,0.59917853768949,0.13648163983733,0.544363845856612,0.190205407082259
0.863790043183618,0.143309626209924,1.15746239958514,0.117231538703125,1.01623410563334,0.248712597708402,0.0875307751323782,0.115552605256361,0.0318868187325729,0.15973842349973,0.907307412450735,0.0353896943588245,1,0.106913838624716,-0.734564269778959,0.444738934166902,0.586704128232872,0.150715613803216,1.01287122363682,0.110176360161445,0.819848541320068,0.106130119109449,0.612056840308324,0.145604644501536,0.829600066401328,0.151709594242313
1.26862681319919,0.15766855994071,1.09813795734067,0.108254973752668,0.879641824762411,0.268722787703504,0.0637318911322145,0.0758782687062151,-0.236772542763859,0.153431895391925,0.947253818261787,0.0196962708709271,1,-0.999999999962208,0.192307555240802,0.523014856632615,0.727722765099399,0.151884868798848,0.773558859995202,0.113772153941524,0.805554426806512,0.0989531661775602,0.896312695926254,0.132482174118757,0.625995714595863,0.17427245200622
1.00622566593206,0.144326183880395,1.07710346629652,0.102930389633232,0.880616210015622,0.265109545980387,0.117666178433469,0.102205090021985,0.128103083625399,0.125753991006277,0.913158731282638,0.0353802579944537,1,0.397960916053756,0.17917359442214,0.440270018470022,0.755105389537014,0.1153708350867,0.803331314196187,0.102521010519256,0.700491338169601,0.13210297370056,0.789244315278619,0.134099350463262,0.652617341230808,0.175964992086996
0.661323198401433,0.133086600224446,0.962778512882095,0.113608307776094,0.786491615738816,0.209160965793949,0.144865212894599,0.128689562287942,0.159058009205579,0.141362656676366,0.899474616987238,0.0338332123725236,1,0.47122295603595,-0.158109195925091,0.396508118970956,0.641141764168064,0.115533914663066,0.649611070988435,0.111459817385509,0.692084922865645,0.11643477936381,0.730619806402319,0.124035138483834,0.7490253233815,0.161108867278359
0.836999741786774,0.183357015229609,1.04587913602092,0.107972575639887,1.87011729496988,0.483103185996189,0.0217941386251273,0.046785505571014,-0.201885104877217,0.215568494300244,0.834808330147171,0.0987413042317417,1,-0.999999999993417,-0.503935002576256,0.386201316789608,0.688771947333393,0.130985147363285,0.562881404619384,0.125446456659961,0.819799861567583,0.116145167060124,0.635775797180717,0.186538048138971,0.670606434458622,0.18376995234676
0.837139067087803,0.155496729379929,0.973925796669304,0.103301529099174,1.10556745238059,0.307451649524664,0.0184014185821045,0.044198030880659,0.142632427733374,0.174396447055262,0.899202056123638,0.0490333071883663,1,0.999999999486577,-0.00909903216770937,0.462413777364558,0.464908665730534,0.129183128574967,0.717113699761058,0.128594378552304,0.430753682654918,0.170953739835992,0.744681852823648,0.125916225678172,0.856703950771475,0.134611083882832
0.921219633473134,0.163812400101729,1.01066069219242,0.109031696192349,0.928880521597605,0.271092530942077,0.0940376643895673,0.100777879351728,0.152162670070865,0.142950003735569,0.898138644279857,0.0456975453302273,1,0.51484592002262,-0.314905885796744,0.464721238220488,0.752955047078992,0.114345594267238,0.58662459963565,0.119117586315644,0.690216622269884,0.126097678948442,0.704171980462213,0.157722098506501,0.803576410547795,0.163943059970321
1.04462447233272,0.161704625855012,0.986115997922189,0.13504250311858,0.782023102611469,0.323226012136665,0.0321117688852976,0.0957264962897261,0.126295322825865,0.175285531250722,0.965054516987837,0.0116272987835962,1,0.796976215976484,-0.301545464298865,0.610835114265392,0.824342458434866,0.131251662552416,0.752990063959248,0.116891906362757,0.9127913327565,0.132655451195343,0.42228501972444,0.206886759063581,0.557613990998839,0.235650075209812
0.87625854882106,0.148467518447909,1.00284327540823,0.12258118164953,1.08604651310056,0.308849929899233,0.0390590374933898,0.0639230455069983,-0.20596099501966,0.170724651705816,0.911714433428883,0.0287404625220855,1,-0.999999999937865,-0.158998926329825,0.415535754128541,0.730328099467624,0.101974754374122,0.880006654472083,0.0978712334951729,0.393330471983622,0.150779067282695,0.469449721721398,0.160033605837554,0.786571519045585,0.148638344723357
1.25844559082922,0.20527517911564,0.944494279189538,0.10908363978215,2.21588299478981,0.552771999195094,0.00529150967036073,0.127055639437603,0.0963599220754197,0.270097838282468,0.8535351107449,0.0887721606488019,2,0.889883656692658,0.372472398635811,0.439558076461735,0.748754013404037,0.127317593258933,0.7218869942739,0.114497645142726,0.746502824670843,0.134619643226401,0.878893398020289,0.157203225604997,0.728478860911038,0.181289766543461
0.769841526309283,0.147575182843959,0.867803251456459,0.100953068392728,1.19041216672214,0.300175363369803,0.00402006366129673,0.0702489144028146,0.0680321998677657,0.151670133187462,0.833515890316259,0.0546335893530995,2,0.983443401232519,-0.249296855890747,0.332619508134024,0.558007633405904,0.121996646790301,0.683173557861855,0.107835085807515,0.59990088259847,0.133630218423579,0.788484603169799,0.155936314800695,0.789978792838789,0.207020494972969
0.869590845036632,0.150528489338606,0.899856341969482,0.0884339127456936,1.09634906062501,0.270301907382844,0.0597991530605369,0.110978599538115,-0.0970639216174183,0.170702009733729,0.810567152922214,0.0811518421428344,1,-0.379084382649935,-0.731346957545676,0.364345504683521,0.676048110055316,0.0864781969866755,0.589883381691777,0.123215310954443,0.750887458189684,0.135860439647351,0.554696080419985,0.157154715389279,0.80381202516053,0.13403232887612
0.870418060818758,0.128762834122755,0.876266231067837,0.0947774959860036,0.732108661052029,0.168330114290187,0.0564086577127255,0.0541847556098209,0.203217289786037,0.101911627232326,0.806816928507235,0.0882264204309517,1,0.999999999977923,-0.166706894670231,0.345239897093162,0.53039496059633,0.107668611548974,0.705162863316479,0.108321854978596,0.625756799767241,0.12411319434847,0.550349774456426,0.142361366178175,0.847801192650066,0.141542594890829
1.18223341233616,0.188968998975046,1.02831260470881,0.109742131230238,1.60502553864578,0.454141817965808,0.00283418736924736,0.0173759733384001,0.067445834950921,0.204410576879754,0.904413614096591,0.0507623587612684,1,0.999999729967742,0.564695926659459,0.467702876211989,0.521476115039016,0.153912438045309,0.959768346877797,0.0976612185776387,0.618413073417877,0.157139306966663,0.684611750273949,0.155361332123154,0.811056206035328,0.155280161609062
1.13001354421898,0.149745531970573,1.09612937143369,0.112730974494279,0.897787102369092,0.217044009119968,0.0680617827299359,0.0762742199935367,-0.242707411022758,0.116018267349401,0.879898948796538,0.0496334547821975,1,-0.981848987178928,0.626576285706584,0.435292579587698,0.808054549179533,0.109614042807932,0.620363429433032,0.128289081706298,0.751560485712577,0.126056901229531,0.503278785796605,0.154574337709991,0.817479768113797,0.110861237720793
0.960319545322368,0.155178595456188,1.00338590512754,0.108508793783751,1.13636058052421,0.298429199374278,0.0626429669014659,0.0647585765237408,-0.132583841984696,0.132808750667124,0.855918957031792,0.0640123893423527,1,-0.496931309295155,-0.397947849487942,0.373321972941917,0.735416442943547,0.109780024542338,0.855236410571549,0.0983196549436581,0.494549612082533,0.169291490708792,0.845989923262633,0.161948255409709,0.522773860291826,0.177459943358508
1.09984477182479,0.153352086457507,0.978581563712616,0.113633966504149,1.13585730792578,0.316987332475352,0.069628723459133,0.108916479298065,-0.21178323526735,0.171762530364329,0.893564636903339,0.0445172121849783,1,-0.753070219573721,-0.0338424894305979,0.457502478487134,0.756649700563647,0.11628530478533,0.698556208531535,0.113158337708316,0.833148273631334,0.109002240479156,0.501086139893834,0.179218975418802,0.618425983486673,0.177293093632641
0.918731560305448,0.156864005218947,0.948524122572677,0.0935074952644702,0.964886906574321,0.270193160099856,0.00222818126194032,0.0143442681558753,-0.0463674770077212,0.148230582901599,0.869753849540921,0.0669853473280254,1,-0.999999999753734,-0.0551937787553698,0.438280128651363,0.606626970305512,0.132662265527669,0.803831655210758,0.124070945292437,0.499730914309058,0.12388136668094,0.71804082524502,0.13629894241294,0.47854694766239,0.211583114082054
1.2115732694798,0.172768102038371,1.00554143485403,0.132285990892129,1.00739144642028,0.315863727527282,0.13971088437358,0.105718748561952,0.0516053938837816,0.178576352272001,0.927313001295151,0.028768445276997,1,0.137556414401693,-0.023335797644946,0.477900645170424,0.717780021435918,0.139548161468002,0.648846566592546,0.128314743667295,0.753850773123838,0.12628288750868,0.821732541712199,0.146276779915054,0.582610039704199,0.173931368467857
1.2877312901616,0.155062850809721,0.90688444986472,0.106400205241898,1.06949067671008,0.287479445762783,0.076447409872349,0.076689320337303,0.193717195309596,0.143520866119312,0.879915030756581,0.0484370261438907,1,0.677482814873291,0.863563761918005,0.394241525305193,0.467978451266691,0.134907701482277,0.568081938345035,0.122342051928332,0.668159698248883,0.129325559784549,0.768158391198711,0.131719423143306,0.704463040424926,0.153044370941333
0.92970138862774,0.146464338385903,0.947714750114806,0.112478134157742,0.850212558900141,0.266058962474053,0.0418566504484826,0.0844137665459148,0.0417701002506855,0.133664279729546,0.913055228355752,0.0391710899617274,1,0.221421365154047,0.207026940160842,0.437400799854427,0.438372309171047,0.122092270579118,0.651705870301221,0.135900704701606,0.703554983051373,0.139616365828846,0.262664140836542,0.168336158415485,0.478521193296091,0.184349898362168
0.953371845022484,0.140442448122318,0.8407815294548,0.100603748112614,0.705491788284635,0.197595680127471,0.108478188688268,0.107325250735898,-0.0645233835072139,0.129014634852225,0.845223868681966,0.0678046626748455,1,-0.233238338513388,-0.442558841490129,0.405655814551786,0.710129873237517,0.1174509775985,0.688463677330228,0.107511876816277,0.552820516498467,0.123768922206271,0.691161221762745,0.135948037572475,0.530248273226805,0.181887779969603
0.965799559939261,0.154949286623738,1.02352654643687,0.0866863967602886,0.88082545522262,0.242347890014326,0.0228280724368815,0.0342273683690048,0.141801083546628,0.11241783041066,0.90423734626779,0.0328659431090447,1,0.999999999973312,-0.302437649802488,0.444562230434761,0.590202464306819,0.113387470304725,0.757419133976794,0.106318866890342,0.749404229209363,0.113349095856708,0.123309436837052,0.178232023737139,0.685276750855642,0.159896991050185
0.740871897550849,0.158975806667289,0.931344566695937,0.109814742757595,1.25503054782355,0.285725844507534,0.0726494745863816,0.0473687460516403,-0.055444390411036,0.197868421053332,0.798367990818056,0.0909592704455302,1,-0.18361756578675,-0.612990898003043,0.371299781935704,0.54375956035853,0.13177494353063,0.622434729986295,0.116771860174237,0.770637403863605,0.105138880790927,0.574022174558958,0.143369817997188,0.814413125401294,0.143606405427767
1.07312558253058,0.135899809213498,1.07740273104552,0.11178351122259,0.866384218745758,0.227958444833559,0.1182277854645,0.138637677972119,-0.232090759724013,0.13614304519992,0.884651059825945,0.0373937844458002,1,-0.725174970955956,0.165037361349688,0.390961569875645,0.623942773313175,0.117882510161836,0.561859327128573,0.107834149754711,0.749344662042974,0.107519611247546,0.820245753843982,0.133841451177397,0.869180968367343,0.145794210614565
0.771603583636111,0.154671767042104,1.05873281581745,0.133068737891196,1.03824107984433,0.275680312520609,0.204007447441184,0.170917055337781,-0.0664112622008606,0.168354224909499,0.888658620514959,0.0395152351497183,1,-0.144301092523629,0.452602247524733,0.433185768394743,0.632321183340691,0.119336725351771,0.748646461477116,0.11758909284241,0.622148568550255,0.127124633704283,0.634323459159622,0.152864636868617,0.927341859075219,0.213337204361696
1.21514670336284,0.154838718814005,0.963268229097984,0.0847129165099643,1.10420632893092,0.285385129992314,0.00146894203289837,0.0798026736250508,0.039995034030738,0.140295556882063,0.898514533332887,0.0395498305433085,1,0.993067172036445,-0.376799476134439,0.415628678757478,0.724223239667122,0.130060599211301,0.64006627565087,0.121453425481577,0.753168357490306,0.111629107151762,0.603053369143504,0.140929697276678,0.840829181288214,0.171963355026966
0.78083025472129,0.133336761332683,0.930228688157562,0.0961656361890389,0.731229442915944,0.190339225883126,0.0401583066944756,0.0849796828861726,-0.0508900676312448,0.108465462668441,0.852023519832994,0.0659465076211012,1,-0.29697404676222,-0.776042593844384,0.367859229736247,0.604124406879581,0.122204937474956,0.789921554468613,0.103405401949974,0.395667325724326,0.147794846338529,0.405256336243783,0.154034173724868,0.533872063810704,0.145341440022751
1.19029076718046,0.153344291083231,0.972034365339875,0.103573283525036,1.05148013707921,0.272063143333761,0.0987342677657137,0.109190165233027,-0.011338142463115,0.159239667062349,0.890623176899405,0.0433608453098221,1,-0.0351890399408364,0.384122934836094,0.423928081642819,0.640392407114072,0.130516060239912,0.814083310548125,0.102413426044659,0.702049542366239,0.107007685520126,0.648976508946006,0.143318012944907,0.739575113599718,0.164464030849409
1.3533626297763,0.183365940400557,1.21183920625767,0.122621324805495,1.11803551917999,0.338578389397285,0.151993006401198,0.116762949367763,0.187674447745366,0.140112658937957,0.917945618806984,0.0301104288484293,1,0.45526634141673,-0.345076326896443,0.434328344864069,0.700004593540095,0.137575223245045,0.800537490935255,0.140322328405042,0.512361607424554,0.141916569878797,0.955003199812038,0.12010018787586,0.878512698829517,0.147722467868499
0.807566669237072,0.136155578469761,0.852514431066121,0.106596944945139,0.706246826678544,0.186059236502297,0.0948134243625712,0.100524977245509,-0.00723268950568825,0.111742544523998,0.917756363889397,0.0280657484805343,1,-0.0279503113933488,-0.107351775866559,0.452388534759094,0.7229392780495,0.12694978758904,0.554838281807374,0.124328971014338,0.680941727747018,0.12442146455017,0.698762714443412,0.134048097718113,0.778178026631664,0.152096811034115
0.988562967181002,0.148139980350645,0.911866063140237,0.0974792400108462,0.925009063822202,0.244219126039777,0.00342543485591085,0.0167500497871252,0.0562899389557788,0.132471244154911,0.905257232625692,0.0341639943525583,1,0.999999832478257,-0.540679313662709,0.429815222705189,0.865087739841773,0.123928847642375,0.655011940335264,0.111997023861343,0.819485908640621,0.121051781195431,0.22960741945157,0.153876666801406,0.724397901616636,0.144748846118561
1.18412750109367,0.171904910550773,0.879848129810924,0.112970918143716,1.45094756313817,0.364660374592632,0.148386268596888,0.131430164012661,0.464005059045976,0.228139219949591,0.733908581642666,0.204922243082188,1,0.999999999991732,-0.0162932486748783,0.393006667130433,0.635959548387145,0.132512257626806,0.779796496145294,0.135610583917799,0.795777598444426,0.107785194415347,0.811523651144424,0.131007518485241,0.512854402843815,0.200654678711743
1.07822171323645,0.152079564607417,1.04131990976409,0.101501018776305,0.935194878107794,0.253600029308084,0.00109631973763801,0.0811955228477998,-0.0301202084640226,0.120493468753121,0.889376156863363,0.0501868020047375,2,-0.940672173235498,-0.0723957308583845,0.413011134075611,0.66599915685406,0.127017563061192,0.644889397630414,0.125538294266574,0.735331227106144,0.106293962517212,0.918122105766762,0.121847223492186,0.671596548190608,0.185153591906099
0.975763677866775,0.158670779329258,0.893217430505795,0.112021025523252,1.16730947762502,0.308774185372655,0.082826402202178,0.107530863078115,0.261351536857498,0.180988651956781,0.822749177284543,0.0939401926726393,1,0.84051922994724,-0.379422126261845,0.371472311127923,0.479045761308841,0.143249893597279,0.801333018143587,0.110859902528799,0.613474397627517,0.106196344274242,0.615259724237544,0.146074948820111,0.845214720270479,0.178524172886518
1.20445515476305,0.182585323028417,0.958704174210948,0.120097015197165,1.59934689135852,0.383107842591703,0.156448324465915,0.121296776032011,-0.0932746497152748,0.233417632439972,0.757749906340092,0.113074674719612,1,-0.186469082248733,0.392460571574679,0.35871022482443,0.590258706156856,0.133330115279735,0.481682823588131,0.167271980469175,0.936190112822628,0.134305606923425,0.923996185957581,0.116109798576846,0.990621919045478,0.142958127621279
0.952318900854052,0.169146864787167,1.07312256008288,0.127400417116908,1.5012059788681,0.409286355918513,0.158289027739785,0.150779427930327,0.487467367958702,0.259861828688979,0.913718583415954,0.04352778127551,1,0.999999999984013,-0.0591258207224136,0.506652714905502,0.399787026817022,0.155923814893026,0.74337790259707,0.13008131513247,0.754887151751168,0.119132363576195,0.539679251962344,0.157450532004801,0.98318296366799,0.141110181517266
1.32039253859522,0.166948699205493,0.855848984230827,0.100912009595124,1.12961827491876,0.299912449984238,0.0238999581065142,0.0503852889994927,-0.164310162331089,0.17745235525082,0.906940203982352,0.0359291705942695,1,-0.999999999969585,0.486348562283385,0.452879009522063,0.635223481764752,0.130477611797104,0.802122956803297,0.119606846410999,0.662996620751215,0.122204098731441,0.892982587027208,0.146828924622813,0.617596568569756,0.162180313429772
1.01967203831159,0.137897990391051,0.997108986838111,0.106193225571498,0.907119566410997,0.242621551557186,0.000563475040235124,0.00664822621257194,0.0226083770359686,0.130881117084119,0.853490692390678,0.0483897969070954,1,0.999999489394385,-0.532328372482891,0.346794709927153,0.787489875052344,0.096025280669414,0.609343012985644,0.122975032290258,0.692624759043438,0.124636106594541,0.749094151733684,0.140055608530172,0.524984900686099,0.163952843527094
0.987015081137807,0.153769355850335,1.02201324406127,0.137917736030415,1.00881428667181,0.266757686462792,0.106492553098793,0.163060702979257,0.0761388211736036,0.16630315869732,0.894567934266813,0.043220758657429,1,0.232295564277056,-0.196555586939586,0.400929682745528,0.898288326845895,0.103782293087969,0.592866791011445,0.128714919288555,0.588718009305088,0.138691879165665,0.829708420015612,0.168446585470055,0.70742782299543,0.187412121144685
0.994007243016396,0.143999612680419,0.839571150273421,0.0991642937814998,1.04078259391832,0.262519468202368,0.00835704469665723,0.0231682351842284,0.0932623538738105,0.129586290744559,0.856046348473133,0.0648547328102711,1,0.999999999609421,-0.216347728952556,0.365462085205698,0.704153090536703,0.12267914429678,0.495008832211416,0.13736550380509,0.792542709286289,0.106063602902486,0.743448774167768,0.122708414030135,0.58781332844753,0.188890085720281
1.04522954874521,0.169475325788122,1.08866064637342,0.123035221006445,1.3923299545472,0.319089289957283,0.0570060111154012,0.0886421704980288,0.0528029651464062,0.153834668648687,0.645785717486889,0.180994038047727,1,0.187424733111778,-0.14161180011678,0.318934030413778,0.679067001094467,0.132428959576561,0.718573288174727,0.10534056391112,0.865336837361196,0.120082791415239,0.798029902735239,0.170249726093677,0.676898874749935,0.166309559702762
1.07360382281565,0.147254790463802,0.878782270742395,0.0999785539743064,1.03422280084205,0.25098442534092,0.00523242873555931,0.0192608573603305,0.0735628751986649,0.134433118510048,0.761680994503591,0.144101868365295,1,0.999999954300794,0.199464213418402,0.343799463085505,0.490076738963026,0.134398946754678,0.575362915582752,0.105027815605463,0.46227228102174,0.139122572184505,0.539221831556105,0.145432483761051,0.717361874937503,0.131377153850675
0.81746159953839,0.160560956301808,1.04281910567429,0.115888233994506,1.22306852078008,0.401436282334076,8.85774546293257e-05,0.0805045931141778,-0.00959966494195459,0.172975295813029,0.908975332549158,0.0339661993134255,1,-0.922293361633722,-0.32647562135285,0.422284737441848,0.600051541422933,0.142058184170281,0.725001426248306,0.116267189382157,0.651325101987818,0.147800837177783,0.736028024031579,0.136137423034388,0.696841208814845,0.137967553944552
1.24563560086944,0.139277067675212,0.84507380234487,0.105535897481234,0.742405442923882,0.16822848697856,0.184497384172057,0.116583417516759,0.171799987529853,0.107080188556956,0.569025443438784,0.260965118666917,1,0.464202470895089,0.810305401101176,0.33093423722877,0.543007887509436,0.118969284451795,0.701510527203852,0.104595549652023,0.545216757730406,0.117851644481583,0.783994847349545,0.129112712909014,0.701047551914873,0.149552140667657
1.08950878127946,0.152691001325135,0.932335212674212,0.10809228661398,1.38133155486393,0.327352010406051,0.000260162511851011,0.0822154799432,-0.018678880607528,0.14513101544841,0.767335635483396,0.113676279947952,1,-0.985325043635974,0.219275346432846,0.335022939410837,0.448003035141159,0.125552953592943,0.755972003680647,0.104122258860951,0.646498024426507,0.12627665586985,0.699556259031308,0.127660608589784,0.539779789578547,0.193382958280227
1.05329926682536,0.164530982016934,1.03985690762732,0.134851089117286,1.31985766841145,0.311063046767717,0.319310205967368,0.212943288961028,0.318604896457219,0.196571731637346,0.78007537885777,0.136794588040636,1,0.490775072595773,0.407780119660055,0.351809652998623,0.766176862818345,0.12821490242421,0.558308561164588,0.123708866114682,0.842123769307701,0.140941239821739,0.611051467585835,0.170162963755545,0.76688154111432,0.152363284782444
0.95235963519921,0.156078512206723,1.06176214893345,0.121439255479261,1.0082561574946,0.28335928635237,0.0851743549649081,0.161006076654643,0.27849530046116,0.182568023492695,0.87876158051118,0.0627186907511815,1,0.950337797860184,0.284798238219141,0.443800172027993,0.740178121737427,0.133515109994644,0.691952555493027,0.121827159047611,0.790309868078676,0.133390919889925,0.594667410549389,0.184706097653784,0.62833226377497,0.193935989484736
1.07478965681653,0.142551818618372,0.778495004289134,0.0956518746630048,0.615756398031927,0.235323627176053,0.0249728259640356,0.0500873305916306,-0.124004747167649,0.12673243869328,0.948370631458714,0.0157358394960731,1,-0.999999998563447,-0.0194462668564597,0.513230722218459,0.76765644333149,0.112299207525925,0.588853512437619,0.103523011553528,0.538035131451339,0.127283232143914,0.494478054255084,0.141076872460862,0.629735091264245,0.174803649388327
0.900873836525686,0.144655893533845,1.04048761623524,0.10573085491903,0.82562901697083,0.215801601116464,0.13744842685776,0.102872170579782,0.177616470750004,0.150546569439693,0.909528142971751,0.0345528423385269,1,0.527255204826126,-0.0582329698677166,0.444068708306217,0.68198912637974,0.130490667277548,0.850373270260697,0.108942757406683,0.641225591291145,0.122443836156232,0.765078163655207,0.128151433186436,0.646814886740298,0.201395136728282
1.21655694602004,0.158547421077653,1.21916545355213,0.102272481879102,0.91698844484324,0.284182941498043,0.0024898315763204,0.089341469005394,0.0448292023925337,0.144176597738288,0.958840926438582,0.0141754790007144,2,0.938197119381034,-0.0840308298883598,0.5749509077855,0.847185348283817,0.155808904540324,0.873387234631051,0.116121088714991,0.998166319865131,0.122681096574828,0.706200176239746,0.142791152346612,0.688897979499742,0.146933888501702
0.991257574892334,0.163429199059962,1.14149196678657,0.119613857204798,1.51641028379364,0.378491819675012,0.126781994796621,0.133405264292907,-0.362027198561336,0.191630915249155,0.872133670800049,0.0584195155208216,1,-0.82566533001239,0.0200100786522612,0.385762275763323,0.715490444367528,0.106458176198752,0.667595261113552,0.126524795315407,0.776785057123823,0.122890217336224,0.757463759087461,0.129590204249878,0.850120428086563,0.18616206785401
0.972480844086894,0.141976717039434,1.05477332310937,0.111344739635899,0.761440824587729,0.236195544308341,0.047003417002922,0.0640429081003639,-0.189183298948476,0.134213964028511,0.916491377435595,0.0298783435096298,1,-0.999999999998363,0.376028616304658,0.454090983168143,0.73328099832344,0.104985771637682,0.495949324973792,0.117341996338619,0.58349465036582,0.123308100711736,0.77675666154035,0.127315231433771,0.587461313058367,0.141476163832804
1.32205282748766,0.202372354795072,1.11697542576937,0.130481812016093,1.8984842402822,0.51494292584827,0.221909282576706,0.130148215887603,0.0471063591881367,0.232206426529827,0.938665241725357,0.0203281823591711,1,0.072575210880376,0.732153774885792,0.547989353429509,0.919339263626889,0.124044161284328,0.605445286345499,0.142474717398833,0.850982506820047,0.13225604895314,0.868716446944021,0.161776494572956,0.929176639749165,0.146841049226229
1.02845010380283,0.152171285111527,0.889051435542494,0.104436959920284,0.934180472616809,0.258302352803972,0.0168890274408569,0.0895731268698456,-0.0798615064267469,0.123303305585507,0.887232703105218,0.0467998954488348,1,-0.635798918613597,0.440627665881515,0.430766161127568,0.608273040677666,0.134725938919349,0.726486124120295,0.124507776178086,0.635258660818211,0.13178062178445,0.670374350703561,0.147002185495668,0.842172652147808,0.136890067712933
1.09832693775443,0.190586129699693,1.41028136761095,0.1686115029984,1.07711567948547,0.362839735910291,0.378557950250681,0.262888494335084,0.0199035561205723,0.234362180618196,0.960358661641223,0.015454163725903,1,0.0311697499307674,0.285665924703935,0.661904458837711,0.900059062869122,0.127806796619741,0.689763708171574,0.130056363090976,0.898598706373046,0.157256654835593,0.641681450901949,0.167927349808091,0.829069885858779,0.17208204448489
1.01700137268735,0.15284606711038,0.81837828026088,0.104787595300819,0.995229845898319,0.303321551935872,0.21400485399901,0.153851595979908,0.414431381593562,0.180783798233579,0.910793943675441,0.0301565900404188,1,0.898005767286843,-0.113229386571551,0.394252045757525,0.661839104604768,0.117931188075869,0.791733510078871,0.107248847139573,0.478389954516749,0.137818814174494,0.563825387493566,0.136965964655702,0.705550464078867,0.192166426948531
0.942296988177956,0.168753989926684,1.29682859012314,0.137612151424136,1.1837538526857,0.338100586890417,0.180620529781199,0.161174115982212,0.118585541713517,0.165224009954157,0.901411225120212,0.044070259474224,1,0.256458727592501,-0.154910136299071,0.418784656826534,0.730359307626633,0.135421977612054,0.890625951458302,0.123450231492814,0.670777915593849,0.144086551991694,0.505150586356003,0.165844807732663,0.722363277767107,0.16006608284949
1.10661025375795,0.138934628112024,0.926530530580754,0.102024558580879,0.655122223895758,0.195473841643118,0.154511866518737,0.130083351946261,0.113243823593342,0.115456329204356,0.875449521438658,0.048644384340078,1,0.355936428965912,0.06850201379105,0.383443270868707,0.623885889971765,0.115896891759088,0.639791907900099,0.0991728572723218,0.662183730697757,0.130049516575132,0.706267428847749,0.135863928649548,0.408904714575006,0.207423606840422
0.804579635027197,0.165483679574014,0.950831959101282,0.122586945689024,1.23301789699276,0.333110758512228,0.00468263951878277,0.0219918440669871,-0.0759853467380187,0.167058605499581,0.89748050683514,0.0442449320339877,1,-0.999999531248972,0.62950810066131,0.498834451325273,0.654459877710515,0.137514076862621,0.678710557897524,0.11836143512903,0.562884534659411,0.14222419836706,0.686809096164328,0.151160203998824,0.772073332690593,0.14791528632351
1.21902231260724,0.172502759525217,0.93241580238192,0.104243670910851,1.55185269827766,0.383446476034921,0.0676903234986705,0.120619159339936,0.192089527338479,0.192009314637485,0.833156839642049,0.0887639235226271,1,0.592673003293635,-0.403817459892727,0.415342707723067,0.661981560169824,0.136598657835227,0.835670910171725,0.113381802162885,0.871978193949064,0.102691366130803,0.643251012363432,0.14318048262216,0.96066683111637,0.148973691353626
1.12554825610745,0.164595984206588,1.19090824707282,0.124537981038478,1.22326086898952,0.340117948859698,0.190801500869848,0.103553416361501,-0.0872060557515571,0.214887043395743,0.928779146610481,0.0256798402443741,1,-0.180507898145683,0.195030780549115,0.424526921608326,0.912514318205027,0.11350694020942,0.811970297038552,0.113373347981993,0.809801543147896,0.130518123535069,0.587992543366614,0.14921798519318,0.822319947417626,0.132515014312796
0.890515657921624,0.136526009751895,0.832771291359799,0.0985884753819625,0.719921641385515,0.21767538877742,0.0210348280977819,0.040892564148644,0.123058636306767,0.12020035915144,0.918081735349924,0.0263471498174151,1,0.999999999975697,0.32733996151548,0.423058278237073,0.621329464912922,0.11764836229927,0.594041066278093,0.122972171742011,0.558239682762158,0.117458964037992,0.688275570497548,0.133505423259997,0.0628620055723084,0.236148046202539
1.24174571959808,0.168224661190991,0.988931298274345,0.10720475490493,1.26519191806094,0.315529029108799,8.82658798182134e-05,0.0620085955954235,0.00830732262349755,0.163246896582489,0.839148568117087,0.0896263997998318,1,0.786115655416025,0.429851155122657,0.396026071226873,0.764788840096715,0.118243860807909,0.654697343897098,0.125038798208919,0.730603611859248,0.108149313855337,0.768278053868905,0.13161157660714,0.594475168186027,0.169119203344243
1.20846091099302,0.154987337033218,1.06439578640724,0.112317351904803,0.803231823948819,0.219596844177763,0.127826366947626,0.11042139268372,-0.310161613240177,0.147840467331542,0.938603361535193,0.0192469443586486,1,-0.967959910302336,-0.289527695499617,0.4886487153161,0.94213120501341,0.111041356301091,0.834976464741556,0.119187572407065,0.715557559522693,0.120094567464356,0.697763849972864,0.137089724327255,0.566828152105503,0.165914986869691
1.00870174205831,0.137512961435933,0.970346540491573,0.0952199488601287,0.643377382371021,0.183912916872861,0.0272253246501946,0.0466236858369565,0.132348623342972,0.116355658589037,0.855712492958804,0.0648400174502459,1,0.999999999804078,0.263186713144705,0.387236007631861,0.536112169136886,0.131883369846101,0.623570482013401,0.113825271136369,0.595978256662329,0.135918710391597,0.596548811944221,0.1261723475589,0.517839478252119,0.137307164189774
1.02112661899913,0.145783991007924,1.08730815030497,0.113017440273744,0.941960716546509,0.242751900246196,0.0298832011502117,0.0788205502439313,-0.0683187007113259,0.121301154842403,0.834966319060446,0.0613660815720078,1,-0.407201757298508,0.26641972208223,0.363609944324265,0.665648345548497,0.123037913776735,0.597507143039133,0.14138656758021,0.678482537938995,0.133694969443971,0.708374256638938,0.102131627774192,0.647443023484407,0.15265025068068
0.81092667267808,0.14584023619819,0.869185734274341,0.105264864695796,0.89491694209481,0.265689794607589,0.125701576546995,0.147756906841173,0.081470152078495,0.161070442890718,0.902893032508019,0.0446807862641564,1,0.242905193069773,-0.207438528092542,0.444842754789604,0.642894368606378,0.12308108577639,0.749927003185272,0.117093337775046,0.725824531684463,0.132663758251355,0.560453603016987,0.162838216786673,0.672108529406832,0.181990534513752
0.780678634107876,0.135601476003924,1.09156742938165,0.119565100606727,0.670813245783247,0.209822666451476,0.0347667441001716,0.0578253871613713,-0.152715396914743,0.127769539188154,0.927340377435662,0.0269725616549657,1,-0.999999999993047,0.264883754595009,0.445629540524364,0.641713361999493,0.120072764906274,0.751619046613679,0.110020016509033,0.635330054402806,0.126708802992418,0.644511626877292,0.148346448621801,0.640310809366791,0.250348431217778
1.08177165102892,0.151588671171437,0.961836503266594,0.0878489538618462,1.17337887370781,0.301835117172791,0.0321929986183567,0.0869601706555267,-0.169303386644977,0.104926342955081,0.91471904069371,0.0296123064179281,1,-0.871095555278632,-0.453435912335673,0.470976900318366,0.813946530755259,0.116346152846809,0.81374017750779,0.112161287801445,0.54809581658365,0.133927857120874,0.707852119963964,0.125089679042948,0.84686029750026,0.118960647477564
0.672860762686686,0.173649628385337,1.17135334826604,0.120865792970944,1.6895533493039,0.458567370844196,0.0864129229158011,0.126065637199637,-0.382098473348279,0.291676557062334,0.832068367231106,0.0863028655497116,1,-0.999999999998474,-1.09811523423467,0.429881858536127,0.733289850927291,0.126532037759636,0.917067495580739,0.100071979091871,0.591776171036066,0.14714106116264,0.478179299768362,0.209678229143774,1.10247878704796,0.222299929657459
1.08053992162982,0.150664823129467,1.11249279362959,0.110378205344342,1.01735863161048,0.278915456350045,0.0489426320246021,0.0987803771967681,-0.0854456685761601,0.147582246671479,0.897401577798749,0.0384273675687955,1,-0.382921150166603,-0.594173406668624,0.419585797945415,0.741323147207534,0.118868162580255,0.763900009008315,0.101697382641744,0.856395015183066,0.10293847083548,0.537998100995943,0.150773125957403,0.65517648774106,0.16626399268967
1.03928646623707,0.155763202466275,1.09535795770833,0.130297811644186,0.850215053089683,0.224370775708776,0.280968503145365,0.1893920352051,0.118796655513332,0.166278310436712,0.878955391755997,0.0573608671785113,1,0.243058604588546,0.00740104693254262,0.417088382693461,0.668319820559541,0.123666352141437,0.823225036249038,0.120689095556103,0.820049627036739,0.112063380437545,0.910123749478793,0.123584284133557,0.859478165631743,0.142782946039736
0.883496475935386,0.127638111403769,1.01377931060254,0.0974685377257617,0.638751707677895,0.163842934155659,0.0156336367036827,0.0395867588915628,-0.0999300359324718,0.125852844474306,0.887729833563581,0.0339583402962909,1,-0.999999996984378,0.520299752038338,0.373511838693594,0.552441449448478,0.111452559276087,0.713540840518291,0.096217967781837,0.656771827860905,0.112592757464084,0.583007938789124,0.140590448182133,0.766640829674322,0.170397992149565
0.882062789898187,0.146554417825065,1.00708223849235,0.131247922166176,0.629341915465362,0.18691034728001,0.271051176153618,0.166225694399281,-0.000661642208158853,0.149971547462556,0.919939923678115,0.0328858597248581,1,-0.00160196943452879,0.173312934251811,0.52202278071402,0.482698324012912,0.138127693052431,0.808115460227494,0.126650626081686,0.692795481857174,0.108778863750428,0.711007892073763,0.135484613628932,0.730151147629166,0.153860974820754
1.11416047168261,0.177136600033912,0.9666352784368,0.132060183239334,1.47363059726122,0.35752542310648,0.237207897940002,0.139874787736211,-0.339561613152954,0.213931618126917,0.623723271840874,0.240966627776707,1,-0.574327617418716,-0.294930054775924,0.351129069836453,0.915521404994186,0.0942849084352168,0.568835039328271,0.136482266056978,0.710738345199762,0.139612772747222,0.513400151510303,0.187895103104048,0.91929741684576,0.158174118520604
1.01863332940669,0.158740748929161,0.779713247995648,0.095491010588478,0.873320419368648,0.248717322015073,0.111663283286367,0.0983768861306285,0.219360022909079,0.122141370670324,0.887610507292657,0.0435019506736629,1,0.702450100135595,-0.130946859805194,0.436881488985242,0.703544605347029,0.125752330524545,0.794412271834033,0.109849296543699,0.484224122501121,0.141558232144516,0.73516135155568,0.129911905789854,0.878888691211493,0.148394771354552
1.01119462464866,0.159955226368714,0.966471010777435,0.114098878258541,1.35265481905921,0.329428291668319,0.152007737978021,0.196745458129423,-0.239730368317253,0.234444435361626,0.888996129123355,0.0431611960560192,1,-0.528684663713934,-0.429957513731441,0.412129528699435,0.855922295815777,0.101586806075677,0.818987035360025,0.127251525294089,0.761866805129195,0.126427897613707,0.724926934815558,0.152791866133961,0.852925968514799,0.141367142713547
1.25600884241827,0.135176625808307,0.800848507312378,0.0985336357949831,0.71707488630164,0.188817294085014,0.000241428852092268,0.0726917525407563,0.0108677507346559,0.132873593522656,0.809299911886209,0.087571675348269,2,0.825967250006669,1.00898166084589,0.351940912461721,0.544517031604467,0.121431409639354,0.620808990744747,0.101198938265079,0.547303886668678,0.125373174751646,0.651473790360587,0.151138344498099,0.587183779463673,0.170737452987561
1.13428010737378,0.165729102894014,0.974740733627416,0.11298444230701,1.24987616969146,0.339494168425642,0.0974544089059624,0.120355951735954,0.0458411383214661,0.164448574826334,0.919503486180544,0.0310036397111704,1,0.131347301183264,0.0171544581416563,0.475451137116736,0.642116163631032,0.147981260844428,0.755840959992261,0.136117470128739,0.84484684455235,0.105647347613807,0.718510484273501,0.144855198322882,0.752233385861616,0.163936908685764
0.66274292904756,0.117602332342966,0.796471405518637,0.0888852750697891,0.513261750126353,0.158584209508411,0.0571255352448664,0.0711594793644538,-0.171231866628643,0.114614396334473,0.875244770441036,0.0398229786961462,1,-0.999999999189039,-0.345965311202301,0.346444319310232,0.484482233441316,0.117909384274894,0.605876238123509,0.104976684417495,0.565930779044207,0.11255047882522,0.519441995365873,0.139307353691621,0.225849571353072,0.232672757487147
0.794498299958539,0.124076463530096,0.884134384567338,0.105440242391865,0.657319444918967,0.195336326347009,0.0206697996374516,0.0377034988020669,-0.116561834337922,0.111064619806743,0.9155821248071,0.0281473069300777,1,-0.999999999997987,-0.286399699328281,0.400421876667114,0.732077114656263,0.108511043992056,0.756274382111197,0.0985900344318548,0.49748793866707,0.130149723704833,0.739913679378304,0.126837324445386,0.38538253518532,0.207468771413471
0.926942579999371,0.151083524497733,1.0397990985269,0.105348826800589,1.10383899677229,0.248079165932385,0.0118722737009638,0.075747363648484,0.114452981939043,0.133646771287383,0.799481858529026,0.0861937818063479,1,0.999786563137984,-0.202643626412447,0.329147152175704,0.495395556487981,0.126234078574533,0.588703426610036,0.132008908745175,0.678597044796973,0.118074395358641,0.674094849836136,0.122027027578332,0.8948838969521,0.141221076419405
1.09023293626524,0.142435414009717,0.816357284516516,0.107547404123657,0.893221979721053,0.235401889298789,0.107695112763354,0.12957720250342,-0.173073750036679,0.129717772885725,0.89749576825479,0.0387164576554396,1,-0.558024806358876,0.262514447080046,0.396060230889987,0.838226138048045,0.0993833743877711,0.655443547422239,0.13100956983042,0.701334166790376,0.131858968026043,0.455305768824396,0.169724360940358,0.605646945046247,0.146577778390431
1.05331391438644,0.139736350631606,0.945869975026149,0.103537508518414,0.863513619297198,0.244904498091652,0.157637110503007,0.141313192504345,-0.272632522471943,0.155789799602725,0.853583134333393,0.0726429739738075,1,-0.738947923667833,0.673856171220334,0.405015933071999,0.477018903046744,0.116336955547268,0.71946300921421,0.112887678516662,0.44872764665136,0.138507115169138,0.715478131755003,0.152696451968047,0.688760102617435,0.148136365698914
1.06052520539297,0.162793391181857,0.928768248175005,0.114136981643736,1.47747372005599,0.338078890872503,0.0242512356186688,0.0992274521551507,-0.10216731381574,0.211832052426767,0.58653402692499,0.21768202886447,1,-0.539740686493713,0.340308625962581,0.320036743288943,0.530920045210699,0.123495206882662,0.728144959087185,0.108476542227541,0.753259022504856,0.118166991474099,0.648921770298713,0.164873611778075,0.520736136530517,0.213504334239066
1.14595532976635,0.155027202928332,1.05214334353357,0.138937194798362,1.00961584189488,0.269260165666847,0.00100734231838399,0.011608491913865,0.0318908627184723,0.179573951039824,0.89772973928184,0.0347779044669108,1,0.999999194750503,-0.704456512632857,0.41568606158046,0.676223225970174,0.117172767559447,0.824023479027106,0.118890824037236,0.856895324378268,0.137590967937551,0.62075317357652,0.152074240366253,0.540426425958768,0.162489440196505
1.01867772085184,0.169235482672964,0.909713211701575,0.107439459192146,1.11920067094055,0.309953136130961,0.0191899476736649,0.106842562078792,0.0982215362616373,0.171556200848884,0.918714666680284,0.0310660816087313,1,0.67021762792927,0.0977183955411773,0.479168666002787,0.898132291923838,0.120767004629707,0.624859209416385,0.123594777530605,0.758367579408969,0.127308627650577,0.761361440773338,0.153347184926827,0.893553095913882,0.165470158857354
0.878966008880946,0.141885854842162,1.03137610606179,0.104834938758077,0.967113170076555,0.254221071417059,0.0781002110891361,0.103391413752674,-0.141008740069511,0.15363327264001,0.872753226692985,0.0477813259007033,1,-0.513075502935559,0.301804561815392,0.385530455680609,0.666267522584674,0.124844864581293,0.73744730484237,0.118216972483352,0.544498297936465,0.132887009402617,0.629943393947508,0.124395945088685,0.63126596943567,0.167431849333544
0.688266784267896,0.13154790983262,0.856690462776505,0.103934298003794,0.903291444298423,0.239690869709427,0.140825315230339,0.112492557658059,0.121160926230775,0.148077866791944,0.839914095242843,0.0585994689662181,1,0.339709952257757,-0.407104967267945,0.352750928462275,0.60419233588054,0.117687347529814,0.656026718099591,0.113510171773996,0.509746970771153,0.13104837662768,0.704067332559128,0.137612356898926,0.738299840717335,0.16931200048568
1.12319010584086,0.134050187256618,0.980354362706187,0.091228902594087,0.790104417695851,0.207714246281425,0.00196840568689063,0.01200462051227,-0.0394365821763538,0.107475022204865,0.793886168315038,0.0944999909859368,1,-0.999999352103065,0.0323415913548235,0.361395875521384,0.651853080261471,0.1177150168579,0.689222147998732,0.108983486013938,0.649362531942987,0.128703793497913,0.794793051209113,0.126737666572462,0.510040000431187,0.177015228757399
0.891720301460456,0.141555691587547,0.97326827008708,0.10160809922343,0.744080623750457,0.266520560909808,6.3151936271174e-05,0.0424691437704696,0.0065919617425848,0.140904473245534,0.939581392102149,0.0184163465234518,1,0.961637398955032,-0.207240114973674,0.488070483778707,0.496858787604912,0.148287865366468,0.804494219554735,0.0890027969839726,0.686111690876347,0.125405147370517,0.506135792203768,0.179140859673005,0.500310785520093,0.191482294750749
0.943923182369105,0.150183235256152,1.03371557277372,0.108817474149038,1.22295738438667,0.284685164532052,0.064203048296108,0.0982702055496973,-0.0472457497798226,0.166107978634397,0.877359505356046,0.0496250134211781,1,-0.168608420293723,-0.396656295561132,0.37342377345845,0.862210582941731,0.107769707084506,0.605048180473372,0.112777794358373,0.815424780947576,0.107925684992905,0.887407286012352,0.129534053874941,0.779580897077842,0.194201237064955
0.952433475619248,0.133402079846439,1.01362494286375,0.10797869794506,0.665247309852548,0.166297851952575,0.0821254522223884,0.0983489113453183,0.0234773549986689,0.109750005917392,0.83613306025269,0.072861255917711,1,0.10044277816046,0.203249116098964,0.371994320814925,0.655880803518194,0.116541857237241,0.637844834814975,0.117805481136804,0.57381663452323,0.12135899733409,0.683083665525491,0.128331325802148,0.794169701934641,0.177442400371611
0.868612134366305,0.133174118458025,0.971291674647942,0.0870050017855415,0.861809021236218,0.232537923768062,0.0213985984556192,0.0596938513517719,0.0392579840902338,0.133774458032381,0.876830214452374,0.0522942746468618,1,0.289087831956907,-0.40707880004899,0.409779044850782,0.558380723491645,0.121771697254816,0.660898615590697,0.0970078562762267,0.730276938264013,0.103072079889489,0.754054650775838,0.123739358428154,0.527502257918759,0.231278192206356
0.717219752625773,0.116788767068933,0.895045943114122,0.0890401515643294,0.548393752843809,0.159010063636356,0.0108958612637989,0.0295953351728116,-0.0772995611605057,0.104715422935165,0.889503232295426,0.0307102926607981,1,-0.99999999219164,-0.163342384448559,0.346632850025856,0.524124813452832,0.110049343786219,0.603330769651204,0.103295832219307,0.751616870136811,0.115204882950831,0.474818677792652,0.172922169894934,0.113267384952435,0.222339614540804
1.17610302408404,0.187798383083275,1.20655930112226,0.117972149398537,1.28862264714165,0.381803566719479,0.0797152551977394,0.0941548888435168,0.165921726652459,0.180445813344025,0.935729408581056,0.0264017702506794,1,0.517689859727288,-0.0182167114669561,0.555217741790199,0.700472789778409,0.147958412728379,0.862984023225677,0.121273397554794,0.861975401855431,0.128108522138385,1.02183821534856,0.125069337158972,0.623099066669795,0.160528600219717
1.26612422333087,0.155280965806869,1.0464754567616,0.106973173083022,1.00236231411112,0.240024135095461,0.0706111153084749,0.0785051615754976,-0.0370771464410801,0.133605927989153,0.87798244925459,0.0455181217748015,1,-0.139366181703129,0.218298827657571,0.402542981334873,0.712818854605942,0.121765352431432,0.673259169939247,0.123031900678578,0.745742885325382,0.118258863324777,0.865971548680656,0.123398878525116,0.995128604533836,0.142026870298779
0.914923050764513,0.133050668388161,0.970508488428323,0.0830707988602066,0.750789865159679,0.187296781737836,0.0207385084098781,0.0423183495431787,0.124780855185719,0.129832277725481,0.83700753551009,0.0598062204260437,1,0.999999996410275,-0.426157355157274,0.383593662188008,0.646658807711228,0.117453478657237,0.710895875980113,0.0954175895998518,0.637832741336895,0.131128785945964,0.467338446544225,0.160057484455676,0.618983409878462,0.138081165935363
0.910898842263081,0.144702756060135,0.966387647378688,0.100692748086947,0.956326597601377,0.232792296996998,0.00241705021280465,0.0142941761527417,0.0480779510626597,0.143135017739288,0.863184062126461,0.0629788448091583,1,0.999999993973659,-0.219926604092432,0.40134125503343,0.673188677924068,0.119101454899053,0.756755268720277,0.113804862033047,0.534880254694185,0.138230501105704,0.760440256161269,0.150709024228109,0.520414286070766,0.155609907997798
0.719475499217461,0.154485846612363,0.911555481325562,0.111531722733126,1.1318524445629,0.255108221977218,1.29959556733365e-05,0.00583027796796262,-0.00373384673789218,0.143727689658908,0.824163770885,0.0681826796137648,1,-0.97354822735531,-0.588651653138992,0.375962915808263,0.734555364007349,0.10121676483685,0.515832528149258,0.120774465202013,0.600980806128195,0.13256317655071,0.534805286344517,0.177322172646548,0.587736472540749,0.160049065155311
1.01889848351037,0.149761804854689,0.902995793887727,0.0944501021176049,0.747671850373157,0.226842076250698,7.77650486374466e-05,0.0630867116265343,-0.00691030963929643,0.116810912042029,0.901143753674393,0.0452704223094578,1,-0.906253650314987,-0.111480961586452,0.453922483420336,0.784248880288826,0.114009625418723,0.639064534705113,0.11898768112545,0.742032022026917,0.12292328213531,0.775497768154793,0.117697308270695,0.479888086378968,0.145937471682568
1.06178012149897,0.1570688864665,1.0538567215722,0.123546764443104,0.781671568556389,0.244003812084529,0.217678374527593,0.148188998450005,0.232149864162709,0.142972238007234,0.886978443383076,0.0501114906610591,1,0.562792930067341,-0.128594492407433,0.432349667157475,0.818587861994158,0.123662994601062,0.704953646252967,0.129343784103618,0.696162979082203,0.131509681113718,0.820045583992398,0.159090879641015,0.53105980613178,0.179207945720515
1.07243801359747,0.127760979802507,0.974870048604202,0.0844099433346025,0.501380000162406,0.165723549292297,0.00261977663067647,0.0131469351746115,-0.0362422874814866,0.0887944305994701,0.894382275020145,0.0435832465986424,1,-0.999999921727155,-0.158731404371487,0.412809516011439,0.697714589509784,0.116530565664999,0.471106767600333,0.120609812383938,0.674737211070661,0.116402192613661,0.559071809318795,0.156894676395641,0.346598300876952,0.191129405899593
1.05028137917527,0.188247055369183,1.01688840782776,0.124105490948855,1.56863677640839,0.420693674794956,0.125656142453607,0.0796114664902778,0.246443289540476,0.233596149318352,0.92431852134475,0.0367647516834982,1,0.555090684688204,0.613735281722338,0.525196745346525,0.789127464142723,0.12172481144841,0.732473771790266,0.127678096344259,0.67823014600643,0.167647437927664,0.755793787649473,0.140643747172749,0.985907211557194,0.143066116813159
0.747244691051798,0.133385307867182,0.910530887788905,0.111371091456504,0.819832934213074,0.240980800684168,0.255632696983706,0.139708343465812,-0.200391796376431,0.144447057145234,0.914699932533494,0.0308483490280099,1,-0.437732766637746,-0.302494684204914,0.421604734058157,0.441679979048443,0.131229526853998,0.794667140108129,0.106934348919777,0.663656869387294,0.120976047228087,0.569284328182486,0.16436200232132,0.423602058518058,0.198754666688811
1.00016193015692,0.150139854835792,1.01019304356941,0.0969992175336512,1.0178212660129,0.273011025027314,0.0115811361711497,0.0267646087075574,-0.108570376620806,0.125896234049085,0.899712697787401,0.040584411603155,1,-0.999999999999835,-0.570764293571372,0.421864272276705,0.794682286849511,0.11631196221975,0.560009131195593,0.144488745619912,0.879808608150191,0.11441184977045,0.812877990525509,0.126907497661408,0.508765670031477,0.186048682921598
1.02531423185307,0.134197314052472,0.927832600631787,0.106851490004646,0.578715204160775,0.184289330932907,0.110955504569752,0.0969930047331427,-0.0992014457499109,0.0950180364889547,0.891189405906709,0.0442175262170351,1,-0.391481396606356,0.194356838249195,0.425708854956256,0.732433194461642,0.12986355792844,0.724169634909564,0.105913260176242,0.594497458641102,0.115651452088496,0.624980570732565,0.160452745638098,0.604080510497756,0.190375269942369
1.26973698069978,0.173488549722267,1.03952990763134,0.10885782286774,1.21377026054507,0.343936822511642,0.0134483616611575,0.0316079543150367,-0.127762363148745,0.147053741172177,0.934149015943412,0.0258384222379332,1,-0.999999999999522,0.102047455082346,0.477376114414394,0.831697327700469,0.145631623508625,0.701415200273326,0.144977448079935,0.838651662404166,0.118541000975905,0.751401526071182,0.130783079107592,0.911789572211152,0.135829489994444
0.929054220855596,0.168475272412878,1.06524003351728,0.12326997197077,1.49354322404045,0.351651617240863,0.179835172223701,0.1366336439307,0.185722179919356,0.197356494943555,0.82472680203773,0.0789612157374759,1,0.358358373734252,-0.102939071752145,0.351566251346579,0.660130768051086,0.148812659086198,0.715437039727632,0.121585811603536,0.669859426986787,0.12857182083186,0.843571183342014,0.131131764449275,0.853511188284703,0.147701780761903
0.917542587125757,0.15095699006479,1.15162725944376,0.121922735917744,1.12824480644917,0.288669366320571,0.0830117811628286,0.122981383862082,-0.00459514529652499,0.15929243314841,0.846421619844038,0.0592813786940463,1,-0.0150150820714789,-0.854760751786001,0.356011323867904,0.838764896577906,0.104917842792902,0.758692017466776,0.11647556568688,0.645295833876192,0.141866690831127,0.772950249510583,0.16781501743051,0.623643599660766,0.198567120487785
1.0269379120613,0.143969074245168,0.830723914034972,0.10243777604643,0.7663897835661,0.230179214904546,0.0193720750800935,0.0963312953190464,0.022259726898998,0.129304903128395,0.920370983673144,0.0267096389384988,1,0.182686689783283,0.0166701036165354,0.435179502441484,0.652822211102363,0.119789544941485,0.728458613433143,0.116550913863773,0.680410898854191,0.132923227636369,0.556155284647658,0.156616047635766,0.787058251935675,0.1353355065997
0.955394521636648,0.143152480935531,0.915033523868227,0.0988856660310783,0.684991776677507,0.200354476786348,0.0350148023397858,0.10735331794128,-0.0322498106260406,0.144308533109267,0.888615435459764,0.0467906372859769,1,-0.208237360523008,0.718554113640331,0.445985579820401,0.755863126069636,0.113748356448213,0.596917064615222,0.119221060836286,0.754636590530294,0.121676840916585,0.474936033374906,0.155570327478375,0.780013928026708,0.167418396924134
1.28292011646202,0.162795791535516,1.04623934468254,0.110715488267717,1.15170524342563,0.295683415717989,0.0128725478657916,0.0351412428734326,0.121759520667391,0.167160552861542,0.917245936088243,0.0393811960856786,1,0.999999999995728,-0.105708351471696,0.501216922270412,0.622054494873482,0.142509693937603,0.754978629567253,0.113910820470235,0.891435329461693,0.110721199731186,0.795491227464233,0.133683687608539,0.812802074131874,0.150514553893682
0.896679921863275,0.149797543505622,0.938066453245234,0.0936145156023047,1.13315333116553,0.319473424431275,2.11851250016779e-05,0.00629045389173832,0.00484295088481842,0.172320006553047,0.901551583307422,0.0410338870708377,1,0.988439766147241,-0.425405876204287,0.404955988965395,0.747945778803187,0.113281735905636,0.732173782682309,0.12223868610854,0.434070492069374,0.160919032638809,0.43758809597891,0.16558282423956,0.857839072103969,0.136375327064066
1.23480102191321,0.176799897883419,0.923310498603522,0.124248410813001,0.783715595299593,0.247994716640638,0.172262955474379,0.182964862083406,-0.232853718622376,0.165519431731484,0.937958847672394,0.0230591795218985,1,-0.633735428073125,0.655209778085664,0.58117582420243,0.580962085778985,0.158679872418482,0.65852451055052,0.137276414557566,0.699481624575679,0.145939035818744,0.622788349659173,0.144498826382134,0.92180387662932,0.136371137881766
0.894684652459013,0.137939935661889,0.997201197134008,0.103845627499572,0.906067921022187,0.222945681192998,0.000766743294763732,0.035513152564447,-0.0263516181452025,0.150418120755554,0.847669918633555,0.0651938584702451,1,-0.999774183181005,0.247588859180554,0.339130431039904,0.515086328906234,0.120497568671106,0.620774408597459,0.102315032848779,0.913974074468286,0.10109640126556,0.727525933060847,0.138452677149247,0.712927790134886,0.151963146504029
0.838406201332063,0.167120199826861,0.928351138489267,0.122146658198623,1.34021332504785,0.337597407133174,0.0681305988190759,0.0962166605333398,0.302174678452148,0.217985544883405,0.883842246782986,0.0506225248158658,1,0.999999999544647,0.291052941295367,0.465529235557542,0.7735793664667,0.111729916021808,0.748431810161943,0.101564118704439,0.507877207743846,0.138189554336112,0.87422796347221,0.126151213069442,0.980215553627138,0.165212394451372
1.0881699555655,0.173338511099199,1.06954272151887,0.1232440279173,1.2731531691951,0.31269309106353,0.26209313546705,0.175237733668304,-0.311986791260559,0.21553483071127,0.818791260916431,0.107951831983987,1,-0.540092388140861,-0.259843059628728,0.400644962976092,0.839120179364887,0.133409106080782,0.788246342619541,0.116756776726088,0.617269393737503,0.132851925313268,0.940841245483912,0.138485509196009,0.563553559241488,0.171259923096473
1.16811272459162,0.162348889975654,1.10594894381813,0.117788892917124,1.27077718607703,0.284623468922079,8.95935301080411e-06,0.00600605892380983,-0.00316178768054633,0.178352535657764,0.809349556832154,0.0911718270236827,1,-0.937043330478551,0.666889512639741,0.367844768431641,0.753830723993442,0.122259927008093,0.65406816069837,0.116001927134036,0.683857871579874,0.135502358120947,0.774170129674127,0.156513306275749,0.551483858191599,0.237156472681625
0.814566440343233,0.141900712949514,0.912574189097389,0.0865078186828778,0.775491544687605,0.219278435651882,0.0163376396429352,0.032449184154767,-0.112559768134285,0.114167768365645,0.902549883860572,0.0391992585963018,1,-0.99999999996822,0.102396994550774,0.432262395489646,0.58341189397213,0.133601130698017,0.577222526084155,0.121969516417959,0.625089073603398,0.100414236646845,0.899272365485367,0.133166203419965,0.423894402342909,0.219090935536311
1.07316925835295,0.150144865604504,0.935321767669661,0.103129920377763,1.01518757301375,0.285642152293372,0.096865156107368,0.0601165012262772,0.0718956113213544,0.142229384156664,0.892558036545056,0.045741979814766,1,0.229269056119752,0.13576695801756,0.418642349645842,0.817900743266266,0.110593110572953,0.708848706388405,0.105430566311184,0.791478365043681,0.126553899097943,0.773692767417419,0.159789933408762,0.899723385294214,0.126869120921821
1.20073729051191,0.183224786515383,1.20179938299877,0.123667094815388,1.40789596039959,0.468902243555679,0.225653250673687,0.148295298365495,-0.321010919587657,0.205104521139857,0.958348064033781,0.0141155069033428,1,-0.569526225477857,0.122812768885818,0.637630906172677,0.85632314225745,0.134219908904214,0.843511335780897,0.129337564175445,0.936452262085498,0.13958924042341,0.545010544388558,0.160891066006431,0.850889146429825,0.169696536625332
0.7503030209144,0.146357471357238,1.04464563178541,0.111027091289675,0.807417203044946,0.271559203404369,0.00570334968508532,0.0282089546217219,0.0678600224744374,0.170138858580349,0.940890622660986,0.020647963038543,1,0.999999999947044,-0.298711736480058,0.530909307080034,0.943137041979069,0.10294768973427,0.537660760688172,0.131542083758572,0.543195367172256,0.139765826401566,0.633435245797531,0.141709141397657,0.737450253074062,0.174696553526253
0.94340339760346,0.140946921559065,1.26555310976037,0.119872714557182,0.714444288271522,0.243547650019872,0.0178440166130319,0.0897331492942743,-0.102254607726595,0.0976594515175491,0.944542359795215,0.0187001672193428,1,-0.905633321250657,-0.0703796986652643,0.499545821586729,0.839634866706873,0.115218036621895,0.862281444264753,0.106758806487798,0.533701487440869,0.124104249905569,0.766641538207228,0.133692271873882,0.563461226010463,0.18356845602457
0.904858616081392,0.160927407935311,0.80225337226088,0.112843677246887,1.21512471659021,0.372899018173718,0.0861797225696853,0.135582536001849,-0.217486372771947,0.1847592522905,0.912649745605934,0.0342660809578277,1,-0.672077067804068,0.0140089970677061,0.467515402431531,0.639266479961028,0.142542515213929,0.704812953830396,0.136394004130321,0.728752907386805,0.14588915868022,0.559624490818367,0.12399419101668,0.616038036195906,0.207451448769354
0.840920517154927,0.138568271003546,1.02776550080735,0.107177263493662,0.772189211205926,0.222211274511539,0.0921363830650985,0.0971114568770198,-0.0413671675986218,0.12619083159691,0.942563329056309,0.0191828723364619,1,-0.155088052134409,-0.42131266039355,0.489490603799656,0.76967249252148,0.116251523852461,0.658198992971109,0.132360773058338,0.779190809551137,0.118084705695421,0.755422220238288,0.118233327767329,0.68690208905884,0.159785403568241
1.00330498234826,0.151252695530793,1.12749974085209,0.107924012017944,0.903584984107387,0.250421582333176,0.0285148372332611,0.0539743862381135,0.160516593686362,0.149977185715635,0.92252198423923,0.0272440842584008,1,0.999999963137479,0.0527342091707335,0.458978025369376,0.743027505920851,0.125911171190106,0.702174502594511,0.10696312440305,0.780199616416755,0.114810141371141,0.856775916670164,0.122347854326211,0.772307933852787,0.176410264081583
0.959560388668984,0.147753657690599,1.18742351402065,0.123501783511766,0.930032417051239,0.275260538247301,0.0726904984756809,0.10851777143989,-0.245332082643782,0.148238743067625,0.932005554287482,0.0281549590813481,1,-0.94355338898226,-0.379182361461928,0.517434444524652,0.948886820435849,0.126710624015295,0.934103507316597,0.114264615807764,0.801093985203734,0.133014369226896,0.61706297222604,0.173084306056009,0.571242867871871,0.164439120552899
1.03815415447822,0.152930787419043,0.936140596067723,0.118536813981872,1.05083223490372,0.285026782841504,0.0113042763815528,0.0334492761457319,-0.108990357392639,0.161395798090234,0.911245999601494,0.0279897341910449,1,-0.999999999603444,-0.17505969985725,0.445209622720574,0.869212495478028,0.101926185401148,0.610612224670007,0.137500042083069,0.675550103563916,0.130446620740461,0.720668941649219,0.154227374915364,0.725219585067802,0.145310783690429
1.04885706451567,0.158717593140018,0.894722113842124,0.096461373868937,0.975558386676901,0.27232812821287,0.00817415797484241,0.0248035504802902,0.0892993189580871,0.135802821815065,0.840723427536107,0.0778564219368675,1,0.999999999999924,0.442566710429158,0.385842374400925,0.392227302763211,0.139505650169481,0.672108181077607,0.125531686654013,0.724835573757254,0.123594223217069,0.607426852485046,0.129979148413692,0.615177199357343,0.165181590933775
1.30105916122056,0.192002806384045,1.17277213669285,0.131567663335175,1.54555656178742,0.449519095733609,0.219718259768342,0.143021475804793,0.28272640179235,0.210003808879873,0.949973518986556,0.0199366132657558,1,0.485166537094786,-0.452072675381941,0.561899430013099,0.756958930763548,0.115484706607665,0.849541286191381,0.136142367300433,0.895495126550872,0.131320694425106,0.905173310276438,0.129000334976528,1.01887943686726,0.133473185416414
1.06341569921605,0.165041306976635,0.910468976425796,0.131932814919031,1.09359679765584,0.326737337862276,0.207482069007314,0.145249657067895,-0.252897834839563,0.212740041370821,0.930090204837114,0.0300949228147681,1,-0.530916485959821,-0.241981802549983,0.499967090819577,0.668590116979393,0.147166296874885,0.82264486496971,0.102519651277084,0.549850588998115,0.125248561170822,0.650412790716598,0.167754868376879,0.742244242706097,0.167794693293616
1.15150162706173,0.158641354607566,1.09425059151751,0.110679282495212,0.876312367858971,0.263251281481833,0.0350276691046983,0.0988905176464057,-0.0859695909565994,0.133990184079136,0.913880834260822,0.0321657426718864,1,-0.490692896053934,0.404561359214943,0.453792481167815,0.726594333771155,0.122324940332784,0.66976731790223,0.115782753962796,0.759456280659647,0.114775620678334,0.723381924231347,0.139514180151614,0.985009309313389,0.137862606425586
0.970001434684722,0.151475819794802,1.08366474344785,0.115638081363881,0.914305878577732,0.262364291680984,0.120291403186333,0.124994019059355,-0.311655193726808,0.155577318866344,0.874721196918375,0.0464729749247369,1,-0.939747799158687,-0.13307107338839,0.39283415164861,0.873432033630257,0.103348169521984,0.726205827843845,0.117406262810344,0.783069811466223,0.140353473426805,0.40583822127262,0.211567793309382,0.613887560113954,0.208814473178286
0.994672912132751,0.169225467502497,1.13010377762099,0.144113794804511,1.13060153574642,0.345097050789553,0.122023783810602,0.151816723653468,0.0481447295461092,0.193884398568119,0.933850848662697,0.0241346870203542,1,0.129619911907552,-0.343741779870359,0.48530590932206,0.77869812378988,0.123588328603252,0.85537999013378,0.126041331676719,0.58025800224224,0.145849308023208,0.792964843204582,0.156848501000634,0.698259971850287,0.180860094244419
1.23098056807957,0.150283751755533,1.00280137020587,0.127038413981292,0.701588751242328,0.238829785149922,0.134301686440608,0.1295103268512,-0.0313227552924925,0.157180780006689,0.935572115107297,0.0219712965772308,1,-0.102041754179103,0.0712292219091382,0.468276272860652,0.687438117556059,0.149855496520642,0.761769674153916,0.123188060198642,0.85823597136448,0.128063340444249,0.8177063546588,0.133534927783995,0.506220783460134,0.179380280225004
1.02984920873263,0.13920709098353,0.996876406067975,0.121753339163775,0.781569635444224,0.222305052623598,0.170330938031281,0.151124541544669,0.153835223497357,0.135768711499585,0.894570196129874,0.04215339792608,1,0.42162385866992,-0.370955182361401,0.4240715772408,0.74578234532227,0.13139704702986,0.595303371851433,0.126612603193183,0.530153295154555,0.132517518617153,0.800253259642716,0.118344623117007,0.714825332322011,0.172963271904261
0.768416722921392,0.145180610369691,0.766647618006426,0.0991131027769037,0.921857871024502,0.263779491265363,0.101350452765099,0.0998247087099217,0.101507348515013,0.162209053066534,0.881697083492343,0.0444087406308152,1,0.332087595008918,-0.483130451879311,0.433468255271845,0.718518013791291,0.116327657524405,0.587837803915973,0.118127965355414,0.606792086433371,0.132124359562975,0.793930812994336,0.14645831784456,0.409833832549748,0.224136701718644
0.972620572313546,0.134287768036653,0.965284455809336,0.099094606624833,0.812243031280941,0.215321213068745,0.0171492916832894,0.0331129943378484,0.118022848043142,0.117158979722622,0.851423762204515,0.0612868750340329,1,0.999999999966212,-0.0457012413674203,0.38005903965293,0.643688723275427,0.118457467184374,0.563863319531429,0.130695986300403,0.554408816329071,0.149951057607958,0.567717874589618,0.159635828175325,0.836606561925682,0.138185324877424
0.92740858566548,0.167877504584018,0.97560440815852,0.121094365280081,1.37036774601965,0.395133426577533,0.00248998117340684,0.103669775952549,-0.0546638455018693,0.145883913497365,0.925511813374411,0.0252158432239231,2,-0.935801171286349,-0.0794117226584058,0.4798759245057,0.736381980597258,0.119732003748746,0.746610732355298,0.119759679159066,0.666735975957234,0.141470527213614,0.481799624029762,0.145133299003504,0.626849698587307,0.158410219419421
0.941871029650149,0.13915853364802,1.03651987894721,0.116236980856871,0.955843498998477,0.253132213859675,0.0297257004548236,0.125078805335602,0.0298810240824696,0.150628455017421,0.909348413744328,0.0342653679331471,1,0.177270322023862,-0.314077825882918,0.447577563849738,0.666140322571059,0.138124961844495,0.66640183684289,0.125523381180849,0.792101998145734,0.121405074770192,0.615521911997746,0.136814637511281,0.679715485620304,0.126989208413336
0.857257457804395,0.153877885792227,0.933754158595193,0.103772755204177,0.961455009496499,0.25924382488008,0.00718046667744211,0.0214468142468849,-0.0830884808734217,0.125522982707784,0.869666383010051,0.0716473847769435,1,-0.999999999732286,0.109699589309765,0.484853029539684,0.544634090239426,0.1398687551454,0.609744632792131,0.118766698941082,0.747338653806146,0.10930385780899,0.712406552397382,0.138590749586535,0.595832964768189,0.16467728707457
1.10414881142599,0.124366645494568,0.894880688846404,0.0978434820753795,0.566903229552913,0.179289264711325,0.00811237277461715,0.0247404112898412,-0.0678154136077527,0.105729320077543,0.909056092590584,0.0314886389132737,1,-0.999999999730696,0.0384156298551597,0.40948842036618,0.73481977933693,0.107432087062856,0.656174869369665,0.103802523064287,0.616673688017315,0.118697324059674,0.621414954595947,0.130301597089927,0.602493354990949,0.166113977888692
1.17612890767964,0.174353421714761,0.840024394739621,0.101335191590807,1.35856010444092,0.345167375658839,0.10299884450298,0.12987187563437,-0.125682056371037,0.228899602142266,0.836108318401697,0.0840625264140033,1,-0.33598328587852,0.399705833095721,0.392133202604693,0.540699564473506,0.131703168126328,0.711992022024192,0.104487226075691,0.562608447531919,0.120452680164545,0.725485152789226,0.155049713085514,0.511713238879946,0.190626978725595
0.9196099626764,0.141659468769809,1.05962360939224,0.102454316113029,0.901942653151737,0.251309549228461,0.00153175717829254,0.0867993206499099,-0.034297719331311,0.151695320900344,0.892305505583705,0.0427936904878598,2,-0.922743123193482,0.391286026738768,0.411045284662154,0.747751683712043,0.0923379671161447,0.656200813339941,0.136003878713379,0.530828059037301,0.132730751999427,0.735796105596533,0.155744217592067,0.654214427000033,0.191761238637144
1.12749728381574,0.13160105930622,0.958058559654819,0.0992375819514651,0.902827883228868,0.221255507471363,0.0200559026064889,0.0389556466876384,-0.134562357549639,0.131446170319368,0.864788052170221,0.0431645281002207,1,-0.999999999250462,0.651375965733071,0.382712667305545,0.505812856214769,0.129132872072139,0.783427043465648,0.108483287309149,0.594718604287309,0.13160410683954,0.822304831085377,0.127942498442503,0.864169464251485,0.145811568999011
0.955117741487776,0.175754588142177,1.03352614044227,0.123369247855136,1.53134149907279,0.366941907077336,0.0945998731822749,0.117393124704429,0.0945555899153649,0.278026949532082,0.876432118541314,0.0630423791855632,1,0.248431067416836,-0.464909110743936,0.478865032960813,0.828253303399251,0.135922081037343,0.839376242428573,0.121654212074862,0.785750410666122,0.124704830064872,0.733841811692109,0.131436813389345,0.47967246132002,0.19216996290291
1.3142098756632,0.176861664139126,1.08285317319915,0.124954820103097,1.32253912352771,0.377330452784215,0.236112672170867,0.193087880157888,0.140445399573863,0.202953151748925,0.931976563073602,0.0288235854629705,1,0.251329580157432,0.137513589206569,0.512969546226143,0.767334171944634,0.119007318803681,0.949627583941003,0.124313145513498,0.727493703128418,0.120707705560794,0.670337573291674,0.157471505706581,0.736995977736687,0.151219345474254
0.917299767099931,0.147457117335131,0.728426804528747,0.0939801275275728,0.869871430718555,0.25507813570598,0.010004936607465,0.0291585298435781,0.0932899164938142,0.138334542296935,0.885139718029764,0.057327127871082,1,0.999999999910305,0.454292081375197,0.455121964426331,0.49047086020307,0.149253951862754,0.564066481361956,0.135425555119408,0.415583934398702,0.134661195786584,0.455816991004806,0.134607353984903,0.897772983107549,0.126976748309399
1.14577260000683,0.153367843723686,1.00772337382844,0.109818409453647,1.12944144775908,0.296590722363095,0.00545351435125116,0.0190787439384879,-0.0784820014985498,0.136380316903597,0.87368408129006,0.0510973819026694,1,-0.99999995250907,0.61405651816904,0.374424259394807,0.658332427854089,0.105958790421993,0.726499528394156,0.115958314680285,0.673672066053986,0.125545396265914,0.645817675077321,0.141773513934682,0.701984368562249,0.186863618010902
0.775306973919768,0.152009726695901,1.00179890108539,0.105788220090513,1.35284299138958,0.288268638708208,0.0172199414962671,0.0411211616090688,-0.152629869833018,0.17989821917138,0.772644150905004,0.126627263362666,1,-0.999999999997434,-0.874386946967671,0.355634908817123,0.816136663294574,0.103919287057857,0.772639213084573,0.102090752407502,0.56552460074501,0.141178639778021,0.635807006939921,0.146701874233265,0.68519080813539,0.167120957902376
1.28827081943217,0.178905743487438,1.09079841427683,0.142195350996057,0.907620874050732,0.291352982167826,0.228897002408197,0.167195861816155,0.0299137685843405,0.202216379165666,0.948966891591325,0.0186211498462241,1,0.0656294612551978,-0.249425035006086,0.541884939546372,0.646498651750698,0.165304238818928,0.813443616311482,0.131725419887941,0.86914330329891,0.111141280350077,0.676764559854387,0.135055766568569,0.955576192835224,0.160241364986512
1.05801640289285,0.160932996069032,0.89896549915155,0.117620290143376,1.02475745046673,0.297897285689523,0.113200619530048,0.0945504037059493,-0.10805907634025,0.172423676903098,0.923181969494726,0.0273825210864407,1,-0.31726802629347,0.145475966056494,0.444008403209632,0.578179440256718,0.10335083302094,0.737818143141608,0.113265437803312,0.722821958629994,0.110749149380452,0.701882594200614,0.162906804361768,0.625348202235973,0.184145616752369
0.971293144210943,0.161313933145246,1.05876727192624,0.116025205499429,1.31725476252198,0.368173289331957,0.00998611508589871,0.0292530992761575,-0.114692012147198,0.167425096501121,0.915213675624023,0.031762455632288,1,-0.999999999786395,-0.431887146881277,0.431715965583103,0.830646372861939,0.101114179319684,0.765318242611304,0.113150992110118,0.842671071627141,0.141162736899187,0.53097976963326,0.193606908124961,0.724000023227853,0.217001719260617
0.821768164628941,0.161247157108251,0.927650000232263,0.114041207877043,1.07476864805889,0.347234703637607,0.011970844453163,0.126140221165617,-0.111395392986303,0.161924548672836,0.910836619536751,0.0321921184255571,2,-0.982081073581233,-0.0975105759182132,0.423083286474744,0.757948562267664,0.120396848155681,0.746883442458653,0.114686046464182,0.667680288412551,0.153055373729897,0.772575022660773,0.166623525880653,0.444594484898292,0.228523892734074
0.958188808183645,0.145795311401141,0.988706333670235,0.0964942861876549,0.83954416377311,0.248076732117072,0.00352265158763049,0.0150353411646039,0.0543821549673979,0.105996429270059,0.905061779780179,0.0397444267210002,1,0.999999526191351,-0.089678937812746,0.439242782768244,0.770823099848305,0.102602926719264,0.782785101126762,0.122278827888375,0.734760624359316,0.115181735180105,0.666085635080091,0.118422821284699,0.919068860825788,0.20222379935789
0.88392280821135,0.173535482553598,1.1727837888348,0.139738702469096,1.16088689161045,0.304945068800816,0.183371195406669,0.156014912025198,-0.145394684837792,0.230937970964742,0.889401881379434,0.0476473278854973,1,-0.315128744112575,0.0110102729137881,0.46478222299094,0.771941352563338,0.123208872414062,0.754046267383646,0.121949265960282,0.688011220760402,0.127706171833387,0.78384086302648,0.138450404130266,0.676353787979466,0.178548853036089
0.774430668985017,0.14357785857609,1.1992330816989,0.135705205000757,0.875923952973557,0.240348697537789,0.173722381009428,0.12708831782608,-0.239408474964703,0.179121229810858,0.919973377581136,0.0298312159141344,1,-0.61373152559502,-0.956621716899422,0.468133231784766,0.767039333767815,0.122164384760482,0.644299903613958,0.117752016594152,0.835622752136859,0.111417164075381,0.711638169805862,0.124454400142988,0.638446619695759,0.1654817730006
1.12454143895048,0.143081040300226,1.21738650928458,0.130661518945129,0.930432806910664,0.251970754385884,0.151450474978084,0.13968084570333,0.120465388334086,0.135002482471893,0.862298212257164,0.0496192537959224,1,0.320910891892491,0.378417736140982,0.383299466421056,0.585099378844435,0.117580837299917,0.705867140192716,0.120956303349825,0.56903737333383,0.161279483621514,0.55797382853298,0.167543970934833,0.916110613300314,0.140495396911537
0.616679451251026,0.117598592268447,0.832101421442119,0.0959795114141847,0.625292438767467,0.156331536434264,0.00064686321451624,0.0108884646475037,0.0201114254600467,0.114056204057586,0.863710624848418,0.0422353870546089,1,0.999988574216467,-0.46083888421561,0.36854977045555,0.537131000450426,0.102899390172784,0.737485611189838,0.0918126228564036,0.518174237729617,0.125107075012431,0.686707694609103,0.145668578286486,0.125056856830384,0.256679688308989
1.16556221637206,0.143115843397919,1.19763179637904,0.119631881392505,0.643492881691943,0.203837360029946,0.145745178258253,0.129669809135187,0.0731507977974226,0.110819464843427,0.919782529751891,0.0278877166114283,1,0.238863667176428,-0.44469322696903,0.451361429017922,0.783850062899607,0.108400713418555,0.889135524779359,0.0957638777215515,0.671317441079374,0.120967066240335,0.765700072069671,0.123793354941309,0.511658410704935,0.174297998451189
0.877949211977057,0.133167716586465,1.04325345457983,0.106675988913114,0.668552918986416,0.234026873080585,0.060386593216727,0.0713751805684885,-0.20092693487909,0.128008674600338,0.941122401324728,0.0188485911633789,1,-0.999999999965546,0.086555816626631,0.464557766620189,0.775163750899889,0.115767119489174,0.64045926278525,0.122783516196315,0.624956949277076,0.125252231767252,0.721766987166121,0.131293134500972,0.725110521813625,0.151657104046363
0.925382112340444,0.136533596537651,0.818737348960444,0.0898446318264693,0.874074775510479,0.245810391849632,0.00936584917272563,0.032632952543573,-0.0904790161326431,0.157526664584517,0.851968487511623,0.0483630740448216,1,-0.999999990668481,0.480890993344632,0.360641648187717,0.440971449440762,0.127540720976888,0.551509755522531,0.113579704540434,0.742623306365354,0.103266493829011,0.640123324405017,0.181624510114283,0.644883394528467,0.206523737261278
0.919175557795518,0.152424918242651,1.20410065015271,0.121875069680463,1.02821023765574,0.256563895455582,0.164182742037625,0.139629672138708,-0.00518958496609729,0.175266044569139,0.7333050540277,0.174388352490691,1,-0.0126307143260872,-0.733283936054431,0.39588557399311,0.803333920633234,0.116450390123814,0.831202651770401,0.116796579598853,0.841452014376895,0.134327478886812,0.63794522791427,0.163368898269402,0.799511852937386,0.172550386739577
0.883998807962716,0.131057536381188,0.987434309249527,0.0986002187070552,0.803534148225999,0.201118091022952,0.0211330944053344,0.0846263748616386,0.0864192143462744,0.110485359285301,0.859529036287184,0.0542046987063262,1,0.663172636413508,-0.442746320629625,0.355879560219282,0.547786468460215,0.127173415991381,0.593807084712151,0.101074500821168,0.763834385279164,0.0999360757212751,0.707913459970652,0.132997029053554,0.825648933673079,0.183935950745136
1.17069105763013,0.160281541320384,1.01458339248899,0.135309131974617,1.15893174828265,0.298941940245411,0.232915651625222,0.130147911475813,0.137327714467402,0.184342041416604,0.877393739508949,0.0413431374213927,1,0.26431993892342,0.457606143817002,0.377584929465774,0.695241539901278,0.112987408072854,0.656600112542329,0.121686354141822,0.852279630965974,0.120662291060174,0.692641117296393,0.134207339848718,0.544486539518045,0.225740354364479
0.956985982141629,0.150969918378807,0.944482764767202,0.115526577009918,0.865103965496668,0.264943907464463,0.0206831820624847,0.0611819237828042,-0.133764010447308,0.152192715717959,0.899443337254107,0.0386649451543806,1,-0.999991831165494,0.0395860284356488,0.422551254397311,0.718370568758108,0.121343409405787,0.53754856508033,0.113799272130341,0.716178760060066,0.128521006641193,0.204672261655077,0.20362883472794,0.511269939964203,0.19499573986898
1.11279949257591,0.164768566474268,1.03044212988033,0.110063224233649,1.39812243272112,0.351807074101901,0.0535586423588643,0.0951958628940661,0.117732947251164,0.178400981588371,0.831554770837929,0.101054743629702,1,0.430239850701609,0.203419633553163,0.420751671851617,0.687950211211338,0.143316876262441,0.767402666934841,0.110975403892266,0.771261613823518,0.140663705674433,0.625937608467252,0.151504270339813,0.91220011799354,0.135266030180952
0.795582768914415,0.148831286998087,0.988809243127197,0.122089415884142,1.11329301463859,0.273433119519338,0.158468248915835,0.109750304506228,-0.284703355132325,0.17584574953338,0.842970558296948,0.0605504404114067,1,-0.677823643582048,0.456205211095786,0.348505388722002,0.688822971026966,0.108778426731091,0.464423665580093,0.110004350854556,0.575518613446473,0.132927173775345,0.681393461732837,0.173535332483387,0.679440452207818,0.196146829780707
0.898092648120075,0.164844925753953,0.666661327677334,0.0932116229342049,1.33530034928491,0.349464551292999,0.023443397356892,0.0555565211761425,0.176929252885588,0.201428865513445,0.889081314669682,0.0562106785722499,1,0.9999997420067,-0.379637250167444,0.429361177500284,0.795397099815843,0.10972329385929,0.609456167608155,0.121337359952957,0.579255278006572,0.138656096047182,0.595738585303335,0.16199784242926,0.73094919822866,0.152279511072408
1.10728993072669,0.167033252809762,1.05375116124917,0.123486009121873,1.05290835739033,0.343660891581636,0.130039789243452,0.141055924443615,0.257070355390487,0.202057559295329,0.941462446109522,0.0190484702105516,1,0.694734047087097,0.29791065613699,0.53079451695599,0.855448808624122,0.1215612822666,0.600653425412626,0.134778229813742,0.731299440799709,0.136912196330782,0.866030476132951,0.142847368978599,0.648654070553025,0.171918264407923
0.999994024065102,0.139236576493983,0.977453377525338,0.110641067488416,0.79212269484132,0.21234261611662,0.119320969700551,0.129385914298266,0.307435872773844,0.130750208811178,0.838079781835244,0.0708194656032133,1,0.999999829649061,0.54658514028621,0.350060070921684,0.502336697571807,0.127028862602254,0.661416721793862,0.114362405831741,0.633438444339406,0.115046558807003,0.827939567699532,0.13741021664831,0.574704772527159,0.17715632102853
1.03266027218827,0.14970399217799,1.00488301081907,0.0972013669656583,1.03166662262713,0.299100217700998,0.0346851198569735,0.0839764706324219,0.0239434648654762,0.134140511821922,0.919460431704077,0.0355186798881806,1,0.126574350534793,0.286749545999638,0.406317856600337,0.6126382754902,0.124831206790258,0.821435988378177,0.0993959931966633,0.634435953015426,0.13146592317895,0.544181782260524,0.149758246338546,0.769493773260935,0.15469882732721
0.96640802303228,0.137366786481438,0.888139417163601,0.0973345399978351,0.634130635555087,0.191599407224537,0.0365250632068908,0.0898583550818117,-0.0958993605575112,0.133047248035718,0.923990954185029,0.0259062097324176,1,-0.630131014620441,-0.261976094986208,0.458150585032495,0.728319172286454,0.116055677299745,0.7146556323553,0.11268719206714,0.667826153547458,0.129490929514761,0.570042746471427,0.14534395021582,0.426067127611556,0.184188691019536
1.00667238717327,0.169541347987327,1.16047474650329,0.109983973833285,1.02690003649862,0.305313822234364,2.5635490487383e-08,4.98508412482845e-05,0.00014873366700343,0.129695631828174,0.945780326680766,0.019753321097246,1,0.916693992519773,-0.522211643670779,0.553344351733423,0.791337870353672,0.118769956543233,0.681683289986818,0.109974217055337,0.949348081204688,0.104325366346992,0.688462187021253,0.151192925287866,0.547102747285174,0.177042620755667
1.39039307024198,0.168223667901946,0.933415694462751,0.105844330269244,0.887078149910767,0.260184795757177,0.0321684064241153,0.0397351554236659,0.159352155729674,0.150347231199169,0.906979729940225,0.0381311943314521,1,0.943326920512208,0.815377682019538,0.46545972780354,0.64237636459474,0.111729598103549,0.757705495542214,0.114244956056606,0.714000085856965,0.122548321984084,0.536309191219131,0.152722240770193,0.767084223671552,0.155759552894329
1.07677109925615,0.155464540523355,1.09846741060974,0.125956238237184,0.900835305650646,0.241851227949352,0.0351924710314694,0.110654249222423,-0.0582759551470611,0.160828063984432,0.85586457460826,0.064883569609639,1,-0.327296845882539,-0.0866589287523831,0.444588527081034,0.627079829764217,0.12536413305032,0.707094239815851,0.114013251677741,0.814999882219208,0.120926974599871,0.702402386206159,0.126673484992662,0.883040635048756,0.154004167672105
0.866726580915635,0.139585768772896,1.0545007405902,0.118218749801966,0.738059944044131,0.220238335001967,0.153407251121351,0.117586133664865,-0.104440587867482,0.125243884983282,0.89312086089582,0.0404773636712856,1,-0.31038487194018,-0.755191259895392,0.433381868459082,0.516208572201361,0.128296636102945,0.862468086676459,0.114342058704827,0.665651383986619,0.122646983611007,0.6855952662489,0.14101420512178,0.608090916225361,0.144872805394806
0.981980865926878,0.143505717668547,0.929062740272308,0.0921084550203477,0.856374553531399,0.226901421903336,0.0208048765248854,0.0369958341501211,0.133479462218249,0.123343275301283,0.908438808795212,0.0356315235312662,1,0.999999999685645,-0.105969885368219,0.455103986697884,0.544693832951119,0.133526030558941,0.623727953507186,0.120840670404553,0.712014261517028,0.108267591040988,0.799837697815928,0.109332005672698,0.651174635358424,0.174149378808659
1.03818753409263,0.155822935994268,1.01517761428047,0.100169959133127,1.16355293003445,0.306206481288323,0.0270678780333512,0.0545772202794218,0.177468050068939,0.187744650269,0.892879364249909,0.0496342457048881,1,0.99999999999604,0.681670634036342,0.432644433880733,0.569094413461223,0.117965522200573,0.489007218522319,0.121750819787073,0.68210176353556,0.134984774168636,0.829244998253773,0.138565503902879,0.83282394082294,0.164538010710907
1.13688848090515,0.177025933935298,1.20766057071191,0.119654008674996,1.6040148877809,0.419033080904294,0.147574238401462,0.154393387273357,0.486529829967424,0.273054545942349,0.920444633854148,0.0423997641949945,1,0.99999999999843,0.00771338961780982,0.486655425434928,0.808393617606698,0.138274959676877,0.750930603733883,0.130322820344079,0.790587855105428,0.129779856880508,0.791056174849156,0.140519293204237,0.627558510215332,0.148533392458494
1.0948358557298,0.157087517988628,1.05906551791677,0.105789128811232,1.03954369138619,0.259053285645097,0.0083397310514947,0.0276374660883521,-0.0931102026742391,0.138315691783841,0.864284794676623,0.0546284735515024,1,-0.999999713916998,-0.156238176702223,0.380850708441087,0.541056798549442,0.125468456532897,0.807674369289624,0.0934764593852274,0.751936981952917,0.104281025847153,0.74896673526734,0.143616885709576,0.885548576808616,0.14205352554792
0.885173668260369,0.169416518498281,1.08482798858419,0.116366924126476,1.6560861801257,0.337899203939028,0.273338694405211,0.211997951000119,-0.500978959222498,0.253663721864994,0.699396159787997,0.143312151531949,1,-0.744607595170162,-0.188591348181213,0.389058532799953,0.920112021128333,0.0977749629670856,0.916470641533836,0.099222032910126,0.777389221966903,0.133257871555742,0.855949229752781,0.148668506980967,0.686929889402536,0.202855521242642
1.02543036251538,0.177967366737681,0.950012581085593,0.121344023367388,1.16900801675272,0.337717493191082,0.0136089315650724,0.0364402464739952,0.126130686561744,0.172895192953828,0.927598535270104,0.0266866037217047,1,0.999999999796595,0.549634691763321,0.50811586813424,0.568109762688449,0.137296652886157,0.64235422097733,0.122676144324775,1.03450008784839,0.11736609649688,0.551067387737746,0.157426262921089,0.838616133651193,0.175908485119981
0.983536500768698,0.124755792078393,0.969445516432916,0.105333211747907,0.539823795504434,0.161592639110459,0.131494132179055,0.0924550290143779,-0.143996487347809,0.124027371576463,0.915844446525045,0.0314732125982254,1,-0.540471377345096,-0.189209588463807,0.46858113611911,0.78160946751426,0.136237057787455,0.52602057056167,0.125698420960477,0.804100573894711,0.0995035294640387,0.600329210454643,0.115367769457179,0.904323209599058,0.119926120257555
1.19855454721946,0.170311257077062,1.12735418185342,0.127591666588937,1.32963622389121,0.354180397015279,0.0702943133144482,0.110299426529076,-0.0964412321037901,0.22096233680029,0.902642321628976,0.0403580919626558,1,-0.315454142314661,0.901588963400586,0.469905785288585,0.73517473090673,0.143529658157602,0.708441125242582,0.130569333310513,0.73589369488785,0.150231198755685,0.858412498678105,0.145448260779772,0.880839793203797,0.131606092974864
0.836699632538981,0.129910594941918,0.86386763318763,0.0933906974001227,0.730534349679877,0.175327737201312,0.0479285136110118,0.0916546616936248,-0.0804887894545063,0.0980299686551728,0.829162714005771,0.0511872670543417,1,-0.430148185018439,-0.122468344486979,0.339325594552681,0.511255256044581,0.11247809994319,0.628270615728264,0.0980453613506845,0.591499363123332,0.122494266849279,0.557861983498228,0.140382278103239,0.482695391830121,0.184116872809176
0.633806565931179,0.13421387572388,0.871787193690446,0.0742269354584678,1.01522244864447,0.270884889476689,6.24476475737086e-06,0.00391233702740256,0.00240336257548607,0.107515115002856,0.792236345671051,0.105903011286809,1,0.954510360096549,-0.840909722022487,0.381732678265269,0.587169354422107,0.112059795794155,0.588805206311767,0.107710581773865,0.619690589055159,0.104806248351647,0.553799590937616,0.13353282118185,0.921653736014433,0.16958138996455
1.02040003398598,0.153568317275481,1.22651496134765,0.113530329516154,1.22044942624556,0.318159889823448,0.193280145439313,0.139025427139633,0.119657396047318,0.165193743994683,0.92959047498446,0.0230734295571979,1,0.246368983676983,-0.189352452999177,0.485953389674695,0.79310992760184,0.119046692109773,0.829640675500415,0.112226372842175,0.726932458239352,0.131738395796584,0.66058663636338,0.159535688651867,0.887599907802703,0.153636772901371
1.00718483650324,0.146826229475463,1.17157493784035,0.119685374456358,0.977626361292131,0.241645003910775,0.229474806952085,0.154566004380479,-0.473646092063597,0.178354458480328,0.899310265991448,0.0408497323547963,1,-0.999999999996292,0.130316890658096,0.442163588758184,0.692484986735101,0.138045305975478,0.731213691799641,0.108331370098715,0.77788712568271,0.112291110682318,0.508863779798372,0.135481903418378,0.479990999662811,0.16225413172657
0.991403730175046,0.154349618709341,0.929926173001932,0.108324735056165,1.04156317626232,0.291886769573799,0.0985996948000579,0.101225690570249,-0.104471075189166,0.138723487244433,0.924273428403901,0.0315186344938123,1,-0.325998401376162,0.149802635804726,0.455311118640186,0.726286991666578,0.124216446017761,0.705731300816984,0.108794589409586,0.795038423083656,0.10560689734546,0.903874185379635,0.15959568007378,0.605272824322209,0.177048491056155
1.09438486985902,0.175453907002877,0.995944084822972,0.119334325071061,1.27857441665262,0.359227987681782,0.0733176490546636,0.0927532224295525,-0.306173268489835,0.207815258060754,0.937128297958243,0.0228544182987222,1,-0.999999999825801,-0.500290567613434,0.505006441537229,0.760833925417314,0.14459169292958,0.851478272395223,0.113108162325866,0.90393335459198,0.114553178056657,0.437447875877601,0.142727074853376,0.923258790180357,0.128701907078664
0.811833917393826,0.163961828198368,0.876562118864503,0.1237954303017,1.01048242543478,0.293603905439078,0.222515344773866,0.124430507749113,0.121291354125307,0.164872688833296,0.88239128307269,0.0443191773368311,1,0.255791129478726,-0.439113210448538,0.422322522033026,0.656587648215316,0.125344407877673,0.721618731464177,0.122657535791737,0.578220814148738,0.124682554475996,0.755502873622118,0.129114025041787,0.872231984742224,0.157429818172615
1.01447911235059,0.136456124428458,1.10854088779541,0.124714286050256,0.735241645369205,0.196983613619173,0.241433540688004,0.166881824947354,-0.00802836719097742,0.13070359724557,0.862223453263757,0.0544851671260629,1,-0.0190551940846471,0.0991488011621881,0.407909987519976,0.780180804100271,0.109616581027404,0.672488426558632,0.122029872300359,0.607669724049935,0.111831629214831,0.607586379584441,0.1402456147462,0.89185892651837,0.131193468250262
1.11023347172365,0.137502073821409,1.02628083626305,0.125146503886932,0.748631781899354,0.19683523110594,0.234453197433159,0.16204281813273,0.180621306419463,0.144175012126659,0.889925694846572,0.0466478753333472,1,0.431128535636892,0.63759494714063,0.399440257943595,0.726495558794601,0.11654984032888,0.687778417041876,0.116518682520842,0.611505594962236,0.129378594557525,0.639057471154921,0.14887914243633,0.611459086095968,0.17023275551498
1.22122710982364,0.180441526530309,0.970720920923474,0.102042924962262,1.32249497616792,0.348209323579834,0.000681839010560921,0.00708278550641484,0.0300287945924949,0.155716561609469,0.914286120820742,0.0348974489962572,1,0.999999910536348,-0.175082738967283,0.466382562839253,0.8016376982527,0.125246826414407,0.655499853277334,0.127701839415211,0.783616921495221,0.128493116270685,0.877787184673224,0.126812088745323,0.940700431353521,0.145229280335114
0.728549084987653,0.167364528854168,1.0020471685821,0.0915843555757979,1.52574910278883,0.401438166186807,0.04234638924302,0.132050163100569,-0.167395575824646,0.170811584560795,0.891754740165513,0.0453241443252725,1,-0.658558290544297,0.432762523471407,0.415365006478702,0.717336048887488,0.100633357178996,0.655577429103525,0.125782996076194,0.84275385410808,0.147790923424836,0.774050896281752,0.150736359827965,0.727269573553192,0.219291137206205
1.19807950753572,0.179845750721075,1.25562294226966,0.124623651749043,1.35099662947311,0.360863642893515,0.0264039632928759,0.0612324016819469,0.188869440123878,0.221131640347577,0.943777934024522,0.0198175561172571,1,0.999999999990189,0.0906745120182073,0.5704830414116,0.853362288131634,0.145222309037919,0.609724584126495,0.138874556644809,0.914190036251888,0.0932435973432973,0.78201490763056,0.128099654751111,1.08084858288412,0.133334802331895
1.23459920890834,0.143926100691859,1.18685242627462,0.122446396750568,0.850875883379995,0.213835669116839,0.0719325164636579,0.0875301144536642,0.24739774350142,0.159417515529255,0.873069942459124,0.0541154691078941,1,0.999999999998641,0.703855492553022,0.389287614850026,0.604282018654155,0.135919572066011,0.864645015186321,0.110891294114448,0.778263172054742,0.114807343346995,0.735248792449884,0.130257061360406,0.618129060105721,0.158875429116504
1.05897827906178,0.130588564073286,1.00455596941898,0.106019870236789,0.55524181859919,0.148156309435751,0.0825010458416598,0.074611575009758,0.0550176106657006,0.116081595771996,0.877898237144383,0.0465387130265939,1,0.257057875952491,-0.246896530110846,0.385280301927124,0.919025451558289,0.122020484415299,0.566209527212983,0.115318527171258,0.817321737093493,0.107902494747859,0.72374096695579,0.113909027906554,0.792072067299626,0.129284399554113
1.07973504300801,0.163366918652712,1.10858058780917,0.105188650521928,1.1319093128488,0.308244886869112,0.00112701493535278,0.08079809535577,-0.0329306832321128,0.147212201477303,0.871323002774041,0.0576377326666524,2,-0.921998233780223,0.198902385829096,0.367997828111032,0.800980456449413,0.0944946501628642,0.85620440051175,0.108204243701709,0.667537416061555,0.147487369601691,0.722609825406797,0.181911178899791,0.596204296546047,0.23449684824154
0.853304307661287,0.158520739695988,1.09229625673831,0.106333865924983,0.983159183133815,0.275690159540436,1.27533973376773e-06,0.00762665502206228,-0.000360510391526701,0.157010909585425,0.917035970756526,0.0299274545571601,1,-0.321953330623631,-0.185573128209057,0.444019761402442,0.765298880146218,0.108954220554924,0.651459885669688,0.103576974888534,0.923624285775194,0.100062588515101,0.763943603883634,0.147672330799696,0.646235555725954,0.203152360654133
NA,NA,NA,NA,NA,NA,NA,NA,NA,NA,NA,NA,99,NA,NA,NA,NA,NA,NA,NA,NA,NA,NA,NA,NA,NA
0.719538736968021,0.131352943781734,0.581967793873041,0.0973426253589684,0.86709218644177,0.222023495479686,0.0207769075572962,0.0882369085216074,0.133846443745239,0.149831184519903,0.815181830271861,0.0838896352274567,2,0.997203390687287,0.30602322650111,0.326331735857249,0.525521379962176,0.11675475497596,0.440560738602675,0.143374533074666,0.451805880173835,0.136253998338293,0.414885617722274,0.174769253986038,0.595488599053006,0.178938947066776
1.01747302359795,0.142955017655832,0.95839521326752,0.100251445623438,1.00187156966731,0.262505024644956,0.00793462837952086,0.0297043693397385,-0.0891598485160084,0.16744852966199,0.829213099112893,0.0964868413050117,1,-0.999999999879249,0.259380782908318,0.370840357876428,0.630198553372137,0.143695129081275,0.665364378708242,0.10839774003705,0.755427739269563,0.12377520549442,0.83126775770266,0.150515626967998,0.528940642131397,0.221331241956951
0.848572320062701,0.145497939437074,1.07923338117199,0.11673157393888,0.943269232934352,0.259898364606859,0.0881508111049557,0.101573476726017,-0.0434860508000952,0.152992316705763,0.862330477835619,0.0515103189995056,1,-0.150806124014546,0.527427160142137,0.393354345509855,0.521256778376862,0.132837079065279,0.506072419955206,0.12546556766894,0.679850024487786,0.128645209231499,0.82698401672345,0.115451371379425,0.638599003655422,0.156830740424482
1.16216919436081,0.14161411429634,1.15467282166569,0.10467450850502,0.836147225991718,0.206544918383486,0.00143983714081706,0.0112123318178345,-0.034697490245907,0.134857502812405,0.85902883922927,0.0722439716465752,1,-0.999999999248612,0.952234815507827,0.402812637965263,0.580739370909665,0.124555746772177,0.575814365619354,0.118319620378287,0.805854065024654,0.11799315269905,0.840273393455452,0.122060028273663,0.721441134539611,0.128428285764209
1.25328012213079,0.170017097002601,1.05639866111132,0.140110302371219,1.06595504056579,0.286767501242944,0.300057842375532,0.198385931943563,0.145644019126667,0.207525407459023,0.910890235075118,0.0355166973387857,1,0.257525785311102,0.746907701846567,0.461721693370888,0.772263175775683,0.135178073028055,0.773610355272013,0.116470062418207,0.980452995850531,0.108086371866532,0.8078666453462,0.143762240325133,0.666300946940975,0.163773089639558
1.03364473987164,0.145079831843444,1.06333090415144,0.108346313032382,0.952487354848785,0.235544809709739,0.0202078967768838,0.0399895107036898,0.138736318609696,0.139340677135074,0.852545170950264,0.0721168757416938,1,0.999999998786869,0.254183883986683,0.402133352774003,0.696127099211466,0.133833844791463,0.707248796698896,0.104453338596769,0.782710594097362,0.131045513545556,0.682082799786348,0.119272088629405,0.924529448576059,0.155721656607356
1.13256170677039,0.167581475837235,0.95173758560582,0.110231455677333,1.06405546475861,0.339859463938849,0.000367066923301355,0.111084986381111,0.0182948744043495,0.185722055142514,0.946107586801641,0.0180713153040922,1,0.925709399058275,0.0390466245748182,0.534063552915388,0.874626907708314,0.125905913952879,0.74654676459421,0.113819793464866,0.603735970987127,0.138495589427862,0.640416546705764,0.140579048470175,0.733918979282682,0.174732788471405
0.832919528233964,0.123845276851961,0.921448132974525,0.0982031001257958,0.579366224082553,0.160799057971785,0.109898356200163,0.0977710912703241,0.252331915627754,0.125628987278662,0.855886026204555,0.0494861131270101,1,0.999999999841406,-0.285698658167613,0.354791549038059,0.614181753796523,0.111477360797927,0.696775699634719,0.101755778619317,0.550298975697448,0.117422971622615,0.550069995408674,0.146333653123123,0.56951433446513,0.181897266190832
1.15050078995709,0.193142148287448,1.03038029759524,0.124609215890178,1.71080077009279,0.523957007643484,0.00335854995128532,0.0903825549222177,0.0750772674235482,0.209845619529463,0.905804244570762,0.0430921086726762,2,0.990450630520979,0.422988851936963,0.469994940302743,0.809985680286768,0.119386548059599,0.556639624972971,0.143312223076539,0.716033806659692,0.139042580755303,0.807984863460625,0.154281797375367,0.652750914353907,0.158482393827557
0.821084478672769,0.16123322130134,1.22814548355645,0.140519453517457,1.10135157518623,0.312454779292018,0.143229317261956,0.0971554576183091,-0.197657574594894,0.173049197825901,0.877406887622097,0.0614704706534726,1,-0.497662036514023,-0.293164632493751,0.503961551790647,0.576851444535741,0.150563261349906,0.697159803827174,0.143656349954487,0.7519730658595,0.153758123088052,0.646064611037135,0.136274977402916,0.655365498341891,0.163926162649404
0.985376332991961,0.136143973006317,0.93377545215672,0.0990891136882588,0.873428672241862,0.225817068723255,0.00584303567745059,0.0235843335341587,0.0714386091534376,0.144977421850051,0.847675240426026,0.0718647887982474,1,0.999999998448128,0.556211119562955,0.367511013703336,0.426365178189552,0.129571012194473,0.499535440752029,0.128523557262717,0.662417049277695,0.112482815000692,0.753345557886527,0.126390559550506,0.505260923480027,0.191971729874853
1.0305375805337,0.157920285303566,1.18557500080493,0.124008826275418,1.00028332853289,0.303957084443825,0.0663234469727512,0.084956345954415,-0.1371518722009,0.154975912659565,0.920952968308474,0.0247261432237669,1,-0.532484144293432,-0.306100510404778,0.423679179973884,0.790126547450812,0.103431469856165,0.724229863912218,0.121865985433705,0.730650656872471,0.127851906750706,0.93519246906901,0.15949758084974,0.780782080635724,0.166156103384521
1.16608511875702,0.163560581782646,0.97886844340002,0.111607502929245,1.32432320463458,0.370278146861233,0.0971900738669852,0.106910145403259,-0.0747054921614395,0.166581504421944,0.912753024572624,0.0341849306603739,1,-0.208230614498993,0.162201263068785,0.412926565226738,0.874626086086568,0.109447540965456,0.611312868698441,0.125108142830716,0.799775182470519,0.118376030862594,0.684787447535009,0.128075073660443,0.955125778011831,0.166640820809745
1.14792245043137,0.172584228959304,1.01107729765044,0.126233423708429,1.20698632273493,0.347515520164573,0.0172751996246251,0.115622663014437,0.137299476838996,0.207154041123319,0.94646266745158,0.0198666592149582,1,0.95083721367636,0.55927510111426,0.518328221575304,0.656073262839206,0.133810008671294,0.729993527437003,0.127501808768565,0.649706432042293,0.148080367447945,0.697650029511731,0.155792737896645,0.700078475968084,0.156432601774609
0.873229715677711,0.166892734733694,1.29679024127625,0.13708487089833,1.48582468581715,0.382240390628124,0.308252924170515,0.20470032604984,0.321862448889603,0.234536274240805,0.838608987620574,0.0848027574120222,1,0.475590229547502,-0.172438988347483,0.439608038353116,0.478086762229234,0.142510775550972,0.828268652705419,0.112326805119762,0.870179297846385,0.108496508975445,0.815912878274669,0.126359862910983,0.772942598441474,0.17237564681114
0.921989527839842,0.179818901705937,1.02918739257557,0.138476796405159,1.41930275094211,0.398896295277398,0.139856202247704,0.143457497819669,-0.0591994225407889,0.170144156521161,0.8445690220249,0.0699836053124151,1,-0.132873716571539,-0.121947979682742,0.369087769544058,0.721205784003679,0.131183915456585,0.747608008823947,0.116939868885459,0.684936258453011,0.134106451587236,0.785266090981698,0.176884158628936,0.36735899512823,0.244239480347082
0.918996618406782,0.144604496000476,1.03952845696953,0.105717875714767,1.17068961565862,0.273238577711848,0.10747695461466,0.136562473389745,-0.0897188175798798,0.174777765006462,0.76366223970976,0.105718925068434,1,-0.252932701272385,0.16966822837077,0.352355887918585,0.725321893926589,0.113783403462904,0.544983520480464,0.124435297289311,0.626464604219004,0.142666066255845,0.682869729495606,0.132278780038986,0.864641244239083,0.151738769865759
1.06492878167993,0.139823360963875,1.09193396149692,0.103505216909401,0.704081759442099,0.241895621561875,0.00330965469452253,0.0147012320365496,0.0482728432134423,0.108696404431477,0.933913791167594,0.0222849291522171,1,0.999999976707473,0.0507839319847276,0.473794868039969,0.696025905892462,0.113972047372252,0.74647790707483,0.104222305110845,0.68133805839856,0.153641970875689,0.764778385511464,0.139115407009722,0.748830123725878,0.151703663569969
0.939754634038215,0.151359804388722,0.941258029502994,0.102261777748307,1.23737472822328,0.300929353533976,0.012400837468088,0.0324791939834036,0.123872849679899,0.164176699605855,0.853450997577067,0.0689991315649496,1,0.999999999869738,-0.320922904909117,0.414927541929481,0.777718833868175,0.145016690020697,0.671693887913051,0.108067723684559,0.783035462269413,0.116543620371434,0.543079858218491,0.133611743600736,0.925624504192054,0.14329013069559
0.749923935285527,0.13321053496949,0.915309771142352,0.107031047353644,0.616894592945946,0.214699230897554,0.171457757302166,0.113923979056493,0.0299101161587594,0.124349334579722,0.942488680467404,0.017697384211417,1,0.0919674295740125,-0.980907126518657,0.486057085164225,0.527229637862054,0.141776864885686,0.881612231414685,0.100556409003003,0.556084578174761,0.117812739062847,0.462010131978926,0.162830025764217,0.808192793239216,0.151850942757956
1.22481721284506,0.153167198143883,1.14443032637694,0.129897091311313,0.944951832906982,0.237760028419462,0.173047879648334,0.102113150171534,-0.0182635405512098,0.173569818650891,0.86324044945264,0.069244375684001,1,-0.0451644781151279,0.238708670613391,0.410523770748956,0.869960642942815,0.125920220760885,0.88419692718036,0.104027340252104,0.769202816435224,0.119189500830693,0.764139681587686,0.151165120763285,0.754949251012468,0.169131224467061
1.03367662628015,0.140145556245287,1.01517545932938,0.11928513364514,0.77076153380719,0.20908199830358,0.139063443874241,0.147629822682112,0.0709011309331975,0.151207095949151,0.905123461960335,0.0336741388034425,1,0.216564195412366,-0.610043128550827,0.465822624504169,0.708418269513383,0.115782122746927,0.770108115136583,0.132001842600172,0.733541636616461,0.120283142957082,0.792499849317509,0.110310590421576,0.914024729917904,0.167615383071003
1.03581345930899,0.184710581417837,0.910021570960947,0.12475005066689,1.58395686160367,0.444625883909438,0.000247050877399753,0.00556323823110814,0.0197809512348473,0.170521977076284,0.893080834637064,0.0390810548899443,1,0.999959238620742,-0.358499201055034,0.414683807749943,0.760255486997077,0.134304681480686,0.712911037501133,0.13083322453964,0.725516303671526,0.136513987059787,0.843285363221417,0.124421365552001,0.827244827687977,0.16987126225242
0.917563823714133,0.15971029210395,1.0744518755429,0.114618391431696,1.20873062662895,0.315870809098922,0.179206900274083,0.139922953603765,-0.2335367789655,0.210227293353567,0.919919003681411,0.0302688475089771,1,-0.501779782369673,-0.849281610386843,0.506030645700045,0.794657383807125,0.131870695258037,0.788164699537118,0.107412533129405,0.691611192110906,0.127288085966389,0.678897307338242,0.152228700921303,0.498947782153048,0.166409412229595
0.754002487763808,0.144789341610989,1.05457543767763,0.0934152454298997,1.15182380327721,0.304596756538914,0.0192243446548515,0.0975229171502331,-0.0181063481573795,0.135265733716524,0.900514686700422,0.0362482438568639,1,-0.121678002142064,-0.762139435045034,0.409026824452987,0.867380489737285,0.102411363290199,0.781712949008444,0.116772867617674,0.63771054030894,0.149669170740673,0.480861581645509,0.159554743691238,0.409868985578827,0.176850989510606
1.08186111274714,0.138660630251525,1.12472310779322,0.117552823560023,0.585340180232016,0.171892890590466,0.118192407756331,0.125125827549454,0.0704417410384931,0.118714723338237,0.898109505676472,0.0415894398096735,1,0.267812672288687,-0.0555042872146882,0.409727364121241,0.834441876176333,0.111750508362497,0.837418433370368,0.103743850237141,0.57039342458198,0.136869671247249,0.844743178566719,0.130030371375715,0.752055563067755,0.158590973031327
0.747248465888612,0.147621164165953,0.981089803668149,0.0967343004036113,1.06431474012755,0.285006458946657,0.00316809933261957,0.0170801878966863,-0.0580676742700606,0.156792137352973,0.843550125176301,0.0748512251751236,1,-0.999999996624794,0.0697827493200351,0.383790109326328,0.532550887089855,0.118277196853482,0.571951847066354,0.121806019894166,0.671212224402145,0.16748925796778,0.473947892088319,0.171744234574366,0.813131316749319,0.144122469027013
1.14138194399619,0.161417077143742,0.944952609535487,0.0977134784092091,1.16396908644848,0.304335442777292,0.0595079447340724,0.0714276117942794,-0.263183221476212,0.164897081659985,0.88751574829544,0.0450891533086454,1,-0.999999999985939,-0.345765985792002,0.483970585634736,0.83210665519762,0.118307491197572,0.765073955135959,0.0940383296472703,0.708294559399573,0.131141079535089,0.663612425120591,0.130354372900043,0.597848270949612,0.181000655373943
0.993552075710065,0.161408917743315,0.977404087117227,0.0985127798418145,0.981120599254189,0.284573009574281,0.0241085481967475,0.0521880872538415,0.153796596959315,0.173356724766217,0.918867393746381,0.0295192499654242,1,0.999999999626365,0.587573904056462,0.490676334193306,0.78084969655702,0.124222536302822,0.723017002882182,0.110403306276762,0.664693671215727,0.121026696646317,0.913020069745046,0.13644998491496,0.963245496491115,0.203760090975222
1.0352733049938,0.146049811593458,1.03948278434376,0.137232205879026,0.941922437007044,0.259617262450851,0.549279759497949,0.243873879999753,-0.113731733587716,0.180035273936728,0.891180418198997,0.047229679714015,1,-0.158116535540103,-0.864541660827573,0.46210126569717,0.859039515020394,0.138832691672386,0.687194896013595,0.132364668238852,0.635868788606517,0.119281496617726,0.84765017915237,0.124874288931561,0.854845999582375,0.14369671760676
1.02431358512172,0.15812580657519,1.0441814066804,0.101817706068298,1.10311783536908,0.299747694436853,0.050664026892236,0.0753182910518305,0.236407258085477,0.179825998512332,0.896485767720598,0.0431644515374527,1,0.999999999991495,0.254760336655153,0.420724717902654,0.706287751556035,0.130099059101758,0.732171802407574,0.0979331722631971,0.939180452864826,0.0980403765007128,0.55143804125713,0.140815749070878,0.758204388904156,0.15953434864155
0.81066720063546,0.136812596904135,1.22323838817793,0.115250239495193,0.883698722387027,0.222455532814954,0.0379928620566902,0.093610670205486,-0.153223816506186,0.157119303675309,0.871057565249387,0.0439257703280961,1,-0.836225018130212,-0.725432546181121,0.376950451858939,0.812856807520203,0.104570903750291,0.580884650501638,0.100336367896714,0.721527199571436,0.116332991981625,0.665696488884087,0.116446701542187,0.866150041155784,0.149094974687577
1.047964196464,0.165607812498213,1.00950341224251,0.0917640429345552,1.17141286937139,0.345441083140983,1.41007663803095e-05,0.00678223949240854,0.00393573506102903,0.152923660781926,0.916228266896687,0.0361264464646208,1,0.968388228285478,0.409733942044863,0.481779098948399,0.489046464413588,0.128141102771926,0.476120385967311,0.119600795762623,0.810663953703562,0.111063526670328,0.888426599889756,0.123573674939392,0.905500542506603,0.153229293881859
1.10706257930443,0.166158384949925,0.929017500756232,0.116748453020364,1.28496047211761,0.34411755652036,0.067701635611195,0.140570246188686,-0.176621699818109,0.18580586998598,0.89488624151861,0.0447550416255169,1,-0.598824548307093,-0.113385031124041,0.42153221783577,0.773022416242445,0.113020032608598,0.778990401577611,0.109356937191573,0.692412421160896,0.146504189655983,0.745073221059802,0.150608153394371,0.639587486077532,0.223209478844191
0.921851249998397,0.141953546671181,0.907679651513634,0.111192358003399,0.903762376272964,0.226362278705304,0.0828020090052874,0.111314887936213,-0.0925706110605312,0.168661861213617,0.881843774047415,0.0478519635697402,1,-0.338396267902418,0.286230248213351,0.403686626961971,0.595665402634411,0.136868869784451,0.845466011466603,0.101147369728545,0.637880755752465,0.129859357406945,0.450490777161613,0.180973970551101,0.650401021815584,0.162703495407313
1.09372776034101,0.157143258161991,0.95323565466654,0.0924010421808982,0.93404301066751,0.262963702654054,0.0181557438971163,0.0747426994286925,0.0857337769190011,0.153032564225121,0.923380715801351,0.0316889193078275,1,0.658357056831018,0.777658429473613,0.447266636017762,0.537825996833943,0.119085947666477,0.610998236657934,0.136032918642495,0.737403371827048,0.118079559935969,0.62638313846216,0.129257057829968,0.753789235467584,0.15195307366755
0.882692745605134,0.13196390467364,0.793298725107195,0.0952992226481087,0.677571233019469,0.172732739558483,0.0473452294027465,0.115252188582214,0.138897584428721,0.113452504310214,0.718921607216831,0.172435715251953,1,0.775495176220403,0.709808121148104,0.364692972590809,0.32835067412035,0.120702797114186,0.691991413705198,0.120411222756773,0.502005120771961,0.142638064797336,0.657104503706175,0.130521232135146,0.571485855309753,0.156769557621442
1.17989643822982,0.1514020418137,0.946460573775863,0.105503870286495,0.68104479807552,0.202296772236297,6.31328309598139e-08,0.0769995060748553,-5.17214359631242e-08,0.0971503879080401,0.872287973630966,0.0522774701933356,1,-0.000249433684415291,0.946602818456592,0.393338754286838,0.603678060217768,0.119076801859303,0.704406216803777,0.116710333091832,0.618906889371991,0.130464339925527,0.63431680194051,0.142096334745907,0.713728176408819,0.149701369574567
1.36525134461024,0.183821684669996,0.99068855007128,0.100673010822992,1.10668628698161,0.303622312764368,0.00376554496552545,0.0181589062980054,-0.0645544314053664,0.149143072451837,0.907916585068816,0.0492780902331513,1,-0.999999716566735,1.51562336330376,0.533359907475928,0.670511106824423,0.149063748356353,0.522215081828253,0.134010829044384,0.829144272042594,0.11733994717824,0.787609698221271,0.118856447942686,0.904616140520395,0.135676271235053
0.99183922767833,0.133945113159811,1.05757683700113,0.100800414841444,0.819454193366707,0.206943327373893,0.0502020167069014,0.0855620391894932,-0.0807231867659491,0.130658571941116,0.903989189323924,0.0350806247813305,1,-0.397992946770905,-0.527120905843843,0.437573546761202,0.786538322401831,0.112797577360247,0.630790908460837,0.0993021833484213,0.830949616638763,0.106855645365949,0.410861216925992,0.144962290894783,0.779557467194605,0.117758192290243
1.08654327732911,0.158731543868597,0.992154945922651,0.11373632423317,0.913842828556854,0.269308960960015,0.117664519344737,0.111127234004836,-0.237323559786279,0.154204064513478,0.928818312537396,0.0239640509032018,1,-0.723739602342907,0.577980194518105,0.491504702025088,0.781628773093146,0.120822710477584,0.697384022615835,0.110353687425785,0.62875137758909,0.121943372661803,0.685444016163726,0.159186642480366,0.663527508487899,0.181173491344055
1.35932853494746,0.157162862986116,1.05259261117858,0.115823308255705,1.1057332450736,0.34026546637319,0.104819125669986,0.131837637621389,-0.292938791005444,0.157607961384698,0.936421974986946,0.0203565731298968,1,-0.860461483176216,-0.0266531506024663,0.466083579046551,0.713152750395809,0.13124997932338,0.625415013071978,0.127867041234267,0.722081310121271,0.111622940499734,0.835131479933873,0.117051159367822,0.920171129565516,0.131796664888026
1.1103691570503,0.150536759266021,0.990219473705628,0.0907868487289331,1.05908703505545,0.24142971593491,0.00929354429691355,0.0245802054464069,0.0992102423633737,0.131891547729821,0.743558993977308,0.131084083667523,1,0.999999995693479,0.0429971185682523,0.342722184688435,0.610498268634556,0.134595887157986,0.644701490502375,0.0970491147380978,0.675556506096493,0.106088087348168,0.768119397837164,0.131880160626016,0.699277784472716,0.171559645305556
1.05782136435508,0.207487598369566,0.985151706209498,0.136266951225244,2.29027423009746,0.63820398778216,0.259157891284098,0.143976448244778,0.266978109852523,0.292847556104599,0.884801385934616,0.0748763929538342,1,0.346537064369398,0.340493865759873,0.459764999576254,0.78283269396884,0.121480591499292,0.699406357423024,0.115292958349733,0.970963209979174,0.110092751882938,0.700894847562124,0.191923726760072,1.08261821871193,0.186350410819174
1.01022428054958,0.161507334210788,0.980796509582014,0.115973970283401,0.978295586122307,0.289285410851679,0.0214431073594776,0.0445428154729182,-0.144836795328638,0.151376274978272,0.936337093169068,0.0238565359571727,1,-0.999999999965351,-0.383732756993602,0.564553962573045,0.914354188122226,0.11775592725861,0.753130610821759,0.126459298917577,0.844636479899249,0.107475319509414,0.688549211821478,0.13209082709191,0.581720113060417,0.191992846695413
1.35303541869863,0.173642731885891,0.894038114892857,0.113408229175951,0.9474432353398,0.34454145591572,0.0155024422718533,0.126526816118326,-0.121192008803738,0.133652148947953,0.918492402657421,0.0303375438473413,1,-0.999993836183255,0.149576844266895,0.504521311076683,0.730853050912103,0.122712963124317,0.680785790524702,0.125385885633384,0.804528397369673,0.119820812831959,0.565604537391397,0.193122755880114,0.641591252986176,0.208963378359155
0.913433447670022,0.146521847714628,0.918889466884348,0.104758754935799,1.04416089326136,0.243666903542582,0.107517755580461,0.0930368797285156,-0.19459246992768,0.133387476692401,0.775756490189319,0.112950467699072,1,-0.58076739122636,-0.211653550060185,0.356327747866501,0.61109161276935,0.10716544897854,0.746554684027734,0.10685617092512,0.711535677672117,0.123073128185474,0.587499701286551,0.154900650455204,0.716263021086496,0.192758850435017
0.968957540695274,0.171763720282177,1.08996563066516,0.110097772875355,1.49777123534624,0.348360604558642,0.00210559024751144,0.0116439854464576,0.0561577012362311,0.147037701541804,0.790748109571978,0.0973224715810814,1,0.999999191739133,0.217571443706887,0.367531265006953,0.708989912335639,0.10002347653431,0.832420394325696,0.110440905912143,0.70820747222724,0.130945736331771,0.954266634842115,0.125998423585453,0.977957000126883,0.186540960914603
1.19363593237303,0.145391494452454,1.01542348616447,0.100228619746268,0.945426966323716,0.237109737181092,0.0322484279254103,0.0502338820037973,-0.17460965998873,0.133815625805017,0.918775653281408,0.0239708293635599,1,-0.999999999658072,-0.603826842805818,0.420845704399597,0.89828637139971,0.11443793577211,0.938161945441589,0.088162341057581,0.695059893825663,0.12908048415917,0.566197044811459,0.131789204539028,0.660230285889991,0.183465475719858
1.32423451275485,0.160834742756981,0.915453667865957,0.113950585674474,1.15850015440922,0.344298098311303,0.0746191370419492,0.113038725718095,0.194504433192337,0.185253416648377,0.922290993712653,0.0319505156657649,1,0.661540359940411,0.651276868996835,0.460399046378823,0.67394629437674,0.111904175408268,0.560396865081441,0.12408566508193,0.711386255235706,0.132714296034352,0.595942783774548,0.147921600933468,0.714410346481832,0.158921114165959
1.02144276221016,0.14894656411139,1.12510284170125,0.118306229490082,1.21417145768463,0.289952162548233,0.0841979582806256,0.082562226645344,0.319735448634293,0.163257424120699,0.774929590849346,0.0819951476380157,1,0.999999996936908,0.235046490262104,0.359915630699706,0.60891514928129,0.123541365614254,0.676685187264024,0.113574866087156,0.727319817511133,0.124212881369075,0.720809529602485,0.125191280308504,0.599809988638258,0.134965962805129
0.99923898767996,0.147657946600238,0.891796792050958,0.0933425314534001,0.817971522988443,0.236625997103702,0.00476204200505728,0.0168730030369564,0.062411651590256,0.109955998395157,0.89051849895866,0.0458710618525694,1,0.999999936179621,-0.101787700101597,0.410005263375499,0.672583041092896,0.126540866118414,0.737978077313671,0.116977778327009,0.411694747179026,0.137284139480463,0.689487887141147,0.148811481357981,0.872818755560763,0.107071969942626
0.919899166359612,0.217533395381921,1.35922769571822,0.199538251032442,2.20532521169534,0.671913021401621,0.589709464356892,0.311060720644852,-0.479073628610566,0.406476995412872,0.953899060824146,0.024022742259843,1,-0.420094402527204,-0.475021940136237,0.686543846324873,1.12949015003986,0.139640038138557,0.926119892253603,0.14900253201804,1.1110241439186,0.153065341865978,0.631357408316667,0.172836433802637,0.768336721153073,0.247790613006681
0.746114411772884,0.142256524326579,0.921199738512145,0.089367183216127,1.13744798337882,0.286407965641755,0.0247849576555774,0.0664952802352736,0.0198274962800268,0.149763987476995,0.772465613143711,0.0938912050326626,1,0.118088610890212,-0.334118860835889,0.328328219505496,0.717454674631511,0.100100350072914,0.473699630558878,0.109497910161568,0.77692882710214,0.130537459898994,0.555637019627723,0.157324771852271,0.415762374635906,0.204661370576149
1.16267370440877,0.161257247977867,1.26890408185197,0.133801497502142,0.907032082783392,0.290973009984136,0.0120572138330257,0.0335727085255832,-0.104576669365263,0.151572997048039,0.959120005729848,0.0137904885040811,1,-0.999999999999885,0.883113950779706,0.555916342566397,0.761237255614851,0.148349188132677,0.664609226889809,0.1368022688556,0.899414284207439,0.118699276426411,0.873424444096519,0.140850982079367,0.847062017473144,0.131330790391536
1.00923898852761,0.144295900340158,1.04216364707814,0.116266849165714,0.722654215087431,0.213223193750145,0.122617042949246,0.11463454164751,0.12529306540803,0.1535902564523,0.923720340102555,0.0280372105288543,1,0.42090719096035,-0.215211872263715,0.495394644917222,0.757044151388089,0.12402239464843,0.502414229023166,0.138045187723255,0.813953750298479,0.126660503086492,0.766597332657189,0.123345154991683,0.117942864633849,0.213543283704845
1.09695590797569,0.145659352665181,1.00443080913751,0.0989798044185058,0.752297767914334,0.227863426734302,0.0366402594661778,0.0923124032264361,0.0633428695245355,0.117207599280549,0.921655190540976,0.028035622527946,1,0.381525505821983,0.243973937890122,0.499366145164466,0.695417061537887,0.124322354454967,0.759704270337797,0.105855557026539,0.715547960158411,0.113588997396032,0.665443707302889,0.133502197197016,0.663848662826073,0.154667506253856
1.12000667981797,0.134526342211681,0.918387858325026,0.0990601214367558,0.702999146930118,0.168890475855678,0.00976412864855357,0.0266403478104784,0.082850311386671,0.113946092657835,0.762363390833468,0.10783479004317,1,0.999999999010753,0.678779426048368,0.317214614288378,0.665934468620756,0.12582354532659,0.708004888247355,0.10592039592376,0.35348315989327,0.131554220144313,0.502542028719405,0.136161901282769,0.858408518019815,0.115862533667794
1.15628187791897,0.149072420964079,0.924040480648393,0.0881031499683587,1.03563757398214,0.253551471676274,0.00345923319077332,0.0137240526240738,0.0598540851114142,0.118688883626247,0.879055469577874,0.05111708550218,1,0.999999949057171,0.134532225387091,0.434371066874764,0.595519397514722,0.143795435148323,0.69681019859171,0.104321549455649,0.705210889327519,0.108321177495013,0.741871204592087,0.135973765599301,0.712619797171367,0.152852490270645
1.01157343474979,0.174457647286843,0.859096472765585,0.118358785340335,1.39712179579544,0.355590704718894,0.176222232339456,0.128753470722472,-0.236469624793685,0.171211411924614,0.853650589053928,0.0706631483206888,1,-0.476571293739229,0.322542894878786,0.380574991225008,0.835451328163528,0.109023021507233,0.621334178848372,0.130125837624334,0.87303161405086,0.134972045710272,0.648109535524044,0.143101032703641,0.733822595483338,0.17493279407788
0.864971122146,0.1488266562234,1.07427844539095,0.116408570277165,1.07412734700887,0.298030629118472,0.072312549864024,0.13546703047144,-0.228341617933812,0.158262054697193,0.853738742591721,0.0674080585828425,1,-0.819313949599991,-0.235960878275271,0.425202606780291,0.668476832506183,0.112184337480582,0.728863979524533,0.110329501019576,0.574838488331072,0.140007452461374,0.625810959827225,0.178573290153653,0.693846165182919,0.181220976894396
1.0914270476583,0.151341656715785,1.07594556894788,0.113142854736889,0.939052603992054,0.245199176046323,0.03179179444261,0.0466991112605948,0.172783585035982,0.133550351840316,0.902228476758078,0.0372398656294036,1,0.999999998341495,0.698844109284061,0.401424004121097,0.581851980918022,0.133167571715979,0.651628451437471,0.114187704364987,0.820516750061826,0.133435216813371,0.811686440222636,0.123194135948332,0.833609313033521,0.142600253208499
0.602574386969079,0.147877061627072,0.919637746727875,0.0999040305092632,1.03498632703834,0.276925585550341,0.000147467070455901,0.035852641277791,-0.0120578655677458,0.148303803321645,0.82793031055736,0.0760905599166856,2,-0.976013006163095,-1.48719705233888,0.408935989689791,0.667063680948862,0.142908932546373,0.436388773470291,0.125784359842694,0.691396571218675,0.118521082128736,0.511407843322178,0.13948444910462,0.581513334020632,0.167518098307906
1.19188865126132,0.164047929177129,1.00525397442109,0.0998519871581188,1.27484493652846,0.316214462012548,0.02321810175554,0.0533788280794928,-0.17204499215279,0.202070753988342,0.895160690683074,0.0439564559088569,1,-0.999999997736461,0.443550766332803,0.452265458433138,0.695106206956598,0.139920459480257,0.664158370401699,0.134154421909837,0.635932802732042,0.0982174789895717,0.885836093657798,0.107626941937655,0.61848205985444,0.178027748473912
1.0884764835653,0.154722798640741,1.19625736472747,0.130511937511776,0.89303928156897,0.24121990168481,0.199649670054309,0.129827686455267,0.0219463098955573,0.156386136516575,0.891992956740854,0.0426300025497063,1,0.0519746924113594,0.0775798062774825,0.421782137258167,0.601018203104128,0.143865116673942,0.897683767128861,0.110274119264639,0.813417035113836,0.111695975806296,0.767078265310522,0.141017803299943,0.742856045308599,0.167819974132864
1.29591879319942,0.165759337112451,1.21663857168601,0.14423663598967,0.998569137381337,0.303306133181956,0.25726774270771,0.167729181678607,-0.19543004626532,0.174665608637743,0.918594505670782,0.0302297131551361,1,-0.385575648071531,0.0627974298689953,0.498471351518295,0.852501730825825,0.112203724859658,0.692168986044893,0.130117349057408,0.81473776160104,0.146415776223152,0.801117853518104,0.14659589636466,0.869194805708634,0.154369327700266
1.14168563990726,0.179239580740772,0.943904278727765,0.105780252850935,1.18865695289847,0.343254361564982,0.0484235962187718,0.0682601047439755,0.239914649695898,0.169188237226862,0.90997654335421,0.0484274474000113,1,0.99999995490643,1.25154717057765,0.483798023639678,0.51580688278346,0.153698601727759,0.753388640607856,0.126310387531905,0.741401574533967,0.109554366431588,0.663633825174403,0.138451813242003,0.964329933079985,0.151197963597028
1.0433462842444,0.146342699433354,1.06947065675817,0.106064004419752,0.859107702266241,0.25156558954387,0.0141586275406897,0.0376978359397432,0.110289555142659,0.149084471218942,0.928261942245794,0.0233296441607823,1,0.999999999993427,0.698850101741566,0.490489128909348,0.545033592881257,0.133973424811968,0.817100530102749,0.0983705217085651,0.665310126429803,0.136637424317366,0.50622796068752,0.16730097119247,0.691278276077244,0.162804249332907
1.13643120279007,0.166272419018451,0.95775896020764,0.106607028198467,1.30285194214659,0.296738812124669,0.0648131726735597,0.087723890195821,0.290589001610121,0.206112811537842,0.791253921928298,0.143175958491821,1,0.999999999776991,0.0674822168238497,0.415539410965859,0.861477968568405,0.134317305842231,0.86881064886432,0.0918471661983411,0.610387025030355,0.134593230101231,0.661117529289498,0.166703707650432,0.76913322920361,0.149872469086508
0.888946916113214,0.159196721229645,0.783517186396771,0.123216260096217,1.03849978060074,0.266999829900602,0.318651254109747,0.137274175914941,0.190988365023778,0.155887221184074,0.679893252416662,0.215498183511227,1,0.332005967886776,0.386518036830238,0.414965650271341,0.383590633337272,0.170398297861397,0.647167242445434,0.11437286531586,0.790717061652936,0.107419780352967,0.656691868262588,0.141366693378571,0.727266698036315,0.160801381869222
1.00656392244093,0.169144975716676,1.07503109815434,0.110277982406951,1.56831964876915,0.380176152188279,0.109936545772991,0.101597198164675,0.0132046531856608,0.193421163998655,0.769816530372209,0.107020638737973,1,0.0318008452705784,-0.630614514396927,0.362754451930767,0.675701140364963,0.133350613603424,0.76319848379712,0.102477008381478,0.665866647474537,0.125663620436564,0.777504088649637,0.147616218041907,0.728191206401045,0.202821229692211
0.83113690558769,0.128358217529542,0.920352127382377,0.091358904076451,0.763955913390968,0.178430647018248,0.0294118520970173,0.0945223422206072,0.0940477669113468,0.129938659273597,0.86052683762274,0.050973721763404,1,0.627412479718709,-0.748539382258468,0.396844104572175,0.589724151504604,0.155161705435717,0.686808224365018,0.105440153988999,0.68921892949085,0.0933126634852885,0.670129009612774,0.12002842373719,0.644965598242372,0.162269010293536
0.902748665882685,0.136496474545077,0.973276414329401,0.112091768843645,0.589528030936061,0.21085903447192,0.227637831785239,0.13286812861359,-0.0742547105032042,0.134039494015191,0.927872231833903,0.0234157897753289,1,-0.202698044612089,-0.0153602479651206,0.466908045569146,0.736113877791713,0.115052639947273,0.861586841022448,0.109588383442763,0.766167312392255,0.115639069327592,0.634909036717598,0.148839175550537,0.401119911656343,0.242766802690939
0.86827710208124,0.153649520962239,1.01665200873309,0.107816441952947,0.982709336948976,0.313083673809905,0.026670044409215,0.0635170900793091,-0.0767027850272694,0.140048781195423,0.917515321148787,0.0278171988434415,1,-0.473790908168147,-0.121932494222218,0.477527531888137,0.817122639182601,0.135991294332314,0.582016614913651,0.136880090717514,0.653468272088684,0.125983849423931,0.606629656722157,0.156150492049353,0.572599535318653,0.214953402746462
0.889446507377685,0.15644173113996,1.05062862568679,0.107168724510753,1.14649740487072,0.338111190810071,0.0822632986625835,0.0844721192762915,-0.307106916936353,0.163026399840766,0.895330833665384,0.045335315091073,1,-0.999999999986188,-0.601120100706444,0.431523658008798,0.745925465522884,0.10929390464547,0.526813869149926,0.131552261807398,0.753881614949673,0.132067877527947,0.819429822553831,0.143829480670317,0.374411993626654,0.217460633561355
1.18194768831072,0.162862167052525,1.10377051452772,0.133443843015639,1.25927156228291,0.334469461808269,0.249864791664855,0.170582181288845,0.100207786561314,0.229210973348287,0.857208641472822,0.0743349055830859,1,0.178644331066396,0.0754987906644313,0.43288648853462,0.717094400419065,0.122760440189971,0.890632464895339,0.125072252719302,0.706333501963899,0.152178643462478,0.517311946381509,0.172725694134227,0.607730956280931,0.131538439013218
0.995723275772709,0.160387286913579,0.909376010527653,0.115534630585113,1.29026726878481,0.368528387870028,0.0668209313267881,0.111479847934516,0.226381599923277,0.163500585065077,0.891072648000302,0.0431747166255151,1,0.770983391438027,-0.782639202861371,0.411563140052856,0.651097506979894,0.144481787513014,0.847031710076314,0.10078120654204,0.607677527869389,0.121520799668626,0.553129413049714,0.154018159010617,0.749461345638338,0.211470588220586
1.33866575493293,0.163666113696934,0.896414928653654,0.101905462480381,1.11816168587908,0.282558755481786,0.0646641967508033,0.100444361295245,-0.259206544892093,0.146007983333304,0.925514710834643,0.0183691753576658,1,-0.96396599973166,-0.0754584001905575,0.467697281583479,0.65956990671456,0.119286377165084,0.817330658189056,0.111737919488389,0.757266819347433,0.113533710717035,0.972535477059301,0.118336072188106,0.49166342080183,0.171423840463564
0.955155951805353,0.165534198378633,1.10883977131776,0.123768295449251,1.22014248458713,0.357344153492724,6.70552238789046e-05,0.0456889140527388,0.00849034386905085,0.190011534931557,0.89858755762948,0.0437049725661029,1,0.938650027047985,-0.107204342159234,0.460949963380794,0.681248701329713,0.135273332422391,0.781601115072509,0.106268295400564,0.673473089806301,0.13635325498431,0.714255942064122,0.131478012237981,0.971187181450425,0.186247497657447
1.17593856927709,0.173280842587626,1.20521736443231,0.143307801866301,1.29771815553418,0.342520733037739,0.25534348395034,0.159477403559005,-0.0692273074003039,0.174011499045825,0.935287835038929,0.0235040596750772,1,-0.120261013596468,-0.37789260338385,0.547059029354434,0.96837613791712,0.121775972487477,0.957035515305951,0.136725945159084,0.656640310849707,0.154626497699765,0.801889151104326,0.113339919306672,0.822249244396799,0.1554737032638
1.15394551022054,0.166016352121981,0.97104665700321,0.122266500850947,1.1959401246081,0.329355572933841,0.160945559049342,0.153745476150179,0.295263324263346,0.181272102148336,0.921891057846305,0.0335432625280047,1,0.673000346198425,-0.0366185579741339,0.484534713705538,0.788324157159786,0.136286154851417,0.762715256917428,0.116870443124351,0.797425777365883,0.104122873840689,0.895581704569899,0.127331738070147,0.575740671114074,0.175003303827838
1.17397561828418,0.151420312273038,1.12800808359618,0.130342718198297,0.871647265140705,0.253587097561259,0.213615728475884,0.160559998977568,-0.0338884975808846,0.159703857457608,0.923829774733486,0.0287018813747085,1,-0.0785353739459191,0.365130953083445,0.435477176597457,0.800528437117509,0.106521483648248,0.789131617110885,0.120215147203082,0.782249632682667,0.128584623608095,0.744364537258106,0.158111818335134,0.873472361940508,0.191888625149001
0.87827969158274,0.139579257894093,0.92690564503792,0.100825500520457,0.788465423278786,0.216621765085949,0.0191813285024001,0.0892168375268568,0.0527865260746915,0.119922918507063,0.885584333140301,0.0451491575536608,1,0.429232317952114,-0.356584513166055,0.406214213001055,0.770920538615468,0.117844351043793,0.740826435531078,0.0937976610635172,0.728262978978696,0.124544044365266,0.536241883880656,0.156104602506565,0.580220173598145,0.16761434979286
1.00187951595165,0.143344584519272,1.16160351548175,0.113919895072055,0.994362875148447,0.272091888807736,0.0908233892386992,0.0981702937346805,-0.29308179633292,0.127091172741372,0.937087486092485,0.0150066150871132,1,-0.975253554450803,-0.196283607304205,0.433336386642953,1.008018759436,0.104800224924938,0.865540767656957,0.113907973436987,0.895206407228648,0.119851552444989,0.616665393060583,0.167443088725132,0.782861329919627,0.17864298418904
1.07357192609706,0.170197815463547,1.2063338671177,0.120594239919695,1.42635856727805,0.339750525483199,9.12780081987651e-05,0.0568405014883413,0.0107498769638424,0.197308297153375,0.888215174222694,0.049472666937331,1,0.942119642897666,-0.120862262698258,0.434236200888189,0.602919887755992,0.137706904650467,0.844617992505707,0.124560498885304,0.844410129527001,0.137692817638291,0.81342604624595,0.127636109158294,0.663081790733937,0.171333551578146
0.85194580510293,0.154561616983798,0.949497460639198,0.12159597646911,0.964156746396391,0.276981919929611,0.176456284838854,0.114165401687576,-0.0785624555419733,0.154264535540378,0.920459438529415,0.0330335186959691,1,-0.190468280640628,-0.241474824588573,0.506344347619475,0.829966932421354,0.131648296953107,0.731098835980434,0.136781144037074,0.751732716235444,0.107479330970671,0.736171529347661,0.134088521268882,0.590784104342866,0.193139290839647
0.989803013805059,0.136493037615909,0.784589573357507,0.0911620067453278,0.688654583121129,0.200450191830396,0.0130237240461342,0.0586618511127543,0.0173618418311435,0.111470206619049,0.925621092996559,0.026444192455561,1,0.183327443210811,0.0252020836501273,0.437420985928118,0.546409629077365,0.136747050684899,0.622853632450701,0.114568990849834,0.53855913677148,0.11992296102348,0.697154551207728,0.119307250484368,0.550768147364944,0.151687003525355
0.98920478897494,0.166235865259545,1.09884160324283,0.0994856101586734,1.15494267489097,0.376013145693985,0.0249013312982883,0.0960987493373432,-0.0761232034761685,0.206296176818671,0.945702562699376,0.0209065690668882,1,-0.448875145352747,0.113388109541694,0.534669724852418,0.698618524896113,0.126346577393781,0.792189907263678,0.104082944304432,0.610770129224161,0.132303265168146,0.953243645934185,0.124097375812847,0.48752418614254,0.170808409909339
1.06465995283052,0.184831111580672,1.06082310571427,0.12269133381812,1.69558886952349,0.441990119747263,0.039598297245184,0.0776164441586197,0.259118567571672,0.264308998175028,0.892727951925524,0.0532678859366096,1,0.999999999995371,0.211597488357065,0.442614685502949,0.660846202926878,0.144611729615605,0.702194066399527,0.110861457222788,0.602202362640991,0.126692447175775,0.907377414834901,0.126713079679625,0.789432866594247,0.207486634190718
0.885342903474092,0.158599321149356,0.981263668769592,0.123552916458932,1.26954742245824,0.376268031268602,0.0701160203699513,0.0986835296554322,-0.103896868021278,0.207147412932368,0.892803407472156,0.0484920679111925,1,-0.348232549641263,-0.213485108253478,0.428376671082162,0.782235244087379,0.112202872728386,0.637212161605404,0.129449437547973,0.858640205022624,0.152457626323957,0.757445062402142,0.163626137886517,0.33688200655354,0.209153265889854
1.23840926008315,0.176600289710857,1.08066623663078,0.10032532843864,1.14135564289126,0.325817374160711,0.0139958080282628,0.0316210594643531,-0.126389059929543,0.143778382193197,0.911802579774711,0.037280690571299,1,-0.999999999999782,0.359276098967334,0.502035415398808,0.738316625694668,0.120495567476936,0.742026214221774,0.125309766632733,0.680870469969486,0.132862939437339,0.835743462146548,0.127645746996166,0.652635165881441,0.167382762907936
0.89725561935978,0.165913980902449,0.99637453892979,0.102895500184858,1.28755794409958,0.326068095726385,0.000459551300874663,0.0779864195191444,-0.0233158155867617,0.154754862060936,0.916145691017225,0.0362166714689734,2,-0.95851788408523,0.562873622265944,0.434533464732628,0.628353964997954,0.122810011635912,0.610879101490263,0.135803925045862,0.738191091631297,0.117303318314413,0.381192058924479,0.172531829578148,0.784519588966921,0.140044834251903
1.19160111492907,0.149321208625732,0.90453857621468,0.109144022506113,0.83063667238359,0.306863471501776,0.00167813748661177,0.115472230102183,0.0339756595800588,0.155784562643397,0.962762168743236,0.0124835754800416,1,0.910015053625629,0.116409217925474,0.591368030630682,0.808152098690335,0.147288199306581,0.774703418686974,0.110397223306008,0.822618404293289,0.106528797380297,0.841111278018469,0.136865628563311,0.87080046493206,0.169766715244066
0.845625071924231,0.125594858595138,1.03677342526578,0.0974660870412164,0.669073668425503,0.172482175968413,0.0224875182469469,0.0479299424899293,0.0141450870713174,0.13058311663882,0.834709020272882,0.0821451919302382,1,0.115318209737035,0.229108897041634,0.367078153321545,0.701539614790422,0.105801611665087,0.772197991579871,0.110181966562123,0.559370707512113,0.122391232945546,0.722885941636569,0.131890579071162,0.420450517626467,0.183822381896242
1.1910775402289,0.151551394886552,1.02563156270703,0.10672694026459,1.02114359278802,0.208526508605387,4.28856899658035e-05,0.0585396785145914,0.00570833530015069,0.110395923935003,0.82731262399747,0.079702080990902,1,0.862600818559652,-0.311997385463702,0.358395576117781,0.656414191230187,0.127013257113187,0.550320343097256,0.117833011853732,0.805850165455973,0.110003322238648,0.723751875129144,0.129680285313663,0.650078526293852,0.181275070432224
1.1083821948518,0.124282460570316,0.980074782275642,0.0903224862329811,0.600666928265423,0.159227249382942,0.0511380981881867,0.0725766806794474,0.104677970939583,0.0926750690447968,0.80854617201959,0.059823302452147,1,0.597263739219499,0.222983410007263,0.326004475458227,0.647527574217377,0.108953453230538,0.683859496406544,0.103389360372325,0.600504153991255,0.121972138985182,0.642509332876897,0.137435667954633,0.739634443970838,0.182528674974845
0.906674133064669,0.148685370820327,0.939493457469655,0.1123269533305,0.940471157585425,0.230865975567786,0.225063677646975,0.160007476290709,-0.460071622081467,0.182403207094203,0.897594426974545,0.0371554885194413,1,-0.999999999994304,-0.14307738469348,0.42873269889613,0.655247068274626,0.101860769840607,0.604360785128717,0.128166915526493,0.706173921772196,0.10912319471279,0.68798542442605,0.116469110542239,0.492173652851178,0.15818123510333
1.07779376426291,0.129992620248577,0.927310251074922,0.0832571147627043,0.616657998029607,0.16041644975169,0.000495893435241369,0.0603884154278082,-0.0170515653147191,0.123225650616647,0.879193906785109,0.0516005318594335,2,-0.975097154433618,0.265623919970295,0.413806663802635,0.47894037198471,0.149326670285659,0.495663355536308,0.134441040181313,0.670711175967075,0.11426726615036,0.705503263973059,0.106320227613845,0.412288555025034,0.159009203807559
0.898178651168181,0.147585873079304,0.989299326770388,0.097355610033657,1.01162776531619,0.307379789653415,1.89685682233186e-07,0.000155338476557957,-0.000427791855735096,0.147981608793732,0.943398923990389,0.016974901789943,1,-0.976573345499886,-0.770315301391909,0.495146930285234,0.820933369542647,0.100652050759984,0.744757066082124,0.123208222283893,0.552075210116918,0.140283247723367,0.651307665299872,0.151001775320056,0.811310373168307,0.135871416109022
1.11957906035254,0.159184995637659,1.04859221750821,0.111101342698685,0.88752515192777,0.238220886643597,0.150386212667477,0.117140200247126,0.122162093370357,0.122843061599651,0.911093388441032,0.0324737508844966,1,0.334381406589726,-0.366457822884326,0.480358865709111,0.744561500832196,0.131498529284667,0.807505205576342,0.106185344613555,0.581631785051547,0.120640352119777,0.762088074190175,0.114574345542755,0.685980708405148,0.178388585850842
1.20883119498747,0.184942202943591,1.17653279865512,0.129637924439769,1.41431033549652,0.43815083121788,0.0239304473809461,0.0576606941276142,0.18397032114909,0.222104437962818,0.935532662010791,0.0296542504695929,1,0.999999999996625,-0.0548898562431844,0.490754365921268,0.80055808691804,0.137069057062461,0.722607794985514,0.114239365970442,0.695753997832734,0.133532503542237,0.778154568757804,0.133997707654579,0.680538758995916,0.161930701705899
1.19955693174976,0.151369811268219,1.12989613273312,0.104251631165984,0.85474744795526,0.234821572878868,0.0426751914894359,0.0794907786544736,0.0387516102690694,0.146744865855863,0.940414133721392,0.021465700282844,1,0.202900495706845,0.21216624667766,0.464592708921441,0.741198999077337,0.122208439102248,0.800840133932967,0.114052243751292,0.808756529703356,0.117918965576121,0.821439692570749,0.128387186277302,0.880297505374508,0.141705578594846
0.836883904476629,0.148259709094808,0.8873344216233,0.114514682157104,0.841185047077506,0.241145318492463,0.0888253397684179,0.0866844327999087,0.133450256127931,0.127134278942928,0.857763674848678,0.0672755623266773,1,0.488208347630871,-0.327704289058148,0.409628408732672,0.631230644470205,0.118205279391411,0.657200219813612,0.1217221632897,0.527811045467619,0.148027008492408,0.845765572827087,0.122791337369669,0.498617350012373,0.159805590857198
1.05320195136663,0.143468168061937,0.892859482511019,0.107247481916233,0.864386749168679,0.236921680635702,0.181061855655257,0.143675431153195,-0.248666247978982,0.150652458388724,0.879416810169936,0.04975789256268,1,-0.628563716057101,-0.253813744479128,0.439302440660201,0.59564688899136,0.133014217304987,0.718747341201773,0.126263803456378,0.647653651325664,0.121828555020438,0.696206756883835,0.127816644034515,0.681216350022508,0.180416867953149
1.13918064905643,0.168914738709659,0.95305983989015,0.116331022522422,1.05235335164547,0.28290290616511,0.106379204737472,0.105395394380336,0.25238315818805,0.151575786072379,0.872952671703932,0.0542775656385423,1,0.754312329767373,-0.100675495899165,0.420470047369516,0.704814284540296,0.138430295810663,0.589189690463815,0.125067756243548,0.819529387994989,0.105136234448665,0.612462995186304,0.151703085327705,0.831353042354965,0.1487402218134
0.934161863754065,0.151887080359331,1.03125267205473,0.109383373488349,0.992484906321236,0.264677803904859,0.0354532016290751,0.0798308354431471,-0.0307940154331775,0.181090305648926,0.919914231797937,0.0324037124010621,1,-0.164163513095906,-0.131300331794215,0.439457957265691,0.744389656187205,0.11907209381503,0.709125375186218,0.106247522880326,0.991866744813812,0.114271451309438,0.5976305565836,0.151464751752766,0.80787041509224,0.15319414784777
0.935606076689186,0.132788953348916,0.899027630993838,0.0964983997429496,0.785483625359285,0.226538629760772,0.0364645476669143,0.0572986716411632,0.0329807521913144,0.140834616144404,0.857619056044566,0.0557036972538365,1,0.194875199633027,0.194507040003699,0.347179605338718,0.789657145966683,0.10289338333968,0.558322366798754,0.106702695269934,0.614436600595885,0.126516979391713,0.54076077444047,0.149579759604016,0.711719301394502,0.152555864638001
1.17820869314094,0.152459739481749,1.12895379670399,0.107409248399244,0.905317156036618,0.220198207518183,0.0146528021322565,0.101478816227598,0.0706870067480841,0.12155277772101,0.894953425968891,0.0320461167177832,1,0.613732149843964,0.236794172682771,0.412929256297814,0.804939174333177,0.120519110318487,0.657446395489492,0.125642827467636,0.739587046832669,0.0973326509135158,0.729734158298798,0.129022391771145,0.680575682494065,0.145699768228693
0.837349005764415,0.162265070377682,0.985242326273394,0.1195618692614,1.34354082587297,0.360005091568831,0.0455539138002024,0.129707512535198,-0.192789184121991,0.20889288778859,0.8740305825566,0.0548496586236954,1,-0.779281531234856,-0.600353055527722,0.412829448147431,0.787516977863623,0.128491806892251,0.523383732086585,0.133886530742438,0.697137109451328,0.12781319157315,0.650111709929792,0.135689734095693,0.661370832257141,0.188852730134472
1.08271359490883,0.143176606198252,0.91809475639009,0.118659667261272,0.80077984285543,0.219946115131217,0.022521273651009,0.0477004361637782,0.134292896219707,0.144922567328305,0.869523692761203,0.0643050508779109,1,0.999999999997724,0.57193024344267,0.3930458624826,0.636104380897357,0.124091137800411,0.756904557561527,0.131260716082538,0.616197224982675,0.140673387479173,0.750179217373254,0.131165523648475,1.02003819073614,0.147024139991098
NA,NA,NA,NA,NA,NA,NA,NA,NA,NA,NA,NA,99,NA,NA,NA,NA,NA,NA,NA,NA,NA,NA,NA,NA,NA
1.26524776717996,0.182573178035332,1.20391411858017,0.168813944064804,1.38963866287075,0.424888015199085,0.409549944978864,0.220666906766964,0.0632978012922968,0.256728284224948,0.89537109045589,0.0591378999221841,1,0.0839043049983144,0.182397435124635,0.507239007813638,0.549174695874538,0.142563548136105,0.734708109116725,0.136759324990804,0.749238752036855,0.141975885939817,0.921192223116354,0.143790297714959,0.772563422983195,0.167081798028524
1.1051300341503,0.148977802359532,1.09961276014436,0.131586096431269,0.867774589078829,0.305827482077731,0.123561622043754,0.104260340419204,0.0502108027315536,0.163148817224885,0.944684750664456,0.0184539273320222,1,0.15333874338615,0.555432186618036,0.488008627933283,0.844719071657472,0.122605396679154,0.697709527954328,0.134138109863999,0.674410150236339,0.143361679428921,0.626625468484611,0.154160453762975,1.02085029718358,0.135132263321027
1.21535352222082,0.15162869973174,0.980639737745869,0.121523661378393,0.660608702340121,0.235518036810978,0.161766482432803,0.134506322276998,0.062585966328793,0.138231701188063,0.947558427180614,0.0180640936943328,1,0.191452281413083,0.294890834117486,0.555371682105161,0.633810768767786,0.158051840856849,0.719419310705125,0.116157354423592,0.902727588687828,0.100984634115858,0.59112385463586,0.136812816542867,0.852914479869412,0.143222753670845
0.830199987518023,0.131663308020249,1.04950197327625,0.110612055907398,0.792288466948638,0.22888112571605,0.0279981451935245,0.0537348226406694,0.113131826418792,0.136869859387734,0.890879594334329,0.041654430211553,1,0.759588709471487,0.495499376779237,0.396146444794097,0.692382111187231,0.131821727361616,0.658641383020835,0.125512988628418,0.820176604521587,0.123642761799747,0.317281463763499,0.180920405960343,0.746199383648079,0.172749316028497
0.753553634261722,0.155876900274735,0.929385593192899,0.0974999435176044,1.33294779350479,0.315404509645429,0.000188225263976693,0.0648081906558318,-0.0115511428262689,0.120351584756224,0.739666834577575,0.13713476196252,1,-0.729255018224995,-0.421502651801531,0.348213916602297,0.484751502651146,0.133873194836907,0.899737557312886,0.0930700670229086,0.580626401106845,0.125877424689758,0.799953245652035,0.148091407079759,0.583579161195829,0.186730174014836
1.05406673983797,0.165313443606747,0.914665574520498,0.112070494642729,1.14436586995949,0.298578155355543,0.242609106996291,0.155331464514676,0.160662511601305,0.177416222710547,0.871666580999968,0.0685798404584867,1,0.304914834524877,-0.222195542025284,0.426562690564064,0.663883503124413,0.131031118591097,0.561873481680593,0.113847687273911,0.862617551536097,0.107678464767243,0.902897843058467,0.130746778965772,0.888912710095608,0.155669898871558
1.2768505784971,0.175164364294553,1.09516867541088,0.129451429151517,1.1964928260847,0.320707158547232,0.0125638719600317,0.0330261775864001,0.122607432039085,0.159969061792977,0.838965351036875,0.122126492635794,1,0.999999990793139,1.16651791219565,0.412661555742519,0.595334657353223,0.1459669119997,0.629259962128421,0.132505840956053,0.905426647921493,0.115809670203439,0.670519454322535,0.15771389675135,0.545097151994644,0.170188377756753
1.10843082620023,0.140346651403669,1.10165892375933,0.110972183129009,0.940459016415361,0.250788357389718,0.130696381151016,0.117114638649236,-0.332328378429221,0.133739864418784,0.918172791747908,0.0263994347427941,1,-0.947906955279868,-0.255794205982582,0.387111787142853,0.792343585841979,0.117012625410235,0.802057774850689,0.106694402228954,0.769712263991729,0.109896351662937,0.610669934469974,0.126075231536867,0.813234808470331,0.147272546961733
1.31690938263208,0.165406884666261,0.929623560408544,0.103432898988094,1.48222136451492,0.36415601089906,0.0857158869453339,0.0825937282053257,0.120158272206176,0.18866010297582,0.798983249397316,0.114321288164786,1,0.337105997164205,1.16463480810069,0.361476276541043,0.549538625708662,0.140134937431608,0.463630144098422,0.138235057752087,0.642815965720995,0.130474063748699,0.729606190694574,0.13205224085346,0.673743424563497,0.160821400851138
1.13791112645728,0.143933672602636,0.981466417335104,0.100022966051591,0.666284028294511,0.201832502091,0.0032000628649218,0.0139138559852409,-0.0461752181938239,0.100027994741488,0.913360783014591,0.028355687879688,1,-0.999999999721286,-0.554247627865329,0.436585881212658,0.885928395906888,0.129830433264893,0.767454143558923,0.102562673611061,0.718204214781991,0.120796056483046,0.531148708846867,0.161897626904862,0.550731973952704,0.157393238704733
1.24263313552965,0.161034743373019,0.966304252817747,0.1194892240106,1.07449095053062,0.278735475647747,0.168910660853132,0.163353602644191,0.260310973113033,0.161758473197978,0.839516699381133,0.0610209544757102,1,0.611030042986611,0.432203322162573,0.354769697844144,0.481156920869363,0.140218863009595,0.566507606751119,0.131993942199008,0.876959011488491,0.112682430202164,0.746566121552823,0.153461604815562,0.438069818606961,0.183770001988425
0.990978795240706,0.165113706641979,1.2613832212817,0.112291232767369,1.4320565431282,0.350810885109859,0.0403061719302616,0.109491131426875,-0.0988907270270115,0.192439484581891,0.858433178511119,0.0754788943888341,1,-0.411613594812652,-0.319827810706629,0.426049573376934,0.972908609311875,0.12627507336858,0.484132723522797,0.128695590736171,0.642829056615753,0.122253438687362,0.769444175493265,0.134995162805196,1.01129208137686,0.135298880100584
0.75340924348123,0.127288857303518,0.855718364225772,0.0862783680777824,0.814712596077752,0.203489094249224,0.016772251910983,0.026179747987116,-0.116895527124612,0.0910720835114111,0.725341641652435,0.133291389492231,1,-0.999999976774745,0.0634643505999789,0.30045276193791,0.533604928494205,0.104588659422692,0.552197919395718,0.117886693668175,0.67346071026169,0.121896244214359,0.661409497210079,0.119388353086673,0.768311289356294,0.10627526350551
1.00894847589981,0.181555382031439,1.03547747766904,0.108911466089789,1.66604274851565,0.391866088272961,0.00418734186905952,0.0230539521516437,0.0835241914001956,0.230688649535543,0.902348397723284,0.0410668665433213,1,0.999999999466331,0.165593649393736,0.484158539766006,0.824207776126664,0.118427972791059,0.67744943999781,0.126525920505165,0.799024053384355,0.136205859992759,0.704785831490984,0.16197606490842,0.877468117282571,0.128472132584703
0.96591311909149,0.116391735111656,0.86659461698872,0.0971618638006297,0.45274081492965,0.144877009093569,0.0677154893984759,0.0780465254397162,-0.175093020496254,0.106793612258246,0.905564585742004,0.0304456459613472,1,-0.999999999557622,-0.336326608742257,0.398610868997003,0.632082952655029,0.106513833984273,0.715106515503712,0.105198604668863,0.494797874974305,0.134122119289381,0.728415495276014,0.127412391061044,0.392188892336516,0.177017450535573
1.28196760849632,0.169380908376253,1.12455668960836,0.10712440242482,1.50881175517035,0.381085185820431,1.99860527424919e-05,0.016004921248472,-0.00493495856912027,0.214735276234542,0.864066004625543,0.056403269832828,1,-0.898674599663312,0.343009557087323,0.380311687907692,0.826936099817836,0.102213528662757,0.586430565997986,0.110604858793456,0.542563458065674,0.130533776263862,1.00448740040132,0.13194853732812,0.816267732985776,0.180875826507484
0.994071056031396,0.147711548184872,0.88429896345125,0.0950467385469585,0.868209343598155,0.229486932759161,0.032326322577944,0.0424185687675279,-0.167529147623903,0.110224373985399,0.876637981845635,0.0463125400972589,1,-0.999999999951054,0.481188487875012,0.380441621953656,0.490116129088064,0.105370705444574,0.534238818675245,0.121719648358763,0.697074250494485,0.125949627796719,0.639863280271353,0.143671147249467,0.764653013496631,0.193670259546297
0.773106814001583,0.164310550055049,1.07111053068324,0.12401306321492,1.18234810720595,0.290614196342806,0.225825107308303,0.146101311411411,0.237126471055035,0.171637938982714,0.892690135394137,0.0505630654619426,1,0.458903368175004,-0.804634082838906,0.476925458440176,0.728029705822541,0.126039846724558,0.614513896938055,0.134889448702008,0.837215766698696,0.118680344551612,0.706273039057307,0.143305012112783,0.63934545945461,0.129986409330875
0.945795813582393,0.159913839766196,0.866098688416556,0.113265079523277,1.16468932703662,0.326943993429376,0.0539674865379022,0.114150342264247,0.201808703036861,0.186573062410747,0.846346528225071,0.0727171131881425,1,0.804949708690712,-0.265611042561651,0.362188447819846,0.635295177177555,0.117130635247088,0.749120295756387,0.1023249024402,0.564899284090946,0.139607769478719,0.741105314550163,0.188224554220526,0.330822108988302,0.258439573162765
0.876211356050162,0.148977723535779,1.01339068777831,0.105299700815982,1.00664775693425,0.280383217387154,0.000727764504296127,0.0542246028091783,-0.0263175190191098,0.165981388899063,0.919004240661782,0.03103373837838,2,-0.972323417730194,-0.353084901844629,0.467573239988924,0.881143188485018,0.106524514300532,0.585913036429258,0.11416306941619,0.770002513981407,0.095659999494091,0.588572410761117,0.167502965711578,0.661631626247,0.173648507825734
0.93908431883147,0.141854067197631,1.12314499001383,0.121774893799968,0.788708513763544,0.234689080053981,0.112291101175071,0.098087487871694,-0.00256063791325767,0.141413845825036,0.891430345910307,0.0371390664728133,1,-0.00860433353061402,0.0160862187748113,0.415112907583629,0.865338755040337,0.114219643026062,0.621838278776592,0.122051952901792,0.500753953098483,0.140707653200388,0.599095883039524,0.160432845191887,0.897657161617634,0.161917733906811
0.954847262598015,0.172994898508013,1.00151149719733,0.0976087957616368,1.19071271221099,0.300468062353835,0.00414457351404041,0.0197173784275252,0.0702495293091497,0.169541878742988,0.871842169792372,0.0653318748388873,1,0.999999999827372,-0.609881051184358,0.462381385657716,0.615785260993173,0.130994072818415,0.898642397088347,0.108473477527592,0.81865361161904,0.109086002490882,0.608761034028953,0.152174154064201,0.336547141527761,0.202598863330098
0.89445871759055,0.149700907356031,1.02470078535794,0.111094897785332,1.01493783637522,0.264297506521637,0.26145001242528,0.146172034667913,0.0952791248467066,0.16482052023957,0.914132007562942,0.0337061556117945,1,0.184962507525378,-0.229243171558525,0.473520017003329,0.738436223479873,0.138066965679604,0.762926973704172,0.114301456975052,0.698794870833697,0.113498975318777,0.717186021921014,0.125741449085515,0.974706776041432,0.141689238005519
1.05443993526341,0.154148422703215,1.01871944425958,0.116350195551437,1.04425705561127,0.289341832642531,0.00653895458404581,0.0274734426243264,-0.0826338275566062,0.175071564603526,0.901630758149487,0.0408448729147405,1,-0.99999999970296,-0.261007639364269,0.464582254342633,0.784818619250984,0.132572441537482,0.491625765096491,0.139233900477955,0.721311014898171,0.118816767953137,0.482168901135132,0.129124389498592,0.7548822927004,0.130692451715352
0.839227778260921,0.169023816006809,1.09332669432677,0.144187746009221,1.29125132544397,0.404419939694931,0.11906684836863,0.168966979649428,-0.246962017519038,0.256100453322711,0.951806998571912,0.0193535404967864,1,-0.629838704441053,-0.338227978069551,0.604516531249296,0.705911516805856,0.168251918678644,0.846023427210619,0.110395451859471,0.662624386144475,0.138236222068602,0.850695679657266,0.136310403640546,0.640889431977112,0.160532886655656
1.10531578760507,0.169655511351336,1.11425698246905,0.124444386135312,1.44330056874399,0.395625269912854,0.0771365477473338,0.0994250066163792,0.333663338137471,0.222198976862658,0.890993649406576,0.0486449108138621,1,0.999999999920798,0.0801604100051354,0.43740543552557,0.737255578975192,0.128375208123273,0.553234180220889,0.136840936862099,0.810473739330866,0.108862729266973,0.510306385744835,0.134815770000926,0.964706144964874,0.153679262281061
1.06398047617549,0.145020543898841,1.06596518437583,0.106568240044283,0.885197901797168,0.261058259416757,0.0179164576716309,0.0502445586436785,0.125934900718753,0.147725463731809,0.917193736035632,0.031339128344488,1,0.999999636828241,-0.727466525486902,0.430424561670193,0.632077835415094,0.126603947543148,0.613656291947082,0.119875194238819,0.888938883113087,0.107813672056143,0.615597301457041,0.128685375766366,0.794249398129027,0.166266849253926
1.24403672945662,0.146395016354788,0.99943507124149,0.126126070168154,0.954042640037221,0.258924569816178,0.136339862807264,0.146260968583414,0.139704365216059,0.149684580542763,0.887051232197807,0.046266158495378,1,0.387359897561655,0.172801099927937,0.430212979914079,0.555498374341479,0.179061784668412,0.837258481498811,0.11210852502826,0.6280577992953,0.128769273268247,0.567142113591806,0.137030543716236,0.969408271204302,0.12863517288405
1.16250588722167,0.153820647428354,1.07654551934733,0.118302034561002,0.889688826402426,0.273920267702183,0.156461614003854,0.121584900685731,-0.208630325894295,0.169301955535362,0.896474073987754,0.0381220679091886,1,-0.559183650976855,0.098231799865147,0.400513050242403,0.705722866786865,0.116341903888383,0.673924103213244,0.118894517058162,0.630759109536599,0.144245266455594,0.85177401970953,0.140110387879954,0.484138099680698,0.178430345405665
1.06355059864703,0.135833149761606,0.890899142993313,0.0969734692171309,0.925830059768614,0.25773041602177,0.000233801781201624,0.0617524520935729,-0.0132924665112544,0.151040901675528,0.915228934103794,0.0287049751971355,2,-0.903474768486732,-0.586903227346155,0.428780265434791,0.781054230881621,0.113911392297175,0.644025636755418,0.105800564036686,0.648390317882442,0.11801457561337,0.828436410437427,0.129842045184505,0.510064031471838,0.200355081992121
0.803320437444042,0.143597538464167,0.902960738023205,0.11113738096102,0.732221606358118,0.240587028248875,0.233998609701256,0.141186815341418,-0.0736712852572708,0.146701278353983,0.930312516434814,0.0255373856447915,1,-0.177979645776752,-0.0390451487636539,0.475516040804496,0.593147884633398,0.144693336141326,0.79296696459311,0.102789940006493,0.631730327518628,0.102374512541451,0.704024732072695,0.139276333129638,0.23393188484686,0.247044107981046
0.773883804277487,0.134871609353208,0.71303722094737,0.0914553777757925,0.804628296712568,0.233083467961057,0.0600052541665462,0.108256548515271,0.0228725951921712,0.100515605811765,0.890674449589826,0.0398679656144482,1,0.104093390181106,0.189802535024957,0.382356218724127,0.52908977247429,0.1128278511367,0.660206407133963,0.108619126479439,0.600899869508118,0.109670757574642,0.660392223104643,0.128765782163383,0.580989404623655,0.186196495325087
1.17031689663712,0.183727034284081,1.02396751896066,0.115053598135127,0.898420884625633,0.31894863876501,0.260600984135148,0.190330426521381,-0.0932021310919447,0.202845455166665,0.956936205318513,0.0146144889602993,1,-0.192618456101145,0.481627153397633,0.58700391358979,0.832066170913251,0.122475949752141,0.841838247280785,0.112703655539665,0.574004871825946,0.136254191273557,0.962701286539101,0.119331346019529,0.676598674605652,0.170605332417295
0.650740425371556,0.15639819429333,0.891618220826492,0.0972342105003339,1.37015135410766,0.307636369058854,0.00313022334712381,0.0856977034630361,0.0653128806143542,0.14732922810739,0.728274919425368,0.130654145961217,2,0.997302490023674,-0.336572020753465,0.309121256425566,0.734740054227452,0.104372623414387,0.676301415821841,0.105264830509123,0.413779494468088,0.164899269936348,0.667436045872458,0.1495547027213,0.609214916914869,0.159156583266026
1.0279734512705,0.16767516564415,1.16453720338509,0.125746230254563,1.41462519251249,0.356515776782872,0.178283303577678,0.128770992695972,-0.00212359098606075,0.164607036841417,0.851732789675461,0.0589983368687489,1,-0.00422858283726125,-0.461155797175979,0.396699032972137,0.820353816164554,0.135360366127284,0.886965152522783,0.100123826903945,0.84314586817476,0.123664423586092,0.586281453227417,0.163652427680863,0.91814529747052,0.143511858271566
1.17015502835129,0.150479332990651,0.919342107588193,0.100469372284598,0.75121781079124,0.211795411779489,0.0020243301989588,0.010085887526624,0.0389963189856293,0.0979467787575163,0.892295761763961,0.0380429990446627,1,0.999999998043198,0.927022887872649,0.400621564487918,0.585129858217084,0.127424586987251,0.722601764267127,0.114549443397189,0.667948980433168,0.130190158743574,0.315010488994763,0.15933675235008,0.841173580361714,0.15773015074676
0.880671837710559,0.176606750276842,1.05137238902097,0.134902927371378,1.33151499468465,0.362004980724081,0.352042715795023,0.193739324509772,0.249414433442334,0.21448657722925,0.811952140177773,0.124218331110434,1,0.36429303679825,0.182243366330957,0.409086732958815,0.695399530704322,0.112159248399525,0.772849669849279,0.119523532575537,0.850535002703602,0.125000481824303,0.709293849350899,0.180002988938691,0.746930515191532,0.189173011497577
1.00282627829236,0.126373169938244,0.773822061599102,0.093332005671157,0.511901026712755,0.161668111648893,0.0634343376452981,0.0931120593596528,-0.0755122691434592,0.103855038004715,0.909322690412533,0.0334813368246667,1,-0.419046594851929,0.538296413559592,0.398154810054167,0.390828047823795,0.142933105001813,0.46299664293067,0.131178559344877,0.669032582925971,0.103329863460462,0.568157922458788,0.140126812881051,0.490469921789949,0.190682890867569
0.914297142261819,0.142392460838602,1.00059281680192,0.108001101262861,0.731358780830925,0.22438371466042,0.00631521645024222,0.0261198066182095,0.0679609341435637,0.140450324813483,0.920171548210982,0.0276012989342318,1,0.999999953009743,0.226793066459383,0.454719216166542,0.651633750659752,0.122958135763401,0.573811758661499,0.116358246017087,0.657192688360804,0.129780818997896,0.677139543245484,0.13350853445844,0.662454490314695,0.162030827938686
1.12974449045434,0.15804480198625,0.846821463290347,0.128895263253397,1.12111515726291,0.319360888173615,0.34518323497416,0.210105733120625,-0.325381837588339,0.217035066847063,0.93835943275002,0.0251123365145514,1,-0.523050170665464,0.349414338382017,0.533802711432224,0.80547113778568,0.144853103279111,0.666328849684554,0.139058320293663,0.735922949024316,0.111097452385704,0.680075429063575,0.155156168191759,0.874863161353041,0.132885794950543
1.098371473927,0.15668196665378,1.03056287759974,0.10910890203316,0.984595689599153,0.274604688536114,0.0560940187266573,0.0843800879919258,-0.0913413705266955,0.158773075791309,0.925636119703625,0.0330080906888234,1,-0.388669338338365,-0.691770751726466,0.511941495153816,0.975687352556398,0.136617540165662,0.531807065053814,0.151164127214587,0.709671103052295,0.127070606171615,0.789210056499454,0.12012219985417,0.583858305219568,0.161590277987883
0.902137116772666,0.155132631378051,0.876292825555421,0.109549570242884,1.01109284206375,0.284378348321761,0.0048889103670164,0.0232775373683118,0.0703074837591738,0.16722116179109,0.909388079927503,0.0364106765383726,1,0.999999999490704,0.192634956516355,0.439195809780288,0.572005510401852,0.123842127215303,0.671034991428085,0.121854610622458,0.806668138263381,0.136619592728694,0.66841540343699,0.142685751426735,0.941799818074825,0.187074710261184
1.08875281928756,0.15980868126011,1.06510741678074,0.12355731224131,1.18553642841794,0.314459688262464,0.0173979712952704,0.0526211157276223,0.143617255519956,0.183054809074311,0.866995294359139,0.0580130169844114,1,0.999999692910061,-0.178825431345505,0.363175787204731,0.573357414143915,0.13994420422623,0.84864781145821,0.110885702217125,0.492098872780199,0.130796690766595,0.730908970734453,0.129846150177209,0.797532235086676,0.173098489047478
0.857219386579155,0.161513623490709,1.1677845602508,0.108834279943994,1.25468351022821,0.313172953267729,0.0725796515658879,0.0807830170386577,-0.301768937950021,0.1759643132722,0.849027989947542,0.0488995857664525,1,-0.999999999525916,-0.543820161622026,0.373595256574332,0.434762249662535,0.122646821512903,0.889598289431673,0.0865875705841427,0.802666949942408,0.134764684316277,0.63006405945655,0.159839518081934,0.466589948494406,0.200557363437514
0.874831220674386,0.132910032174038,1.18001178966272,0.110303623632863,0.848479357486968,0.219852042128471,0.127206055278213,0.10932683184658,-0.154866386423221,0.130192619570749,0.836320513747475,0.0714473270223046,1,-0.471392460214691,-0.665041826881832,0.362558596822297,0.685297882392985,0.121653211129622,0.686183824467596,0.101730683109407,0.469250385797279,0.150702365088161,0.64879159373019,0.150988212254078,0.629039339945396,0.15041712425586
0.990578452810582,0.144060864651063,0.896524958192959,0.105283034263434,0.818552370067552,0.246741657837198,0.00391896570033275,0.0176583989975797,-0.0566381360858118,0.126505516302256,0.921169490300591,0.0341834988613105,1,-0.999999968367588,-0.227578651927318,0.472240461096091,0.5933398408235,0.147191171205953,0.808872040743083,0.101989600483674,0.618783567839149,0.143536456440191,0.687100450609089,0.131626046209962,0.437766769153913,0.19639575018092
0.995314386988247,0.16011242873671,1.0935100029154,0.124010558188606,1.38265679043156,0.355050533654883,0.211440602170808,0.141042402239371,0.334998803502582,0.209625932901009,0.861174481586265,0.0676491276136408,1,0.619572120250142,-0.0115550224718344,0.402460939444454,0.669607008049248,0.118568735157305,0.88243502559551,0.114003223122144,0.802177382219157,0.118292115502138,0.6133222894565,0.136692569276073,0.785078269091655,0.177964075231832
0.776519505132847,0.136489404770122,0.953197602308043,0.0982860281599349,0.891480189236114,0.188302980909801,0.108769572647464,0.0984698045132006,0.0497719799979183,0.117935060475562,0.626960032393476,0.23321666568421,1,0.15983627823897,-0.267069638093095,0.312524912673914,0.412706049770348,0.143742024252433,0.603206508624376,0.0994579464412091,0.585812014699989,0.116593681138589,0.854323022041469,0.115000439756785,0.893009924526923,0.118718845192149
1.50463552204668,0.175202881593175,1.07139769394474,0.110985176223882,1.24730936835363,0.348258834331936,0.0486810841807545,0.116781598724916,0.171253645585716,0.184503840270408,0.931501770224267,0.0278141678566982,1,0.694980488977161,0.549141894380856,0.453990717686098,0.605842987161046,0.132685088420383,0.841511952757256,0.126191342432415,0.765788046890221,0.126488449134338,0.985485983755407,0.110976914542352,0.767615907061215,0.15134494045351
1.10724331023068,0.144137008570983,0.962548835652141,0.100764182861281,0.879091058766239,0.227854505372404,0.00367051520528721,0.0181944683827435,-0.0568041791452686,0.133112233519551,0.905529213549845,0.0313055979990067,1,-0.999999639003655,0.26116229191413,0.431539352314783,0.587830250382369,0.144335098682103,0.710095939864472,0.1157584031147,0.72543314987142,0.125771793574222,0.399701821944808,0.146558210587612,0.790855830682243,0.11790678862551
1.08319363502746,0.163373864657451,0.998132356172193,0.103407778840038,1.34572165771359,0.346723948301087,0.0003466874179159,0.0902688000655194,0.0201211382541953,0.198221330010272,0.891971167322297,0.0530094814639615,2,0.931549386172486,0.0349555268179401,0.503878312691942,0.693346399461128,0.13677972252996,0.671502261528527,0.135121935746638,0.721205677087525,0.12552194139806,0.847158312861251,0.127447349643782,0.585557735446872,0.156819318963927
1.17050438738494,0.152289528032073,0.877228075381594,0.109679467135866,0.618696786744474,0.213137259429594,0.0588486716666833,0.0920905470615644,-0.104127129178427,0.133776910797482,0.939452243468874,0.023972030018682,1,-0.545703365837327,0.394736020438804,0.521293936146723,0.789967099924672,0.132379287192198,0.608129676548052,0.12710632071904,0.667932692364011,0.132113907000852,0.677482406888257,0.150738265824652,0.570374367926991,0.142231976427874
1.04920144375238,0.119942342123223,0.976342348638827,0.100781381353516,0.45856943652898,0.143011684864286,0.0783931600765232,0.0810391352001107,-0.189601441287551,0.103344502132108,0.920406957336154,0.0219865580226538,1,-0.999999990184616,0.290000401623689,0.41624194276134,0.549823803402274,0.123377176208015,0.763373801583015,0.108743200253678,0.724739398382535,0.117721470440008,0.654395288604953,0.132621116023125,0.600537712554526,0.194623057777782
1.09078937079577,0.173000290683842,0.940600859120211,0.126859442750701,1.39955987000182,0.325972756223154,0.0248026368262469,0.0927258386911345,0.0971610899901077,0.192794795479225,0.823572933053238,0.0713138125630072,1,0.521492072080149,-0.243013954012527,0.416374251029893,0.715510832346481,0.126805643255042,0.712050913933901,0.128154577233273,0.75055144125948,0.14007838042055,0.566710499263404,0.166327650037121,0.725282032329501,0.162398894094951
0.799449745199429,0.141130848992566,1.11745133193419,0.122785168880471,0.94603214212573,0.220439294803239,0.181546088565573,0.156132887349545,-0.219866165614531,0.150401861404412,0.86647199081698,0.0474702685878758,1,-0.530532517938824,-0.772650837294553,0.381217841088049,0.82854946291842,0.108404785973786,0.698485729831808,0.0974539073842972,0.593342864122608,0.120914946102178,0.684499888175215,0.126849466251867,0.699761357233216,0.173557352889873
0.98332755113298,0.15724583516707,0.82587117705464,0.0992657719896649,1.13474857740311,0.351548471123913,0.00397727035668911,0.0830728841830151,0.061322481419857,0.137791902599842,0.912935607500189,0.0349750909617876,2,0.912803591443513,-0.692166139398191,0.438046681948913,0.886520390370061,0.0998799900620938,0.666224488175954,0.116484441957936,0.637557881578129,0.142254282314856,0.642496749587077,0.163860037115832,0.491227975079338,0.210951782970353
0.845528046301465,0.156085763944304,0.987387687169542,0.0892546557877562,1.45791184072114,0.328814712380446,0.0174000557945561,0.0360934816947246,-0.159272540730636,0.15645843887888,0.847412265684425,0.0744090128628486,1,-0.999999898664635,-0.631305561730981,0.389289075447465,0.776832715330067,0.114013326603787,0.581790654005721,0.117976275476489,0.530447113876722,0.152753607471114,0.733031740457411,0.124318115151128,0.535715789914412,0.162580208621142
0.999260155970844,0.163160335760494,1.0366104140611,0.106146878588049,1.06591625533828,0.296753220784344,0.0423196426965811,0.110334020656442,0.10276214448832,0.133492992746239,0.901895824641082,0.0328164833545038,1,0.483838719319874,-0.548161958721481,0.45284404170863,0.777388814178706,0.113176388015495,0.692634901583745,0.129552040742842,0.376578297498182,0.143407209134043,0.791382943760957,0.143349733095637,0.698265804282298,0.17054843151888
0.885503027051749,0.13594754329255,0.934367820216899,0.0832514867701564,0.794463150449522,0.209546302757886,0.00577420245635198,0.0203035545158445,0.0677302818147328,0.119846619416247,0.931957868098654,0.0197341196512378,1,0.999999999988705,-0.699486439182734,0.471030022478788,0.8129403666655,0.110428178941052,0.701886846123563,0.105591341170835,0.582363218217661,0.118856400916468,0.658623850921405,0.136142064056157,0.495700333273234,0.159646969813637
0.971717764720882,0.173642746307121,1.03289399770513,0.099594332481028,1.51566551062311,0.358937408818447,0.00128001823010143,0.0142527756105602,0.0440463110598463,0.242518777026368,0.699235440138738,0.220000207066674,1,0.999999493228666,0.460125352132078,0.374851412410938,0.541973658670168,0.120339644214447,0.756337503650037,0.112715349629424,0.609948507830709,0.104245206407235,0.647537699871,0.154374381640534,0.817256772138072,0.171652698245375
0.881345306808643,0.130300013316219,0.971230377956196,0.0924917625325943,0.577398760650776,0.182814858967404,0.0108831221396333,0.0239194659192395,-0.0792710601712149,0.0829172997498686,0.918033668681166,0.0275378379853206,1,-0.999999979728603,-0.136549373635209,0.453203165539722,0.680331057330715,0.115106130305094,0.757683109257868,0.118251678473443,0.516474471493884,0.141791001262464,0.531607746400783,0.133028249959813,0.719762859968756,0.127661371201094
1.01649523781367,0.178444348336458,1.02891626853594,0.133168659671011,1.45175909535566,0.403335635476489,0.0899468434036325,0.14199980269821,0.0534171305056149,0.218579400981881,0.884488338942172,0.0527206893601785,1,0.147822421898546,-0.396617177744669,0.4635449293309,0.797817253884948,0.128892511736452,0.701257033173009,0.130135568409157,0.653976274223388,0.137967379967717,0.88210366235354,0.130884911541964,0.973711309223234,0.132656732605955
1.01569945133849,0.151426860404704,0.996034353138248,0.104309342263792,0.987715454280755,0.27242563153726,0.0325233587036781,0.099538384338523,0.125930302719658,0.129943584068167,0.905868792245094,0.032553436307189,1,0.702613723679347,0.601774350806318,0.431361026975901,0.739992847291437,0.126411511457475,0.460327749446761,0.118446993231383,0.688441203166976,0.104441667949155,0.644137832329749,0.148982182629628,0.856353837792969,0.180222687852938
1.0863774730513,0.166070911678865,0.86111368032894,0.0963168103494183,1.60503592388976,0.362129574729568,0.0540581845913367,0.0680589244883641,0.294559549352358,0.193880083368767,0.648882498741668,0.188829840752149,1,0.999999999223795,0.596939819362977,0.315400691696872,0.609721039759524,0.127225522853262,0.820614209785874,0.104684518566743,0.888208156255474,0.136088540953861,0.790709588219073,0.134177865695798,0.630848807201554,0.183500563458257
0.921902289904294,0.147899481165513,0.94683895558228,0.119620945413176,0.971527125627994,0.261340113168326,0.267971410908583,0.229844612649929,-0.139060258836211,0.2070151855237,0.903280208369881,0.0388411641309916,1,-0.272540680859288,-0.142259547898889,0.430653282868943,0.734770766377101,0.127653742294634,0.685528254942678,0.10870771215464,0.73826483513965,0.102514318981539,0.812915700986548,0.137638920433275,0.472701139079833,0.214882555345976
0.887629560059169,0.152760602609475,1.04377696482106,0.124434045248541,0.85335131771003,0.263310865631247,0.15483689374123,0.14153095933578,-0.176678629237192,0.172055844088696,0.896855621144222,0.0405969623891932,1,-0.486052145303653,0.456962909504539,0.451312167294572,0.662133039972941,0.120784536654603,0.625553935325535,0.116198400635269,0.764683960870083,0.121310950261299,0.734814175418689,0.166965101839013,0.335497280356542,0.279212258018689
1.24861080101808,0.15719602092766,1.05163167203548,0.116474485837142,0.709825394472025,0.239410667799841,0.0920456977622041,0.116647581716378,0.0642511228840879,0.148144333103985,0.954570318262073,0.0135643947977716,1,0.251364075174242,0.374712481497626,0.539798660530035,0.729333095559788,0.121265145908044,0.742223337036268,0.128253723787174,0.745035409277077,0.136211701171316,0.637127650130639,0.141152160890676,0.762208600895201,0.148845962760672
1.00773558162064,0.167241264112499,1.31081427243971,0.11969057579919,1.07665438252086,0.308764289896287,0.0566007494395432,0.0721012435470891,-0.246859160123434,0.165557004267488,0.921356819147503,0.0284680761017297,1,-0.999999999990139,0.044772867007505,0.474741822275076,0.930059469075408,0.124022340732442,0.779634167805602,0.114246682571345,0.726289679454819,0.126841815609547,0.688524286468764,0.159108173948964,0.921030571976063,0.175238023124464
1.21859163462289,0.190125269266697,1.0846001590322,0.113757891577017,1.87109429268603,0.467996824372309,0.145964068787289,0.108444066640108,0.458684167780424,0.197142083054284,0.619890466346129,0.272311728579066,1,0.877693601934959,0.00735592195968049,0.35539249806906,0.589646854957945,0.129050319805008,0.785566445358331,0.11302217742101,0.851698343859674,0.133545399333631,0.416364523897382,0.179848325643084,0.953219534546509,0.153382974024713
0.879338253285942,0.12676684281022,0.904188535022597,0.0998546384076632,0.777599212915101,0.183269208293861,0.0135055369348084,0.0299769089633554,-0.102478753354804,0.115164456996267,0.788592110316605,0.0884783201022661,1,-0.999999999935818,-0.570720269485139,0.329975043164982,0.635459757050075,0.124675575994372,0.595538291886861,0.112033779037582,0.661245757496889,0.0968828481611148,0.809171592380145,0.123019240706237,0.539756337698587,0.191402316897648
0.80772141236386,0.126720349108604,1.04863522969003,0.0894528172403882,0.996824877596965,0.211539730336757,0.000802920658061723,0.00663801597219878,-0.028290833729103,0.116681384848033,0.66512559295934,0.136277411443717,1,-0.999999991501009,-0.831064748534491,0.286720607912291,0.693899283206487,0.102097798779869,0.570896792912546,0.0956169320624471,0.966999909135673,0.0817565535023653,0.734070652114118,0.124672245266088,0.385960892060388,0.193637670326915
1.11156830707048,0.127228635130055,0.866938554229866,0.096376670728649,0.700549846406768,0.18083683111111,0.00167452537931575,0.00836007159456754,-0.0342503761681971,0.0845050227148291,0.837305430044727,0.0523722125355993,1,-0.999999902129766,0.0800819319054976,0.314527041278638,0.545564743273337,0.116721259040696,0.656700808232636,0.118540344994028,0.52313992997628,0.128634658568474,0.430549686636677,0.125453316451325,0.634993844235881,0.150454926732443
1.10601360001275,0.169863973335076,1.12048480605444,0.113489172617356,1.33253847799054,0.410918499799432,0.0467198249950328,0.0975722298714549,-0.240171753403035,0.181711257840946,0.937767322852186,0.0273755154371623,2,-0.962568057862989,-0.138565889460177,0.532613359680616,0.816746740442862,0.136664084337427,0.969904807077028,0.106896818072149,0.771521556534563,0.135124393413313,0.429269189772944,0.181307091625576,0.876426403123403,0.156862986616305
1.26361742294351,0.186924493494763,1.32969347376338,0.146138202883805,1.7084815824005,0.437091435409176,0.160894827640259,0.154016357248975,0.0675350264266568,0.209053960485317,0.875773521288666,0.0547834627986209,1,0.128810979295135,0.0540984999126048,0.432007078273575,0.766139001090611,0.106747519234413,0.941813868433769,0.112919094308389,0.794395650536161,0.135367056537527,0.764454051743904,0.172198265768961,0.80442162366318,0.158115341401124
1.27439492726239,0.196312645736134,1.21495243434573,0.145285158592964,1.39954665206531,0.468821135537094,0.056859557517695,0.174265041237356,-0.0732178412869172,0.267664828713164,0.945407349690657,0.0276657373132496,1,-0.259550274522434,0.26290581463929,0.553198090955265,0.797180694759095,0.152050804590029,0.81586401809476,0.133192950412848,0.912629128511117,0.130235947281354,0.815318673838058,0.15866546946425,0.56589055538329,0.227372384865333
1.07557384914611,0.150283314408191,1.2586365251838,0.139013981156697,1.01771651119172,0.268896333320922,0.20584414648145,0.183845870852961,0.199478832911182,0.176809680507856,0.889573546668411,0.0511836832490749,1,0.435827015838172,0.438077819054284,0.401899643603421,0.741698965790676,0.111579815131517,0.766051774905615,0.114570136603013,0.881686416209166,0.116590546396974,0.704051812312633,0.159400952952616,0.577584938555076,0.24269602539448
0.834327022477185,0.153706025054051,0.996959607264329,0.114976606521701,1.28640692530825,0.32463726539694,0.240244775793409,0.138418151459574,0.231414675031835,0.18002551579569,0.883254820639509,0.0418969410078547,1,0.416269637716043,-0.250434998638575,0.378196232923926,0.654744909023883,0.117422551949131,0.725689938524108,0.115634691057023,0.855341967225428,0.13677845960098,0.712087141103461,0.155276599118522,1.07108349222285,0.149425725888939
1.14274384014979,0.174706118897784,0.972422291550385,0.106560198398786,1.27509904956473,0.339266385166498,0.0996651380220271,0.103413108972455,-0.0440759882361776,0.155019877896708,0.869285690218842,0.0719199060764966,1,-0.123639847635349,0.506357854395266,0.422109499521036,0.786885260901739,0.125512602642974,0.63678049935262,0.127223134987412,0.92902021636212,0.133036434768309,0.688043200870386,0.162622544785603,0.855192965071248,0.157118697658368
0.635643230444675,0.146230630813351,0.986248918115077,0.102519855968779,1.21187697390818,0.315141887858086,0.000284166594784196,0.0981261062176877,0.0172456276902503,0.144365742152428,0.861381335541191,0.0605576700463918,1,0.929315600161307,-0.912722051371165,0.418441880493214,0.827334776202478,0.135045827044386,0.547231613455289,0.134989049183182,0.724786435854397,0.112107645175172,0.680437480941004,0.140853880471937,0.822926825560128,0.165591509080429
0.859876328874826,0.145940327644044,1.14261944563252,0.131296662130556,0.935232950036214,0.274434123080991,0.10100775315555,0.105099146160288,-0.0611946795930278,0.172204408880685,0.908910839245514,0.0332463381627316,1,-0.199102361071317,0.0870934726600687,0.435108769568763,0.795584388186881,0.117737307611626,0.627554157520015,0.114745599474461,0.748529085704116,0.127499853765822,0.555381330725771,0.166972679800807,0.69723480781475,0.193409430160361
1.04039297768612,0.160828041308926,1.09400337278037,0.125735105105118,0.977647686233857,0.32070876499165,0.0395202472059622,0.068247912237142,-0.0353411770053764,0.181195629382413,0.947220784306196,0.0245231268269789,1,-0.179795987156976,0.0446625279757221,0.596896263725427,0.675791739779954,0.165152427371862,0.85505792041585,0.121612408296041,0.784262294566949,0.114149361712665,0.838632754354168,0.131238511381458,0.43458371080594,0.199811072874494
0.998046908485246,0.137264054949201,0.86414305244285,0.120900659013392,0.540464350530267,0.158278671182277,0.219455040228745,0.113808859226673,0.0487618871410144,0.12374957359384,0.911784322157763,0.0320600644989944,1,0.141587266952291,0.420101107015081,0.443603523406148,0.580910623994552,0.133111187272517,0.656486731752713,0.115593179901532,0.534202011431732,0.11614722562577,0.844823975574105,0.113550772672714,0.714941361304387,0.130778081164666
1.03939782246601,0.156856886691011,1.05999094428827,0.110569089670312,1.05008334240521,0.253817735937013,0.180817182334854,0.102976743011355,0.18787866893924,0.174278025623198,0.825647591645275,0.0982163053220516,1,0.431167225642129,-0.599424546580969,0.43013475809752,0.763105373863356,0.1483073511236,0.771857341011096,0.117585991015796,0.686188054628932,0.122703186278855,0.821558948204128,0.110477358978486,0.825862128795767,0.147135465477741
0.783632161412985,0.149356930534738,1.12634898012081,0.109340905183512,1.11719796448242,0.285903933798996,0.0228122108306565,0.0460453860014804,0.0598711143083001,0.139865118491252,0.890359412457658,0.0480157395835501,1,0.375032223705697,-0.0833401886041973,0.425702236658947,0.551028696561708,0.144133130910785,0.542641853823731,0.128869341577553,0.856509432338453,0.110512931134584,0.484165322148015,0.15705809016244,0.728062400818012,0.165309232311963
1.03874721657924,0.143199853346994,0.835748879087822,0.0872775684750473,1.06216502929169,0.275776199566286,0.0681646686933702,0.059414189290056,0.269076433609082,0.125587886376482,0.894706165774378,0.0318351719192825,1,0.999999998649423,-0.341742631216266,0.40582120751848,0.818587587237841,0.0984258977646241,0.59341450492438,0.135503238728894,0.888321798558875,0.108238205856576,0.41212174232268,0.150054956751759,0.816450843372981,0.11622086427348
0.91627332108702,0.144187912502529,0.811338498157286,0.0959557452585149,0.810445965269834,0.206393791097541,0.0917525681163392,0.104400584489877,-0.0335853341130235,0.127154924827217,0.881750733892772,0.0475545545263169,1,-0.123162508688693,0.379764823134196,0.384960505105846,0.727124714833652,0.110976886154168,0.502488869488887,0.135451494649617,0.497500972088636,0.150136288215347,0.620482558912427,0.139637547826514,0.668622317125102,0.0989473520889602
0.989747664631344,0.143946354044672,1.14581665876808,0.109123754296636,0.700252173772885,0.218765041704954,0.0536500758742347,0.0907205725764192,-0.0976625303534458,0.123252101524919,0.920209633484055,0.0239878012414269,1,-0.503866597852883,0.17516444690191,0.485452318811719,0.668886366299699,0.119144484721369,0.673289095780448,0.112695058568763,0.761826701468739,0.104831412878187,0.421613475952054,0.150979946962414,0.614530899027053,0.176937176815129
0.965952517174643,0.163218909580615,1.26511789951985,0.138301522310675,1.3574529312973,0.351052254981092,0.112466169973654,0.120846182091335,-0.048814939856896,0.223189831256087,0.898174476673903,0.0432169221138904,1,-0.124933646453882,-0.299342180923077,0.430879666509802,0.751930162501935,0.14266480870234,0.788310425054003,0.122519593817495,0.944359127489798,0.118269178243192,0.533168436423564,0.165790855013052,1.03254839207883,0.155500811529411
0.702317926053901,0.16477572926183,1.15696627404441,0.128329297200319,1.2292534806158,0.34595475729662,0.0233836251606841,0.0590225854261128,0.169541742965484,0.221190070300213,0.912764074617954,0.0368199342211939,1,0.999999999818885,-0.396022793252904,0.465145789814738,0.851899868760227,0.114196632067853,0.698893361318739,0.121395376424282,0.666561905243876,0.122570781883021,0.661091871243078,0.19889101316803,1.04645553972653,0.204710081120342
1.07447006776024,0.136052118878491,0.965943669844461,0.0884574354248712,0.788819457407727,0.206491992768543,0.00507105673860396,0.0189136246889336,-0.0632467204814716,0.11559227599187,0.890932624077178,0.0397740623029829,1,-0.999999928331658,0.0186265170054701,0.417152640704979,0.4189529668597,0.138379441893244,0.829828818449662,0.101157287484044,0.614748881323212,0.119450191735985,0.667909784740775,0.139840143495572,0.698161449450536,0.142455331768003
0.99025945663736,0.139701745364294,0.966692443365882,0.102411949886889,0.516670504298887,0.209002007265361,0.0229279725605022,0.0457483623854052,-0.108840282725384,0.107921277430618,0.954212846679145,0.0125440837369721,1,-0.999999999930602,0.11396817989445,0.52726227959586,0.659827182955141,0.11721707394718,0.817456611462767,0.110834031191109,0.768378894471104,0.116495209662054,0.609828005231551,0.129363457488991,0.642343771962064,0.175325354493888
1.0371102699942,0.159678446023918,1.18813480858709,0.123211963974541,1.1411370951262,0.299241579060348,0.0982320227466265,0.113538841764067,0.170429478721343,0.168912730962665,0.817824283072036,0.1108925607155,1,0.50903689430948,-0.590681274903199,0.401687764682653,0.660635583819788,0.147673911583352,0.963001526950323,0.104446824237684,0.757671341139272,0.127094137638335,0.963845989349028,0.118524831263048,0.822089249337249,0.189548261391765
1.15927457804839,0.131434414030646,0.789376746874135,0.0975731963266763,0.648243612915793,0.187977793104842,0.0196908456186851,0.0352019558468123,-0.1129799311718,0.10441714665454,0.883359269659149,0.0407569407771627,1,-0.999999997742213,0.0299491125267027,0.402218800761707,0.763898180747639,0.106579479273984,0.735283134159318,0.116658211061186,0.661501223306835,0.125534161610185,0.598364383829183,0.147420375212136,0.448342152318695,0.152285308327606
1.21891720258008,0.200113304288581,1.15522051924978,0.129073467798677,1.25955593590586,0.383834287471121,0.293931470562448,0.132520786421076,0.0911878311819421,0.228124894193951,0.949060993708265,0.0208928203207592,1,0.149866689266751,0.420247906936786,0.601837428859551,0.941162239075589,0.125668763014374,1.00047998363812,0.138129032157203,0.94387064933304,0.134807518541633,0.92534321013694,0.144851363950196,0.917942533158837,0.18334800920168
0.891135182308542,0.153780455902009,1.11559094702558,0.111002938523874,0.902015523312096,0.251322200846732,0.0546563768947764,0.129043122116862,0.19836139263132,0.146129268696451,0.913609605213384,0.0318005963350615,1,0.893366623679459,-1.16285717010789,0.481048545632575,0.852770597204231,0.128900713169635,0.812747881486101,0.0978882630548411,0.741407467585286,0.118264823113483,0.844319204644054,0.134554634088543,0.949152445653233,0.16986049482424
0.858922732528212,0.121551398604434,0.910875305061858,0.0894475170290832,0.61729737498083,0.154414522729102,0.000823832437788311,0.0138281988664811,0.0225506927701227,0.0953594414339085,0.809207651315966,0.0639865916039351,1,0.999984409601455,-0.248159629645653,0.317858348187631,0.582185536908744,0.099450739736419,0.807941481011471,0.0846646953422587,0.513304900099498,0.132674997494499,0.593254588022461,0.143709830703558,0.380752254906119,0.196345213583281
1.028326333918,0.146825810484981,1.18998508265678,0.113796961246336,0.793177371363493,0.268706040370627,0.21222099676339,0.140431388055054,-0.22878640983049,0.149388041521429,0.94226850970758,0.0144016204163749,1,-0.557636111941837,0.159210208679372,0.481312337958376,0.68647172842346,0.0999399631508744,0.721055452644367,0.112261075488681,0.857380579464289,0.116475858705631,0.453372154219015,0.163850366507408,0.846605184097573,0.201338322692935
0.894035720687184,0.176613217141717,1.11781341150508,0.117543556595645,1.10311840757455,0.404248253281138,0.00143931966560187,0.0969416634784473,0.0377158886732341,0.168883182371299,0.949895305995133,0.0195936098448434,2,0.946530580474796,0.205641652525273,0.549569671781036,0.65090686773737,0.143777195380011,0.705177097759581,0.118689634446185,0.676482918432585,0.132396197639629,0.732351437677423,0.169563805750078,1.03826733308036,0.16236566273596
1.05976173080174,0.139103148298872,1.0462717453466,0.124964220974958,0.964784469759492,0.265933196320648,0.101499662005428,0.0880524721398021,-0.000907051641223592,0.15126865247389,0.771311914894719,0.0905692003195086,1,-0.00289857514243867,-0.229270895346509,0.31641995621817,0.620886696209449,0.126905593458557,0.762174544386876,0.122668291340698,0.638952450613238,0.117542123181007,0.848944804975292,0.150098560817165,0.764822053268449,0.167681616030318
1.03206792277315,0.133682276789611,0.926634036687944,0.115330492832226,0.82251836090962,0.226599087735441,0.171302560267714,0.166019993909353,0.09845435707176,0.144477744028822,0.862257763775866,0.0556168297161227,1,0.262289081834377,-0.420144413276684,0.384216513975494,0.610944262158572,0.115459381373676,0.746693290916935,0.113427681225216,0.65787690880026,0.125104482116899,0.374908330272197,0.168337620010403,0.791936751855845,0.173337514398919
1.08458712984708,0.149142251842777,1.00098100309366,0.109897812953089,0.940102702183042,0.268921382317927,0.0464352420293753,0.106462590072132,0.129178107100152,0.185225834379927,0.938411025434935,0.0225459169354826,1,0.618268911132537,0.173033013539707,0.471386759366731,0.626678415768652,0.155979604448279,0.748915596032371,0.113642797047093,0.807977817596265,0.119083665289763,0.717861113530097,0.142146552678565,0.91627583009452,0.153224878641763
1.19394965201898,0.172596803599628,0.918815778060776,0.104619559225713,1.49347760791689,0.346063998019266,0.116471470811839,0.116644019730592,-0.223696306783635,0.199112720620781,0.626727836691967,0.236668616236681,1,-0.536351718314987,0.36420429083258,0.343511600176869,0.595777738198719,0.133117664518583,0.477269363206877,0.137930989214893,0.768265694488135,0.132989856835167,0.682608421119168,0.151205911604707,1.00636571179418,0.138759461839471
0.899084801902793,0.137936407349611,0.882101429575685,0.105062254321185,0.815882278009888,0.212526623809644,0.128497184125378,0.107754747935912,-0.173461520971188,0.131101851031079,0.807987508566566,0.0898285908972492,1,-0.535725840485692,-0.00766834083410032,0.334920010239623,0.476910859821061,0.12824449438918,0.563246914035484,0.112546154368384,0.740915091082913,0.0944635597716132,0.537515153841805,0.165711721236498,0.681017692846981,0.202010374277543
1.17749864365233,0.155136514110168,1.12948421415761,0.133337148355591,0.862603407491337,0.24920132900955,0.129859319711603,0.133710326207906,0.251978387836309,0.157285989992241,0.937719662207615,0.0231898184599168,1,0.752872001641822,-0.674938382851648,0.55403557329386,0.92441406420317,0.156231100845704,0.835022070205969,0.117797024541856,1.07846972816217,0.129765387912243,0.577241134189583,0.141538470507636,0.928717780296966,0.153026478296651
0.963988857171803,0.144709738039538,0.967357583177093,0.106851536135781,1.05842614308302,0.265546022818491,0.0917575816753906,0.130101916203285,-0.216417601403967,0.188429159501282,0.907647070052447,0.0330498199956206,1,-0.694450541196188,-0.35544973598506,0.434631521145827,0.729366063224204,0.107291654645358,0.725089293076226,0.11827496003018,0.689745191711107,0.118934855492813,0.84452690088768,0.1290651974457,0.611361385594052,0.189431173807898
0.842250116783705,0.174925593229788,0.915913553914228,0.102263455942487,1.76102190730273,0.416272189363555,0.0130026926421493,0.033334006015635,0.151320938977629,0.196443068496488,0.815928375395404,0.0838605080719673,1,0.999999999482982,-0.552371723968161,0.385377032878556,0.776351523066919,0.114289295864844,0.793104818126661,0.135266255548001,0.738496020316826,0.117362460904046,0.966644839444341,0.117451181408413,0.812176391972609,0.187298567372726
1.01269217063958,0.135067609461966,0.920896876548764,0.103165332969886,0.817317470064026,0.239263888669201,0.0231790779659573,0.0381832298058998,-0.137639621333184,0.116288614615051,0.909562351720055,0.0295055749316883,1,-0.9999999999786,0.280308137674128,0.388237190789591,0.833104984106465,0.0940094604876827,0.554308326581948,0.125570563320901,0.441480464732718,0.166290891051193,0.862252981103797,0.153807901243161,0.621563164183683,0.174135146545779
1.21733703851818,0.132055217413806,1.02183081551544,0.101885439590613,0.701905202604303,0.208868589960418,0.0189673008714734,0.0369813751399362,0.115383045339505,0.11407427547641,0.909599033646207,0.0326715311367805,1,0.999999999653353,0.628056245196584,0.412320952258783,0.695696712868213,0.127427615782712,0.701551730116252,0.125843385864489,0.563368983166203,0.11617039767651,0.765186496152919,0.1164001346893,0.628484468591298,0.150357178418141
1.3016503343417,0.201555561804077,1.24722560123498,0.166393128504986,2.11961256015686,0.490038064014397,0.506091936911707,0.248662338887564,0.333280854216399,0.310814284075688,0.529931104362111,0.373028308591568,1,0.321786199481216,-0.198323449768985,0.402695027432976,0.677943277178146,0.149736994052523,0.915981312283591,0.11752872446585,0.911025733873591,0.101890070262454,0.928097183693315,0.130248641534505,0.966644328823866,0.194502783474402
0.866344280867501,0.152487247532702,1.02228337831709,0.109279847151415,1.33502643401358,0.303833350247506,0.0788260234699849,0.104601040965719,-0.0383324332346739,0.196693461678217,0.863580348873585,0.0591487220746218,1,-0.118164397870901,-1.47067022860418,0.45721495203925,0.863198741413227,0.127650698391216,0.725354353460573,0.0914484448194827,0.79510339677101,0.102901709054639,0.571660739286565,0.151355130203705,0.645290729955994,0.168328812969354
0.753862712087215,0.152037024482167,1.17381370905199,0.109590110401353,1.11532524759991,0.278227631369276,0.0229744618304611,0.0463242231647077,-0.160074974072666,0.163670665760262,0.888377387825606,0.0429784973066829,1,-0.99999999989914,-0.887882382598991,0.446920187580306,0.821634663229863,0.124467529228617,0.775839566037737,0.118649774657572,0.701113107767056,0.127635739436899,0.667315835933175,0.139713226921931,0.746195108165317,0.166109745584598
1.15316053562943,0.142549739793196,0.825779025628697,0.0955561829959472,0.884981188599508,0.210511904649464,4.10008968633781e-05,0.0693811172190348,-0.00413342120067049,0.140997764446183,0.87903750849905,0.0611865399208994,2,-0.686192496389535,0.475376250993749,0.435754086800289,0.627884162469641,0.130534532767196,0.763659125251894,0.118257623197444,0.604393216057471,0.132436277178773,0.783407481944824,0.108615371036389,0.727689214442295,0.138325391649119
1.10300324276679,0.150222432834066,0.911299905284669,0.116077538716163,0.984806707115835,0.307564387219301,0.00381061244048356,0.0193476150111728,-0.0612594172160563,0.154464843324083,0.88520845237649,0.0489785133473198,1,-0.999999934453297,0.524349840761418,0.379494058275197,0.618103372131331,0.11173283525384,0.752998198204987,0.104008859619869,0.862786440080304,0.137504814155476,0.5108127250955,0.194700952158909,0.558285431941088,0.21042546248518
1.24658616463643,0.203020852371712,0.953402701678976,0.131666363435822,1.46154664458075,0.478879635865261,0.114459331887997,0.12412363327061,0.0931632574189781,0.222810899993695,0.929595117687368,0.0304649327249235,1,0.227778496350542,-0.191325279670894,0.520804975695596,0.500340065360173,0.143939146169696,0.868316576440132,0.110401578266071,0.789071211764457,0.165106965718632,0.698454615070856,0.174243885134856,0.662932271848694,0.188361383080155
1.12521898882167,0.17861290577786,1.13283199898733,0.148540820196134,1.30080143239187,0.365793688902312,0.147854664955016,0.167557062711191,-0.0185452053441515,0.196978799706273,0.859611673710887,0.0602514541648598,1,-0.0422871705670869,0.40466911676766,0.390962709524765,0.55226422582589,0.162771777410885,0.898794016522793,0.111075781419663,0.676886619394407,0.141784076799608,0.923849900103808,0.150241496321665,0.680616785575131,0.155145231452273
1.24661865878379,0.165314084739579,1.14669789458695,0.119668235879705,0.974241520040768,0.26417849421695,0.197841300932554,0.145419042470721,0.045388161767571,0.177596037530721,0.863966362548683,0.0798748214662785,1,0.103383396787602,0.843108264938893,0.451305944985891,0.837031415972625,0.118119924383013,0.596699485750801,0.137401137558662,0.77818341569201,0.117974672654031,0.877771609971608,0.136937220312418,0.849746060790246,0.162130645789797
1.00008974429194,0.155818603299934,0.848139016342814,0.121928541305348,0.93118087908468,0.26505459695914,0.187095785401481,0.163221934628209,-0.110395273172472,0.147336494040022,0.864410920979844,0.0532330225640201,1,-0.264485246606398,0.21818197036465,0.378605787276851,0.766384937855967,0.112714014076834,0.660890282749714,0.130271141534896,0.771012629765887,0.124970658628001,0.855478121476801,0.136163677494469,0.351837765709809,0.250416574108327
0.908424705078502,0.180332784647609,1.02433554839799,0.117043819803622,1.52340456162011,0.414360304762709,0.0132035917321502,0.0293715480344714,-0.141825286257888,0.161778636474032,0.876396595075505,0.0491390700755847,1,-0.999999998697571,0.583161032257448,0.449244470511653,0.568157433036485,0.130952778780142,0.892614904728018,0.0957260252968226,0.65651241435272,0.156602286512799,0.778135120543353,0.176015545954443,0.579952686727584,0.233760544464706
1.04381339448204,0.151993112317157,0.96591604927385,0.109199015877238,1.00724893908896,0.295703355169735,0.0412126632399429,0.110747195550175,-0.0491577905997638,0.153809029078961,0.939930439759733,0.0195118195011315,1,-0.241272934156661,-0.177531474459268,0.493199751265923,0.857832649684505,0.116209451972262,0.611579827945032,0.114555247120355,0.864915340046627,0.110214106406698,0.692622085517829,0.15394531926054,0.913127426491777,0.182210745510957
0.743847276967677,0.135444272030445,0.989621078634371,0.119217374856419,0.892967834689556,0.237427598750646,0.234647655886598,0.154069607037146,-0.214844429153882,0.154244349393777,0.879381314932243,0.0462154905178173,1,-0.469351358525918,-0.408099327157682,0.423126355630392,0.729334953950329,0.119175226967239,0.725519275312398,0.13293488561272,0.600941026655232,0.127927067407456,0.589639042070773,0.139716091195966,0.679294579714674,0.17105330330476
1.18136324072052,0.155949591914853,1.07276524476823,0.108670033368755,0.941243687855226,0.241287821942312,0.0169630967728279,0.0378380940230114,-0.126358251522672,0.140989581476747,0.906253667111798,0.044080586507909,1,-0.99999999887154,0.791364715294417,0.497793425302684,0.584067853299266,0.125213460435776,0.746754517849003,0.116529335049872,0.815318812107641,0.133432372601404,0.685348367306999,0.159069977449613,0.679976912861259,0.125268331216279
1.15827437443528,0.138439170418528,1.02678651594007,0.103911811348855,0.850227668562097,0.20505884143133,0.0945203661021016,0.091288583120645,0.0679840232594895,0.127059749152782,0.843691494809185,0.0790609210154335,1,0.239815112577556,0.215614878972881,0.385746421716046,0.480119510013226,0.139463096574451,0.75572956509456,0.106389111123034,0.68533752033577,0.121983511644708,0.794822370618609,0.141844151941206,1.03204424559965,0.115228600722259
0.971335662284215,0.136632653205956,0.988206590846103,0.10925190828871,0.638580370192674,0.209877457241807,0.101662038774662,0.0906220005560407,0.00804003923699643,0.146319214032678,0.910099627671613,0.0340597752918627,1,0.0315552030105273,0.699472594971332,0.447301866453535,0.69949829613252,0.114447088034685,0.552845226988996,0.142304305775336,0.492711763439708,0.136452544253844,0.718882232587212,0.148642205879092,0.537817510908801,0.201600874471024
1.1888794496671,0.114428380191677,1.15582398589119,0.16319154238683,0.21132541413787,0.0634200548383205,1.1852988299279,0.395851356413108,-0.112864681443128,0.0874178463485091,0.990000038013052,0.00227863748611173,2,-0.225511278907847,0.0182589024096864,0.984223677698816,0.94474964563037,0.106239079248994,1.00331330950172,0.0940218437668364,0.921131613736575,0.1105574965926,0.963171364513095,0.117783007804014,0.855590203088396,0.149512058985259
1.06379403964019,0.161557383655241,0.95144677929803,0.101587789656648,1.10764551523285,0.33641002066445,0.000407826109268765,0.0703738322317439,0.0202038230902719,0.126908084582532,0.919340879523255,0.0346594652647759,2,0.950595266297383,0.0458196612720124,0.466281178075584,0.699030707904474,0.111448597809325,0.838000472574269,0.103339049654862,0.732532809713505,0.12120907530174,0.838995645744317,0.154489337057368,0.429034852359313,0.263986993007162
1.04612095641572,0.166662172071895,1.1302243059506,0.135271532461183,0.992247968453016,0.339782526582412,0.27991603631783,0.109950451097369,-0.0931113708412906,0.185295637193686,0.94561096222343,0.0175084513729909,1,-0.176676473287654,0.310336191657105,0.521480211408795,0.89719074942061,0.0907513065843947,0.806313136058055,0.130324111051399,0.658094629727682,0.13167603331704,0.685097499150258,0.170649447389858,0.420009865594496,0.204570604723988
0.808266570350088,0.114654458395713,0.818416346870299,0.0966479424212413,0.399573004666669,0.139920067577686,0.00565411136224168,0.0984011556374545,-0.0366001851159218,0.0695264971027313,0.939147593252979,0.0175322927558296,1,-0.770021822422747,-0.693804225444031,0.448052750060797,0.757969043069012,0.128116574014947,0.759284498123987,0.0821441144027239,0.596718561430408,0.113292781708049,0.631970843904153,0.133695523892344,0.607870762662151,0.161778453075172
0.977460080569102,0.144910597613184,1.00191090515334,0.105426684091333,0.824233338539058,0.194258523798052,0.14268572911451,0.111463008675221,0.17748078246646,0.119093473903389,0.846790678271181,0.0674971372772461,1,0.517530532693464,0.0178629785804241,0.365794289187988,0.725080610320755,0.113168098524807,0.759161934716946,0.0954464618759975,0.766147173622963,0.121011004409562,0.867766022517923,0.135696135154734,0.509559487181795,0.171226923996954
1.07389439539993,0.152526270565271,0.952129439178306,0.0957998236392705,1.08037789530792,0.272482760749995,0.0233844853740847,0.0372710332839969,0.158946786800047,0.130474028478376,0.866232026612283,0.053301366561979,1,0.999999998866909,0.494020095571398,0.388268977909201,0.557529716038283,0.118827710667733,0.651895538300961,0.114407733251933,0.847252083366061,0.108979750929468,0.748652240981602,0.13753750903469,0.850035417398437,0.177661193292818
1.22260509748779,0.15905735800562,1.03898938220705,0.112105339891635,1.23845577897752,0.330531267368243,0.0593214329901847,0.133617992456723,-0.0728528061843104,0.158828852172055,0.870697409884246,0.0571346372175727,1,-0.268782021592955,0.480619464936756,0.358204522295309,0.698666450898855,0.11547014204344,0.645986947425204,0.127460350332718,0.644712323615226,0.126325245442026,0.856857229746859,0.143455077595588,0.695224296714301,0.180973619344179
1.134135037127,0.185939363620175,1.25210223622415,0.12643537805397,1.2268279209,0.386011935536818,0.0994050509806986,0.122259580141101,-0.173836415812625,0.15949453127731,0.950447989228146,0.0160739977545065,1,-0.497788325710788,0.164008008722667,0.565473042693588,0.748745711903694,0.138210410891457,0.865134780769303,0.106456766232167,0.861076499696969,0.136642609098055,0.633775340323549,0.173151343995575,0.964089410789014,0.159411996965621
1.07818459456131,0.146463016693962,0.949964248436768,0.0989142335674908,0.935570246036551,0.221976141615294,0.112387831979273,0.122638366377709,0.269237551176789,0.160872208783366,0.777936779700353,0.11260668403135,1,0.830305250675061,0.72237347628072,0.361643046048011,0.363525471456383,0.141672302483779,0.588506723871892,0.129279886393735,0.678693557644343,0.121566649434774,0.913691154077442,0.118849206288407,0.802530580698001,0.165388303455876
0.858072670300031,0.142650519262373,0.851351245888079,0.103370970706641,0.874993893201091,0.279715824609438,0.0162121845882577,0.039151141437962,0.119103157972882,0.147151093135155,0.920645924633258,0.0322079443857698,1,0.999999990445881,0.0739015356863969,0.469039519928493,0.548429431967574,0.136341814372056,0.754765814123694,0.11808011332333,0.667945750857723,0.134614701494244,0.608317825671101,0.155614576487879,0.669183536081465,0.143055543053599
1.03476811086553,0.16825125858653,1.15761181595462,0.131847914167472,1.26102100134976,0.334978986237213,0.0659238824592077,0.0782435407314363,0.288325164129997,0.176862141283853,0.879737680969867,0.0528076080450093,1,0.999999999994083,0.489029218883776,0.413543222615799,0.7997022226616,0.118726411582031,0.865895271059222,0.120203707397844,0.919665529413133,0.143042642269535,0.185700582985451,0.21544024653524,0.936151181963983,0.153348575032883
1.29062788561584,0.160090523264203,1.11386697778372,0.131404454647211,0.919977980147076,0.266857616804699,0.135224113978719,0.123080724340557,0.12088704971832,0.175786677528496,0.921267766688943,0.0273535984024845,1,0.342739366840329,0.534492762374662,0.423961415822946,0.684405624326391,0.121427923627992,0.881433332631594,0.119292643675635,0.740636400739606,0.120128256819691,0.691173848141412,0.149792418003885,0.57955822828893,0.196167698793277
0.986110944528532,0.140405558272957,0.893574151530788,0.095788813652149,0.690272895335531,0.196729902166589,0.046200276410649,0.0921705872690372,0.105064665994901,0.109665157040389,0.88430158800029,0.0385288992097809,1,0.588334054074104,0.334083196249992,0.371775326022964,0.640440829202022,0.107817868369034,0.593932854635853,0.125924117612681,0.611583184492301,0.124063759722613,0.864992022956352,0.148706795481032,0.651051962662659,0.181825713515631
0.923928573971279,0.142671292034184,0.962819108624615,0.097801261999135,0.891650497068893,0.220748602167013,0.0105753220579474,0.0246831211183176,0.0971055670521035,0.11603113046573,0.84066429200497,0.0673789063971477,1,0.999999999092109,0.147778287656078,0.401927990923292,0.555428410274326,0.128244345258312,0.548090446463578,0.10928361252094,0.822480574100931,0.109277096512362,0.654430372065864,0.156839581554983,0.65970147396661,0.17303628781966
1.06941727457928,0.152497791655835,1.0319618627374,0.114371387295402,0.964401896918856,0.292016476302295,0.00659664817331984,0.0303440198312734,-0.0797610180921918,0.182713660194838,0.926520269760478,0.0285335961311404,1,-0.999999999642162,-0.13849760014439,0.478982291183372,0.866203915922589,0.105363626022014,0.788534058541456,0.11261907330938,0.653266130347555,0.156361600736615,0.875955245517201,0.132459038590674,0.630509713892628,0.187329498990237
0.960661865439968,0.140322788000965,0.962483328005573,0.0942549307990261,0.924691466665899,0.230979068938871,0.00709971161753115,0.0219611979988303,0.0810249512761388,0.126144517049946,0.827066994060266,0.0743175291842948,1,0.999999998536252,-0.00199085501943376,0.344116628128129,0.508804612811088,0.120856217065496,0.628136356685325,0.118717445598116,0.608450418902408,0.116745721948504,0.768407941173954,0.124342590515148,0.432441273687475,0.16464535763506
1.12856603072241,0.130912904375244,1.16182177082037,0.102668626855851,0.881200297643215,0.209063664948629,0.0309085976176142,0.046865361889309,0.165035345972135,0.131059288475159,0.884934732573406,0.0406145106012417,1,0.999999999995712,0.347498054655068,0.358120025379043,0.652387957531955,0.127351342355924,0.780433772476247,0.117062668068421,0.53703560988351,0.128750637499266,0.901886929223142,0.122257214211864,0.815156821675816,0.1370999673841
0.848757307109897,0.148376056084749,0.911149204837464,0.103363630918606,0.944968939203692,0.243480933537547,0.0260906098075428,0.0728308866540605,-0.15404784393856,0.121981669607978,0.867168655637085,0.0643600891639763,2,-0.981080723200497,-0.181118636831846,0.413877638603532,0.566313953108647,0.111510830458225,0.551172735818173,0.120336821624372,0.691381433476868,0.119041540471225,0.455941447546826,0.154694760790198,0.573885678355842,0.155337680572829
1.05620599428206,0.133012443887985,0.998283743563541,0.0955174543746437,0.617043112163159,0.176239538100395,0.0140615573577944,0.0326963244501546,0.093148199735159,0.11033605041788,0.915419289102652,0.0326977477928097,1,0.999999999999243,-0.115017225084638,0.476167432430027,0.679726226921185,0.133016364340253,0.669058557681827,0.113883378310387,0.70873375708633,0.0987891642661921,0.631504702086239,0.130191096072447,0.753259994436816,0.1344038255418
1.0488523195457,0.144562745185511,0.995504844564933,0.0921821782741878,0.913658863279306,0.235127718293134,0.00250799104571863,0.0140658791157077,0.0478690622870838,0.1298006893992,0.807333900234005,0.102433330768033,1,0.999999754805418,0.34231886665718,0.370176207810314,0.709611195559989,0.101844438715509,0.556167477843994,0.113682586545676,0.555780941765691,0.124391943761007,0.681594445317441,0.14897101697211,0.844917336873376,0.146724148687066
1.12861910988267,0.161856680634495,0.978984814479455,0.112159468630734,0.925242309975972,0.265996708319682,0.0754015033310729,0.1306838301998,-0.142126553959693,0.154630873502599,0.869547369597986,0.060801705062806,1,-0.538093172541857,0.0813665055121913,0.393647809086881,0.673112250396057,0.137444336966345,0.722835009479255,0.126841062843383,0.569871844559552,0.15955692791932,0.763404532038032,0.120713140869762,0.611835961580693,0.179916197114849
1.27623747598812,0.167450679085857,1.21546053498011,0.125396674922438,1.06272423027803,0.316030155617243,0.103623241590265,0.102685237297899,-0.277563105210866,0.169282341806978,0.901701701142617,0.0400382152987852,1,-0.836417015359119,0.367289825928289,0.421475583153641,0.785220981981548,0.117619302895406,0.805683001765074,0.11004032981557,0.689466916098148,0.139018390322161,0.933483678676302,0.135876288417847,0.869535420314873,0.17094578059026
0.974923205056144,0.142843481855916,0.867298692918741,0.0968204438805066,0.690814724943671,0.229192873594121,0.0242849337071321,0.0546844658328437,0.129523703617081,0.15058362377158,0.916709253400724,0.0407061292286042,1,0.999999999985623,0.307233436600456,0.476226750258971,0.598846862272604,0.135827966984587,0.541461763689353,0.129560954462767,0.436232491630783,0.132644956433092,0.755672932007306,0.107818215344306,0.61399069830147,0.177319773460577
1.05223884397023,0.171170382484913,0.942579806717382,0.100157443773869,1.31704350431252,0.344084022696846,0.00769440826854021,0.0630278286253533,-0.0964964584281057,0.173262428509181,0.880122279348722,0.0578389757922191,2,-0.958569708315432,0.29395502833485,0.44338579875621,0.66899380287607,0.112578325272691,0.733359298657576,0.127212980648187,0.518100531276218,0.13982052694908,0.541893592251005,0.142972979088392,0.520851433114419,0.170390262136146
0.83218417305307,0.14259858440395,0.917555269155041,0.105462159814214,0.711436445236495,0.203135535938167,0.084876089901166,0.0875935947128984,0.194889857088956,0.130391590555304,0.897012311357657,0.0405984569981144,1,0.793101005382,-0.38206101195672,0.455024253671793,0.639493716918485,0.104299943545883,0.612081131628533,0.121684348818187,0.599997506396068,0.117115693842831,0.712597117718713,0.144340835359561,0.568392452436343,0.177510027616943
1.3946622834869,0.195535061577979,1.11560541776303,0.121305337590698,1.29517828261495,0.37283713914903,0.000230952649938369,0.0893810817802049,-0.0162830789937362,0.147916890809136,0.915985193264409,0.0382843650663377,1,-0.941478221179643,1.12549666798798,0.526972465160138,0.651602337639646,0.13416388673564,0.831543525052726,0.106692537761605,0.598642339113379,0.133623041815915,0.891671464392253,0.126121200665403,0.927049472399073,0.17677320008698
1.1184810536589,0.179677735853985,1.21410769871257,0.135422622332872,1.56727654272522,0.380067696272875,0.12641167456211,0.14694518747549,0.283702218229888,0.190059790243654,0.849503292703871,0.0667044775149677,1,0.637376904249492,-0.42747639012531,0.449003595897733,0.7175638681583,0.144634688756621,0.838535692168933,0.133027798080912,0.740164934700574,0.111225344264163,1.0625691932072,0.116506485706249,0.828655689556075,0.168168954020111
0.564952359190369,0.137150113747203,0.810092072485643,0.101008786016863,0.840920536368088,0.246596100849584,8.46216888579429e-05,0.0880747037836458,-0.00789849262380359,0.136669571109333,0.882222851622055,0.0539728761074127,2,-0.936323434804499,-0.536797184826313,0.443472046276592,0.563045435237186,0.128383174084248,0.737952514494953,0.101671957030894,0.663431072820246,0.128927767307821,0.432092595397967,0.154125643259138,0.572478888113669,0.18096905964253
1.07738319433951,0.150125870509064,0.952356386082527,0.109642942615748,1.09982843421626,0.283457131433361,0.123439701923337,0.0933748787362559,0.307251854868405,0.189360028338964,0.872841083660844,0.0577125983216875,1,0.833882019477313,0.162081913858122,0.378471482003838,0.837945526331838,0.110059900738351,0.670723845738044,0.111520086598434,0.549773824669365,0.129903050670786,0.827747494718933,0.1449668254609,0.837640445653974,0.183457589545453
0.887877627718916,0.183249420175272,1.19676405464899,0.123177660293378,1.77521592314635,0.436304531919507,0.0151557395995802,0.0912434859425156,0.159853897969251,0.213308436837937,0.769404832710926,0.130767119591275,2,0.974561097122235,-0.258128260715918,0.346683072177559,0.647801147066636,0.13608893055222,0.763255049934755,0.122270466457795,0.469638515166491,0.156817175626095,0.633972915790134,0.14120263534408,0.878189546914764,0.119714991057153
0.651915076671107,0.143544122106852,1.01132579994635,0.122589017640137,1.09079753272058,0.273397054832799,0.120530250941182,0.121377151520448,-0.0168877450219842,0.169034405191252,0.862959284192462,0.0574157956519031,1,-0.0465748601319844,-0.528910293792738,0.392844999192684,0.808003913024517,0.116844716377799,0.627660599260704,0.112608926625576,0.623369949564315,0.128915465302985,0.673893056138487,0.15535347569953,0.75700628377879,0.194644657041861
0.997402020750574,0.133671498692581,0.972412060885809,0.104602311982944,0.686652378763667,0.195062562436509,0.0182985413875586,0.0406339004698671,-0.112092537535456,0.122137514828438,0.910688043895261,0.0330481270697903,1,-0.999999999978711,0.449861686625016,0.393100361350671,0.764062131743488,0.112956413307268,0.652433065494491,0.112388398517738,0.662551954481039,0.114337748217696,0.638340850106249,0.146341280529307,0.793965241039017,0.168613225311876
1.17474138987049,0.172121612868741,1.06710724183679,0.132007655685922,0.976129143608249,0.306278671258317,0.330370066770236,0.199278233914017,0.26038221199025,0.185543388230132,0.946204242994212,0.0196149012365219,1,0.458518989717326,0.318024899616684,0.514785663851282,0.804151776433598,0.122867978173288,0.722638984328578,0.140076801378815,0.893050500746957,0.110106155861041,0.71822878841415,0.13438476183337,0.698954384658827,0.20379029904546
0.860299832215979,0.141011213236781,1.15245008807122,0.124145496910279,0.893874309450409,0.231292081010805,0.0011305477338748,0.0115242462366751,0.0317894202356823,0.160697604558157,0.883443230708648,0.0465962879416365,1,0.999999833758131,-0.207909506765546,0.401136777473484,0.667757135999291,0.118537623938185,0.628327726550803,0.116656195423199,0.872741378358041,0.117918944753587,0.699083523529913,0.131601248576859,0.629218700687831,0.18487264985114
0.896917453774929,0.158500914917084,0.960657381309159,0.0970979800616585,1.16247042232601,0.293469625046545,0.00370360882480453,0.0182150530504761,0.0656150570677177,0.162115246971097,0.895129083258565,0.0371213912253454,1,0.999999999918586,-0.423189035239761,0.424484298203252,0.618087527764599,0.12965600068204,0.623122022696127,0.121938790046093,0.795626363345975,0.111102484394804,0.798461402996337,0.115812500894501,0.745950842617788,0.167666355734203
1.03542351119981,0.163516219494962,0.884280325318211,0.120937069469759,1.17186351493819,0.309192270647374,0.177041616464381,0.11654838740129,0.0813878759048089,0.16867374181174,0.836316049300983,0.0845283940169571,1,0.178683114846636,-0.054073817788848,0.393781329327746,0.626184510354997,0.122702618275193,0.858577909960342,0.144125143578641,0.483619890455649,0.137304118656226,0.749362391174075,0.123750538350628,0.788633434831483,0.138000228054523
0.99718035196201,0.139491720240006,0.981911698208101,0.106508857825388,0.740389289753965,0.241514183650865,0.0754058009804769,0.0797856738318367,-0.236282981678481,0.130683176472845,0.896316236835694,0.037463893240648,1,-0.999999999996502,0.303756421945866,0.413084612023169,0.608334514372908,0.134562972799424,0.624802793471141,0.115997305326351,0.622410428662149,0.126723717842588,0.577051381337966,0.146190882086739,0.564577542515502,0.183194721448699
1.10225458907003,0.172897432795179,0.996434791409009,0.104272655046361,1.19512746704153,0.309544611113647,1.83059635582326e-06,0.000863842254298733,0.00144283890785239,0.164840653957116,0.887494645177622,0.0408175088706942,1,0.975471161269429,0.153163233089932,0.426578876020986,0.611667407641025,0.130142303016786,0.745464911852412,0.134849962894983,0.407440997656318,0.144752896275474,0.65944165650758,0.131038216094071,0.692870354670051,0.139159288547413
0.981645069831659,0.162461973011055,0.732430047836952,0.0840868920878663,1.36189808454738,0.334739759021019,0.0293194876290055,0.0721293451569748,0.19564014922165,0.168006148243691,0.819883184577951,0.0930472194900137,2,0.979055908306439,0.610926535520304,0.380128838250245,0.762271651139272,0.0992045060275185,0.194361742873738,0.175447763855843,0.652603717129009,0.12686469679189,0.508139731105489,0.159527797928748,0.759700961838757,0.134014284781821
0.886364512903595,0.171056902703292,0.973908531045264,0.0952295425242407,1.40485758200937,0.318843244364291,0.00849995881692564,0.0898339042894956,-0.107478999171578,0.155293425735829,0.742806159495884,0.135621335140645,2,-0.983555911723246,0.263623010278022,0.36449526738655,0.638129979505732,0.11538851641434,0.732259072262563,0.114545301247169,0.68518787058098,0.149675971535272,0.679199199456131,0.152483179425772,0.707349215645956,0.181362793855069
1.08446051589118,0.149393224854304,0.90634028022033,0.10289674943695,0.802522577884163,0.384520733847718,3.26507044066643e-08,0.00011370860902245,0.000102237762650657,0.109854536292254,0.929638343495101,0.0272264783837237,1,0.631591722417146,0.348654025281192,0.446788656142206,0.680931265265689,0.12841974899867,0.834218887514206,0.109684743377054,0.692809611555259,0.107139669419024,0.786916541658091,0.153182058783334,0.604610112229783,0.180831480080153
0.880479379441228,0.134394812576378,1.00938585367417,0.116551848603766,0.669846906987579,0.18759743383143,0.0163868560001133,0.0755225505556917,0.0587536387565955,0.137811513750789,0.843715775240979,0.0864598130740195,1,0.56078859399919,0.155176696362854,0.402983600931185,0.51215199509061,0.149947090231152,0.493778839527016,0.120756788872561,0.574046647250406,0.118039432511988,0.735373433846045,0.104369122723166,0.504796401100021,0.191493328636461
1.11886470393933,0.143368330265873,1.00858635309374,0.0945170114316855,0.631593709909004,0.196459107220543,0.0271208801355271,0.0875851755667571,0.0692980025563287,0.10261916855583,0.935631684553706,0.0217765240498764,1,0.529480449602428,0.0850406272921886,0.493212867432908,0.467994989125911,0.147295039711951,0.786954796730837,0.120034129667948,0.824441782327978,0.117693070274298,0.720348667094513,0.115323688381,0.569173774906616,0.194035441516172
0.983181041510331,0.150424648902392,0.94282844282499,0.0995010797966268,0.766202187233404,0.19611603721538,0.0504624058186392,0.085715185742416,0.18174287144167,0.121002487822689,0.863833572164721,0.0482057114908973,1,0.924276084244028,0.187222449212803,0.430222588436102,0.567390310555139,0.126016848118602,0.796319359650947,0.094353372103768,0.608736314338665,0.116933839125413,0.747351493437941,0.129494216202554,0.265545279298535,0.219511106687338
0.870128335461914,0.136919978942517,0.899709001078438,0.096699751860327,0.81175255918655,0.225551684074423,0.0629380090923173,0.0876073142590208,0.181936886333745,0.1320884329903,0.836830298882157,0.0645286452117971,1,0.804919454630288,-0.260758387083441,0.37547657772333,0.708437777647504,0.11459957648034,0.563703219601962,0.100385978568388,0.709750690749525,0.112872442052784,0.51444229163922,0.153133230414967,0.652849150215088,0.184451591952154
1.05809658639681,0.13880198967814,1.1578601481378,0.0956879638653042,0.709363494381853,0.214271995393847,0.00413013085858947,0.0160928301861776,-0.0541272948849558,0.10472663757789,0.942224743712668,0.0155419371082742,1,-0.999999998883803,-0.401784488770387,0.451756937632588,0.850913480408213,0.10606835187516,0.77126325952341,0.103161294864132,0.646315732772468,0.127696680631912,0.668091843332908,0.14706146244567,0.621561142872521,0.153905361564861
1.09587794316179,0.142916472058395,1.00973322494698,0.106543838307021,0.486039413870598,0.162523744609007,0.168004161871764,0.135098043221604,0.0904565926674183,0.116613653514071,0.938374299303556,0.0189127788316861,1,0.316551561536531,-0.110593393143611,0.508065709354586,0.707651469764464,0.133024828040874,0.789957986264705,0.101078715998652,0.717181149892077,0.119899445360358,0.663177895328367,0.138657611280803,0.770513782204472,0.133769505429947
1.24384887167794,0.16020895048732,0.904414940116977,0.110609490206842,0.909933687144347,0.262797404032101,0.0373821792607669,0.0935085563095757,0.0840929727052359,0.131176888583113,0.904286317325674,0.0448250244853609,1,0.455955570031618,0.579844424221236,0.46715102011729,0.600227505541085,0.144494621015732,0.693641431244843,0.121509651104808,0.645637451898834,0.112147256594874,0.767695504742994,0.140332309754342,0.978299306659619,0.159481750317283
1.06339272317054,0.122808648199638,1.04491527495202,0.0915033185180721,0.651264317600696,0.159565502914791,0.121941518739842,0.0941462564758407,-0.0904765660587632,0.107984878625171,0.876906967790097,0.0516468204546502,1,-0.321056648025599,0.551531841147229,0.376465055727775,0.603947585570583,0.127738219643859,0.661274799094897,0.102580883009703,0.710796307169334,0.0999849336440299,0.591002876169839,0.140507694499504,0.821683153596728,0.137606699492342
0.829818698010719,0.150104588745895,0.947701922678297,0.0960386167146671,1.1168928373687,0.295450534661387,0.0126663926568995,0.0655098800853009,-0.11644028294235,0.146966476733129,0.877552867815001,0.0463207730637921,2,-0.978973702205928,-0.212562139895901,0.394188127921042,0.640337875063856,0.127823090540022,0.663007953897551,0.124794744070604,0.682873583502326,0.116608905226234,0.657799130885448,0.138277219884722,0.414253745178262,0.219257730491197
0.747911698951708,0.141042290448876,0.924611447337534,0.11540999005216,0.991890720683565,0.254485361417972,0.0256613132839313,0.0745415711880057,-0.0893990482175453,0.152012645750162,0.808425899637669,0.105982443293101,1,-0.560352794429866,0.0184999244222344,0.383402262048991,0.60707109032942,0.131449148899797,0.634752346774861,0.124567439289108,0.623553869031524,0.138626870556387,0.572602092350616,0.12856358075298,0.577617067733428,0.167945143179518
0.951612031377814,0.17966894449272,1.05478462630414,0.138528069096257,1.89191411195303,0.480195708142986,0.213720166874187,0.184061840898246,0.426816943053831,0.286957327379177,0.89774653689269,0.0425885427713652,1,0.67122510321072,-0.604062275875672,0.446894940541451,0.674410870311325,0.137392018818647,0.69798261215522,0.123167121757125,0.887450781396964,0.124587123198098,0.835328417345024,0.153258482245971,0.664921754569066,0.153587013013892
0.948602307717286,0.134376913555133,0.791168854676224,0.109683437689525,0.701730537357754,0.191843961172455,0.230102790988647,0.176178585253611,0.191849225682027,0.144152860614475,0.845601749319884,0.0675987837948842,1,0.477434632940564,-0.161844303645261,0.378450008732472,0.540244598639926,0.13857937877596,0.583046942291368,0.124146663707352,0.542197386470978,0.107998104373728,0.660826430191914,0.124885276816519,0.694898892986101,0.163876176380861
1.02572364788396,0.16325138171277,1.21159582653081,0.144056587055276,1.39039612532391,0.334081441596183,0.157998084887151,0.145770449092194,-0.323136649613288,0.207139980963755,0.886050977084954,0.0480487036182352,1,-0.689431356413884,0.238514642725651,0.421009362337308,0.909431258776093,0.115039043682332,0.508644238695245,0.149301690794604,0.650772813694147,0.124822312781597,0.824133168667351,0.121254034352018,0.61061068350077,0.172062827215954
1.02720681734301,0.15233892461052,0.983690876333561,0.1049835890628,0.97469897312093,0.308751044483061,0.000183486479054777,0.064972089370589,0.0123602487820566,0.121894620786306,0.928531225320306,0.0277680468383321,2,0.924250989871958,0.197170305726543,0.456872332621704,0.78808933759688,0.125494873346912,0.502092746715123,0.138558830749666,0.786283037669676,0.105808035580827,0.626077985346416,0.148765695953815,0.628060872314746,0.180078313631668
0.825702114930616,0.161609107105505,0.936238903162666,0.11240169985639,1.30632489007654,0.311327039613617,0.0078542116287206,0.0237725161478263,0.101292403210452,0.152137858256723,0.89970844077975,0.0387948943042054,1,0.999999941795332,-0.46932657701099,0.398814452861367,0.763462503466905,0.105952018893197,0.822998512934377,0.10389129026271,0.805987022605776,0.128423591129774,0.575414159665563,0.158660588810033,0.91136828464872,0.177928313612965
0.903309603828145,0.159922239334599,1.00031461098062,0.103832968340306,1.00687767967167,0.256259548576882,0.0507387799168612,0.0742330915389949,-0.126994737966744,0.149096433512813,0.90640717722727,0.0392019955067715,1,-0.561859022931758,-0.334107013137055,0.445732999569245,0.803379737291991,0.112373035022626,0.702621821629926,0.118216490633192,0.724053399130219,0.116465523886573,0.746581601436686,0.117697381114321,0.618540379593553,0.171345408926674
1.07473848322108,0.142153689000904,0.884367174895748,0.110447281707723,0.942956154864084,0.2601073454384,0.03162692961726,0.0804727374352692,-0.119948946788433,0.180338294256513,0.893652034705459,0.0457284476773242,1,-0.694579838854973,-0.000371479196839377,0.397987407759781,0.64482996980689,0.112966966189962,0.693609203938866,0.109602039259033,0.658882704772456,0.117126415454921,0.608171863840718,0.163419835837569,0.52601302680596,0.199577934532978
1.39728115632428,0.176763077383261,1.28131753366207,0.136423907406061,0.705357666592965,0.220083115752417,0.204313272204568,0.154898247651772,0.0344891654167345,0.13290125871806,0.937062080150442,0.0244965693661891,1,0.0908509975046864,-0.545841029638155,0.519360687208259,0.887255391928522,0.145145351813867,0.911896277302862,0.117849636902398,0.771778035511999,0.128274611969276,0.748821239578617,0.134734020232455,1.08503037019357,0.127035627875367
1.15846322545172,0.169214959569512,1.06604930380995,0.117727682603866,1.33580284316292,0.36078046903477,0.090682121050965,0.0787063527317926,-0.0966324051165696,0.188297044531366,0.900557012356627,0.0417242949421699,1,-0.277645585304609,-0.032472439277369,0.45307718544867,0.742390808927134,0.115684268930729,0.763502791015926,0.131822320898442,0.757612795998267,0.130975857642031,0.694747249732195,0.158072033381001,0.83166048047447,0.145656296069346
1.12899523260357,0.161789451807133,1.04265600872289,0.102906229968769,1.16496951466185,0.339227799291833,0.0767644846849314,0.0751120189338178,0.299045622627872,0.164371683073214,0.890950016168551,0.0494957987229496,1,0.999999999699311,0.242947462026895,0.409816552045643,0.6719936179781,0.120564112613924,0.763511165133368,0.105378251380634,0.770747524810589,0.129671540019793,0.768687122629025,0.139672998301282,0.665219516694642,0.186610595098485
0.903138077937066,0.150076860762498,1.1318214851001,0.114185606234601,1.10385713849444,0.287379805312223,0.0467965673756445,0.0765337110860656,-0.227281157723213,0.187967237468391,0.775797883552131,0.124800866209638,1,-0.999999997109407,0.313766476376042,0.360552439051906,0.636669318570752,0.117440642787298,0.684861601316502,0.120262760534642,0.569521612027215,0.145567447975388,0.852279329008729,0.141923360048516,0.595829993151914,0.19521954629494
0.877512596161803,0.142022136946635,0.959246301655657,0.111052843699664,0.939691519015489,0.283831717202371,7.49496419291914e-05,0.0929298479300998,-0.00722540884897327,0.171750032599315,0.939126404253814,0.0219468555813375,2,-0.860963998835611,-0.364764303353455,0.504410656368811,0.744740007556653,0.111506921102974,0.807069696890171,0.114993488222506,0.680666357110307,0.13484100485412,0.824135572577742,0.1737497366679,0.755605340601289,0.158776314575702
0.922246314892039,0.167919178926116,0.780098772544862,0.0979773167705846,1.25362007674604,0.307449447885272,0.0225689577549994,0.0502911015865214,0.168204868551938,0.146601480676764,0.75427891344034,0.147282770441711,1,0.999999633329727,-0.885781807411178,0.408246342717988,0.550589348907846,0.152497158147371,0.683196616745546,0.116214987143212,0.789988695417415,0.111132356443985,0.487548810911929,0.124119883939729,0.743869559921958,0.144859246024094
0.963492171240609,0.135017340392388,0.909326152922974,0.103634582717587,0.842006621886793,0.220993128445773,0.169960513877285,0.122572720029917,0.133231633683733,0.139064795215159,0.901467787673965,0.0315826575484281,1,0.352188833403104,-0.0370750770273952,0.41405314897159,0.661391046011556,0.125466694476376,0.555109567542497,0.123153571472459,0.739545570635946,0.0962798042631514,0.771157209279874,0.108860912273967,0.653554492676173,0.167048163955883
0.693711136452976,0.157918528283799,1.09993848217866,0.133193750387474,1.11396591034038,0.276980063235552,0.142641569247243,0.101217070460648,-0.0570905717382998,0.173942701716221,0.828652780198668,0.106089824032624,1,-0.143220566736326,0.356113908452833,0.432347228812434,0.612929880897869,0.124894677592911,0.748604805583612,0.107634787455231,0.65743013560575,0.153541837677799,0.824724614143682,0.139340782129894,0.70239358811186,0.201757183246561
1.12364897794978,0.167570702454276,1.00266717468896,0.11650570280028,1.06093791732419,0.332578169873039,0.00108482313712495,0.0801548393883236,-0.0314319226215916,0.14871306850349,0.928071979822931,0.028010775055872,2,-0.926502278029065,1.11416885854012,0.479373478600203,0.713962222487267,0.124851772888173,0.756802036768043,0.119073388155839,0.876734685878272,0.114917452308713,0.570107856800687,0.177447138015496,0.830182276576414,0.175724355351395
1.19684441274612,0.175923621846201,0.994965033660386,0.0898713992450437,1.40153454922514,0.337778542787631,6.46294880183274e-05,0.0555040113261338,-0.00850906779982208,0.14599303987452,0.876889995537113,0.0512602818591918,2,-0.894056000519559,0.184714620222514,0.418759490642803,0.720320558127183,0.133194345971537,0.485963267424905,0.131825423995207,0.863723810705933,0.106445350634116,0.683217547537073,0.152705668933144,0.91413490594229,0.171134385387839
1.02830247601855,0.135849352125624,0.859420741946843,0.0919748186444583,0.894292368038703,0.2527402206106,0.0320731820214251,0.0706559149000067,-0.0923559089660725,0.120517449657488,0.896728015510568,0.0384822581855167,1,-0.545323106766297,-0.165561009189489,0.392958690121097,0.767199738658372,0.0993067836913682,0.594928877195556,0.10814658387897,0.557213670823486,0.124553091794776,0.387966354145762,0.154911843200657,0.615440995263018,0.184006039672816
1.01303097178427,0.175769954223921,1.30698706635973,0.133882297162165,1.52240763820311,0.407630455883041,0.0688851002108746,0.0935905345829712,-0.323838235418906,0.227564760346178,0.921014211125841,0.0352036193456185,1,-0.999999999999088,-0.673374615825197,0.446623729770674,0.906061043376999,0.110336126744361,0.955269916577467,0.119103690058594,0.637430589053535,0.135857844213968,0.562763941908269,0.147420432777289,0.904783034867577,0.150333797723446
1.01970418305006,0.14396913307696,0.860507823647903,0.106856023047801,0.959324278914192,0.283559741036384,0.13558414359118,0.143124098132333,-0.0919299732804754,0.141334818941812,0.922999603570464,0.0299325953133922,1,-0.254900075916314,0.370060977701726,0.440896802030153,0.54310319662968,0.126646646705368,0.549206660502421,0.118519809098977,0.645626984040446,0.117016923889736,0.739497899880021,0.115781184904741,0.799005433462559,0.143430762251537
1.00739516338714,0.167169809411441,0.932697246570842,0.125033977099037,1.40322744492278,0.36614618688168,0.275133617571785,0.226487152399106,0.360201984236954,0.246825363765213,0.692121722329786,0.194944990967597,1,0.579709258510091,0.490324720066452,0.350198069971513,0.67143722126847,0.118551533636681,0.633931986888879,0.123699785441196,0.75023077958558,0.137393021736848,0.76989467388326,0.137683535625489,0.516397855623738,0.246392610936192
0.793094950836864,0.148253395467555,1.04937706765872,0.11464602473114,1.09920471666003,0.304164390226593,0.100154178483905,0.12012734806195,-0.163547611125782,0.181113531963756,0.888502387710006,0.0466588484089838,1,-0.492913118604105,0.0689315941620532,0.393993600758446,0.436343319969007,0.147855980598428,0.707307321479965,0.103488546527886,0.777070186847285,0.114825333770044,0.662383344531709,0.144062385862142,0.533650078904219,0.190240587196749
1.05642076736867,0.142137240076456,1.02540949613242,0.103916922182607,0.928118467868329,0.231517090126221,0.0559079278803229,0.103050196410395,0.051711191966024,0.139710982547569,0.829774069661464,0.0776316595423967,1,0.227010603486878,-0.260424652388911,0.37329832178067,0.632181897934235,0.120551189186114,0.687523214799494,0.107963248720427,0.628246828974086,0.108764477909634,0.743290615356617,0.117974347441153,0.717198077666817,0.154626685895523
1.16475755386505,0.12268224566837,1.06252976798213,0.105989195202744,0.525793760188624,0.183061922250236,0.0172987186103089,0.0348150553977202,0.095370636481628,0.0997289842308968,0.910455143741097,0.0331096642211288,1,0.999999999909385,0.188651008227143,0.432548467713469,0.846522611987526,0.0945695919471866,0.695958406729928,0.114754301307947,0.743648857364262,0.111603657378962,0.587268925679686,0.124990158838088,0.563539300619299,0.164613702549629
1.16513103056605,0.150449116663728,1.03429877414664,0.121490395837944,0.838713450586738,0.246984299404301,0.0163305057048563,0.0941107186432538,0.0717100843988683,0.157958053554835,0.919105039991089,0.0391885854746493,1,0.612736304332669,0.496723576546018,0.486946692290712,0.813029136482491,0.114893091213872,0.618693651879796,0.111365248071083,0.719147363577959,0.131567222609122,0.654377265926121,0.136787891739206,0.709764070837266,0.172556817905433
1.00657323793113,0.165776012958792,1.15176458326013,0.118524798717499,1.22994830277716,0.335343767718737,0.000110777021902988,0.0568332605115099,0.0112624357953976,0.185390932910643,0.873517305807215,0.0672405550391354,1,0.96485945419416,0.320138985035036,0.410639749715117,0.677928770688586,0.13199574655516,0.721085893898183,0.115049956419059,0.671775727459262,0.131364493313992,0.622811872987067,0.163167188740321,0.683893532850049,0.201548759496775
1.00510013602859,0.125846519832951,0.946909965566196,0.0938645876263461,0.610335969198654,0.1802420521706,0.0753892933679754,0.0700633284195597,-0.21450593799309,0.108296766560283,0.92058927938432,0.026510470508887,1,-0.999999999992942,-0.101043671254068,0.442226111116981,0.511051267724812,0.131124292212956,0.752970706759197,0.109942129314042,0.698725275275944,0.112824886960655,0.542404135958695,0.1340336083276,0.83201498296912,0.139179760956082
0.96844298453153,0.143264455933473,1.06328366843976,0.111015070331074,0.84020102493703,0.232870180848106,0.0612685054043381,0.0774488524642389,-0.0629630394256789,0.116735418758025,0.897577620765584,0.036348147741296,1,-0.277507955627612,-0.0632434923742991,0.420485783257565,0.666581800744351,0.126247098645127,0.634419302117771,0.115539681387388,0.834796691947778,0.106925773937182,0.574636926390396,0.15481880986914,0.819975925996747,0.170796376465043
0.870336928015189,0.146367269728599,1.06842479556319,0.0947721663025667,0.97388386121317,0.26983197148705,0.00849596017027478,0.0687887380303475,-0.070320363107516,0.126975299573392,0.924881732029665,0.0254827818398299,2,-0.773074389694662,-0.500658188498933,0.441506014875816,0.810546038690739,0.107586468218933,0.745337104791322,0.106375409203778,0.712316025265814,0.110208136566325,0.734204877787119,0.123922419263555,0.815511542264255,0.143806605300057
0.825299118916008,0.132727663412273,1.04491650035507,0.116370162223517,0.715930134980299,0.215925259067291,0.142169216744212,0.159812073294423,0.143564220730581,0.1329237434091,0.943700907768373,0.0153712462744478,1,0.449995438003846,-0.616502173673396,0.482021176135855,0.757834406941465,0.11231375890278,0.694027628765809,0.117488848963718,0.79084834603012,0.129480146020747,0.468174038515508,0.143621250357902,0.617042935430668,0.154898224965611
1.01526261862109,0.141301522894877,1.11794381046222,0.132570010782298,0.813669567565399,0.256213169701734,0.355697856439251,0.2095481290886,0.0876825497882023,0.190336689243916,0.890320508995733,0.0498113729388927,1,0.162985327691824,-0.152610302084383,0.39213419585934,0.84778403172082,0.097742439094395,0.765849176778607,0.110086504000248,0.627600167166385,0.135509443902079,0.648109320743936,0.163153047548322,0.809613902676568,0.163810677610567
1.20990637797198,0.158020969342723,1.13219316629765,0.108306547247326,0.868422777065563,0.286149955732251,0.0147626199109599,0.0395646882783634,-0.113226301623903,0.152495185962815,0.940493171028936,0.022267340684605,1,-0.999999999983929,0.679555100914983,0.52592547243719,0.796917014265694,0.121041867856938,0.828765346766579,0.103664340052126,0.698916258822449,0.131882868401642,0.84869636080754,0.163103551330034,0.810159451919638,0.195986962743324
1.0399939413806,0.145514860171266,0.937362294464457,0.103652865539813,0.931118082257192,0.291857947085087,0.0183133675708827,0.0387053978874402,-0.130582953281134,0.140228873810477,0.931015016464164,0.024535721431148,1,-0.999999999863696,0.642788899125493,0.446345966004291,0.618394381444635,0.140857536265078,0.774299601442541,0.123432755111987,0.443760177309281,0.134127599667278,0.554644812427966,0.150982998517968,0.729264309070102,0.182046837171254
0.956784191353327,0.125073366248501,0.880874888632512,0.08082517345888,0.590419005474222,0.17550233919129,0.00594298213362032,0.0178235860214891,-0.0592355295991664,0.0765725013934105,0.885403229576415,0.0406339956861246,1,-0.999999767161629,-0.129348341188607,0.402207937104474,0.630435143521713,0.119561755751645,0.620052505881423,0.0959150926581397,0.504037441327562,0.101335814607464,0.679882336529249,0.130897002769047,0.137681036979063,0.199453219536534
1.13903708500809,0.17078194506942,1.00887599062619,0.0996642026006866,1.36245574862961,0.338385163905754,2.36722498516029e-05,0.0169747268102651,-0.00524626258385234,0.151989170592693,0.91077357432963,0.0316875964312557,1,-0.923781058525311,-0.167946355701011,0.439437482652557,0.658115398571367,0.127958441172555,0.753453743488111,0.110519861383249,0.878592066413555,0.109967229730016,0.974299218985395,0.129920525931712,0.708652031582411,0.162177774932353
1.07636706686815,0.151014096494627,0.977435626593317,0.103727098040938,1.09775263395986,0.287796049335001,0.00251655453936123,0.0149588734376623,-0.0525600073606109,0.156866672812452,0.900893590291009,0.0369750296592151,1,-0.999999999938469,-0.526124238891205,0.425032746784617,0.764245560897757,0.107059733267353,0.819811099355061,0.109505761950801,0.627859500450141,0.123717376608418,0.680707217067661,0.143952381701074,0.340684017933044,0.153011453326819
0.698561960928961,0.165548162008624,1.1368993572862,0.126655977180315,1.55337637718231,0.403538418853221,0.0194225599773786,0.109165239214389,0.126646959419948,0.213233611698205,0.825283614481319,0.10821999080062,1,0.729127005127658,0.105854729982235,0.39590648869149,0.655923290557254,0.125695327937784,0.604234279593922,0.135471238736673,0.740027719502616,0.150585119005213,0.63746898004281,0.18702739117357,0.835508426478909,0.18965205193467
0.979931327880724,0.16102275134671,0.815842800087536,0.10438185018693,1.18453063465449,0.340367418814221,0.00152843065079263,0.0749100555911353,-0.0399601698441578,0.14897296524132,0.929370993456022,0.026619740958994,2,-0.939142096020786,-0.260687672506714,0.444289770484999,0.615058725413593,0.14128177062622,0.82407186785562,0.0985681054071006,0.818241180357801,0.120883876577183,0.481185493484559,0.13200607812695,0.647679024852333,0.183902395858727
0.979174141889401,0.135278332049176,0.900686993408161,0.0967665301273611,0.827249990159325,0.21215862602047,0.00954397438855863,0.0689292273161165,0.0487088264714825,0.132598499097823,0.889940609700425,0.0395762502064621,1,0.548181845232865,-0.259220419212542,0.36736034082496,0.75774083097201,0.113211290500215,0.718192874549702,0.10577965644529,0.80402968810431,0.105844279720301,0.483249814623894,0.150292035109395,0.590688735500762,0.190663705819151
0.955548721746538,0.134940354672772,1.08230897417196,0.0995587337747557,0.795708062439994,0.207206603029539,0.00250287580084683,0.0141181719820458,-0.0446268803049233,0.126135507849272,0.895447634423712,0.0509245181666648,1,-0.999999997923779,-0.337977850017257,0.468803379865913,0.765674360810626,0.143106745118602,0.806994195608886,0.105640354933035,0.732372229477128,0.122738597351942,0.788377079384447,0.134549191439696,0.645276026393914,0.191816188911107
0.831341542334439,0.138015901571129,1.00050678657928,0.120165806286115,0.938745120370647,0.2326070620974,0.043158807003457,0.11981893763611,0.0501332129392073,0.133371674273228,0.784265637637004,0.105714197908661,1,0.249067451276794,-0.335306773919283,0.342141713583941,0.457550355414028,0.146387657172544,0.624918135319195,0.106046293757318,0.553425779569032,0.133072250511863,0.8073193941449,0.114161981510673,0.565285140368664,0.151158973195573
0.768298585437568,0.129245436433698,0.951586944027581,0.0921765760808056,0.819807904824333,0.205625420431352,0.0713714987224267,0.0889382506287673,-0.0417436752627444,0.110109230397833,0.873509362177995,0.0441056844769661,1,-0.172572751750741,-0.41659609331258,0.39389017349209,0.644791879308262,0.119684972044061,0.546814105477054,0.130463382571688,0.635574832578147,0.121042370376574,0.697916639574392,0.117158370740101,0.822754620590316,0.107948431306929
1.03640703770234,0.16132634224694,1.0029697114004,0.111362294226023,1.19188086333877,0.354985703450771,0.00406266370863517,0.10869899021866,-0.0663489581079184,0.156545302796672,0.936150968824371,0.0212234686734048,2,-0.953481446563479,0.609066065994789,0.48293522943355,0.678497791305707,0.113712042239314,0.768920744259107,0.128573000369765,0.716675734617224,0.146041067678562,0.953223448980795,0.136379603866062,0.695898046272523,0.182696388547989
0.984835364235913,0.144412632072727,1.14196331179311,0.112313189166862,0.824717446979101,0.229572053844314,0.0386058986428449,0.134078277669419,0.0460973406196387,0.158845995999951,0.857557582539903,0.0628944313474971,1,0.258342850549031,0.500225008021493,0.440705228567923,0.549732777860651,0.125293257460127,0.697304994472117,0.131408641534339,0.539059766552673,0.135426525923916,0.961009486337294,0.122012532775274,0.487000900976414,0.183333561082886
1.0451311798777,0.170018600234189,1.05563055343409,0.111471238455076,1.50699579887958,0.393577913583678,0.000549125480807728,0.118782981872437,0.0277241669313372,0.189105450446955,0.888961840860871,0.0464920342996521,2,0.963755092886408,-0.384066076712866,0.425969303774328,0.686938798614143,0.139731863469986,0.780495138674577,0.108366118020507,0.739115885264971,0.11418032106622,0.747890442834053,0.137211347119926,0.98186454910847,0.154092408867819
0.889809252824831,0.187039957328009,0.847779028269279,0.128526594085356,1.52261785426867,0.43356413281,0.0507661594963136,0.114274224224773,0.0743336069512046,0.205626181126375,0.904041938777902,0.043768329131605,1,0.267363792504716,0.185150564543813,0.479786049888661,0.711680326119517,0.131908616830781,0.745851779031265,0.136746707936648,0.610040742173132,0.152748773887613,0.756341150244074,0.136189823964513,0.990369567258281,0.149004352702244
0.792491624206194,0.180313962388042,0.955888285299157,0.123515055176153,1.56038187215666,0.392286469485501,0.00608256211338657,0.0915447444531341,-0.0948083040949241,0.193359936508603,0.852018030060825,0.0747262899108377,2,-0.973167627671783,-0.264530271509727,0.439367859133625,0.656075219336931,0.131586250340216,0.780246982886721,0.117444684218583,0.723625957206349,0.128541634365141,0.855796145665131,0.140811705584667,0.726287206898843,0.191304618286729
0.89209387120772,0.138489384238161,1.03059339580306,0.133099636426442,0.80605566042515,0.246029933315914,0.187118079322569,0.169285645158497,0.235539406713399,0.178787949361367,0.926946334043541,0.0213012802922897,1,0.606489358691609,0.62024679918447,0.457355006079167,0.731765171158014,0.110551189442973,0.637032950206318,0.118810174889612,0.670032873298553,0.145853470805237,0.576939306213804,0.182971363797854,0.704541427324008,0.173978528678495
0.874650699397122,0.150571699515221,1.17096133545632,0.129595120883274,1.08432975328413,0.296853216080409,0.197515574765389,0.152413787722503,-0.341656228173189,0.147665322794697,0.868030884669891,0.0514060100614881,1,-0.738257693057257,-0.262687207107505,0.4170127532942,0.733178916144083,0.113381445347726,0.677714160047177,0.117913477988373,0.655725494865556,0.147087237278563,0.769089294955312,0.159332118141113,0.770160853612916,0.181269748678998
0.946957217455556,0.13759026959177,1.18654622738965,0.112483443121652,0.888184067240804,0.217487951788361,0.0585490812363399,0.0843108572536189,-0.0930650086989573,0.129061734076711,0.833872294967096,0.0595478493165124,1,-0.408107795840082,0.0320232783240845,0.369523596185339,0.761505083556403,0.109685416606161,0.698491912570166,0.107210335724573,0.710342673700289,0.125472989091349,0.38457026197663,0.179504969308762,1.06580118041881,0.157337981364335
1.0711713168743,0.153014792653221,0.896374323011043,0.115515969111015,0.68876903321525,0.281132549599693,0.0593909184430894,0.0964580921879305,0.091016744180678,0.142050294918451,0.956173670877788,0.014680046521717,1,0.450012387445027,0.0958780885252539,0.563025702018596,0.74784594684858,0.124894366477389,0.755481010149068,0.126795919930872,0.733312975951065,0.125500624645794,0.757431142851049,0.139366545297004,0.541644489446002,0.183637192358868
0.731787706226604,0.133856393477082,0.848238277048495,0.0816326691479324,0.776589011143083,0.24200175295323,0.020439562967394,0.0497350230722871,-0.125988650170518,0.15268048000887,0.928895021345722,0.0250490900479246,1,-0.99999999933044,-0.290138031762657,0.474137059665976,0.4103889946083,0.125614825357656,0.72468282673786,0.0919334539805655,0.789558993665765,0.107683030935258,0.448389354220263,0.184106491546569,0.375778039498374,0.163231913257824
0.934198414814669,0.122945062073576,1.07547231702219,0.12751624917555,0.527996838762238,0.17003580076651,0.306395187401051,0.172767569646087,0.0637011393795566,0.152252700940584,0.927871446502763,0.0300510498012814,1,0.158376437377906,0.34212921357118,0.498250831951242,0.837811229372415,0.123317519391296,0.705233489681059,0.116543178185811,0.768312585998194,0.114528671052779,0.772576685909505,0.129581540772808,0.913465759973986,0.162895978769998
1.16477192839923,0.158852847218768,0.973057762782854,0.104113760689229,1.20334226414847,0.306167128712218,0.0016028323518504,0.0819344255701939,0.0415052005449541,0.1662381787621,0.85311606835656,0.0659286752225419,2,0.945069791724472,0.55169215666785,0.410454579053383,0.73119620389397,0.131981586490409,0.783665783117746,0.112203765901371,0.357798060787794,0.133714343592244,0.736593159513744,0.118199955433596,0.684072988395764,0.15076899782916
1.39356870330079,0.181686762270505,1.09579794575931,0.117080350640171,1.57882881750686,0.438372278543659,0.0281669416446705,0.0556532374947891,0.210880959713293,0.212512448091228,0.920194313907024,0.0287533274102262,1,0.999999999999543,0.417008788731511,0.457734569369918,0.570921036061027,0.146339664987575,0.864279583662242,0.0912606197656735,0.687604328556955,0.115509454561657,0.733008953775274,0.157218979738712,0.952985931874222,0.161327714287947
1.09558482302558,0.160490968934765,1.13552901857641,0.109853512171343,1.33603654424697,0.362625728504742,2.75500082287991e-05,0.015520772223415,-0.00576491528822424,0.154488951905674,0.905311668647583,0.041200963206966,1,-0.950217216298085,0.682904395990076,0.473556431060483,0.747135721686829,0.132167006080644,0.602891091308994,0.122475373953992,0.764840459066103,0.0859933822714509,0.711623469393952,0.122917946135843,0.892125361679313,0.124157736523402
1.08330905221008,0.197378043719208,1.12020183202924,0.118166424936572,1.820759009333,0.498392319560431,0.0501209843285486,0.0629967802610596,0.302089777655678,0.204683124058441,0.885262407843319,0.0660705894376931,1,0.999999999951863,0.106010568337542,0.434894268607489,0.893474278411202,0.119387269699138,0.559669068558453,0.144834084221779,0.814962557947443,0.139019851840391,0.976241221012333,0.139000646369626,0.71111731094483,0.183747393330597
1.0893551541071,0.136957046215903,0.99040251655552,0.0831847134360556,0.937216748643055,0.218025003194208,0.0457958030967555,0.0561319873934268,0.207172859414712,0.131884280208419,0.738814822174089,0.115208280141342,1,0.999999999979374,-0.262521201047813,0.308787536614171,0.608890969229446,0.119732445404293,0.690569588749179,0.125876921170406,0.682731339214275,0.119601150880266,0.712528279656887,0.120979907269483,0.56083482679153,0.14212472130339
1.13070917885389,0.14199896691623,0.980356365604644,0.109212484871918,0.834311934576597,0.220042417848844,0.0323320741971105,0.0700990033312448,0.0398877002384676,0.118675807244539,0.887089856390905,0.0401746754355644,1,0.242861115778419,-0.0515068940150748,0.418115840252262,0.661657177511864,0.116698958289331,0.830602434788262,0.106733033350867,0.449993382357593,0.139262329400679,0.576441174641933,0.13921622791422,0.959182089565413,0.142420556548228
0.799971241918806,0.134473269654311,0.98882578761731,0.108217562629642,0.785969869829607,0.230393363660867,0.0892985716326748,0.110482658467192,0.238217969943441,0.126595511373985,0.89805472854844,0.0386076153175407,1,0.899185540184463,-0.742839052202147,0.391284041230021,0.774041649817973,0.100759810624349,0.579039393067917,0.111959801653432,0.636405895779424,0.127738378717091,0.480591880585525,0.175187469155052,0.478989110840101,0.181751052555083
1.04236242781388,0.167975922847643,0.94264196492682,0.117732985030185,1.43412760246911,0.369659405805999,0.00387181320256702,0.125471867039227,-0.0722123675188278,0.219940618821475,0.819153906537705,0.117615663608354,2,-0.969081913655815,0.255623080413233,0.402761428865974,0.714886468307077,0.160479653057268,0.526231978031305,0.128323088138174,0.492348894934648,0.135838991984122,0.827105690878251,0.124555638001681,0.522029659282101,0.134249964001003
1.06000573304367,0.156126210049939,1.25643536309999,0.136442983898873,1.10726514570094,0.281850122913838,0.171601668482226,0.146198651089776,-0.298150613206815,0.182211285168165,0.857853923977709,0.052198059541452,1,-0.683989034129519,0.347877341919181,0.4049842511998,0.716055373488308,0.128624116401191,0.65898423119699,0.131414098391054,0.742430597002751,0.124029198970314,0.560227444125011,0.121314936163697,0.796825965445772,0.159948052402784
1.01834752398558,0.135145924732063,0.907103590907744,0.0998226024482149,0.685315627854637,0.220515253219809,2.68583529708476e-06,0.00170131378022702,0.0013156216168008,0.116196528205392,0.910787156144919,0.0262210062697674,1,0.969719199798613,-0.0486784931612623,0.42713578627027,0.82236267859797,0.099910356329313,0.625400067752841,0.106779995319423,0.708332540957019,0.11042731606847,0.651170272226939,0.144651411368366,0.404769979525576,0.183019756931111
1.08376661359114,0.153105157563783,0.970855508556141,0.0932581722937366,0.978754199646411,0.253373571129765,0.0530047498114974,0.0593215356442777,-0.227768789320853,0.12815055004133,0.880545605107803,0.0512022382031159,1,-0.999999999127546,0.152263536098936,0.398936382155912,0.672666995860306,0.129406138076312,0.718394207364092,0.113402578014142,0.743065507352145,0.122317987028816,0.717255073428754,0.165559826307283,1.0628281760916,0.133227380954781
0.858441833613921,0.19404214006628,0.944514859784375,0.116979139431578,1.63835018701282,0.460311228771243,0.0499023587343284,0.0914303628355151,-0.285932752152631,0.262911908680004,0.92261765964492,0.0318484763056887,1,-0.999999999931565,-0.123257598229544,0.509630505803688,0.938404591118641,0.101305419268574,0.666003538485401,0.152411282478466,0.663709380881452,0.173936188265647,0.812472477119011,0.156087863465268,0.474121099514558,0.207813384223139
0.743087878628391,0.141772141535284,1.10565559673934,0.103286422117333,1.12271834063437,0.279238065993853,0.0654565138619496,0.0749414014884638,-0.271088968098252,0.16713758909419,0.841409567766569,0.059324678414983,1,-0.999999999984873,-0.671761157184579,0.369967207712262,0.648665409398483,0.126589054784518,0.483913716175704,0.120216942838382,0.706823948309964,0.115845850536618,0.930460716322306,0.101085641989675,0.467061474243352,0.21078733091722
1.09642572286927,0.146857050735701,1.12660541143788,0.119650600351469,0.897767684651742,0.240608737793062,0.16349958258309,0.121713549884596,-0.150016744807418,0.181154165683065,0.909932896886391,0.0397586334318511,1,-0.391561000028025,-0.43731639617935,0.432801047926671,0.758766342609102,0.13779035579125,0.734906621667934,0.105769152822438,0.817680788191152,0.103218705224821,0.742196134297592,0.129068333935329,0.823960280432115,0.169724777333563
0.956975452331322,0.130823644878451,0.974942561125156,0.0939610048782073,0.605638212868332,0.162149052150822,0.0983352264166598,0.0854012065749406,-0.0768821032858578,0.140953575466449,0.889483455532272,0.0406549231597558,1,-0.315038811408245,0.387206279246648,0.470927877775382,0.405397953796454,0.150088241217671,0.777026223650189,0.0944775136354526,0.889985436526957,0.104203748643539,0.546567969074955,0.147132669675626,0.451027552748848,0.170951921992562
1.03747119876438,0.185403221892242,0.916252213829524,0.110594863604226,1.77311113125086,0.47942690370888,7.60245758274345e-05,0.0312931758218559,0.011213437894543,0.199095971267502,0.907843606201074,0.0345376202930695,1,0.965814677490541,-0.353744819237676,0.465976553856517,0.819798428778685,0.13493678313314,0.613313258121813,0.117088146940432,0.889083537644951,0.110957343199625,0.750908952522756,0.152156460290148,0.895369025184607,0.157170583735069
0.907664481951259,0.130203359376771,0.86012138666853,0.0940083404507626,0.700212134453769,0.186208327878024,0.111474387255031,0.0769256518839851,-0.0406920722394406,0.100016346297107,0.827614927331481,0.0804176052724534,1,-0.145648978662992,-0.299420216165765,0.349180916523643,0.642112893057635,0.10462260118609,0.624316965874088,0.103224137400627,0.660540302070945,0.122502798308595,0.488450534903098,0.176605848927884,0.466177756309107,0.191517774357273
1.02876621470258,0.129854607296641,1.05554754396517,0.107865956869033,0.506105554285027,0.160364042285237,0.0465328103581323,0.0919973472863017,0.0148653118662666,0.097904176240634,0.923819457969178,0.022543088970227,1,0.0968665499221365,-0.218075550084509,0.444341679974341,0.896315441492774,0.105072768113607,0.419734533869607,0.138678018171281,0.765843949717889,0.126021717218054,0.597473498636747,0.14365814970434,0.579481910318115,0.175831139346725
0.937353646493642,0.139215724071039,0.751347434298028,0.0892092122720264,0.915234651210173,0.232898180072327,0.0413173446341058,0.094679972461231,0.0340760214833355,0.137278717122519,0.893862977564484,0.0393882389026168,1,0.175233225422623,0.0485372063049702,0.388401857660316,0.746493569799076,0.116135953319632,0.626763974927284,0.108506603533938,0.783988683030488,0.0894539244766215,0.592877589199816,0.163587466679398,0.539180979072424,0.207795757777115
1.15645951958726,0.16851739211524,1.06950743355042,0.0990161105117655,1.13320117129118,0.30337966380993,0.000203796188116239,0.0766170633845535,0.0131712070338019,0.131770033386447,0.905022822123758,0.0380020753934694,2,0.866710465525068,-0.325638561772622,0.445058423817954,0.914936802330997,0.105283192331616,0.626918593477238,0.130316478126153,0.753489242518283,0.138237668755231,0.695285168474771,0.148547363175044,0.878759612540928,0.115303495210398
1.18674644619416,0.188689405937276,0.834380515853393,0.124849797326948,1.73979828790784,0.497665210273024,0.219192400629265,0.177544515618105,-0.113339527415958,0.242607350751118,0.908155174262742,0.0450518309560615,1,-0.183535128969078,0.0773910991148949,0.467594066729938,0.662695470622291,0.139935671891666,0.859131519571435,0.133197589673996,0.611296969769671,0.131731772305715,0.829444345063965,0.14090183415375,0.803581807702556,0.144217592410031
0.884719751950985,0.15527163538001,1.02515285267369,0.118068245417495,1.25920276433564,0.341511880094666,0.00173904934065679,0.0896725844914011,-0.0444384627274625,0.153199207203466,0.910601161729768,0.0310401955127078,2,-0.949631781075116,-0.577827020541744,0.449142781586834,1.02449411270479,0.0952352340706405,0.765193809551267,0.115828308192148,0.526797123783704,0.143821210626075,0.636535676780012,0.160338886509592,0.950085531439195,0.166426056302997
1.15070042284708,0.145133000073979,0.965734157941807,0.0996821920501218,0.820591619817482,0.223837348380984,0.0228238435820519,0.0454072186573522,-0.136854136707346,0.139531949679155,0.902548308742892,0.0389835768446242,1,-0.999999998890925,0.205977302502971,0.428044061937867,0.713969938895473,0.133479662624726,0.70128261228381,0.111141859717729,0.616724146990362,0.124218090546643,0.672297330426114,0.144733672018712,0.310345143205869,0.219851313274585
0.822408819461367,0.175161618757725,1.1397757306765,0.117216137389189,1.46823765850017,0.393462331586409,0.061528790966125,0.0899497148331265,0.0975765861628364,0.180091034266654,0.911341794788017,0.0376344046675987,1,0.324644649446759,-0.353224918798516,0.448203413867751,0.776791380799923,0.123623723395765,0.903584480768214,0.107075940393573,0.911437049323059,0.116940522504154,0.592224793703273,0.160008507792215,0.731075358305358,0.197165726697054
0.743844888844673,0.125965979226331,0.968781497999214,0.109831459905391,0.830989789452694,0.225267392079777,0.181448910247057,0.135052078807193,-0.0670594274180577,0.154870600056617,0.857897975661077,0.0574944847606778,1,-0.172697008637314,-1.23561712928899,0.413946975860353,0.808425354562893,0.11198495659048,0.755231850153598,0.0867766796406198,0.564065014972012,0.121319580770328,0.709986840687823,0.14182437082467,0.592727704909389,0.18230461440214
0.930021078611178,0.144324195920215,1.04597441132275,0.111949914007882,0.788735285872188,0.241379876205419,0.113286407781683,0.100899124746547,-0.288387256546973,0.138169696878429,0.930300714464372,0.0203302896945681,1,-0.964764972860818,-0.0733897240590339,0.475483814748046,0.753058232627706,0.12363429512047,0.727533446187966,0.102134490823475,0.469040421572177,0.129268557559248,0.911420019787239,0.124204011473629,0.544681241737416,0.231099160100834
0.981901892305946,0.144450635460605,1.00932259538415,0.102623347181045,0.964649647233103,0.240037135022932,0.0202144206081403,0.0379310417784852,-0.139641804997538,0.131990393074862,0.844269630932192,0.0720323434563519,1,-0.999999999854004,-0.213443424804637,0.366828201302772,0.636790147649634,0.112782828304214,0.615827255203531,0.107433700919172,0.680068890536105,0.109972921249941,0.708829729381319,0.133898378340808,0.533384274589239,0.166718519756483
1.07484526863971,0.154136921042857,1.03936704728862,0.0890088911565433,0.960900327374306,0.280589614975979,0.00791356787079349,0.0238387834724333,0.0872017772462945,0.132642870326791,0.918566112442561,0.0256280029723821,1,0.999999999813793,0.173779639877399,0.476619134999746,0.562703591474046,0.122577612336796,0.812300724871679,0.106545117504326,0.636844342119813,0.128669335592819,0.739937141410963,0.120975175948023,0.90016787179791,0.152285062009314
1.00384268742508,0.149509809353435,0.937698337973251,0.11610009205049,0.899470007224411,0.295748448711988,0.0480860417846378,0.108408617399002,0.0602265383733478,0.148317934450077,0.940693450592372,0.0205560257165097,1,0.289590989005869,0.305955449837052,0.491679249387344,0.7322017921434,0.110291748486079,0.714727064033472,0.100549519242211,0.65198764695421,0.136545061061618,0.788265876273261,0.169895766750084,0.749245238611095,0.196654007337943
0.876039429465454,0.139819596609974,0.963756968110672,0.0981481106684336,0.995726347509023,0.228453997713912,6.70866890161653e-05,0.0449665696450598,-0.00776838475292712,0.140968897636966,0.815731057481568,0.108177579189421,1,-0.950479049451465,-0.0344598809143183,0.367283843123095,0.593199204770217,0.11838010827645,0.649250770566359,0.116809545728627,0.85837005465979,0.106653051190602,0.666512515003304,0.163025649951027,0.651784348691824,0.194812770291778
0.893579462625891,0.11903353921983,0.974095987938481,0.0898743977600359,0.684262484929599,0.17374211770255,0.0164729922672252,0.0726671408663308,-0.0216742412978494,0.0938039648041347,0.859522943908882,0.0454559822392287,1,-0.204148546250183,-0.769195145242409,0.340744706290938,0.669969697523949,0.119904161942322,0.718373404314792,0.105175076316323,0.593944815533434,0.117670470658369,0.771463261457723,0.129086136742989,0.605217347826252,0.159031449449133
1.32342326229127,0.167605378958721,1.10686819081977,0.137699644262885,0.991054838731185,0.321588908965841,0.166706527112577,0.147677953857458,0.16125761148999,0.190093074788881,0.930403458470806,0.0222442201137259,1,0.396730032264756,0.564417186863624,0.488404103604,0.817195084349496,0.120142126752071,0.729739278006802,0.119805596324683,0.803833110644195,0.136829510153017,0.78210783797374,0.118739373770559,0.620911260570448,0.157993210303375
1.19889998873011,0.180075440901673,0.949672883845134,0.130334391362095,1.38366817644009,0.34691218570274,0.00167732923196118,0.087801332503434,-0.0460783215489342,0.170907155937994,0.861073775646562,0.0707391342953252,2,-0.956470361459118,0.159886433437462,0.42478033657353,0.688870216613033,0.148506679670891,0.551163929613032,0.149779657904125,0.953397148935684,0.109056549806649,0.492476934203979,0.153060529844211,0.81443784078122,0.157646324783337
1.08653855201577,0.172770880024385,1.05553731754979,0.117672725826411,1.02404101001981,0.303111664610244,0.0244862388185237,0.0861312758503929,0.158337136114663,0.147990175556531,0.922280874860525,0.0336244736246386,1,0.999914970001015,-0.0411916907914437,0.465712006214226,0.923391549088105,0.103933374538245,0.601203321789466,0.131495744126693,0.69568959874911,0.137737567307579,0.812067621915141,0.122343957260742,0.491616287877647,0.173421163148793
0.918281158242847,0.147382867953228,0.727737032313099,0.123387310879382,1.00520979243079,0.273677093220463,0.211032705799132,0.188954855110777,-0.08873928092302,0.202756373558839,0.838945687356695,0.067324410899244,1,-0.192669365056092,0.613633513065638,0.335422473830081,0.689336891317755,0.109647730409302,0.796520607080456,0.110241668861313,0.678130353224431,0.175244573299402,0.455074130893257,0.210382694540715,0.225946516208382,0.289545578107846
1.14613525203709,0.149054266347667,0.793255164346696,0.0891741876313832,0.977544564462472,0.226071431717609,0.0192730227875062,0.0301099054813304,0.137259748892237,0.109416599377464,0.823084864775961,0.0798766255102221,1,0.999999999980676,0.360537860956599,0.377087842184376,0.540436508376197,0.129058703431524,0.679025914590848,0.104059122481414,0.417153392482443,0.140881436356296,0.663760337693928,0.123005470876048,0.832270528204106,0.128804073705699
1.05808940243632,0.155771281891405,0.882603981756222,0.114163474669606,0.906693976629757,0.240213085068168,0.00356891284520325,0.0190036602810421,-0.0568850751911273,0.152485272156706,0.881986993452313,0.0361403147852964,1,-0.999999999944042,0.308790915355885,0.439264258121635,0.781837729501828,0.106598720467709,0.594157573845084,0.121109385322712,0.755174478077356,0.131112328358938,0.513660116204398,0.163158906365736,0.28359925219874,0.247285990866811
0.917788138348425,0.166296705240335,1.05819308893211,0.139293051957866,1.04337947711128,0.31144568329506,0.175391412352708,0.134545497912365,0.0345144419487205,0.21335818329853,0.913174557916356,0.0359179940661492,1,0.0806817943259037,0.700117882144119,0.535160820282672,0.480383906015538,0.165796818858606,0.476218243826985,0.128456446779773,0.778340780797695,0.109887808526248,0.901908974100525,0.136767831665256,0.658780736015306,0.170455564354531
1.02134366501234,0.167703629334044,1.0033668185863,0.109910140143609,1.11677062863568,0.340244060313719,0.00325321986188577,0.0165787256568742,-0.0602752054203521,0.151189623971849,0.938196082037775,0.0190895044344987,1,-0.999999999754671,-0.164177195355335,0.495372716332239,0.64944520183244,0.113290023685626,0.771446109542046,0.123402547377665,0.984187564267042,0.103667418175953,0.717664370707506,0.184255001651555,0.321751388646805,0.209687583348692
1.09397191229938,0.128298733579444,0.861747106700229,0.0858590500311837,0.494378524768173,0.158290145291573,0.0694087421977708,0.0924601376990225,0.000708275156827369,0.104390757022933,0.898581222721831,0.0380707298906685,1,0.00382353546784024,0.307635884206533,0.3850926197328,0.603773419073821,0.117100208706134,0.597188880139247,0.126736264234098,0.643875812003176,0.107758608354165,0.69226922603793,0.106425825537492,0.715250469826122,0.131279786434906
1.16417770649401,0.172404819775061,1.00176918134901,0.118099691849553,1.39686655476717,0.379133208080631,0.0368042687227726,0.125433824419426,0.108370274272423,0.185149579860962,0.897384141183028,0.0366462959013685,1,0.477951266152722,0.463822624320992,0.442021080325574,0.754047547564928,0.111332045238937,0.614366981383968,0.121872408125338,0.714527539030039,0.124852055098226,0.646249812668614,0.145581981038357,0.800666301283364,0.15262084528019
0.886276075356388,0.159808319582149,1.00734824370127,0.117388776506456,1.29048588695806,0.371101425644253,0.00978853890336489,0.0319854960794264,-0.112392042906586,0.182840779274796,0.937025763274274,0.0254081429057943,1,-0.999999999999345,0.0582373715283324,0.496808892348296,0.765217584403741,0.117605696891447,0.707150615823061,0.118177704688002,0.632972184959613,0.142192717675913,0.668235094797875,0.154046858212807,0.989642848227394,0.149755915194563
0.808735889725443,0.137243690797704,0.92252210300395,0.10268086983219,0.799044733709056,0.212813597178101,0.0389269613140716,0.0759847912617921,0.176364291179641,0.123082792030956,0.815852413744002,0.0737539124959352,1,0.999999674740197,-0.266326628399002,0.361452793531395,0.521944229363417,0.129118063759881,0.639305854154993,0.109960572697524,0.724808158286085,0.12448393658235,0.799576795694166,0.13024408715151,0.559202175481194,0.173523984844419
0.98493185211753,0.139634817585504,0.98222730866927,0.0994212140757891,0.717387904103083,0.19380013668328,0.0303442751210973,0.0794442803917772,-0.0416622842409195,0.100020635552344,0.883680154618224,0.0428862468418757,1,-0.282375926595395,0.0583737576731038,0.38849770406463,0.567132143595703,0.111695030370743,0.655301540767312,0.110635521440862,0.748844749098976,0.122426722188747,0.629188152187579,0.138739169216947,0.703413823063415,0.182351018136519
0.825057829178558,0.141449889056981,1.04312274158723,0.115577086206756,1.07096209766796,0.256174957342466,0.0727050643383884,0.106016047311359,0.142842656266053,0.158050894388646,0.808245486043069,0.0844757796914837,1,0.511904014664959,-0.0839838136628229,0.314699625680849,0.776354347383102,0.117107047541827,0.440239787603214,0.145612312964263,0.61491813757836,0.122988026901327,0.543417701384082,0.134407118863866,0.78223068624361,0.125563973703462
1.01527251840427,0.136599883986797,0.927305385358325,0.113345089137505,1.00922510873079,0.277021267335801,0.000815330561977721,0.00773297823412862,-0.0286853846493972,0.132794522341727,0.909850202074578,0.0251131821100737,1,-0.999999524471146,0.249184719762221,0.374042641489805,0.687778309154437,0.106315913959269,0.708137518134721,0.0944385965678554,0.576930267308057,0.142145114774394,0.75865116184348,0.144299642880244,0.826436444476964,0.134156831050872
0.842017661275586,0.147268060108864,1.09419432875518,0.126747290025548,0.968393262145169,0.267441490228051,0.239410559848128,0.149841225659439,0.227936723765613,0.213668671741706,0.866601633241916,0.0657600592431636,1,0.473387483676997,-0.40930434338463,0.441807746888767,0.79035742563383,0.143462113511226,0.753567865138007,0.108520902072404,0.688140339204462,0.129203830651772,0.73971222544327,0.163087586311852,0.490891665709056,0.209718695406534
0.897479064428892,0.147652370001247,1.02753290659926,0.0984508796928012,0.883518189909068,0.254269744678296,0.0144326302073081,0.0333492185115992,0.112922500749285,0.135071433900061,0.900042043910931,0.0236089249089492,1,0.999999994474553,-0.651725038321143,0.41286789844376,0.754349489076236,0.0939531998329871,0.772691712252419,0.110060757682924,0.493794803014198,0.154819370112189,0.742736691643444,0.172543876567922,0.659529423096228,0.149754197136734
0.799006845909639,0.145149297434185,0.970684447777972,0.100619185687414,1.00067779108653,0.251185442388803,0.000192426396932683,0.0944955870874478,0.01361133284821,0.115107071556334,0.795562928544518,0.0699663416343509,2,0.980892016059602,0.0733786360697912,0.363226229732722,0.569102775113145,0.130089462449976,0.670767120630755,0.109115763788569,0.59855554092355,0.118666198307254,0.580025004455266,0.137829755730691,0.612079983890074,0.203377707728901
0.908145920833969,0.130561602633272,1.00697446541997,0.0960291947063844,0.748542202853559,0.19111453868694,0.0659382818919161,0.086373871864444,-0.14141359483933,0.102343986279496,0.870333232640304,0.0520206634405959,1,-0.636523150424352,-0.4030893388303,0.371043863341488,0.744495807125884,0.107552715994655,0.784083042261835,0.105850706341155,0.646587588357092,0.12117108353947,0.459523208955371,0.156128805886676,0.787952741294318,0.142546225959241
1.11019723090467,0.147186107065672,1.03060429160275,0.0974203162534619,0.761732209958984,0.237439841164804,0.00278158896063137,0.0581300876085599,0.0402323043413281,0.114464389811938,0.915071252506074,0.0300444666691268,2,0.874031874154792,0.352274592714972,0.444380380649468,0.7931676769645,0.109058593010879,0.643789680202922,0.11768662520471,0.615225971090659,0.125306952645835,0.765167506545077,0.148782125911721,0.613233675582375,0.178241791166231
1.01071949457985,0.148138148115217,0.816650766234902,0.095292819827676,1.05104462321862,0.311210681783606,0.000569193755211486,0.0574823386218594,0.0236684219311552,0.136828844762167,0.907581343141375,0.0355206306141927,2,0.9676730856364,0.475567316636348,0.407198589052164,0.613701281171791,0.119620584779423,0.773251274530147,0.0962891386242525,0.510240245966714,0.135469912313513,0.778147714200384,0.148252429052568,0.466033894478033,0.223722897864121
1.12579780399462,0.176090681819953,0.976257622944427,0.113886672666925,1.12508901906987,0.316812820069157,0.19033050564906,0.145354095990419,0.368490470608522,0.193690739448097,0.888569047136619,0.0538500614201486,1,0.796303487071079,0.24414172008,0.459554299021746,0.494859605282319,0.131801983444219,0.609957025138028,0.140659876059594,0.72952026202639,0.128967588194556,0.820288395490121,0.138111427041854,0.843934028985707,0.144876821004897
1.0012306218357,0.12726737891503,0.988855233883702,0.0947399273527691,0.554896101755501,0.192852495596603,0.000106349677291296,0.00306344248679747,0.00768199137643429,0.110544395187852,0.912330015562732,0.0304155720929789,1,0.999999747138107,0.760320204302233,0.449166773359939,0.609777997511535,0.103950272955811,0.644738723414397,0.103813332950277,0.600508490636445,0.135988245196451,0.532073512954214,0.141708525249701,0.677488793086339,0.190498902604455
1.06324208778726,0.157301734887308,0.948256254692837,0.120158915555995,1.14518843243068,0.288587669507347,0.256557397184215,0.164754216306937,0.0551492636101727,0.155408541218665,0.758093372486502,0.12700690727066,1,0.101744038287369,0.451260971503722,0.347281980334378,0.712401727110998,0.134438318114033,0.57617412759169,0.117466134710673,0.798936409875612,0.122815902341304,0.777704080775523,0.13958923372389,0.666566947598492,0.172025105203356
1.13712439421958,0.148454480921113,1.06750133136047,0.113466105673304,0.901973633696672,0.275582678206728,0.0388057387533762,0.092729045032541,0.0831529003357929,0.126904498175324,0.929302353836625,0.0278048504600865,1,0.444459816626012,0.25796283163167,0.463912720138437,0.640149128557349,0.148793148196668,0.869928591077016,0.12451328281509,0.68973195643588,0.129030532371439,0.489632739471639,0.157577697739988,0.734925447382779,0.139815027632925
0.916057638578373,0.149950596090392,0.976692977686046,0.125121693288294,1.03866592174695,0.278189134120952,0.221618933546966,0.12352885631034,-0.0363716808603898,0.172383440576212,0.870760534529479,0.0575713011350451,1,-0.0758092150781175,-0.376876376861596,0.381343325219322,0.724828029377537,0.112777355181555,0.725900647990889,0.117476044134151,0.642146868337317,0.128404963359891,0.756592070393521,0.156398408295133,0.513071585828162,0.184655605175388
0.903518218294226,0.165098635936129,0.990219122590797,0.100318242427174,1.27003191873472,0.357301507957945,0.0427933904461553,0.0839377115418743,0.233128502849396,0.173378278862041,0.936110677294559,0.0247179394102352,1,0.999999328996339,0.0313343557025038,0.504966510005037,0.785457472157767,0.12176995484656,0.696530369361548,0.118267679383202,0.66837434150907,0.11566183311983,0.879814568397981,0.139314112725235,0.86284947912424,0.156662334555083
0.87820527467891,0.141442908979261,0.911754508352057,0.0978571282779655,0.933146866568286,0.232537924595684,0.0670073216136905,0.0685726556389311,0.250055338234017,0.137695206135338,0.848159586305498,0.0531488382660715,1,0.999999999827114,-1.48440131722683,0.38550051342028,0.863736457625724,0.103197313331648,0.675067325650854,0.109645761979219,0.700485218392253,0.123281541578522,0.67348269211078,0.134151348497961,0.60663109688912,0.157416690394817
0.797157310049632,0.167012521060179,1.13319925291565,0.112307865401307,1.64000136979876,0.414989341617582,0.0160602092149194,0.115256663734596,0.159422065223405,0.185091361185555,0.829505496838578,0.0743324953084246,2,0.982314887887037,-0.613303243308992,0.357170578681178,0.781420885906668,0.111764264447715,0.81243927508581,0.0938497252391613,0.658031695622163,0.140424695142294,0.921693634444381,0.131379013443567,0.464216992868507,0.224875342313855
0.89518415724699,0.147198394885718,1.00977189813114,0.0928150469760873,0.947561472817532,0.224858800689486,0.0588743079596526,0.0768893455472495,0.236192772880632,0.161437002022568,0.834303096559581,0.080007847055531,1,0.999999999997135,0.2067758877712,0.397882562292147,0.587229262022313,0.117735733622815,0.684623824931842,0.103572646141172,0.475585693477166,0.128238584286586,0.836947175816616,0.102067836085691,0.813634811338704,0.167711590095059
1.15439825437741,0.149882452517535,1.03029927819584,0.13239267056582,1.0126517467292,0.253604360986386,0.0924615534374112,0.147542307929215,-0.0121001268056992,0.144010822338144,0.865987407287649,0.0504444955063747,1,-0.0395438791933506,-0.0518642984062927,0.365045296176921,0.542012025597253,0.133528773317201,0.795290680300224,0.0958486831860052,0.846500427657648,0.104191518215085,0.476907115738453,0.149535364113247,0.902988552716898,0.1647714943803
1.01054682412166,0.136722289187723,1.13483682881183,0.134978024215434,0.855266457531611,0.212788912639749,0.158481934627681,0.153351291687744,0.0635979124870528,0.153846064455098,0.843813890589475,0.0693967150655324,1,0.172743716410105,0.114471496087645,0.365589494054062,0.649613177227975,0.120371971508796,0.88515397775079,0.110895771818897,0.716015829400095,0.135082316577483,0.57332980346092,0.174045062690254,0.591296898701279,0.163312805030667
0.924117024256487,0.132757930222174,0.972816820001042,0.101954601685219,0.854461541206008,0.200290714554774,0.0647710210037574,0.111091545121083,-0.0179907908891683,0.126761291503456,0.81607655248921,0.0749619745711785,1,-0.0764739678440741,-0.145255129273561,0.387640622780984,0.482121881394313,0.140267134508764,0.532604939135292,0.121825199318932,0.541104015493003,0.112664850476117,0.904804253065489,0.116304745959863,0.740419560362681,0.170381086615437
1.03226972204962,0.157298376613795,1.1500863307413,0.109375447245717,1.04127677354485,0.271222617737259,0.0906428053542718,0.110540791530698,0.0944977937342393,0.165451323002885,0.904058008089082,0.037482886334885,1,0.307589785528815,-0.293596747069432,0.433530135492024,0.471700306827324,0.119463022738004,0.814615909596096,0.103579388901583,0.67506280098299,0.137751937561557,0.669182431512729,0.1166846066694,0.740599202278598,0.151002592098435
0.757098630063438,0.132954006782994,0.827696295143557,0.0931872841057119,0.928291386066405,0.231852813007789,0.012984679501022,0.0402537267465424,-0.109788711437098,0.161416631068786,0.827986908595656,0.0765873936137796,1,-0.999999793728516,-0.162782824288281,0.371255355288513,0.552026524888054,0.128248343848672,0.502685755765037,0.126551709631755,0.412377194804724,0.116770851363172,0.733615759674401,0.130254588995728,0.509759358268617,0.147776590220646
0.724634836295182,0.142739665649279,0.93298422325269,0.103720416684964,1.04233019188713,0.278751149727626,1.59281211596771e-05,0.00558680025901066,-0.00401313645048164,0.137761041185458,0.913518753468939,0.029675178733067,1,-0.98491554571876,-0.0708021381270121,0.44598177847856,0.655178184945918,0.11618869118157,0.737130720927157,0.111341499983886,0.676590046627593,0.12529940314259,0.804364881760309,0.123143898346296,0.580326184449443,0.188670749531178
0.89985947024925,0.166472949007971,0.834354058521534,0.117603495248849,1.31020763621675,0.349803632065009,0.0970484678329329,0.0928103012262046,0.160956997462307,0.18641851439938,0.735523312122706,0.148814592292166,1,0.451383268749896,-0.00762123653731316,0.357891321040219,0.662526713015291,0.114059851072927,0.710163473075665,0.130691290008454,0.357564814005919,0.163981594624367,0.750908518099119,0.14302495865286,0.930635587284805,0.179295228336569
0.756639410581889,0.170372195527045,1.17338697933255,0.144327859792009,1.21812654867898,0.399557908910625,0.186125254140584,0.149300788673891,-0.321188346204416,0.232332237526895,0.951310087801671,0.0166206277609956,1,-0.674544993123862,-0.030304984196532,0.548609251312837,0.76523507013288,0.129324075543836,0.818700640727367,0.133532669067516,0.986020812076096,0.130966225522484,0.487423974878941,0.187809215433212,0.729443478790814,0.234026570476925
1.1731488327792,0.15633331499035,1.14537276507431,0.136995271737949,0.975667447904345,0.268363359357281,0.186926291214294,0.110910450701708,-0.0230253339763571,0.168483509060949,0.869688247748933,0.0575744354015626,1,-0.0539162695512149,0.452326191311568,0.41505897266497,0.774311255040802,0.132639019241247,0.843007339685685,0.107672920208345,0.706223100589309,0.138688154840741,0.657844401696639,0.162857760145488,0.866345278267352,0.141936602806393
1.01455372683972,0.154739066383393,1.13290977000673,0.114564176988667,1.00630801958953,0.28975327125363,0.000142372618145112,0.0549414158507274,0.0104339426039452,0.143010488653712,0.915860548531331,0.0342952132064741,2,0.871705408860623,-0.734381251228488,0.441003952006535,0.936662963199141,0.107779858728947,0.683125250411241,0.111770350047391,0.653356525398881,0.15058044401883,0.729525341626179,0.128566130423918,0.940148331905914,0.151068238098652
0.866700109875422,0.138676658816381,1.059189388063,0.116792888862143,0.760380572542308,0.23407950393084,0.145642789036885,0.117163840835424,-0.0548001921584012,0.157450186612331,0.940946911106045,0.0200840710853595,1,-0.164672880256147,-0.650083786773589,0.509745270719672,0.79835650067135,0.119057472858053,0.668186806043872,0.110811207481857,0.641633407245372,0.129888284554327,0.908296788060989,0.131604735195471,0.801385422267346,0.167480924093844
1.1104031924493,0.166385587177908,1.1040256617511,0.119804691804551,1.08038584473887,0.27932329448183,0.0957434586203584,0.0994636894300713,-0.0895183420207229,0.184568660610999,0.856521706144315,0.081320096445204,1,-0.278335134617335,0.455841207988477,0.44664588378689,0.685688889264965,0.141274249297308,0.579076230704037,0.119737082049594,0.679658269711393,0.122331242717908,0.802035041752232,0.140825594729606,0.796556901967676,0.196671275132919
0.724395473400057,0.143323292969696,0.949291454923108,0.114298331570173,0.950757151211353,0.274947630861552,0.186554258135112,0.105756874518709,0.113435586579779,0.169013209616611,0.850889945931096,0.0488473201203548,1,0.269346872806583,0.133741794653764,0.386398799968374,0.497288532582743,0.110068118954417,0.830716806168591,0.104219220236616,0.619639734369433,0.143129433637258,0.553149309682358,0.181493752937854,0.518778559374511,0.257063164636213
1.0015857096527,0.174250719438934,0.97032282437848,0.118759644738011,1.42159610989777,0.394305803458106,6.55561417746627e-05,0.0255968252436926,0.0094139656299577,0.261253985087569,0.933879525833923,0.029686063373616,1,0.975164319253423,0.149380289306972,0.532098627511134,0.51614361962737,0.15931614682665,0.523245383925077,0.132919875253363,0.666446698303949,0.124882081920094,0.841340166835196,0.114997028895896,0.419514255229059,0.184453367114145
0.791345861998372,0.157712086110062,1.0445296928597,0.0944162963466371,1.23898153750263,0.314267582457001,3.3291752547038e-06,0.00229209316527072,-0.00190022835344731,0.120472680813083,0.882566958475258,0.04273680075561,1,-0.935631958317068,-0.132425415702655,0.388615968108115,0.853611257760047,0.112559241494361,0.766132916553993,0.090252131048226,0.624497842391591,0.124162087829653,0.740497884175173,0.151401450699123,0.775501923423566,0.194776845043572
0.960095114907898,0.130782607227919,0.835172672698348,0.0834556446947254,0.799269031603881,0.219653667226029,0.0232471356984736,0.0653851751652172,-0.0844999166668866,0.137312666462413,0.885197921961149,0.0299634586871359,1,-0.619904890016119,0.0779321137026437,0.407237114425791,0.583871246647864,0.147204171498134,0.567797945941538,0.114348100567608,0.704229155157087,0.111729436703345,0.634347241616339,0.132994448250388,0.715480632831585,0.135322815647985
0.878097593270759,0.140788095138882,0.993478552056674,0.103876304685802,0.767924724478782,0.236792539464572,0.00463526618660394,0.0211052901133541,0.0596618409764673,0.135631688995462,0.930534584298576,0.0217484856604341,1,0.999999966212955,0.328043334278144,0.458049599851531,0.57479248752548,0.114584336036366,0.554306637280822,0.113031550787892,0.676583835647339,0.125216418953804,0.528943490088395,0.155646459770531,0.82527377719273,0.166877054496965
1.03962440535068,0.16955484376937,0.994235202314872,0.136156045014715,1.26794523144087,0.376254468841985,0.101351538365964,0.09573923104362,0.0647198969661011,0.237588079738564,0.946556595718769,0.0239317557279844,1,0.180539567337221,0.00870465500455736,0.551747366961671,0.692361438490071,0.141850086761081,0.90837504977921,0.129023084809029,0.633079909542188,0.140357282738859,0.935637814419903,0.137181065011524,0.567870285081847,0.19462511026037
0.725134656457037,0.16081130876634,0.991806635302474,0.121653680527889,1.13456334973583,0.336999304191618,0.00283454354468769,0.0523239145633899,0.0555170004081378,0.134991963115349,0.923108352714645,0.0271651664225816,2,0.978971506062903,0.0752764659952152,0.478654235425595,0.761799427749748,0.125130736382097,0.71737229096813,0.121599077887944,0.67565836016777,0.125846250263179,0.663897912407797,0.168446574762215,0.438521213161494,0.241371441588647
0.976956663868732,0.17161353077296,1.19444706893135,0.132798970289826,1.26046196156525,0.36639565477697,0.107891956381282,0.113517391151515,-0.242349711186731,0.172803877182618,0.929863702154392,0.0271415696163669,1,-0.657178127222282,-0.0124173241762151,0.463502287919788,0.851192720888899,0.133541609858915,0.692181906011196,0.126672852898483,0.776549044246934,0.137793589739204,0.755937852937096,0.124291267091537,0.876190311281256,0.137623387630753
1.37264164712087,0.168822481780665,1.28370465078064,0.110613771797015,1.36709500208269,0.342099595602116,0.0509424360031559,0.0992792753130029,-0.140574230859324,0.196725502910633,0.903309282891823,0.0412894205859834,1,-0.532680150676313,0.703736576923022,0.454961336373275,0.755263361729632,0.146188652469589,0.92533001983422,0.0990491211343226,0.696485207944978,0.105391522871158,0.875856944753808,0.113563869138303,1.02625858604661,0.17895685967204
1.01289360066777,0.129751682737561,0.792734236738945,0.108380235545941,0.72356014432282,0.224268202302846,0.0640612877693187,0.0776324265740981,-0.0156272344492401,0.161194490373146,0.93169592225898,0.0246878994063,1,-0.0725850160272332,0.393132075757402,0.481358372564927,0.742145847397828,0.108926796437312,0.63270479599574,0.115903270675344,0.574225821403134,0.144721548192874,0.526280673921521,0.149058823120902,0.697942309200347,0.155955682052177
0.931290242335771,0.152105087723286,1.15155766749944,0.111784377604178,1.06933430798408,0.271690841027875,0.122871376800891,0.112578097919115,0.237094982864341,0.176858233859375,0.833855278089626,0.0860002325708623,1,0.654094129461511,-0.41327632719754,0.390637024483219,0.759638339551393,0.113496305247855,0.874864796270741,0.0986208290961989,0.609728793481881,0.15010738298714,0.512148100011518,0.151422821919831,0.679016906932112,0.202027086771928
0.931401647883202,0.136079447995974,1.08352334916828,0.0947016410471298,0.810542279647585,0.216774030508748,0.00238861194805848,0.092534663755763,-0.0397903415785615,0.114463315889518,0.880263465447482,0.0449055481948547,2,-0.90430936917221,0.305820339149647,0.383155431435982,0.579245113147744,0.127135519602698,0.708631151267947,0.107693851767182,0.694743082607287,0.124563638425776,0.625439742641346,0.151017864974688,0.409808528614171,0.188406150074143
1.0020186589595,0.158438347836149,0.962298493265444,0.108665772022187,1.15992753688631,0.319513292299569,0.0719495508182219,0.0827943874831662,0.288887980444637,0.179593286706786,0.859041872968974,0.0623302786392295,1,0.999999999908482,-0.0478204052552404,0.353858511910857,0.704349363934246,0.10993701886818,0.538206453360059,0.117223632238133,0.645248999031226,0.127744077601482,0.633461398302341,0.158181431211814,0.696560738856878,0.197031747351608
0.8228583496164,0.167199326584866,1.09858168219228,0.107651866381803,1.4009568075256,0.32801983217767,0.00271358393497621,0.0150677974222564,0.0616572221552482,0.169567406403363,0.850862985599654,0.0813581469090674,1,0.999999889179243,-0.285838998377421,0.455885504232485,0.886348556128005,0.121381867716669,0.384160666301139,0.148686199375583,0.58483497462043,0.134994001703918,0.949408836849054,0.0995516564289781,0.781524620834182,0.125859167470994
1.1808608815636,0.171913672635907,1.19695766150162,0.138121200416432,1.36611598359144,0.390805842901767,0.0745211538005667,0.109265646230686,-0.075583453509747,0.162341363377039,0.923544564128824,0.0314754049137025,1,-0.236888053855633,0.269476237884905,0.447018729523703,0.725094797934401,0.130405195932788,0.797204129040794,0.112675242048907,0.893936854229706,0.137816748220608,0.57444604120295,0.168021153406102,0.743692143408824,0.175947014075654
1.09953017680986,0.134759682262983,0.929997298809891,0.0991502505278779,0.683122393479609,0.169575644827705,0.00771436687680028,0.0582679299539522,0.0725884375264988,0.121419583233924,0.857522940702652,0.0557767967840235,1,0.999926418203733,0.138348599773443,0.39672278488951,0.659118390831384,0.136967294416398,0.564767800160772,0.128215420408938,0.626979571982997,0.100200798565252,0.777815667984455,0.114022653164198,0.877808606065244,0.125380325635898
1.15119766373935,0.180888008769856,1.11997740796265,0.133370888609857,1.44432051029385,0.355852170530203,0.260130424409353,0.185437373081767,0.150132719369291,0.206544118703345,0.826318341646972,0.086738667414769,1,0.244933386429394,-0.824923059249172,0.424142194147568,0.795848638517351,0.120473765672236,0.970552014698225,0.0997833280893564,0.692714902356549,0.133281478865974,0.633503877493001,0.144546122465167,0.955498431352276,0.159134342177103
0.870462983849591,0.134293823534126,1.02603021199056,0.101821948442205,0.708014159640352,0.221001824647761,0.0764860368987889,0.0943986336228788,0.226889011600862,0.13136824385532,0.919127769174772,0.0249622929091082,1,0.974992808171784,-0.378605037995175,0.42406887048743,0.549212165079905,0.14006769589584,0.666570795439727,0.111500771267603,0.794889885361439,0.0992405123281189,0.483373124191681,0.177462041789677,0.902692937782887,0.14736393515786
0.893387835635084,0.136284131482208,0.830459467440417,0.107999912718418,0.888421348565825,0.22194677298132,0.007427376233455,0.0226004312373572,0.0812320109894961,0.125641484414634,0.837379952465246,0.0736091814017713,1,0.999999999982251,-0.380890302099585,0.379605544393233,0.739224158416266,0.10334148290894,0.628099858367402,0.116070650052561,0.622976287990169,0.135328156620756,0.603116842278244,0.16329441665841,0.488733046261197,0.174396552147085
0.761104079835325,0.129038782842648,0.864852055530259,0.0917641524060549,0.813233792281403,0.191425486006101,0.00572980640945747,0.0250435265829004,0.068261767042671,0.135987075875053,0.706661491167522,0.160985551381624,1,0.99999963993024,-0.476481589728004,0.348500405449123,0.579533943218273,0.122923280894111,0.784725936348621,0.10003718831092,0.442347715481718,0.132940814502975,0.825110595101098,0.113244244125882,0.71041481011475,0.14195777275403
1.15701820952061,0.136392879928019,1.03327806273426,0.101156612901052,0.702232112840934,0.182708650053745,0.024165073472249,0.0884005165657736,-0.119408343010937,0.129460133900347,0.881883681427285,0.0363797668479326,1,-0.916643090193444,-0.431035258330895,0.381966696914403,0.80174102205808,0.104477204837853,0.632081221102278,0.10310062495302,0.65907383048969,0.0966122095779079,0.759985761637291,0.125845467330813,0.575814976215337,0.17633393954005
0.95091731386763,0.169564669606172,1.01292783653751,0.0993378640087667,1.14810317611536,0.31904063964807,0.0057113689541167,0.078417156211271,0.077226849795054,0.123480170121167,0.924133186212844,0.0329673804518465,2,0.95369114934657,0.0975115234875112,0.508906154471351,0.84414605088662,0.127214885078151,0.463964761090554,0.161474416576268,0.621872078822247,0.151806187628584,0.703160384041311,0.13004332107921,0.906757711862161,0.128960055225769
1.12589518663484,0.148422123422661,1.07597746042751,0.0945317300758409,0.911925965086528,0.25625701503672,0.0350465020509398,0.0434444399711922,0.178773082929587,0.118319507457643,0.865428051393482,0.0513085235653176,1,0.999999999600101,-0.199926805008747,0.369834771093896,0.780328355176182,0.0923373036595942,0.609938406927029,0.111471612156955,0.613208369374944,0.12353586911696,0.3529896297201,0.177810275651157,0.666691187091634,0.171462282436757
0.822951960283359,0.133027778473995,1.0664553643627,0.104339041621473,0.822125231861848,0.185611201520273,0.000775199232528286,0.0102079050106529,-0.025244716108057,0.0867595688960384,0.381604842949099,0.308199531675361,1,-0.999988108240111,0.205107305243135,0.311869097282585,0.504506173549486,0.11351239291335,0.759282774933105,0.104307983632156,0.796694853678786,0.118622151582145,0.695250139741351,0.163841235766147,0.841353871542772,0.14659301539874
0.931582751036207,0.119474666186587,0.960107496416707,0.0877364311623011,0.44516931919214,0.169228176718818,0.00970481668542456,0.0261720955067736,0.0657288873718351,0.0916523458218097,0.941682245534923,0.0186522872661183,1,0.999999999815338,-0.123446562955637,0.460124082696131,0.82569315680138,0.126039452204793,0.573354505105914,0.126992400223556,0.777345288515292,0.110717998952,0.486987694824694,0.145002917219987,0.682049869727672,0.171644988383861
1.00531339661384,0.144105507756844,0.918684122474984,0.0930653098287546,0.634473923909029,0.233286657726495,0.00553708618213679,0.022887791728718,-0.0592717199946551,0.122611444629904,0.953719130643158,0.0155048070674013,1,-0.999999999163427,0.281438353450462,0.595451225304927,0.68456205575767,0.149613686166361,0.643744554414604,0.124702673065117,0.705509740124818,0.104147181687853,0.689007896425552,0.12008277316253,0.651468579582493,0.183672000769204
1.01156600873847,0.160832713116536,1.07900691584456,0.114478106056798,1.1098958334565,0.279408132904811,0.025780200635846,0.042971948977712,0.169154760281821,0.133332824110192,0.878785308475534,0.0548824417268743,1,0.999999924066913,-0.829871219874278,0.408306509265938,0.699519686552646,0.129935742237184,0.817965032286973,0.102976428059388,0.771645494672938,0.112074014131968,0.686756115249451,0.132955055759786,0.860944718194224,0.182132078568895
0.89755006581001,0.146768525003359,0.904773623186867,0.117451821757639,1.06453877190209,0.274173209185651,0.128042832748861,0.11397412582713,0.194423463642222,0.148016090444798,0.865758726856181,0.0647858028770347,1,0.526611449386953,0.163347177497322,0.382141316905398,0.558279334804395,0.117058410061473,0.788019653635635,0.105757267960754,0.518743890204739,0.129247249883152,0.703378174356368,0.12703883642358,0.843851371451235,0.149537513548891
0.945107612706171,0.143442820654508,0.873491843976928,0.0979834492828404,1.10177581949782,0.245141443299016,0.103157631161046,0.0816328082586053,-0.148911617746386,0.129027762846261,0.734450120297963,0.122023401266072,1,-0.441703949979017,-0.0875616767824288,0.328933667371471,0.587017718409438,0.118212798547655,0.611760660423631,0.110959940899186,0.615559688151614,0.115036524350906,0.565297918415856,0.12134412969239,0.639964064084417,0.151558150843131
1.0635408147338,0.136255994241735,1.06775427892015,0.0909204372166534,0.713892421821125,0.2042105253122,0.00301867429927722,0.0154084536914801,0.0464220711919314,0.118811899517774,0.924619787168399,0.028302313862825,1,0.999999997111043,0.626299118419813,0.472885617974716,0.583593630592268,0.140143485996868,0.71009762800635,0.112181043876222,0.671684434897835,0.117410108845113,0.756598203923472,0.138063040210069,0.696632777680656,0.124625530121934
1.0610422336505,0.150226355402131,1.12627756803018,0.105459396004269,0.954118573979867,0.250635279683388,0.0113671834871477,0.0949859973134521,-0.0925011998066602,0.127459708813981,0.890009822423074,0.0417072403227352,2,-0.888218379317031,0.13633042363359,0.429429677338544,0.541110948222243,0.140053377475042,0.629194223177137,0.112256188406506,0.693335331779169,0.110341997189429,0.68117878387293,0.118334882410352,0.612495394888738,0.157694950137618
0.965472976049084,0.167914410067235,1.09590883134647,0.119881022251583,1.28199470296469,0.316092661679356,0.0626765535107398,0.080752329893787,0.283462536197236,0.19373713316375,0.93468351689484,0.0291746309359724,1,0.999999998920473,0.412601666099408,0.527823655938359,0.692709158869488,0.135318497949354,0.797993002240993,0.114887977242227,0.789031081776774,0.123043729542058,0.79866921155781,0.138659877800196,0.822926957232643,0.137660760262387
0.924903526060358,0.151822738561765,1.21592722963298,0.110347282536857,1.16639846962104,0.286154055722362,0.0658946412868011,0.112291120069205,0.140974549111473,0.193666319739036,0.848898233159113,0.066125584081712,1,0.50850144873759,0.134902009904476,0.3536463817507,0.607504577237294,0.114220330195638,0.696948075728769,0.104676425356868,0.863853253097664,0.137759226355484,0.729814425164731,0.128730318743071,0.862859949939538,0.145744697063412
1.1000849975898,0.144984751212088,1.07257891248649,0.101307411562763,0.980946577701009,0.266447860220878,0.0697921576401351,0.0728037263865028,-0.00904816014849862,0.125137616034207,0.876859040377887,0.0424137026075398,1,-0.0345807404468831,-0.299992280438842,0.416317085408635,0.894535286978322,0.123215332663127,0.635210251050694,0.112478471067571,0.682030840665751,0.108342285790659,0.770862603258289,0.150794996308458,0.620651572748427,0.194950176269962
1.50032425967905,0.169596791705908,1.36377969269091,0.119508954371361,0.783673551382028,0.254571710506358,0.0516694437654528,0.0802403443851554,0.176897165589347,0.151165494242749,0.930296495982628,0.0281588080435127,1,0.879096166596991,0.894675864736367,0.537243629101534,0.746357657765532,0.138974910561197,0.946922562474662,0.115890544240518,0.741740714946424,0.128722011524569,0.727337977570788,0.131228573618294,0.607725419185256,0.185990469406008
1.02950476299469,0.161131374024176,1.0880119236866,0.146516515785012,1.03719943255106,0.318779227932578,0.449489845637351,0.259914742986618,-0.615530648004132,0.271591263046369,0.929578091891446,0.0326210263786321,1,-0.901485206017237,0.132405861984555,0.509282042048197,0.81582978950278,0.13344990387524,0.79205869825344,0.123882451958042,0.641685851213933,0.134513036424982,0.568311472115357,0.169305792617235,0.647821465174677,0.167428990720309
1.18317287897468,0.137952084876202,0.86238573733283,0.0805632573117726,0.808577315344188,0.226155186494101,5.11106984784959e-05,0.0325470386258641,0.00597694906723389,0.085563224549883,0.874600707872314,0.0488102647887396,2,0.929742899797773,0.164785746192853,0.390794351423099,0.767483886880971,0.119916003571413,0.655867220389722,0.111933325887263,0.79891638248264,0.107560681087276,0.772143454440775,0.123589895817739,0.556920478374575,0.218699411688064
0.945049875490152,0.136266191268588,0.918043552848656,0.0944587630448594,0.752158637870384,0.190152801689594,0.0163677390496849,0.0345544625462371,-0.110955560061679,0.119168472546017,0.871675936932219,0.0552463520518739,1,-0.999999999998859,0.168347440755531,0.403778002056298,0.601489006155356,0.114445482460864,0.423120463648466,0.149263816728595,0.602441398870021,0.128379560513747,0.586145259291608,0.129497236669756,0.556095394170492,0.119904582587277
1.01133340971589,0.177404117355166,0.958310240952295,0.115632246009787,1.38116337358074,0.375702374887297,0.0883676042251118,0.108615363994151,-0.145078247888076,0.181846577234371,0.936696398304165,0.0228825102842623,1,-0.415272559930791,-0.668203449036891,0.489791064919113,0.795045746112087,0.122761162519868,0.578205738962533,0.146046261462536,0.777345679836368,0.126029163710624,1.00885094107097,0.135300851120388,0.853209893996874,0.146080721087721
0.944241492802876,0.149005537507265,0.937953809467141,0.100502136086939,1.20112922658534,0.282316799559009,0.0347962503900907,0.0923670923781727,-0.0752529100293383,0.139306236849884,0.794760771943751,0.102078986550081,1,-0.368096940534556,0.222297206404549,0.34074651076902,0.63083448837226,0.106303484087529,0.734240919715789,0.123849001711174,0.781878751595776,0.122283682994239,0.433019910204105,0.157073406682545,0.765678481843398,0.132633187663795
1.15101124415125,0.178211832405899,1.08638518088219,0.121630667439481,1.34605510496253,0.34828600576803,0.0383723536429808,0.0959372867484736,0.128737679867001,0.168864662128301,0.86331049886154,0.0654796535870757,1,0.566454510178523,0.366641951175671,0.429187237317693,0.641681651981953,0.152051752566162,0.749942446724116,0.116039432637418,1.05617559403359,0.112789743449534,0.691288552808738,0.164674198312364,0.882940585583465,0.171503175131613
1.04230853435436,0.131999936424849,1.16297486275834,0.108027904501282,0.828118613310971,0.207717448472213,0.0323345123144192,0.0791717816853618,-0.0660031203709001,0.155133430473597,0.826345525988702,0.081247277737558,1,-0.403352763822213,0.417535947018597,0.371827419261705,0.586076314404248,0.11042544934855,0.735093198347385,0.0993832875893482,0.624225086598917,0.133495889605502,0.629441673242457,0.136220393999543,0.730646735326846,0.145217191180606
0.8923652472322,0.133993972393843,1.00293557743642,0.115602680844325,0.694758088928757,0.176753917622694,0.233076625342672,0.128432272699713,0.072655122278074,0.131073088770589,0.858590234227495,0.0576904941075554,1,0.180551072012405,-0.204216460892138,0.414256546474036,0.645968073686028,0.124877336025533,0.630988597422244,0.10702480184056,0.717085595677023,0.106625159700775,0.549368141608875,0.141254189100445,0.84782594787125,0.125256559654029
NA,NA,NA,NA,NA,NA,NA,NA,NA,NA,NA,NA,99,NA,NA,NA,NA,NA,NA,NA,NA,NA,NA,NA,NA,NA
0.956864389233532,0.134468432626841,0.987997948765537,0.105531179163128,0.767882092564728,0.186461538071113,0.0395542543866366,0.0924955733959981,0.0733398669841267,0.129211163661477,0.80814063300242,0.0921981816243999,1,0.420819878791047,0.310079673138916,0.350646783508089,0.63018092048867,0.12733986943564,0.846058845961589,0.10910835824892,0.681553825382139,0.127800244801831,0.57965580005941,0.145824383125643,0.649578939245904,0.160913907582934
1.20493588645662,0.143711260719679,0.98884753418486,0.126532886132318,0.77313027223766,0.215222394244209,0.236859028614622,0.134288863788873,-0.159957188462708,0.135489598160941,0.922101139141469,0.0247471275944643,1,-0.373794107438212,0.260407745206403,0.444311067370982,0.78230256479592,0.0976738793113121,0.864549966138958,0.105784598907097,0.565561391655261,0.148393992238668,0.620738402935993,0.161680426931258,0.60539815886257,0.138737259466979
0.769768761038134,0.133631517648443,0.956933729622246,0.107893505546186,0.85860244924583,0.21450847758578,0.0247561744297694,0.0888764862712386,0.115408406554824,0.131032878674259,0.757357158732074,0.114885816964472,1,0.791588755139852,-0.0668475041684246,0.304665946814469,0.565092981908507,0.140453354987212,0.747207219014649,0.101234494272658,0.685812237253741,0.114591450726991,0.963704647087144,0.103048868279167,0.88334973254997,0.137065344323491
0.833854356410846,0.157838465053156,1.13771397521544,0.117921917090872,1.2373771520889,0.323497005991287,0.110729745898813,0.118858502703225,-0.370154640159521,0.208350953984315,0.91265535766589,0.0350051601356342,1,-0.999999999999359,0.0605914545066348,0.469938431273534,0.632990805680836,0.147147281094022,0.663863837113675,0.10712346035183,0.683186406639571,0.126461657524322,0.634449574605974,0.128647976577759,0.704942596556833,0.1765046637089
1.01196634577121,0.154918633285135,1.03827620140021,0.108928818643263,0.905394245710617,0.276436075038818,9.21950653498881e-05,0.0646329324817158,-0.00816352025970061,0.118900965611411,0.933901178597393,0.0236685336002311,1,-0.893521015793405,0.380754131524475,0.503216221845587,0.565475376950275,0.113160803667658,0.779131541332711,0.102992023326481,0.789757988203203,0.112117460596558,0.783045417904878,0.145045668061439,0.699882390874834,0.202861811339293
1.01520223019523,0.175975170581931,1.0173352050765,0.107186751327757,1.57635713291019,0.397102878756151,0.000458410100739333,0.0474685714124342,-0.025439203388693,0.186132705388725,0.87878751071466,0.0614088776325718,1,-0.94634416833129,0.254939356038562,0.439161760493542,0.642410427183423,0.125010731556879,0.825721023504273,0.105883379855269,0.699260797987675,0.134121986969287,0.575409174177672,0.18472617561077,0.851350313325371,0.176031311532974
0.815388565577963,0.135085970646319,1.01787571184927,0.109302705269925,0.75077488172284,0.217430295866838,0.000612970074777534,0.0881439101537988,-0.0200708748405295,0.109415826676676,0.913082002182375,0.0323589076957477,2,-0.93560341694735,0.481060693584299,0.43765547596114,0.647557128928868,0.114465262724665,0.657320714149959,0.117138222456187,0.610829518505832,0.132288493893116,0.727182701161963,0.14076891135648,0.852439486829706,0.153889602581974
0.723073000274453,0.149435718413116,0.866895818562076,0.0795074811370125,1.20253377119726,0.274847551518657,0.0125640834485506,0.026358939574236,0.122917591601449,0.130185481076121,0.644038828793506,0.178972725267164,1,0.999999989214123,-0.395685391138962,0.316780207195045,0.486981989359233,0.122311805509137,0.679205393191108,0.0930263835077843,0.640863273165246,0.110504608016731,0.71923872927409,0.182415273070585,0.224989705173237,0.276188307610061
0.893249696170009,0.170000455636313,0.927929629099551,0.0935662187189013,1.58076266182485,0.341442721317043,0.00381844542680155,0.0972688853980265,-0.0747867951559242,0.161542611455568,0.708737679264406,0.190693317443037,1,-0.962605401139342,0.186445478459908,0.335714321805374,0.645377527974735,0.113206464279025,0.628813698634083,0.123449693666818,0.811172719982369,0.0987384564848109,0.669722050798036,0.144590185005037,0.772641983971983,0.140479000484123
0.857605728244754,0.145627580313534,0.918590976804146,0.124123457487915,0.897175888687332,0.240200048154975,0.243016600992281,0.129837477506469,-0.194902156353503,0.173379765090855,0.852416239092205,0.068296195712252,1,-0.417407142442755,0.319714088838649,0.415285095323119,0.580613278834515,0.132753156928447,0.615633429721363,0.141023162517261,0.642734830127049,0.130825542882352,0.631059960434577,0.114869964648677,0.804389254752972,0.156351687340989
0.885512394419018,0.143014142729283,0.779203182462113,0.106556714510507,1.06116869281719,0.292831653105891,0.0671390142858253,0.0901817526503508,-0.000799302043872329,0.157308134723304,0.875288686406371,0.045252268436692,1,-0.00299454765462759,-0.426875993871137,0.382591328833336,0.54028051930624,0.133202731680284,0.719857656578538,0.124222174490505,0.682671754286965,0.125768587568328,0.68057977162508,0.135134127957381,0.693670003273319,0.150384777900673
1.02152284161806,0.151403186058533,1.01218498058923,0.118151400868245,0.836640184295603,0.247416925870492,0.0847024970959456,0.0926090802732585,-0.134244079708532,0.132825814210831,0.931914447282097,0.0251592973096419,1,-0.504286886611815,0.708509070230401,0.471154962448866,0.778264850608965,0.119067915141339,0.593850947921395,0.114697945510783,0.625009785481993,0.105026207971698,0.623641765440514,0.143534948906965,0.720122645850083,0.201682013490499
1.15504268700888,0.161705645557098,1.00577085883813,0.104226910599031,1.1361780370083,0.293074450784531,0.146665298943249,0.125589349608909,0.0469050143828752,0.158302355322402,0.828482279566277,0.0634692401025962,1,0.114903271143494,-0.0235574885193553,0.369376617632898,0.605917506548102,0.128755358069376,0.771020155811288,0.115557864142204,0.569725831258556,0.121595138712989,0.953498992473583,0.123222053456362,0.606575247733458,0.165681746461394
0.992264738111693,0.128556557788176,0.924360596683025,0.106820766064383,0.734435808894843,0.199671623679974,0.0457749689205829,0.0762336023924586,0.037259538884235,0.135664381287106,0.815291148422147,0.0949072794162433,1,0.203210678074259,0.598995749587951,0.347634190472404,0.632765149440507,0.115127498173007,0.689609118746622,0.0977273346119827,0.465032705462676,0.151667127517338,0.490539749076523,0.18700155208504,0.628362343942958,0.178329458157517
1.18376487547524,0.172848854217151,1.05298295794965,0.127233768908872,0.94301317509339,0.250723724300959,0.0868938025791121,0.12711608461674,0.0455939998633047,0.165029483879415,0.871594394356662,0.0581666900001775,1,0.159277493211564,1.15195267698778,0.452773949743585,0.787749201155968,0.108556111301191,0.787474794116546,0.124361023385906,0.694330191476037,0.127227059052439,0.643177826227954,0.17877870725662,0.966927220287607,0.173036954364316
0.88423038077432,0.153964674812378,0.837515296523483,0.0937218797442572,1.22285075569232,0.293484179510106,0.0812549829504855,0.126943654604989,-0.227323015438072,0.171846116704894,0.845394456478216,0.0534763162625089,1,-0.72116008032503,-0.478090433727646,0.428006725117929,0.747967086297085,0.118720232936532,0.513951592915407,0.143471758105166,0.887178777502852,0.108292879524338,0.551668397069147,0.169760637948414,0.54606120994544,0.194360758817826
1.06597113145908,0.15256142230398,0.907092264781792,0.119793310820303,0.921771486688007,0.28225417275103,0.103522855020689,0.111746243257464,0.0835323132748404,0.176466262332689,0.912440600280373,0.0371285285784795,1,0.270411248454177,0.866860793219005,0.430849521137269,0.701176933184974,0.123284438062991,0.767270387619671,0.108561713198097,0.843543010752221,0.114355373342242,0.881307484489621,0.169015719774606,0.59615415256289,0.23621254267999
1.09405086259644,0.155574405103308,0.967357751094718,0.119545544226457,0.855667817579467,0.235429900117365,0.302336166779888,0.170839492485736,0.178150338173009,0.14056922457847,0.917825714769571,0.0324073682914326,1,0.350258755929545,0.0740205335871675,0.477509348609853,0.469822391005628,0.155813708337095,0.765376235873588,0.126005215775758,0.656986548222078,0.127967401505371,0.824349792317672,0.121170201446042,0.520003473853953,0.14619094305074
0.750626404315867,0.139383917785835,1.01565992808712,0.103225680302242,0.904983503694862,0.253483758149956,0.00605358200385546,0.0234081740495901,-0.074016159386244,0.144669248259457,0.87645458919834,0.0522274625208358,1,-0.999999999866439,0.0454241644779709,0.379682744129023,0.694080526770125,0.112009438130036,0.829545650516755,0.10063082873783,0.707482018828045,0.137898430716072,0.456076561615875,0.154105822550139,0.782330074189611,0.176537788110266
0.772132947845809,0.133546017851671,1.01118781362654,0.107487596193692,0.95653890288779,0.251554405365887,0.0362013868221616,0.0949575479115793,-0.183359208089045,0.121604372994503,0.863935473698932,0.0509934538068,1,-0.985346099466319,-0.0997941529332915,0.360252069970615,0.717965037810248,0.106957043164513,0.708444380952055,0.0947361794750105,0.72361093038717,0.128678079536964,0.551841755466485,0.196529659922291,0.336906820309165,0.208289649290319
0.929599513441015,0.157281454984435,0.963348508071359,0.111027052095541,1.40117524753053,0.328570004004076,0.14062949958034,0.154393036532445,-0.0930206498773126,0.185736982522795,0.689363034735281,0.176506520807783,1,-0.20955350309553,-0.326147698262927,0.349568315616262,0.564045420741471,0.136310887614126,0.599059522156604,0.132859428745365,0.77833816563037,0.133615720491453,0.802598229780676,0.137082964115376,0.937644515814211,0.135580895594191
0.973378726280427,0.145342376560096,1.09600956113512,0.0984516221184724,1.00194488574316,0.22410409109019,0.0482408176651621,0.0498573864670158,0.219851404839178,0.117170194163426,0.825198456603972,0.0749783073924946,1,0.999999996545777,-0.785114985045593,0.393557442218656,0.652465243232675,0.145407628588618,0.666673077341922,0.113810374920065,0.733432413246087,0.0953773776938795,0.712024075706589,0.11605640425112,0.766044601425801,0.133481789610761
1.32327900245775,0.179595067469754,0.962192235019339,0.113016613839553,1.50417914811821,0.407850419691421,0.0369209615271452,0.0605168538967305,-0.235660222474088,0.198336065016877,0.897963778627034,0.0334031501042589,1,-0.999999999990367,0.00931431869788188,0.427081284430658,0.826923039394512,0.147670928767988,0.896356212938664,0.115729480739641,0.51973033869013,0.132330218399004,0.879971917179064,0.120735493208176,0.802550680407937,0.17475437685653
0.943168197414482,0.119908580058728,0.967606884736475,0.0906817490623872,0.478311291187613,0.146965338994355,0.000147570200859835,0.060195094920405,0.00378245288392975,0.0925020357894773,0.911136539510122,0.0285360153606414,1,0.450213875970442,0.514366126142466,0.427514141641171,0.636316745470696,0.113764531060379,0.778815531920657,0.100281607824061,0.595469690750339,0.109863479430685,0.581767885869952,0.140575836071918,0.533537791869982,0.199536248590851
0.985077259550275,0.13987274515281,1.0737005713827,0.106518173508429,0.93505320130616,0.217085255489472,0.074837704490017,0.119862917981184,0.061070741859215,0.134853195750594,0.887039289248077,0.049688205576807,1,0.230863250430338,0.251126294589458,0.382687400842737,0.673993545863428,0.124162644092391,0.834404796674936,0.104031552912307,0.877025451642254,0.117171822184165,0.817176230502064,0.140507881559744,0.853395569083552,0.147515414516835
1.11099642203986,0.147232005453798,1.06249756919232,0.116073774143779,0.949861043661547,0.239697189873105,0.142483930810041,0.150226958513942,0.296576445205162,0.173251030725135,0.889928748015031,0.0434664935099077,1,0.806164506401512,0.511760794884306,0.419523836686594,0.522029619500553,0.124720284750622,0.786326972976592,0.107851597795082,0.70036562147766,0.11168577131524,0.687214279088635,0.137051669314538,0.713877575947553,0.157243844397497
1.01364261550757,0.178955910763322,1.05135257973881,0.10808482183427,1.34641060552937,0.356015362106223,0.106578633710114,0.11355954086972,-0.378812094220904,0.207608384729484,0.918657387203066,0.0255641825622688,1,-0.999999999922996,-0.152041622286711,0.52138047733704,0.736970962137893,0.120410967329976,0.621052746384081,0.117562906473277,0.804257328284692,0.116284023720177,0.806163235047441,0.128000398539543,0.0357515879634005,0.228703998874727
0.895562959140661,0.146452018153702,0.945889021636431,0.105129514536361,1.05619463307064,0.283047193730058,0.0642488109185732,0.0795267143648233,0.101586588307221,0.17068707147754,0.894610911924274,0.0458073753299049,1,0.38997058486707,0.208527622516504,0.370444015577841,0.65019802627279,0.12923718690781,0.79160438334918,0.108769428748866,0.706597543897928,0.109915040478212,0.562500612467982,0.129080746851305,0.721781306246959,0.174022173526075
1.13417109408192,0.182342574581967,1.11298164372448,0.135846743484539,1.3731866009838,0.387513887890598,0.14064005956156,0.145508926043878,-0.151157671826997,0.203990213072889,0.906997727748774,0.0346415747452819,1,-0.343962339976769,-0.193674561505067,0.437655700950983,0.753505314357441,0.132431884065732,0.698002608259037,0.113523662747984,0.715793430063959,0.114915662388373,0.848186866938274,0.159123267969745,0.782032135255979,0.188114997227411
0.873307358752083,0.141122894187454,0.876236329420942,0.0892809286495399,1.10204723021784,0.273728088575398,0.000719073079546983,0.00976387525427504,0.0281499526032313,0.0952309593417831,0.778179847180765,0.10165091018347,1,0.999979390303152,-0.421645325719035,0.320605570604183,0.740077382212826,0.110930601290879,0.521504376559395,0.119238041413245,0.657655626597176,0.114076422056858,0.697138725596752,0.131202351094684,0.816710565031744,0.136536430809747
0.911558176992772,0.146741103765477,1.20517838393719,0.134576752269305,0.993863761723711,0.253620090862995,0.160668365814502,0.153777197557302,-0.00922063432391629,0.16774395979928,0.910669841031142,0.0361448240005702,1,-0.0230744938255554,-0.330173050139161,0.486039915418032,0.938156886234609,0.131987947440519,0.718947784413711,0.122226534202668,0.492136696025295,0.138446189667875,0.917061932585744,0.132050863661173,0.657052755757818,0.156009330011468
1.03457433971525,0.171582534905834,1.04012573278411,0.12012007037947,1.20151545261024,0.28345389212225,0.16385830303051,0.146449672703816,-0.0267337591782419,0.169119770600336,0.825297314457129,0.104615870952325,1,-0.0602505651314428,0.242961779098643,0.424116024639553,0.719051979141677,0.130630411186531,0.760374319768916,0.125057382103217,0.681572429433781,0.135789900183071,0.783373186903249,0.150001663731073,0.915277928441196,0.15650706247112
1.15842753573922,0.16954835516223,1.15820843232454,0.119218249260589,1.20201407017352,0.380562257234048,0.00346845578474341,0.0373051273730686,0.0645679273734612,0.184964398814074,0.936402186721133,0.0247559358582729,1,0.999986158928005,0.311220159416345,0.466634883906034,0.691314459291596,0.141250033181083,0.770483173221145,0.116661784235626,0.62482756819323,0.157990935055982,1.03191028951974,0.147709573373421,0.777518653674445,0.184171137498427
0.978228838738469,0.162277680506525,0.963885114165585,0.110882236095902,1.13994109436358,0.293618982836876,0.00673877839466538,0.0653005818617988,0.0858890464681794,0.172097795536286,0.88505028368729,0.048208028406797,2,0.979954674407791,0.065227938739005,0.419274472142378,0.752685994152099,0.121391298023382,0.416756573055949,0.143763418972424,0.73493219716279,0.136652182219533,0.747395632568954,0.127772041595609,0.827987219651964,0.129625656472444
1.09710604235361,0.16368772748926,0.983114361050574,0.117846146282507,1.07356839495457,0.330474106536887,0.131464834035176,0.119214812171789,0.164504611183894,0.157015718405954,0.928706653604581,0.0280055474872363,1,0.437883336367282,0.743470320031525,0.522112078448882,0.656886079752616,0.136979357906531,0.71955971056251,0.13845431448201,0.684181320643848,0.122780706609703,0.612513195867544,0.151727393862842,0.943099698722703,0.146771003819641
1.08792340540389,0.145981920264738,0.994980973245899,0.106693580585516,0.887527074790735,0.226734324730234,0.0653050742572378,0.0965732082539891,-0.0955812337410866,0.129982525529969,0.897875092783693,0.046455140094595,1,-0.397016323150169,0.581469661382676,0.412533123590425,0.6858487797741,0.126285956295629,0.721452982910442,0.108617626105792,0.762585592885893,0.109525353097956,0.460380176702019,0.136337129165032,0.712690537132964,0.166151290270465
0.848800721860385,0.145743081766311,0.812003134464485,0.111725643177526,0.970362906425758,0.253493384327882,0.260743561568564,0.159415877737126,-0.045013518877647,0.172236631994944,0.86862434408411,0.0491004485585949,1,-0.0894888804163666,0.0292324996579196,0.387769726911393,0.714274002711357,0.102300553435445,0.740936438184986,0.103547341097579,0.66118230386275,0.127587432143147,0.844872720809901,0.134546399249236,0.656348721868441,0.199712631123545
0.665089507098073,0.144880177228336,0.960429664180354,0.0996412836088515,0.931003064456888,0.277242829474749,0.000173262851576737,0.0771614780699641,-0.0122264572986709,0.175690075257816,0.883040280621348,0.0373423381506308,1,-0.96265872474722,-0.501624702760034,0.413532995660849,0.780664925458818,0.108549550146672,0.598213906891162,0.116871578288341,0.650119991074457,0.121772073384671,0.671911080463404,0.167104290149084,0.504004613342019,0.224297871926733
1.14502323405077,0.153119077877627,1.0710005510118,0.103534750279934,0.904419832704714,0.269047042841006,0.0108827789744852,0.0340918052738954,0.0992098805450539,0.157996867306807,0.890799599662272,0.0519185749207299,1,0.999999962321827,-0.0211467453971434,0.453815995654151,0.692707451954621,0.113915551658883,0.661807651077794,0.0980792796235491,0.6545598952471,0.120143447802859,0.75720973059534,0.129764760472897,0.572434578799848,0.200390685957365
1.04105172904615,0.182248500379703,0.872758776591843,0.106585476409526,1.52057158012673,0.412331972961924,0.00461951680433749,0.0156392580953275,0.0838111324536689,0.141673969747827,0.898364373355583,0.0471198349576068,1,0.999999996908806,-0.179415818720246,0.476910467046375,0.762420398405564,0.139653564348995,0.852341487477562,0.125703371761004,0.669175351082992,0.154618976459526,0.465731804442511,0.188007007135106,0.949940117177864,0.127590535592458
0.997313293240368,0.133415260682728,1.0099672041144,0.0958060776492294,0.793883898768627,0.223255500456193,0.00615829987554798,0.025710759782613,0.0699212061270687,0.147937854806849,0.909549874024482,0.0294348221893018,1,0.999999995017119,-0.035842967618939,0.433742326885156,0.712956410800204,0.142762651197985,0.67240954886036,0.103220649810478,0.806102345316662,0.118589426575199,0.681745207266556,0.131219880227164,0.75968362672676,0.153970033486626
0.873622463561477,0.143432832814776,1.01406854288759,0.0938555269848131,1.08737876071823,0.260986065535709,0.138089090290464,0.110195758592203,0.0992513600152292,0.141742842908487,0.7858484130072,0.103586531611781,1,0.256133485384645,-0.573303221654334,0.325916983205772,0.658001919790588,0.118448981730172,0.801505819029269,0.0986573692361798,0.53380653482471,0.13613284636089,0.633065010998225,0.128072706623096,0.704792082243266,0.130788250791883
1.25459516380586,0.171573824307973,1.12466459181497,0.119513785605635,1.43731787523696,0.356033208871398,0.0341598088955466,0.0578368717579781,-0.221581822219962,0.193429795463693,0.864672704499458,0.0639701818968613,1,-0.999999999980357,0.486888073476976,0.413103231294145,0.600461969650601,0.136062845525269,0.625537904011964,0.140501538503064,0.889462074612138,0.106930445576688,0.869859785411849,0.141849928054058,0.541805019463199,0.166589740423253
0.968731341379146,0.153821173965258,0.890857950287356,0.109110285941179,0.924493280778206,0.243206803762895,0.0933295871129762,0.108612119211112,0.0189651438359648,0.151321693999633,0.863008850060134,0.0689018298410161,1,0.0645646184766091,0.189798412326306,0.430955056963312,0.491948008100187,0.155827920868611,0.564203827318364,0.142473361600449,0.682034207386559,0.115385989083335,0.789573130652492,0.11581532898664,0.627393320612793,0.160805802375025
1.17469794321811,0.177058603411565,1.11781657878699,0.122709932252171,1.33853386410754,0.346839388138508,0.0918194153805741,0.0950740543754438,-0.14404036545309,0.191613043124564,0.874395973462418,0.0536911231123565,1,-0.41086795589823,-0.20847279939867,0.434485158916244,0.813555027322095,0.151142482886367,0.757494072810383,0.133143588290092,0.814110478132141,0.117121751860145,0.575949408492977,0.132459641791394,0.833470888208312,0.136147983525619
0.827428079153213,0.139014454362955,0.894523653446247,0.105188743779647,0.780739672663584,0.221632458112586,0.109792418008463,0.110269339689867,0.0546940702838881,0.120408445730122,0.844244530276442,0.0617379409494537,1,0.186810354824021,-0.309136204870361,0.357932186090584,0.53325729420181,0.126646296869288,0.781628766684418,0.10408082265093,0.460731125460361,0.13559164647255,0.602584811102312,0.125919907591491,0.856465171964898,0.173570600334394
0.887005323237926,0.141373596427353,0.933778076736897,0.107278972588754,0.965507952054761,0.258957141610658,0.0971312548412169,0.0944547446179937,-0.0588458060351661,0.140507168855649,0.886959544915941,0.0487944627925703,1,-0.192157831333555,-0.272620519660521,0.421986734420725,0.587644793147543,0.12544889364815,0.465120203148098,0.113591526968262,0.773176872098147,0.128410862179575,0.609890001506404,0.153359829156285,1.00336673913143,0.142647563423086
0.903817950968287,0.152583179923145,1.17363141291098,0.121410194922623,0.958791944843587,0.234027339566592,0.144542606157157,0.121533551391445,-0.124865817007929,0.148622826232688,0.890579540673608,0.0362203793282416,1,-0.335415736522343,-0.421431811269892,0.423697286904689,0.710943355535747,0.114136608156768,0.857097076280704,0.108446924144104,0.666191503571964,0.118833710014508,0.783496014039963,0.144219014273924,0.630109275007661,0.158987507750896
0.942546556395624,0.116162931475895,0.982993296565569,0.104218087862416,0.652602745810024,0.157078190981729,0.136608601130218,0.10716920611366,-0.0198726555861409,0.116493681408875,0.759901131558464,0.0831358080938374,1,-0.0665568003257771,0.19874402752669,0.305132178028163,0.535458083492121,0.109007533187357,0.698288697010778,0.101059573699996,0.759654755163568,0.108364990584532,0.57216508949089,0.153581990984226,0.551284284628311,0.15149080055279
1.19429184457341,0.192665586817274,1.12183662957956,0.122693641188578,1.50349785743862,0.427951003075342,0.151590655320747,0.122974124991901,-0.275422893579255,0.254515506143683,0.900515242144134,0.0474298907940121,1,-0.576915775466952,-0.0662900443433304,0.466214663224327,0.932158461197784,0.141094817590948,0.756636627548759,0.136502191550334,0.690128398877981,0.130126947280581,0.845993146253483,0.123765712671859,0.778238274249045,0.198349864933578
1.1843608166922,0.173390897417835,1.03462591116245,0.112982053357103,1.2114426280389,0.334374794129035,0.074901232094377,0.132993253622482,0.170397904223419,0.13005910750962,0.863077755434205,0.0654039250128748,1,0.565676767275717,-0.116421186470595,0.40424315385159,0.740601018495004,0.118519063943905,0.901703392597069,0.106850938508238,0.68213822019926,0.146987343282951,0.805540328599904,0.138214995706638,0.778497715943165,0.158577589073452
0.856941795437926,0.141901607274296,1.0228484276533,0.114429492950301,0.842939976300804,0.233654099259482,0.242253684872066,0.129930004706231,-0.289377029532027,0.151123952981069,0.89407591748393,0.0471645140229891,1,-0.640369344046784,-0.195862193452564,0.426129565783332,0.658343544853393,0.119031084026784,0.770549329400222,0.0949853753410774,0.644898045948904,0.128760837371623,0.710430064717362,0.174828694037696,0.637448293212736,0.17891378708077
0.972536970170546,0.127558153661477,1.07843273886291,0.0927602925254378,0.466195006998814,0.167508172677468,0.00925449100049474,0.0303077102839695,-0.0656840583426119,0.0857027581252248,0.937946496484323,0.0185574488858015,1,-0.999999770954033,0.0554160978981464,0.471415485896164,0.757252382782719,0.109605688400966,0.748367048073985,0.111206021199262,0.663096463012409,0.106714056122472,0.495050696926912,0.154917952215572,0.653124160499847,0.175208470876813
0.849246721970298,0.156031971298212,0.788754808779617,0.0854319411957941,1.19169866594342,0.292679311721499,0.000373252084958868,0.0626766843262464,0.0198938289387129,0.154588772736715,0.830850306879265,0.0690801317854781,2,0.943265676175847,-0.104617679526936,0.350791533144553,0.590340533880777,0.109970606510039,0.718545283026486,0.118388047165444,0.593836687126844,0.128268188803218,0.619070881674456,0.157131977068311,0.532614210733524,0.193028810028193
0.907471571893772,0.153603280595456,1.16233140784696,0.126364013183941,0.856696403774811,0.24885745732791,0.195384953196155,0.165041517127016,-0.0904509883091791,0.172174666855523,0.907970494812871,0.0535956774153845,1,-0.221082459313704,0.717320969339097,0.498726256196283,0.469415031456777,0.144058775972449,0.73362835422027,0.122752032902399,0.794154617666941,0.120283053353191,0.729289593087215,0.139140324020545,0.501862083432107,0.195256327502017
0.883777823216845,0.148479794824376,1.16073314413106,0.112509971465435,0.896699607066045,0.249022825217437,0.111311602248146,0.118722609840894,-0.290589772127424,0.180155098773514,0.8892541812325,0.0417422812790171,1,-0.91978562444075,-0.113521231434713,0.436898007351883,0.643029302610351,0.103915680039179,0.862458717220352,0.100622926336322,0.699747625150836,0.114723780802622,0.674170113858874,0.142150160538926,0.593425002002693,0.178689610690125
1.14912402436918,0.133543338762153,1.16793254722417,0.12029376214717,0.753930078175076,0.199327861334103,0.104171713602843,0.115977209498574,0.171854820658583,0.117778699732937,0.883600179662101,0.0452078271757619,1,0.613227016272859,-0.203003760695971,0.401713659584908,0.857111629184447,0.119510762614571,0.616639747563539,0.113070580505163,0.822576154883517,0.0929837652862661,0.837196312106333,0.13661440249438,0.825498480156209,0.173828306120605
0.999903292748671,0.159340485060607,0.895872421273378,0.0973904363491119,1.10976912054105,0.309300950512167,0.0653672520944529,0.0850581614088977,-0.269337256625806,0.179608248579627,0.894623009177502,0.038308293387544,1,-0.999999999570386,0.930656080141109,0.41064849926061,0.737242172712727,0.0965227758256702,0.622392308464621,0.126451383508724,0.346039957114114,0.162066640142954,0.686809165523167,0.191782062833084,0.53436190541164,0.222364752808
1.10556717457491,0.163579171746746,1.09176461156792,0.123819493924516,0.948075613296647,0.261095444175507,0.123939955199207,0.118460074157022,0.248674782350973,0.204771757749081,0.899424537356382,0.0478635738798294,1,0.725445166215569,-0.26174629818362,0.473021445768603,0.676621882458056,0.129177455075242,0.622268510562054,0.141704978321468,1.07544042254762,0.11810336977209,0.561342511850583,0.144734246459342,0.897203548632235,0.146673644651169
0.986122048739812,0.162227297935661,0.994049116420297,0.0986908605529613,1.1336404457762,0.291237493401974,0.035139767801302,0.0905272415042652,0.11558676418633,0.165413027992268,0.863019414276801,0.0624805202339597,1,0.57912324375579,0.490784594763527,0.416790940377849,0.712491519201404,0.103887655286013,0.585997610786255,0.104832303553187,0.625927639081516,0.128112214226096,0.90272833185096,0.163456138515062,0.508710620953777,0.180274570649375
1.26948679021514,0.173821017923019,1.03522335676894,0.11153371457787,1.46894655969494,0.385481711443331,0.109039800190649,0.0852341462066608,0.144278997481257,0.229163462557299,0.913946333787031,0.0329810299847115,1,0.360501930108724,0.0151145658879522,0.438041626415755,0.714972511800547,0.118906663823217,0.655378145258315,0.12047184840735,0.653159883548616,0.135545941031398,0.868876940897038,0.141676250402595,0.801674139121714,0.187911825141455
0.950029211421997,0.161153891761339,0.91463530739172,0.109146335432211,1.20948679565667,0.324463519067728,0.0151135699614579,0.0316095617820406,-0.13520230219442,0.139365600539292,0.89106655041002,0.0515112465215302,1,-0.99999997852955,0.121849747524013,0.461756354610527,0.601725025871809,0.152294472293285,0.479031789183858,0.129225273062358,0.825759155221053,0.1122540012517,0.542435077980344,0.132945432576523,0.691749957056983,0.154009248374166
0.964222477476012,0.135524532675363,1.02693090212895,0.113851735793733,0.898679147584288,0.224686663538484,0.229719028893237,0.151454156900193,-0.0684239760057231,0.153370773528882,0.83323435776386,0.0714921900403492,1,-0.150593937439063,-0.310482879463888,0.393298262314157,0.688723550953462,0.134743994616894,0.684375184068361,0.117246647845987,0.628448990108348,0.114278662167221,0.793155310756597,0.132506662517446,0.70553131975055,0.184691225359556
0.855312301445058,0.129125252950804,0.853653751727664,0.100763108882983,0.638604781391443,0.183398235256757,0.00750797482620005,0.0266098846464584,-0.069243256122997,0.123011465713931,0.898039669440419,0.0363229659152892,1,-0.999999989147963,0.037183191818433,0.389497156085101,0.828164005445828,0.114836272680031,0.47718996249291,0.13253617944202,0.564724770143209,0.11331777966767,0.669876142349859,0.132087719932148,0.783074882000246,0.162304909483673
0.984828699448856,0.167457230454316,0.983735922617522,0.10237256530596,1.24975162000555,0.34487258304935,0.0339311960554645,0.0894413337662278,0.13902763944473,0.161854389398079,0.912424143323508,0.028694108201722,2,0.675133581335332,-0.0639957623310967,0.446290335765708,0.4879704129322,0.128612522795781,0.776545814523578,0.118944075328482,0.798757548539608,0.118454934571625,0.796617155635087,0.159481689571695,0.881197438760361,0.160417565741504
0.862199408175282,0.133735594172889,0.944053918746784,0.0923609143644734,0.72163582701158,0.183195577648002,0.00751489349530265,0.0829653866600317,-0.0736279846286462,0.112931104159112,0.803000316031627,0.0904153971122353,1,-0.999821461467375,0.196152421755955,0.341238330564968,0.643901691505556,0.117626432601442,0.754856248160537,0.109290943978227,0.617347708952618,0.122191004862522,0.517412424027233,0.159006589151618,0.982988926892855,0.139103982181292
1.1924956496794,0.165341646556297,0.99653206324268,0.102091885429916,0.905632701436115,0.274027237443409,0.00075465913626432,0.0896865892121218,-0.023219216563098,0.0908070374155406,0.924395601005406,0.0278046637055093,2,-0.888169994420777,1.09057612949042,0.525874891996545,0.669975263380433,0.124258316508171,0.638182192096718,0.132221679621751,0.650125203183931,0.146678632846056,0.609704246592476,0.148159920612185,0.876030231056697,0.145424516646573
1.02421166760871,0.164700167162378,1.23498665509076,0.143915499510887,1.04885608815178,0.29859619958344,0.190859288184064,0.167684843164514,-0.0131247989466306,0.166076741486283,0.846957783500717,0.0924070489455711,1,-0.0293344572831256,0.26059015441275,0.455198743962374,0.464452804323069,0.166767749865002,0.764473654948324,0.133036780107606,0.93317424933254,0.106315100963418,0.773180688119019,0.140009867934943,1.180328583392,0.128589301299489
1.17643704558371,0.171143977114334,1.10660348046819,0.137547488462564,1.29721594041607,0.38895755743878,0.088791095437488,0.107913624599712,-0.151044492839394,0.185044988062235,0.925303553917612,0.0284743686226146,1,-0.445055374470151,-0.236223548091977,0.485710013992981,0.714102297217028,0.132770569110533,0.814161514288204,0.123459334135425,0.825122379861839,0.113523908402836,0.845313601188838,0.154078897703097,0.540770567747908,0.211564091342593
0.909926339128403,0.149792561972826,1.21726277195172,0.152431002903863,1.13395247516848,0.298692075204229,0.345831342133587,0.207977982063122,-0.0839435481120382,0.19237571781729,0.87070349095975,0.0644233137386236,1,-0.134047191798984,-1.06572770749382,0.473539121076389,0.836480500906304,0.13706682933566,0.742018996104835,0.104174307584289,0.570095099007242,0.121929241938012,0.690222046614063,0.1262635788982,0.727464781737783,0.167966348283911
1.01494897660532,0.126823859712113,1.03537468566774,0.0951277418925334,0.628591647966699,0.167046525089873,0.153293793959781,0.0973192946719333,0.145148877537061,0.101982029713342,0.868506827579447,0.0436049812296716,1,0.467592021354633,0.186841903840561,0.371871751018738,0.693766847325435,0.0942273942312989,0.744563384770114,0.108822316511581,0.573827784103363,0.135970455626247,0.553850575037094,0.136884467687609,0.855004918414399,0.129366239954755
0.914887400708136,0.140091667574637,0.9240464382228,0.0965547070019238,0.648234828187967,0.195514264182506,0.138425031376718,0.120735561833959,-0.0356497296523182,0.11538716575477,0.906812323548995,0.0291234887961093,1,-0.119009805371546,-0.729780182275069,0.426988529513359,0.623827805610561,0.116200658991623,0.786846936358407,0.0958829218136694,0.500939402536389,0.125941873443044,0.56725778757865,0.138519298864899,0.556414435961817,0.135522648211756
1.04793877576093,0.162206373103675,1.0497083518813,0.107608179695488,1.37914001158123,0.357916927889093,0.1134702266992,0.150356622818929,0.258565700241329,0.175320753386291,0.893885213283951,0.0459742845542525,1,0.653620662814243,-0.214114635685595,0.418382851817365,0.810656276095585,0.130583671864777,0.785333138400848,0.117311637581872,0.713677276479858,0.121410582167302,0.846236693782197,0.128485258542642,0.547917084996462,0.183716288240725
1.06187503994321,0.173406483295456,0.983626064234932,0.130736228128875,1.16726731302062,0.346114055310836,0.147907768055343,0.166230762763134,0.0530776780404447,0.194607205838679,0.921285091892155,0.0322865620856767,1,0.127741279508534,-0.0305608125904647,0.494743089321363,0.745818467200675,0.162111297289122,0.892285449073431,0.119162287586058,0.607672602642617,0.140362981451181,0.758045451736732,0.131108162744781,0.807539533425964,0.149614669107192
0.812810423252598,0.129465065287892,0.999097549582416,0.114821230038714,0.796591771132884,0.207508460653153,0.0739850331957082,0.111822758519345,0.0518732936645779,0.142545630983443,0.863415177447576,0.0649039086001149,1,0.213675131421927,0.0489535533098785,0.350558770260613,0.548640866233129,0.129065516233539,0.696361443853494,0.104508848313408,0.593566187090336,0.135519224798676,0.927228608593172,0.140962526177818,0.583898150495369,0.184153850403569
1.17882768276116,0.154815985981162,0.932794388936709,0.106948325383055,0.957131326508188,0.216683689166367,0.162945148494113,0.120497950851835,0.0665829750255655,0.128356519746391,0.670772411959536,0.192133428894582,1,0.168599667426947,0.495497167921634,0.337274632904846,0.724212539537217,0.132998023202849,0.747520561335549,0.115591154983954,0.625160835210368,0.136474362345149,0.908077373135037,0.113622331010179,0.869609320356986,0.134108243622303
0.876028815772816,0.135350491626733,0.948722140803971,0.101335608355942,0.868633119754898,0.22497765976526,0.0585632708272758,0.0972202552805966,0.0487275979931799,0.147481016554045,0.842626283128965,0.0773048964207268,1,0.216044964837839,-0.448077271292822,0.365078945985376,0.736834975399706,0.110763722320632,0.613536224825741,0.12063914620353,0.621806455104573,0.11989906097093,0.688974325280404,0.145219891160447,0.547771878411155,0.181256419921504
1.01188322471821,0.138640243811484,0.970411655477283,0.0939793811190716,0.853197266374386,0.228243081568482,0.000353982819352486,0.0710223703958732,-0.0166268934464407,0.10674587061294,0.875632268115573,0.0403934212362771,2,-0.95674300130436,-0.658472251124972,0.360210742151275,0.630351115871878,0.13541340160408,0.832148218763373,0.0984793060434098,0.53214102500013,0.108258287182085,0.747556748636176,0.113674937521339,0.364554874084534,0.188876647711596
1.01918103163628,0.159156549806939,1.14199302002575,0.137482488350822,1.20365159085491,0.293907054484902,0.244535788349847,0.154986895075327,0.347602035304162,0.219907150798521,0.859994557361408,0.0581859452784825,1,0.640708815639669,0.08726753680633,0.379402398162147,0.763048247443814,0.115297206920919,0.974061347990848,0.106258564763765,0.711646461849058,0.130600480233101,0.877439997938915,0.138314897893725,0.640472909000235,0.157074021135009
0.925346540862348,0.135157454766091,0.97445986012154,0.0956728804937475,0.890137882218468,0.223447068716446,1.48366424272303e-05,0.0146646779488857,0.0032964140082519,0.128876411710038,0.879662404641551,0.0399578209272148,1,0.907079378879867,-0.0445415588306617,0.367996663897478,0.556992344623756,0.12403139482302,0.591088935677749,0.118488965867761,0.796551050252481,0.11334581893135,0.637310973842117,0.114636198474991,0.681291006981502,0.175845074127328
0.927371010631552,0.153753421442078,0.926933222480887,0.113234547270109,1.10195014651206,0.272634796009322,0.13594682127672,0.119555852081039,0.112480981517226,0.167312416492497,0.768479995084171,0.128767324924016,1,0.290612034751448,0.182899421821285,0.362776837457462,0.79758747201134,0.116863785137961,0.728632594611557,0.113935998565678,0.862473272883501,0.115219344661004,0.521742970327479,0.16671299474798,0.607981492618371,0.227796986162735
1.104063823568,0.165686885703414,1.09171339999481,0.102344154381926,1.20872550540986,0.311455216120262,0.128566575424161,0.11695602434509,-0.142301488123098,0.155457873149207,0.892551331779013,0.0476279287982163,1,-0.360978686765592,0.224836577741747,0.429831477907506,0.535738694543415,0.147310711566184,0.764424024695648,0.113567291245412,0.696467070230037,0.135154027315615,0.772018818987351,0.130580786058608,0.678209558204474,0.167223592564415
1.1809769287565,0.14621264649161,1.16131622051336,0.104049855587488,0.662880500728621,0.198827300462933,0.0817774752918257,0.0979700014340458,0.0329598151674829,0.119309570763973,0.888149362416647,0.0377652292338571,1,0.141563175599746,-0.116233401333499,0.411514650474405,0.794989553005642,0.103636603248848,0.780255721964099,0.0936002720137246,0.725090633946934,0.0994688688327607,0.801859768906219,0.144191854315099,0.345471343951803,0.226644394784531
1.015700374288,0.152779108353716,0.980000455106178,0.111425012972643,0.902983474693053,0.226058395898499,0.0348764609514909,0.131499934335421,0.0495500321434284,0.14532808384819,0.80789355094393,0.115113753999845,1,0.279214414352406,0.45365633339482,0.412585513569693,0.684571300945741,0.113190678154157,0.677110348531116,0.104964662439799,0.845755757251544,0.115830045772437,0.729062046320827,0.16470512117094,0.575155323480003,0.171396604496177
0.859103262381436,0.145475307741932,1.10435100677799,0.110482835828526,0.79423553144718,0.23468146570335,0.141740878147748,0.12660495789216,0.25992135927727,0.153431623857847,0.895732985907148,0.0401396014047022,1,0.774675380182576,0.150176122293001,0.425443842721645,0.693372649492001,0.104521909992366,0.641565269829256,0.121912323759357,0.71024969922524,0.134456062811266,0.704374505172168,0.15218016651098,0.362971199164366,0.220135738403013
1.20958080962897,0.164490986875534,1.10140104232013,0.122995644071895,1.16527822169872,0.299000292449045,0.0876054492741472,0.0995316565245197,0.037517793442933,0.146629815437495,0.913168765522905,0.0299126639288035,1,0.11742401139797,0.318501428103336,0.435472617622902,0.787900316190624,0.101985812024748,0.663769901542483,0.117575109542399,0.721768160210753,0.1147628311346,0.606223478410343,0.139643060905103,0.795337215053129,0.193231235124718
0.85919099438726,0.151754095593287,1.03376982559231,0.099456247840481,1.22059831007334,0.274037230465926,0.0561233257981195,0.080229359753554,-0.116726938675379,0.162622020605029,0.766724279875815,0.126163883402402,1,-0.445977567175392,-0.529651792808616,0.332911018959941,0.578217573510112,0.12018177309178,0.607993751959164,0.111234010895316,0.793125696249138,0.0992936810858804,0.631459944202554,0.125886505204178,0.486301384565865,0.202713845422867
0.879254722415296,0.128946938526531,1.05749096820819,0.110003313354631,0.658938741461104,0.196405803847842,0.155098861504001,0.152662411648079,-0.0580484621377542,0.133596493472444,0.927199037078646,0.0224961857155495,1,-0.181578277765485,0.0817856989326936,0.406288996739643,0.818502915081544,0.101711778336936,0.655642368849561,0.10179182862813,0.5722148892318,0.129153376375132,0.712498079330042,0.127075476951762,0.609452730653344,0.19194731440734
1.0141671502258,0.140834308691045,1.00816034728199,0.0888883509944138,1.02395880506577,0.226537472964666,0.0190048853852511,0.0337584149103075,-0.139499891450329,0.126627071583418,0.743734000060039,0.130233258742531,1,-0.999999999618706,0.387814260377272,0.345358464217873,0.75830422687138,0.109911576497506,0.60012201562505,0.13368891705459,0.510202212911631,0.14325463907964,0.835866672656118,0.0964549632872586,0.659327936664696,0.154687767568252
0.905210536691361,0.162375513287567,1.19052605982561,0.117770719255431,1.28674401507266,0.334549664748344,0.0987268259814553,0.142444781656347,0.0763927297568375,0.197368459651623,0.873965658563581,0.0535338969669594,1,0.21433266457704,0.00730027534265906,0.419977535264489,0.700900031451663,0.118871992356037,0.585061808035564,0.0992794610022518,0.692868912655333,0.117783753120124,0.921197531846556,0.124429531044472,0.778637319409563,0.180897011975382
1.09818896807226,0.164751228961646,0.98549097064368,0.108213373469968,1.23525614087952,0.285765920411214,0.000636054007968224,0.111944047743285,-0.0228500434783051,0.139703465959025,0.72692495729761,0.154357564729812,1,-0.815195029880997,0.0862884635847341,0.358727145907317,0.611021973159134,0.135641794495189,0.714680796788322,0.132907089484246,0.665626377227979,0.104285762275213,0.696663347066453,0.128659042088538,0.831770161802996,0.152885518835278
0.80673396100274,0.115257800695513,0.877243023289741,0.0848781855461255,0.628314057231934,0.15302274607441,0.0351552998455292,0.0446315962268351,0.148622235458074,0.0971733410985237,0.836284825724147,0.0468520195585216,1,0.9999999953235,-0.150669869121587,0.338190422580973,0.667713853418841,0.0975426581754016,0.519178259670798,0.111446985142084,0.493317655132795,0.13506246955606,0.600179229826481,0.121740766234658,0.441497054737263,0.166339870820372
0.982216727490552,0.150453830162811,0.906210862555115,0.105482342224308,1.0288491977438,0.271391858133735,0.0137446270132403,0.0384642488136313,-0.1189165608475,0.166384784912226,0.870313276875652,0.0514515028265951,1,-0.999999998866323,-0.00577364598010076,0.423415323061088,0.666692474407678,0.127245913967897,0.81643232458855,0.114741477384151,0.469663159468481,0.14067431293242,0.8705671173509,0.121015263657284,0.655948736270885,0.169923949728226
1.04313425368341,0.145713737085171,1.0319841382099,0.121617670107108,0.560808308796607,0.185063914257042,0.159739669658035,0.115252897428588,-0.0137108981207347,0.116349331189108,0.905454800856162,0.0357856786302251,1,-0.0458091562983479,0.185624261255943,0.471529940197858,0.578830538594029,0.139512546823727,0.787450744143203,0.109114357022438,0.605450533829241,0.128333491262594,0.5468424053575,0.150226947478647,0.645715523823176,0.153557027100992
0.598459992779097,0.141013576026501,0.988411501531489,0.0973495304699793,1.01923654723226,0.284964905337033,0.000330867344956814,0.0675553454223138,-0.0181018640492645,0.157807376370059,0.881450637152357,0.0437951781922357,1,-0.985731991606317,-0.156879973560491,0.407073644748217,0.644318620309267,0.112004255569323,0.654356221397065,0.10424488143295,0.611590579192624,0.123488246291034,0.375533385580128,0.190329515995272,0.741241607645848,0.20199282771108
1.01657876251307,0.160723769827075,1.03141037003212,0.116396224287687,1.06652721696576,0.284595162770608,0.0972619804644294,0.0891664533880353,-0.00506163979597738,0.13966796475207,0.881260306163124,0.054553365548888,1,-0.0157156992933122,0.269012692877827,0.430360871153526,0.63298464701498,0.114561878036216,0.782188113376047,0.105628738323608,0.641938714635595,0.137417373509622,0.788408996165713,0.130730326264039,0.904541085939115,0.182214708143956
0.975424055743391,0.128488534034823,1.04529131833235,0.102188916932385,0.709806754945107,0.205507141514281,0.036317550814011,0.0882299070426623,-0.0518214348115343,0.112702086803992,0.887334053920337,0.0447681544521529,1,-0.322761030166555,0.333018328424984,0.405742431991041,0.535481755274166,0.134492431232087,0.5079941607808,0.128093902485329,0.711971712033837,0.120399868560892,0.496456640503126,0.145322902835174,0.865158772218007,0.152548205779303
0.891787050590344,0.149611261723668,0.954742631216206,0.0902896582360634,0.938156263751561,0.287551082042128,0.0189617661920165,0.0461195919834658,0.133375779559132,0.160165878444956,0.927937560143071,0.028332628361949,1,0.999999967625491,0.198517320420462,0.503117510328222,0.716104969908317,0.125211100167871,0.671732428156787,0.142920276665087,0.655176951646521,0.133259822021233,0.685853941353207,0.122589650942218,0.731751976992108,0.191877839246726
1.27926846633493,0.192737854879996,1.14968136184464,0.140260296525176,1.40110437869962,0.423910083929957,0.15813930848085,0.154954217720977,-0.241305511301282,0.173443394588022,0.941121813724123,0.0223693747539962,1,-0.512639513899056,-0.349506118299016,0.56399415094847,0.853053335296627,0.131940104968672,0.888378346769602,0.118587032177487,0.912285895415851,0.126589511772441,0.80475496594631,0.146044916641892,0.614583668706997,0.200775687397435
0.965295530576879,0.172314253914512,0.956520648337509,0.11820070891898,1.45951031250552,0.371493771264606,0.124849159618639,0.116845434772033,0.0214642595651753,0.239151982409912,0.874482100334555,0.0640266619619719,1,0.0502828072382197,-0.667922211642859,0.459444839868933,0.767161238019785,0.139009510423188,0.579921364180574,0.14306117513965,0.646849366299741,0.141090198103089,0.718416386299023,0.119979645637963,0.883086726907667,0.122057897611125
1.14475254368956,0.172551218495136,1.0632531900892,0.128360867067702,1.1434254723779,0.293765646448879,0.205855266498113,0.170801684610192,-0.139437972276375,0.174596262655146,0.923634150204951,0.0266589108374968,1,-0.287406202259183,-0.277831822450783,0.514781151579222,0.810144328439224,0.124405481186366,0.670176666747554,0.129946294359773,0.788977587592721,0.124940970343175,0.934378582936203,0.125411230906189,0.532637793364688,0.188485967076237
1.08826624060927,0.166117880385755,0.90145715680177,0.0988228511734499,1.23196179487954,0.341340357582102,0.0160351833652931,0.038511223010352,-0.140551532470933,0.171281762399634,0.918181937644585,0.0311807194182422,1,-0.999999999999965,-0.105736310943133,0.450063215826917,0.900717636539053,0.0954198352009356,0.631750751748981,0.128684226022139,0.760478280748851,0.112415180686862,0.694684404684124,0.161475400659965,0.869255514786342,0.174477989783325
1.00790039815941,0.145749449315986,1.01605813699665,0.109366772200555,0.947999203755241,0.295961048224781,0.048813142496732,0.0749620583601237,-0.0539002343449006,0.158199084243434,0.920987710275316,0.029927171348699,1,-0.250563774880408,0.32845180873705,0.447174536552692,0.707784997378761,0.128415760453717,0.662820394625951,0.10874383599336,0.527800348752742,0.141445417236241,0.782123114122528,0.144111719259713,0.761534984789695,0.153399541565407
0.852379530714475,0.133091978665855,0.978134036376645,0.111590032109239,0.700173241579469,0.224658834050242,0.070735217142319,0.098075682987987,0.0451385791984262,0.134335498931762,0.90032289921916,0.0344294969072341,1,0.202827708766274,0.166082292936592,0.42153765521585,0.751625506454929,0.107050699704217,0.640117985810738,0.113718703149363,0.554497618260222,0.124384738431687,0.845193452579524,0.14183728623657,0.622618019361025,0.217053415222471
1.03198474644922,0.168485738992407,0.87041815690183,0.0884939912244166,1.51063435276779,0.376582578297143,2.19453442447075e-05,0.00973092112446941,0.00556332336740413,0.138550716593227,0.880662465088633,0.0506120169365915,1,0.966236472570524,-0.711117596116621,0.439530395935578,0.83034976803891,0.128238185108917,0.818538126989424,0.109426918818823,0.820863735141597,0.117719196588013,0.65748338051587,0.125400245673405,0.835730711056591,0.157555421662554
0.908493361913279,0.162029476909087,1.04782359550798,0.116343351993184,0.916417807753495,0.281858162109409,9.50831216377351e-07,0.000731549365240425,0.000884630961754655,0.137342791225951,0.949432830194537,0.0184296593388197,1,0.947684243213021,0.0680516305089993,0.554137931661028,0.627522251421561,0.135576258286795,0.749932117415904,0.120032896326039,0.751160630528382,0.126088055896758,0.601101111108083,0.130016673480547,0.743466340241046,0.13277957161828
1.02928582147142,0.16755041774999,1.01296516366189,0.128444320901295,1.0972245183195,0.334799119636761,0.188362495126959,0.157766602685815,0.289527684609396,0.208335083109052,0.936086655729255,0.0249221939145343,1,0.636861694558528,0.0238322918092931,0.485113616901584,0.663794929221957,0.135390630737607,0.697276884739174,0.128121399963107,0.746836253804249,0.111984467507526,0.937927607361079,0.133574307588399,0.756881517006541,0.221201735269457
1.04697166402034,0.15574700963202,0.937490665923172,0.103335295771235,1.00952313116649,0.261558303809667,0.0631767637766876,0.0794737264775331,0.0277233980780823,0.142769746189448,0.856893060534567,0.0668753822877196,1,0.10977656471649,0.241171267825538,0.399999017280169,0.724522270544387,0.121946450208102,0.560330947121516,0.132720104834056,0.692790046004402,0.11221438446629,0.537036487797687,0.139698589842686,0.820903428729312,0.155065834852591
1.01739978619152,0.156715561866862,0.94614087136449,0.111735713018091,1.0084802610988,0.262383763238759,0.0162515094975199,0.11019457090018,0.069498285097558,0.15776318591226,0.889849364158887,0.0445183862187369,1,0.542867114741353,0.269953915038341,0.419327453011012,0.510994824556399,0.133076362550892,0.64822740493072,0.124996364647335,0.777915578132312,0.121868912630408,0.686139188166685,0.141946057274676,0.861866292885529,0.122040395871251
0.982288059933704,0.151922071536042,1.05340934730674,0.106759618856603,0.980191867946983,0.233665610386005,0.00928932485716497,0.0256891118381148,0.0954217973727934,0.129138143307729,0.822108454261598,0.0937281700143017,1,0.999999930268437,0.175306314318703,0.399950317194287,0.487732632300493,0.13447783236287,0.866466396121457,0.0881633244317782,0.532836245036744,0.135607065959939,0.785849635619924,0.131421957551497,0.674210220630579,0.190619097482678
1.00724483304098,0.1320605428912,0.827099181802034,0.0877158888324502,0.646774754374573,0.21560543898252,0.00425070986581951,0.0198022643911056,-0.0524332881577742,0.106886119715446,0.921839309082156,0.0250024895797007,1,-0.999999614013677,0.0851760240773332,0.404877716421285,0.494741892970327,0.129250866749042,0.454885764164284,0.133580621707981,0.659000104335108,0.114986740078321,0.506275188725708,0.127422145766023,0.689044905769455,0.15098118689721
0.830576164027255,0.167361366210611,0.998354533566377,0.102243469194326,1.54566868426491,0.364647299789979,0.0010888916289559,0.0715850065582537,-0.0404068784330645,0.180432170395626,0.643765935215537,0.252799243343724,2,-0.984928642922561,0.126734110699062,0.363169855302537,0.471463884531641,0.129191506980032,0.610498550763621,0.115092163515376,0.776562691593376,0.117085501352483,0.727611161685708,0.154548270945342,0.787143160010043,0.153979783171292
0.887503377378134,0.171298398724333,0.909600374900244,0.115204241861463,1.55575686198287,0.372912770481783,0.111658949564987,0.0881928990421982,-0.0628905336652735,0.194259211315685,0.794726878275918,0.101320109815801,1,-0.150892498063527,-0.0808585168414403,0.38916142660067,0.514991219164686,0.133062388346793,0.654160812302797,0.131694294087124,0.656650513346373,0.138612061725441,0.829728490174962,0.148239860303177,0.825680500948202,0.149878456524974
0.828786165178369,0.172155915767568,0.829474339848661,0.10104393202544,1.67924865145221,0.387854777795336,0.00192185175045383,0.084858955088261,0.0567687267931596,0.188834333349591,0.422238139556373,0.264422594121453,2,0.999290383521276,-0.653363989737354,0.330495207787461,0.575342279149599,0.129249089658522,0.56884544795777,0.128681849785526,0.69331612598748,0.1276331162759,0.719858090757911,0.130833433404596,0.717161983401122,0.143018005725329
0.833695053394678,0.153784505336468,0.890150312845272,0.113860735497433,1.01487130355629,0.272424454324317,0.000792525953253056,0.0832941768477724,-0.0251517012504069,0.126782446974015,0.883847508653644,0.0510587258931521,2,-0.886860133982639,-0.594004218602194,0.412073004587906,0.651010398554522,0.125629877618602,0.538340104419164,0.130295294271227,0.661496637485193,0.116420464479285,0.683587293057116,0.13809256367767,0.720936996097511,0.141385018197384
1.13696294020923,0.15960094251715,0.986619086653282,0.134890354943908,1.11304557228573,0.273949290394116,0.297132126765649,0.206208873747921,0.102479630016609,0.193826568097079,0.866215356522797,0.0634651795633389,1,0.178199413315685,-0.854800205642302,0.425575055192253,0.80019320720774,0.137673789054091,0.854247746569435,0.110882593725954,0.844469093465583,0.120465592982992,0.877034570621185,0.129646508484959,0.689498478742839,0.151662236771343
0.930879754030882,0.162233181635628,1.10007913312019,0.105585742809588,1.46741716696479,0.352911161547535,0.00146232805867849,0.0123572833027555,0.0463232658866703,0.195427447866609,0.783989620909425,0.101435082523948,1,0.999999922027936,-0.436259304590265,0.347252197082465,0.727561636488724,0.101128340150306,0.776463149270182,0.105175005078936,0.819824173569981,0.108981620027926,0.62210699341415,0.172120806569367,0.843683399679093,0.18386933383105
1.06792102388024,0.157728529519481,1.07076262964751,0.116251483579453,1.08649024728824,0.278550827819944,0.104670054891655,0.126580920530049,-4.5594449299322e-06,0.172339943256948,0.883366542140782,0.0440313166704057,1,-1.35203468296343e-05,-0.0921677974059909,0.387666762658134,0.489725320983389,0.140104534801765,0.800614945609139,0.113884957640179,0.793333381168761,0.120975263714993,0.70167124101923,0.147510494457214,0.700126401389302,0.136532298259286
0.927404079361584,0.163614507376126,1.03245355149934,0.107527864817287,1.2517871517228,0.342319928240186,0.0829447543672034,0.0835631634529244,-0.322225352331847,0.173300490328717,0.894307682421747,0.0383157322159297,1,-0.99999999935333,-0.587503558010007,0.392305309035134,0.658507986011873,0.124218385226573,0.743832071242757,0.129019157168269,0.729217522412649,0.117299909336093,0.631064710487711,0.155175076052652,0.637191440525132,0.181458703986697
0.687064473676493,0.159873900041274,0.753977732140036,0.123440877509938,1.03808462637936,0.280314185307726,0.251615540579645,0.159162423177965,0.101562341429056,0.244427301134096,0.901624559648722,0.0460773256707866,1,0.19872275271404,-0.105941186354829,0.495986030927769,0.527605187191624,0.138264137324968,0.541791436995608,0.126656277690156,0.670476036751337,0.127139459097155,0.519706618911997,0.154324805890243,0.702469119704535,0.209150272182553
1.0682599883024,0.176274212987185,0.886582457441688,0.137045764169977,1.52319612805494,0.389826972644202,0.231191344938135,0.161414443654926,0.060531190240523,0.186622528820273,0.819384278789707,0.0948475351211339,1,0.102003603486365,-0.765037417316802,0.431375784518893,0.645267533814164,0.141799444757134,0.787730931287033,0.136151914140503,0.855702082234656,0.109127940879349,0.65420301760446,0.142504653270723,0.994245108148865,0.149983036063663
1.07998148748888,0.162221175493478,1.0517214132256,0.125111044667562,1.0977859207794,0.310137554250854,0.163568589162253,0.143084995724062,-0.0811474315918024,0.190042850378127,0.887775792308653,0.0466439606786846,1,-0.191498773287243,-0.0639470635450482,0.38535911895653,0.800642963577454,0.100298759356172,0.643007064289691,0.105892365978289,0.693685456248734,0.145415019227442,0.944092676891505,0.143364079278866,0.323818212611582,0.2265050099177
1.14460688629115,0.165657404630855,0.893511268418054,0.128553490321862,1.11614439534251,0.311108053562649,0.198506383369016,0.175100871442736,0.241981466529448,0.194562272731061,0.883453414115607,0.0493977080050777,1,0.514084695057344,0.146245628386744,0.461731260664336,0.508611897478462,0.142649838284174,0.786041279626758,0.126103093009706,0.649223595467999,0.114795350745703,0.870246231071282,0.115118106227862,0.778617819108689,0.204319671579086
1.03768148978625,0.151024207226602,0.971710702556582,0.112007893574477,0.873569710126995,0.267955215610664,0.0464902982048208,0.0913466394895601,0.197809449281426,0.134245422086164,0.913476663737564,0.0254789400940109,1,0.981560525297189,-0.229678203052126,0.407155908817122,0.643501776781975,0.116727850369714,0.740832592081717,0.117844973995848,0.607227079559249,0.144087764306518,0.76687445469117,0.110945336555459,0.597654961337272,0.191030924406367
0.942710430301578,0.146871539315435,0.945886637787463,0.111852683769682,1.09635033497629,0.267120449669622,0.238443104237241,0.163353862521493,0.185983094864382,0.152056591804828,0.583076691215547,0.210815700087871,1,0.363752854386952,0.368280713940349,0.303848946808507,0.484031589160694,0.11896020069228,0.402880829153999,0.11761501309804,0.725630328933239,0.117629159508457,0.363976664708045,0.142008691358031,0.710371821831954,0.153898064857029
1.27429624693922,0.166547984786288,1.21763685576288,0.116859200581665,1.17040134908409,0.306643955359793,0.00257604855154621,0.0133883266662931,-0.0549091130081764,0.143039802850586,0.927682714908703,0.0257734603137702,1,-0.999999998558695,0.756308484301218,0.475763769534533,0.9397502224737,0.0986027168370877,0.961739309508041,0.109289744388389,0.809860792521898,0.154131179705295,0.777035496656471,0.13190249908565,1.03106227499813,0.130332282979224
1.15040809189743,0.154108380693133,1.1129226021313,0.122757773206761,1.13651114679257,0.268994198079465,0.12029039951663,0.102134869693648,-0.307322619495812,0.155130006672812,0.837011999487344,0.0662764262530822,1,-0.831174465573388,-0.661588466866988,0.368682649092078,0.904176963278343,0.100244413503322,0.786046083883888,0.117191799113144,0.698950808922047,0.126846495880102,0.874948184292662,0.108822302039527,0.750546268924718,0.156806924375793
1.01720058706912,0.133020776517594,0.998858887293405,0.100123642397285,0.787842150453614,0.29962365566833,2.55948031166303e-05,0.0357246131207148,-0.00382671722924101,0.127325313432898,0.878396161197314,0.0532512998474119,1,-0.85217908078773,0.0717868583924374,0.396299324683348,0.465021843859363,0.145655299555333,0.708738683833455,0.116644986670143,0.763249357657976,0.0989191939139358,0.742203007549658,0.091607000440593,0.701728681518059,0.232771812211646
0.73541611548465,0.165650119658304,1.02862326313643,0.132037875091109,1.17772405663689,0.322079559642142,0.00132441154665498,0.084653163949608,-0.0388623149173167,0.21242916451662,0.920282538828863,0.0353356021486234,2,-0.984000715916206,0.158223482082638,0.49583524344564,0.476217716534524,0.154502424320915,0.74472553983684,0.127637163058941,0.748612212024353,0.119851801795988,0.733999319774871,0.173595711143378,0.535055487682183,0.211313279779028
0.973293948239339,0.145201413314772,0.961062841029554,0.111088653842261,0.985892773464649,0.259999468216948,0.0671998393498116,0.0975725278573973,0.110229140776022,0.150849827972032,0.882093364814835,0.0514072991541938,1,0.428250090194191,0.129235093953442,0.402664708435354,0.560024112787945,0.137596588087865,0.499192542973902,0.114774009945225,0.697676442788785,0.119637276531191,0.632580791358433,0.127549185627014,0.932013083975466,0.126612466483322
0.876164585735828,0.138949020263151,0.924623721558179,0.0958518175638111,0.778474744514006,0.217616853998991,0.0278244501048321,0.0616853797836025,0.135851067611325,0.113771689361896,0.878220767831329,0.0484689680266822,1,0.923054825185719,-0.209321783848251,0.396944425439349,0.550811689897188,0.118585736055154,0.553767992525377,0.117870063846982,0.552530477117223,0.117707585733061,0.843079108025996,0.116807599620606,0.556938170477707,0.205112679938529
1.22728043466465,0.185394304050795,1.16351984441666,0.127379668980694,1.42784573819454,0.405183160908695,0.155262636026185,0.180613427777832,0.14013722113271,0.19202424029545,0.917036446615688,0.042016541915542,1,0.297631832928149,0.67121771648078,0.50147814994699,0.840382169547517,0.130982597940016,0.600546037058679,0.128241626933403,0.871446457132617,0.119471660059866,0.741483728619625,0.158054631857316,0.673230555161016,0.190965116404731
1.0023503756792,0.139666171626792,1.02437480984733,0.106351002420606,0.882513929309816,0.255224109124634,0.0713187949658699,0.116265438485846,0.148943848085267,0.151492266009986,0.880702857197367,0.0440017188509859,1,0.593690073113851,-0.212897294411252,0.368619208917839,0.687718137177033,0.11098154562442,0.6455904987714,0.109633001499049,0.810792288059092,0.11034349531516,0.687620586222298,0.165996326951861,0.701573275209699,0.185404323248639
0.842531057238428,0.14645196425282,1.11507776433245,0.118575719980284,0.932160480010987,0.227888579349315,0.117191915098758,0.0991895618435654,0.169395354294319,0.140845447877617,0.853450994315228,0.0636789889321848,1,0.512515880314079,-0.478334887393504,0.402133748298583,0.749292080411588,0.123270185536441,0.626908992498744,0.123446031554987,0.33730506005073,0.135924789125558,0.799059021369013,0.112910288083853,0.751340881666412,0.123747219294695
0.958405993890379,0.149237592272445,1.19026324215127,0.103264191222754,1.0196754855073,0.217534737353038,0.000115519965824542,0.104006549222398,-0.00997454500863143,0.13518183639951,0.938611547632262,0.02013499832364,2,-0.919038233891862,-0.348749456501811,0.457233820676129,0.805672976933376,0.121055751779107,0.745371654067696,0.118169555868443,0.634648594079746,0.127005889052397,0.646050419704192,0.122093651785361,0.81193619943096,0.142950394684029
1.20875209062425,0.182503303907072,0.871708325835796,0.118607743787671,1.25478703419275,0.383826696604753,0.117698039703014,0.147810407109537,0.118440557462142,0.189853442048659,0.903993818487826,0.0518313273393358,1,0.308198710132234,0.323283523461708,0.476267511416918,0.721694124570992,0.131751385512644,0.609710628456158,0.129342604846318,0.702097735307633,0.14425683675806,0.86645553416569,0.172859555446599,0.635053696873733,0.200179021088162
0.731240312979675,0.149291845172623,1.15447421007367,0.121754529569812,0.915816826475915,0.276028670859837,0.232271032990577,0.153865534399358,0.000160903497680925,0.163311984317442,0.919046462355511,0.0327545771844458,1,0.000348870019705972,-0.497076285470693,0.470566495149494,0.799432546339414,0.117442690848217,0.710295536198194,0.115601041304204,0.45328185588398,0.132213918795475,0.833720777496616,0.149097954157604,0.433074260174992,0.177840098129106
1.07641272867558,0.124522586166856,1.05886186924144,0.105558821334223,0.501194244272384,0.170422390834829,0.0854809464043419,0.0745047630135749,-0.206984438353662,0.0990253167364053,0.939212749987996,0.0189550759128162,1,-0.999999992854868,0.74955595490393,0.492573965648368,0.722860463612644,0.135568011374817,0.79646262161868,0.108228417454779,0.641442029791332,0.126361557427409,0.599883589302506,0.13644276035839,0.573162685717567,0.171715044788767
0.953020384631097,0.147207676582553,0.944381842396334,0.115617817314536,0.939744638634013,0.247464222939439,0.216495017791146,0.165820983919085,0.0950694985460139,0.171840007188065,0.902072816894177,0.0415279007143946,1,0.21077171129409,-0.901615748599214,0.426430761383823,0.598415554507039,0.142956039640527,0.7649445197201,0.120302642269485,0.779003428214224,0.104611989861755,0.621030699658149,0.135024611772971,0.676524939300544,0.131127138474234
1.11221626749712,0.155079498147497,0.913310378774151,0.09354324045386,0.899821178770284,0.266168650049296,0.0361942976659504,0.0826279198638244,0.0228534994752635,0.123589901579561,0.904736502713343,0.0405543617402835,1,0.126635225834162,0.258618675638914,0.470867942005162,0.714821696849045,0.119716434240337,0.775152335509258,0.10017127522701,0.853474631041771,0.115668311096761,0.739376508654442,0.155742818720884,0.197102768892309,0.257486702423475
1.08903846030626,0.14081357426371,0.972534018453224,0.0929446878033978,0.730578783323133,0.198159484979324,0.133569397771036,0.0942882587634261,0.251133144420312,0.127671238469153,0.893183509036645,0.047526897547131,1,0.803927755070328,0.0271672313288523,0.443568347130242,0.578652987892112,0.151227628597333,0.62975313263524,0.107839115228393,0.725833899684743,0.102640421267317,0.643911280023499,0.125620236515298,0.896246668753543,0.169059511588234
1.17259705237795,0.155656449721305,1.07931526238128,0.150481032378681,0.919567077974797,0.244761631246474,0.313599858771903,0.189302212322928,-0.0312357560237671,0.176850949917346,0.797260516889374,0.114505961775314,1,-0.0581664267899743,0.851541012407578,0.398508448195409,0.396217857253896,0.150431641680905,0.545955326910834,0.143003671837687,0.948958337327861,0.106647062750217,0.685451198760329,0.138357028375726,0.751854959972245,0.157664707992877
1.0773090581055,0.164893172575375,1.05578161013057,0.113176710184622,1.22654871637972,0.37081966882001,2.73217517967956e-05,0.0232180821181879,0.00523945657078579,0.160351367403599,0.922438055213152,0.0322556438491234,1,0.905085428306275,0.560355669266219,0.478867709633094,0.949694368336038,0.123766581726878,0.796927009475902,0.109859540731313,0.853126943401066,0.165046066483669,0.613533664704526,0.165941617467508,0.932771757182727,0.136131425311389
0.923121592170569,0.171341537407228,1.11785329636088,0.114329820763338,1.05933754859401,0.309791792429866,0.171101300960193,0.140490680868018,-0.245763116579637,0.210375949749912,0.921661385224994,0.0332921784695052,1,-0.577261863210179,-0.283552038986102,0.511829995390436,0.753305052488328,0.126510210309305,0.755564952576968,0.112052128891656,0.615935113778817,0.143004496576991,0.752393253090356,0.13660496975829,0.650395844449508,0.162813689128481
1.11189081837295,0.154603841492623,0.865145656883155,0.110748414785075,0.707962032159716,0.226462026677815,0.111012870466649,0.129276730482939,-0.11031602166142,0.158995212691877,0.932090343182229,0.0229086546850074,1,-0.393501997844135,-0.1214401346597,0.479962086884935,0.779166665933241,0.124136464395582,0.543768519768184,0.118617954860918,0.725581132405265,0.118253525468372,0.563495837437626,0.147950508776549,0.729784957083551,0.164545001463275
0.948751368334108,0.149225597144339,0.791086837079032,0.120358461971676,0.921439183531715,0.234875549155721,0.14144718606727,0.154531930645161,0.14792674370608,0.130161717774655,0.761830245758394,0.106025819563219,1,0.409747396763373,0.313663729252899,0.363695906732552,0.564722901135913,0.125237899549815,0.506813530542907,0.121802087098444,0.877633687278742,0.116306766735422,0.302037577844773,0.180986383037205,0.41937977729418,0.201785885260571
0.872512743387,0.165760168151435,0.96582574313466,0.105845485958449,1.30138117429663,0.338760215889343,0.00595660905855269,0.0579374451193109,-0.0853985573581682,0.173386418214117,0.886982787927233,0.0498982845154003,2,-0.969948610891808,-0.326893457861447,0.412604831487825,0.632950235335994,0.134655234878346,0.733582369914846,0.116711865992211,0.709358322068296,0.122943669332509,0.507869787003613,0.152788345334796,0.814885352491971,0.149629476474874
0.887975270079003,0.162787813380951,1.24366031814228,0.125481993410812,1.03896308381999,0.266858919159248,0.139051181328288,0.125087757237028,0.0785306995502791,0.149871108125442,0.893006421556289,0.0445803181872764,1,0.206610346692668,-0.579789699229355,0.472009711018686,0.930141814357132,0.122617323916907,0.490673311215729,0.16670906399019,0.767860013144261,0.124659239986555,0.516519017287646,0.162370091319622,0.780766267077509,0.13710518400027
1.13606996794903,0.130330026669638,1.10721446085894,0.107033794622147,0.577122980241538,0.193597505430195,0.0077679355562963,0.0283626802055135,0.0669555944394298,0.109441344470057,0.937183180430681,0.014551328752136,1,0.999999722082669,-0.0827098904413297,0.444651674378932,0.765132139255112,0.109850945698329,0.813957132323804,0.101754988193191,0.596969791768937,0.125988078163311,0.80058340355656,0.124616282314315,0.613945477706067,0.202196116588036
1.26184779543515,0.164161120929485,0.951262054676924,0.119432141433971,1.09260734210824,0.2906088646002,0.291415236850233,0.15809251825586,-0.0643858303715282,0.157716264146668,0.920785059934392,0.0284145061977894,1,-0.11410432760056,-0.240686384211773,0.487439527893314,0.884524062669292,0.140171564491142,0.848587711301999,0.124360304196823,0.738030543325042,0.120564273501811,0.750573422025993,0.129338550900012,0.873855222380291,0.126994572349263
0.888955798724051,0.17968432659948,0.886189586830619,0.111160836089873,1.19188754405505,0.347431132468947,0.0732343306421629,0.0910012053344493,0.152029259151717,0.187473373897448,0.924912523515,0.0345867702766324,1,0.514579144185232,0.475529305813258,0.529976508216414,0.705832792725395,0.113972590100758,0.836157263788937,0.123027355727268,0.607663284415014,0.137101568135506,0.711109629155617,0.133640452825583,0.758127098926524,0.175809896225728
1.2506646847937,0.178236155310321,0.963369417800122,0.117782691170055,1.19100764771642,0.32783966486413,0.0263942040781036,0.0893887780990679,-0.0731435709352232,0.158689465406033,0.937279497572555,0.0243351590567146,1,-0.412538608074279,0.384378281913009,0.54008175549512,0.689808934149498,0.13456484851162,0.700757658545616,0.119455663413477,0.861146442225675,0.104087989065322,0.722645255045153,0.145054863873868,0.616207627852551,0.173995515497998
0.9981901580557,0.137713929966738,1.15359137588289,0.117028333638077,0.873989517041288,0.283173674236089,0.0885477319088712,0.111325986934038,-0.0899987976111684,0.128566989403353,0.927648973050855,0.0243525448144065,1,-0.323515337375226,-0.0185052217452564,0.434128419755346,0.700669824252108,0.11787457217894,0.904569654683341,0.0942666233313347,0.68162330513092,0.131223539594198,0.59241593258565,0.168945887589662,0.810910254826032,0.182609425029
1.07479269003703,0.141610690733223,1.04867187904591,0.11150467891326,0.946228740175699,0.24916774450146,0.0533167249398048,0.0837357044255445,-0.0603608560939594,0.143455345088096,0.869023761789009,0.0586850293124474,1,-0.268735840635221,0.602751901639247,0.410747331045462,0.705012226806971,0.112132794637028,0.767966962899155,0.113705271395769,0.727151135678599,0.122139898065423,0.831079346566105,0.159852906397721,0.415282063678245,0.204843373745497
0.919689264251987,0.152628286306802,1.07894215101765,0.102654135427637,1.07990109714978,0.274108609598819,0.000160762266635257,0.0652328653111002,0.012274787162849,0.1133467035735,0.881973264567507,0.0495634471889346,2,0.931600941682551,-0.444049487914435,0.42897471936831,0.696717303577669,0.124417433744941,0.770627760969652,0.123447360804212,0.707867548003141,0.138915221571492,0.707266214596717,0.143013061069146,0.492312683954353,0.175049622445475
1.07833628981172,0.168942647118983,1.01539316822021,0.112642256475273,1.52632772032467,0.413417251108357,0.0815091991256711,0.0909030852820378,0.352717663384224,0.216291462632454,0.854214747110316,0.0598990402834493,1,0.999999999904555,-0.11422856045449,0.392013977117907,0.75442419183684,0.132071973492206,0.758603340312264,0.119865698562313,0.704094444841147,0.142252495774393,0.610975628507083,0.152610422025633,0.883916896923124,0.140991182424833
0.844956041406207,0.129266263407154,1.03774700578305,0.102279004026654,0.594193082498885,0.156798270583702,0.000472234731861437,0.078805211177389,0.0162066910260714,0.105285203900357,0.866688966396539,0.0385730432621859,1,0.967501382164261,-0.525179259492929,0.40207560965869,0.560125563651699,0.14580461920279,0.783650571134019,0.107764080304076,0.655201293043685,0.108796872987352,0.554061731981557,0.107024135824615,0.671920800860724,0.138688814596281
1.15243453863318,0.18532776318226,1.19872632772639,0.117237554302585,1.02602161313274,0.328825416407888,0.00206501496293726,0.016612994328356,-0.0460298814175171,0.185387279264556,0.957054886299986,0.0153575350096732,1,-0.999999999975116,0.579020071536551,0.612223965316812,0.771890281461641,0.119405107303521,0.657408463115944,0.126890913837351,0.661235325920112,0.126101820289355,0.89525550145475,0.149060529786643,0.644549494040944,0.179280125307894
1.01113007885355,0.144640200169047,0.972112839772176,0.0892606850269621,0.844065584349143,0.242753063059464,0.0365185351730631,0.0679775996218104,-0.133481227585516,0.141692914246763,0.905650241053582,0.0326816732504328,1,-0.760283247703803,0.760045909213166,0.409154372872078,0.520846418396822,0.12330300694434,0.526038296375706,0.127692241337632,0.68937344506011,0.117775744827691,0.66894028984036,0.13429473185771,0.767770965751116,0.151401549183162
0.888753344159612,0.167446522525698,0.991727419230064,0.113863674898813,1.18419440202128,0.289849680561129,0.0319353252407782,0.063540941841662,-0.194467563816468,0.198296324470062,0.797860736679401,0.0664508219853601,1,-0.999999999998065,0.0744537874595716,0.383722649359003,0.256423658905792,0.137950476579459,0.821348158412502,0.094989114507791,0.780970232165262,0.125792146096209,0.558399783439225,0.160100991814271,0.814493248024495,0.183406906814465
0.772818958475133,0.146253976573408,1.06386942089564,0.095819913920461,1.01398819655204,0.268165167551029,0.0010387916048788,0.0685198702819902,-0.0302676622091675,0.13038889144181,0.910024742245075,0.0280213080826142,2,-0.932606017126548,-1.4944078687679,0.488650873916435,0.847387111721229,0.111275869286574,0.785302866810379,0.106116308724705,0.612632780835013,0.12618650091317,0.779347469555715,0.126401634219674,0.582070158236527,0.175132887058916
1.01780832968918,0.164491195375739,1.00443170978753,0.105166836285308,1.1321586750203,0.275384677878047,0.0139883851766187,0.0931633232531435,0.0305502434640293,0.167085459594739,0.846984816308509,0.0735842477436786,1,0.242760059435733,0.0868811629263792,0.378930487746094,0.527957795482001,0.129072905795067,0.840749459893905,0.116226910066131,0.437814928184069,0.134466453777603,1.03441513259577,0.131450826641682,0.765779993028838,0.156309180394924
0.821576483406305,0.143440138398262,0.844311322373625,0.102461792436021,1.02573282712385,0.237434057959534,0.130077713442081,0.139743172623677,0.112424023232431,0.127198573264479,0.712879598706329,0.147954761334704,1,0.307780108619885,-0.776882276038545,0.337079235634864,0.685380285196803,0.127973478114248,0.558741999473519,0.120045102207238,0.6153494700934,0.122342465580396,0.723566480633229,0.0939725152677344,0.592613429428939,0.194348355230879
0.963398696994732,0.142797564940371,0.789486810551741,0.0983697013634263,0.871739825045272,0.23813817288603,0.0477331694153018,0.0907534154047393,0.0621739728401042,0.140664825903354,0.88653377998668,0.0550497137479224,1,0.304793035869706,0.279426242843998,0.423283857989712,0.822502585864792,0.107945636216459,0.640927639446064,0.11296123400361,0.5303341511813,0.144141549001922,0.726884892548382,0.132918447482368,0.545693220265368,0.209286780799334
1.11496404069127,0.140008623009586,0.981518541103152,0.100267039942731,0.835539119769203,0.22976965012052,0.255074808959071,0.158512863221801,0.161478716149015,0.145657999040272,0.896902862136295,0.0408057442375797,1,0.349782525149532,0.00619984131495023,0.398727774941896,0.805131000516157,0.11271001829406,0.620009077375256,0.120747758896487,0.693840553304683,0.117197824009065,0.496949920426766,0.154356756259224,0.651812895991783,0.190360897894562
0.841345360622428,0.12197146183237,0.949815788684019,0.0910490843614752,0.769905049847854,0.166925981272721,0.00269057022127601,0.0141930731468581,-0.0455135539805316,0.119785600160913,0.765267869840964,0.100957532857715,1,-0.999999998939916,0.336012714612562,0.332254736067013,0.577963932044504,0.108458165780136,0.604108811265833,0.110654295372755,0.668017117191122,0.127938826380809,0.710713728741297,0.133930879629446,0.609865689487401,0.175619193967387
0.920174248631686,0.153939506859628,0.982026946146298,0.117367138677097,1.01396311682052,0.28304574738511,0.0614003941717917,0.0859069185400584,-0.249514999639447,0.180321285583538,0.891310586494784,0.0519123528207628,1,-0.999999999972976,0.385935397997545,0.429569259219275,0.617970933795358,0.135574937127729,0.612350473337536,0.153897876028557,0.675266386831304,0.158177140985952,0.659829479711715,0.130915822820707,0.684035077582366,0.159615945791085
1.0116083264073,0.154051310952631,1.02029548045478,0.11427468760485,0.908458338638536,0.283182636932893,0.0314831513413366,0.0594957863603064,0.169118690160393,0.16757692972565,0.92568895888726,0.0331609037127989,1,0.999999999980955,0.375098346966829,0.508766878230019,0.60645882524695,0.118775841355328,0.643713659385428,0.133520451198269,0.770309768899901,0.123326184972551,0.60107015225609,0.144264865658147,0.699729408290387,0.15082677676692
0.917320624848722,0.120473132399779,0.9603028524537,0.104005255955941,0.48464392366703,0.148139052985291,0.122986317153009,0.108652405053644,0.0744597026025006,0.095221293699648,0.873417618593328,0.0491032480658768,1,0.304987129834503,0.0435505187205425,0.377172847733082,0.83679601677131,0.0994112047647769,0.317361830609638,0.130288769096508,0.774439285390785,0.102881575376223,0.745643633272627,0.144126662090053,0.461403169795114,0.24209546936254
0.939939873036665,0.160234294188569,0.926484209398187,0.121727052358349,1.31022046626729,0.318187380056191,0.173519459122282,0.145243041237359,-0.210297016426854,0.215391329453279,0.61091872062571,0.217883840890617,1,-0.441048987131017,-0.348962015850663,0.326325163638029,0.76273012453008,0.100714410492085,0.705907142932564,0.0982666084697494,0.617550155768297,0.151235603098152,0.763953697138482,0.168146247774863,0.588992104826784,0.214789467541522
1.19313309070144,0.155806091271528,1.11117764561057,0.0988848211402792,1.1501891886037,0.269880630066719,1.31889995923818e-06,0.0145912985683502,0.000206405522106972,0.169738512078056,0.800322338715699,0.107180747081157,1,0.167583302305329,0.123386616735472,0.392279131008931,0.830614911956129,0.125598597555264,0.720082470730795,0.10908732410683,0.691757447007378,0.113206490519118,0.464372508403544,0.160754147184165,0.738780870151133,0.150499996180061
1.16940808296472,0.152547242947585,1.18020624200832,0.125517634395147,0.715920148747394,0.216968968277091,0.193394348323171,0.134781101495458,-0.136073843450387,0.127579991863008,0.883287473707025,0.0409956585376167,1,-0.365696218866275,0.659552525709894,0.39504400728221,0.418341333625822,0.122558085152715,0.937674836575419,0.115560473340914,0.523933443374254,0.143826588501806,0.801647633246466,0.12738898917516,0.654736710829259,0.17436987629828
0.765092174472612,0.165060293417779,1.10266873209644,0.13251830224975,1.27347428369429,0.337817108497314,0.117664235261729,0.129655324527742,-0.125962350779318,0.228015601926397,0.867777312155388,0.0685001033051935,1,-0.325404406101673,-0.24851145129648,0.452786267232101,0.67335960506217,0.14994921162247,0.725851742822418,0.119701804090853,0.780013404433401,0.111688579736246,0.865508492248241,0.117075226671648,0.258077106632465,0.197193135968014
1.241652038182,0.195276567890465,1.2255075026674,0.152475783140535,1.70471908275744,0.493690205793003,0.369309738647726,0.242463358236243,-0.241119903708177,0.265826369555162,0.93409938105336,0.0290257471587231,1,-0.303886404092078,0.589421836330728,0.554976783839871,0.804295122549531,0.145388069030976,0.89012628317659,0.124616025214632,0.732563915224701,0.147468859146806,0.867929681418624,0.154821478210835,0.827040174345769,0.180194668394295
0.870881899721201,0.131536553978242,0.948137522865176,0.0985871380772779,0.586951414713222,0.182062691190691,0.0544732085986891,0.0800414089804193,0.109874146089586,0.0975152224290128,0.92486626525991,0.0265031893513772,1,0.614473216230491,-0.220796393038609,0.449875404911571,0.518337689448309,0.143289961150104,0.676127445232115,0.0958050724733841,0.568078293117699,0.117681815202057,0.530911700966672,0.140181586287868,0.753152068277117,0.153638628317021
0.71698270991559,0.16048480991223,1.01575997424995,0.130941793222086,1.4159247373712,0.373590792867299,0.480954196629549,0.234121741548427,-0.584281862125519,0.23697875866781,0.852148781082703,0.0705846213198716,1,-0.708028045526419,-0.326395852615373,0.38595379253581,0.743395152746418,0.101042522915056,0.778930460159627,0.124150190477453,0.748217730601007,0.152658967474893,0.15784594134867,0.239303627171277,0.683356877823572,0.208339282189938
1.15093231310257,0.156470678863133,0.80461083433554,0.0885727038098685,1.03602200637522,0.284200009775298,0.0152719454049243,0.0334312757069551,-0.125785816035843,0.138533726620384,0.879934138754597,0.0492226173973562,1,-0.99999999987803,0.0575060198780927,0.412613058020097,0.746049860372574,0.109956570902311,0.574024176814841,0.133071394890951,0.681597199408733,0.118424639277837,0.555029160035177,0.123067939978011,0.777561092324303,0.169638819014273
1.07368985301339,0.171426458560188,0.96661165233079,0.139806378064084,0.916526240057214,0.319064862679885,0.176731732350655,0.161872806867615,-0.109481720169045,0.197645641005584,0.951053231854782,0.0166814039564558,1,-0.272026925773799,-0.0274864674415269,0.573297867691868,0.71852808183799,0.157243308543013,0.73694829202394,0.129055571668274,0.691144394899594,0.129536172864811,0.757615748756231,0.154289833335835,0.50041913717158,0.196477537780005
1.09180742684744,0.128653880616496,0.886542950724846,0.0955258822956315,0.701442615423529,0.168165164885017,0.000106071785404522,0.00598463892389211,-0.0086237246088455,0.105531012031824,0.736653197872798,0.0912830328524619,1,-0.99976715753801,0.32210411821265,0.310161564959455,0.571299274476888,0.102193378372595,0.599005572065645,0.119618800211451,0.532950328741835,0.135351960915697,0.715814283121794,0.123153729239493,0.693900925622212,0.129203504085818
0.913337678200125,0.128266490084845,0.897142672594882,0.0960593551005859,0.482125081291363,0.147966907263049,0.0744519266404826,0.0856355112094093,0.110854084538869,0.10787130808402,0.905310187446635,0.0295520017697906,1,0.585105077454671,-0.0908891238055165,0.425892351454297,0.560644078810993,0.120167932197998,0.570914255421815,0.115827126448009,0.486464911924772,0.116669338289553,0.713537293435498,0.112458504393836,0.787796222858112,0.11391718123984
1.16126968984014,0.174892680896023,1.06503030624569,0.12082909414219,1.44245099511384,0.31670051342191,0.410543505613677,0.209645329211618,0.245114703918939,0.200216141176697,0.750434013823808,0.153556370622189,1,0.318521855826625,-0.0168906341581069,0.39152332454632,0.744558336817,0.117613078788885,0.727965000460384,0.103932724347767,0.832950242110437,0.127635348478339,0.806169635924178,0.134063194651791,0.802486254500617,0.141781265672869
1.05640007454667,0.171352021713962,0.948579927258536,0.114195455860345,1.20768142045479,0.368126017335357,0.00250100067136181,0.0395297690702059,0.050988797205759,0.200338306681992,0.908885652359506,0.0418567616207913,2,0.927772874306812,0.165188457675506,0.482653881513726,0.517886577258864,0.13537924514942,0.613798370276862,0.115559597422213,0.653430147463221,0.13196722608503,0.858766804219464,0.15416065056756,0.409276410406884,0.221832286502729
0.917706034264781,0.196043683172202,0.976910797183395,0.112069140232331,1.91707570975514,0.535973548876126,0.00514936970773794,0.0275111553978366,0.0993565880333431,0.266459594273809,0.901918556330422,0.0535797391331434,1,0.999999999917651,0.130255463240876,0.49272442902117,0.72335927892986,0.134615189552337,0.830374174846115,0.110240803857827,0.795204413412326,0.120808830929002,0.873321972133044,0.148987251589444,0.774064140677101,0.211371915833461
0.882261030181184,0.157736843621922,0.921988471168073,0.113884750422396,1.20121490117515,0.309358243075195,0.157363369512365,0.147516235368898,0.434772612229715,0.22032411625631,0.913628183668392,0.031126471695727,1,0.999999999967373,-0.281971342895,0.482895899805137,0.54558614308985,0.15439540556574,0.645244398101952,0.121977933988161,0.62083826998233,0.134730600844892,0.53208148670122,0.131254255099705,0.744489824709766,0.140580304527367
0.840509059827341,0.152795978329434,0.935756208475603,0.103503327141425,0.940043758187066,0.273382438710226,0.000172833359753557,0.0715658510624405,-0.0122524193383934,0.152504307355492,0.909803048920722,0.0343220356883347,1,-0.961244860691312,0.161272778819651,0.470096692696107,0.417522355719856,0.165720123270722,0.603453864539614,0.134034482588016,0.702906796186441,0.111903888936639,0.797053654562439,0.119129136817837,0.748874322177854,0.150041404311841
