"beta1","beta1_sd","beta2","beta2_sd","omega_b1","omega_b1_sd","omega_b2","omega_b2_sd","omega_cov","omega_cov_sd","rho","rho_sd","conv_code","omega_cor","tau1","tau1_sd","tau2","tau2_sd","tau3","tau3_sd","tau4","tau4_sd","tau5","tau5_sd","tau6","tau6_sd"
1.08029934027691,0.113376216763085,0.993031361989616,0.107023243007202,1.13170826637244,0.218710238522649,0.526405159981405,0.231475751247991,0.737161913169781,0.184667629894165,0.561192485270526,0.193280584609804,1,0.955070818207868,0.408008273864418,0.239444704464872,0.676685967131591,0.11123348233406,0.618411355187483,0.0996209247189401,0.795389758150901,0.101029911733692,0.57114277742988,0.147720214641391,0.688378714759044,0.155247824439947
0.885268291722937,0.104453758692192,0.994136890517437,0.107774417698231,1.03699771277698,0.187922494854805,0.389013978481535,0.189238868163172,0.575879488676983,0.177938422015687,0.621212870726489,0.187339450966594,1,0.906692675795016,-0.0120397810890532,0.258333683098165,0.628357711749758,0.106949691768312,0.733056004056172,0.0893968443533482,0.673853207554681,0.121978997135843,0.613335689638174,0.14592460251963,0.718012245192683,0.172955993680716
0.955495098046584,0.11785512427014,1.05973940541191,0.114807849340878,1.2661679621967,0.231748573166248,0.582097748769017,0.215039995955583,0.659975191925568,0.190839559047924,0.669677149409037,0.153402878536278,1,0.768747985901507,-0.0238948079448486,0.254969403271418,0.753257922490201,0.0915823722988593,0.809370027722903,0.0969982272766054,0.810641458739065,0.12175893188286,0.73442752925308,0.130295846905038,0.691373469012084,0.157999358565181
1.03724052385335,0.0979423522824968,1.03577179551758,0.102298396472422,1.0933916808114,0.173704175065339,0.666795140311037,0.213162435808996,0.853854940385913,0.174844691257636,0.655457363016793,0.142018486509698,1,0.999999999999913,-0.232948287636263,0.243117079645135,0.703367771974891,0.0995211360687034,0.645767389630292,0.0925136847113365,0.772387977235109,0.106823608626221,0.451486734250468,0.13597687390251,0.892292945760322,0.14100790202297
1.02437039667429,0.105805209383416,1.17264018572295,0.125286972113652,1.12471784644817,0.225718306035658,0.519447677433192,0.229588121635874,0.605639054724507,0.172882744521864,0.365793221681844,0.336080252963748,1,0.792357504208593,0.155840586138006,0.232841334512709,0.691678569815979,0.110531806766504,0.741733243748876,0.105590325325375,0.776638357358256,0.103932948679151,0.68614018259071,0.140656157510294,0.704324145173002,0.172006003919255
1.00918985788105,0.0943303500703334,1.05709414737435,0.105831608576994,0.869933292101735,0.157101525597701,0.360457114483692,0.171114941885649,0.479075769059215,0.13204323632288,0.40972210186631,0.245085423142823,1,0.855528395887092,-0.0757870501066836,0.212139262910203,0.733220802572652,0.102073371172538,0.637135822308658,0.0948985696040209,0.67265007005597,0.118259089804481,0.749463535043014,0.135513576757289,0.541589307334786,0.186383127328423
1.03331671065389,0.101238670556639,1.15963064378093,0.107951589222747,1.18411016611927,0.207509835781299,0.675268031617749,0.249942310739609,0.894198938204912,0.221767895000462,0.516210046055714,0.214146118826735,1,0.999999999995541,-0.154321339966651,0.255330536657746,0.695524753003976,0.103602408292842,0.633978550704742,0.0850113907517715,0.82983386537399,0.0990681306312919,0.83156775164846,0.122115812488363,0.765024786769222,0.160667524953676
0.97445020370845,0.107439906806275,0.955533969570014,0.113196804314811,1.15284781813812,0.227253156679891,0.521637866578305,0.226948082161475,0.770693299085364,0.211951655109885,0.7770931753586,0.0795376656930298,1,0.993827562029118,-0.166760150915322,0.254429392046904,0.754858136056067,0.102600216454023,0.594341043721879,0.122440646125033,0.622746291097114,0.114175730598203,0.84534091533682,0.122575047126302,0.720676506670738,0.128917044281925
1.03013588909382,0.11079352515096,1.08488932993678,0.110827054104017,0.996235614411066,0.194104794473669,0.559414126319006,0.215207940631172,0.615544838003801,0.148890557937143,0.460180228996154,0.296447806487935,1,0.824540414997629,-0.0970889816341636,0.254410422735118,0.769282926088289,0.101488276494692,0.776194511514575,0.109724915568867,0.620222650065464,0.114531267949403,0.777125914101845,0.113388000639101,0.834147014803708,0.130450892688137
1.06370413774831,0.116371926104941,1.07858279494158,0.12540030073185,1.13508998856039,0.217875298631472,0.415273104071057,0.229786460988716,0.493751831741229,0.162187665160864,0.136292541475277,0.315235266567502,1,0.719161899965657,0.184470901274944,0.214897825068273,0.726559427523625,0.105990886456465,0.750709420487434,0.112352260213445,0.636088114183049,0.145166169724237,0.743484686780817,0.135580455680928,0.659007087233362,0.153945883682778
1.20605228251495,0.114333199548063,1.00047770400425,0.111450270936178,1.11452848015174,0.188520705608509,0.742846874010176,0.230994044416133,0.736105594842563,0.153479391549095,0.651458662540461,0.145567211965193,1,0.808993222454312,0.106273339245882,0.242779489240965,0.837393441432393,0.103614788178605,0.923288985612804,0.0950530633494383,0.661333167494303,0.112622547770561,0.745326980535193,0.124275914969892,0.658452453233182,0.136661944109194
0.910278337429256,0.0902865404102791,1.05658494599942,0.0957165940094271,0.669576172648744,0.119661504916882,0.385705396276134,0.151670830333735,0.441356104646534,0.106846037663092,0.678307546810445,0.105983264706078,1,0.868482926670634,-0.266611234039092,0.244204235811187,0.63129753964636,0.104321932596592,0.505294743354242,0.0910839399981614,0.665817681058485,0.0882221124471622,0.395483627746389,0.136684845153325,0.519963349836128,0.141096399742995
0.93753055912569,0.10522955721987,1.00609873589956,0.114060306475345,0.966252541607324,0.174921781053104,0.584457555724475,0.233235156520403,0.545972313345319,0.165757506876747,0.575226047822336,0.202486165559757,1,0.726522061368569,-0.327115716642086,0.241155557500898,0.718656221285388,0.112160115516593,0.693809296924068,0.0937456790843954,0.651072773750132,0.122013171920214,0.827486015490345,0.104839091947002,0.730737731870683,0.136302315740613
0.904957560471425,0.0982540712287567,0.910928041325931,0.0864696019449338,0.82401087450265,0.150471544893945,0.399633969651227,0.152833591443216,0.566580372154287,0.127270280262088,0.712928301367573,0.113620742222537,1,0.987333460207847,-0.099408534301391,0.246904892261805,0.656736498675602,0.104506227872679,0.681458434223643,0.0942716163568579,0.789670805640478,0.110031984833748,0.855129219979592,0.11316613270411,0.480863259739461,0.171189297407255
1.07530795087105,0.110825385731906,1.12084148865563,0.124202314816731,1.31637001120823,0.235783401734895,1.17569821429634,0.340643149640904,1.16616186993058,0.236217148915577,0.579077655016458,0.158639642255764,1,0.937393457240883,0.0338355218909831,0.225926564234092,0.778782722444162,0.0914662077363639,0.627423243467055,0.117955351271901,0.745393639157539,0.106986287520041,0.927043459614417,0.148622562672381,0.672194669693155,0.154155571768636
0.999211849519228,0.102433558987759,0.9744596506028,0.114320531486733,1.00144907306796,0.185122043981402,0.759687321038133,0.260054351255711,0.611538387490985,0.170186431544772,0.620964467242984,0.182308662732204,1,0.70111918363794,0.0468631728566749,0.21975776849499,0.706168779953634,0.0949249544363228,0.806861376959737,0.0964389412125345,0.601336615648092,0.115694713365579,0.748996359737744,0.117502952474089,0.566802981421189,0.167210942549691
1.17661684873364,0.127595794670943,1.19707500258505,0.135009519633975,0.97742850719496,0.201173634136385,0.672650417482416,0.250880280320095,0.704963812407925,0.191544393465427,0.669465760872117,0.143837468792436,1,0.869419978023896,0.357263645074253,0.241259556129166,0.69789301632749,0.0945047940701065,0.695947460526112,0.105489850218461,0.702298413523332,0.12264016397413,0.73364926593942,0.136225326363812,0.756160536856855,0.125584239847008
0.981547019353014,0.0997943926936318,1.07485719645362,0.115933179423556,0.943755881529005,0.175297698593043,0.536736844210236,0.190760270719044,0.596229150138422,0.153289853508946,0.655118679182551,0.181745160203505,1,0.837727294045279,0.130423954515791,0.232474306099607,0.660867299480032,0.114602916361125,0.579906311182294,0.0987274590321445,0.662771568129689,0.1303362728386,0.689358244727982,0.123851162032475,0.427370205545454,0.189849200985962
0.928488992626015,0.109274352662898,0.865743996157768,0.116193522659431,1.11346139644168,0.219751541095636,0.7107430450251,0.31229855287662,0.819471249244332,0.221110593775066,0.655633580029241,0.128984745476195,1,0.921170092860215,0.0574075274554694,0.226257570264626,0.654039327371358,0.101178532326404,0.689622741250742,0.106773180849142,0.672563839198419,0.125353021261854,0.688136851810704,0.139899573126764,0.977274608779457,0.163106343672553
1.05416494683456,0.109925184689305,1.00756961412226,0.107461347961773,1.16664870640584,0.214084087668639,0.375728814297693,0.195870639270712,0.607558808556427,0.168157033183444,0.54730096700788,0.18425215106713,1,0.91765834608609,0.197542451228334,0.259162567957138,0.743837185636165,0.0900851907014736,0.754999791452498,0.109925614717222,0.651152120665525,0.130733293814282,0.814653940969149,0.130185714772744,0.684248221630346,0.142759346448303
1.04820027646899,0.10909053067324,0.884777308457338,0.103271675846484,1.17282819125884,0.220968426101276,0.44516933414152,0.203883176871574,0.722569820081034,0.199740568450159,0.20508869644532,0.275522788167925,1,0.999999999929933,-0.0285638449609958,0.244028331842061,0.899917369155969,0.0873168036176722,0.591494449950774,0.121578740463578,0.771713186113417,0.122198713945468,0.656283321922025,0.150005650782592,0.759048961253397,0.143783110460038
0.956376438781827,0.0988146164375007,1.08942362819855,0.124428296214718,0.957762810260932,0.185603341822994,0.496374223150905,0.221994927767283,0.548499873941729,0.164164251288345,0.730411013389737,0.126716795546576,1,0.795505043058304,-0.142463471033517,0.249957150552994,0.643236118283749,0.118484595858327,0.731131591026744,0.0989723298337477,0.715438901524345,0.101728247875597,0.709627271983475,0.138510220470014,0.766689807623078,0.164501798782785
1.02008382984152,0.121752918852266,0.850152426859649,0.11254085706893,1.18596648934094,0.252140358758785,0.521524161275206,0.206053186079655,0.784108825785667,0.189517945477859,0.316773426435842,0.291659480204109,1,0.997017810864735,0.0996794916331383,0.235022402055006,0.815541379468831,0.0995686221067092,0.780537547214142,0.10779925990372,0.776453655432419,0.133710666857719,0.514120369857357,0.13702490373459,0.812177712707817,0.172519007503682
0.95873180180065,0.102600151010741,0.865302552693244,0.117650425111791,0.989116418419167,0.17730922690081,0.750165961154648,0.287620897512948,0.784140129602797,0.175772751469927,0.759375600564684,0.0816177424974821,1,0.910314158745739,0.0349205110097842,0.241703925604444,0.672533238730844,0.0931086163713501,0.732140891866652,0.0942368546651451,0.717737646422551,0.11580277879786,0.516201241286308,0.158303091029586,0.7789691315487,0.151404092371355
0.940831793415966,0.0847871920437325,0.869134380682002,0.0952278544583569,0.618712398879406,0.109127151969562,0.264209253061393,0.131942592009015,0.404313666313333,0.117503148871211,0.720613697560024,0.112097942620906,1,0.999999999999933,0.0782736587593507,0.241384089591842,0.594885539839932,0.115369965428064,0.674646091156995,0.0828404345065709,0.411131252077171,0.102097330895757,0.70165581295628,0.0992051373480001,0.368902419946842,0.132630312968063
1.37853370245972,0.147511880826845,1.16907712545774,0.142677570113797,1.5659404628091,0.327469411871973,1.03093724761803,0.401964408460127,0.99016966204663,0.290513468809637,0.546540929008829,0.284430722629582,1,0.77930215514283,0.110593204278987,0.280558149851779,0.986577369346852,0.115333092246993,0.839761749216115,0.102098236485729,0.843372668732291,0.124592295024447,0.785542837649449,0.142446798533181,1.00145550790564,0.146514287421581
1.14763883249204,0.120079008380985,1.15942865450813,0.117621382361323,1.28235094730979,0.252686176033319,0.93349084976538,0.292418973486374,1.08431185102576,0.237182348690681,0.623170618262188,0.166482973811431,1,0.991050359302146,-0.0223922954762946,0.269260945535307,0.729917304568434,0.102866776606835,0.772494806736802,0.104931305901139,0.641621187246063,0.118999383562067,0.974838465524567,0.111452973268392,0.891860116716017,0.160426915769899
0.973326378101563,0.0931776962923853,0.942085663097682,0.132067185324979,0.835176900520556,0.162799708621354,0.798992025798805,0.305079858147908,0.718895018958851,0.190735272830105,0.574069808628972,0.231237349786749,1,0.8800452739711,-0.0118421095570374,0.218585339841697,0.759918699861424,0.087974126033536,0.673321520311227,0.0966411481400269,0.568711726584951,0.133119655525786,0.868441924826685,0.136682824738622,0.699232426635755,0.165667006363514
0.94030238247221,0.106833145390298,0.865234417039441,0.11346658707737,1.05669280395928,0.206006410800719,0.48645300499375,0.216179991559892,0.579915440891627,0.163134794768848,0.479114020166693,0.227908456281577,1,0.808853468680396,-0.365352125444952,0.225851638874391,0.637171102240771,0.103323840835712,0.742546911339648,0.100167529027416,0.452745674830595,0.112569816301871,0.80324403079711,0.131972410615008,0.487972165273018,0.174095993152885
0.957019095505205,0.087136351966784,0.907613972117912,0.102174698692413,0.667696783087458,0.119621496232125,0.470519995039922,0.148019632945886,0.512239119401325,0.11402191063156,0.480100161509051,0.199204764680943,1,0.913890280312789,0.0576111924661026,0.251017878417824,0.723084175788686,0.0972553994432672,0.589973270441193,0.0979473342173455,0.454351455238131,0.117565910469038,0.744394828256059,0.109560451457609,0.56087670091494,0.152886762511794
0.984000790748189,0.0992852977657951,1.07025551404511,0.100698893653952,1.18966999663536,0.190899251066142,0.715334048474788,0.209700250128789,0.922502821140369,0.185416621171521,0.537160827613172,0.118240357209846,1,0.999999999982245,-0.346040188046024,0.214152567285169,0.632887789425179,0.0954525046349448,0.707616151041203,0.100097644311435,0.848767293779952,0.094926212509042,0.82588779489609,0.12987663398183,0.853290227310423,0.140579795574146
1.00376480541614,0.101736031571151,0.984485879019724,0.1060157167592,1.20206296956103,0.228524096756918,0.455053878354115,0.192557636739541,0.739596792757225,0.198662505293008,0.428145310683691,0.225470770819122,1,0.999999999572363,0.0864913477272465,0.228707072558284,0.687501120312528,0.0948652905097342,0.706437803795966,0.0951093555478518,0.71423608581242,0.106148723399085,0.619285344287088,0.159731287781475,0.697924780141748,0.152298084385539
0.999320767933647,0.0921620592422206,0.963386564872011,0.102007168780219,0.898926032059405,0.157127125272523,0.381261585043694,0.177168077135966,0.579014694776849,0.148897533615527,0.553521176680984,0.188247230558017,1,0.98904507017978,0.232368969703458,0.236675449077634,0.536745008238003,0.110724777294627,0.783559936383355,0.0837099066020523,0.69205789605609,0.107508319994599,0.673120172435741,0.127736628174085,0.648544036102005,0.167263674964713
1.03983552539063,0.121703773394723,1.19474366955222,0.134574112034358,1.32234437163498,0.261232938228935,0.531134496272769,0.260280031058177,0.813626035694067,0.227456390069244,0.271508741192338,0.262466137698937,1,0.970845892108472,-0.282191466385405,0.224838726648061,0.775287785395733,0.108186956452058,0.841549792623956,0.107333294077138,0.79819225049489,0.118174093886852,0.918262240853931,0.113562713870606,0.949998238045898,0.158745278861463
1.02781997537742,0.105777570642712,1.077978445151,0.113319850125642,1.17937844295342,0.219367066577876,0.299864866764067,0.131959792956612,0.59468828780712,0.158248852174172,0.287442964051793,0.230526683343933,1,0.999999999991974,-0.0400134229520789,0.224454714719521,0.601368275841037,0.0938530159852898,0.684456138921694,0.10966890069586,0.736121839054242,0.107832595568626,0.745521578143294,0.124868280063467,0.590902978812396,0.157898948685859
0.878250681044001,0.101578844238549,0.94151947902423,0.109481550881338,1.09790857665551,0.194614409170033,0.511764296320998,0.204505439127968,0.694642744666071,0.166573701075267,0.617399733089016,0.14421233049681,1,0.926709090649087,-0.111973213974409,0.223053427182497,0.67300305143211,0.113863224438653,0.626239768983833,0.0945430114153774,0.74621264689656,0.110563481203673,0.695667189381349,0.135819196244781,0.731481782696652,0.145930527966897
0.899447196977855,0.0944044871309261,0.912250232953028,0.0941693846380563,1.04163027600513,0.172800578425906,0.583929870790208,0.187773174162453,0.779896808865422,0.171438577455557,0.582400059056178,0.166987351755142,1,0.99999999999969,-0.194598945652612,0.227698277685295,0.6902589400924,0.089879915820763,0.595778130292295,0.107282432414095,0.747574237347065,0.101906093509632,0.404428302089461,0.140575955704229,0.834025901988369,0.109518609622974
1.09659670689017,0.127094850131098,1.00229654323326,0.12822176801097,1.42302207477934,0.275780161738143,0.404771526973379,0.273629677797183,0.678403755384403,0.221276779656367,0.0611854635623199,0.320935271877573,1,0.893876350485338,0.100046319834551,0.254968540509717,0.803186569443788,0.107438618689419,0.765178092425176,0.106831130258339,0.817691215692571,0.116172534740892,0.778642860218424,0.150009098314448,0.867818313133185,0.138475123562229
0.926002853528004,0.0959973499683573,1.05112211128516,0.110984248578493,0.722800751695366,0.136337350808384,0.57960084240482,0.242154052001539,0.520725201008289,0.144301854379858,0.823672161920558,0.0556440767233532,1,0.804516201659638,-0.00815459893185601,0.259692735332392,0.724623224562007,0.105602434810857,0.706322096317129,0.0976132305693027,0.571757195421099,0.115235142416995,0.656805844080891,0.136500943354959,0.861551847078848,0.111418037486167
1.18328864285201,0.130671971618102,1.23031851630024,0.137435556380628,1.26907449839041,0.268719091000221,0.41426347199637,0.237256271291152,0.652720196335934,0.193315422790699,0.565944535864016,0.195039056326338,1,0.900212775063223,-0.0692808157372079,0.231732664502661,0.773290756051729,0.116857220200327,0.84119654080628,0.110483461218447,0.939928513500477,0.128584495905328,0.84653644728783,0.138006342924987,0.675171573364278,0.16634250378354
1.09072300319051,0.123202336037365,1.12093457522921,0.124117719280895,1.36554161555102,0.270410717854692,0.663696963073402,0.247490594096093,0.693890632139966,0.196139057548596,0.486364877198834,0.273491772211616,1,0.728875981301322,-0.491203628243033,0.249085373158734,0.855528652571183,0.104909760136995,0.809237914351425,0.0950201885585951,0.809824404162015,0.114593997157592,0.617706843598879,0.137176610647844,0.834678400981723,0.1623782075886
1.0952013817548,0.117061750757036,1.04818765532235,0.10671811979926,1.08284543880813,0.201260228477685,0.40897661506853,0.207013651614256,0.629579473136264,0.156220739248815,0.591688562439159,0.201051941279697,1,0.94605870461483,-0.257636151112247,0.254723260972549,0.758846724220517,0.103344924364646,0.899617817330827,0.0859567695122503,0.747282834948108,0.113596837302156,0.762471335211821,0.105902674617378,0.638908511738309,0.145417691063919
0.894875657860051,0.0948056962413685,0.887556904481021,0.0989469940663331,0.955762880657717,0.177291010425867,0.368184827414669,0.180945706089651,0.504430540362358,0.159719233499086,0.599144508453079,0.164747835778531,1,0.850341449524665,-0.184456648005961,0.243612058777281,0.719062823461703,0.084382729351104,0.611359987922576,0.08168671198316,0.511045480543638,0.118488334190438,0.723969254762789,0.137758351783709,0.240072060760898,0.199791181521787
1.12106049066349,0.120533078296943,1.25716536619198,0.126025313530872,1.11968898309678,0.235816684908602,0.647812618550938,0.216993855667759,0.821796205087487,0.200257073963183,0.300863611112874,0.333761881025643,1,0.964918709343664,0.0710406949326513,0.213565848818424,0.718888142420178,0.0998354574288918,0.769500359614158,0.10542128453538,0.770995451336595,0.113147676813135,0.692322743151783,0.173761620922384,0.79762397845514,0.165055862166466
0.911038902142232,0.102243861950103,0.914617980240237,0.102101119231654,1.01167246673121,0.191238622469613,0.238185162410575,0.115774830311622,0.490882237154113,0.144923943935794,0.580321383659555,0.189868053315028,1,0.9999999999144,-0.352099416726779,0.241897688543988,0.781330662777835,0.0942688686035184,0.799531086558818,0.0941849008428476,0.713402639967105,0.118986299481839,0.722415783617873,0.128591955635363,0.554806770265203,0.169633221580631
1.00890731856823,0.094259431597137,1.06891061826956,0.0946710915013846,0.98795672584127,0.15815933181861,0.340632548277449,0.165758785374687,0.564344410566471,0.140065437834554,0.314035722049604,0.252471004169566,1,0.972819338272519,0.0339157393627229,0.201021829132742,0.650442548601982,0.08464810894059,0.562325197133478,0.102861074468729,0.713359108280808,0.0902851094467032,0.693135321375734,0.130119781607198,0.566055915623226,0.161647841696544
1.00424432319962,0.117036100319761,1.0998880816667,0.114087294358479,1.12856899702102,0.194854323705793,0.523105306175809,0.194251491812223,0.669802247748472,0.167328743494897,0.715369405833402,0.122248604961723,1,0.871742019324702,-0.185305758028681,0.259367766883419,0.77854914782548,0.104688958791261,0.828730081215346,0.110498547085719,0.748989633039049,0.110430649018756,0.620737930965146,0.146078729145225,0.704020605558254,0.128023516014481
0.98913716698719,0.101664642852279,0.847201101903086,0.0974163535939444,0.89427357689931,0.157750819695641,0.390503755883153,0.151628119723655,0.59094601323951,0.142397274291964,0.780250753519289,0.0816852535176679,1,0.999999999996319,0.197717022925636,0.253222950132307,0.519689180921607,0.117339985457795,0.757838325046274,0.095330348979907,0.838264760287353,0.0989112188133479,0.602743249710169,0.11344613803696,0.539144804683253,0.158217907956755
1.16981415675197,0.11625209359163,1.02104159809769,0.108238749641794,1.11504079456475,0.190079572376959,0.546232865690639,0.22883536366322,0.701512912951088,0.172126875244621,0.615260569010136,0.207792567341869,1,0.898879296669467,0.192682232310614,0.264761379932002,0.692144702862546,0.104817490830939,0.746090420684432,0.098754407062218,0.803865364732671,0.104259712947897,0.66328758995113,0.110180752297233,0.688481220754307,0.135451029774153
1.02205468965047,0.110436685676182,0.968027659317528,0.102751313954434,1.07134486856114,0.207766471819703,0.441467880711067,0.191830645973368,0.671364175541265,0.180143150088491,0.563972732958247,0.207876515115185,1,0.976211592366106,-0.0270901984951746,0.230457361173042,0.884640977158193,0.0748984169489569,0.76773000180128,0.115536828469212,0.685884074021075,0.126312597286378,0.403543971535543,0.143756517099254,0.754723184530579,0.149139099513863
0.906754743404288,0.0975628552343861,0.977893609232027,0.111954973586498,0.915348143516607,0.178002561155101,0.687490237408849,0.25360263667951,0.722018899192243,0.189956956768436,0.611333052171006,0.166978485036622,1,0.910169221788028,-0.132227160934941,0.229440587517588,0.807112958524785,0.10493593575355,0.541538476710706,0.112072149104376,0.694803811942233,0.11848531550635,0.599634583257351,0.14072557511193,0.781882848233531,0.158462345986753
1.00164753008653,0.117553656307892,0.869512437903487,0.107341623506233,0.967304297261567,0.184726269578816,0.615125592982183,0.188676277760119,0.661262268689071,0.153161492675567,0.660357136509822,0.156145769795464,1,0.857255511254716,0.238933287165901,0.259491428307121,0.614208817621549,0.112892394281097,0.782295126763754,0.0979282900501008,0.742458330388139,0.106201615840611,0.740937840782648,0.136304850416119,0.549321270162432,0.182051357318098
1.19529558048862,0.121831157323553,1.14048993886797,0.118957650677814,1.06672087571266,0.193959031717369,0.523582456094901,0.238344342673732,0.494742196904992,0.168134493665762,0.593587219523401,0.254638842321664,1,0.662004608942142,0.479995223339488,0.267380923374691,0.733265108413507,0.111452477083484,0.591560382614409,0.0962826502223997,0.656882863633327,0.108457723825481,0.752243837168529,0.134467109847999,0.77811510029804,0.183418875860111
1.05945701219535,0.102232162238157,1.11691215774389,0.118983610412295,0.899872616601692,0.159825132182439,0.506054988645706,0.201750906110066,0.549913189922795,0.132362577106242,0.504942195500031,0.186128158295039,1,0.814900835700092,-0.0964264921763644,0.212147193938579,0.584767055203361,0.0924892462896786,0.708035386425429,0.0931002964764052,0.530344665186875,0.119075050944622,0.556543302742922,0.122144495729389,0.655941350676811,0.1601509911213
1.0504468787521,0.105333077455824,1.05838217220169,0.10971357629093,1.00226178658686,0.179312458659646,0.831308703901523,0.260366016473925,0.884473967874462,0.187545059166187,0.646156487458593,0.183545861795331,1,0.968976635417745,0.182805127689017,0.240249523383355,0.714973831834579,0.100117110386033,0.590973196026689,0.106004073236913,0.777065439235218,0.104420494399333,0.555520688942268,0.151073507778828,0.542364808056525,0.148931528083984
1.10231343461443,0.104439486277458,0.956413636626008,0.11282514858008,0.914552328922127,0.171345860568434,0.663271053884057,0.248151763465637,0.730337609680524,0.186739033355719,0.726111803754257,0.131455372672859,1,0.937721478282823,0.329128221004895,0.257621475327493,0.769146502988265,0.093833056574352,0.818689694425812,0.0889658281495549,0.68956813732198,0.117536343297176,0.574136546375708,0.128750974799989,0.427923897197044,0.182006030574408
1.05879349567379,0.102062912727475,1.16258685871532,0.119495118685224,0.8854747917443,0.170251765907646,0.485556879573102,0.205999440839924,0.587604499780469,0.160133414153308,0.699256183126111,0.111994814800405,1,0.896142255679366,0.121268404516478,0.231422283270761,0.800628616379688,0.0903097415888542,0.763044624712442,0.0924931910684383,0.711461740433666,0.108220465475149,0.645929171833391,0.160871190248587,0.84540589249363,0.139176006899294
0.953572154779412,0.10150437326611,0.988327795538975,0.108815703086092,1.00658406721108,0.189169290865211,0.641857840725641,0.216366277765566,0.77103955687253,0.170024417719213,0.453916031842526,0.229422652146069,1,0.959250883897545,0.202381828894437,0.208807863115442,0.609758233778552,0.0954483014272109,0.495221701471878,0.114782444479951,0.64869040869402,0.114132276920186,0.538476481049752,0.126644912210838,0.81321861580107,0.142403115697478
1.24395838389385,0.115082926513895,1.06626260576635,0.132318622488018,1.26893444309746,0.24233602498833,0.968104503597122,0.310478121081521,0.980699296565789,0.233613627937327,0.486642571916155,0.251299939515944,1,0.88482044834633,0.35206239434218,0.235628022886983,0.839314855201311,0.093634447330351,0.788683666778135,0.10627285862867,0.910451963543516,0.113660508968909,0.696311466630543,0.130873800532556,0.561662953520659,0.197934438044674
0.851321957132059,0.108019621740491,1.01570290304181,0.12898855402322,1.00646703903319,0.199111465972287,0.398253104914127,0.142371823002994,0.633110277308581,0.147864921741268,-0.0627408517665303,0.21609144326451,1,0.999999999931458,-0.17299518964065,0.219032962095297,0.722157214318097,0.102384130379957,0.576091676333069,0.117217465445301,0.809731284273451,0.118024035885712,0.646771860234677,0.131825346081771,0.896041000426435,0.149726252416696
0.974939096324221,0.103325842627423,1.00482501845057,0.112424156398195,0.958785979632292,0.181272331540023,0.423201523881725,0.166990177526563,0.636992690425625,0.158119719895015,0.638896105824967,0.170894950705853,1,0.999999999998593,0.0200952676801075,0.226365985729395,0.6091676858945,0.0933428069611977,0.725446225642282,0.0897484972560886,0.680928501884676,0.12311615418837,0.792970136671884,0.135831034012822,0.782126335907544,0.137063240561295
1.14895236647578,0.110181445096679,1.11020195490502,0.124124066476518,1.11850700972283,0.187488859534302,0.850764621518078,0.204613224151033,0.9754927948371,0.170781864849814,0.793964851077444,0.0742110680040797,1,0.999999999993135,0.191564004812108,0.280142709324571,0.726956389715674,0.10120514319233,0.621863527032373,0.103723670662745,0.910604300055412,0.0883681120244043,0.762788011624077,0.119887995138208,0.75045595903223,0.1086079492241
0.826200595786018,0.0983436009315808,1.00534227300085,0.120632070938166,1.12262172718336,0.210701517694236,0.883318943238467,0.306301664883789,0.995807731297635,0.242587926360076,0.47567077637425,0.215367947035904,1,0.999999999999997,0.255640536623608,0.227358629401757,0.553037088174193,0.0991397081901789,0.853358469956632,0.0940996834320579,0.617522495175351,0.125768685666082,0.73619325972708,0.170946411467287,0.877032609261591,0.155189843886601
1.07139320323051,0.112181779444154,1.0174030096604,0.102163477150924,1.07241858508793,0.192494037926786,0.445652369172329,0.190222856411155,0.643004837412846,0.15490712332003,0.567171178930752,0.21263835298914,1,0.930109252174076,-0.0443467296810143,0.240219203114553,0.723068495792553,0.0985557824072833,0.726140314518594,0.0972400042004181,0.76313372614934,0.0963308328558162,0.970381930796013,0.120515800790724,0.635775887817053,0.174476745081476
0.931869935700199,0.102881899953136,0.8790674962624,0.10127769409959,0.831420824156215,0.169391303830977,0.344126915909893,0.173502814607834,0.496101712386665,0.131475107949642,0.418217025650157,0.334281837493789,1,0.92747231753627,0.0598056648219747,0.24663873557856,0.732178233847374,0.0943669878819498,0.700303209058033,0.0933480787230648,0.559278687358429,0.138694098725072,0.650826885203797,0.123884954032962,0.191532918165159,0.191353679204814
0.99271810557614,0.117290517464386,0.896987792216652,0.110776693840067,1.167984806798,0.251885492263586,0.649558483204994,0.259887368099363,0.821841256566646,0.211216730035254,0.364852684756477,0.286011575529547,1,0.943539775584785,0.00419749750626756,0.213917646381482,0.661285118199332,0.107998417412438,0.661847411810394,0.104431174355872,0.667181820032696,0.147848824645258,0.503385844668264,0.163712141705625,0.784311967262172,0.15829252740983
0.883640457738131,0.0990557804528333,0.939325126636224,0.0964127459762596,0.71339402358384,0.121970377834664,0.504101592146898,0.178274968001082,0.599685803380795,0.129131524413343,0.642876228571951,0.140731871719789,1,0.999999999526968,0.0854645780857461,0.258082966880337,0.735021615436489,0.10397301009916,0.594378653653182,0.0971189194122076,0.605185644550129,0.0996825748328305,0.498818753346788,0.13561195873769,0.686348489812353,0.121877781109127
0.853114553681636,0.0966402085106884,0.891457714543518,0.093699347208787,1.01977125227441,0.175482906398666,0.414532055803338,0.181239071650565,0.628350597858224,0.14914470313082,0.614553762166832,0.191970681500868,1,0.966432641851009,-0.105053702583075,0.248974785717956,0.53301224892312,0.0990731513675856,0.625569056555734,0.0938009105882548,0.693491273845441,0.0953741748407698,0.658109904931649,0.127613057789454,0.526452122247233,0.178032495042204
1.02416974834404,0.11279238594012,1.00751891421199,0.105005148473343,1.0666403506111,0.201079374322139,0.748867241010165,0.239785735433399,0.842183478510533,0.19612291552929,0.697990868369304,0.132436019970326,1,0.942313247174277,-0.00527047917075782,0.261866827458296,0.675806195056431,0.102381919883175,0.675154366207332,0.09803826923541,0.696439923041709,0.11188108625164,0.724007129551629,0.136312044181255,0.516647921839399,0.169611515981432
1.02536514760937,0.103034860956501,1.26494788908328,0.132444841519051,1.24938005036758,0.235057422308603,0.781680729781614,0.240535692529917,0.988238994093616,0.213104888331313,0.366859314863152,0.204438253579312,1,0.999999999949439,-0.338948831540191,0.203830100973786,0.723195868579307,0.0907428947285696,0.769872781780489,0.0895352609266312,0.664811607172623,0.130496428966098,0.72078143698417,0.150512753675365,0.679110868864635,0.164843852836338
1.12280105142463,0.11227806970233,1.08720892920914,0.12465642287494,0.987432268224151,0.181349661386031,0.763146916575769,0.248652231569164,0.785363074643022,0.184695441411183,0.415142157711605,0.268156821714364,1,0.904716984682261,0.0163818726536821,0.220384214589646,0.704313367061972,0.102145088754344,0.789333416620851,0.0970043498534425,0.831712505982748,0.118739409921233,0.850270210345633,0.140371172516103,0.559592107684945,0.186162681978607
0.975665263406878,0.112638685726007,0.996375641774185,0.123227930824151,0.931711648154496,0.185235025976084,0.99741849325259,0.351087572034536,0.874510090011182,0.20203727299715,0.790659617405216,0.0839874046131651,1,0.907163053239588,-0.066265160306256,0.287204577037046,0.757113041546861,0.0996911895403608,0.704837773687582,0.0978019118477483,0.634366362386223,0.113938111299717,0.723128707436798,0.14108992099321,0.85346336429588,0.163190319233115
1.12517018842904,0.117949755901461,0.889166159554886,0.102049261697841,0.886457666697115,0.18076918971346,0.459775446351914,0.188216336093334,0.512842296174411,0.139990058963749,0.65014341082291,0.141947884463777,1,0.803307734383409,0.290638842849982,0.261269553562938,0.887794153033289,0.0874401097594773,0.597121177630788,0.114170434754424,0.750212909537706,0.124686882126956,0.688192623637582,0.153875072696976,0.735758378553738,0.151232091685092
1.05677182293159,0.100854587037098,1.0814793511509,0.121697878466817,1.01398734445968,0.183446526067831,0.681258918590246,0.221267183927646,0.813585774435141,0.159413119862931,0.636052359019305,0.159687390395953,1,0.978883433479377,-0.0669961309525259,0.251137660166182,0.759647108327328,0.105672543101416,0.781345124414005,0.0958841116727266,0.709210755038671,0.103579831246193,0.704740837157361,0.133675679968302,0.564370263980588,0.135320353908892
0.75036452787696,0.0904932637121651,0.760318993140197,0.0938227355938435,0.807817683973102,0.160746650740225,0.328947385197283,0.140676267066076,0.515489587523353,0.137110475196106,0.57480692153492,0.214500579606675,1,0.999999999973507,0.0648449117391798,0.220954659963989,0.280589283676863,0.105873333622969,0.651923759890086,0.0883617734054604,0.563000044009626,0.13194838267092,0.639983889635619,0.142277917904472,0.38936099415592,0.169412121877413
1.01394442153396,0.118283492433654,1.06914690554705,0.12468283543504,1.44971025918635,0.262758873674272,0.733800034306604,0.276721120288993,0.954484349852348,0.231203042427137,0.504232193316634,0.235479491663232,1,0.925420981769169,0.0454573240205938,0.251181026990884,0.814183042891756,0.0956951692802166,0.750715925541566,0.116433158459782,0.682216562324806,0.118995922538959,0.571437407375438,0.137050155152609,0.769648767781144,0.150433285191459
1.10948931898198,0.105841217098999,0.965131927221896,0.105690737598005,0.970190325660571,0.166567635822527,0.524043737887786,0.209250959182419,0.648246681784442,0.14637674834942,0.629909177949959,0.161403647126077,1,0.909134344948018,0.116884817378393,0.226285422084989,0.688978311941312,0.0981811546416754,0.780538763062622,0.0954988012736858,0.693342898203252,0.104770591989191,0.702779395524834,0.133531370663591,0.86090209932457,0.148573004630317
1.03582634824722,0.0977302689811103,1.08589157467421,0.122233039443862,1.18651135267807,0.207010757391779,0.872099982354507,0.307428308450879,0.866886144825021,0.217763330583715,0.421139713429697,0.195218646725985,1,0.852202833746359,0.311616185001584,0.234380873636093,0.588559605506443,0.105621071882319,0.600536228014007,0.113085238752391,0.915602473574385,0.108444551200927,0.84819124605794,0.120982761314209,0.733825911369188,0.139988980428971
0.950785131132913,0.0966231099206541,0.887970623434183,0.102468320295799,0.822293250814917,0.152591306996337,0.554414464549929,0.213241587566492,0.643850821433249,0.148615083570054,0.638124999283538,0.137990829460506,1,0.953574469687503,-0.106286698639844,0.209026146176951,0.684036018970756,0.0910659751170894,0.462300362069312,0.102093948787023,0.788604262619629,0.0970229478932031,0.603805675454672,0.145115899285875,0.583128744851513,0.142793208842399
1.10732098293205,0.105424088426903,0.87384260075375,0.101024960508723,0.901735665823354,0.164804294450049,0.668796415991747,0.187999430766553,0.769316650152293,0.141135629953541,0.609983528727984,0.180413046098502,1,0.990646112523657,0.332472576592555,0.241803266587357,0.690004744527391,0.0943677440025457,0.627486990258926,0.0987940205956569,0.590867333476401,0.105949678038251,0.760184066420867,0.124139051335867,0.492113397085116,0.148723420109715
0.999654470907983,0.103301441469396,1.14894199699585,0.101741025979157,0.887900895915799,0.162549635085209,0.319276916946627,0.145334916197559,0.530764846502486,0.13147284690423,0.666213383299041,0.142920853007624,1,0.996864530016813,-0.139657770363089,0.247612680443412,0.741090964482092,0.100777479346699,0.721211144911955,0.0832818810167373,0.542136279202741,0.105714682710332,0.743895619510318,0.115290589348755,0.626272268811268,0.176926032841921
1.01711596292162,0.113812257824554,0.936804450093604,0.117699567714022,1.11555160560407,0.214840665175638,0.610158334064897,0.225951691814175,0.706947110975546,0.188181458323483,0.263839440305837,0.358228556994038,1,0.856881600338815,0.278990105669311,0.262946760004845,0.717467380399581,0.106725660958601,0.728433537374723,0.0994420084923071,0.817546134943303,0.114404978995992,0.697346152478848,0.142000823775869,0.652780831023897,0.165477149310702
1.21570303078121,0.10642296049002,1.16082284656004,0.113504532392505,1.11693223518968,0.206697340906092,0.603654610043164,0.200478908985889,0.821121971849937,0.185107940152294,0.57008615874131,0.18575301861812,1,0.999999999834377,0.498953528319244,0.228112184281222,0.761985638778022,0.0926260525118027,0.81580379214359,0.0884348664032162,0.890211986789555,0.122265053463532,0.946407342548992,0.132284655489507,0.724938376402603,0.156173589868997
0.96571165013145,0.102745218969042,0.973901857816605,0.099522091103082,0.844636914656687,0.165211639662323,0.335256357210083,0.156829982551167,0.47524472953855,0.119913294381108,0.409646597808113,0.25977328033783,1,0.89308700310488,0.198052858626403,0.238316225196252,0.666778646949377,0.0830717906807666,0.557075919755447,0.111823254661813,0.647964554104259,0.111213151280099,0.779976706897411,0.120230337378754,0.341090610881755,0.172131291496262
1.0701599703645,0.114590463382271,0.979450615243077,0.107603941173962,0.974324817842651,0.189886465650628,0.803513028046256,0.260034840225329,0.802204397215908,0.167920159251651,0.616174109667134,0.199652214009249,1,0.906643796512629,0.12227304853981,0.261401086002854,0.438105320342535,0.112805499076805,0.886670492010258,0.0930065665658079,0.590114884093933,0.119551729869086,0.736946806999565,0.124459116907082,0.795820668938267,0.135009233908506
0.997023072862485,0.112175605658155,0.971370762275877,0.11851675083006,0.987292672009688,0.209782547272947,0.557247944205358,0.225026432300741,0.632564849214213,0.164521029634452,0.289108246411671,0.310259978623667,1,0.852820950662009,-0.0928568973585115,0.24734949211045,0.652255887608808,0.105469499932766,0.813841966893156,0.105274107601182,0.602311036669673,0.115778480177876,0.456927711312343,0.154151455864434,0.702714888394625,0.174475655995114
0.947546556183839,0.085289011027595,0.91630206441899,0.102817145208147,0.681661661996491,0.125973990577712,0.274071942743916,0.152123575690724,0.431078488255304,0.134660240618921,0.622131886208719,0.157958887235395,1,0.997331709751679,0.0428852444362531,0.21776146081219,0.628268172850702,0.0799132681675647,0.560566804080469,0.0922508829008179,0.654749390870967,0.102297246733462,0.430506404559831,0.149625679658921,0.55256114275831,0.158297003429912
0.872762094544726,0.0934682602798634,0.870292434511272,0.0990428546305291,0.801924522178221,0.134152368618626,0.357178975310539,0.152728604253506,0.487505490494189,0.123365973986733,0.540386245869078,0.178889875270849,1,0.910898151475383,0.0192270568566722,0.222033450120903,0.599630495488705,0.0859275545165263,0.535211518523552,0.0927970724569272,0.779629605001786,0.0979786221380899,0.565489662567789,0.118377842421404,0.494147966773881,0.168708861383103
1.11096024039121,0.109412525886825,1.002169517521,0.12404896605815,0.9187689052452,0.195383483830382,0.545632233536547,0.222629717138529,0.530736856576102,0.169096032968244,0.645157582929829,0.157729231798234,1,0.749593987343839,-0.0620468757687635,0.245512694946893,0.850863252714311,0.0822222942166145,0.565472030490952,0.109961742588241,0.674409748687949,0.146074053144035,0.664553004317874,0.132413156955292,0.755025958598423,0.14398942857277
1.1047625046089,0.118178264125652,0.943516278833875,0.116427142952441,1.1340159927923,0.21144577191617,0.573401704712033,0.194040081746733,0.806378759281474,0.189726323454767,0.710262455927966,0.100807718928504,1,0.999999999986553,0.164160188977491,0.257430865079165,0.814382617553207,0.0928058708355848,0.654483526930261,0.110221925828722,0.612695873647667,0.113363892133326,0.851276094013676,0.120189120492059,0.519752483390023,0.181314281591376
0.897361520171224,0.114107438248186,0.953163295937006,0.115059026190015,1.05720066307477,0.223841625817651,0.530394039750978,0.1994617429226,0.748821026912829,0.191380719335807,0.216584833750461,0.294924122021791,1,0.999999999849433,0.345992072729397,0.26920317213396,0.616159363118308,0.113754293413421,0.601957136934822,0.105659375618074,0.686846409268003,0.125309718872178,0.647728757664768,0.145927928655038,0.788429979042252,0.15850987579075
0.998697617638522,0.0846290010853178,0.967763581785549,0.0872060666851028,0.59460133125145,0.0956296461800434,0.29167690995602,0.118823444632804,0.4164510522332,0.103441707871842,0.690711782224838,0.101013010570057,1,0.999999999858679,-0.404505427957611,0.214873942894583,0.784355854296068,0.0813172445269229,0.618067666042645,0.0913133828957384,0.576958886807619,0.104636428912677,0.493173752046836,0.115392254618369,0.623501451045712,0.138317034481667
1.07089774941208,0.117376511297321,1.10660118980606,0.142391574672798,0.938657650722016,0.189708238678542,0.90121528870853,0.358397607926812,0.772399636507609,0.200673119240619,0.711936282740248,0.110852091980332,1,0.839796718325313,0.172206140984483,0.2572118321085,0.694142937039228,0.111266832418344,0.792140484704033,0.095564818005305,0.824509685482251,0.131557543051058,0.829555633745389,0.15522247482921,0.746943114439489,0.184755091630577
1.12215579981129,0.11985364004833,0.984514344572588,0.128404514156897,1.29651886985273,0.25918306222829,1.10954709078226,0.410421790863345,1.1121961249402,0.275002902413364,0.401102748612018,0.240235238279811,1,0.927297496070855,0.438870561886184,0.211567863493869,0.751132356341842,0.0856649503674086,0.643129315200792,0.112471332000822,0.779426978862924,0.114194589044077,0.840250912515555,0.155502957083471,0.677738388660202,0.169172585828615
1.09623068165974,0.098416132886662,1.12604486207636,0.102488447272088,0.968290297920053,0.167340493359889,0.530903946331925,0.165165966334176,0.716986150735303,0.149243032709191,0.709412335539741,0.0891559622300548,1,0.999999999985951,0.435345058921525,0.219368326992337,0.751531503959768,0.0898366819595174,0.816132423180697,0.0906080450707599,0.623023160415181,0.101487507477991,0.661749817925733,0.152506275477255,0.856463958585892,0.161670884304694
1.10188737036873,0.121055407699049,1.11631225785232,0.109676864928569,1.05884126590942,0.208075355180589,0.673943212231351,0.253832745180343,0.792119302409957,0.187366634803246,0.66602164334104,0.151109428085655,1,0.937699134706801,-0.063393157384071,0.243533318432989,0.784689215909489,0.107922660867268,0.791903781383506,0.0835877382340972,0.687029807325003,0.108374314140877,0.534805080700155,0.14883292044385,0.50282089838706,0.175425785400551
0.954035843170331,0.100615238529722,0.960822077717793,0.114256700704121,0.932021944582773,0.189547273442331,0.487488892868299,0.250957511024539,0.611178995460723,0.193355646224172,0.758298095375907,0.106425939564552,1,0.906719568898977,-0.12776786144739,0.24288670108216,0.700661844202834,0.0945031475514185,0.883364542247594,0.104049099777425,0.831850922498075,0.105169324321043,0.63245695926826,0.140150440990802,0.719630095100898,0.174218217380004
0.897047587690637,0.097733668940685,0.794540939134827,0.0974265410978862,1.01591306959998,0.187751816796299,0.494120222922731,0.16982976102451,0.708507722202662,0.169517168710211,0.356625855733963,0.19354953189081,1,0.999999999999947,-0.0746186430179625,0.197388606690648,0.752534788225099,0.0862946626984252,0.673112535460773,0.0949733058255105,0.772609739292499,0.115170850428767,0.642393981504837,0.1337538998675,0.478969050583672,0.178134223653105
0.894863367165927,0.0954137448263959,0.810039754541403,0.101252140420272,0.86236942677239,0.162962383527651,0.437932690700096,0.149191228346003,0.614540286253022,0.141276073613585,0.802809844481276,0.0669850270020473,1,0.999999999978835,-0.336587570709157,0.281216852433603,0.75457713658785,0.103850963305873,0.723510046227716,0.0972419614676808,0.67004827198201,0.120846795319003,0.46767603316829,0.132789522053431,0.753348083637476,0.134282138244399
1.00229004519202,0.103958514374764,0.920834922729016,0.105486651412825,0.773621521283287,0.140991259212416,0.494177433878675,0.201592746769088,0.358493045903259,0.137657404760804,0.49552428150597,0.2298557764325,1,0.579795725491757,0.290645271258105,0.238039513022197,0.604572858129026,0.0876865277221263,0.565145871293156,0.0957357773939681,0.586769536078366,0.10517534101082,0.69776778458987,0.122543172472228,0.626273692914659,0.169509920288629
1.06646132443729,0.12323630943678,1.05967773488217,0.117020818637079,1.52857345884933,0.304738247407806,0.864329411452916,0.280269518282149,1.10104060329426,0.242527954822276,0.796702313918783,0.0878005176145822,1,0.957900790929274,-0.21678446689057,0.290487219453201,0.836727418626598,0.102631734071194,0.840532662421615,0.111380514528147,0.981127134934296,0.111109994710728,0.932886329923269,0.150592579290962,1.10348284917816,0.149287079709358
0.980208871242824,0.10425112910833,1.10314757101455,0.118162483342558,1.14137607672941,0.164697216599506,0.707776683832617,0.30807727688334,0.840664734038403,0.200099415254828,0.796450353597226,0.0756146912524755,1,0.935320214400731,-0.270037619913756,0.257426980739934,0.658331331487006,0.0935846968141143,0.819777846536615,0.0882014664548616,0.808522466563462,0.0964302246156611,0.614780234029554,0.136299851884597,0.59699646639934,0.134009994785543
0.96715004376186,0.122392806570934,1.0292892141041,0.119699723732546,1.00397642647111,0.205452043995404,0.302808670046148,0.18775676975933,0.504440959347618,0.15469373578091,0.382660314250308,0.314716701581138,1,0.914880629003191,0.00407395941865019,0.287750201780685,0.645488902089224,0.108519186891956,0.894896077919076,0.101757874989941,0.548416571087936,0.136031484722815,0.780427590584141,0.131732806886622,0.659820547408508,0.167677102022076
1.13412150576801,0.116963038283887,1.20133845835902,0.121648769390041,0.947025897812104,0.174914193117265,0.440838556144614,0.187897806527978,0.509260539050553,0.147628857453345,0.804849906653028,0.0553105770660323,1,0.788168932171747,0.10643894817862,0.278690666864715,0.7904312213693,0.0982503246566008,0.74540399617712,0.103935485125323,0.720666517725796,0.12256549815634,0.701134250558923,0.131745369373128,0.758767619047668,0.157423516985183
1.10418868630072,0.12337956705068,1.15477814715603,0.138372462068693,1.34837920876405,0.289169720380592,0.994852917828428,0.378326426677761,0.947709810779084,0.273162411418945,0.314073693941408,0.288303365293405,1,0.818257347688927,-0.0637537391841965,0.271352841552329,0.825718602111093,0.106293201489412,0.855995004006582,0.102953819040992,0.635586791282292,0.128008849228482,0.799129696173926,0.159468237949755,1.04111683897511,0.145089963581063
0.887490279373668,0.10195534939444,0.944484659488915,0.127206374901004,1.16090050185479,0.230374278069477,0.816390424429401,0.320491785184266,0.887807252822319,0.219073203730415,0.691502841315105,0.11686345775882,1,0.911952541632019,-0.386966822075113,0.244126591121249,0.843513049497688,0.0919668309917439,0.648978440006828,0.0952810513736635,0.790421039765955,0.110370765749745,0.847807639995314,0.142170914578547,0.428896487989735,0.198251483698937
1.1021698211131,0.0989579419124989,1.03643124154763,0.120018871667197,0.844590564345639,0.14111782312268,0.973413829727788,0.300218354023399,0.874813518406454,0.16844062859668,0.614711712850657,0.115513250500293,1,0.964814044705468,0.353084066988701,0.249536343167982,0.725919510925812,0.101009472741898,0.788409264077715,0.0922497750800721,0.835111080382941,0.112441159008398,0.622063198854787,0.148810920736935,0.751502257975623,0.173573305299936
1.0447058743569,0.100156863784343,0.85598460710101,0.104987708223157,0.982482804809884,0.186606027726465,0.471161288121411,0.178446124201254,0.543295631568567,0.153350545302219,0.682376429318953,0.133770120568032,1,0.798525765397413,0.314518832847968,0.2294117554106,0.701287811220266,0.103553514689192,0.56890323062886,0.0972188722736917,0.729678414678449,0.102943924351768,0.604657488425478,0.14220062229233,0.710351581215811,0.134940018730869
1.08120201099945,0.120187860711925,1.17908959983149,0.124331520137624,1.07838751490542,0.206937763530598,0.757934225016424,0.225427866354199,0.881351471650089,0.188511182151912,0.393793757727964,0.26807770812438,1,0.974868301544343,0.0416240632849825,0.24644068879947,0.829556881538871,0.0900394314824583,0.753657420939608,0.10009988013965,0.683868728232018,0.124104090598504,0.596224917555284,0.151081966108346,0.718360466363081,0.150967771125425
1.13654177269574,0.109108955566634,1.06668610508153,0.116818084284123,1.19856498804388,0.217092554394827,0.750737747325154,0.258193767626594,0.853030932870632,0.193719949483656,0.413887264686075,0.297667795986585,1,0.899269491764527,0.364390370504212,0.28295329043069,0.630309625982812,0.101115484824319,0.543323202753229,0.109929828407867,0.76701534397448,0.103439294436152,0.795352558139943,0.126319170727385,0.78372026970727,0.146098427487508
1.04515494089323,0.107822790824329,0.941868327251477,0.118477739679741,0.940122687732977,0.168188394511127,0.668423637172495,0.236181432794428,0.64044668058311,0.168951197198011,0.739921778336844,0.109382141594958,1,0.807913402408804,0.0592773501667684,0.23910340759694,0.818146403526396,0.0825779570702346,0.535021096117313,0.103215316291283,0.781610914939821,0.0950332220421333,0.669868158482236,0.143143089154108,0.599631936063574,0.179267095818467
1.09579942211601,0.134932034719073,1.07483348442533,0.12964050632668,1.20530333683005,0.282444051963394,0.908268250871163,0.341924804761576,0.823328476896924,0.233526677929991,0.821559396314425,0.0833796373819328,1,0.7868970020127,0.00366515336977829,0.299348380855202,0.86815971565195,0.109895074865295,0.725620575339832,0.11584956216266,0.655304091548056,0.126749246337565,0.920478600606693,0.139147527490107,0.865994207579376,0.167795373757689
1.06868432253903,0.104731162341644,1.04512028072463,0.0936091723182582,1.03029737495278,0.178523965519032,0.367092080535128,0.161475992525799,0.592300526091029,0.135483088312059,0.373524141944043,0.269067749685504,1,0.963104282676736,0.259146290688981,0.239323009453667,0.59489941980597,0.085671764955069,0.990549836636634,0.0924996154742492,0.557642766203208,0.118617754369669,0.863846032023602,0.105502091137912,0.436994231705634,0.180887224104275
0.914682061359903,0.100606670266837,1.06252943829616,0.12640481796075,1.04122775352493,0.207199267127649,0.275764405236835,0.182180389111819,0.34572462257702,0.151756390540895,0.561627958573045,0.216099899680175,1,0.645191057501394,0.0596229613838787,0.259084651640485,0.704199649760307,0.0904939518252422,0.741936213096205,0.0939694206074353,0.634212707832869,0.108592376913096,0.562511124215098,0.156727277519116,0.777805924012254,0.176974100503029
1.01727572127875,0.127046258054354,0.940173547204381,0.122128539937377,1.25232876423873,0.263520178986717,0.776555669795293,0.248262392101599,0.966298909697486,0.223020894820265,0.238715198124085,0.313269945840166,1,0.97986447846042,0.081050111672296,0.227904224302284,0.635353417877547,0.10571955056688,0.589326034478225,0.130857766408886,0.884400553459692,0.120131978512073,0.786308553159837,0.121015116262461,0.707146910546826,0.144068068087334
0.97750809867128,0.099405523332673,1.16766724051938,0.116931112897755,1.17858459270857,0.206101939756233,0.886659056061881,0.277018543691464,1.01325043198316,0.209441194018335,0.656943549941758,0.174989616314356,1,0.991192690697929,-0.0204672454105366,0.239800201005829,0.745940451279858,0.0962081150324531,0.786559871776373,0.0968245976740324,0.773491877581856,0.112372135656328,0.614246678697552,0.122457822457029,0.929788993883348,0.135977043504105
0.899025797790012,0.0943270520678759,0.865388435651411,0.116717659310312,0.92180693840815,0.174811863932198,0.453589256917722,0.188496920859966,0.641137011567004,0.159018777960375,0.611461756294864,0.138991706768233,1,0.991515441753668,-0.155155575728363,0.216076797128003,0.644318236416033,0.0803030638299077,0.888658092747589,0.108602433802907,0.725880779507157,0.116869277092415,0.417600146280447,0.148981996787109,0.755234811933173,0.17650089147633
0.98657015955963,0.102578785524211,0.960805772214572,0.114342209314495,0.912845359395759,0.162385542598513,0.736154479347897,0.241946900119123,0.807053153752265,0.169495636685397,0.650489050599028,0.141123099971448,1,0.984507555431307,-0.232918701509568,0.243015173099623,0.709395181164871,0.108906457025671,0.757528935333782,0.102792035887794,0.622633619918204,0.113684712019535,0.730644313773874,0.134431954481409,0.622249027084246,0.155606488703838
1.08795105721202,0.117949898217068,0.8564040013216,0.108670580176844,1.09343191197515,0.215227405340951,0.812177972563612,0.276756548740548,0.942370051202886,0.223519784150434,0.862685370522064,0.0446226332832277,1,0.999999999999889,0.212092315865997,0.296577987953878,0.692737659080452,0.109918359614073,0.773452569161469,0.0947078670813987,0.943113792916523,0.119042393934572,0.516486034056784,0.156299610411619,0.826964676124824,0.169284505073457
0.977187167648758,0.101106340899208,0.903109630310295,0.100943008482878,0.969364193878885,0.175466705081762,0.551685359373032,0.211569150871839,0.731289294854647,0.178025722609538,0.790704491354549,0.070929844292939,1,0.99999999916376,0.248672658174326,0.25251347148429,0.629974888514776,0.0902970349946685,0.750837853584598,0.0932383475776859,0.676427980358798,0.109041814871976,0.698483729441647,0.124108575001864,0.63515796509933,0.159167883401056
0.956346547484161,0.114070728149803,0.950869488191996,0.127498630781433,1.11760907834591,0.227940668628719,0.784064268380613,0.293604808774927,0.712598375254531,0.20255484803786,0.568286341080992,0.211132382712987,1,0.76124426904879,0.147244551394374,0.244325792384864,0.762690565025094,0.109021430529095,0.690123082479221,0.116428876923301,0.603800992020859,0.129993075774623,0.664433024569477,0.126164789044895,0.664300067277352,0.137150994788484
0.927251756597704,0.109094298489997,0.926198348911648,0.112114524491044,1.24645818684058,0.240284105791726,0.181661890095413,0.0975028532783376,0.475850764436532,0.14745395430928,0.151096538663626,0.224051040446883,1,0.999999999709561,-0.340503450850086,0.240044877946951,0.816758900867339,0.0927664197617602,0.738898242579629,0.102199262398192,0.669363597974774,0.121418910940016,0.827535264277083,0.130507343046372,0.613526990271984,0.15960475809608
0.872086927429307,0.105344541245779,0.972600549315623,0.108584316640282,1.27010889733213,0.225029954786729,0.536260223715407,0.236608942955123,0.685237194354552,0.185877697871464,0.508156391232495,0.260032043720378,1,0.830295447215234,-0.289295052907658,0.235506753311354,0.845464058212383,0.0990877817183948,0.623816293353893,0.0958839648702645,0.674846041038587,0.118909606569558,0.864531864813144,0.115754650152706,0.764708900365185,0.158404672043923
0.897224239460633,0.105322015425407,0.832172373611104,0.105408909079828,1.14002196235479,0.206642676571662,0.524405050150331,0.168027117501128,0.773196788883925,0.163811180345671,0.581350279643347,0.153758438488196,1,0.99999999999939,-0.0180177394687063,0.211075459904324,0.659836158020018,0.0939667382312388,0.508322602973311,0.0998972288392137,0.815048396498252,0.0977500206696107,0.91824593535451,0.129743778861411,0.512141259221401,0.164561817407754
1.00187595949498,0.110252490648235,0.965671444075351,0.110093329000785,0.847163167041629,0.16773333614106,0.557272685610105,0.243168662943186,0.607837926858615,0.165578698859126,0.784883802555106,0.0740448145805895,1,0.884647763505633,-0.201854971017073,0.271382042152483,0.680758527880504,0.0967093121440901,0.809410602047724,0.0915003577855903,0.683231104861855,0.110954134562522,0.840002374385706,0.108959364717872,0.675314333673871,0.177314126477635
1.07933514595544,0.108384116304865,1.03186400785984,0.118299947884267,0.913300985344535,0.180295512124158,0.826315346886556,0.304419557695833,0.787965410225486,0.196256400474121,0.78446501849681,0.075509946658963,1,0.907041757010591,-0.13233006334209,0.250973515929732,0.720491708130058,0.101013879980212,0.723755139034989,0.0957338511410016,0.647418063047196,0.105738164104077,0.77374827733913,0.11797488880945,0.802572850299452,0.149026129925665
0.878654098793887,0.106753624360415,1.03131521207792,0.111154586912435,0.974645173265868,0.176101704111625,0.727150165242196,0.261679095846433,0.804119782880942,0.18035353351764,0.440391847470718,0.237060711149905,1,0.955180449854911,-0.00231076476768595,0.242771965729375,0.630338767755434,0.0899092186307321,0.564877310284244,0.11276511616319,0.838773037127128,0.103759741833073,0.586450696573561,0.121272297554276,0.707853437709867,0.167705456425224
1.00772419154519,0.106102431397807,1.00393278148931,0.117728438906142,1.00657562705763,0.191591275433186,0.421450322274007,0.241544685906091,0.479780287808228,0.157721590071356,0.66199414311983,0.141475201302133,1,0.736624230362228,-0.0969340952135253,0.238931384338995,0.715121722749855,0.0938849833663992,0.666171217423418,0.0992563985693709,0.686589899507643,0.133999233725438,0.623132857142339,0.141821567455149,0.632183370170756,0.127061357453569
1.0854262385338,0.106496248999925,1.19164897786842,0.105226624897452,0.979565877740269,0.171507413536915,0.422739643112354,0.172520632628879,0.625422012143695,0.146279845690981,0.551238377735901,0.147904196477051,1,0.971896123734751,0.154697971346976,0.234093246616576,0.624698233045672,0.101457363325901,0.728886556002677,0.103141582764862,0.64071793062789,0.0993551641091992,0.76154558317232,0.129091574589283,0.710779054877853,0.140274677172237
1.05456572936098,0.115225690868933,1.05427506651214,0.113990631183236,0.994834110594799,0.186928060575336,0.558442398024507,0.243454913836574,0.586034675264465,0.150166979647567,0.495019510694087,0.229248727625275,1,0.786246613904375,0.0637123704425156,0.230443104768331,0.832050227772736,0.0997232940616972,0.683746450466766,0.105906026008248,0.73616171046422,0.105848266603803,0.542153921384506,0.153675963222524,0.803799307695644,0.153463951939968
1.12849229844239,0.109302526093163,1.03999585321074,0.102521406400724,1.07563960254809,0.19654367757978,0.32853091758178,0.144614201897629,0.594458464159946,0.151359103087282,0.660377268807176,0.160552813265759,1,0.99999999999855,0.539850187254828,0.233686889689179,0.69716695947976,0.10953499946398,0.696398112769382,0.0869186365227845,0.751395277739637,0.106738876070463,0.624201969953447,0.125889705680304,0.834866081456094,0.149748821744147
0.880969366126124,0.0935521623317084,1.08770143975313,0.115843699408544,0.883529921301876,0.161384061031212,0.792616069747668,0.224150941377059,0.76036343140681,0.168582629386473,0.616649827204557,0.169827438426639,1,0.908613435779657,-0.239841740513379,0.232855606741349,0.553499867376968,0.0887652186683854,0.847819908663628,0.0954468170337071,0.70786771460187,0.107572733150469,0.624075562039452,0.128869573756251,0.612873798526992,0.1677042935685
0.867619719292638,0.10220204053208,0.940583095603098,0.105713132955254,0.662379172488978,0.138137500463097,0.335508126922168,0.174802384590138,0.451061775134841,0.127946136551423,0.745747982025606,0.103806509993049,1,0.956822035208564,-0.0607168545580448,0.26863716515109,0.591144183432906,0.112100567669448,0.647752178075378,0.101400931535207,0.700606764249142,0.124949223948375,0.716395094976372,0.119502616558148,0.645127816132493,0.178029406791146
1.04854998199826,0.113601798877707,0.932455404874549,0.123764778484345,1.12961159385157,0.230527733898596,0.892240281317752,0.352596045844974,0.72750653096215,0.21152388487958,0.452100507230318,0.283437057130506,1,0.724655199682372,-0.0217570733974028,0.221489261234416,0.85071681180495,0.0943920029147072,0.717159330954543,0.106098724692512,0.621162731651989,0.125197240265567,0.754392731735541,0.144722937899382,0.745452504429066,0.171546114755642
1.1078807594627,0.105899955321433,1.04378295816208,0.0988278502307521,0.84583081239033,0.159499638447458,0.249011687060181,0.156377930248486,0.377419416769052,0.131332881238643,0.743710581899628,0.100245862071945,1,0.822380157265911,0.43026134254715,0.253629607543634,0.625171533883591,0.097718309118864,0.631063865273489,0.0990064882733345,0.59679445641482,0.105321395554193,0.619185172648331,0.118508480716586,0.851337400963735,0.152707047921772
0.941672141507824,0.111966499532313,0.990850593085956,0.122721550495742,1.10315206791469,0.215851245361872,0.603906902059098,0.231625947477909,0.630302063461719,0.167404057439826,0.481273633747892,0.233537137838804,1,0.772228882050879,-0.201451808325753,0.258126038990525,0.72526041499993,0.106376233872255,0.568283544261947,0.106729607762334,0.751370042152956,0.104269334074292,0.841927720032628,0.110799616375158,0.633582711621237,0.228416839890119
1.08242653650459,0.101329012732742,0.927582478561489,0.092416460885021,0.956868149435752,0.184767433482024,0.266289435259108,0.111725475545259,0.504781020929067,0.136947316325599,0.617881584854704,0.1690307407868,1,0.99999999992056,0.0228861451292476,0.24832630243982,0.707786491340311,0.108465396179512,0.709169547936325,0.112301319571822,0.676733304339675,0.100448551325203,0.67927316164087,0.10460125174062,0.701132997325112,0.135528239833038
1.10939960846318,0.108231567364686,1.05823147910297,0.113508477118965,0.859334313264271,0.166166223296309,0.66442962941477,0.235286909591759,0.549968488328589,0.143356633914951,0.609584126694456,0.164405233679167,1,0.727833823551856,0.220312451274397,0.228326543129103,0.721066694426707,0.0899934890749584,0.723342612749512,0.106056433241804,0.788077918122106,0.0961245486574735,0.707214683610495,0.124816248738478,0.899534856379418,0.155007638785296
0.978965157747755,0.0974272247340553,1.13121894496742,0.104220249035857,0.801374266307189,0.161780177337251,0.462987468514499,0.15141086886916,0.609119235310946,0.135160316188046,0.395999415264616,0.280762257985984,1,0.999999999913163,0.0635577501709015,0.228761607715345,0.711088524451564,0.079969994411359,0.726268939068807,0.115159875912074,0.503903859104878,0.125236654157189,0.743548413626319,0.108903563647102,0.949637005512184,0.121863708407555
1.03846749919434,0.106088668801771,0.936724158417063,0.11226332717936,0.878494781008283,0.164324722028762,0.657273986687634,0.258424123479147,0.698928840813648,0.174493456954621,0.587685345984753,0.166051211247015,1,0.919793098650702,0.158647749839119,0.238237581393146,0.61017963418492,0.112778926741223,0.586761725855894,0.110079919534818,0.735566865714953,0.107105774739685,0.555795032970936,0.121302580900279,0.75657793870889,0.116651370747922
0.910204143094111,0.0906536289990056,1.01985249415956,0.0973097397093969,0.920812087484442,0.161939960822818,0.41628393699415,0.164569042773868,0.619127838978013,0.152796030323827,0.704000948833396,0.117418324063957,1,0.999999999984034,0.165252053510948,0.234252357487515,0.668252354651981,0.0839935752438387,0.688739478628898,0.0901427165020291,0.635816792428158,0.111624956813351,0.677834963046707,0.140091715576477,0.783644610947401,0.156774477817093
1.09407211822491,0.107074543592559,1.0426149721226,0.106607646112221,1.10566598230301,0.220995780777583,0.275016945882244,0.116617453031467,0.551431665410314,0.152284337012041,0.443893774540077,0.263724732607714,1,0.999999999997249,0.148206551690432,0.230673561222264,0.757706262581804,0.0962079302495432,0.681422709342594,0.0964299715916607,0.776522583468022,0.115718523740553,0.47758783477872,0.140728649076829,0.811889281354096,0.171640984752172
0.887863862290765,0.106304392132615,0.877819340210413,0.0997128613424349,0.908032476183907,0.195458145721776,0.327308906448719,0.157657799215616,0.489817036650346,0.145096862278004,0.54302098680031,0.230034182239338,1,0.898471455730066,-0.323630441638547,0.245778940591882,0.559279096982468,0.0931884068636803,0.796493479933443,0.0954180053289769,0.54993481520909,0.127828296878647,0.713192862326007,0.125820013606362,0.796493946976705,0.155847520000751
1.33610701360742,0.149150547056953,1.23963525408658,0.141914592829905,1.29203679120209,0.261028832430496,0.663750252711431,0.293156759135074,0.68942438880121,0.206885639051548,0.720793249344421,0.113692215624055,1,0.744469402030159,0.069581098326132,0.26443350560267,0.763521539984971,0.0958825985816216,0.955504062872525,0.105393210799538,0.871367580219689,0.113680187008111,0.829662599582739,0.140821036896225,0.711023903701873,0.180556171577315
1.07536057176886,0.12329600801949,1.20424863419604,0.130969821136794,1.0578437820446,0.212098397365667,0.643666635902939,0.2878311128527,0.685306152029781,0.179311020629546,0.680506289370507,0.171627341700825,1,0.830507124793725,-0.201875852696751,0.272687014361703,0.663513394063958,0.108670027070963,0.876842435464697,0.108154710602873,0.66881761449325,0.110774991098413,0.754681517160555,0.135014618423463,0.767555521446634,0.172437119759706
0.914989556027599,0.100419277889218,1.02093394183484,0.113153155167856,0.949810374010174,0.166533402328423,0.500401224699202,0.147370856513984,0.51672077244562,0.131083564532695,0.689049936637482,0.111480091333531,1,0.749511471834694,-0.113370010641184,0.24434040251229,0.739757966237026,0.108383504507511,0.743531412220453,0.0988027728731429,0.750220479603438,0.106266757107606,0.547725765907873,0.113444811990145,0.637274574280457,0.135047521553472
0.951287537713841,0.0940487941744927,0.965072584336802,0.10430232047996,0.843082866737716,0.149299813201201,0.52727016231589,0.169878961123557,0.666732660059833,0.137243976234077,0.65281086208666,0.151421344586426,1,0.99999999999991,-0.222999041355406,0.24516841029331,0.805848408817581,0.0951185511942494,0.507253167716419,0.10985938835029,0.668634086146281,0.0923648073711309,0.811381311456986,0.108958747076197,0.68997766685459,0.124019258478631
1.1257061403491,0.13680942617688,0.999957903604347,0.128458491338265,1.42092944353519,0.28046219116929,0.855760898642122,0.265837319325183,1.05223807486868,0.245744172119953,0.513392585843887,0.283710613920211,1,0.954226638639731,0.209099421071882,0.276946215741177,0.797943917760761,0.0865550389794176,0.745402691554569,0.0952936471605213,0.852265428525273,0.129612377202869,0.673511841056812,0.145961085641682,0.654509099052421,0.134187049028391
1.12277239017926,0.117712328473027,1.10613054346025,0.120777156567742,1.21843414499046,0.232695863393216,1.21331546776749,0.390444352890631,1.17763927525055,0.26033390964091,0.444367004428165,0.22760590911116,1,0.968555214728223,0.0370012603366922,0.226886875884925,0.680956476500301,0.101385679575347,0.71879656239258,0.106324117928428,0.768073743724158,0.12023221704343,0.871572112243036,0.121740869128369,1.00497770427214,0.147135128447443
0.871739378851305,0.10737840008473,1.06078144384752,0.121759806066396,0.901379975485793,0.182792023820721,0.731509156077305,0.24815982810119,0.675550348855812,0.156133940628006,0.792744751157889,0.0889275113784543,1,0.831943602544656,-0.651679687296074,0.280726726570221,0.905370977767012,0.105273948161087,0.699472838422296,0.112000435891714,0.759496026210341,0.111225056390963,0.785370026968222,0.128433071024658,0.613275692019797,0.13851790884485
1.05384948189591,0.106900198981398,1.02998522759952,0.107183058537049,0.996081774830584,0.175281978858101,0.441579243479177,0.199117866713493,0.600542592624041,0.141306716331981,0.580230395380786,0.141246429102607,1,0.905507375418466,0.466230924213789,0.250183899730931,0.726123015848416,0.093044448244505,0.633252506026341,0.104373258045011,0.585092560383933,0.128668715419534,0.773877341866796,0.128944399702969,0.828382839063598,0.134063459111268
0.952966595209317,0.0998817405929029,0.954574828018284,0.0964291180844714,0.883320988978379,0.157056505546747,0.211822335505017,0.112316431167207,0.432558799326575,0.128633684432831,0.584279063187489,0.195814437579682,1,0.999999999970196,0.0485587956658389,0.242725883148764,0.715175537245704,0.0788458426141776,0.679410612323535,0.0951606929729559,0.439964669121469,0.110652458602343,0.888469803535574,0.111430424705202,0.756659858645787,0.166987903747422
1.08068561704196,0.116431141325804,1.10812414712662,0.106377711142598,0.998025575675691,0.189776932802395,0.471604921595932,0.184285951040972,0.580073900185256,0.148556190364092,0.71188556604219,0.111659709232401,1,0.845518911038413,0.0710904887384782,0.280507208355225,0.805078631848991,0.103323656679505,0.670729857912335,0.0962974949682792,0.607886509426024,0.118565518503903,0.695997840948712,0.121160911085244,0.969473814570651,0.153715613591936
1.17179559026108,0.12812858283429,1.17825065092681,0.139473041404605,1.00286393225385,0.214003841482778,0.641399734793127,0.256884242870761,0.693186148579451,0.20363419327934,0.746828699316415,0.0944646878400706,1,0.864299937879101,-0.150363026697476,0.272054954615657,0.869530789825603,0.10352259084237,0.817457333567547,0.113587399945704,0.823686204016212,0.116524916190375,0.477824995622824,0.13672537276042,0.629802305829134,0.169207879667276
1.07079080765124,0.116212068290189,1.14585804652591,0.115833627800898,0.914738465164368,0.176364233628536,0.483607636310448,0.235752790121331,0.649387685582923,0.175510410552405,0.695043371339036,0.120715456043522,1,0.976357806380617,-0.098569766627263,0.261929164744259,0.693712324232458,0.115851080509936,0.786101979848709,0.0893838555761587,0.763349919025878,0.111675013742557,0.691204748742507,0.149599368561177,0.66013109784504,0.154560198798157
1.01833751127362,0.105127560811555,1.08619511014563,0.111339230238562,1.03427490029836,0.188549619906289,0.490373570394818,0.197113106739628,0.661679025714181,0.150274589831144,0.495902231426468,0.233567383494222,1,0.929107248214954,0.219791398236637,0.242940177698081,0.713398439490211,0.0904181455869256,0.629142443600616,0.107806266502067,0.698447742266931,0.0992842021683948,1.04775664080816,0.116948459360345,0.442075151500558,0.215884965909205
1.04495695788918,0.103223241277717,1.09062131901328,0.106938216858838,0.851672054827554,0.149376169068254,0.432022072883894,0.221463420251432,0.590481718326202,0.167725554873295,0.668771263158461,0.141632461568553,1,0.973458158515864,0.097150178188946,0.232804296139789,0.696578943755397,0.109802740540047,0.693152386230962,0.0898675682999546,0.582467972237739,0.12773537469085,0.794769326461677,0.113720053236339,0.540606339749798,0.163151897558139
1.20932120364225,0.131199459150358,1.10855369491723,0.134961590381794,1.27952794999201,0.269384022880207,0.586016189464171,0.276250712865916,0.803757214738001,0.231568015053054,0.631843066813446,0.182474580094053,1,0.928207746776578,0.508163734615528,0.241248415961995,0.74673962411092,0.109900568312567,0.714888919469189,0.125806505018812,0.829856755653845,0.132138952841427,0.72610201603146,0.151540065821392,0.903321487770251,0.161056388037342
1.14769600975156,0.113265925450868,1.14470674105714,0.13007582089637,1.09156039956111,0.220309199234867,0.782636738784881,0.264417637659646,0.737189942798451,0.197503973960617,0.645240056800043,0.224216043345294,1,0.797582103356837,0.0735409894035975,0.288871186516116,0.776012970591839,0.120529811382943,0.785506831166542,0.0968642362165558,0.697310959554235,0.109152963805876,0.851115681498592,0.113169769776565,0.598553678792366,0.167519551663342
1.05143822301246,0.105430604421235,0.988171128133922,0.108763262382909,1.19725512312321,0.21997317926164,0.731913052663064,0.237348665505452,0.852280182037097,0.181146554990411,0.511212545456819,0.235750279178858,1,0.910456690730017,0.143287860994118,0.264493140594847,0.675102811260741,0.100992422032205,0.8833831564129,0.0859081470270324,0.596685287498302,0.118090780262082,0.701366455242603,0.129718233395903,0.494922912925245,0.189820445681297
1.05467119501117,0.120372993008915,1.06948037105862,0.102933278584109,1.18649065807655,0.223050255640927,0.516451668496246,0.243257897421069,0.715776511615312,0.191546489277102,0.701394514419522,0.121185898761523,1,0.914387833423703,-0.00300117916678379,0.260797232727107,0.670633882456129,0.0890103031331902,0.793338558784211,0.0973224985777218,0.818026712634428,0.121825150572774,0.756415677794028,0.140527485106157,0.70873329283114,0.192992854595528
1.05955224026423,0.0988785009102981,1.09740863290929,0.113886117885534,0.907489268490595,0.18322802982284,0.445727279020212,0.208992053322176,0.619402205150572,0.164986973304301,0.613807177125113,0.205141733853611,1,0.973906784059801,0.334070404929193,0.243265251501916,0.561835660380704,0.106757947223406,0.733324198428257,0.0922999288255554,0.732066187554945,0.120167267949879,0.650251760690714,0.138865009042219,0.658471512032325,0.158011755800197
0.940927532692186,0.0968523838125162,1.03894513085649,0.114278578065461,0.910872329362322,0.161405271608191,0.682762207280148,0.193608003633652,0.73028791565756,0.147492038886707,0.661019038264863,0.138647025422087,1,0.926041868950781,-0.047000736927473,0.23758914929492,0.685133415240378,0.0924974150032694,0.727599897387203,0.0993150007095981,0.656577512225411,0.121092515798459,0.758813309621783,0.102847609882607,0.736723318333801,0.121538539139889
1.11016316646409,0.109936609314094,1.00571962262327,0.124881748781472,0.881254301511381,0.164565748214123,0.519726346649477,0.210360421474181,0.565427436088634,0.160269748661063,0.700930821243284,0.116888030089316,1,0.835485440860342,0.248866420687699,0.274225061431418,0.701317918705836,0.0953989356152824,0.803042997911382,0.105700246728996,0.659694880391624,0.103795370692719,0.823202397506834,0.119468351550225,0.754899532649402,0.156615737536672
1.25047562116345,0.129161524350593,1.16252266206682,0.130151417471676,1.19385678077321,0.224759543265974,0.886461391952861,0.307069200462383,0.920953657027518,0.21292577755843,0.772679356968855,0.0791220143851113,1,0.895224066260851,0.157483212189775,0.283779621019298,0.676871211225514,0.10114667317271,0.655535939684869,0.110936521086153,0.959630994295702,0.101950239878776,0.928813929104397,0.107106354420931,0.579621394445603,0.145059889534354
1.08245483054574,0.123629523485759,1.13451035777951,0.113657670579347,1.16620136623622,0.226156600587824,0.328206916932123,0.177576096583964,0.556258404986078,0.169979642610167,0.595211817842754,0.250874091725141,1,0.899116460326682,0.0307368084707904,0.247266452308817,0.632294834805498,0.100486844649956,0.850071452201873,0.0955136800070866,0.932265451898184,0.101272756046035,0.977152494566286,0.160472822520964,0.367440118843031,0.222116008423057
1.00969819933865,0.107052927490767,1.03879086889596,0.109536846384898,0.899219672312062,0.179535378089611,0.402292014649894,0.17975120519529,0.551421668483938,0.147709438421553,0.696715575948548,0.150240818061058,1,0.916811858939252,0.174053067004545,0.250018169723401,0.640835217012784,0.105296889443609,0.653245007616235,0.102706377001361,0.554279778949215,0.121622659841721,0.683648303798777,0.101117347738559,0.8315450093473,0.164078583224709
1.05477992317041,0.109132356633058,1.00770148532897,0.117507988650667,1.01332012064975,0.187333161181602,0.751227478096514,0.28360135545832,0.60135692456141,0.192433060398577,0.80540065011459,0.0839519471697136,1,0.689244406971032,0.105013306933888,0.295185728592864,0.688137561034708,0.0964462471727134,0.83349948662562,0.0987223121666001,0.64268449895219,0.123317703542037,0.752552486383586,0.120435804965442,0.689458857914116,0.142707371301905
1.05447621371856,0.0999289396253241,0.99176738184173,0.109103957351583,0.953309430572218,0.171914299338815,0.356285012311607,0.150841731887718,0.582794871452601,0.148024654429601,0.243087058525946,0.281714943181491,1,0.999999999975356,0.476014345006768,0.195856090683332,0.672237459692117,0.0864685745248956,0.693961883543152,0.110109608222628,0.764512714818494,0.10608768238388,0.572616109748813,0.148432392488163,0.659530472410039,0.152642869396318
1.16538096695277,0.123938130593839,1.21708026269935,0.132182612614068,1.1911234168292,0.218474349570549,0.743231462496174,0.285793925221944,0.843436997105153,0.214011265521948,0.630769271907185,0.149524487534195,1,0.896421414845192,0.262973943379202,0.262730777667233,0.749470610163546,0.122009726204658,0.793066963130239,0.0957913571797778,0.705552143037558,0.131648422257236,0.638739671722867,0.123349585701413,0.806127879875717,0.110572772553495
0.838171808052222,0.0929646304914378,0.86939008391481,0.106516821609512,0.767539690041683,0.152764782729183,0.635676132647933,0.258104589350037,0.623329743217924,0.159465352226653,0.667077022167287,0.114703052365114,1,0.892379277066311,0.251486397837201,0.229350838078497,0.520383411545636,0.117578696699374,0.663201469246731,0.0996330796317499,0.635004876306393,0.134949078670917,0.538002288911101,0.134544156368769,0.602545541479437,0.139029894261411
0.787043267286653,0.0935608448296158,0.933817866332652,0.107865999533007,0.863095657383046,0.158391092947447,0.480061910022523,0.191381776340201,0.587589685004726,0.153257624803142,0.68997251863038,0.137020413842944,1,0.912842965441461,-0.304018266781733,0.2463487217586,0.715068610046372,0.0976518118054331,0.526902685772154,0.110176370891515,0.609864726377999,0.128497873464145,0.74620444220182,0.118178967514461,0.449748913722797,0.159199008963931
0.964717265608275,0.0913728750618935,1.00606083651918,0.107058405335304,0.882734116997308,0.151249920854537,0.48801298474993,0.159332529132935,0.588168135399716,0.131347773984651,0.288488362268319,0.186859954063553,1,0.896129651430082,-0.041823391862499,0.21067107962579,0.744245307322094,0.0843660782388613,0.733048977355894,0.0908380029612434,0.583874129029601,0.127680251181084,0.661162652594419,0.127256933591505,0.647821560400281,0.16361902767815
1.05658257178641,0.115905685509087,1.10842252498875,0.125155334188335,1.14356195483521,0.218040492214741,0.265299875000258,0.141953230759162,0.550805631481236,0.173046274758209,0.230790627620811,0.26226321940804,1,0.99999999999771,0.0908214445099773,0.250206294899128,0.777960348841378,0.100163781858532,0.797614859548028,0.106841287877061,0.707827244693259,0.103466603509062,0.892923615464361,0.131794134524927,0.940619765924667,0.132544830738512
0.839954139633928,0.093982917154287,0.817768490103076,0.0929837607541318,0.833089424568303,0.145607460070142,0.480011220417629,0.175085618742872,0.632370359359704,0.150452372440019,0.740926449311823,0.0925154901900317,1,0.999999999990834,0.235659357194209,0.248263190715096,0.63035252372213,0.0962906682936295,0.641596755813611,0.085186119964215,0.549955305028719,0.119538338115896,0.451776955078239,0.147114979851336,0.500820618680727,0.147844694205212
0.945451798568984,0.0910666810178099,0.989877063706167,0.103352028944411,0.772568835724922,0.139004993253886,0.33369673512159,0.170804136932709,0.4235784656285,0.132315605594846,0.557387330745079,0.221041748963947,1,0.834236718869154,0.0766251313638768,0.215639308032048,0.668692045746725,0.0884106733017298,0.670163483850803,0.096115265245044,0.278556969523722,0.128905010813232,0.649227595397905,0.120994070159952,0.608302226174333,0.13571145243079
1.09399736316242,0.112527301224039,1.17136193515845,0.114489913221319,0.97627755195485,0.18087212280056,0.756074231590817,0.235072647139779,0.709392026992526,0.158052458154152,0.606559964370418,0.19002136187437,1,0.825690775833114,-0.0756167958907256,0.251379950622154,0.723731680455791,0.0930007622670389,0.723287731185125,0.0932464231676852,0.556093943788264,0.11233831194085,0.936552972994143,0.11255192368546,0.876273347895799,0.166372989991438
0.998347357476634,0.109740962821114,0.938748021570829,0.101502626785154,1.01172644188956,0.191587426232452,0.396101545660442,0.158723658572431,0.49019892584729,0.124989617364952,0.214240157739164,0.320888506640382,1,0.774350416728108,-0.301293838760421,0.242991730265092,0.743050854164943,0.0916831131678275,0.734596879592336,0.105479424870264,0.82444429821681,0.111539408430084,0.647276401656895,0.137711230037889,0.666687331780986,0.137707406310353
1.1351111932247,0.1236208398925,1.07773645431881,0.138200868166239,1.3583617907134,0.264179997604356,1.17778859823803,0.410558421622235,1.23630918514867,0.303057480800462,0.749345717126184,0.121828406508456,1,0.977430067458961,-0.137949801283733,0.258961076963229,0.717308486604251,0.0977054787398716,0.757788156287187,0.11608994195671,0.742029445861212,0.113088221743724,0.703378762774181,0.127224386364423,0.716305359609288,0.162122922491371
1.22704087222854,0.119709976737972,1.17335356702854,0.129509239679338,1.06049387526527,0.20560185894951,1.10966202269725,0.357946773224415,0.981745948124202,0.229436340287394,0.823165140357063,0.0554959304984961,1,0.90500228083977,0.223323780549944,0.275545195922936,0.919215859876995,0.105174362552172,0.730701736299158,0.102237431474553,0.709036724075231,0.113931980805088,0.758445396544435,0.130281374106875,0.790810429536917,0.154009237802196
1.06359010867535,0.100915904312217,0.94611245016412,0.0957576250865327,0.985625952725977,0.178714829352353,0.657847229214095,0.235665355079084,0.767599480955527,0.177060908575606,0.619796003314745,0.133120979969202,1,0.953270343579134,0.132285668782669,0.244447135940007,0.71893496289004,0.088041290009239,0.671875304959354,0.0945015785392689,0.921122557743999,0.103189600605225,0.511328161254498,0.15289707146916,0.684493756772175,0.138344682727116
0.999536343805902,0.0943881324843064,0.947838160957235,0.11461406096074,0.805879970878182,0.145332642363171,0.614976562059988,0.225812992233929,0.642507479765406,0.145182717513617,0.716770870269145,0.11306102871199,1,0.912669893772079,0.143619704571626,0.214922477548067,0.72671011882854,0.0968968750163805,0.674217693207361,0.107274171377676,0.672234861608549,0.104777164739587,0.697588976876329,0.13763994184047,0.547653076691152,0.155089982304325
0.944820043726465,0.0931418709469723,0.943683857486276,0.101973299756719,0.625650439117363,0.117912119279857,0.277966450388052,0.132555581832582,0.385669706594735,0.107185789648614,0.67811365905023,0.103592602078709,1,0.924812007743118,0.233789111131486,0.241787327237491,0.648256411855847,0.0928171420275273,0.63448965732358,0.110160039131729,0.522855005576532,0.12587427137127,0.461295146624877,0.114806938370911,0.476043810504083,0.160266579084294
0.940504703371023,0.109032090790199,1.08595941629932,0.117720966985219,1.10213394208117,0.215169306438525,0.390474862671485,0.197737844598912,0.454606792404001,0.169351613238492,0.476907652679235,0.268972842135131,1,0.692982378369488,-0.155664771360497,0.233485009340282,0.738138999104986,0.0967195652406438,0.690437610169395,0.0977979563986149,0.731570322777019,0.12119469211656,0.857483189141034,0.131585437365799,0.704248859787946,0.201923173571826
0.98673647390495,0.100356791048053,1.00666855080668,0.106100242248553,1.06761890096868,0.185389494153812,0.596358808618477,0.19868417021503,0.797924768282902,0.173990686010945,0.641213717359318,0.16433131876373,1,0.999999999999273,-0.120305956623062,0.246320364444529,0.645524649635598,0.0972347558751832,0.726876958133715,0.0902404230660727,0.594064568776038,0.126211315818299,0.691411874197605,0.104618953085781,0.839562282345651,0.149836952023981
0.858711353094709,0.100690951285283,0.991106056522433,0.0999883089492063,0.919666687265097,0.15193461846553,0.514989430208311,0.122478023051718,0.678120501173076,0.130413649358676,0.659622328601202,0.112742465562672,1,0.985354464829236,-0.23386084118911,0.247430075249771,0.559346022543131,0.102341673355796,0.692375307931324,0.100507318894648,0.581615160950281,0.0945829515848217,0.68034159307986,0.120293209769375,0.514203643933083,0.16444065217585
0.925492410038509,0.098270483290221,1.03893349153978,0.100214719320746,0.780844126829543,0.149407174190373,0.425963626193395,0.1663399200958,0.56578207179417,0.120417163136806,0.627112191277836,0.132370386060828,1,0.981026524696818,-0.0378250697046937,0.250963521709667,0.599475376771428,0.0982523896649564,0.589470326664242,0.0924544588785775,0.640833061285717,0.0982809498649333,0.566142321030982,0.133571325084133,0.711477579378202,0.131338468294948
1.04317503015266,0.108823008337928,0.998781225056066,0.116338045395367,0.967722566641784,0.176838670884906,0.709232462665034,0.249447064845995,0.667588900743363,0.176827218543367,0.652094924836906,0.135205434105696,1,0.805822464506254,0.0873063991187654,0.29382013379603,0.75198385894085,0.0932954501993508,0.731113582135588,0.0899396100396235,0.591379899496773,0.131762563039536,0.88819312376521,0.118879224020261,0.65820876136995,0.169136916887341
1.04022124329685,0.105789575459135,1.01515403060769,0.0992425527887589,0.876396371681418,0.156786359311181,0.423434468307188,0.153522264562838,0.609176847610402,0.143278788583772,0.75337821595265,0.0964203826954221,1,0.999999999993636,0.401586840376836,0.246679485471938,0.65571844626417,0.0995451130428678,0.658521268571757,0.101108753826548,0.527162517479063,0.118343752359247,0.74131905063189,0.109043648788816,0.670205663335884,0.153404403867275
1.00017534836874,0.100511802639248,0.85041160310247,0.100455722889364,0.83991984260582,0.165188880490892,0.329981061644342,0.129800203600705,0.526457634910998,0.136534500612035,0.283371177253236,0.25789101765423,1,0.999999999994345,-0.00984752783068728,0.224292210319556,0.695417175743254,0.0963458755461282,0.748483673505889,0.109011953822127,0.584153824832119,0.115445144105935,0.569758004302672,0.123642080441346,0.579106492610725,0.196706694520412
1.00929654200318,0.0926506484229619,1.00012029309497,0.0958107873315854,0.846666065937091,0.155199812185517,0.533800055348977,0.184400233864938,0.672272558441682,0.162920524185025,0.685891850053093,0.115802708798502,1,0.999999999971684,0.209623200553017,0.220172995198882,0.5618572850743,0.099906744331872,0.674499390784016,0.0898886125079305,0.726755881671579,0.123688012847905,0.510316343566351,0.147133795109944,0.845886211026621,0.127241517551596
1.17400934248396,0.13559145412015,1.09123251375488,0.125929219092675,1.43678581589496,0.301087580943589,0.550730830403707,0.203126622571198,0.80208580973659,0.205912439184316,0.284511277420039,0.246361335661979,1,0.901685575796153,0.096407534108542,0.21069848663962,0.657972014770153,0.103454996725882,0.773872580435348,0.102689351450107,0.891954736302352,0.121669734627699,0.58795575354603,0.135207073215372,0.850642860040309,0.144284882371322
1.16573195291802,0.105733845851529,1.14529071841217,0.101050383560266,0.954813922139582,0.167975456781796,0.326266542122195,0.169499699887946,0.502699185101101,0.122238652309556,0.311979808808212,0.276603795871351,1,0.900663451663179,0.160890145666584,0.218295696422132,0.733996582901297,0.0995442738734227,0.639559493689562,0.0924476519986316,0.732673625541958,0.111223534287418,0.653715043493993,0.14468808719953,0.713857369669908,0.12808401974819
0.934803270346118,0.0998148763633448,1.10311830745755,0.126451945861817,0.886016506751028,0.167730948482715,0.629675582011455,0.226210037272822,0.630751563680907,0.160403728399771,0.612884733294756,0.170700509451849,1,0.844459844991081,-0.418249345437111,0.238661814180324,0.869774955448379,0.0841351121190799,0.757482318891355,0.100832284094513,0.629450023113653,0.111941435333251,0.702103038937246,0.126194711130939,0.709858127503639,0.155297668610496
1.20152543672552,0.123336451059316,1.23435325870612,0.141167954204894,1.31426620232077,0.259832232760496,0.795464103710733,0.254456915121139,0.858060958936394,0.204503191368723,0.32069479141127,0.272695373181934,1,0.839201360665463,-0.0238221781149715,0.221956801010438,0.844045519606,0.106796928893403,0.778132206882754,0.117301346884505,0.820508747562773,0.12359557632967,0.644324657662557,0.139455320689024,0.78557297675631,0.161434626098953
0.991303914511622,0.0829336331556231,1.00113446757786,0.0926487402518323,0.772178073225494,0.135316027873102,0.316896645819231,0.120209085465204,0.49467225652765,0.116660585636961,0.640129078544852,0.154458384288571,1,0.999999999995589,-0.178466098186299,0.225515247834343,0.694410295382539,0.0833152205578079,0.692745717523345,0.0837501782440907,0.331986388945756,0.119397574891747,0.611756224712596,0.129432681544931,0.619026865308383,0.128561006899302
0.785400511128747,0.0896024974975256,0.771247895478022,0.0832011376567863,0.82026730068272,0.150123309247975,0.278892475205418,0.143532408127868,0.478295283059816,0.142816088133235,0.671625495340169,0.114785402150023,1,0.999999999955848,-0.329033419444277,0.233625029502612,0.734797787887031,0.0906965814109184,0.540110640990189,0.110353462881421,0.580359571254174,0.126576224732008,0.624231034320265,0.115905973645093,0.473573241757998,0.177974049426083
0.945697787551047,0.100534509018984,0.962897653547392,0.101090782615834,0.994006072330228,0.182106958621753,0.392185620594914,0.172683431868251,0.507949288640919,0.138257608684718,0.601468249306552,0.219374236286248,1,0.813542048280187,-0.330466282160553,0.262518866928901,0.812847637899677,0.0955789059099129,0.631256203147168,0.0946238302710888,0.60113568105533,0.11659873519024,0.647398557000993,0.143416368523358,0.700925226284923,0.113353027564427
1.02935661708277,0.128163618060946,1.03226939057124,0.125673103917911,1.19569475205482,0.241196976262972,0.457783189295038,0.277946213117867,0.634338132627737,0.195803183291351,-0.162504210874386,0.218026700696772,1,0.857394587463357,-0.146671020637865,0.222443591995142,0.762825891366147,0.100057433996174,0.862642007990032,0.112579320407219,0.688327203223765,0.130902055383123,0.627772740252021,0.163459694027452,0.668854144019154,0.165501044830419
0.788621716905626,0.0960582916624231,0.884656602632985,0.105748832769878,0.776332989547533,0.152409681745315,0.643081321391787,0.226784380112723,0.592194415917984,0.168313446683062,0.721856274751007,0.114430636688448,1,0.838122190570167,0.049749125941244,0.257115489778143,0.578584942071756,0.122516960656552,0.573500908511784,0.105610731887876,0.670294789376644,0.115700445127749,0.345471119571676,0.141536321316485,0.6100451701224,0.145846283274484
1.11035141902343,0.104100623906668,1.17343259334315,0.120333679835935,0.991935755638839,0.188141213066565,0.761289177708373,0.249594211245441,0.854799008000217,0.189193335643578,0.786787951336831,0.0593937955759554,1,0.983665430147477,-0.0199468754649259,0.245845035661558,0.760998638373922,0.0860265911896498,0.817829418358237,0.109877832361306,0.665305927273776,0.138381470604048,0.586646074791773,0.143224176676567,0.597716971453666,0.140371181980685
1.10879975493365,0.113175135342831,1.14470332642956,0.12636728986576,1.01423004360322,0.186018445685613,0.702244701340427,0.280890801928264,0.726286772424127,0.187633176520141,0.642153666774827,0.156883658165038,1,0.860588748125339,0.0413725861163353,0.224146804831702,0.693428807623061,0.101117195197364,0.7783115899467,0.103507054707626,0.731552272009443,0.109605698807553,0.764092410391541,0.122779895612816,0.879559695422833,0.148714791253497
0.912099071666593,0.10137010022445,0.926793322585148,0.101063874005598,1.2450652939299,0.217483579635064,0.418762491377138,0.193507678270072,0.657670532872106,0.16533227862458,0.38038564166401,0.269000765527106,1,0.910811346955528,-0.376520334288208,0.205341822822131,0.654620676730256,0.100721759921759,0.755962825652951,0.0926911530307859,0.743746993893478,0.111584047021545,0.767550613737232,0.135181572986717,0.543805047734117,0.158825266674938
1.00235698243783,0.121289076480004,1.04989000594555,0.130614049883724,1.48717385438165,0.297656593032674,1.24278813411913,0.368338704283958,1.32637047286014,0.291148377411756,0.623020484776738,0.197785440368821,1,0.975630627358485,0.017247892284115,0.238154927448632,0.689899601843367,0.0976953054748167,0.741157805936031,0.113274008152981,0.912455239841895,0.116548416515744,0.836984870131066,0.141915130417316,0.538079139636324,0.221000662368941
1.02125654478229,0.0953413888374419,0.981229040721388,0.108485450860142,0.738069662895474,0.131031109190347,0.590835823972526,0.213799298101861,0.640046226952951,0.141500148508097,0.64420069035632,0.104369984382556,1,0.969235370284935,0.131529862559548,0.200367795089837,0.518107100760579,0.101179815875684,0.683741386830933,0.0819888225902091,0.660989137862769,0.100537523634915,0.629173127623302,0.145621500218897,0.951724508606949,0.149788019561015
0.990966211592082,0.116833920267035,0.884333103895429,0.118568378391839,1.03794883025377,0.206666936795033,0.536933972447074,0.250395893038488,0.575334441612368,0.176867614663797,0.732073355863057,0.143029531865544,1,0.770676222094754,0.403167103204383,0.269184133563934,0.682816674236274,0.128494464102096,0.704347816617456,0.115066465961053,0.779495583668744,0.128901846711449,0.645419312254247,0.157066334462323,0.725432362666675,0.142549771160488
0.886226257682521,0.0987285861020794,0.939208558181505,0.0994289162860725,0.883728314008664,0.174799624757663,0.59060228689614,0.216003665396829,0.711923049420426,0.176128177861963,0.637764812405104,0.132942729683749,1,0.985430742894327,0.197450961636822,0.216557945899864,0.62424998483136,0.0932062704965117,0.577445250527047,0.101682017532195,0.68882966386234,0.148103813961139,0.445262706793678,0.129422587445596,0.642671830752987,0.194721338755552
1.11623364027095,0.135701241431064,1.1875794788178,0.128429600790852,1.40742481655243,0.284839338709338,0.764826592113619,0.294296412565039,0.867352438731339,0.225583764834301,0.410118307451035,0.336718936628452,1,0.835990826693549,0.187201853097421,0.289941914102588,0.732754264396856,0.114266297088381,0.808043414186194,0.102886338154705,0.845880850481468,0.131404578911159,0.820923454944849,0.121496032420456,0.761677320194517,0.155211685136103
0.993825190757108,0.106809605850275,1.05970545721943,0.11530059945155,1.09257944062718,0.215870969640932,0.370435211439015,0.164999002361973,0.636183853991934,0.183497946839293,0.695106968363804,0.135783858360415,1,0.999999999972057,0.105352042215312,0.230585546062286,0.703596960835847,0.0867168739845329,0.661143946997163,0.104946023581603,0.563853312321227,0.12070749422133,0.965212361262712,0.137056445069029,0.691720103355708,0.145481838010457
1.0079001408895,0.105089493762681,0.961572528821721,0.109873884253917,1.19239524550809,0.208830937484575,0.641406593920762,0.265923798031377,0.800869680044132,0.203040472718933,0.544109001055396,0.199743428730368,1,0.91576707293365,-0.0774436782678889,0.208470864090633,0.757578553540706,0.0905113507057888,0.638255909535556,0.104582739170809,0.890865005971447,0.0968044587534478,0.712177732406236,0.139812645682841,0.805204201016144,0.137338420365302
0.96567460442838,0.0921599803367691,0.948902315486448,0.105877721274922,0.77330760861166,0.136763533880202,0.425454709510539,0.166541553029624,0.514007285155744,0.117140642955643,0.628014094199039,0.142888850045099,1,0.896120608464866,0.114135082284555,0.226412920110639,0.608030509567645,0.0847185223791836,0.762955274897777,0.0884528387707485,0.487789863419541,0.109236990456802,0.773191815420971,0.116424853539234,0.610191507595937,0.166254554435886
1.10989033547846,0.124499931636357,1.04315905242866,0.129373251989479,1.17228586381643,0.264212211992044,0.741935828082717,0.264870186916225,0.812217429168739,0.196873405371092,0.469970095679742,0.323607493694296,1,0.870908178295189,0.142866437595568,0.259390072818964,0.670637959695496,0.105379469228767,0.784894128624636,0.11129669956898,0.764229316648014,0.131632854398727,0.736481006929735,0.135184560066283,0.477427806633584,0.183138402816759
0.841201699281509,0.113637951537473,0.834258661815208,0.118081114624247,0.970122471514845,0.209516112078198,0.567971854540098,0.263592307243023,0.657649885904331,0.204746508420577,0.690897935210403,0.133647008616733,1,0.885968047497978,-0.170840622218156,0.247500322747955,0.591838027332903,0.110622768070109,0.615642822635564,0.118387203106456,0.667336067606535,0.0986795337936858,0.417797635281614,0.125315542031695,0.817205552014024,0.148637096840164
1.00127431871935,0.111842608835752,0.982125170069313,0.109753451107396,1.08988510900487,0.22258502736462,0.522139731535196,0.232049381417821,0.724025308759054,0.193383324496095,0.751890416762586,0.10930069587409,1,0.959776290490081,0.11007272706888,0.230005457322153,0.666228744958799,0.109850551951766,0.603814398236378,0.103839800389624,0.616411011351074,0.121228669778773,0.616702813320762,0.123263014530263,0.613875932216169,0.151195582226192
1.16117356095599,0.118221545639899,1.08094021900889,0.112395413822139,1.3642597688293,0.248022578355483,0.745679446352212,0.238928812361924,1.00861314144478,0.22517417198761,0.670458215839546,0.142169162364371,1,0.99999999999699,0.257720918518014,0.247841822127066,0.616119549695031,0.0981750435607344,0.801844568616263,0.0857276377164033,0.706408983934309,0.111438707750103,0.733380817801763,0.132861659408502,0.633899551569244,0.154288342792727
1.32212553425286,0.177405507914812,1.14969437138373,0.161806855182024,1.90973141613313,0.47734356915513,1.57522169791705,0.555225661526021,1.52648662663754,0.449545180234471,-0.139837583018056,0.23611427743049,1,0.88010809370651,0.117843854220057,0.232539508638546,0.867407169203913,0.12083080554526,0.911252406685742,0.134598450378489,0.904517673218343,0.148041853886792,0.945140420305167,0.164292308936577,1.01065441559622,0.171535342974813
1.0265647323389,0.11297360167772,0.939790012387887,0.107706210496165,1.070310202955,0.204982985450341,0.557315555161581,0.23012617826708,0.713406192604396,0.176361742019974,0.566661566020485,0.196526532965633,1,0.923701097717769,0.267978840436018,0.218617645487685,0.452059740926259,0.111087283567089,0.881604532056229,0.0870874171598957,0.713986628502099,0.120366397788387,0.751490621735797,0.109194371148147,0.787526931657786,0.163006975662952
0.923247643261997,0.105492826296515,1.00927717203054,0.1031097814328,0.864723650371284,0.171621984189314,0.394651386551636,0.194240748505737,0.505109371822671,0.146571429954008,0.359221447484808,0.28500901224523,1,0.864649194898256,-0.203604862430758,0.221522185979668,0.689159631749401,0.0983132211869019,0.705134134812363,0.100165269016144,0.740307793888213,0.112032614192419,0.481473562175642,0.169072649078136,0.783570439546147,0.145652459662407
1.09624429464244,0.112670927695814,1.0468691001852,0.132118799912077,1.06899113163105,0.207089761249918,0.734987761729757,0.25528369954215,0.784425574091389,0.20831597931953,0.492389798808038,0.229830191009918,1,0.884962033819502,-0.289594099033772,0.244802016338673,0.762999817752101,0.0930853053100726,0.859712338359102,0.0923414583372211,0.694141927861673,0.133320279933777,0.694044100333129,0.161638197290538,0.677520242632288,0.163114571536165
1.16233092711388,0.103084339310053,1.11754728563644,0.10668975314053,0.832077293439591,0.143035063864522,0.28687680302434,0.12143121641177,0.425841522858864,0.132744022900716,0.66917595276962,0.162486935425647,1,0.871602474770438,0.19374053082643,0.266824361222047,0.844635798037332,0.0883067972535534,0.619380005068603,0.090505573909957,0.657880879823305,0.0956463248644673,0.646750996090924,0.107209277985027,0.500668811041034,0.168085338106667
1.08626168327505,0.126480455069188,1.13721644993106,0.133071195201561,1.19132479014025,0.255222051087485,0.903039038655401,0.301928725808586,0.932623552487874,0.216948591580438,0.323475289449931,0.2706894945353,1,0.899162169893137,-0.222871660876922,0.221127020362598,0.724168805135595,0.102425880508303,0.748861400781209,0.100435070737233,0.902380201635127,0.116864430926745,0.724361770003334,0.148979304334886,0.945900736869265,0.140701125392228
1.05953221284028,0.113917658407974,0.988004260260217,0.109628589314922,1.35718896475709,0.242623984294532,0.48040165770459,0.167851956331881,0.807462586430772,0.179335475481502,0.684453772966459,0.14179397583567,1,0.999999999998303,0.0697271395745635,0.248669462023178,0.805992703932932,0.0887834501164021,0.829293795997523,0.0855102422150058,0.385300306705484,0.132937351744432,0.781635629624493,0.129181110265455,0.639129320472812,0.206797961828356
0.918131228369248,0.0906973985225758,0.858526937741431,0.0904557614261328,0.685722201015886,0.132727368774497,0.305857033151453,0.133396641935605,0.440491099394624,0.115191136631846,0.720697649368036,0.0860346233819294,1,0.961842131356253,0.185503928240829,0.221438725980673,0.687570347834522,0.0974346930403943,0.514975456166974,0.103183971769015,0.687535369691439,0.107103410821754,0.630525864582638,0.126798276493897,0.54796263169074,0.157352905889658
1.09244496943024,0.115373413541167,1.07069437610528,0.114254624688805,0.913096281239312,0.173541418558945,0.465564257279249,0.210639075512226,0.549398092706838,0.164802563688566,0.698492115489897,0.110669193775996,1,0.842634128351492,0.234058577999917,0.24709618574473,0.550262932323333,0.104238323550502,0.767837149565487,0.102300617092042,0.689864111526097,0.12037172092705,0.666677731210249,0.130676816534929,0.704396718589139,0.130045822713049
0.975912930555914,0.113052944228014,1.10935641720597,0.120931257830088,0.960583221259192,0.187782421384996,0.631006696997575,0.232604857775578,0.687957332852351,0.171637570794551,0.729600730764503,0.127677394214483,1,0.883643366629577,0.255712021001934,0.264244533316237,0.481283004607582,0.119263934407421,0.838320190078811,0.100136698894509,0.610278055719844,0.104292923877345,0.804540224826584,0.126099665301377,0.639238844760021,0.167411748989972
1.00168398815492,0.0990319352554888,1.01466871515864,0.111477429201945,0.800883889260086,0.14540201408613,0.451385952650322,0.187315600693572,0.546016162320434,0.1346527916197,0.482707573201663,0.248845378902602,1,0.908127233469058,0.0590342626650436,0.257186537346233,0.628150176750486,0.121797250216106,0.674001238350573,0.095448076371851,0.685453744430903,0.108488366433934,0.775143667668112,0.118565704371375,0.506325102736653,0.152639371758323
1.04256905086618,0.11132956444246,0.986066789106624,0.11067170641647,1.18759028750781,0.204783420591581,0.731520719755597,0.235450787346423,0.830297179134261,0.184366004618956,0.582040126984439,0.226441310144516,1,0.890813783109199,0.088523224870005,0.267724837206073,0.750836738145147,0.109023987085241,0.799201149498906,0.0959502283048579,0.682813524043792,0.127970146150765,0.590611441819133,0.138261599651493,0.724589247207905,0.111123517618381
0.928273589998418,0.0869127309709707,0.943112184109386,0.102724391308869,0.854484178496833,0.143129204685245,0.442320099798102,0.166500337750504,0.553785903664346,0.134419863862704,0.356437742077707,0.2296512471773,1,0.900785831344625,-0.299601654751121,0.19459408699687,0.662205198343817,0.0811229444470604,0.668896299947531,0.0953547611019516,0.659419391785578,0.120362924210482,0.751452288131898,0.124957900070826,0.498578115373103,0.160177046336546
0.911922400188294,0.0942342641306808,0.911143294824616,0.109419131222798,0.762127813769512,0.152920520389332,0.258846361355194,0.187732817761807,0.415690951432582,0.130006788686683,0.644167689620382,0.151366915711589,1,0.935913330607952,-0.0374286167087285,0.212261450552383,0.698126988495615,0.0938073172549051,0.63509142226484,0.103470430232096,0.64164082335967,0.125248968520265,0.552426222701899,0.154567736170595,0.748567638139116,0.154959244419521
0.981609341853706,0.10221076337524,0.958379004433903,0.107374627057922,1.00100249675797,0.192537120808197,0.378944631040526,0.175666520494165,0.615893271330472,0.173687851823333,0.322977869375951,0.251946354576886,1,0.999999999822787,0.191646602720039,0.221995508243048,0.681162379686156,0.0906931527563515,0.657225101626632,0.101312379417828,0.669849278707756,0.114035237856894,0.616921700852143,0.152732991245988,0.741657164482669,0.152759310784219
0.979116224103878,0.0957356563819011,1.01300196254112,0.0894188674530058,0.899130671869858,0.13799895340201,0.270130943453782,0.113278283428731,0.492831631053257,0.122571252309894,0.60452780208612,0.152511891893181,1,0.999999999765682,-0.0892085317984607,0.243905823224619,0.785023765751537,0.0851633494139892,0.603807845051388,0.0952264274343933,0.513836926189523,0.105306406846108,0.727322324318702,0.105514046127045,0.819378595572017,0.116403102902143
1.0308552133766,0.116580125942264,1.06741784011516,0.115299486736352,1.02197989418647,0.194811548173681,0.540340305943999,0.282843784670936,0.66188915975336,0.190211481162265,0.448731903664332,0.228678540011622,1,0.89069786290552,0.126652084194367,0.25975667998566,0.535787308643209,0.103775941122373,0.7951814627391,0.0834295051713345,0.68413046472905,0.121849049643533,0.637371987518328,0.149626090783853,0.742325159614419,0.166720874195231
0.953026562227095,0.100316597759376,0.79293517312103,0.10414065506824,1.0183667747377,0.178782142739866,0.769034700048108,0.232235867328809,0.884962929543281,0.176441147745588,0.375549568531408,0.24727730631042,1,0.99999999969129,0.0426398317569831,0.217561282934527,0.710914496732163,0.0977164209818342,0.665258891044867,0.100117414300831,0.579620503678445,0.110698325990296,0.653121879934376,0.144775638304132,0.777193389547176,0.133411062726833
0.944274916544775,0.106292066109727,0.939004058469235,0.110038034194268,0.92474255626163,0.188362745565913,0.711546563478628,0.271354275957552,0.737858122289419,0.18943900313357,0.738255133058488,0.123013900304555,1,0.9096216269877,0.473592957057898,0.265268009598404,0.601265322254384,0.109804845414609,0.789123501820659,0.107415332287937,0.491260204964403,0.124067657894053,0.755427319423592,0.147748240766933,0.817584349097376,0.148281146120483
1.05766068933238,0.104876071947223,1.01959189652311,0.104688634774513,0.974752999844966,0.184673236213648,0.598081163518356,0.250743147011745,0.593469357708983,0.160362889737417,0.496392048905913,0.193208578711265,1,0.777268285334292,-0.0164622647760971,0.214084608684668,0.747343968140385,0.0858579938621474,0.798990450171176,0.101286283558006,0.507357084857052,0.118582251605704,0.64795125188956,0.116198377172689,0.738192129780485,0.181461510025558
1.14466258705711,0.0992158625553765,1.03141770260937,0.106971613174062,1.13253064452138,0.177249576417988,0.837675103864723,0.267107091508273,0.974008585833201,0.202207246336675,0.578388550619484,0.171652475645874,1,0.999999999998612,0.416406856472226,0.242909120583582,0.597732361992806,0.103073766650459,0.81229034024148,0.0959512074590502,0.795413382571761,0.10532000739294,0.713571569202077,0.119026400084298,0.835486649875283,0.139805687255176
1.09536973783879,0.105609286693862,0.922176627386098,0.11602870760634,0.996283688758735,0.17300001436914,0.598336091105539,0.194608468434477,0.675269651476665,0.143102201465974,0.619006843234586,0.148786033620619,1,0.874607348031639,0.331924688250666,0.244886930014221,0.658577439972748,0.110426799018946,0.773991518857871,0.0950894113206254,0.625405394393042,0.105096537340683,0.575139042704447,0.122805975280142,0.631659232827262,0.126901216880927
1.0037325779217,0.101227154195927,1.01474387225857,0.131984827736773,0.959237469650745,0.189427421255041,0.705121158061072,0.254518851310189,0.763841241312152,0.187424416571185,0.614144408349934,0.12716310288412,1,0.928769964877921,-0.178396170128045,0.235132407714137,0.695463913721202,0.0926121669057558,0.755998433982064,0.102985874859751,0.710303712183838,0.11209574653497,0.803030708369838,0.12033621600004,0.529802546582101,0.145052440049234
1.07303100685256,0.117418250295574,0.986055295124676,0.097896938070089,1.22158990073271,0.228972546517701,0.737557172241462,0.271884158605969,0.949206190369265,0.234870684211327,0.728865224980017,0.111633214565311,1,0.999999999451821,0.256923538177695,0.24892862992574,0.686198376829317,0.103030848594749,0.631981175342756,0.104039673295664,0.629549468346802,0.109601476269577,0.837319978236131,0.125574948352087,1.01001803273348,0.128177031853846
1.03983280151374,0.119930497745344,1.00620470297767,0.127338680874407,1.16808539958917,0.243338548996189,0.497901933423613,0.195900610803166,0.762621779689599,0.200350418535885,0.0479901733638235,0.25993566807063,1,0.999999999997928,0.340805205666401,0.21164540337855,0.650565338930293,0.104760129819076,0.722704842930872,0.109721163129866,0.618408952723345,0.142456682010835,0.873214513016041,0.122914431756648,0.595075345696297,0.163280282459654
1.07876873798074,0.108328919087363,1.10910078392783,0.117343951434471,1.13420972929444,0.231572755055202,0.463970555888029,0.215705098773212,0.594185291943862,0.185231893569904,0.514792191278913,0.244974597696898,1,0.819086942924986,-0.0114576402308771,0.221740913424342,0.813185269598046,0.0857024350907016,0.799487223917705,0.0914647635160434,0.586482824545155,0.138042045017588,1.02791988899895,0.128845029060467,0.746965941122937,0.143813524061726
1.00858934344785,0.106096109770714,1.1038177135442,0.115983526336489,1.01829086738898,0.17991690307908,0.603317449053417,0.200898639055661,0.719455628875035,0.173929707085134,0.739171660918725,0.096614076485457,1,0.91789952968184,-0.417146352350124,0.28332131025477,0.863579331512495,0.104953030736803,0.56235968318332,0.104300020530518,0.612334323034935,0.104391231133716,0.703697996782055,0.115506707121158,0.630731885247382,0.145643989960674
1.03751232808768,0.0977523755653937,1.02196222007865,0.116027734638503,0.88610612818631,0.166419292932612,0.433194235292651,0.209163683962992,0.538210277988254,0.143375596811248,0.527565886684824,0.27820400078084,1,0.868695921844946,0.578009210228894,0.221024476444624,0.50601554642429,0.114160610312224,0.779882055137511,0.0843645824971093,0.503256266236789,0.13097098092739,0.806931890620616,0.145536032592553,0.813151529572247,0.158724229218227
0.854153234937066,0.092185049666193,0.826622108440166,0.0892902376073857,0.790569325070409,0.149072141545028,0.233209724530958,0.142501954770885,0.393338755982653,0.127903839993169,0.669346512588713,0.12962978975443,1,0.916058971345725,-0.0869083287498737,0.228117509827654,0.698841152213141,0.0931352999822838,0.664612327698245,0.114242574028025,0.58374187628564,0.105959189329803,0.627742891435461,0.138160758011103,0.597211279048239,0.123841893739013
0.967776505178438,0.125515079660432,1.09732235372687,0.131906480614636,1.3039405158949,0.275533520108819,0.867713185309393,0.347544912428913,0.885633874184023,0.261558856505056,0.711849649045188,0.166582243801581,1,0.832601580503844,0.320908599531631,0.277555116975616,0.520333217559115,0.117399669485665,0.669307537128259,0.106419859727443,0.877416471591412,0.129850281399594,0.721879697212181,0.157796126731061,0.679783700983353,0.164484193073069
1.03541893975538,0.106790802068774,1.10116536357592,0.110297131537269,1.06610127176566,0.212486544611543,0.557087056214825,0.204095599541034,0.706416547276773,0.15866190246961,0.429275685390527,0.242925767250937,1,0.916642731529204,0.00217091153176517,0.229505330507055,0.669992052782415,0.10063268004853,0.761755344404271,0.107523276826899,0.66546823244591,0.11587920106799,0.621085253554576,0.127730543144354,0.851708206499134,0.143894030609897
1.19721244600366,0.105766346601682,1.20560128424825,0.124024476902928,1.12340467411538,0.199024828200309,0.635216709597931,0.22669136973316,0.788889326354298,0.188566337607057,0.596481403800926,0.199135040896082,1,0.933871259567435,0.11542491873281,0.254364047992542,0.800597279243403,0.0946304156619329,0.822898752757738,0.0891407281773492,0.637816302330866,0.123512406714584,0.865327793335357,0.11447451271066,0.619882299430835,0.156199004094636
1.14889645142096,0.121321481571171,1.12740869013145,0.131272079659524,1.2164766901968,0.219107195459149,1.14780245394723,0.368792569765299,1.0538120591377,0.22392714016861,0.60398982126792,0.225391681580349,1,0.891820998414885,-0.0710878860486273,0.2648351716623,0.910704427851702,0.0926150923129722,0.591435930069074,0.120617736568191,0.810629851745383,0.0961921202868146,0.588018047504277,0.12734731651457,0.838784119277736,0.119422566643712
1.19129598305716,0.140948142802797,1.1377446824879,0.131020251609167,1.690023651566,0.339215082871553,0.915634456570332,0.351928628486799,1.04928880009512,0.284664750749526,0.786550893362255,0.0968913542529693,1,0.843504846700242,0.300288947589563,0.301862740769406,0.829727890504915,0.130182186163235,0.725317655041941,0.117114003908371,0.984576471367121,0.135271789804678,0.646704546701927,0.15854650904952,0.852153101922007,0.136442718289955
0.872951685334747,0.11401279429917,0.86413449747747,0.109848517814097,1.04521266100937,0.213961895767866,0.619385981107051,0.25968144921586,0.62779949588239,0.176147842518972,0.575825519911314,0.209066082284329,1,0.780257489335967,-0.161223772098954,0.260760307904067,0.851666421591914,0.101564725688746,0.576286543001989,0.111506560175718,0.663138157817604,0.123793560758132,0.665162050270657,0.139464957854974,0.651205252584133,0.157182701987504
1.1318483644733,0.126237842475387,0.962885868211486,0.125774709598831,1.51661962815034,0.299276210626058,0.493217476584659,0.215471786329161,0.819075414107057,0.214979479116396,0.0105408737172627,0.235824518814939,1,0.947035644858304,-0.0944815351002455,0.219349632338186,0.909046197460382,0.107870016993684,0.927338041055908,0.112699511899258,0.866391526491164,0.10533332456236,0.868169444564316,0.134214217347547,0.873979577029719,0.160375641499607
1.04320330525685,0.127832154019809,1.09711931849066,0.130946691333624,1.08814889231706,0.228320975772414,0.553228025639167,0.202555649525407,0.729923234750251,0.185015716782762,0.692656243127338,0.169277144071032,1,0.940764541012819,-0.134771481570996,0.26833458144976,0.802289795518916,0.104461167770627,0.744401324921509,0.100875299208753,0.687931700497151,0.118518614890909,0.647245299115695,0.146062091190032,0.860817483330407,0.133125890413105
1.04750611647193,0.103015987847377,1.0063578465025,0.112849523463147,0.931405788297934,0.172080190708246,0.50129312478338,0.22543451186811,0.637782519313966,0.170247386958316,0.515366285924819,0.22545339527597,1,0.933377378956746,-0.199026077004077,0.227537876656791,0.791736886918727,0.0851846016252141,0.725175509911523,0.0890325866283459,0.724947389165717,0.107396301629308,0.624878921306867,0.146825007915913,0.234181879737093,0.164540656627778
0.817946636579634,0.106546492968835,0.967197933179133,0.0971003163367485,0.991531532259356,0.179874929830664,0.421300463991872,0.182074862614295,0.646322437663408,0.166257372718939,0.653042406315592,0.152683981373176,1,0.99999999859208,-0.24360734661789,0.246944068238284,0.66349247562111,0.105751187621945,0.681781792990601,0.0914099887726872,0.51710253103303,0.116929235004687,0.620305358191289,0.143784757672602,0.56351108519923,0.184497008358068
0.899057634215204,0.100843215498882,0.948214596090889,0.104426486903612,1.01697132987638,0.193823049128718,0.448423366661249,0.205176373432921,0.638529946090269,0.176281562666273,0.810572747061114,0.0700322357787742,1,0.945546295688165,-0.23390128359311,0.272274919726107,0.834968510337056,0.0918275622747957,0.762556685923769,0.0957060696753358,0.765222032418535,0.105226321763616,0.433449109303104,0.152891974185575,0.833774702080959,0.145895537433191
0.944453299153817,0.0906555067954253,0.844090918419918,0.0869703470003587,0.64193068254993,0.127792667579602,0.224918463119114,0.120612692752528,0.365604070724358,0.100639083617812,0.872612285694077,0.0390634586276486,1,0.962175738460947,-0.0510253821080719,0.284953619398932,0.773144468954356,0.0879744731465811,0.663904304271958,0.091350181339193,0.733192426884795,0.0928505132339163,0.591358743549118,0.131806630719452,0.583290806931185,0.144293954044945
1.01254134802472,0.102147480819678,0.950239252986987,0.0943016619926992,1.07912016990761,0.20182552309512,0.404174396064931,0.156086538878181,0.660418611725496,0.163736613097865,0.695685219537036,0.130859664833347,1,0.999999999724336,0.0395933796788604,0.249353355186932,0.659377384844256,0.0893347197286526,0.650732631076279,0.10796683483497,0.59451315015501,0.123929306486416,0.679265436320787,0.115743396058178,0.59737430164408,0.133097132161099
1.18210869603928,0.113952042672061,0.998493862167555,0.11223956431943,0.979258055211973,0.180200439273188,0.70083956246364,0.288435836258786,0.670878912573353,0.186291261097332,0.597729567969648,0.180747424619017,1,0.809815826112975,0.270870524920744,0.254937507824361,0.776933368009877,0.112910578275138,0.698340119147456,0.10784697901617,0.593374712749391,0.112052060469671,0.736332542332857,0.117018486296212,0.714175172031353,0.14291810353845
0.999592535054645,0.107840524547492,0.947045473390418,0.107741704880839,1.08526587308192,0.21711360604666,0.591420952460629,0.253879391743204,0.695148087313966,0.178422959011336,0.472370126269252,0.263609982052409,1,0.867682634461895,-0.135887122426477,0.245247183429769,0.795030738737119,0.106069370709166,0.75023715240112,0.0908930177978325,0.764800337788833,0.130644281913644,0.76230877242684,0.137932864470774,0.898683008464891,0.152048649148165
1.01038832679799,0.101490209730281,0.942133107087077,0.123713115839502,0.819520641198506,0.162610590791182,0.497980105582826,0.220078933835291,0.617753598353953,0.165265186261005,0.666687727063346,0.145258075338651,1,0.967006379134513,0.330396668928846,0.26237558550732,0.578525055260439,0.114998705074517,0.600624373106139,0.103105607887562,0.719191790894513,0.111263776120818,0.707232523238758,0.137971992337414,0.407215577200175,0.168283243539189
0.99705884679155,0.0961655423837767,0.899823933887484,0.103682073541231,0.783141528953516,0.134339672447292,0.492199635275614,0.198980386062928,0.505308390892154,0.145799228453273,0.69576813109043,0.160096703193493,1,0.813890049467474,-0.0132363376033366,0.266056214984811,0.493301752020485,0.101868226339191,0.806844520724071,0.0884238013469058,0.823726105876915,0.105471431805511,0.560830056727048,0.128537357357707,0.832519052158909,0.112867946986978
1.04573912729622,0.101254829365401,0.960965826825163,0.104723917763861,0.887341611422004,0.174947234447779,0.384274237854973,0.19804209448515,0.558117884809455,0.150187916304778,0.36606047105157,0.261913920070187,1,0.95578427426393,-0.114453005910872,0.228801317622446,0.737944425542697,0.0903363045423393,0.688073853539912,0.0997605252900191,0.65769184609986,0.108984827930835,0.708866656667233,0.141114502400617,0.673387421942646,0.184199183459885
0.927156545837423,0.106896792614597,0.907831150056861,0.112552023898783,0.841387168630777,0.170092244884199,0.149240633174929,0.0975337882151404,0.354357381424128,0.125057891801122,0.241727770767819,0.264818767969429,1,0.999999999912586,-0.270561930950602,0.223178192492015,0.646030016141749,0.106454228411695,0.683066059204659,0.104677329116163,0.573376903807542,0.116652021100476,0.634321581268526,0.13449188440395,0.77272357316911,0.156538292374017
0.803844704487832,0.105016557211802,1.01846251220854,0.10762885029597,1.25964045014172,0.218474369185932,0.672068627116943,0.231465339756366,0.920089576061796,0.201222790091168,0.699752503032946,0.11390480678021,1,0.999999999994014,-0.609070405511551,0.254086039960661,0.671482066118694,0.0896465902815348,0.663833979448402,0.0945787221915205,0.624083182174514,0.11044743689827,0.851258564232542,0.102573586123997,0.741611474331076,0.18875035308721
1.17579511271649,0.115594727909005,1.05073693411273,0.116067208465453,1.09365894140098,0.205393177507357,0.478936254327139,0.189455465088366,0.650547392628353,0.158694800125913,0.486088712187254,0.249610216316776,1,0.89887464433974,-0.0547333055823491,0.264087873506171,0.806153669726364,0.10731104288851,0.78184568324833,0.0999242351504017,0.772226997154739,0.099722768849301,0.660494549292442,0.124374729476349,0.827430445336423,0.131227304470277
1.10986792457317,0.105855549511738,0.986443560804682,0.106971276705212,1.18241705046993,0.210133018171269,0.528606556630578,0.223765904440828,0.788381023225502,0.18509996094385,0.568063238723151,0.240824080255093,1,0.997205229583289,0.498304650571917,0.257038131781087,0.713181956335794,0.0955521990576213,0.720783921692914,0.119431707708861,0.669719537951981,0.0942423883490221,0.802635962172107,0.114830286166133,0.74605137624829,0.155885679421833
1.17534523666668,0.12909309579422,1.11403561923514,0.113663515684238,1.19474014319036,0.239226011215573,0.436281998756536,0.202793253642839,0.596538070318077,0.164589735479304,0.470697423592025,0.335543731690943,1,0.826262018951808,0.0889323689671025,0.262680938897281,0.585995392370804,0.109744772864075,0.910448094684625,0.114692798224151,0.764269852808651,0.122945105794724,0.741796588784812,0.13974512527737,0.622426357313821,0.145675199546391
0.982478864961925,0.0907842344851951,1.0044606758331,0.0925484679937099,0.925490384265853,0.15917233335142,0.235284628595035,0.125330820807438,0.466640826862592,0.142096525574484,0.654597428318948,0.146415577645505,1,0.999999999919027,-0.0123436882228882,0.210973534047177,0.834423252855828,0.0846738735775387,0.493791243262288,0.110515457191971,0.605310581858568,0.1220403145112,0.580209052412804,0.134994219939255,0.626504262114133,0.12726245625416
0.936549452647059,0.11063692082097,0.929613244218491,0.117989844716245,1.0785410408036,0.202515446913912,0.91817093046627,0.340110369808559,0.960815953226133,0.229237038937084,0.757582344640427,0.0947629922617147,1,0.965517385404814,0.0678077820367905,0.248421115545243,0.773725142680133,0.0832726728419528,0.548025449480354,0.10868619688918,0.706029297217649,0.116292700468511,0.635267841038352,0.14112969791519,0.472541816022978,0.188359234177149
1.17306464893501,0.127970638274071,1.19407454189933,0.131889872859727,1.02831433272764,0.212506856859296,1.27362059443466,0.438726894745833,1.08005510769617,0.250802589632072,0.730867658956847,0.114923284577882,1,0.943762971996507,0.448266006441679,0.259844721502569,0.710139154668857,0.109774814223989,0.781229743872357,0.103116244076586,0.687553863654352,0.115924712035189,0.796226974513775,0.135066086471126,0.905055293330341,0.17633496016974
1.09266000498271,0.106429893690772,0.926976905612413,0.114058976236985,1.048608041692,0.19012800480869,0.895948324122969,0.324936940486776,0.924721729193077,0.209207556709158,0.674876144844684,0.107196633518045,1,0.954032105756813,-0.0923836100550074,0.226715606230784,0.768989574695574,0.114749776724215,0.780182771156604,0.117325137484363,0.618556100237216,0.108262020300861,0.656129892958338,0.120382961012537,0.627679885140074,0.153687273037422
1.00679098750715,0.0930531085537777,0.928688088201622,0.0911048337032937,0.904343082030243,0.152002100908583,0.421967125063932,0.177244956556447,0.605464671352289,0.132608076586262,0.394305389864507,0.195834748316741,1,0.980128208318051,-0.00645552101057924,0.202396987925451,0.596459814910055,0.0942095938236496,0.804278971440244,0.0920770273722333,0.704197837134645,0.093697133126325,0.72581107172126,0.11887232604709,0.782303524972159,0.145686538289164
0.939252307339483,0.107596664498752,0.945224405788806,0.123295682625588,1.0995500204437,0.208558759118788,0.883630858795326,0.272895915834603,0.916022061200171,0.186447009963561,0.583276926819103,0.180975586975792,1,0.929315114498455,0.0906747653875347,0.244608980829495,0.689998695961308,0.103282961243203,0.724028024259984,0.110435056821013,0.691843593944773,0.118459003366812,0.687294673964034,0.123408368210996,0.613350627633777,0.164544483421516
0.918886434285091,0.0968397552603292,0.838250499359261,0.0897094272405257,1.01292166503442,0.182529463244789,0.226317111059831,0.114065758312212,0.478791713481948,0.132340417960666,0.482413428523763,0.228858586312213,1,0.99999999986581,-0.0662991762084233,0.233279327102283,0.722344359096896,0.0879517605423546,0.608403426269979,0.0984034783539334,0.6470626981469,0.102394788062253,0.567973248817413,0.132727809711236,0.622315954231734,0.152531827094497
0.987304769033231,0.102908861313794,0.828688587623306,0.0903665982654732,0.941368969595214,0.168610381329852,0.209643689524727,0.140395362965053,0.444243248670358,0.163502382224121,0.498813770274236,0.234840709841264,1,0.999999999997878,0.179515695268456,0.219639917970299,0.796390125358943,0.0855947094581053,0.757943436757407,0.0873965988546007,0.568035421328906,0.111564574815143,0.611338060599664,0.175627419722467,0.674238611272013,0.156743667073577
0.857377622977189,0.0947787064281705,0.870580637142704,0.111777488174071,0.698183779200421,0.14373044228103,0.245545544034943,0.167197107542688,0.321513562356663,0.114934506446348,0.727539892592423,0.116948519420746,1,0.77651239306799,-0.211968615498901,0.263043091062193,0.612195489478861,0.11555126726981,0.813167607899765,0.0989602886671442,0.565679882647736,0.125402957507634,0.59847799903869,0.115700568752679,0.316333258833426,0.178457228318186
0.93161789856842,0.101773799904342,0.943707185757041,0.0917343725161954,0.817576431212512,0.142678152489723,0.400949074717921,0.165098924562699,0.5725438966628,0.144970868381979,0.697069595044893,0.11443006993526,1,0.999999999999981,-0.107933737555529,0.235933189063715,0.659891292244063,0.103514309399367,0.688533255328599,0.0898532360787866,0.685376712968597,0.119936091923249,0.578692308187777,0.147733937254277,0.629293405947439,0.141544464718423
1.14383235283394,0.10676878378381,1.08686721879791,0.119279261328784,1.05947257110692,0.191509327130038,0.770621914927158,0.266568205880756,0.808979665994896,0.194412638246737,0.565414309852229,0.232527263489224,1,0.895307183588688,0.0957658349739329,0.2544366045885,0.778669768965125,0.107494119132131,0.82836399205229,0.108149051985648,0.496497793024905,0.124374958740004,0.74614434906753,0.123779140120909,0.6582500764446,0.135291791683475
1.02725452704074,0.106289389126933,1.13658836544287,0.130466071652266,0.916496930123829,0.189769711945203,0.565767111150408,0.218875536272059,0.654073451015909,0.176038549478244,0.687824816290032,0.128452936838808,1,0.908326877564248,0.18910656377034,0.234889047584445,0.70208881283992,0.0863424627800527,0.60814750351771,0.104855423430746,0.770267291438362,0.101707806111507,0.81658446985421,0.116924836390356,0.800526494833517,0.162447716408669
1.10601575247183,0.116242544912773,1.10369513602644,0.117146994898405,1.12799131908014,0.209142138081417,0.647123250464104,0.278838955149998,0.737355161493383,0.198676317115566,0.617994761084549,0.178942575321868,1,0.863038845978186,0.105913702660425,0.257701920962213,0.708483503309599,0.116147146233856,0.611524814212057,0.112304691260425,0.859388061557904,0.095221181388089,0.613153579775607,0.148331719503395,0.739847235281546,0.15157380842533
1.12770266414557,0.12171548721621,0.935179261785207,0.11979582820682,1.1991099556023,0.231859997034678,0.730013262475452,0.247194548164098,0.758968409537482,0.185505910528354,0.663959377838073,0.186661667998547,1,0.811201640393571,0.229509026267129,0.260309555289133,0.75835963493415,0.106544806702631,0.863853230676838,0.102461929369123,0.790736424268618,0.131741556809448,0.78007384814371,0.142395223260807,0.754739100383829,0.193414590334578
0.973437538343254,0.107710665216558,1.07656541968717,0.10141223155385,1.18509830550178,0.209114734049767,0.473629974566133,0.220886209939682,0.713048973949746,0.185942795354448,0.711407515443299,0.119676617323206,1,0.95174933237947,-0.0686740837504444,0.244084068905176,0.781912437908923,0.0877911541445173,0.638301288260485,0.105527575602864,0.908289040375455,0.102468773445866,0.901798022768611,0.129593841506674,0.233236375806321,0.201468851939927
0.978939067782639,0.111982462252058,0.946034554874508,0.13248001600785,1.00169720567604,0.2101666207244,0.711745492360604,0.271002321898532,0.830147016229104,0.204538915181674,0.795204211122197,0.0806892016584708,1,0.983160490239549,0.0167270817604109,0.291652790973852,0.786585036311006,0.0953765257872887,0.744036654340994,0.118118438345696,0.676985782374282,0.132014242804321,0.674657708740852,0.120714663726168,0.414315212886031,0.181240527765625
1.12994188766681,0.109735719731036,1.20775367699141,0.103018346552408,1.02777163235379,0.185916572563656,0.319812387485683,0.156508664327899,0.496860716114109,0.155617785255636,0.637125726847107,0.193035681487619,1,0.866639953730529,0.146368358802471,0.252076498563755,0.647888098363608,0.106054590512504,0.745967676624493,0.0977974121073612,0.827328996305371,0.110449523948506,0.646679949688663,0.137556219166495,0.778215277043649,0.160610109874401
0.83859963604986,0.0972018019224791,0.95537965448869,0.102593924720657,0.94349819922158,0.177135736705485,0.471729948874556,0.172532375801651,0.64604872315135,0.161272534789704,0.618018675057637,0.148080541293613,1,0.968384902547061,-0.187763294737869,0.227325698722159,0.587529329996742,0.0976785576846419,0.756150234165872,0.0985985887230866,0.589171868711974,0.113699431794421,0.679535457437629,0.125254254063111,0.712580656439754,0.165398926836503
1.18680496025765,0.11501421275709,1.12159962880285,0.115834811978687,1.07354101488291,0.217401257608894,0.44422617884799,0.192959760663687,0.572351559506434,0.153076928318485,0.622871020711003,0.225227360943333,1,0.828803307471676,0.397976845170788,0.253035002585059,0.643878632991535,0.100811658559996,0.789824947537512,0.0972404257148862,0.513305938665812,0.131390554920568,0.65544799688016,0.129612491929081,0.867290107011499,0.127177943683452
0.918042840110219,0.112190287261689,0.876086667786726,0.0940521232497056,0.803051818232508,0.169536539634558,0.293683421290618,0.133108691761467,0.422180610256206,0.109617306542419,0.418062923366441,0.217808021677381,1,0.869334235453638,-0.268597693185555,0.229879186958798,0.629555824697011,0.0967422003367885,0.807057434345704,0.0918144697392744,0.55135940930149,0.107464740297771,0.438436526945596,0.136033406346584,0.659859204658437,0.175822350869672
1.09111158161685,0.131276743258325,1.14440093607928,0.141865446343029,1.20372100588882,0.259871105826297,0.39404053252964,0.199358159463826,0.659529841023106,0.198731983576545,-0.0119422971310084,0.255780102196808,1,0.95763736286405,-0.114246067409441,0.235060282484783,0.792212954695601,0.105104220547287,0.788465947709236,0.129741793683282,0.839405147157754,0.120318559662706,0.720619562299709,0.163612271738076,0.864038724749065,0.146210809086035
0.994434710675098,0.0966423997968541,1.09869450471907,0.114127274854974,1.02760022395937,0.189521620310923,0.500969371578673,0.179020026670814,0.66043120069497,0.176247900128499,0.398237082846888,0.255670327045317,1,0.920470554112858,0.149361272836051,0.229477010649544,0.627837710470308,0.0939419019816719,0.712887006053128,0.0944430284711352,0.654406362864868,0.117409487383931,0.685638408235712,0.129620473957766,0.68922397387783,0.149385246503036
0.956789110574676,0.101394015250592,0.997089706579491,0.108609523837335,1.02177295639371,0.183903634387102,0.781442598637026,0.261609321788457,0.825945152492997,0.179830134358514,0.51925895918513,0.235620535261167,1,0.924326630639966,0.0415754352562358,0.22834704272589,0.788794401063001,0.0910599685736157,0.623776543539554,0.113290035718624,0.751916998149628,0.107231969407953,0.620798016542392,0.125747971201457,0.97045423727929,0.164060728228927
1.02943321119452,0.107551388284907,0.904736248856618,0.10071178704673,0.841783364555221,0.157375520621866,0.300341899188523,0.159274786580485,0.502814889834198,0.153204748014025,0.813527483807249,0.0711350854637011,1,0.999999998068127,0.37880213645961,0.281607230557047,0.680226620837366,0.0970245400505473,0.704085338812463,0.112335674070836,0.536015012799269,0.0999218474965034,0.660517296064269,0.118917593127557,0.797149262055202,0.168550038274285
1.06618591402533,0.0993329173322246,1.01664865458644,0.101151141952585,0.711076516864438,0.130998492498378,0.290661299593337,0.136808953409904,0.45416629738591,0.101378177173414,0.780411718361606,0.0740945329703212,1,0.998994574034759,0.249738098514507,0.265497304037161,0.667940806970755,0.100721078653717,0.643512938933816,0.0987730809910916,0.779326696367641,0.105822084811246,0.745751479234755,0.111404540269041,0.434116609381567,0.179839583905197
0.973532846874327,0.0976264948733508,0.850606297305336,0.0964535819251275,0.94819513842385,0.170434147937611,0.282502245439378,0.122993140379216,0.517558939366961,0.13830682319945,0.505120390779216,0.212379273022555,1,0.999999999998533,0.16597889249314,0.227723120550363,0.610079672944799,0.103934239604335,0.661783400370075,0.0987283867099012,0.805277162724505,0.0953232348524723,0.607818612472655,0.140976199879908,0.683590827298842,0.153105512433431
1.07532066128427,0.104740683108695,1.11803093613421,0.115952353463441,1.09367207296442,0.196193791056469,0.662020888093233,0.232236428215865,0.807610434149831,0.169728552391723,0.668355594471112,0.137009279486456,1,0.949123035073694,-0.118853836028697,0.236221536710985,0.73596837493996,0.103987987162273,0.66603144967229,0.107830565333075,0.885354068743127,0.0995104133020567,0.750634691188999,0.115141559475861,0.633002663267325,0.136637670074759
0.983706678232848,0.10527144440714,0.922234406250204,0.109435197581196,1.16277792133161,0.206424536565641,0.677656536193936,0.208356440072637,0.815233247568664,0.184841007331109,0.691443186804988,0.128719354671488,1,0.918393241195856,-0.157763095482884,0.261220382998059,0.732852394779539,0.107308289277889,0.688529753048698,0.0868170739312874,0.552591143303571,0.115082071787753,0.772455629270143,0.135333376625076,0.669069770151481,0.138404871732722
1.08882807149468,0.130644257164185,1.15716164244988,0.147881435226392,1.35657599694095,0.291393117259828,0.477708786065352,0.232005176084622,0.782441720245624,0.232056956486883,0.808517453527513,0.0745816254827289,1,0.97195983925377,-0.237085094136041,0.269956000517056,0.892247520937237,0.108216286879658,0.719132747411974,0.121125257405417,0.815462652141646,0.120491334321178,0.97703316881875,0.138530839252586,0.903888933662248,0.133993057401862
1.09834475335352,0.104549157082198,1.17240232779955,0.123215865699426,1.00449280708029,0.179514668726017,0.949119575879029,0.295523686220354,0.932389044802462,0.203441402833979,0.69285229910074,0.107264051107017,1,0.954911846147385,-0.240732238383006,0.234454914671721,0.784257194455048,0.0956776430902605,0.697769336871463,0.0960442372868953,0.88551222973511,0.101855777215547,0.521536576219461,0.144360352068093,0.849159591479714,0.139604569168081
0.868574884598106,0.105982416714214,0.946095966878422,0.11075181302147,1.00093984441889,0.184437451616503,0.452342555521709,0.18330206050401,0.616140130295595,0.141144088672635,0.484891186383812,0.222393540352909,1,0.915675899338561,-0.197298095782583,0.226070405089383,0.595775595639522,0.101786472907322,0.714881046128994,0.101807169928493,0.597428606781833,0.113748037284186,0.734474282777805,0.117035459450924,0.828594690472396,0.153912074614193
0.833749671985231,0.10159241388729,0.829906910585979,0.10716376567159,0.83089936886891,0.160624795382313,0.42285449737284,0.197156599117498,0.476312951834121,0.139398336745093,0.504602619537402,0.220217077128402,1,0.803568121428934,-0.19021823319039,0.23403706908176,0.644084077507895,0.110004079151714,0.56236070761615,0.108171424792246,0.690497137251575,0.110884936352111,0.695450591886063,0.125145502888056,0.617050376020732,0.165068744297295
0.929180029828255,0.110054516342099,1.02391499502395,0.116073842882014,1.07274095448194,0.206647487338575,0.554228491603735,0.189866638945868,0.652012544454761,0.162478651615813,0.268507108021427,0.304633313723876,1,0.845598291496721,-0.398631398394859,0.208558877383183,0.752567016386734,0.0941672928774687,0.777059811570809,0.0949702016438537,0.595803336197695,0.133547278749536,0.864767535152033,0.133371680744848,0.762423329605843,0.153980339064959
1.08485862535288,0.124351263884231,1.02749434552135,0.126097330308322,1.02835861726733,0.215331289256463,0.998668532370186,0.353861188900152,0.885457279502216,0.221149429223738,0.567094677877201,0.189441913552182,1,0.873744860258208,0.0132427987894336,0.261557893355308,0.737524552983465,0.109714039604001,0.735848536020117,0.108149620878203,0.671872307126841,0.133630245762372,0.673974253683428,0.15220824515947,0.979269462346838,0.155075235972644
1.05264323731225,0.102860010306794,1.18307552519702,0.115522304534504,1.10149687879733,0.204056765476505,0.469294347806982,0.168673298843683,0.718975839674914,0.156904987676481,0.609047956140828,0.146940645322342,1,0.999999998732535,-0.205876224295421,0.247991776703522,0.710475002232672,0.0916698582493324,0.684103964859366,0.0860389089348465,0.826162663801241,0.0966616987861978,0.73427166517349,0.133670753537439,0.779404031795137,0.142996703238503
0.898060624102343,0.0947934483752267,0.847090022811584,0.10353082432055,0.937818394032084,0.170487961742156,0.57425129113898,0.215923272449317,0.733855178918942,0.178875902301865,0.542473472981051,0.205218443833795,1,0.99999999999939,0.00139288823080347,0.213726340543129,0.747098783653146,0.076224600513164,0.706692877877126,0.0947349587480292,0.575419291440945,0.120044688679455,0.742156101697965,0.120618618438997,0.517432666636757,0.142311117786126
1.00320742274362,0.0995963848951311,0.835857856443021,0.105044088313681,0.927741193555319,0.170323305059532,0.569464985673424,0.227387109854242,0.674929860983548,0.167118257311674,0.642392788977191,0.201071172423487,1,0.928563716766422,0.162835781469114,0.234641645767076,0.646765528481597,0.106611372955043,0.668303378844691,0.0937472739982871,0.766407988010448,0.109016814567585,0.814954688511538,0.118741795981055,0.644912159670561,0.173416319152721
0.804015135679433,0.094079495428314,0.864306207089752,0.0942791501301333,0.659714317594841,0.121098208719637,0.506723409034637,0.164541969374546,0.577433915499811,0.121490970553048,0.694897190727643,0.112962649798735,1,0.998708738409113,0.204936119580571,0.252700788228622,0.448674887408981,0.0934709745067804,0.641971850366299,0.0971943861814557,0.695202630285414,0.100474843245122,0.670765711307845,0.105666684404228,0.536552475709705,0.185430709207025
1.03044497247392,0.125480921081323,1.19600542998706,0.1417553306771,1.09924329011961,0.248979036414599,0.861108263046731,0.299896080919762,0.935039742181092,0.237136026025153,0.32907826731269,0.355639307879617,1,0.961068360880189,0.150592821710978,0.235074830060105,0.537606522182212,0.0987624183717999,0.786578174375844,0.119289989786459,0.719402075599954,0.132860994651955,0.924741772743647,0.145501318596169,0.79022671440484,0.191782005910652
1.06488218964318,0.104942092928101,0.895584098713205,0.0994812973386544,0.743059226070909,0.1404262102398,0.27174707324007,0.148021924782508,0.426641282085725,0.123851278900098,0.73254170213958,0.0967202710489392,1,0.949442619022027,0.11422930163527,0.257156517827981,0.726401177826067,0.0910923266858836,0.72126682712189,0.105143280368645,0.614906082192518,0.10478524592986,0.501889231990006,0.127860892936057,0.468461120924332,0.169916910396825
1.20487008601574,0.117814729739244,1.05433668356739,0.109705212899906,1.00168206103658,0.168220367803661,0.734802251513239,0.201281908771458,0.660920281520444,0.144234843526796,0.672589064216791,0.144304937581067,1,0.770369166156264,0.423138835593682,0.270814323504449,0.87322138029262,0.0951020551334951,0.64098874746391,0.113547598400896,0.76829899870411,0.091872422619582,0.402005012801019,0.130597268308966,0.614876032433266,0.126727890864194
0.93420525327095,0.104412468404247,0.901705631742113,0.107675137766401,1.35587332459494,0.253062332918593,0.474501326220757,0.160525343875759,0.802099551618646,0.185170623842172,0.24079781844059,0.233500302198959,1,0.999999999999369,-0.114505300424759,0.204842945578634,0.700685653270217,0.0855381080135396,0.756094412656484,0.101194999414944,0.714806504687644,0.112452182676307,0.773026060058794,0.134652049023022,0.813228412524981,0.153898899853585
1.06566015099068,0.107318050025178,0.921671554237257,0.100801494486015,1.05466131655538,0.198776290052945,0.555431452649305,0.19752992169337,0.756721459995329,0.171875854766655,0.533245493346127,0.168028367796205,1,0.988699483606025,-0.0512252762725231,0.238781321258422,0.786671307647738,0.085217726184029,0.785645799704271,0.0916116649686511,0.709526208619211,0.104649406334195,0.752346845048212,0.130206662399075,0.771452040050125,0.172986685539158
1.19197077242507,0.128987551998691,1.20335541793788,0.140486515981448,1.46311004674754,0.318523580762488,0.777292587188926,0.300137783323299,0.817779011177021,0.242781101578148,0.301085646056229,0.329283910824545,1,0.766840780723065,0.343979922851604,0.252437187221131,0.78120882017047,0.101326708882489,0.793510806370057,0.107537363407039,0.730789935804864,0.152164506689899,1.05020416924645,0.127175011442943,1.01380957664498,0.174058415310613
0.94329109916612,0.0984035468377707,0.97018766890329,0.111288283180949,0.889361439870954,0.169903682273559,0.494123399919787,0.150593886635185,0.64244756353065,0.151933156994629,0.491131082271329,0.246769249396449,1,0.969127300742766,0.243520635051104,0.229030575462168,0.541789852368153,0.0975180690593023,0.86118080815078,0.0995671357316214,0.670465450936863,0.11474937574691,0.488627302191564,0.13098091986929,0.689658870224697,0.166838161174975
0.961280641770382,0.0967465698370543,0.912054162093135,0.107732424357111,0.981521865058385,0.1687160542012,0.707479499470798,0.224906082537427,0.833310620810685,0.158684403812256,0.581758396624132,0.169470773363443,1,0.999999994919935,0.0274260221975411,0.229533360490521,0.738828503016337,0.0924903164262281,0.457283309047691,0.107208959019149,0.528951290742228,0.1052637078585,0.721708043261041,0.124671648002883,0.716214093580227,0.151634511281726
1.23969532126431,0.117893759329116,1.03903447840547,0.115172592700762,1.20012513221304,0.213729584393563,0.419497369955237,0.174164366617729,0.706854494175847,0.156748311008065,0.552161782074487,0.219876182460968,1,0.996212844956972,0.321728634470136,0.231275836004083,0.570405960534038,0.101457028849381,0.672561487008634,0.112209216571038,0.870486640506284,0.0966447395831873,0.816713931574951,0.116855116812296,0.754638458970639,0.153822456441829
1.14037006164845,0.128074752231028,1.21670606897506,0.138741433772571,1.21476936001095,0.262127816650063,0.844990411113771,0.303144300301684,0.876320747435715,0.230258073009586,0.372940007254663,0.34853387065064,1,0.864948578108714,-0.129433120902871,0.239727607471396,0.785788284006978,0.106193624249379,0.621182480514359,0.116577130511851,0.660497190888648,0.140647979936708,0.729608468378227,0.140741351351834,0.774685606664598,0.157900994385259
0.940552652029766,0.110098083668042,1.09696930376578,0.1182148135951,1.07908658666487,0.205267765055881,0.798968153405594,0.242497132630844,0.921897192279048,0.196344918251616,0.735881580106386,0.107328120136086,1,0.992863649721562,-0.0612472456412952,0.229080146463855,0.714160480434573,0.0927335398353789,0.605949975682638,0.103295986724743,0.760350672396407,0.10964505622007,0.592276261512939,0.122137195766348,0.803016226660729,0.131632807327543
1.00396965854216,0.130889890654976,0.905713479530594,0.0978441771086671,1.23502753218879,0.222236084710221,0.517825095073371,0.215855552168376,0.739136462365832,0.176349770211535,0.773549124298727,0.10768541826013,1,0.924261282105319,0.0181150391090364,0.28662471131578,0.875526624716824,0.0961310268646073,0.672750489573453,0.109839860702786,0.765306335898529,0.102033887161082,0.676655812823709,0.11819297747438,0.840565158750086,0.130077038835455
0.85353811896961,0.0988306674207276,1.05866433308162,0.108699200870199,0.99376284744438,0.216205979243565,0.248577311148532,0.16887308381092,0.476374574846849,0.141932028236055,0.339027266668749,0.319771697090106,1,0.958465429390032,-0.347905649178296,0.224266781752759,0.703872584743939,0.0975698855773972,0.741793617431428,0.0998853548586296,0.604482336632787,0.117472530975172,0.791039393141685,0.147937010360613,0.643034248247931,0.183036787540121
0.882485329276785,0.0941141632203594,0.912403867771082,0.106159122538023,0.756710394784628,0.133791272217732,0.282522286331261,0.16505885840482,0.349544420461074,0.124970068392884,0.583035917057938,0.146323186405118,1,0.755981500678286,0.041901571593141,0.231331357234504,0.647061568879824,0.0857960269659183,0.574746152670813,0.0927448913517013,0.534317219982377,0.120905226316559,0.616910525128496,0.153116393806609,0.406595503752854,0.161243918932293
1.11926071963318,0.103705214881906,1.00081385586434,0.10595266189862,0.854192232469363,0.1496972621494,0.734452742246727,0.233574612782612,0.702002074898603,0.16082842777318,0.639135453308524,0.166729791997995,1,0.886295733083627,0.216220780048924,0.255206600016039,0.635679394999742,0.105171331424902,0.787398544507625,0.0863357992923379,0.554561415338103,0.116173498480488,0.763118586809266,0.110682199617543,0.817402294227253,0.143732830793468
0.992966217407966,0.109976999903912,0.988556375665903,0.110111368978236,0.800803547745605,0.149055047920567,0.555532868157792,0.210048857718713,0.561055627646165,0.150289061857798,0.726797695632239,0.0759638681214981,1,0.841178277710794,0.237699419842643,0.249749224806248,0.606759052963851,0.100918128519598,0.707619522356202,0.0950393495317173,0.459505144366081,0.107898993227524,0.790993282361584,0.126785357922174,0.530865003854167,0.15026467688014
0.991653027404679,0.122133363687069,0.99831366793257,0.129070226502132,1.23038373593055,0.261188203865594,0.357066482626692,0.167148490561167,0.662818823527639,0.194544363600251,-0.0256783358249587,0.218682871335353,1,0.999999999946226,0.0905509434616509,0.223536448321033,0.776654048200784,0.108708501974224,0.633252782951069,0.107898919487161,0.590404548259073,0.147005476370825,1.08970244080989,0.126934207794702,0.730242518170464,0.16798615417977
1.01357141862079,0.103907192719242,0.988082204783347,0.101749640869074,0.86373142466413,0.15266687974347,0.166243593238402,0.139797192053417,0.37818767913451,0.110927237325101,0.585101857757698,0.147102275040271,1,0.998034506526243,-0.0550654941486219,0.225168440020837,0.864775681482774,0.0909299455624387,0.527396286426106,0.0984233994610932,0.673837926635216,0.111983166324657,0.705493625289963,0.113375706203327,0.698168699207287,0.13875440897451
1.06104109538741,0.110687039591721,0.836621901732833,0.113019720604064,1.12378054630049,0.21163879799324,0.793886157939115,0.281166483690778,0.870278695103717,0.202930229153217,0.429665289015451,0.217312325451069,1,0.921379365993389,0.222409849345952,0.236346520307274,0.619200105353851,0.100234449693043,0.774965132052203,0.101776308184763,0.605917426194382,0.124610233684181,0.734353507125145,0.146766596204827,0.993718394189913,0.157834220966822
1.03138999805041,0.104773140241652,0.951699797059075,0.125972498652454,1.30123785925854,0.229144568299624,0.751397257226325,0.262867989163486,0.988810678712055,0.230630498080621,0.140739672484879,0.232158568476061,1,0.999999999943277,-0.195499690280564,0.200849413569012,0.672913011733813,0.0844673111252209,0.859569881168918,0.107382907231365,0.616484116087318,0.1175013469912,0.608016072054337,0.142201292972872,0.800451092397944,0.130387208892321
0.993539459367597,0.0961697840639187,0.987938424153797,0.107335874956068,0.94823576703532,0.162069719083231,0.749672562826789,0.254764802032579,0.817612665249897,0.165573033390546,0.49179167074797,0.198078060036884,1,0.969736261878224,0.0495532206261429,0.213500144519805,0.62528931508826,0.0920732160468149,0.686319122934806,0.092845369332846,0.763988764250932,0.11387994924834,0.573822792477539,0.151603630233996,0.68611355090107,0.149486585126251
0.998093416994113,0.0985860622116624,1.01830887417309,0.124969534714763,0.931336064302983,0.167658437258249,0.671386992887019,0.274166926851418,0.702202674590254,0.174070121545173,0.540868246324112,0.222533895395371,1,0.888020123406525,-0.292223169425286,0.236147968351845,0.80525187820136,0.0840996289067774,0.714507515969368,0.114596287613321,0.868776620301315,0.104081017668527,0.642621186139893,0.125888589835201,0.789591368091987,0.139089139330118
0.977913421853056,0.0933313386156257,1.04950512204334,0.108742144970431,0.698814582337423,0.135713504439237,0.550405151865358,0.188910340226793,0.581107832288681,0.135665519335971,0.818194012638769,0.0563056178704272,1,0.936989025785907,0.0277550988599647,0.259648307501019,0.658618149415659,0.107533961223611,0.681810876810307,0.0880538241744394,0.577464783373726,0.105745135705413,0.725743120687089,0.126484332521574,0.586827118786728,0.161779321330459
1.19748168904233,0.114215898839437,1.09910435382193,0.103555350543045,0.835494082195601,0.164484081704719,0.237518556332096,0.139172083014821,0.395634476231025,0.127439873964748,0.516968742486732,0.220607021538059,1,0.8881241266157,0.0128459258893559,0.2031307697731,0.612170840261263,0.113133957625327,0.776035269922169,0.100791849929656,0.775848666436645,0.120062723037763,0.666045674829575,0.125170402782405,0.510494897122734,0.137847488165974
0.923772331425591,0.102913253421408,0.98342370336575,0.123627878609629,1.13340064197321,0.214322879080699,0.769279702567637,0.271990696192046,0.933756985729421,0.225024462480555,0.270075950063267,0.258754163167648,1,0.999999999800078,-0.125887627039611,0.228830291069851,0.716318337178144,0.0936033402633715,0.631579772714729,0.105671193534755,0.836502351013603,0.11328434551422,0.824151552412867,0.116857953922782,0.883199577501628,0.17209803450719
1.10352615939266,0.104574490847142,0.953858804414575,0.106237246027237,1.11479623922623,0.198162913658091,0.594648247327362,0.257292017413779,0.803988889766836,0.181398821406175,0.563792675094578,0.237773867329349,1,0.987466175402204,0.0502107812661251,0.248509337621791,0.726425886014434,0.0961811210915219,0.53864662018523,0.0986480142254127,0.808933870845295,0.0913329295218147,0.567462077864613,0.13951750144941,0.623493490194254,0.149145986893421
0.903109746962195,0.115757952910017,0.975956845484471,0.113879906252878,1.29819373437595,0.260144672671488,0.412217559337678,0.16482440676786,0.731531443427735,0.180546284728202,0.43821478012199,0.315039320795314,1,0.999999999992099,-0.534985452706606,0.237335117423527,0.75175611052916,0.0943026293400921,0.794893424169171,0.0986334019781832,0.727178358793653,0.113067366836105,0.829585345877243,0.141864283665489,0.581960566858006,0.173667581119347
1.00465241336995,0.0929206538406014,1.0254506261427,0.0967926122666624,0.852787164085142,0.152616459771241,0.306953088113556,0.144262288299617,0.511630387448545,0.14011275876264,0.483092258903482,0.185435881232995,1,0.9999999996967,0.193796062961773,0.210608086338075,0.675807360301082,0.0879026726630228,0.627714595694122,0.101927160479962,0.648545502997772,0.106349895004701,0.730314455667807,0.129956749979706,0.616413392406963,0.150924380475296
0.969556783082734,0.105196500435567,1.07184681971806,0.102338727371177,0.998781316800673,0.198128255888577,0.517554359718696,0.213010266526228,0.715923597874947,0.161350524389346,0.454852664423988,0.261242403755897,1,0.995757272723482,0.0163414932148555,0.237550493570286,0.652371084403484,0.0998594524481006,0.618495001596977,0.095729779562911,0.852196872712823,0.104998148600498,0.595199753429638,0.145266866440441,0.899196637058622,0.126728697277808
1.06989442943502,0.104640246956969,1.20719918615567,0.118933952783484,1.06013940399342,0.187417281383787,0.627961327633873,0.238962894118043,0.676548017440393,0.174107409014914,0.601404884734431,0.182447471794907,1,0.829183569327472,-0.172616348230983,0.25832943984619,0.781065116713933,0.099869879527013,0.825663822210007,0.0838743040537348,0.673718487707363,0.131270771047896,0.693181086723486,0.144375390979609,0.854793625535915,0.154954090279601
0.940797610578033,0.0920792564670796,1.02457838879021,0.103684535460559,0.859418319754208,0.152888487961765,0.46983549231395,0.166941601693895,0.627337040536944,0.141146867817575,0.395420862440688,0.223042919952861,1,0.987246759046855,0.0177028179707834,0.223107405428794,0.607541738332468,0.0933440066521238,0.604766945951174,0.104092843909545,0.567274131830056,0.109767003986585,0.732912080572423,0.113486347111027,0.633616520217926,0.147636397678299
1.13684853673532,0.108920940983475,1.14587803486902,0.11052996438408,0.894897486324298,0.166753370963223,0.654514166694961,0.222642860513053,0.765325474904387,0.172338151490112,0.570306317684572,0.2068906536912,1,0.999999999998858,0.0253995986452263,0.2238082681453,0.715859108121837,0.102407398988159,0.704932544275725,0.107348008061252,0.633387622754207,0.121952909511911,0.656775468421282,0.117784996092882,0.656490283020929,0.159469616793976
1.03723591566477,0.0991331090944394,1.04140120197764,0.0978388796170299,0.730311881869866,0.128058496760288,0.258434141888202,0.128457638837587,0.434439322001867,0.122158304793608,0.597453989270578,0.15412616577032,1,0.99999999999906,-0.0839516159977832,0.224619608814915,0.712109673731515,0.0874972809051492,0.625216705760484,0.103624924174106,0.537920544981162,0.0924385330812737,0.660267899202186,0.115158855862982,0.682860621141916,0.161479586607902
1.10350206264934,0.11921272213599,1.14179311086945,0.130104540912167,0.971438659428957,0.184753012001124,0.797468896092845,0.253751641315797,0.765562007346041,0.155179613495499,0.705099229690856,0.148241516970015,1,0.869792792518943,0.0126382611518048,0.270672989053904,0.745917509286214,0.108221881124521,0.754544693866068,0.102362660421975,0.707166337305692,0.115371613867325,0.655218379963024,0.154798938590345,1.00931443764469,0.142989656413487
0.838556982493215,0.0957423987026628,0.985653073764037,0.100044690613083,0.898956554096924,0.156486384356309,0.680712202549656,0.210854902473369,0.782259992543449,0.169519493645982,0.646471714985668,0.114482218982335,1,0.999999999998619,-0.524322084093882,0.248732181282841,0.639468807676929,0.105002062514196,0.610996159218101,0.0849628911332281,0.549030108465956,0.123153739614065,0.664605408604348,0.117746699137116,0.762443199767047,0.148035523589986
0.934256318415148,0.104948841288587,0.969749836697284,0.12210710341115,0.98882743649757,0.177451053080189,0.610270322991859,0.221052659157155,0.776821755008398,0.186059198868004,0.717660714576701,0.113991744567992,1,0.999999999999788,0.0542846008288571,0.255192080293645,0.611302191081516,0.109612306408303,0.719485059449082,0.0889335141279111,0.635841110109814,0.120743904387091,0.716210172084125,0.136695143908588,0.45310538927473,0.145387058754323
1.01297286812101,0.116817087518835,1.19002468651742,0.131583489905168,1.40202541519034,0.264513518075576,0.959133028647104,0.305031203762211,0.965288731549575,0.244596177318891,0.432405897926923,0.24266280829613,1,0.832414947103026,-0.24867786052411,0.210583343725526,0.692743741941945,0.0874847860962714,0.679570882396799,0.103810701762389,0.849697375241793,0.121111990591252,0.962662436318886,0.124088545586967,1.01233770341943,0.158508697570976
1.02665976726383,0.0982732266305456,1.12489202238681,0.119051438485151,0.884275774080488,0.155108110228511,0.753552764832552,0.224508875255911,0.816301693267022,0.166957310774832,0.741587565841995,0.0904791026955468,1,0.999999999998357,-0.24721322650336,0.247512980647401,0.750700409078085,0.0988535632131742,0.718022749761478,0.0980818666715388,0.778477703547581,0.0936199923595893,0.642660782893136,0.128766445768788,0.412108639555074,0.168140027384321
1.04958481007729,0.109871705311298,1.17484486309322,0.127707844601843,0.92411429988897,0.188681555263779,0.724651232324432,0.26168765857182,0.630352723526618,0.174050170051816,0.678035425675782,0.139066439268531,1,0.770293566666942,0.0964571412971475,0.246069204686753,0.6796683663375,0.0990286247445276,0.597547730470418,0.107501416056506,0.744532487176801,0.10604680699259,0.790357154082432,0.132493913795282,0.602805960580043,0.171620193214199
1.12912631612316,0.116582926369825,1.23052898770052,0.137970493373233,1.25137079961525,0.241962942268016,0.927431028768693,0.332229360224857,0.797695104260792,0.217519253692388,0.788194777238142,0.0676412009547938,1,0.740462565481894,0.0635378172870764,0.268014252798335,0.788609291200121,0.0964648290883806,0.896116183065922,0.1051755325332,0.869234675458889,0.114466301077476,0.654482708918312,0.140679813343655,0.703643755125703,0.184689387176736
0.882470778749616,0.102918885341055,1.01186804124826,0.115537500426409,1.00612329924888,0.191734398678875,0.47487345681382,0.192259280848012,0.600180528569931,0.168592299863278,0.737165407837978,0.101015708667087,1,0.868295101413662,-0.383370230470831,0.243101323007908,0.798530234910381,0.0979615150541727,0.727995292599451,0.0912485335747179,0.640552308233715,0.152403187918234,0.653170489661093,0.133965802969594,0.89577753173117,0.180511139603713
0.819301331125364,0.0995092636816813,0.953621186179661,0.115044578188006,0.768843205745221,0.145148942338831,0.609417302771013,0.237676454014611,0.542312838977731,0.133826430453721,0.622738243148554,0.155041167096974,1,0.79227071909668,0.0908456816920973,0.23501974846987,0.541482820091106,0.0988970681362465,0.579729963394314,0.101778630742769,0.653687491199648,0.113675634882125,0.709563205877851,0.146432185155319,0.814274937537113,0.165674534135819
1.07846808574957,0.123410317654788,1.02403352366524,0.122843354550838,1.05791865882333,0.204309783403759,0.722531254832924,0.228608390317338,0.666940105669427,0.181484785540425,0.718672680967928,0.119700725045885,1,0.762838101021067,-0.204591342967531,0.295763990318414,0.747997077832309,0.101691080097992,0.833211015249399,0.107103691033985,0.764387641409449,0.121723361114173,0.57864729685193,0.12387208726231,0.613324567645532,0.163603825455501
0.942782222406995,0.0956311079906773,0.953867188739697,0.100982900389737,0.989566845935096,0.167682610521669,0.547759928623199,0.189547730766227,0.685980161185562,0.154125647465867,0.659716272215218,0.153885587515163,1,0.931738108252878,0.134509267470159,0.236770843976567,0.659528004508454,0.095215095595389,0.689566776665935,0.104606995895539,0.721203647720397,0.101262325732972,0.752664781401165,0.123389124073103,0.76594688288872,0.133402387176273
1.08725939268761,0.114422657816704,1.16523421699229,0.145272342264284,1.27255295702757,0.229812789685423,1.42664648153433,0.489211655692155,1.18589601646911,0.289937058071024,0.383675496741735,0.24595436116827,1,0.880137434769175,-0.327315057994329,0.247991259236196,0.741724149455933,0.105998558886893,0.871520740156767,0.114894358429972,0.925072673422284,0.113111213585106,0.733990449062181,0.122653783533197,1.02253080725822,0.158024254726626
0.978633812080371,0.106221180844539,1.09539191843741,0.105522330972419,0.962823037713026,0.169082875628192,0.361080533733637,0.177611836689625,0.577257292438948,0.148752773402499,0.660290662809717,0.134668077542586,1,0.979025837772028,-0.339483006958065,0.262068407666848,0.739873862150627,0.0924670570709576,0.754067003384429,0.102627931796828,0.498982614794738,0.1202190652883,0.597995288880253,0.130459369675825,0.781080293975331,0.135113580571292
1.04099332091744,0.104143965194572,0.960592455995577,0.111502744349187,1.04230744592,0.188620680232772,0.505781001273044,0.233540817177554,0.683337244581405,0.176759486092195,0.637998517561936,0.116449643131775,1,0.941143649434367,-0.146353194169371,0.239840705484798,0.738091241694021,0.0885719712965962,0.700778315481043,0.0951976226254379,0.551068384575513,0.125784264488242,0.692957339796022,0.143894246246423,0.648674194762688,0.132311039083073
0.968228943703489,0.102634266110843,1.03151668798933,0.0992813979151536,0.937650582317057,0.163524938291764,0.514048746507627,0.16822155022828,0.674800330085546,0.138291187726329,0.506999717594814,0.213162694179195,1,0.971969462233045,-0.0609108539074122,0.227038224521407,0.664785122835017,0.0977487825479939,0.781722457453653,0.0890986655517776,0.605797301219182,0.120179447754839,0.776691225120688,0.141311709112043,0.815349008353909,0.116108480358769
1.12567316730872,0.109574710172685,1.04484093501863,0.111569767604937,0.925494081413911,0.185049347075243,0.56945697818937,0.216203997368915,0.719145684779955,0.153312781243532,0.456067605038787,0.272374110187806,1,0.99060290292994,0.447210045082238,0.219198437108521,0.671242158442131,0.0931501944522314,0.596722115397941,0.111874460306883,0.707513569920535,0.105048891368791,0.713375061833638,0.154153819288965,0.581652755682143,0.154304782420166
1.01854974146764,0.109164269083391,0.911127585807935,0.112613001064341,1.10297502853987,0.210477706529666,0.364477098997774,0.148836533170438,0.634041906082418,0.168072506310074,0.555241207081926,0.207367103361014,1,0.999999999999285,0.0651385169932858,0.239814224735178,0.721925335719997,0.0878468511650675,0.662233063589525,0.103374267254799,0.796401649535059,0.0977771958110712,0.596616137540409,0.132188564261374,0.810668932591881,0.157856786504508
1.05690592180133,0.105861005768682,0.988673743046625,0.102747321640802,0.88097169412105,0.1639996332824,0.483953260226049,0.185319160009415,0.652954151174061,0.165870812295387,0.711046206414927,0.109142296169861,1,0.999999999998464,0.253916207699564,0.249131848169388,0.618754200736597,0.108787440718394,0.511494961319512,0.101992450008339,0.571491461317793,0.110522240224329,0.8046205239378,0.129218367910466,0.624637685672321,0.152405057008004
1.07108833900346,0.109988092538193,1.1725686595506,0.106378475837739,1.0522218831352,0.182581122126518,0.249320583053781,0.141766236288485,0.512191930223784,0.164548652887645,0.778810287950641,0.087151491725767,1,0.999999999964072,0.187622182856746,0.25797429357648,0.80044893436331,0.0957518167187339,0.59966318836525,0.109546374028068,0.737239988252376,0.100539692566234,0.756930440016088,0.128756197425001,0.732939480834133,0.150024246732097
1.14315838796374,0.107313784566586,1.18726602080185,0.12538195910749,1.05932346229001,0.212926800065385,0.586285532809829,0.228787275680737,0.631460066306065,0.186313978648125,0.721059580103651,0.0987042543373665,1,0.80126653800677,0.171184724221451,0.258993618134011,0.719134193270472,0.0966607339917738,0.872991235820544,0.0998681949190138,0.523516421226137,0.130036098473785,0.743908460246631,0.140784792425191,0.700631408353116,0.163478529198312
0.952482917095218,0.102142118251569,0.948064266526581,0.104696719957535,0.958370606051423,0.178653119768144,0.516907536805005,0.218392810218183,0.6251972025197,0.160986478366098,0.590501309578206,0.16329641306292,1,0.888267661343573,-0.257122432935653,0.239499235987866,0.670732352628263,0.0964145890475237,0.557099013320968,0.10562505450337,0.764465151197892,0.107079678498005,0.610024659374728,0.125595987730762,0.474132870438303,0.145669697337928
1.05395549573128,0.105971008177579,0.998249424315595,0.106486786107423,0.920850743889233,0.178558190287451,0.508165644606234,0.178249646763846,0.631140245847647,0.146733714623668,0.667232480484167,0.178821866823429,1,0.922632190018311,0.469652855483228,0.278378473592156,0.495649359814529,0.130497889468764,0.712648091775847,0.104799766197569,0.658830828291395,0.082279272736483,0.866132448020448,0.128793458220725,0.758864563532587,0.151441180282704
1.0078236561056,0.115624332157787,1.01866622887861,0.115421079366619,1.09876269589466,0.20698279351353,0.489494496668323,0.209750648836725,0.592349497100841,0.168342984505587,0.572605477069672,0.241640833793646,1,0.807703870894255,-0.0189545738632937,0.259365934892334,0.72655832677021,0.0899326584081187,0.783470725772793,0.0890793626426272,0.716841279194245,0.116738418024574,0.537353677609638,0.173413316685641,0.947813228119689,0.126157832317278
0.919826993248027,0.111862935703945,1.02012959831024,0.125330754833316,1.13791970315435,0.239853283296799,0.728769347723303,0.245401749564706,0.854429209878206,0.199097283680328,0.653132358968932,0.170272712244685,1,0.938264380329192,-0.161061788552868,0.273285387628747,0.672763994812487,0.101868163048349,0.799928992984069,0.100571027956242,0.7133286712528,0.121809174443395,0.903928130036537,0.117514888193807,0.615063166055197,0.16654903541123
0.980828122229214,0.114440105845464,1.10455403110577,0.122420648309231,1.14402180642768,0.214147635417305,0.756793510515147,0.216555084903756,0.722553024847884,0.159419313698866,0.72980347042594,0.110612653595178,1,0.776540073418726,0.176033235892016,0.2686019866458,0.720529581422218,0.0992609738400727,0.726395525821244,0.116898592280072,0.84791772067656,0.0985222493957109,0.807000803272635,0.131817832291883,0.791844561142975,0.171559177348036
1.06805490507978,0.104503699971423,1.12967499250441,0.112978453977873,0.997182383299058,0.181960576857906,0.674824474296782,0.244794973708958,0.625145762211287,0.158814078302035,0.562245234108576,0.181803334574073,1,0.762076518719868,0.0673813793201943,0.223579582062587,0.763650052209406,0.0926367039502288,0.841504277822891,0.0852852777708083,0.680547208966532,0.123635830658844,0.880824424832938,0.110194682147674,0.722210785444875,0.154121479427794
1.1541737451887,0.127368492344297,1.05556583713383,0.11187580680417,1.37998027213418,0.278180004189517,0.593596176374641,0.226231123233749,0.905069617665535,0.24755780626028,0.513889702896419,0.29422560806305,1,0.999999999883998,0.234094035174482,0.263466236884128,0.819086154234331,0.0961787753192982,0.771284142486249,0.109756714957817,0.836628467512139,0.121970012759318,0.80488327713636,0.125626430908048,0.697432467863861,0.159618328715254
0.922765299107972,0.101334907321942,1.04015885185512,0.0959118066160299,0.968943834791194,0.175886178672798,0.293377980216323,0.118768356119013,0.533166751728059,0.138463592573685,0.676271372802745,0.118104949570136,1,0.999999999919355,-0.470398905147864,0.249459688534736,0.641852677953282,0.0871371906297617,0.645214588572659,0.0980295668102439,0.678176731968591,0.0959819536994145,0.806797412672384,0.120657488711493,0.738553674019844,0.16887109687101
1.01176533243219,0.109134275524908,1.01741331225991,0.130365544078716,1.00904161408442,0.203776908902532,0.789049331911174,0.303513268668642,0.693283104019278,0.202628451833132,0.686169831566767,0.114390615802555,1,0.776969550700011,-0.0766909784747761,0.231948532691125,0.735657769208826,0.105880260172365,0.687242615495413,0.111791496878833,0.665566166369596,0.109857049365597,0.773360170229737,0.137175247415743,0.618075708194872,0.153785908184031
0.977819746150197,0.104044959532672,0.997954391288333,0.116959397096596,0.99814863993601,0.176665379945579,0.755520106979737,0.277575971257002,0.812368323237729,0.184225219263257,0.751859938215887,0.0808288342412197,1,0.935475369888009,0.145670140747703,0.249211599678226,0.651628922978767,0.0883058445341546,0.631818027897249,0.0981049965979602,0.875254272256936,0.113148569746845,0.868070468236994,0.115646754614964,0.686285364905795,0.188371213381451
0.856338660339264,0.0994369184232396,1.06189820735399,0.105964103968675,1.06908324286221,0.18390773815223,0.601399982963681,0.211915020738069,0.709386545176547,0.173505494032148,0.592891448423745,0.173111711668649,1,0.884698885400211,-0.193638995762416,0.228326121879742,0.614749832841139,0.0883647630936116,0.725116866265496,0.0884240141556678,0.753223630181639,0.110825243742706,0.632198490597756,0.130675063960463,0.895897839698646,0.154804212595287
1.1022398685605,0.141368222046012,1.11185512375253,0.130623266779726,1.30258971711147,0.307358805641743,0.666246712384908,0.262671148934876,0.835950843483615,0.222441674028571,0.272374288675708,0.323099239866134,1,0.89734485707206,-0.160746189631877,0.285975267671632,0.857929357177252,0.102679257351732,0.719808264942651,0.126216213177721,0.821632255354013,0.129231203468193,0.703257356344686,0.140318089910046,0.601386464298976,0.166995083705372
1.02758138541132,0.102576715949602,1.11427919984527,0.0972745789842616,1.03229780640626,0.190571987337678,0.351944206837245,0.122169976226025,0.602753044177094,0.13551841195513,0.539837329261869,0.17315865194606,1,0.999999999407222,-0.43629642516398,0.209090161104519,0.912180973799794,0.0836135227849354,0.598340719215822,0.102537969217542,0.741196731070984,0.108448585932444,0.638043941330334,0.124269680562625,0.890195425024891,0.128484368769763
1.01813373904464,0.0963735342147849,1.04192271407887,0.103082379530087,0.864770861885917,0.151252258430793,0.331044964530411,0.15677543250688,0.482817054179431,0.124217644231007,0.384469037684372,0.231429835300515,1,0.902378179198402,0.316195347108911,0.215084276061128,0.577179910079098,0.0932757419697468,0.494026659333469,0.110852029184033,0.71257899083005,0.103364772609061,0.602164240943347,0.122704232684828,0.649003193448803,0.154179522312316
0.934702093207088,0.103240281940789,0.965701282901318,0.117385564492403,1.10473267975396,0.208591661153359,0.793769186783582,0.257683127373526,0.856715324055284,0.188582512101511,0.508214624094303,0.258243056400625,1,0.914873012071858,-0.371585903932844,0.273741050055862,0.7903486213023,0.104661421144704,0.667184851328121,0.104957892955092,0.602852282615306,0.0997202801981916,0.653374593480436,0.127529409855963,0.648084678969224,0.210399310474076
1.09587480025117,0.125870056871877,1.07060611845182,0.132634321949,1.41345444040334,0.291300788691021,0.706065384766182,0.288223523775155,0.911777117726568,0.228463422915589,0.0651745049599167,0.284482507097985,1,0.912694264326817,-0.120909431560523,0.243301773290117,0.87881423319343,0.101532739916619,0.726335255314334,0.114061088474881,0.851024618192944,0.137669110085922,0.94836172824046,0.134230551065858,0.836498987199946,0.148442350753494
0.888734305528561,0.100183489824501,0.938743145222537,0.106216036946443,0.968997463689311,0.183390024630876,0.276490279050413,0.158155634977929,0.398685324695459,0.11970875530966,0.489734700166515,0.288620398160656,1,0.770245192506509,-0.288559395758367,0.244589317813929,0.521997760176656,0.106173870139108,0.6695223803325,0.10728631299041,0.769086135763813,0.105065801112352,0.855277009446154,0.118632780134068,0.612995787762954,0.153954685274716
1.08889216334025,0.107409339716483,1.25376975370583,0.114574101850307,0.742001764312341,0.146571501523115,0.347106783434956,0.138268817187921,0.507497631239208,0.128604218449254,0.727001743742518,0.122971538206677,1,0.999999999999782,-0.147098192027578,0.264566827180956,0.775374796752654,0.107171253731115,0.652210270133664,0.0938912242274169,0.691111463120513,0.103304819040173,0.560452249906742,0.115380036180855,0.717895451196185,0.147335585761123
0.83920765188459,0.118310618650569,0.771658330210975,0.108525418255781,1.08042937382916,0.226282614848854,0.467456213640412,0.212482372577456,0.62259626309899,0.185992106763929,0.378076460984039,0.328163663400621,1,0.876068065541163,-0.276750967983543,0.227228486884599,0.645591084569638,0.102626408124801,0.684186363614803,0.106808024329892,0.600983156629954,0.128123587623003,0.548621504173081,0.150984101664968,0.548185530851334,0.191473859575941
1.16926757298899,0.130765401422499,1.0758644507323,0.126440639810823,1.11380890532819,0.217234383989969,1.13570230219231,0.310493607161004,1.04440636902178,0.214972757540226,0.621145176019988,0.214703941771213,1,0.928606919648835,0.219802233282236,0.285566164805155,0.661252261259059,0.118200380140664,0.723489301950261,0.105882422766545,0.742405416951024,0.115370273160706,0.975661563467291,0.130005149732035,0.912634457377351,0.165252884407889
0.852766663320727,0.0882662224392752,0.969998666116507,0.0875369703169897,0.815275549207132,0.144606980595427,0.310985262570714,0.129295472483249,0.503526246323485,0.127428487619746,0.691604623820203,0.103697964051435,1,0.999999999997941,-0.313448023965256,0.232376988006606,0.645824163456243,0.0799439968467719,0.753719154664631,0.0868112230059608,0.772125023640966,0.0928172577081313,0.55613238499779,0.117851101463786,0.47458793383378,0.182151849679756
0.977494161699898,0.101073432440024,1.06745454924918,0.112165041640964,0.881549588835095,0.179619970175208,0.758928746770032,0.256090755993801,0.794228825766597,0.179298954175016,0.782634103478795,0.0789968171786339,1,0.97100567921444,-0.246836916562625,0.255496482563372,0.740360868515955,0.080810513877803,0.759813213604835,0.0965770020158671,0.737817550258779,0.111361503034169,0.757785228600374,0.129005749941916,0.819328671369846,0.158838486080878
1.01117363617718,0.117693100665667,1.00987027448207,0.122630854221102,1.035831983396,0.209845561890051,0.614891746624564,0.277121816312045,0.570734525514742,0.164485100255867,0.437175911921346,0.291770316324066,1,0.715138493012383,0.0572045543068058,0.251426242006641,0.735925565971712,0.111840193572152,0.695355700947536,0.101606334010325,0.806439507383881,0.124758647456408,0.596227464988445,0.16541429687811,0.710076148868341,0.173552648119002
0.984928978698059,0.092933799436571,0.967165440321464,0.114599551625679,0.95773464565678,0.164022684562683,0.43271232188359,0.196591756114188,0.486366533690241,0.138491459605409,0.442454284377161,0.139572737704234,1,0.755512151406778,-0.1594436799474,0.237795090142982,0.659435985510309,0.089897442292562,0.73123741716681,0.0861251389646003,0.54217270541706,0.10800851245802,0.587695924321908,0.118757849703648,0.647666138301268,0.153275315457059
0.957871178868465,0.102523520501095,0.921298369040686,0.111442531454644,0.88077510862452,0.157127251047638,0.704525181524953,0.220072824312834,0.723235238057227,0.162935411408313,0.483205507822807,0.205770131387282,1,0.918118633145628,0.373165912809948,0.209780193601217,0.465517753584194,0.0997239474027933,0.749309022157292,0.082392218870211,0.6258280386051,0.113180673199163,0.659186354392504,0.135258431550657,0.778523365070391,0.178688376948281
1.06261611847836,0.105985751808482,1.01735540020705,0.120123301042151,0.946367202510568,0.205262881918728,0.573454032179552,0.230637203015886,0.627319155742679,0.163768130002129,0.619765968288725,0.184413571886718,1,0.851548529800379,-0.0246344465454613,0.230312770938114,0.81135803626179,0.0932149602561329,0.721607798024546,0.109893657612629,0.707098397101406,0.118155011326138,0.578638827945142,0.151325981704296,0.690726493762845,0.140643815485981
0.987909814655301,0.111559363987747,0.997886418366983,0.122581078772698,1.33560110344625,0.26108811152395,0.810700308902052,0.355105316019365,0.932872407137609,0.266173303652304,0.758240163608575,0.105511548488525,1,0.896507018112577,-0.126448657692824,0.270034839745734,0.903830970435397,0.0986589832623463,0.727236400516577,0.119080925966131,0.835988247384396,0.0959493328940163,0.820307517407516,0.153743226288592,0.999003121495814,0.164799292328757
1.04071728781706,0.11493381573173,1.09045781187274,0.117499182554188,1.19954551995206,0.217818999195721,0.536363675284975,0.197484223155359,0.618595925704126,0.180907098395231,0.505776652612091,0.268334426241225,1,0.771203531668254,-0.128934209523489,0.243646438369248,0.695414669550177,0.105597688979529,0.571514691893445,0.110164326658883,0.95409099684944,0.0970041337682327,0.818194741504101,0.128350975289223,0.559155756552863,0.153530045080943
0.940321131957488,0.107396855575381,0.833338501084294,0.094334657704329,0.71641364273146,0.125636885085774,0.461186644002748,0.185469850756227,0.574804665587664,0.145230452938784,0.799849571753605,0.0617951541749637,1,0.99999999995799,0.20176245658148,0.265948498753733,0.624576732825069,0.110092984205575,0.815241255002041,0.101419464816201,0.520694844159848,0.110578327662294,0.622822957398768,0.128132677774423,0.362441139172776,0.187397390218231
0.979788939161814,0.1025310799552,0.922138077437939,0.120506232529995,0.89554840648877,0.178585176933814,0.613837010745878,0.221474468960969,0.497105243764724,0.154353289604214,0.432709680001266,0.300482546667469,1,0.670466798545291,0.130059483847165,0.267138146719229,0.618135129165683,0.108536330292908,0.781163779933674,0.0985966329127558,0.694980653796064,0.11211879152931,0.642485398702948,0.127309039795093,0.851696185418169,0.152680460135215
0.861148275922944,0.104279355261955,1.01490354366186,0.121190371385097,0.960397090828299,0.186049569383235,0.688054462183303,0.201654416828568,0.614338333495579,0.156198963477468,0.57031529767595,0.212387357737335,1,0.755737181360804,-0.365349461119113,0.239635003053027,0.848968874548927,0.093636454319895,0.662553474135887,0.116526664897869,0.629834016618075,0.132031497358151,0.866683695634708,0.119728805363571,0.638680130407233,0.147722839913068
1.22502597816396,0.130745127947307,1.16107151966169,0.148499969700453,1.20351863618113,0.273973472796284,1.09156230499315,0.4525148586633,0.887911224897307,0.242892870457574,0.76241964605511,0.102462228816288,1,0.774673806407039,0.207822250572771,0.288014999158871,0.836290989238413,0.099527273781304,0.95498166722945,0.0847419680941639,0.91798243205248,0.146278458469965,0.582258912264915,0.144852338618011,0.598133941956108,0.162443735182883
0.986671982819444,0.0923902219371267,0.852520340272719,0.0884362053350103,0.663242160817361,0.128293327795882,0.261682475515402,0.0967395295749301,0.416603949148365,0.0989140964663083,0.477951096970612,0.21360351937834,1,0.999999999818914,0.119725087989712,0.224320399637873,0.644472022665162,0.0987595981181646,0.684574025636994,0.095976616889777,0.468403079933185,0.109225651346086,0.5752974600826,0.129492120981673,0.471164940140365,0.183075446626587
1.12804451248666,0.1133768479411,1.04332710310363,0.125208008406569,1.03673940187335,0.207608082527646,0.957154250133358,0.310068692322682,0.803790722945004,0.194624106637956,0.432694584258096,0.176405213033664,1,0.806895365647341,0.188134996324197,0.210253652250346,0.581399415918689,0.10255692927379,0.857403139775176,0.0848458367968911,0.728476564009925,0.134946612590417,0.783456756745308,0.134993382715174,0.7869924950725,0.157386409606308
1.07787479095387,0.119391359068261,0.886640492943619,0.120181669471393,1.29433521685193,0.265444097719015,0.676400697880355,0.29243132035723,0.666897313386794,0.209918785137845,0.545453956877408,0.262481887382819,1,0.712743984263007,0.227062332109894,0.243320386819524,0.690975442627306,0.10425907647912,0.927614624699818,0.109177271813463,0.782922459719931,0.140096642258906,0.724079547379428,0.176937797149859,0.800417725400055,0.153933780949757
0.912927466867215,0.0978621710014827,0.902354612062396,0.0984350756574833,0.857561078459126,0.160828140118862,0.371829520589714,0.154028846580299,0.564682676085841,0.142853688789431,0.755371734378412,0.0925704836543351,1,0.999999999986847,0.149475221318854,0.252267287895287,0.630858407745361,0.111980617083415,0.623760799986229,0.0958692960617059,0.718684408459576,0.102228506332888,0.649847430960207,0.13994249177516,0.721378736274756,0.170827035953509
0.955896380715861,0.112804269661766,0.942011409606901,0.113581056930558,0.982189973255905,0.206806069377767,0.547004186441957,0.219940130118908,0.530487324418991,0.162542899211533,0.509745734179663,0.257976107872893,1,0.723738936653262,-0.131122135831485,0.225678920497868,0.696421402071915,0.0902132693537825,0.803973779423427,0.0949093378744347,0.850012271007491,0.113429520288644,0.737613148565121,0.141622075790011,0.854092591702558,0.184619553589787
1.0154554911221,0.102787679137118,0.935327192431485,0.105127708184646,0.938679090028692,0.164800860333954,0.631632366342189,0.216739856593328,0.770000061602165,0.173996344211772,0.573237528966046,0.164882574319542,1,0.999999999997118,0.362435485708209,0.244272793714067,0.636132660982515,0.0782901900862422,0.688065506096498,0.101414176285244,0.707151481214199,0.112855278262486,0.507354866993545,0.155117712802955,0.671951384426532,0.133106701871835
1.10656128274617,0.120096106695963,1.00596191903015,0.130016844087482,1.03239482275352,0.227069760474419,0.662394935785358,0.237521509035284,0.565147155810251,0.160912978418474,0.488195117590159,0.249431426264756,1,0.68340812148494,0.544041420284036,0.219306685448685,0.593161142256696,0.114696584274793,0.782555035640068,0.105227807050956,0.837803822978744,0.129444394282673,0.947222334635401,0.156574069119854,0.970999888846099,0.160585855228082
1.19320432872615,0.108532042239619,1.0429329156435,0.0982101006882477,1.0513923587941,0.190058869920347,0.589860646292147,0.187103612951183,0.78751188960225,0.167964436949303,0.53152867644306,0.193663261544928,1,0.999999999999997,0.19394742333724,0.224804068247598,0.567561336738521,0.101959194964305,0.789867245615704,0.102223145254378,0.582454321363661,0.115452433574373,0.895678192375498,0.118739742571069,0.60541616766067,0.166730635685002
1.13405203763771,0.116137642122299,1.19429176823925,0.124871410837763,1.07078001352779,0.196611889436989,0.605364927360048,0.212995665846467,0.728974307461357,0.165427342609843,0.61375127516546,0.189765407025259,1,0.905427051616465,0.276307078624133,0.245542717062571,0.703949719116107,0.0994315802428579,0.818637537550026,0.101682873355079,0.510991354632721,0.134899121379081,0.750858183116812,0.111666908996919,0.7566721265005,0.125157542245673
1.16536409135352,0.120230457322282,1.26665436370646,0.120821092736502,1.1648487345021,0.22933902119124,0.6089288962327,0.246080288081968,0.74565313476709,0.191023523873311,0.651279653819361,0.153344448850007,1,0.885357743537964,0.163645835948593,0.244033044300563,0.781209650134342,0.105504900395948,0.759913610837091,0.0941155006415338,0.709202730666011,0.112468619427377,0.703474783620305,0.13322864813988,0.840525651406443,0.164715778729923
0.853491253245304,0.0859286109405283,0.958672014609815,0.094165307016557,0.797829147914813,0.132649666678871,0.24795040808914,0.139059474600369,0.363524370941016,0.118184126625109,0.463881596558881,0.211456299590034,1,0.817327607174934,-0.185749736905612,0.241028768231061,0.591830880368956,0.0858199744465226,0.727691882422083,0.0835470547854786,0.617178224930743,0.115469463612069,0.694621871581628,0.118073559767019,0.618371477476447,0.154844017357561
0.897310393273814,0.0949203462809937,0.958200171789521,0.110431871110428,0.927918078155949,0.173180653458725,0.528802282394543,0.243832763523122,0.688283418109659,0.187363111148974,0.516001582993612,0.188336921933402,1,0.982575267688434,-0.0813952795182667,0.238636887657647,0.675910549945992,0.0932815857605865,0.700466027338863,0.107020727827674,0.722314142299907,0.112545889054234,0.526233819546464,0.14015471678812,0.678381808945759,0.178496788884017
0.931876894298574,0.100343875724376,0.921911902219592,0.115646177280544,0.786898778709656,0.165811025701321,0.38051800492649,0.182607509285881,0.43700950450483,0.135617506233468,0.354434513060165,0.257462022622789,1,0.798626728983976,0.24525892447237,0.232542266448291,0.595409302742847,0.111849177938887,0.621480609941271,0.112972335994339,0.676303593103,0.106713565979095,0.682970132190035,0.136284284379949,0.673753212297849,0.167364172659857
1.13717336676612,0.106142447778956,0.965201970470006,0.105144489782895,0.946983171044249,0.178556606232074,0.408369052688155,0.132151280564116,0.621867044002448,0.130212740875673,0.41881474182934,0.296016828799632,1,0.999999999929377,-0.117759794287206,0.227592604549113,0.77477115923021,0.0935680797715756,0.719574983920021,0.0938688544962788,0.696038966869506,0.0963282922257137,0.711560188381802,0.141744632686155,0.692103789393563,0.148040737131363
0.913115767490976,0.10671255516715,1.02582950308428,0.125966331712752,1.08781709025189,0.221847347799894,0.396870393686997,0.195519286475425,0.657055855185842,0.204919518932929,0.219871652809866,0.252952103886021,1,0.999999999960956,-0.24785745366589,0.221506731961841,0.739979320743939,0.0922297427399287,0.695486354606379,0.110890198917617,0.767354197883319,0.119397745790947,0.738532734522894,0.164774432866419,0.832743847951295,0.183835329763164
1.11053908314653,0.120987173174713,1.07171028456535,0.120314585708106,1.49968739851213,0.252937707181427,0.736199868388223,0.270580189389789,1.05074719384017,0.250753317677393,0.7139059529484,0.134322428809228,1,0.999999999979571,-0.0926460160394726,0.279805599343661,0.927534210952282,0.0957133332281646,0.820251658305882,0.108370042411746,0.713388025302063,0.0923186790288093,0.835206267434176,0.135082608937609,0.656767474486574,0.169213178870885
1.05568637479633,0.105959887918496,0.968184501390086,0.111790926479582,0.870419083579857,0.173784191613177,0.485757530480118,0.168604305178854,0.650240435932431,0.154884112423599,0.732834071213787,0.108082927105492,1,0.999999999998911,0.199280286824464,0.239453647158611,0.624669463990546,0.110252944105759,0.7480278326241,0.097306405572069,0.644647313271662,0.126652517272212,0.816933404648046,0.122174012195976,0.643241180134954,0.127446063873574
0.969258317820634,0.0893639270641289,0.863580756343397,0.0972000483048436,0.796564680511795,0.128229532859795,0.538570439909286,0.206237603607332,0.654985641365042,0.15705590110275,0.586141021102242,0.126314808614518,1,0.999999999994101,-0.118993826396159,0.229957434511007,0.695263433088291,0.0875669539506248,0.692326232255551,0.0857505021696127,0.41419244909167,0.12904927985902,0.725523873140461,0.111074084774866,0.559038868813772,0.137995389522479
1.02881285952592,0.111233790951994,0.930952057127035,0.125631527691083,0.977328138858652,0.199329562119704,0.929185376183281,0.362115489353711,0.861081050187773,0.21584227635361,0.612101974397597,0.157689609305042,1,0.903592561859188,-0.113148759020235,0.247372584044334,0.734572344050731,0.106356779588227,0.65957004202537,0.114662710117187,0.63006603657127,0.114992224039722,0.833380120152342,0.121259532607693,0.718735342285011,0.167328511855386
0.868130740975626,0.0943238627519917,0.8502685980834,0.0951671006062355,0.900605334698213,0.161219634498379,0.389711736488878,0.141601934167052,0.592432670331508,0.142198619291886,0.641172877930334,0.164209274352282,1,0.999999999999621,-0.367197746821537,0.23666517592587,0.60122605772504,0.0889992322606119,0.7945423260061,0.0818877737690698,0.652508863163813,0.116355390109525,0.764949834966437,0.140511939233264,0.440515979762182,0.17851202044605
0.945408940908162,0.0931956279856334,0.936695354836117,0.0985735117342402,0.903246526190855,0.159055800401196,0.540379155809923,0.205543332466969,0.69863838665487,0.171123170327982,0.609143892558223,0.159418640634816,1,0.999999999996374,-0.164118920586604,0.245088195587356,0.70435981925331,0.100915786493296,0.427745568834768,0.0991006743340559,0.847044148940163,0.0923986362367354,0.630971902847672,0.161950465809374,0.591981382941632,0.188754008247246
0.94145086640716,0.0950097982478646,1.04115422459152,0.100856258939946,0.766459696438648,0.137941501635696,0.332910028303774,0.155669895494783,0.469641716671957,0.141086347900732,0.699149903848069,0.115648851297126,1,0.929733686105904,-0.215574765763074,0.255662819474246,0.756595743872526,0.0964960778739439,0.647344486954459,0.103918395893464,0.714852673645304,0.10866388949299,0.598413092694779,0.113198779831945,0.564801004461951,0.166347874909732
1.08596285064451,0.114791779655794,1.17026913915339,0.117635121473603,0.93666609000549,0.164336313007626,0.560943450164262,0.195009509025383,0.724856335092266,0.159284306237243,0.801075465401958,0.0668109731885555,1,0.999999998423958,0.184065111862597,0.283135736604396,0.828672554534484,0.102413821025067,0.535334098193426,0.0965323071358545,0.643492211294494,0.0983032215674172,0.8575179364461,0.0994306887953023,0.699900010307665,0.158773791802344
1.17791902010583,0.131619717358761,1.06444106747532,0.12809172513708,1.22606933982618,0.259883115363143,0.510068736033965,0.199610434316964,0.790809483023621,0.21717145758197,-0.0710375162878945,0.218588930562983,1,0.999999999987966,0.534794099929697,0.23119760605541,0.742266688894263,0.108111880168246,0.778156039458122,0.105627058403824,1.00809876941454,0.117684018457041,0.554412822811518,0.158784880276587,0.917471111993996,0.169364532434082
1.155450409045,0.11575933389324,1.06958841152783,0.111333765714984,1.07845405157553,0.22143474240842,0.394450498216232,0.174849096964943,0.641735096581793,0.16389769324751,0.487423985534666,0.292456209716225,1,0.98391756547041,0.316956855998247,0.242901050687149,0.836922384192752,0.0953142525574921,0.458379020013316,0.107462050148328,0.744968932620982,0.125045193470137,0.84161391628698,0.107712401244469,0.845256348658342,0.151527429905078
0.984668820026804,0.09118938838764,1.04076934115286,0.0975218507189398,0.636922733088314,0.117695105555699,0.481153101271789,0.182461888072144,0.509535167435955,0.122317604245815,0.636243483561494,0.126825409533122,1,0.920426563888715,-0.151092988300877,0.232864754353302,0.698047083659645,0.111037148556522,0.727699513132353,0.0933365043003655,0.381667945760766,0.121054359533417,0.715791572444895,0.106483950624569,0.853997640255883,0.145097145000147
1.06776004770401,0.0881879324012718,0.944062532225884,0.0940043915982017,0.905791703390396,0.139932535131491,0.418052670980924,0.156540410014006,0.615360577998311,0.134167300593669,0.610464275972156,0.15898908760426,1,0.999999999999603,0.291242499118709,0.223373547919315,0.699324048871181,0.0909851023485948,0.782079329088878,0.0845821233235759,0.481595144270726,0.1273215080904,0.7720744176271,0.0928962902369618,0.452898494821477,0.138908569383888
0.986354323762636,0.0956296776336199,1.04564619566017,0.10525840619899,0.920661125666264,0.165221945005878,0.386976118372716,0.182692400157366,0.530218020312048,0.139613232129045,0.613220878634985,0.159959180217176,1,0.888305802475356,-0.253310781138775,0.218112094001947,0.642426651955338,0.100879095879442,0.613633116588352,0.0952060968930572,0.743539898261204,0.105122984223907,0.538841072009396,0.11713474779821,0.774128742135253,0.158838025159073
1.07944090781689,0.100596876482044,0.957574576089364,0.100294343811328,0.865104423498581,0.144770704868641,0.380528825506497,0.131930006913021,0.573757065500096,0.122711191707822,0.614639860923012,0.169260871592221,1,0.999999999995278,-0.0197711928638029,0.249317758265216,0.657231097012738,0.101638827599519,0.657796007053867,0.101478133451756,0.73387102006535,0.0848250041547207,0.648954587152116,0.129888067262874,0.499337961566535,0.162614693428052
1.12667228483142,0.158420417766665,1.24169501549585,0.168155349317525,1.59210331820157,0.391016153521661,0.925130929662866,0.332828572785333,1.04151029251637,0.288724096023664,0.084701348518012,0.378168796872127,1,0.858175954947688,0.216690612262415,0.30008753737118,0.865789815770809,0.120479085261614,0.884280499590922,0.135054536293099,0.834221180581833,0.144480648816217,0.773461457520846,0.152570536268383,0.952649517183835,0.174422076880587
1.21184797325737,0.108832473436519,1.18898855888569,0.121609119332016,0.882357515628182,0.177063916475164,0.51511236759778,0.200573788521246,0.530132960948289,0.153958162540275,0.621162931945583,0.218490314257784,1,0.786342092865145,0.254492029760203,0.258080930250736,0.649210125918421,0.0917120580904024,0.678185395368855,0.10382799597349,0.755096255490008,0.103339651638223,0.609996204562569,0.137669684094437,0.499585469036685,0.154716590973137
0.872384492296559,0.0884527748665628,0.744530518693134,0.0881551149493378,0.709751527485985,0.134758036020211,0.280383795494357,0.125884003355422,0.446097329216598,0.11820441608629,0.527996351891977,0.22944312028895,1,0.999999999999356,-0.00638642794513643,0.21733751525465,0.614860184861322,0.0916058635703859,0.592308546362666,0.103027162029668,0.60323390910371,0.110504876281817,0.702921549366533,0.10677079010536,0.461332318517243,0.183823528440975
1.21256307993547,0.130024190507522,1.14087047112642,0.129477274002122,1.29978468478689,0.260234460676325,0.773473499153738,0.286424041883797,0.71707792792864,0.19751900367429,0.4497656663509,0.405145297176841,1,0.715167759760907,0.355116827086359,0.270955635055219,0.87703087906133,0.106515952344041,0.730163558106236,0.1163065668133,0.95278496021537,0.0940728442292866,0.572606760810765,0.15283830071199,0.875757428500377,0.170568054693663
0.925113407554039,0.118337030811426,1.05299074224278,0.123501658105771,1.22476038684106,0.268670733280504,0.664058400593555,0.263047744106035,0.782433344912341,0.216225654669858,0.640471936668033,0.168486540853767,1,0.867598209974885,-0.348327251604533,0.257239263347956,0.688236124583127,0.113492120376167,0.82553766684201,0.105145509212904,0.791873992888606,0.133832726378297,0.648450425485443,0.120930462459224,0.778501585246645,0.128792731529442
1.04592928889638,0.10228277595448,1.08484729803499,0.114328707163148,0.991133106777882,0.174623414054565,0.666788242641605,0.239604540400099,0.71498092266443,0.151661137936586,0.530379235048416,0.204493373643695,1,0.879497270022925,0.160291267346716,0.228263636693104,0.66075870827847,0.0944382412927151,0.699260033954485,0.0853295135833409,0.686222283885751,0.117235454707167,0.724317047919441,0.129148889261334,0.89401044566196,0.135137393423705
1.00142591269093,0.113245900115685,1.02214287367002,0.100976113201032,0.961793834172578,0.180625006397686,0.383908511581222,0.207189256749668,0.484860464467854,0.158543144619552,0.666279269041133,0.107296784676727,1,0.797924698957487,0.0869842866046104,0.24998943713106,0.715431358367865,0.111567016465765,0.73368863527223,0.0973007322087606,0.696314966635305,0.115598673791176,0.658983531502985,0.11753369505852,0.72681166192984,0.147658226622209
1.15516215395677,0.119260559234265,1.16607934539596,0.119404432273487,1.31828743126785,0.236071747208655,0.870688188569753,0.29420336975162,0.994320742226405,0.224490756940166,0.490769631590121,0.233483311481386,1,0.928090050633171,0.0715172338035419,0.218995057944193,0.783017649600856,0.100498399509303,0.692106801035072,0.112579959631555,0.954503230476786,0.117765418657374,0.616084695738512,0.124317820305978,1.03901812789196,0.144436142221833
1.00109197329794,0.110552462210259,0.992166789798168,0.125884723029658,1.11134658265399,0.224989791186852,0.815947788331263,0.260114091892605,0.903140392631917,0.200366358364461,0.180131191598628,0.256881690449738,1,0.948416983519634,-0.169204081776511,0.243252565248512,0.815848918150047,0.0994746959005128,0.68678932983796,0.116061089822747,0.697743117064977,0.120041834011795,0.525795182770442,0.134496165460189,0.939715529824986,0.150160632636007
0.866136478079792,0.0997042237695287,0.894041497659906,0.0951591520503203,0.981740417292376,0.183924996893594,0.348628117626749,0.160035898325753,0.585031891112181,0.161213861546105,0.634808205059771,0.174109401563307,1,0.999999999911698,0.0211889897457344,0.226683170899645,0.658596782610664,0.0864602680559825,0.509606539795112,0.104621105394253,0.718456904287081,0.105069459052104,0.680750902080732,0.126091837025633,0.548592207639856,0.169241065640985
0.900946273375135,0.116172012082031,0.898150780864339,0.108383512642166,0.998782469667976,0.213006344226473,0.494971321280035,0.223086725429653,0.506099572464203,0.152139387708135,0.482085887360056,0.208315438799376,1,0.719797769574557,-0.291667039743839,0.239619989962122,0.652335934714794,0.0948067749469477,0.671481634680114,0.110406466107087,0.578560920874063,0.1386144728409,0.609461813403954,0.16736017880563,0.594610534152879,0.189604954555378
1.22985161069229,0.134660647987567,1.14935819934376,0.132029413759658,1.57326226540862,0.29931118489192,0.514392062300183,0.212280308736675,0.832777449687941,0.218103384621285,0.36675660722993,0.259657584512143,1,0.925723448213422,0.128556902757584,0.227952501106021,0.681234136250319,0.0954346769273341,0.87524004494267,0.102884967274249,0.584340890951328,0.130902873134843,0.794151883723398,0.14032538992357,0.854730800628268,0.167440623718755
0.954430443072419,0.106209494245276,1.0048798395617,0.116412073650591,1.17976725693776,0.218941256022998,0.66204442485048,0.243219150804853,0.809284143141348,0.191748568431416,0.792404172531549,0.0709544256890959,1,0.915712822143077,0.105007982987587,0.281218254610974,0.840726043115146,0.0882284344395742,0.674278478003598,0.10204814423295,0.716738943170454,0.104188487461184,0.72295359750191,0.16120399337174,0.551894936283217,0.17871021215311
0.921077128588591,0.106194003502289,0.903387853234857,0.129417007373691,1.03306231954045,0.212709407086697,0.583789188091411,0.219084496624905,0.64970140284178,0.172062273842628,0.545939200098157,0.26326680141723,1,0.836608976677591,0.0098279443238294,0.243464734968945,0.746263262924443,0.0994776490163899,0.580816536354778,0.104571505670016,0.674996739888266,0.127179914253428,0.652836033801384,0.159232545268723,0.569971512183822,0.159181681333164
0.97543741266739,0.105235473285642,1.02836708148419,0.113840445926215,1.16841361660884,0.211945025215593,0.723651768755106,0.246102990962731,0.77106904028281,0.181933741460132,0.619261812642769,0.141672004917526,1,0.838552285695529,-0.0554101283609328,0.223406912192461,0.652973525592865,0.101159841438136,0.835634004998643,0.0967268139893194,0.710581067729148,0.103503468588856,0.796910406186388,0.130485706002251,0.81172464618442,0.163191105003052
1.04531546300256,0.10198268204442,0.949215838539196,0.102621281137439,1.01791621890319,0.182085449628671,0.61008718745532,0.228098607357652,0.788046726441663,0.186139244374624,0.674253682164105,0.143034297400867,1,0.999999999999695,0.442569174311259,0.250524258473907,0.57445312822146,0.0949065400648582,0.759440442044564,0.104015755169773,0.680695879038477,0.106695098926955,0.652740141125973,0.128310857687523,1.05567378352698,0.144534704779538
0.843660363807783,0.0899629061308805,0.982063379116403,0.106729717420137,0.988055033665832,0.177118296775766,0.454988366448558,0.194406984107568,0.594442935059848,0.153585902785365,0.382681066063134,0.32847659702515,1,0.88658311551704,-0.529812816120346,0.242591176612797,0.614080540333999,0.0890959312803702,0.690798135546977,0.087343882766354,0.754060847462351,0.112842132786094,0.714499818432553,0.125882378127815,0.296433610760714,0.190191594757809
1.09062086475997,0.116273290875835,1.05131198431084,0.113128856055235,1.06254913962406,0.209950831685398,0.57877670206014,0.194050213460395,0.784205768132755,0.184248093268666,0.26497525915726,0.287182152524452,1,0.99999999997092,0.306114455663249,0.270780247712259,0.708976125850168,0.100817937392157,0.642859554082767,0.098198152409199,0.634447294357014,0.120492631849458,0.605914325819261,0.158652770876609,0.890711921065803,0.132492568027879
0.953704201380062,0.0950685940391859,0.911549627155364,0.102531875330594,0.985144530495153,0.200791358266291,0.280985102279924,0.165727746496686,0.519231479089681,0.132809987972586,0.502443170972561,0.2216878082243,1,0.986891462208015,0.0286924136769725,0.209964957846865,0.758047586299703,0.0960450039530507,0.62812050488058,0.10561049372757,0.63191228270279,0.133487528631583,0.554081828822152,0.123898746845597,0.811202920593457,0.137440456130669
1.05738631183648,0.104922750004724,1.19029710424122,0.131219827657379,0.816312984569709,0.169966371745704,0.525365928610763,0.266017513833107,0.586155505244535,0.189356446516627,0.611916403471333,0.147647543598598,1,0.895062874690086,-0.249304551935229,0.252085796301821,0.858663146840827,0.106386231613423,0.685459546062734,0.108869984323158,0.763072462196625,0.138155483692234,0.841927133279949,0.122589593697374,0.649680971086883,0.175241175518881
1.16541597547757,0.127918138669737,1.17207751500138,0.138511378989444,1.22052313588696,0.264819334458291,1.14135105592689,0.346104452306963,1.04054813298037,0.259692399889185,0.842743470349511,0.0532159803444503,1,0.881616163166948,0.315081070092665,0.272118726537081,0.749127389233097,0.0976171552317758,0.707171739008748,0.118561781543976,0.83552989353647,0.131551769282529,0.77779230063118,0.131513915104089,0.909189332566477,0.160259948330264
0.937538975807059,0.0975216212043201,0.941518107246264,0.105814931764801,0.937407695187604,0.17321584090066,0.58533518036505,0.223771007781317,0.740741319448309,0.185646236882161,0.495331777275935,0.199349554308419,1,0.999999999999818,0.202402045364921,0.210910192795985,0.664109537018283,0.089562909081823,0.541777291229775,0.107176826210846,0.747691468005613,0.103021307692564,0.712837357874969,0.116682487578444,0.654272737371383,0.185637417339135
1.05208143188811,0.114130152435304,1.16031974192855,0.115303864565947,1.16695091165025,0.219260564987488,0.487683667935083,0.190921030287736,0.748058764728108,0.171228396948631,0.655500523641838,0.131860414803739,1,0.991608671801489,-0.184179824689298,0.243038144248759,0.730461683776682,0.0835284820138177,0.819971434111998,0.0899318594548993,0.687031953667911,0.117519875358393,0.57080261574021,0.130248749348186,0.817829962493247,0.145091186628403
1.14176173231705,0.136028491394146,1.05714867511712,0.121493278537106,1.41008046211349,0.306956065288669,0.600318210938195,0.245726013731982,0.587822246942992,0.214659517941338,0.230086114098452,0.308806206134419,1,0.638900623451683,0.201701752464669,0.235661362905051,0.749333563390116,0.100144110234541,0.905452971237453,0.108104067877201,0.633912169257001,0.132763765883164,0.868073860731028,0.149665180796696,0.816594318314113,0.173121486213056
1.11433243532688,0.106235602745094,0.983426293341546,0.105867443120665,0.875876268621981,0.163409567419886,0.324239091830372,0.151610719407777,0.372001501621,0.124649629254679,0.554258656907145,0.201234138056957,1,0.698056581373122,-0.0102901982845028,0.239697342081404,0.768862341136208,0.100878365007689,0.793272190351364,0.102406512091758,0.526672990766039,0.115462502123995,0.787920272081154,0.11451076176151,0.85125761639205,0.126385838369143
1.09059943155394,0.115939132746443,0.989962447827791,0.108477899841678,0.977773536396787,0.201731688203925,0.405868588619526,0.195711156099069,0.543412187028029,0.169848472145009,0.669490404848423,0.158663903570304,1,0.862616009374253,0.202305247467121,0.240058926241272,0.609099552084192,0.111963276708845,0.636244723907577,0.107195858030599,0.661404303006684,0.123589767084285,0.703465109528729,0.1395304393092,0.636448544633109,0.136955521465311
1.09433181290128,0.101251705651674,0.973302919749005,0.111236091072406,1.10029892168606,0.20487602805051,0.616744866997233,0.201067252451812,0.823774066180018,0.191081651290215,0.308548407646595,0.224733711264929,1,0.999999999998741,0.0578913967683871,0.212498448711235,0.763340160481416,0.0876094499227232,0.581177880474325,0.127877402997615,0.830248004254677,0.105989785262788,0.889537781494541,0.116402159514699,0.84019345013356,0.152300800374954
1.13750613563504,0.106504412907982,0.95763989044269,0.105927464043113,0.906060122199161,0.161749001213786,0.83275955511018,0.277371361688223,0.81968974282107,0.177440107080976,0.678861011162062,0.141287890749103,1,0.943650512418657,0.335200709035156,0.262180353716097,0.727759683353552,0.0811247593815627,0.6421821889854,0.0914758131499295,0.701369373706364,0.105094069460772,0.615618999367947,0.115139625523328,0.610465095311007,0.158546593515506
1.15984029066922,0.131559963941139,0.898429351325509,0.124807786200647,1.28667968454338,0.242999719604486,1.21690707192751,0.34265791060536,1.08754092134072,0.241523685650098,0.81008466373602,0.0929608148635955,1,0.869123870250766,-0.154175156126274,0.308198083176678,0.893804013185051,0.099407886800357,0.723251388065746,0.107492171673023,0.931877591416787,0.103092950621137,0.949582195329959,0.132401560588113,0.873348600525519,0.140969873330739
0.910328170026725,0.107731910932709,0.83307616483219,0.110286518609704,1.1689820946845,0.22241817834374,0.437250868362922,0.211014291101448,0.656087872215587,0.187400800956539,0.394404938519051,0.309485595428776,1,0.91768311306269,0.023051916558722,0.231860257410924,0.667560978321483,0.0931158767972403,0.660742373982365,0.102248032674038,0.694798656400063,0.124357170581303,0.630082345137663,0.128075286420945,0.951615531145678,0.129728079360706
1.14925809219527,0.133894198193588,1.15760633800091,0.136993118170023,1.23197704525406,0.253390062975276,0.653249212295326,0.273451179777601,0.667824466503077,0.196026374191587,0.4129397633437,0.308847659921111,1,0.744426064375455,-0.117787885583565,0.225688894924672,0.730192784093545,0.1051180579045,0.773808694764217,0.103273749334787,0.766192739782267,0.109347906669457,0.942444356645307,0.15042197105037,0.774217197651325,0.158683580526042
1.05145532487289,0.104843205586146,1.12118077289594,0.112191003576187,0.865642241572336,0.145979724539717,0.794725622416462,0.272253703197771,0.798271222627613,0.168058565641183,0.653044263018039,0.145558282108546,1,0.962437741604438,0.129962908446228,0.246831332756267,0.538431259485477,0.0964067554920851,0.640570918992477,0.0973148316782624,0.516902502582868,0.105863021891667,0.686556450989562,0.111291534489896,0.75416664522046,0.140512955102341
0.894065497189268,0.104195980942506,0.923210616832183,0.11028470030098,1.06118049576743,0.210914016560007,0.5129477677698,0.223391986483236,0.614381821083219,0.179331034319449,0.701645023716529,0.153036574338598,1,0.832735645591602,-0.5428323604889,0.248342049505669,0.781909663888588,0.0851554803979758,0.760057026936858,0.104082840192436,0.500423698862081,0.138444859253359,0.695390508107016,0.134440062402356,0.800646285423068,0.180266630069953
0.971866709835728,0.0979754603437286,1.03040974316963,0.100668944629376,1.08016158744108,0.180849613048623,0.405650490182523,0.151608929323123,0.661942654162433,0.152041328651869,0.690852990786511,0.125850456849751,1,0.999999999974666,-0.0567538462660493,0.265758582457093,0.637231498217022,0.113718046065417,0.683316057025595,0.0839178262905751,0.632012923267219,0.108581105396978,0.562608636664478,0.115641636790494,0.739690100043753,0.134742692991386
1.08242862848538,0.124349041649496,1.1077836078206,0.138035172577327,1.21029085460115,0.233422083982931,1.27805773894559,0.42656816041207,1.00554038058507,0.252647224583897,0.718083508984846,0.11927083656134,1,0.808498842910713,-0.141680126068647,0.262662379928005,0.784402370358434,0.0958541220658043,0.839987988731734,0.11302458573347,0.71142533199205,0.124653368981623,0.732064840545051,0.150178932189103,0.851330168986164,0.138196749134826
1.07852997547893,0.111307793798496,1.10553858680181,0.0975598019493388,1.09860691040376,0.227637440311865,0.421273601553051,0.15496126657615,0.607235165410803,0.155685902123342,0.378981927207783,0.238373222379989,1,0.89259331082679,0.0318991809451549,0.242050203403495,0.651525834704049,0.0945605634049672,0.697762432286401,0.0935387396846495,0.655250604400383,0.128939754186063,0.513537437848623,0.145390817191449,0.788039088924844,0.160273398964385
0.874104646880055,0.0806983246691686,0.843853311027956,0.0862405658669102,0.670254037764894,0.104841936683014,0.267845115611877,0.103891738999481,0.423703044871171,0.0959025330035486,0.44315963654865,0.173002408099865,1,0.9999999999962,-0.335330709095339,0.187171395900557,0.686099295338679,0.0808377740852409,0.64158850964876,0.0804566007901292,0.443443349421166,0.104391626953194,0.891163823804189,0.105669720144049,0.589356369375077,0.159395828791852
0.945494184031965,0.08929291960716,0.986503991248419,0.0905379087738792,0.77628552206565,0.137959958481358,0.428584092052398,0.141326683799099,0.576804668537634,0.125244142942697,0.606844839990486,0.158175255632328,1,0.99999999999832,-0.250734251717973,0.243049384825476,0.67290428459635,0.0870637792993094,0.680417768970834,0.0953713959509489,0.449365692440203,0.119301082895577,0.709561156531213,0.10772162540301,0.465758344935967,0.137972583671995
0.918840044602343,0.102756794651876,0.943140434528504,0.109934161780916,1.04892753427237,0.202610432662488,0.622735608790296,0.271381275390484,0.798110931745164,0.200364534699846,0.548706525077412,0.266478771099985,1,0.987503552255026,0.0623622547612875,0.240659812258084,0.709718837363995,0.0966478137382759,0.604432477353674,0.10935209473901,0.811647274678312,0.115179031508022,0.639785882924655,0.131543862258508,0.870841579335804,0.195336727397228
0.959063480553448,0.10201204168899,0.846959548824769,0.108385120236913,0.96250289262096,0.180588491000537,0.642576956874743,0.206884782136358,0.723783546025861,0.176121055327866,0.688385665002323,0.106649570739162,1,0.920333245599986,-0.0395744774568458,0.219089892447769,0.607848745052271,0.0947353193947568,0.731643088375862,0.10163670390342,0.659695458746285,0.119191815365001,0.775190707583433,0.115529305362928,0.498397426201058,0.165290627142975
1.11073095246747,0.121416983990666,1.10088249896916,0.1155167331592,1.03637085544298,0.200127527953999,0.520151833046598,0.238912315227543,0.560593457628326,0.179105529585044,0.641882109507183,0.183307871657212,1,0.763528693802447,0.00382855789037369,0.285174667747439,0.774502860167714,0.0896692712992065,0.867257543136064,0.10250482955684,0.847890271223539,0.111024786676581,0.62716492151147,0.15340141012858,0.671324104780713,0.176434608327185
0.900043067607851,0.100406422194626,1.06197970616475,0.0908650923316874,1.06521957967712,0.186726985703947,0.252840075410412,0.169667252014695,0.413409587513838,0.13956627289165,0.602955950051022,0.187691841841752,1,0.796595811206037,-0.0624595851082443,0.248673534731761,0.633810402542171,0.100663918491157,0.733976342110326,0.0940636333135065,0.659880577150097,0.109001900313872,0.780825402864174,0.120340164185494,0.615127006920822,0.138871110340417
0.8974295413841,0.0954233467476666,0.783053097630335,0.0854992571681183,0.999550704796625,0.171704260720061,0.421306135662617,0.151219196125495,0.648935162274861,0.146109937807239,0.541646908123486,0.185093469566125,1,0.999999999999987,-0.015314824427402,0.236597325599175,0.534208454568829,0.106335299604972,0.652916907017095,0.10751498222804,0.622524045561111,0.098597928124585,0.543277018432649,0.130720158304881,0.794339828295463,0.129578551097955
1.10395750286352,0.106267753534708,1.15829873082018,0.122253120389237,0.973177012903511,0.199514121564507,0.361638744724196,0.183417028913338,0.462347934343461,0.141238036739434,0.270534886955,0.254788610079591,1,0.779355355454931,0.243134486434918,0.232263339664948,0.618592512388306,0.106591499005129,0.665638702633933,0.121456913084537,0.901719493366129,0.107564064190414,0.788387374755338,0.140749962153669,0.389209128951656,0.184942819113654
1.03196188855931,0.10556064590352,0.897857781059982,0.101811078421424,1.02868550537967,0.19575107801598,0.350037849670794,0.13830543246143,0.599404369169214,0.150937947352668,0.507365444695197,0.237485215836698,1,0.998897877697263,0.215001434327472,0.2105995358612,0.626506498474606,0.0896662214538368,0.719305734265684,0.0925875421742667,0.710206458786616,0.121730381752455,0.853029188561609,0.137810118263526,0.518427998813972,0.15607803133391
1.08554580894581,0.113934686623948,0.966254992772262,0.107521791897543,1.16798254370842,0.206352631240796,0.540639364637431,0.197536580604334,0.714180341306815,0.165635425352778,0.523487341737775,0.248331719930244,1,0.898743750531075,-0.197052422334008,0.253300159522266,0.855649730040931,0.0990151867061826,0.682580642072245,0.105218892809286,0.872098674359591,0.106611938367471,0.616329556014853,0.135873165988084,0.687835433263825,0.142542690848591
1.25538811818797,0.106130220413574,1.26658840180819,0.126081442812413,1.18045111801224,0.191649950686544,0.470934185074927,0.19930459749883,0.74559693218331,0.18812966355608,0.61577671133491,0.194409368737753,1,0.999999999999357,0.327683401731167,0.25944660828066,0.792376904489477,0.101144903626863,0.760130970694508,0.0876334974103473,0.739382078029994,0.10921144651686,0.88620497029837,0.101362649321509,0.824164317339324,0.124265121326264
1.13225102883654,0.147105156507324,1.10171171491107,0.148980966289707,1.27709130924644,0.296631065996668,0.784533262637391,0.300387387010464,0.802054372317584,0.217926103628389,0.400304155986856,0.338519564807217,1,0.801285262574055,0.012486068293957,0.252880831749233,0.787410043334598,0.100372267055968,0.766486228181803,0.135487486498036,0.831464698910319,0.128861882831934,0.560714635915043,0.157852489578591,0.787675068388263,0.14730059400295
0.960174961069519,0.103796088479615,0.860777021885455,0.119593442891573,1.04019549820782,0.188460853699709,0.916292049853341,0.308770144271143,0.78751576392613,0.202741739945656,0.675933520185764,0.130078786345727,1,0.806649393809011,0.0163495722890623,0.241343168364846,0.839626788002581,0.0875383783404537,0.578136617616049,0.115143047808336,0.746729596632804,0.114974259436313,0.693252498667542,0.145898311401553,0.707393704864406,0.169104941820674
0.862117625617157,0.102734821960745,0.825695931808552,0.0972897792046249,1.17871743027489,0.194436041202166,0.534890563217508,0.208546517504256,0.690473172184979,0.175348045240315,0.578911554653895,0.184191675792132,1,0.869579891164133,0.116094945028239,0.255219555688298,0.684436838396351,0.0864287002033133,0.525676572861298,0.108713047663618,0.73113657945278,0.0974416201396197,0.772009555830733,0.111856347166048,0.796693592034676,0.161719614232446
1.12355494672277,0.0968150140613212,1.12371954764293,0.108492239821543,0.818961701607127,0.138518292796714,0.58394482879683,0.17380895758695,0.691540635563843,0.143299222394172,0.440485928171426,0.193879469039263,1,0.999999999999906,0.106666151909588,0.204039056584802,0.742555280406017,0.0826693970775317,0.620393498880451,0.102064592907208,0.744629375046828,0.109913901635281,0.754700140864921,0.108640899137137,0.912190004571093,0.125699601353074
1.04922954063923,0.110349431173679,1.1220610875595,0.115451498705642,1.34600623079742,0.23926147303923,0.684264188101346,0.229817942409155,0.811471227639063,0.182294083831232,0.591384103395435,0.207126066344643,1,0.845546867410249,0.051169159061739,0.26877992784608,0.728382279494165,0.103023923374778,0.719920617855842,0.0979184562943702,0.939016826952479,0.10847746044889,0.784647505170606,0.121796085763707,0.803951359259329,0.132661334904514
1.16124051277977,0.116511462407008,1.07644921381773,0.110950144588331,0.98046791744437,0.191327443583589,0.516731838008746,0.230030263654261,0.577453456834975,0.164496205665202,0.764658899705941,0.0900477119193758,1,0.811274230739545,0.123235860944634,0.239093193659319,0.776756278321892,0.092975464988672,0.761657886809737,0.0999792673934092,0.684410798239461,0.122698876351375,0.830217696279108,0.127844980195998,0.667405354586019,0.155976858578067
1.10308924200504,0.108440932469076,1.05762932126934,0.116180612791337,0.792150325679558,0.159997839373984,0.400059389444533,0.177607846973943,0.427139394011647,0.122713291784399,0.477174327547333,0.255879030285149,1,0.758758537437405,0.365850544813356,0.248000765523599,0.604091867692605,0.115439045738183,0.600641215195074,0.0983178712079648,0.7643021119355,0.0957632349410144,0.586649797512907,0.139587788206997,0.641999467243312,0.142938399948461
0.885927083184169,0.0987477912230152,0.827748804529112,0.0943715475740135,0.99090867266412,0.167689827797637,0.370600753121286,0.174551537602752,0.605996287355281,0.170752763797675,0.654439594416513,0.131528012553812,1,0.999999999897405,0.101614907042297,0.227302589521659,0.486473633433636,0.0832373514865062,0.767090529173107,0.105390663415289,0.709878175873339,0.107750647003781,0.598687087446165,0.127924874191092,0.560136527787665,0.164742881467839
0.872579487029877,0.0920762375830527,0.824984860900302,0.101166861919744,0.763446922841209,0.145266963362006,0.5163425166208,0.232839937110049,0.605948698892959,0.149282946720838,0.610961704045134,0.140095168721027,1,0.965111496981726,-0.00431272847934059,0.223718079428134,0.6205437951372,0.0930982664335871,0.571854914122759,0.0899004778775329,0.391754216052953,0.149280881170391,0.623245066554029,0.142589919101882,0.800215533120377,0.15000049132443
1.06138037561785,0.107017683412147,1.04769042308583,0.110304183249866,0.823999878094518,0.150420774769455,0.397905032036715,0.153759664237985,0.572602565086922,0.143857167131938,0.435821741758955,0.241702655666829,1,0.999999999470336,0.024939646647667,0.242281678306114,0.613246998043234,0.103145193797841,0.633581279908982,0.101914209197295,0.735684410007506,0.107699328053248,0.591777431064211,0.135672073790657,0.653443503465644,0.118737088124525
0.875391232214883,0.0947213813202389,0.971425402186898,0.0944243138625291,0.948084006203266,0.165069837677089,0.248174732776377,0.110930661315792,0.485067515784741,0.123157920254706,0.563133120887332,0.172016093921853,1,0.999999999958621,-0.213972599061122,0.223780710334725,0.658953585545622,0.0896861778355851,0.696776799337345,0.0984391941484791,0.646456368756479,0.0919087911926441,0.646403123621279,0.11677657413896,0.715281675674506,0.129525916982735
1.21753954025433,0.110104486013166,1.04412379782676,0.107468415759373,0.96253873574551,0.184242738850393,0.44156715567079,0.202061682015765,0.62356277876495,0.156727394312752,0.771606521841843,0.0870959434752344,1,0.956472954828962,0.297336796117589,0.244078122504122,0.768103691425999,0.119604305955838,0.694113873232137,0.102391616457095,0.745949684104419,0.112392242462066,0.465915358391575,0.145193670584225,0.919669053685339,0.152539593898995
1.24606764606046,0.11153556097899,1.31048987694605,0.10858473576222,1.03667649980763,0.167236565826786,0.608570315326411,0.195823445635307,0.794286185226306,0.16310844610372,0.648104941318694,0.133126758383279,1,0.999999999732085,-0.0809042001595252,0.249139810178,0.764024785596358,0.0785152210236571,0.614739692684154,0.0899385895953167,0.968920316364864,0.0870523774178012,0.659335144320219,0.127857026988963,0.761968037452906,0.118154811138739
1.12118370705154,0.104603521594594,1.12008223961431,0.116464322932749,1.157252437928,0.211436353392007,0.505458817830351,0.231387759715856,0.723231026365206,0.18464042388444,0.420864842208996,0.212174519850968,1,0.945627531761868,-0.00881668239141265,0.239256139779465,0.70429310566129,0.108786948530039,0.770546526978923,0.107349560225137,0.871964640187241,0.118441829035639,0.636036674867021,0.153138372230558,0.721887844447115,0.18180424307201
1.07806981786542,0.111389867948917,1.07400350129286,0.12130556569955,0.876096266005109,0.179780285281934,0.544960759270311,0.227513583749933,0.579372374829625,0.155799794937682,0.550286845591095,0.242255745858848,1,0.83849263701708,-0.0979017651072671,0.245743986773206,0.724886993950256,0.105526989570641,0.748272306132125,0.0945058777335167,0.677304130032029,0.107369123331884,0.590913459788175,0.145074362635792,0.669069066973511,0.165262560333163
1.00396830477298,0.111716236233275,1.11370050706833,0.130265506817556,1.06083383735691,0.212872476076758,0.737659205765743,0.265974773271165,0.740175199741508,0.188471802595795,0.350670701245121,0.266373454789914,1,0.836725422052448,0.00806161985876211,0.227539444168445,0.571252818880464,0.107830470480502,0.87289109014541,0.0879573980468659,0.807464688999907,0.113642396680395,0.713884201513867,0.141432572723407,0.885528914292017,0.139895827058454
0.961483564724423,0.106558762803028,1.06041479305647,0.113541671181286,1.07908006692321,0.194455159526061,0.658758084633026,0.235112902439249,0.829711400526602,0.181838215796947,0.566999399948131,0.181644235951555,1,0.984095494144245,-0.271453257984708,0.227370297014465,0.579466794968645,0.102070275968461,0.867250473708823,0.0830820370679085,0.802618501482144,0.129622069903636,0.661640338892226,0.125537966810157,0.639553846282756,0.19077001107198
1.07232691359413,0.10741000066153,1.1022144173088,0.103626164053036,1.05479214046667,0.181119700577152,0.488421369490594,0.197806237549221,0.717762510687793,0.179425088633023,0.552672473202092,0.200890735665356,1,0.999999999974958,0.0614955152728583,0.261290224941358,0.692950792641313,0.0947754034900608,0.768561128575342,0.0908371861689474,0.934107391510726,0.100354814137086,0.605511216816379,0.128784673228343,0.635409250320638,0.177083263888768
1.02777655203967,0.103350499866665,0.833289016348018,0.104517672866544,1.04070981757481,0.187987852590142,0.686298200343334,0.239647584669674,0.794076969972183,0.184053165586405,0.486888317770371,0.276161485246659,1,0.939596401638747,0.222705000021026,0.212932209579918,0.64331945035477,0.0851831388969223,0.751500718993039,0.0976073677553644,0.630826749777934,0.111246900625349,0.681323689146524,0.132566677005901,0.593793557552893,0.162183097093448
1.05740834433708,0.115104661646275,1.05491505585737,0.122753320884191,0.958015599007692,0.182126066630987,0.58369070202417,0.233789967936666,0.675927884740816,0.160714630901298,0.180472374643566,0.22381233738555,1,0.90390478474828,-0.0544092390505902,0.205006264305916,0.788675160852259,0.0871701862165336,0.655565345728021,0.114775721477727,0.857581496438453,0.102243255307011,0.821547972466641,0.131996383910471,0.544730848643895,0.181199467422416
0.760076456538796,0.0988139415956776,0.926524489091482,0.0904967055239148,0.800243458952243,0.156130374672286,0.306731272328579,0.175583588488079,0.465050456137141,0.120930983629244,0.311079580245828,0.224721648578802,1,0.938663607043061,-0.320154342268752,0.202258049260061,0.617240495217691,0.0831041210629587,0.731455739812806,0.102034065353915,0.52468408227552,0.148016683458857,0.518946496038067,0.117506663876117,0.626343669347073,0.151195843881684
0.954946662205419,0.108332105120741,0.930168483384301,0.104806881778292,0.939583403585815,0.201125567790542,0.438051072621236,0.26824998503511,0.607144208382305,0.184150239063377,0.613894335552297,0.179561290484373,1,0.946371850890804,0.161290725103194,0.245039017098182,0.517849240521086,0.0952036106453121,0.858729994236311,0.100297275756514,0.639685073126126,0.132133988638662,0.494362346974829,0.163625565137196,0.898082949350625,0.157142733354673
0.985265059103143,0.114552257774467,1.06663481157107,0.115141591695439,1.33786036084524,0.244027692476926,0.936640708981599,0.289782934946403,1.11941702546076,0.240659689395306,0.563456420508302,0.218767939435506,1,0.999999999996392,-0.661702457471165,0.256022556929077,0.746552430951327,0.10431047876312,0.679559462884051,0.107674251386858,0.752464983875332,0.115419654381299,0.594413691735401,0.111210511687894,0.773779463393759,0.149518021732322
0.977043850415284,0.119917266921513,1.00903505607503,0.112478042523632,1.33062688448712,0.268602538350521,0.636290858988104,0.210123317938193,0.920144403495961,0.218704969682208,0.00931310561540044,0.20090930170453,1,0.999999999977536,-0.348725848612134,0.223658266599847,0.742232660858155,0.101986018288431,0.767062632834361,0.0952774353248691,0.701234556835259,0.149157141210409,0.902889964056584,0.115579599579273,0.631498519815374,0.173847979988624
0.998284700776607,0.103541335279263,0.935683309096096,0.108458411440488,1.06433051944688,0.185369139097605,0.713838180034327,0.200399613806786,0.871641991276337,0.175717662044686,0.76529393076034,0.0925233948203645,1,0.999999999999492,-0.252954368125661,0.250515848080632,0.886433167513407,0.0948799235866853,0.546364985644139,0.11399781393629,0.874535684047611,0.100509902857953,0.594102450357331,0.132379298213697,0.620308658376372,0.171108902878371
0.968051239387381,0.0867970391387553,1.16275096528569,0.101146744090128,0.820749569137918,0.131813758219657,0.426571129279053,0.166200039430704,0.56396321223119,0.127307686664032,0.623304466131349,0.164430546219733,1,0.95312467841218,-0.123172294884525,0.218399859411631,0.747438032651748,0.0958726475114142,0.61943669875807,0.0966963663953251,0.660755633326956,0.0988530243046506,0.806455779270285,0.121721069467261,0.510283453957519,0.140979895326899
1.16129553566749,0.104898677672388,1.0034571040065,0.0965442355854279,0.938606781501563,0.165031005935669,0.619408345991828,0.182873814691522,0.762483359862084,0.159680632730762,0.658168311286284,0.14534516419774,1,0.999999999999978,0.110104652158087,0.233899244115798,0.760692392006482,0.103305323845768,0.665226625241232,0.0962774485777844,0.524482009968781,0.104982719314459,0.778747268148182,0.12772401196472,0.815574725773751,0.119012040814399
0.98924119967732,0.101558863987941,1.02158560191988,0.111583365728116,1.05490363005665,0.204077770140769,0.190354294574532,0.110417475821488,0.448113195903875,0.153080291287547,0.42754135544995,0.240341667616989,1,0.9999999999991,-0.160379226921579,0.211699334151611,0.691199243301256,0.0893214521735806,0.719074644141124,0.10951050256512,0.70701548495606,0.111156686084067,0.594970618771193,0.139729277604627,0.753846314720069,0.167185159997653
1.06987704639105,0.121908755583732,0.932626006895683,0.125038227298651,1.1866132982551,0.249163208090316,0.922423266834073,0.323753212076562,0.963713007813334,0.243611366489033,0.639253841935483,0.157094740775545,1,0.921144982748067,0.413060849979853,0.248367714323679,0.815375071668621,0.0902208977919598,0.804229539121721,0.113737370399149,0.641217558734935,0.129999912056961,0.807843180703101,0.143488405761362,0.592833500972279,0.178491452240856
1.03969604346452,0.104113884292545,1.06354382994488,0.108042566938742,0.888006793318348,0.162851260792687,0.356921387641888,0.178296180178223,0.496863633628611,0.1457589405346,0.702189743374818,0.127516642881115,1,0.882557033964643,-0.0589822448989532,0.238903173138827,0.6854647323491,0.0957479527250819,0.707974909709458,0.0899002960444395,0.689394503995491,0.0901456494468542,0.823534211509643,0.112064871710777,0.679046393327347,0.161780002022225
1.14673527141166,0.114236876593978,1.26116437460249,0.1216506441095,1.1175853050264,0.2004135283996,0.402796545199154,0.206155024208982,0.563587342994591,0.155579700682839,0.562882716557503,0.245476145503715,1,0.839997553910624,0.0708357366130409,0.23921026681688,0.662344337946595,0.100003944450471,0.884104035692274,0.0938962331610423,0.71918758482244,0.100927132000277,0.872119937978958,0.148592007896844,0.804290996218357,0.160145072439967
0.937352072979522,0.0947547982868756,1.02647298906327,0.106569530395341,1.01583317305183,0.183027754546644,0.44763897538666,0.174663266670666,0.674334131374125,0.164448269144738,0.601961770937121,0.180041440706042,1,0.999999999986139,-0.301939885886985,0.228153671299963,0.775780165322282,0.0802499282890527,0.769869430212895,0.0951331783059391,0.849404584385779,0.0979773231813424,0.751897908511976,0.110449327803918,0.605368428385495,0.145722154060009
1.01812761634827,0.110819147685759,1.08507790272201,0.11467895105287,1.15398563913493,0.22942661483004,0.443385748684201,0.177696081911651,0.602685827921291,0.174734843872751,0.572309696098561,0.231960376461137,1,0.842558204885423,-0.0827398076076237,0.242330945523163,0.503756460899718,0.106755816429214,0.919114133256517,0.101249553171328,0.679026536707078,0.136982009836897,0.953974749551361,0.14173094533664,0.772843770000307,0.172770428520526
0.83548870825739,0.105005665174322,0.896281720890961,0.113529157275064,0.875229407658808,0.176259410878113,0.608115956067236,0.260319295409118,0.713525756965698,0.17921752959363,0.0681619519835373,0.270553092722475,1,0.978037495368008,-0.219146167735466,0.227432162478789,0.747619864475415,0.104489983770575,0.637283909029654,0.109892322342697,0.602970849476586,0.114290847418819,0.550479974129681,0.149366769818451,0.685800067719811,0.146370752808186
1.11265841871726,0.149438273455099,1.04637208562196,0.152838376074479,1.3518980662364,0.321291351803773,1.12241843205186,0.45996540892056,0.8963465131198,0.269341732450994,0.166920397444098,0.386301180411632,1,0.727656754383888,0.166623268761305,0.269232928616784,0.932839750817691,0.106278558155035,0.826647974965537,0.135847876545312,0.805079203800829,0.15932247002952,0.769078450452947,0.147309154951143,1.02998343897704,0.179434468669686
1.10749056534075,0.12974749127616,1.02592069044785,0.132002812919421,1.10986677032114,0.224288145396179,0.557898056423712,0.185503974023103,0.786887866140809,0.191676549187102,0.0892598768706447,0.262042596331335,1,0.999999999861279,-0.149080027599423,0.234312148962073,0.70509962267672,0.111471770184412,0.639465131804284,0.124514004184377,0.815008361845912,0.102577800720383,0.690189749236058,0.126687948350605,0.935148993535865,0.123255071898374
1.03551391660858,0.119772236006444,0.893999332316341,0.123077415517833,1.30422688031959,0.259990114649721,0.95551153914946,0.356925166873429,0.963191239327202,0.266354441561647,0.554727989044174,0.234088584797393,1,0.862815587357763,-0.0371265928927536,0.241852033201651,0.726317300909301,0.100683929185245,0.702734163048573,0.10424473660866,0.896278268729158,0.104921489639503,0.646186317212554,0.13911559207156,0.845051745821733,0.179536210212154
1.1435402221287,0.12467741487062,1.13343115859106,0.116409890721488,1.21676222248138,0.249144378624191,0.371373199778581,0.180174866523254,0.658730015698152,0.195254262259971,0.246370258506947,0.322323720927112,1,0.979939614187777,0.382780123054464,0.258223657253851,0.633835311950232,0.0970693197596661,0.794654103618656,0.0995164192868731,0.648325614605722,0.136293816433455,0.669668629397329,0.132189594653386,0.808300857806039,0.174476290338935
0.901994380261379,0.105771794240179,0.9201512396318,0.104920579558026,0.915904337077698,0.193107833545055,0.437853407189389,0.195599827416445,0.609637539881939,0.164045599639031,0.349799004313155,0.26919829375633,1,0.962680727132309,-0.125070789770511,0.203900288597423,0.539505446641894,0.0963038089305924,0.791672321661847,0.104505519733966,0.649986706568966,0.1227677284275,0.671152795099977,0.129725571873358,0.673867682350635,0.179513605008924
0.920278948480294,0.0966489051996558,1.00863809308201,0.112112759238809,0.777912791551266,0.148344428290433,0.691094453144902,0.233645567920976,0.733219759193124,0.178282638408979,0.801970568949369,0.059946591699336,1,0.999999999999699,-0.0450757769236878,0.281745380863185,0.655560697104675,0.104737129768047,0.825264612437994,0.104761201806472,0.409184901483795,0.120035611707091,0.646279412486545,0.143929750810117,0.823465872293964,0.119890693410853
1.18291863598037,0.123048037503717,1.26406007573713,0.142390257514446,1.58591456347935,0.28248934486346,1.19017768580758,0.387712835717578,1.30423557435264,0.304031267013154,0.658418728429767,0.162205726963376,1,0.949314788576194,-0.30023728172361,0.243828267666745,0.902995407810679,0.089100183975487,0.894032205619046,0.0920416464942326,0.692089026947374,0.122131402036288,0.920643412464842,0.120620314297897,0.856241118976132,0.139949290606271
0.846689440680844,0.0803324460200252,0.900382808009048,0.0846305712992861,0.720895281581084,0.11590892073914,0.267397178173331,0.131348305751367,0.439050525593746,0.118685559411504,0.417822939710994,0.226583593104387,1,0.999999999924505,-0.112291272458023,0.204268888056266,0.669750434110895,0.0980165096523973,0.639566490287486,0.0865452042832823,0.604223782071304,0.108415805075165,0.561990084413504,0.123207596379462,0.596949874937817,0.115970793758357
0.954835065639568,0.100745942260213,0.947981281788365,0.101496851890456,0.839176910700088,0.147288433806211,0.384094622716249,0.191889537537647,0.505476117769716,0.142209038819229,0.604774246355524,0.163202664508666,1,0.890337702849982,-0.145198877125915,0.242251953706532,0.718364440708804,0.0966130820656917,0.778064294819128,0.0866565273133062,0.675306558555763,0.11218211672931,0.814728393800036,0.111393664420551,0.682140209999609,0.174992126132815
0.937611525665585,0.100870851826586,0.960249693494457,0.108109030719391,0.757204090940135,0.144347000514099,0.329953430632959,0.164753208445727,0.443524764644852,0.124497388657597,0.739936758088946,0.101596266455443,1,0.887329814504759,0.156947673373683,0.250735295892406,0.651129603381846,0.09198851513909,0.579442231546857,0.104967728472709,0.632317584100193,0.107951625499119,0.711744974970154,0.112450663409508,0.463649327159423,0.138445105684926
1.21601028907184,0.127199549248534,1.28326692482005,0.142028923981826,1.46500768045181,0.289739237204892,1.07115869947424,0.391730452320122,1.02797978920781,0.248992945277722,0.536567825871277,0.256924983524089,1,0.82061172098702,0.120005472250924,0.251245125992303,0.704921301872265,0.103475466080559,0.857659863823434,0.121500317775028,0.950739664545637,0.117975672211634,0.887523248600812,0.124732119263526,0.873869041515944,0.175754249709842
1.02743567154803,0.106405975554507,1.01675082677471,0.113768144445159,1.00793296536366,0.174927136310687,0.74196619583378,0.250748465008817,0.864784474863664,0.193980402568806,0.725435337292807,0.10668868546519,1,0.999999999999258,-0.0232606783129102,0.264777819284967,0.633553700494203,0.105348869581213,0.72840987993718,0.0854440903295369,0.616249279885183,0.109290123562102,0.919795597346327,0.10918420148831,0.607319488958685,0.179124384276102
1.13291426888983,0.106682773282743,0.974569257813824,0.103699821416664,1.03399551648694,0.197014820926695,0.44015247453862,0.179163151012491,0.663211582813236,0.173635563172485,0.533891318977398,0.19764488346124,1,0.983085296735114,0.0314365810037643,0.228075696380999,0.745704918855611,0.0801063386458363,0.708341757269492,0.101352011990519,0.780938931655938,0.114676812315111,0.763874467891383,0.137596426114207,0.550295724096696,0.203205059080867
1.04274519371631,0.098812049170334,0.886377810937305,0.102519103290403,0.864335851039908,0.157544217449129,0.449159135014605,0.186734579841475,0.592074998199684,0.148100473024782,0.466107879674601,0.26820744348642,1,0.95024444702562,-0.0820073278490086,0.246487890574463,0.774312008495594,0.0931555242018672,0.748197661523584,0.107088166576044,0.706033443591517,0.108102343009579,0.700519150769848,0.14786051792347,0.630690871102773,0.164249836076144
1.04922955148161,0.110284544315228,0.923503147977664,0.116828452404838,1.18669808067717,0.234001000347729,0.913979525186924,0.287243911545297,0.938511430113321,0.209482848000915,0.490090082360147,0.233453210399747,1,0.901158560995715,0.299985166398794,0.237561473505895,0.660962463831543,0.0948909218620858,0.635858015377198,0.108265616984528,0.836916560621142,0.111107721993179,0.779274945524572,0.129770714589461,0.812105300764102,0.131250480244549
1.11557227313521,0.0967137036302023,0.88815443157556,0.100158250092904,0.748567301577632,0.142152951167891,0.553187987627904,0.215361741829361,0.587599589534935,0.144873835889799,0.771042481333161,0.0940604811394418,1,0.913123851363446,0.374437378961963,0.235406372005008,0.748899998702381,0.0976396063642979,0.617553650081344,0.101310409719454,0.627657990964995,0.0960861653420538,0.48031489516597,0.134911051314405,0.663335472858775,0.148367757086616
0.994241179266376,0.101412135974554,1.20595758441692,0.140899147806005,0.997684998443527,0.182487146966004,0.866709644516092,0.233645768444051,0.921776601844424,0.185730682093881,0.76253319841276,0.0676606881288828,1,0.991270414091649,-0.343784826742355,0.269048025797986,0.910727045893079,0.0955992285636996,0.783990126345896,0.104287594851183,0.807652204384513,0.0969824482508311,0.725869535957825,0.164531749468116,0.733122979054895,0.148612349952699
1.27422436414865,0.115695646057986,1.11988688304308,0.114149575345946,1.26331820871281,0.226321056620102,0.702161744173235,0.237517676401352,0.804055681789358,0.197024948118701,0.544115553967056,0.201609709583903,1,0.85371156590944,0.286823684069512,0.246874220189578,0.697582766311608,0.0917663544788216,0.656462984375033,0.103477453091576,0.927455557248647,0.0961876121954697,0.911031248581343,0.131020981379615,1.0477574845614,0.134951250978694
1.06006701334175,0.10239039733449,1.00288272764417,0.103193891852024,0.812179185337332,0.15180270307823,0.412149698076568,0.193823785586935,0.530789807889635,0.133341043587598,0.57026639241165,0.186626331271482,1,0.91742200857139,0.0061831011474965,0.22988323790141,0.676662548140099,0.0919424464418187,0.598054769202835,0.0989189183593296,0.729259363018195,0.102708398798298,0.649908977290578,0.119406086467722,0.750547758233448,0.149875525934544
1.00732211805111,0.103027438819778,0.974336014952909,0.0991638037133194,0.795815695530414,0.143202179378683,0.227463050545038,0.119301686291149,0.425462884108065,0.129771249904808,0.613765650206552,0.217965147744203,1,0.99999999993532,0.479930932928581,0.235712395768828,0.520760551894911,0.0977390603003499,0.758309032124089,0.0987844196494394,0.754606318293856,0.106068669678982,0.736705524720077,0.118583139312709,0.735557729210415,0.141496309806448
1.06919823829318,0.130901432342277,1.03978195735594,0.124155538651309,1.0983612458518,0.237418032448905,0.0973658274755408,0.171269178354636,0.32096008458855,0.142392345025233,0.110857434346809,0.268469799484545,1,0.981465743251454,-0.0780994183113588,0.221563709462297,0.742129743594308,0.111563895347173,0.705100087487958,0.115385686440975,0.624934198212599,0.119615768910609,0.498884076248983,0.158393995536093,0.612585826450809,0.164261519790993
1.00102005880137,0.108152072264264,1.00096092708068,0.10954893990818,0.935577869586278,0.186343531426411,0.552642277250367,0.230316886727912,0.53420053356872,0.15619792475056,0.657433374370851,0.154466914508479,1,0.742920418252942,-0.334351787347633,0.272230911775506,0.72545784119924,0.0964418392692665,0.880864773803377,0.0975693227799139,0.523288169165351,0.121564429225064,0.777101703934505,0.116105245832072,0.664461727331775,0.151894683812402
0.821828701836892,0.103559952159584,0.969777048668987,0.118773713849455,1.01944541186762,0.183728058958016,0.777943221554531,0.26617216776535,0.694207050750271,0.178611986380941,0.659488342557987,0.140868854408264,1,0.779530445902815,-0.614167099438753,0.281627161387015,0.850055955687409,0.0966326938801604,0.702285891439616,0.10313618560699,0.676528566365776,0.129344686029138,0.777383141689094,0.137516409998692,0.617673454918014,0.157999772092948
0.971777339403625,0.107525241932879,0.995651041820513,0.109873740046916,0.973025394393969,0.167417756337406,0.450511373605433,0.227921478209201,0.547154872493076,0.145247298065976,0.55445107718984,0.213050743215948,1,0.826409505381537,0.0493493260121038,0.245841725823613,0.777182691198732,0.101453253880617,0.716445795253177,0.107217517675367,0.733480014660293,0.0962345769595527,0.650533074958412,0.127168140084783,0.843474908009691,0.121131593124787
0.901826491280951,0.0999457581271329,0.92556930816956,0.0972914135994291,1.00943975228756,0.196814984727031,0.338751167643476,0.146997740571368,0.584763964274168,0.151746924932913,0.257676547676337,0.269650712454759,1,0.999999998772459,-0.295286029535993,0.231437556550789,0.573413576204561,0.0943165499354655,0.604640021696856,0.113175565535832,0.929243412152997,0.117762107020688,0.499899649919272,0.141975089948596,0.771551570816667,0.146807687247481
0.963087458493973,0.101955299141069,1.02738531833137,0.105124995091654,0.890218942635919,0.148187393256951,0.319872856753879,0.139844603210801,0.533626157827143,0.134767997720286,0.6543735331885,0.153834616989211,1,0.999999999999982,0.0209615091284402,0.242268191489259,0.823757748746605,0.0921898282263535,0.651402260382984,0.0952479672950743,0.62589689126767,0.114780861121051,0.795923229364121,0.125869929635452,0.829052591087518,0.135731477521314
1.09595863158852,0.113984907889498,1.15822790664503,0.118189814909415,1.15268370850814,0.206669809647309,0.596973033192734,0.197156049879739,0.748446654081321,0.172860342220737,0.623288681809589,0.162339271910674,1,0.902253170817605,-0.129438280383397,0.232352452763196,0.793091748239043,0.0793182251058209,0.808688537187645,0.0982273840085772,0.569434705639151,0.122450287060843,0.623692062521046,0.139756022740519,0.708988762529156,0.108322878147509
1.07933596367658,0.102209966147584,1.13409185985072,0.112894391775986,1.01959593306222,0.179748606438527,0.578088825333736,0.207185825234882,0.76773499025296,0.181037146372517,0.623502883736953,0.159529133265581,1,0.999999999999764,0.0420060767271417,0.229357647850662,0.686734367477689,0.0886155491012807,0.824670715227463,0.0894394021738481,0.740890928836385,0.114999941665908,0.667550493389177,0.132603726697014,0.668771615756526,0.172996810097441
1.27401015443549,0.123764759985824,1.02872054906914,0.112495627029456,1.22712131796229,0.232465024912114,0.778052790613378,0.249889409192738,0.756043643431019,0.184668963738021,0.601187251044933,0.189152339227484,1,0.773746296919519,0.312469499286896,0.244153568595379,0.815035806679861,0.0978070363699224,0.891020574511122,0.0865484711040849,0.839024681993542,0.127082293829506,0.670735038259005,0.153574824531898,0.732435724195936,0.127936201648888
1.06860550869602,0.113999874547787,0.974929857578934,0.119488156403449,1.04346106356585,0.196473939940572,0.81484465543488,0.286210730016906,0.904930615699446,0.202884725981636,0.544426064454982,0.227751108440384,1,0.981385748184714,0.212787635775398,0.252031369264617,0.63472985822242,0.121089096468048,0.569566660735062,0.0945350923496192,0.659066608620045,0.08961184330956,0.703761270911299,0.154047355335901,0.754419092945406,0.15796076745128
1.01242675753024,0.101526340981488,0.977043046855963,0.112552366499703,1.0296972750929,0.176975234118575,0.683802856544452,0.246144387453426,0.778089173076522,0.175479610383952,0.414497041594197,0.194745831790621,1,0.927276247177559,0.0441119545374893,0.200406168994121,0.664655957354268,0.0883727204892288,0.670040348658386,0.0951508908366408,0.691027970283938,0.113826265411891,0.743441631073774,0.101631881459629,0.743471238917158,0.150660874614092
0.932274657488058,0.10755116643885,1.06597475580576,0.118864703862751,1.07233151923266,0.207359021293167,0.602317908490232,0.247723854894009,0.636169095222612,0.176631916400744,0.413823563753368,0.257154661281181,1,0.791580603086751,-0.310427637204442,0.21327505607272,0.792810313838455,0.0869960929730924,0.728396143796184,0.0957711329483847,0.662019404574583,0.124755981896339,0.804460440780768,0.161554871516333,0.622721743967547,0.174413411685919
1.11887009082379,0.119799115412024,1.06006797774757,0.128946200337332,1.1495995631347,0.223108126132713,0.961673518021464,0.341297387086538,0.998336050195147,0.244717577486337,0.824812449697621,0.0578247335583107,1,0.949488328130564,0.206423813542466,0.266438093433077,0.731975020046714,0.114365979369359,0.70602134018978,0.106376075461271,0.770166893247287,0.116063846128655,0.742895197338561,0.136443782203239,0.691833152326259,0.156551947413223
0.968007479763744,0.0915516858856768,0.865722064729367,0.0953084492302305,0.836124312024373,0.146565375070509,0.365995162557195,0.161306031126942,0.553188443000001,0.144049329483434,0.544629729935117,0.19751302896139,1,0.999999999953242,0.0240071242549142,0.211254811527244,0.650153360570031,0.0857787290064961,0.722466946056106,0.0952536474638269,0.553199930832213,0.101598660352515,0.707258402637019,0.120179872169069,0.699416970505717,0.158983641206141
0.958198799794865,0.095594104213868,0.99326125802407,0.100736877204354,0.816776577743229,0.15107785595586,0.358346031453949,0.210523289951924,0.532781909741323,0.14779946154115,0.650902574491622,0.125755303724813,1,0.98479658297584,-0.0231099158152374,0.22577467833657,0.602526169667869,0.106136337019026,0.721664942578319,0.0973218220812173,0.757214684654877,0.0847386910199874,0.476789501763724,0.138457783869172,0.825316822347901,0.158974147527226
1.01324684375707,0.117883670880103,1.02442410364301,0.115330753331654,1.05051125565675,0.21376011367567,0.708022905890789,0.258101702802717,0.85350071086884,0.203996132269695,0.744452955916934,0.123412121879763,1,0.98964601011063,-0.107299491299593,0.303316892295379,0.644986513386968,0.118326544361607,0.602537727833492,0.106432961432134,0.621379724667914,0.120284728754395,0.67787257402657,0.128733322185068,0.458688325143075,0.139630998076736
1.04732750355068,0.107986753087405,1.05433229385707,0.115072961132258,1.05098180616405,0.185023489370882,0.531295490738245,0.204324246637478,0.747249552993191,0.178534271988586,0.712552988765664,0.108959934121638,1,0.999999999987131,0.0607703273172427,0.250226891260918,0.693660597972231,0.0848630005913524,0.807334244642078,0.0924177007691833,0.525211584143328,0.125767492794437,0.859200988541414,0.13051644836984,0.78737188860415,0.15917852402617
0.933225461314389,0.0988428771729521,1.00851697595535,0.100831859971851,1.04045790897883,0.180787164190373,0.528999503794124,0.224778226822652,0.726119786428968,0.186376869651693,0.547244198969748,0.194406758045791,1,0.978742350984738,-0.380241768996112,0.223238398843942,0.861622842143576,0.0868597680917324,0.58667309439394,0.0984657026232573,0.579066818518215,0.105220577762942,0.700921504799586,0.145968467972059,0.954551119658295,0.128084896428441
1.06174690108519,0.105843420667544,0.949988730199379,0.0986697578368143,1.11589466091749,0.214429967489416,0.268241487764449,0.15371211933628,0.536962954153138,0.157711836236027,0.726350896141995,0.126748911485474,1,0.981453548798634,0.0774979948754064,0.240790471001899,0.759150284713098,0.0991450133845745,0.805510062446792,0.100626675368113,0.82185970284046,0.106029168315274,0.618756232850081,0.130520647288001,0.777493718054717,0.164158669383553
0.845269677363301,0.102185068031143,0.910042621733205,0.100009645002348,1.14747660573361,0.208803069025977,0.629261051971215,0.207649324515948,0.848727961850601,0.183345155566142,0.557624764664367,0.163411162882551,1,0.998806050368246,-0.0966854221707036,0.209249420405583,0.619591803417669,0.108299948901711,0.685191092214542,0.0829608904953224,0.701984005255429,0.114537212456141,0.638201566774444,0.122636896065195,0.844255628042097,0.140373797024027
1.0798653077382,0.111879318296502,1.10914427946437,0.110245963941502,0.796687262444777,0.152404267570371,0.384639850969192,0.145662354449534,0.440811221644734,0.130726342238431,0.473473571316599,0.245509699556332,1,0.796308893348834,0.251497450572403,0.226448144066669,0.689515772627778,0.0897457189200735,0.668615169402901,0.106213889455831,0.639412756719089,0.105060225299209,0.789286666793612,0.12387189780127,0.720645050093974,0.148143118402542
1.11007298175236,0.110992480419736,1.22843405330613,0.131527586384369,1.07736281599878,0.200907515256651,0.590840500499415,0.196640742975433,0.745111598599362,0.168665007789053,0.528430721728872,0.273901277213276,1,0.933910383347748,-0.115675821043355,0.266305862538706,0.752113575111102,0.103919673558739,0.788993292417402,0.0997889848473368,0.902831467121493,0.119246489278588,0.539592991232594,0.147928693134842,0.777216417349251,0.133915512952954
1.11490932767033,0.111433819725742,0.95191318697002,0.0975655780959628,1.3240905792965,0.238734956538306,0.280113863441516,0.131791533677778,0.609012419974231,0.17142569707842,0.173987067430277,0.250157875752064,1,0.999999999959034,0.154430888001661,0.212685918759147,0.801523266125683,0.0883151094401516,0.682614755281793,0.106342471467549,0.918754144861826,0.105847715413224,0.931552655474478,0.111177888207168,0.832748737358244,0.172766946279064
0.857408640344773,0.0993894680372038,0.879516497627721,0.108726181186246,0.934918855648621,0.173328281102362,0.658009074730203,0.249270576720869,0.77994893885269,0.178356773204228,0.752350306775908,0.093789939946319,1,0.994404934175637,0.0384857314414113,0.23631059909009,0.614424905310563,0.106241899716881,0.578191816600862,0.110947383371377,0.745635711425161,0.0968472501299056,0.41283990347148,0.132756675847769,0.63730637092572,0.136811623474233
1.17020596020317,0.120060559840641,0.923066119550169,0.121285664046339,0.945077897086118,0.186729314307548,0.815280145493928,0.356339262737537,0.655587922458145,0.184360527813642,0.434538455288872,0.186899176239121,1,0.746867751997861,0.257439393028147,0.212506337493377,0.810490588949373,0.0905924936860216,0.70354470432193,0.110453847325431,0.791974302260632,0.108055771480846,0.699289975020191,0.126102071003242,0.607823506397971,0.132419596033513
1.06349537907269,0.103282678245761,1.05162974859776,0.0968650545818794,0.992920006420341,0.1819639252206,0.309704385221579,0.124992276431321,0.554537356867783,0.134811463828094,0.603729745041399,0.19668323529941,1,0.999999999998843,-0.0360827703695662,0.252274400306965,0.697695321766767,0.0932760905745555,0.797870002365908,0.0937358910309978,0.650029284752118,0.105753832391787,0.84361845218727,0.128971671577327,0.902504452574905,0.134508284020447
1.08551124559515,0.123136230859733,1.10343324166974,0.118584432340375,1.11430133142514,0.231128054274071,0.544013321872709,0.228754330846094,0.730126870054341,0.192175493814613,0.528824147095925,0.275816089237516,1,0.937761156063474,0.171790853907148,0.252480477076102,0.726293262978027,0.102372848376098,0.634581673595379,0.119748244072915,0.776106171508776,0.0996703693579453,0.548082286472838,0.141403150233195,0.610429263704653,0.15100465648865
1.10704361615884,0.128197182155959,1.14825117660411,0.113679371434351,0.967632718963217,0.205995057340686,0.596976407152473,0.256773177441002,0.62596989361579,0.176051285148854,0.682541422621453,0.154207242173677,1,0.82360616660045,-0.317750946428396,0.299516787614687,0.941554117855055,0.0998443599320657,0.672072817147397,0.118352503534783,0.743275760041241,0.119724270015833,0.871523688233997,0.130601708015419,0.781866238458057,0.14961162752784
0.826667123450955,0.094070940529526,0.862358242263728,0.0995643286817199,0.948509981751833,0.174779474462882,0.665493874209796,0.19281211929041,0.787006797511553,0.159978461152054,0.624108755396722,0.15721555563763,1,0.990570749431978,-0.162269017272813,0.243456886135032,0.545144741130272,0.100496269194076,0.670863225882712,0.109401780254083,0.660100244240081,0.111853196813166,0.578273599074939,0.15403705735796,0.527010740693987,0.168456607911389
1.15100176212176,0.111107325714528,1.04369337081888,0.117709888300896,1.14756458921561,0.202896393879876,0.814182879397273,0.236757975931972,0.871121144175175,0.189828875507481,0.622806982404586,0.101961892718879,1,0.901216227264326,-0.0429638021573749,0.277334935193527,0.74200251959423,0.100929601324441,0.715158222863112,0.0953895500794041,0.82585806684057,0.102782661732579,0.800977891039653,0.103394055231653,0.688657912217635,0.14783824257577
1.16809920973421,0.140747635290825,1.26211523097929,0.150803459691986,1.48994376770055,0.319313579493406,0.851213933453363,0.306501349176994,0.987847628621411,0.285602431822629,0.358074295778148,0.384966483568992,1,0.877173818790193,0.249216489872014,0.237229312474956,0.703973234393341,0.120729953738157,0.818670569437792,0.10847685951486,0.901808029623194,0.1267120248158,0.695295514172152,0.153121759958321,1.00554998071135,0.16246384519499
1.09921807825624,0.101040721697581,0.88096280468874,0.108223983844659,0.922760578079641,0.179527006762185,0.493045650614186,0.161841672141769,0.585780179443537,0.146149229540205,0.556986606896167,0.18353815624997,1,0.868453541424513,0.197042955768126,0.233789790428277,0.602758427752908,0.0853825287274624,0.697327381984387,0.0997613217981109,0.786487341646039,0.0998418536177438,0.495245987409002,0.151054255540261,0.597823640336396,0.159379283438777
0.964366825251188,0.103296308676922,0.970833748793767,0.102821259392571,0.961652157673278,0.192350633815172,0.543420637409795,0.194437392512355,0.722898076138754,0.178537107855142,0.799608295890935,0.0754225118347128,1,0.999999999995976,-0.173001046435548,0.255366271681673,0.769504347325544,0.0991264038300852,0.732402377578186,0.0971261830549461,0.728750756097007,0.106610311049627,0.783553383541764,0.12934213052457,0.550913002994485,0.142943969526326
0.942683976615891,0.106802737119767,1.02373530545045,0.128232456437297,0.926333686413792,0.174505452117804,1.02155720779815,0.296958626340684,0.932108222577725,0.187973992562548,0.709799967305392,0.108478457054504,1,0.958189183710173,0.0473384901287488,0.258455167177223,0.610837053678144,0.11521122050554,0.650394558282386,0.104472996770753,0.740075964978229,0.103630762961087,0.845271185373665,0.119598573360413,0.392989171607714,0.184091708431302
1.041994724499,0.107151507054981,1.03636697589436,0.120800126537876,1.04651004786425,0.20140696509857,0.480871142833444,0.1782701230086,0.627313734015718,0.156887631034852,0.438663273712193,0.252666186324865,1,0.884298191210777,-0.263824068176888,0.245750274470865,0.860969359645822,0.0990553271948319,0.74928435272831,0.0972018646570123,0.751708197657153,0.116082493848968,0.922628100026141,0.128070615826206,0.79810699658571,0.166864710519618
0.775046567748381,0.110856427063333,0.835207798441085,0.0990702262746426,1.1692746168269,0.252234512956356,0.392867760406174,0.206285533885217,0.537944827282585,0.189716772756635,0.23831682483286,0.323561636177798,1,0.793699815427541,-0.191303251850662,0.247415740967199,0.695605887180057,0.114203920385043,0.800007744400207,0.103050348242768,0.784411861392348,0.141373936389218,0.669988553983702,0.150568302949798,0.815229027638481,0.155812142632879
0.968868985772686,0.108967256846006,0.863144509813188,0.116231819102827,1.12469373572947,0.20353309053374,0.688683889071913,0.221903648649354,0.793238912699449,0.17453422050559,0.629883194472739,0.157745826648493,1,0.901315647495253,-0.0578260655418718,0.282883356250851,0.717669504243084,0.111263918565643,0.779568203097066,0.11440864112497,0.642318459582298,0.117014037070509,0.750278264217761,0.129375308359823,0.838763894764951,0.144919461078353
0.866642516789298,0.109567592249686,0.990412737515075,0.10965721466478,1.00897366379734,0.194165585456064,0.331391778960468,0.1961331872408,0.444917724430015,0.138874094664486,0.0901150621521023,0.238114163333218,1,0.769429666028453,-0.33649794779874,0.239827225088901,0.741277754863728,0.0954567872513557,0.728478118824121,0.0996500849901042,0.582905572713418,0.135630759730282,0.611346159705668,0.137023597319277,0.610112881652166,0.149452409334988
1.02269074842971,0.100083977118307,1.16333053372799,0.113904790444496,0.851229468458985,0.1626221194638,0.494922458135296,0.22205406583399,0.623307225868232,0.154792678006661,0.488923171092222,0.244202832695634,1,0.96030735691586,0.0156884552549123,0.21182681613113,0.685219635755556,0.0988302686230598,0.449947233024581,0.105005594885473,0.661550898272504,0.110217509231841,0.829516036218611,0.12463779969391,0.810230825769138,0.148719751840862
1.11976199464299,0.125999816721369,1.0610127249393,0.125011115961728,1.22600255940962,0.240348416723348,0.673849181362826,0.213159678558522,0.863175434967918,0.196427333245068,0.444576565867808,0.339444135010088,1,0.949668496547723,0.428879766221745,0.276997748836472,0.677680289872854,0.10751905413196,0.802069379710084,0.10339768095231,0.834445423487545,0.118212199399679,0.742327267153197,0.135324133873608,0.774156513170002,0.157364261536593
0.99133040379175,0.106592072556918,0.904339542736226,0.0960034983910681,0.915919609996516,0.1835969766453,0.490535988814977,0.211801946479589,0.651654578906492,0.160180717058124,0.564538143188836,0.159487876740427,1,0.97219489163654,0.0175091308321569,0.220887986052778,0.665951277721887,0.0895996782773377,0.646957623626962,0.0881725672923592,0.742720581081758,0.126858497600446,0.705647058570766,0.137031315283734,0.86011485894247,0.141631291007959
1.06492546377319,0.0979105901368523,1.06734537893757,0.0925342990085062,0.753775055592933,0.115325831068231,0.345620606587835,0.146328272728801,0.510411786635073,0.131033835579978,0.621900199902098,0.148369939970865,1,0.99999999998311,0.156154636434634,0.236943525928457,0.662360579260918,0.0927380029277701,0.597252435205001,0.0830608862543153,0.713803435156327,0.093287911787619,0.855138150511877,0.107517069697672,0.4157566231111,0.16531103356756
1.04678269982107,0.0994298255419679,0.964974692198253,0.0940312704553433,1.03601162048643,0.180089491142919,0.362845755554608,0.133346030034768,0.613116970241137,0.143335292939739,0.550537591109488,0.184029317726924,1,0.999999999998561,0.147845357224395,0.207912503671507,0.696889513952294,0.086136862733616,0.780164834105283,0.0868606580391841,0.548703025638008,0.11346644482542,0.597869463271315,0.118517186874196,0.838337580647139,0.133215723513278
0.976851897719506,0.107960133830663,0.98735239475893,0.12210618081727,1.19134265687651,0.254689208464049,0.685765374421584,0.267376013751627,0.90387031318424,0.246697994211381,0.206909188838242,0.238287204849432,1,0.999999999937852,-0.00665694981148906,0.224355271337565,0.668246953380548,0.0899861895898962,0.619290317200495,0.113775178968606,0.630845861437439,0.14453844626828,0.683178982533668,0.163508311836924,0.559309487933032,0.17585996656902
0.928327317019882,0.106894498124832,0.929060559072173,0.0993965137205686,1.14146016350435,0.18337670882257,0.420065198670249,0.156517635136435,0.692450496682978,0.155995147753578,0.676925671536398,0.143153650743568,1,0.999999999999869,-0.358162772527644,0.270452807739548,0.64080524193206,0.102203338518351,0.8622911880944,0.0912498886190622,0.656720708174619,0.0943315022468996,0.819708380903683,0.119975202492234,0.705870217018404,0.10954067211678
0.967556536156836,0.10979460142033,1.15576450124065,0.145261166468271,0.938136444717093,0.212270518989068,0.847003674172003,0.319399252695926,0.679160409563957,0.201059899826691,0.746054354283819,0.0758594011601315,1,0.761897784247469,-0.541112690619849,0.239978902440371,0.820268487913957,0.0939970513876255,0.768319861477983,0.10776325008959,0.593213204967558,0.135285727210447,0.770955826142922,0.135710116624814,0.574068607960872,0.163408739462783
1.05696611724395,0.107620202870324,0.993954639947144,0.108366299629058,0.941019292012707,0.164990241953115,0.501714989706671,0.250154036204507,0.491496971587157,0.152714714749249,0.552472189826741,0.240643060895228,1,0.715307937682315,0.130177760401242,0.238181710302385,0.801078279074641,0.102370380562414,0.724685311209256,0.107988159864655,0.632914671007909,0.10477718574292,0.855685790248621,0.112605153509002,0.648870701078075,0.151940643807789
1.13964576806173,0.0969607997755027,1.13687238657594,0.113228369791094,1.05359002886193,0.172503635583571,0.597047187609228,0.230986081502645,0.679147136651999,0.162031681427194,0.660387063475419,0.148900094303965,1,0.85629561415689,0.126768491403621,0.248005306249792,0.611739765905381,0.117091567210763,0.856032220922042,0.0845723001294797,0.725973573890167,0.102495576769363,0.5441742947204,0.123038562800633,0.488304032255648,0.146764287388938
1.16057591268268,0.108879606605513,1.04025883470038,0.108443786346469,1.08376552753592,0.189591742946045,0.577106027988647,0.196954475511041,0.790852463399157,0.172232359174684,0.735358977705177,0.108421768361918,1,0.999999999997792,0.473400336692688,0.258062563419231,0.585025434558461,0.101250162673332,0.730910574308214,0.0904882581753139,0.630299684622852,0.10069182704289,0.768248572798612,0.117748160800924,0.670162246396021,0.140102134425432
1.03370818010321,0.123643106651095,1.08105415392416,0.12238021376713,1.36562457404989,0.282012066295613,0.407526773370828,0.157635340385982,0.746008429102461,0.190475899922318,0.162549607277484,0.299710310762159,1,0.999999999994122,-0.291130917229463,0.210866630260029,0.80854782224866,0.0984362711015424,0.745471849067988,0.117215567845422,0.638781777862909,0.12587062237603,0.795220850053969,0.141087844257218,1.01548954816508,0.148837269104328
0.989969103810223,0.115247937709892,1.00339997115119,0.127023890001742,1.31217318158855,0.251082635522561,0.832030614686946,0.271557327594914,1.02888214136199,0.238651317297224,0.216923089717771,0.29251689545851,1,0.984691971911848,-0.262883466339796,0.200627941325196,0.812143399029411,0.0914131945208247,0.689895327115063,0.119884346713377,0.796871160007806,0.105695469534635,0.763787863696262,0.120905197871613,0.575769520582264,0.178479035166721
0.960355251840695,0.099664198190772,1.04785780992138,0.107985438662985,0.994422294860629,0.177582699037776,0.415624334426193,0.150943851760732,0.642888874097404,0.145372388794242,0.61047474506766,0.13292089144447,1,0.999999999997837,-0.00440403040153229,0.234522488143446,0.687965863131918,0.102074853143362,0.778123790735254,0.0846116796513098,0.798592449723633,0.114825089621904,0.521186254549175,0.147924358166689,0.540595795571135,0.164585231560526
1.14079855774649,0.126544292725296,1.14354411586775,0.128614667325645,1.22030705593193,0.241102387172467,0.751435365352751,0.327855052543733,0.736576860233528,0.231194819573177,0.448034076300286,0.338466707763028,1,0.769197200024522,0.0875809571256097,0.247957832455751,0.856883611662875,0.0970388073627695,0.752328551919248,0.109439644608924,0.814278722382192,0.115528693260139,0.824850288504205,0.129830263795077,0.820604655086937,0.183265887417964
1.05785180600195,0.13165786635157,1.14749082776709,0.114995902321692,1.34094885853099,0.271596329494267,0.404795991127695,0.2408862846631,0.676991286964205,0.224220689302961,0.408816093164566,0.331076966432722,1,0.918880151124987,0.0427738236976579,0.241710795163138,0.618852735838554,0.0961760948257492,0.841858893172202,0.103427490183021,0.768376504787208,0.125330395155908,0.70878700992249,0.147211534391596,0.579235303812519,0.160135137960534
1.03022197076446,0.118140902329011,1.08848664270307,0.126773797026206,1.12536600698525,0.22824833263422,0.808222852623903,0.326353771433472,0.73300736928677,0.206504832404081,0.735117592179014,0.115825400288188,1,0.768592038538081,-0.231890947705446,0.27852502677888,0.886945430790625,0.100506330297223,0.612816757394798,0.130650193200241,0.804445358887865,0.112795710486123,0.610285420314715,0.129030024219633,0.917146454418554,0.148737353069361
0.887217086105003,0.112133898006604,1.07673167372853,0.126588407329759,1.11963399201338,0.219826650407653,0.687524255201241,0.231708964659795,0.802915744441082,0.171932455606131,0.536567512047469,0.258241324145294,1,0.91514081336615,-0.242404134377625,0.240170990393466,0.620988571676588,0.103128583119743,0.711528232947268,0.104516322505881,0.711278235919278,0.104268843526753,0.67271995430342,0.130483227189661,0.770233704257461,0.154606091825836
0.861005671348571,0.0975478352291785,0.789243735936992,0.0983376803956718,1.00094417451589,0.184098654083409,0.524116178389252,0.229291842304197,0.673101958943493,0.170528824677101,0.335335840323053,0.232207328606058,1,0.929313280372099,-0.218492282904762,0.21460793919556,0.645475014294315,0.0916610413759456,0.656921939904184,0.0984184353047484,0.729621766704427,0.109601153527323,0.714971990416265,0.140339167618046,0.76128948581882,0.169100263422673
0.997187843029846,0.110310346792956,1.06894065822653,0.114217508503038,1.28019786304137,0.225899851794457,0.719284873300609,0.225532367020437,0.880721069400833,0.190995049480077,0.700179689734822,0.162924024939536,1,0.917802789962443,-0.330297894173672,0.294603288396553,0.712135184173092,0.119075388955231,0.784646787971476,0.0863699632106654,0.672145550841443,0.0908993248263386,0.711785569903278,0.117047349133664,0.804678754453064,0.166963113273972
0.916699767445381,0.106317140180179,0.913431172860996,0.119008936621541,0.837616734896182,0.168285784502365,0.502257087985677,0.205178719773381,0.52816109630817,0.150229393813463,0.634290245334278,0.183613823181694,1,0.81429299446497,-0.0884004579429238,0.227489439733217,0.630845518580813,0.0984464322854767,0.819148446806726,0.0995190208452608,0.835806887000009,0.117024691341845,0.556824174056644,0.128425375833413,0.785894632332916,0.139080849688487
0.904930140136581,0.107594771667706,1.06625584748696,0.107500686212566,1.06206681190999,0.191174011188217,0.621356593928918,0.191523214440274,0.810858996903405,0.17581266307994,0.642936237867331,0.155906815321735,1,0.998157248861189,0.00864090270096071,0.238864198849482,0.600137175872335,0.0932074434452435,0.681211518168843,0.102829498334121,0.704130760679034,0.110746899589559,0.629753768347553,0.13583545433336,0.871627974568485,0.145919502030732
0.869542111831662,0.102157366009589,0.898594061078348,0.117643771249312,1.04964820781121,0.218722900252956,0.510949413757214,0.203152624115952,0.634062140308932,0.19295128564507,0.642395646354443,0.202697241479347,1,0.865806786121869,-0.377423686439959,0.265148672976612,0.833257149282736,0.0932863212693556,0.604813516144204,0.115917195072525,0.780553694890929,0.128146376650888,0.619525748674393,0.138195253372227,0.728468152273316,0.18815090845655
0.897831449298748,0.105358325953187,0.99569528908983,0.109866282880078,1.01598039940077,0.192972661232412,0.37904832782401,0.151003987747021,0.62056882897275,0.157739381525324,0.300334079457627,0.270834187906153,1,0.999999999997116,-0.0769761989041763,0.2100815646491,0.672795214261257,0.0887538148645427,0.691425223942742,0.0989552705282505,0.722000754048092,0.111086458670369,0.940436683332298,0.106046004007833,0.872132521038565,0.134318411325087
1.12742308082805,0.122953347008795,1.03022015342954,0.12724565334392,1.12010854374379,0.236581749842374,0.604408105954902,0.273778188260119,0.722331574735618,0.213483456939108,0.722919540329318,0.116858335939673,1,0.877892632292276,0.421817376859915,0.257855366417999,0.869120708240766,0.100334515649688,0.728848954784693,0.113293018925578,0.784270019330748,0.144848698549145,0.662918746302215,0.13585944448425,1.00329594405307,0.156230688638137
0.9164569377337,0.0972225322892048,1.01444833319252,0.12573352183739,0.836139433424646,0.167676377495509,0.713226951410301,0.275350888390123,0.679566390904215,0.177211451491557,0.393417937292262,0.251218528197366,1,0.879991882673909,-0.301354174834067,0.201743751107002,0.628952684593412,0.0908582466836199,0.730538507932147,0.0851095544800713,0.574239696196838,0.125431152000297,0.599002700802125,0.165467784873568,0.722919406920811,0.1662599399832
1.30557111588691,0.126011205330641,1.14966249190418,0.139019756954544,1.14248449302801,0.246685048341896,0.611699613344703,0.249300007338297,0.725555197264343,0.208608080246574,0.683417916439047,0.179063790132976,1,0.867913007712444,0.543457190493369,0.250745701333196,0.701212250615971,0.0942531940534572,0.767627947376165,0.103455441412797,0.899616640536104,0.128274545265369,0.658800438330081,0.167262524495237,0.964473984104687,0.181009215431709
1.01448787436849,0.110016247461715,0.924132459416369,0.107855458821213,1.03190643898161,0.19611241947257,0.675784288004689,0.264754530215353,0.770859593854472,0.190349971521024,0.256782898798384,0.254312357137176,1,0.923104940947397,0.070541990019536,0.234259810485355,0.689906099652825,0.0941625413968988,0.686331348441874,0.102232264870631,0.590254941537905,0.128613991082751,0.542525143498809,0.130556536705313,0.667676692920563,0.138190960910515
0.997334713664715,0.102573552971959,1.01386133122148,0.106580945168868,0.928002762623531,0.17488363177321,0.560192759247748,0.1668674268603,0.569973946379242,0.138795879134265,0.698107398101258,0.0996902793136884,1,0.790517747251971,-0.00711878514446734,0.223352516374254,0.560051114158148,0.103326341537593,0.677417463739447,0.0967856355347706,0.704722152379851,0.111522114255695,0.647757736422456,0.13077848305048,0.742118839390614,0.189673307230516
1.00372916895825,0.0859971834998634,0.96845469566704,0.0986535398864666,0.632791437192481,0.11184863399445,0.439666649636105,0.155975770584848,0.460032913009464,0.106506515448212,0.722914297819891,0.108994605758577,1,0.872161367182567,0.408425039306132,0.256075449030835,0.494157602005438,0.0966530443965942,0.62560225130873,0.083508861100358,0.551947965897613,0.105227256132223,0.663084454482896,0.106514373486668,0.448520791827636,0.140240173015475
1.02283560071241,0.103245880274138,1.02392086346742,0.105869222252886,0.964715977653414,0.182702963688079,0.630353866220327,0.170685960711624,0.749133146708228,0.147712805939284,0.420440044349365,0.223248386591857,1,0.9606541593962,-0.0712762641364662,0.22219630432558,0.667741844005228,0.0982181510467545,0.771157720462849,0.0979251195369844,0.665526175508122,0.128270475320056,0.587855892957084,0.15025406521782,0.697300075806039,0.146581356337815
0.979451453713858,0.100911497396702,1.06702512416916,0.112707131780519,0.860064648557677,0.153098490018436,0.545285636022216,0.185513078810316,0.646329158156271,0.150771751499135,0.651291585591596,0.154648309335499,1,0.943791738757794,-0.00926667409390004,0.242955977941312,0.646464324018541,0.107341237832149,0.479130989833779,0.11410112604566,0.762738208579323,0.101147089107791,0.553706534848561,0.12059029455484,0.638131897206027,0.12215596628702
0.887699999983719,0.0961564594634384,0.89194000631287,0.109808648893177,0.718230392107937,0.133769342616026,0.481293483766049,0.242855924133111,0.442290917610559,0.129768452176707,0.622301981670959,0.168225469041711,1,0.752265493505416,0.0126097062464236,0.240045003753319,0.683981400417888,0.10064685381178,0.578275043329882,0.101625824528418,0.517291018569469,0.114225959048284,0.702864376527894,0.119771851720811,0.715106998404536,0.129172155085616
1.11822899130715,0.11269602008349,1.06311667367282,0.117890103646023,1.23191464624526,0.22228579201889,0.789005902254947,0.321002845400808,0.889138872482143,0.208065785610147,0.459047054048984,0.224542524945334,1,0.901860077259463,-0.0318852180473729,0.231136393126788,0.866054653144412,0.0946822351819336,0.696107602511392,0.101847803615929,0.699518094921905,0.121688710912537,0.67236147471226,0.133377228495524,0.806324081066339,0.134961781272831
1.05344937647829,0.104510481720442,1.08728953407983,0.110188140119418,0.8416820134592,0.148096400193728,0.513707824202599,0.212122626899242,0.516033063896492,0.139592058523954,0.640885038166365,0.155200327506557,1,0.784775462763184,-0.291832779877363,0.238267351538004,0.87108414792804,0.0932776896227789,0.543460465645323,0.0968468967824014,0.675013301681306,0.105522641324671,0.570596607318098,0.120925966652593,0.511114513383614,0.15067567298356
1.18879604266819,0.104501199304126,1.12816578013144,0.11316605961274,1.04766867681256,0.173120249500157,0.630064976014767,0.196494650411659,0.812464977537626,0.171151535846824,0.540794396198329,0.22921126649262,1,0.999999999998399,0.1918094775555,0.221242101940032,0.798828762439574,0.0962014458056202,0.787159162349464,0.103745608195587,0.773128920237486,0.0986074775681373,0.756555215284594,0.127305895792969,0.924347475917187,0.128378669617837
1.05938492733573,0.0948731906483853,1.09548443004799,0.0962279970126373,0.80395976767803,0.144912110608243,0.447978308660281,0.178440942819221,0.526126874290728,0.134001073115803,0.765527379344602,0.0727868626607767,1,0.876687541757319,0.0387225178984841,0.230455281619611,0.65235963873751,0.0931534370110426,0.684085291956811,0.0886362489260432,0.787951538535481,0.0990337701240004,0.620858124126478,0.120131091148334,0.685362877257312,0.155633696741309
1.04835328072464,0.10716028620972,1.00365581477019,0.102509763998943,1.07467546132253,0.212133876941623,0.467389942793182,0.181266348580319,0.679985224589869,0.162348801063968,0.637544080214475,0.145414985157407,1,0.959447307041518,0.122081404725993,0.232245893745876,0.749953485696969,0.0972019429171439,0.743827965512539,0.105142692209628,0.425998117415049,0.128004829323533,0.730512025439756,0.129387812272827,0.690541685499518,0.161031721844686
1.05385100427272,0.113962763501089,1.06193024851504,0.121693418924008,1.12153073766572,0.225996481304445,0.44366539371164,0.193996548443,0.614369674000595,0.153228481600389,0.203186887410462,0.309729461621405,1,0.870956375432407,0.14890464020301,0.229883674599651,0.660229119965579,0.10707506552286,0.751786099821886,0.101220620835777,0.737721099225385,0.111472532107971,0.797079441852971,0.133668388253616,0.948087571618349,0.136617637278141
0.957149148470757,0.0933357374815109,1.00535760432412,0.0975420394408661,0.673362399660331,0.126096865513521,0.388795771293171,0.141073215174351,0.511664395415221,0.119351314817883,0.774120135314446,0.0726263564519148,1,0.999999999999742,0.12942501145461,0.265515947505189,0.516076741510957,0.0979142018752686,0.673047866510387,0.0919733579277573,0.688025637976632,0.104321156813534,0.622907720079437,0.102367703151312,0.782486686561802,0.153645864901047
0.964985990298078,0.103794505479304,0.907429312851303,0.0952317710304202,0.943772377242235,0.18287764955046,0.336392620711084,0.215775135000808,0.525743082872028,0.176690942443409,0.561751912772745,0.178744214533394,1,0.933075328244579,0.0042246380821422,0.23054471720237,0.764625279377778,0.0869027937737931,0.526418439451871,0.100538510451177,0.55738853878998,0.122782461750011,0.652108032832035,0.131063362598673,0.752596057066478,0.165956949229658
0.97870283690544,0.100076737769815,0.977857042400941,0.1071888517334,1.03453196370975,0.196255450563885,0.588046179434144,0.204574360210878,0.742816198320687,0.171390446201566,0.501759839965264,0.253711098561917,1,0.952365583612222,-0.172217327494261,0.233953486130044,0.783439141024251,0.0860760007934782,0.705913146238669,0.10226969604142,0.712954103922184,0.111360786785456,0.833775624347276,0.130603569083026,0.739445410912052,0.17637874203567
1.01032592230294,0.100574662545931,1.00251745293236,0.114204325370674,0.89546041233374,0.169441796013698,0.669685314094803,0.285376383108165,0.692588650433922,0.178136697693466,0.630131597784555,0.147409570969355,1,0.894369102701765,0.00820202576075017,0.226101361381232,0.566171212805984,0.0950064398359616,0.724518045452542,0.0876087327033705,0.546323350079563,0.142948277255624,0.703410323054804,0.125593320631373,0.685727127976684,0.135859065455686
1.05616353414385,0.10702155632265,1.09027518843776,0.129984935929501,1.13017086006206,0.232447540194021,0.944979428855456,0.351460354527815,0.871025511095065,0.213254346962298,0.530566018152175,0.264945679786278,1,0.842844864741904,-0.343811081963598,0.230909019918494,0.907796216394781,0.0972846584648184,0.829637383494782,0.103094665764152,0.721729158065021,0.123188613383719,0.639532215608732,0.142133919422744,0.865459247337675,0.195387788118884
0.91390646438999,0.114195967592877,1.00690424650477,0.11118492822576,1.12565798357649,0.203183435950721,0.55854822472076,0.215190884543525,0.757465736509043,0.181254745950034,0.558491459073443,0.175138477788844,1,0.955277231590832,-0.157215474542553,0.284299252546056,0.767186433715286,0.091937929940391,0.878088004383853,0.0941278000103797,0.614441606432595,0.109842047002559,0.59572750661041,0.125547833873276,0.520082476378511,0.156446390798833
0.922514904941767,0.0982359396644017,0.902581757622412,0.103108279401487,1.06890644453946,0.20159812386873,0.524447584101582,0.167885783221746,0.748722513662686,0.163670347733344,0.370074872186055,0.262158282398322,1,0.999999999996467,0.102783559460994,0.228987201816554,0.531165456706033,0.0986970904930432,0.693020460993846,0.111049745415418,0.817438961396418,0.115155484288308,0.627844803635518,0.134468031447202,0.814488822876755,0.156418622380268
1.01931768140062,0.107397946748786,0.967787976750262,0.113971541934729,1.04812788898776,0.198090067383902,0.836845599367679,0.337791796804885,0.805555220402547,0.200852731421892,0.563581277807832,0.24635220525621,1,0.860132800745096,0.421881363896534,0.250847560923514,0.708224881002911,0.0924206827538504,0.688913049351586,0.105470948550247,0.746582050993124,0.104305215855915,0.402769594073594,0.152363643254795,0.806458994048074,0.138307138631385
0.955751185870121,0.0971972264649168,0.923777773567685,0.0951554488524396,0.923761313209972,0.153308843057192,0.426745625582611,0.155073759173938,0.627862325160663,0.14830454689861,0.664432016674659,0.119732633917537,1,0.999999999824141,-0.379621295499515,0.244130637479561,0.692450181449643,0.100761349289286,0.62020870796141,0.0807512531180234,0.757382018156344,0.0920971019093979,0.704654961536468,0.137086695631573,0.790229397634647,0.145535401312205
1.04772958303074,0.106421456883464,1.08784609380286,0.111063035787755,0.802787760559443,0.150427388134442,0.595388263170881,0.195594149604334,0.686054253772029,0.143065165865997,0.578404312649731,0.200888288858982,1,0.9923341916953,-0.00701324350153547,0.24015422723695,0.793024462081269,0.0881702545467195,0.662243345243857,0.0950491778072766,0.611096212000792,0.119663917402433,0.742474408431975,0.125500600369325,0.680426350835607,0.145334806652689
0.907214685075273,0.105393720215196,0.921986063449913,0.113902874595997,0.696413395123585,0.14088799777342,0.974531783124825,0.276359641740124,0.762380627728819,0.16942234233687,0.800560142735533,0.066449088747859,1,0.925423003015506,0.0236018024766995,0.265515637369308,0.612346779005826,0.117660590259807,0.721005214092606,0.104240250592174,0.590409473224376,0.106590688102717,0.579044948236094,0.145416365270824,0.508311065173467,0.151026542038595
0.961722612846898,0.0969397949730534,0.912685298872871,0.101633929636392,0.940350610441906,0.170898145376473,0.600917576268109,0.210167466283423,0.707216797790411,0.167903194710339,0.69986981975809,0.117995513703395,1,0.940806281955069,0.214220737604483,0.2391931110484,0.715243027388385,0.0984013039686973,0.564681140182223,0.0964847233739544,0.532700095421926,0.11194117244979,0.760721524029573,0.129965909716728,0.761673921297781,0.137186958095153
0.97686795320991,0.097726528745825,1.07747542328302,0.0990022890501371,1.15445754175855,0.202368638443299,0.671488698080219,0.239954539553881,0.879863588466544,0.192630497473452,0.475551262625621,0.205344537482203,1,0.999325591475363,-0.179588268841083,0.242369488083779,0.603337067717685,0.0977062288136982,0.837852991398784,0.0959404856943245,0.849332050045845,0.120296355666835,0.840082594712262,0.105512764178827,0.777611947188589,0.151275346169853
1.19360644147087,0.101589438519519,1.12103246072233,0.110741915650708,1.04558517736962,0.187295086963118,0.534765238488688,0.196044932864019,0.747758387728541,0.179164284741882,0.617724983404624,0.142453218466444,1,0.999999999715712,0.386841083718248,0.221170703000932,0.63665883351705,0.0921972016798026,0.783147668661177,0.0861862853058205,0.630041161986295,0.110025226229933,0.585217879471766,0.138565229922751,0.677156914894952,0.172865794593055
0.982413744794188,0.0973276982092598,0.949078583715213,0.10673081403933,1.17924738621075,0.210542421139068,0.66791253743913,0.248093732123296,0.887487527494668,0.204659236887099,0.682074564904943,0.142314828585447,1,0.999999998391461,0.0733845987959958,0.22679459698635,0.6588403771276,0.099650536954153,0.711698912844677,0.0954730710744534,0.592420385828234,0.105530198293419,0.815493210425626,0.108728155977403,0.68479366946219,0.137901161402411
1.22730771914338,0.131038491457259,1.04421382160665,0.106058631561571,1.29492298374896,0.262528332144139,0.341867923586439,0.127836791902893,0.6653515098423,0.162719422842136,0.287632049767978,0.271693346052301,1,0.999999999989624,0.368748205535839,0.243671299667383,0.696807614369074,0.0975009953175181,0.805247250945964,0.105186947253212,0.735168112702782,0.108294605329229,0.849859484535101,0.142788504117267,0.971494675157817,0.190297626930382
1.11771800836665,0.118755552406727,0.940080724087873,0.111402558045213,1.22144330060716,0.235644721873289,0.494989281938204,0.180728136687366,0.654708898561777,0.194483968979569,0.328285220291058,0.262729431085294,1,0.842003099557967,0.0738590121629523,0.22085402049345,0.777808822322816,0.0864604075339314,0.769849876765312,0.0980906125779102,0.740053493327341,0.112984424533061,0.601951857227416,0.128894083759356,0.819379251518561,0.161092001749764
1.04210865076571,0.103170371491576,1.05295949342143,0.111627358813894,1.17509869577346,0.217458655988646,0.537757318123192,0.208104137794501,0.794932653189369,0.195899039503556,0.488603084042696,0.214197020022951,1,0.99999999995054,-0.0493305478633773,0.199545970823309,0.678059163942316,0.090182353206011,0.612285973976694,0.0992604025741868,0.846536078934272,0.103432055351915,0.652655347327063,0.140197594700997,0.688461661679434,0.180102439157627
0.97351952392959,0.11481532186561,1.26065091116512,0.115869106087121,1.10930319459069,0.223480036381188,0.54106514076347,0.246821930856867,0.763197150944006,0.19443838671104,0.682738891518821,0.121887238117603,1,0.985114771776766,-0.450235950131559,0.25285581024612,0.737165777674964,0.0911963765658776,0.766657344463504,0.102251862909644,0.799842105273916,0.110014999057994,0.67866888738936,0.136244561018533,0.852386396960765,0.156458150539887
0.945950169485294,0.0996261574117835,0.840884414944419,0.0867962376820968,0.849022732101379,0.15353739150414,0.359854193244769,0.176255460660523,0.534049708845512,0.12527998409278,0.444867980041989,0.249006843295577,1,0.966181548985938,0.0977520048806503,0.242265703677452,0.642260780816763,0.0994843347480733,0.659532412079756,0.0915804941017855,0.750897442428815,0.105313498240738,0.659932870671877,0.119775403447992,0.441434437810052,0.150262147582987
1.01526169114069,0.115247205340866,0.861473019052227,0.114990547666564,0.831632948869785,0.190304973065572,0.76471313281717,0.261210040078848,0.696125712012394,0.183023780291984,0.788498520125625,0.0857432108282501,1,0.872916207272629,0.0896564705834015,0.260130932577859,0.679423866612564,0.113823234726882,0.828630714428558,0.108845084338888,0.583702305243052,0.158069041438825,0.617213251337503,0.152440593983701,0.961745710729515,0.15950721421898
1.07271740165312,0.119583238171724,1.04401446258132,0.119684086738464,1.32532404510739,0.258278278680736,0.561687396067111,0.211705111020177,0.811067880430853,0.190973535338279,0.464546387353428,0.262321329041479,1,0.940045392169045,-0.0484809101908656,0.26729565121095,0.744084369354364,0.105477918580206,0.629692089682848,0.112660699087873,0.69668207394063,0.117726851586519,0.78414519530957,0.133689291528593,0.709643085575478,0.151544778964923
0.927213971888051,0.100281171316601,1.00030231817232,0.107475391610569,0.913030156529808,0.167298217292999,0.316245234297178,0.137171291283407,0.537346662564197,0.147042520457572,0.710624445136501,0.0840466766946438,1,0.999999999994325,-0.41595912991302,0.222313962889034,0.782088495475074,0.0797790119028292,0.47631077041392,0.105009980284907,0.689369166712803,0.113052114967121,0.639945277209838,0.132162749724618,0.824128800854797,0.147121011714554
1.1585351318805,0.136532678620346,1.06735315201946,0.118816080953993,1.86407435214643,0.369800538912912,0.303387512551328,0.248760370934772,0.706240921767945,0.23765872304297,0.0360579256326472,0.243501792269396,1,0.939122859940049,0.0570656277116494,0.247687575544185,0.791662331897972,0.101547750376136,0.889586621286332,0.114744293144928,0.787378305176802,0.144291954142622,0.903177743170776,0.135096987208974,0.754120632406022,0.136388002810662
1.19054556425436,0.135389653209561,1.18020218539896,0.135759976760121,1.6805310312101,0.360724498054375,1.22745867591557,0.392553789308714,1.31960112332259,0.314122058252382,0.266745223916347,0.322126466477638,1,0.918789383899228,0.248038104519385,0.247841545905312,0.646023384519719,0.118964599269049,0.932997073990669,0.118233266545496,0.841969576379338,0.141093843649219,0.960097850971409,0.124441055336803,0.824188271598081,0.129312010788144
1.064576316874,0.115796487128408,1.08252782355201,0.129749238777255,1.13024818148221,0.22379154616664,0.86632776082591,0.364789225262126,0.851060147992737,0.215374789903203,0.130531486953099,0.250633113388987,1,0.860066893023596,-0.23074842420883,0.230813254184913,0.891568524790141,0.0945430430040276,0.791604027429339,0.11588906184444,0.723847387542126,0.111135796832765,0.918121694090095,0.136203640003833,0.780845205275956,0.180453737811067
1.11796045280749,0.124552447458009,1.22474230556739,0.120526734065774,1.34325397005535,0.252723922179311,0.464309791718417,0.205707804921366,0.789737912892164,0.221878412785607,0.505766534306514,0.317520816687224,1,0.999999999998344,-0.0140035186922439,0.267478437328578,0.741564517530381,0.0879085814866799,0.715791145473606,0.100662574822853,0.825482410338989,0.12172209493519,0.815403375189738,0.143063290785237,0.928931133933483,0.14765839800345
1.00858476169693,0.0953925520063848,1.02155977380641,0.104824604751541,0.96970416656251,0.179607914755188,0.500706893549826,0.20652297363096,0.69680525295988,0.18379370432118,0.681532940910054,0.164712744569674,1,0.999999999640239,0.413898797276838,0.243348212990217,0.577666709297462,0.101396764063466,0.68453557240024,0.102241331596006,0.594930282905452,0.103764511864813,0.739835265830698,0.0992908967886562,0.779729707370844,0.140778839190205
0.972152420120257,0.0984118716949878,1.02142083617561,0.101091427343113,0.808621115694794,0.15169770788354,0.477358915170626,0.22412855601417,0.612653592112352,0.168219339894307,0.768763979877853,0.0773321420459156,1,0.986097655603337,-0.167601520869718,0.242244298444734,0.833436619760589,0.0967192322605741,0.549472363789097,0.0900351655121219,0.740740081622877,0.115712412556433,0.700565611927607,0.121398541568336,0.691384203730788,0.178865199700214
1.08298059982935,0.102380717100578,1.01018082664003,0.102044167392724,0.830727576729074,0.154928577433951,0.222029053052554,0.104090053262384,0.34763919586288,0.10662194607157,0.445715844489135,0.286617008654496,1,0.809458372699407,0.227210103611846,0.232341414133207,0.68513479490713,0.101607313934902,0.704780054783931,0.0940945332578153,0.69165126160487,0.113495985194767,0.61147802322441,0.127552671762444,0.711788397494674,0.13670243096407
0.944621040481208,0.118705923616495,1.00816665120834,0.133798593622829,1.18194093803003,0.261156707769777,0.607939894810756,0.223198977433895,0.653432710192621,0.184070050258451,0.512422113503894,0.311257399537877,1,0.770854942649502,-0.518238465552567,0.303310047484028,0.807038263298811,0.118855567319185,0.766543307591773,0.104859347597305,0.702585185282932,0.119436755660954,0.91537631080336,0.12822986793678,0.85317343997514,0.154019718524324
0.918273606119458,0.100755246097063,0.979458637203835,0.108152664155289,1.03619311490138,0.200109943372055,0.469256943076202,0.206462880464691,0.623538875966155,0.175193656608082,0.612696984936685,0.186865368123537,1,0.894206517771903,-0.147075772919122,0.2468090440829,0.761934988472039,0.0838363786339487,0.562900208891123,0.105429373522773,0.754381763059183,0.0959944061655119,0.66192257909518,0.164533020423833,0.551139550113802,0.173648298178333
1.34860421812166,0.144966729207244,1.18816263744599,0.135173655179259,1.35782904456601,0.298580086210493,0.496595070530392,0.23521842324156,0.700479067386614,0.20291344751275,-0.0117498161818784,0.251856557139344,1,0.85304396037614,0.416305671548126,0.245204623640927,0.7130674298936,0.116645968633073,0.9324537439881,0.112054773225931,0.896843049933899,0.124961893286412,0.757384989956898,0.152890470831671,0.793363491138592,0.141438664356883
1.11884619895539,0.120595345852032,1.09806428830034,0.118811863292745,0.957846954403063,0.191061313417053,0.340555122150932,0.165551186474284,0.431646972496229,0.149314725006352,0.230607855034559,0.246871435309606,1,0.755765267850258,0.0143807635909273,0.2434426802058,0.76213368267762,0.0920349030690793,0.73986840952198,0.108024090429217,0.89666675893285,0.116893064619301,0.598616686518585,0.163751024614091,0.593115608841862,0.165871711812671
0.896719612844773,0.109618238235226,0.930204557974942,0.113373399761887,1.12843699362529,0.217878008696014,0.662050769852091,0.259752324451104,0.854294264035239,0.212085290226092,0.0966568506558957,0.225076020249402,1,0.988378262457737,-0.273215545652904,0.224221096270463,0.615249592221447,0.107643607253537,0.743754382888066,0.101990705897994,0.834493302105226,0.106878703599005,0.53993667332116,0.15238072590161,1.06314161247436,0.176955086076979
1.03757081323988,0.109687724055475,0.972229184310461,0.102308515451254,1.17400924231417,0.197379579270387,0.54416937502718,0.226329796453199,0.738465386908379,0.192218776774552,0.753501713263429,0.0874191904235167,1,0.923905043142182,0.0649548061018561,0.287636479312806,0.80190884893487,0.0934662130292912,0.751277871723983,0.0996908219642208,0.736184968354737,0.113053817413261,0.448284288815813,0.140280987741858,0.823726766571518,0.169154370015888
0.910886306682488,0.108383472139019,0.971503432938679,0.129600205615634,1.51676951729202,0.278691620117923,0.854408092829031,0.276952260259845,0.992713845948931,0.218549027851268,0.664118744767592,0.138042566877035,1,0.872030362695051,-0.579487958465626,0.239789621037402,0.846371479343707,0.0887308162304307,0.856503683183488,0.0939524683028435,0.709988557373216,0.118677218122063,0.899389086170519,0.143255150856601,0.813202945418773,0.166065952633788
0.922963693288336,0.103341908763985,1.03434013399918,0.122063134331929,1.13776226537955,0.218142737350696,0.631873019792974,0.269519246699777,0.796177805135097,0.2054533456459,0.22298961347819,0.292959507349179,1,0.939008227923687,-0.189422064473334,0.234718266168445,0.666776673549764,0.0907446953273077,0.756066875979513,0.0998872782641762,0.652509478667984,0.12406810676986,0.824567377290964,0.136335176215939,0.709195156612289,0.173303355593758
0.8362261619635,0.0943819295559484,0.817285532344644,0.113876021616259,1.01041420141631,0.181105136588221,0.700494358540856,0.222662407008367,0.75168848740613,0.160529216189538,0.592237597190781,0.115470081140019,1,0.893482101421109,-0.114113813863295,0.238244494199938,0.466150358955802,0.106602223054509,0.673352309818683,0.104578860426389,0.655514597756319,0.110363145666246,0.722599250722675,0.130399726998526,0.868478043350108,0.14560385503911
1.07285143446736,0.106504596632914,1.17425782087438,0.137485216393644,1.01350116408836,0.20028304960772,0.644581323460661,0.232597865349773,0.650397863124842,0.196223839624686,0.392719234778467,0.316255265856042,1,0.804689104261718,0.119747181522533,0.224782114382035,0.730682425320927,0.100025832836184,0.807561807723689,0.103955761269584,0.830832594956311,0.114367528045521,0.811057683344743,0.113913189841189,0.681450859621454,0.154529306591556
1.10631848838772,0.123758479096666,0.921245442081708,0.140685769901073,1.308387606101,0.265712167638653,1.36112220648603,0.412880954301847,1.12430095812788,0.264842095496768,0.708874634369111,0.122067879672257,1,0.842492047703303,0.392210586145941,0.295983833753214,0.683491179221005,0.128782423388674,0.968089279605085,0.100368858191318,0.922764434775473,0.101526854850743,0.688686289901954,0.159861396450055,0.810344576938156,0.155912518400908
0.989892844059611,0.105967752409841,0.823438422985277,0.10518543171434,0.823684037007472,0.148602692555286,0.796198785291572,0.218047443532805,0.80982481413644,0.159106258121908,0.729759168663782,0.115322540515796,1,0.999999999894569,0.0493040578603853,0.271532131622449,0.549104153442452,0.111752299672916,0.725168128505512,0.112413125585224,0.612876693165032,0.106065659549381,0.499807439674758,0.111885131017673,0.752867439733839,0.124769765619615
1.02278299174657,0.111924054222866,1.00901712591288,0.123192499741668,1.0182750078323,0.192656805538206,0.645983435229862,0.239514358566335,0.580727053427472,0.169336437742016,0.799433817220953,0.0720826518283141,1,0.716026053786447,0.414508986870514,0.283581864788755,0.661216484154448,0.0997134485827439,0.748044997301284,0.101005463296403,0.696918984730487,0.116410109315615,1.041252013196,0.103217294999811,0.64083906130147,0.17865259758452
1.1232467081524,0.115029613903458,1.04237207114713,0.119664551788488,1.29348996468581,0.261678048309324,0.39181001109856,0.139948223048764,0.711900496784934,0.177261427222652,0.112707577439902,0.246245515567262,1,0.99999999990451,0.0521232031567756,0.232990171839497,0.870858316343415,0.0908151487584638,0.762922939096926,0.113982347111336,0.722770226840253,0.11174664678435,0.790086425718552,0.13222861371634,0.92913359092356,0.152864840067822
1.03590289330818,0.107565274505349,1.08490638411505,0.101926518942565,0.925744083323575,0.171007481837059,0.314493491899454,0.14004544293927,0.539574359444086,0.144280795359312,0.497093748347331,0.296244388018985,1,0.999999999999666,0.0706637527467275,0.254592872795872,0.636270692791409,0.0902257579869315,0.758488384381741,0.0928404479881142,0.780305866881353,0.0954540627805236,0.631531459118389,0.125857385699079,0.610468095517072,0.14488859678275
0.893218015014663,0.10332239631893,0.988280661901498,0.100429352317943,0.897658204811528,0.161739425725503,0.583400288382737,0.192166680696865,0.68305623921496,0.144635473285752,0.770161189977055,0.0936501979401359,1,0.943881861829268,-0.317152575036338,0.283356054666372,0.776766952834749,0.113876155037154,0.718652909042547,0.0864956924375977,0.621890009672347,0.108038201863336,0.72789863700125,0.124252450235801,0.553489062609971,0.161785052199168
1.01155063219735,0.112588769949587,0.870131372534368,0.108866728668199,1.10338714052591,0.208233132371343,0.670594607676104,0.236489861163561,0.831130626439381,0.202481640342469,0.45124128815065,0.254680968564346,1,0.96621838847722,0.244045246662829,0.232066798174173,0.636421958093178,0.0926205991543155,0.530003864127922,0.120861457910348,0.68145470880472,0.117377807982519,0.892811669415492,0.119468920996056,0.676122061021362,0.182882104823616
0.84404003817775,0.0967750074227553,1.1399005660113,0.110688468672888,0.914688979220672,0.150072294624925,0.441980967818244,0.167952597254974,0.635826328702235,0.149433290873095,0.802840549057973,0.0713377054731143,1,0.999999999978144,-0.0611978887020416,0.271407645932508,0.618578660379838,0.0921679199740376,0.742312401484864,0.0893205974714109,0.662614904946464,0.0982670559281339,0.782706678702003,0.120744700259766,0.574342332017693,0.145884133522544
1.06119557316061,0.105426649343927,1.07081144339098,0.107460232325931,1.164910631104,0.193522960680511,0.532619556869864,0.176504279951729,0.78768914181391,0.159915277972949,0.530892641467903,0.223791885735871,1,0.999999999999943,-0.170682579773906,0.226914333633996,0.686432067184402,0.0930032370560772,0.691750661482577,0.0909155414317383,0.693786355233123,0.0998099068107343,0.749381629518861,0.108456220411614,0.628130744981026,0.135754790779601
0.973460779258279,0.110002190885568,0.954760159642083,0.121922584810512,0.899795030332806,0.188558529013825,0.611172285447569,0.25682129915436,0.729803387195669,0.186530755301548,0.700034427837828,0.118676553482264,1,0.984129507215944,0.0584932923293233,0.274936321173102,0.645075086977026,0.10997748755659,0.633100244951134,0.10785587366147,0.693183142792898,0.117056491594751,0.791285872262226,0.138035507030062,0.701427195192172,0.205728329891985
0.889278442887641,0.106875297908068,0.978364424075096,0.110222263608905,1.0434936262795,0.20938918335901,0.409718802765772,0.194473851540756,0.624073942841297,0.181841388790513,0.111124314558168,0.277951966994719,1,0.954439054569874,-0.30820634765004,0.212080482518936,0.605781940535021,0.105438221326912,0.836646101069675,0.0965732644191424,0.759215953414589,0.125173042562361,0.549492094748088,0.150703316230266,0.77677443759453,0.145686911739901
0.860000285437312,0.0862754077590897,0.849519585797415,0.100623478527873,0.626144956719579,0.130320124430025,0.316773267780854,0.163456857961384,0.423555659552812,0.12274596586415,0.573734270630143,0.168950645198992,1,0.951039999850272,-0.119555166552232,0.236999003380112,0.68872217267628,0.0995112748137515,0.498301883665079,0.105673848625288,0.801935726736282,0.0938421866207221,0.661063798765025,0.136895330366018,0.54326886848913,0.174306408048006
1.07401035513598,0.0975896488283765,0.933302601856855,0.106483010758454,0.810614532719352,0.153310581802731,0.48375880891009,0.222203091071631,0.61317442146941,0.160919977720672,0.688151756661693,0.125291437735485,1,0.979179683828797,0.275731861166571,0.228580619434371,0.659246361364761,0.103151549503184,0.762802312631854,0.0802451264724991,0.631693730443189,0.130836826837251,0.846707405064325,0.128955942366658,0.561841977926777,0.181017188363498
0.957571194975338,0.111951902224783,1.09507003461656,0.109598269280394,1.1428801371121,0.215975645697522,0.431532256666685,0.176759792768412,0.658132972665136,0.168094695502761,0.755467140200577,0.108110598977016,1,0.937144746617811,-0.369045076815215,0.288435675266791,0.707834340614914,0.106434152730416,0.707047650020829,0.114316923658502,0.756780368699501,0.101255240863939,0.764107039251668,0.128222852882224,0.78574034169597,0.126578415300941
1.1037847892264,0.106025955152683,0.848194617312431,0.0904443114467147,0.850182979115592,0.155739255436392,0.467202895759223,0.176410550956019,0.630244357184227,0.147092826073243,0.654718672005945,0.17955665463673,1,0.999999999993142,0.678515427306242,0.264960413044243,0.705001845784211,0.0965162222138082,0.629260453688892,0.101422447886386,0.534095836116264,0.0976268167809636,0.633951933648495,0.116290948063382,0.700109461420291,0.176051409923646
1.00196078746136,0.103641637872944,1.02491274560022,0.0977736501884037,0.993495914599312,0.169760741752533,0.336227951784661,0.138818645095534,0.577962885029012,0.143638657891118,0.796913046124205,0.0926176453366295,1,0.99999999999836,-0.102849901840145,0.300652353157059,0.826265832329319,0.108857875895764,0.753448567873842,0.0991428227966448,0.697233156692304,0.103132729085891,0.653962965803255,0.140600945977516,0.656157818686921,0.128650375923381
1.01134107519875,0.106186300164234,1.05478053957852,0.116046994821927,0.947818837116695,0.202696225340666,0.423629632578762,0.207655036110953,0.61854144437925,0.161852537770246,0.69167918539736,0.163356559477355,1,0.976141935727174,0.212169284467156,0.277852929357416,0.595696597688051,0.111021233566939,0.652207623489729,0.107881013879603,0.846559316415795,0.121936103160543,0.708663331360768,0.131052997030313,0.636768503201944,0.1458030962601
1.14194224228011,0.11017668922815,1.13090416134905,0.134811302722208,1.15045676192339,0.188111532692643,0.829962578022165,0.312045575921488,0.906095820580263,0.207565688573903,0.680361275047808,0.121461489300397,1,0.927277498354243,-0.217873645887228,0.250498946073236,0.761612497934134,0.11675770458825,0.711178424800305,0.0956860272280285,0.900178263001157,0.097176545069857,0.766735134626734,0.119991529864752,0.841440971940586,0.139675273757387
1.04756135767146,0.125454696123246,1.02308785413014,0.12791202328886,1.49241192666975,0.277109911485496,0.9994505385109,0.308414624677645,1.22130745669376,0.268433294027913,0.103016689209342,0.240524790534332,1,0.999999999995174,-0.130857877501348,0.199016653306372,0.774877763616647,0.0974751075050931,0.88538001992496,0.0995383657562778,0.914090051432165,0.110671273517318,0.979033323156204,0.136118340422422,0.939607200458469,0.167129591877427
0.9845915710517,0.108758929918539,0.905649852241968,0.101354457612276,0.945677954204503,0.193380307155454,0.294564605000347,0.168967749209633,0.525048285843314,0.145649352875179,0.530249343495167,0.220848125096567,1,0.994803563338102,-0.0742735215673953,0.24964138074253,0.826799232043127,0.0921529910895454,0.626434481112956,0.120606638958886,0.753197888175386,0.118611846211676,0.566639336150131,0.154683838013055,0.693458549308229,0.157956603715623
1.05203223860182,0.114187160868339,1.1572401127253,0.108005866499191,1.00176341085654,0.177912252469906,0.452636124924697,0.242978173796323,0.638222380095436,0.190252188201794,0.793528022537469,0.0668485053788295,1,0.947795932568042,-0.189712757825466,0.291950364379523,0.806371380924262,0.108349229646473,0.557391867318951,0.102118451220637,0.805125906221873,0.101728739723659,0.884930954115806,0.122539977030431,0.359621724140508,0.173368086945098
0.932781273402236,0.128918718047724,0.993433439479893,0.14086702875207,1.23324006948354,0.286597928871251,0.652952642528645,0.263388925362211,0.857109600006184,0.211215002449617,0.273879967478309,0.296499413008043,1,0.955150272636589,-0.115447588903849,0.273085616078605,0.805036581370659,0.111805127885696,0.625455818999348,0.132160684430577,0.603613272352306,0.140642567595367,0.832745802984931,0.136845330998935,0.612429993857162,0.203090321032796
0.81217585617969,0.103411933399101,1.01960443890044,0.121059531768977,0.918642004187854,0.173448922612653,0.715490864732263,0.252119893405811,0.693244669943891,0.167209673133009,0.488226129176004,0.289938502735355,1,0.855089045880936,-0.793456700762194,0.266293146251325,0.874618580509481,0.0888024907209752,0.720059297410013,0.0975548982155398,0.718399647416093,0.122606977573587,0.638405358103858,0.12729624013475,0.473412560684028,0.179416027541746
0.854436421215403,0.0877625586048564,0.923407157188546,0.100792837988273,0.840442911717829,0.148290853299765,0.799047644740953,0.27473139098815,0.812746796979239,0.171189385717119,0.396332372496585,0.206274961880534,1,0.991778797074752,-0.0768248586760508,0.209106864247644,0.647881812695631,0.0802242404788838,0.57582400670407,0.1005906076802,0.556636278925392,0.111287626283387,0.699840726580928,0.12665684258712,0.803207248462483,0.15259585505419
0.907246872096498,0.103993785169972,0.893892000833666,0.114989448319454,1.00118187561268,0.206801475456015,0.465576956199872,0.184814706100591,0.601547132898375,0.151568016560048,0.154318496382508,0.344857974557342,1,0.881084240588515,-0.16308635765551,0.239347290456277,0.62914263400906,0.108138419010028,0.700863678044464,0.107688807348213,0.444698082574721,0.135791597228935,0.913691123891175,0.112124946009106,0.526788265984372,0.16820307142523
0.963070225034625,0.107159524748016,1.00723420142864,0.114388017732399,1.19215828030035,0.233831268921618,0.746284451660816,0.279012620841946,0.894303152451128,0.223716046564932,0.668460182504682,0.142863632189008,1,0.94812501527918,-0.201618499719491,0.271259439610662,0.666084663823668,0.114963857006783,0.794346800818039,0.104369341698281,0.824577461679014,0.116763384343345,0.626915276537918,0.147953385450435,0.851706836372409,0.144759535369971
1.08114935888063,0.105671533289973,1.09836499979734,0.110385397854513,0.860454552074647,0.153357981418908,0.633557795485835,0.246861040650043,0.738341173296814,0.179376371324436,0.745502686950713,0.080061851581539,1,0.999999999135235,0.125990284592574,0.259324938912797,0.59265591380197,0.107847888138926,0.726462729540926,0.0917422894789929,0.633054260373618,0.117281988018887,0.60059432977215,0.103217790899462,0.75752562537,0.141367453584944
0.974496026868465,0.101184675538116,0.743807835156359,0.0980750287717867,1.09737873044086,0.196431045653805,0.602611156816747,0.213685537370706,0.81319903234245,0.18911959203006,0.578646801930907,0.188120705136918,1,0.999999999989142,0.0897705026651842,0.239499933130862,0.597053094701495,0.0965499325444995,0.660996557454018,0.0943086501162771,0.706652121579495,0.111206773642442,0.482999657703818,0.145126804709034,0.712298045227442,0.154564044977946
1.07201303838421,0.111810569191921,1.03284095810329,0.119309371140828,1.13319200169194,0.195748206832288,0.884540436257903,0.3138627539591,1.00117638183307,0.230962014396468,0.638069834994991,0.167295502190873,1,0.999999999999904,-0.203974821258302,0.257739826828037,0.811987743420298,0.0914456988740334,0.789896753407602,0.09802102259018,0.824318399654768,0.107760972310882,0.695974284054604,0.142232592293971,0.890940185453553,0.165471365296561
0.993422212777632,0.109796931548917,0.980735687781247,0.111632082392893,1.09366685557618,0.196077401296875,0.646564367311025,0.257796055469893,0.750816282710287,0.182013726100439,0.615904755406177,0.17020090615134,1,0.892863920045613,-0.480169200723682,0.247773899788868,0.804629518350809,0.110563173118737,0.776228635163052,0.102285682645978,0.661841176046605,0.123823432347635,0.751774804232409,0.120771556221275,0.609369727054728,0.175182739359126
1.03471992423312,0.10704168593581,1.1772499001413,0.118900715382174,1.20347592957472,0.208105528266343,0.600771503927005,0.173848695136793,0.850302325142589,0.168492507824192,0.700729868168023,0.135070055212235,1,0.999999999994703,-0.30355340653211,0.245206906687644,0.790243900563478,0.0852556450099244,0.739236775205056,0.0925867512043069,0.749485587488925,0.112317377414866,0.911546502045929,0.112355542278917,0.529904331561317,0.165624320897802
1.00481827693464,0.104107416033818,0.944266369535866,0.113798992993518,0.907092702368196,0.161718106532901,0.688357390215694,0.265690656366433,0.709121070636173,0.173685247616658,0.729562662379777,0.0891160759589105,1,0.897403096797165,-0.0365915786017575,0.251322950584246,0.722246270892167,0.0986127966915132,0.721569525268852,0.092054978947489,0.675945267713489,0.111102921580906,0.504342615629578,0.136317057499744,0.896145946585099,0.154701774683061
1.1240920833536,0.142651307700615,1.01726708100626,0.137217629704374,1.13980098163659,0.253999825423684,0.597369296587933,0.311141523673209,0.712598442247536,0.22903623139679,0.210128326740473,0.318324797104211,1,0.863592589033108,-0.121779757156275,0.247959581679583,0.799402417581457,0.100035105134219,0.760373738670126,0.113548554836538,0.637322261744794,0.138330211704377,0.947898309355775,0.152711033349858,0.715312140813449,0.200177733076493
0.966399778197552,0.102165768300596,1.11143019091532,0.119023764476842,0.995124274899023,0.196190831816046,0.546017720263791,0.247941774240133,0.661760375433173,0.184100160045349,0.737056229225694,0.099786767372638,1,0.897756855520272,-0.140990405907667,0.241577273634393,0.755517553625225,0.0845840523392182,0.763293502420896,0.105777417822391,0.551599103960375,0.130498923735367,0.930374031792986,0.12220294288528,0.693343068336274,0.152885139159563
1.06451843922112,0.111428228768755,1.01083451369846,0.11528234189874,0.689008614328313,0.145604337470527,0.305821452897292,0.174245670015702,0.366357662011696,0.113634005744576,0.372449031378218,0.284015239821483,1,0.798103066269443,0.0643044024289191,0.228184214115589,0.69326004073518,0.0897878511689547,0.740323528190013,0.0978037145159326,0.61486013772763,0.128623019249923,0.518114614298491,0.14765022855584,0.686743593930664,0.161165524944952
1.17418229790901,0.121163147152836,1.22797856261595,0.122441998150553,1.20660993718143,0.228683221881429,0.875159556440603,0.29880912062732,0.981541587717654,0.222518690957403,0.596548160129002,0.22828767830167,1,0.955172118069695,0.320902893760583,0.246166040745625,0.628838414830217,0.08528780843381,0.687542052665761,0.114808302696504,0.629653467278431,0.131237216168769,0.744571322246943,0.11678820885673,0.796338269333765,0.125925622891804
1.13364844395312,0.101391614058961,0.977530264500268,0.105608505845951,1.01235091799137,0.185494661663817,0.627047419259396,0.227644331819883,0.739493991112093,0.17715537108435,0.663142985552312,0.169327339067944,1,0.928151597554358,0.275783216356251,0.216849720945516,0.649133255383643,0.0943408121521934,0.670272778672176,0.0914966310344054,0.485615094842691,0.0959241871161209,0.749131249389244,0.134189893795552,0.642490245803874,0.172838363356437
0.944748400260772,0.0955516455200794,0.835450005277473,0.0872356717278793,0.820062493590694,0.158537005553644,0.389269948611476,0.142243196540876,0.565000605920192,0.139994637070515,0.450794694897059,0.197837002446342,1,0.999999999924717,0.375496370689872,0.224397960789655,0.478748439061854,0.103579774552311,0.563568344070381,0.106153859767212,0.7674015725367,0.106959560102906,0.520449019203024,0.113462233577475,0.535721986846375,0.128049252122596
0.956202559191523,0.0898015965985787,0.934672305478183,0.0951924267709927,0.74366170200405,0.135113628446258,0.396738362780699,0.150595055816597,0.543175041872006,0.135432869024327,0.739382162374082,0.0926704044939695,1,0.99999999999468,0.27490360931157,0.229913831027391,0.71553247883088,0.0861502619913498,0.515867920158829,0.0981329236749909,0.68554138742052,0.103190101497769,0.466574522280248,0.134566163407728,0.692932505865028,0.132043907865248
1.01946247860312,0.109556011790737,1.01328677971593,0.113190396910434,0.953307955682188,0.193784131808488,0.328340987309202,0.157741150567138,0.493403345395041,0.156605631414411,0.44032334291394,0.288099764001713,1,0.88190728725305,0.131698961866955,0.239034527336173,0.682598077427368,0.0843932887394115,0.640356294501341,0.108604421862322,0.736460916084653,0.11809830891567,0.788332903395625,0.11420340235178,0.680188984170809,0.172401698647458
0.850200919518986,0.102097751458446,1.03690453559003,0.0983852896047781,0.866702799141102,0.170434793013456,0.436654596673593,0.161968981116211,0.561606407313484,0.141882918389377,0.690399505637639,0.103696965046039,1,0.912909940829723,-0.381449539069031,0.250934637170778,0.756231543472909,0.0979992792094842,0.771167371830958,0.0952748192704328,0.477256055609658,0.123897933511249,0.59968757316659,0.129519633257481,0.655515065561611,0.137648559108111
0.970795944101096,0.108394446027858,1.00805509511092,0.114883862439785,0.888644526812523,0.175718033451012,0.738478089445822,0.232307691480145,0.810089200245501,0.184052762614414,0.455608548616911,0.231894046242649,1,0.999999999998016,-0.0153072962744689,0.232945084143721,0.548054378599524,0.101445563953066,0.686001183718923,0.0906782480467712,0.799009220161561,0.121081736791405,0.720146124789037,0.142549058271826,0.707294032199032,0.164102603258123
0.984268709994308,0.0951728694237405,0.924608785329759,0.0945025195211718,0.92381053089627,0.159645204523289,0.537686333319651,0.210847296330979,0.680718002774537,0.147137678621517,0.579314123768137,0.179325180117222,1,0.965853556127841,-0.242790673402472,0.217744859422475,0.816395408402613,0.0880312126908639,0.582575922141928,0.100352212587226,0.865293879085339,0.109693788833226,0.535605668011883,0.141924385793079,0.725548795344492,0.12509284587525
1.02842255137337,0.100772217717009,1.05224595486226,0.109209512249624,0.988454448375427,0.181337627626095,0.533684065389863,0.192791227736694,0.577919092411926,0.148731724941486,0.695393661835149,0.123124626230536,1,0.795694936133957,-0.0607473245951118,0.23028822156462,0.785919787242371,0.10194629667884,0.647474878367061,0.0937939100300492,0.751625600542041,0.11120232603856,0.778171670031883,0.144857755842275,0.668146833449993,0.138167069789402
0.815139360761445,0.102325707268605,1.02969547474123,0.112654546936497,1.09950088665013,0.209839868177448,0.577226631563626,0.262039836940153,0.748671937287014,0.201067175813174,0.32121130310224,0.272190564081774,1,0.939767848293069,-0.680371287533762,0.216124909672846,0.846797604632031,0.0914428046900138,0.567370109687533,0.0992012721740656,0.746636817233047,0.119900573069526,0.736548199507711,0.133727517980045,0.602170172145653,0.16155831837884
1.04771413823072,0.0954170867850541,0.886885501703727,0.101560494383563,0.829790898546582,0.149698212484486,0.630921796710713,0.233957210799029,0.50186457970265,0.156369507015799,0.58243718432828,0.179902604099122,1,0.693608563088013,0.118069576962449,0.215491036106071,0.742056438372526,0.0892023273666334,0.650473351328754,0.0892797610594943,0.722827728315121,0.123833699623706,0.784987459463642,0.130960415841102,0.54322926020431,0.156503425994757
0.916118491044266,0.103636899573008,1.01023359990752,0.107291084483176,0.968306397011625,0.182238505238854,0.694723570161327,0.24956016290297,0.789679714722942,0.186769490237353,0.537175619065464,0.234293481941933,1,0.962805504897589,0.0664859778025468,0.257194724416757,0.462614396832051,0.0966085205210466,0.708425518823183,0.088537528159682,0.697648621395998,0.108835703827203,0.792358095217384,0.130619878542094,0.853177027730281,0.149408370228274
1.03994676904893,0.110226041061764,1.17388930122115,0.111031542379004,1.03628800674612,0.19338536299165,0.565679191607337,0.22816706171037,0.725627577409538,0.190534822615769,0.540686176381738,0.26190498241891,1,0.947738322288909,0.106950033134341,0.241583675708766,0.652596671456392,0.0974253361529582,0.704964930375821,0.104001341779265,0.726184837119209,0.102233127906947,0.737952204757202,0.121279478209139,0.60812084430664,0.157135793456668
0.939659439246892,0.107673684571529,0.879419028130834,0.100132433983862,0.966449053133044,0.187436943284855,0.438859957688556,0.176903948562787,0.648044257289348,0.155425835262986,0.658580670211669,0.184569663393121,1,0.995066729200391,0.189118692779271,0.257120437426217,0.526207591840866,0.106212780330514,0.593239964312499,0.112195631851698,0.677357655826172,0.10367787074923,0.833390051935666,0.127021021528052,0.641285537124284,0.16902048178464
0.769792222319676,0.0930163984430131,0.956089817970691,0.0998108671325703,0.981204849969809,0.168695650769544,0.389718116965955,0.162147694911228,0.618379581231797,0.155314145905075,0.647285812175297,0.129659627599677,1,0.999999999995183,-0.35830805495277,0.205073948103057,0.66219863359272,0.0977499159608382,0.703481706765486,0.0910535854562331,0.666651736559277,0.114391045565962,0.538325473108855,0.142302357923017,0.811974626835166,0.16348985180064
1.07290769609468,0.116346455427145,1.05908424679967,0.126353748702867,1.23742264859222,0.245991314742379,0.961832833653264,0.31410571505885,0.827691764377909,0.215750601626021,0.563482047715723,0.271360784563375,1,0.758682042036484,0.115291379889194,0.279875203167571,0.805034163699091,0.106452405699956,0.699951093776094,0.106721431032566,0.825253895381001,0.112263831808292,0.542833807748634,0.132233939936832,0.910447124874063,0.14272664910603
1.11597967338594,0.102452642203938,1.02901460800214,0.1133067426,0.921515587616355,0.188432627903561,0.516391699413864,0.18075519058469,0.689828239727328,0.17118234704804,0.365426403103449,0.291728869630606,1,0.999999999999716,0.18154010979991,0.219482356102763,0.513892623925723,0.0928364458087887,0.49576993242563,0.103470047446103,0.660968640233183,0.0994074889271913,0.797628041096004,0.132420493545685,0.888737000159582,0.142262388251634
0.956342710916843,0.105841442072707,1.01155108895504,0.109687951467637,0.796273608115948,0.152000487805811,0.617568576022242,0.24115930063484,0.629061336498195,0.164018825107492,0.68100289216595,0.133386560038206,1,0.897055343985828,-0.175801973435832,0.28053476368799,0.827229460993614,0.096458696358095,0.620031540323561,0.0966595936383055,0.489708231848741,0.120043493779008,0.606498189598125,0.120215214850081,0.717787575351246,0.162225610441233
0.86620125543851,0.095473837437812,0.891683569486728,0.0924524424868295,0.905976428401681,0.162417687752268,0.379746884403236,0.154144756963608,0.586550701989524,0.151098871114752,0.354459513932295,0.227466721845218,1,0.999999999965257,-0.0320514938393582,0.207402435920525,0.59651930240881,0.097351049735506,0.659600380449444,0.122805501919643,0.710478783411611,0.0997506111521057,0.570733401348955,0.127340974229535,0.802908106093284,0.127121987796774
1.01916004901825,0.095655642237276,0.986109576417836,0.0882402152358568,0.991741837216072,0.149639225953427,0.405847107131333,0.139432920485654,0.634425374375436,0.132744171140529,0.612875322367225,0.164907804132718,1,0.999999999995225,0.381542609985871,0.218851180988862,0.602816041463677,0.0824230624163619,0.669637232366614,0.0889873473593759,0.722789265507601,0.0879943491347773,0.66945919971919,0.112298647811157,0.665536959417584,0.135430510064705
1.23241003561296,0.103545047733294,1.29107038596752,0.127655417122948,1.29003576392587,0.224461262109706,0.893346527650337,0.319313553153797,0.923614153352593,0.224317398377163,0.650050317142233,0.141947438932896,1,0.860359041935082,0.0365932153562643,0.257557655090541,0.843686241762877,0.07540052869635,0.758870061418119,0.0930365925042816,0.839046267786272,0.10491639630445,0.872657947338768,0.147176038786306,0.893378823328965,0.152557564008639
1.12486169373863,0.102019640436902,0.939746868898814,0.102612764447226,1.01883080266159,0.181639140502349,0.281880268643045,0.141129798235515,0.535899524483591,0.161065604304227,0.459228718462261,0.227897550052606,1,0.999999999975073,0.547574859061265,0.20850890644092,0.593607992411514,0.0889287633137732,0.819734817276216,0.099234706143101,0.56464623841588,0.136560546276773,0.749121030621129,0.116117928987648,0.78437406616975,0.136608809097263
1.0425331922161,0.0973676611176081,1.04348368457423,0.104021594904287,0.864896805727819,0.152755322415093,0.455859967492393,0.165457388455261,0.627910686108837,0.14648847275224,0.480241515843027,0.185117070003769,1,0.999999999982642,0.179315665428566,0.207895900760509,0.602366817993019,0.0907046788907285,0.565418914794441,0.0988077953691776,0.639345641360042,0.105295789717184,0.523932265395668,0.133913959966354,0.60604928798716,0.158270137728931
1.0902482354204,0.101410240624645,1.0394745279349,0.102007889441552,0.934580329437181,0.170143175160456,0.390563441463462,0.190520523780988,0.499033699885645,0.133528262169769,0.494880295747207,0.215491458913188,1,0.82599185003134,0.132640505605714,0.22807015715155,0.60889732795678,0.105306509982538,0.661588845532757,0.111474880343818,0.74353958129608,0.101776319744939,0.591010838475663,0.111568508003873,0.699327190072926,0.126974135764447
1.10097460905103,0.112505038356121,1.33840870525921,0.139051996475769,1.16260852868953,0.202483483960717,0.601765599777473,0.250219086809224,0.794548174432586,0.199358748509221,0.742560114859214,0.0922315524165491,1,0.94992606219366,-0.242261583139025,0.264912992158901,0.819972080121398,0.110647789083974,0.82328160005894,0.0975568252049515,0.736918298699667,0.10744359851289,0.745045522095518,0.124934679544734,0.905517214139064,0.142274466040954
1.00123581456541,0.104260780263506,1.04338476203395,0.105231584126684,0.84388900135423,0.159440208411993,0.41542103649534,0.1556536537543,0.592088881528417,0.147785908132639,0.325338203416244,0.254838903275855,1,0.999999999999971,-0.149475372067058,0.247535270541862,0.6809981287534,0.101650798731158,0.719658872241208,0.0932278947433162,0.706260544108374,0.104003846673153,0.541305359057944,0.138168392508878,0.841925560761351,0.16440642938049
1.1143079969707,0.106996796989057,0.99204097530766,0.0990628098908101,0.924708172528301,0.170838552129288,0.493920141962253,0.196501426017292,0.61842141578492,0.144885774797303,0.761199685112616,0.0806992480925404,1,0.91506891853242,0.0988528791596013,0.256984423335727,0.711476496822346,0.0982854535882717,0.791219286253954,0.0875413163230634,0.734493678606558,0.104863063650756,0.613722150647961,0.123002036546806,0.699180340458607,0.162708409525963
1.13422254171448,0.107563633295508,1.08718342698927,0.0966476148608169,1.07412710968464,0.201663447247694,0.558995161475612,0.196495826420617,0.705951905240348,0.170114715222871,0.659619888873408,0.171173057693616,1,0.911052179404376,0.193807247747692,0.232041813459537,0.756334763952665,0.0844282981703478,0.791058920432565,0.106241565636312,0.76219264195065,0.11636483204654,0.79243249623432,0.105188219525014,0.778387297875608,0.132498697253588
0.97860992697346,0.10150531907468,0.906967701782041,0.102268634429495,0.66015903885101,0.128342287078845,0.341345180508181,0.133875747213192,0.42856576402907,0.111187386353007,0.658458651726744,0.138086190961783,1,0.902809872968327,0.109889920559522,0.237286967451623,0.690746412991579,0.0906791969551337,0.58239450978528,0.102099977719478,0.653367194321668,0.101378635644916,0.69473299087578,0.125811200461004,0.429939863051593,0.179042112656009
1.03145814923346,0.1217394465192,1.08553767097592,0.129448943220263,1.27245906493936,0.257415295910844,0.681660729307057,0.265848180984117,0.931335263542274,0.247816128522431,0.153552939482345,0.263647306615046,1,0.999999999364422,-0.176667294788183,0.206472079701311,0.697175302524538,0.103882619070951,0.700974855109924,0.104160861878086,0.819624733610144,0.108208594725554,0.718823391438745,0.163780447711895,0.731925382787573,0.169390096374514
0.873894523698246,0.0954522094814696,0.984813297831588,0.10757706240304,0.779044616530388,0.147748135522146,0.480926126777478,0.216507795028044,0.509453578569492,0.153458967054712,0.642417710889801,0.170572030949055,1,0.832308377949568,0.226161484752414,0.235025676466986,0.644937074914332,0.0913565125989617,0.430006779783605,0.11832948268445,0.72153533105062,0.109084616128451,0.769727755938302,0.131253837545442,0.689327656008061,0.154329756847486
0.989042247622241,0.114179950048754,1.08806290833407,0.114222418869655,1.13634586490401,0.215399611645667,0.354441351769816,0.152985864468234,0.619245391740062,0.151713949207921,0.34783116937061,0.285675521480363,1,0.975742728100021,0.0586442998142249,0.199270647659074,0.684506878278892,0.0890567582143695,0.590727668150518,0.11326112139233,0.769829828855182,0.122421743614425,0.639575759531374,0.155291358611433,0.783383708565723,0.179463635675545
1.1546291587818,0.127639871270581,1.07064248291516,0.112840645134371,1.31807294183392,0.252376632278519,0.397405905304007,0.167236817452212,0.655531129818181,0.185963765990775,0.749569497503513,0.112521361330033,1,0.905746031345834,0.402803827481341,0.274522511694942,0.829804225973738,0.0989744238466088,0.823413724667725,0.103034039334788,0.807164679398794,0.113312473756858,0.900026847843894,0.144955712257583,0.693992726784055,0.213661320396047
0.938596862033754,0.107227920458943,1.02611170861724,0.123025160637286,1.18938695408765,0.223642363602265,0.910744454400157,0.288490189273143,1.00477742773764,0.219321254978224,0.517465129283487,0.208858048047472,1,0.965406052118936,0.0675736397378857,0.227794483605694,0.609398883810807,0.103561209801361,0.672212140323205,0.101294275480503,0.811729174746748,0.0953759065237039,0.655709888921609,0.131102873794826,0.686506458281135,0.153751719552859
0.891869941213161,0.0936423581650244,0.900165399888064,0.109508522826683,0.862111205183613,0.166690290111066,0.318251700281462,0.182970183583493,0.501424924471556,0.152642456142824,0.362251996546266,0.265824385063163,1,0.957279826001548,-0.0933290376580857,0.189046181391005,0.631382150686452,0.089116487657133,0.69090500164031,0.0959931168389636,0.657766300448657,0.117165946271816,0.508038472447651,0.13998185343139,0.558611112492463,0.16364466203723
0.982914138335022,0.0936754262915503,1.08793541623854,0.105656386840257,0.897782426731858,0.150213512212037,0.220312868325472,0.172690086666356,0.42118239793474,0.133716444363994,0.744411957985822,0.0825031886778647,1,0.947032166592339,0.0283901486761819,0.221794623456295,0.72417388301966,0.10254992109816,0.621585250845347,0.0981017228384373,0.770277429831023,0.104984281026043,0.48110261060242,0.12777263389671,0.496448168128765,0.122974336309151
0.93605742398058,0.0922126647934189,0.912760290630645,0.103516066728482,0.724462198235959,0.124432392503655,0.367592376810673,0.109625569171837,0.393238018638831,0.114834980220308,0.706830023607144,0.105153155663086,1,0.762016519525754,-0.154771115531343,0.229560044217207,0.643797845784577,0.0915449127728812,0.726419736952033,0.0931753044546306,0.498599146998328,0.111151476350224,0.441312439272494,0.123412599072106,0.626742164502684,0.143818423727333
1.01488851922958,0.097496136806757,1.00156717964705,0.110902139121188,0.974703636850095,0.158176693435185,0.386273798363816,0.177781442202704,0.613597975945513,0.164097723274616,0.644706922750831,0.154246479970764,1,0.999999999999096,-0.0744209220621395,0.254259771180874,0.827419317149853,0.105768490729478,0.575057185056806,0.0974366623134262,0.783868328537232,0.0962561984528284,0.414459127547808,0.12605263496522,0.657578450925008,0.146097673627735
0.88859419521419,0.0908009038384229,0.899132382762368,0.0891958716186929,0.764410652425564,0.136239110743344,0.356783238995514,0.164104041158399,0.420898145897268,0.125162266733845,0.657462471665579,0.143101649490297,1,0.80595617198837,-0.055339778717974,0.237637583001466,0.629215164838963,0.0936659530651914,0.613337980022825,0.092392355113935,0.616191997878855,0.104600270418973,0.546482474932998,0.119680998318866,0.506513876242719,0.151537350198758
0.990083948513107,0.107480474506353,1.09125633689129,0.118207266222339,1.08731908557221,0.203213699001657,0.383369025850863,0.170586294185024,0.569271391150761,0.145261252799842,0.387546445898545,0.264343185516225,1,0.881723351037305,-0.132321872515314,0.228463846813701,0.718194895104162,0.101595742789766,0.761667101359401,0.0886278888371282,0.500144084408671,0.121086129834792,0.794365768439638,0.105861558235904,0.539971842334997,0.15359584542824
0.904586770159748,0.104029943278433,0.894952400023803,0.118470513078512,1.13872116211194,0.207062576261992,0.756492244457205,0.262676749036365,0.741440250686834,0.187315814638816,0.649729145026349,0.159221982767223,1,0.798849969774179,0.0146992623379165,0.27232001157754,0.629910644904293,0.120289870154468,0.635500106974275,0.112974588030274,0.771089913126068,0.106904888084995,0.849803044047171,0.120896671832669,0.325768009781992,0.215277182123608
1.01131734705022,0.104786521885619,0.975726276935479,0.109363066165109,0.938695943404545,0.186416620165312,0.299068043536511,0.158529943933,0.464033217508664,0.153323425147393,0.762226055162405,0.0764604960408802,1,0.875793252769672,-0.154639394767157,0.271410070517984,0.773807661624331,0.0999101821318536,0.766575579509707,0.097139559113873,0.66833778740012,0.120104271596039,0.565415355288597,0.134847357957016,0.581842802834279,0.142730052623505
0.902794484435954,0.0904285110835873,0.91035355269687,0.0981148700518202,0.889973896485612,0.140679095005186,0.259555352189289,0.111612140458964,0.479724614379312,0.104414613428982,0.507483377221997,0.172808260206366,1,0.998132906610554,-0.323220703549025,0.218862282085978,0.685152425199755,0.0802636889325294,0.615764585446534,0.0878409385491367,0.537239223304791,0.104345957411982,0.617206608267603,0.112676687425976,0.619326082523695,0.133116679767458
0.908786374949595,0.0870304994331638,0.841378658941164,0.0921095309647551,0.761495960188445,0.132039879430967,0.349655869310796,0.143312802603098,0.442009982013783,0.129113122393681,0.656716410739331,0.116119034343888,1,0.856599593639971,-0.0333038888558927,0.203505098334767,0.458686624774654,0.0962911282626119,0.69022087280189,0.0876396941443643,0.594043699382064,0.0964787069113642,0.54907211436747,0.127442610156437,0.667651973143665,0.151026319065571
0.843893089978939,0.0921833494220629,0.856468709472715,0.109168255895614,0.861438580287015,0.172945546936445,0.615551636617705,0.237483434343705,0.599910055626486,0.167582364485107,0.602201971958975,0.159286075572911,1,0.823837842927464,0.0637877390891727,0.223539110603692,0.69234341923569,0.100987166973427,0.679454114301926,0.112768098256026,0.650741408047632,0.120367199540121,0.548609510045057,0.158045670201166,0.735761952014184,0.157574613462182
0.962485724006677,0.10674083742329,1.04752629795439,0.115282815735723,1.00821863865477,0.187425314347335,0.353935006528738,0.171522257530106,0.478326614408634,0.141387059935033,0.319301099619484,0.264904286773667,1,0.800728756118024,-0.0261110578995155,0.215593488455378,0.759119490172895,0.0985268016359984,0.767606565246812,0.125708174615502,0.69287883079119,0.113342033338729,0.943473585733285,0.107544009623236,0.596517198790854,0.159619684507406
1.05565392209458,0.118533439040421,1.02974064316368,0.120002121318729,1.07925752893919,0.227685636984788,0.884543336526058,0.301463155340181,0.811860630433314,0.218576762097896,0.44172724989067,0.238011180658002,1,0.830920321688506,-0.030548273613605,0.230677752029011,0.648418110386242,0.102452941455333,0.663973810675616,0.115457467500138,0.764689938960706,0.11942600663256,0.791902238691185,0.123319311876447,0.764789823122637,0.137726896885789
1.17045857612223,0.12670393576218,1.29179345335483,0.138672673202186,1.06145017838764,0.20585734164273,0.678023518060332,0.231990954438606,0.762209222729141,0.194208331845335,0.742814090851962,0.112114638789433,1,0.898466757397481,0.291547790682586,0.264056298892936,0.590512341526978,0.124036768424033,0.76365540322946,0.101114789411475,0.827260659920204,0.128311100476802,0.796583594153861,0.123282582533399,0.784446255672202,0.159711745626892
1.10012479812146,0.121170864593595,1.20292218718111,0.123394071522565,1.39998132409312,0.255965494130813,0.783760699951891,0.263539486475455,1.02404720591692,0.227991131793138,0.494199994328569,0.25314499366642,1,0.97761332945857,0.217774327980824,0.240484014701427,0.774059067348168,0.0937276849806201,0.813521868454475,0.108824247036582,0.787856231771317,0.110102359708905,0.90660005877105,0.109220908897686,0.850485299821418,0.145948880380776
1.12081733149078,0.113533064065609,1.18766702459139,0.122722955541706,0.940472527383877,0.179974455171972,0.522385508253143,0.215663941803302,0.648408828930984,0.172040572618308,0.584378046983021,0.156282921498152,1,0.925082153324119,-0.0628403423986073,0.238399400887643,0.647952874195044,0.10120426816387,0.693208690974865,0.0975218533919708,0.622753690734668,0.109952659199641,0.801541548527426,0.138336240651087,0.775143046075985,0.146087259152502
0.81469584629193,0.0970707880408925,0.869769734557853,0.107204865503023,0.964251899483163,0.163368358778811,0.544239812927022,0.223581323299112,0.627657105795021,0.167783816348159,0.734251923682629,0.107136258688839,1,0.866427132708043,-0.602219535575996,0.252054704253911,0.782612738722579,0.0862192401220986,0.854770269692884,0.0898111232615579,0.731473071172608,0.0938519081743172,0.458803144011229,0.153279256214322,0.534249406033842,0.175408303921242
1.03669708788249,0.126339503264572,1.12039710918659,0.137552869268486,1.45396031622127,0.280333267182514,0.950438100877482,0.32435900125249,1.05900994217774,0.25813918748572,0.712358241454504,0.164151039538933,1,0.90086941329917,-0.161394517395594,0.275869055393323,0.854231652955339,0.112801354228811,0.760526063860735,0.112299621036102,0.891585985053494,0.130872238111366,0.670223606345254,0.14392422880354,1.005286804858,0.122636561047201
0.860723564694722,0.0894115665702529,0.933060066728545,0.0897232342436219,0.724680712598032,0.11401388393879,0.567429819320981,0.177874284032266,0.641253027915638,0.129658086969,0.665949509371669,0.111638668602703,1,0.999999999995225,-0.562840877657124,0.246607744241521,0.788703248188322,0.0875236232973458,0.754501239908498,0.0805271951329814,0.649432359004037,0.102703952321748,0.788381147830679,0.115830266615609,0.500480621359287,0.168048202471749
0.980591096505963,0.116605052991411,1.00994528730523,0.129794977540802,0.998797523473804,0.199998192390995,0.496688101316487,0.225176987480815,0.623586483758753,0.197802103606451,0.750034315962867,0.0972709045929231,1,0.885352232602832,-0.000271197360404605,0.248413480939633,0.628929505556378,0.10909024641091,0.801599069592882,0.114404643320818,0.711028885642385,0.113847017612554,0.660549344634637,0.142897346210259,0.660821742624903,0.147665207639685
1.25531289836062,0.124666137891864,1.27746816267011,0.118484549858334,1.15559961069883,0.232029222552389,0.793303352287653,0.248143151551103,0.957465949803588,0.223497243486188,0.484957791639389,0.287856135139156,1,0.999999999980146,0.463988806332774,0.231421740585464,0.628313978835714,0.0962761051748728,0.663850863349473,0.0942149461270055,0.762530694596872,0.131103701465113,0.808030829098581,0.139063087744718,0.9327950792859,0.141130213632675
1.15994529517,0.09931098687823,0.980109784309095,0.099435478845779,1.02691363273283,0.169867845254874,0.567539021461476,0.207951678232205,0.701942226075174,0.146091388068713,0.593563812509506,0.186333188049578,1,0.919467843838712,0.0666074109041264,0.236465452101345,0.89121808770534,0.0870183585491352,0.806183444687682,0.0811556104216501,0.614731024827262,0.113208266104731,0.67385381742409,0.11420990634125,0.711901691988175,0.170713547175479
0.984156995745332,0.112913597903999,0.888583428665909,0.119840083310304,1.27133928123647,0.219872606440266,0.686078604783203,0.211598124815771,0.812304192106944,0.183249040354596,0.791200901027054,0.0673538316274589,1,0.869763189949659,-0.36095433818073,0.269956021397986,0.924073806687267,0.0921957424252902,0.750538223402051,0.0963815675418205,0.735969759739934,0.104890465755197,0.747593674128298,0.134761299151138,0.748965571167842,0.161365045479273
0.929573974700271,0.121240945899451,0.98330552505726,0.116783904136896,1.18658098660526,0.230418900237949,0.705846801993478,0.289664634808853,0.832794996186327,0.217123283742806,0.529031749961877,0.272031767065824,1,0.909984906314143,-0.0906940034113583,0.252449727247401,0.814996195987502,0.0982754172104336,0.571496483496671,0.117896356465615,0.658277824777253,0.123729285986245,0.86005210390986,0.13090654463928,0.754890332181866,0.137213900638244
1.10778886106422,0.107170220425538,1.13889240128086,0.119303660191715,1.25671801760014,0.228366830753262,0.499564363838817,0.165320257286112,0.726760676175079,0.181410639873328,0.469987156484039,0.230071655355817,1,0.91722688131792,0.201042661722422,0.216356127752312,0.581955103185676,0.0953462022438364,0.801219779061797,0.0925745075356296,0.815738308862686,0.10803232630355,0.877991542067791,0.119624686505607,0.76936059176306,0.154455481842549
1.09091460861091,0.106590930142371,1.00829722020705,0.124468227504247,1.04877268499511,0.19996626422915,0.444285041493346,0.189122140206324,0.509833942032162,0.148226297222121,0.408610462809052,0.254493228560722,1,0.746890981636008,0.141653444165281,0.221262760047835,0.748340475897958,0.100173434924951,0.74461625402332,0.0938524580150113,0.780576288224229,0.127498714881805,0.692187568615597,0.145895740939051,0.538819290414985,0.177367939008148
0.81520210285213,0.0932283729633704,0.907752968206672,0.105886642482954,0.692138143137223,0.134500746050046,0.640416316758241,0.255876654381785,0.542408197069479,0.148627733639378,0.762934266101037,0.083699286712546,1,0.814701766769973,-0.444150770543657,0.247859326172067,0.697737755997489,0.112541187547801,0.741891042124947,0.100103127797037,0.651886929239586,0.0975047041250972,0.835202549136002,0.13222855867398,0.42443963131785,0.215515499699002
1.03879326157436,0.107990826262632,0.885998669307813,0.100849491583338,1.04936844563083,0.185898278311056,0.497666614725064,0.202773877186183,0.690647578724611,0.173104886810669,0.484129277613409,0.295077531508364,1,0.955703638249939,0.103646235548209,0.281025923095994,0.719164834999625,0.0934199867035138,0.680218807160768,0.0985336367329161,0.783049168958339,0.108757301895276,0.608142494035502,0.127977227900386,0.751577846105876,0.146663662901869
1.07668043115109,0.110154384768116,1.14735014750677,0.120654838378238,0.975942780118536,0.186470282979703,0.796241723118663,0.263678418395018,0.768906562589921,0.19061810776892,0.783462808918089,0.0761969124147422,1,0.872245875198902,-0.495705562677101,0.261858866191967,0.904327474735153,0.0950903676226533,0.685523592380833,0.0932773702352843,0.784254564615246,0.12333386123866,0.785139267241804,0.126476710916547,0.734151655579626,0.156634213392261
0.864393268398276,0.101902830167886,1.01444658415055,0.102210423597282,1.05574964756399,0.188555496612701,0.497454148142805,0.191576346127249,0.670015678899319,0.186247033715637,0.5835839718085,0.168168335444275,1,0.924544809481,-0.505061023965218,0.263424356744487,0.568629560815545,0.099095861335009,0.761809388849579,0.0999954258929801,0.596778404995947,0.114475909589927,0.8890271477385,0.108334659419742,0.727218843715477,0.140811505756165
0.952641255759306,0.101173480782528,0.868075989441382,0.10871911430693,0.742380200110193,0.142557496558954,0.798817968648706,0.276887136093265,0.731442437163808,0.155240262324862,0.799475358552797,0.0733145156524792,1,0.949823807322025,-0.0247130265469627,0.257894827446884,0.720428345280075,0.0973383251725405,0.714300184636824,0.094962843073934,0.476042739493335,0.114386085711448,0.818410146470224,0.116452563077163,0.427207894956639,0.134056337189481
1.08298506013709,0.107126215371719,1.15948348308034,0.123246713302692,1.05586260243617,0.192389136085365,0.727604542776593,0.289153693639911,0.749444263004465,0.189219262308179,0.529646900998332,0.254029426595314,1,0.855042957945973,0.186854885111081,0.251529720397701,0.911201919563709,0.0916596914282409,0.564225560209337,0.109682252133464,0.704250216493662,0.112386222899211,0.652575499846141,0.146589656078615,0.687482888431093,0.138798360062852
0.895590752508416,0.115034828212045,1.02262761367716,0.106285476266033,1.30774979255472,0.235003828208313,0.561280150233988,0.219525885423316,0.715951259230517,0.175940512222779,0.546546041665676,0.232546923780965,1,0.835663215303685,-0.474432752693586,0.257096089324675,0.681108025250584,0.119051509401631,0.840504952323123,0.10019548555937,0.717515763902459,0.0956046630175371,0.904311836336078,0.119336341177889,0.547119152438482,0.174883254788707
0.926112744960306,0.0983401944001188,1.11262666914931,0.122238499190004,1.08451254867378,0.18832816829111,0.566791784088707,0.215110988771342,0.633657612076501,0.183915486414251,0.638542370475889,0.119662462200637,1,0.808212554726955,-0.187713136483254,0.235234957821279,0.760136101002379,0.0830109797799715,0.749510734767373,0.0887813958194149,0.741110930641454,0.120592500044734,0.823365418523761,0.137769851240853,0.694904971705834,0.178782386853669
0.944644424364205,0.114599268821186,0.877945675337431,0.121586120160565,1.40023334600814,0.263823775478891,0.699712605580326,0.280807874678755,0.989828734150086,0.256222881180876,0.399967325329727,0.306931778758197,1,0.999999999996607,0.114388325937017,0.277933527028457,0.715332477932702,0.109756946870881,0.71213454971777,0.108021204879223,0.71366741153396,0.109538183372472,0.699782288986218,0.137412608762719,0.80552228967904,0.134490919962821
0.940134571996603,0.0975930636931561,0.9236610569476,0.10314460372753,0.936709914027548,0.160831722931517,0.510322430321493,0.186484935903399,0.69139285491876,0.157246985041541,0.636874067309899,0.165126510574615,1,0.999999999999937,-0.310422986569122,0.250080283049789,0.822347396923596,0.10724565431118,0.691174395801772,0.102959233855174,0.658947257061155,0.104909308544094,0.735782536160012,0.121652559143505,0.75402049948632,0.130392872438784
0.995913425808386,0.102523061444541,1.04408427289187,0.101724156997318,0.81684871985582,0.151786090810849,0.410820230607296,0.19008257671717,0.57564891308043,0.136342579418932,0.756086256747235,0.099779017043825,1,0.99371297751353,-0.113355918991003,0.257325105205,0.771954656687016,0.0947831030183914,0.683486214551426,0.103970673711627,0.585447803981514,0.104106033837556,0.434516654066658,0.151626413372659,0.762239421945629,0.109925426870681
1.06330975525815,0.0992740245995838,0.938397514473361,0.098086041073369,0.931106235016052,0.145436314488868,0.419107863725301,0.175940540651003,0.624687077699474,0.157401000009498,0.371068238718663,0.259440216505335,1,0.999999999981834,0.267803489120544,0.233845617841096,0.6715697633075,0.0840423486083598,0.694858547510151,0.0993831362286867,0.615059857103473,0.113565215069883,0.728892500073506,0.119633032895793,0.511510657105905,0.151351034880933
0.926921287659844,0.0895012637896122,0.993897333939071,0.0990369306102332,0.75067409099691,0.129865237732557,0.450231985987482,0.172369316134578,0.581358311903008,0.142184301724129,0.505896160442669,0.167923668335228,1,0.999999999999747,-0.0109383717187928,0.220939484688033,0.603519718803672,0.0824492367405451,0.540083439569867,0.0933156906371185,0.630438310083462,0.103638097745179,0.608401517970585,0.127949574391301,0.572787244597,0.146544822842715
1.05141802923286,0.100724579433492,1.04970160263379,0.113150966442692,1.13665875500429,0.20572378677967,0.826424701070386,0.247243762774666,0.90107170443181,0.19196887907455,0.586662868750824,0.175867510610295,1,0.929699627073379,0.10049122124517,0.242331228129247,0.819237411539781,0.0827720780301871,0.518077755822373,0.0996751940782865,0.715800964095027,0.103056852589912,0.730527517228407,0.132986715798771,0.933031082180615,0.140541314059922
1.13453558356241,0.114402343580238,1.23275552734002,0.123632234407082,1.39415048025388,0.254098790865139,0.814014393534963,0.26642594779024,0.953371076002662,0.217190493027304,0.473536256241647,0.286293186322923,1,0.894934196745689,-0.250320157152005,0.228449017261582,0.865840040484209,0.0849608344965823,0.731803346931374,0.100358181326746,0.892241131180602,0.102932257985013,0.858182485304362,0.121928512427894,0.877727589716294,0.156107016076722
1.02809548575141,0.0978289111640708,1.12457023975002,0.104702161973332,0.747037263773844,0.137661937353727,0.220755064759004,0.117442426907782,0.406093904818942,0.122784407969021,0.716949332401385,0.120253216341538,1,0.999999999967596,0.202108627776522,0.240412693349063,0.618894952803547,0.0943922065901112,0.715085795762885,0.0971087445453338,0.594782683042192,0.0996564659433692,0.835551888919969,0.122137531657034,0.512413647636526,0.156442858795022
1.11466345928196,0.107118262230225,1.01196169550405,0.108236912934632,0.966314311788826,0.178348533327508,0.55365596965109,0.210207149237324,0.643586648579189,0.148509419153781,0.493762227645632,0.205561849976352,1,0.879888874792366,0.262463399462989,0.233527254864343,0.680298219862356,0.092995085721546,0.709949500362622,0.101362062296555,0.813119303011112,0.109521305338926,0.803478887451981,0.144643715889546,0.519496194437866,0.155406289586863
1.09117273343174,0.122211824257775,1.16919631474731,0.132916874240775,1.42477543424226,0.281483181303684,0.800953808541928,0.308025686477228,0.907445229584615,0.240675267731047,0.704682654335652,0.17073806213464,1,0.849461063966532,-0.422605701565056,0.307853200476203,0.905250875438259,0.119015458161526,0.685721759273944,0.0963786431160585,0.967384985518065,0.111456844986035,0.699944450366437,0.172420542043183,0.799669816978854,0.178539492260152
1.15830796829671,0.112900085226118,1.02300709131632,0.116256888757548,1.08655867328634,0.190082928543029,0.466840563730985,0.189228613808358,0.467523194189936,0.143276727654334,0.594550015748444,0.234974302541462,1,0.656435829448371,-0.251164115206438,0.264289637519248,0.891116386942663,0.110725933286621,0.802348148158699,0.0895523241762618,0.770657206241181,0.110817813948463,0.849645561479229,0.128070425273968,0.770679553664303,0.137829919890556
0.986403339319495,0.108704088593385,0.885500888552085,0.115468160052838,1.25176934620192,0.240574601324975,0.715042581552169,0.213495334012269,0.946080538223729,0.204530447955565,0.238336186988609,0.260105131537599,1,0.999999999994197,0.0314959749523933,0.218391420765725,0.64967039052117,0.10395124964464,0.794969987413157,0.094814339885898,0.849905457329698,0.117239069688581,0.885759900375703,0.128762706306893,0.932545426519922,0.174287200836693
1.05381310115893,0.137399243951983,1.14046984402857,0.138166313712485,1.27940122813313,0.288399503287812,1.1296114779916,0.406334247630011,1.09262409133648,0.289003292242452,0.274676491245088,0.408624196933838,1,0.90887224693729,-0.263688304878594,0.259550113634655,0.713853777895516,0.111163547270697,0.778420518887341,0.123244807565368,0.879589404759378,0.116423958190195,0.550030224604181,0.158308856324875,0.929381795676627,0.147634667906838
0.926772465135639,0.10073314803503,1.02107489628304,0.109572882095199,1.01718392490908,0.194146182654086,0.422763515090603,0.203495897902508,0.648670453675225,0.171212816243937,0.360817305878501,0.248236233628876,1,0.989180673296774,-0.390795703931153,0.219287900133411,0.70160848790474,0.106970701830056,0.79733699850406,0.0984775095172771,0.59314767691307,0.135620791204377,0.692696264666519,0.127634763058424,0.798971604106568,0.152553927672984
0.927442815157087,0.10341252404588,0.761660657729172,0.0967607281082814,1.09236774976286,0.206798815863845,0.342330493820944,0.182236867922599,0.546194936436528,0.164473738608421,0.562144883202788,0.176415352968164,1,0.893182985385057,-0.00947354897756628,0.218682702425479,0.709374227981838,0.0921449876929213,0.670745700918096,0.101013419493207,0.741728442994696,0.121667327283355,0.663029883437879,0.124371861565176,0.759194805957158,0.141859750525537
0.966254031290364,0.104387239367213,0.906894749539008,0.1149883513803,0.94382351523727,0.194097595572436,0.540268147471341,0.200848819554192,0.584933252921852,0.154037652978236,0.78200633455462,0.0770946511374232,1,0.819136414332868,-0.226135235760137,0.247578257941084,0.843986721081574,0.101725401338064,0.625772176716596,0.100075598925214,0.729916873985439,0.132601545069612,0.607421555504057,0.145374262181147,0.475607486856872,0.126183392049644
0.948364775458056,0.11066484716724,1.11357106817067,0.128633050224732,1.00676016868825,0.210093846080181,0.631561741868382,0.280249965892571,0.599056181501369,0.187778651782746,0.59505364143836,0.183845245917405,1,0.751271016749522,-0.0528628129272014,0.238253048067985,0.639224451339727,0.0996159630058696,0.79867272664824,0.102507076008895,0.823636250145503,0.129156560267659,0.722915388211761,0.161958067891955,0.394619492852495,0.209071398857643
0.933749812979334,0.10442609807896,1.11880188819138,0.110295777105877,0.965721347189509,0.176467749628552,0.509525476400581,0.214965334193964,0.527456290928754,0.15727134012988,0.731056942567037,0.0971661653422809,1,0.751930340205046,-0.479097027439255,0.254073575278671,0.749353910411562,0.0959744092908697,0.72274906090609,0.0917486798939603,0.655953347926182,0.0957651286405879,0.749499962463056,0.0982344005661091,0.728702944810416,0.156689826666927
1.08635640068939,0.141596523907577,1.04936473026793,0.143369245624004,1.77116466149306,0.377314877041013,1.25937468069297,0.404727965390723,1.42102913797661,0.359199091133774,0.404194606158449,0.389184457644598,1,0.951472049705006,0.0292777363963144,0.260441864417682,0.818645863106176,0.105318462606386,0.767909434084012,0.110688659961763,0.901838767571453,0.139749759156158,0.957007813914708,0.175972706210322,0.811652168778383,0.16082821766348
1.16755562946703,0.102674745543588,1.06862896056015,0.0995166545877382,0.827481777636951,0.137626215955008,0.216707582970032,0.131427542553004,0.375309555806595,0.10206647629779,0.626501935301194,0.148776301924817,1,0.88628489703437,0.228967405711427,0.233354116048121,0.564842291250918,0.0940406135149872,0.773188989679625,0.0896107831693729,0.669568336381008,0.101128175294212,0.506570677245502,0.120074326329515,0.821112095549629,0.108862002793179
1.01725674102599,0.0958304114499192,1.0393355990255,0.101229988571043,0.775728903749222,0.135032847482368,0.402977135129463,0.127228609617979,0.559107334282849,0.121937464455838,0.673052490629008,0.0815417745953433,1,0.999999999966239,0.0802449999027381,0.24433409685423,0.68240103334946,0.0792378482030246,0.774201242542608,0.103636593717327,0.663432018887614,0.106951688003245,0.457421807721672,0.117740173087194,0.589951507062086,0.1399767584901
0.924178886245879,0.113175649884394,0.952028577129632,0.120965556816487,1.26609498723342,0.224310880474349,0.824314387536707,0.313060744676813,0.857827195184331,0.207983909217963,0.589174969471256,0.166729911018056,1,0.839692406144044,-0.230097492994065,0.238991357499081,0.690929296965691,0.107681962577939,0.850030005778397,0.0991628874831769,0.69592864809342,0.101019796308643,0.607377787924718,0.139251034641236,0.631601965411853,0.130623837829158
0.949508399813109,0.125683072946239,1.08659691808811,0.132583918432799,1.22153991114775,0.259794066630368,0.505981045812927,0.185981422112279,0.588324050478546,0.152301941505079,0.498305920234944,0.256212193949613,1,0.748334293402836,-0.51643466745707,0.260560280263988,0.900771867726272,0.106914384191858,0.732647232808106,0.108660245327939,0.831988007428305,0.119560624758588,0.579952023892755,0.163419658197019,0.519960591509803,0.160202676425539
0.875072321075248,0.10442389770568,0.870747769985665,0.106095985519241,1.04204266385244,0.204348287523044,0.708814558157343,0.251614543105933,0.771573652012092,0.187081226157854,0.589051042281155,0.219571490679541,1,0.897776687952292,-0.00717944307503164,0.255984410184924,0.608666579261685,0.100820272881665,0.733167436641522,0.0955353556174411,0.47522213444429,0.121638561108411,0.670250249348646,0.15231054836442,0.697473765169342,0.138608028771465
1.04795144495161,0.111772075376158,1.13845752016485,0.114690197248798,0.880612324712691,0.181904386513914,0.412607807885557,0.163195671691719,0.51853829525044,0.145664026806295,0.658405973874661,0.154564982127713,1,0.86024020219816,0.0148089666111968,0.278925795571384,0.717113637333316,0.0993674228997006,0.718708562916451,0.100967057334017,0.760581598269209,0.11722358760307,0.652485658651911,0.128877083700473,0.770575060573969,0.15526791306858
1.01338771749988,0.0990025774991391,0.959261254801284,0.0975672852443222,0.988695144662462,0.170041388698333,0.185819300446572,0.134635282720991,0.417070892994223,0.106510522545212,0.465446692546424,0.196139768340497,1,0.973045773948487,-0.0369114814618995,0.218430101185416,0.627604240187522,0.104795511101268,0.778083075718715,0.0961348135446845,0.696964171674646,0.0946700367352946,0.625140637220116,0.128880845136027,0.664353193260001,0.140391908737487
1.01873814661714,0.117379738666775,0.920018892414121,0.116520143114583,0.949534718487015,0.19204979918776,0.589203537998579,0.262000137926432,0.562824590666368,0.172901670541825,0.696760462337361,0.132116868869689,1,0.752462683035262,0.303591737410733,0.264233152047819,0.642848666066947,0.114455920375557,0.814712698466055,0.113789155775549,0.711366946530596,0.130254830597,0.536404037170075,0.159283255068396,0.681536136510104,0.173108248813942
1.03163516098813,0.120912383127666,1.10122588394988,0.13258854721912,1.30598322468233,0.266734908761278,0.602115883935059,0.272113770766088,0.821809191235871,0.222847187066513,0.508500288449842,0.293914467572731,1,0.92674905715348,-0.0348378954199181,0.230915999736005,0.79383162183268,0.0961370661182489,0.745309808509928,0.111867708928684,0.842134853900099,0.134294345425003,0.825523195435735,0.152294736003354,0.731088429535493,0.171706246011191
1.04396577863656,0.0985386118938329,1.07469905977939,0.101441846063244,0.862637878289275,0.170228635479379,0.38713101696146,0.179409732471171,0.553228620746095,0.139184460306924,0.481240141340174,0.213166738659912,1,0.957329393632438,-0.163693621057894,0.217652505130031,0.702496548101514,0.0929721337742467,0.735172944398313,0.105022193364456,0.665451524594182,0.111745776819681,0.925815861702469,0.124136077610222,0.819814971503227,0.119073064920457
1.14868496815245,0.134156505314941,1.04335483198148,0.127682040224152,1.31519249264474,0.267653491590813,0.613010654029975,0.25866579208005,0.862485905471771,0.23819207738803,0.322775964606689,0.326632329642124,1,0.960557428117966,0.339673744531222,0.281068063923839,0.822092818370254,0.0949311037418504,0.734855492034214,0.1127963932709,0.60540578772183,0.126449592228449,0.777201076586475,0.152511499481511,0.873877892389338,0.166820400943971
0.853329011222377,0.0983676422084824,1.05162111488317,0.106433537618339,1.00940704306809,0.178182886904276,0.549427483363688,0.185694232378453,0.744712005651899,0.167729436226565,0.540855428371471,0.220416044953076,1,0.999999999999632,-0.377577284382517,0.23792635082488,0.685742593867404,0.0886736037354488,0.691479146792921,0.0955404349106373,0.688575702840973,0.108437894510307,0.608178800860361,0.125834863568418,0.717151145445765,0.1438171260571
1.13770312439274,0.105918775406298,1.17278064296294,0.122759383133409,0.718850283941993,0.1440753628516,0.530072793576642,0.207554729410315,0.527308682661753,0.155380300312138,0.843437766209613,0.0467221894122556,1,0.854236139887686,0.411146619274909,0.283176935443976,0.793356350999864,0.101180841568554,0.700637132275451,0.0956473520017913,0.547672761725234,0.112079188322893,0.899216967283626,0.112176837144555,0.521518071102644,0.164738962566825
0.765839119180222,0.0879205631635629,0.841605087303397,0.0888846137731586,0.811045182121431,0.139150543560654,0.360912887248527,0.163462117850023,0.517553319529177,0.12403478230292,0.603977056820152,0.141207897939416,1,0.956602208369281,-0.137602811133751,0.210475550608828,0.600751983084845,0.089479631788134,0.536936898416364,0.104754258131764,0.628708174117438,0.0996440149111086,0.582467062848068,0.137230509349438,0.747993031864424,0.145085542287947
1.00507413714416,0.111969460390394,0.971913933211297,0.138966655812209,1.29396932114492,0.232761254995624,1.20880432253744,0.403626984435207,1.19629421474527,0.277055461537506,0.292512141384314,0.227039010313669,1,0.956528711471952,0.184899690971734,0.264088968282078,0.814798460630008,0.0936008619215663,0.635093437689262,0.100627768631358,0.873174476570648,0.11095560198717,0.815836377461276,0.126890129609912,0.776916491184679,0.147483312535792
1.03794720096961,0.10319331015652,1.02807139432692,0.100541507113316,0.885347355410493,0.159092890630344,0.238843144950972,0.117549239779568,0.459846873137496,0.130648510150802,0.737956267181059,0.115832608712182,1,0.999999999985965,-0.208078576591063,0.261443393078948,0.801414298751805,0.0898267599249982,0.727051412419588,0.0923947139267625,0.587578124166295,0.106820404515776,0.578536713232073,0.128399969322681,0.598196456199568,0.136280017162601
1.0185428779173,0.115364389872785,0.948813860240579,0.107126669251471,1.21960140966505,0.22301356275402,0.462600270066855,0.155440433792295,0.75112445135806,0.171656731461227,0.0989372322701855,0.265417268103878,1,0.999999999949466,-0.230366698786241,0.223610785162018,0.820431273022096,0.101131110002055,0.620104506647815,0.120342733154562,0.66894467471126,0.108947266954313,0.874100981866089,0.113481535498726,0.725598489019151,0.146770089333619
0.948096995089669,0.109671126793944,0.906237782556315,0.106290788554511,1.19068876936593,0.24889380782318,0.504727371733343,0.172793443317958,0.775224620414551,0.189028934399112,0.244557221920325,0.269817926815512,1,0.999999999153382,0.312201953377075,0.236308428980893,0.651918195321208,0.109126239071486,0.644278846155055,0.115874222988323,0.61020058887707,0.106901091542489,0.683093595798444,0.141960600758928,0.870316139661064,0.150891619975614
0.968304182101786,0.104315184785081,1.02306163296708,0.108954160443248,0.929260242290915,0.179876759542538,0.358785695150093,0.210099885794027,0.563749896094976,0.173409372855872,0.767302907416931,0.085258197052766,1,0.976338099138442,-0.152699048083621,0.254540460180113,0.743199571996443,0.0946748913077327,0.689972414820703,0.0908337508844399,0.54829955240871,0.123557651107254,0.855533889285024,0.122280724850826,0.658465044957484,0.14600104649497
1.13612737259254,0.108327827265709,1.03631464286494,0.120513767891119,1.05150649181231,0.181167007093286,0.79683646630559,0.315070618178449,0.889320891264205,0.224841804764249,0.790436244206017,0.0651109185478361,1,0.971556171836084,0.30460056806846,0.274118243161378,0.731885594104779,0.0853065944128377,0.639036197862162,0.102207358061475,0.745118039597597,0.108326124979477,0.704336430900646,0.110200662846243,0.636974922706751,0.140060151369636
1.01377933426273,0.131105313915978,1.12817960255247,0.137388471228298,1.30563842207728,0.277048406765565,0.676186907408512,0.277394537110074,0.790057294403308,0.209755589597413,0.232414294769939,0.335519117198357,1,0.840840743252939,-0.0938385110460135,0.262698170523344,0.813744428787968,0.112263966031016,0.670606816680224,0.116200974513405,0.755703791815932,0.120694272004094,0.988393892306622,0.138411110936128,0.836440762156349,0.164463152632292
1.0011457053888,0.101268808477444,0.98524972403959,0.110280286963819,0.90050470723331,0.170696929539184,0.615894312078118,0.195331310221054,0.601845034104914,0.151660168402071,0.745772368068435,0.101264163595633,1,0.808143698985968,0.180551452359594,0.270276048609525,0.693684985841259,0.100760974140667,0.668082380270138,0.112323483852288,0.712865736465321,0.115323530498291,0.708264185552941,0.125398795540584,0.922197406560443,0.147041275549974
1.06499717272799,0.108290364723602,0.839847974912026,0.105576109973365,0.951063110363331,0.179535309638664,0.434527518888244,0.195614951670713,0.58850265452953,0.151521510334901,0.723697961128101,0.103201092452442,1,0.915451024209573,-0.0024981237280896,0.28319013482934,0.792400137636856,0.0871602778372667,0.74168752314099,0.101975335529307,0.748577560830978,0.113203508730168,0.528983087586705,0.171489797741623,0.739801872605251,0.132041140662412
0.919938135764665,0.091320797997597,1.05402566495889,0.108987024189841,0.869771044891635,0.139366041061642,0.59063321085813,0.180223842375352,0.656189626246424,0.137018737442684,0.608367056003764,0.136917918018043,1,0.915520252239786,-0.357046340695632,0.225982984359739,0.731349700594315,0.0826468659291939,0.648147414162542,0.0852033455736926,0.687582173696379,0.0964200971046793,0.655537268740675,0.158968529408623,0.770987287619239,0.157326620236221
1.06819184592435,0.113241138765816,1.05290344237488,0.115889451971766,1.05892823804953,0.194903796977998,0.861502651462527,0.270359180970754,0.955127993925444,0.203742886290303,0.797609993707997,0.0634822364115976,1,0.999999999995525,0.08355804253317,0.268754909090865,0.625706614083925,0.0899633915473242,0.674342593967859,0.104989021430686,0.761893219651104,0.112092127076553,0.914104069939583,0.116579891581483,0.736941547737809,0.146636276103709
1.15160204780755,0.114778937635385,1.04761964737804,0.135456738429976,1.2511245377548,0.246571526216277,1.01134052094724,0.352949937791612,0.961444270291459,0.243093484704642,0.627155008682146,0.190419898595943,1,0.854722507765288,0.0771441376111596,0.245939406845181,0.665335665158575,0.0955121155753654,0.88276924816587,0.097663775397731,0.747201738928964,0.139357168459271,0.745632753398664,0.122837203075049,0.840998105376734,0.163109605574558
1.08033057292499,0.100190096201987,1.05358332260255,0.109811153294937,1.31661956593502,0.241018095045741,0.427805523365037,0.178385407463636,0.750504578557352,0.189050622119128,0.261644767618144,0.307010222391644,1,0.999999999962776,0.118179383035448,0.233889352783943,0.7557652446724,0.0994342368137174,0.827629747456877,0.0993904437706415,0.648872663994345,0.129563221716185,0.770315641014717,0.131979609569339,0.879828823989084,0.138421629008426
1.01759948841485,0.0990119183897264,0.941559684557472,0.0986522310779162,0.857311007600511,0.154179133070122,0.319045739901307,0.176696233325215,0.452277780394457,0.137773485338272,0.593286058286997,0.194344853340254,1,0.86478784576047,0.106312069226348,0.244597157157841,0.620365922186358,0.109001813229489,0.697965838609068,0.0953653358508455,0.662510146370469,0.104335827952416,0.694084206186451,0.0990455774538753,0.672459899910645,0.147941118892896
0.964163541944335,0.110044324029078,0.893896879485852,0.120856858207034,1.01807438117944,0.192102930423176,0.774554040084503,0.314830613822829,0.807036864388706,0.190542096134245,0.712905717256959,0.117909827335008,1,0.908819751178337,-0.243458829108563,0.266591944647828,0.771138416214408,0.101212845903603,0.761357813730176,0.107077523248642,0.569974631081128,0.134944964339484,0.397786935787823,0.143922901288933,0.550236826080424,0.143311470013815
0.909908217504934,0.0884896423987,0.936166181202626,0.0992026882063435,0.825219287212395,0.14501145766223,0.370304202809979,0.163255670451433,0.549253360887793,0.135652007790713,0.499828074704585,0.203382098843009,1,0.993593444696274,-0.139642804384449,0.229538987534373,0.608303205342847,0.0957161516606589,0.51081557240619,0.109148641936292,0.820504646469876,0.101545837843804,0.790409153456963,0.115008625347458,0.407986252833501,0.152707803256301
1.0191897962329,0.100049565976506,1.02591221744016,0.115501420142685,1.23929834953916,0.216214867394418,0.616254719544496,0.219093651330444,0.873912727861577,0.213008104742792,0.625092816554445,0.131492325353965,1,0.999999999405054,0.0274490160928384,0.220067858877201,0.71704385396484,0.081429953765707,0.777275241194644,0.0967332833725137,0.651451219168942,0.139646914727953,0.786399378777152,0.12533682756277,0.790444598944112,0.121319751914276
1.14805771286132,0.131499509479861,1.11914497541381,0.133863377657142,1.24315112027816,0.269487253619252,0.593193416654828,0.230813537733478,0.713671551632046,0.202814723976079,0.44062152806541,0.301950919245172,1,0.831071254847721,0.147379804561646,0.247583121798329,0.784519588394147,0.0949377507295855,0.809944086428973,0.10607706105939,0.708604320050352,0.142580914913369,0.64508594167566,0.143720420266372,0.627616285878818,0.17585086287755
0.904856394966442,0.119811408258674,1.0956577796081,0.132360841266046,1.27654350861005,0.276502894185726,0.631450113208504,0.268351891545229,0.728066453848802,0.200920527233733,0.425648411168732,0.291396939931118,1,0.810930598212715,-0.261887723144061,0.261964233939358,0.663595637918089,0.0929369006134516,0.734014899835127,0.11609117743815,0.866090438788065,0.140333653394898,0.835734730466833,0.157381381670004,0.633469948611312,0.154906704564687
1.05705409027181,0.10494364258732,1.11102644663299,0.102617811016937,0.956829727694104,0.179759712511978,0.209515314837713,0.0955893002927962,0.447739300978879,0.115669332266972,0.443351417086835,0.245588162653331,1,0.999999999992872,-0.00392341639293009,0.212039497771093,0.71614531583977,0.0960022340374276,0.661736819890111,0.107075135209069,0.672698875461168,0.107954240537284,0.460344219124327,0.15813853530622,0.839284626414769,0.117338691338
0.88506347440793,0.100165182425534,0.873054822835942,0.120983886504773,0.879316166862029,0.16824941380797,0.78545745007152,0.253912008712219,0.767854095191152,0.164376710117615,0.726946474601138,0.0940529888972022,1,0.923942286528034,-0.186027145526835,0.252817462616828,0.855505470588122,0.0979169381049961,0.510494572517219,0.107795487105316,0.564039247360825,0.102618709666695,0.776798884756599,0.103493617794223,0.590400622775271,0.16271356677866
1.1576701192896,0.103896759807124,1.18837987624138,0.125502613683338,1.22835274455678,0.212649656409819,0.441348939085353,0.177808986894482,0.729998393114779,0.184771738483851,0.556279981375528,0.224051993967628,1,0.99144656033594,-0.0394588675360533,0.239319926014537,0.663671235206036,0.0986554662808752,0.765160919636011,0.0966943214004231,0.801539474947331,0.10371575995514,0.697625285850229,0.13002203415159,0.616430880192759,0.163864186919511
0.941119237595912,0.094278327728233,0.896172705029149,0.104735038007622,0.686009223598398,0.131794694395102,0.536986479715082,0.231962206463564,0.485074506623777,0.143648172583026,0.75577625846605,0.0867494431539358,1,0.799211634644832,-0.0060312591758526,0.251913847085106,0.664354197049815,0.0870291493853993,0.62284432231704,0.105007304211794,0.575121260209542,0.107910952519569,0.564097287472329,0.129053115086381,0.518006587721816,0.155425483686667
1.07080098226915,0.104713887121227,1.09028722907758,0.118238423736892,1.15935097156869,0.208988622748948,0.794037427468891,0.278379592245485,0.881098708667964,0.198603826388548,0.530258882642959,0.217752713616472,1,0.918325434062503,0.16166553790472,0.245666620424368,0.720050956697447,0.0946615531579551,0.700360367805765,0.0899774893805679,0.83640085638184,0.118412168693843,0.676811500298163,0.135034635248794,0.556886838582713,0.192015367731306
1.16096349908081,0.104691149523763,1.0341078906023,0.105648949488232,1.13113175279063,0.223133026294344,0.591378824794495,0.182194755494702,0.817879799634966,0.181225375989405,0.466386144282043,0.264495692958525,1,0.999999999998411,0.164708651661812,0.239350010468849,0.71984264631823,0.0864254643569956,0.612959520866782,0.0900105374687572,0.738804557066937,0.104751129699268,0.754513730029203,0.136503751592669,0.841465781145654,0.18690940569394
1.0386563959233,0.100466675582003,1.16205036523462,0.120028868902234,1.12885609000109,0.204519601286421,0.855808477614986,0.301250807692222,0.90405476269462,0.213254251002666,0.276933269486027,0.303115898083577,1,0.919786765105058,-0.268908534030629,0.249078865830302,0.707500638959086,0.0898482638372422,0.808890281264906,0.0995754862833155,0.801202461167946,0.130816153656314,0.863566433195913,0.1249192717457,0.678564939890095,0.159042231146722
0.948343783648896,0.105881953453719,1.06013197186362,0.13156562644454,0.992723323858322,0.203738163429208,0.773218568620499,0.263744984779794,0.734749442458624,0.208074866072488,0.123911032246184,0.254206130030733,1,0.838636991640066,-0.313441519806952,0.225813059985124,0.739686797092443,0.0926566507729115,0.703971016384243,0.115582416534703,0.627380349147939,0.119406090939823,0.856057605717555,0.135323769062973,0.634017554285847,0.152568912730049
0.962101030144673,0.0972594306485089,0.935190510348497,0.115164525015214,0.759950437345769,0.153895008224127,0.616323795023547,0.227665980963455,0.584452977648426,0.159892052046993,0.821988381355001,0.0617916700852905,1,0.853989386640906,0.203148804413999,0.246042781804227,0.674398403152322,0.0892838712858217,0.739676281404452,0.0978755706858849,0.747225342516451,0.117388198387773,0.388986283013114,0.15461780598057,0.702923814011609,0.141073404077905
1.13156356122628,0.119631512727833,1.02481546441558,0.134818027238496,1.32477380107543,0.264844921165635,0.894972584901888,0.330850285312978,1.01533392089513,0.263680911142238,0.510732216469413,0.254326018872456,1,0.932466340989943,0.257693983415267,0.286631225288181,0.772156080334461,0.0966791489358794,0.625546581253361,0.11601882617905,0.663692246322011,0.129148699302068,0.808521863923538,0.14255486745577,0.812836204889661,0.191841539272335
0.806908498763347,0.091895752540002,0.873639901238925,0.0902215453784376,0.882171863634582,0.150962593249768,0.314257334376136,0.140816516686503,0.526525382402015,0.137756217424789,0.695490048464721,0.0836454451766182,1,0.999999999975031,-0.0947928176208764,0.241855557383171,0.728810810063852,0.0739148918174699,0.722024554944048,0.0884836983113134,0.464756937348228,0.135760253558721,0.621371418970638,0.112600900476372,0.827603260604637,0.157063635093001
1.03586654087482,0.112886986491199,1.0420196737624,0.116301156998142,0.931768584238448,0.186327142630153,0.594202028744904,0.280540484192974,0.504419754608773,0.16573220558844,0.451712201381536,0.363310486123731,1,0.677908359889803,-0.0709394145637773,0.225174243893556,0.677293703001754,0.103035391516494,0.619198988792034,0.100204932160393,0.806976670629906,0.10988118033312,0.641756634132867,0.134646375540923,0.770904310670254,0.146402467745038
0.943753128799549,0.0950209314281698,1.03441572080854,0.102579554454999,0.887024856009621,0.170806051221007,0.470864452345316,0.211776991255341,0.620155655355559,0.165276896727404,0.708225946616967,0.120852042615821,1,0.959588116877377,-0.0736012969692356,0.249751991533576,0.733238073347144,0.112047285522551,0.503504798289808,0.0974280873433025,0.68447213867385,0.110563338834712,0.681427406171001,0.13972831642308,0.816324830156341,0.140285685502417
0.805781807136069,0.086087536632732,1.03751759927087,0.105358323210361,0.827440783500303,0.137876618034959,0.55476752196342,0.213851278236902,0.599357425381816,0.148388348671086,0.695737916950104,0.133185076105303,1,0.884630512039506,-0.336619075591508,0.255428539280419,0.685534430135209,0.0938022833883408,0.596469817936613,0.0870059087953723,0.712787347476013,0.0999350471031839,0.438042660595406,0.147769180930408,0.688133614514738,0.125861928660404
1.22489359428638,0.133434141406358,1.15166722141726,0.135548164609114,1.26373492964206,0.271151020002182,0.745336174655394,0.321268282908248,0.876819466644164,0.244126871620798,0.646577188348713,0.135366728774155,1,0.903454090145272,0.340258207627555,0.245642517042415,0.80808395008334,0.0930417596384522,0.822751511646323,0.107039790779283,0.638203571507637,0.128964086033422,0.823605906792358,0.149188432356341,0.707897011618788,0.163710607520001
1.03878056353636,0.10314947236268,1.03709354747781,0.103847455393929,0.910025786091431,0.155334932679509,0.51507120964443,0.186073402053203,0.684637190363002,0.151179287362235,0.685752940079135,0.131864723215249,1,0.999999999976968,-0.0452657595404886,0.244573215325863,0.688222914683934,0.0906598861759039,0.677160438799827,0.0991867715937021,0.801719768961384,0.109378947522523,0.404346321390625,0.147019206698174,0.624487263683465,0.145741836899286
0.855098158947707,0.0994624104749859,0.998648321222697,0.114909727460147,0.9742063149063,0.182501649133698,0.842433261529833,0.266845176881566,0.853143510488796,0.194759276158894,0.693018907940391,0.140905165895641,1,0.941735340769452,-0.684691289176404,0.27550643114456,0.850405670940389,0.0970895552435135,0.758751685826223,0.101402656129285,0.597950373415399,0.134776557440988,0.729921865864267,0.108584706271452,0.796079534981975,0.132032174964163
1.06241836384853,0.109866035238318,1.09431941921308,0.124830561243376,1.06526966213621,0.195735280924513,0.797195193952303,0.291519133465747,0.886817644781066,0.2100030664066,0.727286664955093,0.0984783616994696,1,0.962325979065681,-0.159658223062077,0.274471082890291,0.831681007250089,0.102794466908669,0.780784830205438,0.0925085512210144,0.682229580521141,0.119794295262869,0.816062214939738,0.125429234272478,0.549534759985113,0.15697075916256
0.931841751332561,0.0857433533194837,0.859348505483118,0.0824617382760938,0.830568287789524,0.145925741033731,0.179967872372471,0.0919822731616614,0.38662075409863,0.112144312186996,0.627556150546876,0.16037418812558,1,0.999999999619557,0.38916352910698,0.215065509195569,0.525653926515423,0.091780284179999,0.59906275579897,0.103084353531689,0.697577732860797,0.0956362106296381,0.733021851928784,0.117800525509715,0.617133158620132,0.15941657036817
1.0657764804575,0.111967737595128,0.983608394010468,0.118432301513668,0.99964777435861,0.223958182859553,0.754232264171164,0.259233596527078,0.836479172323242,0.203513485621618,0.315530973840548,0.333389611566812,1,0.963338854015898,0.207192918967482,0.20204763099592,0.729051593443448,0.103847729276865,0.740649213140485,0.108499219554635,0.568244865148018,0.127628179973186,0.821511529165155,0.163285594642765,0.425722699170225,0.214227713713588
0.881001990611793,0.0973611801279127,0.871645408397684,0.0954417591074765,1.00530435588069,0.190794477758584,0.319102652875978,0.140754746463982,0.566387929547632,0.146663275332059,0.399697154623494,0.24610936002178,1,0.999999999731839,-0.16286859381646,0.225341385030378,0.670656235125767,0.0866838242562541,0.584200860828397,0.0879642775097855,0.765019947895703,0.107621046117763,0.648346038970843,0.131119478281551,0.284788971200908,0.189195036293274
0.89174209016294,0.108068415989313,1.13155929869564,0.124873417611573,1.10319558718307,0.200216778169022,0.39037444132401,0.193659492586338,0.619467267658119,0.160925019047044,0.583848839937485,0.191800024290631,1,0.943955274654948,-0.363296620754816,0.265021888446365,0.606243833783442,0.112840363957828,0.7538567633701,0.101046558874091,0.685039713798488,0.0937593366574258,0.862311160565552,0.123212667214275,0.634224839337364,0.15673563077281
0.955687801794624,0.0973041496891356,0.901583520293025,0.0983692379005236,0.790567541850708,0.141379610762904,0.282184935007479,0.124958460469585,0.387947842204488,0.110275817567943,0.627501013398646,0.151797342651834,1,0.82136641062055,-0.0994449745538468,0.25005953812875,0.718230705617972,0.0987506212680355,0.678686052698617,0.0942525489910842,0.574109161604481,0.104351532401335,0.645317207094965,0.126491630930654,0.54167094108413,0.157405189751782
0.927653870718629,0.0959322069196252,0.905293134432452,0.111636419205388,1.01058190590873,0.18096454413741,0.779142210064553,0.239130634275009,0.887348307949566,0.191232315017604,0.659813833984451,0.130768010489069,1,0.999999999999989,-0.151995775903114,0.23348312748102,0.529436667532538,0.109014027958141,0.581976090026167,0.0959336101808265,0.871552005398642,0.112200366628484,0.443406062511885,0.148013013058524,0.636740072962853,0.141225503856329
0.863725724883037,0.0941693765109184,0.969473167808817,0.101795472623396,0.855523087602809,0.153626612405785,0.484095754404734,0.168191969072161,0.546912459775008,0.139400374040402,0.509891760437661,0.194519422096093,1,0.849838327194833,-0.0539286898522041,0.224507494981918,0.591746204902424,0.090300329819074,0.650740220479357,0.0996990373122266,0.66433839759034,0.0973696788537201,0.50007636100955,0.138666662429981,0.651417310674818,0.139621180336177
0.910191826730762,0.091912299300672,0.957995755305156,0.103749266655775,0.83002061399422,0.141710609962756,0.312064137296003,0.128829952450821,0.508939747753872,0.128802492724368,0.510865266526263,0.17421977198478,1,0.999999999999556,0.00784179604527719,0.217914204298107,0.47562186928333,0.107732256477064,0.836821424886265,0.0804762497440384,0.635461363273622,0.117861466387062,0.598803351313037,0.128748006560283,0.651060867270563,0.155878114709206
0.93414300454123,0.102276577473138,1.02535279957326,0.1192448470849,1.14846095270262,0.18833188370113,0.866635860234806,0.239525898631325,0.997645952062619,0.198357748283873,0.743143444323782,0.0759884976381955,1,0.999999999987645,0.0209814272182534,0.244055803889014,0.682645107387285,0.098262654191287,0.716095047938987,0.0963299274756466,0.725693213403813,0.102563619494585,0.929474250333527,0.11451835152232,0.773956609322877,0.160346172062148
0.95133710268139,0.106436531647969,0.868773096771809,0.112013118266562,1.17817656998156,0.237879263370899,0.901395831152544,0.306646485764331,0.986824475109788,0.253594571462539,0.649374886168659,0.154919311484661,1,0.957584149544937,0.131905623509181,0.248284381727034,0.643681279269842,0.114937887479739,0.486809573542558,0.108021136197988,0.678372394426589,0.126355867937708,0.734653173538344,0.144109214701074,0.717115288604571,0.140848860968268
1.01883113235461,0.103092095055415,1.17595601680724,0.116234283090948,1.14279807502862,0.209072626566801,0.52425259007423,0.243503501783978,0.655133640804395,0.190631513400041,0.496406156051259,0.25371888737818,1,0.846398448002098,0.092782240421604,0.233627147785921,0.57104304471315,0.115351940819265,0.750770160783585,0.0968709218506637,0.74900824937611,0.114430391681061,0.778258985407338,0.117237597564435,0.659517974200063,0.149270907351796
0.912995443353996,0.110288651341693,1.02586103098476,0.124212772147789,1.09907244715304,0.213168702543985,0.560106350730176,0.241786743686236,0.681310663599932,0.179019307514032,0.248575216849468,0.35926772637119,1,0.868353936956973,-0.0369194623051423,0.245453117558803,0.755964363580168,0.0942149980563904,0.646931405882804,0.0957117454995125,0.646556644484099,0.128361951883146,0.751472808954824,0.141943514904921,0.750221834335301,0.133931093059813
0.956097299329811,0.0931115700010929,1.02903772034971,0.104843178041441,0.850131470777892,0.166386279797755,0.407919237141579,0.201077118284983,0.572510018979387,0.166745751291329,0.67557744639169,0.141942606076595,1,0.972194032867942,0.467368829416213,0.233781410319212,0.610214193194397,0.0876918514878468,0.500217957485798,0.107617964589524,0.610722272551657,0.114016251421556,0.534184059417898,0.136861351914321,0.679730666555449,0.135443502518521
0.978258840707438,0.109541913624057,1.21589296637851,0.13006015758196,1.2288503479567,0.232996828436082,0.34309566553914,0.170629830333414,0.649317509374361,0.193873541491617,0.72819384102755,0.148820452393107,1,0.999999999999899,0.100314426449586,0.282025282992459,0.602719669829378,0.115617244518177,0.805312332232735,0.0910112087550465,0.531272157707181,0.127772531608226,0.681938376977065,0.131000261655379,0.952051511654972,0.148403597603489
1.12282651698892,0.122250501461375,0.972386691833359,0.125286694459635,1.38091314951399,0.284399532718355,0.832783776994062,0.282053920993549,1.07238149377473,0.262956679894992,0.494516824869022,0.257138358561945,1,0.999999999929342,0.344477860202425,0.239537811538975,0.784016932748475,0.101037073930331,0.603071390813235,0.117697026045094,0.892036020871079,0.10955027679221,0.931530865665988,0.119070795963305,0.670390160399616,0.160239884591275
0.801289347121897,0.0801133752901281,1.03201658708811,0.0948631578083939,0.737716642291178,0.128294647697941,0.422725932759512,0.15825477435152,0.483151811157461,0.119835111965441,0.610911256308562,0.118317113078122,1,0.865185786037212,-0.369762903177596,0.218273339990072,0.496733551273224,0.101625775624407,0.706413015057655,0.0879512015568849,0.703548737707588,0.109449003219811,0.572940739953305,0.111477554011548,0.880251187934277,0.148006649334625
1.1044912012273,0.120552438623862,1.05969310643006,0.121159435365408,0.976378493868315,0.194108614537123,0.47992346878817,0.188891560955813,0.558648342905226,0.160590333763937,0.705589177148175,0.159870515543119,1,0.81610007630411,0.31050101968274,0.278968581155235,0.824087483015221,0.0916651074926205,0.716465744264708,0.102975810933301,0.628905451146994,0.113662882248644,0.838413479100204,0.12468748217387,0.565390396982331,0.177304454011869
1.12148005340333,0.102951203413213,0.927312457349935,0.110448655706763,0.870732383601963,0.168538473684047,0.536754454256438,0.212153878118417,0.68113118422038,0.164278018145105,0.681179459407811,0.124201829801084,1,0.996323988894626,0.0993491619670864,0.238536322842519,0.802499947892616,0.102824829083987,0.58822577298788,0.093017319718275,0.744262676277952,0.104584468067711,0.588539242499829,0.125106775110283,0.53480570070931,0.18945160646016
0.940813207080028,0.0979629549252378,1.14087805622277,0.104402277572029,0.824515438489207,0.147270195985919,0.362593736870849,0.196676030097424,0.496534077176724,0.145797161707894,0.7528056836104,0.107532910448211,1,0.908112208848619,-0.329010639483198,0.257835755473191,0.809452860573471,0.098991970713939,0.789142153561237,0.0909028740157369,0.588696539277901,0.123522160354677,0.555314393203476,0.119842126772688,0.435964088056331,0.183418667006329
1.05645633400864,0.109781598251801,1.03699209887668,0.108397674207702,0.985060264373717,0.195252037586122,0.192179784319173,0.0932346996359215,0.435096160768362,0.121125071301145,0.16985675443496,0.26642217611633,1,0.99999999991189,0.0404371288451928,0.218795419647625,0.685447340267962,0.0986466887828944,0.773666504630574,0.0975300003415641,0.723694143860502,0.112672001255535,0.843958291001697,0.124369451876924,0.860038461087848,0.142158404657608
1.03922602870517,0.103917048852901,1.08230445494982,0.107018726069331,1.0315974832229,0.183139406941404,0.589794164027184,0.247549346367081,0.664149769533104,0.168971133797245,0.680930997163173,0.130304370973751,1,0.851452948719306,-0.275288587912782,0.234984116206411,0.762444598693648,0.0927363943970849,0.836805065581143,0.0865257133426418,0.548237733767657,0.105681472900492,0.844515112899268,0.123037861040138,0.822559263491497,0.146647281623369
1.01490466914298,0.114933575334377,0.929617023640134,0.0971552211463172,1.10332534651124,0.213070344667981,0.601057853791324,0.201473170536769,0.800122853063979,0.186776305572395,0.441767935522362,0.305402314335843,1,0.982532079923703,0.316248700436191,0.259461320497372,0.617038219310637,0.0916280534401712,0.736023512661383,0.0938935231496114,0.781548316800664,0.12387636609101,0.545152361608172,0.142346675455024,0.956334394047844,0.17809963283941
1.16414236313479,0.116055137497764,0.994391210736201,0.138382445118316,1.25459449081936,0.232417876419239,0.617553011407953,0.262195839995704,0.84564443752267,0.229935249536454,0.616360214343508,0.150992981246395,1,0.960724766542305,0.120740627588583,0.269613383020901,0.741278115373294,0.104843495130354,0.717069373957902,0.107831373580843,0.710634146428679,0.110212354034084,0.906253439565475,0.111661051005371,0.71251788202042,0.135366269087056
0.985703288803346,0.111151056180024,1.10476398433028,0.123593120162307,0.84331463186269,0.162048927895492,0.661390919243133,0.274430257963915,0.690889103750922,0.175665405193635,0.774569437565312,0.080114008733698,1,0.925090905829183,-0.119701175544787,0.256300051489147,0.843981752156836,0.100967702636671,0.726750721698054,0.102133148809099,0.70047853737454,0.102992619848412,0.564409386064778,0.142572607542634,0.852447663363217,0.153629056582887
0.964303680498192,0.0985403514150332,0.866863899159381,0.107809095085337,1.0410124052351,0.190510523835909,0.529221770394747,0.218593555688147,0.640006316038083,0.164335933336032,0.309391292334518,0.337315869644718,1,0.862258445631972,-0.0253740831911659,0.212790723657064,0.641995060713477,0.0915886654167009,0.776311792217755,0.0981037746718067,0.608725402511237,0.111071697135009,0.658873829117297,0.131322895779368,0.746823745436839,0.150033711570002
0.942852571061282,0.0955350714982095,0.887010726499312,0.109934851628369,0.796077943134658,0.14396879957366,0.705938746771713,0.236359459298335,0.698805754100988,0.164450366109364,0.704307361074512,0.0955424452040681,1,0.932170096769099,-0.0515489171439802,0.209356281584143,0.614045573596313,0.0995653848409391,0.650603103079393,0.0977653212106597,0.6370702583434,0.11902333498257,0.815778360648144,0.134640752473237,0.701564757113577,0.156923881683592
1.14326819511851,0.112621815590291,1.05475135547909,0.103661060125741,1.06508029813191,0.167679786035149,0.600198432687781,0.219927745981111,0.799537069574256,0.175577919771653,0.712117322234562,0.129284680235886,1,0.999999999998421,-0.246387855794306,0.250317539569023,0.67749678375929,0.107779242460426,0.813597676148771,0.0926533859871818,0.800891109963459,0.104052012713259,0.739474025725761,0.124412400869127,0.890398874970009,0.110772921549542
0.907590470758006,0.107471831105035,0.916567484214222,0.101674602500919,0.946339001605217,0.191305897584122,0.659521312978717,0.218985849471635,0.750026364859832,0.178359258609487,0.636534929456111,0.143704667599157,1,0.949377080730991,-0.230186831290342,0.226571700233544,0.750013402837322,0.0982565365051275,0.702868958666605,0.120867447461215,0.62683917246669,0.126579950426302,0.527145920116827,0.127120048108401,1.0229643285817,0.140322130438182
1.17457399910503,0.117504710678232,1.12436745791853,0.127574133720024,0.874081056809401,0.181405981451703,0.584247347575907,0.252942732110454,0.55942012320871,0.156429359316676,0.820593417753405,0.0645258667721864,1,0.782823502208165,0.300745306324089,0.285811107562268,0.688041269716137,0.100990666693893,0.598859276183054,0.108325402812911,0.780718847732888,0.0992819273124115,0.789974013059507,0.115202381892785,1.0129518113941,0.138983914191163
0.927495267659907,0.100158952310968,0.972821685937824,0.0987171642783745,0.92954304824175,0.15670823812215,0.252488582342185,0.143489577576117,0.349650063812708,0.137029132986401,0.490637612067049,0.227423181477587,1,0.721735365050416,-0.392190264349883,0.244584610098664,0.798613815566537,0.0930275226246226,0.764595810418476,0.0970455295050846,0.725522970884024,0.111379836735644,0.594163195987274,0.12112952566029,0.456106947742873,0.151719457866754
1.08109359499405,0.114217706531141,1.22490446887352,0.123305581610525,1.09843094486596,0.206162118101715,0.467206221274121,0.180142671249451,0.620374149821096,0.165147745845932,0.569876360496776,0.237694303600527,1,0.865990254765261,-0.261697622081398,0.255936342601411,0.813823958345633,0.10025960727448,0.716721502520579,0.106001577694436,0.791519031610597,0.100486897088973,0.796586743318707,0.141845735564661,0.759257705979492,0.143154666696665
0.937610993371216,0.110168960924884,1.07669711370608,0.115459728501052,1.16896880272047,0.210813286426743,0.492063204530508,0.207720824006593,0.589064294416799,0.181404386082024,0.445814629827233,0.240753408697228,1,0.776695507971241,-0.107819066327752,0.251602011079076,0.627012862054072,0.108759062049023,0.640015868432687,0.104934284521656,0.724517505046262,0.111079466302211,0.650905459649014,0.129921769590026,0.774030320517746,0.134872506833959
1.11182154128388,0.10140893927771,0.978273771421912,0.0978957148785361,0.908854450450551,0.164901497010588,0.532595321463036,0.187834464683006,0.694488277561384,0.147729434568578,0.707542718043611,0.083005372240952,1,0.998203473855947,0.37498199467232,0.249244362176393,0.62731918381117,0.103061686825864,0.600484942016163,0.0985850204710314,0.691998486304619,0.102311451812329,0.703853623918527,0.115064888990062,0.752666783753082,0.140560249069001
1.01990904426112,0.0942931612974591,0.969163691083105,0.106907209547729,0.843604673632389,0.154673135601001,0.691750508466533,0.22584604420719,0.763913582726594,0.153115492618665,0.770010081816553,0.0701101681564258,1,0.999999999952218,0.128358844932334,0.23450601423891,0.582969238451026,0.0899548788018803,0.653849641365643,0.077854629373833,0.693014909150827,0.110949895869029,0.863620001976265,0.118535386745179,0.56119605889836,0.140402423350611
1.06894464354814,0.101304006609362,0.991152468477337,0.112038244051805,0.897528318385392,0.161383272955638,0.675397980973775,0.203191307950827,0.752906344000161,0.16069860828825,0.538927061254534,0.20346261037328,1,0.96702343162179,0.022420205299861,0.221595565264286,0.671081012860764,0.0891700162290764,0.646236714349671,0.0937941374338016,0.63226855499778,0.128232630649279,0.782528328084562,0.120578238336047,0.574524272395993,0.149294056858065
0.936066882328805,0.101928829516036,1.07473098134905,0.124208545267409,1.07059103766439,0.195113422571006,0.648778028685832,0.250593956861547,0.660051720191583,0.170458922981025,0.546232801430269,0.209981167023604,1,0.791987083297486,0.0249166989099486,0.249068655961909,0.45820127329704,0.110668669292874,0.806390482665044,0.104704571133704,0.585197684335594,0.118364005706597,0.674933499103967,0.122980824579409,0.604210178649044,0.142475613605975
1.13111040848804,0.115356557517097,1.02680141029322,0.121395218170137,1.1150719001495,0.191933895220935,0.957077976555167,0.246863324095514,0.937466870652449,0.185995928462333,0.712569336121024,0.102305618491935,1,0.907466981028705,0.159507594181973,0.233532252861365,0.758843394180722,0.103482672829537,0.59100598289009,0.115548425431681,0.843194708848262,0.111413180319108,0.797459924791222,0.108267129183985,0.81438622518125,0.103643454883686
0.910178908248207,0.090040598212926,0.914175929152432,0.106847471112512,0.799787633810451,0.151733088105426,0.556490656171025,0.212988318113926,0.579153312447708,0.15619399431283,0.557544770772255,0.206151671038375,1,0.868115006962842,0.12252486547983,0.197962866008187,0.651768187542305,0.099110030031813,0.715617376618781,0.110412849160313,0.469500138695714,0.118398699167456,0.756766969306237,0.121303945340268,0.413995721148158,0.180371740192635
1.04140840112113,0.100651767748547,1.03293735718721,0.105600741894521,0.975450037011971,0.169463087578414,0.489241827256412,0.168485410328624,0.623653953590043,0.146614516782859,0.643902080943588,0.135634567605525,1,0.902774691091963,-0.213705426467576,0.246596401662753,0.804516887415304,0.0941448207105016,0.650445039700309,0.104158381227758,0.672346083914903,0.109323382287987,0.576901429430459,0.128288725081665,0.717424417566525,0.150954311181193
0.948127938013827,0.101409207001715,0.971268327737013,0.100484097863673,0.915449312546508,0.165790550931357,0.36283923287937,0.15526130972639,0.576334040548263,0.147661540192231,0.627696431020296,0.154585340167533,1,0.999999999985497,0.104904344976215,0.231981850688491,0.72716916437354,0.0945483666668096,0.509520863682984,0.104574000782669,0.678623950346014,0.111592914620966,0.767547222156423,0.123786646726968,0.383149131187084,0.202178682184124
1.04256785910791,0.104285740349917,0.947509668987365,0.102316547877301,0.898608590529784,0.168368358808206,0.214641433464044,0.140201042400091,0.347280846584558,0.127513956763031,0.67137095584749,0.147276079150742,1,0.790749213219408,0.436070259448817,0.263045982825739,0.667237175455299,0.0995105064795871,0.781085251670382,0.103010929709711,0.746585799540881,0.0914410106733469,0.447192485664477,0.167893056131391,0.469304370460711,0.156707409558282
0.85291492730063,0.0961123349094816,0.812690750843534,0.0989760108042459,0.780460114635923,0.152674676166926,0.398309172339024,0.155435929232662,0.46303575047918,0.128256268861062,0.487195244752146,0.243185884897835,1,0.830479684896468,-0.0362909943106234,0.224175178372573,0.648315137999167,0.0968365415056805,0.669454563975509,0.101237032776696,0.669106619677794,0.119037272445827,0.498784420147546,0.130704118970195,0.578155247289438,0.162339060804145
1.0499667039541,0.0957307747599731,1.05474263904796,0.098654019234024,0.88368632240647,0.14466808814888,0.265571451452537,0.136956860811166,0.484439736938128,0.137232913645049,0.715294828895499,0.123264537963379,1,0.999999998837665,0.00235223960865719,0.271592219082296,0.805566017216907,0.103434649664355,0.656134463773914,0.102972898876141,0.64299665208019,0.0909665370104142,0.598647440972562,0.112975283788942,0.537748259381938,0.145621685054838
1.05341769510503,0.121458489984859,1.0966358560549,0.112245473670864,0.91544688240171,0.177400145151496,0.532345169804253,0.226768883781516,0.614638037201997,0.164982545207313,0.771205839444658,0.0721611740963443,1,0.88045304413817,-0.169643351031676,0.266986453113609,0.804997290710242,0.104115359196058,0.690833470985095,0.0994253775203139,0.76605806356967,0.10653123243398,0.587625576316053,0.136917847078105,0.624091974662956,0.166124562445698
1.0463716696595,0.113883469243655,1.07252175695681,0.114764922043559,1.13796282002096,0.217477723764329,0.517970305350054,0.208449537430677,0.718189176860565,0.18631972745699,0.324360779909036,0.267857207317455,1,0.935453896147085,-0.116296901179525,0.253792330708875,0.716264845955548,0.0995625271608157,0.671821874387564,0.108670024413467,0.594789328527862,0.120007180879707,0.708782553680054,0.118223003787757,0.90076322130128,0.117598146384053
1.03782236222475,0.106523680091916,1.0942597846687,0.116017608522308,1.35983294181258,0.237180008962769,0.529295195188789,0.17109091216473,0.848382603734591,0.180046857272883,0.256275716303411,0.277526497369929,1,0.999999999971275,-0.352368212888793,0.223871370658275,0.785949194919447,0.0848865962266089,0.89916720971733,0.0925477378614972,0.659095324573465,0.111961297763715,0.629960371008978,0.11671308026136,0.831841153732674,0.138738859711762
0.979534720819305,0.105215993504475,0.944003117067803,0.127200174432312,0.844082545462695,0.172936558250162,0.706465745729823,0.271661991192025,0.671110997973008,0.177833087097891,0.777385850550872,0.076554395776917,1,0.869073167869191,0.382231005611003,0.250616112383756,0.660851423164714,0.0900752066995568,0.705497482444945,0.105470701043014,0.575964526992217,0.131114307784731,0.6329762823355,0.150124376163393,0.568150240501268,0.179548891949582
1.14293229397194,0.108983812231116,1.18506026333985,0.112450200305753,1.14659977753775,0.199691280767228,0.626625095000629,0.241305145122954,0.811392904898891,0.173165081268727,0.381119811375923,0.305127652628104,1,0.957241210824973,-0.0105604368907659,0.233266299741743,0.737292818976559,0.0885556346291581,0.657702917836756,0.108807806799565,0.701519290251861,0.106578535273012,0.654995059216791,0.135378556718091,0.913841519308193,0.143240839059519
1.06018878382559,0.106368148345767,1.09906371512672,0.111667900645842,1.07701271042884,0.202147935209831,0.591023749568377,0.200473166498831,0.757468536691796,0.170316342501369,0.513858744514382,0.227392373182378,1,0.949405443188032,-0.347063636585826,0.217781147369924,0.789535501938827,0.0894055727452652,0.791441963719413,0.091011862928111,0.778735793616823,0.116558719840301,0.790773150970202,0.13215640289216,0.852755698181564,0.145741345047677
1.03418489249166,0.125280096731761,0.963158975891538,0.120050601764471,1.39968521008766,0.26942874965154,0.619766855286842,0.192126751290967,0.863996847341809,0.199292719875085,0.733538747371862,0.105285626638377,1,0.92764711359902,-0.218079171095608,0.265478423199121,0.814724978459119,0.0945464969142236,0.885972002574048,0.0894111164822043,0.728499407182644,0.146000927579301,0.652097388711281,0.139053293223613,0.909999900137423,0.139464493067821
1.05602623454335,0.110063496979294,1.02566922611781,0.119941286088906,0.941589977313989,0.192295745260575,0.681787763839931,0.251734332371274,0.645812920082516,0.165852327635447,0.748921505643175,0.0952052512037549,1,0.806030015019914,-0.212516444443727,0.293409337486957,0.692830531970964,0.106095425593087,0.829358149660179,0.101419546950023,0.54235544265842,0.120291085507284,0.743775319596728,0.117436074799318,0.573552278770651,0.144391230004937
1.06986875959563,0.11666531121988,1.00468155696041,0.115961853243661,1.14651726164014,0.216644651248648,0.519218276684574,0.186560694691243,0.561219912570158,0.197163426009551,0.582604835068854,0.252885941553778,1,0.72739077218429,-0.422492472333007,0.275208891868185,0.802522440303596,0.10629183867225,0.869069655465789,0.10246949652202,0.981049197214713,0.0985441602321187,0.713805079451419,0.135336829662495,0.824248515850161,0.165899560000155
1.03011793595598,0.119399795606967,1.13359600236743,0.135230856654452,0.936360802749522,0.194250571544088,0.786302412002666,0.319477273934252,0.755010672244528,0.232160834221977,0.83040179557027,0.0637700488288359,1,0.879906799916941,-0.014008505539923,0.296596848644484,0.882245474171019,0.097070349594115,0.843562600343224,0.0951718821143992,0.608653081836855,0.137130529805243,0.793626644742898,0.126767053294798,0.834440254879783,0.14992793223137
1.05710931654452,0.10231679066012,0.966063104220458,0.100775066392938,0.970028032501091,0.185176563918649,0.450086660314777,0.225383271575891,0.575903147715627,0.181107027972176,0.720337399964022,0.136603660210255,1,0.871583979711449,0.190244606725892,0.252830888501914,0.796790463606896,0.101669676753612,0.591127612451762,0.105678496903316,0.578079586966587,0.118746640536307,0.551569463102506,0.128448975814833,0.478835301914391,0.166344180657149
1.00835453765027,0.0855843533220749,0.891051645894368,0.102511175038544,0.719557701917768,0.127439118214929,0.683998805236011,0.213725911789972,0.701552997155888,0.148300635563671,0.724587750668476,0.106135673363947,1,0.999999999398882,0.200408818589335,0.246974039384749,0.733390068322485,0.097935086562037,0.542154568385408,0.0985267887667327,0.701676813017785,0.0992377788528218,0.664389818907109,0.11311371229333,0.760706244475716,0.128468827668384
0.905081979194189,0.0938453688754353,0.841060096501112,0.0974512008613518,0.899697208145237,0.161785728232926,0.347408591491524,0.155709687446683,0.559072928919215,0.149441525577002,0.572264682414172,0.191333865363944,1,0.999999999999546,-0.211621092345218,0.245663655429546,0.58034570596722,0.0994649141399859,0.654828450403262,0.107152776443477,0.635893763304948,0.0991941977834683,0.632471119280873,0.120300492872815,0.757105957392495,0.162200606542212
1.04235547969268,0.10037784816912,0.911641756533205,0.104840513472043,0.851149770361524,0.154400688106038,0.634269991068104,0.196027992149802,0.711160458454239,0.154977490117947,0.722421089121702,0.10702366538097,1,0.967893394392824,0.456347275213385,0.242996033654336,0.721396788131444,0.100735699753265,0.534518241758722,0.0899263476448037,0.814326596328347,0.096268399022904,0.76525619264846,0.143049875587804,0.512956759314429,0.145039362490817
1.14604462437214,0.119234930221064,0.979070346990439,0.12506124583197,1.115896066268,0.241170071522032,0.702471505951666,0.24363466257438,0.813327259982807,0.204739053133335,0.489859255298983,0.309321731394256,1,0.918626773635884,0.434562790267123,0.247750060778861,0.689241273211928,0.10063356350981,0.640684710257791,0.108175554350154,0.615571859517487,0.126850138454105,0.960621984534172,0.115690286630601,0.683536001764693,0.189173901009319
0.952339662676342,0.106551493493668,0.962699089947458,0.115202567876683,0.846420361103927,0.173278658643838,0.475166034828865,0.201805526194385,0.571740114910872,0.150113038796735,0.721036653649747,0.110911959208451,1,0.901535678883783,-0.116718938410865,0.257095964108287,0.609154650173779,0.117408260035493,0.658618048017141,0.103914303354941,0.733282362937312,0.123122460172239,0.739071231526908,0.116486635367024,0.950213610502385,0.155622118360457
1.18343250301329,0.122163610725966,1.20394722286805,0.127112235856448,1.28929181138318,0.261254027642833,0.75186242248126,0.253645069066323,0.951310985710785,0.224985510119084,0.656664817093093,0.145909957103157,1,0.966223753667844,0.298502520603667,0.249725921274703,0.802948957740547,0.0982935287123271,0.738442468545826,0.11437083312764,0.774375280744509,0.0993483531456782,0.752175569392897,0.130280053716924,0.858924588057211,0.185949714153401
1.04271885966193,0.112841927034701,0.961206213465516,0.0928268834300985,1.1538365499809,0.233513834408885,0.383214366901192,0.175627507991255,0.63258647937308,0.156361998735561,0.480436880815501,0.275513221391185,1,0.951320527405217,0.178772813046936,0.226563573170714,0.736006410818883,0.0951191830845431,0.566897801542138,0.113760046693387,0.873837489927843,0.113650127916976,0.611404854179285,0.138839061085395,0.699775682915552,0.154183691376501
1.05864351136666,0.105906325053262,1.06132166216207,0.130297046423083,1.02302804816926,0.190557509999225,0.884343469115423,0.294895184494844,0.902150818607423,0.211362360793144,0.658631875165613,0.151075423868833,1,0.948472821441639,0.198819486309866,0.232686538089728,0.590869971427389,0.103990948651664,0.738397048138029,0.0988517553994668,0.900638505547762,0.107973739225799,0.636750671517485,0.137370642049981,0.657883703978725,0.171190682053824
1.0225799499135,0.112842174318091,1.00456009411556,0.118914798039989,1.17339082292346,0.235096477552593,0.582598091424763,0.249193023387377,0.743256808069409,0.194465842245523,0.395366313249758,0.302859024497499,1,0.898944797849676,-0.0277954195107048,0.240719870639943,0.71004017440743,0.0947363119476665,0.715048013694136,0.111382024547334,0.528581840414023,0.139550412877191,0.84494407341025,0.124044958266081,0.843903741025252,0.157682217761921
1.11340464368264,0.109009093351579,1.01154237322584,0.103810261345056,0.848797824376369,0.158219011964505,0.321450040889284,0.141711250104043,0.454230486649105,0.113865549668985,0.664765451451918,0.141163813276156,1,0.869595748778631,0.201200102045836,0.257533472871169,0.737303075882671,0.0886528648698763,0.798513152201809,0.0998504931596763,0.804764692984868,0.106737217961676,0.637099521751544,0.116965542389842,0.550257997223243,0.15147068351703
1.00605376581748,0.10284186473291,0.993149019083206,0.0975897056540192,1.0469677014054,0.202879222943669,0.223609183289236,0.150514666892563,0.48385078747319,0.150639534437975,0.672457319635662,0.146312658199763,1,0.999999982694059,-0.120840783203638,0.226695492669582,0.678608205754454,0.0923866999647114,0.808724439331335,0.0943742502260779,0.60548731286697,0.116203419568018,0.76252489405337,0.135348537097343,0.53801398763932,0.162268583850474
1.05297643532043,0.111766405170522,0.914939549185221,0.113546828160942,1.09176473436361,0.195214423489883,0.581444803208914,0.245985944711707,0.776878234491441,0.185754940556272,0.70849809939069,0.108287079580434,1,0.975066367086496,-0.104317027984574,0.262147796831049,0.894558452148055,0.0900821196356175,0.613607393098892,0.0901204397420275,0.841698155466165,0.11566269811953,0.291895253334855,0.180879905687335,0.885935892813024,0.154552528307193
0.827945036467482,0.0960709868158754,0.933736311238963,0.106601356871663,1.13117960740568,0.195387458682932,0.440797191473829,0.178500018669263,0.706130861766836,0.179266459136748,0.397216794926565,0.160430943789057,1,0.999999999942523,-0.665663217479654,0.227689345202904,0.701341400589305,0.094620097930383,0.711852261359901,0.0949396866061677,0.73617212077009,0.0921620998077791,0.61081574772584,0.146824606135648,0.589255308283757,0.139851716770852
0.901408480453133,0.10390619034861,1.13183261110624,0.12082970606032,1.00451272415951,0.200439979006061,0.741918251999535,0.25389263348393,0.593503044879265,0.201827730703657,0.649676944121057,0.183659883853895,1,0.687491293482614,-0.21818058250299,0.25999978490104,0.755209758851211,0.0893830136903678,0.815345494240781,0.0878151309908719,0.77817775147121,0.122020004195141,0.529693165323582,0.142487639887359,0.593918842080178,0.135825780851095
1.13405414334794,0.134720820520542,1.00287948627681,0.127756047515137,1.17137838324831,0.249970252192241,0.684038459911295,0.233363721719733,0.840000951671762,0.200680539062995,0.446533132679286,0.320402627699096,1,0.938406300978951,0.360139001940717,0.243021634935445,0.712928957272833,0.0980906479060564,0.525690967913553,0.110945235703406,0.819624657303759,0.108387936546853,0.534041428764227,0.147836667390489,0.709770615982402,0.180609671566574
1.20386612327747,0.111294249562165,1.21627123138321,0.142835908883176,0.973998886326168,0.188089963852201,0.8913135659324,0.259986786154003,0.743324328069966,0.172034591505397,0.758028864204678,0.108066113657396,1,0.797781311510469,0.513126920631383,0.262413772807349,0.662036979724047,0.0996157410977846,0.865791154326079,0.104824912003049,0.883332897577801,0.116765372203122,0.65221921007515,0.151704716887267,0.712237945625015,0.167247585786101
1.1427282929128,0.123021873548182,0.98116208389043,0.141774004398691,1.25820387196575,0.261117548219723,0.988727059218882,0.370818120721652,0.787621926496312,0.206849594340069,0.794754382982408,0.0831761307034651,1,0.706161570161649,-0.223046573438877,0.306442023032472,0.911530966635868,0.129652768093527,0.692085085740198,0.113273504397663,0.955665201701727,0.109358296276352,0.791702857332765,0.123995401665032,0.817458802793463,0.16899220483035
1.07321413149587,0.118450214072907,1.01997240804935,0.129330787273939,1.07349795679572,0.217780120314322,0.59639228053444,0.240336457012685,0.716553874970149,0.195143279645538,0.41978128439417,0.302882543128005,1,0.895534313618727,0.328913213288258,0.233474630531394,0.616213457037052,0.107962312945582,0.649190964296267,0.111747528742424,0.737678370960688,0.12992940581517,0.848444648287818,0.125258405726834,0.753611675883277,0.148876050739284
0.891869686965237,0.0951098739894692,0.848494929724376,0.103849428415863,0.927886216480458,0.17415389248746,0.395471223631991,0.161497307589122,0.495519334843823,0.137041043759125,0.766803868286861,0.105566811705994,1,0.818004700942187,-0.175595094721261,0.258988896128203,0.856092083629388,0.102441673806088,0.685350842234245,0.103198513062233,0.696480166569051,0.110792397989725,0.460852234575704,0.123690966098526,0.492972516659703,0.179821539772101
1.20675084923244,0.144181148027628,1.19732436356196,0.148105843690462,1.42981051994692,0.31062972708648,1.00477009425587,0.291467387196455,1.19859536567827,0.280565782136675,-0.182640819685437,0.194336417004425,1,0.999999999906142,0.215681562730502,0.223036780947616,0.765610893975971,0.108427387062457,0.849521903578947,0.115518255987341,0.908391144136733,0.120304793555395,0.849034157056114,0.154666037421929,0.973083608935506,0.155743705162098
1.18146563865739,0.119641695118016,1.2463061468124,0.13685494752787,1.20024627536136,0.225931778575965,0.926247316957243,0.296980330926132,0.932293073029684,0.209877051240907,0.711544158943599,0.137619414090413,1,0.884206681769554,-0.124970843476037,0.269882517789268,0.864368625483957,0.103199475755216,0.743416582345991,0.0952715519191152,0.720236073293604,0.109924706821437,0.839003541243159,0.110050622418035,0.833496152851953,0.121835110842797
0.830566031187288,0.0908800433633736,0.888351384907869,0.115736679732285,0.829673138614724,0.157832976228127,0.621536424382456,0.215126830371267,0.627398420888652,0.144959166969919,0.430724660910254,0.221689208509124,1,0.87368848919243,-0.290841149608854,0.190342713033234,0.536028292408858,0.0950356137950221,0.525442087834884,0.0965501182798077,0.699156465915943,0.112966257419416,0.520230656771355,0.124602878042974,0.428009381307366,0.153784827202656
1.18211984733115,0.118027661805315,1.11067468413589,0.128190986701097,1.19914145240487,0.227171155641236,0.894290712454094,0.334141286222972,0.98818256911522,0.23689326099324,0.675612267157103,0.142773944452047,1,0.954250993260265,0.334454868452973,0.248981588783808,0.843285439394167,0.093931860221172,0.565648325621372,0.118418214541656,0.781544967566498,0.118019376907965,0.597903253052877,0.134384570250946,0.833508233692181,0.147874700056166
0.814591562300832,0.100828751926529,0.90402465728248,0.102981484315708,0.90029483984077,0.179225905736784,0.506462985886891,0.206256202417763,0.558296052986599,0.171010588284682,0.77063684392227,0.0894378543736384,1,0.826795913644073,-0.252624398407782,0.247141349882805,0.678204919078598,0.0983431028498244,0.659582503502828,0.0946181837029445,0.628800338740105,0.120242798469825,0.703772069586912,0.138130751083099,0.554830669143892,0.150084018441247
1.00411592725318,0.101791994123468,1.06681530168702,0.115336540958879,0.895304167170704,0.164684206028416,0.403065498303691,0.16957011978909,0.528417467843542,0.130281565731791,0.753132407548327,0.103407148316292,1,0.879638137256123,-0.0616312917613942,0.253582395850591,0.767485565167609,0.109382242536895,0.746451973675741,0.0950785793997672,0.559604961956278,0.10663686272893,0.84802495782155,0.117208560004201,0.904190665570615,0.130388207458926
1.04742410763537,0.105586056430776,0.981816827301938,0.0997859512470565,0.994034686701647,0.182567162705287,0.554784422887025,0.191588120269008,0.742613600731416,0.176287322320301,0.76594617973727,0.0756370427758963,1,0.999999999999838,-0.288154595683415,0.243295859434537,0.711984051105127,0.0801751526561675,0.690230205124697,0.0892814722560521,0.641815042998986,0.110975595891668,0.640607401635793,0.139939855205302,0.57282579337199,0.161818252282034
1.29082397157599,0.111121048825796,1.2570815198109,0.106429193279874,1.07190914808738,0.178396870980191,0.0845607841352924,0.102350146913083,0.285109698067983,0.127222668032507,0.749405023698134,0.0924364137130685,1,0.946996776538545,0.504148674425887,0.243870713344513,0.842757817417105,0.0866185105531825,0.934708504501642,0.0975820489262318,0.837618410255813,0.114807041781377,0.733003977644627,0.122771924087336,0.619106126787399,0.157201483270296
0.968183363077178,0.109622679460097,1.05726747066411,0.118286122747398,1.09486906597093,0.217178779689342,0.470872768512642,0.215270054955902,0.613614157904024,0.179503251908488,-0.0224030626770002,0.228010031229308,1,0.854599218258914,-0.0134239882952721,0.216924870306922,0.675804573398179,0.0954054057381387,0.773135529118099,0.104053788808287,0.791718262527978,0.141646346956296,0.645625138608352,0.146212640060371,0.957044375069857,0.142911663079691
1.01829971629371,0.101687984872651,0.798908353173212,0.112124278361049,0.846084951940241,0.17422587216284,0.563260065755356,0.229918830156057,0.689449346807248,0.168082469796563,0.430609032500693,0.230854661222293,1,0.998713448907862,0.440309506374795,0.236839362198446,0.7070954917114,0.101682927429642,0.663701455098834,0.0889086770322055,0.616472409428454,0.119945853932776,0.663640465748149,0.155612542392321,0.0975040542444378,0.20696047293409
1.05208336947948,0.105068461766366,1.01402668317042,0.113151429509807,0.964768472788688,0.181969202502024,0.593568214382912,0.243771278953264,0.665716996259785,0.161190895560294,0.489299329182372,0.191290778030968,1,0.879716576179159,0.0532771423951438,0.230817110368492,0.584866460239949,0.134187904076354,0.725214402924709,0.095268727974787,0.851947502444159,0.105906949255676,0.564467634311739,0.12796793341817,0.855703449195391,0.129356726468795
1.10681570287524,0.1126035179257,1.1116108104403,0.132441212460715,0.88359991628014,0.175555396325425,0.675732040007841,0.242514896238453,0.529335903651798,0.154557818258357,0.763507877919592,0.110719948782739,1,0.68504052425364,-0.0486147073920717,0.280731335903115,0.753518954070183,0.108232478923836,0.635670375200584,0.104306628373215,0.691347724752373,0.1130280730581,0.767854903846468,0.129143407301392,0.751578290044319,0.168836703223725
0.898836335632999,0.108583799072424,1.03467466734267,0.108632197881739,1.05010992870845,0.198638756662687,0.617444247683351,0.264452934711017,0.728497924090823,0.193019340009562,0.697321694078824,0.114985256532877,1,0.904715564175258,-0.279230580453419,0.250730731840251,0.731823868615833,0.101948079729553,0.668132864532963,0.0992984660030016,0.803187644426123,0.139203300246651,0.783027980673406,0.125682536389229,0.653085920615723,0.161351798781788
0.872878011904516,0.0989383652743109,0.871346820775131,0.107661751910649,0.826668010882664,0.170284156521262,0.632858819682256,0.246688005363157,0.635411545009687,0.168312571772373,0.353160529140064,0.265815632415956,1,0.878488573093842,0.0947988624752712,0.206296796582549,0.600216669814355,0.101886223842166,0.680713448932405,0.109410813424234,0.675049631101857,0.1173682912513,0.460543111514311,0.15155326199209,0.367975459469522,0.18785886829565
1.28742864799971,0.13807428726692,1.13013434680959,0.127084462402782,1.49802544888578,0.266975828639696,0.581527515893452,0.206017906112307,0.933350426172142,0.222607014135522,0.762587559445964,0.0856800791277831,1,0.999999999999997,0.449898182701292,0.276215499645426,0.799032122935351,0.101210146216431,0.798725167631396,0.105958055797265,0.768541444606549,0.109616676515219,0.765506919424996,0.128953758952197,0.670683567868568,0.142233737033879
1.09238530168346,0.106289458770822,1.07133590995256,0.129823847374919,1.36884897373248,0.233569372965007,0.512592077944733,0.241067728964963,0.799212169270377,0.20920563884355,0.414844614548436,0.222455997620289,1,0.954109841988675,0.273522285630732,0.223096654923063,0.737762519977212,0.095690642468201,0.543477873799871,0.0990231463897229,0.883667024642348,0.112719255324766,0.881060811135791,0.126077347061156,0.625132766314469,0.183417438465832
0.938519600147501,0.0960297778419795,1.04973252619402,0.115265806556841,0.975769182360054,0.182808417541781,0.604069101551967,0.212245972156547,0.624629541708569,0.187349953142969,0.513011550224585,0.25372152332946,1,0.813590109560093,-0.0942445841984142,0.215352496005727,0.657991112181909,0.0991376288805894,0.747899724295053,0.0954863146553784,0.723192311190533,0.112700720669323,0.747610509310243,0.107714985339279,0.635939234127896,0.182494174684146
0.97214253600851,0.104372498231714,1.00390091106281,0.108797350621636,1.17018049866014,0.231739280144313,0.382414140553395,0.175444760764672,0.668949601749668,0.187347271935694,0.424433985506922,0.183277887607434,1,0.999999999992825,-0.350790416064638,0.222419007946122,0.756933883867369,0.0801740455821852,0.71762164217976,0.116743447070866,0.685247841307293,0.118916225360063,0.813974732337561,0.124321993362849,0.882565420271834,0.176849161439947
1.15363683012278,0.125590055961528,1.06312093800295,0.120280756339184,1.47699025071303,0.302829332137985,0.667764878336314,0.245283082904379,0.76742391208935,0.212522586215497,0.333846993063573,0.330984950558349,1,0.772742371270015,-0.108247034726417,0.259857138556615,0.894674334525106,0.0952596815044904,0.797345374961036,0.100045442780488,0.695188547845982,0.13179876512851,0.796354870674266,0.140476749419224,0.910363744700348,0.139283022350548
1.09836607504252,0.0979894658572064,0.921174493302018,0.100286266471122,1.03598053264007,0.171249031377891,0.679220277995487,0.194976418959461,0.838843838492954,0.164999645040351,0.580554025970395,0.165854720611371,1,0.999999999999921,0.26533784831048,0.263039124668016,0.582051819184678,0.101222440520116,0.785557608414594,0.0914934985471728,0.704927467425798,0.103357938973766,0.564313951988093,0.131410379971103,0.72111119573156,0.134029553855629
0.885525967228612,0.0958282431659033,1.00053903264203,0.1129570767874,0.741782809527935,0.143282505784721,0.497099234717611,0.225840842979045,0.487006029167845,0.151623839254535,0.783672557978087,0.0760556559454468,1,0.802000073901077,-0.105252592022863,0.27191864255618,0.719298913852174,0.0823124729887925,0.606056027386665,0.0958131715608161,0.494984872195274,0.111821802846187,0.823037888124438,0.113868961138695,0.670907673721032,0.141432261954471
0.886052770364583,0.102641129787146,0.86440997977714,0.101899678774449,0.792837283432408,0.148502022540392,0.571952733764227,0.188044826177112,0.608542458867191,0.142713794941757,0.678102983093566,0.131922937941993,1,0.903688555870167,0.350992870033528,0.276891245805999,0.660844281400034,0.089199671731972,0.581473399707792,0.094614919769015,0.482191312217952,0.112353391155435,0.584646056345088,0.132461323444164,0.814740617644686,0.119420745712572
0.975174499648738,0.117374007949509,0.909757231227676,0.11626791408753,1.20926150949125,0.227614418888056,0.687697811195008,0.250167031663609,0.908773241394682,0.19493665815445,0.324234454311119,0.255280428186592,1,0.996544266951032,-0.19507761767664,0.240750780200695,0.719231849222176,0.0953729529532728,0.849820536722986,0.0943718838935843,0.668809152013715,0.123694336385598,0.929900921771677,0.115742469454978,0.925127717908103,0.167668703406595
0.939251727732524,0.085794467236346,1.00704400067838,0.0961161282773383,0.723958883085792,0.133655020118084,0.231534780013577,0.0972259529344652,0.393640357326902,0.104527854250416,0.530499039610919,0.147018776005473,1,0.961467365384244,-0.108649224427251,0.22468127149169,0.606415598718051,0.0929862450086956,0.676414591845329,0.0886079716163334,0.595471878778844,0.11770731731249,0.521658776366211,0.137351787211935,0.793865326952222,0.157498345901634
0.938580129177913,0.105902907883631,1.02101574545657,0.112030361964144,0.930416670846634,0.169890651582489,0.646329063711295,0.213554218456057,0.740865480484985,0.15920243173147,0.671483136720114,0.151161229680666,1,0.955374786587483,-0.313866178416848,0.275950895720984,0.716111338263487,0.0804525413455189,0.70828414574796,0.0998299565300316,0.612574357168099,0.118286148945827,0.643768565169781,0.119465994820289,0.568957157784551,0.154921681773757
1.08112555311485,0.105631803815841,0.897179946153794,0.108648605395564,0.895624760454827,0.164702830408192,0.592159829167658,0.261063926605284,0.601627269437118,0.148560243332538,0.633732213566898,0.127490325989682,1,0.826123537224942,0.258468983509807,0.234436991594761,0.724501741793766,0.0936017512526622,0.676993672870511,0.0997224704718939,0.643624759471614,0.120864112991183,0.696604443615113,0.136893625665444,0.577007256209401,0.142401280982299
1.20447127944881,0.127431569250361,1.14834138237863,0.134371445932207,1.29027508190548,0.241940629366576,1.00029700303382,0.345494701940172,1.00526663299526,0.233195220791415,0.380117001253444,0.379671289799408,1,0.884862170725447,0.444027945291703,0.262029717156343,0.693057422434632,0.101019046495228,0.849992085622049,0.100106861041219,0.751492715923159,0.131280462218823,0.676145332689833,0.137420779654213,0.8757258546654,0.163800475106537
1.00302918917901,0.11035451909183,0.904528712751065,0.116469832075104,1.40989163859762,0.254110521773299,0.696879830035248,0.223107803590457,0.900444741401941,0.218534829527463,0.451607644171064,0.19969813422906,1,0.908416996454048,-0.185361927730035,0.222345073528687,0.743959506392026,0.0751720166515042,0.751485010823487,0.100371409382273,0.693966876047431,0.108938873026875,0.755471491953045,0.113070358828188,0.729751092648433,0.19001789279901
0.994448708995595,0.112894062541862,1.00231108179056,0.133884174865282,1.02727978396553,0.203850048911249,0.948114974188924,0.374876508664801,0.885777355234365,0.22029425160941,0.647787505060898,0.194573674541239,1,0.897531500224112,0.117848267851545,0.280353143931973,0.792381637264036,0.0955504339282556,0.721315275209008,0.103953960799125,0.788882994718904,0.113525755599665,0.589894410086438,0.143284460224374,0.728157403812167,0.157976488137901
1.02172825827814,0.112164190930319,0.893959613838231,0.106467528126894,1.03364125227895,0.193588172117183,0.591226794232035,0.206748854080624,0.781739345287666,0.183745460237118,0.742462547250882,0.130410420000572,1,0.999999999999934,0.186233168018936,0.270694829777285,0.671011399949558,0.095191842202266,0.749943789570784,0.0956693953658756,0.667538544868187,0.107187475813314,0.544879661077554,0.129808610470041,0.756663148479027,0.138243769182627
0.913812268160281,0.0996746769866795,0.880977571213462,0.118568928744844,0.886409606176682,0.155593359899122,0.666662484922623,0.205836786785709,0.710133650027818,0.146003146516411,0.7670898070684,0.0856929424313194,1,0.923782768564674,0.0403106560257763,0.258482848695499,0.683315812592791,0.0890917474093246,0.675969100143521,0.102257103005221,0.691283327059698,0.111506956923633,0.684830094157876,0.127114879229448,0.385256226402039,0.166047964359809
0.952641725189248,0.0997192338790711,0.936941529200784,0.102272028413953,0.884770007021214,0.159680873778165,0.387856369078893,0.146425353876763,0.50089143107068,0.127782751304117,0.70275567926324,0.134522513818331,1,0.855052817516237,0.0914017060463413,0.242401835208231,0.625221103581143,0.0997681020070467,0.576963905790604,0.0899508593425937,0.859837484940353,0.0897444783651849,0.688322054788997,0.126322165037168,0.639000185868865,0.172823642050644
1.12070624945957,0.115094157570005,1.12144821379219,0.12059321135706,0.924191099302557,0.164100518897207,0.631058825007696,0.198597523183589,0.637334534977485,0.135330185584359,0.657493133195244,0.149095001247428,1,0.83454861169194,0.049369597048945,0.292531286359236,0.910646379296539,0.0881994280869693,0.654534275390848,0.0993161711552821,0.751342781945194,0.0996003794612774,0.730525013879757,0.114205340555793,0.65150558507561,0.183007483816065
1.09179713235654,0.102332626813407,0.961452922086796,0.114108799535064,0.98309370355843,0.176462855844581,0.378469635996649,0.180620935431293,0.529932689254642,0.15502801947695,0.588913396007229,0.235685112783687,1,0.868775833082972,0.655164276667649,0.246131187348198,0.407598589936359,0.112676066378887,0.819475750100272,0.0925747042221128,0.64271154867218,0.119444722959886,0.87103297069589,0.109623016461352,0.406736701191434,0.182482043200566
1.00841602590731,0.112235381634895,0.978942240498645,0.126030712164991,1.21902722064006,0.23732940047168,0.628120742970937,0.240159544938433,0.875040732351949,0.224451655856356,0.0452431801810031,0.201422982182249,1,0.999999999833359,0.157825109747291,0.221496637023136,0.833054207734971,0.0971365653073486,0.673838413421214,0.12066805199596,0.625356293085901,0.125603675805816,0.880369959388152,0.136436697239151,0.662916353518901,0.146386848431117
0.997876368896557,0.0972663407464424,0.835125916566893,0.0984810376480536,0.689139330834181,0.131125744563601,0.367539215955415,0.165661159126749,0.459402582603795,0.127423321827655,0.759733698224761,0.0853731787966757,1,0.912826147207334,0.247980584627055,0.281907255953536,0.68920283886157,0.088754594302834,0.637794753457237,0.093253020079605,0.724933625464733,0.104903924718321,0.544425073042058,0.122914809646125,0.455865130521981,0.161855426546754
1.11533851004915,0.113331769058837,1.25634854997224,0.120638406927398,1.13874295841549,0.211844058225043,0.735999943564344,0.292766603586789,0.886098197766032,0.224815375400456,0.683598707459034,0.152524711853416,1,0.967899154525781,-0.0157756790985117,0.251742874444611,0.656503911695712,0.102860461915337,0.817803010052983,0.0809071737823237,0.541757421523426,0.119432474717598,0.862132669005857,0.104949816811213,0.947170548205494,0.141620976411546
0.813851724667201,0.0884217014798779,1.01980941614446,0.102206804322531,0.705166241939065,0.139987264998492,0.483269657565327,0.195304274581425,0.467991228663745,0.119883970120929,0.677953257480178,0.126128795011624,1,0.80167288084148,-0.314956369677182,0.242365038415984,0.747387567460496,0.0945930689755354,0.617228024303964,0.0949361489336257,0.562723804362872,0.105116425147448,0.794472454671057,0.1096352765441,0.686446512233204,0.157620024257348
1.0008837976042,0.0978417817525407,1.09897425557377,0.120176617638197,1.04143494576699,0.195633900744678,0.410334121038869,0.217538503702823,0.520366727412757,0.173648346962626,0.467604991968611,0.268263702834496,1,0.796021193168935,-0.257904857728423,0.251157574603124,0.650216205973201,0.0865634158041944,0.677044583400328,0.0896010602350303,0.667277349679133,0.10874143908917,0.688392188752582,0.139649145570591,0.646448606425673,0.180295454448915
1.00623966984746,0.102057059876487,0.963992387584571,0.122333314181671,0.973898339485623,0.188290272703225,0.751631838530886,0.266072100564731,0.855577582366309,0.209538919027551,0.799184921593509,0.0732199536698154,1,0.999999999998649,-0.323060531403433,0.290088665894701,0.810596758399538,0.101116146615659,0.683457252512152,0.114012953127722,0.650992858698879,0.120517709358425,0.67258024775792,0.112498976373366,0.737011367057555,0.147142842691376
1.11864191464929,0.134193531659749,1.17399356270127,0.133771081286253,1.20650333226164,0.245887686017469,0.818813641706095,0.311893814712181,0.896307550435734,0.242171306900344,0.626997933029234,0.196317287132132,1,0.90177929013652,-0.244936006218233,0.268096935706499,0.825008125954579,0.105693725492236,0.759332576056764,0.109782940589289,0.962487879520008,0.120041623037034,0.689174927760029,0.142146532584252,0.53454782617811,0.174382912206468
1.05147589078621,0.100241495698355,0.910134360257562,0.101036822065454,1.06675163630982,0.19831992410364,0.529459738748208,0.176436589651358,0.736320641508701,0.16432167924584,0.724710410539167,0.0861859379714537,1,0.979758062489458,0.0882225341179518,0.230198085815998,0.613146174476005,0.0960703938109614,0.730479641543333,0.0917797341866439,0.79649279137255,0.100008521970605,0.61245371879718,0.137190875829557,0.577996538563874,0.148507371034169
0.956572819980994,0.110790215665542,1.03535404618394,0.105537926410233,1.14648257331094,0.206905983327889,0.320456639572455,0.18550853123744,0.505208600603152,0.143349196454765,0.548876122706257,0.259365957972982,1,0.833493791704092,-0.230207773797525,0.273569894370756,0.758745827418089,0.109013896164682,0.567708683080999,0.10243327664802,0.954746727499792,0.110049195126276,0.583386941745881,0.1431168134237,0.707757586987685,0.150091990633412
1.27930310419148,0.137200099610659,1.25452209841036,0.149222199629229,1.35738157739008,0.279553008421198,1.05445782900425,0.375385366087784,0.835766855117077,0.226698340095957,0.580721483342885,0.255758237614161,1,0.69858548983351,0.440737394669313,0.264171155781367,0.724676942294021,0.105979603160186,0.861462980999186,0.109549877430746,0.825038952289153,0.129592771662996,1.05801581511099,0.140530237946977,0.800696184945132,0.151439151888657
1.05900661155266,0.111291479162931,1.15295479631629,0.112161588599388,0.880642842880698,0.170212800754488,0.408896841931942,0.177908650214713,0.582615921175987,0.141819290263983,0.546607063322473,0.20976230965429,1,0.970902379213844,0.120041274937547,0.234662330444987,0.609752986456692,0.115255223365974,0.641117384206202,0.104993215542414,0.634866480095389,0.110272514885821,0.740791167438555,0.132940584813241,0.714419966839284,0.141721063282702
1.14327851901144,0.125593432162811,1.12651648182474,0.125323259550362,1.15267621986168,0.23209659566916,0.808264398222834,0.303918984387995,0.839340842688905,0.204124483279525,0.796487940604832,0.0695046500817875,1,0.869576841032296,-0.412943495550209,0.266205886730979,0.917306456310522,0.0973909319231981,0.893013112479748,0.117703058130435,0.839950773917099,0.112947569777891,0.740715649468468,0.129715183415714,0.722410070694505,0.150039929623311
1.00390631404742,0.105893287774686,1.07067579796265,0.108708886769436,1.0038333485789,0.193590777814345,0.479388908976973,0.188744027873828,0.580017011187537,0.160857255318128,0.692560529750357,0.152262009610929,1,0.836114837404083,0.122597251852565,0.262646900986425,0.718207174852152,0.0920615857618991,0.662579779675661,0.0919781711991574,0.646995907609758,0.119262343797817,0.540199737789256,0.137945154282068,0.926574846326797,0.127350603791393
1.16248745206187,0.138281914160274,1.13463862524151,0.136957408144977,1.21170025452569,0.292027229756167,0.824020508801661,0.332682596369053,0.838899387810754,0.238363528569702,0.113861651349631,0.314206541526773,1,0.839543623615226,0.127849369444924,0.23491528697509,0.639327426414453,0.110798090822187,0.754779847915576,0.115358050774593,0.804014466056657,0.14103902307481,0.740545929626015,0.158053868772284,0.76544800840609,0.188510305077027
1.10872003833458,0.110150368844171,1.03901952404749,0.103943410241718,0.971448399604978,0.174418676812036,0.435558467349422,0.170564468485667,0.650478728353041,0.165877485508772,0.465113473248174,0.210619603914327,1,0.999999999998578,0.148152400391464,0.219419184205877,0.688797978909229,0.0931483280475669,0.645384265947389,0.114729617954951,0.761799139646348,0.103185660100433,0.711379934895711,0.116000588013215,0.845847924163621,0.14578558259154
0.933778258783829,0.101605472063374,0.993997092453203,0.11882718487842,0.887724724337776,0.168866210101946,0.656016718449142,0.208785835825688,0.496484075794519,0.150966259261975,0.724195397139468,0.118329523131465,1,0.650591989896582,0.220421058564938,0.259260576115078,0.623895414984781,0.115627683262927,0.742277051880023,0.0924493070909284,0.674786130943777,0.101070090649053,0.713583465408626,0.150469431981859,0.680551547847253,0.145369758101515
0.937402742297306,0.10616212402723,1.01179232709969,0.113222282976512,0.939400163813161,0.171303331350527,0.636512223179508,0.233564795363525,0.754261985833397,0.179207117312989,0.737891017085152,0.0885509358949318,1,0.975424209648883,0.161863398178689,0.269480289205119,0.599870774218632,0.114631540688441,0.682024143783839,0.101896527542996,0.803049924675835,0.097796688027511,0.594990057325573,0.13006853746814,0.657269804642575,0.14765967970748
0.870694548722701,0.103708343351716,0.957270198026945,0.114738964524458,1.04292908724063,0.19537273774816,0.485013850208441,0.229639828107617,0.58796044484752,0.177887241462925,0.548571079463617,0.179540731624009,1,0.826691837310565,-0.223772664048242,0.256711469793717,0.746478836779972,0.100630077015707,0.600507707254272,0.117911457382202,0.701503667774962,0.0980337642870046,0.611977959049897,0.115435218646218,0.779681877111697,0.146207627751637
1.13335631099928,0.103395874961369,1.05642710030818,0.12851247322596,1.20262500022446,0.224750603635726,0.617342278970251,0.270286319976863,0.848358496735329,0.200577123081265,0.617716850408963,0.175552703950493,1,0.984580634744127,0.0862484693574555,0.273017583279912,0.792854369056809,0.103789365468704,0.717193262439747,0.110885947844539,0.750115244699407,0.0982190248576613,0.75341466382522,0.103603202856871,0.833625023357592,0.160644472891756
1.07361937648331,0.0952309719894128,1.12365689945773,0.107012399653886,0.981979671859972,0.166503147356568,0.597626683012501,0.233564212611948,0.766066089862112,0.180502331529335,0.599489287943241,0.151995915913903,1,0.999999999963574,0.203908956177537,0.227567165819709,0.66561429529053,0.0925139241381835,0.727283045220978,0.0970015618220168,0.759520132441505,0.104049818800598,0.709665504373139,0.121586189439363,0.719830224794395,0.144982268957302
1.15225795389362,0.113949912554038,0.99625663896542,0.114015946782973,1.11316576887381,0.220242514764367,0.595844580173355,0.272957103175499,0.707675399538537,0.201227863757377,0.345312162919337,0.295676588013051,1,0.868935780487001,-0.0126222919918359,0.251161714668838,0.744637876250131,0.0929607608098014,0.972458554072715,0.110642836696906,0.684477653738953,0.132111833061015,0.633025303142441,0.123077467485553,0.943510777494332,0.123627052995652
1.19255265728734,0.134947066504543,1.06104795744611,0.115801589962666,1.44678241692385,0.289388281173872,0.382334083737476,0.157114933523423,0.743743389703682,0.202384870619934,0.109144064729183,0.19716638117092,1,0.999999999987209,0.142207013738048,0.227657483999713,0.655951870758344,0.102415372902825,0.919659801888185,0.101593978894843,0.594004895309721,0.123916538565166,0.816505527014327,0.133314445844726,0.858899415923916,0.155395810168855
1.02226065452779,0.109871310252431,1.14844532265848,0.132619104657716,0.992413355602157,0.200734459138634,1.01811770267013,0.341961421434027,0.836167325115221,0.211635905253244,0.656155340037071,0.135871672093186,1,0.831855510885978,-0.249439956357814,0.221793071465345,0.743662563547489,0.101565019300518,0.840975610900407,0.0965855454362059,0.733506556872252,0.126274852930468,0.885099363235508,0.147918398697648,0.642260514240243,0.160534780803793
0.825835849807401,0.0959192625490575,0.961339613698452,0.0970310517025283,0.818431883826355,0.156798804716729,0.4239789756775,0.201545241602681,0.482728845295588,0.140609048342475,0.665122557838501,0.121302511345835,1,0.819482757435573,-0.173983939542383,0.229893965210327,0.686736157317638,0.100588542558166,0.572502551281608,0.103259089417242,0.557002970043013,0.0964335988552665,0.535130471171674,0.137728245625573,0.82601476255158,0.130958957176693
1.07188330402624,0.127623682322101,1.14741244559744,0.133649886730501,1.28175977002885,0.253447585284264,0.758426685121621,0.24854084860044,0.790308523368682,0.235809291676267,0.785781415938049,0.100894550585706,1,0.801560938229319,0.144976154040709,0.287456796548673,0.798650042410442,0.117084730051366,0.923343650764965,0.122873275476911,0.888986286778996,0.122939654821509,0.772683966093184,0.134788155000792,0.82493557119549,0.154108276451698
1.2744449380168,0.131796778201611,1.26886382053521,0.145320002457842,1.33848303113605,0.264703830607319,1.0580199177836,0.344125443651938,1.01938747058102,0.23671554684791,0.707129188539263,0.139537143642128,1,0.856615512238514,0.118053149735537,0.26174623792045,0.94473641391754,0.111024116417665,0.831200457547375,0.104966461538863,0.871691662914126,0.110192516087488,0.679951155071747,0.142187287573707,0.886442822781675,0.160995197541815
1.01327646102503,0.11099283777327,1.0253788130381,0.117270409132593,1.14622143898942,0.216749933784895,0.858504756472673,0.257573556245049,0.954130267930364,0.216724591112692,0.818809235399213,0.0621749584845682,1,0.961838278382032,-0.257455411337405,0.274773816995473,0.904983133720848,0.104869657757438,0.659301271596933,0.0857648147894534,0.811959821744667,0.103071592429087,0.613491530261418,0.142665938085277,0.739561612940328,0.135918742301043
1.00027162453176,0.096053091333873,0.82038100055111,0.108371153291714,0.771942126308818,0.143924427523313,0.323043585916043,0.159860166985189,0.33553133379583,0.119228274151267,0.509094224586368,0.162198161720706,1,0.671908524628567,0.423392790862852,0.219297303699075,0.672712523975735,0.0991143565029341,0.627632171434621,0.0989822776880028,0.503059333634979,0.119114480429162,0.61537399848453,0.126990838358329,0.643028443190435,0.17299213200241
0.982357813928469,0.113173262030937,1.05772789265803,0.119541576947141,0.9090362143142,0.191691582690196,0.558047488317947,0.208196006763599,0.59472048929194,0.154660941980295,0.499979820243607,0.233974575635956,1,0.835000488653341,0.511468927576862,0.250545797442385,0.456310083036096,0.106610250736614,0.836921100350103,0.109616374711156,0.813624327366396,0.115475085997167,0.541968785822112,0.134260485808718,0.605074538037708,0.188321851733704
1.00719188091264,0.0954496560339926,1.04909188473322,0.105461189088108,0.874201442222273,0.168329347861541,0.391919051064992,0.146435590133318,0.532504279366736,0.123542492163454,0.433982551793529,0.270128656455211,1,0.909743906765228,-0.0765026180796287,0.227253229552913,0.601354557715786,0.101125780167401,0.637111906223653,0.0933981654745943,0.703221395661381,0.115356985174186,0.657544516419073,0.13128070217726,0.518922459595899,0.144927968127995
0.955889313882736,0.115617418857952,1.05193298810454,0.119859687294976,1.55212727258511,0.293411862910558,0.786070190157211,0.28713665459474,1.09114985272041,0.244387973953594,0.153953495331321,0.256353346688749,1,0.987847874807644,-0.294453444279971,0.239271734301488,0.814281606581041,0.101054437899174,0.765042108811331,0.103118653711495,0.903626680310138,0.121632666878112,0.891423667861707,0.117490720355545,0.873623750055516,0.159074887699288
1.00437792602668,0.12180323401732,1.1485305533061,0.115811476366014,1.15470033770612,0.241715962169586,0.469818779727788,0.209958079884598,0.679686733794894,0.173039156218585,0.258679499575686,0.337618236120198,1,0.922802921355872,0.145665792057411,0.232159588257326,0.753752863178857,0.0983024649354987,0.680849118944342,0.111551782306778,0.732365252604971,0.132357887691808,0.668782341813347,0.139050734307976,0.824112254728162,0.139957770140545
0.989697126059658,0.10045056671896,1.11145475399135,0.103344516635546,0.954742576414003,0.153967079754208,0.422628387027727,0.185338340562318,0.635217533679518,0.165315752326578,0.558590587109965,0.165413371457834,1,0.999999999996707,0.0691768301588132,0.231235932820233,0.594220992224603,0.0957020479314189,0.697978662410753,0.0768851073234493,0.765017425269727,0.105037617927963,0.880949716674861,0.114221367445341,0.51518953127863,0.141740497261447
1.11095451987956,0.132241548215673,1.26301561413151,0.146277055988607,1.40840580639628,0.252895162001619,0.907630499306319,0.307235545297973,1.08466151995807,0.276890636680795,0.800465390942438,0.0779541982712377,1,0.95934714880069,0.106559023838661,0.283455258253326,0.67040752733232,0.115347474817973,0.720279149311449,0.10140303324082,0.778146877037672,0.110268702206534,0.896475659425653,0.113831694625763,0.713415710879997,0.152392377360809
1.04558271805901,0.107490392686507,0.932115054347435,0.0950697483624276,1.00551742149952,0.170791070044722,0.521032245384854,0.208836160207411,0.723814202608247,0.17453112128931,0.558348516961854,0.299588625814609,1,0.999999999999931,-0.118698021947355,0.288089919004365,0.642228956256401,0.106588843595894,0.750598310939634,0.0967020504227152,0.658641391311912,0.10409169569302,0.725903945988651,0.131252907428883,0.782286799232712,0.121801516357214
1.04310791697126,0.11339481191715,1.11115797374408,0.12000887991969,1.2068917683569,0.239270129283883,0.447054490613935,0.192015557627617,0.680168953236331,0.190179080275713,0.215154480422238,0.295663165182231,1,0.925981715076092,0.245035279754149,0.239699119709079,0.615095198986093,0.0995728746131065,0.710806784766441,0.106895789747219,0.765854862278148,0.110944176737121,0.838499055209173,0.156765522978312,0.606863078937949,0.173285796266831
1.07025051565006,0.109137546024696,1.0355971628383,0.136037616252509,1.45470570704199,0.259661414270673,1.04651107210279,0.362014710083215,1.15903825364304,0.256048200633287,0.343216736714883,0.246692277966198,1,0.939373457594546,0.219058506998053,0.202074767363813,0.618470991613842,0.093088076803485,0.678882509478707,0.120475004005346,0.887945835774146,0.112302727968737,0.909414369874524,0.12675118950903,1.01512223174116,0.127796128738062
0.903201163181719,0.0953367564322522,0.853132141463163,0.109394502196712,0.915477588781186,0.169014326853531,0.538549414478759,0.214899450927207,0.611978653913271,0.137506535042923,0.60414190118976,0.184257980856588,1,0.871564708559873,-0.0344140210190736,0.225199736094053,0.632766036934825,0.0980074186265968,0.576107378676512,0.10960721738595,0.660152720522097,0.0996362160466747,0.763919906659944,0.131155858274057,0.761842103749859,0.143636301827581
0.991712851687342,0.12026265000149,1.00392872919704,0.115310228420552,0.982573433499651,0.220421484292341,0.55597614142515,0.207061142040302,0.683956807959429,0.16914501529242,0.399971774842674,0.373661934097106,1,0.925375698903165,0.0714857819838563,0.240709034289056,0.708705373510475,0.0945676308959694,0.673185751505389,0.112483849689956,0.712774208137394,0.124694184424241,0.887677671924561,0.126677829987303,0.710897598235159,0.15875377203657
0.935328297078443,0.09863323129976,0.983624540065209,0.111467472328117,0.911999447501473,0.16099711933844,0.441439500317995,0.180285798351434,0.569374869181607,0.174031505920251,0.516258124542422,0.181523291049844,1,0.89735732273343,0.0958355760568381,0.240578646683912,0.6873771303759,0.0918929658964234,0.610690798344783,0.111699001651751,0.513103239187989,0.123335253048938,0.615639519125358,0.143943047821531,0.915444366186233,0.124393101692703
1.17023930569288,0.118277649650559,1.00628222526327,0.121849489147825,1.23674926516193,0.2289491014877,0.675163778545658,0.236853159176456,0.913787889468037,0.222204003246433,0.751481919662348,0.085451712833651,1,0.999999999974945,0.0398269371141838,0.254534888942443,0.674598272319138,0.103383587447285,0.866665759644822,0.108617921349208,0.689467463490601,0.118769503646727,0.803872146399763,0.14487352160695,0.720430043781562,0.152665047330716
1.05394339873354,0.108512084412284,1.10430198168307,0.1060762667369,1.16173103008119,0.215462811811855,0.544631043456366,0.19283629445106,0.733743863571446,0.165136540815772,0.356259138995876,0.265814927041119,1,0.922445021620557,-0.00848279252599135,0.255869679624204,0.727456803480206,0.0937720287452575,0.712879507586003,0.099988982615289,0.727965223654025,0.104744628372,0.531044757717478,0.143777863362747,0.967990417172867,0.128795436530151
0.902579166667816,0.0999581687814889,0.984469246550073,0.105005602769048,0.94137242921066,0.175804750805596,0.667775448319047,0.222659345537446,0.792859001302154,0.179600918643018,0.646140162721718,0.16190107365854,1,0.999999999995633,-0.305241757263016,0.246506350653312,0.636031140827445,0.0999761590981599,0.731347588150533,0.0870047718071211,0.70763932086139,0.108542629606305,0.425250322718144,0.118318076623985,0.618827851222944,0.181729095614452
0.946438076386979,0.105480701018308,0.987191993592275,0.113908540071168,1.26804678035057,0.230237925086568,0.598957529712304,0.218922540423289,0.739153815406795,0.172835226653791,0.501470433594977,0.27587595442162,1,0.848143173081711,0.0395899650361475,0.264263924126412,0.743864133712693,0.0958383937154824,0.605238998062542,0.0971598614374459,0.718858501371196,0.137962975175035,0.810994892804694,0.130508056603606,0.591343110647416,0.187293514074207
1.09370943227615,0.130994200046023,1.14420753506903,0.14277997775727,1.31944499575103,0.287210895910825,0.680335355901343,0.234974814318926,0.947451888356862,0.231405548557806,0.00152477812021731,0.262335959161211,1,0.999999999985774,-0.301409644497926,0.229358423097394,0.975629437267157,0.111309478475115,0.776870212579333,0.105577752675918,0.730073342674687,0.120691731903053,0.73834785979895,0.1504888196563,0.953000206900312,0.179871142342627
1.01443948241623,0.107353798354765,0.986955929268568,0.112551319955068,0.951911015116653,0.17839525814008,0.575808949613542,0.205460187105709,0.545330848667733,0.158434819714342,0.750953556449689,0.0974495007948963,1,0.736584684242071,-0.00862266937328438,0.258789875498165,0.775335692960114,0.09610087856644,0.691519548866094,0.109185538256154,0.860478821888373,0.107520109555704,0.624606837755871,0.138982506322699,0.737346776210325,0.154469698755766
1.15708619880968,0.129483797846365,1.05170440544223,0.130731094242111,1.26596106987955,0.246611638159351,0.847760655075913,0.297450678321345,0.780001977807895,0.229458306152965,0.624595368950475,0.237582945495128,1,0.752920115345122,0.459304238524737,0.26752075139172,0.81932538271588,0.103256683731594,0.724046758350865,0.106186145911243,0.638448713090881,0.122973710584833,0.73272077400547,0.136596868920928,0.862821503554794,0.162045371840238
0.997989745399174,0.109750398221623,0.974188212251385,0.108556908498145,0.968296503947117,0.191929486238054,0.266116590864454,0.175290707749135,0.421049382896865,0.120919920306074,0.168732184115656,0.325634831122985,1,0.829455092093176,-0.181633240159949,0.230588107756988,0.674355868654961,0.0981728643908222,0.680147427437123,0.102940085723416,0.793471080596056,0.114223123516392,0.81117914004495,0.124827060299042,0.907389262124404,0.148054063784642
1.04273269929437,0.108668137120774,1.01996949998164,0.105131180571781,0.919940883197423,0.167024522770954,0.411833406352643,0.19407861277437,0.538834732196762,0.164805795079107,0.767504594329671,0.1069570794644,1,0.875416717228751,0.301036596478689,0.29586245618148,0.825551859392475,0.11992978062508,0.666082518541099,0.0984885787388495,0.635134588646343,0.0975341544055518,0.675611645899967,0.126936420056437,0.691356567478593,0.142713701663878
0.944968665450098,0.0994822026470304,1.09464286600115,0.124413087341064,0.958995173452617,0.191879072895226,0.598963563568634,0.250046384088559,0.602441655941956,0.175833061104325,0.584245907896901,0.196525872438655,1,0.794889171732538,-0.414185657500508,0.237091720708999,0.84723416098821,0.100279934534374,0.772292081927673,0.104239716555821,0.619717801087255,0.118458992554721,0.643011724802799,0.130812492868643,0.626921649000126,0.148221586596778
0.978009647299742,0.100460110302192,1.08298753758249,0.106462009582783,0.992263451116674,0.173304124229243,0.612346149001864,0.227461175212496,0.727730883487125,0.169016990157263,0.614756418300241,0.170699565795678,1,0.933595636053612,-0.0709034917405821,0.233997934073844,0.650931683196742,0.0842435041489464,0.656523504548574,0.0903159123270443,0.842103716294884,0.111730216152312,0.638100989419744,0.116888724698318,0.54666241091537,0.154562252143715
1.0826342461396,0.117312983458061,1.02361623991113,0.113876905748832,1.29463127205869,0.251912351255753,0.743538295956923,0.290484730676391,0.9522077682642,0.233715313815498,0.364978488004332,0.374511261229157,1,0.970525616111559,-0.145564433459355,0.27706909437092,0.811121948106969,0.0887950261648078,0.744050161255473,0.101558051078419,0.800512280376901,0.120794606311182,0.593992308837452,0.149695265158448,0.497979583048399,0.178247734781852
1.02271585862728,0.105207577719439,0.917521978360788,0.106148803608375,0.787419813728481,0.15889457149281,0.663804837771009,0.234994973842352,0.660099241525451,0.152499239533269,0.745318557271958,0.0918411441874283,1,0.913031703183611,-0.00612213935574815,0.265811767254022,0.792377671985328,0.0976757201767871,0.64540321878911,0.101800962275888,0.617294026923483,0.130944428777045,0.745003939275995,0.12250695841837,0.75900437763094,0.144716645284414
0.975009979090512,0.0851666854270184,1.03196711726411,0.107013315583855,0.689620583246189,0.123692189022758,0.430227865206625,0.162186503585029,0.544696237657981,0.131661422813075,0.420470681031223,0.257626050138519,1,0.999999999976752,-0.153386274828657,0.212756015123161,0.65396994374854,0.08989347592904,0.596469396081375,0.0873501297986962,0.838722572267793,0.101351307611316,0.673540529012177,0.120516958992204,0.439389662150215,0.14205449107964
0.842312729201193,0.0970474497735524,1.02292530968106,0.113454105830676,1.11605775279388,0.203737639895763,0.760589480898779,0.319233186324717,0.796296945287389,0.224548072308046,0.503309826705206,0.22514522291569,1,0.864284168710699,-0.351342769716606,0.21177888802157,0.646102481230473,0.0930663416998224,0.587425418153261,0.105073928389317,0.817247353643126,0.108211090176435,0.677921811364841,0.12282819241764,0.698771838435938,0.172950055896007
0.969578461085002,0.112553233584276,0.952731575802474,0.124320475903409,1.05439466637164,0.21264740593776,0.760448301204609,0.314059300694061,0.764508383172315,0.198658912324348,0.698459541587803,0.125866662935454,1,0.85377966118547,-0.157129418921309,0.241702564403805,0.793746489257824,0.101670949235775,0.650975836429539,0.0970335462735267,0.732507187300696,0.128453280639297,0.708521934246742,0.130236342085294,0.984876351131308,0.156262635866523
1.03011657889359,0.116282586484509,1.04519576513739,0.127121894987936,1.03308982134814,0.212006689008277,0.769079141935976,0.231237831162412,0.757282973571798,0.193677305209887,0.351191909768992,0.359660015497103,1,0.849578737203432,-0.148331511905289,0.239073347186086,0.851924104322129,0.0864557818979751,0.707406775480037,0.108853330301276,0.68856896387592,0.116501847377539,0.672794960440537,0.140306139461321,0.854253249501768,0.150079523581014
1.04115933831827,0.104978807466762,0.995777506675689,0.120432170160333,0.968714953125094,0.180351822857114,0.759435040350962,0.240383615965793,0.801663250157608,0.174216942219335,0.671513290489562,0.138578812814727,1,0.934649240773636,0.141718521982033,0.255885131509173,0.70755717144807,0.103432500493127,0.790430449332751,0.0916513744861405,0.632557075348534,0.124594808768015,0.704798417710786,0.124647959202531,0.757810670847154,0.14716528073039
0.988667602031171,0.0997794123093511,0.927211852776948,0.109501305783722,0.931360979005472,0.18037209619005,0.697079187048999,0.247306672991011,0.80574956038053,0.192003109017181,0.521677946808624,0.225680712158045,1,0.999999999968519,0.199057231579019,0.225342891393257,0.62986823526819,0.0959196271303115,0.648711577201316,0.112628666891201,0.677573274065313,0.118042041058388,0.669256085734277,0.1262539664551,0.672201570666493,0.165552493335078
1.11859620389097,0.100661295245487,0.974038020715776,0.104411913541456,0.866117530850076,0.149097917759275,0.652866043436778,0.209706897789714,0.712612242333686,0.144130903320421,0.565371421381245,0.189488482961092,1,0.947660598485594,0.199878168071257,0.238035132824344,0.55330587379613,0.112022200560185,0.766509771493007,0.0880865261103569,0.636400452697575,0.101334056022791,0.643223194123423,0.118890834591639,0.596043794290756,0.147454683342734
1.0650317998169,0.110613261249263,0.921386933713,0.112414882305242,1.16589838498906,0.224919073481985,0.756976270640301,0.293154271522924,0.937602858980419,0.219162748219284,0.0929432484882037,0.253795767960522,1,0.998038833127318,0.278926303837879,0.188040573576833,0.651780206688,0.0992038467722172,0.62911431627903,0.113728567800656,0.728733798959129,0.126041101715686,0.646278453779995,0.13603515719447,0.800063275644895,0.131760302606093
1.05283344244453,0.115554053005047,1.03164728232594,0.136138053176077,1.2024145633286,0.238116716660496,0.966819190152013,0.347823562423162,0.917240652605358,0.225484737832694,0.497830258057114,0.291795736808668,1,0.850713940959272,-0.045628357156633,0.271384858081375,0.715473240303803,0.109429934515071,0.879937580759498,0.0996703602339154,0.670222468546065,0.125449424254179,0.908055493536775,0.128973979851849,0.866841720808717,0.149469531128769
1.1598135462422,0.113046096035637,1.01852442114049,0.11364030926577,0.879601905154689,0.16908719313355,0.732291763634636,0.255973218912027,0.738658858523745,0.164887163038665,0.658149592825129,0.127658578607519,1,0.920362161011254,0.522758090853906,0.234948894464326,0.587276949234095,0.104549415109859,0.645125280772416,0.0997142342378545,0.677848151003175,0.136482533515604,0.725796805412477,0.124007182595568,0.640938174545285,0.143802058546705
1.09997665660592,0.118987282534689,1.01281037376589,0.124529157626501,1.07406185182651,0.223425247650592,0.861743816430874,0.269314218283042,0.714429801769418,0.188954918107641,0.604891450302103,0.218332750235095,1,0.742601511239461,0.32594513189565,0.263929973496339,0.799899478938915,0.0983906353422768,0.778774220116469,0.101269916081533,0.655195100107543,0.12007981030896,0.640075872578227,0.164137659491643,0.669986940939812,0.168498442987091
1.38829295775267,0.131892267870386,1.33664013720569,0.124030031531724,1.18598596311712,0.209059808470056,0.802992595398326,0.278050771079102,0.974195464533253,0.213166258919468,0.710610460971306,0.11843357253618,1,0.998275835495134,-0.0180757549605626,0.277519177907735,0.938006071822307,0.109982807342764,0.89886616067441,0.0971922836411803,0.906755522555972,0.0969767512149094,0.822512342218219,0.131511054395674,0.86818075907822,0.159805854369532
0.911868378601127,0.0927076114437692,0.948770492929569,0.0894196392723521,0.631094749668863,0.125368566722621,0.261757451682031,0.140993630395919,0.402690025056248,0.107542071647399,0.761738236242938,0.0792752632872635,1,0.990772768358289,0.124724721693222,0.243775291346037,0.632014701574923,0.0928653723776386,0.698595713252238,0.0869088263145412,0.583029685864087,0.10548594679636,0.558774504408721,0.14725210517101,0.537364579439551,0.144330975694241
1.07718339359119,0.122544951204152,1.0511351789781,0.126453860712327,1.30645698329045,0.25219802042453,0.836158834095445,0.322407276230963,0.75664409087156,0.231992082061274,0.663147641208811,0.194177450707775,1,0.723935203802475,-0.166247764700652,0.271315442558932,0.863399480601013,0.114142053296916,0.860409492126549,0.100306269933738,0.782684106068145,0.128345129790559,0.797100376875991,0.13872182883633,0.842465518758387,0.157028880375213
1.05035635360807,0.128029096507249,1.1240183275443,0.142832805781472,1.24453360996653,0.228228228162567,1.25399511352381,0.362999788217698,1.06550301988281,0.236863328859742,0.625106548223221,0.181011072369435,1,0.852910474590501,-0.280120824381249,0.287655939866314,0.884592568485229,0.0866369987226784,0.729617593654416,0.11088858954041,0.83227571588113,0.107831881918385,0.854017036000311,0.124284189978978,0.833610861925574,0.154451752218249
1.05767312363683,0.119767127618963,0.906250879595613,0.126640331857011,1.11767565133937,0.227640423474416,0.64687726064507,0.217438266251991,0.636772686199727,0.181517829193554,0.739704535920187,0.135748196980926,1,0.748885788416243,0.0262937615341539,0.275635940071297,0.766987018914669,0.105465072848552,0.719898731119755,0.125916868101641,0.876213537470939,0.117171193153226,0.689992288877515,0.132319283452713,0.509176448123217,0.168159010502081
0.95766007972148,0.102371838979234,0.971219969843642,0.108173913371729,1.00099410141553,0.182408584706886,0.476848496689245,0.216181655091239,0.597950170153918,0.165152511657261,0.581304889239185,0.203104002160309,1,0.865483964444004,-0.114080029180591,0.215681462986535,0.753901869234304,0.0883565867506922,0.723557538444602,0.0887557532560489,0.743080096586024,0.113437942845607,0.638709413262398,0.157008788303762,0.446866835260802,0.208710064713601
0.866644810865654,0.120164555182455,1.07989041836419,0.121361135489863,1.28700400174295,0.250127494695887,0.666062214514095,0.229793852312391,0.707650634453678,0.191799934843777,0.615720233270822,0.196375840343809,1,0.764313539939576,-0.236272620310092,0.268535249850421,0.710354136676721,0.0934737153415424,0.7673117559826,0.105931719625488,0.946808259642363,0.103439494308243,0.629416448448694,0.148681399981113,0.803925360378339,0.135765742409415
0.976540769581204,0.123504781272634,1.0687651491277,0.133877652996164,1.07493379660463,0.217472380904362,0.458677380367301,0.248636873649446,0.567589492529213,0.188698638991894,0.137719494223937,0.284199915081918,1,0.808332101658017,-0.0599978437108282,0.253649495431756,0.859457232282975,0.103161538829895,0.585993584637807,0.109872456180569,0.711905764435469,0.13985763591537,0.592346820974091,0.158646419747021,0.719742302092939,0.157443832293175
1.04821918782973,0.103022914261003,1.0525246382692,0.102513885123693,1.06836367676455,0.190874120872668,0.38140587886181,0.147755685044518,0.638341747860506,0.15598130355286,0.503099422993804,0.201438272281261,1,0.999999999976917,0.2272962986216,0.233686155322931,0.49020110545013,0.106440199035804,0.590642349029388,0.0907080056887304,0.79606842889247,0.108151167472234,0.784848861639813,0.129757583944684,0.801477100092361,0.159476797192435
0.908359125165906,0.111153234201961,0.802709277578553,0.111030914244755,1.0183189599058,0.213685029485911,0.689143237957446,0.34529638301088,0.796483592464166,0.229119868463143,0.124179578362215,0.285033068716858,1,0.950780288247297,-0.0143313182940891,0.227751963160279,0.700723443960182,0.0980772690261201,0.656973361956563,0.122020121703503,0.690291019231273,0.109295208905679,0.537865633400717,0.161409046545806,0.545501578389674,0.188587576479438
0.947253312078308,0.09389232830303,0.919200382211805,0.101113539045926,0.961673739065787,0.160612539818485,0.383204430509473,0.173626654826555,0.607056535618952,0.163395673468633,0.720071467373082,0.116587415546485,1,0.999999999895614,0.0460440158668814,0.225785933313858,0.642838335727671,0.0891636258668466,0.631374310854542,0.0876333077265622,0.655693246373546,0.105046376207759,0.434766608220598,0.129304515279024,0.677968427493539,0.128791403214589
1.16618556468544,0.104248373191199,0.973894188199909,0.100035730656521,1.01599873303895,0.172169129172964,0.380374527238297,0.176199243239445,0.52970323056021,0.13035294710509,0.522883938033155,0.206889721052855,1,0.85207990967694,0.114915920016625,0.239009793285756,0.649840497502994,0.105120734282128,0.69355765183072,0.0962471353900779,0.745381888929555,0.106368127580231,0.894316263973322,0.140553550579043,0.913551712247378,0.115456234511602
0.93922630086944,0.112003584818116,1.13616140780662,0.106612215197079,1.29009201499515,0.227238808756915,0.477371723043774,0.221540574377611,0.652335799354407,0.170879650332145,0.747953567688542,0.13010743624718,1,0.831251657026705,-0.528808132847918,0.287563904376737,0.88666464759577,0.102170367658251,0.645802313653719,0.0969412442422659,0.905728559404587,0.107826567058501,0.633163445812718,0.12686404140448,0.807991145524597,0.12497203555708
0.93183850620864,0.0975675602439508,0.978927697407138,0.113423241731602,1.00412819882132,0.182954499205628,0.41639012043043,0.206834509255559,0.593975433063596,0.147116196452538,0.27857782564767,0.297674947771841,1,0.918594187007859,-0.478981328424286,0.264871358534916,0.77161745388364,0.0959991230069572,0.64922379938458,0.106445152096692,0.625190764584972,0.124800421741805,0.751098457806003,0.132588839786757,0.674429881237116,0.137219304333878
1.07376739079482,0.103037620944279,1.02324258748252,0.102105781992678,0.874399515056908,0.154517065862484,0.422389737045767,0.150985217464569,0.495508241557091,0.135769654035804,0.702109932223878,0.13965191523581,1,0.815340939653105,0.337649002716777,0.266105878095627,0.649766829752014,0.0956101717860697,0.714391270425945,0.102511140169876,0.687454392110588,0.117751308664512,0.868495718245188,0.11001060331609,0.737080267802482,0.127036550907258
0.996691112575828,0.104828524728218,1.03479552493648,0.118998717295173,1.15003410209873,0.196690151030532,0.365518756000369,0.20732930035926,0.510293449268672,0.196256794953692,0.764174308967411,0.0695019870868628,1,0.787063550560276,0.0649186039568487,0.240769455685104,0.690867843019678,0.104673688816874,0.760502119696537,0.105632992731193,0.68059175171068,0.109031594336872,0.737355318389754,0.122050924666645,0.414977477104753,0.211695608308769
1.10694848826505,0.118335230420447,1.04264202563513,0.111302386583308,1.38577749812695,0.26845374532901,0.681853617046432,0.196321435146499,0.972058331331124,0.201904483408016,0.288661524145211,0.230506732092547,1,0.999999999995149,-0.136395406001151,0.221702159771784,0.738054231221965,0.0910330461385268,0.714595729858917,0.106822658504627,0.921375604359214,0.101015219232714,0.784319733974728,0.139908353877805,0.468973407667996,0.190147851274986
1.04277456873304,0.107228355189174,0.955067055026589,0.119561851344159,1.1255299146243,0.221909906845813,0.716816668703671,0.208710791155792,0.84903731373299,0.167956704331293,0.588786328301641,0.153578194815083,1,0.945244606828317,0.327462213887878,0.21412783300763,0.679765557732819,0.0935238870153234,0.58045242109723,0.101812943408477,0.719619874702388,0.114262694827489,0.557778480405104,0.126777441565427,0.608700538457268,0.172672105861687
0.936106459204469,0.0912483449895042,0.938863487253495,0.0926702330637396,0.675767024663865,0.126660304446552,0.343191595804104,0.131999144519315,0.481578200891923,0.120303986065533,0.777416278799139,0.0768128393783262,1,0.999999999974385,-0.0385840610825533,0.275319690494513,0.628236578003502,0.0969320924518666,0.703384933785731,0.0969205524865738,0.587827701469062,0.0983491395373784,0.485726766326771,0.125372027315327,0.623006415550926,0.159333211188765
0.876542116963892,0.0841754696935501,0.942505002633734,0.109176419851228,0.74321287118828,0.121215835720201,0.361855592652986,0.152939835774314,0.51859014063622,0.127149926632817,0.673862210176011,0.0754659419202442,1,0.999999999988718,-0.328314679575655,0.235404611930619,0.651409926332947,0.09824227602586,0.676502055212367,0.0828010997663958,0.622030153138514,0.0854623591518475,0.700654222539188,0.132194455221737,0.40048641935753,0.187712380034171
1.04250031065762,0.100486543871432,1.15897248656477,0.1071970837744,1.13431473329432,0.191186003485679,0.419756392031026,0.149259052494852,0.6900259849249,0.153706797321155,0.601340531393044,0.185372170413296,1,0.999999999996135,-0.0256239740231036,0.251559773682789,0.786169884239795,0.0935511240586264,0.741553184693404,0.106535731027779,0.794460702055239,0.108016091655663,0.570260984168836,0.127291514004189,0.654566664047337,0.131404874374368
1.0053436583572,0.098064054571354,1.04715322972765,0.0986774755186317,0.805485809057583,0.136773050626701,0.366655030690418,0.149174133953277,0.532105718532967,0.131760067029021,0.467341389268292,0.231556162593531,1,0.979129545032399,0.053963989496783,0.250526321052795,0.670704416757732,0.0992548157085845,0.601863502957574,0.0882962151382656,0.590774061276074,0.113651939707666,0.747641950165916,0.110111656322967,0.821009708161358,0.161898782739855
0.857272991868822,0.0880196843429723,0.9267290314636,0.102699491774112,0.945203547042872,0.145490054191471,0.573902939084428,0.187707865869381,0.736515508104806,0.156613722111212,0.485494976629906,0.170061021957762,1,0.999999999998111,-0.276681912918726,0.196214835818957,0.702641978509663,0.0991540750894761,0.713011806858263,0.0856441823668744,0.679139968184241,0.106502642970076,0.817663445744934,0.119875332993408,0.730785161053456,0.13812618523102
1.14856434844952,0.134399100906325,0.92075806583698,0.129015857856611,1.46637042400662,0.294464761378474,0.636978827636859,0.251049193591348,0.966461025372593,0.250735830917824,0.0643430410501133,0.254720393127976,1,0.99999999999954,0.391983413031644,0.236651614605842,0.720617043653028,0.116786213323454,0.728726276057488,0.112493261230583,0.670301893533025,0.139303660231584,0.926493246616537,0.143995148600725,0.724123012921029,0.161901360603558
0.997927858815553,0.114550281130577,1.03883808834527,0.137165171459145,1.19753058373713,0.248754728282659,0.572928941601872,0.298612764873077,0.777637850809672,0.230608929555829,-0.02750377516961,0.228299587962624,1,0.938822963500806,0.182937899018131,0.209207983546444,0.64575776090456,0.107850817462148,0.721446829158386,0.107093250475614,0.657340285612961,0.135571082943348,0.50371218882571,0.172749154600512,0.598464260549153,0.168821870104884
1.11049198102847,0.110093091126397,1.14466892004282,0.11886598542307,1.02332013786557,0.193572764052455,0.589584991231735,0.267135092810441,0.68590572238045,0.18472199425495,0.715991017184014,0.114023053204342,1,0.883050327805434,0.071432170172112,0.251925130873879,0.655728611986039,0.105426437936498,0.71473344772453,0.0989211852251805,0.657125877193535,0.107980740189956,0.822050540569618,0.1201298978706,0.697468156606269,0.143931385433182
1.03320340830893,0.113417450632584,0.908570645800525,0.121554093471063,1.19401059267788,0.244990781979463,0.711261995796285,0.245714078470514,0.819217710351747,0.211400007798656,0.766873837932458,0.0858531330901311,1,0.888956358553291,0.224740425332562,0.266741030054653,0.638677843330144,0.113315238694496,0.676291764352987,0.104976281541215,0.866166390101415,0.115208407882827,0.722787190585969,0.132642766519126,0.783088816568349,0.155103290397614
0.818443638500052,0.0981446783567328,0.848356505029362,0.0925611007334691,0.962937708602642,0.178916757946065,0.225278480854109,0.152222156715809,0.422603842667088,0.135911120302093,0.632001707332555,0.169787508246609,1,0.907349261910305,-0.0812529379288147,0.234462041337592,0.737470350780383,0.0816310420406089,0.647730664088585,0.107740755443073,0.662257295865172,0.126772181427748,0.626844798796646,0.139525907231335,0.706291177290548,0.182201187883087
1.03091388709646,0.122659301537728,1.03811462406707,0.13719190951099,1.19949807189694,0.241031791523379,0.994144692355615,0.317601876226615,0.947911081117703,0.221400009392913,0.546832719315139,0.286954876623147,1,0.86804656732574,0.190450119232245,0.252579479547913,0.615798441025553,0.108238743610286,0.838258996311482,0.101368233258525,0.744020327059946,0.130657437399413,0.782137575106047,0.151055096497718,0.756787040939026,0.154549181382533
1.15776210407913,0.124292347124797,0.887136203340102,0.116405361795821,1.10646367489463,0.22320274521962,0.675426362617804,0.253555398381751,0.698698235527621,0.182401211207275,0.683178014732175,0.125083399805035,1,0.808224595172857,0.359260946827326,0.264579716604644,0.721849629108473,0.104166703392169,0.701980058813491,0.113792097176078,0.935865811472531,0.0918637233287702,0.58383894670078,0.157311573858173,0.609420219825277,0.171579335866971
1.26420622502023,0.155554262214283,1.26647193953447,0.160606570215816,1.43177144212406,0.343993767027476,0.677399092847594,0.335978561803143,0.934857570918406,0.274773768399644,-0.216527557999182,0.245152953032695,1,0.949262437834788,0.269786484701039,0.256204051760433,0.823851676869198,0.125262362104442,0.797474291600351,0.136227390730359,0.941097761715206,0.139645321922421,0.728330151214056,0.163668933588112,0.827739010608,0.146999132210242
0.977388732741239,0.0916578757276775,0.909398805750436,0.103673269412471,0.833596728295215,0.148402322960771,0.684621865755036,0.191322561381593,0.755445926193954,0.151000961973622,0.655931201242293,0.139482360355755,1,0.999999999991482,0.171979338509472,0.217271958770755,0.600186161463099,0.0901520325417774,0.596006776748822,0.0919200626057161,0.774936312520384,0.0878376061281069,0.397323688701526,0.135743265154166,0.64679648659518,0.148305791232255
0.960010433888836,0.103990893363684,0.974594113908875,0.110361679659811,0.9681361513697,0.187255962419788,0.521354905016336,0.208478475809782,0.675756054216302,0.164774486096687,0.417381124081803,0.220839858944754,1,0.951163102162922,-0.208040196982806,0.203043423915285,0.735720897156719,0.0904327018980133,0.637376659779919,0.103270206515547,0.581112357640409,0.109857174019131,0.861250066167024,0.122125370445426,0.865645637153773,0.157377287161939
1.0473657881211,0.10884881180178,1.09035719235577,0.108357522959524,1.08661908049097,0.189298209991317,0.698190493614833,0.208965468577617,0.871014989640955,0.178251264468325,0.766114769197859,0.0700451291621045,1,0.999999999999965,-0.0795232590747533,0.268231179588302,0.718767907663243,0.100840131252014,0.744839978877226,0.0887667188798941,0.663370596567975,0.127692089950735,0.772173863664191,0.116532635046946,0.491695562529932,0.175845864893593
1.0753239973821,0.0939956688120246,0.973164853234291,0.0963488318504494,0.96184209622448,0.175737824445259,0.424051439693927,0.144683225713962,0.638647418894398,0.146505387025345,0.48249272873352,0.22472391341753,1,0.999999999997867,0.111072126444869,0.222384114635544,0.696967249773313,0.0904794596287238,0.66519386804699,0.10331356722953,0.643794072325155,0.123621470893391,0.643919937228904,0.133585051344022,0.67015367191729,0.123342949980095
0.903789696697927,0.0957589036921036,1.02483054153319,0.110111418149567,0.797601090343437,0.16086295253061,0.584016646595418,0.178411283969921,0.682504442551682,0.157444875884637,0.529416922772077,0.185473912113841,1,0.999999999999527,-0.175536271725162,0.202124322518549,0.522555723744713,0.0830574150972524,0.617456841817984,0.0923542532949786,0.453779524755113,0.13919036373236,0.689084617788677,0.129142969571852,0.524945907759567,0.128151714971691
1.08496366222333,0.119467071805118,0.879627670577123,0.0978570659598048,1.1732781306015,0.228213855889493,0.326319985473867,0.177476930679594,0.589730985271898,0.164959777493772,0.408419012518924,0.265410107336124,1,0.953084973570158,0.180041047130172,0.239592522260489,0.671009496903299,0.102903287113222,0.69215715088393,0.0861954402799614,0.636013407574604,0.125620720836694,0.65473440185833,0.135305973612084,0.837579021774113,0.176204277235046
1.11038161364555,0.109441530473977,1.24842332645548,0.134743046390175,1.09619256378612,0.20489182389369,0.691544320615877,0.279711018491026,0.653257078725125,0.186928975644149,0.724154952336154,0.119562446649894,1,0.750292645003376,-0.0427659994865479,0.268579715723725,0.840272270463263,0.0936066323319037,0.670655360786594,0.125501155791873,0.881597032960847,0.0998266481140215,0.78384371606331,0.133830651082156,0.650563427787559,0.141879634699786
0.903971729890386,0.0978425143106636,0.938648451075989,0.105859631452653,0.93901645222922,0.161388119090508,0.544486000551659,0.174743913883644,0.708198238428271,0.143198626956892,0.481545368031397,0.204751490270219,1,0.990432499126502,-0.301664720641183,0.240006547863924,0.706492766470199,0.0889190070803791,0.698125134911869,0.0975350248533055,0.409525942887893,0.133123853579474,0.751158711960138,0.14236134066793,0.890307165657451,0.142043922885729
1.02237015367198,0.0854225572164507,0.866787234516619,0.0932814226351315,0.656039631293477,0.114248753361377,0.356967785164446,0.139917159093914,0.463239197660267,0.0956708964704782,0.372957488169123,0.209914088804021,1,0.957250827588111,0.0870953050246989,0.252872759608419,0.726255318707413,0.0888878949938719,0.710753905002239,0.0782425365487079,0.653776292752126,0.101858292986811,0.639679286005516,0.130052764263405,0.594177520537705,0.155731460623331
1.11188971517016,0.100291706202385,0.965861350251504,0.106519726867432,0.89683746955924,0.163930759654063,0.331438515991117,0.15894171597817,0.516349252393021,0.160086093232515,0.475744448980083,0.251424848242689,1,0.94707678753129,0.229063397992246,0.213404265976514,0.705054583130542,0.0939623480599671,0.676000904548555,0.0996097530997986,0.547336479874517,0.12245671596801,0.654499526398722,0.1180990259245,0.302550175062657,0.169659965431351
1.08742300962061,0.143750353521707,1.13761690962576,0.152109372899007,1.70915998673279,0.375749568540328,1.11658965902892,0.400342301875002,1.3255194958948,0.341177922616904,0.594481500182324,0.215181001118452,1,0.959506587131284,-0.0723555648494576,0.235801301169438,0.775788810699446,0.104978916440349,0.90662659338485,0.107774736854577,0.836830659696644,0.147835460734976,0.760627585248625,0.182599013175681,1.0145512475018,0.144948156999844
0.909658705881938,0.121063377333225,1.04510552895935,0.140906837944831,1.31201535531993,0.288792790294601,1.01976793986147,0.349122375803776,1.01629440485221,0.263113654665081,0.389111820897674,0.288593497370642,1,0.878616588422906,-0.300038335589428,0.212582151128328,0.646522589435448,0.0939277687267386,0.695965287922259,0.136132185806681,0.840015562799152,0.119830519332193,0.717108497880437,0.130879622756018,0.929545524423937,0.17091195388728
0.904891381052277,0.096204525590208,1.00242394654021,0.106094052061675,1.05712997954525,0.185389407330431,0.434877371012631,0.170399656358536,0.595122381330709,0.153100415795333,0.541646141054719,0.204277669235638,1,0.87772543576261,-0.151050459566848,0.238048862939236,0.709432241120144,0.0860345052015818,0.812734575408464,0.0796725273200154,0.577120870556926,0.134549217372012,0.861198851906797,0.105287140767933,0.730901808664655,0.178356429756896
0.952141797184674,0.107185080353756,1.02179270192846,0.125876664645489,1.12442605103,0.239632219269402,0.479000362287505,0.185789478580622,0.733894056256491,0.196194917409384,0.222337593177027,0.281813265894131,1,0.999999999999747,-0.0840804663865987,0.208188301594203,0.756072588082,0.0885599986968736,0.717027413113062,0.123970435651488,0.863918779571832,0.129915466101393,0.721156891978352,0.168216923457613,0.787991036666054,0.172647284023204
0.995649894948908,0.10275891723417,0.865104685225708,0.104234990375624,1.03848989898273,0.19165075157741,0.447670538174145,0.17196080596277,0.681836733957291,0.169726827719736,0.552197802685681,0.183417680665108,1,0.999999999793001,0.065781148211562,0.212183633406598,0.529769031697894,0.0959565917352483,0.721496705172863,0.0817313663137929,0.514948996276216,0.121282712368075,0.647850402129466,0.126661724250195,0.690672208155941,0.163208834585572
1.0362916088829,0.0990108410164844,1.16945076542986,0.109071020947062,1.04317601200892,0.188421793999059,0.467052755318683,0.181471384755087,0.698010193450544,0.170852592032604,0.765989646495777,0.11584634021924,1,0.999999999455835,0.122952774976275,0.280574068295062,0.814517430383595,0.105047163651094,0.892700578675286,0.0957899638337308,0.717284247302534,0.124737295915496,0.765684707110322,0.129884027703858,0.331819244041738,0.161031926772162
0.975054249569459,0.107644853087603,0.955566488426801,0.122608912120953,1.11377794500449,0.204885026789961,0.793882569256064,0.304513392118722,0.734758562575723,0.203976231122494,0.452007490430839,0.23781531251306,1,0.781388860678499,-0.0705896747009525,0.239108522418409,0.740213422138315,0.102976574062326,0.804019536931357,0.0930415735422515,0.550121385610911,0.120110262611471,0.730434683673051,0.132018138930469,0.772572203990708,0.160453649019188
1.0071380839176,0.104953836983909,0.866064958254667,0.0996305962072892,1.01275794987171,0.177533080186588,0.428965563264089,0.152395183976612,0.659119324820027,0.144303942667262,0.477704041932486,0.231549455263,1,0.999999999924392,0.0632654314338817,0.240777320991629,0.6512552755163,0.093408605945398,0.754354524236309,0.0911252719008921,0.579795240807508,0.115403470309876,0.69337793026576,0.129307072943355,0.610122182603449,0.137573921370074
1.01130928915624,0.110431771342477,1.06906373698568,0.111416441081012,0.980117573498302,0.200512307065906,0.365783092339999,0.204299971649779,0.529990770588916,0.172976365641382,0.73830310604694,0.108238195555432,1,0.885151083061244,-0.241021267352148,0.250041035762855,0.777413909526644,0.101276331168151,0.71751385926509,0.0956811076036999,0.61124697523474,0.124313196205125,0.805351692541411,0.123300787603688,0.733439860819248,0.145433728137669
0.936074327113711,0.103562691491525,1.035897656115,0.108464870210898,1.21558321770466,0.230871923999963,0.508646832025676,0.209554969851777,0.714654005978401,0.17689723740875,0.764054578949124,0.0755764207421505,1,0.908856489826079,-0.490777128384183,0.279749717147245,0.832881218651498,0.0941332127012181,0.719294820824726,0.0964996797777144,0.852397094655815,0.116729488166857,0.909646674259308,0.136932134280552,0.877903442264492,0.160746302061772
0.961984434229503,0.104143768619968,1.10066927814329,0.103280642806297,1.02031470104169,0.17648027450748,0.371352704182197,0.211661770717345,0.552043350220214,0.155269696255989,0.661776665628565,0.154984910294473,1,0.896835550576461,-0.168590866925365,0.257486487553302,0.7797063107643,0.10846679344822,0.67775236923477,0.095977099424383,0.767481191100418,0.111079964690663,0.62857221977916,0.121897760583022,0.756374272498446,0.134008552066633
0.80748183444562,0.103567421387758,0.922308753113939,0.120615946393752,1.02136586333679,0.198112627350266,0.538948033483985,0.253946560655473,0.63951345642276,0.186579401321363,0.442457052637956,0.222206289621777,1,0.861956942792236,-0.205414036319371,0.241957430495411,0.664582090289837,0.104708922008995,0.737641247119472,0.101513821616015,0.662934559715089,0.113219034936218,0.525728693296384,0.155469930007528,0.693950119331527,0.146356964078711
1.00506336217174,0.113760583477207,1.06402580509659,0.117656257690219,1.19309701281243,0.228293182691649,0.570170822112165,0.223302897099154,0.710509676788542,0.190114155581805,0.726226268276506,0.11857532162766,1,0.861449103776483,-0.176527417924286,0.279536127086967,0.761617831623074,0.101914602136319,0.735575050374068,0.104644461091287,0.711634776404751,0.105222708471176,0.63472692087886,0.128385658044314,0.591760257623056,0.176112932016868
1.16904106301004,0.136209127762976,1.10895618761336,0.12827388301272,1.58551878477527,0.314884259324972,1.12287073121474,0.362770811668345,1.20881890139344,0.284265868635141,0.445104535440794,0.322087459031683,1,0.905963425920796,0.0387433650849538,0.257902429377134,0.781501072042437,0.099673751556924,0.77214789645792,0.109122575546811,0.808311879430561,0.125525647029297,0.75519784897427,0.125611344610502,0.750217431168957,0.168391991696662
1.00762211577656,0.0896390348143449,1.03583642131458,0.0974140947929178,0.690845712163845,0.120212777834656,0.266736234056801,0.155037618314256,0.392019376783587,0.121249446013924,0.753255602824086,0.0781185274909489,1,0.913221217246375,-0.169464921203341,0.253972389036472,0.718866483715237,0.0973555768943285,0.71522892242975,0.0786674570251447,0.680266186292974,0.0860350061350902,0.427232638023811,0.135801611762667,0.858300145345398,0.121800890231162
1.01131093389401,0.102971319369033,0.902596194311797,0.108402833429074,1.0672047635585,0.18694263728538,0.612496475031404,0.19784722672966,0.808491902068997,0.179776591046673,0.765382041826379,0.0884159414859181,1,0.999999999919563,0.297419103441395,0.227417542594588,0.77870422717009,0.0844638390724109,0.736542961551754,0.0940077820360938,0.630833365126919,0.13700151706743,0.79346311526225,0.105769029083927,0.65949531457818,0.162936698170826
1.18281817645238,0.129209579748287,1.1159003421039,0.139614493330151,1.45105019389395,0.296079135860573,0.905402508603385,0.369447958981183,1.01365967768535,0.269469966652487,0.218238824554946,0.320529188446954,1,0.884362067944224,0.108982322123576,0.24305746653195,0.867122946076421,0.100175418139746,0.81861838929071,0.117802201243362,0.766701469064271,0.12052468043874,0.874440407929212,0.133818813327569,0.784862043563979,0.172084942943459
1.00048451908755,0.105219418743021,1.20315599558203,0.116861113539054,0.886749797113006,0.167420735411224,0.587866937645095,0.219591595166771,0.573510571957546,0.16516854004143,0.79137328308425,0.0972816555534072,1,0.794330724541684,-0.1403207035153,0.268826998884852,0.727536596110658,0.0995533833507386,0.80065614120702,0.106645174323078,0.651681641298727,0.13129342593507,0.837283842574342,0.131514599577147,0.469727867657412,0.160947931467837
0.963630526600814,0.106870159823148,0.934234114828407,0.110697033906485,0.94874098596307,0.194359042541617,0.570655227809976,0.213856537218531,0.7358016060574,0.188089695562661,0.369233366611486,0.270905650903667,1,0.999999999999291,0.212335368859483,0.243391537835306,0.602798386838148,0.101854246336295,0.70983173925403,0.100403488864379,0.849329168568073,0.122018360210012,0.693806467590045,0.148307869074786,0.274857514278596,0.195992662304458
0.919758608057619,0.112727883897501,0.958582438673976,0.116892930579864,0.970019215582193,0.194893726829645,0.753498285459384,0.291657413282718,0.758085718558239,0.196274710425358,0.657621680814933,0.137191514955303,1,0.886721037304545,-0.246823156770345,0.255804357909486,0.76432541209752,0.10149711076463,0.598139040812933,0.10450978247122,0.72772430729169,0.122808977622597,0.578619016800156,0.161106756807241,0.687468232482265,0.159979468128578
0.9690675479825,0.090198790269142,0.842460944844086,0.0972441259869089,0.869846216296666,0.167536646502077,0.313181328843164,0.148908257951475,0.451709106421967,0.128426178653301,0.655893012722988,0.151099452069044,1,0.865445402948569,0.138852554706708,0.20809647614265,0.651185722093321,0.0948873929428194,0.611952230108772,0.0989852735939824,0.587851476287134,0.110574975941594,0.511490059537131,0.127602261062265,0.801524837374147,0.138866755219614
1.06618061116387,0.121477431784378,0.960580710811236,0.110558327702659,1.10060398735517,0.222374544437056,0.508997126906547,0.197622290121724,0.748467946817114,0.194111654651378,0.20883148798933,0.286268977089277,1,0.999999999988358,0.21750731268025,0.210933241887693,0.748783678720351,0.0962083684890691,0.698131223097536,0.107268235954017,0.687711907009003,0.124497887555778,0.780415112769867,0.133359350810558,0.694638263859915,0.174467845862414
1.08192127472189,0.120370712051877,1.12082392478546,0.151081397121954,1.08815087160439,0.229459652084302,0.806123611503729,0.338067084129702,0.773211189553575,0.220390797107774,0.753817705378528,0.103398446388308,1,0.825567812550383,0.476341328306239,0.28997408889555,0.640790715203915,0.119817828949905,0.803821102000042,0.100156244106548,0.670104937750275,0.132770166119083,0.793286545854037,0.132724831807723,0.734413439679686,0.176002740430322
0.782804397622556,0.08369178703017,0.876445439031759,0.100503935473863,0.827657504820418,0.139767444478377,0.753554950503602,0.203638929918455,0.764965165933176,0.14396378162537,0.632290674752635,0.137303300532184,1,0.968632121458661,-0.333588242592887,0.213998940467861,0.695493242341741,0.088674001618809,0.619721590776477,0.0881357563037056,0.657492809730497,0.105947136428764,0.71357949394457,0.120776112327164,0.701440393054994,0.160515213393037
0.963821355004905,0.107192199729329,1.02284472052635,0.105464750727765,0.974536830917088,0.189312449361996,0.397693856838605,0.187337004355712,0.613347578351878,0.172204074220249,0.733848581160385,0.122345169880435,1,0.985219695163699,0.00953385054164362,0.27565873517571,0.68331869821248,0.101005412519305,0.701533980676893,0.0916254248690356,1.02746736901962,0.109258674402029,0.701143441100878,0.138578535528637,0.590876635935698,0.180119300147492
1.13423675897838,0.106671690458602,1.10179413572745,0.125929627545414,1.05301922805775,0.200116309118771,0.490983225256415,0.215332785334098,0.655873004301029,0.175309804656944,0.491494493729202,0.236983058512313,1,0.912154232795334,0.132836885808852,0.211569226725889,0.708261506004345,0.110332695048272,0.531037514946623,0.113378338739386,0.791326059906567,0.103079543553307,0.588242851602092,0.130068955484547,0.695878610213333,0.168880999262308
1.14020409011745,0.125333215456775,0.997021646203894,0.12121800572126,1.18528991160045,0.252262151759593,0.648026470867382,0.221359488963969,0.876412710067795,0.211312434071468,0.117716592381198,0.23931891045407,1,0.999999999999496,0.0355172521192092,0.239006355263765,0.722608932397771,0.120932051382283,0.728271637629555,0.109394908553282,0.871965742673352,0.111700085391679,0.652757141230406,0.133443714733444,0.851986423775086,0.152724339924386
1.19207515590797,0.134599508111106,0.958373400823816,0.110876866508126,1.41190003050521,0.276709315251752,0.851100745958124,0.328215089820049,1.09003427331319,0.257849808037113,0.543530770277203,0.223042171058817,1,0.994369269176706,0.394902182449307,0.238043981016219,0.7480394196057,0.103401408739649,0.842799359720516,0.0937696030402475,0.67881706432446,0.126725125264004,0.944511852638496,0.137846851287222,0.880994522444731,0.157597424141719
0.924485186903895,0.096521679777225,0.933154309824154,0.106371893995732,0.900931865757159,0.161559862461767,0.606105880639253,0.186029726962566,0.738958795784873,0.158756358303933,0.484286043509955,0.253840247800011,1,0.999999999979051,-0.298271241080093,0.225308522776809,0.746487413360927,0.0949232956712165,0.5343200325277,0.106214396965642,0.724019189270157,0.111730502603312,0.518958394235529,0.143960400736621,0.627205892178147,0.154108279166262
1.07417551453315,0.114002171598372,0.996967662514572,0.114424253688455,0.85986691652503,0.172444015043954,0.701194444419569,0.225856353280549,0.663011067340198,0.157324350428992,0.65126863914233,0.107928212183088,1,0.853858536805918,0.144136894809516,0.257173261940781,0.702364652526276,0.0970548671992117,0.742017511706814,0.113913763985476,0.723712875931106,0.124976640845288,0.723952309897908,0.143312650221842,0.559092958664088,0.138891491271936
1.05470916845687,0.109354568071528,0.910163758014579,0.109023919385407,0.940325891141908,0.173538775529068,0.4697246956674,0.19560085927367,0.664600852425134,0.172030895773792,0.748358187870212,0.101293725587565,1,0.999999999999327,0.0103857520719965,0.266926718394362,0.754331127544655,0.109372364108496,0.552285312695055,0.10118870276692,0.667850176038381,0.106794512515374,0.712516548269374,0.140215598602409,0.669993300856187,0.153613494380938
0.894683224540013,0.0945939698408012,0.960766081808696,0.0964463824176116,0.79309845028918,0.150040133595719,0.282256703546204,0.179816219031505,0.366622375116857,0.129032562347187,0.74110946877999,0.0986422458293563,1,0.77487791549745,-0.472016590488867,0.247616250020204,0.741305500596522,0.105215637794458,0.679196903755718,0.115098400619637,0.566715951767622,0.0974216570765229,0.551069367185614,0.147996830257788,0.736315610748984,0.152451256122074
1.23955477643659,0.124413791370004,1.12601205356887,0.120687122681186,1.67537657398241,0.31137589017441,0.683728076133296,0.286413502893001,1.0702812722434,0.286697425932967,0.347435505626541,0.272273957668236,1,0.999999999994395,0.242745476433148,0.244689281417304,0.734016493115703,0.108502944086107,0.787091347613338,0.11155399205015,0.823619727619178,0.125418252464559,0.851712584659134,0.11557804692989,0.706311561084463,0.15443679451505
1.13470469469903,0.109157338164469,0.971555636909874,0.11450580550962,1.04561600304869,0.197660546981951,0.372518984779851,0.12094022492937,0.568145923421353,0.144592374208881,0.592941533193067,0.200639808334782,1,0.910331516750817,0.571975679471647,0.239429656027833,0.706164690195833,0.0956170577349615,0.726371739613512,0.0948709050723214,0.76085107852471,0.127519355815676,0.82456352609726,0.118926603662152,0.754087036809492,0.147168499218383
0.903169540803994,0.104172726593531,0.981133737412127,0.113748631242536,0.915439979449279,0.181713637169899,0.392212595449664,0.15810267392856,0.562157186730185,0.134476631522721,0.284310346341313,0.274708362646238,1,0.938171123333519,-0.16592958136122,0.226840588814437,0.625926992248387,0.0983110348937919,0.689039324698909,0.102976495786415,0.619916109717693,0.108620839271599,0.701169363000314,0.134831872755826,0.673957031715992,0.176051942893273
1.05653901386165,0.102423779661529,1.04146750902385,0.0962490170542702,0.871965119072782,0.155056050129823,0.428338771657628,0.163570669105116,0.578476066224788,0.121531537224118,0.505304077358498,0.238921442770833,1,0.946546917684178,-0.0542664729696391,0.224992102451108,0.66744897362068,0.0870901955298252,0.653002438072489,0.0937206610827853,0.639082322901004,0.114375029375697,0.554989639784573,0.130395470389702,0.802026433524929,0.138481443770777
1.03424120072896,0.108261775509763,0.919191164673339,0.0978503100620917,0.946549813051623,0.167984711488086,0.505983519611152,0.1576336655676,0.692053903052379,0.137202144870253,0.398662542221323,0.244955062079524,1,0.999999998783657,0.0110360322367098,0.236360519567831,0.649956468013492,0.0978885298053146,0.624688637739425,0.0995382603909798,0.810855554986261,0.101432618669701,0.423513044491402,0.119000127374878,0.596104522102055,0.12758937007231
1.09737506091058,0.124121363434903,0.996151746477023,0.118591413253054,1.23530557174202,0.247671139097968,0.437118085792448,0.156960939942925,0.734829508715639,0.182025240704723,0.204710540452041,0.272023106084385,1,0.999999999991343,-0.0757275470942812,0.218689818114878,0.734793454171077,0.102569568371862,0.720795544587595,0.113165115235678,0.863124973034256,0.121551207789573,0.833565333559555,0.148283522720121,0.694692880686242,0.156466944284598
1.05398440153137,0.093899872924737,0.956964199748363,0.0995952857531756,0.792211622069886,0.13939667669456,0.360355974577396,0.16965643817888,0.517909393237959,0.118102698163517,0.540134920531341,0.18224103756315,1,0.969320325930348,0.164622081489633,0.211483679318781,0.745856754930289,0.0969839400352169,0.56173881139343,0.092601327270639,0.678001478032348,0.110298228873828,0.542450879128692,0.143724888529571,0.681675245531437,0.119885826776684
0.784741480597632,0.0857542960033514,0.89527683128323,0.0901088896339048,0.747693198906106,0.134370010543373,0.482842286940225,0.168312505352635,0.594526267358119,0.122037965598344,0.61438313697962,0.157214821693589,1,0.989479231546333,-0.319134881899699,0.224415758755242,0.757112394842082,0.0752414588149023,0.426827478004543,0.0890347716297581,0.662606186966357,0.100052242004391,0.564675383430032,0.130228468435348,0.378879033291495,0.157513881516049
0.982446032904384,0.101045702925281,0.93140976088252,0.0966609280731819,0.815080921012559,0.158559459596385,0.422116110707064,0.161797560473683,0.569709037881542,0.139286022373356,0.817250918056336,0.0679263166235987,1,0.971262858435441,0.161830658330411,0.249984372823879,0.708310220687281,0.102673304040711,0.819333594175602,0.0874581852295583,0.826888700348626,0.101957365703956,0.519409343066464,0.133554708534525,0.628954472378417,0.143058836749896
1.1016984141249,0.114953433399483,1.13692970925599,0.124277873788465,1.0420326298057,0.215554828401966,0.629398530899848,0.267971690844159,0.657145925096839,0.185907297613064,0.565289619149647,0.277400806662937,1,0.811443522057513,0.0600327307453382,0.237859891075304,0.717664731135986,0.119282710063502,0.753744339251203,0.0944723256952166,0.531162168754187,0.128547936571142,0.836689916816352,0.133405312880063,0.767150436997971,0.167684598199279
1.15400301187312,0.13190525293399,1.07012369239725,0.125796018213558,1.23011616429189,0.243896089231644,0.458383912333737,0.236160006969239,0.708692032176784,0.203038895068546,0.0602764945080344,0.286687227417685,1,0.943777900801727,0.0415050557549432,0.249201632461039,0.572480325691348,0.119868112649314,0.702611622842927,0.100408381710622,0.810808168672267,0.125130136653543,0.701303681885688,0.137418520888476,0.745467917442189,0.151754768600744
0.999919627997063,0.0941418786886478,0.891524970773421,0.0989824818098866,0.937820384685059,0.165256565063557,0.488386365087061,0.190318917332382,0.67677078008535,0.159498833051987,0.407821571819892,0.191184318285859,1,0.999999999996123,0.0729086098995247,0.223833364358231,0.608248564861593,0.0934877682439165,0.636754869930523,0.0897360148263498,0.473790002347915,0.125431534373723,0.632947289494176,0.131238285456166,0.818474832963167,0.137612634849077
1.20236481302096,0.130112610150784,1.15976168028491,0.127694671644734,1.02058417170625,0.20871269360046,0.580572499817205,0.238282479589356,0.714010970809933,0.188465303924213,0.435894339228814,0.259378296652394,1,0.92758184572306,0.20075397682756,0.240086984079704,0.651480814572419,0.104634366869663,0.799985585512317,0.10040404819316,0.525914567661567,0.126854520504077,0.703434296379307,0.122427990541007,0.786051211386101,0.155519252128236
0.994987194758595,0.117281412381832,0.955681478102972,0.118355907733901,1.01423904457379,0.199531510375053,0.729106410440691,0.283862693667651,0.819858054047506,0.180092280443214,0.616506828277968,0.163130961022323,1,0.953395387351309,-0.0726748574730728,0.26308902236333,0.743565864496327,0.115555122335918,0.474394195366516,0.13267337388736,0.708807319694556,0.115847931174119,0.722671988895019,0.123527736864995,0.752336047233248,0.169416683184402
0.945670984667467,0.0979929845873703,0.931307448023778,0.0955480742835986,0.931986260428863,0.152854674947074,0.367602271406716,0.141193404933915,0.585320652507541,0.132876924450536,0.370785721036019,0.193961807142589,1,0.999999999997595,0.00457442777201293,0.216093589154507,0.56893791510752,0.0867823556544999,0.755578343056992,0.0897074910799084,0.729871526557962,0.108773557784192,0.68354382308466,0.115749946399195,0.861107149536531,0.15560465507694
1.02338917470666,0.113538667430254,0.992013328114213,0.123835744102419,1.06931903535182,0.208437132528397,0.770132333970849,0.272801164901875,0.833646684986548,0.189759941301992,0.602116927192593,0.172312313289337,1,0.918640735985231,0.158247920448185,0.243283900337852,0.715412356329159,0.102899083417898,0.787127061023207,0.10707192310214,0.687116747239848,0.124992414119056,0.763903501039278,0.136104003329916,0.60048684756228,0.16366257650766
1.05499556850355,0.120169369672782,0.941418678096424,0.125938473175404,0.999355916829392,0.201894228289484,0.853345759845175,0.287271841881752,0.794092226567201,0.190849739240383,0.677630300502203,0.148947428401558,1,0.859900760817786,0.312031988590687,0.22630943382056,0.639287844519062,0.0936542898979074,0.771059083052205,0.105371364278859,0.471010495090088,0.16146783406159,0.660562401102274,0.132177872229475,0.823583896620814,0.131901524862598
0.875132360527909,0.098774554068497,0.953554864974629,0.100711144927255,0.751485860308807,0.138787193095458,0.499724226306546,0.182155186125641,0.601110251421266,0.136801853767646,0.726226314791017,0.0953771689390632,1,0.980908562751114,-0.210407440237903,0.247971721224043,0.51011015008595,0.100252873885184,0.793617892658813,0.101381063197709,0.688761906853775,0.119708510096703,0.620911431564934,0.127762841929946,0.718151315615469,0.153429772672727
1.05128360846263,0.109359610102055,1.08287970850721,0.108264541003695,1.10954657477366,0.212459827728402,0.583327558066103,0.272505317486909,0.748983174606949,0.200714501269268,0.692459563539175,0.109174495921266,1,0.930985776720354,-0.243395288060462,0.258544291381022,0.81407572751697,0.0941840699760439,0.756125695436721,0.110002483816771,0.80651138763158,0.110462869544105,0.762852900585379,0.116302503578669,0.708849671348671,0.156254828760473
1.00344059900322,0.0987243252100973,1.00868968514501,0.109618365611008,0.782399792526788,0.150281898445024,0.511068186209723,0.209851458061834,0.482573785871328,0.138981792028847,0.690193999075569,0.141235563899736,1,0.763150054920614,0.21646335159628,0.238262520412179,0.600947681187727,0.0920639932890526,0.559198933075422,0.110990819567893,0.667296702936425,0.122882835540088,0.407327633231831,0.113883478011361,0.615502626466177,0.140520464838706
1.24731584650903,0.137377951076472,1.21685188078781,0.16018386080398,1.54474423877514,0.309672634033818,1.17308998693313,0.425485674139054,1.16267551641431,0.305183609387519,0.283402636422051,0.374711131594337,1,0.863703284635146,-0.0961072699678257,0.225020508153544,0.856261145779849,0.104152169696498,0.866968967164962,0.0996720003146788,0.869443723720767,0.141934023083925,0.690374504120815,0.136645459750392,0.746194352124176,0.160648304994077
1.01895701845092,0.114500185551558,0.878506851113144,0.10798381435454,1.22780211040179,0.231383837230952,0.195921359987792,0.109621618500753,0.490461679707307,0.158735847486601,0.0825550508149856,0.27984831200508,1,0.999999999990675,-0.121030589235182,0.218750385777915,0.814752479295476,0.0969895721933887,0.77337487581264,0.118813226953528,0.616295584820469,0.129339755183228,0.618328210596453,0.141400328532329,0.78529649228205,0.126760851037789
0.937221019307948,0.108412159441944,1.08354946622535,0.12294861710013,0.948395645372036,0.189463313204871,0.525184779938054,0.201362870091016,0.622896285887284,0.160840232930835,0.417885449302522,0.23704696901695,1,0.882601985175072,-0.236598735436911,0.249260514101784,0.760454294227932,0.105074270590123,0.707639662828984,0.105067298792235,0.674221068621959,0.115336452296111,0.767305169770299,0.145646528397677,0.84018990766529,0.157631589896777
1.01676901368847,0.12300743490079,1.08825928674581,0.139975772599187,1.27202262952942,0.25342659745695,0.439072164518108,0.222152095142011,0.657367554831416,0.178706842129171,0.448625928187612,0.284576052379622,1,0.879615540646529,-0.254123392040971,0.275633598892909,0.814170452984267,0.108093806913903,0.708351659153442,0.122118417490643,0.810848508974661,0.120760225849368,0.529137910838994,0.12491257196636,0.693680898786393,0.159446500798004
0.988302576627941,0.109323142708125,1.03034621251499,0.104777141607016,0.993002493283052,0.184859929891817,0.573948071305441,0.199678549239678,0.649442525798169,0.146820516805021,0.712437289430874,0.12840668471211,1,0.860259055961363,-0.421271334028235,0.256188555760247,0.766019920049438,0.0935659651564229,0.701248750022906,0.103463718197137,0.638456392726139,0.0978293659085819,0.713810908067194,0.113469396339438,0.611082412834529,0.13039395696328
1.07315725813631,0.106126039539687,1.02491828307015,0.115795871615905,0.792868969255418,0.159377437220173,0.259868865514313,0.162958686123227,0.424708014364658,0.135596289522694,0.762368136117992,0.0880551018261725,1,0.935648273526272,0.0256231909225264,0.232780211495801,0.650014170743527,0.124286168103513,0.747253141692924,0.0981350005566462,0.828302927661353,0.10590677814371,0.470932256913973,0.136209585335306,0.554287436326766,0.166248854730966
0.934983591427256,0.100707311098658,1.0871610587977,0.0948714286400859,0.970179416592436,0.180647028026683,0.294663837377022,0.124318113996594,0.53467447090241,0.139144259223199,0.61407346123926,0.196230977320478,1,0.999999999995531,0.0377467393442061,0.259347317348668,0.523849529911762,0.0913621328054827,0.790733245183333,0.0912283390145911,0.758669485918335,0.099189037643992,0.639911306753037,0.122025644454557,0.584787933999074,0.132716076628269
1.03537946659167,0.12042683647595,1.2163824631345,0.141575922699126,1.29840210088894,0.276020197472126,0.459446669317922,0.169585804605062,0.772364240943606,0.191846360936103,0.15300345243063,0.300796729331745,1,0.999999999999646,-0.0885951451663288,0.229197363783798,0.699025766947834,0.111277689473557,0.861606435450707,0.111486183102801,0.604167779213276,0.13138308343575,0.939998056905653,0.136174458914346,0.750432551784005,0.160621422145122
0.987050212360368,0.0993003912551283,0.910640166383778,0.0972425449472097,0.796399342735988,0.145058456905662,0.437758980462465,0.14478052094589,0.590449798201658,0.131810770082747,0.729670353401795,0.119413267096,1,0.999999999826887,0.177940323636539,0.242733045522761,0.705379451140299,0.0904738230135345,0.584726226443389,0.107213455602163,0.546186789872851,0.0953743845635405,0.711970334495876,0.128145215033159,0.560941880685158,0.187909589561083
0.898469090914155,0.101324677413759,0.928560392214318,0.112150595430195,1.36792000647303,0.235588573392088,0.88658038007198,0.317111890243006,1.02680478021323,0.239647732269678,0.405669553686847,0.223340998475227,1,0.932391859331151,-0.177486975642302,0.232016671341905,0.693498535357841,0.0946772001952831,0.72509648717731,0.102278115334397,0.849508292957174,0.0993332465683075,0.562985159223722,0.156544831024075,0.803119515305512,0.127549389893174
1.05418049816282,0.100557935079447,0.907785526460464,0.095513808424733,1.01285595532995,0.17734343947205,0.322055064425008,0.113680462772492,0.571135176564128,0.12737519873446,0.490461806702769,0.252268245317457,1,0.999999999941598,0.0223896600723383,0.264091678029061,0.615050275352819,0.0999245684919819,0.849307649999039,0.0887375723471611,0.731299991165575,0.0955564183820478,0.530356586427333,0.139642164916674,0.850707674934211,0.161334792905471
1.0514009687003,0.107993661881306,0.996219704749866,0.0994009865889905,0.942680076640505,0.178192189623233,0.461198149794657,0.197813558132973,0.649142772467653,0.159873902096201,0.558151963377527,0.177406032441822,1,0.984496742849603,0.126810874463268,0.232689145069515,0.526947024563282,0.109437731781883,0.649186777438786,0.0983344987751288,0.749039858233859,0.100091247930736,0.681603448779688,0.141427369665722,0.7762735755311,0.168701385224634
1.17128725116424,0.113106276342684,1.17847590864664,0.122488110199687,1.15385935595056,0.200620577826016,1.00909322349227,0.357691275739852,0.965493966172068,0.20312772200687,0.366844680249265,0.343215159509213,1,0.894761896259839,0.0546957429620637,0.284583301222065,0.54957543246033,0.112081317806025,0.872095184319382,0.0883459105669093,0.82438852900802,0.0966270242353796,0.799395557587679,0.146817440337289,0.702113798560569,0.149928110914913
1.18621725077951,0.122125240270693,1.14467756634817,0.12678273274275,1.41397553405225,0.25493970529788,0.836584685084587,0.337262068320298,0.991618143054027,0.259137323806103,0.480004826546203,0.181823801343523,1,0.911734863119459,0.003769330190311,0.247323181544449,0.746948349075251,0.117453623804875,0.864404921673025,0.123843450086241,0.542060511746728,0.11839826852398,1.04701552694009,0.125237103751036,0.707879754598083,0.146462560538162
1.07759091870018,0.114509365009243,1.19989590202651,0.13217415921149,1.33965228957309,0.251044896585077,0.839213700130186,0.244669818502422,1.01024837537923,0.215372875740427,0.358390568342687,0.322539171688099,1,0.952787021745623,0.1019621259562,0.244708529677178,0.809171543423152,0.0990552921440856,0.877822249999747,0.0944771652467487,0.888430382366507,0.110549235608561,0.85803989903589,0.12577235969817,0.762213656414989,0.156575695741329
1.15430681453511,0.124600581905855,1.07678831234932,0.112944539527802,1.49846082364341,0.261324147273181,0.552465137028034,0.193661709722282,0.909861178568071,0.202200802873935,0.604895086276518,0.155447550234094,1,0.999999999999991,0.303828374903372,0.267949356832137,0.661871865761266,0.102076291324559,0.646195302864546,0.0962722618463314,0.853259935623955,0.1004624323681,0.872610560056442,0.121792603152041,0.52498247009013,0.15265075774567
0.888320771225816,0.0896752174834156,0.82761913101887,0.0964701090027296,0.840438672675097,0.149979915430542,0.428385622463336,0.151322794270225,0.60002653602541,0.136639548524169,0.401701685025222,0.242955717989833,1,0.999999999997877,0.189156315417848,0.216676788316482,0.604418275452975,0.0903477643349694,0.585336948995104,0.0972000362450703,0.659160458700233,0.102794693984612,0.586277960945036,0.15110977514962,0.609288049429448,0.190350364953703
1.03109345236088,0.114368255025743,0.906992224487461,0.11017957495492,1.00351553339411,0.19528571288869,0.690012368134153,0.248831610463835,0.832128673737223,0.206505789897051,0.693085021889791,0.162942657502967,1,0.999999999999271,0.309991235665097,0.241498894294888,0.581800427753261,0.101834070581465,0.638776542140696,0.102783317451037,0.60948316551852,0.111588913473536,0.775472524351658,0.14250384373376,0.825117587003287,0.140403697690697
1.12227615984863,0.123039875187138,1.16304504646005,0.13010122489923,1.10383675288686,0.215514181911956,0.865380433021876,0.283147614077252,0.891985711323121,0.209677375538849,0.246242563605775,0.293949633362085,1,0.912645121948832,0.041200190915736,0.253232048850584,0.721281832877545,0.093869980470768,0.603075489679092,0.120303423822511,0.850172046159867,0.130434660242529,0.677479993082923,0.129926362779593,0.811526799155441,0.144086899620923
1.20532369099477,0.124515628910022,1.02906659315972,0.132294933259857,1.09785102677003,0.221733876024187,1.27008529385659,0.429586857614321,1.08347287153214,0.246979204011226,0.706112850395001,0.148885203895358,1,0.917550321725575,0.283966789329936,0.258142661149761,0.792313148818252,0.109411021565303,0.625716361125401,0.119648682940987,0.802917858005527,0.118475577511635,0.75310421952224,0.136634951048666,0.573127102424861,0.140772042293882
1.09297743303452,0.120347056326031,1.08765832299441,0.124049341202955,1.30244037421338,0.226639804046506,0.338783631153021,0.176382999627964,0.548266780997544,0.188354697833801,0.768552256812703,0.115066281619831,1,0.825375928190948,0.0783320394965532,0.285467125469005,0.83653153160045,0.0930379089726592,0.757051011369253,0.112807878310805,0.792785261147197,0.116011669074041,0.818205822588784,0.127908825403908,0.914035295631674,0.166731937752268
1.11365733581077,0.101872182145669,0.980159823139306,0.0903290788329743,0.939431978929121,0.159923571996188,0.269511577811278,0.127905449915619,0.503177696616078,0.135295284021136,0.684246491078022,0.140471351362522,1,0.999999998981592,0.0306221957345858,0.241276607178383,0.737089289950481,0.0962262417659891,0.5742335866875,0.107170791550262,0.704147151444179,0.103910043623876,0.777561197510434,0.109790083929895,0.57543540985289,0.14033989961087
0.901256589334899,0.0969383305379348,0.894298279732756,0.106723203620289,0.821312632019889,0.155652393129269,0.476604270229983,0.188568126085161,0.569211602012926,0.139578338007388,0.726641162957711,0.0953483825396996,1,0.909788677697105,-0.119651912725435,0.234007763074866,0.670067329888906,0.100300210767405,0.686760125409795,0.0991775440829809,0.654607536766809,0.107552728307707,0.466479660593407,0.13204922555972,0.563366590320559,0.155446724000374
1.08612312792782,0.118283030130432,1.18359251507972,0.130267417488789,1.36262958406548,0.274680198258831,0.880376774794452,0.362069680136101,1.03615245185185,0.277201350560538,0.752928603650403,0.101310337783841,1,0.94602031738408,-0.0311147994239736,0.266083766239231,0.765676079070591,0.105893445538936,0.935035066135538,0.0895255385838037,0.820929952176158,0.113342264750723,0.646468262471426,0.149216391942511,0.637947347960873,0.155806369988606
0.95975664840885,0.114265754660875,0.903812978348092,0.101064418467013,1.40020558314967,0.254449660759085,0.669561833117173,0.212133852830069,0.968258342055578,0.206985664300083,0.441334428831247,0.245028612106041,1,0.999999999981665,-0.26413051103247,0.225096064433433,0.795083318021266,0.0807520722730105,0.775031849619942,0.104562738954706,0.640568093531373,0.113903027491308,0.778318168846574,0.125136509124225,0.576785606931196,0.143305330683683
0.968531003203162,0.133847397660574,1.10119293783232,0.144630602739172,1.16833055423615,0.27796107152098,0.869098051773049,0.311780036126769,0.96768847537389,0.262276402299369,0.30297939388075,0.378013430087093,1,0.960325173548881,0.205055594741658,0.293492845892257,0.614031296092524,0.119995115216548,0.843897537980557,0.122822260353308,0.820813293640779,0.138916393566487,0.712942131824522,0.163095191547692,1.01664569031249,0.159074085231337
0.944868925154402,0.0959110607179029,0.986676641945842,0.104040743143536,0.757966869686196,0.139681300555516,0.537506677181751,0.224579632491501,0.549325224802198,0.140136566259464,0.757432445014465,0.0992768431214781,1,0.860622108861853,0.0941635288756617,0.269730192853158,0.620285016858099,0.116811882869028,0.713334457737893,0.0946762850560157,0.520586320741411,0.110097791244016,0.573101689123916,0.128624450449266,0.75385575639316,0.112715154243951
1.08113287998384,0.119349411358443,1.15443636312997,0.112332040683414,1.29875564315565,0.250980086838085,0.529462787056301,0.218288816224255,0.645339151006792,0.223433568726707,0.605697400548995,0.177282563081633,1,0.778227492135462,-0.0487221897815119,0.248803957367451,0.774760239139306,0.100495825871608,0.878075520659339,0.0884451005625506,0.75749047255806,0.146073855697574,0.790624493777332,0.122028462900149,0.71421690026343,0.16550486263749
1.10502783454127,0.126471750484046,1.12265008539384,0.135134658083084,1.60223102072818,0.318027480518008,1.10280094544269,0.43168987915446,1.28152954830676,0.324797035203333,0.75931822354049,0.109749217273054,1,0.964089807348155,0.117009312252177,0.251264171532193,0.881102004619425,0.104919618392454,0.776338539448042,0.112353756857466,0.667752338603417,0.151166198033289,0.847038250025008,0.144888880537689,0.967564223442356,0.17761253314125
1.18747099364014,0.132629737858701,1.17446159213409,0.139382005743801,1.24561753741319,0.255438270178482,0.933970771569771,0.365956296732416,0.920909121313111,0.232555799469613,0.19623021449939,0.275523853298132,1,0.853803193392154,0.476121741040888,0.251025899151713,0.583921846766204,0.108239848750431,0.899283984199039,0.109646749022045,0.853683052896057,0.119975895781066,0.833733234839184,0.126560308428527,0.757369009068877,0.164624728130065
1.16005072421332,0.11980202326421,1.18555169322987,0.115861214353518,1.39917018508565,0.241614825431043,0.741227219486782,0.263847418228937,0.96243265822574,0.212083108601821,0.568547323227313,0.205568299127451,1,0.945060041176608,0.0545725685024961,0.229920836234007,0.589199108484839,0.106932418816121,0.888684898372094,0.0916405970748334,0.664301339095387,0.108106966510059,0.762297383386654,0.11395717982004,0.604234818563371,0.14157346815491
1.04519506583401,0.117838040098451,0.974878908867103,0.121505281682227,1.10326781683605,0.224151822821175,0.681734166357753,0.250718990578805,0.845502606074228,0.201314806688296,0.654390266225938,0.150671893324456,1,0.97491543378842,0.187580768557283,0.249843844933028,0.540971033996649,0.100684951906254,0.656826787574636,0.106250559826277,0.530307728713071,0.124303483213529,0.614028894175756,0.13314169160415,0.953456772518871,0.168276386362832
1.01138401218345,0.110451470247206,1.16746122614943,0.144469743850974,1.07712041111726,0.218218443004021,0.503934308071183,0.199059160796156,0.736748212809422,0.188898334983543,0.107828343654873,0.2373190641354,1,0.999999999992772,-0.0467070550633336,0.194010030576757,0.660288524743213,0.100098408782486,0.742650543876793,0.111686798871456,0.845490823616362,0.126232665384329,0.790052924562003,0.128489351399411,0.637640752492659,0.170741079515315
1.08592228736844,0.115762731713328,1.11205014349082,0.107305710554552,1.14319519835976,0.217404991552052,0.481554413347462,0.193797126885933,0.709242333067788,0.157611072876066,0.566756008660758,0.209707692081501,1,0.955898478199045,-0.0360509653134714,0.236789627645248,0.898164821024193,0.0894438317822347,0.661033974168154,0.0992656192340272,0.866700133783408,0.114303852697526,0.760757984361209,0.123998601546238,0.600366898612985,0.129524831413095
0.961941368324699,0.1098182092847,0.937198550152824,0.117186693913222,1.01964583196757,0.199629717133025,0.723391024245626,0.252155661989817,0.778130174397822,0.18088645400585,0.417595662463415,0.333622490724327,1,0.906026759408079,0.125674623131801,0.247434901474773,0.68578244433684,0.0982554752489131,0.507812181987293,0.113553446205019,0.725193137378817,0.120127571506678,0.638759927934281,0.154951888408765,0.760703491827035,0.141295583541903
1.05795107085348,0.0909080171073412,1.07903717766446,0.109595325216401,0.853663958552976,0.141638455320588,0.534510518354815,0.202354768753359,0.560406222589233,0.14653334302591,0.494296670769467,0.214418100723746,1,0.82962407794317,-0.130303787083593,0.206721513961783,0.790475144327943,0.0843838333987319,0.671219169325189,0.0975560913895563,0.6524683708012,0.106116580198975,0.688446639042718,0.116251608085155,0.702183269456169,0.147140081553105
0.948935291000922,0.112917919079923,0.978683872844729,0.112939980490677,1.04457642512817,0.21371318582738,0.624445172873171,0.229867686912307,0.702081030338239,0.1743927656368,0.298638356522293,0.371140524415032,1,0.869300586208791,-0.0802007306788466,0.222085476252643,0.573804335030532,0.109792358714746,0.74626829000813,0.0957466571199035,0.70495946033848,0.117143222752131,0.880612747156563,0.145389128682565,0.904248919483179,0.149196181092458
0.95175498751697,0.0966081091847012,0.955634051175778,0.102205495960316,1.06239734289241,0.191832884282937,0.553395209885866,0.168450829223051,0.766763066391198,0.159999134976097,0.489740218039206,0.221879703109013,1,0.99999999951482,-0.0894170665251713,0.21528806152737,0.654359166884785,0.0926043498477722,0.59372945143971,0.101736050145447,0.770734855876333,0.109710905560251,0.470009370543857,0.152313277016256,0.76148951217588,0.16199665111021
0.878255963148112,0.0910746116111163,1.06965355237098,0.11136008130318,0.869951882721608,0.159941252024793,0.523829066254513,0.199164784851337,0.675060058371582,0.173226848460238,0.617375786674279,0.147467821933036,1,0.999999999995862,-0.17512838428888,0.225664972144011,0.633117700178956,0.0845666916139364,0.731807737454536,0.0841151103253172,0.701231750404756,0.121883004542648,0.581931027064537,0.13463311695313,0.668033072634094,0.149641535249449
1.18033635905495,0.135383721356526,1.12599724316709,0.147651695065406,1.57362681121083,0.305035136588062,1.34375122373268,0.433324576608159,1.24536871362359,0.30451289486783,0.765774596504127,0.0881562542134411,1,0.856421657797394,0.109443865187324,0.278291703655178,0.916677047911111,0.0906482923371862,0.95333185784463,0.0971233309804429,0.710442433120475,0.124426792747179,1.04400976564802,0.147107606911293,0.906105338883103,0.192913867918015
0.954325835888622,0.103330926140614,0.952359561212966,0.114407491233147,1.19316580552066,0.224874056385714,0.824787858118495,0.264576997590474,0.922777452282487,0.194688096120238,0.514675341483001,0.226551170771213,1,0.930198094165501,0.121514837467605,0.26223367998456,0.522151653868581,0.116032648156851,0.851405891449458,0.100497982124498,0.630417009731265,0.110442311737108,0.701513485071174,0.123383537075217,0.666741143072325,0.133922873246002
1.01710259295916,0.105160024314479,1.06697153554636,0.127151858715047,1.149624781798,0.213355143585132,0.912781392018603,0.33809958683013,0.975152941804126,0.227523508688006,0.53168316298938,0.191578154436128,1,0.951943751978948,-0.0106558289966494,0.246343490216129,0.676232705314398,0.102683435579485,0.634877434702779,0.0983871844944569,0.904370546008883,0.0997887796626193,0.690771911498914,0.135786657859233,0.715189792881025,0.192805566759211
0.975592574225388,0.102253755089085,0.995957884578754,0.111797930355467,0.924349486785388,0.179361095504728,0.347435629848793,0.162067353913012,0.55512148516478,0.134462040043788,0.350986294007954,0.259890183740413,1,0.979563867723333,-0.310637595613902,0.253347261082286,0.633995013386528,0.121405548811875,0.654558108257562,0.108423367740942,0.706885540559974,0.118029609416583,0.67659258734913,0.11861801596849,0.702604228711356,0.122879890218229
1.07135364776379,0.104309222204045,1.07825476796516,0.109627928225551,0.932018867950304,0.171744346295403,0.458366985991354,0.19863387857701,0.564183878525253,0.14550629923299,0.584613988191052,0.169803205222448,1,0.863180568089073,0.232374101117101,0.246579640244189,0.763686312814571,0.105336729068064,0.661504569670521,0.0984065069413918,0.567056207012129,0.118818483889238,0.689166859465943,0.108539564274967,0.658858864202472,0.138414950621454
1.00963444007743,0.106130434728032,0.792064699067401,0.094372252959493,1.15273283803816,0.215441769251715,0.41128182605048,0.140223401394254,0.688547795321454,0.145140316363086,0.460432704431527,0.250680921383724,1,0.999999999857989,0.0916132447932577,0.247078182703119,0.677962896801791,0.0875208014342591,0.72767088595602,0.10564832180299,0.861384351546473,0.103460573813566,0.359137545607519,0.156612352541871,0.714984985050424,0.138893204369786
1.0499235964161,0.0997166720399185,1.07334178762198,0.105575833439089,0.975136280953545,0.189189597953066,0.394443105265586,0.154832778966935,0.620190111625607,0.138635948097227,0.657516636427633,0.124957177471109,1,0.999999989394814,0.284592455271447,0.212449767684276,0.57073265680101,0.0954343223130711,0.672913026692258,0.0926040174404651,0.68973592009271,0.111049492864145,0.703701698534773,0.131278427256021,0.734715094596293,0.145766062571187
0.98106560878488,0.111534908066526,1.01041864598088,0.119578982560356,1.08642282457337,0.20535138745429,0.295069787931961,0.188289678148174,0.535799378764283,0.166301482079048,0.658967010764163,0.184211942940792,1,0.946325173180944,0.0898414685186541,0.266680053789012,0.755852519946421,0.0988657647977761,0.706600183934034,0.0974007515304026,0.856770895194724,0.106053602367753,0.73647370599993,0.132061454981218,0.743902452021848,0.150912881039781
1.02219867983877,0.108179758181877,0.875262194934259,0.110241748107011,0.84698826625867,0.167787638795981,0.68235576539748,0.226878293558876,0.614859631583792,0.160588070866982,0.747004605497867,0.112793221857797,1,0.808782695979319,0.597476143647318,0.248491530856962,0.490316284422761,0.118715403995184,0.86661164815383,0.0896195867438986,0.566087124759984,0.115243026896422,0.712178388592447,0.110761433830456,0.849603564243144,0.14985001448413
0.959351145820699,0.0985589000664172,1.02180647039042,0.105810432829796,0.997330390313532,0.184419808397216,0.599468880776383,0.213602072467602,0.732537215492121,0.167691144235509,0.537327747243001,0.172425451974946,1,0.94738574383479,-0.58572770791328,0.206709821211602,0.856308559309463,0.0796545407009666,0.710623558447917,0.102645782238186,0.581584645269829,0.124446500288604,0.482220963808114,0.125280239350418,0.843853744898397,0.103915500378721
0.862634849036633,0.101397242197602,1.02798734312184,0.0930793419876978,1.03482326665843,0.177213931292567,0.310890821138827,0.177999505392032,0.494210543330012,0.140449260201108,0.5706709970078,0.184951196143989,1,0.871314545183574,-0.182461898288202,0.228113329092748,0.688631438065235,0.0861691131451983,0.754288527373288,0.101739499447178,0.629823491575778,0.11007606554121,0.734489213802284,0.113352373910214,0.843145219321388,0.171875357290728
1.04427357210235,0.120672344627636,0.980393797326887,0.10881292768751,0.97438633038057,0.194757203839603,0.656022942471625,0.258222705546711,0.712902017398024,0.169088252104067,0.74916768784347,0.0939741391613194,1,0.89167119761975,0.0148827640860318,0.263187581553828,0.725282421324871,0.119430563805137,0.695826191761021,0.107521453431329,0.8683767884348,0.120685300361497,0.561726588139713,0.153841089965937,0.639036979914771,0.155367718659222
1.02356020439139,0.120503967050962,1.07217525413535,0.124385736174929,1.17543147011344,0.239751915494046,0.680167372729977,0.266519506657914,0.694859704751814,0.201573035945592,0.419810119148925,0.316882971382826,1,0.777124449716226,-0.25996114543973,0.243822005701301,0.734197734952805,0.100333598744657,0.79255048659008,0.110466541137229,0.763220228614181,0.122032008835665,0.815554421391463,0.143906703509213,0.599183186813129,0.179663291286061
1.09219087441979,0.11972388302405,1.14727456178519,0.118421814516406,1.17207991618713,0.214244626241744,0.570064593028968,0.226957563844817,0.606680123231972,0.185904234289752,0.745029700589052,0.113852368102279,1,0.742196873166601,0.340754034539839,0.255041431519506,0.569319615450788,0.117765699907144,0.845020140207334,0.0913260410491971,0.910051291766161,0.112113527977814,0.733014543409385,0.131213856234196,0.759904443364085,0.145328263167391
1.01948994325751,0.105108091440116,0.992826065019234,0.111529657617426,1.02410766286225,0.191904497684567,0.86237194818719,0.29683391168888,0.917890766511772,0.19984912606179,0.556501350259361,0.156439501789965,1,0.976721803646156,-0.0144323290166019,0.230456922652266,0.691611566001739,0.0993548468846438,0.67876003612363,0.0994532314643772,0.917751976884398,0.093097835439615,0.797616796414935,0.150139562872614,0.812911491549708,0.13790116368001
1.02000373098113,0.116744747407797,1.14635712092435,0.123314426419843,1.27002381982294,0.261468566082982,0.627168360807776,0.28257298515798,0.750837031721822,0.204791421398289,0.439982007544942,0.34649610548595,1,0.841293784587963,0.0767501639659765,0.248437662393446,0.697607137499045,0.113358836273465,0.733072966479688,0.114612166003211,0.703636426178227,0.139259580276138,0.576756605779506,0.133029717421522,0.856516992932247,0.145873556323296
1.21079905979276,0.131052275790207,1.06756887044155,0.11701073800194,1.06238285374975,0.212679751915055,0.527041638368686,0.240599192776352,0.705395804256807,0.186003882731931,0.412279758399033,0.23357367838028,1,0.942692131140328,0.403110730915092,0.239202588203605,0.693346078194508,0.110993923664077,0.644243246632577,0.0944845737603965,0.829351247465935,0.103253735902321,0.745691881293136,0.117792028730876,0.837826780292767,0.157931877554381
1.1318478945229,0.116194673958873,1.07910467675361,0.117258604247031,1.04368424345791,0.190754018018316,0.763115349418776,0.255675909951151,0.843746740001812,0.189436465001767,0.615384670315066,0.170006778418114,1,0.945436684902535,-0.0782581955391432,0.272049297799031,0.706525854587462,0.10803267412154,0.675681485079803,0.108804933871404,0.730076947965111,0.121284910895746,0.768886743759255,0.113221280556866,0.619597734498851,0.123314281394834
0.99262651795851,0.0910649904333162,0.887559945102603,0.090124423290875,0.814288346763346,0.128451495131957,0.351570175876028,0.153740157726365,0.51065917143299,0.119189738026881,0.629815595950287,0.126543142800254,1,0.954412268374723,0.294606145709034,0.226184426979662,0.637144637744863,0.0866463952575944,0.588914851976513,0.105418908070141,0.633550465165742,0.0894983393764998,0.695670195172063,0.118067569708829,0.722223359027459,0.128761629493166
0.946977133307047,0.102379808612674,0.893939194471889,0.102039387811893,0.736907624741005,0.135306639917717,0.518356230950203,0.179498723130554,0.618045838847392,0.144735877774561,0.695669166164679,0.105094094830481,1,0.999999999996548,-0.20863246063142,0.228783960156584,0.790141087338985,0.0930650085183014,0.577747204356948,0.100028910858231,0.633864671537047,0.0975188574666218,0.766318347219953,0.134229513266173,0.517023950609124,0.159548823517143
0.915750440253432,0.0948691110673103,0.84800991199944,0.0988084100763634,0.839305897502897,0.142024419176039,0.31043178640415,0.159819877759835,0.42520746779653,0.109993223102354,0.558523069338054,0.180076506536065,1,0.833024268485981,-0.13584630701228,0.240413668138531,0.682007086902806,0.099929776385971,0.681723484739212,0.103688796157759,0.618838719736107,0.0976162525687169,0.515235875994503,0.119466417345452,0.484782751731867,0.159871804613806
0.952839767085278,0.11018616268946,1.01268111152035,0.125857048152609,0.963777152749408,0.203511110473698,0.80209417720337,0.288823393246681,0.749333218058121,0.178082501148907,0.673840474940359,0.155367750956816,1,0.85226369811069,-0.229610421447141,0.262024691000025,0.720966924086049,0.10202831390454,0.699104813002814,0.108048831134564,0.798364733254627,0.120945097489086,0.552517514474516,0.153143677659514,0.547623750231023,0.187815593237781
1.0967501077449,0.115235821453317,0.987830872252193,0.107941106077191,1.14358087990642,0.217328184388904,0.500977733228505,0.200295937374264,0.671856060774639,0.174926636128739,0.65347995556221,0.211779729364199,1,0.887633296239475,0.185028115379685,0.260866254144638,0.703310529855027,0.104796837620881,0.656890028241894,0.0933653959501339,0.864984804191909,0.111256610463011,0.660905149936566,0.125557374005523,0.871618932080039,0.149585393034765
1.04378748257835,0.104775090730884,0.993825108649141,0.104970005680377,0.929434265750913,0.179017946767081,0.361095383207528,0.180955870007609,0.533319024238277,0.138626690442597,0.629911624572569,0.140331232524961,1,0.920591091855247,0.240362315856951,0.224221431671547,0.645070886720873,0.0898743619683428,0.520825752066094,0.107685873557992,0.769995426251446,0.116567140651872,0.732089914614675,0.161401125345551,0.830052609315407,0.177591795955101
1.03752372384073,0.112216417018561,0.956469211123617,0.108621971488407,0.987056723937315,0.173144899309367,0.867883361202476,0.281793333310373,0.910682063643568,0.199903199913058,0.718839013919698,0.125152263696247,1,0.983931911709122,0.102985363545907,0.285074540341299,0.837201402829661,0.11477223651778,0.577968331935228,0.108652582379328,0.666788487104537,0.0994137583743219,0.747393961303922,0.102876184228375,0.711721145908798,0.156588722767562
0.968090512699537,0.0922579490598156,0.938787905652324,0.089037329330632,0.93098948843136,0.155504671629005,0.255307555045685,0.12665916624283,0.487533229680297,0.140611965559028,0.422023082596458,0.203490184137452,1,0.999999999953421,-0.371778309841319,0.200135711477224,0.694804330208162,0.0840502766193324,0.700525655773234,0.0828375097341938,0.736164224496365,0.102243474753054,0.746815172456109,0.127619026870204,0.651155911606997,0.138668500864675
0.934654693701477,0.116330123825626,1.09646798492274,0.116541522394795,1.17101190389853,0.243287561629075,0.228077550893748,0.146954394597083,0.477808602000885,0.159668009523671,0.385002288913435,0.340036657790881,1,0.924553482355807,-0.131579383178327,0.240016530449892,0.780305312873478,0.108251756600518,0.725355325976019,0.102788887505953,0.725765671792261,0.115725412825303,0.841728806491277,0.124077248115781,0.511796944020937,0.19105377827176
0.985426741111974,0.112789164832678,1.05198271815688,0.113252419840821,1.32374893476652,0.235267234601903,0.574935765587561,0.225749698562112,0.872393607984325,0.207148114603433,0.575299332823237,0.224314480350457,1,0.999999999997505,-0.0587394347708901,0.232434299280154,0.637814613841354,0.106330442074024,0.874449589697982,0.104539824743457,0.715797675265519,0.103371447740547,0.747905171955433,0.13595963945206,0.591805391750192,0.199485109203613
1.00217555482102,0.0951049073799557,1.09207195355604,0.112104114899796,0.878641827231614,0.163049854434884,0.376816123317152,0.133933897489473,0.540341305281565,0.130310517452608,0.657352231807816,0.128536623100997,1,0.939068973954946,-0.11200171266676,0.233365952912062,0.658889297941631,0.103962232061667,0.749862986823616,0.0923526621421755,0.579413045402529,0.122712241279689,0.513646634505535,0.139286689275431,0.631433971105125,0.159312896146892
0.783280323889482,0.0976567442837465,0.980357742198439,0.108730430395408,1.08522376027795,0.20818167038887,0.450118458559402,0.234804490884746,0.655023278100656,0.186748144919544,0.411831044020863,0.244101985945054,1,0.937203012224685,-0.357613451297379,0.205976748714962,0.698399515111494,0.091096491182698,0.732934578647057,0.104647906927049,0.593249106720816,0.104054607193189,0.57590197326518,0.145541079013276,0.820082245088291,0.146827106631636
0.785185508243038,0.0982557740953881,0.998365005881557,0.117954166224021,1.11831758656911,0.216809326363239,0.485674505483056,0.214380483107454,0.67089639923952,0.174817863850502,0.309297226270723,0.246378642789704,1,0.910332882513129,0.0481708731153698,0.224026918092398,0.556869857854675,0.102964735660507,0.804114721235357,0.10483045634934,0.486607372371027,0.138905134772218,0.756717319230755,0.11102892771991,0.601686942020506,0.146895315830016
1.13893632620699,0.128256707201327,1.1024517986195,0.132303159723928,1.11380249038758,0.224673261339721,0.74997455956579,0.279506897699445,0.786197800149912,0.206451321940217,0.775255480695775,0.0838469721684734,1,0.860209958853998,0.12972030013158,0.282982604452187,0.768080056377504,0.117931559287698,0.781450157101728,0.105230324336902,0.87664907852351,0.123486873750798,0.935390512177939,0.144840612027301,0.572487857991421,0.189415277769775
1.30727596575204,0.131673740417046,1.2363931109616,0.128215332196912,1.24124824072936,0.230336461673633,0.743100729685491,0.235382788671392,0.811488178565998,0.190503164711002,0.441558663807738,0.254012634002062,1,0.844946148616702,0.152210771046221,0.254393816378275,0.777329874130644,0.101293708743949,0.741768225919881,0.103045137898531,0.767674363955959,0.106258920799542,0.853719309138007,0.128410178407307,0.700332838160385,0.136787838857015
0.850133178991235,0.0886519922027753,0.786622609742118,0.101671176907146,0.759787840420427,0.142178183986733,0.316289873626549,0.181046001819423,0.453153292315048,0.126858792317933,0.514247669477009,0.256670783334014,1,0.924392315140525,-0.111558794750954,0.225123342392674,0.601642025597152,0.094810481975105,0.603542049957666,0.0934458467056294,0.578110705359343,0.111281723502034,0.625097376969983,0.142751429994151,0.441313133036944,0.155053558932695
0.987716204844362,0.103893691909432,1.13100985988201,0.127612038817185,1.04917468504395,0.202632207656712,0.622310449729504,0.227111432412677,0.713738888999127,0.186087591216967,0.73471229108553,0.116605918158115,1,0.883307488042881,-0.287797106797354,0.233445685896178,0.75229008693454,0.106334855009094,0.64469339248276,0.107984468051221,0.647044236149212,0.122179656031256,0.63514232008899,0.128734903928537,0.763679972260327,0.14704885254918
0.964693029297927,0.0962662543346814,1.06130941264488,0.112866061501602,0.870921246658806,0.164576797450829,0.277547716232851,0.150290426731284,0.459174711918776,0.136558924272475,0.36989953721836,0.249524243930053,1,0.933941535463209,-0.0201138603806871,0.220009235879573,0.673924089272559,0.0825344849223452,0.593399878838259,0.105577268758217,0.645610284329541,0.139119757105894,0.790321138224328,0.120396432741172,0.683638354813918,0.171049178482224
0.978031868476219,0.0956111581076939,1.11851836825322,0.0970172997591788,0.90723766163702,0.15971661118204,0.288084824035476,0.152235621373635,0.511235172998745,0.157374771559686,0.528703850054553,0.218321350744422,1,0.999999999999998,-0.0317625427432492,0.218109557890134,0.656132570268518,0.0791167850342878,0.716903764585439,0.102253057225954,0.710815472827806,0.117597901147523,0.312617432636415,0.150475790891291,0.627197147245056,0.140915007941429
0.962800109847865,0.103796726275904,0.997240234749942,0.119110706659678,0.894541472661111,0.168258637707839,0.44455139169583,0.199584343831555,0.521854743080231,0.145895728215033,0.77454452506975,0.0903921871006426,1,0.827538881322482,-0.17505993430299,0.254557714259457,0.749138918171637,0.0999474498837506,0.682072444619506,0.0803328619954449,0.489336737793492,0.125486304382179,0.661671765691995,0.142081074618191,0.885371723574658,0.148415794802956
1.10052752563173,0.113938960996009,1.13414035964498,0.131708729129805,1.23768830162456,0.226526948152291,0.766165241918084,0.282572588017729,0.948762872516984,0.221455560621844,0.637190204917749,0.184323776971659,1,0.974295766327787,0.0636458134030417,0.257974054575511,0.864843185305735,0.096728135964012,0.716062961476456,0.0979228422294996,0.636405304143227,0.1253050523711,0.905141175595426,0.132671672974782,0.856285985570133,0.139969653828929
0.874237597092523,0.0886017969183821,0.822579759067565,0.0992399654050173,0.789866212604674,0.142430466815188,0.545172188988071,0.212580449623022,0.656211164268042,0.160274489989573,0.738149985198681,0.0803939154866576,1,0.999999999972843,0.0385551581927526,0.22952739153637,0.665556149872561,0.0954967910416877,0.56301116464528,0.0846903792712421,0.49753556115693,0.100921697974133,0.557540586260818,0.115779417377079,0.400666573302828,0.156600948195605
1.07557057556563,0.111167448029616,1.11699703894506,0.120954799752884,1.22025611766813,0.236539979043285,0.467626646902013,0.249669765706858,0.616926222905157,0.189595080193245,0.389367617477163,0.316173156295337,1,0.816691637131738,0.167443629325734,0.232785595975437,0.686643200766721,0.0999373876317489,0.881991259909782,0.0863852682387421,0.672703859440825,0.1148687621691,0.708826445658264,0.147065437227656,0.916051627547369,0.17671217597756
1.15627722199816,0.117185966167443,1.10850003347475,0.101782327705219,1.14044559041963,0.180942106335802,0.556807966167613,0.207283273027322,0.796874638648913,0.180126268347268,0.678893140235879,0.166173077609651,1,0.999999999996426,-0.493829468569347,0.290884150599686,0.865269952494655,0.106626946249928,0.685555024713732,0.0895019990250923,0.767676749471745,0.0946717238887649,0.917988486604393,0.109894870107827,0.742489607093354,0.133595274923142
1.14282664360824,0.13057614227399,1.08922089925218,0.139976618957154,1.47551214885361,0.301708302656928,0.770968268648618,0.273597189542502,0.739418153188918,0.224590796233514,0.224442622946886,0.429243143734294,1,0.693266894421639,0.171274558245426,0.259732513041062,0.796861407565781,0.109148694963389,0.809183911057782,0.114218712864128,0.827244331554976,0.127970336295398,0.836649004659581,0.124222610813242,0.760222665023555,0.169649309913776
1.24910349457652,0.15443856307889,1.14627301072848,0.152602328303859,1.85029057303313,0.419095959344355,0.782727782639922,0.307222992010868,1.11372653552428,0.311256329880919,-0.0350048510611742,0.280277244068302,1,0.92545056423732,0.0720623712892256,0.24075983487923,0.81242973574418,0.121159990930068,0.938968691567165,0.109483337058877,0.862815847252344,0.153467685155812,1.12017063430849,0.154502971645066,1.02387772348529,0.194627823294194
1.02876183297797,0.116685052692351,1.23714130922356,0.140164933569408,1.0953344346348,0.231684837536002,0.618574461545307,0.243857238230586,0.702059939110027,0.196750480892022,0.174080881731235,0.327032585415245,1,0.8529131860526,-0.103122624996822,0.234687239798373,0.748303244471984,0.10541268322734,0.863987300166379,0.113876624922341,0.772332370886601,0.132377938010166,1.00657949958805,0.132052497378663,0.800646737740432,0.177719299331709
0.991943624699524,0.106389739437762,0.995478654902472,0.109334935695271,0.914657101979143,0.168319706478823,0.476521432768408,0.198753625418779,0.575791388181386,0.140871842299439,0.228893117831583,0.291567177356246,1,0.872157239691137,-0.113329370413258,0.247868035870756,0.683893849567339,0.0974769313359895,0.767033001111147,0.0928140935619021,0.650753935621491,0.106805228686679,0.772158619048803,0.126435030170183,0.70863876852543,0.172064333656055
0.972805417910711,0.0949820095323744,0.942697890104986,0.106045703705559,0.864414332087945,0.152162758493806,0.528324336028777,0.211973682071707,0.675789263044666,0.171534509842188,0.774461650316874,0.0772788180802834,1,0.999999999991603,-0.0460326588794187,0.252613384215601,0.686293190824708,0.103985318716825,0.662155647130037,0.0837151188153227,0.511397048024285,0.106964234687575,0.345730474168071,0.142200303200061,0.728204612232928,0.139917429999813
1.18794391097789,0.12648916312452,0.909094836173004,0.120606619002444,1.15012034487756,0.21344942763979,0.881486920851449,0.303784073870391,0.94981174168434,0.213334211396148,0.836375231203994,0.0517097565102446,1,0.943317637666978,0.615102071259303,0.32159924200568,0.727435386134162,0.118611502350976,0.664339126480853,0.0970523045383986,0.817221313575965,0.102305823434939,0.612084500172006,0.141754907682371,0.786881223846802,0.13938456549079
1.07123534696247,0.120211555948612,1.0392634044979,0.118545422581817,1.22903187785189,0.239992900912162,1.01440994872195,0.300604241522944,1.07589687369354,0.232411765167127,0.564501497472794,0.201842652660565,1,0.963567896156203,-0.0664249194981959,0.240130042870877,0.687613819592828,0.100348055799369,0.702687921310769,0.105489495079091,0.814516148950272,0.106939498761884,0.822971336348316,0.127415279988255,0.811870915465925,0.167208274257911
1.08610102289807,0.106371635153869,1.17343658971812,0.108488598350647,1.00210056319749,0.191802077674014,0.243687396095228,0.141665010642603,0.389507924546471,0.132998149856651,0.610910508678172,0.192241603960645,1,0.788213939471389,0.102336592714389,0.243971278732291,0.645955334481511,0.101962886859337,0.774433256652564,0.0886217582013032,0.622243200989632,0.126873594134178,0.925509408791613,0.115666042643144,0.660059845540406,0.163411291634691
1.1594343948997,0.127712725175374,0.976491461142087,0.107177794552504,0.99020087338922,0.211735675992022,0.345733269433021,0.172184821635917,0.577006770369449,0.160743506257562,0.200410220791896,0.315139471767281,1,0.986162922346657,0.147123421368232,0.241751475640079,0.542161322255369,0.114801501639508,0.836508162373738,0.103247778588778,0.785925524074125,0.13028966831867,0.804688655942906,0.131114177293562,0.731487114351961,0.152443402532956
1.07772569221039,0.118461219337618,1.09748598501947,0.137366682688159,1.05346011816498,0.220732009298662,1.19847212892095,0.388066245247552,0.901652692999804,0.225085941476973,0.530643255451663,0.234998664865519,1,0.802446829353004,0.144515070114606,0.25832927414856,0.719403383201977,0.0967261992323124,0.799385618901639,0.103015070477824,0.723591020822856,0.124101607743046,0.933459014865972,0.13929165395298,0.923179727318338,0.125518716808346
1.07254858849249,0.113867449280483,1.17147668843904,0.117946741244137,1.13918355946227,0.214103883692525,0.281382349520696,0.148802441293842,0.420671383894192,0.140536987256174,0.494489128732445,0.229449304703817,1,0.743015185905149,-0.226813900117502,0.260829580423942,0.821213209377331,0.100482050999408,0.891844926177391,0.111770465065268,0.468096656113645,0.12210127492496,0.704971245208886,0.116164976449672,0.687843270279081,0.165010574023135
0.924998157866733,0.106463458188534,0.920292262148479,0.110692872634047,1.10259938122528,0.21732200065811,0.61851730810658,0.27152872544121,0.665247455586922,0.187505513617904,0.611521620756385,0.18393951087806,1,0.805560979677931,-0.373503328368223,0.267668057849118,0.826767323266326,0.1131386644467,0.765958765258121,0.0913183432846286,0.603661493311546,0.121434697656034,0.690872737289768,0.145099438578251,0.479459156288672,0.163646278999188
1.29784574166023,0.116256029221917,1.27971341305166,0.116512148046427,1.29532303518833,0.217389349796928,0.820479243284139,0.269322490945732,0.988421450872219,0.210249899462559,0.342854459666725,0.272306076705471,1,0.958780777322267,0.208221508998301,0.216906268197383,0.667486779414811,0.0891141486022244,0.8911343025292,0.0781542270804686,0.874733301863036,0.104589491493207,0.877269855132148,0.128278565169167,1.1231500265209,0.118397003426255
1.12187513365688,0.12375754757977,1.17692200425195,0.126267548505285,1.14440685513054,0.242723225956932,0.49647638283665,0.170189880965183,0.595900121581312,0.175098231417027,0.612759338547854,0.250515278722376,1,0.790558389223013,-0.0106068976164255,0.272096007735739,0.779489899555847,0.105328384054254,0.843298609548458,0.0946108488290256,0.520852756189821,0.129234254149131,0.671980962922399,0.134853937781368,0.800304430196421,0.145239922650334
1.14069284168921,0.122764462754614,1.14305692963864,0.128264266042753,1.22682142591004,0.221380073182598,0.473756742374684,0.196446373780631,0.558096019008293,0.174561047974346,0.731514360687027,0.0925439105153705,1,0.732049665748915,0.25285091523721,0.27537687610087,0.771311086631971,0.0976449964048896,0.833691739113163,0.114002462726002,0.721509628760786,0.12558262144651,0.616827670852315,0.117621603546643,0.831496369931664,0.130543823343999
1.17805287854418,0.116904531086105,1.29437498407291,0.135412055304868,1.15115927088092,0.208754464000781,0.914901484206932,0.284106394393251,0.955284646565995,0.219429800966637,0.788191968382152,0.0873446319548439,1,0.930846186755459,0.338941477459894,0.254358875569005,0.788579722512377,0.0953270306326862,0.656467595683321,0.104473716508175,0.807744813510905,0.117477391300067,0.68787123218966,0.123004453766775,0.805917826982815,0.143367281515806
0.898778178926726,0.110745094842865,1.03887798807943,0.118364439292074,1.17348608698548,0.202047280354566,0.735827718314078,0.2848663675131,0.865509821872387,0.217956695115998,0.77708470809465,0.081187879315558,1,0.931418707455123,-0.657729582081247,0.273483794520333,0.718507016518409,0.0877301592144996,0.765535062351359,0.109139432483794,0.737462027926621,0.106196260047555,0.683753888315045,0.137554374172136,0.604587355846444,0.146113695882001
1.14531032558798,0.112212228779083,1.09437060183141,0.112428723387904,1.06571870185959,0.209416577440432,0.574522143691449,0.155310795514787,0.782482583297221,0.164244106245511,0.261515143571634,0.285640941435802,1,0.999999999999228,-0.0389120457141627,0.223188329691251,0.682078990163156,0.0928156466918333,0.754966208410539,0.103727245953777,0.817280500876234,0.104318305215566,0.73474507700255,0.121218955906345,0.988061526765398,0.163709956005439
0.989849896068699,0.0976983712888236,0.842545272230916,0.108878764320319,0.876900088719046,0.158409140025107,0.577080885934392,0.206383536857804,0.552446171046525,0.156348366225814,0.709426245333158,0.122001717159553,1,0.776598533191421,-0.0366346031786084,0.25736300892851,0.636900878482981,0.108146621297412,0.805458874900173,0.0955498489289405,0.508895064550864,0.126155965263013,0.680841002126586,0.130348186454301,0.629239472215535,0.132376031497675
0.973222269919176,0.0987711133347349,1.05264151922845,0.121041427878299,0.948265882876916,0.169673645995897,0.44033706328467,0.195171077573865,0.646186206963621,0.174530681985581,0.731693516722193,0.106882102965987,1,0.999999999989181,0.13883243944309,0.261559490515313,0.849058709513125,0.0974122516775247,0.597410098840061,0.0920080954615243,0.649335730262887,0.124545826253202,0.687537803026722,0.12472388257019,0.49051129360993,0.172680039832321
1.19005112233725,0.113164359185133,1.19342939226321,0.116257679105747,1.00889112379463,0.180924155984887,0.759985864577681,0.229798915296338,0.702821151843528,0.155404381492958,0.714877030491258,0.123154643939352,1,0.802638366700266,-0.0554850260797057,0.259968427995956,0.795460697943799,0.102134247692531,0.809588871848119,0.0931107089978676,0.819335432182294,0.0934908749455174,0.735011518743094,0.143021312021593,0.751091698072848,0.176317820326296
0.895822220790642,0.0998669433507865,1.0182284311707,0.120022182267859,0.875005958778927,0.16499642353623,0.482603520682411,0.203222429995147,0.541048786638198,0.140917277997691,0.645030318014919,0.166839849953392,1,0.832598605600364,0.0983245715783568,0.229794288514377,0.688803106140676,0.0959193823211159,0.657051524458634,0.118212625687222,0.757947426665398,0.110012306997283,0.734544459143765,0.122769270881684,0.48872088493174,0.205263789439743
1.24937053575013,0.135733442734459,1.18963752668497,0.138812576845554,1.18944123985955,0.237595338908589,0.397351993634563,0.256614844636651,0.439949369170251,0.176633032572459,0.718365946148728,0.143474457103721,1,0.639946259698515,0.261183788974056,0.255728977642955,0.8367049977367,0.102242367112784,0.740028153618682,0.117611530405867,0.946923648359934,0.113980478944976,0.679256463971773,0.14960367699446,0.830575398116046,0.172767083403542
0.821930459432073,0.107076904897339,0.901033334193407,0.103310660184589,1.05050862195945,0.210199489815328,0.547712193473566,0.202708421974151,0.657408706432358,0.164984814339824,0.620569881818264,0.154423985246313,1,0.866681319832536,-0.285447930764877,0.223807329764014,0.807526578878651,0.0824542626745223,0.689946798606927,0.103289229847472,0.646252712902552,0.131008114303439,0.809163429437645,0.131476917228044,0.542282514576499,0.157751681325123
0.967836243146383,0.0991020754070984,0.855997031663404,0.0978227995123766,0.988680277015875,0.169814818694087,0.428367412810416,0.205847519122751,0.647992731865905,0.164940655417593,0.681604419001056,0.120204719701665,1,0.995712563055904,-0.0300161900021463,0.248383057694366,0.740115080590823,0.0922083820586659,0.758745498220753,0.112099289866258,0.65093968179053,0.0960542101596714,0.451208057856454,0.134163128340435,0.728873727179107,0.160869690171645
0.992643244334343,0.0914683684707628,1.03197811249965,0.103296158174039,0.84335735351394,0.138664779374473,0.602638666719905,0.177092551705365,0.704619392130395,0.141516332780478,0.539515167978667,0.162826636959914,1,0.988371642700488,0.146506701583993,0.204099594355306,0.508115382723078,0.0977663958694774,0.583703455712455,0.0928570539718808,0.719468070440206,0.101386016319547,0.71700384845483,0.117936240473567,0.331478648713176,0.159107673909095
1.00649816675704,0.114891473468995,1.10440195400601,0.118937701677791,1.35462371536514,0.2322936447922,0.758505255826466,0.281219391828504,0.971782816154394,0.242820212922972,0.775975514846785,0.0840912902960285,1,0.958695261413322,-0.349524771403983,0.236267667526255,0.855454251425713,0.0925162710922014,0.781438699490384,0.0977631211041847,0.653831212334431,0.0991736521973334,0.571778018684778,0.113799297729538,0.789928742012837,0.167412056680904
0.91888447925405,0.100555890147644,0.938058548049001,0.100159356572683,1.02031084183798,0.174455845749379,0.397480086335693,0.172928934168493,0.636830622302861,0.167615594631839,0.644749083328033,0.143821212464959,1,0.999999999999565,0.0908364159107033,0.257890982377586,0.703470577350553,0.109593730051079,0.540545196437906,0.105484218185802,0.668931207682428,0.110577417967409,0.70759113404118,0.122817592182031,0.633326315790482,0.14073768369129
1.00871670234743,0.110707792702256,1.11815780653154,0.117535442177161,0.980114761752981,0.194788121846569,0.185186632676694,0.135754174286574,0.413607588965537,0.138111276171473,0.436758013538368,0.274996136064775,1,0.970834533408439,0.174566692356082,0.246407525037334,0.572744222938531,0.102906788173616,0.564948615472525,0.108660045506007,0.727244902183885,0.113084450696254,0.757832193850165,0.1260184357128,0.626436584878878,0.151950127429274
0.974373709667864,0.111021976889905,1.00129360063677,0.125956650136479,0.849636491315464,0.186762338355177,0.700638207233498,0.250875063379051,0.634466844819875,0.18669950280457,0.723287960368435,0.114696131349664,1,0.822328695688568,0.0458021898222259,0.244720953523752,0.568852737580459,0.113495327922917,0.720430870566917,0.106562840839343,0.766583000777214,0.112781950058308,0.649339334474522,0.168196487983524,0.523144671713702,0.171146336595018
0.9635812278504,0.101347074796862,0.919263004405982,0.0991267377586537,0.997778208494327,0.187493400199349,0.412058281564887,0.170999622278092,0.641204158869869,0.167720405777894,0.357528590926985,0.221329544489822,1,0.999999999242297,-0.00435856848305142,0.213978410021006,0.641438494633105,0.0919956631726803,0.601830283000009,0.116326861805812,0.689923451793016,0.119951459892311,0.7438486388385,0.113322429022603,0.672638123220253,0.167261888531609
0.944998323194324,0.0915547805160167,1.00242974969831,0.095014738883022,0.933623371041435,0.166898392598543,0.236287504447249,0.132137561249019,0.469684507316695,0.158154943154932,0.693869395101786,0.0964363933665572,1,0.999999999946323,-0.291509386106349,0.229310015452726,0.666611094393648,0.0793267355451067,0.664336988197072,0.0960817823235685,0.738444065339829,0.11365191557077,0.582819219755411,0.130946567852746,0.734975859158394,0.133637565530102
1.22884525757577,0.12122339764079,1.09495463728611,0.112431806054165,1.11005594124093,0.202615517416351,0.570909783459043,0.213888668064191,0.721463115696382,0.167423344706558,0.655791987946034,0.161931738930265,1,0.906270737851714,0.136311670153003,0.262647653788603,0.878806905045386,0.0955029077117692,0.685517532371153,0.101152631855525,0.790258240625441,0.103720772762332,0.693204153658161,0.124910696770923,0.756116363677429,0.15128123770399
1.09552952286702,0.109595549744999,0.972103081373665,0.117291114543234,1.03577891881992,0.202526675882998,0.539307727962988,0.196851515644387,0.74739786952955,0.183980390560192,0.260610633765307,0.303913377762891,1,0.999999999996939,0.201342005687779,0.215151939104598,0.7030746817631,0.0887201749395931,0.656665268197221,0.115003316170815,0.66155643707204,0.128143132497797,0.678078231159102,0.121521439171816,0.735588980481508,0.172659173459655
1.00837360480317,0.11800397440334,1.1208975057887,0.126959827830511,1.11819535628921,0.214145091757034,0.82371948570116,0.266209882902264,0.787098316253634,0.198902524946897,0.68071929368588,0.179781281219887,1,0.820125794232798,-0.214977010148013,0.275667282956978,0.768524726158831,0.103767697784102,0.854801066459235,0.107375202436375,0.732800222575477,0.113820808671533,0.933145079876254,0.12574719951762,0.834695129134223,0.163497992533373
0.994540008024861,0.107049320719351,0.983473714132794,0.107041448364178,0.976283751267332,0.167206809299501,0.642829910057641,0.218873697749147,0.792202244387214,0.177541180997459,0.753182977235893,0.0985214002167977,1,0.999999999995398,-0.217725244893717,0.262939967226157,0.85339252362922,0.0806967846089328,0.640070172114424,0.102507006755585,0.680828511392427,0.0933821194897904,0.6520956505252,0.122980521037961,0.770100908141694,0.134961265222338
0.868316438438853,0.123356448637472,1.04662084837376,0.133521158572297,1.51512767119641,0.304693426028485,0.74790841519924,0.288387545459676,0.874580843244954,0.242340743639975,0.205341366371059,0.330949420487405,1,0.821582415731591,-0.00541496854568291,0.28424653655459,0.82252069547412,0.0986644052933875,0.883042943630557,0.128035140160674,0.8869533712193,0.125300598085865,0.689776056017833,0.118107584237883,0.795838184650435,0.173181783603542
0.848059146498482,0.0956023285947587,0.922577149051656,0.108187038520562,1.23895104327446,0.216255101531759,0.787102411361053,0.317448502513411,0.950667004024663,0.223029071181599,0.516937007812087,0.234814396037304,1,0.962688372271246,-0.312229649703405,0.233077229086576,0.652905517916243,0.0879969660815576,0.662412067740944,0.10177858913914,0.646017640355711,0.118182940809637,0.598641632857787,0.137309240227121,0.643328921259439,0.14476944590858
0.991443118471145,0.101517165590929,0.920108525658858,0.105260417907232,0.868877089089399,0.162458314223603,0.499055793925912,0.187340519485037,0.658496883454555,0.157260040919313,0.609584250379053,0.205116657300743,1,0.999999999999789,0.153612347285886,0.24532870915854,0.713869980121731,0.0880808365432106,0.745464671345195,0.0898325106389702,0.72273302841942,0.115146935847026,0.289658126390813,0.137671970455848,0.830842903421602,0.136637796292618
0.90619657834633,0.0941345893591137,0.986828237558296,0.11282170911407,0.847963283972783,0.159164051339802,0.389677392115748,0.158405511037019,0.574832254698394,0.146079876708052,0.173042618036542,0.21305695228723,1,0.999999999898949,-0.167181548696617,0.203034280198575,0.585729496007819,0.0972532327613511,0.712440617147254,0.103845119913274,0.617465656645775,0.124224328042924,0.721232468134413,0.144309407992416,0.982427155894526,0.150240747052522
1.49558453218217,0.156016096017893,1.33706419741026,0.137949347022113,1.53585206473777,0.318077390111485,1.10894636712238,0.358893099305876,1.04303515491455,0.250490247506704,0.573445011829478,0.300881503763355,1,0.799224856128642,0.58643646626197,0.287707760817056,0.965876634250396,0.0934171021331762,0.999375145384106,0.112374908796362,0.847724227141171,0.134860390485152,0.753356364770131,0.128320958127398,0.966332445590127,0.147805947507359
1.09850237747363,0.118826432150043,1.1122866777818,0.114412784870514,1.30063092206213,0.216747371823901,0.944995934367775,0.298143848374755,1.03446196126078,0.218122992577751,0.485512766290752,0.265666949380869,1,0.933087814986792,-0.185242556548884,0.235523998989165,0.790996354137206,0.0864052600950017,0.640826501906446,0.0987676580441104,0.797054832566946,0.112258305102735,0.945110524545482,0.115972139061182,0.680459913585206,0.172459353416954
1.06875591849733,0.109689371341421,1.06887002879853,0.108858486715665,1.02913784569653,0.19643416241042,0.606364815279961,0.257492449560037,0.789957578874864,0.197183173140358,0.514995224108604,0.197371503250587,1,0.999999997370687,-0.109493581154782,0.224617499635378,0.646365659675642,0.100632884086212,0.826762837953028,0.076235987493597,0.702420913056497,0.138737291973752,0.721130974105367,0.135471786739764,0.640295970283144,0.151196086658581
1.05051967552824,0.106967974760218,1.12385073978565,0.135313164329559,1.00714364099723,0.186873580145342,0.814157285605047,0.294255566948541,0.870536622785587,0.191133350501021,0.421638102938647,0.278728006372965,1,0.961362509834128,-0.0831701906991305,0.215527047411195,0.657435764719737,0.101154833927499,0.677773856004977,0.103144431286684,0.715336244054136,0.118347582369567,0.822019491941717,0.121497244209464,0.722242336417202,0.144887382456599
1.15650273864433,0.130934614675585,1.07088531594281,0.130491710905285,1.10127371086336,0.244506177102301,0.956671993099855,0.389389435509087,0.904290319613734,0.254231913415246,0.838366038496017,0.0700546347769875,1,0.881005694863682,0.730215765553861,0.303522468111363,0.743237283610471,0.130561994434255,0.793585555304205,0.107097811169102,0.769702412736491,0.142035900178193,0.827362895592453,0.133297335166318,0.767095789302334,0.135396562899242
0.849396249564619,0.0961351026658425,0.874729927877825,0.106229653571226,0.9850067046258,0.179521353743981,0.652231431467334,0.226975483814187,0.717881289264476,0.161469532361004,0.561289340197272,0.194243633426434,1,0.895637313999699,0.0470584567398684,0.22994288594211,0.707262690007639,0.083346868065317,0.62466409837277,0.0979601501611563,0.64203228931371,0.110555223702173,0.80791867670719,0.125688010638785,0.609333776266278,0.180225018006776
0.990193105301052,0.106663589216185,1.12966326825314,0.11971010245072,1.08070433075137,0.207548003437293,0.744003420693757,0.262698756806977,0.784837317697814,0.198451336648548,0.599529617304212,0.203418624313028,1,0.875263328196169,-0.36367056502303,0.249379378009709,0.836301220360613,0.0851510264037923,0.765095563510961,0.103369171134771,0.65962087327132,0.141641856412231,0.946467395676897,0.110555902091042,0.428225900705549,0.186722270083329
0.954643007228578,0.118405150586867,1.0433055392866,0.128108781263207,1.07518840584138,0.243095669333398,0.489482863313933,0.184666299120326,0.580824785862829,0.153177243584861,0.372368735667008,0.29623036944101,1,0.80063414694088,-0.0195247461283229,0.277974882764231,0.672131498813784,0.116410753194551,0.680558837724946,0.119354950086576,0.779283423894023,0.110043607897989,0.71828023779861,0.146033523844346,0.673727582718069,0.162923376223903
1.17551204658939,0.132119384757483,1.15821083169881,0.153320531647348,1.28780736732226,0.278281090026067,0.963220557778524,0.389575170816491,1.03982314696141,0.289977259149549,0.704622839461207,0.165217113460968,1,0.933622171344886,0.142823855462001,0.269217432846389,0.695790764773928,0.10980232889491,0.811897493281004,0.107913695202965,0.724977208516929,0.132222379345825,0.8898936857,0.160804407047507,0.632339197378024,0.159002732420449
0.990411300451123,0.0983361089154093,0.998436354603074,0.109506998021889,0.996285542441922,0.159199672075742,0.918656499089372,0.25110687115576,0.907977124245731,0.162924896473324,0.506875795005493,0.173731083718741,1,0.949087857192607,-0.343861788973856,0.233563702020477,0.825464343949136,0.0794919757202105,0.73616540070696,0.104850548117377,0.807785960150409,0.102721680355189,0.523002434811444,0.156404306992635,0.782975624322774,0.167153263212812
1.0524072316176,0.121598231710103,0.974134100105941,0.104816361577316,0.987317486828872,0.204632563522834,0.439842959058245,0.159650287632034,0.603859734452819,0.146079200470937,0.589174234693409,0.204728139030081,1,0.916344621367445,-0.102141069006505,0.245075242011429,0.632543162896594,0.098654754297498,0.700083911642803,0.109189744853019,0.75490947893174,0.102911151617721,0.663331517421252,0.121139137195837,0.822175559346704,0.135726765015155
0.995672195138964,0.105164142193173,1.08349800909513,0.121463280740668,0.947789451887721,0.184784509649226,0.887110279187717,0.261429157804968,0.90992835578919,0.190591237088508,0.742938696460779,0.0844704299964225,1,0.992344478787679,0.0275816394540492,0.2470803449044,0.684125533513014,0.0899807201219946,0.582165600182155,0.104551694264305,0.465522862312463,0.135315034765784,0.94991926827577,0.130627830320328,0.877881315447959,0.137580825863468
1.10829831991353,0.130289347822556,1.00947431151599,0.135637506935251,1.34252973248568,0.280266983359421,0.716383231573901,0.212508544907182,0.863690527049557,0.225796460701326,-0.0296410532604037,0.237361241045007,1,0.880690870011391,-0.112255027611057,0.237730366259157,0.730239414336066,0.107042657095005,0.877474551468632,0.104309786112099,0.830244157298041,0.128541508390713,0.880526507930787,0.143925978776512,0.858427921231858,0.192126859140989
1.00700446160452,0.0913163139284602,1.0213945813311,0.110747688367944,0.804276829990209,0.138485219137223,0.615370062695475,0.218891589911256,0.703511110996291,0.159522649829906,0.600883686512486,0.140807252927596,1,0.999999999999639,-0.0438260539699652,0.218359468710405,0.650918761651849,0.0895207005567722,0.594348000581366,0.0980500960540511,0.708512111468639,0.0957858397658756,0.499933945384724,0.127830241360282,0.899657644902019,0.126442735663323
1.09538927022723,0.129809214956472,1.19265392609524,0.14917160379955,1.35181053796952,0.283115200178877,1.0120432673926,0.350896148117262,1.05238361321932,0.2722931328843,0.424280119587793,0.351500647454332,1,0.899739160319137,-0.408753667498369,0.267117622355931,0.881896786446353,0.093427027987415,0.798151021781728,0.0994933295065377,0.767885827612571,0.128897849037077,0.929385580367228,0.156338489335663,0.774211330282074,0.18170677052032
0.886970605716849,0.0954779883806491,0.986413248330571,0.100263843539357,0.91443510909947,0.161952489272878,0.518551816176073,0.217080394380158,0.642908569629271,0.162884316156331,0.663310128828501,0.116862962664499,1,0.933634064168058,-0.185337459449637,0.26206047929468,0.634505326055909,0.0924338228727223,0.580790198027226,0.0980727508096565,0.679692678223796,0.102500237591507,0.813468335421459,0.126649601295736,0.56759408571112,0.14156835492391
0.92335480786466,0.093632735337227,0.854749447113711,0.108193188128547,0.8257582449518,0.154844956747846,0.37154522869886,0.150158405296385,0.489342167443463,0.128849631877921,0.607290384218527,0.139446469653756,1,0.883446669094761,0.122945793387994,0.219642211590579,0.694104178902439,0.0986960436812223,0.670411587471966,0.100214919215681,0.804938760077339,0.118621258520032,0.610783782651737,0.143102827608417,0.94315750180976,0.116544974256185
1.00512758332294,0.108507523334621,0.875562990848616,0.109892786750878,1.11436890155947,0.207870555621401,0.679677339245879,0.276133413423092,0.715103188298076,0.178721180387195,0.636975415090934,0.164544892838394,1,0.821680209888236,0.189943395884798,0.258390312849334,0.677560123686533,0.102943332744826,0.816103671014276,0.0957720826053537,0.429422708446269,0.116561607550324,0.559311931006658,0.141955329422847,0.894400371114985,0.148420805688803
0.921634162915611,0.0971448887436678,1.12771819029835,0.107105368439551,1.04662515981198,0.185500088781354,0.434314408007488,0.190059395741977,0.662756657009622,0.15149478035743,0.253861841489623,0.221863202190375,1,0.98300651215567,-0.202704772737574,0.20512316044442,0.669520434352264,0.0987107187855195,0.811899387221934,0.0889147789950946,0.572308847395977,0.130211982318586,0.788218086027448,0.126047879784276,0.771908546189034,0.137682844627607
0.93922739470564,0.110354987420953,0.959064137524961,0.120818365232034,0.876416310465198,0.180427405654061,0.570472472948234,0.232342927620473,0.618526196662467,0.169925569721329,0.663333370413407,0.154555155361995,1,0.874753171829303,-0.263302021241559,0.278922255292765,0.804926137530742,0.095462934018186,0.635245871891247,0.103174431002476,0.515966279349493,0.12326770068592,0.618018982338227,0.124817996730017,0.677719368246871,0.167618721529009
1.10681551875642,0.101424834751406,1.05058725647055,0.113839374880459,1.01214298308547,0.169444591505142,0.346545484811602,0.172363037459146,0.569135421605862,0.14232348475566,0.644840017726882,0.144023624040288,1,0.960980464722793,-0.112727300111421,0.240094250223674,0.680650292014568,0.1133514898148,0.665471170669257,0.0999959452416187,0.701518764578213,0.0944347009805156,0.703345897260611,0.118079405406236,0.772835957396313,0.130072899978887
1.02065987037831,0.0945853289038665,1.00199555848574,0.102031860517287,1.10676107657449,0.175899067763657,0.475280877931265,0.158015669996147,0.725274000401739,0.15420648002015,0.606644594230284,0.15079200732273,1,0.999999999547803,-0.102568552421361,0.232718552537315,0.744424239073987,0.090253176440636,0.643890287219505,0.0888526271885803,0.54490688406215,0.128292372399251,0.891895642772083,0.0943270393806137,0.907912307344695,0.106954723499598
1.07983930473225,0.106537810971585,1.14968764362135,0.122380384750628,1.13709693837389,0.203854943020367,0.538855460815274,0.223454491112658,0.709448376559161,0.174658164201006,0.620517624898942,0.217865594757504,1,0.906329069943943,-0.126602807516419,0.247969435329917,0.709907662246631,0.0976342544772906,0.875190651223014,0.103701376912213,0.741720404519286,0.128511307334993,0.788080416958972,0.121653131996189,0.886918966421923,0.176143472295444
1.11197175614038,0.112726485013444,1.03881397329615,0.116918751224264,0.884821642744658,0.173353464281671,0.332473477102286,0.175679137430534,0.526330381536521,0.13029919123305,0.414660399351783,0.240136541108817,1,0.970402861479912,0.0654174251268203,0.227610587558685,0.820746147844704,0.0924356577713895,0.499986391706794,0.11929648289707,0.705674919011825,0.117084126154209,0.69545607048133,0.128276672444235,0.758629852178855,0.144631935780669
0.994410492837394,0.0965976558419053,1.04018822825853,0.102992083074534,0.959209703156586,0.167628080598739,0.62587055050976,0.181436485916787,0.774816820151205,0.15889885999101,0.574969241248161,0.183192474495423,1,0.999999999850342,-0.0103470382486511,0.239278389387701,0.731189689599143,0.102935777532496,0.450526715222608,0.105713649402602,0.583436458400475,0.107820828238667,0.620273418962732,0.108449630342347,0.67651802370236,0.143805696496995
1.05467549120537,0.115106743241971,1.14425104700032,0.145280833117253,0.947794102661281,0.209535240214322,0.511112878807558,0.258599213799169,0.466944565813948,0.177526172819994,0.385324712731135,0.299143912571395,1,0.670887827808588,-0.243778469185557,0.237401412261147,0.700564368901915,0.100094529803396,0.684607009461626,0.10887831567387,0.816466706606214,0.126480550582397,0.47856519435994,0.16059192184686,0.722594366566216,0.192066216159969
0.992730571016165,0.0951435071683732,1.03988008726901,0.0979202804878061,0.894742775596088,0.169393932872064,0.368734287242158,0.197158166357449,0.371760520633411,0.129101280941759,0.570559845264979,0.226513693979298,1,0.64722816211714,0.177535633158718,0.242862080189653,0.6416349191923,0.097705834318093,0.645950840678918,0.097460336608351,0.685474317546443,0.111925117599376,0.691975985360203,0.12816522026905,0.657394660409353,0.148006502081113
1.06210299449244,0.109243376511827,0.94186780982291,0.127928489522554,1.08464997013939,0.215745898185678,0.583021340642734,0.229522846060533,0.720777884202932,0.191807582210194,0.706253355822937,0.119224912421203,1,0.906388574574284,0.261030706878455,0.258956539017864,0.780913368109218,0.101492529406474,0.74613537241758,0.102622587895713,0.77111277260715,0.125149802048064,0.884442393786996,0.153833139757911,0.548484619231204,0.160370266060179
0.870269719046458,0.0871334483180022,0.762386745924128,0.0974255016576269,0.65287659820802,0.129272792372303,0.386866452525985,0.181700729158668,0.502569451016404,0.144558787508466,0.784922748145753,0.0722763493906347,1,0.999999999225896,0.0743406570667891,0.245584893710812,0.570195110539126,0.0984071152915989,0.567305253541075,0.101015551341309,0.744694561834797,0.119425426559752,0.346081889170621,0.149961931774017,0.516221662979576,0.152006376233623
1.04776279047515,0.10396889089123,1.08255669041221,0.111978804773559,0.987620744429243,0.170551731497901,0.356116088757472,0.196023833552695,0.593049438648902,0.190241212107684,0.653948145723929,0.152787669695623,1,0.999999999999847,-0.127887161895162,0.239698212240564,0.716967838921436,0.0897200151849943,0.562350945203064,0.106316346203787,0.596692157403583,0.111711886933076,0.700798650707903,0.131030136398919,0.663371399839031,0.128498577293058
0.864689035004625,0.0921431154818938,0.778870316856696,0.0921278290104795,0.787667069170021,0.136865030613021,0.488014298618448,0.171265160010474,0.61999418731588,0.143304438362629,0.769059840405734,0.0751462081817878,1,0.999999999999509,0.169017566207832,0.236514083167688,0.537621211957527,0.0914399708625286,0.751993541302277,0.0836767391504552,0.530449892503069,0.104234642557185,0.705775601116681,0.149554343746263,0.570102756686389,0.170585593385213
0.99195728103404,0.119501399256751,1.08118144365821,0.128761065142024,1.05079688512952,0.219043286069603,0.818798601757104,0.27619576088185,0.750377105592438,0.180324451348071,0.744237778430426,0.0951005476903138,1,0.808968554561097,-0.0627384124217194,0.247683446652634,0.786009802329318,0.0975261769581156,0.697163620930797,0.108809469242031,0.689737395557229,0.125186705632091,0.451417750061916,0.135397855482941,0.952737038796265,0.138399853638311
0.909520665205688,0.106158945379831,0.97541989800398,0.122766393404609,0.868652741757069,0.162862337900093,0.791800966610633,0.285360505275428,0.575103844637195,0.169972474878251,0.769284371803789,0.0787110431639239,1,0.693450011565017,-0.182137783524956,0.267429557638071,0.820271148875513,0.112446214173823,0.673404602436071,0.104564022877498,0.801710914857403,0.110311122382499,0.718579347079952,0.147039515961891,0.917859443154129,0.162494376986422
1.00110915588847,0.104547955180457,1.06298720493742,0.125789219389007,1.02303324729593,0.197824873362107,0.884084748758172,0.244230025932723,0.74053172237572,0.191309846600195,0.541350402980219,0.245895635334816,1,0.778667133221401,0.0194850802742787,0.254313096764297,0.652769829873963,0.0901722247942308,0.766201174408711,0.0995542220915791,0.794299679029713,0.113313511975666,0.766264734664554,0.118529526600907,0.563285975957349,0.162105358502829
0.813842406751996,0.101100768051313,0.93597720968814,0.11591609962767,1.05453725435715,0.194918096699443,0.677689243867274,0.246742529998581,0.76661171347065,0.202374738386842,0.655104917502632,0.18833937679131,1,0.906836915300016,0.0758904892085819,0.280906953880413,0.620776871868915,0.10334431014112,0.760261659318554,0.0934718450615254,0.488856717974369,0.118663535643993,0.764630451108516,0.13093734016207,0.805262405797958,0.180127994153408
1.089913237997,0.111845425065829,0.957388400724389,0.129627700310273,1.08671405983988,0.217659122000488,0.737749829361949,0.25582026947237,0.770759407565585,0.201488633498088,0.754195008266012,0.102271615828704,1,0.860808669750829,0.358773137280008,0.251713838592528,0.795321887114073,0.105222548149164,0.559589660629849,0.105358408446946,0.880911653654865,0.102966459953535,0.658213572595698,0.145853878073841,0.772245283805626,0.153469509197916
1.06935513485706,0.112610334459184,1.09793769284362,0.121726179339449,1.04926105626208,0.20390643089292,0.553585414495768,0.212680458135335,0.731829015796382,0.181593397713658,0.717995876290717,0.128954021349684,1,0.960230569606204,0.247212301406176,0.258712866671083,0.535308505156364,0.096185935248975,0.690295719133514,0.102960819868013,0.821628208398792,0.114436612040314,0.855803813215902,0.130455720159935,0.798091223259471,0.159072541837412
1.05511740537087,0.116418555369194,0.981191596246451,0.115107443213361,1.27312135298357,0.247464346280891,0.524053270031479,0.238929113384036,0.631443451231096,0.191938215747282,0.56357270262759,0.269795349512949,1,0.773057583295212,0.277096533931032,0.25954407174513,0.687901899148327,0.105918847695355,0.79034003301913,0.103429429909354,0.921316251503564,0.111410016262133,0.751558358189575,0.125684069023603,0.704660316912887,0.171996895647795
1.06634944728952,0.119357974265848,1.02956569424983,0.108543401418786,1.18968568960929,0.230451165607478,0.547285028607317,0.224956483871536,0.710890058010263,0.188032989708217,0.481077775943819,0.259882873781197,1,0.881007362549776,0.256966750339209,0.230960923448662,0.575768872901023,0.102594725451921,0.864890851906508,0.103757206042714,0.747090049401062,0.129882601185481,0.737687375946539,0.125795686804161,0.848929815528688,0.136942104658258
1.0480029157565,0.116591061598968,1.14329362183792,0.127293879571892,1.16045020110148,0.228446110785474,0.607890047403494,0.253591109046441,0.659627163732572,0.191628900296647,0.680932041345006,0.185289931067895,1,0.785367203118808,0.0528201577077462,0.270115789857328,0.68752913675986,0.105976779336623,0.894115867991971,0.0932539853739009,0.875180119778384,0.120780223936879,0.593565082190062,0.136682741579097,0.907096477714269,0.154679047727768
0.981937971229811,0.101897706195731,1.14785009361924,0.125958572343615,0.985458353095551,0.188104909118662,0.39109779720244,0.231436923595474,0.409719872541376,0.176452079869329,0.508638043746295,0.245796549623266,1,0.659971537923221,-0.148699518485916,0.254372205042487,0.660833841143247,0.0945855215899274,0.829466183767846,0.106526380378066,0.493164431458906,0.138997289871335,0.506207903771369,0.128784810681164,0.808242473059444,0.134495676946759
1.08161819811983,0.122898959415453,0.922437545561917,0.111261405134339,0.953115442776274,0.19201014574251,0.460676889228484,0.207268402443384,0.601411719858482,0.164776891937098,0.786520319658691,0.0978595095306065,1,0.907613445933622,0.136790047789811,0.295802930225661,0.747789425784628,0.133044981815633,0.628388294996686,0.109401057582799,0.847293836699528,0.0964676386635528,0.455773476854567,0.153610244699591,0.781190004040936,0.135558866145809
0.847086530879897,0.0961558118522219,0.754087606188675,0.100026731747879,0.897872969698101,0.180975294058356,0.589522638683969,0.229214632180291,0.726828375267445,0.175370038686117,0.690910163921973,0.107158124167349,1,0.999019996847446,-0.209767046134495,0.237128241477032,0.673577877283333,0.0954262408390872,0.701765304567159,0.100159568498201,0.689565221423749,0.108473455823017,0.584667401966252,0.131701175644921,0.739130662863336,0.173779159505295
0.812071153292027,0.0858320882463426,0.984684267222745,0.111113217984655,0.80822407198861,0.136095114096357,0.375788945217496,0.152159437042082,0.537721716503159,0.126178344718192,0.653281819871513,0.119918252559492,1,0.975707595121326,-0.238130253367745,0.223605235815087,0.563528011946164,0.109836381708111,0.582510077188374,0.102524468055573,0.703559227751909,0.11113290133428,0.64554837097544,0.139575671322544,0.605492496331735,0.153425659199391
1.07070630204591,0.113901980623773,1.07135583710185,0.121439947046345,1.25950270175952,0.257610705945639,1.0872474698444,0.367544588413579,1.13899013076682,0.269753767810479,0.538978715092026,0.207536858820702,1,0.973321252732774,-0.000125944321896959,0.241409390760656,0.754410781504096,0.0924152931028383,0.761211040974283,0.108626514818165,0.695733638504434,0.119072403339645,0.992513896027673,0.114701560565629,1.06064639429949,0.145536652127166
1.05228472776926,0.106410076426699,1.14132915561937,0.1109037105479,1.07840581759541,0.210301954831547,0.640877761766986,0.225119862876694,0.730920732105351,0.173730004854951,0.54886680915299,0.172092915560261,1,0.879207873288358,-0.213190956813812,0.234735008333749,0.724662012010208,0.0853723709285672,0.858197947503043,0.095148095383062,0.851319434421973,0.131897777967096,0.735079381891041,0.128630712226245,0.986010119352764,0.147926232792558
0.979412243597652,0.0950733819362787,0.826946693337937,0.0971072073503512,0.940958097025585,0.163452744886392,0.364184963160023,0.192735564046004,0.5853911425504,0.18049474950586,0.702453832597527,0.107450327577067,1,0.999999999819184,0.454904021197362,0.229485651079022,0.618159921683411,0.0956305717481809,0.582540063414124,0.0993594796394312,0.620539809686325,0.11790812405142,0.662368302193518,0.142811883658032,0.744771889530954,0.107175551377219
1.10298915721626,0.109696451142951,1.03215475699476,0.117065466863629,1.21864006842416,0.225127387394543,0.698078114604742,0.228118575403691,0.82813366401288,0.193426044496601,0.616440632666418,0.20661040223878,1,0.897864294387851,0.44761074930072,0.259430726784926,0.560097912964776,0.108251139319348,0.873925692584275,0.0873995036832997,0.63495501997615,0.124382075228122,0.666458265599161,0.119563289307537,0.744472883763697,0.142377172117701
0.912680301766295,0.102477088399597,0.999356771481319,0.100447169887215,1.01527698948918,0.175138545344277,0.683679624390793,0.216254342811522,0.833141159003915,0.181765930808825,0.605630055729394,0.212333724435844,1,0.999999999999864,-0.052244995146415,0.24333608982274,0.776369952126224,0.0886527901229091,0.651284475729969,0.10799699111785,0.719459153529114,0.117487695244944,0.792765976610255,0.109344796790886,0.435214686096482,0.159298081541646
0.926577915514565,0.107105927688176,1.02749344233777,0.106736751443631,1.15309299100087,0.195330672474019,0.247687506778535,0.111637669830374,0.534421863347058,0.139190786403959,0.684512167518991,0.124976331762841,1,0.99999999999743,-0.100750891390723,0.243671184763454,0.859528143111594,0.0901767343685135,0.803063696598201,0.101658567190303,0.791189771874109,0.112920681320206,0.628319752022272,0.136102020248682,0.486355233921185,0.131366365264091
1.13050840590597,0.130013170773203,1.09032619640161,0.131667796526701,0.946574735928342,0.202042485426555,0.615936902069603,0.233193978270825,0.678394952491756,0.171596598134747,0.754171256068839,0.108395095314326,1,0.88845828440742,0.372697723030846,0.284095235284073,0.655922760230979,0.120825066720366,0.849368918625585,0.110913393007986,0.662081381962325,0.14139334698718,0.623232674099186,0.146918385657859,0.490908949468161,0.171833082310672
0.91530546693697,0.0964048569670713,0.894027155090834,0.106842782224051,0.85622785862501,0.160099976071571,0.797396207971226,0.254207632186477,0.711577753854794,0.159688087491388,0.648636816027665,0.173342263688278,1,0.861173390685479,-0.0128478073116824,0.24078676867163,0.618173002273889,0.0887864822126807,0.559212871997473,0.102890452096467,0.723360266219306,0.120773784832678,0.614388958572104,0.131076053455821,0.367201869734994,0.171441218083494
1.05560571726482,0.0987591354937159,0.961778868114372,0.0998729011773192,1.00926281782518,0.167915295521532,0.430792814881354,0.1515086596896,0.659380899210739,0.150043504893217,0.671009251334024,0.120731117963956,1,0.999999999997664,-0.256411770782538,0.256231983007214,0.690404984740104,0.0962404870443256,0.851025101766013,0.0887679025202252,0.755026166010922,0.0873435097772453,0.691452816702044,0.109052907623855,0.43719408111286,0.163281639452556
1.08608687471607,0.123116135334036,1.04974555933187,0.10332595355541,1.12857588815963,0.217908710453393,0.341192122100488,0.193899504776362,0.416071338512306,0.169105950606267,0.594659657903698,0.226692366115532,1,0.670506386469763,0.158380562371461,0.238315082928099,0.574138000254417,0.0977421653731148,0.846706764569234,0.0937223520100065,0.574439895335623,0.113112267863942,0.712289367934113,0.132803499710127,0.546699956757948,0.166700285474013
1.00358138391453,0.0915954418024723,0.997864428772631,0.0978483344036942,0.78389878436307,0.140187776678962,0.373198167429303,0.166315830358023,0.468644286214291,0.136347994982891,0.497602586100858,0.180973747777247,1,0.866450146877539,0.174955548030235,0.228734462324443,0.59785762228772,0.0966365517569776,0.48895012427232,0.0954716063542242,0.765502320194163,0.111976270485521,0.710912805169117,0.12247092513563,0.823665627996367,0.119336213418832
1.03247388276714,0.115409090518199,1.12730164896144,0.114136666441842,1.03678166853234,0.19622208505408,0.550132741398735,0.238834267042752,0.64327888123529,0.195611953312848,0.740860381124283,0.111475589007972,1,0.851769122561357,-0.132120230093671,0.275541357925592,0.822380140364908,0.102133446003911,0.680924035148651,0.106062329531736,0.831262452459884,0.114184099509257,0.659303504672342,0.130667564083649,0.663642711661959,0.140423135864922
1.22950958585866,0.119192448816867,1.20204325562871,0.113968216837809,1.05452078966643,0.200838088059997,0.812304049791125,0.253353392865893,0.707988321852066,0.174966164294649,0.646321154168856,0.172687714010173,1,0.764960855096652,0.128109201126898,0.24667397990281,0.806068519635917,0.0807506220525931,0.708287921100025,0.100616454794558,0.869029054609933,0.112475361582173,0.751424386556256,0.133298548478196,0.842401831527453,0.141260997648622
0.970947075921113,0.110732189070837,1.13883878879144,0.125452684072226,0.89887955479031,0.181045422353759,0.616538198038972,0.219427854038956,0.60197592113632,0.166437954192077,0.569089733956219,0.194568965486243,1,0.808627253321695,-0.333914122425834,0.267939115138698,0.77975479166763,0.114732356950829,0.64259672500982,0.102269951205591,0.673241883291798,0.108750956667411,0.573583707805169,0.150958848892711,0.486877204147995,0.169240465522115
0.935612944284199,0.1086416878917,1.11960580253314,0.117916579473507,1.02135718027759,0.197032738532303,0.472345914431885,0.202482019058405,0.500726782215395,0.159811018815685,0.418933092479131,0.290920993952233,1,0.720911438092857,-0.219844597492333,0.212868411759624,0.711805697331369,0.0922935094247063,0.820906592760339,0.103666648455028,0.663186903535345,0.104633981950674,0.85303501680203,0.11294342145945,0.590171650438645,0.16320975939681
1.08574027124964,0.12409546706873,1.14685629869355,0.111815858975523,1.03975819559379,0.206791959327751,0.432805202196891,0.206323037134774,0.614011697524318,0.162742916733729,0.692933233649636,0.165801760347589,1,0.915301623565331,0.208886273239222,0.277875899374689,0.77135044838493,0.093105027486359,0.636332868527864,0.121063379545552,0.591438910009879,0.119379702235843,0.78881325748246,0.140253135075361,0.481769944158498,0.171921927529082
1.28815896940349,0.127064087041165,1.15185942401506,0.126794843890071,1.25907972837055,0.248191452390003,0.538442175227865,0.219575137701116,0.823372107694219,0.220563607405841,0.67142580557542,0.112423866077894,1,0.999999999999758,0.13584627199919,0.217507667043729,0.847927202834898,0.0935917530133613,0.700806287866594,0.105517927277715,0.788419854387138,0.123682532483717,0.62474738476242,0.134584483393335,0.678869273215288,0.155261233734318
0.856175857376629,0.0926452918780785,1.05097739196321,0.09962574689349,0.950503490506112,0.175750670332374,0.377443945034755,0.164155740030416,0.598967267235117,0.16117164093953,0.738651175455685,0.101889901627621,1,0.999999999990484,-0.634191756844334,0.241064467785226,0.741695506578606,0.0854425668690814,0.588921802358176,0.097615282874344,0.711698933152209,0.0990890728832775,0.727009113596124,0.141700975755757,0.541357711627524,0.141032447478889
0.94306841369158,0.0986835750711838,0.894153995742377,0.107553715213841,1.08513451900101,0.180013137663912,0.772856624070395,0.228565217264566,0.915780214356959,0.186936256035314,0.633201151617415,0.13741408187444,1,0.999999999994219,-0.195160144049122,0.218341324589958,0.679435607687653,0.08150289696166,0.734697250832785,0.09858629476896,0.752146827550829,0.101353465313463,0.601556047160682,0.123770523826833,0.650867629066945,0.147590949600419
1.29159492832086,0.135375802677194,1.13919592920984,0.123344589871284,1.31229603973844,0.24820284591427,0.524776318972627,0.251445004041384,0.74974622500259,0.204492126912667,0.15216180558523,0.255605413332289,1,0.903464857387437,0.224774882532958,0.221734014646669,0.684571372600294,0.0979109772738382,0.968389250537539,0.107890680374818,0.841990428454094,0.113144608574987,0.806865025106927,0.137467955572193,0.585623863919752,0.165607823313079
1.12222767561456,0.115074508036143,1.18440238184471,0.127536772858915,1.14689147254747,0.219492236761612,0.695701387089142,0.217349017190646,0.828059757739923,0.202599953726191,0.590863476087307,0.206588809144553,1,0.927019954773426,0.0972256445989545,0.229644327498255,0.810615890098042,0.105171016298611,0.743257737246553,0.100731077670826,0.605074960220419,0.114597458932603,0.754790259900256,0.152785807627603,0.742439234610963,0.149603705511775
0.808113979871838,0.106544099088248,0.96666664540517,0.127256816050747,1.11004455430869,0.219868057426926,0.685741577529202,0.258715076940011,0.823973081350932,0.202019318892482,0.767105352945443,0.108380572642688,1,0.944414350095456,-0.27038328852068,0.311934608413835,0.715662708720174,0.123004671738434,0.50630578257245,0.119955975774706,0.737516589853132,0.111252445432112,0.811654133654738,0.11461276299989,0.616929785940109,0.172075174498282
0.982107959643803,0.102949711353888,1.04123822884065,0.132242789817089,0.789333021063393,0.154594073621085,0.762985613315408,0.274717878419653,0.697286362540705,0.170286819083654,0.788806606888497,0.0678012865530279,1,0.898509888557027,0.234438291623387,0.262527390831474,0.686073499387717,0.110770802665974,0.652850681411525,0.102074327780118,0.673016516428495,0.111783602775922,0.743078190752128,0.111702460853916,0.765015562365852,0.142476061477875
0.951006002887589,0.0981930797240435,0.987340068928392,0.121837585794251,1.07787752531309,0.190091101755915,0.783930396295477,0.289723433709273,0.805693947583731,0.192245070482806,0.516422514265141,0.223966612262166,1,0.876489344651745,0.0819642992283798,0.251017298708137,0.632921429099729,0.109268010725099,0.597301043058978,0.1030902337975,0.820089954279235,0.11973279516421,0.787754164369512,0.143170042473852,0.766647524299714,0.145202289241585
1.0007797091896,0.104953277418287,1.06486054899937,0.104600957748466,1.01729081741116,0.186095905709194,0.501585525825448,0.161414310315136,0.714323700570195,0.159167933467832,0.525414359159809,0.223926192683391,1,0.999999999635203,-0.25168044166608,0.216160849069606,0.681377148244304,0.0779637148073522,0.569135367598339,0.095388120872055,0.790491340215587,0.102626215413255,0.566215310125435,0.149812231439121,0.694011779912678,0.134331653748478
1.08839026333213,0.106398635292596,1.05953702198771,0.107027014213197,1.23215511763567,0.205902069858331,0.490518425687407,0.227514652627468,0.66928341120684,0.176684515074222,0.446825071436826,0.221964902035659,1,0.8608940481489,0.135030559365854,0.247224626866863,0.670365138032124,0.0951901192605681,0.739327613638139,0.106877700456782,0.878916564546688,0.102660892574288,0.870321094735789,0.113293279187222,0.606659018240548,0.136746510835152
1.22624811281929,0.141326647057199,1.18308048443791,0.15794234314773,1.73453301179985,0.40670765409479,1.13478741262294,0.446796996927719,1.20590488865317,0.359507310894789,0.371651978390637,0.308217079253826,1,0.859536880649792,0.14137553058404,0.229732339571038,0.72113820171872,0.109152466304655,0.870671282714138,0.130163314546752,0.964398227759297,0.140758349896131,0.975427681709085,0.139341492394527,1.16027936172664,0.159209905902101
0.957862956773834,0.097538995332729,1.00820304815861,0.110028323653943,0.774014921035573,0.143357117985444,0.432753707801282,0.227586253404596,0.429657289684385,0.145498412720865,0.785871777842433,0.0762443186707701,1,0.74238146329558,-0.305331649532928,0.250851313937038,0.83636256347663,0.087024179120024,0.620709978690088,0.0940574692471598,0.765837208540724,0.109432211821855,0.733064371094119,0.113303677098411,0.600332563066199,0.154652774518382
0.920406287621276,0.111260141855334,1.04731848752589,0.123272834652943,1.01898282341074,0.220781087308784,0.562103906276935,0.225821825797913,0.710287966557463,0.185024772867318,0.299217013418032,0.276920057817383,1,0.93851825341481,0.0112275297569423,0.226425788714051,0.600243388760741,0.101834349272306,0.641161419417115,0.113432096155333,0.706354929516636,0.117264673919975,0.808137101249621,0.163959415640117,0.414995095471116,0.179926665802987
1.29576613674211,0.124315060867247,1.10270576582349,0.119475973254339,1.24044606684588,0.248212464736218,0.432461269165833,0.217005147258335,0.679024256314357,0.205611822635585,0.773731647673761,0.106814118773678,1,0.927091792054349,0.143545767695106,0.314740683216011,0.904824716481322,0.110737182962863,0.706060301594635,0.0993667694173757,0.930650857847481,0.118737782317367,0.793949778810919,0.120741003584609,0.927167477454878,0.144485416462329
1.23425205459852,0.110104129240799,1.12293882320475,0.103332662550828,0.848749813793105,0.150195274999201,0.361616101470655,0.171565602824347,0.495375873863785,0.143799130762128,0.700138899859526,0.1217857548494,1,0.894172121987662,0.546019490937334,0.258440953516235,0.63714040475716,0.104399907640717,0.683464395038364,0.0990934753871281,0.649202646805065,0.0955346318138721,0.700681821567469,0.13110713431374,0.631214677688484,0.139820433024216
0.953404044205081,0.106598322630073,0.843163609211203,0.115307156936161,0.936205896069528,0.173164927807544,0.95173013816502,0.282809926887271,0.852222556683279,0.162911620828654,0.667905229450246,0.129685498766622,1,0.902839242874046,0.256917684033397,0.239758042294056,0.520808604461535,0.110014854884542,0.807695876768476,0.0883355822662111,0.719033972480348,0.0987702512263022,0.758963138598984,0.133682265693532,0.619960366829476,0.180403227895955
1.02663110429155,0.10658902623833,1.08923653682767,0.109907703918331,1.00455189323956,0.191100490791654,0.43678007198818,0.195188254357375,0.59502344793954,0.152973818135819,0.367669243976057,0.243306458659405,1,0.898289832782271,0.0222433736819006,0.229961096571476,0.668513684118418,0.106615023867569,0.725747057913279,0.0927630144713182,0.711181870771074,0.119330902543321,0.582094285433054,0.143826868001525,0.883068203234556,0.130195739945764
0.927841511189775,0.111098465212155,0.954065648615704,0.113363286843869,0.840135689255271,0.167771807457343,0.665268055510812,0.2632475527165,0.678764744085931,0.178923180548996,0.658243210196851,0.125827859717891,1,0.907917159473874,-0.00928343338937114,0.238579101246743,0.864108565860721,0.108846248460531,0.660505533983129,0.112190306940585,0.635767717505568,0.126241349670361,0.807668351447454,0.118308146777582,0.738754246707227,0.144658752651918
1.10235070054377,0.114779403784409,1.21179844958648,0.133807569014138,0.933749712939537,0.19698480918814,0.67302733387681,0.294772716946334,0.702770289668591,0.209548404002075,0.796652759858481,0.076717806700426,1,0.886506248293338,-0.156561708783546,0.304487475847201,0.687991702154795,0.106004131582773,0.727121678650815,0.127062940832084,0.642693126534224,0.12569908299081,0.730866100742561,0.13031872608747,0.725383886732441,0.151774402359286
0.867463457768848,0.0965708697008214,0.960588213913366,0.089199109801565,0.912106628703543,0.17218712416564,0.295005966911201,0.138657853317647,0.443105496002726,0.124916400313241,0.638214342473735,0.127923331904014,1,0.854218417104682,-0.303347968377548,0.213715958491732,0.779540196727381,0.0916475096812684,0.642390125989491,0.0942187291339829,0.805568368428203,0.11021995911254,0.56981543761149,0.141309441504087,0.623428928395638,0.1511423614617
0.912809712565979,0.0956024555084826,0.966934275118151,0.108709478562511,0.817361915625573,0.143853630472051,0.516316678023882,0.210175840895818,0.587893677423497,0.168238996621263,0.610686002605818,0.145847106471386,1,0.904968606074389,-0.105207152027197,0.248261711555638,0.668228842814754,0.0884875893593951,0.760287730231231,0.0857035277059503,0.716257628359297,0.0988631434448104,0.575535751136414,0.130626346290337,0.806976746624767,0.135964797635995
1.1824405231202,0.119699816587242,1.20731730645036,0.136800879124322,1.10800536046681,0.223775990947322,0.66300192413478,0.247447985594712,0.535848994038382,0.173523373383219,0.401492071066222,0.336369289019562,1,0.625192982462468,0.0731733035164338,0.240382384986204,0.814899716689801,0.0938509500283117,0.744205507727526,0.115149071914343,0.84956771769634,0.116867277757036,0.919412964121747,0.138516203578593,0.792723543966718,0.169654993904296
1.11812438301548,0.101181634866988,1.06182827916882,0.104021306941575,0.97936015551977,0.177088170287953,0.235280247754064,0.135861503482211,0.437456921271844,0.128994304568549,0.509445814765954,0.269686323091885,1,0.911320924766926,-0.0435722224048114,0.229240580294589,0.672093070221648,0.0892680866816041,0.850589660367734,0.0951726605458082,0.618606371093918,0.0979739699677927,0.683553907706125,0.131579092849289,0.546686377987654,0.159295535178119
1.05080491253575,0.102585478416225,0.987524330608019,0.104982938834798,1.01355761211438,0.181884848908638,0.64277580792085,0.19962417575692,0.756002152401453,0.149089928233248,0.339794313464127,0.302705865516977,1,0.936632127956994,0.20887958639211,0.234086163830299,0.656043973666665,0.0891212064049991,0.738339952750433,0.0970571960054538,0.778041335936857,0.11271443636359,0.683401731239182,0.12985580546497,0.901519666945031,0.153267909635919
1.03233277603588,0.107223869950727,0.99186505152389,0.110014270911726,1.10009683988871,0.19671369824027,0.206243679003346,0.129495552617389,0.460743778164139,0.142069166348729,0.548251382185798,0.232721902010785,1,0.967283316354558,-0.127685452615877,0.241300022851043,0.813781260779657,0.0911473393083165,0.658462114125865,0.0936519927915332,0.647626155625461,0.10436279202048,0.819812304874258,0.114296632762147,0.573326203686111,0.159461448596094
1.20879377961231,0.122882573584231,1.07448063112023,0.12725743943911,1.17733620809043,0.232245239596448,0.593767567898455,0.239732381759541,0.78250861857399,0.187566860658385,0.225343251849525,0.22788196682753,1,0.935902576954115,0.142393618642333,0.213756876940239,0.82418014768428,0.105317269723118,0.609344161783546,0.109094569961026,0.806395451163649,0.129010814740115,0.722410026538527,0.127983051720104,0.745266335721748,0.164340928843203
1.20557385822511,0.111969989980952,0.989650292558767,0.106869270251598,0.872355839239456,0.186497858176845,0.490710695064164,0.18690139460407,0.592108318667708,0.161466172353224,0.569210398844007,0.18548692547981,1,0.9049853828872,0.512884551394601,0.213934198686434,0.647283633881836,0.0986222180388646,0.653214553144169,0.108550496253847,0.749434127862248,0.119424359740686,0.767728255746998,0.148147827958567,0.672293894269204,0.150664978939358
1.04348609050833,0.107598318164637,1.08227268434201,0.104687595270141,0.83609574060144,0.172636091475741,0.300547150362283,0.153815469059845,0.460648458356281,0.134313639493495,0.740026650149139,0.0977475599190307,1,0.918936092298152,0.287311816382219,0.245867012983968,0.639225640561078,0.0988678056214367,0.616441161162691,0.112337870443355,0.608190264370616,0.120985565555418,0.657851421940795,0.120428687008318,0.807319042003775,0.122043703567791
1.02874808373683,0.128426222504193,1.21293845432995,0.154286640360624,1.33311273139818,0.280633970547364,0.663759412578024,0.278640342045867,0.803028530416984,0.217885321493042,0.415048076562986,0.338577898405268,1,0.853674268364706,-0.469231268344888,0.292229683315526,0.789196795286757,0.107803715716005,0.582925242774544,0.104870854925476,0.796214193430513,0.144824663922539,0.823968945412348,0.12849898635481,0.701432464494601,0.146939309692109
0.895158346200924,0.0931867349528917,0.975910025955187,0.098999753315434,0.894136379675427,0.162028789112457,0.451731789567664,0.213444328834131,0.600106377382108,0.145744001233393,0.557996584092855,0.197662695599718,1,0.944247910257496,-0.0577627991899877,0.223219384837258,0.58360523516043,0.0875511736754884,0.756573382175849,0.103042321717418,0.60763955742768,0.121993650176584,0.616321445292029,0.124662175733963,0.600302411245898,0.159177895442258
0.93935943633646,0.101297749713028,0.958834465805146,0.0930423271655454,0.820587153086442,0.15887035296645,0.411443284048315,0.170609858175846,0.56100366966994,0.150696287893645,0.671246614763437,0.141843261207245,1,0.9654912816632,-0.173553050214932,0.235745230771132,0.67074893502523,0.091143874626067,0.684075500076103,0.103492353874433,0.628821345709899,0.113680533541192,0.526040398954173,0.128884492432232,0.69922650837317,0.141556502443169
1.09004682381109,0.118319071505918,1.10107562639415,0.11196368823244,1.23839507368272,0.231779543007945,0.780254339607987,0.249214652908022,0.944523981979041,0.194421892595141,0.441896108326949,0.28086453867472,1,0.960871440172918,-0.238975274814004,0.247543497099164,0.703309451971764,0.10856489544344,0.795702510077045,0.106839818102796,0.850300819446596,0.0947586412210319,0.859034279952892,0.12535561978656,0.93802962649526,0.153386080997173
1.04346332117078,0.123109900393726,0.984569915629799,0.114848204725722,1.2443883244673,0.226132519855646,0.513911065376717,0.252987681338853,0.632164574462492,0.189540184215778,0.35301300418202,0.201806441704997,1,0.79051152635527,-0.0105559646626652,0.263954929697635,0.805328723848602,0.100853968844254,0.700693554585665,0.104953627003367,0.533351859952089,0.131877159186293,0.934198385592813,0.129381079029009,0.72093411895497,0.186464624162869
0.919708192811198,0.100447012483662,1.03785189569539,0.110668807007892,0.829300263225235,0.157515677258703,0.426574520462155,0.17454425120667,0.571938924330168,0.151328385947119,0.728027871761572,0.112347817048005,1,0.961604079283664,0.113388819526184,0.268167989985421,0.664035668671601,0.120243291268223,0.6642089422703,0.0838716709710449,0.675049353106855,0.097290533329105,0.534001102293468,0.141274866404605,0.470372151111284,0.137889996030703
1.03213128797001,0.115972314004785,0.936621006666125,0.116809529722678,1.23360183319782,0.220083802958033,0.594246693231556,0.27179870258321,0.716396004221024,0.211372921086993,0.806802252811773,0.0554878786130147,1,0.836724074741167,0.00193981713665589,0.299451818946725,0.775169188634764,0.0964817841308788,0.680443977656572,0.104312560962995,0.816928915451866,0.123545046450024,0.581070486579424,0.119633329671142,0.931368928900115,0.136122265024056
1.04015664820525,0.107734682639998,1.0330738262644,0.116066045020119,0.897144273641732,0.170471278974654,0.741771524971779,0.247920253283789,0.650049340957897,0.161113233559485,0.696881903733068,0.134132956316394,1,0.796856461871533,0.0378102559084788,0.23755001403149,0.706669917420309,0.107503553630485,0.759124706751988,0.0980086092832868,0.671334857186213,0.109080682441035,0.750398643303111,0.11808095182816,0.342324079609801,0.183217291723813
1.06899958481512,0.109829795602707,1.13119515882438,0.112656544973092,1.02821559386424,0.187968269204233,0.394541812360523,0.188256642180919,0.605977151898307,0.150470405148499,0.804313614161418,0.0673396131834794,1,0.951409840293163,0.105241898606135,0.270728664895986,0.677629842815112,0.0974531129029326,0.83328475269721,0.0987191057149309,0.881296283148972,0.107650446947985,0.566197576130742,0.124559540944121,0.630705769884432,0.134788340516243
0.998543911150612,0.0992664285708908,0.851107604711189,0.0972442104859402,0.992257079925872,0.164335488249994,0.56703769590862,0.195200026738325,0.750098105816953,0.163689639163795,0.690580366483451,0.118264036570515,1,1,0.271111985051616,0.216253513248902,0.596571551060261,0.103673947045637,0.67783785185834,0.0924074916520475,0.520790059457216,0.122239631981422,0.781333888473171,0.119343265729731,0.746831222617479,0.124821734714402
0.942261709398925,0.103867789187061,0.91967472830693,0.102312578466109,0.893830445299387,0.184957072393238,0.489612919752548,0.197576036396632,0.597438284033624,0.161065012094067,0.418540438610396,0.293622849822547,1,0.903106654893554,0.229224216664946,0.238366409674377,0.688358267787428,0.0960713042516574,0.760652352972229,0.0938492641148239,0.396577181300219,0.134977200229091,0.573824970138453,0.140683652974844,0.738325928277924,0.139034283554321
0.884602182334369,0.110094356012321,0.913937636960082,0.111061596138641,1.37515862423247,0.266602972211782,0.910028736326508,0.289325163320858,0.970280200772155,0.232583858447909,0.482724727797533,0.355147574676856,1,0.867347673227925,-0.185463592300368,0.276801812025316,0.739467814617194,0.0906996903754534,0.787433384152595,0.113489348824017,0.704398507928611,0.121400952442278,0.869603196403729,0.140194372304358,0.740936963158916,0.153038574667247
0.931275050222625,0.110422483333124,1.18177658002456,0.131093308553041,1.1583333692985,0.243759093176613,0.672279775264573,0.274153299358524,0.684042864739487,0.205086131032389,-0.0109204112591827,0.309654063910544,1,0.775160278655361,-0.389489892975886,0.194111862681099,0.683961431496082,0.101758090135272,0.862645419056343,0.103849058146168,0.65867843987296,0.126521938548407,0.860471185476067,0.152971711337329,0.69364291371425,0.192438788370568
1.06763617063233,0.0963953403898597,0.981222227803942,0.0966719865453227,0.902698426889109,0.164212013479685,0.306097672160403,0.169009570196864,0.48402890865334,0.153351853644269,0.61563114359579,0.181902085356662,1,0.920809824777398,0.216871106679865,0.248069718092339,0.696544236553434,0.0846261158477713,0.754871291920766,0.0926028416022321,0.579235838723444,0.126561290390014,0.752831283092607,0.10761068852246,0.674662384509934,0.144676854512885
0.996317579159375,0.101067812283662,0.939758628929198,0.106234693877464,1.12254498739311,0.20634493111857,0.619274493123605,0.275415725405194,0.829270485204075,0.205833363088803,0.427633739679548,0.251661431290585,1,0.994609801775818,0.350533566922302,0.22033455382413,0.507619890613267,0.106788072126608,0.738380587229171,0.0950908515129828,0.658029108330747,0.103552477643576,0.767313092705764,0.111850458831703,0.344987208077092,0.227530759185715
0.966030213987969,0.107699102592699,0.882706866307151,0.104282682859444,0.823422635819395,0.16935802801927,0.495340856310011,0.189794663297833,0.496020640716022,0.136701661123034,0.747145526733239,0.0895277477486722,1,0.776669539858367,-0.119604558200245,0.268498043026061,0.674927004135138,0.097743018096673,0.706068700760472,0.0909789525273869,0.57492969756634,0.109254203717726,0.670895016256273,0.119674006572084,0.565766867049735,0.15157084520723
1.16766690394688,0.122885254712004,1.18556987534788,0.118219607437585,1.21266668619075,0.237027529740048,0.592418129840573,0.193455303960233,0.847588184380015,0.193845559445615,0.263185839820952,0.339589772283178,1,0.999999999963475,0.0259371509642896,0.239753427571132,0.745957382820944,0.102747580765689,0.73958252840683,0.112399473423455,0.858909424466043,0.118989663251581,0.56159847442774,0.152094261817532,0.943470219940481,0.135100761247681
1.15535794635976,0.116870727593691,1.05464650182379,0.104275284274158,1.24782527919419,0.236617997866497,0.342358836126451,0.188578514242896,0.64067141577567,0.175095554949702,0.514508205652863,0.224692674261501,1,0.980206746874745,0.45313380933472,0.275205617503214,0.6890726117362,0.111786635111826,0.845006952700198,0.105951881119391,0.77780988786282,0.10564311685794,0.734585582304524,0.157864285472063,0.819668539195024,0.156147367320298
0.999726433744406,0.110173322370709,1.00905609828405,0.104490226292344,1.02618341827175,0.194364623034002,0.451673883453151,0.192948087020498,0.68080852643375,0.189437339306372,0.749457261365019,0.0831681510979031,1,0.999999999998773,0.307363078930294,0.244224674133415,0.685813009665848,0.0955513857704167,0.6337638385261,0.0993317210922922,0.761991620520067,0.125422651391783,0.894674357031016,0.126519579031299,0.22420136802741,0.202969877998991
0.953310234547279,0.0949157439991802,0.984465805456529,0.109346313782072,0.888270655588752,0.141904077303784,0.488605566499712,0.210554939554597,0.629462300969714,0.148141645798356,0.530916560718719,0.179795778947658,1,0.955471774502764,0.130479485291183,0.214958009773836,0.644600717143222,0.0934800693001342,0.407326564146177,0.108934005492868,0.809308408788093,0.0994911234866616,0.485160055862799,0.122669899888534,0.698697242166084,0.139832121966334
1.22606965206908,0.11996836300678,1.28693186403706,0.13049911333484,1.01947562201499,0.209886345724889,0.835883931945573,0.266330983806862,0.800160042402536,0.19345561455996,0.730022489394589,0.109072856086541,1,0.866793107183567,0.0905886747258691,0.273414785237929,0.874034058418452,0.104468280003963,0.565866356121257,0.103609265794666,0.799050457261784,0.107317240067864,0.765270683566035,0.130218621252594,0.930927121191648,0.157151667988146
1.11589850472257,0.121013916950737,1.05804295423949,0.122963106324841,1.14459908640131,0.218626775630194,0.762551709492549,0.254411884416254,0.934032000623427,0.213923379189981,0.239905786434749,0.293441946451478,1,0.999770708990982,-0.132317311677584,0.219626853781095,0.578676119278308,0.102551981457461,0.839891913052235,0.106430933254666,0.797503811457363,0.103436581002995,0.686812437660374,0.148165871511629,0.840872764517252,0.161149975483399
1.03110729840787,0.102587521488715,1.07707408741328,0.109368130322208,0.830357838856904,0.155261639950682,0.566935310598739,0.203790027148426,0.65356735787855,0.151249841854629,0.545618170773843,0.14813185932206,1,0.952556960664904,-0.134684899812206,0.235541181818939,0.717685531404962,0.0874886719674008,0.679678588975472,0.0948676703299691,0.608483079276969,0.102341063328746,0.601427504353396,0.133323313272737,0.73193612642933,0.144472875462974
1.13137772159972,0.112042023694613,0.951494506788684,0.112365965407795,1.03761497707012,0.192090866894842,0.772747097501189,0.293619241571179,0.877173563632355,0.202409106524884,0.642370440169613,0.12755302993955,1,0.979599888998425,0.0351595529967653,0.244246481648438,0.762715987256709,0.0897364269470182,0.717464982985702,0.100973938593919,0.809900561872887,0.129716848398527,0.603207402685667,0.127991017623044,0.852159560188636,0.130361502876548
1.16520414372381,0.128036355375925,1.11238602810597,0.131251069514323,1.42612380764826,0.275608003146032,0.962312678396003,0.335541059103543,0.77367056503866,0.223697029542252,0.82208942105939,0.0869572977458448,1,0.660418689750022,-0.318294339665989,0.300433692704422,0.892988152750559,0.104917680391416,0.991292562293755,0.109336118264733,0.677222808179388,0.125949710068054,0.830444494414042,0.110945675675837,0.825290886462457,0.159890715708883
1.06666714090053,0.114889787439611,1.20780054439061,0.142001369923537,0.965304148980673,0.17516339941305,0.913768005577968,0.325327945082917,0.711135563374335,0.188710770720741,0.38938157624127,0.350717720926166,1,0.757185585372779,-0.000566066275264872,0.234667110326805,0.71436102288023,0.0914423311944953,0.784129915112214,0.0953376393958098,0.766969218061434,0.120105383715308,0.735830965243965,0.129727118048026,0.767950442933878,0.154343706337221
0.95200377260979,0.098040756914705,0.962817359643231,0.103588390382745,1.00285596850444,0.184040096935754,0.591701949757085,0.197351547838232,0.707040825788066,0.145953261889029,0.709442973022548,0.107640030981337,1,0.917854221047597,-0.0772783207475365,0.220953707298942,0.706967337833204,0.0809647346859238,0.810280477784948,0.0978587629805937,0.649085545413984,0.116124566671387,0.721743417300905,0.12484848476026,0.97693204085658,0.135238878977133
1.35302528913756,0.137195253800314,1.38201298622543,0.150710247078393,1.54410910845919,0.309748616483623,0.881799753815311,0.351068746028976,1.05476732428274,0.260509991155976,0.118277866947549,0.288083314522998,1,0.90392560432133,0.431681518293517,0.260185102848423,0.794890369680686,0.130590877310523,0.729883796430323,0.113895061570476,0.88600232441815,0.117378478025374,0.821649053826814,0.136288688527651,0.839548617339576,0.157698168069237
1.0444484058523,0.109794464797222,1.0645391171392,0.132453648582932,0.887227089714578,0.183521866034178,0.807819461953597,0.257048191458094,0.717551904052108,0.181800414714611,0.775881464253925,0.0926751691420705,1,0.847576229646907,0.189945808660942,0.272087979314827,0.661194042521663,0.113699131076932,0.832186391767932,0.0914151827129535,0.628178461654072,0.118347662627712,0.758209119567565,0.141177785337089,0.369035754257208,0.168734292959598
1.08926320673699,0.109670888605948,1.12336987206054,0.114684090998511,1.2325713238414,0.219720462951262,0.729501945439336,0.278380079726977,0.812405767965504,0.203393185083028,0.628231961506007,0.182201694751292,1,0.856749266355534,0.373263064297836,0.226012359344039,0.680705286804362,0.0926517384612616,0.780829832235317,0.116180458873544,0.690193527273325,0.117562588918233,0.903675238923821,0.114877985687672,0.627845027987386,0.154948239692375
1.08132203221496,0.0992376640881272,0.991138686863788,0.108486023197668,0.949913411433938,0.160799762708225,0.520863638603727,0.214923590199731,0.667648536754792,0.173562090216386,0.635461473223849,0.154799616502461,1,0.949169712401341,0.144348050958593,0.262100168381341,0.532195988698973,0.101807365093248,0.691985815520686,0.0893521766090148,0.644090516386957,0.108338987704758,0.893001066998136,0.108261512788303,0.610638185028683,0.143962195896844
0.965325001345121,0.097192009489325,0.996593991241913,0.110873987330965,0.739058881250199,0.141895524836368,0.643811392960125,0.207816717818239,0.636056177110125,0.140131036515515,0.668825619350372,0.108381345624217,1,0.922097035219662,-0.0307561736954845,0.223466600293228,0.668153992917179,0.0814973483447783,0.653368885712949,0.104307965114794,0.581138142336457,0.137113598965767,0.680393368919712,0.129607076551976,0.805876274300588,0.119922212567847
0.988622406247024,0.104058249533371,0.906426314761642,0.130434534451362,0.775682051203568,0.150883589679096,0.579317700628986,0.246113798324851,0.504208811252386,0.154664941056479,0.703464958386073,0.139512584025972,1,0.752159873186792,0.30565690831073,0.257042300160684,0.534719001276363,0.113801805803214,0.655729455455932,0.100884679384133,0.617130350081153,0.115126697204531,0.635211202134699,0.128578602173815,0.659097313577253,0.168465152373948
1.0013808697716,0.102114747726553,0.936408931309461,0.108750229239752,1.04784671759284,0.189649807942948,0.629382246777582,0.236945116657729,0.757785454895732,0.16946594803537,0.427422757002058,0.230693649300394,1,0.933125681400644,0.026246370504532,0.211828496271552,0.607531088357538,0.0868785776572393,0.717908095678836,0.101260252352451,0.743952712862599,0.10878848508835,0.811056349023686,0.135157109052913,0.692606320550985,0.160692571084748
1.1883951866917,0.129074471801543,1.14613616200481,0.144732038820746,1.25385186197365,0.258151074489632,1.25150356667179,0.422848485402763,1.04172938388562,0.259914554129243,0.764278270321472,0.109624166364422,1,0.831602438185847,0.236356458179216,0.295379304722987,0.725598824434402,0.106881779789864,0.766710141466188,0.100245294253467,0.955445325800098,0.123296020576543,0.830643516271516,0.108188168144259,0.852449295702404,0.208477581074895
1.1495433715909,0.111243125086311,1.08188898986356,0.109284801093825,0.943626437755022,0.171379795827793,0.575247407541446,0.196212522594089,0.736762283199273,0.15893430490425,0.238850353154302,0.245477510779655,1,0.999999999943682,0.225043099320886,0.254752555560655,0.657680261662969,0.0927185073703125,0.709850386271378,0.100942553584134,0.749066301929734,0.10134670939807,0.774447140128823,0.119031621244443,0.542050638649718,0.178940605569954
1.22494758727905,0.119731152476588,1.17390421765178,0.121686733709663,0.969998084847571,0.198368565675613,0.625813005412886,0.333702029639959,0.670532120128517,0.203458430635492,0.412550749063352,0.299879463925592,1,0.86062083520395,0.692063839067517,0.262294277770255,0.666755047833086,0.112519069015436,0.628860024129468,0.106082104990771,0.681557766581836,0.12336650018118,0.6035228535968,0.123647649247186,0.798348985159725,0.14500981258426
1.13586578230894,0.106264421239716,1.12849856930561,0.107034051541857,1.06799434564403,0.192370582728263,0.543550320873449,0.215722105569445,0.558444353853552,0.163439811167409,0.626158655099587,0.19580764976889,1,0.732952025672212,0.0623582271876206,0.231970141887351,0.691621929714983,0.0893168979218263,0.695516271334442,0.101603546608253,0.615047151872419,0.119182749162471,0.723311018014754,0.117026907748653,0.807781747634431,0.151652009922853
1.1458045536857,0.117690665040966,1.21975444138611,0.133239066903317,1.08428172619425,0.199553945940158,0.5843353467985,0.203319861730403,0.764817858979553,0.165177022763579,0.760559970186558,0.0913239291804381,1,0.960850614583045,-0.1685695601493,0.272803441743503,0.852488861628755,0.12187380912873,0.652732421931308,0.107758011249611,0.700328109435902,0.112177175230131,0.840505221708012,0.113282892505642,0.630310202350912,0.165267703849671
0.928649404552738,0.100801607016909,0.936017425560617,0.0992152755563725,0.98848735078956,0.170745127597401,0.581278423750399,0.206612209069968,0.607577938123072,0.15495025516136,0.745630938617482,0.106007553992765,1,0.801538405316826,-0.12332207433938,0.257342297869687,0.744823360065366,0.091226348552917,0.710343077385044,0.0867909666160576,0.659341502513155,0.102486535675701,0.722540340849494,0.118125160586751,0.610543414210452,0.15471967039613
0.955043725016876,0.0990361283737501,0.840881351269621,0.0989875505638587,0.745235434871742,0.13905278455861,0.541019558575731,0.223864713398212,0.593659616870698,0.127115409842496,0.715698741038589,0.0931367051384621,1,0.93494115259119,0.328953168643941,0.243997203608974,0.605555446365894,0.0964693103686928,0.601484895925359,0.0898315511429026,0.409087474029561,0.120839525662916,0.816594614108627,0.108217501119849,0.600548350966721,0.141934111868539
0.984119882215001,0.0918841036997253,0.894248801245475,0.0933851891821787,0.710262035322645,0.125700806709972,0.275517661767409,0.126634595251986,0.442368325283259,0.117775747845499,0.666575112396755,0.112388939106067,1,0.999999999999128,0.123864859128041,0.224174964172923,0.65463640039712,0.0946105849619178,0.634740303579556,0.0935813031841834,0.624840252280465,0.0866297261811214,0.641201569853815,0.117266622571039,0.465828317701457,0.144595321103705
1.02462664204918,0.105670555532282,1.12495410522591,0.126357049866386,1.08324716829652,0.190159680598374,0.746538224804906,0.296647335278184,0.815247659869924,0.205846551713998,0.706389675095565,0.124244766027422,1,0.906566683888683,-0.417344832782533,0.250714353691788,0.841291143380842,0.0899727365025603,0.738444819880343,0.0865422928798269,0.732302834304741,0.105241363128009,0.782119924078122,0.124481005158542,0.819242939316575,0.143501335717171
0.934349192639465,0.107151462596864,0.904466529649867,0.111199848236586,1.00771059066083,0.207257397743251,0.310031793374741,0.198046643305835,0.486536917277915,0.160219623312483,0.11251380315985,0.265309288794511,1,0.870451887661624,-0.267619786946344,0.205706278305133,0.69631673514407,0.100593972677533,0.761611936576173,0.107791370169913,0.833655005783891,0.112322054563768,0.507781531597106,0.167259175339365,0.787684984017099,0.154788366551381
1.00915247800914,0.118010226336603,0.958056272896431,0.104350977002756,1.18477711870582,0.245960110098735,0.363817939853487,0.153218422835707,0.656538780661577,0.166098171812664,0.214269040520626,0.279248325045866,1,0.999999999999404,0.36393376233719,0.253172128574752,0.627591134365668,0.10904557579487,0.735403905326455,0.114365435865972,0.655733985385965,0.118696947853697,0.870590214107515,0.12667749256607,0.732610068646293,0.144301970540819
1.04361891382218,0.115549884854267,1.21221498879264,0.134987813781974,1.31690574683262,0.258887189643567,0.713261207842979,0.238846003472479,0.969173763331327,0.229373330676466,0.102354611070476,0.288886705192822,1,0.999999999961999,-0.145622104777584,0.213184097845265,0.739572940327033,0.105841184921031,0.744935978529299,0.119342439694987,1.06941321754036,0.106019648106174,0.713556137160925,0.151934853965917,0.66142321731955,0.1626433854626
0.888015006899348,0.0916226862989424,0.914063228962073,0.10090872410042,0.658135522043241,0.136404791162492,0.447511980310832,0.189208964017132,0.52963726331922,0.126698877390085,0.712398865971813,0.110066123097361,1,0.975929697478191,-0.0647114669747532,0.238622737039306,0.707143423010011,0.101846694119616,0.407110002687973,0.103576643526448,0.571607734150282,0.102341045734552,0.667126727602647,0.127734272706327,0.464966174592365,0.160247339399076
0.817484261191021,0.0943037776884141,0.973834720336343,0.105052462614262,0.793687303672675,0.149140835357152,0.399185974084535,0.199770760565073,0.419982101822849,0.139254567691637,0.754165309967301,0.0888447738911467,1,0.746136747069884,-0.175698421040802,0.251345417444431,0.761864869735732,0.0903626514727386,0.516182942662588,0.108962335600102,0.641516118499217,0.112435788661602,0.664088396091939,0.123518146846181,0.481426432402394,0.163476645021246
0.928677451582524,0.103492531754444,1.05063207505272,0.115338107550653,0.91337212222896,0.183277792255939,0.242956355088213,0.172513995457972,0.352270912349561,0.13753600422693,0.5426417171705,0.244982658516734,1,0.747805709035647,0.0151087623010412,0.262755794662828,0.616281677054803,0.108277479710462,0.684676935949638,0.095120994269652,0.653399904261235,0.102045086401555,0.726113359023326,0.1208673466477,0.432457168075995,0.161885914614152
0.935495894545305,0.0870324946704842,1.00733366432053,0.089958804014748,0.832230489798336,0.13790566381253,0.450014820971381,0.149255287786373,0.611977168586497,0.131450869995244,0.623876428629081,0.167146979893866,1,0.999999999996826,-0.0174289289430214,0.21635862169918,0.563378141929935,0.106051678032522,0.632805758854774,0.0929687649523994,0.694008685582927,0.102397362189882,0.599634677823849,0.117369157109018,0.605460045704156,0.109599305889908
1.12335872206212,0.110783949101634,1.00917861332191,0.103126963350105,0.852393465704986,0.170885238462002,0.408641321804519,0.191205195744297,0.485849582786479,0.131985398458089,0.499147062844905,0.253540974664105,1,0.823210001167342,0.0156611219508829,0.23694726365356,0.622517552560221,0.102833510438086,0.804559420701094,0.0993129143553208,0.592034713268741,0.121519105215097,0.73723618312431,0.116922957263343,0.521520702680552,0.149999180436498
0.983864420812438,0.108844818347043,1.03470636780785,0.103755611331645,1.08850637971826,0.198505980252581,0.470002824314507,0.189225913013958,0.70246428213984,0.162445423685138,0.662238895669037,0.145756001636474,1,0.982106360133532,-0.0448515267524896,0.24573543191711,0.818821411412375,0.0996013441466601,0.585881498169956,0.0924097898568855,0.662783514517824,0.120585363573541,0.623077343994732,0.13777556134195,0.799837256080344,0.145635264398915
0.944020946169484,0.118326713980238,1.02481305372422,0.132750981758459,1.13188740654813,0.25039461444766,0.667822254973788,0.269592958072443,0.753329971724361,0.197687851558462,0.442987905271611,0.31268271264697,1,0.866469317694481,-0.310421763759836,0.25356384474328,0.635046858875091,0.101544687462111,0.654007867732448,0.105676611928876,0.730933720890193,0.118802925197998,0.812134148634271,0.15622052650727,0.845300340345194,0.168475670797229
0.956671031558745,0.105629151570858,1.02996730102269,0.111014018626662,1.02723074709936,0.194166745385884,0.53031007255426,0.206533734945122,0.605058124703027,0.165815592979838,0.705172892800235,0.124875097190713,1,0.819781576428541,0.0735483435969734,0.263865054172443,0.675798623963586,0.107354054173526,0.636900034153605,0.115356672395668,0.786949399139028,0.108571138514024,0.807082147280153,0.108780913940536,0.687339677446863,0.168673044085374
1.03924584078279,0.107505901554896,1.0422412880904,0.115692946560907,0.868885951726713,0.177287464725766,0.771179315308669,0.266227676248037,0.714161347958124,0.17706263615388,0.824439109247674,0.0725926822691688,1,0.872443411993109,-0.0398744634709944,0.283023358833723,0.712025413910075,0.109060212323696,0.678696227044539,0.115791077340707,0.724613421913612,0.0994098929856027,0.72424644185812,0.117726398671307,0.714897959796902,0.127368444196737
1.06626330311759,0.107136445042474,1.05758951294428,0.116794206203645,0.817499840195093,0.166068453394029,0.522032127086807,0.218814714988924,0.55705583165191,0.167053258389265,0.697184626787252,0.111602466752072,1,0.852719650514823,0.141547948290818,0.255700945627591,0.693577042607326,0.10846439495426,0.720053988680814,0.103549990430143,0.704456428180778,0.113843793264342,0.722650221884237,0.158786289625753,0.886684545981722,0.149976112750446
0.98231237696587,0.109596543472986,1.19431047635621,0.126841683254246,1.37479202096207,0.24998244734956,0.872838008467083,0.325206480248047,1.03778159403899,0.251716397819536,0.459088847270219,0.210984753529762,1,0.947372202240194,0.0637770977157255,0.233785192185451,0.741118562860626,0.0837884905706396,0.612499149533261,0.117631579699977,0.778094272856864,0.11868919612274,0.90445949000186,0.122055938431293,0.594752414457154,0.160658012754826
0.968854045063112,0.103705419124429,0.886497517883504,0.115561470444779,1.21096422329117,0.212487309240388,0.588111350467767,0.302345086439158,0.781990512024971,0.217277948887677,0.576501016067241,0.193677363460818,1,0.926629339170182,0.260625537692797,0.256530515260474,0.694744504752284,0.10146877718643,0.722159070369482,0.0899129287276348,0.645403552189618,0.111289319903896,0.839180206690785,0.139012273195769,0.851269908174234,0.150372093333661
0.917696358311246,0.0932180675188634,0.876909810367188,0.0914631459285303,0.674117100933094,0.124191438713686,0.214261389342671,0.0976247507486139,0.380049031531606,0.105378010794454,0.645396658057189,0.142351683690637,1,0.999999999108725,0.0745337259967189,0.234139193429507,0.510882217476804,0.0895078733864767,0.663179995400489,0.0939281279965965,0.425924828697584,0.11434904139065,0.587138544007756,0.126988168479445,0.582297432566545,0.138391634798937
0.871570402714433,0.10828648294484,1.00702163134402,0.119467433700942,1.11548887576192,0.223915280250376,0.564079322309663,0.234400944778715,0.617140823863198,0.18877412239372,0.434004739071852,0.320998082440259,1,0.778003524047895,-0.448662332282569,0.250365430911532,0.786091566296739,0.103712308420632,0.647058023026451,0.119195083790419,0.626684037951249,0.145268955767637,0.678358427592652,0.126166485440712,0.805682375552956,0.166853770039964
1.02404640043336,0.106203989170184,1.1455580357215,0.11250240269828,0.726240636801552,0.136304409956618,0.524501700942531,0.205427309640825,0.580014876060409,0.128582012429642,0.70615590067472,0.0833702699725809,1,0.939778291549622,-0.0947970822308933,0.247815216082754,0.72106222753211,0.0950519410134415,0.665391131050765,0.10378918307949,0.6640790285458,0.105205267540348,0.706530508850081,0.118244132517487,0.650186502767995,0.126044853427476
1.06205075886914,0.108671856100303,1.05126391276529,0.103570623272602,0.958754910913326,0.185204985065528,0.282769556760915,0.17272013768576,0.508208320153063,0.146918342115589,0.415943221973799,0.241633315390013,1,0.976049053293918,0.227507358648884,0.228125100821695,0.623929792772893,0.0960693861554579,0.684919822268846,0.103130567128025,0.673477122898394,0.128561859013831,0.676742874221578,0.13252052271946,0.537393891156375,0.172827428895663
1.14442080733327,0.107886707339891,1.1090539571791,0.125343397289274,1.03592070876131,0.198275320577675,0.736265436727795,0.279451751571023,0.778050132754133,0.202935767430571,0.671935133279644,0.14686860414003,1,0.890896221391794,-0.131588002343537,0.256099067090383,0.745628303186711,0.0987412687767772,0.768334491682878,0.0964794949020257,0.653721272611306,0.116174578328557,0.832688785319584,0.13037153848838,0.592777598929856,0.171098012352903
0.909435984704119,0.105830222785671,1.04735357832242,0.110133101647332,1.11565452149848,0.206742416905389,0.424455874204653,0.169903542948778,0.648344693409457,0.160165808701978,0.488373183219965,0.196055060782372,1,0.94216034585506,-0.328701052241233,0.223544594806933,0.813707078473246,0.0874812197189142,0.591909521117946,0.121814316565126,0.787576305545314,0.108056336186528,0.721814922296634,0.172872333857249,0.596928161929424,0.182720471132592
1.07315706836616,0.115226409558877,1.01636671851598,0.119463479772599,1.30761413269724,0.248101495900059,0.880739523971522,0.319515723977724,1.05893288737253,0.257662732621359,0.762658836459337,0.100870200536382,1,0.986744900129806,0.152037674044395,0.271632941139305,0.80665738296972,0.10806739692657,0.780582647025814,0.0986620705190041,0.829715027705687,0.108947181854346,0.752153590593317,0.131586580094152,0.573592519801023,0.171231327081469
0.790264033676337,0.097451163928522,0.854018018525441,0.0986133426407884,0.936484337150912,0.174829754310477,0.366524680975198,0.173838627754517,0.578302605798672,0.137823671064678,0.180502561688473,0.259990052301641,1,0.987082103578342,-0.251857242824554,0.194958050869458,0.500986674758911,0.0969993085823774,0.680332604828425,0.100463594425234,0.63271687315895,0.117826311407713,0.840882549269254,0.126163120458153,0.594319531722907,0.200697268028756
1.22466682309317,0.118173662043984,1.15507682120404,0.142214236629386,1.28204208652324,0.261568425107994,1.05320345740901,0.363262538549642,0.928370516059218,0.228092465335835,0.247518944977054,0.321558702403198,1,0.798939806606078,0.296143003821049,0.22873243881798,0.722485173365154,0.0932149131260659,0.758664920895534,0.108575664079847,0.800410880787734,0.123325723488197,0.80119052961507,0.131300771049667,1.00361034966131,0.138879262162758
1.06397445851513,0.116112253979914,1.06868221160007,0.117031612986827,1.11695248511042,0.212384557157691,0.669032448706435,0.235701856929528,0.749156688493351,0.199469545584462,0.715344818265188,0.110982831780663,1,0.866626013125011,-0.0153379207567237,0.259365184347384,0.764809397110049,0.0984134102073535,0.763296467291214,0.088173566529567,0.69606897707238,0.137940519663052,0.737540239867494,0.151425122608542,0.646487474220219,0.15138498382761
0.94235110731135,0.102423885261248,0.962456587146179,0.0989506483791362,0.931768371864211,0.171176207419866,0.428534457039843,0.192144566103179,0.626221614717423,0.145090325834097,0.673005146421,0.0982094081808981,1,0.991017212196972,-0.170470712307224,0.230735546470314,0.680248382169886,0.111782838349029,0.714987016196459,0.0919088980032418,0.590997180917703,0.100809792072962,0.599098345408749,0.132726033926429,0.7281699999151,0.137275923120633
0.882481138424387,0.108671609737464,0.906628226738539,0.114546003952051,1.02706444828422,0.203834944658743,0.589044546223018,0.26185426835261,0.775188994537447,0.205631854517943,0.653552784223861,0.119356820831679,1,0.996631662692086,-0.229879660428559,0.234536910430094,0.741395546469227,0.0866175334929644,0.625834790858863,0.105029808929911,0.771252617292416,0.137965207861303,0.476065027829064,0.169541244413004,0.672919141680924,0.159187473742424
1.26830215549674,0.123548086829575,1.11823459895042,0.143118017592754,1.28439179935211,0.239132158302443,0.485836396336186,0.212765597125013,0.736359350428955,0.198492971095137,0.708295027884872,0.0737187057636119,1,0.932171928807593,0.0600327896969295,0.244304282317752,0.697876082877461,0.0984531992205383,0.750617916811849,0.103271817615849,0.868212981667807,0.108806798098185,0.725646835713804,0.138107870287355,0.714895812563073,0.172684818761524
0.972603090271794,0.105924725037232,1.00247156591442,0.101584408833121,0.937848057585388,0.16387716115212,0.565680947035334,0.285390690118056,0.612435055824687,0.17317506223598,0.689283210668269,0.140319786725315,1,0.840829663107675,-0.169265686707356,0.251515601485825,0.690677982461819,0.0969748034511342,0.829045238843315,0.0923341962641923,0.691247884496441,0.121880115804217,0.648870297832714,0.130774112414191,0.529252669710933,0.183349901943397
0.922051208670806,0.113528830121653,0.949331201077886,0.119998840341696,1.15373185605438,0.22350237235313,0.519482672589007,0.263882225744309,0.731220134768039,0.20112818389518,0.81313400604065,0.0655537705682859,1,0.944517842350543,0.0162730585576172,0.292033139560882,0.664976244091816,0.104925298056442,0.712265787436219,0.095796028902915,0.762540139943135,0.113855336297294,0.853151270017034,0.139376434203782,0.862645509828144,0.154648874393284
0.954502759518696,0.104296463554037,0.932241445488695,0.107223978245025,1.03828600866808,0.197529448902526,0.727576384392762,0.236097697638276,0.869156131054412,0.195293794743333,0.659435243811188,0.133780731281721,1,0.99999999999812,0.163431310624762,0.25818272058753,0.549351595298073,0.114754176055455,0.645427789859073,0.10498784133886,0.623408372330775,0.103560302526861,0.736908679046466,0.11722294631462,0.801304688245551,0.137952909544602
1.03078673380187,0.116688832313968,1.06806310312854,0.121103529755289,1.14663501391888,0.22764684920019,0.669949789039156,0.280786889783189,0.714199937857706,0.190634389016824,0.527468583718658,0.296634972074359,1,0.814865781678594,0.0932762901479285,0.259552623678996,0.818241336138135,0.109192377621599,0.627372741076756,0.105679313810165,0.744071450929951,0.117227450834204,0.805005393283439,0.134714435382697,0.968566166214076,0.14585386810801
1.01323313079489,0.097492295882841,0.879512248297469,0.100503462434219,0.776749714756964,0.13755689799503,0.588911756742683,0.191204894712139,0.635349613243412,0.138180088204358,0.861541071911221,0.0353230451189249,1,0.939392538806557,0.0932374127948347,0.279628904488655,0.623448821865388,0.0948609981907328,0.642527089497103,0.0969177810333866,0.882799045562427,0.104351845828694,0.596623672890764,0.136571630148403,0.688154564964789,0.117285121305418
1.10997173019191,0.118289902867925,1.13403348374674,0.128406212950346,1.16721815917446,0.238518320875755,0.790046395655905,0.323827968491233,0.873565705424942,0.236373620362506,0.643104086365707,0.149226676858797,1,0.909689664106489,0.0384711221100958,0.253586434038381,0.804518799659983,0.108996011254896,0.753533490852478,0.12198571198873,0.66202797663242,0.101737871680894,0.83663187574566,0.149471611509419,0.906591857983662,0.132352438267782
1.01298174398683,0.0999353676342128,1.03202232483872,0.106282753415532,0.866355360510044,0.152582600327118,0.370840918696232,0.172106421335155,0.555044620651751,0.143441679824793,0.662196495713332,0.123923406087499,1,0.979232999176121,0.288556589131371,0.257005101085339,0.764838804778292,0.105539503640841,0.628678415116612,0.0944278049949509,0.589083938074874,0.104935305833908,0.64402053443177,0.13941269371634,0.544509237410795,0.163963301618927
0.937286365153611,0.102663178559679,0.885303456647868,0.121704176810985,0.912408185602214,0.171837971887145,0.540278717253865,0.216209503121169,0.617105012621905,0.149739488859741,0.619857193081647,0.195073497721732,1,0.878932569036659,-0.0332941865389337,0.252682086487654,0.666637954567518,0.113965541557443,0.747599762667428,0.0994460632533161,0.634943135974021,0.098398750687875,0.588075023083958,0.146005381487536,0.802482762108343,0.136172383978747
0.911586750800967,0.100080730370875,0.951695481386098,0.103401116182406,1.05382688466598,0.196851081225048,0.557853423178678,0.215747648069559,0.713129278535693,0.172074789555411,0.689399907251841,0.138007130271362,1,0.930087010825817,-0.140366704838153,0.252434225560274,0.731576760980818,0.0956674643211153,0.574903800304835,0.100570065049985,0.706723330907925,0.115522702800719,0.511568542595695,0.142460519387045,0.588130362848393,0.139640461596531
0.826628428436403,0.101530891224853,0.938082422393856,0.106802027461115,0.839104508303683,0.154839050432802,0.484884105089946,0.223454131424197,0.507754689305313,0.142576405983621,0.603849621745823,0.145038019588478,1,0.796025429653794,-0.306795607178375,0.23775219398867,0.751199816772932,0.0888727114176146,0.580413029174741,0.105380093556177,0.647156340676638,0.126848480929988,0.602618134861134,0.137701086775737,0.656724978680007,0.136604594150226
1.06051215378177,0.0999726560711144,1.00703140602346,0.119530142360509,0.901214010068606,0.158527609764796,0.566706852862126,0.212525951809069,0.62043589346863,0.163515263730641,0.642942960554855,0.108120808523021,1,0.868167882443293,0.1972448638214,0.209152918348642,0.63923466410274,0.0979317864712144,0.74586125943044,0.100027438903061,0.803059556546163,0.0898085910588755,0.74212950335391,0.143553174325693,0.625121045072816,0.170990175538423
0.981747691684859,0.104472859736338,1.02301844592795,0.112625948878425,1.15098980830748,0.212594369454979,0.519977343558564,0.207059677349227,0.731841513486807,0.182196230254757,0.556704102171845,0.226383931243753,1,0.945995545793779,0.347907198913183,0.238964998642924,0.665089777828661,0.101880409293174,0.666510679023173,0.0998158168701451,0.80825075987956,0.108090232547353,0.452989515866568,0.138284468798923,0.794271029224466,0.134174131839326
1.01751269522156,0.107924456288602,1.0880927586006,0.119510631304208,0.872980941832853,0.163480747330975,0.700843724992507,0.225216669865329,0.70839163231426,0.145108946988579,0.649943732469726,0.160597718008141,1,0.905650115015804,0.108480960001628,0.227455313936318,0.710312998512163,0.105184274283299,0.637872714466826,0.110679805862094,0.857568261906088,0.10582071781229,0.605687180188673,0.126845517446208,0.611402211327907,0.16312404974806
1.12647474570505,0.11366773058848,1.13952238925911,0.125788969504616,1.05863319473894,0.21209063106553,0.682727693348216,0.27155185233016,0.622954447431195,0.189087811309384,0.62766236262225,0.144270224901366,1,0.732756664628582,-0.263600143883837,0.24565769843531,0.667022855518913,0.106453419837012,0.803103883250826,0.0984850553820161,0.771565519498592,0.100467321698756,0.915554931817112,0.128506951507285,0.695018184232837,0.160460985739085
0.980963466625312,0.100546434396243,0.931744016220031,0.106831627678833,0.971727918280949,0.173189368187534,0.40214370013336,0.188897560229172,0.59841340449045,0.156377981410306,0.474934832878224,0.210001914472066,1,0.957278573189467,0.268550125816425,0.211774396657904,0.557368469707087,0.0952506447638639,0.684162051510859,0.0938880516238246,0.590019344979911,0.108439029662756,0.645485548998072,0.136362969007134,0.708438356706607,0.145590805866393
1.02142721240246,0.0998483333164293,0.851650826429333,0.0911302483704631,0.792235646223811,0.146195799755043,0.407072410150045,0.169255856693021,0.540314183271644,0.119476650715772,0.469617184578358,0.230563166284072,1,0.951444246000601,-0.0280911993593332,0.217291046066424,0.693655964018264,0.0930471328296018,0.589200120174802,0.103393586154606,0.511082322878942,0.109509485076336,0.616254222419498,0.10901750817293,0.64696317464042,0.123190562937507
1.06348946216662,0.13227280821149,1.05604633497079,0.140817216158541,1.63597076700742,0.330091331838332,1.60566683718473,0.500130456577713,1.42818791006232,0.337625957993108,0.765381301582828,0.0941723299586627,1,0.881190616753094,-0.237583946033449,0.282661488730791,0.751598361009493,0.110797546502182,0.884411296030249,0.120660404131967,0.85382667716934,0.106887348712494,0.962902943784051,0.131026221012173,1.02078864827036,0.153612485524897
0.940869235602329,0.0888772170522639,1.03268061840685,0.093567384684327,0.801845287906646,0.135245941263356,0.391210760792089,0.161577626453965,0.491561714054324,0.126590424813633,0.604687613887698,0.160714599264028,1,0.877662137363647,-0.268083940694514,0.251627014069333,0.748106741020842,0.0884096161459297,0.671647469652826,0.105193998736382,0.72319376674318,0.0987997074073237,0.46224022580945,0.139213006643934,0.566799645303717,0.153671057371271
0.971589253245461,0.101344399562943,0.986040375446428,0.108907478121413,0.911719457223531,0.167520389006548,0.583482931322419,0.19780777805634,0.595726253258861,0.149467200204904,0.70626449328414,0.12704971383607,1,0.816774273254042,-0.315034774712655,0.259155121283305,0.852698203745242,0.105269350447258,0.701200174838351,0.0881501915054369,0.539710733394048,0.103395850879229,0.666917784950995,0.120012393537019,0.538132161397722,0.154347143399997
1.0927299652354,0.114582525299851,0.95013087165576,0.103983119213361,1.21309069473186,0.245562457266524,0.422456080383851,0.194454133244286,0.623726317927621,0.158406025218582,0.295147049686634,0.286808042513888,1,0.871277805197798,0.171503384620613,0.22517517054752,0.672565361846363,0.113119235325766,0.574239597913913,0.11797548008275,0.71064982374381,0.124581081504664,0.966103148236908,0.119088194653707,0.741407785566531,0.162896534570856
1.22609510729229,0.128208617637837,0.997528921547853,0.127496667971789,1.33308271481232,0.26648992609809,0.822114883666266,0.292969899686006,0.999535804911483,0.231903893711237,0.530581132800319,0.298804804029959,1,0.954780524646992,0.374657975149238,0.248407208253947,0.912295912150711,0.106581174721829,0.486352493836013,0.115729815105013,0.732052107877857,0.134843951601647,0.74696865032996,0.138657940106264,0.582930612100163,0.164449278733782
1.08254218549116,0.119485501265546,1.0633635888328,0.110298578024816,1.08024303474549,0.206071259013411,0.661470196645143,0.272182762751456,0.824895576939571,0.209110450866823,0.659233617953655,0.132269733502444,1,0.975850068471549,0.180243524970332,0.250698290293621,0.769974856615112,0.095948022301784,0.530875647553147,0.11477009968473,0.810697390416787,0.108455292261084,0.566888569507587,0.161850173980728,0.807900148818745,0.163096193653363
1.15421226259158,0.135215692177688,1.19850982449706,0.156258556715283,1.32570413427101,0.279085913482851,0.581142728540858,0.221040060762403,0.708309052878167,0.227025776986953,0.766941229467798,0.106822761904876,1,0.806971288609758,0.0541435499999095,0.277994675702044,0.664568450454722,0.119059518448026,0.790876796779784,0.119605832656745,0.888490781994521,0.11893988229075,0.723249057026876,0.14882322913966,0.91319040734762,0.16403656273394
0.919672933125406,0.102042394831288,0.868008615618103,0.120547429762922,0.949950038877675,0.182744680957839,0.666005056329772,0.25875088964631,0.609038222278649,0.182087696012131,0.596405979175573,0.191278147726707,1,0.765694281305418,-0.0546252780578679,0.228105487403813,0.633901375439012,0.107552206432931,0.64161486691147,0.106941709156857,0.674388833318056,0.122367377991938,0.757469231310381,0.125736238442172,0.743162314523102,0.153034727652496
0.837904443993936,0.0976230235541948,0.881631953139923,0.119156821820758,0.914827153002315,0.175494532562588,0.546879800739074,0.228612817913557,0.601204811935578,0.170848073564021,0.587115275060918,0.1664813806746,1,0.849976626716577,-0.155001687280273,0.240610949758479,0.691177248089395,0.103738294754863,0.657698585447073,0.0995071811696216,0.62245283899091,0.12967412884387,0.644613770097572,0.12570395048908,0.443058536908076,0.191696615289412
1.02303772151176,0.0948502238605054,0.948522511775944,0.104296168820075,0.856732907997284,0.1443974599963,0.677773381825397,0.210288307368202,0.571466522286769,0.144142635808483,0.454194448066436,0.195596536246985,1,0.749938784826486,0.11612843205811,0.228016651883985,0.825694890888833,0.0830945998738065,0.742680928784758,0.0969057509371891,0.785422961853495,0.107823829487404,0.86271908604813,0.103188864652361,0.647868985492458,0.156928119908149
1.22297584001637,0.149859564865548,1.28388076229559,0.169422151894272,2.09551928334519,0.44426062196405,1.90069593806327,0.600289665333065,1.67699299280586,0.435233263947045,0.639189087623581,0.159016337811059,1,0.840289803877011,0.152419373896918,0.283159916471992,0.821536498261414,0.12404417061695,0.989119184809545,0.110829254266937,0.838963733741022,0.13353004651313,1.08552688478916,0.115853148874647,1.10728044640819,0.183124361332769
1.04646791457199,0.104374553658052,0.993869954292365,0.11165780176881,0.910982223747843,0.161992146721303,0.509656432180859,0.242776609131467,0.667037401834944,0.162735870843839,0.71897147865174,0.0867404317617717,1,0.978940914500254,0.169422193696495,0.258918539378857,0.596737987589594,0.0995220254405164,0.680544412909696,0.088636912899855,0.794680834866982,0.0949740628942789,0.480279269223985,0.138209452879935,0.431687384518811,0.135358904133433
0.90012498085299,0.0974771847451291,0.719317972644237,0.112311216982036,1.0272840509895,0.197924162827496,0.539522648891776,0.21992501396785,0.744474991087041,0.188286907044686,0.531275489337619,0.230612152137306,1,0.999999999999926,0.378992818343191,0.253474694435867,0.59637531645609,0.0914833320597042,0.616963676041682,0.105799989611252,0.753061492350543,0.114107133160406,0.625087506370067,0.136710047725772,0.566472678279847,0.184000151435686
1.1473550100493,0.11474518322153,1.10138247473827,0.11075709402403,1.02882121578122,0.198174483735746,0.51773149651925,0.218699522919192,0.575901798366733,0.166104384522124,0.383514054626257,0.270576971955685,1,0.789089357011897,0.0207855194663961,0.22767261875864,0.686274725686223,0.113672594038342,0.692381680643,0.089518119471898,0.823754492160279,0.102669766385722,0.700475661047754,0.1409648967339,0.54819365604268,0.196028683657821
1.15475116250526,0.100577459460422,1.08447111904658,0.105385403516169,0.908097738087251,0.161266360158079,0.554458242379819,0.199000173958644,0.651507826273599,0.154337186674624,0.749913289245056,0.0881421138179451,1,0.918161161736838,0.0785788532735276,0.258648360574676,0.902726707304072,0.0897009948067704,0.504637229654102,0.0908698122850328,0.810771617262802,0.0911383100303596,0.607876814530553,0.153967444898144,0.644538095888369,0.145867485058522
0.964033085070836,0.0930232016688725,0.839819301219324,0.10487152172798,0.915139056576655,0.162600337307216,0.531656352492411,0.204070013693266,0.632796205195648,0.157981213771825,0.63331482020809,0.133395598963384,1,0.907203708824626,0.243466964158383,0.227695169495734,0.628206042685014,0.0942558246049939,0.76097560258531,0.0993508819241387,0.707023262989312,0.0995128511242269,0.821807050486191,0.121860393887222,0.773844434906225,0.145960009301711
0.964025942348979,0.104421900638926,1.00457642081193,0.114823539274463,1.04848815596169,0.190722396141743,0.737468758712744,0.243815293979655,0.819848587016462,0.191697790436596,0.694420182957289,0.131232263216498,1,0.932352360119957,0.259523762640526,0.230603217388457,0.582290866932175,0.100963124986944,0.722971406974393,0.091708702023403,0.596200710546335,0.116987247575117,0.677755465140581,0.127842999230194,0.842871150467506,0.146710615190289
1.05927496546057,0.125415929586501,1.01728973510517,0.113620449040217,1.37581527640302,0.27594536519187,0.662438066961013,0.28027815792716,0.858039451129687,0.2129200955566,0.400745337919887,0.266246696741407,1,0.898782384833947,-0.204197287415506,0.230950671538499,0.771978868260331,0.093084708773211,0.833970351260071,0.112957184582396,0.701297712428045,0.120843456040387,0.588850494307047,0.133362428518819,0.968957610545436,0.134176742576397
1.06052269532766,0.109523559009371,1.1376989967315,0.129401566832666,1.05442601744151,0.206214273953465,0.533525016495134,0.218672598802761,0.485587995407241,0.160236832536075,0.527381675949348,0.226629786209576,1,0.647414602942885,-0.0308825836738344,0.233578874014259,0.726163628197487,0.102641280052106,0.667876757397481,0.0989212155393244,0.823648101310152,0.111211479629509,0.703369578971659,0.155888977983571,0.808699313803912,0.131443423661372
1.22257402331365,0.133971340949953,1.19952212722303,0.140742958228259,1.26869966477571,0.260788945618013,0.890575954544556,0.36833698724953,0.963316898642447,0.273764595875175,0.81129185187815,0.0808171757218324,1,0.906263071603039,0.0970799139307948,0.281044089804768,0.806769194397254,0.104690005234581,0.746400405738176,0.115211065110826,0.761912591736171,0.122533753923,0.810696016215307,0.137897950099307,0.816636387708313,0.166342823814666
0.971932463736029,0.10794583385985,1.12837378423695,0.106097828428916,1.20193922935855,0.230389394924046,0.393180290320509,0.183262217152716,0.683461954108799,0.171173333467191,0.509210939149028,0.271846702405917,1,0.994207922139509,0.259712276245917,0.235073760403227,0.694579034397298,0.0947216410944406,0.778212218994477,0.0934629148922851,0.788808024069996,0.115981133684716,0.717273856762381,0.136103657858556,0.658702574666659,0.165036229019526
0.932805643059778,0.0997600711765744,0.999195654361274,0.115141447061971,0.888394106874921,0.163308190649877,0.34583058854973,0.166146584034739,0.554286800171724,0.162370992414767,0.598711482038955,0.15692702368835,1,0.999999999999906,-0.334184553862755,0.217565005862616,0.719530655573822,0.0803841571350369,0.72680238532907,0.100231888009457,0.65518061546506,0.10164206189666,0.677025907806644,0.142097882239612,0.410005088400378,0.185428399169198
1.00733867212935,0.103883422782737,1.22215948376939,0.129099678010335,1.18906313058301,0.226787729626469,0.868705840981133,0.36898363046106,0.809912367317475,0.222488157215408,0.614079837715796,0.181977714934688,1,0.796891516215539,-0.0681140747758085,0.239506226821287,0.801875955131104,0.099040507457573,0.651218157899515,0.104834928397151,0.69711721967591,0.12680858452342,0.952071306408822,0.122852741479256,0.388074496802228,0.158562987519017
1.01393845826571,0.108480820127887,0.913307852181216,0.123550887780509,1.02512071339804,0.212505569366437,0.637829829405885,0.27257752591908,0.679659878301367,0.191346797009897,0.73034964114892,0.108327248587572,1,0.840527091391569,0.0755924696146187,0.228872271410602,0.68611595795088,0.0933132792443655,0.622409518815094,0.110687532498844,0.739033290606171,0.109558209552104,0.33857245234112,0.175949177096475,0.908120351571922,0.161870381739047
1.06211053106039,0.106817715743678,1.00416246213641,0.096340206624306,1.02498932312752,0.174308291613464,0.478678619631319,0.173501499203778,0.70045733227051,0.157865795672614,0.656482049701812,0.151385319402304,1,0.999999999999997,0.0998047821918483,0.23840527072549,0.68926114720846,0.0851603021410095,0.676271906938448,0.104248001129411,0.52766740983903,0.104404996765057,0.661613258107515,0.1140570275515,0.773402468800504,0.144131629132283
1.11072086975096,0.109329269817633,0.987600930315254,0.116719501317645,0.78751896059417,0.158956523040744,0.420021578384167,0.205643225471687,0.424976271980356,0.159687257520626,0.708233010334782,0.102304839201089,1,0.73892161662144,0.535582298584868,0.253969694159515,0.567953953036524,0.092473419865706,0.719085825538772,0.105798832179283,0.674884517472971,0.127879047457195,0.445010510930034,0.164787875931578,0.787773312414017,0.15617242408779
1.11833582443756,0.114527271874626,1.08048074697675,0.128962697012489,1.28629633788873,0.253758649999388,0.617358410765163,0.316320826762282,0.838669257284006,0.257682314629981,0.532677393057199,0.236148196604276,1,0.941134127963793,0.196609237250223,0.247063137212383,0.583385519574776,0.111934547872422,0.813750935418715,0.108058300472912,0.781992704423164,0.128323239112054,0.773908068638972,0.1381757889871,0.796237150697122,0.159410287911013
0.825386487775654,0.0892549529042438,0.924965240577025,0.0968506049292275,0.813873539434093,0.163561666840555,0.302565089146802,0.133483946324792,0.496235548667913,0.137541898603637,0.516959590694613,0.235297786295598,1,0.999999999489634,0.000461376946038812,0.227884118871956,0.559440424551012,0.0913474990901218,0.812793989910358,0.107023269940286,0.502947296228287,0.148019111555791,0.44236472923554,0.139780646515458,0.800930071357598,0.14965962440212
1.10212403553276,0.120196690403501,1.05649575057785,0.115458955451809,1.26284228424702,0.235607594485215,0.608990062396127,0.248088961878191,0.824887139214554,0.21366946958966,0.555580778063613,0.212599642354393,1,0.940621436837988,-0.0531275493661127,0.240292621265456,0.636444881668942,0.108140786858234,0.824396081042704,0.0959592450509417,0.848486288225137,0.108539816673049,0.705297835903791,0.132060208898013,0.860511074738598,0.150116526634667
0.986412228681383,0.13062508053047,1.09520767828775,0.137129994426599,1.06209124171854,0.253702894194525,0.506347518728989,0.222233491531678,0.56401080843245,0.173502808273816,0.192198058976628,0.292194245329054,1,0.769098863918228,0.162619558266408,0.237322625745992,0.703415646975933,0.111844507024668,0.664411151640233,0.123479317739827,0.85191137416467,0.143126933072343,0.738233714131404,0.137010912740624,0.483498365377636,0.17949151141418
0.906319568293782,0.09734520246541,1.13443230473968,0.11020447682975,0.822757309323199,0.152737497536477,0.659769054175468,0.221412746650446,0.681822343626132,0.139908939200575,0.580695932420453,0.204094680935572,1,0.925421071012801,-0.0712892928197783,0.259247609545454,0.497940776996255,0.114842552314267,0.712729698255606,0.10541313949577,0.702161142060738,0.106302706039634,0.537462892405208,0.120969821900895,0.717208688121965,0.181694038474296
1.24927967277414,0.112957673021052,0.983766966492633,0.113242188048783,0.907251861585571,0.177791532235618,0.740763250930506,0.264748612778605,0.758900881900129,0.177104077813693,0.522286361258924,0.224089726938536,1,0.925723756531664,0.585690334346363,0.223527812106236,0.794260590445545,0.0928399072195916,0.507538236460117,0.128591895541225,0.790909679689623,0.104145269420806,0.700509661126739,0.129597085902813,0.793902169869159,0.138005997754021
0.923530222973557,0.0935143608891664,0.925060953248108,0.0981539036030481,0.820227010179519,0.154025186644978,0.655734881100528,0.233398342102727,0.715499995303346,0.150667844598117,0.669444225117279,0.149382027897714,1,0.97561497749036,-0.0421810011955399,0.227275468263255,0.712966459004373,0.093549550813067,0.532646968294804,0.0923216178967847,0.670857143430389,0.115315292552938,0.677960071451288,0.12468465665526,0.628296416329466,0.161064746009567
1.06103916584664,0.0966047311166008,0.98709528675548,0.100180655159603,0.878247091431581,0.144780059264722,0.364641701769768,0.176782873054254,0.476778037173118,0.116551862780574,0.504241285653584,0.213801943821975,1,0.842509320251766,0.0618172168664315,0.228494516452739,0.811890316783326,0.0908277291200824,0.611422705400333,0.106102046880504,0.632591557661248,0.10028694816982,0.726187526882465,0.116789494210495,0.790132181135411,0.125618249067719
1.00918591442507,0.10968733099553,0.963714905502277,0.113117622128924,1.28439744001863,0.240671184063339,0.407890914134292,0.172169561806855,0.694464522070189,0.167630861697771,0.175429285283402,0.283722534095412,1,0.959463223149915,-0.233054787525637,0.245120125563655,0.749674214147264,0.0991924812179062,0.814016275271167,0.106396157426305,0.634346492709014,0.136372666005201,0.843261315517971,0.132458665285478,0.831002411260876,0.134576949087166
1.16975047768127,0.111560119392017,1.14408864283929,0.121117015200747,1.22583373008581,0.242934515134161,0.657779739655655,0.264879602164689,0.869056107300421,0.221331054731051,0.467666296210887,0.25666842845702,1,0.967813745637733,-0.102666557773418,0.252709754079668,0.767171972698732,0.102669400680945,0.774018369467462,0.0883766647197008,0.834208871070422,0.120220064743357,0.791046312143587,0.127278700427827,1.04861993859628,0.133469698308602
0.854050893046204,0.0949815414525335,0.881290604993058,0.107494649115316,0.83788046494708,0.166035441597648,0.145333657984545,0.147252849359262,0.295173638628925,0.109205808080237,0.571428791850927,0.226473513473222,1,0.845869633235681,0.133282873801863,0.246072441324501,0.612220365992008,0.113245439980951,0.649028105009856,0.11834864754201,0.671020369782938,0.111354251187576,0.800338372724069,0.129727393249893,0.419964480946292,0.14793909578151
0.959419814868209,0.110261795913407,1.117842094598,0.119113579965918,0.98157738453825,0.195978948311618,0.449782596941042,0.224239381035684,0.527176662875714,0.160276688315661,0.439914368142523,0.296360250609903,1,0.793400702961262,0.00671764052541385,0.22539701637503,0.627436394070781,0.106350353909867,0.696713266123939,0.0956157004055522,0.64814437829263,0.125797376081153,0.788482186824882,0.152145137348586,0.660983830217426,0.162184824264181
1.17706271116548,0.11001745442483,1.01330649274104,0.100532948468066,0.893188134819502,0.174497716118854,0.320161882612086,0.133029481161822,0.534756762057015,0.125604536849763,0.80734661819762,0.0649158130015814,1,0.999999999641763,0.146982796207556,0.289406959646311,0.833045839197516,0.109415917924041,0.726859025059404,0.0920389270547964,0.730215975459388,0.0999634913216752,0.710352580018651,0.109320241743575,0.765554493386674,0.120205598124437
0.923834035015475,0.112111378545835,0.910034843514342,0.11618905888132,1.121472939858,0.223967235725976,0.795363375225783,0.233067767049009,0.944446135314514,0.195734153354471,0.289385150851105,0.278147592418374,1,0.999999999910692,-0.269801435849861,0.222410849011604,0.814556670808639,0.0923286767057524,0.61555780944618,0.112573628572437,0.75155592543025,0.122567782350007,0.731989901063222,0.134511525598198,0.595627487578041,0.151271413155737
1.13708659463039,0.11045762449751,1.03817187215666,0.118892078730742,0.9726336733246,0.180957136748129,1.01739882704261,0.310117717194491,0.982884684278896,0.204214533873847,0.676262735528672,0.123352417942276,1,0.988057686158051,-0.0357672086149151,0.239147636643127,0.696920964288155,0.100270182873002,0.81606413697902,0.0945331648289246,0.679313103876344,0.0919612597757796,0.843381748187408,0.13071922962819,0.632478341749285,0.137536559302096
1.23296371299459,0.120450018514107,1.16954825061456,0.131711268539784,1.13213937813608,0.22978942479963,0.664178927613869,0.253550315366002,0.828888819400158,0.21381141624345,0.788948811916119,0.07858000741948,1,0.95588090736001,0.132358838613228,0.271137425050844,0.827780030632638,0.112204826609406,0.906810108819627,0.0902155809198956,0.847733404388161,0.115031868795702,0.751879507224532,0.144274588397686,0.944761820295354,0.13991438594754
1.05316007891957,0.108813745894351,1.03403065521185,0.115529282125684,0.967608500695787,0.173273774581636,0.753783414286513,0.286670532905007,0.787679806817737,0.17323797512737,0.560970950693437,0.199391815056528,1,0.922309295523871,0.121233790541685,0.232963718588419,0.578278873282316,0.100156483715815,0.684021480104836,0.0951498937250066,0.661703207210612,0.11087349137283,0.772336321030449,0.121726619201289,0.720848702234774,0.119572558388587
1.00244892624832,0.100034633022853,0.75980230061767,0.114485353856663,0.850652301028824,0.178570919921466,0.574921562077929,0.182552653133844,0.655259587720902,0.166456842317667,0.806593849661101,0.0790588952245021,1,0.936985877703866,0.33330853633532,0.25369544066212,0.761816377569741,0.114692456963044,0.667139670456916,0.10689160154767,0.569909024631583,0.105957656440759,0.597048316471449,0.139523218447246,0.69536582773772,0.141187319328429
0.909743685102213,0.110722188334949,1.02880814727993,0.103023932229403,0.979402984962703,0.191445987619443,0.393808569568272,0.141027053924865,0.621045319216197,0.143204146675512,0.68695066565811,0.18099619189046,1,0.999999999975745,-0.0118665567579985,0.277889911486608,0.706241645448466,0.0929539825333714,0.656457955390469,0.089637138608759,0.701662309835128,0.122299378204778,0.665572163080191,0.125209070969384,0.543072237341822,0.14713880588238
0.939734142196558,0.0996508050707902,0.990254934828221,0.108815628093455,0.801912436895958,0.159815258533174,0.580961350320905,0.203335866018622,0.610026734011411,0.139494652092712,0.608974408742404,0.179688532901795,1,0.893741188528437,0.158561353198566,0.227145503181197,0.632378892626167,0.094313431145524,0.625644968091123,0.110366467216417,0.766451556988358,0.114679237562253,0.681261728683077,0.138919088325961,0.629119279415952,0.170638050725942
0.983799236794034,0.108644741450458,0.894659292708086,0.116291172329669,1.01649212223238,0.194815689509549,0.737817734280942,0.297206613176544,0.853188445740932,0.198513761654709,0.375118950885702,0.31102552303628,1,0.985186408882004,0.399093623236436,0.265535357792489,0.63997784688323,0.106923992948907,0.722518782533583,0.103127791572393,0.411742451177646,0.124493408753476,0.787482042927318,0.115580538805724,0.892428364776838,0.142919263820501
1.16369007570781,0.118288341624667,1.14171463791779,0.11103206769585,0.9681764376945,0.183054453444968,0.304911458368428,0.191564760318145,0.472074668009821,0.133877016261053,0.545199216884028,0.234498821971063,1,0.868853528669568,0.108872827916586,0.246215352804348,0.754232589613756,0.0936702755748899,0.700600875756796,0.104937885778633,0.695873300804175,0.116425808273558,0.654814482183102,0.123550343101995,0.727574518655681,0.118001791735368
1.04233261723184,0.0887935170289298,0.939154335946253,0.102758620176271,0.947284905586901,0.149713007289489,0.407626497990698,0.181531093561909,0.531388353239471,0.139262120157232,0.600330303853837,0.180033418812894,1,0.855146493017546,0.138829543402585,0.245151901573971,0.658515597041897,0.0895471830502173,0.891251653526414,0.0810641662710215,0.594011348807758,0.120321077534735,0.770709389689136,0.105017535468789,0.76221711077379,0.137038440990088
0.804978361394628,0.082411665006144,0.719569743720489,0.0831150471966914,0.605944381708974,0.101058070622932,0.234191070354566,0.117298041142932,0.366085556897279,0.0811093004890605,0.445986383384514,0.198973594708201,1,0.971809293158803,-0.0132283036122454,0.222187974768373,0.591020721733696,0.0938567573049317,0.496107991936361,0.0974159242492745,0.569958461878484,0.085762858847385,0.669449877145281,0.105239598187335,0.315199401769872,0.184320461371566
1.02858138819478,0.121375731934969,0.918547415184492,0.12077986274979,1.22149312202328,0.242716699712209,0.534579526134855,0.246349318293779,0.769255970883611,0.219746441314856,0.378190865818707,0.260143230789125,1,0.951961099830325,-0.120382248161726,0.233929196279467,0.791984917075148,0.0930571931816654,0.716110981067228,0.107397499991771,0.71331361258958,0.132552439725582,0.715325678996339,0.146479091967361,0.820961301318926,0.166555871671996
0.970761570919762,0.0967914927032011,1.10202073819286,0.111316668790809,0.951001474554827,0.179666336357291,0.652273047908365,0.223058217453155,0.768127390034215,0.172782065377713,0.500886421508696,0.251512870108495,1,0.975276903805341,0.039211914505765,0.237343033580895,0.706672478328459,0.0974704148585498,0.640875668646256,0.103718264124806,0.631447290603573,0.124625622826531,0.384349019057155,0.130959045939087,0.816355016431812,0.128563626201709
0.969181383670026,0.11902536281664,1.11830321590816,0.13890165423437,0.993945275816164,0.237032274576447,0.644466270042885,0.286996059359114,0.641222140889582,0.181907938250307,0.14251776503104,0.268182605966226,1,0.801174608326311,-0.045583868668203,0.20381674106664,0.704208021481496,0.120817611544395,0.600009708603367,0.129187776938392,0.791702928145533,0.130042148641019,0.676284399051065,0.149421299431194,0.674096174575254,0.171444524951818
1.02476616658762,0.092912549087533,1.10464746687976,0.109134411339872,0.919109494435131,0.161132440995883,0.631456180470312,0.258158179255073,0.727439017876374,0.169542608021615,0.545828056404778,0.162188761473942,1,0.954863640212871,0.115363687684638,0.202001452636123,0.593400216966351,0.0853532907680316,0.70569323684062,0.0959879151939865,0.717047971298053,0.117292718211659,0.56133229716896,0.147240622393545,0.896246139051268,0.13908546774846
0.978513912718649,0.105892320885217,1.09307662359103,0.114339553423095,1.02736474690263,0.183578419475828,0.481238300314855,0.21560454322017,0.703140999089456,0.190075100643321,0.767156619949038,0.0821200368649763,1,0.999999999997669,0.0294848186001512,0.244707644196298,0.761064208129184,0.0944234372993002,0.680904084994367,0.106666171836575,0.745554383015784,0.115195498067548,0.657127017973283,0.123852228682126,0.792360405865754,0.155022556026361
1.04965257364724,0.122221059887116,1.16718514593789,0.113121806372571,1.29113028920138,0.227180310609281,0.793257715752506,0.296114004450042,0.928496218325131,0.220686639726768,0.585129934167631,0.191987712015645,1,0.917461718030976,-0.0387848249415229,0.248500660203967,0.607300114789948,0.107780333424299,0.826204935571786,0.0959575907347664,0.730224709134344,0.109441610051291,0.869946428754037,0.11744057111264,0.759613312522002,0.14712036308783
1.19367004822862,0.125260105435363,1.25185032365504,0.129355035987294,1.21341463128635,0.233830983898208,0.643946832031647,0.269844344136157,0.692295919242177,0.197250908476894,0.752710760422446,0.122762934369097,1,0.783181017268661,0.189482212453193,0.303518826768992,0.781111583438289,0.118862597888714,0.86004654863607,0.107434538093724,0.826160497154139,0.115268517234649,0.751075794114041,0.139327381097323,0.80602995253859,0.159057353184877
1.17238957563072,0.103776218610549,1.29536304123173,0.119057160150184,1.06886428340346,0.183577125807333,0.590807918988552,0.20689113978869,0.794665642015499,0.180221335538346,0.696644512326916,0.125989227989618,1,0.999999999715847,-0.188618179142734,0.226831033982979,0.717508561506111,0.0843265489673539,0.868577196953614,0.0869185101668134,0.831269354328466,0.101873825110572,0.680848008751315,0.108168324657793,0.621641467560604,0.15992333641982
1.03758908732356,0.104528757951308,0.870037549598852,0.10911898667142,0.824594499842826,0.148843649995156,0.489715804292368,0.206753835376562,0.619483590156905,0.14790634833103,0.329733157333842,0.274194718477306,1,0.974849402377343,-0.175877115162716,0.210465243428461,0.664603170264222,0.0886990506900873,0.659491768099735,0.0991128011350771,0.613024360281409,0.114797482539494,0.525003484752925,0.131060777102307,0.644706542144143,0.12115870398861
0.941851678293363,0.100495531366041,1.03264894647505,0.121341187488817,0.8078432662529,0.160629490488683,0.467581840969487,0.228710063644666,0.547612136189475,0.160885418998179,0.648097351455674,0.146742024003245,1,0.891006129110504,-0.0475170697286527,0.231229538481373,0.635119749485861,0.093043347032347,0.672399657694546,0.099589841591222,0.616971994389829,0.114781184654111,0.714246248265237,0.133531996481085,0.664561928262053,0.154952559350892
0.972327198950086,0.0826160383922428,1.17927383758062,0.112229083677544,0.832368491795089,0.127408966479216,0.684594841874044,0.185821899457105,0.606800861260447,0.151300304792348,0.551818355829638,0.155246558971654,1,0.803843605105112,-0.496462787265589,0.21613401190227,0.734754001127942,0.0814596986421027,0.732240970569201,0.0808857082880911,0.653463544270822,0.0942711657193723,0.74282140147074,0.113804096444151,0.474334182686871,0.16885131640846
1.10007505855985,0.119494391999768,0.94646962925443,0.108718721758493,1.03440623151744,0.215082704860962,0.591851017708541,0.204218819568221,0.708316479553323,0.175665546054948,0.345808291115435,0.252580591638182,1,0.905264693542437,0.05289942612866,0.23856146326181,0.764415596507387,0.09108255169439,0.638652890932447,0.103206561448151,0.744628618564751,0.115623167144847,0.693137827145065,0.128597378406905,0.693716682602784,0.161755838883638
1.10889314134844,0.112805888135448,0.986009266892012,0.115800604413899,1.15120141370702,0.204129025516256,0.654518929322979,0.271644408163811,0.865597338417193,0.205228323506922,0.716636543694751,0.106377604579362,1,0.997192835551002,-0.0569240549984348,0.246450422814886,0.895075111592522,0.101354826430627,0.924888746128614,0.0783114781147454,0.679618966844844,0.111735239374169,0.805156557029688,0.152659834519135,0.728307938259394,0.19861207784927
1.12289272919163,0.109073465868673,1.0093566009439,0.117645246220207,1.24876725514622,0.2387898349154,0.644939122983745,0.226524341254704,0.85271750648027,0.197599228610511,0.530303509947838,0.253645720463395,1,0.950178210096572,0.0592155006200934,0.232809418340868,0.750692752607094,0.0938891500754427,0.746286394300336,0.103317276211426,0.708252195074953,0.112500031917958,0.750701399812579,0.138483059425687,0.769457406342829,0.156762911823105
1.0083462890126,0.136862147616679,1.225021664273,0.149166574597189,1.31907915731603,0.29387312527262,0.857943158162337,0.314217133202684,0.838893591927627,0.231600160223037,-0.0605612674037129,0.258457494167067,1,0.788573521343215,-0.446230851714352,0.207911173523439,0.876396758373563,0.103726077791102,0.804730468981205,0.118792505918126,0.606198079106797,0.145328862916248,1.10561090121974,0.120740501604319,0.746030357321284,0.184983792767983
1.07966771797918,0.109949337056725,1.09918663337533,0.117895193207865,1.09514477138873,0.195696355133901,0.403918292971743,0.17279410849228,0.628627647372798,0.164605175051153,0.748449713584715,0.104593425534979,1,0.94517222184674,0.106163052494615,0.24846690781137,0.684491292395252,0.101375485441633,0.953708296180475,0.0831595212583175,0.457088052376465,0.136218186839235,0.663710182058741,0.133434896760897,0.882319342601952,0.11563646164088
1.19400014992484,0.121560353575692,1.01316876890452,0.128647171151438,1.3385289381327,0.266892208614083,0.767528577067538,0.331560122923341,0.687892070818365,0.224632232796113,0.479607676254464,0.334975407432846,1,0.678670768646112,0.257268682032967,0.271992292869396,0.869825687473184,0.0939764421721275,0.913174522485555,0.107867393106292,0.778740487276471,0.124792366635057,0.545727675721515,0.155772297618447,0.873085440657702,0.139689162467133
0.844089019129245,0.103373779204825,0.947526164063011,0.103284290172836,0.892617531497093,0.174487331253811,0.434270488541842,0.173992254631141,0.554836815900256,0.133047487640302,0.535052611670419,0.216229077013573,1,0.891153271797426,-0.322277724594492,0.215161941026582,0.705318328373279,0.110398267399483,0.539547772290957,0.100091431941665,0.641312196444554,0.121620948213702,0.573891969706431,0.132898774700047,0.642760624117584,0.151647759678818
1.10907641527884,0.105592971073371,0.98669216008765,0.106057121925717,1.0616168922815,0.19076037177203,0.558529997731674,0.190480367250654,0.750535840149444,0.147231066850291,0.600066197981654,0.207623228058457,1,0.974684980915147,0.325815495703617,0.227823183026605,0.583000225263705,0.110145262861617,0.716054238230932,0.101578986454499,0.704029275118142,0.109288861082097,0.728336071528015,0.123808440318699,0.466067746571815,0.183685797377749
1.20484295495523,0.129940945895419,1.07321406073499,0.130530631570282,1.2722011682467,0.285920899483557,0.793681930476998,0.371346520782778,0.783986333346386,0.251165272697434,0.822680958321855,0.0695630738289466,1,0.780202523217997,0.551006833945122,0.279692185922074,0.722368007287164,0.109318234868973,0.744588175782271,0.111139266977729,0.757386342844909,0.131033845498508,1.01834911966373,0.135507133444151,0.685297242092824,0.194509490445563
1.00769037171291,0.0990162185167596,0.924509009774135,0.0973496002704883,0.905595610442777,0.154826192305501,0.294383037701693,0.11320502178373,0.516325465814845,0.121806377793804,0.657449711907853,0.14535313736228,1,0.999999999845182,-0.356684853490409,0.243632706745788,0.838611431386992,0.0938871991490081,0.432459317720614,0.107317996587172,0.796269156897742,0.097285417987665,0.573799084457714,0.120695023216469,0.638818308282701,0.13945056395685
0.913710366186074,0.112361650400487,0.940138830604026,0.105599356354894,1.08345571660329,0.22034218080612,0.45007829508574,0.167947731126206,0.627924363791447,0.173215160667064,0.619818072850861,0.178639661486401,1,0.899202936932713,0.110001742189756,0.227949803311632,0.602346283374144,0.0887568388014579,0.631893496898867,0.107371343415606,0.41768102861737,0.125436944227076,0.861687261047613,0.133868982258808,0.414758979134628,0.189198575370573
0.962450834377382,0.0975503079347505,0.934384302096376,0.0990443805197683,1.02163492725982,0.186676842668004,0.281485539323571,0.137434659200176,0.53626062552676,0.149173128269342,0.684109153487621,0.143641783749436,1,0.999999999997956,-0.120177246446242,0.236273309999352,0.684042400321901,0.0916372281630438,0.659415700509871,0.0928280696731812,0.681871868664535,0.102985014362846,0.572460228976708,0.128772375735164,0.624322622216652,0.15673290809697
0.731249147597275,0.0931944775606969,0.873528024474363,0.0939429424298512,0.991439363220192,0.186454509155165,0.379532065912448,0.149487931436503,0.613419130568624,0.154864949025047,0.563238899182537,0.23947214973561,1,0.999999999996924,-0.265486127448966,0.263713254054593,0.786259356369975,0.0918476438163622,0.637962269479809,0.109325178205039,0.66635479438769,0.110639430984461,0.686658793547061,0.138016367507548,0.889006822849826,0.144572234578905
1.04298432864166,0.112821333125534,0.980285054135017,0.100890059193444,0.971595043099882,0.197137295278198,0.39858422011852,0.193980427250036,0.54753119285336,0.147194624806977,0.526560454559951,0.271581151206411,1,0.879844999714058,-0.0166607578996295,0.243441291994402,0.725758073364842,0.0981343182782773,0.712423747217179,0.0964953503115489,0.620346445398358,0.12522051391829,0.767176025803211,0.126395275465625,0.600286980091451,0.158324419175678
1.22015541656649,0.125707988909538,1.25770895405484,0.141199127731898,1.23590465582732,0.232081858345957,0.738001410075603,0.276887915038867,0.799315016438254,0.198238792939189,0.708748559434986,0.138575945901646,1,0.836944947656397,-0.262452420082814,0.285974371057113,0.941091113160631,0.120237554940547,0.826464425772433,0.109019062158742,0.67312679746948,0.126532830362443,0.62944826942553,0.11976561995396,0.941315973497905,0.117419713870061
1.13283743997038,0.0954278399042561,1.03241459829273,0.110601969667744,0.907386746332318,0.165939572939735,0.592392687566109,0.258166054242958,0.625133429986701,0.16828014088014,0.697474435813989,0.132213507012901,1,0.852651703089622,-0.195217295874236,0.237230017656655,0.763744445198637,0.0995548698370788,0.812992579211417,0.101551957639682,0.657796933233874,0.105073045025688,0.632952810840597,0.127263850072757,0.747441520551499,0.123346743399496
1.1136941581198,0.105525481772947,1.07097560052809,0.126047356836018,0.924292991330856,0.172014313579099,0.370293288327635,0.173006397422639,0.50140506797719,0.141235327378077,0.699510110494287,0.132618340532411,1,0.857059492031281,0.430955414172572,0.243781619675663,0.562688620730914,0.0949117018739605,0.796299865426533,0.0905587795212313,0.814451064139462,0.110649078965145,0.52897581622139,0.147550128899312,0.84069256745555,0.14852931510748
1.17497112578615,0.119565254099074,1.01608727764732,0.126817097851314,1.10467780590973,0.234183001835985,0.459515443885945,0.186821501559798,0.684132437373411,0.171371530159008,0.388318078214389,0.26346902240422,1,0.960223459322499,0.363472584397492,0.220514357479512,0.600795457156534,0.103055770200851,0.702303744001351,0.101838109568216,0.767976135673976,0.134066377323611,0.755257359458896,0.144505311858287,0.748428784498109,0.158178814980778
0.954266808944754,0.104936318334819,0.963825123294966,0.0996716425277421,1.00216404569522,0.190330771216365,0.279503292708878,0.161383790328491,0.526476781912429,0.141548874024451,0.498877766162298,0.256062484873669,1,0.994755502449731,-0.16971432563377,0.257364195160128,0.737170730136802,0.0992529740663379,0.624799747212735,0.109895551038826,0.667768679487409,0.115585105487119,0.722585394742641,0.145368519422821,0.610549422569406,0.166621719800161
1.01303063192307,0.107218012159261,0.91741938899525,0.124905962381941,1.0631067167181,0.215497047484649,0.734694422979087,0.335533270359849,0.724195749501257,0.207331187802359,0.6909625339054,0.151081318025762,1,0.819434356876401,0.278240989366167,0.241872441476866,0.710826099345847,0.11960219403212,0.631723617512511,0.109313590787343,0.747866011697956,0.123182772283501,0.675473426788162,0.119239041852965,0.472985746618705,0.162855286237869
1.13601664759946,0.122269630969483,1.03151038927371,0.122382239087402,1.48967333298877,0.276500350995471,0.681313886668062,0.224312893068828,1.00743988821301,0.236192385196034,0.251512504801738,0.331299097510834,1,0.999999999999162,-0.001075736819706,0.234052715084915,0.760098669423681,0.101009119506613,0.824835030619614,0.0995232118608951,0.748693498708642,0.117710400862408,0.69123506916246,0.159481922732239,0.816617741611247,0.157396474103875
1.09932437469217,0.125937257201059,0.947831751308306,0.125327192222204,1.29932536411373,0.268899802342604,1.19170411863904,0.395359616441804,1.1836543542046,0.285341364384293,0.529955210898064,0.285811841248223,1,0.951221639787914,0.341168912738812,0.250778087076529,0.813288166863625,0.0885877616477284,0.58764834370978,0.110884330796539,0.997376410470921,0.136719107892419,0.728518105986317,0.148785717086511,0.607485757562103,0.160238022031712
0.99110629206237,0.113809877796592,0.879960635738978,0.108259632839451,1.24191324334874,0.227685870854295,0.585679660448753,0.237378535669476,0.785249028087766,0.192301838869627,0.514779686716903,0.179787937519971,1,0.920728756456463,0.0373832567690412,0.24300065703358,0.786589454406052,0.0922525226436687,0.727766420668359,0.0964169669857808,0.51973591704985,0.128166198549819,0.71700856839891,0.145067503157264,0.712216386680728,0.154344074294542
1.01955530840166,0.101891205949029,1.03976236258405,0.112496157250274,0.894434057780489,0.15917253689676,0.866218969212968,0.307234123820427,0.814367722339989,0.191676788670191,0.574647294577291,0.223950939705619,1,0.925193436403593,0.0370513876027889,0.25078252134639,0.598844251379988,0.102840697166458,0.816801739562178,0.0998186037016743,0.580744656142039,0.103904197118249,0.712321574222491,0.121024062393979,0.597166149661764,0.15018830160741
1.09181936749479,0.108305563073762,1.08273521864396,0.123720599136452,0.944190019087717,0.167907856654675,0.390381727323353,0.192417880776484,0.527161832590329,0.156808028164908,0.711276647801716,0.125857835407968,1,0.868299429672212,0.230846240843002,0.258991290150469,0.730616634842184,0.0964548821116464,0.692884409754841,0.0976173786166128,0.866410674234655,0.0927763400781041,0.743444154106088,0.134536729615123,0.769883522870963,0.165082551601701
1.11698568348877,0.132131477606988,1.04291527873683,0.120962199858861,1.28845767552029,0.273937953162766,0.822717338885179,0.379196429087176,0.9195880823876,0.275928743744588,0.726178274556472,0.124839942735435,1,0.893167538708374,0.351627559083808,0.262580352382024,0.727339990037588,0.114373179610076,0.684037298724128,0.102440434417305,0.622490845239641,0.132526846958274,0.729231857632599,0.123918743373914,0.88417996766324,0.165720572978164
1.04455409606203,0.0999022744659045,1.0362255348439,0.107533728768389,0.845402644174216,0.156821361426074,0.313214832673523,0.19051515998483,0.455088427848248,0.143122520429809,0.539817935736435,0.211742840456511,1,0.884387979607489,0.147831211075982,0.24517162279133,0.765957449574194,0.0982690180448478,0.592040973460279,0.0992211612886572,0.445456102360731,0.127690754053514,0.870837929127105,0.121833225161122,0.346149571157574,0.159751709251967
1.27576218401536,0.145012287129266,1.19134962354122,0.157697413477248,1.69500590879631,0.362425841571889,0.667888710200338,0.265235981293571,1.03259637774971,0.26020569981803,-0.0289775113700042,0.221384089408346,1,0.970494185681267,-0.288372423582083,0.2287177802413,0.913550035552319,0.0994186323738836,0.781472557136222,0.11899360145391,1.06274708318803,0.129540659791875,0.711415753417342,0.15524097354861,0.877996917077836,0.146184563577045
1.06513368745058,0.125547099229523,1.14943216656047,0.124487300663885,1.26544505064983,0.247417870745867,0.612183007383356,0.239789066373171,0.577129650544298,0.183541987101024,0.665894498113532,0.176793521957217,1,0.65570894177428,-0.0462701011862692,0.2474802018319,0.925341257301324,0.114812247925979,0.617797839344808,0.101056006963166,0.890794982274417,0.0881507011227511,0.659055878857171,0.150958922882164,0.9834582676806,0.156695757326536
1.03289848111486,0.11635914660505,0.939832192810883,0.118998032990633,1.29300348728212,0.246265434287294,0.484034668054624,0.186144058678915,0.684991961209497,0.185935312267467,0.296751141710959,0.295604056209158,1,0.865859432818057,-0.128820776897057,0.237299738406002,0.716258445937717,0.0980549723988842,0.787855955710233,0.0986959117768301,0.747717783972736,0.119126517918058,0.671748697601272,0.127968879077106,0.797308420059202,0.170976385779809
1.03838941633819,0.108723835727971,1.05900691413569,0.102653141219353,1.40914057090895,0.240689779754342,0.509606350384616,0.20592207578685,0.755675260610361,0.188575276858939,0.668228368723998,0.162477455121709,1,0.891744889983048,-0.105871258306889,0.27451294231578,0.795730396129839,0.0941731257559068,0.745946199544387,0.111229517364855,0.726864311247949,0.104514878146632,0.794128871837369,0.122034623770011,1.04590844509069,0.163446555008213
0.886195534062852,0.0873659877988212,0.85529993652789,0.0991952825316895,0.705603346420315,0.127465173062759,0.431305021071467,0.207629514339473,0.526550199797856,0.147858973114257,0.684014688602978,0.0990265252854417,1,0.954480826930974,-0.210553383122036,0.223381198392229,0.621379481371757,0.101543298201329,0.531176818295241,0.10314083998264,0.701054893229155,0.121333714682588,0.587919117197101,0.123293718882953,0.247343381126807,0.194275707394241
1.0823987018929,0.105917716969741,1.11701760228349,0.11943468494153,0.846632162300619,0.16611355910488,0.546915489957145,0.268802943364603,0.552654707281222,0.157738333886242,0.581859363089721,0.130919140084753,1,0.812168946830257,0.0266917458629847,0.246128073191435,0.732851833472395,0.111925536748892,0.556957157950996,0.104279997746104,0.676871567333143,0.119093455445362,0.721354842172423,0.132093672635266,0.537900557306334,0.151971341297823
1.05969056288013,0.0966244574476077,1.039216969613,0.0983057114463344,0.660110485758885,0.141539961576398,0.336375097576677,0.192452541097788,0.451764559816918,0.134881219758182,0.636289375436866,0.145680588399491,1,0.958720301895507,0.161079721455759,0.237249393098517,0.653449358223878,0.0861097297016447,0.683691591293772,0.0915736146734443,0.650183021532169,0.109643291510875,0.377969553135271,0.161438726482521,0.532903106479546,0.180348594338247
1.1258932370908,0.100579659499695,1.13208026225714,0.0996314448796576,0.88009000340143,0.159532988231663,0.423624499974596,0.174765578023428,0.572106099891724,0.145642016025163,0.702718699328273,0.144901235537345,1,0.936963126062763,0.246700995244026,0.239824834001227,0.747238818986751,0.0915550401343274,0.604029880733405,0.0988824886410694,0.638966616939523,0.0979831912174992,0.547157115064925,0.111516675818814,0.702699386476656,0.128479251711392
0.953506159747918,0.100259384149623,0.944406644125334,0.102881785045327,0.95713077757841,0.167487763365986,0.710204046581001,0.224818457296203,0.775239998073341,0.164431845100541,0.391824473468813,0.258436243923562,1,0.940283812870873,0.0392255261178388,0.221321050803077,0.678168491138319,0.0951174923172362,0.68778545165949,0.0995924912234736,0.661003417872171,0.108952030127273,0.645491128698258,0.141323917444483,0.502005629633891,0.167398025020618
1.00180054518997,0.0940678570989274,0.93411605357208,0.10773389118546,0.703259055453726,0.129458325353894,0.219967389845437,0.101864458324087,0.393311656086196,0.111161976058927,0.643884869774552,0.174995521357231,1,0.999999999999813,0.259754919940329,0.23659353987058,0.508938739283995,0.101061271650471,0.77200689827298,0.0867506251469523,0.598259778918543,0.104837765651968,0.725710305766406,0.11662770453427,0.462069425659023,0.171978806827103
0.973963503596596,0.10120597285649,0.923449134257347,0.111125289530348,0.828994604662016,0.16563313025927,0.669328454194295,0.262464497454112,0.690739828618353,0.161011901585944,0.469077967928173,0.221800051271918,1,0.927297315496076,-0.161594675227437,0.229056410693228,0.612284424694218,0.101236047689221,0.71787941049229,0.0989055418221949,0.595469686026701,0.112051022982538,0.644806737428034,0.13517944793713,0.636509097703587,0.154327070600261
0.963245751601517,0.0974049919877453,0.956078975255832,0.108769850848425,0.941048744684279,0.160960735967613,0.578680976620421,0.223992114684994,0.70452968604753,0.166575584722037,0.560547615142556,0.198407254409396,1,0.954714754884662,0.173459006849585,0.215121824933327,0.708473634313972,0.0876229447246621,0.544098524449582,0.112850873059113,0.600136465670147,0.113169657756746,0.787629543414157,0.112788074851122,0.686249714818502,0.133368058791143
1.01448230610849,0.0963174435687628,0.921116949419757,0.108877397694337,0.801917612706128,0.142043729181107,0.53905276178784,0.157732747084046,0.630738752822203,0.133331630885614,0.655185669420421,0.127933504907309,1,0.959332154582822,-0.0012785229954088,0.238581953346174,0.750325246963529,0.104626148632775,0.745377577775672,0.0946784619058651,0.544535457879446,0.110744865381695,0.721800924285099,0.127886367918891,0.660347856334761,0.129320699425729
0.864061938396336,0.112374924453444,0.964627487158763,0.114939972301283,1.08872858143035,0.229679238272454,0.49278053772766,0.206225118402047,0.563554447124352,0.162127319386583,0.672065214523973,0.177486049027325,1,0.769394886445257,-0.293593097315331,0.290953882475826,0.728475069152682,0.11204684831696,0.682931281448965,0.113665166249461,0.764481694377107,0.104447724837197,0.458188938882956,0.151751661406979,0.774774577739787,0.143990568381779
1.04353232066777,0.116718874945762,0.975568357806252,0.120601113465275,0.974627993938713,0.18995942686799,0.953655679094332,0.327912677282093,0.683338812111243,0.208261754218814,0.750162299213324,0.121669195384809,1,0.708795330888586,0.404252225011088,0.275020045621537,0.522222481117225,0.111687001925841,0.939430810821348,0.10330762049063,0.851518841693037,0.115885609628381,0.789040022007675,0.133859615218693,0.660117277735073,0.150261941253986
1.08665700628732,0.116778949693386,0.956139575143017,0.121177234616879,1.14583954368378,0.226816572357574,0.263573936789318,0.101725769112225,0.486513290890951,0.139734033785926,0.639051759066205,0.14435312574836,1,0.885281878610448,-0.0844320309711765,0.244819979806853,0.691617852141089,0.103583698289199,0.711505381177879,0.113296838505057,0.725369463963107,0.0956700404638454,0.60714252934773,0.13444299512229,0.637327525669945,0.1423366384478
0.972978139675674,0.107464576959321,0.87196979417033,0.106801899603996,1.03362949191746,0.183289332133075,0.684687743081583,0.231616237320987,0.743958710157119,0.181975605680244,0.70788352585801,0.16372608187254,1,0.884341711888112,0.0445853723886027,0.281831679081422,0.656349541531375,0.119630939391823,0.756142930796841,0.101181971818874,0.761326466331974,0.101484400998109,0.588025815554909,0.141859064863592,0.793280504848261,0.141001197379985
0.998023542484259,0.115750461888508,1.00680399425322,0.126817102200949,1.02490493319362,0.20536484564565,0.549763332529323,0.291238103256571,0.594370657714124,0.198297813786289,0.717212776939128,0.117774345939819,1,0.791822219647016,0.0644285262405856,0.262630206311019,0.654446628417856,0.110983144487032,0.806407382722217,0.0944723393607642,0.750611827030832,0.127225596294663,0.383462981521738,0.144820573895661,0.575141621834971,0.149120633399772
1.10041038562508,0.106036416233611,0.975457262195554,0.105305252396623,1.10607022696796,0.19581741642449,0.688966012231837,0.264499741960508,0.769047298509461,0.195697300336985,0.63362348122285,0.19727964352219,1,0.88097341061319,0.299640456490265,0.256455893141058,0.685850100107748,0.102052648671059,0.663390971946993,0.0949785971125915,0.783248158699499,0.114967836552638,0.705720165004473,0.122867688143017,0.647888264130916,0.146645944776114
0.903386082586053,0.0870078518495474,0.948233576558473,0.0952700198236905,0.688878821977811,0.116041243075129,0.384014152341024,0.139633915026765,0.514333760205696,0.115986355911901,0.629869924245779,0.108618328317407,1,0.999999999999694,-0.158392001951177,0.205571714081233,0.64001855238465,0.0862617966670164,0.72060545861761,0.0853796805941886,0.567076609502806,0.120401972409789,0.549985590947366,0.126401226755107,0.667526619547778,0.138126861595886
1.01049138673704,0.10882528980433,1.08319718652393,0.130792823641291,1.27748651609645,0.234462298080927,0.89948490661626,0.30831085488447,0.903815384883078,0.201734932728203,0.522747649590055,0.245636105104518,1,0.843149578286702,-0.209699613394989,0.274248521172894,0.743731062905826,0.106190420521069,0.545503428341896,0.107496920391952,0.793822316425,0.101493691581262,0.770031524018613,0.121967851687853,0.551470414319889,0.155262339379793
1.08817806040063,0.121428584569146,1.10991484635701,0.128970245243786,1.17360194012769,0.229172360148453,0.360041834199929,0.202667272990398,0.541339574104575,0.198557572294981,0.615162627150793,0.229366954282016,1,0.832784982084042,0.122169447780898,0.245453635190145,0.780128725296393,0.112161665045441,0.832565757662951,0.103705220391404,0.735363750375337,0.108842272777643,0.794702471101481,0.118886623445649,0.472303817721062,0.195778429003441
1.06110271751106,0.119558954086584,0.994986061189998,0.108140949682153,0.957024531125009,0.202369518883025,0.408304791059062,0.1675703032721,0.587161894639429,0.159168324905551,0.375930227142606,0.333715128104503,1,0.93929949784934,0.466817601298505,0.252961954291373,0.606843223273897,0.117738809870925,0.639557166922814,0.106473509270595,0.648955497913542,0.113170755803484,0.729184703029208,0.132734325425451,0.523325742736815,0.219428369396378
0.902247604229591,0.0952627617000956,0.774983303417091,0.0979833046945051,0.753933613876998,0.147626685369106,0.326464220445316,0.176539566664359,0.442030448000722,0.116331496036626,0.482217743417545,0.199322950597302,1,0.890979756604942,-0.133709151238345,0.208198521494829,0.635155115225567,0.0851412920349548,0.630200071348098,0.100119393694538,0.671377348370313,0.111018187384244,0.639448880820415,0.138087649309209,0.62405687354351,0.19262875634989
1.0332410651046,0.0942971618420199,0.869668688757108,0.0993002982278108,0.860204507395204,0.159392427224413,0.256522798464333,0.114841592283081,0.46974681211015,0.126954453574689,0.548343624704945,0.203929476108283,1,0.999999999997729,-0.0736936737708541,0.238475365360818,0.827527616062994,0.0874793191518803,0.700085351706214,0.0970733981033994,0.650083546885114,0.108984792983012,0.52867852083771,0.123270320724167,0.608894229493825,0.128584255099525
0.988467359648335,0.0999248884941102,0.931584959559263,0.0924192875309175,0.837669525660115,0.160791212159313,0.314803689143376,0.0995187207532039,0.513518700743754,0.106131175984547,0.613595670587392,0.185554369312804,1,0.999999998203968,-0.10359161708836,0.254389053950638,0.728969496594315,0.0971857969119782,0.612248885190559,0.105872758929495,0.744899661635665,0.115564417848906,0.737661851374768,0.120378679132934,0.672642592286911,0.161562863393728
1.12738389026545,0.110494471872314,0.9368037809114,0.105525858173226,1.08282437513559,0.172420162333465,0.344542914376326,0.132687690190431,0.5471233432124,0.148401698399818,0.502798844755045,0.239383323923099,1,0.895745368466738,0.148510970760008,0.25348613667271,0.8386025637831,0.0997381582661824,0.772083541315609,0.103885585235586,0.598206829400035,0.115271223139728,0.683236473362188,0.102562087664487,0.839610812108861,0.122696865298609
1.08815259119345,0.11717794936399,1.16332790798901,0.1279220743326,1.26984142799941,0.231103217175929,0.849860188678087,0.32152284213691,0.915535895933644,0.218792498388489,0.539189427316081,0.230445971830356,1,0.881306327223194,-0.251215395438566,0.272371403100555,0.814749166077534,0.101249679872466,0.624770535614462,0.105849390950666,0.75492795399897,0.113341916492456,0.873140258340391,0.130851057805923,0.795454678542535,0.146102625398691
1.0428775361535,0.121030277202717,0.987567442702293,0.126495386170131,1.60743895337006,0.310181693423158,1.16176905664559,0.332457334007658,1.36655509821161,0.29397266059538,0.0174842176436107,0.247816893574999,1,0.999999999993583,0.0702117094913776,0.250173990150889,0.774778264540297,0.104977441992257,0.858301958105198,0.109469889161671,0.906146691747125,0.121292326486783,0.963114698862077,0.13266184180696,0.903846429622773,0.166031641938429
0.915182450962809,0.101844522186578,0.873461259153964,0.116341628139398,1.03936794621939,0.213769925101011,0.637003946597583,0.282073848607334,0.674122397936019,0.193405728229519,0.600908166872756,0.186738941229088,1,0.828481921161812,0.0160909980172899,0.22825786947736,0.640727290506794,0.0979163836683487,0.485086687841767,0.120701308008267,0.697213756778412,0.135792457039387,0.797490290242292,0.127911171468339,0.611882411373312,0.139648186578032
0.98347980684267,0.114240593981236,1.05416608998627,0.127676315668253,1.05765265855032,0.214517809779347,0.690904074981868,0.240752940604635,0.791226620261983,0.203110992136501,0.687686617206142,0.133942966955881,1,0.925593893152302,-0.214398754520032,0.240767280621812,0.717357861813882,0.102971331298791,0.785858293652878,0.10576572280599,0.748025083960344,0.095895936249975,0.65923608267836,0.166543259207889,0.955641381799224,0.167408429337668
1.15474913519989,0.118842742259159,1.31213860494885,0.129539187527595,1.47381671480938,0.258681265740764,1.04919655004857,0.365308078509481,1.12291351815845,0.256365471839842,0.451681877029603,0.221103575799353,1,0.903017453345732,0.126734294828737,0.208848558611564,0.801072541079838,0.09696671590999,0.876207274226584,0.0946867194126854,0.798381995081559,0.120343050545179,0.870944371908167,0.146231592639863,0.711763446842286,0.183109862078864
0.948180805293956,0.109216666310451,0.981174027355735,0.108418413108929,0.854197205869685,0.168541288526523,0.497261389415459,0.206171903952635,0.565966832129134,0.174252829065481,0.775914396611552,0.0768054146068302,1,0.868399446108279,-0.43504870303426,0.254035180510265,0.768254216766971,0.0963780110747069,0.693746443503675,0.0889135970964638,0.612707484318954,0.123780115473741,0.617642619601543,0.1265218205356,0.752822267360135,0.145958428484348
1.04515437604363,0.109457637375897,0.983434694486454,0.1077153077772,1.11472855623526,0.209721983435958,0.440932437630379,0.2067576748779,0.615601224803286,0.180270543098152,0.323756634668421,0.206366504688564,1,0.878069490236229,0.222093705236907,0.232160937669812,0.82273136103855,0.0801421454366068,0.741896574736815,0.0958238751559365,0.688858868563706,0.15226521135977,0.699511237603801,0.132120833504445,0.613011918656677,0.185653788893192
1.06573169288233,0.114411371538356,0.95149490595428,0.122982489612581,0.996506171551307,0.199249567235371,0.688229817112319,0.263500204377069,0.62808957221295,0.179559140976707,0.785485435856736,0.0721105521262855,1,0.758428849699736,-0.4875149398012,0.246892636036399,0.830420473142811,0.106075858855579,0.80418947306684,0.0953733452944024,0.983407198716223,0.111046532669732,0.739834887425549,0.144408081826273,0.771891903522809,0.137054817289346
0.97933130661209,0.0965675764740801,1.12024684875447,0.108814190811649,0.822270472294765,0.150107687637936,0.539632587271665,0.217507262206885,0.607267792014067,0.151169877448831,0.654343208849664,0.112782289068928,1,0.911640931793105,0.0305410993189457,0.241653046869616,0.6339148778013,0.0977357328522232,0.675426629495663,0.0956096199751217,0.681191470085141,0.12486928064542,0.634291086236314,0.11420861270939,0.863229318821593,0.132770083106343
1.01893730917538,0.0987195822043047,0.99121219997287,0.114445698888563,0.887633929225359,0.166422388808391,0.535362381801857,0.18309792765726,0.655873159895392,0.147534794012236,0.44380760641699,0.217641148693066,1,0.951434698159712,0.0543166283173723,0.200685309815961,0.629173235063347,0.0959695916332968,0.566146879693047,0.0971886368979917,0.807864148185628,0.0988081726108213,0.542521261666103,0.133861189384428,0.5520739095725,0.149782239243203
1.0883987730131,0.105461473814679,1.02196200046054,0.111874948520441,1.02045830058459,0.173636937686856,0.759579995222369,0.243158957185489,0.880408831776732,0.191019787685576,0.625480986056328,0.130026683165627,1,0.999999999992133,0.0563090228115773,0.234649536603892,0.617560785541965,0.101800614446893,0.789366444226547,0.0959787003438435,0.46369036300387,0.129191364653051,0.924403454389558,0.101057840960524,0.699540748034753,0.124936609623898
0.951222778450228,0.102913200244518,0.852726144020744,0.0961268193219323,0.968667945092463,0.17491085013156,0.215826900546203,0.16355018288183,0.428125242010781,0.150159921297644,0.549350493671563,0.239095733686068,1,0.936333546069966,-0.0477998715774366,0.23671986093355,0.711946153940948,0.100046079529493,0.842567341577816,0.101061923404677,0.422919783561804,0.136426657851807,0.660174866638009,0.119490794367591,0.553499177583705,0.139363926558734
0.918003305758523,0.119061500176441,1.02898127024475,0.129327626391116,1.40775270912613,0.271270869170291,0.929484874969309,0.340281402313379,1.07225242684669,0.277942746004313,0.29365210657501,0.205868052980478,1,0.937373536185497,-0.114158528045068,0.240508821631921,0.693715556916036,0.102981763993183,0.844313452573331,0.106767866263917,0.844872767074789,0.137758114408999,0.780757548289052,0.127261139144067,0.942173657606706,0.151891833517988
0.954051231689927,0.100031795671167,0.946323341716098,0.105274410479951,1.09659611494107,0.193714153441673,0.5795125688528,0.215435901828233,0.712552460953917,0.184865106027015,0.588872771301437,0.151562112942679,1,0.893844687018456,-0.0469793563629553,0.244055176604052,0.579496486016855,0.10037805236267,0.693414030450146,0.089293648479842,0.794511442993329,0.109867675936719,0.623598100835166,0.128516653110019,0.486788895521095,0.179150536753463
0.971584251144904,0.103475427688447,1.11499359200258,0.110334179748881,1.02302502870713,0.195553286736514,0.63894765112739,0.236184821141913,0.80849206279815,0.186156172108793,0.455355115510972,0.207759313522224,1,0.999999982001831,-0.0917414353366346,0.213942479057395,0.684305240819234,0.0870501218401676,0.644365227856257,0.0970539280476864,0.705561766747987,0.109583480368124,0.727829589507242,0.146931283817526,0.826546384135969,0.160239475460019
