"beta1","beta1_sd","beta2","beta2_sd","omega_b1","omega_b1_sd","omega_b2","omega_b2_sd","omega_cov","omega_cov_sd","rho","rho_sd","conv_code","omega_cor","tau1","tau1_sd","tau2","tau2_sd","tau3","tau3_sd","tau4","tau4_sd","tau5","tau5_sd","tau6","tau6_sd"
0.956062681204823,0.0554928579639233,0.974684090050774,0.0822268815372945,0.236267706900553,0.0355810400448325,0.850775295546932,0.182847231825984,-0.244196961218026,0.0517839537811467,0.455159464507244,0.129729170465266,1,-0.544666465257159,0.0105403180567022,0.166008000456042,0.629573711099229,0.0683605085927966,0.61028931830547,0.0649685257288579,0.71198974233755,0.0707016435726875,0.773826116574429,0.0816730358716088,0.573777344351454,0.119287355811236
0.990694990612665,0.0646807601818256,0.949882777062336,0.0846150131178117,0.207140208461923,0.0342725069007558,0.804010768020568,0.163827122150399,-0.248626586719734,0.0510016226831041,0.272270066868924,0.168512520359164,1,-0.609234418487063,0.154234718529994,0.162503003213202,0.634522752533963,0.0798895943606282,0.548163555782114,0.0727834801918777,0.609425825610659,0.0735758065636172,0.735331024825619,0.0914448334710128,0.530551057851251,0.107229550700387
1.08848930064828,0.0721334005987468,0.862597581860154,0.083589481121017,0.254909175772947,0.0405790612791802,0.836338926698343,0.172793762969842,-0.308966891897979,0.0535100812073398,0.186161099109964,0.179280845449328,1,-0.669157044165736,-0.0385201745705713,0.170832803814597,0.814504463686211,0.0697323122846259,0.712114865651099,0.0707256675213815,0.725786946535392,0.077445925529024,0.785837518906956,0.0834888642801261,0.634261116033208,0.115342508900768
0.931075394959004,0.0561324928877275,0.86844473086123,0.0746688765110229,0.202539123239205,0.034048787397966,0.79901558195648,0.17955013289922,-0.251419537720495,0.0523251573708303,0.509765993928812,0.117566924420338,1,-0.624981175173148,0.126620794227614,0.167394099871021,0.502021964405269,0.077447185244153,0.673769115055961,0.0630727613049816,0.589551035879397,0.0727578863940269,0.641286430406987,0.0851040285450606,0.391682740996577,0.131923088944121
1.02420776002116,0.0569355231133259,1.01607111840092,0.0860960990531966,0.239237299542234,0.0347176809285857,0.83837372888146,0.181875295253424,-0.301683935860469,0.0522017931394213,0.253899508058698,0.170545124505413,1,-0.673626105226146,0.279217361487818,0.165538300879041,0.568633870612098,0.0732466471378246,0.816331902907533,0.0636940058169835,0.671982499541282,0.0760219722018969,0.715414164814407,0.0849976435092257,0.714787429810239,0.0985678130008739
0.938433630497865,0.0582385786973541,1.03487273538247,0.0900749279961206,0.227809661900878,0.0320256066562979,1.01053096544142,0.201670158275639,-0.324452636180593,0.0578268734924036,0.311770763661325,0.137411015720166,1,-0.676223757183239,-0.225811798386442,0.161698679030034,0.647247270263051,0.0783665057971866,0.697110754021487,0.0649970796605128,0.743178012062694,0.0725944962449747,0.663044703591725,0.0839455775401671,0.512086516239242,0.1175431753488
0.967641618164757,0.0604544123297006,1.05672041129478,0.0876143694356832,0.22002259142902,0.0348653643641047,0.864170190993792,0.199835198591926,-0.239216449146917,0.0496511465993763,0.40856278046504,0.137622091316794,1,-0.548602473077322,-0.0559438264833769,0.162518007553008,0.596015838864886,0.0806212141161633,0.786703324146496,0.0600054575598781,0.606716169984296,0.0768098335289646,0.755941501198606,0.0776650157017226,0.663157401330092,0.109974635080525
1.09826845658856,0.0672931653703172,1.10080216034001,0.090015758021057,0.274456086934414,0.0409355971127305,1.2273214304079,0.233189285205255,-0.395948804879168,0.070737277281472,0.45107794514934,0.134485704666893,1,-0.68221842452033,0.289597122368733,0.165374401930259,0.730387342113247,0.0639669705035199,0.672982509881939,0.0705102254794068,0.756028147196112,0.0711039474571401,0.749189200556304,0.0826938593329337,0.820150874517572,0.0997893043162365
0.866536234333361,0.0513604078340941,0.890197659155688,0.0743654542169832,0.211850781202003,0.0332195593940071,0.703322591992843,0.160055909189726,-0.265318861041561,0.0492873743111206,0.363797382033111,0.123054340345233,1,-0.68734662637527,-0.095162777155043,0.143518751406694,0.660626397504581,0.0676162532263956,0.566130368088607,0.0612089623096851,0.635422374701883,0.0704964928233865,0.538010685069151,0.107745492849694,0.672502279132887,0.121295511289982
0.994437333363732,0.059265527437532,0.905033059461303,0.0847014277497083,0.237690419292611,0.0360542959051532,0.89011493436668,0.183847352844305,-0.265129985683915,0.0512102435943745,0.0866114334915603,0.162276494093014,1,-0.576407955352152,-0.156001150274617,0.161290324764354,0.691668428196014,0.0719869234961107,0.64649466282392,0.0721686135123681,0.714097722472513,0.0698783563309793,0.798948418568295,0.0860435024769738,0.510809000439733,0.128044507804742
1.08807067296426,0.0703466197298887,1.02293521556211,0.0969835023594425,0.345503750077042,0.0526106458308663,1.16225831733117,0.234960945885784,-0.40051022505748,0.0738112434781995,0.0564262646264034,0.174940153224157,1,-0.632027381838875,0.0640313802528423,0.176645309891253,0.727664989888121,0.0809395296647459,0.790941854622949,0.0689607781406284,0.759388349761586,0.0794068940227141,0.734143524479358,0.093037544633256,1.00913175465513,0.103594879781753
0.970658667558549,0.0673639459819836,1.07090006874169,0.0972121456236337,0.300558238492296,0.0464213959547832,1.25357240241869,0.272978393770505,-0.371902698051493,0.0725973527222407,0.234732653332437,0.193623341573155,1,-0.605885137695367,-0.133980452309424,0.161792127030032,0.673642185252842,0.0750733960645166,0.759234147619312,0.0677013750927998,0.67647647491335,0.0864210736592229,0.676125193375768,0.0945399466721056,0.78650764844518,0.111881264368054
1.0151213487364,0.0643838775851429,0.878236608607419,0.0855664572190426,0.279873950391172,0.0445469071035332,0.917205624521473,0.197738981880789,-0.256339641124865,0.056051505243075,0.216140502201374,0.155813917623647,1,-0.50594251866057,0.0156354002520603,0.150288009912569,0.699832685317799,0.060620764409429,0.558561396278615,0.0720850335487532,0.734792458771775,0.0776510212477336,0.713444240282729,0.0900758314602235,1.01864474657912,0.101745354634061
0.977958684561347,0.0629690548363394,1.0226430761562,0.0860343372147778,0.247431843156803,0.0357056563525718,0.742545985518928,0.190684000535084,-0.259064695821301,0.0530521695411994,0.143370904038277,0.17444846983814,1,-0.604392074795052,-0.0677655903312504,0.157414426062917,0.668845601598256,0.0729080281050943,0.68676702657637,0.0663902587731237,0.655712233221234,0.0804831034096661,0.687129550640787,0.0914361858032997,0.733180609042219,0.114564876578432
1.02172353764015,0.0611643514545832,1.01976386521556,0.0809552584783387,0.25581838778195,0.0374206041405238,0.657576448505715,0.142794778872877,-0.233343744643237,0.0511329148946962,0.208957503772928,0.150107853581214,1,-0.568927804595146,-0.0520752240808678,0.166990007160796,0.812956088918292,0.0688847167931102,0.717943902722412,0.061634720098018,0.594932566692683,0.0826448981388807,0.658650913913993,0.0964468477300692,0.812360502876816,0.10070770151988
1.10163006249534,0.0652752686392721,1.13593998664982,0.0968193098489933,0.319654823171156,0.0487534519313356,0.942828388293239,0.201690155218386,-0.290078892379861,0.061481833348436,0.251929769749439,0.164137064710539,1,-0.528395575400849,0.0601865572481812,0.169207582441276,0.726888432874046,0.0809799033077463,0.790760055597465,0.0712166169437386,0.79531121940708,0.0775629018303015,0.842193530544287,0.0913712029732666,0.716001900544145,0.0994068057175339
0.961237147638315,0.0590443741182246,0.991357041038509,0.0901268497789111,0.251572253611183,0.0381065656948822,1.10574897651987,0.227319107505091,-0.360255436615041,0.062479799396805,0.352291961632729,0.168211446673839,1,-0.68304749087355,0.0232551174884054,0.17214046006606,0.523520593345456,0.079926644238719,0.735883731520794,0.0645018211274453,0.699572867739808,0.0728708453425732,0.614646812729525,0.0834027851758804,0.712920139121901,0.105600991022986
1.04622142809687,0.0700012346047009,1.0286804077129,0.0886997443494704,0.289625897397572,0.0432018001154972,0.996366704194382,0.219181965183262,-0.309565552709122,0.057063370562079,-0.0166013246279535,0.160004418188904,1,-0.576267767421181,0.23549379054643,0.15388602993454,0.69185634496322,0.0722566937632957,0.701400966055206,0.0752145331484687,0.665775838863063,0.0817430863391619,0.876900259762697,0.0882884194637679,0.990296599492657,0.113191397368603
0.974775460007199,0.0620427586846978,0.892636757117209,0.0795841243120354,0.207100785772913,0.0347329324281354,0.822698071285174,0.193239984990405,-0.265567204516777,0.0515291307268709,0.250241698495968,0.15173878468708,1,-0.643373737593095,0.102008719424489,0.149768068079349,0.553138419182697,0.0701212121934221,0.735685963203841,0.0639932822045968,0.658810205866279,0.0784976325788238,0.759624540509221,0.0859388831848796,0.555505075488545,0.109442934436999
1.02858083427104,0.0726379950500389,1.05917923994584,0.103010064216061,0.275842070583126,0.0468589742263129,1.47311152049131,0.315589221122119,-0.31559263935476,0.0682563200939418,0.114122711448473,0.213238957745866,1,-0.495083896625314,-0.145807562823268,0.170242170898338,0.866693229221407,0.0768968253921325,0.71558232560675,0.0719599348384891,0.688562172264416,0.0819830951299332,0.794824428615129,0.0871551683703549,0.623815006802422,0.112797066311643
0.961061397012742,0.0585898105207195,1.01124123344657,0.0907933545675764,0.245090363892735,0.0346982312863245,1.24957663051771,0.22724980849272,-0.351233889253518,0.0593282748991105,0.395064692411005,0.112383756555291,1,-0.634675665638618,-0.153106549266035,0.170914739431375,0.681295482383065,0.0723961371604552,0.63957236350277,0.0638510321649802,0.837846705917089,0.0680212103772347,0.583317988161227,0.0944150451016824,0.67114070875116,0.107172936542458
1.21379394325565,0.081991065288182,1.07177178323939,0.110774255153831,0.28531707719043,0.0469046169309028,1.78319157222601,0.347673350948038,-0.366172108693296,0.0757789078750453,0.156893413686796,0.194379930477093,1,-0.513360413831727,0.248829264259212,0.169777513190736,0.716200805638665,0.084962980347007,0.878812382604339,0.0723381172182983,0.760544191957331,0.0795875628675227,0.796646526577846,0.0906881474729152,0.850711861467933,0.10618244696841
0.985027701602292,0.0621334388983692,1.09439359956776,0.0940309669861923,0.253967734750015,0.0385195893044094,0.882128656089779,0.20023071464978,-0.243326536207816,0.0505507143848502,0.279298769590169,0.165262714796775,1,-0.51408417595421,-0.335435522238056,0.166560263163234,0.856430862914054,0.0701472399826078,0.610473844315516,0.0663207860477069,0.791461167586109,0.0723626808024554,0.683221538321403,0.085070432874816,0.743429594571571,0.108401269459275
0.991660320267466,0.06754467019767,0.931449359743879,0.0818168600841826,0.24538695367907,0.0379773760333927,0.738566579400596,0.175768282478965,-0.238607384216197,0.048987639768897,0.453729215996752,0.163924532154801,1,-0.560484128915321,-0.309759885540402,0.188780366981952,0.856805867195976,0.070659520930013,0.690749880533677,0.0703977793956792,0.57393465372475,0.0755989582259453,0.716548643116467,0.0886014527051619,0.646738210174283,0.112286955694203
1.00221574249647,0.0606491854068254,0.91132901031127,0.0805525793153705,0.209207577528632,0.0352187620668185,0.774695937059063,0.159475565839153,-0.22429342538428,0.0453307048763695,0.321798997311189,0.152576315393986,1,-0.557137253578468,0.166108962345024,0.160977822082277,0.645415637061397,0.0765266769756048,0.562762196615977,0.0676935352736102,0.667485495375941,0.0657236522255044,0.700556822969088,0.0903138280326208,0.657854856840273,0.109492305449588
0.947496037018602,0.0568142527874679,0.845890510245241,0.0833444023670126,0.225774239025089,0.0344751220614317,1.01027845425918,0.221673709701842,-0.307562862670773,0.0627924246684703,0.354225065481207,0.128596906119591,1,-0.643985598584625,0.255251067436988,0.149007796816246,0.580504551581596,0.0727872194811085,0.563332232330264,0.0644422919447507,0.660710175229613,0.0774416840654159,0.673053529936563,0.0851163339935584,0.814894169145753,0.101020397900801
1.05399114015847,0.0652430346803885,0.987553002739752,0.0906383724856148,0.272100621188365,0.0403769568702938,1.01816360755664,0.208198478213909,-0.317683168119915,0.0574892005693231,0.16529228947114,0.178522716829975,1,-0.603560283056346,0.126758213672555,0.158454411710373,0.720721158393206,0.0683855960117672,0.77303414566856,0.0676453960003154,0.67123735628861,0.0835884769910516,0.610396187409099,0.101573531422457,0.651486427334089,0.105688686630851
0.990580426250171,0.0609477132516315,0.85007644387138,0.0792454080973261,0.228736857871731,0.036644611966334,0.730957422095642,0.15699051192598,-0.25189112875038,0.0467550589042857,0.219925238580285,0.162484545802252,1,-0.616025595071844,0.0820636401082246,0.148822093275583,0.624786890419706,0.0722411495854617,0.668893075037319,0.064097309430658,0.619381902612489,0.0785806773312452,0.760583548547393,0.0789483876749213,0.517627044618104,0.123661999953847
1.0417076798741,0.0676251291240692,1.07914303837764,0.0970298800111473,0.28687229266015,0.0473180239746641,1.45496163923291,0.26686112138839,-0.333003104660365,0.0670644985168081,0.335268440882222,0.199224990156809,1,-0.515440107442593,0.156857711161524,0.162040550369182,0.619932930122926,0.0717089858380836,0.781847356038786,0.0697110196032257,0.773315637259892,0.0704607981407026,0.801530161832147,0.0923752904737588,0.587382077099278,0.12439873725777
1.0448485133367,0.0652534297628964,1.01035201865572,0.0920847625979631,0.282577363727071,0.0427894225723239,1.2249083257032,0.247516950267263,-0.361225286353137,0.0600257997338151,0.121685928879327,0.174213597254148,1,-0.613984865660681,0.153968037411872,0.158034640649755,0.73662993149551,0.0664063800483638,0.626084100912252,0.0702297092368022,0.771830021076154,0.0778196839450927,0.740711984672107,0.0927786737599323,0.885980697833605,0.0999687545358372
0.997434659627841,0.0594990598464329,0.825201725599659,0.0770135068255807,0.225614519266629,0.0335875001556519,0.734114257224104,0.158499644847795,-0.226646892776838,0.0421303049111659,0.343414216043269,0.129162651833651,1,-0.556909232467804,-0.164404749874315,0.162262092171216,0.62580794472803,0.0750874936566108,0.727389915470251,0.0604581375624792,0.684044901800623,0.0681593358913726,0.626533119156486,0.0805428520731265,0.704173715005482,0.110342418509516
1.01726465584889,0.0649019327854485,1.05013328848528,0.0901307445046804,0.262409677548207,0.0427729150331872,1.29337214003963,0.24639358807558,-0.367940899974449,0.0638179457096855,0.288140820543171,0.200289959654333,1,-0.63157712448733,0.0508761574757059,0.168106173696803,0.657855317672465,0.0751369814849515,0.76104109333969,0.0617657510159413,0.783484371089752,0.0798453389377268,0.674693728187923,0.0966613334683386,0.699511288823777,0.128296029431264
1.02872212567427,0.0592335504422646,1.09551906860989,0.089360091405893,0.22546821887211,0.0312547810031985,0.739904523159271,0.169558240549545,-0.193069426694775,0.0462185719974648,0.294193938056736,0.146984591739512,1,-0.472697166304043,-0.230115575401808,0.171129124732554,0.803781553860142,0.0696995017846567,0.757775383035601,0.0628370313206251,0.76906592172025,0.0706175038615252,0.554062402949656,0.0841274965854888,0.64938322409649,0.10361966972155
1.05482239152412,0.0654030874736496,1.04394936526674,0.0887794893489651,0.236064943162598,0.0377080122809963,1.12585685380509,0.223860609788178,-0.316102055662068,0.0569509311348282,0.4818982120272,0.120433123144189,1,-0.613154589975814,0.144224181508621,0.167357703504476,0.704044773982362,0.0702997289130044,0.706397099485711,0.069356011060992,0.735868468605867,0.0728243997946429,0.691636472910772,0.0932775217660697,0.655104075927139,0.119368305465052
1.04157645561595,0.066215417702082,0.93732716823885,0.0869766182055031,0.234698866675068,0.0336066016354553,0.945039884821697,0.197217125825312,-0.298721986613601,0.0547550179365138,0.168206180589579,0.175572652328466,1,-0.634288187630815,0.00994262458961839,0.164560226517824,0.684497521122704,0.0730289449604307,0.683328850652518,0.0675593797191563,0.675131526748993,0.0783378752370173,0.762595091947866,0.0884521445891328,0.768125521909339,0.104401413657295
0.971418477721529,0.0643928605852173,1.1275942131773,0.0889800395437096,0.222746823814875,0.0351335366241065,0.824076240256727,0.220117078687947,-0.210316830838904,0.0507762748370645,0.161871865124344,0.190247479164989,1,-0.490890437948792,-0.123232267772903,0.177910697502614,0.698953891378752,0.0760070749203519,0.676160797162261,0.0672807977409042,0.778485094666436,0.075147336547476,0.734172048280103,0.0937208985479552,0.730112197776219,0.108794283690723
0.96957943772784,0.0566659187998299,0.991801624567977,0.0917408493584171,0.230722517726304,0.033947705358002,1.13675714671324,0.225964182818697,-0.320544148969443,0.0591686712287171,0.449000837474567,0.146486096616723,1,-0.625905857910813,-0.162673913120828,0.162700553187595,0.727431266414834,0.0707106193182716,0.673166166877256,0.0654511049563776,0.774432700545655,0.0714878531537655,0.691334186773725,0.0936530186777935,0.557670247052846,0.110825377682276
0.967614150909162,0.0640830053996276,1.01980648357472,0.092328913539076,0.255525167864251,0.0390068841143715,0.993140705794524,0.245972366057211,-0.280652410550779,0.0621999255191154,0.278726995830489,0.176044311035768,1,-0.557117171233157,0.0951904414304354,0.153481474952159,0.631206360092615,0.0750237038513868,0.718162725704149,0.0673263606269675,0.670383184779057,0.079713500570445,0.58024494673494,0.0918492044918491,0.82775052599123,0.112279658579033
0.926420561311333,0.0577218415675541,0.989136012527693,0.0846920428165443,0.193877362822234,0.0289934194130091,0.939388531357079,0.182584984082647,-0.290149085144003,0.0488191410253471,0.461336968636958,0.115828908454065,1,-0.679884322454998,-0.118311852377994,0.16258071115372,0.751956756022562,0.0696022117903841,0.553731044734008,0.0674675199491983,0.62499894821678,0.0683885276547773,0.71336799931598,0.07816441082969,0.486143603545585,0.110921741820118
1.17437342041686,0.0769809144888455,0.855745001038557,0.0909942118902363,0.297399166781251,0.0516030391820977,1.32728009094387,0.25236994366369,-0.32914334772487,0.0718853388286141,0.367006068898302,0.179789790679077,1,-0.523882532528088,0.265297229588217,0.166127949160657,0.737714305311518,0.0791400102664796,0.707973946150026,0.0699187476375456,0.762023886698799,0.0745065347334444,0.923527594941925,0.0954152619219746,0.586277544423583,0.13637970894133
0.963940135633752,0.0572154138063001,1.08376680047963,0.0905692626479269,0.241676785655903,0.0365088137567573,0.97975805977493,0.219522354522659,-0.280184717209395,0.0586512126037847,0.309624744911579,0.142817969202339,1,-0.575794553295328,-0.262801376069633,0.153518865359563,0.734373916504998,0.0690689734591285,0.731816466807288,0.0599755290507691,0.642798719469917,0.0696949681561487,0.769020911775563,0.0892196943188641,0.807717138843747,0.110831492151717
1.0628954415746,0.0602816090125656,0.938715780626081,0.0804229490567031,0.280744391145266,0.0408409960305532,0.937840003550448,0.179235554526748,-0.332506398499188,0.0649411996140227,0.366646098204759,0.144254497463499,1,-0.648007579842021,0.0897256336407508,0.161396446033358,0.771553451110548,0.0595495684769465,0.652258740406647,0.0645169350435258,0.690718023946421,0.0781318262018711,0.702108121742755,0.0844185231756728,0.673000502182693,0.119118697432056
0.963438728350231,0.0571547310254638,1.01650575593969,0.0868967285683637,0.213940752830081,0.0324930437804134,0.830924903065825,0.193372789946341,-0.319082938699961,0.0541132225994304,0.229090754334377,0.154837899178109,1,-0.756790960134406,0.0621067155881139,0.144939321393464,0.64592189630258,0.0760286641312795,0.639497144422131,0.0680754870914188,0.740070429787578,0.0711797499686328,0.662195843103807,0.0864799742923752,0.703785278417616,0.111361709819504
0.97670554927781,0.0609211322185342,1.0056802678203,0.0832949941246618,0.224254927833891,0.0373350234310232,0.731467950281047,0.173142148242734,-0.279941771251481,0.0542523456157312,0.453377946067295,0.146148917733745,1,-0.691192564526188,0.0618501785699997,0.182076875627208,0.592380230582911,0.0803666138129333,0.717317388198106,0.0598612795195128,0.676828489261835,0.073315783478487,0.709888085948118,0.0912978170237826,0.493120823684503,0.12368575387476
0.933612230075587,0.0595966154084463,0.946326144068841,0.0855532322514845,0.264500189802561,0.039743379529673,0.743856611331157,0.17903993086628,-0.300568869560973,0.0584985834399152,0.172439770289197,0.163225220567391,1,-0.677620272314163,-0.228756522472574,0.154928326952665,0.696585849800209,0.0718213175511624,0.657969165682192,0.0697377320700481,0.664036548760733,0.0781510258218303,0.818835886088903,0.085657701820024,0.645203820251314,0.120481145155412
1.04866082691542,0.0629123958376964,1.0441869403857,0.0893550177484567,0.247936488355614,0.0384255995141878,1.0832561646592,0.217779346801069,-0.268081555296707,0.0589062461579984,0.396361926615986,0.156675766502982,1,-0.517286479112173,0.167801436920833,0.165258035428059,0.681746920408416,0.0746886815357868,0.749414456197311,0.0664740676432325,0.662122533495918,0.0812425790272237,0.668619530104094,0.0843454905536539,0.686928031180646,0.101978490278929
1.09285121326585,0.0762582038614852,1.19026581169823,0.0996292167373606,0.291617391116245,0.0470276010305013,1.16782785763826,0.268460019513777,-0.303154033028369,0.0647131864912087,0.0717092246179423,0.182682821367716,1,-0.519478077609765,0.0337627929981357,0.173101271029042,0.773886538840568,0.0713948029513141,0.756624043088243,0.0755041442408898,0.810570656856806,0.0782730020123131,0.824117996574981,0.0937671191628667,0.699330252020387,0.11252053353547
0.969446158481033,0.0550201609111787,0.929026838872312,0.0856428327846629,0.190284800353209,0.0283730192356597,1.08866362977359,0.204601326614466,-0.24557583356358,0.0514354037016036,0.297658909472444,0.14887741326527,1,-0.539556240938817,-0.0721849818177165,0.164179039137053,0.687606243971607,0.0724950336922845,0.651728064326623,0.0667452899678801,0.668582119298835,0.0733165384273837,0.625600577835631,0.0902591538450463,0.458004183231316,0.120972146733273
1.00465431228054,0.065595162078764,1.02813220279556,0.0830851191194941,0.245668379550812,0.0386877263981035,0.825267626731797,0.182648346769151,-0.320513692717883,0.0543763116323041,0.222508902553429,0.167033908185683,1,-0.711827156766153,0.0646775320315119,0.154021682188483,0.581757250960983,0.0738476093482395,0.778525883793785,0.0649420080707742,0.66334335315136,0.0766241388148674,0.742005755510187,0.0948706674391078,0.676632591607656,0.125355690012655
0.955228100156597,0.0576680554193209,0.906812982665313,0.0811658658982291,0.201291761010666,0.0294433581027392,1.04315651179696,0.19382968175942,-0.31238238625462,0.0509259524093579,0.401443329714259,0.135869200745516,1,-0.681708645385213,-0.0975863962385213,0.154979998831507,0.759838970859278,0.0675253490310365,0.548020352802827,0.0643499877423761,0.722471746593762,0.0641338371135081,0.636746938138387,0.0981468450776334,0.646375857546712,0.119986055072516
0.962090340832562,0.0566704057126034,0.808399828020818,0.0816449628905471,0.223863299007566,0.0375689367018277,0.854343960915832,0.190956388692894,-0.25927964376418,0.0525577255136184,0.440806823605943,0.132539415529512,1,-0.592871528381333,-0.0490337408566932,0.152904599905729,0.676328946976169,0.0745809439223019,0.622817199320768,0.0650799206277019,0.742986142596,0.0726327136908696,0.73965549255805,0.0804273845361942,0.622191811990049,0.143692030562723
1.00661618059974,0.0673907269564219,0.899105777146795,0.0895224930750677,0.23095215262967,0.040904520517199,0.879403437079123,0.165856805061265,-0.248669034424474,0.0538739423917953,0.166744378680146,0.17202135856927,1,-0.551780846868155,0.0882414643419989,0.146998719110271,0.660821764026745,0.0726746269974208,0.690267812537006,0.0684926592883209,0.643140375700007,0.0819386827136059,0.710961566360342,0.0988898001699448,0.831883662071665,0.11003279330278
0.986418389784879,0.0563861140056632,1.00625869596587,0.0808622852794167,0.258124140220679,0.0360362558383052,0.751357504542168,0.182747802645289,-0.277124476896246,0.0576445206183299,0.246994976314021,0.148231183134122,1,-0.629270338078466,-0.172665153511989,0.163988788914999,0.723224719982524,0.0697713001321784,0.707439572083253,0.0650409155618735,0.709127603593727,0.0738727963694318,0.695641722786507,0.0891500807026298,0.516387189390092,0.103521301510863
0.946069373283723,0.0526572565288458,0.980354947387185,0.0855186108064905,0.198952854733445,0.0292322605700222,1.08470490640388,0.213139850678282,-0.33303157066897,0.0594480572561806,0.498388448951632,0.101105044867205,1,-0.716893290478226,-0.016781697389183,0.154662671332559,0.697832329112304,0.0724822242553015,0.647634696446214,0.0700757519415328,0.6582577824561,0.0736771470393925,0.664328514942307,0.0772724149494635,0.608023530293127,0.122142364794047
1.02286475299757,0.0662672859800311,1.13885506871213,0.0972906713839952,0.239792043268319,0.0380191414320394,0.876188423240691,0.181435337763426,-0.264817234456277,0.0511079074145229,0.114208817988467,0.171401083050114,1,-0.577736899372755,0.013425173234122,0.177586283296744,0.690534109650925,0.0833929370132185,0.676038935465645,0.0690633504303482,0.599046689835041,0.07725477633004,0.805802624941135,0.0818961846156293,0.709825877922482,0.126589499910497
0.904751458265374,0.0570878615270974,0.97765034704297,0.0891763775975338,0.238881894430166,0.0389079829978248,1.01364031203984,0.200121498681546,-0.312889640051149,0.0562757153132798,0.255411595041402,0.142275923461566,1,-0.635854324677323,-0.41646974266806,0.156597914575797,0.749573626251133,0.0679897216351197,0.674097624972911,0.0633076734861536,0.656717360754151,0.0743128985233683,0.682884850272532,0.092286155778784,0.425911248994685,0.134337263824091
0.966822967987252,0.0629820728854181,1.03193890062469,0.0885894670903717,0.240238589563185,0.035928114770295,0.676135530708941,0.15503783386845,-0.266620976115673,0.0503770636442276,0.194125987252611,0.140619875397873,1,-0.661539910322479,0.0969233410374975,0.138784496918758,0.620897599315318,0.0655793189476843,0.622627491781435,0.0691616476304426,0.725795096376217,0.0804224538348615,0.745931316165539,0.0837641497865473,0.673353685026362,0.123306487463483
0.989065291433824,0.0639936724291321,0.859571173006197,0.0885880779683993,0.235052577958916,0.0401064435303386,1.02902796652989,0.231052268223951,-0.292318753700813,0.0612019232805908,0.260441219781452,0.159876660222042,1,-0.594375062622866,0.232378255371644,0.153317299972492,0.536011978730512,0.0696605013238567,0.753612095175034,0.0630906045979616,0.704701838094083,0.0838942866633362,0.571528453809325,0.0987089984607338,0.812694345757918,0.114354241355338
1.12211875506617,0.0616313364969091,0.974247370659024,0.0847746328034965,0.231381475542709,0.0344602609007509,0.913426308836169,0.189186818119597,-0.281493270657707,0.0545411871130146,0.471389875134255,0.130394017801204,1,-0.612303815783637,0.122887026342322,0.172832816137947,0.786985512992318,0.072682753174245,0.699404244369514,0.0665604074686518,0.639090667654778,0.0735210743422952,0.78348740347968,0.0746974462990055,0.784855867049629,0.102335862645518
0.984759259827357,0.0559688173310155,1.09850639210082,0.0890794890559493,0.236058942441852,0.034180719178982,0.914220007912021,0.192667730454567,-0.340917400577182,0.0581003648384103,0.191856482832224,0.154368749832236,1,-0.733860612401091,0.0794554943902668,0.149101532571153,0.684418209529835,0.0674393070300562,0.657507368358626,0.0598205767733095,0.84544122560862,0.0668750314774267,0.719307534979496,0.0899023357685871,0.694421055134576,0.122388865686227
1.1139524934198,0.0749860296033681,1.05526675608967,0.104327296651556,0.338667665814488,0.0482168875035212,1.32425543308133,0.270157619370501,-0.389370726367807,0.072619656334696,-0.0143939615050597,0.163933660809582,1,-0.581420778605548,0.0559340809639188,0.164648901744842,0.742255337686116,0.0751089038628952,0.846243426579849,0.071646829878767,0.731974296620408,0.0792724540808859,0.742368724974825,0.0967903374412641,0.658491079975004,0.114864068119903
1.0542349437226,0.0644165055982241,0.978879435408683,0.0840744834777684,0.206317586889686,0.0332855149362294,0.887797115098452,0.206417754381664,-0.273655107369817,0.0532114834844942,0.25925212980141,0.141191301958352,1,-0.639408740290781,0.1972868793727,0.157683019279697,0.798634977644299,0.0638754348821424,0.579697895152777,0.0698640639293975,0.570429010539642,0.0752875852196109,0.773398226972573,0.0951459973875205,0.647361330916696,0.128377218036824
1.04918228396375,0.0675009138720259,1.00166250153345,0.0991304114577144,0.270247912380367,0.0392484173886899,1.22872901187184,0.2840907369315,-0.367914374967139,0.0709705368942764,0.236226434972106,0.173193949771211,1,-0.63846563481645,-0.0126474042069863,0.170323897503339,0.778419902057103,0.0760592521080366,0.655962761857354,0.074774480405098,0.6785250259655,0.0731365067859906,0.607377226970627,0.0848163323235347,0.718183941021901,0.0982725737518351
1.0740945778856,0.067723108616519,0.965063968123695,0.0880716327252603,0.318613158783039,0.0459497816474869,0.966161278439976,0.190043825965301,-0.338947458760421,0.0617088348253946,0.27707224164749,0.172873183960782,1,-0.610907861684606,-0.0286740050275975,0.164300557225971,0.728296499076003,0.0747475846526355,0.719746819609469,0.0657620464198313,0.581659791605012,0.0759113470196396,0.936980084583729,0.0773791628705401,0.853722546344055,0.115046201939804
1.01821622241523,0.0682672842832417,1.0398439968951,0.0995002254973994,0.270988796605324,0.0444706832570012,1.12858750797684,0.230165001551735,-0.329479559045004,0.0649321500377977,0.361709980979784,0.193930821044334,1,-0.595778996311041,0.072366051937343,0.168196715211878,0.609840243889467,0.0805178756552643,0.762276127148977,0.0654934832122045,0.736636225736718,0.0805545062832286,0.746607325463506,0.097728409438633,0.561219062925466,0.117809109170252
1.081098793309,0.074046497408831,1.01935170539321,0.0944558324874802,0.309406223885314,0.048607605290158,0.970918227826359,0.211629313004904,-0.265885020827017,0.0643653241443088,0.185043589704373,0.187145924511247,1,-0.485107535794731,0.141821812838639,0.163844823839137,0.742357726763516,0.0712099687406781,0.752448308657288,0.0680616077469957,0.740236948026004,0.0752944612169609,0.835583228346096,0.0959130009969528,0.708828824690542,0.126006399984942
0.989004807058318,0.0631705037494889,1.03010661241536,0.0823134569988962,0.230086163798684,0.0364087770502703,0.868322254890867,0.208121735765133,-0.231815136386553,0.0526962559596579,0.388115288739417,0.146207791480687,1,-0.518628133994602,0.0246309782913984,0.154331969275413,0.664589245532318,0.0709178837274811,0.771190196363006,0.0630342388068908,0.648466792482775,0.0808136814192756,0.622153340319054,0.0891695698948176,0.681201246056659,0.116609110835142
1.04673885954356,0.0720600389621088,1.10275118648384,0.10203817484502,0.349059387096369,0.0562379363680543,1.50199148396736,0.310659426696136,-0.487839558746904,0.0821922250868508,0.218847687890071,0.193995833400099,1,-0.673741994937695,-0.172912524525126,0.170567831024211,0.82589398277306,0.0665450511542044,0.774476054057151,0.0690787041039285,0.74754577897208,0.0868248605773535,0.88225117145411,0.100287297847206,0.738916436995801,0.116758678865332
1.04627696555474,0.0771178806331526,1.11554351432045,0.11508534289081,0.309663998340442,0.0529516713902596,1.52410896602952,0.312013212339054,-0.370597211262555,0.0777264237098891,0.231537736659192,0.185673376189798,1,-0.539446996543589,0.189307995178033,0.163404008749681,0.649514972125831,0.0731126385866719,0.669639497040905,0.0775045905755479,0.878015411876997,0.0773013276119816,0.802371998301093,0.0997791521279497,0.838171922998205,0.127475723250537
1.07673953693547,0.0763022014460199,1.03655772538926,0.101663889358834,0.293789564556824,0.0498904081690578,1.32401457417299,0.248768765992576,-0.384436355202308,0.0695835633411275,0.282070299913467,0.170459651113984,1,-0.616396104652926,-0.0459743479279376,0.171949038255128,0.852626509790144,0.0710236388818284,0.625933249453831,0.0744030380427872,0.753951048795504,0.0780391456171352,0.816222238098367,0.0913844525057018,0.840911091081766,0.126978415388792
0.989752065832485,0.0712490262412968,1.18389938877682,0.114563603063465,0.283035285697343,0.0451199059845872,1.90257830196373,0.364162761612172,-0.421447161718609,0.0800725685928137,0.263481396312545,0.174000276136351,1,-0.574316868969916,-0.0595562277978466,0.172400373720675,0.717078942203233,0.0785868095926235,0.807201147233418,0.0710566031465704,0.693298820279495,0.0810853618224641,0.741133111591077,0.0993966144647657,0.841135700563372,0.11261880887369
0.966590995412036,0.0631631588279846,1.02769344747681,0.0838372042850093,0.216558190608428,0.0302504734356265,0.844589232258232,0.179669022793378,-0.293280351502723,0.0511017424108079,0.291090167151743,0.138351054298849,1,-0.685761170938525,-0.0857893301110958,0.159380018838255,0.720360501379943,0.068487679118367,0.656939705849407,0.0697682653392846,0.6061349906459,0.0779215107717169,0.592862612271904,0.085824621937845,0.649040853151019,0.127196416758864
1.02298982766458,0.0662918528499612,0.914854144270137,0.0878779153056631,0.235416198408822,0.0377136181363239,1.08721644331719,0.223241840255267,-0.338167764861949,0.0581721259734023,0.313096895116263,0.134518276064942,1,-0.668430148455473,-0.189088243654897,0.169013328940297,0.710400155921751,0.0802117799128271,0.779606808200778,0.0638020004842207,0.656102961011268,0.0761037224729757,0.706225174368812,0.0895822721292541,0.699544627164682,0.109944522722148
1.09336399412847,0.0806972289290917,1.04720194132409,0.101213300683763,0.279421933704371,0.0482060918208932,1.25743539857021,0.268350991192855,-0.290286167748388,0.0656204720444449,0.161405874450261,0.174027063272188,1,-0.489726104084117,0.162198460138519,0.180747896616081,0.712325912984434,0.0740671730502495,0.740568172751455,0.0750050213978131,0.836375825337574,0.0814551068870885,0.742966202344217,0.0938503043254273,0.695540802035791,0.128953757551332
0.997809400913223,0.0606053783450191,0.999436894968676,0.0830740660525061,0.214963210915584,0.0328857138150433,0.845585967093838,0.167603052933298,-0.30599755147736,0.0517071994874115,0.606114038085643,0.0871014937011301,1,-0.717723221142474,0.040163263944575,0.171192543592062,0.654012140448627,0.0731336926241604,0.743382852816607,0.065309733136284,0.624086593336234,0.0726261708734303,0.560483178788575,0.0849052611209888,0.698743458728525,0.0991317028249988
1.00271528328985,0.0667626339571829,0.882187280230176,0.0805237617974544,0.229372544736689,0.0396266824710163,0.729428377802919,0.166487648252984,-0.222975314772179,0.051395045754352,0.261008718716864,0.190325649553131,1,-0.545123295457398,-0.219527867792643,0.170056529904067,0.781467674685524,0.0671264836833748,0.650929904916386,0.0707995199941599,0.641219845029641,0.0771211872759951,0.70313720864535,0.0879788645916267,0.767141777886915,0.105467822552924
1.06223998735451,0.0644054999739587,0.95128442819557,0.0886723173740409,0.280847672737627,0.0417176186178927,1.1119061548789,0.223597306650629,-0.353433322728966,0.0668195176212257,0.182423016230889,0.168785338588012,1,-0.632467205939461,-0.0961489614474418,0.17011433165628,0.674092883580766,0.0784842081210274,0.784153039233633,0.0654222118384022,0.746806749804386,0.0775077520168938,0.793503033114185,0.0800563733503481,0.672650767756626,0.0972034054390633
1.14875220095626,0.0703059182092234,1.04703399364104,0.0989587415768282,0.275798219496512,0.0387945163708356,1.41215852123745,0.253853660169499,-0.424862110205264,0.0721117507594783,0.398698296753591,0.152200946226664,1,-0.680785892056117,0.0596519518738077,0.202020188335726,0.897652327794592,0.073019612858844,0.726616505767825,0.0649971907786872,0.707756929983514,0.0687437607045119,0.752205857026103,0.0864636929886154,0.803125557686217,0.113646268439005
1.09980599809134,0.0645787390839307,1.15167563504273,0.0944546701685596,0.26134510932028,0.0392332536963233,0.97366258878774,0.207546807582582,-0.346905192469778,0.0600883473199803,0.381493377452682,0.14977075267261,1,-0.687700547430675,0.218324304846896,0.160589226059759,0.666426078392158,0.0780774183411021,0.83332453364878,0.069193561403756,0.662490922522279,0.0788539498862858,0.915786479814679,0.088854684523657,0.72973636285029,0.114051720257962
1.00448879677754,0.0632596822902207,0.841569838103441,0.0869831775273964,0.227619249551063,0.0332115464249093,1.33228846640506,0.255462652609503,-0.373803926248688,0.0615215376373709,0.399792142812735,0.143891993832838,1,-0.678797495048916,0.0908532945427361,0.179341915809098,0.621382833765394,0.0697270203385893,0.625114966622149,0.0653112668842981,0.751999870083075,0.0695945638970761,0.609718334732999,0.0815169677299966,0.768790201076627,0.103883147441096
0.935576846424756,0.0544636204652704,0.909475923385826,0.0850279293142439,0.159406618498846,0.0272351225067919,0.901155521505363,0.179581225895473,-0.185464722883751,0.0427545829401296,0.305553847698018,0.135767164988358,1,-0.489337238032103,-0.0964084682109397,0.139648977404979,0.672517729581895,0.0670664085122614,0.611279016465936,0.0648629558416595,0.609504337283054,0.0725692341185556,0.626699412141716,0.0889850228211869,0.733365494349395,0.125517417136643
0.999132817287528,0.067859664385689,0.911962440826883,0.0936972677613249,0.288333595457582,0.0437780883327574,1.21191314397132,0.247935150970036,-0.423230099106131,0.0686388625831256,0.290592929765638,0.182749907846299,1,-0.715967278595408,-0.17659880621732,0.181573985516697,0.714967438690222,0.0768183616321056,0.675780920090985,0.0685184877503895,0.616085886487168,0.0829377796007317,0.7936554103101,0.0850586549899767,0.573089290267508,0.114924707778539
0.944956640562652,0.0594479461341379,0.916177066543901,0.0713639308039927,0.198679014111516,0.0329268118122642,0.553714694821173,0.137873990023071,-0.21609039436471,0.0457125539863373,0.389198159461283,0.155471380537193,1,-0.651503029203208,0.167780654121503,0.16437556677491,0.580059660611784,0.0756851169331408,0.689306096439043,0.0685193593318049,0.543796128060722,0.0809726405669497,0.627107089276691,0.0841856227638079,0.691892019135916,0.106839621154985
1.06635686651678,0.0661442198408455,1.04783979134674,0.0884612003695529,0.288926750046179,0.0443159338127568,1.16408793382037,0.24697032330019,-0.391267145313257,0.0693897730189365,0.273275020399918,0.158593401331259,1,-0.674662562733292,0.125214244247197,0.161358844329914,0.757262976876349,0.0724852656413054,0.772143162909055,0.0671144296069314,0.698955000659644,0.0763173493581495,0.730563075654205,0.0855008300194022,0.662065910741862,0.125363609731091
0.968064099009831,0.0628877819656019,1.01135641879587,0.0872339841724661,0.21344545559131,0.0340902285650306,0.850001838801437,0.190917106348499,-0.271249080388298,0.0553036383468778,0.54749765318987,0.0951586485423064,1,-0.636817347487245,0.154918032287614,0.171006264843083,0.595853199268373,0.0788261286977916,0.640474806344568,0.0683182551671678,0.652502895354139,0.0746387383902678,0.667590061002239,0.0867744396091798,0.700840932335247,0.100619044667408
1.03096207651769,0.0618776537662327,0.975818094161608,0.0883936743655265,0.222339812500189,0.0326240596700534,1.01866111039457,0.214313072603502,-0.327422772895537,0.0583228216361541,0.549049197991785,0.090158569299648,1,-0.687995189203722,-0.304463216602918,0.173032506163824,0.772444786456143,0.077644862566454,0.785569645596793,0.0667257739945606,0.708138191792615,0.0651947293862564,0.668743882011917,0.0809830619429909,0.747497684155786,0.105153463298569
0.877783947839589,0.051154419496216,0.950497876967224,0.0769287585926756,0.189103561250723,0.0267613920439414,0.902263511368573,0.178029999274576,-0.297075741523351,0.0495428825700668,0.295898222994928,0.128374625903692,1,-0.719201589949537,-0.0806779431250486,0.144323578647984,0.500829536805632,0.0734302234429351,0.674563588235609,0.0630129704369058,0.730770373204838,0.059566390539832,0.559772020566002,0.0886116666629247,0.632218038437788,0.108991529519318
0.973849250421619,0.0541715586661443,1.05928604410544,0.088783420478153,0.230629138753377,0.0345457840678135,1.27082453571091,0.232405772304824,-0.323902182388404,0.059113756827417,0.429089471835284,0.136597320062292,1,-0.59829309422846,-0.126702532291691,0.152280066931886,0.695974511072509,0.0715305760975987,0.625708406126135,0.066046536866539,0.67413610649819,0.0763448738841078,0.611374644735288,0.0884597795702932,0.815644525244432,0.116985194995917
1.19781745592654,0.0740577145358654,0.964251848194913,0.0913040686245195,0.297468195891146,0.0471650017935051,1.08821059872356,0.233864479621756,-0.386569845182192,0.0693666027427311,0.384314912880308,0.155133676505246,1,-0.679440182769894,0.293430246618247,0.173825442755167,0.777027485964388,0.0706887709451975,0.785029465202135,0.0670852079154387,0.755853280932028,0.0770563803456471,0.798803573899565,0.0886667469222678,0.869228264630852,0.10442212489531
1.04485020992572,0.0677224934062275,1.07569148175079,0.102654302292569,0.276924348799703,0.0450224584838487,1.42826541328562,0.294394266707562,-0.351201445505844,0.0716119139290435,0.140985148771807,0.148597084786924,1,-0.558433242890091,-0.0668091120673018,0.139266950406962,0.758682862616015,0.0662822418973259,0.698982094448544,0.0722696588144713,0.811751572253568,0.0783726068883775,0.753165886711058,0.0990335197290495,0.712725542587793,0.117921149762087
1.00558719900513,0.0663765388206601,0.867358443440976,0.0851700695133534,0.243463717105295,0.0362272617200911,1.153506412611,0.240467125446323,-0.368331637381966,0.0586457390804856,0.253514981454847,0.162884123360468,1,-0.69504335060101,-0.327940938795862,0.174303053507568,0.81514257144756,0.0710779382521304,0.647472527469387,0.0643739510558043,0.626560190570678,0.0780593885326063,0.654032140157191,0.0869165682191302,0.621871473082795,0.113406479260231
1.06234713670475,0.0603809125423587,1.15283383187886,0.0882364493759678,0.247238267097051,0.0343609850425601,0.828663555483368,0.179990969867641,-0.293564007772718,0.0575392012161349,0.344119489236088,0.13407683651175,1,-0.648568487004892,0.101491227657229,0.162221464407631,0.784332429665432,0.0675603116086712,0.735060602281468,0.0662193849077378,0.698106466843904,0.0744778722256165,0.67511807850538,0.0877403743480044,0.78480609615771,0.10850236610704
0.91998511507382,0.0561692912940802,0.86553677167858,0.0822270455130683,0.25192741748326,0.0358476300399417,0.7984228190479,0.172907736763461,-0.308637692104935,0.0539030642911932,0.224190381094638,0.143088855519434,1,-0.688168477210369,-0.259676224664365,0.149182942941571,0.721908109142109,0.0726787624779101,0.696827828787852,0.0649265799045782,0.707614914100622,0.0729283900851345,0.68411378869757,0.0949812018251264,0.604228977179669,0.114341529528249
0.943511403900513,0.0577259346022702,1.09707770126322,0.0894615610347878,0.227663052278705,0.0389012694599831,0.993019846160583,0.211064753027023,-0.302219329802332,0.0549234361948088,0.427113830167119,0.149662224214548,1,-0.635619184777557,0.0872552857615653,0.170665343515771,0.703065764063673,0.0707002040519424,0.640748782912794,0.0653148553956688,0.663237458411098,0.0746378134747007,0.648764787355108,0.0880950710181259,0.752284238863132,0.120159917787919
0.893918179173263,0.0575729684450103,1.04557348461948,0.0869880234402673,0.231997764762846,0.0344419204400487,0.684013421084967,0.170057259034039,-0.210503190305301,0.0511367822824587,0.415879217185435,0.132371686249232,1,-0.528426355795152,-0.00520409223232104,0.160536645641524,0.643791449661569,0.0707268778411551,0.604539628241975,0.0701654847885522,0.64838524766706,0.074386982605363,0.656358509980303,0.0794483523108108,0.578984947431043,0.11472476169528
0.983702435549887,0.058208856505182,1.00474235883522,0.0843056382869936,0.254280993777405,0.0387043944900231,0.887513708230735,0.172485877085703,-0.319727859929922,0.0529745176593446,0.278976209708238,0.157589844532651,1,-0.673032437289963,-0.153554074162982,0.172656937635769,0.649525214798391,0.0767341870407729,0.754393948766216,0.0605260487990937,0.705349713640148,0.0699674836846842,0.616025731512223,0.106531788649387,0.774633855704364,0.0997240680518626
1.02416151501083,0.06419651997847,0.93337204985069,0.0911486325863305,0.246112186591634,0.03893808673079,1.13943336659467,0.228057151880062,-0.267941712352042,0.0587004997290923,0.334736709041515,0.147570462896775,1,-0.505975283680003,-0.0172875901202149,0.171127618144349,0.667381126278925,0.0722219976961864,0.780682000131984,0.0712422596718991,0.800276490866977,0.0729808054951749,0.735259338716205,0.0852702289797666,0.472581604950093,0.128419253253612
1.02805139139934,0.080257996808546,1.17935239330741,0.107012022057174,0.308335030850298,0.0526692547659838,1.14979684261979,0.28503180500161,-0.339874410641141,0.068883320297162,0.0856420686175185,0.173504986266011,1,-0.570816445875332,-0.0779286257585304,0.155500015036708,0.751197843034155,0.0785936138606002,0.840468525272733,0.0704218040335673,0.721690642829355,0.0872009759087612,0.823702522997269,0.108122228288375,0.659647679620697,0.112857986382648
0.951969684583337,0.0623892136209625,1.08013098018473,0.0881489966595136,0.250632295691862,0.0379708362757063,0.870402050323559,0.198823140823457,-0.17940192976848,0.0534116456678858,0.279169094787693,0.205321531990393,1,-0.384103833459842,-0.247250319488204,0.16121372423493,0.732344282525014,0.0727179291813171,0.713332659329903,0.0675443729074911,0.740279306913069,0.0737721103526094,0.729350387803168,0.0793096745515125,0.569793864084703,0.145150240038062
1.09964813341482,0.0721545981266919,1.08253601764867,0.09511322136477,0.302933654109722,0.0460353464574177,1.19580406093569,0.220975211582883,-0.317572782436516,0.0613083572984332,0.207902167249389,0.18291329757234,1,-0.527642173229374,0.110707291306774,0.174546148707642,0.822720401366329,0.0698913927513539,0.761819211402989,0.0678675769638461,0.740016288224726,0.0792904454872802,0.69265359477497,0.0931968662400816,0.751767875101338,0.111046687948185
0.958116455937011,0.0645987239452957,1.1376105106953,0.100326974562925,0.278649642032791,0.0414517257220346,1.28494666203558,0.278969578204596,-0.367300626654113,0.0709233544581009,0.331046836070566,0.157910310042944,1,-0.613832493520049,-0.305190098243475,0.171426398709258,0.824595056628447,0.0699080177418819,0.684034692189498,0.0676229683072872,0.754914030918706,0.0777477295511898,0.72349361485815,0.0950980062760758,0.677335796668918,0.108347609839289
0.979509618811234,0.0550212822938841,1.03416092156477,0.0892057921293629,0.225672513292835,0.0320113493386911,1.09601873090854,0.201174327627854,-0.373849046217867,0.0612680670942857,0.358215504274598,0.138022701162667,1,-0.751705894945305,-0.154319165579314,0.16079837983866,0.738328955568982,0.0697576839710828,0.673156505491481,0.062825787173178,0.727499007118663,0.0663009051742484,0.785086085534659,0.0826500381847654,0.651948569825035,0.120374128831623
0.962822383007077,0.0622768272186385,0.992390772443637,0.0856366932571941,0.249583618916946,0.0407895169261896,0.835233600001129,0.152891043805232,-0.294237237912351,0.0548274040467044,0.447817424546765,0.131053275408558,1,-0.644444642803743,-0.00536950536872624,0.166157001986802,0.671619430500601,0.0694368535652206,0.703735588385261,0.0661757279563577,0.62936508312228,0.0798424440354381,0.820263803920471,0.0830167643302756,0.569605443771615,0.123593320276584
0.870483812283898,0.0588817737877312,0.90653723886612,0.0799539390646712,0.228570453325231,0.0330175661475301,0.861107361618093,0.201275958060336,-0.27545133515576,0.0548408680565526,0.264455980352884,0.136865815685364,1,-0.620877877784127,-0.198326783438194,0.162409251668211,0.623311267272116,0.0785774349593128,0.638921448623271,0.0688931429120228,0.664668908172111,0.0761382882309258,0.735304979602983,0.0879463858534958,0.576299498037584,0.112709622782446
0.947710646777441,0.055169420316915,0.988370670149697,0.0804490853953034,0.203902646472396,0.028095629390913,0.770070758995005,0.159392858330509,-0.307375825843051,0.0515120306376624,0.446427557206758,0.10422605403885,1,-0.775698516618888,0.0297944490303438,0.166761707848521,0.600939538451706,0.0763572057153711,0.671882409690502,0.0680508736159336,0.674343999295892,0.066057214403524,0.510588401840438,0.0781882289870267,0.623214547348097,0.0939360648592791
1.03847792258474,0.0667514847460084,1.02147794462519,0.0922874509044623,0.246670756737876,0.0415262764960016,1.09789430085649,0.225864317083791,-0.290246388000718,0.0640679698747245,0.413895887467124,0.167000361768891,1,-0.55773477709529,0.19667454617086,0.172907082867983,0.757633444765822,0.0720729875210846,0.675769259888408,0.0698283009188417,0.646933863214019,0.0793439310103664,0.693238638993997,0.0921220697790265,0.698301092697148,0.11728153279824
1.04253173105433,0.0600401996048227,0.979188953149912,0.085065633949227,0.200816167887261,0.0311950782043458,0.836072390202071,0.1814496755683,-0.281428827535021,0.0507491398079105,0.49410345768534,0.106203341810283,1,-0.68682691034235,0.0523855217687246,0.1605917072107,0.74745842033638,0.0687072578707245,0.7128755615518,0.062660019344477,0.620454038907657,0.0729225336655331,0.699187582120141,0.0767144368347639,0.774177567537479,0.103393609406575
1.06744474839357,0.075525500961625,1.05787001845262,0.101552392604711,0.336819656427036,0.0531875085956549,1.16643943617046,0.287096941067385,-0.285359158327736,0.0743780377772074,0.00349050150141654,0.173695025793342,1,-0.455262631086444,-0.350534338094717,0.20066355044565,0.797000045942796,0.0853660187392131,0.848425860250493,0.0757980747787312,0.834294385931139,0.0820451784621431,0.833559905904857,0.0902310556245988,0.808610822771681,0.131070265230741
1.03713002811327,0.0597738011806275,0.912910944333801,0.0838310090055758,0.191682604285698,0.0304253820408596,1.11036075372688,0.21145095571631,-0.274732190283078,0.0531690385131576,0.547557751965478,0.112780544394589,1,-0.595506006641902,-0.0441566403610626,0.178184556514625,0.698989230000177,0.0746075506890785,0.717093270361646,0.0612030884561903,0.654839102679362,0.0762401964519892,0.688905264195439,0.0881685612894644,0.696114523708454,0.0963512765403916
1.12929759427376,0.0655179314572684,0.941420516664837,0.0888544517650156,0.266127920016453,0.0432415027545686,0.895069764128763,0.194843290264454,-0.217551511347537,0.0555162285149986,0.310705071206459,0.180206883470196,1,-0.445747012934609,0.21969096849208,0.152428041775536,0.751138916074555,0.0673555181017915,0.716931551550241,0.0604656457281251,0.670477553780284,0.0719465782350683,0.806903759321473,0.0910217977282895,0.762131106818921,0.104564254214253
0.81172688423635,0.0521974508629373,1.02729912005429,0.0817904984097144,0.244849267990261,0.0361038920442186,0.717844457989824,0.183055717821165,-0.261388917811347,0.0577598177854811,0.230438244720352,0.148752062317527,1,-0.623480090558907,-0.392511818352827,0.169391590341166,0.667863009804257,0.0694994525887192,0.571415691402476,0.0720714112584656,0.730430889080868,0.0691283657827782,0.691682886045004,0.087207100785734,0.633017143359017,0.121267850140823
1.09119942988421,0.0641726455863568,1.08737328032819,0.0910635355800032,0.280730083302485,0.0412727513550741,1.24128821555902,0.265077714529595,-0.374671488459923,0.0679416987748911,0.355775229807111,0.14107558118772,1,-0.634701978663245,0.20450007980999,0.154417708387514,0.618777437907726,0.0778997078269036,0.751175579377515,0.065000971476256,0.747108759660814,0.0773448224598039,0.684914976434569,0.0906253103342287,0.938776392760081,0.0884949244742387
0.893437267905928,0.0533728120185874,1.04357863607878,0.0832251872702356,0.197364978738437,0.0309886962342989,0.73004580694049,0.154148127432899,-0.195031208011525,0.0424746046919969,0.323186891044732,0.148614495166231,1,-0.513799892694064,0.0129694125686238,0.150111068666005,0.568955699443889,0.063899227639714,0.604516130455365,0.0678376801756683,0.592407981366844,0.0739446673393025,0.810922807318956,0.086878080752572,0.492895943904621,0.122184414767818
0.951618827483519,0.0591518772258722,1.0429611994142,0.0895079605591127,0.22203266591248,0.0356019094238368,1.01137051851916,0.221147312333266,-0.294774180807558,0.0550245797035035,0.395447156451801,0.148270614221642,1,-0.622050809361065,0.0853496827721438,0.158308236578567,0.680572712112931,0.0697935692828278,0.733590715812133,0.0647276728366727,0.570716285075604,0.080494634770633,0.733150503115509,0.0893058980664206,0.621391418327265,0.113394146310751
1.1073626970498,0.0586398688569188,1.05062781140733,0.0967543815764099,0.278382649455357,0.0399756196030382,1.3373326530784,0.252225933972564,-0.350568754308914,0.0719250791652078,0.209134421537521,0.141473675152359,1,-0.57455604614517,0.0897188208456092,0.152248762500413,0.75788119051257,0.068080194194546,0.682616155328554,0.0674251322169449,0.800251960589627,0.0722328831312676,0.798014645065509,0.0788196107294307,0.662012435387361,0.111132549826901
0.936960470960339,0.0536657783959185,0.857369974794944,0.080265864827585,0.17835670127907,0.0253147319988054,0.721986350410018,0.194450904292281,-0.203503336493078,0.0486476473033978,0.468643410038355,0.111312873413381,1,-0.567103496235997,-0.1592693671349,0.14450000514052,0.632001692092509,0.0679378074331872,0.588906019101437,0.0650584612743313,0.64336324125752,0.0734183180186311,0.697820720216214,0.0828196443535757,0.538876670625784,0.123994975493027
0.966986519564558,0.0558045546423323,0.8684836840601,0.080415238488809,0.18969369387645,0.0292766925823128,1.01617954146558,0.222693779728855,-0.204436637922077,0.0501122801558189,0.486922970659564,0.120507246283953,1,-0.465636546775987,0.0245023599288322,0.165755000212329,0.569758428662086,0.0836070441519443,0.714870039376715,0.0621283160825972,0.726179106651232,0.0669447550997237,0.566717363421232,0.0961768524745799,0.716597404153277,0.12418647025565
1.06132210019343,0.0606281853574538,1.0208726569159,0.0935026690107874,0.259167286959605,0.0401747503992869,1.07898688188967,0.2297640574131,-0.290270363378717,0.0640575288735015,0.479453847320443,0.14297275567723,1,-0.548914272380004,0.141764092979303,0.166612908181786,0.669318836211788,0.0735782563205027,0.693285821336046,0.065119889411815,0.669185113196629,0.0799221248605519,0.774043195747862,0.0794248847596198,0.803408877207765,0.102576963406459
0.914898670115557,0.0615087415042572,1.04626550847681,0.0874453911317906,0.234716955603886,0.0363471755391178,0.740794862458202,0.166420558296068,-0.244599691506214,0.0489363511975363,0.105189335069189,0.16479798371136,1,-0.586590050405854,-0.164840591012517,0.162987422023789,0.809192986448971,0.0692393551451763,0.569205676785377,0.069299507000277,0.667180762532122,0.0777796940282644,0.725017145617103,0.0875509197943381,0.65822015780398,0.11277173986949
0.998321229498124,0.065764190779295,0.935539460394106,0.0882395734051762,0.215645679608818,0.0353152755059278,0.999279045204363,0.22328131863846,-0.282263190568028,0.0628315672924228,0.5154433139877,0.106707187902587,1,-0.608051655558181,0.0827668788231274,0.1641869578664,0.673967035824627,0.0677758792606338,0.71014454292173,0.0621484677764495,0.6552865822098,0.0761238829162739,0.696989069454319,0.0917672071234255,0.647757338581886,0.114741714785757
0.915789246520273,0.0522235801465351,1.00585157470304,0.0840892694986407,0.231829415517922,0.0327423535259054,1.09106598822393,0.21095112212304,-0.377349468811041,0.0607161900775489,0.423617109276695,0.123837352340516,1,-0.750298302639511,0.00608873862781342,0.161522243303188,0.663438287223963,0.0685064566138979,0.633862808758809,0.0636144043755962,0.807580725266491,0.0658189294962578,0.533723251706908,0.0943808700057173,0.521002901329907,0.119325935419777
1.01878754147733,0.061123579069446,1.0441695791826,0.0967324490804217,0.300157526828253,0.0443047623342182,1.38660134968145,0.273925978152552,-0.463733352737586,0.0819249903141612,0.411213310172939,0.130691748437701,1,-0.718816278999362,0.00797344510856944,0.162940572470231,0.79030162193733,0.0699663191989667,0.662730470300022,0.0693274890056731,0.770996621288368,0.071076585267014,0.593166157509554,0.0991759341947987,0.706443025980886,0.109448221890483
0.992302829411797,0.0631136105025642,1.04193795757181,0.101176333280139,0.269448290563299,0.0426580137467247,1.04260385207966,0.229536187123543,-0.277808579496987,0.0627626796702565,0.280307732953483,0.182526852796659,1,-0.524141171314942,0.0583312793946125,0.174848608578874,0.598848132794373,0.0756010995504475,0.70984247211734,0.067316575172253,0.731487224634497,0.0695696565386269,0.801264119096522,0.0914329406195834,0.696218219861747,0.12205712273699
1.17865557569174,0.0726507527227358,0.942486445388499,0.0960992704503865,0.293329761216872,0.0443650727624458,1.30729815521836,0.268829484468572,-0.447476871003067,0.0744941399973004,0.422270291445207,0.172811381632283,1,-0.722612057761364,0.205753551197352,0.181731025351019,0.78606057097993,0.0713220249055754,0.722753576897047,0.0670285447807095,0.802012363561507,0.0767159489682447,0.7929492033227,0.0896094980245009,0.646369941451097,0.11172441726522
1.02272130842616,0.0708009180762379,1.13058336308088,0.084393905245781,0.315151011627737,0.0480865062806363,0.570017866923131,0.175559795626399,-0.323313377531211,0.0639770177057176,0.181779971075189,0.149396769927303,1,-0.762816515809956,0.226513191984308,0.159148144821592,0.667887985842364,0.075546853315486,0.673367391076259,0.0675822592430457,0.748854970197912,0.081523557840786,0.643900667497825,0.0960623904842983,0.793051004100521,0.113933833681804
0.956029811030363,0.0650187592274687,0.996586707925826,0.0840085864703724,0.217307092607571,0.0349033359710024,0.862801183481232,0.196179259591825,-0.336378076885957,0.0595477956904728,0.365256673093332,0.155304409047601,1,-0.776846774003424,-0.123725910612215,0.174555256452059,0.715914650226389,0.0692367987592114,0.721868001270536,0.0654051144459726,0.590467973936903,0.080453966275436,0.580848854720878,0.101402073741114,0.625909928008016,0.0992614209461325
1.00287356929331,0.0570179835499432,0.87727463886931,0.0808294800096724,0.201529036425305,0.031014510244339,1.1684190672563,0.225400659976903,-0.285848338126103,0.0565754649833656,0.457727941266355,0.116418013992208,1,-0.589070859956141,0.211901407400526,0.156726272930397,0.618099293726561,0.0689047404229631,0.556394004455034,0.0648403105532058,0.68976262243827,0.0726988717060687,0.655329050966988,0.0819728131549112,0.876268273657665,0.102908130367292
1.05145256549518,0.0674690496116112,1.18894106760434,0.103265315354808,0.28166965084403,0.0442861821849297,1.47442981278448,0.252461843251656,-0.433102351559166,0.0784440764760235,0.153107898613116,0.1816557332974,1,-0.672060641579251,-0.0756242940941941,0.172319876436201,0.831427771423685,0.0756343505095756,0.657176444970741,0.0746686487550053,0.776367930178569,0.0754789951988267,0.907402723265316,0.077703601407287,0.667427001674879,0.124564014418113
1.0887516550258,0.0694334369606285,1.05282979019209,0.0905269037032057,0.255468401355494,0.0405245431504442,1.31201763530605,0.240015393655134,-0.340288859584824,0.061561961109181,0.465227111334541,0.153675943140599,1,-0.587772549985918,0.130277387803376,0.17598327455209,0.743288135283165,0.0754803080167897,0.725194818258755,0.0666267533284734,0.761670034457428,0.075375263767559,0.698120281807677,0.0879416593340026,0.842916544941516,0.10624402861449
1.0188716362286,0.0582357686218609,0.854250416820987,0.0829223551744277,0.266088348170877,0.0384693227469189,0.856506961862286,0.208165544304073,-0.290338406626952,0.0582546068447946,0.246399921384199,0.13425586335954,1,-0.608171566093823,-0.0123208877800892,0.153110840839653,0.702428969098965,0.0649134548675699,0.627198390740997,0.0669550507810407,0.728237991747043,0.072142873051182,0.632404209553219,0.0874575931926651,0.713582532031495,0.113182482112741
1.06759347653074,0.0713392510123132,1.02630431893187,0.091322632754978,0.281095437682408,0.0452685690028406,0.988319564759753,0.2240226296081,-0.324558464379922,0.0600893110247643,0.333025822427819,0.168460169133435,1,-0.615768324943895,0.273408696293033,0.165921224791157,0.608917945038582,0.0789323650429012,0.738732001523312,0.0676259973756481,0.606134533048959,0.0897264297490586,0.73424025448541,0.0873048237878028,0.628396370260927,0.112736836409635
0.986703158428388,0.0592711504991664,1.1160062320448,0.0850975007253976,0.286459557997987,0.0419603242912399,0.806843239446331,0.194593041914018,-0.227297545802489,0.0593809675896219,0.158960630808462,0.155638851552986,1,-0.472790243224598,0.0895362163619406,0.152191428816982,0.601462838483044,0.0768499803540253,0.762067384659063,0.0659168420227699,0.699818406872659,0.0791826032284084,0.782622919705748,0.0819021144082248,0.599613996700228,0.111196718149921
1.00840760873747,0.0730024548646541,0.948992325425316,0.0977166382757927,0.27234988967539,0.0427978059956236,1.23274808229012,0.286288890813431,-0.317085306304739,0.0688917057122011,0.259013403807385,0.156894660990213,1,-0.547236866819726,0.0147736567796742,0.162999378490788,0.662006671188159,0.0759281680164448,0.700882166389133,0.0752305897241988,0.740908157872707,0.0794576741886125,0.733665515433515,0.0804256119156128,0.771719388034962,0.107554966144686
0.952783024244577,0.0548909430940038,0.953519783625309,0.0784954041457253,0.239579849067566,0.0322529875148362,0.684699571349765,0.178136174630807,-0.308077156332902,0.0552492832455265,0.222574028259232,0.142582556634374,1,-0.760649046943057,-0.1169103526661,0.142544518432713,0.694619681170478,0.0705927228092172,0.668955491925638,0.061957785606297,0.695335688976786,0.0696639381146855,0.639999413433647,0.0888510523394676,0.739781277099144,0.119933932518255
0.924995893927309,0.0566775981835658,1.0560202362191,0.0914693310860229,0.247114771845119,0.0368586029093367,1.20174919397504,0.257185596869196,-0.299313998285468,0.0630985885903383,0.338411990022162,0.144234909818726,1,-0.54925087193996,0.0237055831973826,0.149154398790154,0.700984298359467,0.0692708158857128,0.677135701524364,0.0608806665829903,0.721484161092933,0.0774579391397381,0.62230176445434,0.0885851045671375,0.596258230271168,0.158239826418644
1.03750786321792,0.0755465504854174,1.27570842842425,0.109073175831269,0.345304553434653,0.0572321272812231,1.17676484370433,0.259508565400412,-0.348341471127411,0.0798992692087127,0.0150078178218445,0.170457962274077,1,-0.546461017431946,-0.0417789509450857,0.16879756202882,0.773619046725815,0.0719003588051274,0.842742193492309,0.0731536656985752,0.761854810141786,0.0815787946872795,0.881392912439961,0.0978337064893353,0.82896373104953,0.120048579545365
0.993977328902734,0.0653690821509763,1.0336200946408,0.0870485920058415,0.23674078798605,0.0364780371252791,0.831931900556847,0.193643126337525,-0.29188474011459,0.0521697192331314,0.191386803656277,0.151545568478607,1,-0.657704717889936,0.218116835673857,0.144363558577642,0.619220000345905,0.0677413005738558,0.621248516819547,0.0687470867268198,0.653071632207086,0.0765285713143837,0.71723488392163,0.0932587282547003,0.706518509582285,0.111907835106119
0.948642689996489,0.0609199482540851,0.927722620317429,0.0849593250089675,0.245040142077586,0.0388571041153158,1.07782141202849,0.204934795691932,-0.269562346318788,0.0523635240227741,0.229270675963232,0.173003336554832,1,-0.524526224821436,-0.385074376989563,0.17007357104799,0.792332023114872,0.076181924811843,0.695720473958395,0.0672021637064596,0.660278807571739,0.0750160612491089,0.792884249428417,0.0942106250073417,0.650272638914293,0.120597643976891
1.0122580515894,0.0611952683548003,0.997353640159568,0.0925605824579216,0.281018182475383,0.0388172823611724,1.002670715517,0.235679431321468,-0.38597353461098,0.0663081876941438,0.127320243359084,0.165427827044102,1,-0.727128473240444,-0.10284526813163,0.156184781612434,0.81043642741608,0.0718145728438856,0.639984761312272,0.0680169372113899,0.798348139399365,0.0728221739127253,0.644757113050235,0.0973064277611371,0.771464040405151,0.110277948731866
1.04408472209159,0.0683697316180408,0.993777175770099,0.0887864899744119,0.289487521671252,0.0412170859014177,1.1836577611957,0.2467012167689,-0.407599096185741,0.0738170146658764,0.266606152721361,0.155528928924328,1,-0.696314137917953,-0.194715562777003,0.169633482439986,0.799498641708408,0.0719665579579693,0.710160717079194,0.0723479809057388,0.796681567676607,0.0696515768360243,0.80593262162071,0.0786946622486893,0.653361994581247,0.102691697350713
1.05073208475583,0.0713660286863921,1.0213654913028,0.097611909026731,0.243388445792274,0.0424355170300362,1.09983840379867,0.2457949626708,-0.324278031411264,0.0620839754595028,0.0854875910847442,0.178433164280839,1,-0.626762651407315,-0.0588408894146206,0.180553279258416,0.726366338027154,0.0864713743731571,0.658324667210867,0.0761793776947735,0.8224609017307,0.0739481218977211,0.840890935723298,0.0939669380032208,0.75789515439745,0.130982947735852
1.05834077873801,0.0734347369129098,1.01822334200732,0.102539491546913,0.275115453874712,0.0468018764711834,1.26606305032446,0.251732233181449,-0.341160442889759,0.0750228048621242,0.00355734713368625,0.17376210332432,1,-0.578060786200362,-0.00740884481936134,0.176151992923415,0.760050268498543,0.0804433039270594,0.708171266379057,0.0732668833408502,0.749938978365645,0.0817525496942417,0.670156003388795,0.0959332225153419,0.886604201748767,0.122566195390755
1.04062377924423,0.0733915720522858,0.971021111575505,0.0925943038991095,0.270850682289292,0.0441724112114982,0.844710059771409,0.200461594963427,-0.249022410973051,0.0590588594035961,0.0851956891321596,0.174584878278572,1,-0.520618544199856,-0.0982503831548269,0.182913269482445,0.742751793274238,0.0768001239874696,0.726409819944635,0.0718763889719582,0.690005714284593,0.0860383944513217,0.7237657353835,0.0936099516761771,0.559579138783575,0.107092324445814
0.88111295080888,0.0495397754774308,0.900209272774983,0.0774182749644855,0.211005025465347,0.0310593652517001,0.828225975017948,0.187339540120514,-0.29591770596054,0.0521411392565423,0.341451878898557,0.128142555433417,1,-0.707864493523009,0.0202586534834992,0.146021593992374,0.62634592597155,0.0694549306774247,0.586047247848694,0.0602404422164823,0.616009055541562,0.0701424320633272,0.565527889951989,0.0859038199294056,0.607818875169584,0.116548589130948
0.913152253160535,0.0556001118935118,0.935900042980115,0.0751687752882519,0.189230700328923,0.0313123817486238,0.627016317396277,0.168301148381143,-0.187320943310056,0.0473176797274517,0.274709530367232,0.153256886171806,1,-0.543814917078108,0.022112963681606,0.142654252550692,0.617017627737436,0.0688404115115342,0.590981296430599,0.0650822871348875,0.669497239822275,0.0778655359440833,0.53431639115286,0.096509917784678,0.555311346185609,0.112191470539139
0.917907224035625,0.0526536667301125,1.11419281097331,0.0865889719851802,0.190479346336521,0.0274290649552376,1.14297419139839,0.224276272302095,-0.306941044232359,0.0538101473172599,0.40041959871573,0.130819868063835,1,-0.657828686539887,-0.222213167543526,0.159189394784331,0.784240059500385,0.0660036219733695,0.640398784253452,0.0664869679902508,0.657718334746183,0.0682679085791851,0.656190103143508,0.078956661447193,0.602423035876651,0.105989938301753
0.906365589582547,0.0586905571940826,0.979979819670364,0.0786335689546017,0.229339380835979,0.036039213664677,0.721697563846261,0.179950463430731,-0.247506801473552,0.0517463127147331,0.282572563560329,0.155283658699004,1,-0.60837337654865,-0.0958162871462149,0.141595582746913,0.659257991857141,0.0689179478549873,0.712315793076187,0.058555115333874,0.671077205762778,0.0767200638871496,0.56587190804444,0.100142553957169,0.677601186958444,0.113782294975081
0.962665939188412,0.0649351146590671,0.997463804636988,0.0966493574259978,0.254865097636076,0.0396855524451891,1.06153740701867,0.215141002314513,-0.319005766193628,0.0621582265403119,0.0154024003540796,0.156477337294462,1,-0.613303861667059,-0.0579395714269047,0.162718521124973,0.803910593875698,0.0695056661526388,0.650370445572738,0.0767634407501558,0.636305519535912,0.0760112318594898,0.715698339699639,0.0924157064737808,0.770525873927019,0.104817260000994
0.927330212266154,0.0554697820089936,0.990985727584428,0.0807194843762157,0.237998475894987,0.0357672728102936,0.759694698048123,0.157665131003679,-0.253861256513182,0.0494759451600929,0.308268933015591,0.148540990883809,1,-0.597021250297569,-0.11193673827633,0.166766929369484,0.641918672319592,0.068520289945291,0.579908332895457,0.0676276334514771,0.69897593075802,0.0653430783150919,0.691193084369887,0.0879161410504297,0.766128139489506,0.110243239678555
0.968958140258228,0.0629397483673127,0.962775946234733,0.0897317461787286,0.241757354254531,0.0399001937868133,1.20076570360601,0.264324455087503,-0.309728100476045,0.0621213459363443,0.382665073128561,0.151691057659493,1,-0.574859383036141,-0.0658653677687684,0.177071819567644,0.745233780989411,0.076525119311871,0.553762846639392,0.0672319691683535,0.713958245589851,0.072204148677314,0.709379860636314,0.0777320295373898,0.721331616915021,0.105230300593165
1.08270522386058,0.063993255378256,0.957073035191544,0.0905696291509717,0.296905470556632,0.0429744821626709,1.18575938287102,0.234339017858366,-0.389454862087619,0.0705229363963694,0.136442119784123,0.176561342364351,1,-0.656371545074395,0.14963232376556,0.169569644602687,0.716445168262706,0.0781370548619872,0.775463114782779,0.0666967919850487,0.622206160913188,0.0778788858676914,0.936716025805448,0.0815362590429329,0.64186488416542,0.11534522962903
0.936866960622426,0.0622831498707027,0.923036676631567,0.0841008990710212,0.221445026097096,0.0357423125303121,0.714894196089826,0.179046474879637,-0.215598593529284,0.0495464139780531,0.334967559826494,0.181213833328259,1,-0.541866213604099,-0.122187422909504,0.178952109661494,0.56497451113354,0.0824568717132829,0.679431539877676,0.0663591314735616,0.583235357419923,0.0706295888895742,0.57676723492661,0.0923279085632717,0.709552482735121,0.108330674862768
0.91216323081139,0.0614255974906247,1.0953007274083,0.107163066357087,0.248430495004966,0.0410234078979345,1.40021050389921,0.284489163415756,-0.383735378905948,0.0713253532697237,0.278513857397979,0.158101202765714,1,-0.6506279609888,-0.48438111557373,0.172969184964564,0.764240960198592,0.0752856547670064,0.755468240946986,0.0693888298370272,0.779293561182428,0.0756822435844085,0.567193964908854,0.0987152766823408,0.561861711308328,0.141820186941635
0.990666702257199,0.0744930732658187,1.01936848265511,0.0832627266492708,0.264212450393508,0.0428721915674917,0.757786029175508,0.191317097316041,-0.225577828695307,0.0570804102852198,0.118702990129835,0.17890926387939,1,-0.504134565561263,0.0326070495555194,0.180253771164269,0.747337210747618,0.0740605684547674,0.574401524499292,0.0776169407312575,0.70326543337267,0.076655909802288,0.665557273735521,0.092060260088697,0.661085135758076,0.118643209894249
1.01420636033886,0.0590154765855659,0.877559906672529,0.0855715509760661,0.240736051477248,0.0360725612784817,0.91157776977231,0.192473256788957,-0.23908026587829,0.0517928518156441,0.225006410425849,0.140080234522018,1,-0.510359614578057,-0.0865303088272952,0.15355798578028,0.794829369386813,0.0635995211486088,0.61251637419397,0.0760815369204999,0.678922595983377,0.0741959224022028,0.680806827381253,0.0875851510098803,0.737897768286525,0.105493161350259
1.10343312432464,0.0667331252029625,1.05338193741921,0.0910874895052422,0.267682612298391,0.0420779691948083,1.21518194248214,0.240694781123905,-0.35003082935083,0.0640896642913958,0.243271261246292,0.173733043242557,1,-0.613727469953719,0.236792841376405,0.16526888316974,0.734235698143155,0.070727385676333,0.645007065939755,0.0716140724235902,0.747430798277084,0.0754666334035744,0.642829342044287,0.0947092640563554,0.698089937374383,0.114580032639514
1.0159414153348,0.0671124555513677,0.96971581061377,0.085038812896493,0.263227531308627,0.0412453096236463,0.874847616021066,0.201778495247524,-0.32097212658913,0.0543283409379527,0.228994959957154,0.149080012742036,1,-0.668860359496495,-0.280255238241677,0.153602271140556,0.803725989289066,0.0643032431542343,0.653587291321932,0.0729130091972202,0.774434072865411,0.0784185570491403,0.729201082105899,0.094177638681507,0.73361260757288,0.0943340839341004
0.976891615140041,0.0575510871018195,0.968838219909342,0.0773386865493806,0.197003313624925,0.0314897304870951,0.759376328641332,0.153653975902513,-0.194994891912785,0.045678026440497,0.456707222135574,0.120405905101289,1,-0.504147875738927,-0.0599182295963066,0.164161134827426,0.707622763948479,0.0738504067639746,0.693437281536421,0.0612936835973359,0.730701324796636,0.0726688918620945,0.558022825005875,0.0833248875854622,0.820584650013009,0.106759058446274
1.2295893504932,0.0980300494802333,1.36340505028736,0.124101868754598,0.353322515201482,0.0632871258928945,1.30801021567497,0.300059664257608,-0.32345738889686,0.0746223462319167,0.031937397671809,0.189839775758905,1,-0.475801549199069,0.359622125884226,0.200816599457473,0.785287549273025,0.0756433357329064,0.826474099771783,0.07710617700064,0.800719849493445,0.0915983713100299,0.901270370516053,0.0993425381365559,0.88223909644021,0.115385595119516
0.925944387561442,0.0584172444853049,0.962312449915177,0.0855168913419763,0.244625470744335,0.0336121374931513,0.837039084732366,0.197898472495266,-0.259513874737583,0.0528385794463251,0.28408628560094,0.131126957281909,1,-0.573504561032774,-0.108984447713358,0.156020724273934,0.682471958793447,0.0739682407898852,0.590422492399971,0.0660372884175531,0.719503396039719,0.0684946650936676,0.501539259919278,0.103217313533326,0.738568490510128,0.101204909242789
0.988081221923313,0.0660789628992513,1.087534869678,0.0941428772273691,0.245260537952673,0.0409219412470255,1.20002635421668,0.242591632990966,-0.344106995278908,0.0645287083870097,0.447399722581325,0.135307625400153,1,-0.634284751983588,-0.0571467248947741,0.17398800395212,0.704080192365341,0.0815044181431909,0.754588206841952,0.0620355700063842,0.743036619815728,0.0835090406759209,0.600200646296253,0.0928669618844545,0.769406013962523,0.0971015187320386
1.08664278631935,0.0774548002782822,0.987016591857035,0.0965719319981735,0.309067027946112,0.0508149450169779,1.27576379452557,0.253735191379687,-0.401091421349784,0.0749318043421571,0.163073165171779,0.181624085359215,1,-0.63875144975666,0.0444854054361772,0.17977034738336,0.798098170434082,0.073841150731233,0.769550719685744,0.075594797421668,0.657045020741356,0.0829925663266339,0.78411569718746,0.106205160190386,0.703415885693955,0.128146332385699
1.09155963238712,0.0629967473258348,0.928125118119223,0.0933517372349167,0.235224148184405,0.038574537003586,1.01678445821172,0.20325831367274,-0.292732451936679,0.0547224295177872,0.289136402643638,0.150096139903977,1,-0.598570719548443,0.166907990272861,0.166344016827421,0.676115313370527,0.0779741150925311,0.723547752508302,0.0651931130106156,0.701224870455835,0.0745626377029727,0.70794672356135,0.0822614214196683,0.581659206781995,0.115693894179887
0.996054033146093,0.0611226271927794,0.998272229736636,0.0826314323894388,0.219695549477857,0.0324196109367033,0.821888829651576,0.17901100456614,-0.313161508072807,0.0530727943513942,0.352034401725672,0.141615757213492,1,-0.736972372183801,0.287692337012515,0.148719133121243,0.579740671477763,0.0766596044310248,0.621744600597324,0.0657240738888264,0.671162349612963,0.0742047219611079,0.620190351616507,0.0941747011845561,0.775936565513186,0.100802322225312
0.981924605094366,0.0645399546439281,1.00517297555785,0.0897528377625826,0.23710071355886,0.0376436005805268,1.02762738215568,0.203655330586984,-0.327139211793218,0.0604726258658097,0.317707176260309,0.156641742606093,1,-0.662747866719308,0.0679087023632051,0.167770668047338,0.655092503588761,0.0731241293626762,0.721444756189234,0.0642485372361608,0.668853016494045,0.074244113188479,0.695431983739037,0.0884903042706941,0.594004397465486,0.120892299432843
1.10044705877329,0.0705712501418227,0.959380507442623,0.0965125127695063,0.252033460959024,0.0396984941580378,1.10193533092292,0.253936750999781,-0.26345154283618,0.0597374617447931,0.505649470709964,0.141634342197014,1,-0.499912033252099,0.327959815246493,0.174336429685609,0.645306329354268,0.0795347594385514,0.788587732349523,0.0714979625807695,0.707717886198277,0.077961623321348,0.776085638374376,0.094836499592178,0.803629410625559,0.102866925185867
1.01326640655834,0.0626707170997876,1.02454951425868,0.0861472540653255,0.234523963183465,0.0378077390234413,0.714959310912754,0.179864572557716,-0.254698436748529,0.0507432006655922,0.29598272830752,0.176348962078397,1,-0.622002319081661,0.0635579427574387,0.147617558877626,0.604559972459325,0.074724998667579,0.777813828062338,0.0671612756933429,0.633074139695479,0.0783696569613654,0.682313741144009,0.0895008573487685,0.796104051021249,0.100862111741918
1.01138410819279,0.0672247385483447,0.909493382872339,0.0972881195879935,0.298605163305668,0.0448998015787981,1.20560803635889,0.247820008019846,-0.312859364421798,0.0657596197906184,0.442855060334057,0.136783395874253,1,-0.521431705835715,-0.24716042532371,0.162013854807771,0.7214769284405,0.0750495419008517,0.75018275864054,0.0710226032980972,0.815144830674121,0.0829155982079025,0.794641344278443,0.0897832460608216,0.680986550275747,0.101734352105614
1.12220104489194,0.0658601233610878,1.04594794249319,0.0926055276117072,0.269680637899266,0.0417720292485074,1.1463743618876,0.222643725480809,-0.285448600559494,0.0641549222554216,0.363467855835974,0.171418650660495,1,-0.513381012809944,0.0818155994781057,0.172356434246722,0.751647345883318,0.0727029412169691,0.79085896880946,0.0638618185680242,0.711403610807805,0.0697650523491579,0.72042864523543,0.0938116082550215,0.721790841864305,0.101664263245643
1.00082180005018,0.0602187590280967,0.919086848717734,0.0810381942565191,0.197212652279787,0.0337643402680739,0.989176390074058,0.204171368054383,-0.293687863468588,0.0536206922337763,0.475648863905921,0.12526688667093,1,-0.664938901999747,0.231813844349595,0.160409037444264,0.599601697507552,0.0719032008413514,0.694422023350528,0.0674481206420264,0.644848347406529,0.0741375715548107,0.607556859374593,0.0992406557563306,0.652651516973469,0.0988158804275997
0.8895868914965,0.0593491247440764,0.971629903256609,0.0917697940082075,0.231396861573289,0.0368149901296421,1.22733406416451,0.239860565430979,-0.326886755692025,0.0644823118069331,0.506354269976202,0.122915938377471,1,-0.6133907163299,-0.371559378575142,0.180415423754269,0.761800453626421,0.0751471448834233,0.659397643391333,0.0692286967207521,0.642007395281981,0.0743392638736814,0.734205158876867,0.0864934260160028,0.662895618491224,0.128132384439737
0.984814380107586,0.0660337979007038,1.11669034664736,0.0953194102502591,0.323512022866551,0.0532549850021757,1.35527804754825,0.258886773185448,-0.418281415964948,0.0811070061751243,0.210488548164495,0.166138930971062,1,-0.631697495440463,-0.0403132428503739,0.150395218490585,0.713407574551979,0.0701214204345628,0.734893756736943,0.0681824654723106,0.741687988942121,0.0788639747890899,0.853830094450567,0.0805227955746209,0.742775688076101,0.121898272716856
0.999144557121244,0.0611044707953074,0.920245696718125,0.0873339565685184,0.260815416929712,0.0389793686492626,1.02999300712562,0.178216939687864,-0.315122018093323,0.058100039863317,0.189839254457801,0.1587639719436,1,-0.607987963368631,-0.205862250402017,0.162715128705856,0.675924835135904,0.0746579094347385,0.780643457010266,0.0599157207815851,0.629889143387252,0.0768796160981558,0.693088348486956,0.0941023646893625,0.605211190575532,0.115192320838465
1.08719727359508,0.0821932799934309,0.970461203382162,0.0977911160479476,0.336555373803699,0.0561410341301305,1.16536104181328,0.240972019160304,-0.365178924458344,0.0733598374352396,0.0796641756663115,0.202342233356363,1,-0.583105573781142,-0.0119045156210052,0.161309661303794,0.809148880543451,0.0766265421885839,0.721595138980712,0.0820721386725296,0.64964884474636,0.081433230107919,0.882430128568509,0.0976027365481197,0.734793609222042,0.11256019369908
1.03809268284981,0.0581668943787356,0.926041935308829,0.0838142653398074,0.23416750916031,0.0319157223509683,0.876513642759961,0.184480256454362,-0.303117752115667,0.0522728561172683,0.555719818803688,0.114482880426163,1,-0.669065618662035,-0.0192352146548464,0.189659897312035,0.704591788063532,0.0874265338136434,0.695163947947686,0.0632016450408,0.697469667471504,0.0644226662521541,0.6126489115676,0.0997504965005302,0.663989856071354,0.0888815651943188
0.991960019171168,0.0609621610097448,0.926236080683041,0.0868406036292823,0.213293583406934,0.0326726688207564,0.997347488074955,0.20843357871343,-0.268909948729464,0.0547310200155847,0.534206548852753,0.0989364300915467,1,-0.583035132854881,0.0624319795279055,0.157392636629178,0.751752605971035,0.0676964934048691,0.694481832765879,0.0631446000388637,0.663697385827565,0.07815036495391,0.653672132144823,0.10150393024751,0.827685778118587,0.095778082086242
0.993953423498523,0.066300313437787,1.01784715237852,0.0903114004666923,0.226471213208352,0.0395152278095628,0.972167878099751,0.213323592982661,-0.212069704101074,0.0548634113065,0.180187932756183,0.1761446928196,1,-0.451961554274972,-0.020018194901037,0.152516027884707,0.696014257564725,0.0735021657871225,0.708415633034161,0.0731468211556111,0.780821648249444,0.0807716168999358,0.613714375581902,0.0944768943670203,0.643741123609593,0.11206644630913
1.09321301583227,0.0722141935840281,0.799411597150845,0.0945642763906393,0.283880373510905,0.045664273121288,1.25719509990779,0.241635633911413,-0.280350133043609,0.0623484301763033,0.337385019646779,0.181674505741117,1,-0.469279672697671,-0.0385111301705335,0.179645176998423,0.732488496039112,0.072651728070665,0.719358254777867,0.0719823160399824,0.727248933822511,0.0776477670029413,0.841445666729133,0.101535872668731,0.851264769284213,0.0926936579488664
1.01300139211437,0.077695484121974,1.05882414193541,0.104627054604264,0.319451899844745,0.0511860405151525,0.972544695940306,0.224069724149869,-0.312871146349911,0.0658935596554772,-0.0294727121472217,0.167828987780119,1,-0.561316735712246,-0.126206884342667,0.184574979116105,0.725994942352684,0.0849713530084508,0.799552897809573,0.0730502071083785,0.625995972088307,0.0881340155340508,0.837095104751884,0.0900912589223346,0.755257085560188,0.118281347889517
1.14185298780875,0.0784687095161368,1.16807760697783,0.10169494809188,0.301806450868363,0.0489905362619356,1.1916513043437,0.243015456544486,-0.339386288432379,0.0647484535947825,0.143155322276126,0.195175613323574,1,-0.565920513992156,0.292427352029328,0.166261811887381,0.736371855339904,0.074056191193282,0.772531193584522,0.0759873263197467,0.792920641161484,0.0871584501157913,0.770355897736931,0.0915318265181887,0.698147417374456,0.107252769794902
0.985319631595024,0.0668510351257973,1.05427406204288,0.0872161005032717,0.265629186466782,0.0439399642267744,0.935204924761461,0.216314809575571,-0.345102976750111,0.0641501634812592,0.227042880760883,0.166126201762948,1,-0.692400570019533,-0.0530860625054956,0.154275993225388,0.753769614294591,0.0682371548143715,0.657530087177353,0.066422246222099,0.703140930008653,0.0778338847358545,0.724034016616783,0.104609318224952,0.679160951963112,0.127587762638109
0.956518110447778,0.0694917582383125,1.12996201478412,0.101408572301937,0.295898638349231,0.0466504562092486,1.28430914821802,0.253057613674617,-0.420798382688098,0.0758303340495925,0.246836140773602,0.164454324941835,1,-0.682602368089746,-0.0198053787706319,0.165814592613651,0.74796177623429,0.0749803498752164,0.726389083236002,0.0725546412826149,0.692032806780815,0.0845321316396872,0.741148406658079,0.0930111356598974,0.719755918894486,0.114008978952155
0.980749589131151,0.0666377182803709,0.979920792195041,0.0919814792929018,0.299046339814202,0.0461204756154631,0.86251782015643,0.211141722342179,-0.302167339367356,0.0609948460615381,0.296441058342712,0.18231913909297,1,-0.594968861089573,-0.0889673105998404,0.171608916187863,0.633919801721695,0.0802451001669618,0.779778311335365,0.0648841961895303,0.693608956430222,0.076840202632831,0.717906897059346,0.0950590657234769,0.789354082371838,0.108393695455929
0.99924186964667,0.0655170473355307,1.0259647916509,0.0923943292243776,0.279280288560479,0.0450353388578342,1.36074336056164,0.243315429118217,-0.360036173773837,0.0635652537847713,0.421799099987428,0.170190766406781,1,-0.584033667531719,-0.185639725707993,0.178932425116631,0.714423840239622,0.0744062603837039,0.732495370078537,0.067027369991916,0.811935403302966,0.0713826816722297,0.798541384600104,0.0797617694388,0.525953711356653,0.1367852950298
1.06299170295571,0.0730930981392416,1.06720335299013,0.097179630008895,0.305855267858586,0.0510092872887782,0.994403371985265,0.216735194597234,-0.297944573686267,0.0662672841096461,0.277138601299317,0.207214052549788,1,-0.54025177649276,0.0944466990986942,0.163062148149745,0.572609818541476,0.0874799469681683,0.860454846841846,0.0684079544109908,0.80320088880362,0.0787935109135682,0.741862129436009,0.0889200016713249,0.677841932729389,0.11430228146069
0.978527243633924,0.0658095737594978,0.998642349063749,0.0919813121767556,0.234147205765078,0.0418277719681901,0.98591505446832,0.189734178905168,-0.268216379904124,0.0556893391153071,0.319871333228948,0.168234057805568,1,-0.558240135853038,0.0834070501092875,0.160234727049361,0.69494268972365,0.068614905682579,0.70492015820336,0.0669985027173572,0.673392202160372,0.0794680122832536,0.787834510580884,0.096826783567252,0.582746590513129,0.139503163175274
1.05414600191817,0.0611586436425149,1.12112119826243,0.084451348171429,0.256832083066917,0.0373272386997535,0.92726971370962,0.196705622613258,-0.329210209106972,0.0583789981845314,0.381743950764366,0.134447895064252,1,-0.67459888639429,0.217124130646807,0.172880732081291,0.742528818519639,0.0713915246285344,0.739097133806679,0.061642993887394,0.654847990118269,0.0726076275418897,0.626138037109336,0.0946323804714242,0.629636586887731,0.112856325865778
1.05264835267306,0.068172268398224,1.07701487323851,0.097307502671357,0.267869262833985,0.0415032600467808,1.08396567967742,0.259040752770301,-0.28919960665145,0.0665037493753398,0.244898403893079,0.179728551813385,1,-0.536696163411089,0.145590325194004,0.174917601768604,0.696556901068913,0.0767708687859986,0.739165576222872,0.0704655783575373,0.701098851799899,0.0835261323261445,0.690034778353498,0.094097081535971,0.553874275371497,0.109370312408312
0.908703811799475,0.0623352341311838,0.899864877458341,0.0819536188378789,0.21597437845535,0.0356064332791885,0.942138789289058,0.226190347187533,-0.227462135215543,0.0489100472982164,0.254518969652627,0.188195877526033,1,-0.504255394327724,-0.186448852259693,0.166180258610077,0.647065672291403,0.0708039896444699,0.654706429700531,0.0713193200743752,0.630014422883915,0.076329133850834,0.712897285264524,0.0902700909376364,0.644985630212892,0.115277090286311
1.03798321713233,0.0665515178081774,0.954824442575041,0.0960490574649389,0.266176332394787,0.0428839017756596,1.35327402539189,0.242254484868423,-0.356100446516499,0.0682430789281537,0.259305489598388,0.173921864368564,1,-0.593328113460649,0.0642686229497108,0.167149488914392,0.631546528826417,0.0833035165557014,0.796080697002537,0.0687946616445505,0.784136868096642,0.0801975177682601,0.644551674599221,0.0958813056172828,0.860355419833118,0.106251233485121
1.00997219484983,0.0559515737562419,0.805214258344637,0.0800679130954787,0.241086244991393,0.0357991704705187,0.814868197100487,0.182933642450914,-0.253139484449779,0.0554466553616755,0.418023947955878,0.126683103141814,1,-0.571123447786811,0.11602297900071,0.156200423706468,0.640079615538359,0.0665510400482837,0.715890075191573,0.0663908276816364,0.681308424831554,0.0709927622695632,0.720288746190151,0.0805897715294606,0.775205377154475,0.104715008234359
0.888455415094894,0.0515932854335009,0.992785766076349,0.0856797655095645,0.1953878701355,0.0296143483728645,0.947376151251947,0.209400970881818,-0.247481822833851,0.0517421585995009,0.340670353758757,0.139410926760394,1,-0.5752190796036,-0.0852139966328634,0.155587277274571,0.662959249587295,0.0658271556346484,0.650261761669847,0.0641192549925213,0.639090113474737,0.072143210437359,0.595678415518145,0.0912328932440668,0.480476165632453,0.128587636042513
0.97069251893227,0.0630659471519087,1.00244864142097,0.0886499323449804,0.252468742618379,0.0388296487787356,0.989545020660491,0.218961223374437,-0.298875454659852,0.0594341747271636,0.330265253588073,0.135781359711938,1,-0.597955221119137,0.0615888518489317,0.170204172611016,0.649802904188061,0.0749643490403798,0.663439342002053,0.066388548577563,0.690904036274213,0.0706476255610661,0.640379650474053,0.0990877565117156,0.658836756157127,0.109202469399875
0.90605279242682,0.0604143129564778,1.09961145461959,0.0890616886557925,0.241893997465407,0.0370935278902656,1.028545893711,0.219797272636764,-0.290604752341235,0.0630080256487815,0.411411067478962,0.130230446492994,1,-0.582610529058342,-0.239299299742735,0.183675623245157,0.684761082744083,0.0833639334056184,0.742650525549363,0.0635541154090867,0.65310490366989,0.0674116803166487,0.707523355429473,0.0866269969549722,0.660196383203724,0.136089614058024
0.893025594462378,0.048426591019497,0.844656743503861,0.0726169974471101,0.201938406568894,0.0282713268672532,0.61003420247623,0.130848015884246,-0.245222619369639,0.0445951970762073,0.477525012201975,0.104597704389021,1,-0.698673018686998,0.0789022982214291,0.162616054905509,0.535608189912803,0.0729921882873895,0.630596560956261,0.0619434157897312,0.595754391441275,0.065009736024817,0.527455531316447,0.0758669329155313,0.533142476054932,0.114428361081748
1.077909045269,0.0741285378543093,1.04360761746178,0.0884902505419618,0.299893647664252,0.0515994034230654,0.780925457682307,0.168107262584856,-0.277417869615183,0.0643546125361945,0.275753298786925,0.17133627364319,1,-0.573252567579267,-0.0615319017837257,0.153409301710393,0.739305521441126,0.0720569720739195,0.765187485362202,0.0675994401903404,0.805807777376909,0.0807784848984656,0.799009894662313,0.0951019132180141,0.584122772376002,0.106271400504158
1.01605487706555,0.0681158915133787,1.01026513897782,0.0937577198318318,0.299751061314983,0.0479514484526957,1.19886464583458,0.251316633920448,-0.33962456968327,0.0669621756308368,0.23540836309525,0.178953966417778,1,-0.566544020017375,-0.0349116736475551,0.171036495296808,0.679596310932096,0.074484740724779,0.756052485799234,0.0660726674519025,0.744065404590287,0.0781843086373564,0.718264069649044,0.101370123891499,0.680502819128935,0.113897501645789
1.01885715020842,0.0692785724856481,1.00475393631183,0.0984085821704981,0.27167501983034,0.0408358381949186,1.04611457580297,0.197048614071252,-0.269721581502327,0.0581391507872288,0.280866832811755,0.173513218605425,1,-0.505942563763466,-0.0383236590056702,0.168385742192553,0.762531439268692,0.074160174114618,0.704763828276847,0.0697760980756697,0.731264085025165,0.0714831297234531,0.766013120948097,0.0941099903909483,0.580649707644789,0.131495772363064
0.991458588969704,0.0592007921052788,0.977707692867854,0.0926605396357034,0.226928330675329,0.0340381895503034,1.04919894780866,0.234891335649077,-0.28879304143925,0.0557721072708786,0.267764322925432,0.154709429357896,1,-0.591852439690133,-0.132163455100157,0.179348261612096,0.723552700471977,0.0786722037896382,0.658631306304791,0.066481759931499,0.771575191444235,0.0685474441794776,0.69155614807413,0.0931825933264813,0.699232019203409,0.108840411263929
1.10875912941754,0.0674855710543004,0.859666754674111,0.0877159515801343,0.27460745961945,0.0407738228307837,1.10135570617601,0.221516839824432,-0.31481617154951,0.0618894049933168,0.121162209750734,0.155900444481885,1,-0.572449347679835,0.0871858147557185,0.169882230598694,0.790210868991377,0.0686316600910121,0.636083874163015,0.0670525497149517,0.789675288545264,0.0752058517232606,0.750638812949729,0.0877999483457996,0.623655184063372,0.124034490104823
1.04405369273203,0.0705706864292464,1.07526953903112,0.100321831229136,0.288278757807654,0.0465464407254093,1.34192161167677,0.309952057368379,-0.392166187598269,0.0790365283505315,0.440270708063956,0.139427681441955,1,-0.630522010394228,0.11841575286886,0.170289933677934,0.735092325816862,0.0761004987491754,0.737408793147888,0.0699262562600462,0.700230528587144,0.090242326156893,0.821579395885715,0.0933980616956274,0.622154676551637,0.117255682787569
0.951081462294479,0.056344832641078,1.02246791290649,0.0887595671443141,0.196325939199493,0.0300981753288228,1.02658019293341,0.201754395678977,-0.320416384513474,0.055806407317253,0.52610749985146,0.105739172842318,1,-0.71372257465505,-0.210936044206895,0.177899161122922,0.696373253840061,0.0812974180355985,0.797656530133504,0.0623481375474687,0.605960284386634,0.073162616919085,0.718821415433392,0.0803224846321968,0.629350524338121,0.112830800995694
1.06806312741308,0.0629884036816732,1.06561415166589,0.0879634381884329,0.240126836185597,0.0358803424950766,0.933069116340994,0.212157800385692,-0.301537968570137,0.0579642242562267,0.370793142192279,0.174482355776262,1,-0.637037132494511,0.118683891273274,0.177602736313135,0.75499449276024,0.0731814728346154,0.704214351776015,0.0710294855908628,0.727972992095666,0.0758977074936015,0.683360256843905,0.0871369907125737,0.859676583673962,0.105712432979631
0.957377434367363,0.0544879200185957,0.945325820034474,0.0774435882321459,0.177796333157743,0.0275458054667812,0.63061369106859,0.152224448321316,-0.203222085478817,0.0417315096093638,0.386854543534725,0.146471698335536,1,-0.606914909023544,0.135585140550768,0.149994131000756,0.65549563110385,0.0718386001777433,0.61762785696713,0.0613998476783973,0.642573731110959,0.0695294014910693,0.622273972792905,0.081502738087904,0.66643814895106,0.101728195325738
1.04337690874972,0.0781480614990741,1.02995100353108,0.0950313345318528,0.385769683380902,0.0615128201204413,1.02360395600605,0.219230240349832,-0.375185553062339,0.076524040998102,0.0530793901175511,0.163437644094888,1,-0.597057395180248,-0.133464024004887,0.162293524336425,0.832150204678772,0.0732554774273823,0.684197869268213,0.0793596755392434,0.773504986735731,0.0829955997813518,0.776694604412516,0.101263439185454,0.756944948520268,0.118347917340152
0.99253483179805,0.0613025988240779,1.04848891494669,0.0893680273436809,0.237121358911393,0.0356268531039063,1.06937915469314,0.20915852442404,-0.301065892191735,0.0581262441026464,0.387452306508822,0.162762359093003,1,-0.597874956542292,-0.332134299814753,0.180223443142996,0.789669480983659,0.076477562010405,0.768103892742008,0.0624362775487951,0.717131593548007,0.0707859665910125,0.612973481781044,0.0860868471125259,0.705773269200099,0.102078991297218
0.950279078944516,0.057645231616804,1.13785059177246,0.092313222744294,0.203449364655343,0.0331982139012836,1.14074684515389,0.220746645569204,-0.229914519570021,0.0509817952151989,0.407472736370107,0.142219429657927,1,-0.477247422510516,-0.215496981004124,0.176112649226511,0.813069845683867,0.0723345984043118,0.659696215334966,0.0664292862856086,0.603186493286103,0.0745587393225564,0.702520909888802,0.088734190323528,0.731029697087178,0.107006754809737
1.01878808963983,0.0610985179843573,0.965846942217655,0.0926021793724811,0.210584693579744,0.0333698203126189,1.06084614058523,0.222163296752612,-0.291064197394493,0.0560704432441398,0.312020997478918,0.165605202463165,1,-0.615813473961734,0.0105560454543569,0.178223186523032,0.681745696420314,0.0828202154449244,0.768179921599505,0.0654558364178149,0.700232505889544,0.0738219282066499,0.714305273851832,0.0933327575166567,0.617188702360986,0.123249729846875
0.959279714399989,0.063050186174971,0.958329189565401,0.0891456148666689,0.254290793303096,0.0418703983252193,1.13663574125694,0.224978806587127,-0.325433736994686,0.0651638108494399,0.332260346887672,0.150155532412881,1,-0.605322198642784,-0.151896077628649,0.175128074716973,0.647978442287578,0.0844898382235995,0.659763326066586,0.0686562345652637,0.696121863754577,0.0721545266623453,0.807315485021542,0.0872657785410538,0.479523289477434,0.127219571612759
0.936505334347141,0.0598202264304228,0.944315514030864,0.0807547857164783,0.230438750888478,0.0350523948815271,0.793058094362207,0.195167693812426,-0.320046902633713,0.0581617445892041,0.228032548663125,0.128418761023082,1,-0.748657830225326,0.00684053503289197,0.157375271022314,0.657963858867865,0.065677340946486,0.621511409949631,0.0655790916471977,0.668050145024443,0.0740106835047198,0.518309589827488,0.0955906646165434,0.653406862290508,0.103654531314582
1.04215713373551,0.0640494016870743,1.02461264255217,0.0944599924261947,0.238216569657113,0.037623459176717,0.994596985900517,0.184004159857281,-0.285867342407261,0.0571426436323052,0.410203435138026,0.158246626162231,1,-0.587293226001873,0.00186147658927315,0.183942145089204,0.784526978613087,0.0747497230505274,0.657952617733832,0.0653608712882158,0.738055956355168,0.0717684890544122,0.608376681823956,0.0889214691389678,0.675864995300805,0.103490272485
1.04414552515472,0.0634224427206766,0.947759485579732,0.0895789738812896,0.268646656792486,0.0398564341888669,0.894855998883937,0.199403432907404,-0.347545433612916,0.0626524038695963,0.106392156516673,0.137925568436991,1,-0.708833590071687,0.168908527344989,0.151680772642723,0.618254101404176,0.0811466911681554,0.735441024400621,0.0670488112170265,0.660790250998419,0.0790142737206041,0.905122056689525,0.0890409331873207,0.591829712101218,0.125029383347564
0.941435205904638,0.06274330598304,0.882945293955968,0.0842627641369246,0.1677444709747,0.0268076234617999,1.08368652811512,0.223725572005455,-0.289266440588117,0.0534613348434672,0.455795848819746,0.118310002658259,1,-0.678456655690749,-0.138111771404992,0.173025307034045,0.657104262095074,0.079764482611186,0.602929570084208,0.0716659682359288,0.713028891953501,0.0689432264271531,0.556581932488248,0.0896409988699351,0.467927726832705,0.111685124810253
1.10664275474472,0.0622295059262658,0.89552642432316,0.0825117432972275,0.231620931567431,0.0332509317938196,0.872101176470279,0.190359743411923,-0.231274301440553,0.0510429473269869,0.2570458487606,0.144063095100471,1,-0.514582532116958,0.354639030942923,0.146215296383972,0.5195530925256,0.0735820878148076,0.840044340306184,0.0641100629880882,0.741376367173845,0.078929133830757,0.717678883153322,0.0831140136924755,0.750595249172493,0.110076970865886
1.06370063187707,0.068645115464986,0.95549372401802,0.0899795869551827,0.234649064826483,0.0388208411551974,1.0072169211478,0.238128815572656,-0.28232351053045,0.0569149500385638,0.295434003652073,0.16586193854457,1,-0.580732491461843,0.165502626989144,0.165674708322553,0.739635519455684,0.0693154424944661,0.642892508699392,0.0706193829081821,0.710373951786958,0.0724509200795114,0.640184712694658,0.0949864116791652,0.708954954737092,0.112941489996881
1.0655875007365,0.0608013283206228,1.14270322364661,0.0963068032436412,0.285852207599047,0.0429771294695244,1.12036532591539,0.211635798596124,-0.336168218274109,0.0619666816595143,0.193940024961403,0.146045055146115,1,-0.594026811473844,-0.0364011832044459,0.166498161193276,0.762514740551938,0.0705479302459989,0.792542722987467,0.0647158607281438,0.678395294240806,0.070765802319928,0.791637424118072,0.0877838531329362,0.716711075979293,0.125687869418046
0.988079428836362,0.0588541300267273,1.02839385083582,0.09344181662691,0.295144982891847,0.0425696591291028,1.2326456988645,0.247658299313352,-0.30888143621914,0.0663357717408158,0.234032746425006,0.153188537174053,1,-0.512100232592706,-0.0511160148441817,0.163006980461512,0.649124300206155,0.0759397414035771,0.714397922115135,0.0623210718414972,0.688063102736291,0.0780943506436189,0.795505016842256,0.0842937752251747,0.727086849986535,0.0942965048812928
1.04643717475862,0.0735206408774479,1.12624279331363,0.0997832513437017,0.271395567729282,0.0477853115166524,0.923781900151744,0.189807697767707,-0.280247466869997,0.0626884837104682,0.281598953850936,0.197266424895706,1,-0.559700372546032,0.0210242660420296,0.183803298042138,0.787564203377475,0.0812235289701083,0.78559974027685,0.0665927856831235,0.78230744319192,0.0906722179536762,0.765820502400478,0.0959059812560073,0.606955044719655,0.123747920355684
1.10058874207676,0.0645889620905319,1.05567241959044,0.093486491772342,0.324598203955598,0.0456675712991223,0.937929928128039,0.220271321204189,-0.384786292362584,0.0673411664977298,0.25731268358166,0.156572707426305,1,-0.697366914589756,0.0882375403869286,0.148941394217356,0.692746161571282,0.0666481904167291,0.811056600755776,0.0632056536446366,0.704077589466777,0.0717340155983404,0.87482560232446,0.088965558522675,0.753908510627041,0.117896442113058
1.06700808798083,0.0678958556932441,0.880345846441969,0.0873667240906012,0.278844124867884,0.0431221895065948,0.800837205918716,0.199434386145621,-0.204727888483822,0.0587592664129514,0.198060014123115,0.170818439502402,1,-0.433235600687227,-0.0725541918856294,0.155809099467749,0.760263411176464,0.0692236953403872,0.559782100130004,0.071843855025193,0.726876739676875,0.0764007924789652,0.715475955285901,0.0956877514588792,0.735337386992375,0.113200803246285
1.01425459744355,0.0632274141096916,1.06061120758256,0.0916479884754225,0.246110041943539,0.0404364865052898,0.802283699338663,0.197415523452036,-0.239389729692982,0.0558693123209804,0.199228361661933,0.170661058282667,1,-0.538737073688631,0.215920614614645,0.16319842123834,0.694611518881053,0.0730573007844872,0.687410177007416,0.0716517222240787,0.735878966632884,0.0790416122699767,0.712461554146326,0.095684836930937,0.706437803406351,0.106483563722237
1.0381520781028,0.0650959073663711,1.0452313300753,0.0833169117172357,0.282789742643778,0.0460178218858212,0.827083293935769,0.175606927513011,-0.295892729847276,0.0571179052040089,0.302592723194972,0.160968298627605,1,-0.611825880511788,0.240028269643282,0.149829377257079,0.626713876880055,0.0755171267167971,0.803823446093432,0.0646552517140264,0.759917239623194,0.0742635032851998,0.656264713995276,0.097089526976972,0.613011697959675,0.127618660477507
0.994862843438133,0.067184834561507,0.934890748829626,0.0878246887772606,0.238796068662108,0.0400023560817907,0.800509513099427,0.16970643912076,-0.298356794048679,0.0539628938633737,0.0148652321519882,0.158074797848949,1,-0.682400123640907,0.00572280532920435,0.169057026391589,0.739770255808695,0.073805871615744,0.65390210557593,0.0669503667749224,0.716704075408481,0.0923672874080464,0.544562928998206,0.105266643587226,0.61801507386902,0.108743802448884
0.942955637053477,0.0605831990246426,0.843832503105401,0.079283335881531,0.20051495992341,0.0321069227560392,0.609527526580525,0.132051402778112,-0.13432211682996,0.0408409459450002,0.343496478793626,0.13230330530406,1,-0.384217795457962,0.0499987992254444,0.165753707317817,0.583022315223729,0.0785635607900532,0.579711452666292,0.0659886544691603,0.669803426244254,0.0701055427206795,0.563885203201386,0.0886641400615266,0.678079897828104,0.10355109455628
1.02904729450666,0.0657384558613478,0.9608654301062,0.0824219164203702,0.232404775534547,0.0372789857658665,0.871736528031146,0.18334449249277,-0.295841456751812,0.0532450255929732,0.394813316263303,0.130744921088304,1,-0.657270115181212,0.207028995178558,0.167433968887702,0.672692052955973,0.0700028578730224,0.770593676683389,0.0718818531565051,0.557209259940887,0.0799759299152619,0.631633350340542,0.0921636311407757,0.696152307565571,0.126471405376931
1.04743599634758,0.0778372105474442,1.11777984350517,0.0982333750096285,0.282026868109867,0.0518378222754592,1.01545920733162,0.229827592055859,-0.211392410819148,0.0554634135803345,0.206543134111096,0.201029955415836,1,-0.395014382395245,0.0584583537814429,0.17311973869617,0.743244210878343,0.0782024175739042,0.756373575988381,0.0756263672812109,0.826968052732876,0.0854312671527752,0.744524873569718,0.102051909670682,0.635458568239804,0.13105798563179
1.0461130457751,0.0609715162107534,0.891977275236998,0.0800117480706148,0.218919229684483,0.030205209501922,0.75872792188597,0.159939330663804,-0.198070561756758,0.0429777803826399,0.219888436973366,0.147393880459143,1,-0.48599851723946,0.217779641563855,0.15269642768367,0.660768976735172,0.0750733858373534,0.770218136772599,0.058500251383771,0.648997919847408,0.077846493030095,0.586476969867577,0.0880439039816394,0.680432728180628,0.0865255160231102
0.936615191580347,0.0581556907630325,1.03430714861152,0.0824704864180686,0.201227220615733,0.0342114552794703,0.778063921576536,0.179666370396864,-0.249742530697327,0.0485785561313695,0.400335713810941,0.145432471138553,1,-0.631162961074715,-0.0345333424442776,0.159129447992242,0.611097536654965,0.0646847040211939,0.731764439561447,0.0613955407182863,0.665799984472909,0.0774128047144332,0.628699093929095,0.093731494888821,0.626968435209795,0.117743168424767
0.918177647034515,0.0577731852955616,1.14719430208636,0.0885301492889711,0.207534629331755,0.0319741615291636,0.848859266929512,0.195976244224636,-0.264446567236504,0.0527593316385432,0.367989899682754,0.132208784962896,1,-0.630049686653362,-0.164408128374084,0.15626867687725,0.676200989718832,0.0723547239029363,0.670038820626551,0.0661297945365047,0.616599195161662,0.0734478422372823,0.615005151059934,0.0818669307177075,0.517280634426556,0.132822390411657
0.998419689970671,0.0570509469574557,0.976500116300271,0.0836592786274665,0.207368402161258,0.030025555049843,0.852441162865648,0.179055537165932,-0.262705972427736,0.0485305580263266,0.255477941468312,0.139243201739095,1,-0.624836583646071,0.227706231018903,0.15253337449042,0.586108593850833,0.0774592962349834,0.623426892901034,0.0645732558138564,0.693506171260679,0.0657424498812423,0.678962893050917,0.088829588413544,0.569096580748745,0.102327898824935
0.98428054839566,0.0653118478520756,1.02675897534138,0.0886800817936129,0.24789930884344,0.040845875514338,1.16312859368572,0.263343467651854,-0.256058653944692,0.0604375772956741,0.361344519271622,0.164128598843429,1,-0.476856749445915,-0.112870335050579,0.166561631927755,0.734911741578642,0.0719684111070366,0.710336239673411,0.0653030165159861,0.733885508303283,0.0768271258121757,0.699392969508214,0.0949101835502011,0.806185293084912,0.12699236553688
0.975024349949554,0.0622118177064606,1.09159711249069,0.0909973088154539,0.245971160094448,0.0393715116231226,1.01379746880502,0.218181438932758,-0.256009126632567,0.0592733945945646,0.148374859555532,0.157724552845269,1,-0.512669820014161,-0.0699099154762528,0.158026484733361,0.637212051711701,0.0726363664862326,0.832147892151748,0.0643168895202781,0.652276716322313,0.0801919522072837,0.672588238188552,0.102469594618239,0.73071410424798,0.114423883643025
1.01997121660584,0.0652082556202224,1.06875409686945,0.0915752251429246,0.264271666585265,0.0387791918653195,1.00389589852171,0.231919929463845,-0.296722551163137,0.0597663913578796,0.236546979660976,0.161041767438453,1,-0.576077499197607,0.14020588124586,0.154394269598237,0.63207231076133,0.069248342257803,0.69045423608186,0.0722845560420962,0.856739325338552,0.070190848430768,0.653928313055894,0.0977999382528347,0.809385309662505,0.106994739530622
1.15882330684761,0.0709549154581477,1.14179356363978,0.0908518462762483,0.332973273532354,0.0510449496694114,0.861072983610519,0.197541231200395,-0.384499753500864,0.0701859273635397,0.087573467672801,0.163686082347868,1,-0.718077627731973,0.167896574851034,0.165536330486655,0.734624770727239,0.0811122959775575,0.833347364293072,0.068471721756593,0.807607759329304,0.0740369154072656,0.891459440977503,0.0936511764710036,0.790108930175164,0.0954804356116331
1.00081491269497,0.065480386718988,0.914766107664543,0.090032693236963,0.286363360920791,0.0442540976622052,1.23045323395616,0.251958940398239,-0.336331108924814,0.0683112155798476,0.46787221956688,0.144391016338033,1,-0.566598940048993,-0.149453780738951,0.167582680005515,0.743171901889767,0.070270413654966,0.733842801252786,0.0661954082657228,0.738946776405619,0.0835042139438259,0.6020708745963,0.0922494714588552,0.779818296272294,0.0983754317037176
1.01493181891051,0.0617069998646383,1.03065466714816,0.0849333610528374,0.217354617500595,0.0305424009982255,0.994146997832419,0.202821231392426,-0.330386444496804,0.0577023298305473,0.241814225428637,0.157124905612542,1,-0.710742821743431,-0.0772525371108179,0.164834591841364,0.764331749983857,0.0742213285071181,0.694606452708501,0.0675687468462546,0.653159786356074,0.0748298836636405,0.673537438097373,0.0810077984409173,0.601130408304942,0.117837226530658
0.93922165584132,0.0614855582824535,0.948824783973325,0.0893864606009597,0.249991851274992,0.0363209848298454,1.11345282840998,0.226102212128849,-0.317893011517218,0.054997566165839,0.406303871651317,0.141481110669044,1,-0.602534810791281,-0.218863345598578,0.166187784168243,0.678457948243625,0.0719544564775487,0.695255803734897,0.0681153357201949,0.688749398787867,0.0737704637740751,0.632149917624337,0.0829584734321849,0.738086335511108,0.115259264535
0.978669371213573,0.0589846096248999,1.24215556401299,0.0945294409868656,0.229020677804762,0.0364805645758851,1.07761994585452,0.198238297996405,-0.270896268651007,0.0527689103344758,0.461506476447806,0.141756372076153,1,-0.545296693934388,0.0222110999851473,0.181126385594583,0.703019540545531,0.0778546076418014,0.675859961871593,0.068481268359457,0.629467335814212,0.0719066759639682,0.729967423656478,0.0874421322072801,0.714002555349226,0.10580239037232
1.04508346048293,0.0648394346429327,0.989280561973732,0.0928287247731257,0.252596441829285,0.0361116558506846,1.12528965503736,0.254795078952449,-0.352886437006261,0.0621195374186578,0.0962133173213156,0.162562780187025,1,-0.661895135514264,0.233965200999831,0.153420573498907,0.692194728315687,0.0733678502627087,0.669983132353589,0.0720327214030931,0.723096056568901,0.0730853690897957,0.672618729703379,0.0926630441231058,0.819303203391063,0.118920481293767
0.962084768364126,0.0603952606580011,0.997776194120087,0.0870463707194108,0.23771551466797,0.0357382414866196,1.19079408367867,0.235418324529172,-0.329641391591015,0.0578419871293745,0.374504995914676,0.157514708099009,1,-0.619576077949461,-0.00373954932041155,0.163377581163919,0.615519007790119,0.0740613422926988,0.648849830572487,0.0706644880471919,0.701852434950448,0.0674235564968045,0.714437546626506,0.0863264406667262,0.75458484348988,0.116081961805741
1.04204590171847,0.0600435563180367,0.874356389308847,0.0780934044073502,0.200997725260575,0.0309406405173669,0.782186774911786,0.184860900684067,-0.165906058286029,0.0485031272137742,0.446242113019674,0.123341207551967,1,-0.418419040856746,0.280740685636352,0.169933434296741,0.642845407631684,0.074797956244573,0.590258116773287,0.0658461845832,0.665258330519078,0.0680262089890409,0.647247168099381,0.0885000446314828,0.622423656408084,0.113878832931977
0.967309637869747,0.0656968062561607,1.04393887658118,0.0900771812328141,0.283405654730499,0.0441867584331853,0.960728347948531,0.21449109895372,-0.318616578189715,0.0617548998858484,0.173688499575435,0.156779345710082,1,-0.610609856928869,0.120398714721734,0.16358186410792,0.649218520519878,0.0734558681363807,0.529063230944385,0.075639871483275,0.719115812302928,0.0722434883727613,0.774059164862892,0.0799368523113989,0.632192585486317,0.138887569852332
0.958651434872169,0.0559908349890418,1.05712816969254,0.088280049533988,0.219051813437515,0.0324635323937564,0.998100449722401,0.196595511259386,-0.319860726249676,0.0562167087227664,0.187224094857216,0.150709918652867,1,-0.684069719823316,0.164409474506847,0.153365782223157,0.604832508687861,0.0797821927308939,0.603358377405036,0.0648997689066614,0.80171156191091,0.0671269892722825,0.6546279426501,0.0867861705387179,0.661092621236394,0.109685463836494
1.10309135959401,0.0781816287973466,1.09326226751348,0.100136371089272,0.285296250585961,0.0467511635346636,1.44201617273906,0.310504678443538,-0.360867936399217,0.0785313530401388,0.0611293413807936,0.195678457712636,1,-0.562620041563264,0.0237110304839487,0.168011267657045,0.789358283800021,0.0794224003487198,0.819943215745857,0.0774150644781807,0.720811400261655,0.0864164831588115,0.7987412129498,0.0970698190538541,0.798966488638031,0.118821229364396
0.92603882786991,0.0569250068853163,1.07720023931925,0.0893152290483104,0.223026787292768,0.0347515470165673,1.0222161787932,0.2014317110853,-0.28852895776479,0.0527104341742038,0.257013593419454,0.190602896308198,1,-0.604281804756387,-0.321064757154365,0.170516948084884,0.82581061894709,0.0702058751574941,0.553080316768847,0.070775235615018,0.688137987106038,0.0714234474665183,0.595666954520491,0.0909120601698793,0.848148117774589,0.0958530958909339
0.962817754550064,0.0638317826436781,1.00843967727346,0.0867183621444705,0.236960328365952,0.0370169757658353,0.766102336284604,0.195897041936931,-0.308947131045314,0.0585404722116414,0.232499512455237,0.146762411827327,1,-0.725108425886081,-0.223577329099637,0.162043248665746,0.761922523465634,0.0713210834035208,0.546444596700756,0.0750294542838099,0.782887881682239,0.0737650655577665,0.588610924927632,0.0972035014692204,0.600802769581403,0.122882281734143
0.977629864287967,0.0633057017663795,1.01585110975706,0.0906881428469468,0.263236406256483,0.0385179866668555,1.08781684210763,0.257837878846153,-0.309786685937083,0.0663557329964837,0.23447585567611,0.159098652246361,1,-0.578911108085286,-0.0305800631009427,0.162575479991059,0.612084247845734,0.0749759309931741,0.781737657402978,0.07038412487914,0.748117755911918,0.0733760532333797,0.727313158764898,0.0853127693653438,0.780774317963188,0.115222464683476
0.911533058694753,0.0608709560552603,1.14462161313998,0.102808127993018,0.238725455367551,0.0361309723925635,1.2349165383923,0.234992236642085,-0.269347135242875,0.0586683390742134,0.296383752112745,0.154222139654664,1,-0.496071403138621,-0.191062674959499,0.16182231867183,0.679899272017693,0.0754295182616936,0.617581073552005,0.0668898181187152,0.695228943397812,0.0736979624339998,0.800144023239097,0.0877812434437365,0.679464578399177,0.128140729850309
1.06360208822777,0.0742654773296974,1.06981791915486,0.0967471658240905,0.315697084863515,0.0526156655259126,1.01122718069204,0.2278173285674,-0.302342162439993,0.0634075659104286,0.033084884646096,0.144059877671804,1,-0.535105065146486,0.0362701432888908,0.155777048455471,0.754050750884613,0.078103500739491,0.796203581042166,0.06888914490602,0.709150438340766,0.0836696737921444,0.887917547919809,0.100129242734184,0.796981647374827,0.132996391910738
0.971282590990946,0.0599173766840549,0.916758723269292,0.0801602716249713,0.21206810118525,0.0327698433325847,0.957283264013711,0.184870576673412,-0.262863279857457,0.0502717130556201,0.416405206318304,0.13807077087508,1,-0.583407510101143,-0.0869209790607565,0.165156238017581,0.683322699575187,0.0636130868482421,0.733978865109505,0.0632327866342621,0.693607614543176,0.0715554146738324,0.617382946532118,0.0877044303202367,0.401050962773688,0.109927843019023
1.02769996812461,0.063792466476234,0.968908551109589,0.0922539227399224,0.318552018347189,0.0467914266270027,1.1891473923012,0.209876658450625,-0.392329749557336,0.0693671059644959,0.291621206872215,0.164860764181084,1,-0.637445730379739,-0.00480870406070978,0.172908989282243,0.719239004118625,0.0711084218343449,0.734235174370643,0.0633725740401372,0.715205837114218,0.0718549353920005,0.710224506673845,0.0882327750540623,0.788214163426094,0.107217054926561
1.04393841689241,0.0664271230311671,0.973042633965786,0.089469672452863,0.238346010779986,0.0373235524545878,0.803332687391817,0.179749578770568,-0.28985162081209,0.0605167719534281,0.634790191734183,0.0920195415131359,1,-0.662405714127737,0.142198086470033,0.179551253240549,0.681263418298544,0.0841209808342402,0.744603920687531,0.0658416231209143,0.697287500782081,0.0743901544155907,0.726088634390148,0.0852761166795639,0.707920775088423,0.105554228259774
0.945089132456334,0.0644361275856947,1.11304191790098,0.0935548584690223,0.247174487110846,0.0394557114755922,1.09990730776362,0.229810339154743,-0.296878457965523,0.0549964813389265,0.425790226691965,0.152662135732696,1,-0.569375559354943,-0.260457145586169,0.179199449740141,0.727984569349112,0.0730978981715776,0.805999212530028,0.0581083396835671,0.724077614287353,0.0795056601956336,0.611548228135188,0.0948103309476917,0.709524255169236,0.11981222910714
1.01796473001004,0.0674482959338584,0.941376700638214,0.0813835111585933,0.297139326342638,0.0440543056201518,0.87430743584862,0.182945173973358,-0.331782908306893,0.0643367030130438,0.244783412306866,0.13850642989944,1,-0.650941344352995,0.128455045954454,0.153788690524852,0.738926474989544,0.0689566186188758,0.616122723375742,0.0646991150548379,0.561822014544509,0.081157870577762,0.828594700919087,0.0871243056911699,0.677897223944418,0.125113474160494
1.05997362664833,0.0714661720096377,1.06883597282536,0.0984102436848268,0.328725714715344,0.0477187705292771,1.40965398261715,0.302811706366982,-0.465525922491866,0.0787380539778963,0.255372498463311,0.174646907391381,1,-0.683865616727789,0.15488428814702,0.173900524795525,0.799869905521098,0.0701210053193468,0.733852756833005,0.0681009539717397,0.829769345619765,0.0896357762755993,0.663467644560013,0.10100675774803,0.616402593490442,0.110470103305161
1.05309983291029,0.0727373002056861,1.13017124583693,0.104955712685087,0.347946775557999,0.0566250523641311,1.4272828574324,0.297110665045843,-0.42982116179554,0.076700604657433,0.338424964681984,0.205886406083963,1,-0.609924895941174,-0.0278439020556077,0.187714970745689,0.760208776329051,0.0795400506100804,0.789963911289219,0.0709601401024799,0.800531420013634,0.081916909506974,0.836828338196681,0.0917251003776032,0.635449322008406,0.118286254507972
0.923100506562194,0.0605127388744402,0.984872723358732,0.0922228127283363,0.252606825446699,0.0395574481370238,1.09718423656659,0.251601670056813,-0.378379294065735,0.0700933493682199,0.22324797953132,0.151742607323153,1,-0.71872879121708,-0.264283570956503,0.167987919098297,0.74299867972343,0.0767612113562956,0.640573591579688,0.0681460362946864,0.738508923295279,0.0730384024397754,0.50242160527826,0.110854436668933,0.570181506344949,0.114775971082557
0.939705564419103,0.0586715490163161,0.873254840426564,0.0828937533129105,0.220291731570626,0.0355502088685809,0.828479436496289,0.188038286630871,-0.238829997191336,0.0526607973270264,0.316162702312187,0.140040436750229,1,-0.559047755944948,-0.0882956916892017,0.15913442235639,0.728192367054025,0.0641767823550347,0.689372737014194,0.0665239262447402,0.592525931591858,0.0753917096628359,0.610381689773355,0.0950851294305421,0.815025802490908,0.110746226359404
0.979104231240036,0.0585774952788878,1.03874536180169,0.0796997836003131,0.208047233346843,0.0318163234351477,0.81878562268427,0.186821308882887,-0.201461369583079,0.0469623069532206,0.39692044272482,0.128176449729479,1,-0.488118991801524,0.0615397766467546,0.15332641046463,0.674841569889236,0.0731675120524294,0.573351508990085,0.0649868186504667,0.692518589858868,0.0695282763872567,0.645051886083031,0.0863811790890509,0.570930496746655,0.105362619220702
1.06065357202133,0.0702861375731876,0.963892327955548,0.0931018302352265,0.305258550726806,0.0464587585326466,1.08944804770245,0.215580925044649,-0.363353451347673,0.0643122940162306,0.12472163700653,0.162148009825166,1,-0.630074797119232,0.0900652492885406,0.153401170092824,0.746966055528331,0.0712197761523178,0.75072562565294,0.0698770423447671,0.646875336759263,0.0770740026118594,0.781964310011339,0.0926053775305433,0.849590970003093,0.0994731062234893
1.09540027810851,0.0718403804735051,0.97582801031028,0.0961921782116882,0.28668654821382,0.0455642030832142,1.45787389701615,0.26467656064032,-0.374234308562183,0.0691322520165872,0.331529646549175,0.162576981274866,1,-0.578868559175808,0.0442435182735863,0.18082512992727,0.74180276200181,0.0746009755405003,0.738975730833049,0.0617043370360267,0.773913278782062,0.0712346502619415,0.767238351792599,0.104671330073626,0.663864333847366,0.118092132570549
1.06606809710948,0.066983621308575,1.04502237408207,0.0900078777877621,0.23249443166871,0.0378125230848942,1.01046030503407,0.224690858786828,-0.292153921575407,0.0570495064875693,0.417613802929795,0.151964697919753,1,-0.602761928382614,0.424547476374733,0.164631486733036,0.658012374615416,0.0716128421519356,0.700728665138665,0.0685290482685909,0.79662100046129,0.0777172501569878,0.693960533261703,0.0956662895725321,0.716385567598643,0.106884139895941
1.03757747391315,0.0652212151208995,1.01224257049163,0.0970517744143894,0.286905669795224,0.0417803585532076,1.18991179752726,0.243217974576285,-0.39085837794049,0.0665919775180771,0.409356601691184,0.161302492010592,1,-0.668948177336067,-0.0529659844269661,0.174809873717756,0.827569729271256,0.0712861504631153,0.632777366046982,0.0687150872868327,0.715967456885008,0.0762275501682956,0.790994388277222,0.0922895156299959,0.567605748030377,0.118549372873725
1.01999730014136,0.0656469350841481,1.15981892844081,0.0946599599779415,0.238141586724896,0.0405763006454825,1.10542430539437,0.225335203848474,-0.245408358877569,0.0564189273543979,0.334810213227769,0.17325996559702,1,-0.478307537702442,0.0857748776718504,0.155453411894142,0.703287984791907,0.0672677806952435,0.83056968240953,0.0637292687481421,0.647753972322902,0.0876752145888021,0.707670260750029,0.100423960012046,0.677661299665228,0.115945829370384
1.05018307412904,0.0665235504137139,1.07794965732662,0.0897981773273643,0.288022856227083,0.047202953026898,0.766392319325923,0.167867159186241,-0.255284690875071,0.0548252807051423,0.18939333389001,0.171130422796394,1,-0.543357571535963,0.174028921520686,0.144827057730511,0.640897851196995,0.0709850044717411,0.744084813059993,0.0689188317981285,0.74033788548894,0.0825696017197812,0.640694322797009,0.0908567423328556,0.860608692360578,0.114864478684255
1.05706909304622,0.0605835715409074,1.03307835239409,0.0854775005570353,0.238483994560547,0.0369759060007117,0.812379318569783,0.176984612328166,-0.251338734728983,0.0543623713214011,0.377570544913249,0.163795428741477,1,-0.57101875974277,0.131091152961103,0.154948132671121,0.628472668114783,0.0777230537779716,0.712563511990715,0.0644439086307881,0.659165359987427,0.0799918275990684,0.721674583942739,0.0851722970468678,0.601017052197379,0.101317309055122
1.01089492882994,0.0647438336573723,0.896906620089956,0.086943713994331,0.276532014795674,0.0417306940439213,0.985075890474641,0.25069925453724,-0.338236414206119,0.0670407834619545,0.339790125236575,0.169005947265514,1,-0.648056405457075,-0.0878919551699033,0.164453338347558,0.761851742085142,0.0668601394535947,0.660561483576514,0.0674363760882656,0.654342426741526,0.0747351527999421,0.742611966961167,0.0943414479295097,0.673982309424581,0.105930729667139
1.10127091002789,0.0670226422574165,1.0568998734429,0.0904756028170403,0.272422763096583,0.0434895056654575,1.38583451556937,0.259907830221837,-0.388306413745909,0.066037333293978,0.350887609731719,0.151456358537282,1,-0.631971044522071,0.262510466597929,0.165446820596294,0.692299512551832,0.0720558083422664,0.67684741879137,0.0701664155910845,0.737468048574813,0.078653372517814,0.783163076893209,0.0854228588450771,0.828575516542651,0.094593226562673
1.02272813959244,0.0646676442146632,0.998034185202764,0.0836672941445153,0.219249004235225,0.035186568401926,0.866230256765955,0.192620910343452,-0.291391757828841,0.0565089277569938,0.305454881808546,0.17839186821964,1,-0.668639107243783,0.243560241625851,0.164405695425443,0.557008792260311,0.0762214805977679,0.676291750492492,0.0718735176147631,0.687895534449457,0.0759525548751519,0.718249721647074,0.0866984018492521,0.660070805359551,0.0987686821982986
0.865277786995174,0.0530914511724093,0.831704152981573,0.0768149519712442,0.20768144696108,0.0345060726743199,0.754633666030484,0.166110097468719,-0.318299804493256,0.0536591915093513,0.185800397210408,0.151681780757462,1,-0.804024778875592,-0.233073181629517,0.139016103728685,0.630825237363987,0.0701976847911707,0.626848797499556,0.0618458099430533,0.582933286956574,0.076805124530302,0.514678466212732,0.0938500367021925,0.730347355197969,0.105824367054446
0.954488083152831,0.0644426088759023,1.04253395016718,0.0929175520631312,0.303980888198699,0.0439294322980232,1.06479077780896,0.229018509165285,-0.374751420880085,0.0615896101256207,0.0913941689148784,0.165245717854865,1,-0.658700522335933,-0.116598847053488,0.154937893002722,0.700903062003526,0.0712821204922006,0.710987415691642,0.0627795146405403,0.673500020874505,0.0754242997934548,0.758636711824426,0.0845851851496682,0.63007655734182,0.110722211120132
1.01310835982456,0.0653768333226342,1.12600353350288,0.0929630183295053,0.312965512918417,0.0451968455099846,0.958935825635461,0.197319604092873,-0.308525487085002,0.0638637272111179,0.120160093236023,0.168057834637573,1,-0.563181049685834,-0.0939409387363845,0.168774809306991,0.781036500839761,0.0699613007749936,0.716177761393939,0.0648107626609736,0.725611572192046,0.0773075803330171,0.803848665535378,0.0965878841211164,0.750509780819067,0.103984135084149
0.942131491252334,0.059361962150308,0.819932765492789,0.0766320368213744,0.217810194549762,0.0335497656811484,0.657716176185528,0.1684726488631,-0.23436792050323,0.045808155063499,0.30718983547131,0.147985009097749,1,-0.619212626490454,-0.160802321461226,0.171924973208754,0.710757964959214,0.0653058943099783,0.587370538915328,0.0724024073393443,0.636672141455538,0.0717770051887399,0.644661292198512,0.0787999675528481,0.547335335996626,0.108110304614468
0.993116810506596,0.0650414103178169,0.896279790942054,0.0818867726849173,0.240556340175242,0.0364816198511415,0.541567057679338,0.158147619850577,-0.22295722694956,0.0494272575321092,0.0316578657661673,0.159986905690765,1,-0.617713411468914,0.130025156131903,0.144088210941814,0.642226062970711,0.0736944233705347,0.682389106332999,0.0735836513570634,0.58617205776055,0.0839395652696427,0.743003066234767,0.083259738627347,0.570200289554899,0.119027452843085
0.98821178401604,0.0661998763185357,1.01283149257639,0.0870296692796859,0.247930904484767,0.0421257530980546,1.02038796719741,0.208690967844406,-0.277591659389855,0.0549536708931044,0.257099279345241,0.169082297943839,1,-0.55189748671666,-0.194201172097158,0.177371418704609,0.732462864351854,0.0745625535118902,0.625583175152693,0.0704932305064034,0.642856348148294,0.0784184542536308,0.75022754709565,0.0969789780172879,0.719626850807951,0.102843624086681
0.973012973382253,0.0577063633791065,0.927504525689941,0.0785277846052471,0.227481809719014,0.0321856918479065,0.596386431461055,0.163128190376428,-0.220708697209758,0.0514284449968169,0.246531685033168,0.164665632652434,1,-0.599214388009968,-0.186048965278433,0.16890311483714,0.699963174013627,0.0791416403386022,0.699897890360914,0.0687374991021102,0.603201648653035,0.0775637415458432,0.675960898835096,0.0850375422025633,0.473686654155212,0.114221792829813
0.957243037796604,0.0669505008785288,0.938227320641176,0.0864932456240227,0.265366345968872,0.0419195656565093,1.04772567211327,0.207591210045082,-0.329177568071162,0.0579334720889619,0.233619446976339,0.15998061757971,1,-0.624285887560334,-0.0190823265828624,0.159082399049398,0.61692540408122,0.0738206031119291,0.735857143415501,0.0690409393645162,0.657823046721212,0.0786304134422102,0.578193784420663,0.0941688743971702,0.6248990648999,0.0995228265464171
1.00281578827753,0.0624894717436823,0.95171714896578,0.085178370696406,0.245833017988481,0.0364994332012997,0.870272497860261,0.180236397972946,-0.288160688313529,0.057358091249875,0.0630503889738034,0.14632493571387,1,-0.622998493966462,-0.260274751197738,0.170426191902128,0.868977796468263,0.0734070721861985,0.678061289401585,0.0699765644194003,0.661036530885963,0.0702251611005157,0.614715744374153,0.0972777382277934,0.521292497008413,0.111297272140991
0.99684883128437,0.0685759324912031,0.923233375838224,0.0846584255622712,0.270051802857843,0.0411586116489978,0.905018489935832,0.228824230807276,-0.291340773957098,0.0640694398459983,0.123442938901357,0.171228763885206,1,-0.589317045750495,-0.110769435871949,0.1710631413195,0.785883259363886,0.0725398838037316,0.684365654343072,0.0729791633827599,0.672966172349724,0.0770115704868767,0.773215092517507,0.0845413931706031,0.700568330441925,0.10056034233951
0.882426728621602,0.0607857639495099,0.929114500171984,0.0843601790797424,0.229842945913233,0.0345053607711568,0.859633744933826,0.186783768196286,-0.318676386999965,0.0579979632378809,0.219817658837355,0.142254655338343,1,-0.716931342830224,-0.0448679166277565,0.149779505483542,0.611122956477507,0.0733571747435437,0.539560717407122,0.067749429967221,0.590903777664291,0.0779251444450301,0.713339388726263,0.0814742639259043,0.474275362389229,0.128540765501787
1.07568635824753,0.0650759852264024,1.0685336817643,0.0987949988205456,0.227863638534188,0.0352312165399415,1.30746758206505,0.281559418039321,-0.28528553108123,0.0557118021127102,0.154423682241433,0.14905516610056,1,-0.52266902980784,0.144353441276868,0.161830884646331,0.747808204845806,0.0749013811429752,0.698763536705571,0.0627344149750806,0.7214885682303,0.0702214582063346,0.853564044953023,0.0900466243335044,0.472698748571936,0.120658699594665
0.908615841529134,0.0607761324050893,0.922312789760658,0.0826387453204696,0.215801862713266,0.0348455017114856,0.944250725195935,0.212290008810909,-0.25045968593335,0.0519493141579009,0.216732578043043,0.159086331997591,1,-0.554838480425476,-0.0421914299055313,0.162177101092255,0.602785086439788,0.0714181083298449,0.589635995693626,0.0717186184389911,0.496900103258888,0.0732691229256882,0.657335611052914,0.0900154425094493,0.772036036281084,0.0990166228407532
1.03688709448044,0.0707965079043032,0.932050462463498,0.0903398143050397,0.275346188038693,0.0449215626761179,1.15952130422322,0.261563969272356,-0.368832228279669,0.0658938206746234,0.252787705353445,0.176148890711111,1,-0.652754631465197,-0.0562811180967467,0.1680190285471,0.796597574613326,0.0700617911904811,0.703887322267301,0.0749625119254704,0.601354357556858,0.0783811903209207,0.750495318711679,0.0924274644355301,0.560508804802435,0.120735663918011
0.967964192389335,0.0681619591394792,1.05632113816544,0.0884247763807,0.250523400048924,0.0398673091960833,0.9129618983509,0.208569537755621,-0.330840875835798,0.059983310989314,0.0356511201771639,0.153912755035043,1,-0.691781090710219,-0.194844826213065,0.158024562091719,0.713029508936045,0.079797930248596,0.640031275093938,0.0716095326390545,0.808072510442818,0.077066432139224,0.684783125409284,0.0822521013297847,0.659003135275703,0.108636579733491
1.00184251273093,0.063101268264399,1.07703329153584,0.087197163477769,0.271984146318449,0.0432381053532823,1.09989694375939,0.213180157592059,-0.310183577334048,0.0567662789158789,0.434082212839259,0.177778140281774,1,-0.567114834488176,-0.0795780863954306,0.183296428965529,0.703281837341946,0.0751018687653612,0.728167869947797,0.0630571964729258,0.762445945450971,0.0684983487220145,0.662399277162961,0.088634029375162,0.860052771752017,0.10283617816877
1.05177924820161,0.0693920787527779,1.12829170286864,0.100776223615188,0.276605035486978,0.0433569378818577,1.13071410429992,0.228522555701049,-0.300519871304799,0.0624914107476571,0.207200610588887,0.185569712917919,1,-0.537361748502646,-0.046044238618953,0.165168205538475,0.725224829766812,0.079760081819573,0.818310405985062,0.0652081425167622,0.677477764344223,0.0752288722233996,0.730668859410994,0.101248493590064,0.687538762777921,0.120370105186613
0.943618816614367,0.0579355144061096,1.02130399297323,0.0815736950833659,0.241742314022303,0.0385473006326398,0.80468182114981,0.163481043083004,-0.307496191717782,0.0548581540247254,0.277902751422309,0.164769707965736,1,-0.697190256313309,0.011328909596229,0.156128318418958,0.599231285005683,0.0751891086319715,0.700336189467919,0.0662706938411964,0.643805835208179,0.0698342639999953,0.600083816341335,0.087281445230733,0.69072646883809,0.104603176437154
0.936022610546415,0.0685280551794585,0.964382935039872,0.0875050514763813,0.238997738613784,0.0357240933061243,1.01485901695571,0.21454196155203,-0.328459615071703,0.0553459293015333,0.110235800792051,0.174454734481121,1,-0.666933029831147,-0.0119830365394075,0.168295789841424,0.734664952751003,0.0718146162303418,0.613970640411474,0.0700979999587506,0.595567329722896,0.081309851081368,0.716423864011861,0.0924067607578942,0.704807416262907,0.120659409094256
1.01964910813976,0.0585551773869434,0.928821164767702,0.0857532997413387,0.246959975448342,0.0419220792561322,1.02438906135445,0.177785434910566,-0.355276695434534,0.0609774269415362,0.413945831767101,0.150977196246981,1,-0.706351656246311,-0.0287231142555618,0.157757522200543,0.701796313291057,0.0646758170563369,0.710859175300803,0.0670538801217136,0.676441858868066,0.073108783246315,0.671164801800973,0.085397316594545,0.628103523154598,0.122077172778997
1.03954222595449,0.0598918234983395,0.887482348355051,0.0853639046959854,0.216944791965494,0.0322193627037564,1.12959044258514,0.207689052426517,-0.34682962503092,0.0619895116645034,0.548754762795107,0.0883951055158687,1,-0.700617639507711,0.133542407229127,0.17259647397066,0.680278509481446,0.0696696752239325,0.730835291648283,0.067613960321169,0.549596149807496,0.0716566552551376,0.731891408493862,0.0781546386563466,0.642998137716422,0.104261581623714
1.02753442078371,0.0637365592356,1.04023127351821,0.0901632357126383,0.237682234123737,0.0403648066917908,1.09499825476452,0.220356159056202,-0.344481660243351,0.0641961661289123,0.520516419347824,0.114626148523713,1,-0.67524446287325,-0.0400727058957665,0.177227873523043,0.68229618602848,0.0758986596948977,0.648534117394318,0.0624579635213914,0.840278946824508,0.0645023689012288,0.469843501647312,0.105777003829851,0.656170115310204,0.116740648839142
0.954231950365424,0.052358125389005,0.858637060547808,0.0789821128230797,0.215048850951774,0.0319790704229736,0.89874651891332,0.200282083692626,-0.225332551708874,0.0552761146410372,0.44795988568419,0.131643518821224,1,-0.512550617347899,-0.127218873461024,0.149195013715472,0.707577128577171,0.065903737084448,0.616994095795289,0.0618774614394981,0.759129431078744,0.0670930722564765,0.544475695243471,0.0913058752827768,0.633421892248323,0.101396273970244
0.895530374426639,0.0499514209139874,0.971135788964753,0.0846115362992648,0.189051396868962,0.0272769880005591,0.717106687126887,0.149491010251889,-0.207388720338542,0.0424630030151307,0.316907184965957,0.121146424944409,1,-0.563252723502392,-0.026140676282643,0.150240531229475,0.557147203806166,0.0717748544237088,0.609646177807928,0.0605636192190303,0.729603856999247,0.0717124639279508,0.484945727654342,0.089692366207929,0.455419216442652,0.113972497793275
0.92430731829033,0.0574621947628232,0.905462202394019,0.0821702121313411,0.217639850522754,0.0335583720044938,0.963406887824184,0.194182327484226,-0.251100884986045,0.0500078071735778,0.434621840207831,0.135511248972669,1,-0.548370597034007,-0.025002027685518,0.165723954433525,0.69958511137145,0.0737550602108323,0.682378848549266,0.0602532701752467,0.67676455520237,0.0766347444422137,0.597992495552613,0.0886848311079216,0.76672010286247,0.116708053798576
0.932480572772041,0.0566103084072815,0.891906899877001,0.0763438042294951,0.180466998017575,0.0287995249020675,1.02676047935402,0.205417441543277,-0.340703939747827,0.0551196775638245,0.592250142790757,0.0863188263958228,1,-0.791486818542596,-0.198111111468996,0.173110318329882,0.754194209664426,0.0789005539312341,0.662725235781135,0.0636730084044235,0.577490145372316,0.0687390979671618,0.509865075538106,0.0829970814069285,0.676365782061794,0.0894747447665809
1.02618047933657,0.0668119073063788,1.05046015295419,0.0919043319841164,0.225288839149773,0.0364717682928381,1.1892813864598,0.278212285973117,-0.275592130609349,0.0595159876338242,0.398880837343399,0.144545193848106,1,-0.532420369959168,0.105985931536388,0.170846674694713,0.714274121157278,0.0737942298490074,0.721021590957623,0.0668471146361922,0.652080478807368,0.0759269609249086,0.623413957390756,0.086968766393385,0.784983904918021,0.0999612364708886
1.02859480942716,0.0640027554934653,0.946608441337237,0.0902680409207721,0.297394325351421,0.0448916194228958,1.14122794866125,0.230550990098627,-0.365147076845754,0.0643783307102366,0.236939149216704,0.156666103297993,1,-0.626780230962734,-0.130646231464887,0.155201238854283,0.801700046549964,0.0676187307773211,0.652160086821843,0.0684277717208696,0.736905955035454,0.0742669349302505,0.747520455020829,0.0929871537703015,0.824138437283751,0.109321595352071
1.00416376793963,0.0681524713281725,1.03965474791883,0.0893735466974278,0.249196985052624,0.04564067893854,1.08501052084771,0.254145486332167,-0.303345254569669,0.0637697646024878,0.377392849071082,0.160783881981709,1,-0.583376376832798,-0.112295360505926,0.171465447411071,0.700193757070427,0.0764095221017498,0.661966969231546,0.0669395069428778,0.779951649086719,0.0838431171846859,0.727951380675845,0.093705603960769,0.839397083462947,0.125199134663156
0.913708268198418,0.058005593127358,0.974359204105451,0.0766328133139308,0.197684553936232,0.0334976042785424,0.77561034961826,0.151832728457702,-0.30196717225166,0.0498342452938891,0.498449002843731,0.122969955829894,1,-0.771172555939907,-0.00578303869971579,0.16077406337019,0.65442197752715,0.0648084396265493,0.664473843629297,0.0634345557653116,0.645984644018432,0.0737972567345888,0.56539722403597,0.0900922417777666,0.78912439830671,0.110217746057759
0.900157685180769,0.0581284748173304,0.982726755527696,0.0862305800411675,0.221685180782512,0.0352355175942674,1.06126636055435,0.206729189317589,-0.324400303877996,0.0564746145959422,0.425740334260113,0.132934973061178,1,-0.668806864512378,-0.335622505637659,0.172244833937755,0.721503014870668,0.0755247712454809,0.626069740205894,0.067406770313377,0.714991798592391,0.0741836646504574,0.641421982602269,0.093333595617749,0.62231555322347,0.0965881301173116
1.01631386408479,0.0588624729589696,0.886384104350172,0.0844736518300818,0.212878717616805,0.0334708672867197,0.71340493230587,0.157215403674508,-0.218921690822208,0.0467960967335406,0.472169965020805,0.135040695728937,1,-0.561764921931205,0.355702935816619,0.171907578030048,0.575777372021439,0.0714112578184546,0.672584811105153,0.0613593762077788,0.640204486582855,0.0724566765875126,0.5839987460621,0.0899475573948816,0.76457161576838,0.10963133001624
1.03160188423229,0.0658647503720299,0.97059642125759,0.0925585428693232,0.271151033140107,0.037850163676179,0.908477028612568,0.200721042803393,-0.322242891125949,0.0619166080880147,0.0553365791924042,0.155636902085732,1,-0.649263125934563,-0.0165048793241826,0.167321804505621,0.692025648227465,0.0779792483063887,0.68158028454302,0.0676214790207036,0.681375405032126,0.0826727325076414,0.6095368515657,0.0932669531537352,0.783526068744904,0.0982888925404848
1.06250914554644,0.0724012865472071,1.07640365420448,0.100049371264722,0.352970088700256,0.054517208036022,1.41190373442557,0.307442918442537,-0.48873934994357,0.0886751083752427,0.345782267478165,0.172019755460263,1,-0.692318299865742,-0.179655036056701,0.167456629744734,0.848075759122155,0.0711161985039809,0.819339381140307,0.0647365299721292,0.608604101195051,0.0805397841577891,0.756460756578744,0.101454372317363,0.879741593596241,0.1106285812854
0.997517295355791,0.0595019846288109,0.916688351044637,0.0873599095980877,0.233667572777657,0.0342488555984207,1.21994775323161,0.246863688978935,-0.33410729456553,0.0607556940705094,0.465624988022412,0.126942583546316,1,-0.625771987616235,-0.0209008776755769,0.168126640201864,0.760767217471179,0.0730787678359679,0.668998809985459,0.0606179595585176,0.692945958231097,0.0731976080963399,0.719901389229842,0.0872512900636955,0.686664839717519,0.0949768338335994
0.963818091890462,0.0632523361260973,1.01419681442244,0.0917775491595335,0.226507062964842,0.035362188612644,1.13865970146651,0.219440578159661,-0.324526734244902,0.0565222378425536,0.135539711825413,0.173582708340046,1,-0.639017320294151,-0.0136180088986092,0.153262879277994,0.647637967259241,0.0706320068056647,0.69598780611583,0.0712721263504598,0.65951807217945,0.0758245458756764,0.675113333867234,0.0909213237761688,0.773009658309293,0.135956870586706
1.04111011209673,0.0624099165660674,1.24956447489983,0.100526976933428,0.258093221248493,0.0376315500144239,1.17373279261844,0.252432783676342,-0.181257560388584,0.0541751524663855,0.460791124146152,0.148557252759576,1,-0.329323871384042,-0.00521762324727969,0.17723398689358,0.762505158692696,0.0749261168659122,0.766739428179327,0.0645901591262983,0.678007375599888,0.0801925652734678,0.773785079250814,0.0857825642017115,0.594787017511825,0.121291983774783
1.05329762944711,0.0627637694432303,1.02219339303509,0.0868397280503726,0.247252992512685,0.0362173179335445,0.997973233663505,0.239707469122679,-0.330653585490137,0.0595050352980974,0.418759764228475,0.164637891895457,1,-0.665645516951165,-0.0349432707674626,0.170596341745408,0.680385273486319,0.0725672318070359,0.769971941262834,0.0724445739558235,0.763976595262949,0.0679737382320161,0.645750224012003,0.0819061740810781,0.780082447369417,0.101478769718327
0.931401535993354,0.0540899340436163,0.942377099776087,0.0883054079277864,0.214805769952008,0.0350959426656611,0.947460943660218,0.203877399671643,-0.326701431609941,0.056789656679649,0.318943974408954,0.149045683870993,1,-0.72418146963091,0.0528392154565323,0.159211120257651,0.622112783132343,0.0733041093673015,0.70989793734152,0.067452534590549,0.562963722310204,0.0802125251964725,0.640428561256278,0.0825805103603661,0.368190768601535,0.116225116630169
1.05929369687961,0.0637939478822387,0.863294139377943,0.0841930050204082,0.291965766101599,0.0468715640627259,1.09578259123462,0.216605605337266,-0.313202313797122,0.065433924479696,0.45356383821691,0.144675420220324,1,-0.553728398756559,-0.0246223271130194,0.160677039847665,0.735172401400922,0.0678724508858007,0.763738620021769,0.0663035439271333,0.682807132891564,0.0842044327895893,0.674033352442776,0.0892986912173031,0.823098955783896,0.105131417263221
0.999857796206873,0.0647867806788223,1.14415521643111,0.0944274465436998,0.271842776125984,0.0428293633410977,1.27574694498778,0.251490607911484,-0.400908269700244,0.0725304557686764,0.454732761651231,0.145101451493832,1,-0.680775390378262,-0.173042395092662,0.1758964038373,0.786677814946351,0.07087719098703,0.698064149027616,0.0673085306024152,0.631875243048123,0.0794646533276617,0.794906842983524,0.0842615049142788,0.807934458763579,0.102411582474647
0.974106679484448,0.0580314649813109,1.01277842644326,0.0817202300292908,0.222347140087107,0.0328608688842878,0.83402467621606,0.203862256059378,-0.29356638093932,0.0560140288472608,0.222781042508873,0.16029191833509,1,-0.681712244992181,-0.0501195298379418,0.158504718617982,0.675751638860591,0.076569155805822,0.767021586399532,0.0629922437911247,0.519491665270729,0.0768848475475145,0.584471517075841,0.091404867781352,0.730552742072923,0.108583055829344
0.904768091070887,0.0599038647316458,1.08264379332862,0.0928273009475573,0.237989456575274,0.038588884958172,0.844743297920348,0.179754937313415,-0.322665749106928,0.0558120977966338,0.267057687950643,0.165854461936959,1,-0.719633929695169,-0.1845188841285,0.174139834809791,0.724357163012555,0.0732740240049679,0.704871670371024,0.0663122490293313,0.583931334732352,0.0845759714524216,0.713933934985904,0.0856280198672458,0.464321840891286,0.125716301761116
1.09641585647983,0.0773301305173932,0.892319939373942,0.0930013234727196,0.349701919453256,0.0558393038040504,1.26137112921273,0.256868248350524,-0.329453748937246,0.0691487576816187,0.313053760203714,0.174863649277485,1,-0.49604834223818,0.122736339885127,0.172951533995487,0.725930315596186,0.0718782757842652,0.737086080882482,0.071086114650004,0.811772242618096,0.0799901005700115,0.771013201440835,0.0984436768613687,0.937418440520652,0.090836892408698
1.07821628163637,0.0666772284735345,0.891136236530765,0.0849385773965338,0.28675425651926,0.042381407460739,0.964888008223514,0.218229531950379,-0.304731749232599,0.0602086213517007,0.426588212189342,0.133987132937039,1,-0.579327725584441,0.134925900121178,0.157812631518427,0.741345002606318,0.0685299254482448,0.603612734478498,0.0688926648396318,0.773810210431001,0.0743330916561857,0.642552286114911,0.0891488154827249,0.659408746898484,0.118738245409079
1.02028528818618,0.063319821878461,1.04169117112727,0.0915076595528499,0.213465618894815,0.0371995074474875,1.02216822829735,0.2191124489003,-0.250321711110992,0.0547117319862195,0.409745431782148,0.161617128266593,1,-0.535887172525346,0.0370335835828781,0.1677879469318,0.645751814975092,0.0785166627284469,0.753162156709706,0.0664003739277442,0.714090647690244,0.074847297223674,0.663003898575526,0.0974709670936089,0.631015787631234,0.111532592877492
1.00667509127216,0.0544507855441261,0.958400315911735,0.0780660265098918,0.211450814124381,0.0314136828275203,0.724515064407803,0.16871487189226,-0.300572991691566,0.0492489542248811,0.420773788505963,0.118813698357143,1,-0.767929874721282,-0.0522895225317683,0.155550063830861,0.701528567318136,0.066462362757573,0.724225960896691,0.0580345927681904,0.629504852874468,0.0678635446204091,0.594548519281199,0.0876460707874214,0.50400176080608,0.107988893657142
1.00030631575826,0.0605930878391115,0.899392881574938,0.0848707292389522,0.199333339796717,0.0322258309902159,1.02672026505534,0.210075995034928,-0.2542295388027,0.0537778652226132,0.342041751880513,0.132037985499117,1,-0.561965909641688,0.0917101919466097,0.149036383913589,0.649383535952319,0.071867928770764,0.644058969635097,0.0671272345316701,0.625335754659761,0.0773248543231638,0.792836218142707,0.0812767998177254,0.564163411242337,0.12096778618211
0.986361970890776,0.063300118292772,1.02921204189758,0.0834889776580685,0.25563607082912,0.0375025338720065,0.918217807574214,0.230421697902024,-0.247884591595674,0.0581604698796499,0.428054067062714,0.165203415528647,1,-0.511641318731511,-0.108903647404531,0.175392857341908,0.758136250850536,0.0696202908497476,0.655281841729334,0.0651712550474321,0.801936116435538,0.0705847879721463,0.653209755065984,0.0914689967125045,0.6746635697905,0.105832182044715
1.07272214698884,0.0663528811387682,0.941631782042898,0.0868505142405026,0.256672180336694,0.0430987955885575,1.11040132019586,0.238701757502877,-0.246052569264379,0.0668133910116191,0.342424082258757,0.167998942871812,1,-0.460891309960061,0.0574469801890026,0.168319664920585,0.771317268784925,0.0766718244747248,0.662450673798196,0.071174174003128,0.721018478712176,0.074194998482407,0.647817376885266,0.0925462369392287,0.661178271025216,0.111223248024306
1.09745063111871,0.0625623409459848,0.997787751035508,0.0837476210420264,0.223647500141557,0.0321232546711015,0.928584975002667,0.229615696301922,-0.31803558589951,0.0558765625997588,0.333056024005263,0.135912006752663,1,-0.697883397920583,0.235051913697525,0.163229364612694,0.620678121037278,0.07178148330508,0.703323129785689,0.0635518464876901,0.734240769584795,0.0722922515468239,0.81155250697858,0.0788152348324509,0.503751665029593,0.116354685780042
0.957930927165233,0.0620242416267715,0.988212624012844,0.0883444615696928,0.230230108936929,0.0381154398752517,1.29770495559491,0.250057464312159,-0.418908502723035,0.071035883597131,0.423061850846129,0.127040214463961,1,-0.766390538357497,-0.0709993011553321,0.16807479453746,0.657114038475492,0.0782385479074645,0.712178042804266,0.0630139143669874,0.589999550197702,0.0709001681887665,0.740313007269139,0.0876042324628697,0.506030206473718,0.126608449645469
0.97449009685539,0.0576570589638904,0.979501879986384,0.081858046227726,0.22953982139743,0.0346007284522323,1.01750444072047,0.187583774198016,-0.264329621853848,0.0528320039219946,0.371924818627704,0.147711751764109,1,-0.546951299265464,-0.197646444294067,0.172836490299582,0.712700052200134,0.0719909254985115,0.695815188002685,0.0613949525003482,0.618688741733616,0.0747307904837067,0.706098834236084,0.0845849736434142,0.613661280611331,0.107680512121396
1.0080350504302,0.064984639457598,1.1672358809415,0.0917500195716164,0.27594712092495,0.0414897916813577,0.853710385774348,0.163898652812036,-0.33720595829949,0.0556594330054852,0.0816439581651288,0.170218508125206,1,-0.694747549781918,0.158485438434476,0.157686553750729,0.673407140434463,0.0736031976833697,0.738385182588176,0.0696984273210591,0.723500889487482,0.0746197440019345,0.568777194051821,0.0944705256813574,0.652881353866081,0.11697512607687
1.01712528957608,0.0615314643074614,1.07102353405213,0.0854952643254898,0.24630070006128,0.0397817671285999,0.861516629838252,0.195493685652902,-0.225917127568152,0.0542201234156322,0.411139801330101,0.137611609783598,1,-0.490438439511603,0.199508064266669,0.152294977803263,0.631558031360953,0.0761502727365901,0.711281503469462,0.0648197347788748,0.657224191680103,0.0759528855767972,0.728230174372769,0.0908144158953116,0.694438961190828,0.109856906301048
1.10486985139985,0.0724953194542371,1.14745147581123,0.10099359831525,0.261616199186348,0.0436755533865101,0.912085917223819,0.237962754172223,-0.173976620473505,0.0585287542499009,0.41334290377578,0.171992270131639,1,-0.356156356091074,0.120138296351197,0.168371484706156,0.678900966860348,0.0786203449751759,0.870841973766522,0.0745959482069972,0.684684137825375,0.0728804879891946,0.789006418630707,0.0934221753461648,0.658372147321705,0.119328307994741
0.93902732426795,0.0568971497648642,0.918903513944366,0.0888417360850928,0.209654475345228,0.0345190041215097,1.19099102418287,0.205517113845153,-0.327898816024438,0.0562405496685291,0.451809950263763,0.152370291260158,1,-0.656195934834709,0.0400609007174372,0.182558719124347,0.650198325005166,0.0785216615301326,0.600991885971109,0.0636403121258191,0.653119514283528,0.066637672460546,0.667202024276894,0.0792294665020968,0.638994116058583,0.10563570242153
0.932485990935333,0.0523926336209198,0.958577450314696,0.0740238433440452,0.231655684546573,0.0332283096863663,0.600749828067883,0.13247706588438,-0.27067167483698,0.0465236964058069,0.477422007724315,0.116734240556564,1,-0.725561954100864,-0.0218674183785615,0.154289318316022,0.674589921095521,0.0713824300437857,0.47857693637483,0.0659443557306056,0.665382598209956,0.0685065706385011,0.651811671558314,0.0775086554179758,0.684283549928676,0.0986859147984602
0.971795262342294,0.0578192967709693,0.94642212809245,0.0824383624172512,0.200855689104023,0.0331839336730145,0.855603982302991,0.191494223790945,-0.23687088034742,0.0504487924861077,0.560186437902,0.0857390204878075,1,-0.571390751753739,0.0996374433168179,0.164858323074755,0.63949439053204,0.0714108419961954,0.651869401557723,0.067799591484853,0.717399069490171,0.0714711923817072,0.828257501048583,0.0828424729938079,0.633618127220005,0.106186563008663
1.04999633527583,0.0733594854676035,1.27249818345844,0.115330457260771,0.36206740777488,0.0604621027243612,1.44501883145152,0.322020152532356,-0.411580011359763,0.0851531294863762,0.485787821873061,0.179923886065824,1,-0.569013807612379,0.00285495478053059,0.196002896542813,0.853576591207862,0.0805838295595026,0.816903004801159,0.07177733736433,0.638593994596398,0.0848696721439446,0.655891725473853,0.097182264272005,0.806540679364607,0.117327467086073
0.986665925825302,0.067973857979665,1.00892060816759,0.0988557687973993,0.278775480791937,0.0455317697842616,1.23636726880685,0.234258867761285,-0.357443524037298,0.0653458871356272,0.392562024888044,0.148515315014838,1,-0.60884451352201,-0.21561234229638,0.176691975206098,0.741582378946035,0.0717445151479513,0.678595897127819,0.072050155149356,0.83058011118648,0.0747674731818378,0.591816433240303,0.0866002617616718,0.737211627067237,0.10497443308559
0.908412991824008,0.0603095809246781,0.856535836270097,0.0838827912400779,0.251651785171687,0.0386803024907021,0.740641348071684,0.151242401617909,-0.296121421149203,0.0529616144699862,0.170668467391339,0.166930720947549,1,-0.685907955820352,0.0744556154022304,0.154548175638268,0.52547502065493,0.0743703702498184,0.700401979383713,0.0654650208548169,0.718819705585223,0.0793912884524373,0.517627522239733,0.0974609958242585,0.740582175052032,0.113671137018168
0.995818258140979,0.0666633046586378,0.97302426270827,0.0971738186651535,0.26323701125181,0.0397535617736607,1.06752341578799,0.200958922757429,-0.380046274653209,0.0658865241807423,0.190421727667481,0.154408564447283,1,-0.716925947882398,-0.0613288675151693,0.173548923291486,0.706426744548574,0.066604576925257,0.667370167809303,0.0679557486766599,0.783435528477363,0.0758931805750162,0.712442004182137,0.0857947960096456,0.740365438843422,0.106376982974586
0.976858329501616,0.0673721491229891,1.01308588533539,0.0924408480588317,0.269177803616929,0.0409586045942585,1.26328764871722,0.242026244079672,-0.360784448355499,0.0658118871341976,0.525889297095966,0.13117037677902,1,-0.618695648365862,-0.401991694211738,0.182719998464981,0.764995313591416,0.0683916539588322,0.765229227808231,0.0698379173099189,0.734347127652251,0.0797205595471684,0.696207943932543,0.0949349619492247,0.623873073992228,0.1264517067575
0.949934806266771,0.0545323404521164,0.997632072498453,0.0813643321056723,0.217774225575419,0.029396734506026,0.859808307939098,0.178537023685921,-0.289428488696755,0.048468912936817,0.284938389280713,0.146602002657612,1,-0.668863072138139,0.105153736448566,0.146779639460123,0.713066893534742,0.0673908765580416,0.600421124477505,0.065760579164267,0.711467418215346,0.073516248517885,0.633122082960906,0.0789640420298051,0.482679352837714,0.112058717131631
0.878495719571388,0.0502812009637582,0.888954198233319,0.0751020071373082,0.223883672121623,0.030591944787227,0.717448515319578,0.156193573275798,-0.300081628938938,0.0492385090413473,0.471147153046656,0.0917878348773866,1,-0.748743089757436,-0.016392127743138,0.146891501007088,0.593686151921716,0.0637772049825001,0.568731233560005,0.0634181911095871,0.593033285845201,0.0696997748584779,0.711971772481074,0.0742620299395611,0.752672682119516,0.0905268475789911
0.971633363176249,0.0683230598452558,1.10286998785705,0.0919373309501968,0.272376817927531,0.0453466503175327,1.23123501166027,0.256381344187236,-0.356878469267252,0.0693631591883568,0.427429366322412,0.171626633913912,1,-0.61626116153351,0.0545913740624525,0.176765186882337,0.643127301667656,0.0769244607371631,0.810118354097475,0.0678229545316058,0.620302169352046,0.0824769167277545,0.715747610964328,0.0884696482769126,0.338574981259465,0.117741721371734
1.09499508907939,0.0648670600942464,1.0463317638084,0.0940236268768611,0.253211841642437,0.0412243969181866,1.18408471327231,0.24275095037566,-0.392009752369049,0.0680970625336697,0.462014276601654,0.134823281333484,1,-0.715918323957743,0.253699765053148,0.165374834260346,0.684370179138599,0.0719881886217222,0.750128049059681,0.0595851117227091,0.797867024364034,0.0759086084793116,0.683663306301192,0.0926173509593003,0.754393865690677,0.125030087282345
0.964003528394852,0.0597505860053413,1.0943692770471,0.0867631369745275,0.286833121239375,0.0418783000983319,1.04245975480078,0.199315352113596,-0.391875220803648,0.0663717528194572,0.517693660717578,0.123180294397965,1,-0.716644058615528,0.137013476413891,0.165284570758612,0.655551919242438,0.0675868245803306,0.696046838118382,0.0642202796761408,0.641346620744265,0.072394395597209,0.665651117466,0.0959222093860179,0.535212703223164,0.119567245162362
0.992785244666175,0.0613757371975907,1.15278068771458,0.101888082358574,0.286406105198567,0.0419378536600197,1.37775796855165,0.277953557072722,-0.433128532192508,0.0770469313859168,0.384451879832609,0.152107535378643,1,-0.689507813873704,0.0169293450266539,0.164787189931314,0.788731489443883,0.0710767725301239,0.665704292644061,0.0673337908781031,0.742266391281042,0.0786577373421061,0.630573232392623,0.0870283510614802,0.695279202961212,0.113321539328318
1.02760401496837,0.0700087743014366,1.05145528162128,0.0949688966026778,0.328076476442676,0.0564296006128892,0.911395653489785,0.236403122771837,-0.341123652088463,0.0676627983438979,0.15148156802461,0.180201041209525,1,-0.623836541419139,-0.0332138234796784,0.157123503540655,0.743909732501786,0.0739682800199623,0.72468530675293,0.0689150361031195,0.840359212765675,0.0857367761386338,0.735286816933659,0.109245323498621,0.780389116424487,0.121064688639825
1.03779421757999,0.0625597469212715,1.13663588731486,0.0942014654007179,0.276046430845847,0.0375689329422502,1.11747929834953,0.241981124302429,-0.346222613935647,0.0717050550736967,0.49338631890133,0.116040073716574,1,-0.623368165262125,0.0235014902666971,0.161124310872629,0.697567651539691,0.0776563437741479,0.734727366951849,0.0634168149653654,0.752128170407089,0.0746091133063084,0.886335950955454,0.0820601994031269,0.441697092726511,0.132613522957054
1.02232462881358,0.0645128359738158,0.95457286752239,0.0873626548944563,0.238801810406504,0.0347182516757697,1.025574260563,0.223413950627615,-0.265402245546803,0.0564267013003791,0.37739571449783,0.154608778806501,1,-0.536293124688417,-0.0165009371289072,0.171056323026057,0.712500739029598,0.0715479102330978,0.801320680004039,0.0577105026116905,0.766009622458722,0.0739717181786049,0.635150982864518,0.0962150078398887,0.607679160050801,0.109594018713539
0.953959024656913,0.0572461098536564,1.15750227020173,0.0913031075359603,0.210270875672402,0.0318893892830165,0.919747985839431,0.19891080148665,-0.204866723753313,0.0478333037288143,0.338999135576589,0.127152440793506,1,-0.465851435231306,0.0161644709151901,0.14509572382737,0.645829338229958,0.0706422696843674,0.705720279128988,0.0648703519473658,0.699113156859493,0.0742581805314349,0.566386107686713,0.0934716649703322,0.807630297272045,0.105830082779047
0.988289118010505,0.0566392754726835,1.10774043411621,0.0964689661456052,0.244928624718693,0.0356518973458593,1.10839382022179,0.206521859989501,-0.243697093517977,0.0533708329336757,0.284147513550304,0.152271290561761,1,-0.467717403131969,0.103308784702451,0.156734414462418,0.618874374019735,0.0676342907358436,0.80932598786837,0.0678239269173513,0.78732282652261,0.0703198918031845,0.772378185147071,0.0899231197728942,0.544278891522408,0.11243718503469
0.960244621437761,0.0549155049318853,1.07498036957348,0.0802727468831598,0.239198438530842,0.034577875704416,1.14281314643776,0.196844814581507,-0.394226782742658,0.0617001044106709,0.426562255925811,0.105880708125315,1,-0.754013882258812,-0.208303118278184,0.159404157127728,0.750127165512107,0.0648646614243235,0.585725574983357,0.0661648296811879,0.710460119542174,0.066382278930876,0.636512336518771,0.0871387557099374,0.615509689465037,0.105421346402898
0.991081474420171,0.0607191813664213,1.14442675818676,0.0935467621727809,0.296653734629443,0.0426519104240031,0.980108637586146,0.193005074985163,-0.339918914611175,0.0631947013043971,0.12565353553639,0.151794248789834,1,-0.630395802862907,-0.192118140136978,0.156425269136138,0.739636981512419,0.0718476656156585,0.724879507806468,0.0664826036306568,0.782340897025859,0.0692024284479205,0.737565410571152,0.0978141881220885,0.712691192573144,0.109370718255069
0.944532801061078,0.0592917888664052,0.957820306959525,0.0916007265135641,0.245834611391834,0.0394772960237175,0.839483198142983,0.172620044410631,-0.233886473590304,0.0524737519349993,0.23432214602198,0.172148630661581,1,-0.514846290318391,-0.194883854500009,0.161254428974842,0.644780965811991,0.075909650998938,0.727179959624185,0.0645944545778597,0.725135746773352,0.0811749096921137,0.789580265412108,0.0975690479354551,0.472015137591335,0.129492886584724
1.05455677427468,0.0722063268035754,1.04308992817105,0.098765371196289,0.296872197661629,0.0483437021895814,0.982000726056728,0.233552355330645,-0.341552128010431,0.071507215961579,0.27976364206835,0.182828903670189,1,-0.632581267862522,0.214628398281486,0.165888868242915,0.705380026694994,0.0724835182628073,0.6596353184926,0.0713084000793727,0.782641424758862,0.0776287632410069,0.857287591035422,0.0997750038446363,0.577308712885886,0.133456963023992
1.09270889582432,0.0691774490986477,1.09207597135547,0.103593989591833,0.271990252979856,0.042846030735179,1.26548278248127,0.255065983722816,-0.366876164957116,0.0635541653558082,0.464754851454942,0.118059284861365,1,-0.625337836506657,0.0248452015116909,0.166579837417352,0.680202737177633,0.0730625161434774,0.846715391426414,0.0655041367259484,0.690215970573792,0.0764134269923705,0.84242268398604,0.0866011828064941,0.672569825523748,0.130760132409245
0.987678045232355,0.0615926416607762,0.924293897816708,0.0808019519575994,0.229110607943018,0.034710431631236,0.802629384060194,0.165880300572705,-0.318034907991308,0.0524958994837271,0.230952208681225,0.168235676948289,1,-0.741642595305483,0.063815896040054,0.15534485524507,0.663836135545882,0.0691963737478036,0.721043983143878,0.0656947238345235,0.653528581896803,0.0752036464821633,0.591375162001619,0.0995504165193953,0.81652950476658,0.10871791540306
1.06731707784891,0.0581363933813575,1.01604007903617,0.0852802374266828,0.227635880714947,0.0332839427219591,0.890018969898585,0.201764234321282,-0.26246546766257,0.0514419393947395,0.289851828780973,0.162647994449296,1,-0.583112271407241,-0.0622238001976414,0.160643929316097,0.828490669457721,0.0668000952449443,0.628822066367832,0.068421290243592,0.763219250285183,0.0717808383134931,0.798912370158394,0.074248171442745,0.587705495008271,0.10609812513639
1.12887602813549,0.0779559919911214,0.933487133994054,0.0864032776894498,0.269601588927048,0.0431397361418665,1.09060067170877,0.228100935595298,-0.342600413589999,0.0635103250900521,0.282703632229091,0.178248758616602,1,-0.631820595865694,0.639697729201593,0.183011736657327,0.51496012157826,0.0815555111800038,0.771273209942879,0.0707982802852296,0.696759980672233,0.0816106831464661,0.724917813482261,0.0837187310966392,0.742225446514612,0.107725498601982
1.05134412698508,0.0663482415552564,0.923356694288885,0.0876539145762932,0.219446050339971,0.0343062681496587,1.20772510640066,0.223050071670631,-0.397456877937972,0.0660031431150702,0.42437949989242,0.126176254819406,1,-0.772044058654424,0.143298946256545,0.167542150300908,0.685183661650462,0.0746636152027273,0.733715499822658,0.065148174595785,0.554914371733333,0.0861979982522264,0.652115738269534,0.0901674491794573,0.604667007016135,0.105346909912464
1.01511529482057,0.0624458456834739,0.941026949739178,0.0876063471778496,0.222865227322973,0.0338133656639869,0.963688756035264,0.220743970106604,-0.263771427871779,0.0576026127061593,0.336974455432474,0.152800863218969,1,-0.569165015900367,0.0920659961459192,0.158363486278579,0.646419927015396,0.0778335311522043,0.66843805877655,0.0696199516195833,0.670974384586545,0.082468857309045,0.631520555015731,0.0842479365217957,0.651214886644145,0.102853687358844
1.0302353524827,0.0579366754852317,0.986877685078587,0.0886655846858942,0.258678018349862,0.0374113951271735,0.969702954844882,0.207626433613263,-0.288962922149805,0.0594431166787657,0.306452116025332,0.128644698889119,1,-0.576956404157976,-0.0722557350108906,0.16572470635646,0.7869046562909,0.0699983159508077,0.740436900971881,0.064635568526733,0.662992044763155,0.0714129336468956,0.729529118532065,0.0857218056593116,0.810422642393269,0.0916938166392715
0.980856006292759,0.0598828476677787,1.13621969672775,0.092839218222209,0.219779964366248,0.0313373087525227,0.847836656836558,0.190211118134858,-0.234821249090176,0.0522012594238106,0.175784172710685,0.156630118078961,1,-0.543985407358655,-0.0579590440616995,0.157827958634244,0.677752324422739,0.0724718752016976,0.743135444307041,0.0662048930271656,0.710529937021369,0.0735529140963296,0.583843044017952,0.0927264817907222,0.670237677075771,0.103979907922178
1.06479414971891,0.0651022396770411,1.06009034387255,0.0928640322829971,0.308639115525044,0.0473874465525636,1.06748257325256,0.259541513521096,-0.28463950061706,0.065425000289726,0.17567834312882,0.156581205757553,1,-0.495894497114628,0.0202361397698826,0.155844284827255,0.677074431831424,0.0736725068716435,0.80363816902287,0.0703969866972755,0.711709198824681,0.0786877969263179,0.824103738011967,0.0929287685611159,0.664562509584202,0.101536759183289
1.05172525425275,0.0725090491544495,1.1909150808341,0.107332685316542,0.273610262142219,0.04257010457675,1.33315848370069,0.227370655250089,-0.369607768517306,0.0591411006062914,0.102149769303236,0.151106525977976,1,-0.611975462651565,-0.16795899493734,0.163944388530422,0.804588588923776,0.0690958292961826,0.760891862890258,0.0717805572757539,0.782520069178901,0.0772071583331667,0.635135864949797,0.0933514135470931,0.802641035227912,0.116758133627236
1.0975138129714,0.0766723620703297,1.04944869538981,0.0985784689158517,0.311616765100659,0.0507099633689056,1.32710913232936,0.276315513523003,-0.429993296944415,0.0787096463637669,0.229704659877105,0.169854219563095,1,-0.66864863020307,0.172535381325236,0.167604203285999,0.71776432611876,0.0734696172385995,0.743287679739833,0.0698942135868028,0.740080330796898,0.0810743452651112,0.78253983584492,0.0929726699201886,0.83993115176547,0.120300339386784
0.944699931993958,0.057893302083278,0.967717710505318,0.0865800412186661,0.216608690406568,0.0304521799492769,0.938175371134571,0.232450946739747,-0.254089195586561,0.0536875243120411,0.232946663524951,0.153397892196669,1,-0.56364576225554,0.161898021824186,0.147781191014564,0.619358840253802,0.0691455751733502,0.581327692369904,0.0688122852131721,0.635374812007692,0.0730193871395545,0.638575230834707,0.0830062482880645,0.709120539498397,0.105719529802133
1.0706983904935,0.06158363647915,0.908746891856936,0.0836270433400809,0.22193020216514,0.0344675064296907,0.879210215565295,0.180058063364435,-0.262687912582925,0.057815891800824,0.39617587079545,0.133585697361877,1,-0.594682998173137,0.0877292243535553,0.162481503783093,0.683338404557247,0.0766782834417432,0.667748534261819,0.06053573484143,0.746910834169814,0.0724906780331185,0.729279175486392,0.0791069174832625,0.658797177420308,0.112776861458066
1.1013013264843,0.0747127697804306,1.00294455460225,0.102950261401668,0.326114485843458,0.051953674784437,1.65914976581529,0.306226081876396,-0.4255363146178,0.0778674698611647,0.180794475391451,0.180596715129378,1,-0.578507225739115,0.0374863325443355,0.174902739125669,0.726569099413979,0.0833834028400235,0.866270291022695,0.0677583013527122,0.730471064515353,0.085070175797983,0.764179486471226,0.0904223797472114,0.870528413928426,0.0945330065829278
0.971942675386041,0.0614983245375948,0.932417366420764,0.0859463334748913,0.228385501116624,0.033850074522804,0.857177940145624,0.177856456647593,-0.216252085112566,0.0472106703769658,0.256156869887212,0.150240949654547,1,-0.488754249002049,0.0216374406295482,0.163778754757119,0.560127916581702,0.0792895838173995,0.681171523435033,0.0637910239499016,0.710525679742901,0.0720725911500955,0.737928107897756,0.0818223731377725,0.691748332940665,0.0982042525968382
0.937816760164255,0.059756960916389,0.947920445950846,0.081920366524177,0.252640232206481,0.0370786732558374,0.978389696623706,0.207443209513496,-0.330948635307868,0.0579341377176569,0.281519194927794,0.144460808858357,1,-0.665661444984825,0.0993536411732588,0.149082446308422,0.588217701725397,0.0753049099490632,0.639668367995064,0.064121361685116,0.623726907752247,0.0729896980129766,0.594507712876361,0.0935170294752717,0.613842230330214,0.126518591466357
0.951808736197206,0.0638220966851168,0.984567161397409,0.0886612117725114,0.237169304153234,0.0356832747524783,1.0660445865683,0.221045284260648,-0.330645471279513,0.0551166269891456,0.240858540958573,0.142412994508438,1,-0.657575546343962,-0.251452777727312,0.165742091975879,0.755659903376266,0.0696297132718923,0.678241338826075,0.063371302521761,0.685033256913864,0.0775708140795654,0.53798506285064,0.0973422172888378,0.824618223583467,0.0947205782764392
0.935879470036561,0.0544117068172537,0.883531254257748,0.0755857732905673,0.174012395731646,0.0273288898292658,0.654389108284445,0.171928028319181,-0.245324059942235,0.0433050556108185,0.3272380747356,0.133148947729402,1,-0.726995996221522,0.132627768580909,0.143246985770754,0.502344837055186,0.0727243818849675,0.685943005188599,0.0606069957935744,0.584292837630228,0.074370325616842,0.604760291731018,0.101723135617981,0.707791204262594,0.094444510545832
0.988267230615642,0.0678325373152906,1.12989821129892,0.092978502458763,0.266214514193127,0.0414800745899847,0.966836775819184,0.206455430285242,-0.326890870924968,0.06181932257121,0.366817517766335,0.167161133734542,1,-0.644332958407939,0.00520825578779139,0.154302650747503,0.687677196244396,0.0681590774898091,0.719235831099486,0.0670580195930673,0.754259323277548,0.0836669349287137,0.782263864408932,0.0853261266755485,0.662134206632517,0.116485790276652
0.964000549061908,0.0657211169856723,0.942546147612406,0.0924882461204092,0.24751742283272,0.0417128222544604,1.03193007686575,0.247563235814895,-0.28938160234368,0.0647655714776514,0.37897069780401,0.176224789659242,1,-0.572588860163866,-0.200537967542273,0.170618427425099,0.761867245658559,0.0723097256731598,0.719893283159626,0.073218648477901,0.651680403050898,0.0793607397152857,0.780116210039656,0.0840592697583259,0.665779217274809,0.110516117474604
1.10279612186733,0.0778499551953846,1.06001840336761,0.102515836391987,0.290589937561254,0.0466766797496564,0.992675089638072,0.207859937909195,-0.313335752122899,0.0605603516104747,-0.0510424271656213,0.156450446777049,1,-0.583399568710835,0.175773175004365,0.154497551478696,0.697558433243095,0.0754171926773728,0.723382238750501,0.0736726273532301,0.720938255693048,0.0808645371152461,0.798948735149901,0.0913611642889049,0.944250227617006,0.101464851258501
1.03834434939176,0.0586815179610996,1.03440599265867,0.0912524474410507,0.257414601307582,0.0367155801830699,1.16050453532423,0.213304179906314,-0.319583401828774,0.0620037233953731,0.191784226196123,0.145371508425826,1,-0.584714959977066,-0.0421462202725495,0.169774628433469,0.745682062348371,0.0712494787933218,0.754520338960152,0.0632623965677807,0.706980987868597,0.0757337716448408,0.764503771268523,0.0797118482099505,0.615621153937313,0.108244511985424
0.927618563675436,0.0567918562159454,0.931976723992301,0.0779236766836678,0.209316754473912,0.0306461639720879,0.645369037943946,0.147151539525062,-0.289692588473663,0.0442293930155447,0.266516203004225,0.162747430010072,1,-0.788190734413283,-0.267256232977627,0.164467483910747,0.785614084739821,0.0720532892426594,0.631035800508932,0.0617121784501369,0.702925473851686,0.069702610720852,0.475317560809846,0.101165302737204,0.660004226203316,0.112471336076032
1.00277173314075,0.0673931334025101,1.05030244162598,0.0955016904006073,0.27420349832606,0.041469417854692,1.07625942521671,0.22652598227895,-0.337417185435062,0.0677893824424265,0.235913328108,0.183708977583617,1,-0.621115287866074,0.0442673012949121,0.171910284724081,0.695089014837798,0.0793950923074562,0.748989360579058,0.070189240078301,0.750501692418745,0.0763325771009675,0.677960183891477,0.08378322244061,0.842488755992669,0.114149697510728
1.08569534952364,0.07156189797363,1.12181376614808,0.0961397463863916,0.313421365555165,0.0497920975370794,1.15637461726839,0.283601636804969,-0.345608668279676,0.0784034033539555,0.370481999121924,0.17507356582347,1,-0.57407819591006,0.162809882816164,0.167228087194854,0.707984722527823,0.0738449444431606,0.740737556221753,0.0706751164254225,0.728365310048559,0.0755567308197294,0.78981727919425,0.0928569925859814,0.867034944415274,0.109192757561317
0.92716903406843,0.0636148101503799,1.07379437823042,0.0908923045509868,0.234478051009031,0.0371221585080781,0.959202425070053,0.205163772106588,-0.273372785533153,0.0564972245723483,0.321907424886146,0.15249477091957,1,-0.576433279520411,-0.221429244115406,0.16726676570679,0.722811760623524,0.077175631813172,0.605541038624527,0.0689296203240289,0.774872988391462,0.0678892255593319,0.603724602770216,0.0903873470797729,0.429249537356873,0.117503170913104
1.01950616367873,0.0638432114786586,1.0565361651554,0.0898909446293111,0.266911033149945,0.0411390242516225,0.85905834055092,0.197934182308213,-0.29231871862027,0.0546064238263681,0.354691438427914,0.163213349266891,1,-0.610466777170019,-0.0564130722145225,0.168965371680207,0.679834625244395,0.0740886288478125,0.790103610569096,0.0672579656537063,0.726884074936745,0.0779023542561168,0.750676322009086,0.0843789465745811,0.7665547884785,0.109204971364184
1.0341687688192,0.0636568040746207,1.03293233257198,0.0887200664065404,0.240259288218403,0.03788840948854,1.20611766611398,0.231487068438749,-0.327067526829688,0.0561547803422945,0.289639918677775,0.177165127139173,1,-0.607578636030095,0.144974029112813,0.157803637277601,0.669752310325351,0.0761424220184425,0.760228555167156,0.0687566584035427,0.619882070805319,0.0710013646182775,0.621414486713052,0.0899557518149049,0.88028489948093,0.107788448501424
0.965928317790258,0.0644012801202495,0.983520283636136,0.0893426469452815,0.271664725581534,0.0450275879000345,1.25228305767543,0.241208144298948,-0.341463140515823,0.0672975828291371,0.421768113830271,0.149662665609698,1,-0.585431319071388,-0.148936853468437,0.163182030443038,0.75267592802819,0.074194002990555,0.686510230082874,0.069147236448368,0.794405583876596,0.0712138285291156,0.679892818096948,0.104131496299397,0.697412325421216,0.112711552253695
0.9275323885602,0.0634199221835611,0.989727102204595,0.0851482556297539,0.263343815719791,0.0423045072186284,0.946382963496762,0.189273518751349,-0.319341642723298,0.0629075207760148,0.235533586517812,0.156900753312536,1,-0.639676706206703,-0.267558633297915,0.168283694703295,0.649440857074468,0.0849538527990565,0.744009091291649,0.0648906692715917,0.661739880097391,0.077473602745737,0.558940334121049,0.0974513569112205,0.781357140160153,0.104220512269377
1.06889421050785,0.0647400069873271,1.1420442232742,0.0966255666034531,0.271548260796816,0.0429157433962799,1.16816576365591,0.257023033547626,-0.35598288161315,0.0650970935460146,0.510609137114053,0.119813948890279,1,-0.632052807183219,0.0389855168382663,0.16593992852565,0.78320333313867,0.0706121024480704,0.687287203152517,0.0687120498256961,0.670816615404373,0.0756447982952099,0.770185684735614,0.0840930164395405,0.724534201239456,0.104185549150462
1.1144168878157,0.0723245174726768,1.10550377103364,0.0957985657266339,0.294332512252357,0.04278268468472,1.04911936225703,0.219185475554901,-0.346857487573552,0.0639123184551019,0.203926219156036,0.183580107253973,1,-0.624193877021497,-0.149726741179864,0.181559350337381,0.876194946327309,0.0777374899700271,0.641231953177918,0.0737960283409677,0.675431901878272,0.0795877277519324,0.766561457113098,0.0843657784681912,0.756511755122891,0.10382121144178
0.976241432419314,0.0614804199351278,0.958011443954217,0.0934562226325179,0.210153369562136,0.0334426679208676,1.39560579180954,0.249091259384843,-0.364440370267429,0.0635781696110334,0.244048018646242,0.159933156120973,1,-0.672940890848207,-0.226228475207598,0.164110551147881,0.799684186686433,0.0718124672542888,0.711750042437679,0.0635299036856942,0.584086702362231,0.078526582120193,0.708791271870921,0.0945519554892846,0.789613965586168,0.121334451330316
1.01751621584598,0.0643990022563553,1.06566967533618,0.0914249867970456,0.222384203809544,0.0357837017276074,0.834677462834426,0.193772686229969,-0.227338988497935,0.0511798388235393,0.505521716195195,0.124717072648622,1,-0.527670253086682,-0.0661480746844201,0.16690016314431,0.757734405751197,0.0681041178302974,0.618087497614283,0.0727743400587261,0.743638780713745,0.074969366103831,0.553041430146795,0.0973669513130094,0.732621505728844,0.100696174714894
0.951401554720384,0.0529428270772437,1.02488317682185,0.0895742687125967,0.238919021596547,0.0331605792535384,1.06911466372519,0.225029195448972,-0.309032862969494,0.0589749237267383,0.326150342723699,0.153268302866801,1,-0.611458741919783,-0.0944477024538849,0.153872653243625,0.685359616614624,0.0670111030494733,0.675062900665354,0.0654935021372598,0.63142635960097,0.0703618805722924,0.67670151449026,0.0880259413015522,0.654406663469253,0.113200239474192
0.914359634841582,0.057954903163212,0.903820592102703,0.0810394498219763,0.202264466530408,0.0313038260769514,0.780332840101316,0.174229118036997,-0.229672724836985,0.0445654964487998,0.263126763992954,0.138744411477241,1,-0.578108938043087,-0.0178841221528919,0.139546980081729,0.667966320797448,0.066214780253475,0.602707441497984,0.0681354147164739,0.642851352952234,0.0773682916299806,0.676426850999459,0.0893000574919092,0.696795908451103,0.110040682606364
1.03877703116242,0.0611438889558102,0.957793792870538,0.0883796834317444,0.265332957300118,0.0409477969093693,1.05317362015307,0.209952236358977,-0.332106260337882,0.0603090576212751,0.284512347260392,0.141915217816905,1,-0.628248524589828,0.149704476809738,0.176160917841051,0.717746339209878,0.0715589782562468,0.649616884576631,0.0683836845613148,0.6753763029851,0.0751449709671972,0.763402659356519,0.0790488954151159,0.697764807429345,0.106275128350319
1.05930412464317,0.0667378657659112,1.04835713342639,0.0850892136725998,0.293726626712719,0.0431411819148514,0.937428318801696,0.195490066182927,-0.402596520135992,0.0677091573538779,0.189295880641385,0.135060728104405,1,-0.767236619934532,0.227262359553089,0.158775169238098,0.637018717254262,0.0779382104388569,0.717307467133869,0.0656738456735051,0.68826349192085,0.072986050655373,0.716086245575486,0.0839282011051768,0.747026699892807,0.0977807493867266
0.975156288321499,0.060813050998599,1.00831328555045,0.0771152739060815,0.20937827025155,0.0309352900164897,0.688107214887528,0.163345362155868,-0.227073600093354,0.0464550030618778,0.363412791931519,0.139032442399194,1,-0.598236333214589,0.0762899490462514,0.159003197549129,0.678101148489532,0.0666301601869572,0.647114665732704,0.0654089357908618,0.676797989965721,0.071060086996971,0.611400224380709,0.0882524180551031,0.572909365912938,0.105468326526578
0.908975714809192,0.0619068332946143,1.11093576416266,0.0975284504134017,0.309711972034399,0.049597990660633,1.47207346060702,0.283463183226795,-0.430602832818982,0.0715339801760641,0.135591018962981,0.166089720372275,1,-0.637724562198594,-0.394307970213879,0.157452182451222,0.750303037719709,0.0758047090834139,0.74017063250028,0.068491543344874,0.736628828227063,0.0775521517801618,0.718276308147484,0.0827792369827448,0.721548764823774,0.113655624011525
0.9896469420248,0.0616962828585685,1.0843109974923,0.092925036195346,0.262024889717305,0.0404449383344659,0.901563639946381,0.187443010199064,-0.327053535379417,0.0552495609811301,0.169078265704966,0.14995186589229,1,-0.672898221650652,-0.418829735117898,0.165344861958243,0.819968966800399,0.0713112390008121,0.729804185913802,0.0636664279849596,0.617631188730074,0.0729676835862991,0.610418468851834,0.0877573122316296,0.640358561355964,0.10783256022032
1.03206195477524,0.0596265876435687,0.954514938941463,0.0830153976351893,0.22427713142695,0.0342206912703907,1.15743811487243,0.22279187346368,-0.341939677328215,0.0571958779252465,0.410499274505464,0.154716733881151,1,-0.671132254309032,0.0700942665825168,0.160537427728641,0.668301703152014,0.0743719343693817,0.624826471881239,0.0635427720622422,0.697759509696735,0.0729927579826666,0.82863754508267,0.0832968547756345,0.702019894500078,0.112391418621977
0.954761067465669,0.0578353826752168,0.919028261769715,0.0807902426381219,0.199512461764068,0.030716268933063,0.618507154346873,0.175848793211164,-0.238464678042935,0.0504466892906708,0.340212157372964,0.145483875563059,1,-0.678838838885652,0.178430782575227,0.14811106770424,0.583544382819692,0.0732296316277784,0.722995637895046,0.06411573858084,0.557765785393513,0.0840799274362672,0.47043281132296,0.0982982766616685,0.687314192793214,0.111118247282613
1.07291902031054,0.0691278576744005,0.96610109293017,0.094696336876403,0.25165916676597,0.0392152055895958,1.13735673748319,0.233704875080202,-0.287383135749268,0.058027614004192,0.172635383618007,0.156300443797254,1,-0.537163567830582,0.0658932519096511,0.158683461179713,0.691073830950778,0.071828870964574,0.806288955059831,0.0679437917371988,0.684397879961846,0.0803223107997493,0.734394101922651,0.0984958631087734,0.573727022951972,0.119508263742548
1.07533935723475,0.069038188959186,1.04972450632622,0.0917997019609744,0.285822793067051,0.0475968498981576,1.01271126811668,0.22970812326365,-0.373975229581406,0.071838566533025,0.37007079312322,0.145462207874069,1,-0.695106879735803,0.0872907603739154,0.174228938437336,0.732898163425158,0.0786556504832628,0.754116774055951,0.0663273769486931,0.642810854072292,0.0838375520520867,0.692006321243889,0.102238417631257,0.741001162664014,0.119800059628203
0.972267781069527,0.0628826584584063,1.09402641368141,0.0956860329963856,0.24320612437275,0.0393615904678312,0.829624793453836,0.185286268035898,-0.249078612451922,0.0558488834827486,0.250871425081536,0.163977055685654,1,-0.554508647008216,0.0848989694095207,0.162619631908485,0.628956598058144,0.0754889014066972,0.712537885811703,0.0693076988257152,0.699286752291497,0.07223473588454,0.556262045354065,0.0951833518160397,0.695288424429138,0.109840299547071
0.986301635160194,0.0665398166242764,1.03235688810096,0.0972720546891929,0.271601642564979,0.0448371824916953,1.22146970722101,0.238184562073177,-0.308966482973084,0.0651484187693891,0.417271531036583,0.169055855296794,1,-0.536418593114507,-0.0200710385120644,0.175889598795062,0.70374879327497,0.0800866814873944,0.665542626523847,0.0700059932583275,0.797091289695618,0.072764618508927,0.639501412255639,0.0941800300449002,0.649658479940816,0.121225271623285
1.13539920471526,0.0669067908543469,0.830666311927478,0.08442076419404,0.21775721038968,0.0364775963338648,1.10030153002961,0.208290576471169,-0.311196825659412,0.0603532157655486,0.571775222704155,0.103779350925957,1,-0.635759747853353,0.511730984928992,0.187408356864009,0.672992177954386,0.0735091180443809,0.764289355518251,0.0652812238194065,0.664643677783812,0.0811065161565429,0.77676434525363,0.0763040217278891,0.445526087321456,0.119660925266705
0.989465847487835,0.0611736564578513,0.968016760690478,0.082959299562888,0.192765752650894,0.0310919538446067,0.858366715249032,0.188294370187616,-0.212253247375385,0.0476488352103229,0.418996545995466,0.1498564528814,1,-0.521798672567342,0.0800464127931526,0.179343064645136,0.622311965650035,0.0722751456365184,0.778330088634111,0.064017909813582,0.565969292564771,0.0795099034859611,0.600979938565544,0.0891960893858168,0.844153736220151,0.0933675887807432
0.930647541023371,0.0607029013609025,1.08484416664683,0.0936420313066621,0.197505844041853,0.0326064009219128,1.05586912574956,0.209893510315459,-0.241927787153122,0.0528044463497228,0.376916825608852,0.142229424500833,1,-0.529774112095557,-0.00049736645613507,0.155582781533857,0.703108489736822,0.0662525415763358,0.586219100499892,0.0698197253200872,0.696999653337162,0.0771056076033577,0.634146850682541,0.0898361067397253,0.685685095729841,0.124603882779918
0.962152041383452,0.0637675460927892,0.844524462358365,0.0821949716698692,0.261805251917842,0.0379670603067871,0.887973457422878,0.201083506191278,-0.277147244565831,0.0591743996147939,0.204660314096866,0.154512970946786,1,-0.574806136250173,-0.142577533778487,0.15707734805963,0.631355074039536,0.0715827339814691,0.726731552605424,0.0707843652581303,0.578144680284282,0.0724548008642881,0.730063581894507,0.0820933238467,0.761787767956577,0.11038506103566
1.04124859577089,0.068073270249179,1.03086792534143,0.0918304623957703,0.242076563806441,0.0403568547654809,0.890273557769433,0.233004231042601,-0.266165793751119,0.0608923954259432,0.0659577379603284,0.154186375361639,1,-0.573342493903023,0.280652930341507,0.166147807414197,0.658714777075364,0.0755555871594097,0.666714263911692,0.0646942199060785,0.720479627271949,0.0780165087661768,0.717717837305582,0.098941221230334,0.656269988430722,0.118305229397049
1.00760697911606,0.0543799078512884,0.982748391533989,0.0786070389406991,0.225734686145786,0.0353335578635918,0.54190167467497,0.134858460409816,-0.181880709936766,0.0429603486964637,0.343766502145957,0.158072770380881,1,-0.520028619475852,0.152047181431761,0.170250880952633,0.666347161252745,0.0766375504209942,0.625849579860679,0.0621523386601438,0.556983222366721,0.0695684606633798,0.712303857075125,0.0902097755328299,0.720540918822623,0.108219924529633
0.948195361478972,0.0610014324806104,1.07536144352304,0.0856381942400383,0.205120445427163,0.0312317007705229,0.831079604209733,0.187143697844959,-0.290299190337254,0.0517619674871821,0.428376047872515,0.120445503650636,1,-0.703104758133643,-0.0491713483498475,0.161694750956481,0.645883870779303,0.0782337318100529,0.717002414475193,0.064361754866573,0.619599796530406,0.0732251396955649,0.625714934829946,0.0923293504150597,0.536620011499576,0.109778460267771
0.948953660340722,0.055969721497553,0.950887109327245,0.0820649084470966,0.234873022239951,0.0324942726064086,0.979095947885098,0.193367323618123,-0.318959185093977,0.0533732582464766,0.41416673828234,0.119709899347497,1,-0.665129053132093,-0.0853428462900563,0.149703660944163,0.64536930691819,0.0665436661668513,0.679897340640543,0.0630764444528406,0.595167489045666,0.0730575368916913,0.747164519839099,0.0841837057193934,0.723178097331595,0.107730934330234
1.07128648817726,0.07652521872824,1.04335080833261,0.107893064946359,0.300050992476227,0.0484126687218893,1.39227383330999,0.297327078462101,-0.38662175083656,0.0744122085952396,0.00892547521027639,0.169369320425637,1,-0.598172466585667,-0.133784453623894,0.151397050340329,0.828444729255738,0.0678054319402916,0.872414751655797,0.0727346242804767,0.803987341595577,0.0855520141779391,0.760395327684578,0.0949066079821157,0.757131067449833,0.129772113187217
0.946269278444611,0.06567412937526,0.967187544125257,0.0910270291902261,0.274270643782725,0.0463740601901886,0.850761575407753,0.167712237167363,-0.242074507618878,0.0562766321944846,0.259435462417663,0.156175044426538,1,-0.501135836870275,-0.122499293992558,0.167136388055474,0.678750396340206,0.0738106825050432,0.678619427319947,0.0648228009006781,0.734526056525138,0.0751861419993082,0.729520356586364,0.0910167134075041,0.857616201062703,0.112757602023329
1.09690400798194,0.0707446140678132,1.13912620006945,0.098606994347264,0.297763854419877,0.0466267779725666,1.4641208046682,0.264929751923529,-0.46794400356916,0.078477941888416,0.435071988026058,0.119272668229013,1,-0.708711437576989,-0.137691783521482,0.174246667853824,0.910250715242952,0.0640226023163787,0.719702497978528,0.0734309310880451,0.711659699595118,0.083259371138859,0.742774848718658,0.097194471109127,0.716737209636019,0.108488324516026
1.10151074923817,0.0653137449000694,0.914749152361019,0.0895558077432029,0.277949038254954,0.0409283313733339,1.03492040584017,0.211444465028442,-0.320913910078806,0.0589909831592113,0.430786425254479,0.141224259897837,1,-0.598346120016221,0.146205050962069,0.169532713183611,0.623458939923005,0.0801415495947055,0.71853069790036,0.0656081382627775,0.71050942622419,0.066388440259512,0.675050587668277,0.0865403841123059,0.842886240308679,0.106701475704097
1.10724218424275,0.0692950096585079,0.992592687624322,0.0864843790775045,0.261499067011486,0.0433789267058815,0.712233073841144,0.174935249574721,-0.219092829482989,0.0497456612706837,0.336813844320263,0.152924049791634,1,-0.50767061199988,0.127670681874583,0.171677609899382,0.778669435740737,0.0717207670642126,0.637084436847359,0.0754453009104292,0.733373419227254,0.0748062115654272,0.762063941371714,0.0914862027408705,0.897421917024967,0.112762330780905
1.03983772164331,0.0731367415469577,1.05818462307278,0.0982928957883934,0.285778902444659,0.04551200290875,0.888911689858706,0.211801827993193,-0.343865792277641,0.0655786005946038,0.0129621606362635,0.175700365267647,1,-0.682251632718265,-0.0331591100331323,0.161902829759427,0.668396280851405,0.0808562958267142,0.75554778522858,0.0731087089405155,0.729941657564368,0.0767159170507031,0.719488324013224,0.0962720662527758,0.801660740349565,0.105155969161334
0.907596396953539,0.0592070358390631,0.903141055460505,0.0812089000607916,0.200310259446392,0.0333504123653462,0.950930896281311,0.19448704093217,-0.31557500579666,0.0561994728635649,0.298583979791968,0.146866612529957,1,-0.723063639909735,0.301910605557969,0.153952349604189,0.56913555551327,0.0716968141392845,0.610580333259621,0.0640114331677666,0.528405428564158,0.0773576172452465,0.622332253736661,0.0915376059994285,0.690832800882479,0.112392140750206
0.919282815442859,0.0594550611843113,0.943658553825207,0.0872777894124457,0.260612795149053,0.0373672853965907,1.06891097673223,0.241530086477806,-0.379928303779843,0.0688771691775526,0.216349401372831,0.162031455971011,1,-0.719835089406855,-0.218288967229419,0.155334261685969,0.685889227580112,0.0733068208253001,0.613296465891439,0.0696920284054639,0.663113372919704,0.0707182033485929,0.833248751912349,0.0867022204759191,0.448868495592326,0.12669654866157
0.999358378839971,0.0668260246888999,1.05310611603189,0.0957846039894135,0.283310653312764,0.043539450546057,0.841815819152424,0.195538970314732,-0.279472149342117,0.0612601142677163,0.178385401773092,0.157974883071068,1,-0.57226678654732,0.0177585109948432,0.156188443870717,0.698233054219491,0.0711518731715633,0.739839095485822,0.0666509808092591,0.656889487371438,0.0798843246840104,0.773650700363617,0.0897608289083272,0.804576679589515,0.117082697775075
0.982702553379483,0.0584303054382355,1.00707282340582,0.0917246015328372,0.259895321617243,0.0365060152598818,1.25554887528114,0.234392750592479,-0.385098940286101,0.0702195943131843,0.400362124593879,0.13337905913705,1,-0.674149599656388,-0.119928779247542,0.169711196579904,0.681402108773371,0.0756415962864521,0.773874071823065,0.0626410928303399,0.70442383938067,0.0752731607694998,0.732464300856155,0.0775706545061909,0.641630535312661,0.111633664278612
1.0174574165858,0.0578674427819015,1.00850000354415,0.0915662946611037,0.25192136691007,0.0375154417924772,0.982295877435562,0.212649992146381,-0.3302948901179,0.0596525540199804,0.117970821419123,0.148636448660834,1,-0.663969594854952,0.110236332039676,0.149432872278359,0.731516973555723,0.0665319739292201,0.764342179078109,0.0661516394439995,0.786877959606937,0.0755911606028121,0.559801844045526,0.0928964218752494,0.62728823327308,0.112310554582144
1.07721531665379,0.0665608762802498,1.03373536235338,0.0960335791745111,0.236314753089552,0.0382281287114097,1.57828578457588,0.303978361960901,-0.377407256537895,0.0681196412723403,0.4892111156514,0.119201694178826,1,-0.617976565089869,0.235648703614739,0.176579762038905,0.735857974596884,0.0648280375365547,0.736786019961907,0.0632554803451098,0.73018934890548,0.0774065815643604,0.670436500565001,0.0898565520494016,0.827878722545452,0.108194148563766
0.984871835602328,0.0651994972504473,0.962985201871865,0.0886486814278732,0.308784875189261,0.0456788402941676,1.00062560005116,0.228279552416859,-0.352915418252594,0.0652418127851216,0.246638416656876,0.168309070921137,1,-0.634902179072178,-0.402093609751591,0.181419214391896,0.74979138275982,0.0760162329302158,0.730241299233852,0.0612895863919235,0.746060684042688,0.0800525876822884,0.746519973645516,0.0797695247491965,0.747611606861367,0.108527845899954
0.935255902602104,0.0576212395950217,0.944403558506507,0.079520485239012,0.236446084249453,0.0346038602575889,0.856235073275997,0.181505207419384,-0.305521666195012,0.0554361776278803,0.276539421865067,0.128913991904508,1,-0.67901511837615,-0.204591789659042,0.150758248365127,0.683510815971795,0.0699209350147788,0.647007988607104,0.0636809050153544,0.6344382528449,0.0689954484978791,0.56535871832592,0.0853096091452039,0.86032224542115,0.0969382393063085
1.0710349451764,0.0669739880000672,0.784062073856401,0.0838971961053814,0.236484426464537,0.0366734003446425,1.02361996354903,0.228693599110119,-0.30274417970654,0.0581663109825981,0.580198780282618,0.0944439019004529,1,-0.615325843874562,-0.0118514630066528,0.166040758871191,0.723201909779482,0.0722955008297308,0.774193344431741,0.0652150324585173,0.830746792071801,0.0750998091626632,0.64775963866291,0.0961808190427723,0.810172320886746,0.0933850469827914
1.12075023724345,0.0763726880700334,1.13392538013818,0.109837136341575,0.3515776500465,0.0566330211157433,1.70901588844507,0.342400025929648,-0.440584779046445,0.0865295645160336,0.281363433615924,0.20832383251162,1,-0.568389190202734,0.186664438877471,0.185022254114592,0.781542432924952,0.0730581419621221,0.772051092831402,0.0718234381900492,0.881955009987258,0.0807412260373489,0.822883390073885,0.091772057389154,0.945067544683163,0.118233673793406
1.01858813893057,0.0639702083466442,1.03137843489859,0.0858812747767322,0.245489228068975,0.0376486374350564,0.936839803770325,0.193448710172065,-0.294212608396003,0.057767940201876,0.240800268172873,0.166364198157825,1,-0.613496928838955,-0.0859105000938196,0.164758670424252,0.743850198607995,0.0755617360202936,0.699184214267732,0.0704578324467992,0.646206706565889,0.077933138095175,0.724079607200487,0.084490556258199,0.854473077372178,0.10092794629329
0.993843342514541,0.0578350362869965,1.06910160391874,0.0954097932959547,0.256048893728663,0.038929589817197,1.05072162216236,0.233319126111327,-0.304563503903936,0.0659075365372014,0.253140036664929,0.166153677605564,1,-0.587181783378264,0.0207954885843308,0.166101537130622,0.72634205347454,0.0718362914866928,0.645127517157789,0.0674721957007673,0.733437563624335,0.0704216035436265,0.464597399521671,0.102173532990617,0.713778479634777,0.113511255148675
1.03908475875426,0.066219634555175,1.0461955533328,0.084078867297128,0.220539237606966,0.0354377877536828,0.805959767604329,0.195117375803314,-0.248576749799396,0.0534020693252331,0.339010018257551,0.141264658775347,1,-0.58960463545819,0.0802187368790509,0.152956833697012,0.675609996736324,0.0744076131738966,0.801994420341259,0.0625668228641213,0.595133405177574,0.0823844009939703,0.746142445304303,0.0906332375672749,0.749615256293202,0.125657672191908
0.998709033437403,0.0682340429015887,1.01680605034181,0.0905679881016586,0.292492052933801,0.0445683789915066,1.15448681102828,0.226074636933635,-0.343141810809366,0.0620069594473784,0.189061319955895,0.163347310681821,1,-0.590503009701435,-0.104845827028752,0.158427013025814,0.736481358904887,0.0655344751152822,0.707814009752091,0.0680825514191672,0.641926352346887,0.0790652638972503,0.835231024089589,0.0935330494698029,0.639116328782093,0.114212037019616
0.969863149929473,0.0610111822164688,1.11497368271254,0.0905984972556512,0.286198948968607,0.0419440024695662,0.93868935611738,0.203138806361155,-0.300785275029571,0.0556844754986679,0.276914549512955,0.172795085071042,1,-0.58031207526078,-0.147769993718284,0.157865383193705,0.753158931172478,0.0659139413909472,0.704688916916805,0.0713330954203746,0.670426598531438,0.0680975650422244,0.73557010300216,0.0894311238544924,0.58176909923522,0.110958384073526
1.08833977415059,0.0747443210165311,1.12263228224777,0.104645797846893,0.340766857615513,0.0557650114206983,1.50096256125911,0.304623079920008,-0.419118000991466,0.0791255414751344,0.377058685431398,0.186248993574075,1,-0.586033859963553,-0.145553940363415,0.16769525762307,0.818416836918157,0.07252899560164,0.801737370380423,0.0720998434697249,0.73237592961417,0.0826620642517185,0.930222236197882,0.0939602443803039,0.776686159418599,0.130308761988532
1.08394496855091,0.0647893470470626,1.11197608764024,0.0941897853976394,0.254288172973013,0.0390490246484947,1.18843380595426,0.240638987832849,-0.371370428762269,0.0646304437044376,0.411200728588224,0.142961607198124,1,-0.675548820045982,0.154032298629529,0.164851114721222,0.652567893619053,0.0763067734035733,0.76904737469776,0.0659369127758866,0.680125322618901,0.078821148082491,0.736741171976959,0.0813835059099132,0.714192967646957,0.114802540879795
1.0408127388755,0.0666622394082108,1.11380030238061,0.0909570586923991,0.286280206498803,0.0429456107241699,1.23798189350253,0.247500052129089,-0.402316712042946,0.0701441031261059,0.194988707331067,0.154922979859279,1,-0.675795454029865,-0.170069543229675,0.178374552302411,0.718371180734569,0.0803376145878004,0.757155496529361,0.0664234710116507,0.796057411574729,0.0729675997258975,0.682618229806446,0.0857384110101207,0.74021369077484,0.108235627597928
1.04807004036021,0.0722239787093375,1.08324034422108,0.0979672292387105,0.291826110846489,0.0473766313009902,1.52310836450119,0.302386596293418,-0.424182132505776,0.0739697453358674,0.414004494062578,0.177347342065335,1,-0.636245752210654,-0.0205845286330087,0.183656012373834,0.770569285881317,0.077318480409223,0.821365820318224,0.066584782120377,0.806534513630682,0.0831043632831621,0.70518357536835,0.100503537918418,0.797771726098716,0.124019015091011
1.13527687398215,0.0639917142493631,0.947758672864433,0.0833840831277802,0.270597917822027,0.0381092123657463,0.827830005633848,0.189458219219954,-0.298372374395296,0.060938543899119,0.375345015658846,0.14419825080505,1,-0.630413933134625,0.364032795172592,0.17142004940056,0.634847081204312,0.0718557756772423,0.634162444819022,0.0684734644903675,0.782778485074734,0.0748746950626551,0.713003236063318,0.0847739777987214,0.895426315027223,0.104989292158775
0.973704085862691,0.0617466226205324,0.919939024631104,0.088340280033935,0.224079452370804,0.033152344976436,1.10898865395337,0.233442317148186,-0.246115763715608,0.0545744389210825,0.325101493397374,0.159608640647815,1,-0.493713340663445,0.0057811694931296,0.150358667122386,0.668157692674288,0.0708699494753267,0.664189953452645,0.0696819753844188,0.637513752956916,0.0738126756226539,0.702260145276852,0.0920219297328216,0.660165649859192,0.103853659492418
1.02926113909722,0.0596634565235796,0.8829839743746,0.0823557413468108,0.253375059884524,0.0381648700117521,0.937693780714147,0.198612359887839,-0.346657530560839,0.0614768020451018,0.271508257167257,0.157963484538257,1,-0.711194171906638,0.0224430526984057,0.162942454574707,0.721835266690923,0.0679118361822986,0.738728931222258,0.0657145750461423,0.762563809514768,0.0712738289914472,0.61266611268876,0.0891903967191538,0.66625118609211,0.100190724110986
0.933099080938007,0.0607650395671781,1.04201074030695,0.0932937055298773,0.270349659214632,0.0422173370038303,1.24477769224342,0.23749846515918,-0.405897635627895,0.0672195563527294,0.449974145873515,0.136380499897267,1,-0.699693291410891,-0.443280496451779,0.172505686019085,0.904308003219704,0.0709156401757506,0.600017860828489,0.0715680256985787,0.669990295063125,0.0716496955178674,0.645919178035158,0.088640508374155,0.646285419942709,0.101755676084804
1.00848755882357,0.0583210910675701,0.985361044868999,0.0875330527196398,0.225365316979317,0.0360566017087135,0.957779431132523,0.205669492361953,-0.226942665783508,0.054180026144263,0.481144087319529,0.130391015901821,1,-0.488472207523322,-0.206418010344217,0.168850375471123,0.788091126988819,0.0725936994136698,0.712850796949396,0.062186375457678,0.697480769746823,0.0703164311617404,0.647826590109489,0.0905981906526468,0.721170695179395,0.117429117300382
1.01760330112514,0.0687927892501386,0.992749152137109,0.0975062785924819,0.282360529915944,0.04667109494942,1.4612532536503,0.288369145623542,-0.357828249055012,0.0743511866680579,0.264783244754623,0.198108353203435,1,-0.557070144507964,-0.346675894448994,0.175936651113521,0.87196854708751,0.0712212592340564,0.672809688764873,0.0757380665929472,0.751551918780187,0.074711951200598,0.714255798657661,0.0900741567541486,0.834452368042419,0.109123132765221
1.00412061621625,0.0646084541287948,1.01496455757339,0.0900203389041061,0.287606937498027,0.0456046895682431,0.835684714319463,0.193271131559335,-0.34300934915882,0.0591834817547352,0.182544147219333,0.164960731859935,1,-0.699656783850564,0.251209910040876,0.149649775966096,0.627457737615447,0.074277828330654,0.63202193472607,0.0633714772609642,0.640507860956551,0.0785097923439372,0.760823561133602,0.0978730882387119,0.54807986268805,0.120616419724189
1.03008299126477,0.0561493244940148,0.863403605598445,0.0791220614783735,0.192248404896749,0.0292274310471344,0.999418896953509,0.177423263136879,-0.27639168006336,0.0525590962479121,0.600539121234734,0.0754728072517053,1,-0.630550413495858,0.108391097872944,0.159106557209689,0.720419295778269,0.0672675283070536,0.718222757048216,0.0641129673972998,0.639012873964981,0.0650214628177122,0.522997575575401,0.0829623443470772,0.684774345240847,0.0998279828685784
0.899173369544642,0.0505919005890338,1.01890789914753,0.0877329803955777,0.254628977259369,0.0350371505234421,0.946147867502835,0.206174789599603,-0.306797316708065,0.0622288028430941,0.286578100681482,0.139125555477887,1,-0.625054860471861,-0.228760843514975,0.148463539684597,0.617096304201067,0.070020130262135,0.688644912911732,0.0627164216033583,0.6932970976836,0.0689286939101194,0.522114543864391,0.106148563909646,0.65542351546034,0.105763453073526
1.18734293574138,0.0679023031404593,1.20972885044084,0.099659479069653,0.286001383744582,0.046975083439851,1.50834533643756,0.281480965323978,-0.340828734602069,0.0721168627276636,0.512971919850119,0.130518669951893,1,-0.518921592901287,0.259782214372433,0.166313529626639,0.779772980689861,0.0672461858039014,0.79221651599582,0.0695661793074517,0.818363325109158,0.0715024661317969,0.692841039050164,0.104748006087882,0.873013512798179,0.120964541942387
1.03961740393094,0.0560806414807621,0.992939022239621,0.0845216150641806,0.240210811045327,0.0333222052545614,0.86640940182905,0.17308546904381,-0.296698395816526,0.0528728090887037,0.405959277779571,0.106314364399915,1,-0.650365275478177,0.0288615774963212,0.153762269399086,0.752973234792862,0.0746129560052465,0.639769051014249,0.0647043992066531,0.699677193170178,0.0684033638250786,0.592784607020247,0.0882575564977182,0.69343096442587,0.106237470787825
1.00416402219136,0.066394316541108,1.0508730390023,0.0921958818496477,0.249810143287647,0.0411366335960648,1.07055589746979,0.235640184565669,-0.265424743243556,0.0570220481287109,0.16353997876379,0.177090349920547,1,-0.513253237562538,0.0130669416326172,0.171615357276874,0.632315688109343,0.0804705664649708,0.69523337870229,0.0693831510438402,0.782217526429651,0.0767902046976519,0.659591130811528,0.0906186200478235,0.812289031587518,0.10992446756523
0.983935960206605,0.0638605243754467,0.998158071907944,0.0834151633643337,0.247726962905864,0.0403086081417167,0.713092861970564,0.159220165432477,-0.261005732964473,0.0549849689480068,0.369297093854797,0.148443234013448,1,-0.620998230852055,0.0923611936101276,0.167712589972201,0.622209954581448,0.0812868113357928,0.713178610035886,0.0663097914754559,0.603486167781748,0.0741694431189211,0.653617933031846,0.0946278633042931,0.552482963197062,0.11764910538974
0.989910804704292,0.0553647642650807,0.912020383430154,0.0907955508390549,0.183981832348971,0.0277561452727973,1.02628326465362,0.203459740349474,-0.274529280596372,0.0518432358149457,0.350338741906365,0.14156793835766,1,-0.631782480395844,-0.0178671864474981,0.158101174097044,0.6718813305513,0.0767755589281223,0.736048063890861,0.0633830671160975,0.7123165849802,0.0709856225020234,0.629004897452864,0.0948784803000072,0.792229033982193,0.111471466956199
0.988190287772009,0.0615145229473539,1.04489343478464,0.0867019228913506,0.297647861416431,0.0454374418815113,0.958479706790835,0.211907082027705,-0.406970798561133,0.0689779898276483,0.252729545894573,0.137380651292605,1,-0.761939351485831,0.233470764248864,0.155394467751408,0.586644253019009,0.0708520975642574,0.589002603528426,0.0703975006698188,0.714291483544473,0.070146506012176,0.833682687560895,0.0835338040508297,0.633663505117412,0.106026810087801
1.02464844749894,0.0612360216524117,0.856320707312923,0.0836830792708323,0.238928673602547,0.0373402831830798,0.91452876508341,0.179390092708829,-0.291237341500171,0.0562485615174468,0.347255934331944,0.14163079517991,1,-0.623037571329897,-0.223950552269455,0.162310990956822,0.779773366902719,0.0726208354990917,0.708171292488662,0.0594593613863044,0.606894893282172,0.0786453618255496,0.624751855743404,0.090207992295452,0.686161089234846,0.0970997108742659
0.982730167165231,0.0736752278010922,0.916669446071177,0.0890014135676191,0.253129848396969,0.0441782183021305,1.17819651281104,0.228734174288773,-0.403191715062871,0.0702484197602656,0.0885806023388005,0.197333500269895,1,-0.738296914593957,-0.292088677015061,0.176739473296645,0.761348234243479,0.0766529491378706,0.736145691516098,0.0722206494995591,0.678243314794928,0.0802730643368898,0.610669612713794,0.103684854502419,0.741268163569786,0.114636613601805
1.10448653705671,0.0604092097356585,0.981216259873551,0.0925309294856386,0.256255977856444,0.0408693353301234,0.917545415503962,0.1737149096113,-0.201074705258754,0.0614376691647878,0.366933418167628,0.154625919921798,1,-0.414673854215581,0.337465262962955,0.147973257806633,0.740946298560705,0.0671755854769205,0.632563131596436,0.067471252056779,0.690622178677266,0.0726134389207522,0.756142381980904,0.0898277713687931,0.724970995419441,0.113315464663218
1.09195530260463,0.0784651696183528,1.07190204977743,0.107985568908202,0.324649388783086,0.053266876300873,1.76244281918491,0.358959985008408,-0.471588379610676,0.0902122160589501,0.286578850496566,0.184757760968266,1,-0.623445195617727,0.213770060966106,0.163017516178353,0.751426361657414,0.0754219956777128,0.779289740875389,0.0746451302554303,0.720461701872343,0.0872828488891711,0.673105474007643,0.104866923728554,0.778914710954518,0.118285512052183
1.07000108888898,0.0630525402502247,1.17581008984708,0.0920823493887102,0.278972164655032,0.0408087418596728,1.18435644501726,0.208835541985229,-0.286397483184394,0.0619492459263835,0.417273740775895,0.165518933601644,1,-0.498250275056927,-0.0130611873256178,0.168230035319706,0.666492086852257,0.0699443006445915,0.819537153210333,0.0645255780721654,0.71768192339918,0.0743725908223617,0.859909490823932,0.0955029253670696,0.898812781364512,0.102253638915936
0.959038227027064,0.0584865236546127,0.948136270965531,0.0787479661854427,0.182417699624586,0.0272265383727922,0.82536154578928,0.148073694686374,-0.254362061893384,0.0423187378471645,0.425449616099303,0.141989768897618,1,-0.655536282498842,-0.0572695602456339,0.163431106540074,0.704334539172236,0.0676901914921142,0.606213921306196,0.0722329063799954,0.581415804210812,0.0776080080229127,0.605735341246385,0.0867307787194395,0.717953802948151,0.0913807934933168
1.09489738206905,0.0707437442469553,0.988612665705435,0.0951953401936707,0.292797683172235,0.0470323420063865,1.26878603571711,0.255554624356489,-0.394678508168124,0.0782996835278196,0.197002478655276,0.150974770174003,1,-0.647538306184743,0.0146327560499027,0.159719924947521,0.708833433990573,0.068073191876149,0.722013534149008,0.0713484292321299,0.812282463155923,0.0742117857791422,0.630557254450901,0.0926992865020204,0.696898281895966,0.110120896134583
0.980016004369965,0.0640744406181414,1.0117052267264,0.0912657843126216,0.258978053309852,0.0399431238545781,1.13101585275798,0.220985047323201,-0.324659911260338,0.0603670109343765,0.405409440346787,0.15623770962075,1,-0.599877866885554,0.0786279406161962,0.163023417826133,0.706749834710733,0.0713791103320645,0.626517958178445,0.0633174074059579,0.749667993188849,0.0806263150762145,0.644171349005784,0.100608399027786,0.668863189101333,0.103506754424074
1.03733252959099,0.0660362979735492,1.0037108279695,0.0849332414431475,0.241366283865423,0.0413475241879921,0.965703402264896,0.207873212550489,-0.295144332713086,0.0550711287358847,0.514366265361513,0.111574315748211,1,-0.611327968934202,-0.030152805687339,0.169949808502094,0.689329933666606,0.0686810472427597,0.726340698257682,0.0603901441475099,0.811833087738648,0.0746787219750407,0.684552876794809,0.0917434539394867,0.630022051836444,0.103733949268785
0.911672605575625,0.0572005783853728,0.994470393346074,0.0775613825231749,0.204185879277993,0.0304792596846745,0.594144951020106,0.156585502980504,-0.210530120495004,0.0451341485272253,0.360762920077681,0.149913759911801,1,-0.604442761792728,-0.21214530782681,0.161535565775948,0.630302279944733,0.0786926953712549,0.65532005401615,0.0579594614060079,0.617268915454645,0.0747479766244569,0.635603266310224,0.0895067056965899,0.669582630048196,0.105884771449989
0.96176133748926,0.0566443399948583,1.03171080509543,0.0825486737916356,0.258069575483498,0.0380292961032395,0.833937599383832,0.18353396078842,-0.274947838491181,0.0543248103803817,0.226926588216743,0.14108293208295,1,-0.592672980501499,-0.0250701487617635,0.139173304585518,0.706820235103471,0.0674543272742962,0.652641052251079,0.0657447181293194,0.654983859267918,0.0682362947897298,0.676447313758667,0.0819866653994866,0.664132251495285,0.107957929302534
0.995036496122935,0.0551282042689163,0.939065758419962,0.0790877421050234,0.193380946077024,0.0296128778130251,0.76947884139735,0.188468224887292,-0.270293937232112,0.0504877978610052,0.443998926954447,0.100371626403942,1,-0.700698395405688,0.276997985676838,0.144487681835165,0.61324356231156,0.0654784624125632,0.548675407578198,0.0695812383158113,0.706622066468764,0.0694892092774951,0.608549869306549,0.0995709693996731,0.515906630096179,0.122960610402469
1.01458305446032,0.066082098755828,1.02582023077579,0.0858617776852893,0.267561451371182,0.0437474735548639,0.90127720026046,0.188626821860617,-0.339759044735469,0.063015922650803,0.241055275722695,0.166376346022485,1,-0.691878862895884,0.053348845728677,0.155754523017078,0.669278048828711,0.0772540599365337,0.709954833283457,0.0701870618873627,0.778733649868382,0.0746592462350015,0.753775304560691,0.0923755503625396,0.592503788273639,0.116289726869743
0.961911025162659,0.0637214500348367,1.02704246329637,0.0890433994879403,0.262297172960439,0.0394774812340373,0.927631302658413,0.20221042634151,-0.332267469203689,0.0650599130823364,0.191703220201758,0.187592567390036,1,-0.673601927143257,-0.321338504289945,0.184665280224048,0.792092800756647,0.0754817176623663,0.72114000600428,0.0690316544542181,0.669673734786772,0.0775431994897123,0.769351740102315,0.0923545663911166,0.459515853939989,0.118971914418822
0.968535021203773,0.0608626152300658,1.03595235666283,0.0808261562843742,0.261163563509842,0.0396568457163969,0.838381564287751,0.183474788602544,-0.300132209435845,0.0554149279444155,0.514396234700113,0.120211959368072,1,-0.641409595261926,0.185965156005039,0.166857542862474,0.570916838302978,0.0764868625915085,0.690473919997176,0.0641943735062392,0.771394150945057,0.0684036002798575,0.623403314852121,0.091887963312209,0.627319981026768,0.103521750544395
0.991818067329917,0.0577181742901962,1.03696022220711,0.0948043062541662,0.231744148694934,0.0338958624310759,1.0472120345908,0.228719371001387,-0.311478178310301,0.0572526640191776,0.354961623462382,0.138898389395406,1,-0.632274875982007,-0.118685815891694,0.179185520821769,0.749314266936646,0.0730169608585315,0.722802474455351,0.0581511940142569,0.710099181450482,0.0713090096743604,0.724563742354452,0.094303690280806,0.733651583051022,0.122224594608927
0.998981686192056,0.0570764149536363,0.955779802898515,0.0869239318837003,0.277251413927263,0.0361548411289158,0.960653985123909,0.197240218278676,-0.341912574097651,0.0599922501897576,0.198669770285105,0.155322870487738,1,-0.66251344072005,0.0321144013977664,0.156334619671981,0.622047870027738,0.077088860992541,0.816797872778152,0.0599321913749234,0.650595644905537,0.07641034612253,0.789685465711507,0.0857654465370352,0.519295704442482,0.126329145201375
0.987235755439034,0.0597690147462158,0.945423567435868,0.0833075288409349,0.234341339595052,0.0339624489809189,1.03694344070556,0.202939589694473,-0.307075065153297,0.0569357203404067,0.431014053876775,0.139700499162456,1,-0.622934758317789,0.0677144342314205,0.164925339055905,0.723564321793373,0.0721707206466203,0.658680271895665,0.0630526532245369,0.592375434573383,0.0795841122729384,0.693527945300567,0.0762609829720132,0.788238967076184,0.0933630910050533
1.00710707901732,0.0716314795976966,1.03873360863217,0.0939309425264645,0.365651447453724,0.0559994032826006,1.26460304827419,0.255201635334087,-0.361414762139664,0.076948153128217,0.457753361796459,0.145926236165102,1,-0.531490035760618,-0.296380111900267,0.176773459591736,0.786945137758085,0.0637264645166116,0.785378913249573,0.0638659019437873,0.746768883103135,0.0797007295809795,0.795116816097615,0.0973553817933148,0.942032934161258,0.119982105290479
0.936465582662855,0.0640855751962571,1.00831536509839,0.0926677568267254,0.254278176705345,0.0393173674332223,1.03006176112971,0.220597547702182,-0.361917771375979,0.0670856609390127,0.407500449893603,0.140570244321078,1,-0.707169842899591,-0.24848508763792,0.187333817437748,0.732174496129952,0.0760759313500691,0.748892500404093,0.0642120220805042,0.627170431903986,0.0824913608284882,0.672856760496363,0.0884441231914935,0.610136625364798,0.121819586190898
1.01435704698223,0.0623400564541341,1.03475650151106,0.0888131995932169,0.234897181629273,0.0355282637619104,0.90854183117862,0.208295235576813,-0.244506896346676,0.054183365479685,0.155724934730518,0.17098948542326,1,-0.529273007627537,0.0585390455563664,0.161039293421652,0.707585416855745,0.075907595205351,0.666656575316387,0.0693066360624026,0.754017615975516,0.0721383936660387,0.589971745551185,0.0901971043125855,0.817927153383614,0.105026651808299
1.05028476111016,0.0700995070996548,1.1524965410307,0.100382939220302,0.307756307227852,0.0453021741699938,1.20163794877567,0.235775063285683,-0.337341087929877,0.0777812530391697,-0.0715613501182038,0.134248408636179,1,-0.554726537387591,0.118124947812865,0.161226675848714,0.728778435900285,0.0718926834409889,0.810076571785668,0.0647575990959348,0.853160954916927,0.0764802401589627,0.765420210630142,0.100027986013365,0.668652420298894,0.131277841785604
1.0618943548147,0.0716849144499392,1.00100479099989,0.0930217279529354,0.284446425323241,0.0479397668580281,1.09546663202615,0.229399219028126,-0.313864235976483,0.0643997539827659,0.169906360001286,0.214816779178587,1,-0.562266248842813,-0.0743542357380178,0.173928094394588,0.780415884627309,0.0701763585285668,0.729721628538768,0.0735376232078611,0.711740311134186,0.0809498654722516,0.684192580029211,0.100915563374287,0.59009209167951,0.124948259027208
1.03754778793099,0.065322527274254,1.05914371814144,0.0902946066921353,0.230253323108508,0.0368529479355742,1.08275153651562,0.229548862729743,-0.296601259161195,0.0624467451027571,0.496143593781599,0.125967668973548,1,-0.594026244225115,0.244259161003112,0.168377970539703,0.790059539856321,0.0732133878955611,0.580225840566726,0.0752633481831226,0.704233890599314,0.0736014407724407,0.68747685423617,0.0943802767218323,0.730888632976226,0.0950031025929702
1.03517274355563,0.0607433211732464,0.988874614275275,0.0835556542210169,0.248007886544399,0.0356374671352301,0.746010664114367,0.165029085411891,-0.220597979718852,0.0486358570642961,0.205932326838052,0.140856156884567,1,-0.512856975928233,0.212104488321129,0.152987383371077,0.651049520483429,0.0665971515500087,0.710647775633355,0.0646541171863017,0.744369078962684,0.0764354547222184,0.6372047585121,0.0895657181514001,0.819672174419932,0.0927975772389356
1.00301480399191,0.0575250256580895,0.902071922718033,0.0754591992119231,0.185772653511383,0.0299360997001116,0.6943986729752,0.174335028237934,-0.244416817751984,0.0437650555272837,0.394654207570041,0.129911604209452,1,-0.680511943897905,0.114936812352311,0.157610253980153,0.646399649634717,0.0688064766226058,0.661099756870414,0.0643250475242306,0.64542574899849,0.0677086974646051,0.606838039152998,0.0901818196382611,0.583282333448658,0.120926884964083
1.01770768918197,0.0595213741059768,0.825851533487948,0.084973564719476,0.184652252455219,0.0336061693140818,1.05055858824121,0.211455010404211,-0.286078817592825,0.0507570177678768,0.587180728171707,0.0816456560713902,1,-0.649528569923056,-0.126392348347981,0.153697732589985,0.735900658169433,0.0727431319434136,0.705149811512414,0.0672687801776229,0.716556502526641,0.0717645578572762,0.608247855108942,0.0977999022161788,0.597932165700608,0.103624159822455
0.912601116236101,0.0540573152177715,0.895325138768413,0.0779115962564734,0.171357216427753,0.0271960098622991,0.540105291064865,0.146274973367402,-0.171002076052578,0.0412414114463287,0.241921461003685,0.154832366184469,1,-0.562096612107809,-0.0400936922318502,0.143580892685816,0.640049037046487,0.0666138393681996,0.637266356341057,0.0656389175593078,0.640405295528241,0.0688079193728617,0.472175951998726,0.0984521888135005,0.6777071840318,0.102515226521018
0.986695745327998,0.0596865826334865,0.988338222756276,0.0877335263880899,0.225400652826415,0.0348017525524796,1.1202814959155,0.185704118000685,-0.292166588418139,0.0559881522260511,0.354756004082189,0.146811093924069,1,-0.581419218845291,-0.00433957856494765,0.161751362708163,0.661184102131853,0.074822878085683,0.690909817986647,0.0695234085911341,0.654188598144725,0.0698780744594889,0.801796209938617,0.0845698759305588,0.70186169349774,0.122647952476432
1.03996529876595,0.0724766969923907,1.00304610937675,0.0875629905382748,0.279776989273814,0.0454975971867405,1.08115837779932,0.217583419263518,-0.388981673331455,0.0669028764636526,0.187764576201712,0.170314750371941,1,-0.707259003986068,-0.0304525958682002,0.168194217925626,0.732586120878672,0.0760898061456851,0.680395813100268,0.0702749630067173,0.714892262780436,0.0859788000846635,0.672940946482497,0.0936020538727376,0.763902536169085,0.103496044276611
0.979091237859079,0.0622993109103357,0.967407353095434,0.0878840220530407,0.241437498022799,0.0389902300587144,1.09133459686082,0.239196462876429,-0.258657385240754,0.057740580665261,0.189734769052215,0.177666596324185,1,-0.503899074197635,-0.132961944712886,0.154891179639067,0.705964867418698,0.0732647060617772,0.674120685898354,0.0659048064158814,0.567335023546365,0.0810795843273009,0.802874089938725,0.0804773371579741,0.70030628479682,0.110687560653847
0.967479659484044,0.0578518217861637,0.952863536376819,0.083563344693782,0.246294021998779,0.0373432697362874,0.869405845696193,0.190096895288322,-0.286629337010935,0.0545917021731711,0.394186569917605,0.117424280665373,1,-0.61941600911227,-0.112105532851698,0.157498941953773,0.732839615040461,0.0745941597285015,0.692991851134477,0.0635408781597565,0.593724089465159,0.0761435157374909,0.692454378749505,0.0832646725964139,0.404030667235693,0.111707116862869
1.0425688256854,0.0627096555783057,0.917740917583761,0.0860094101229267,0.214883510199217,0.0338588949927942,1.08530818964176,0.209488250926713,-0.293642135949718,0.0579701556333769,0.576525156300739,0.0882204779572161,1,-0.60805139546591,0.0101203028051251,0.17098037613919,0.720444225068286,0.0678938451825621,0.714089505377931,0.0643242601300187,0.768690265870654,0.0743202446765951,0.60533224613679,0.0875757129971327,0.70286865464723,0.0966765980598172
1.0271004642694,0.0715019131138446,0.960058854815225,0.0928966594154865,0.289984943518688,0.0447911413922036,1.13101776588708,0.236091281304929,-0.305357811436968,0.0623522550949209,0.0939879245306415,0.178151066178252,1,-0.533195648310387,-0.149847297519831,0.172354319236932,0.714005775427063,0.074405577681335,0.833891397230626,0.0736719976113859,0.77941126716565,0.0909176973128173,0.733727706433155,0.0961433585977949,0.720047440974363,0.111488573215058
0.993463881222021,0.0592234255230123,1.14516125116533,0.0886594977228987,0.236034162824555,0.0342641011741702,0.959349606890375,0.214675052090936,-0.274758612439631,0.0559285405572268,0.251810139935291,0.178292877500393,1,-0.577398206509426,0.118932366294846,0.160891935002018,0.742434162484789,0.0666574281405204,0.605825717069569,0.0669555996491661,0.583482298817452,0.0758701191713145,0.772128347742972,0.0871500804352177,0.641215572567692,0.11695020852917
0.98627837351736,0.0633505626422231,0.913974693764725,0.0820745662290658,0.248409670967125,0.0370887922450215,0.818930080664124,0.184242426153573,-0.262961906003972,0.054852453033775,0.338517794660448,0.127945917487648,1,-0.583022314605887,-0.0303723642088051,0.155232543419396,0.6556929452466,0.0676318931544924,0.756504921682038,0.0623027307487743,0.60160475364579,0.0812864639968422,0.693912803650027,0.0933993071684513,0.657496736875711,0.113749668660706
1.13435337213991,0.0822027768471918,1.12237647152693,0.10188843328611,0.317686387850218,0.0580152884245439,1.03047628607099,0.243172176250518,-0.232881169600075,0.0627298731819008,0.136906307881076,0.193819524923709,1,-0.407020299254403,0.14645846102536,0.171248854881943,0.775493881051632,0.0801272542515361,0.761867271252746,0.0742224991670498,0.760753278690571,0.0828520926897946,0.761588442561875,0.0959474118431124,0.820139319916527,0.120183626024342
1.0086109430367,0.0644377904198752,1.18534864781705,0.0988169054898466,0.268037650083681,0.0436279782342828,1.05688533029,0.237437870687704,-0.199174648862346,0.0510134078464511,-0.0296587114601695,0.128205947635709,1,-0.374215889783316,-0.180120135687644,0.158585087144778,0.779899016525224,0.0756700581184832,0.726343884648436,0.0691162282320438,0.730049231837704,0.0800769437302747,0.712174462340964,0.0915457796134992,0.962309771406456,0.104138180364208
0.973529348502692,0.0543900977177814,1.02109204491279,0.0782566055459936,0.215774821389034,0.0298123631598515,0.692631961724441,0.166305435095325,-0.244269290210507,0.0473108747364904,0.265506769853881,0.162283503441015,1,-0.631854704491282,0.046762124831267,0.166706117559009,0.484866387586788,0.0903679739203183,0.785325011241705,0.0606234144880112,0.64562308219133,0.0686741445786289,0.717107201760718,0.0815925772493281,0.599422545414537,0.114409546720898
0.969300090291748,0.0562863856487567,0.90832040190828,0.0786996831121526,0.20824826218549,0.0311541357854742,0.726550337751671,0.189359811976613,-0.248842302383769,0.0518805284261713,0.317279141078457,0.129615163611056,1,-0.639735812813054,0.223579916494457,0.146613394870401,0.616695844711149,0.0751563327971531,0.511446471308517,0.0696488475442994,0.627783999866906,0.0784100899808006,0.782603921588606,0.0773149945093372,0.486280232861002,0.110267536865828
1.07916452814261,0.0662648558385499,1.18349764030133,0.0925789839959757,0.244430787569607,0.040915214161609,0.932576844470647,0.202869766824342,-0.247161731507372,0.0587496779685174,0.41455952058247,0.148359821166296,1,-0.517679493075433,0.220870175746629,0.163128906029501,0.655076883506253,0.0776271772888181,0.726452760027612,0.0720051352431634,0.646197186268816,0.0768930318155631,0.790054493624228,0.078748386070372,0.688708422499577,0.114183795595691
0.986160931113417,0.0531761676031608,0.847468888335629,0.0769360239698463,0.205181573800322,0.0259741527380537,0.893767797176515,0.182144441186555,-0.298674908799496,0.0473251346785882,0.358483615370088,0.121695493605304,1,-0.697456634834686,0.0727692278059798,0.144658050441261,0.713414029497146,0.0612517045804614,0.515788196851965,0.0678179843051658,0.64434291443796,0.0693451654870811,0.623008154687305,0.0826583041251642,0.609765893319496,0.100329758928261
1.12961875529321,0.079002537657513,1.12411158332387,0.102212845689974,0.372486956326002,0.0614060131861704,1.50982555369125,0.294233546536948,-0.451138003283125,0.0892889836321311,0.446955961100577,0.161807902610535,1,-0.601575987502892,-0.0505162695423577,0.177502007213022,0.928136008947934,0.067364673423575,0.728981725751981,0.073075382211518,0.878331475638622,0.076774692290702,0.853367928206181,0.0990454062026249,0.698995322129676,0.146972256249883
1.18158587876735,0.0854296914202849,1.0800521002081,0.101182502676483,0.307080937483367,0.0553251451051383,1.34236165925016,0.310834206860779,-0.349570487923884,0.082889720970921,0.125154006465706,0.219633718379341,1,-0.544469507072245,0.217373911997285,0.181137102363141,0.712849728830668,0.0858467836795062,0.795735917691522,0.073644392759002,0.755784703874341,0.0887895074467392,0.707537335604466,0.0996242089342686,0.849780389980331,0.102424917351643
0.957154262268801,0.0649783261463151,1.04867367004382,0.0862062712602421,0.286686386733594,0.0448339308978937,0.839589291362309,0.208400125868973,-0.321101789637796,0.0660266326365597,0.189818245766196,0.169955706676517,1,-0.65449411403759,-0.147284041385654,0.173590262076891,0.727862742859636,0.0774130838317614,0.723176505989288,0.0679764461763344,0.578034878921743,0.0813051687813629,0.699716217062358,0.0819413509090701,0.657579377635726,0.130430263573551
1.0527279275312,0.066905279634069,1.08301431601949,0.0982115714266852,0.276598187359378,0.0435321615942994,1.1064448602758,0.222806151516916,-0.278414040947696,0.0642411889885442,0.456008555920272,0.165662785270362,1,-0.503270623750772,0.0140751192956827,0.179001282793166,0.72780894203556,0.0740819181010867,0.699962299467417,0.0695716867381463,0.841668881210711,0.0670123205354863,0.770565467996199,0.0844347776747234,0.546044055982113,0.115913900854069
1.00948444146583,0.0680261377083092,1.0334402010969,0.0886915766448429,0.299967698208177,0.0481053268279609,1.24172361919205,0.23970745173778,-0.370956156851654,0.0715570565821379,0.383774660942921,0.173322215728614,1,-0.607817034418452,-0.0316661930797642,0.18233313774158,0.73351973714964,0.072418992825027,0.6053103940498,0.0688291733024541,0.642644536605629,0.0805102295203748,0.790887408558774,0.0825283824010583,0.91055507125712,0.104767332203199
1.01075560884425,0.0679746133728772,0.966251787362738,0.0935333968574925,0.252138120795628,0.0358204143459735,0.983369537807844,0.223061080325035,-0.274263587798099,0.0539762916671494,0.26806498732419,0.153936503905556,1,-0.550795675370796,0.111471665048109,0.165432682763714,0.665070600359699,0.0780191213689897,0.73035462619897,0.064736422193246,0.657627287071592,0.0746815767995219,0.684123551588801,0.0853621101927199,0.757350503762247,0.105471213566789
0.996114927525716,0.0612257097254231,1.07176208611745,0.0964495513356406,0.275200704484529,0.0390849621890076,1.04987776430788,0.225836502363948,-0.350063731366549,0.0595067602749746,-0.0260504050635065,0.158019128826509,1,-0.651257860470438,-0.061904805324446,0.155895409107124,0.754616727806284,0.072875788665667,0.6943533532894,0.0658008993859534,0.760061272450029,0.0781266882649179,0.731551793412451,0.0964495038976924,0.634838170516827,0.120358592260106
1.05672210281748,0.0722534402301421,1.07346022350462,0.105042036362333,0.32329823413204,0.048681134412972,1.54042007149245,0.286578626031174,-0.492923548197277,0.0806008526793172,0.185987100063116,0.173049635749248,1,-0.698486980322223,-0.0395786382896343,0.189877118315768,0.805874935436936,0.0769905379001435,0.762428828531028,0.0777500155870123,0.749138898093336,0.0772131293492836,0.657077291790918,0.0942033773262445,0.89023931912131,0.110692584138475
1.03920664604086,0.0657470369159938,1.09264688946955,0.0959821444673988,0.261224459968218,0.0407783559772028,1.30958559506882,0.23773058564469,-0.371446034075329,0.06837205219222,0.218507730472077,0.167579803380224,1,-0.635070385202972,0.0553473649692933,0.15793448292821,0.760714679433985,0.0691550582008993,0.709212913641698,0.0657292695148039,0.787857843474298,0.0710554423707368,0.585292157095154,0.100023624597172,0.746252256642793,0.117925191257026
1.08901652257103,0.0695107410967702,1.01912849825218,0.0945579658355609,0.28865558411862,0.0442474870255709,1.19641571865587,0.253889142790319,-0.250776323198913,0.0613574326502315,0.135361859259137,0.167234692920364,1,-0.426732277671161,-0.00758093436232784,0.164371944537954,0.656952288713036,0.0711224399636843,0.763761282688026,0.0704621589263119,0.70293240969989,0.0774135234543165,0.7820413594104,0.0969943762104064,0.780430335990184,0.09617100895588
0.9497265576947,0.0661610642883544,1.02334371106021,0.0926151268490489,0.259440812600984,0.0429323795088673,1.20108163114731,0.255821230041935,-0.378303127069018,0.0698193769577189,0.187798779857753,0.165917667811962,1,-0.677695373321916,0.0398166145046821,0.154995761051077,0.685985150697599,0.0728649196810143,0.684589627654832,0.0753015038137614,0.728040102938743,0.0777522794058633,0.629631256505634,0.0942473946797237,0.705105531362457,0.119159690634956
0.994459657715804,0.0685283129481821,1.05431255341449,0.0925184262920019,0.240336273821419,0.0410071043741462,1.15101819674426,0.240162817676049,-0.304383965533794,0.057820094116239,0.338203366864041,0.1551836301607,1,-0.57872336173054,-0.141122307757677,0.174143647354778,0.670081309854322,0.074063263166537,0.728998470892372,0.0671498573803102,0.730202974185488,0.0721805400526105,0.66572211810815,0.0939757314230167,0.662581529085463,0.118394096997622
1.04815445527039,0.0877979179848421,0.968359151866349,0.112645773955572,0.306248475627258,0.0535737503720581,1.4531066208699,0.350888567442115,-0.355826746948964,0.0775739632367488,-0.145844192952838,0.151733762978796,1,-0.533399840649292,-0.310098459289322,0.190133700443088,0.841113917706867,0.0894567254357217,0.692573735542149,0.0770651813110423,0.816337978471979,0.0931416939296888,0.690465309780591,0.0983714673575184,0.714957703018933,0.115248673029104
1.01298465273723,0.072053209630975,1.26174328863003,0.111235538728061,0.341095200562175,0.0540201241897857,1.15712793257414,0.260891009581236,-0.383351525070221,0.0716706715681166,0.162029112783939,0.177269044864053,1,-0.610195080994601,-0.0761379083048749,0.170248517215556,0.80149742400865,0.0732256374504966,0.744433529474242,0.0725015768358678,0.699711775888844,0.0910794677169205,0.739271364477289,0.0930224629378888,0.806335746991658,0.112567166433589
1.03687670710825,0.0763327790821837,0.933262996197619,0.0963408887253756,0.319791791899804,0.0540449921300773,1.22834127617472,0.273599909700416,-0.296987775140964,0.0703563373101927,0.215860805450023,0.18234897690614,1,-0.473854919477713,0.0779734414191036,0.173470950183596,0.712711682559432,0.0709226655035607,0.748026274912525,0.0736028406653665,0.663090226681994,0.0825649376489343,0.800314024876333,0.0980606992725957,0.658613235380704,0.108279311718333
1.07494869023135,0.0618849141774307,0.993151059604852,0.0900104997370406,0.236067121357393,0.0357832987778701,1.00282191366303,0.201681642086027,-0.374635186664031,0.0608517516764582,0.438303518398797,0.124880462742545,1,-0.769979043357024,0.244361658871101,0.173550319704454,0.630169033552127,0.0773963535469594,0.694086329403994,0.0717512986611063,0.72110952588076,0.0661886476209007,0.617423253810316,0.0857912930856939,0.720626049377394,0.0892815948801474
1.05413908320668,0.0681299581776946,1.00353280347243,0.0895685631821205,0.269458725777947,0.0419488747323768,0.925756403091324,0.165131652570475,-0.34008045402833,0.059515448654316,0.161784998031489,0.166072179882954,1,-0.680906035276416,0.102050597176112,0.170551396185179,0.769547666290524,0.0699574862329471,0.674170805519801,0.0709556614058484,0.7326302667582,0.0785850760478665,0.627428540437563,0.0972050947180234,0.744054576890955,0.111211985559308
0.97246845264262,0.0626886032748651,0.984310921972476,0.0864012493933134,0.214266363836888,0.0341685520546362,0.740911311361696,0.173125080550148,-0.273035095758883,0.0550989474889588,0.207035980676514,0.170879427929664,1,-0.685264702540798,0.139159520410592,0.159543161861018,0.646901404519478,0.0746921458813203,0.660728408503391,0.0688297638383326,0.684336551568196,0.0729099253307078,0.753715209250542,0.0896752570968823,0.560138410966665,0.122207579597907
0.987667738896977,0.0600598206872822,1.0580046571457,0.0873224826734226,0.218570619159125,0.0349618796248692,0.899992824785561,0.2091871183563,-0.237504977469318,0.0541380281797737,0.357487701997155,0.151078197779797,1,-0.535497319097484,-0.0962455841874537,0.178162774813457,0.737147875528735,0.0802718544817681,0.631628744283338,0.0665991160245019,0.665786670808623,0.0741080471377728,0.642990086419896,0.0948834708052286,0.651723525324916,0.110280872653304
1.02012592609608,0.0615601979258208,1.08104134094407,0.0948769908764637,0.214659369066367,0.0307533892113703,1.12681944025366,0.217195295225633,-0.294256362752557,0.0608353666149399,0.432301387744545,0.121647903784781,1,-0.598306571147337,0.0688157725766876,0.157803659542581,0.589314214955898,0.077160572670689,0.812225704965928,0.0625634514161411,0.66202953929784,0.0779494866693395,0.55332905721261,0.0867577325698687,0.68891556511986,0.0920991014862247
0.959653314996168,0.0555690052478222,0.908259062885311,0.0819749641233511,0.222334433487381,0.0332570657644313,0.996996988135498,0.188502982189131,-0.337125402145448,0.0571277637865369,0.417927504672112,0.113688039224468,1,-0.716046440625903,0.0265825818364533,0.147878972478364,0.659789037342187,0.0655592912425836,0.651109695338855,0.0636329730824419,0.68917115681598,0.0719412172349257,0.615254733056077,0.0955332117427221,0.700515322159622,0.0968744210439849
0.995379654612539,0.0630464456467978,0.793751175498507,0.079066301573291,0.261830535636408,0.0397459054790138,0.766190122057005,0.156309668827402,-0.276587767476505,0.0522003682593843,0.10629597093352,0.139927335377574,1,-0.617525004399064,0.0425762574200192,0.162643833071514,0.633927589616266,0.0720600437963141,0.651900013658808,0.0658358389512048,0.70695533177494,0.07798484051121,0.698581710118952,0.0866655086005381,0.570245553019823,0.119267811068129
1.04099663704816,0.0582137500344671,1.03216996916662,0.0828609590205543,0.231767579701475,0.0373581864665493,0.812089979679303,0.170325085895888,-0.292182896127826,0.0560702534721498,0.63936017673565,0.0809819980332977,1,-0.673482586048839,0.268818197754201,0.174402756710375,0.640470074124923,0.0692220064816967,0.742903402355793,0.0675563346527161,0.731834143154072,0.0707197320352567,0.701807090293803,0.0811354731411992,0.620293973623378,0.104799628733726
1.143871324134,0.0646554991783756,1.05819461058091,0.0839734081065783,0.320195661135172,0.0462763670609044,0.801213552473804,0.181927145928215,-0.31464122095126,0.0614322054410585,0.235199913696958,0.153855022261974,1,-0.621203299740266,0.041513708508045,0.153988323179488,0.763320381332582,0.0732908431074989,0.695844958849116,0.0639529374885066,0.764352192797753,0.0797316019187767,0.78485665415107,0.0882779248859477,0.830651772517145,0.0886687687036319
1.02695894958616,0.0608678255826771,1.04306802004445,0.0885803136087595,0.24685922683337,0.0374505789535771,1.073040468915,0.211227000120069,-0.298458666059001,0.0617738043286024,0.399163145099399,0.135396486829674,1,-0.579897799418011,0.0791527559384735,0.160226138606714,0.673357244378273,0.0707304273334355,0.634670168384014,0.0672220591718232,0.72977118819725,0.0739661077949602,0.643953710716489,0.0943258757750176,0.612228175301137,0.0949493793268751
0.958915123397619,0.0585289728151597,1.03321686531864,0.0849634705933985,0.238328134610959,0.0362099063879828,0.653702858652746,0.17298674154036,-0.263837980682346,0.0541851699660512,0.218597722702328,0.143318631103343,1,-0.668435436277986,-0.0661805380019617,0.145007019811317,0.599566478343428,0.0765786104038341,0.687989692957439,0.0633258016176347,0.589491183114249,0.0737552229341627,0.580153802968228,0.0858061466261223,0.578833098998918,0.11018549432993
1.08013914690211,0.0720502328993709,1.19921509175739,0.0974810239337823,0.300731493270221,0.0493739052943747,1.03278786605828,0.203159862837343,-0.313739420409346,0.061417289754849,0.201125716118212,0.175143237500168,1,-0.562955505966026,-0.107009347338041,0.154292640802579,0.720836530892421,0.0721402881638635,0.844312842598804,0.0660179777547274,0.784441333993169,0.0777626717630109,0.62330480751966,0.109843285670621,0.892577843658517,0.103796340837971
1.0284731144329,0.0640768992005934,1.00600218542984,0.0954570782193356,0.288473339035166,0.0443318352271153,1.33074330400306,0.24151188238299,-0.299470090948,0.0622618344353124,0.162717028569015,0.187017004242722,1,-0.483340813805018,-0.110081879111141,0.164344480695063,0.789117362628829,0.0713459328798565,0.659738357871773,0.0681462900432083,0.737330534870902,0.0832915317051012,0.888966536430709,0.0955270322600755,0.986972679941383,0.109279457630336
0.969621361539923,0.0611571653451305,0.954373588788686,0.0849319926936005,0.263658347346744,0.0390807863353298,0.756593460014793,0.182084371158214,-0.25271797828604,0.0536224061381534,0.232457654564066,0.17536037038848,1,-0.565827543554763,-0.199379264927972,0.160825148979873,0.670050931994878,0.0741760353791351,0.60496416750084,0.0725262795563031,0.757638709187548,0.0724265363733981,0.710308595103203,0.0834123325024944,0.631404734720909,0.0966454392195167
0.999823991475076,0.0501251793675687,1.00856810354033,0.0789703344400272,0.195763335079373,0.0283735608728222,0.793990760050016,0.157010795456612,-0.271982529225911,0.0444299717360282,0.405186229954149,0.12114105813698,1,-0.689870550945854,0.140487085108066,0.15570518066022,0.686214988771525,0.0631196525843727,0.692024995764488,0.0606803678278506,0.543242602656362,0.0719313210913369,0.784382292910938,0.0719535780392068,0.489273551271147,0.12354827531883
1.08659683409849,0.0721090059006802,1.2296610714585,0.10621135185057,0.262737019307606,0.0422830555302161,1.35803116025485,0.274286161631839,-0.340814085339844,0.0629969744052115,0.248491539750275,0.187691968789055,1,-0.570560935257077,0.0785938179221183,0.17682935143139,0.778006050743094,0.0776765328317875,0.649119062122614,0.0761473522539349,0.885385106122771,0.0788240053112962,0.763541300629379,0.0836175084531698,0.841020131952257,0.107166211962485
1.05474530473857,0.068750702147643,1.01090356601737,0.099380505931021,0.321663897089119,0.053075917227562,0.969285823261056,0.220559563217358,-0.268219325655558,0.0645579212595451,0.253880545786253,0.187019798980321,1,-0.480355730688514,0.119241229448572,0.160003526769176,0.680486090900707,0.0734621137364633,0.690411790863728,0.071589005304901,0.844473710793789,0.0775486353955019,0.773802225894278,0.0925590164700736,0.916912534508032,0.113584849356404
0.942574269310591,0.0624451514886685,0.953774565372876,0.0903845974298855,0.292484281431025,0.0447040316047683,0.883176498429943,0.194009094395892,-0.397949483307352,0.0699302494270968,0.261771118817323,0.152051354645586,1,-0.782984072212034,-0.0328529480093686,0.170819988252883,0.566804954322304,0.0800459618576526,0.747375148951079,0.0642841151265996,0.638327155682535,0.0782197561320412,0.724319846291101,0.0879091520823722,0.597160013935401,0.116485313280669
1.01823766091015,0.0632987441555833,1.01471287871007,0.0816777839514837,0.267776030731273,0.0378246607316654,0.762598762862553,0.176018654961189,-0.273850364802798,0.0519924151135992,0.298678786667144,0.173428931861076,1,-0.606009490788579,0.14440292861593,0.166879689870991,0.630626290494407,0.0736330208609645,0.747323863794073,0.0683788439310775,0.644387068252099,0.0738628489304452,0.655726978959683,0.0850081390700834,0.801885564036006,0.101227627286503
0.956209087194611,0.0576604218685502,0.959051721306114,0.0828505012498399,0.198110729931999,0.0318122137794793,0.860702776447034,0.178830556097357,-0.30970054603965,0.0544477622142676,0.456015423080738,0.11587338638203,1,-0.750000184199496,0.0581070236478496,0.153401321528145,0.76489359115967,0.0700959407712472,0.550441864904231,0.0676540557953841,0.721733036662443,0.0729497979349723,0.591553568914141,0.0856560102963832,0.580342877779921,0.113024498600801
1.03414179591261,0.0696201422267629,1.04284422312987,0.0859121347626049,0.226506991392394,0.0374235063883668,0.856513949795857,0.201398627781733,-0.245489636863922,0.0557419162147095,0.382168196832072,0.159820051505813,1,-0.557346319305215,0.0679290130247107,0.168479163456116,0.783193804769962,0.0781487568354145,0.597998456500158,0.0743549343094787,0.776341186990965,0.0744190805401552,0.650678008585543,0.0874597711226213,0.832058118667933,0.104809778416559
1.01549236687386,0.0643907410041279,1.04986500670133,0.0998072981159152,0.311452765544261,0.0492534873491223,1.45312938429407,0.264256415756847,-0.391713286435251,0.0693940191401774,0.315235277135097,0.157994381827661,1,-0.582264167282583,-0.153563862484341,0.163672053286117,0.82007690342413,0.0724201665714281,0.675153904918168,0.0700602721408427,0.730410263877911,0.0802237918597596,0.762605990945241,0.0906909875186622,0.741149657205906,0.127782834064405
0.929689388138393,0.0606159234134178,0.868162128408994,0.0859850032210874,0.202428867170627,0.034214858838943,1.02561477735747,0.20683544449949,-0.274137974280362,0.0542068813264312,0.245669929112006,0.169481323091509,1,-0.601645734574588,-0.0944086933249901,0.157170027788079,0.690514450932475,0.0722228124138099,0.688198648315888,0.0618429119059928,0.625980688715744,0.0836765658826815,0.738497445085016,0.0928027021062647,0.509336604006778,0.120986657113477
1.13427073165299,0.0772215247213527,1.09015573297553,0.0950747528902691,0.306027321556089,0.0501057897216553,1.2140920713655,0.269566163107485,-0.322374930994333,0.0640286509787861,0.407342363205987,0.168294153883357,1,-0.528877815213079,0.0606448367551039,0.184994025625876,0.705637720876767,0.0853927879379822,0.845388298995139,0.0641298154045369,0.75920089158959,0.0815078464018688,0.800330710695653,0.0924144666791182,0.927151329647775,0.114384951448309
0.926593054527128,0.0625326855180363,1.19170036211317,0.0981752154815989,0.26362712353072,0.0441160756283254,1.11354693381124,0.224870418006632,-0.295628930423465,0.0640505281685185,0.248141709843151,0.181223949430036,1,-0.545629224297573,-0.410195702810163,0.16008458310208,0.765091534637651,0.0739529574357263,0.710799924031194,0.0761234746399215,0.806161412498814,0.0775182584360951,0.749217676095788,0.0983649613964198,0.843932990662764,0.122834544984037
1.04794763756492,0.0603112156134565,1.02680145138267,0.0867923867938737,0.266153109557181,0.0382982692849398,1.05448063633372,0.219159532942761,-0.265678115699365,0.0575033794916668,0.285622200868232,0.148239567513961,1,-0.501499732354689,-0.034511456626056,0.157056363665497,0.790026857760339,0.0669933811234093,0.672163650015186,0.0665758170085388,0.764186428495551,0.0745382468243719,0.703172472873498,0.0872810938342163,0.842326043298798,0.10169006736411
0.873710494959473,0.0565973138959204,0.927227597135,0.076897712803061,0.21352309832707,0.0319831350723976,0.704341153372844,0.165487105810314,-0.243636289402909,0.0422820434608905,0.313572615972817,0.145182614889864,1,-0.628243513292079,-0.228682752023937,0.163438267991359,0.64945997183376,0.0721233611130899,0.665319351472492,0.0572890255673168,0.616416786361395,0.0688373424259561,0.66233072901799,0.0984217109074093,0.580882708301049,0.105358878546505
0.926189166284656,0.0591676667906016,1.06250066858797,0.0841727408487806,0.216572581326618,0.0337506851236822,0.568721971219321,0.165176840663237,-0.252114677003526,0.0484742227537284,0.0952182606307803,0.165120461573459,1,-0.718367025972951,0.0284912984473416,0.15351734151786,0.678649122157247,0.0716526993702064,0.633349792804461,0.0694558214566795,0.629706616660849,0.0798847590482868,0.656109308603244,0.0932109643133435,0.815854993458315,0.0966519678421254
0.984256047220625,0.060213202229826,0.896589117594155,0.0834255422000884,0.240302278890019,0.0373298061108604,0.860557750035273,0.168912638730748,-0.328482924900978,0.0560998010197173,0.0102609790330953,0.148019253991222,1,-0.72234362506296,-0.131485014477136,0.175754532235129,0.609616200033076,0.0786957137230256,0.750258262473083,0.0679571937361585,0.671616972063382,0.0705447079158069,0.697599684558262,0.0843607352462509,0.745956316410297,0.106884046826917
0.921047290299691,0.0591998786981621,0.939406669161173,0.0780109806861765,0.209395201131096,0.0348500458687631,0.808260241997042,0.180953662473682,-0.267736989508118,0.0508713360436872,0.455331677307763,0.127329255618405,1,-0.650802788816283,-0.102379677120239,0.165203999869902,0.584028747786976,0.0783590666726051,0.762602812214306,0.057966694740779,0.588021248851033,0.0768349806743281,0.644525724926705,0.0829103230047133,0.703433293014512,0.10193702057069
1.13036703751137,0.0702733771556023,1.16267415719335,0.0958596498106133,0.271411585335439,0.0430189176899675,1.10623595422633,0.21611833131304,-0.290545259919705,0.0589788182806761,0.206879188094478,0.187433248108631,1,-0.530243946230836,-0.093135218090906,0.16661400895418,0.819549594172865,0.071425460680614,0.756499454625665,0.0706027269977987,0.791444765165421,0.0704099730242546,0.888637969082171,0.0789591839023899,0.821374506662488,0.0956348167914465
0.952248189462426,0.0625037780388696,0.896558332810047,0.0801038359295613,0.266366861233846,0.0385928310003501,0.981220847894135,0.201726814434792,-0.305723771160328,0.0557364059772997,0.272265271620255,0.175889057485992,1,-0.598006256810419,0.0460685401710079,0.177747067169806,0.619112652170732,0.0791929332172844,0.68239958032731,0.0654372894892962,0.722361021129077,0.0724217430539309,0.639222597912829,0.0861356642027201,0.666620909930879,0.11270064203777
0.946561956349512,0.0586232775890958,0.988488240708274,0.0797197995175361,0.231224836628265,0.0352828447468951,0.586591026885271,0.143727366785439,-0.288669531251902,0.0524850260633437,0.314602493825497,0.140446087729752,1,-0.78381938268751,0.0115615059801877,0.165221888452174,0.685480133672421,0.066954605184297,0.674545902902125,0.0613217596650583,0.571529288646662,0.0694640133442195,0.686700159687323,0.091122573294915,0.77331517897819,0.114843314138088
0.862527943393942,0.0595243001280928,0.945996943333722,0.0847295802899634,0.227079600423486,0.0364959406037622,0.914867529827296,0.190282750962714,-0.232364661928096,0.0492237612433618,0.1096727875488,0.1725408596781,1,-0.509802444337405,-0.176176040890945,0.168248330957023,0.631934026989353,0.0712932344031351,0.614156737572224,0.0708888781230034,0.574576711959292,0.0787541698730932,0.76867768106909,0.0873860807017968,0.71106973144235,0.123390974240511
1.09868863652682,0.0657991584234393,1.10693814667497,0.0930877084470188,0.269860596237476,0.0413641768542897,1.24352706273577,0.236616156705354,-0.389137127928376,0.0663759798043346,0.560223720581522,0.117709101591707,1,-0.67174634303149,0.412863499147336,0.174842847116683,0.603509129483443,0.0751748747438219,0.785783878252343,0.0660547621494503,0.802265105826717,0.073284677585223,0.596801730286668,0.0935475419578119,0.855851013079945,0.0970101620320833
1.05826760190233,0.0691012454682601,0.931432072674478,0.0871645087005019,0.263365900162628,0.0405043754617598,0.764521930467771,0.200486858209206,-0.215191078395851,0.055146759469931,-0.0559465957207632,0.155804730721378,1,-0.479567249316437,0.0970021563653924,0.155936984559056,0.590484247257932,0.0822965226662448,0.732416380637022,0.0710630393635522,0.765976708402591,0.0867991681269056,0.754188303886541,0.0863729224079073,0.83314919523432,0.11721678974666
1.01185857505658,0.0650032044680925,0.998740295499088,0.0872809172718707,0.222984603909034,0.033970352187998,1.03085722090479,0.206239145442537,-0.31154350585924,0.0543687284888232,0.291634977059208,0.148008277635807,1,-0.649803438456828,-0.00812026302588117,0.159818696484004,0.64227695374642,0.0792313136490648,0.712612683862292,0.0681333046724151,0.684582631734357,0.0709981832209049,0.724937561408179,0.0874778606990423,0.58860030918783,0.11380942774394
0.968228864895007,0.0618975950831853,0.910564584785559,0.0905212127044811,0.224776104146553,0.0340834460387486,1.33748682632488,0.267245692124031,-0.363498372114872,0.0683859252033505,0.520533466717741,0.115559356076074,1,-0.662952852914999,-0.229462548512533,0.176965526550804,0.790254976112426,0.0694326632746015,0.666895376683436,0.0691887911529571,0.64359511816091,0.0652395097356873,0.78805406529568,0.0763617487359156,0.476990002916915,0.132774733287382
0.979785599457096,0.0625513168017212,0.903729238414024,0.0860079149510106,0.217525438972671,0.0331927745739919,0.779192046413789,0.180839796796076,-0.244878863163295,0.0495626101557294,0.287082336720454,0.156262523311025,1,-0.594804188540658,0.147629754723759,0.168460150256802,0.621280605030337,0.0740910524625423,0.575402595955743,0.0713981972878248,0.717981128648248,0.0704815029155093,0.715583468436733,0.0786904023693479,0.541162174671783,0.108281536351767
1.05016336330773,0.0626992445103497,1.03974602109374,0.0827003679104782,0.235714308718533,0.0367729283716283,1.14525539326147,0.219419561841626,-0.29095292001893,0.061670387757034,0.540934794534987,0.116432065800148,1,-0.559987811028549,-0.0320202388672904,0.188711873149639,0.768816831940879,0.0818685148410538,0.756692093363983,0.0620919532429125,0.650451126360003,0.0729078877280558,0.644913410007888,0.0876183505726705,0.763949224585925,0.0992798580558668
0.913228694968022,0.0564599104928438,1.00949866400887,0.0837142972003413,0.187030288467545,0.0288112577741225,0.903181066666564,0.180529360151171,-0.240241788672111,0.044094281150667,0.385177788190435,0.115389202893988,1,-0.584527796523226,-0.157976983599408,0.151637167919618,0.581890786762116,0.0669989126187534,0.762559056395555,0.056935223885279,0.535427790500261,0.0784028088400652,0.654074941402288,0.0791133459908968,0.646622567492025,0.11091957784234
0.922788824657161,0.057402976408402,1.06530751453324,0.0949846391213257,0.25870394784868,0.0393044507146388,1.09878988632583,0.23807612693765,-0.383387624657121,0.0666847883615319,0.427007467896308,0.143160268833001,1,-0.71908335405248,-0.1441332962389,0.170911624293327,0.76687056361032,0.0725170802179425,0.591689984732915,0.0697880201301265,0.745233852312865,0.0688858241968434,0.601430516895349,0.0937220903279295,0.667420375774371,0.107832284460996
1.05218291931543,0.0635782309600657,1.03957892706189,0.0962563573356887,0.291814640995053,0.0437126343850738,0.98855066098233,0.220935619930219,-0.297549051778415,0.0619281087370311,0.365882480749725,0.155707655559396,1,-0.553994644470324,-0.139012499902388,0.162049859381242,0.762729746256626,0.0675821514824972,0.680017659348306,0.070970334153258,0.722211123963521,0.0760242683989161,0.68579528884605,0.095133961981413,0.73110658132537,0.106195303857532
0.963979998127728,0.0627899571340475,1.02414496343534,0.0860240161319958,0.274277560405517,0.0424343792654791,0.775027830787951,0.179318498859407,-0.275536239253565,0.0592855505202706,0.248072987448745,0.184570655249402,1,-0.597619745882788,-0.0893307199026389,0.183315606826867,0.662964527445877,0.0758143579985942,0.677267593763058,0.0630653854955168,0.706342407691559,0.0758420772225076,0.765103437569691,0.0949564081825854,0.650633366818797,0.116228085223819
1.02072637854609,0.0679505650070347,1.02690552858868,0.0879514982447709,0.268665221995581,0.040887546596508,1.05586514404567,0.228138473008597,-0.283188439028287,0.0534713723587397,0.301894631989668,0.182537465127188,1,-0.531698661550706,-0.00712658952322569,0.17968438395788,0.702747882288815,0.0733747120573901,0.726192062839836,0.0688922899535127,0.651217396385443,0.0806169991015318,0.806687051172911,0.0835084438882332,0.500084822777629,0.130620881376398
1.0484906516343,0.0711109449458246,1.11035926840524,0.100974113765319,0.298967736735457,0.047314042017243,0.971313980114708,0.231098434742329,-0.297447520268818,0.0683252849683741,0.033256284658188,0.160458712342205,1,-0.551973681865333,0.0174728350303395,0.159197854476542,0.729636151098765,0.0800044143728879,0.704255574330579,0.0752310414680236,0.838775633010315,0.0789334797569945,0.725104207519734,0.105586437233472,0.748527881628006,0.118176740008285
1.02243788628877,0.0624761440685716,0.954069131385036,0.0840214937042021,0.266795517962126,0.0415132704241002,0.977250629350774,0.21406538792088,-0.233288295286833,0.0591675615076569,0.455807782828292,0.143998321251745,1,-0.456878483391382,0.00472000663649818,0.183220142398067,0.694251899057451,0.0726988522676541,0.688630130047092,0.0647778907806617,0.715571399481928,0.0688331732243888,0.735059005699332,0.0838614513287512,0.823637169199985,0.0996098698632468
0.919328685016754,0.0630325530084059,1.00150563689277,0.0854796399042373,0.279299963581696,0.0436200014104735,0.935975570593391,0.207457824316722,-0.346015661910263,0.0638697087716976,0.254346055070157,0.174555809874338,1,-0.676749682405295,-0.382828332489835,0.174016413079524,0.775808313950227,0.0715363307461561,0.694017316535406,0.0731920776584061,0.644556922628491,0.074927109329464,0.633478004215211,0.0906363012170495,0.557405423945439,0.104783590916624
1.06365069214114,0.0624096469802906,0.987969249293551,0.0931276976630875,0.321706332502614,0.0473338562553321,1.13689905884433,0.21650654009639,-0.318266773912009,0.068073762193325,0.391419739813259,0.141359905662996,1,-0.526260220832419,0.0643434450236758,0.163645807117865,0.697594890775134,0.0754755558249672,0.722041774501299,0.0659597654348713,0.744111563302688,0.0773700100055093,0.850628277974768,0.0887707004658305,0.747282575933915,0.109799081293442
1.08434310185497,0.0732363124179888,1.15379747601194,0.11004902856904,0.321047577439913,0.0510874872983667,1.22109681176581,0.260313710176766,-0.337066559276375,0.0705971674155142,0.0147303043978334,0.161283992939077,1,-0.53833909565107,-0.013920051243232,0.164998051725711,0.740882425468087,0.077575005528226,0.810566326197625,0.0679812529921221,0.84633717176109,0.0837826516967796,0.627174477109394,0.0979466216659511,0.736568237351834,0.110109181954113
1.06055377517774,0.0681491239222124,1.14615279799275,0.101919677703412,0.24527427580028,0.0358402003030452,1.0882219988432,0.210862833095221,-0.308189609531597,0.0605964314747593,0.134141329589544,0.183298419375088,1,-0.596531306822156,-0.0949190061255662,0.168784450451568,0.756793201055382,0.0830032446451011,0.825327652841479,0.0634490087007992,0.769230291287387,0.0791195300727044,0.839560818650998,0.0939697314051445,0.761076598275018,0.114396551627583
0.937572049275761,0.059678088845025,1.04160400122604,0.0941435876475945,0.217948388014282,0.0338275047110269,1.0594935545258,0.19727143228477,-0.303047734317326,0.0550372946393205,0.345876157979849,0.151548012667741,1,-0.630645137198881,-0.271576413669369,0.171354413091978,0.725131134969637,0.0724113230927725,0.660837999154196,0.0648313053601928,0.643026385259021,0.0742324081316069,0.714724332022924,0.076146885456781,0.534404115237675,0.115027813713198
1.07522462885488,0.0692606782289799,1.02053246132374,0.0935630204666108,0.332747304215064,0.0496081548776024,1.08004106239655,0.223352099091773,-0.339240459230349,0.0688355080175509,0.459641891235148,0.124249964563495,1,-0.565887676025219,-0.16085043569244,0.174738633063498,0.886539544592162,0.0670804787480917,0.763203519629781,0.069135708899283,0.837699544209128,0.0777151830500401,0.797114419852688,0.0894339863520436,0.546060563977505,0.116291595530223
0.918928848523436,0.0616287335459329,1.10396317982674,0.0909839044513248,0.295345589142093,0.0443913481835919,1.24368837226043,0.259573201177365,-0.44977660135573,0.0736359335459896,0.293895041961678,0.157707176923231,1,-0.742122889514041,-0.142616556665335,0.155682951306013,0.717769636153486,0.0727738067331232,0.735635363639704,0.0652267070092844,0.662532213529635,0.0762022013045947,0.740839503544268,0.0846440679517372,0.641086937483409,0.126586402474411
0.869598628239146,0.0547452488339335,1.05528490337176,0.0802816405026386,0.229323718169388,0.034767179149903,0.727136030325298,0.153838442016551,-0.250496578054143,0.0467828388790336,0.365139923574702,0.136895731239705,1,-0.613436308480741,-0.337187128331702,0.155854004951571,0.675232978865026,0.0686305877775541,0.737300609939954,0.0619454884555188,0.669180420346172,0.0716755009035163,0.61410804166192,0.104073088315353,0.480267695624959,0.129183900221096
0.935910895814865,0.0589144521656646,0.953976446507496,0.0780628580672676,0.209154354704208,0.0353588617645453,0.634955416676439,0.136629194698392,-0.236467046786424,0.0457443640333162,0.256494000262434,0.135119732421047,1,-0.648881744085982,-0.196207304133898,0.147509475664197,0.684293778546403,0.0673638532477578,0.690309188658269,0.0625878114398044,0.622429901870418,0.0739031726454591,0.730601334735917,0.0906976756024952,0.656958960579503,0.121930943207531
0.980016316880199,0.0589854643468359,0.868669297770965,0.0860099876139141,0.21222714307843,0.0326039817840571,0.951367445166805,0.186308565681956,-0.261094203654819,0.0523139844932771,0.278985256276941,0.181792752223312,1,-0.581062199216803,0.063536155017285,0.167245415141655,0.600495810970547,0.0726957276652778,0.699462509718278,0.0646336815006624,0.57085577255445,0.0701797988572337,0.520021989729936,0.0886483066254376,0.715441801706126,0.0962024844677656
1.04417384256134,0.0686248402943833,1.17791033197176,0.0927433240699255,0.280196648291113,0.042820076626277,1.11055775368796,0.252702795764153,-0.287055577807636,0.062809384374487,0.288325032866481,0.160835298402915,1,-0.514593087217756,0.0419061156636349,0.167892328379102,0.686404341200337,0.0711848566903076,0.693739147348067,0.0690570647784741,0.826985547508263,0.0833010071154321,0.660527706148957,0.0846108950323375,0.703765003805488,0.121670445350808
1.03799366631878,0.0632177754615357,1.04475878438976,0.0844876435463,0.255574706424204,0.0385425183833801,0.800911895144356,0.204411524784432,-0.305957884283326,0.0580867088659315,0.367052735104469,0.148408604234743,1,-0.676254770651194,-0.00922983290942627,0.181742501756133,0.751339591775191,0.0757302850013833,0.680719371989645,0.0693500898479525,0.699400419175141,0.0783660820787232,0.724433533092813,0.0856749210800321,0.717275655293526,0.106879759856883
1.06096339232332,0.0740206941615033,0.990151997047907,0.0958669307863486,0.285744223296167,0.0464606903684787,1.13093107088646,0.253712081790624,-0.315770820204571,0.0697682285622463,0.0359614472590598,0.182603600013588,1,-0.555475869656137,-0.0365110605748398,0.172684870465917,0.719242452931387,0.0765321623925482,0.725353460188812,0.073892627384981,0.836676120572529,0.0804649442553907,0.782816351128393,0.0894329806731553,0.637920594260324,0.118157774757432
0.930625312619138,0.0518523780882909,1.03489871807145,0.0800288921447632,0.225505312171501,0.0308681013124751,0.806112832066501,0.163142298215856,-0.262750082655869,0.0520206481875393,0.246178220626709,0.131992469875413,1,-0.616263655355143,0.175043982742246,0.13840823317167,0.634755318172563,0.0632335742246099,0.607987044908882,0.0624492443553425,0.632003686700568,0.0732557097838772,0.637221225821406,0.0808172918770095,0.703124034059522,0.110264113038003
0.943741722645669,0.0558637273121844,0.966442682974358,0.0876892477140853,0.194416669467671,0.0300386649892359,0.980566644472375,0.215634276823756,-0.246832407464605,0.0539669403091445,0.482711945353569,0.119414963205161,1,-0.565323282032058,-0.0613335344239957,0.170934765938137,0.725076782669138,0.0678187334126877,0.631600851521579,0.0655272531541508,0.653480874223758,0.0655230549897095,0.52883299318588,0.0903127067639125,0.57811631756633,0.107278489080021
0.989162456232858,0.0568468846668607,0.989056191682166,0.0874640303443545,0.202798076019311,0.0312439042969622,0.888100931243268,0.177939974362142,-0.232575345926251,0.0453881762087547,0.310062332790665,0.143550527678099,1,-0.548025286315642,0.16017250390067,0.162386788190846,0.525140002642535,0.0730920427839789,0.69258309445746,0.0670261510959405,0.680955374254465,0.0750452242970402,0.651385236667517,0.080823793885216,0.690316203803287,0.108073564021686
0.967221858895244,0.0603559192766235,1.22224968902939,0.0911437123558051,0.236104726526948,0.0328050642935959,0.842505077201531,0.180497303672177,-0.311738442229142,0.051704494809037,0.20972933606416,0.136769733523373,1,-0.698959089401507,0.000759950579311562,0.148958768670011,0.759555608026178,0.0703513265332961,0.691410608154977,0.0665866383843363,0.767199953429353,0.0710862018607618,0.638885320326647,0.0864338326375883,0.510440649943232,0.126574843296975
1.02991021015423,0.0621151988890849,1.03026301035874,0.0838985492673305,0.209036001381057,0.0348025815752142,0.970049318110191,0.204632658826001,-0.293352233358251,0.0498421489420962,0.632326875002426,0.0959091828065565,1,-0.651451287842948,0.167065856455004,0.189311488048186,0.739840754015055,0.0751344955489342,0.725059696029131,0.0674088393913679,0.61323217225096,0.0759496559812154,0.68837473359622,0.0763197818070777,0.662282928945261,0.116665320550401
0.956750823660513,0.063231519161825,1.04234670518772,0.0816988317499789,0.275077722228884,0.0442314154366239,0.840721760931976,0.169586045484899,-0.256979743269041,0.0532727706182473,0.479489652371985,0.141793858077676,1,-0.534373652334819,0.00685893331276184,0.176252056895331,0.692537026294009,0.0761461271283135,0.758564418501694,0.0692932209576995,0.582805448007098,0.0818926342049254,0.681650334490248,0.0808568844063642,0.442312509778551,0.120748946402156
1.13127470939597,0.0733486380143069,1.113072966459,0.0938815269396255,0.291793741066798,0.0428801060016744,1.01808433604892,0.222815742308057,-0.349827295501837,0.0613809777466771,0.0573828325000981,0.151546637561425,1,-0.641835639560479,-0.226833163948077,0.163419795946658,0.868851684466778,0.0648683435354188,0.721102345236664,0.0675901748847394,0.776265842962795,0.0792790395971315,0.840670600297912,0.0914458852108957,0.606599289285316,0.118050667594131
0.891098462829735,0.0542105297037572,0.93743332738351,0.0798327817615138,0.211126150803597,0.0307655283300152,0.914159737885517,0.186163297280412,-0.288826635716154,0.0469043266028587,0.385397275406515,0.149456024143906,1,-0.65743857370294,-0.288119166171768,0.155344630353957,0.704215238488911,0.0687313954083672,0.622273276013104,0.0640887410752718,0.714750342922754,0.069414445272763,0.640172570064298,0.0852470927932356,0.66331411630593,0.114917474857775
0.952699479738816,0.0554720537556673,0.902910401212388,0.0873756348533074,0.235269399412171,0.0350451470876555,1.15272995500976,0.233442877513775,-0.357295561617211,0.0623707907212189,0.357931262549528,0.125528570424387,1,-0.686090032529016,0.128167824993607,0.146664046192642,0.61859652626334,0.0673651438827984,0.621276774107628,0.0668204584211467,0.675383416001679,0.0700425923557708,0.668975908401637,0.0970839200897975,0.554121719523964,0.110850248901795
0.960517080480028,0.0592049960882785,0.97456595540709,0.0799898578528367,0.29084800849817,0.0440191799399355,0.652440172227088,0.166409505633792,-0.297458040643566,0.0613864721139163,0.130223464980184,0.163573354076005,1,-0.682845291086378,-0.0563930032441481,0.146696344023507,0.648106719491437,0.0707097383366243,0.689970313121393,0.0680499173216748,0.741475616166856,0.0707193300448405,0.795353456954073,0.0817365892022694,0.622735043883353,0.127211476197176
0.900250488526474,0.0558945284077602,0.944439652493329,0.0823821046676671,0.20767552968545,0.0335675986962341,0.884165684374871,0.200186540358274,-0.293197173953928,0.0503159614285723,0.369982180260533,0.140559123451357,1,-0.684227127849967,-0.227814631489373,0.155206676182573,0.664865226688182,0.0632554860344488,0.568383184139106,0.064450838285681,0.611128960581263,0.0745426020333522,0.750536985718075,0.0832606157404355,0.509273992990243,0.119302832939713
1.04626343656829,0.0699492123196896,0.977306096911237,0.0879948374835335,0.27476358584429,0.0411797159602885,0.98569134411061,0.208672762183006,-0.320273131412107,0.0647750468614443,0.0504419232233656,0.179268579139799,1,-0.615418357575842,0.0116607709232326,0.162550971982702,0.6996416339095,0.0786044887937517,0.790850396219799,0.0691164963577528,0.716599772223996,0.0797796546418787,0.769163269435526,0.0952389375757165,0.880308362924399,0.111882645406577
1.02191235707647,0.0652887736964609,0.79227632119029,0.0854841976287964,0.189584924171592,0.0329356819291855,1.0312494236849,0.201728117746574,-0.191112355032504,0.0479707004150773,0.279204893084437,0.177021066274066,1,-0.432220145507403,0.0751508788295189,0.159318445582215,0.796788133180066,0.0677695534017349,0.634223895122183,0.0678952712929995,0.586661872629807,0.0785903195004733,0.579181176773717,0.0936424016567626,0.68884731745459,0.107513870021691
0.985801890356949,0.0530693241786403,0.88953336941505,0.0779943896196335,0.219534274017857,0.0307326817685375,0.79316581801493,0.177402563549867,-0.273238390241383,0.0556528620531939,0.356971805101122,0.143392145253357,1,-0.654799828372477,-0.153775308033999,0.154412626683252,0.669001559252765,0.0700165167487215,0.775362046696612,0.056562427809619,0.540491248022577,0.0764528216093836,0.794721996715341,0.0755171023357744,0.692918493405607,0.121549319345155
0.961279613001543,0.0689616567521329,0.864268204032963,0.0895256126147265,0.255208666400137,0.0419800806619805,1.0013583305587,0.210927182581601,-0.325295250733937,0.0617861707923383,0.199340451862153,0.159230924621069,1,-0.643480300627286,0.137867787123073,0.164965666939488,0.528282319759236,0.0777667723738204,0.680834409706812,0.0689632192205708,0.76528534444634,0.0816494284364799,0.762851356672272,0.0880999540179624,0.697626090548276,0.129953920018848
1.00545180595889,0.067466787084878,0.976305075113452,0.0884147889360348,0.24571713967993,0.0399187070543047,0.868146671222597,0.179361481321099,-0.234011471906511,0.0540744636476469,0.267600374276154,0.173434316559749,1,-0.506667293491054,-0.0379938247267248,0.162987642298869,0.662089330651824,0.0693430434707707,0.658109485086717,0.0670816050677588,0.735993187617842,0.0800015712476634,0.675695883306675,0.0846453144343458,0.761215625291647,0.124331767359661
0.987898207733922,0.0609092171859104,1.03356085214413,0.0886041362945452,0.266187329915756,0.0422904704016666,0.977079614791778,0.202473532189133,-0.305659563778698,0.0617917599589497,0.201466524325655,0.177493780215558,1,-0.599348362003486,-0.309846166764519,0.163767455665066,0.758726027811469,0.0729799906532622,0.688183532452635,0.0661482541041945,0.787333969751192,0.075108397027945,0.566898225428887,0.0884301820931766,0.831279428982839,0.1239642867537
1.06170161295246,0.0662623178995206,1.04462453128681,0.0929809731459796,0.207256151294025,0.0356379810980499,1.08322725624712,0.235081669270268,-0.219257490242785,0.0538968290274766,0.519120745314061,0.12758068390144,1,-0.462744147120467,0.178170000848265,0.181117066651906,0.650571631587197,0.0714144693427655,0.750977108891944,0.0628003327500686,0.717614407612585,0.0799490960540237,0.689534079930094,0.0842197887117867,0.557166448755077,0.12182822700227
1.06892533730374,0.0737847883776616,1.09010308553842,0.0973046667813624,0.290415401846895,0.049050565826903,0.959076588954198,0.235324082049442,-0.283958072549726,0.0582506616449801,0.0306455006598397,0.189481078959516,1,-0.538043949717992,-0.0363772873118256,0.16369488185034,0.714731537642006,0.0769588152586431,0.824377943028784,0.0749904239211821,0.614242250653939,0.0886865401002215,0.761162756731316,0.091659500142802,0.750011831242372,0.148811776178499
1.07721122333231,0.0735270535368942,1.13068817204355,0.0920041649342771,0.267859382410929,0.04059103948278,0.865197025912249,0.207591059572218,-0.286124322802561,0.0595341527609341,0.122882039592598,0.179057703954319,1,-0.594352148918574,0.120359166918224,0.17631138430449,0.753875244113077,0.0808340216656482,0.71430347073721,0.0678247004219964,0.794459701476677,0.0801907541458158,0.8482042190042,0.0865988972247654,0.630136056611255,0.110667574580167
1.0136481836321,0.0601126916799467,1.01390392551008,0.0847735269264463,0.262010499349643,0.0378252549775503,0.671599736016718,0.155774724222481,-0.267818693730458,0.05505632144529,0.207715498429675,0.174556702007341,1,-0.63844910379342,0.103684782306671,0.152994375749974,0.732142919807708,0.0685805123616422,0.560906347495254,0.067622753794493,0.686323489315687,0.0708039576109425,0.762466075424441,0.0847301632392344,0.584763652442557,0.108150804463961
0.961355509482214,0.0576336197356155,0.982085463161146,0.0936576412611617,0.3048223141557,0.0439007211759885,1.33564400289837,0.237915226391899,-0.429458989367831,0.0696941447702637,0.164371791537722,0.155579123885081,1,-0.673058728281424,-0.420723260288744,0.159254819774509,0.763931581531124,0.0691426633949559,0.767966374536262,0.0640907964876213,0.725947343057501,0.075029927313043,0.672235623627098,0.0826983524423929,0.773080764824171,0.107194977754354
1.03341136069052,0.0649054185366526,0.913193344286189,0.0889485983238696,0.231745385689279,0.0377154977561953,1.1791419770371,0.237529343934162,-0.269533988360895,0.0594473334661431,0.350752830173339,0.159607596278927,1,-0.515614283601155,0.147458371999135,0.169696607577143,0.629313175796309,0.0737928070602512,0.785000084891761,0.0630230304779809,0.706043833095508,0.0737613524423923,0.831282934489887,0.0854224747414497,0.619582938295187,0.120002487217387
1.04730068274784,0.0689280612775188,1.16995545541841,0.0982389368756341,0.27732996660484,0.0438839145388695,1.10637080245711,0.224624929363513,-0.31046758282909,0.0644562359850012,0.217888681207282,0.191308598704918,1,-0.560489534379326,0.181705674118178,0.164317776511033,0.697282449208004,0.0713045821188257,0.732536386506604,0.0678653766325457,0.691808065986223,0.0782256168380932,0.6338919762455,0.10202746466585,0.836507948117808,0.105158850045562
1.00545601813214,0.063180873381587,0.930360640554146,0.0822168384339141,0.230847531496842,0.0366787042590542,0.799288233266419,0.186061772654117,-0.335133478726087,0.0521541696181232,0.210074176755547,0.159838940625136,1,-0.78019558316529,0.00976880236429964,0.161659496777013,0.664637659685946,0.0701282159541721,0.701441993648253,0.0641796683021028,0.578791141580694,0.0788695916995353,0.563340939838959,0.102069103406777,0.489564522713424,0.111928281202259
0.998385464357693,0.0655957538655072,0.954735336041862,0.0944251246108967,0.265621060878974,0.0435092179096941,1.32573166606375,0.246177386149243,-0.378776370280373,0.0688787137539222,0.512942166585767,0.141799853535146,1,-0.638298479090035,-0.362293266104781,0.19270175276315,0.835649309307401,0.0790080713033805,0.685659657827502,0.0659155719602212,0.694493708556532,0.0713508849839245,0.749808379885336,0.0838935294758054,0.855327203514871,0.11318404287099
0.88789109910477,0.0559319384905397,1.17135254192055,0.0949651100609501,0.160864130519702,0.026803134793284,1.11253645583838,0.204613004325853,-0.323252913264463,0.0519125557364277,0.644228143300591,0.0730693662243661,1,-0.764109702238562,0.0302840787738371,0.170648858648459,0.581510681016393,0.0773539448027083,0.676102396149091,0.0623920776140795,0.707168131537781,0.063415050482204,0.450871052362636,0.0876886390417658,0.772546411984124,0.112888393579451
0.925979446336342,0.0607272574549448,0.998943895475878,0.0878634292871307,0.247912135664936,0.0381838520170379,0.955915771125911,0.207815614076939,-0.298705668977325,0.05706744605223,0.22404128907561,0.153160858907987,1,-0.61359916250997,-0.128563501463282,0.159620997843993,0.718320117824743,0.0646740660492871,0.569995004683645,0.0688167453581139,0.679912485862946,0.0746077819382908,0.653176513828113,0.101308204437515,0.626216243900713,0.119437924860565
1.13981911037726,0.06618253086145,1.05681225605277,0.0988338619879256,0.294756672905115,0.0422506611347326,1.31771036739074,0.247692869550974,-0.371272708763067,0.072590929232517,0.211832733251381,0.166785257127059,1,-0.595732402279188,0.0468547373125152,0.153844918155392,0.767522857993796,0.0773759632118071,0.822121021084856,0.0735180986472401,0.801095422952274,0.0671709338593576,0.746514018200145,0.0932444281428575,0.717103759173831,0.10191216550549
0.957860540601833,0.0606664473298128,1.08359764457261,0.0888628146209009,0.24034138656267,0.0379156677604551,1.08992668966378,0.191091814178518,-0.297027469456808,0.054806102959661,0.230797330243835,0.190897960326353,1,-0.580341583385312,-0.122052398907623,0.167724215937071,0.713692673442165,0.0668919688010203,0.789412123018406,0.0664851336123545,0.736538834597499,0.0801375160196445,0.506720224817658,0.0988940162878748,0.713169773135868,0.107590753697408
1.08064074044597,0.0713269022755203,1.01068394055522,0.0986309094529881,0.251594150178474,0.0417878295278868,1.33147150783988,0.263012919566722,-0.313146639196913,0.0606013566169287,0.37517329122116,0.177940630526986,1,-0.541042706345666,-0.0446780286214511,0.181150205852893,0.699372343609697,0.076378626187954,0.761847575788986,0.0640004241703136,0.713075102657748,0.0818315025429923,0.758762977529776,0.0887902021845116,0.760124444355957,0.111889919020295
0.957307198060796,0.0554554527439326,0.945809788184116,0.0785342257904049,0.215705452906706,0.033451255663892,0.777000424078122,0.175108001792611,-0.254388269085309,0.0530728192343533,0.497083712332635,0.124714986788241,1,-0.621378025011935,0.0848013051218871,0.171792095165661,0.578660160306846,0.0769228409384113,0.699968953537028,0.0607689264119123,0.679506762976102,0.069006924548347,0.554083779818679,0.0864864906819228,0.519665032859934,0.117969414343488
0.991750051429468,0.0583283510926074,1.03645803970884,0.0868309043771576,0.230057002008355,0.0344246091925366,1.00870941543943,0.212233171213955,-0.31042771536025,0.0543359960735236,0.401705395489474,0.133700184741727,1,-0.644406219479749,-0.11831167025101,0.172126068261028,0.720293511897552,0.0746613517967998,0.669526708591014,0.059686828274545,0.631468020865944,0.0708831439597274,0.550568783524125,0.088672993305155,0.903743196550549,0.0994720030266414
0.945012783041889,0.05979171875062,0.900845397755711,0.0829349654918917,0.251407005341386,0.0390689586806366,0.979459452302523,0.21509939685128,-0.288299997149775,0.0588390128634108,0.241493277354356,0.17376770525384,1,-0.580982056813447,0.000957630938417215,0.15509659177627,0.624288158393571,0.0747658657806402,0.611622281010143,0.0686098454646792,0.71513541919278,0.0729173954339369,0.710740859202408,0.0883130816564228,0.955130881447177,0.10272512341046
1.01800712781932,0.0632069105499534,0.896218714207127,0.0785727588306099,0.198494494216966,0.033185823745799,0.874686305899193,0.180751603003511,-0.23460570930729,0.0538969322010562,0.361566708552987,0.149108663941732,1,-0.563038614367493,0.0978350510054808,0.154197563451743,0.681471779939114,0.0701457428186076,0.616835335207483,0.0674738560366901,0.686681702089701,0.0733772151386286,0.657325109501604,0.0934908408852491,0.534528557383479,0.11039400884132
0.981713370047109,0.0600157338439739,1.01500939763982,0.0924829531131505,0.28217090298896,0.0449201517261754,1.16641021925417,0.225388042599732,-0.37294928760533,0.0641465454162073,0.135157292045509,0.172657738715824,1,-0.650081803663612,0.148392050628166,0.14932774892999,0.637071243305479,0.0714309261296678,0.650761673072908,0.0689945426168063,0.753714106079548,0.0790911861827915,0.745655151112108,0.0895048572343638,0.777905930629529,0.100192661320338
1.02061668308094,0.0649041898560173,0.970542913463203,0.0909181495413472,0.305555041490644,0.0454885618304493,0.995802422261295,0.221097641378348,-0.293708825838772,0.0636736385978979,0.193997257107203,0.183384958385248,1,-0.532458397863154,-0.125639214394332,0.176399151531706,0.705246664103731,0.080724538941541,0.741685141241689,0.0655944151016418,0.85087900548359,0.0696779166372378,0.653098075122544,0.0943815807757625,0.896840953891848,0.0997370764804744
0.948946152334924,0.0543247900145147,1.01594231031951,0.0832751242953837,0.185300614135897,0.0313866211331172,0.928505558210727,0.188837194387218,-0.243682895297965,0.0444657305402879,0.521707340031022,0.104384814195173,1,-0.587481726869221,0.0416394168539706,0.164585889791951,0.705459262580101,0.071792984360922,0.650830575435181,0.0613879788181225,0.64415290896686,0.0678514740730593,0.703901394412274,0.0854665325729649,0.692864198632695,0.117626928703946
0.984034055486078,0.0657679510243223,1.06516525487344,0.0948935658382085,0.243125126144363,0.0406189461586405,1.26632615046801,0.260736799459065,-0.315877323306576,0.0631272112055456,0.442695909485113,0.132721466980307,1,-0.569286309113865,-0.108348002441116,0.163396206970565,0.694843641403516,0.0703239377012395,0.795015831996477,0.0681300895089495,0.620389730587473,0.0853124864836054,0.702053630855045,0.0924476889873222,0.600339978020248,0.125142311928855
0.954836621463339,0.0587015648760346,0.971801655600426,0.0887851032408974,0.204918818982322,0.0301093189588723,1.16008431117282,0.205423042411921,-0.273746347899452,0.0538741944946212,0.231765957756478,0.162069151917377,1,-0.561452002344616,-0.0843829501384504,0.16101283038479,0.592878454631606,0.0720504595891938,0.711844632253173,0.0642635990164461,0.742661935637206,0.0732552202807298,0.665599290647786,0.0894093530159493,0.545609716102951,0.113431244690912
0.978797104087898,0.0587483806670996,0.97934280667823,0.0885843001088365,0.231314781077179,0.0342117885318097,0.926988966723015,0.201660016142342,-0.322632128610589,0.0600776547987692,0.230563463031913,0.1474130556107,1,-0.696736621562216,0.0424820029547178,0.156520834959728,0.718052740173161,0.0674895410704873,0.676060568399672,0.0671049274205126,0.625965035520229,0.0757483098908057,0.766318013057033,0.0792873116124097,0.592369243111001,0.127611145458962
1.10439178879187,0.0726366545694865,1.03903625138972,0.0966181989166824,0.283857519472289,0.0460459203053299,1.01723219050426,0.216820976386775,-0.317561851900087,0.0609676743929353,0.178683997548071,0.195186501407747,1,-0.590973594896189,0.435271862696925,0.173955969575306,0.605173998678822,0.0766451891030807,0.793514366046267,0.0713960626807333,0.712759033539752,0.0780472482199588,0.671814978992029,0.0985740394380992,0.900148540247567,0.114817435066122
1.05364912837734,0.061505568309386,0.989297985889978,0.0897367765678283,0.257610156361364,0.0383350778727341,0.970938559754263,0.215071499053584,-0.306520307629645,0.0587247924519626,0.304098518623132,0.156553969168699,1,-0.612889085892965,0.0177930503694397,0.153736021611593,0.762610594565365,0.065704708220571,0.716311379534071,0.0687147027827575,0.752123341695831,0.0743547965500079,0.714826100637811,0.092744710137811,0.497785518118151,0.125351749070607
0.91804160435475,0.0544568946951265,1.01282296574933,0.0812024915603398,0.212407158437877,0.0307808847416158,0.7042102957458,0.170985748474408,-0.266351639579439,0.0470454847368153,0.281620354730452,0.145268354779106,1,-0.688683399944304,-0.0700596625706809,0.15995268279685,0.698871070037367,0.0706746932655113,0.663784126578102,0.0624639879339421,0.74371726922949,0.070855546498466,0.519292646714584,0.0929051786358109,0.804341198111364,0.10119419920755
1.06793419569112,0.0607232383865974,0.913938349044941,0.0810037359750873,0.206712940764867,0.032128556090491,0.758635294696399,0.166512054554467,-0.21146066064908,0.0482249333600966,0.396944904569545,0.148896445413149,1,-0.533985212034469,0.169641644537073,0.1719012876029,0.597227094900411,0.0768628117027704,0.708161403223832,0.069095490881503,0.694910108706775,0.0648337690032266,0.727077981528396,0.0761902235852594,0.580128234669921,0.0932843555866914
0.990726533372529,0.0643461190388433,1.13454909217583,0.0996256343455056,0.316102506212184,0.0501375675783544,0.998492680779387,0.226700759530455,-0.330179375145226,0.0660838380142084,0.132810314617924,0.149909673022715,1,-0.587710606918074,0.0242948709027866,0.172327200738627,0.72918930424912,0.0769605719143448,0.592795022915713,0.078397718063149,0.824678990765149,0.0811058561200805,0.875179974646151,0.0952792788586285,0.564465182193271,0.125329033320847
0.979407587711315,0.0584259470256296,0.957482251496487,0.0805797103031243,0.189109485843227,0.0325124325005675,0.699946346607415,0.176391767229261,-0.216378564421886,0.0427209774824015,0.442594296024798,0.123385134051782,1,-0.594737335264554,0.0679521723011191,0.158485780217037,0.667435339131358,0.0684431598485592,0.770852873961737,0.0654001432801583,0.585007282711747,0.0771750590803843,0.757780180586684,0.0901833361178382,0.524974139164138,0.128635355679551
0.972547863992106,0.0538771618021547,1.00953432265581,0.0794580193709607,0.228343552954689,0.0336046859564412,0.866922868534104,0.168807637752512,-0.31123224968155,0.052146671141321,0.481462707120202,0.124712277684156,1,-0.69951975714397,0.0957675077169106,0.151566392559402,0.642573109068026,0.0693707938049386,0.560845815069862,0.0661162439822781,0.680689974602178,0.0676936615686444,0.692550845757793,0.0716841733032659,0.547598173572929,0.116043338643118
0.934439750108613,0.0616636770852651,1.0216413923668,0.0827397894366635,0.244975111529051,0.0389645631835443,0.636007828574015,0.151615450019837,-0.262033298482704,0.0508934321352764,0.279066168609604,0.159869390872618,1,-0.663841304753905,0.0126279683261046,0.161214662039448,0.724495069304002,0.0684634502271824,0.622450625657143,0.0669034633736472,0.638791643393431,0.0793193329987956,0.589632429625399,0.0937347159133986,0.668243765356467,0.110617056188767
1.13926298530773,0.0717166091426493,1.07695416853886,0.101289059099459,0.31414226888131,0.0483353406280792,1.28472747923166,0.260233734773561,-0.288808640509208,0.0637523038418456,0.195291539984895,0.175422616814226,1,-0.454612619931901,0.04228558200339,0.153241308091182,0.796183641561841,0.0708526860957888,0.776462393667874,0.0679003221156219,0.741485939556354,0.0817659011110359,0.71716601382661,0.0978548178396148,0.910122502329831,0.0955603908757929
0.896609129410956,0.057749354509094,0.904882714620731,0.0812898462704189,0.245488022865069,0.0376423528300128,0.927801326228485,0.201597622783038,-0.367269775574723,0.0620744009455923,0.363565453424358,0.132856169585879,1,-0.769560097587314,-0.146177327248496,0.14801296183464,0.762257819958275,0.0696856209128736,0.590904781133449,0.071332738372991,0.649793824313666,0.0743120360524541,0.815181087425546,0.0866062505681443,0.576468968421872,0.122756881742911
0.949400124676433,0.0658279252454398,1.10774855154729,0.098276092192945,0.239811694667112,0.0375876730170191,1.0433600122216,0.246103014557763,-0.292482355947412,0.0571476609031909,0.0766639054827467,0.172426567349092,1,-0.584719260051203,-0.0128442449783384,0.153845176097493,0.715967081221203,0.0724178602339687,0.726942239740217,0.0707874918419359,0.585570179901896,0.0871108732430285,0.724430852289073,0.091415695026342,0.612249865632782,0.116555174469753
0.91247829609522,0.0552846902711372,0.90587153496257,0.0799632450253426,0.202107662658696,0.0319537590725738,0.805933124523657,0.175219553050447,-0.244530815854334,0.0485629980374209,0.205153560598247,0.149054636271585,1,-0.60588849241794,-0.167068226230992,0.156665161518303,0.62484318836308,0.0704201480191854,0.657448557180256,0.0631250096791583,0.57039679747888,0.0745692136278686,0.627924833856762,0.0835292538325226,0.603497160509097,0.108327533985265
0.85816705464176,0.0540447157426622,0.947692613565555,0.0811236063205763,0.2364685114747,0.0321877580914508,0.745159473507881,0.168903800795736,-0.319463575275508,0.0564242632472124,0.243430580680413,0.135710968803248,1,-0.761044541497053,-0.225309887658568,0.152651001744459,0.695403391107219,0.0696078853634595,0.499158425478016,0.0710551052099709,0.634751946887548,0.0740304081277255,0.519843337401946,0.0864346411323374,0.760818010221709,0.0973291540907892
0.981054164788577,0.0619471262859756,1.10821342834045,0.0934347324961871,0.244328439383752,0.038442978163434,0.986081901758808,0.203127345719511,-0.304331462281191,0.0572750903658848,0.198227502546562,0.166578664876671,1,-0.620016644310394,0.0822651468307574,0.142643062633936,0.736256653053862,0.0676416949236428,0.697772591587732,0.0674716526654841,0.539053311204634,0.0786565644222213,0.704290851774235,0.0941188759243424,0.709498500684652,0.109722703611046
0.96582342446161,0.0590029826317497,0.868454785815142,0.0825816653506915,0.237341103043279,0.0375450777137051,0.808327791929428,0.181385168577909,-0.2431884293983,0.0470037153792168,0.242257211440225,0.140978605823882,1,-0.55521689650329,-0.121088857231397,0.162571305383836,0.755484632655022,0.0694344449896063,0.517851700167266,0.0639021816315817,0.694052619515581,0.080803082926696,0.722171211617835,0.0871085476008806,0.679691617356246,0.123357240969228
0.927882842363226,0.0565070676714141,1.00863394068629,0.0831631187759581,0.23441982090853,0.0345632049655278,0.890306532834085,0.164677134813484,-0.263604372190984,0.0508103199666189,0.319705386923395,0.13529458383798,1,-0.577013088294404,-0.273927961534026,0.165312935644866,0.68946384619716,0.070663950644151,0.68910195174517,0.0646269302287277,0.631179455073637,0.0696591275944043,0.786815626608897,0.0893103335953662,0.548083466932833,0.137942868595287
0.944214010858112,0.053525464047522,1.00904763500801,0.078651246184022,0.239825181976455,0.0341539953229033,0.75674507276089,0.176464906971526,-0.295397137048175,0.0547046358043869,0.332928280426972,0.12462874780646,1,-0.693400402755535,0.0449242733613667,0.16002052272314,0.567787373412578,0.0682586762485461,0.686881355376905,0.0657636953674766,0.627979704756992,0.0723352335834229,0.538275791627038,0.0895201429689451,0.511252247429267,0.109863169535796
1.03377344539849,0.0649660395900315,0.961927929707733,0.0860891604090438,0.226479734490638,0.0362718448647395,0.965154935151713,0.21168075554561,-0.202968052283666,0.0489283859164765,0.121850726820537,0.162282128373249,1,-0.434124696511458,0.12987500965346,0.165575740202789,0.653061955823252,0.0725407611216293,0.744821476492157,0.0674329744259078,0.701662250612029,0.0763825616368893,0.649497218157956,0.0957544687470736,0.781907985134768,0.100102682132178
0.884613788938121,0.0524391886765492,0.99246825513257,0.0800839971443724,0.188508030882428,0.0308379581670134,0.90069257694987,0.190565528564785,-0.232268879140459,0.0458423863923116,0.504138618755141,0.100670040058939,1,-0.563686720829542,-0.266765289929923,0.177158233267625,0.717025785988407,0.0709904636520186,0.602373498260664,0.0610831213333863,0.694007332153004,0.0700596509989406,0.702870604577992,0.0846242063634687,0.379100535402814,0.104164945930952
1.15192626937985,0.0883303561495466,1.09215535779138,0.117282213458368,0.391832122490828,0.0678364063191085,1.65447414025881,0.36753044686422,-0.491036206007968,0.100258714225346,0.0600456753883539,0.18558575629113,1,-0.609864712741477,0.0394900116395609,0.17810616231038,0.74942912408322,0.0792135917185968,0.846209596323636,0.0742364453962612,0.838932094645647,0.0895346287786438,0.832566856247953,0.102742072553466,0.879212282701711,0.121217116677396
1.01357059187785,0.0679182193937966,1.03382555223326,0.0927681431105038,0.231858867985848,0.0358227930771682,1.01659789994097,0.22225786791962,-0.253966359256734,0.0529836123889956,0.0804681916965306,0.168012323267171,1,-0.523106038650748,-0.0233381674395896,0.167857685392108,0.695560093076651,0.0731682381031079,0.70521127463155,0.0716766467151753,0.785175350402711,0.0756143144696387,0.694749119270704,0.0901994464838627,0.628536938991829,0.111329341278744
1.01105861138833,0.0657926291208339,0.985842922745521,0.0955532832348321,0.255588327806701,0.0417812303700534,1.43454858567027,0.270999284113015,-0.337810860217264,0.0631647981210972,0.338351171797813,0.149943849086857,1,-0.557886006872236,-0.211440892381228,0.182403581954094,0.776142165884259,0.0734229111121098,0.742789716116366,0.0677019632886023,0.694148683432615,0.0856447274270167,0.745394312794131,0.0878983372142052,0.793915205662098,0.120698577238105
0.987981638107867,0.0582339683672689,1.03500572206225,0.0861484987015603,0.258891194268006,0.0399682997258375,1.17047478127754,0.211591959898376,-0.38375341300901,0.0590366754886,0.370132948553169,0.146173139742842,1,-0.697128087717528,0.153480704461036,0.160879374733205,0.701762055010743,0.067960980626196,0.640803121813716,0.0681935982772844,0.646443647303438,0.0816473067585058,0.763512850775582,0.0806873615471614,0.589517737297023,0.117265942590715
0.999661827852654,0.0652661000605684,1.05119384321419,0.0977359045316981,0.321042763715679,0.051257288856906,1.12776972275452,0.255581542797463,-0.349967448378592,0.0720098915744923,0.335667908745279,0.157560934818804,1,-0.581615528141806,-0.120997467662436,0.159733481652655,0.729182564816535,0.0732724476655042,0.800059846636635,0.0649436053280884,0.779259871332413,0.0769917621170236,0.858006621492833,0.0984042753890058,0.528313761077537,0.127997551424196
1.15444399862494,0.086916574880781,1.09582254408068,0.108295882934756,0.333438358509581,0.0552767607690628,1.30582413588831,0.30846893954587,-0.431400634135122,0.0902535536348828,0.0289035596102752,0.176721738163046,1,-0.653778529163279,0.154632242097745,0.17914022840413,0.795932888027175,0.075892439958178,0.761451895118798,0.0781465973450678,0.809137637126626,0.0845538489561005,0.757516569560137,0.106825174670482,0.771187593519721,0.120655441943538
1.06466100939524,0.0724704046659968,1.08463554881374,0.095103659453172,0.297984927705684,0.0496067948256633,1.00239292367309,0.223241167501636,-0.290374553220158,0.0648957216988785,0.313887838743716,0.206926304840315,1,-0.531303173129176,-0.0764899184052808,0.183752490700857,0.768957837921381,0.0773144314193767,0.725953985836468,0.0729658826824897,0.806641107779817,0.0855031949558256,0.766920083765164,0.0909501059734245,0.964372935556906,0.0995149765080642
1.05242059692696,0.0651960152079948,1.01577535545483,0.0920922135627446,0.252743646910556,0.0409078349663342,1.23196366793705,0.240339080940607,-0.338762946546921,0.0639652397060047,0.437159195866448,0.147952283936016,1,-0.607095239968215,0.0923934728838681,0.185903284772391,0.702101071916795,0.0699038487626802,0.736738199869039,0.0680888379308831,0.744281674429484,0.0753291920762739,0.726976623788118,0.0866816056281434,0.727260381424079,0.100587370978845
0.997148066931188,0.0568381591304252,0.878524199368602,0.0824497219307042,0.218682350652919,0.0341348609732624,1.04550304510368,0.216386263318067,-0.326999108562082,0.0612776492679944,0.359835184644276,0.14839561864547,1,-0.683875508826199,0.183895178807446,0.157638220412411,0.589452840811348,0.0733444746752595,0.735682574199907,0.062289353230125,0.649918146182941,0.0724858794098013,0.594313101535809,0.0763792320265706,0.846342723502079,0.116431766609695
0.997942483002726,0.0596727773876495,0.940995607609212,0.0849442461679566,0.239375786039172,0.0350287169017875,0.992949427073521,0.187469604975826,-0.24911617913886,0.0562861286279182,0.211994906881099,0.165675985776893,1,-0.510973362690614,0.0129159069422798,0.159215734810181,0.68860218526361,0.0742454455195241,0.635574265166673,0.0657816378716833,0.774783679618745,0.0669289251883654,0.54832882346201,0.0871354662378815,0.855731476091202,0.0991477624605132
0.995879279522778,0.0624756729368468,0.961819771152534,0.0840270594336552,0.203675289427962,0.0340593171059829,0.787637749515415,0.188944169556583,-0.190551071358792,0.0531957774060728,0.253999850834337,0.158804916643666,1,-0.47575018137569,0.257291919234801,0.160403631800943,0.643558836643716,0.0726778039823961,0.622525784895405,0.0676184701044626,0.670135686633073,0.0828843158711805,0.708084595639788,0.0904137122887875,0.508114573194174,0.106899627237104
1.03337796573819,0.0646347377185389,1.08626565974496,0.0907522046696911,0.243585158029162,0.0366205328948979,0.980604624426511,0.212332631393564,-0.324349286118154,0.0630536526269863,0.0164448510577629,0.143524623701442,1,-0.663652243054542,0.179495697521321,0.159377639455137,0.713711064955042,0.0697199881832015,0.737767937287475,0.0735283973033548,0.583362436107871,0.0748736885830895,0.76697292994167,0.100100194290906,0.606041351210329,0.112420473663867
0.99064448889065,0.0633689393990946,0.911910886941461,0.0878308555848404,0.277454519412184,0.0441814021695981,0.992779115736195,0.203828261853092,-0.311662670009412,0.0607320072731068,0.207548049382456,0.177031771309173,1,-0.593830594459945,-0.138971603055162,0.154644732418879,0.658397035420841,0.0768070607929106,0.674527267643882,0.0701832172480079,0.708150060989447,0.0761411301836186,0.724079226199317,0.0910224324425,0.562465136606073,0.120481466286103
1.02120893514384,0.0612859328298918,0.955004056578823,0.0835360967846355,0.240505104128883,0.0403893235693751,0.786397389951869,0.176004708425135,-0.249220385508624,0.0503404172363707,0.355722708754268,0.146208719384407,1,-0.57306037936843,0.0892762172867185,0.165762189609148,0.597074083620154,0.0777578601758661,0.775028739749368,0.0619585922791755,0.614885806145591,0.0821004191951406,0.773995148456703,0.0909446635219645,0.463656087504199,0.115385926087758
1.00060439058868,0.0602529066512917,1.23745169717426,0.092074553764595,0.217988957570442,0.0343880878109646,0.915168957078866,0.203950275863005,-0.23969724979936,0.0505762040238685,0.437289180849329,0.142250480149048,1,-0.536654979840399,0.071001498858473,0.178996260735694,0.706870683381199,0.0721573599062688,0.625345571472626,0.0628145126637307,0.897938679805604,0.0660922054248775,0.776523859326718,0.0901748738858032,0.777330359677262,0.118454116738046
0.999502266351511,0.065708434624475,1.06575052888765,0.0985807356791148,0.284122092633968,0.0438718788333172,1.38861151243384,0.263270544264007,-0.395409552518235,0.0739084345320667,0.311033872695161,0.170490840270695,1,-0.6295123779029,-0.175269292880544,0.162870889134248,0.726647870718455,0.0733139414427369,0.708404487401708,0.0718397027001394,0.736191005224634,0.0734599841415953,0.772257568148177,0.0899415713685257,0.776228732187248,0.120036735947174
1.03517593819139,0.0648228363416142,1.09348009023212,0.0916495205008475,0.286321173828165,0.045366362571285,1.08929664358796,0.237593034356309,-0.350196153730796,0.0652294196983374,0.150197440676304,0.163110813163275,1,-0.627063549095898,0.088318398928552,0.168492685749672,0.763883330403409,0.0746716789719008,0.646094414241116,0.0638965448444745,0.697576906530758,0.080040658488923,0.643769695706188,0.0973256758118764,0.670535168076794,0.11798510278088
0.971836029063366,0.0578509189209611,0.94994260215539,0.0805389029174244,0.264493764257089,0.0365578545085354,0.758433812394818,0.175741855191909,-0.305334619020879,0.0605502224274766,0.265237844450426,0.130976360387867,1,-0.68172541613178,0.0240538482120452,0.145050212769811,0.6125521499876,0.0780188338249457,0.630803756264719,0.0697299712096979,0.690384909970883,0.0727881784411758,0.657954589258924,0.0780538699010474,0.722135213471758,0.092498123221231
1.11650660298047,0.0703068804595159,1.03277085856076,0.0824845928997203,0.327085714548871,0.0475536142017516,0.627615499403322,0.155069908717703,-0.253724461155712,0.0512938806743761,0.0824934978751097,0.178267119566736,1,-0.559995736257452,0.271591287046967,0.160321296016544,0.678023382054508,0.0747198844822934,0.773913892936558,0.0707346261662114,0.729213054310448,0.0803720862565435,0.727687009657177,0.0869170096337308,0.894743162823621,0.094762076075517
1.03624572855853,0.0687678901371736,1.11300182890596,0.0889840902977619,0.296704158453283,0.0456902823974947,0.937511691688627,0.205158559128352,-0.334444121597624,0.0625724725988169,0.073818768736815,0.164806073132234,1,-0.63412285177021,0.0390719941064255,0.156717414535819,0.80293095774199,0.0684277473194779,0.601290000116702,0.0735673500366235,0.703726609430786,0.0798487044566484,0.694529759957189,0.0973772682585561,0.789450691355333,0.107941585891762
1.05029152942173,0.0667177603572934,1.09357029765434,0.0877931918285066,0.303444709970897,0.0442099984769014,0.836046694047076,0.184333608971721,-0.326244605857433,0.059293523468585,0.336549603748988,0.12823525064828,1,-0.647721461966191,0.169880506779345,0.154821510009774,0.74454376570171,0.0677989150917693,0.539733691031123,0.0726693027611574,0.750728683919404,0.0795325283973859,0.679225483515779,0.0908789473915775,0.692611085586522,0.112542782913648
1.07006212803688,0.0677317956264085,1.14267038690507,0.0919428647346874,0.275508111379336,0.0435697352554526,1.02137843663481,0.234931302922705,-0.296346285762908,0.0598180869860043,0.315404477633766,0.159090678281148,1,-0.558648904143483,0.130067737599023,0.165919302618565,0.749292792521055,0.0657785639886914,0.694289429960375,0.0749539658014556,0.790620165766409,0.0720841444558045,0.721226078111201,0.0964595210672762,0.699334820939361,0.126355535208515
1.10032528895248,0.0709380748594172,0.934120569049939,0.101247220469035,0.328071031357598,0.0542355136288488,1.49935869814713,0.311155512305201,-0.431677373419005,0.0808208023448127,0.211148485694393,0.17653098704938,1,-0.615492225837001,0.12181203714113,0.165168764929263,0.702500652178034,0.0766391478338288,0.79774861206281,0.0741111649896123,0.823163477086204,0.0811772390282417,0.752587854635394,0.0857538539598097,0.841197699641456,0.118769600255273
0.993333405795796,0.0625064129418478,0.921010973827256,0.0781450840017313,0.254951771108834,0.0391584756049488,0.748860911668549,0.194470799840884,-0.247213191287318,0.0535842668643008,0.204717351191686,0.154065033642916,1,-0.565772772165061,0.0950002109586709,0.154251754626892,0.652050325832703,0.069755135228783,0.698798879111301,0.0629055801913622,0.597644893545236,0.0755233653234248,0.697687946011045,0.090123137697953,0.826530389737283,0.106782354678365
1.02793316988286,0.0719501465409939,1.03569182326361,0.105345175354672,0.288556067218442,0.0490137506870886,1.48474714359889,0.340714021411834,-0.388996973068844,0.075233113007649,0.306151305470305,0.163904746069781,1,-0.594298819480034,-0.113704258349756,0.155385944758071,0.778703166210058,0.074455217360124,0.79303165466255,0.0721194215357907,0.716774230674528,0.0857634145230252,0.792985951374281,0.093083035728162,0.746323525224977,0.112362432941712
0.94492209118298,0.0573024071545568,0.898292632501631,0.0868187233201487,0.228134217176419,0.0332862849014838,0.842092023019014,0.187307635034473,-0.265400178633171,0.0526933222193428,0.417920762289271,0.124921044120092,1,-0.605516831640836,-0.166359242546607,0.152973877732677,0.741902147875887,0.065982466485183,0.607698506472588,0.0657425846343297,0.701014374929271,0.0684811873730674,0.581087011371766,0.0927177805201662,0.559577863746199,0.102379938249461
0.991322710060522,0.0583638728745,0.866601667269732,0.0845584442996905,0.227083734862307,0.0342715817392497,0.76283293403222,0.178755511015541,-0.246248087999243,0.0510814035312062,0.220630771462775,0.175164638004966,1,-0.591650363248847,0.177640962998437,0.155467773537247,0.531914095830931,0.0697184130460767,0.672039401718207,0.0672328249862803,0.737583746141163,0.0665654249856941,0.666192984611759,0.0820475670476782,0.776693711448696,0.11647460635705
1.00714393831491,0.0606939422505313,1.11304092747615,0.0797380182428192,0.261319097023654,0.0388631961037499,0.531399057913399,0.137095213436107,-0.180166637787722,0.051493652379188,0.216952791871963,0.166787753730281,1,-0.483479884258488,0.00240934392550003,0.157453995800068,0.67351259461292,0.0680700584713826,0.639738543775476,0.068323482069414,0.691412075681197,0.0792540990661517,0.801286129522054,0.0788567816163172,0.588957713449384,0.112836133314787
0.901999306710508,0.0604552023360114,0.92520672525532,0.0775278521308508,0.208488188304419,0.0325450090633254,0.714029343020812,0.164444400851346,-0.243725425864534,0.0483396782669627,0.194416835333209,0.169634728569486,1,-0.631687205309862,-0.0236883013444618,0.159282906831154,0.552462034999165,0.0804736936225879,0.657509473983223,0.0630368427008819,0.647712647482295,0.0725282039908504,0.514568980595196,0.0960583844083465,0.603807520261188,0.104007161663851
1.02567992760435,0.0743424773945759,0.971770964202929,0.098021580221689,0.301183662442524,0.0489071777010221,1.25284185277129,0.263518781060737,-0.326079703071898,0.0708162675457843,0.092177041878093,0.171421788675303,1,-0.53083547108812,-0.0735553903894257,0.152847014528942,0.806396075589597,0.0764119144801801,0.737515236690743,0.0696488450009291,0.69536712639862,0.0803514477311753,0.738375971811742,0.0939811847977449,0.588531985379544,0.122847526713967
1.05744882039875,0.0717278311074722,1.05276288205031,0.0961945329102227,0.299815255989218,0.0524334301118904,1.28750514274417,0.266592279850763,-0.397704101094351,0.0804481071327969,0.205698585955378,0.209699532052937,1,-0.6401160537682,-0.199058541232819,0.192822511445244,0.838348184008935,0.0780458220420982,0.633184215962506,0.0727500866052279,0.746683338536545,0.074959574721533,0.834114067032675,0.0871906970010893,0.620453963777877,0.131744652567834
1.06020920908446,0.0668453406695946,1.018034053436,0.0878069464825969,0.272862154808401,0.043280959205213,1.0828516986199,0.19996132654727,-0.392580369182522,0.0629477843354013,0.266485566448934,0.178411080471635,1,-0.722224864027868,-0.0249853723245444,0.170793653367705,0.859422339614356,0.0682989160401365,0.650045518967565,0.0647479971658104,0.744525709650347,0.0784198209368307,0.689705363338492,0.0940387040508281,0.741216345800442,0.112584988857046
1.01631246464989,0.0705411822496806,1.03803018320908,0.0941462654869603,0.277050320420653,0.0445699873605873,1.29576826900022,0.267002038795735,-0.327433524759301,0.063001408377789,0.536975529454465,0.130301007916532,1,-0.546487389114125,-0.138417265865086,0.199512785462455,0.785895932419998,0.0794164478949488,0.699132773768164,0.0692150360177795,0.802502174031481,0.0780049484428315,0.738245176035613,0.102378895948862,0.810259663993311,0.110331955565107
1.00445983481426,0.0589436806041158,0.871594798003167,0.0833565613323459,0.237505161736584,0.0400457908872285,0.884778311997836,0.183174164808703,-0.290666729535786,0.0544264662424976,0.308560569051296,0.148652790663171,1,-0.634076362474192,0.0971633287245052,0.161211896349067,0.729985720285825,0.0632600164545201,0.609780131691131,0.069789302303865,0.596322889778782,0.0744208531666501,0.653419859224492,0.0927713240510206,0.719689517397056,0.117672722359282
1.09182403398613,0.0723271579867368,1.13528983327834,0.0931097806052839,0.287737572415499,0.0450399818149006,1.09628794440638,0.213188631179935,-0.354666131871252,0.0665305842772581,0.0585475137733559,0.164042479900645,1,-0.631479289425477,0.0763297164983257,0.170549666152196,0.730386660317338,0.0716366566564723,0.697706749399902,0.0703904871224445,0.743416619479813,0.080278655909056,0.704901799047495,0.0880004158448881,0.807663131621778,0.111140193105413
0.999394222467448,0.0661473631796366,0.864430028246586,0.0809309772636915,0.260544745664305,0.0393135198156431,0.752785928813053,0.196854491400598,-0.254213163081548,0.0541152820535076,0.107268385416742,0.141904053791369,1,-0.574012207328769,-0.112868034578254,0.144704833641422,0.65348323938811,0.0669019407872765,0.750159242678786,0.0713793825819974,0.609112683388701,0.0756451249310011,0.741615679960902,0.0919906444881854,0.542830962195571,0.111551741168873
0.94939821093816,0.057738291414697,1.14249679145304,0.0873895747818955,0.255960077410173,0.0380342974884743,1.00950181033504,0.219813453656765,-0.348785910927719,0.0584059164038501,0.161958588901703,0.150501794470477,1,-0.686150313314736,-0.0118982912648429,0.155577478797106,0.674540311615197,0.0752808998918561,0.699171329144553,0.062425409968615,0.67077770991415,0.0801695414648125,0.711270973425769,0.0918789512679141,0.784352006042863,0.111225223591217
1.11402822006608,0.0711290294428547,0.914351373865807,0.0831442588199999,0.286373244308367,0.0489398415772181,0.839336862751484,0.206479109431514,-0.329938936209027,0.065285741019358,0.316589779582652,0.145724199908415,1,-0.67297541872184,0.0491609666183334,0.16542011060176,0.742487163023763,0.0712936577157021,0.835858498811589,0.0646473649600364,0.697323316291194,0.0755953138522915,0.69223783688059,0.104915040994516,0.71611072522009,0.117468436536778
0.996007299367305,0.0699361623891668,0.906511288874443,0.0917955472814572,0.315060026061934,0.0453546435932328,0.946950489345338,0.202818530294347,-0.32993229842805,0.0578293754405761,-0.0976007766305813,0.146609270567796,1,-0.604038393430491,-0.194279029452521,0.166589396105029,0.684387149712965,0.0791847168224096,0.779428048563665,0.0735369911718839,0.794014123985282,0.0802331474020627,0.627709041308941,0.0995906163003989,0.781361343052687,0.111415000653593
0.983357359119873,0.060812372273182,1.03863500517045,0.0945581826744541,0.210050546298769,0.0345935073895271,1.14682850747475,0.237808894621474,-0.274722186743938,0.0615470455143236,0.250063926194804,0.167578471828109,1,-0.55973515860686,-0.0526759468351933,0.157437484742097,0.742462611018233,0.0727921189489579,0.665686701106932,0.0652909408979227,0.6823440925674,0.0769792739781701,0.758179712915263,0.08914927060681,0.727289844505758,0.117773144788568
0.948451996452658,0.057581063327081,0.867119791014213,0.090060190367148,0.241492188080152,0.0390388741692965,0.99596499618573,0.199637201425584,-0.328132124933735,0.0597174333674187,0.16449003406127,0.172591626152911,1,-0.669075565959324,-0.0346202873035737,0.166323087547969,0.627433877310302,0.0777908381778981,0.720037799261358,0.0654622561081924,0.583338553910537,0.080687624199454,0.67569101708978,0.0893480392306241,0.690134303179507,0.10492448980691
1.00899421073023,0.0656349242746165,1.05216203908091,0.100688678604787,0.278043885214167,0.0452252167686749,1.64330451864102,0.342510806552127,-0.449069190895852,0.0850279134222708,0.498421720495437,0.142412789327379,1,-0.664350952006703,-0.0100764449099903,0.175852066529367,0.746413722630174,0.078411335973386,0.773995294599794,0.0700767842141091,0.709297588172666,0.0792256888289373,0.743738752559531,0.0892507720583959,0.69789784864539,0.126563796351281
0.923458280280339,0.0573970545489725,1.00110849266796,0.0836203594570876,0.207531497726991,0.033038468381003,0.890137352607613,0.189488070373864,-0.284880209124593,0.0558105158658463,0.43552772831836,0.137296082624121,1,-0.662814127381374,-0.135981332936172,0.166587859638062,0.689497791027247,0.0779520411395043,0.635287252903751,0.0650853215162167,0.620000151584902,0.0740974242320283,0.662258323201064,0.0805312363953474,0.518094526403215,0.115927757880299
0.988597128661607,0.0626352403241662,0.866025061877487,0.0899314696633885,0.216107635802264,0.0355361178092251,1.0936851267141,0.222436740223008,-0.293268848359636,0.0588256012669016,0.266294172667975,0.167622280032979,1,-0.603232490106041,0.180498610053579,0.159382823453475,0.662536476956341,0.0731024498233684,0.63154595734599,0.0663624042885267,0.61954793671124,0.0786344061416506,0.826040360696393,0.0915316667845395,0.452179777902426,0.127350244727599
0.939232656996599,0.0591928970953086,1.04289539755768,0.0792389472634396,0.222673067899256,0.0356203385568584,0.738756971397058,0.170473110986956,-0.245379177367645,0.050565642535919,0.291751093879508,0.133696143893536,1,-0.604996780719429,-0.244170910588093,0.153272896064934,0.700314866297593,0.0695331605850496,0.692118585633407,0.062096684296915,0.653146630789965,0.0713755988653716,0.721444529375632,0.0794827127886495,0.738770999888755,0.123339869632268
1.0381540716105,0.0697619878893635,0.910517476927403,0.0889400403985367,0.25671202751765,0.0405306355002364,1.09470194288382,0.226869169425482,-0.293690587531914,0.0626993473768561,0.0101400590735702,0.159681037859092,1,-0.554011749351486,0.0147892186014184,0.156359487679512,0.685102521374916,0.0781436707401438,0.782743556584317,0.067477781611253,0.693527859692344,0.0840040525855628,0.567571315059724,0.0974168272349048,0.736956174594822,0.106755140758636
1.0258276249972,0.0685213131695262,1.08864576571826,0.0937002987999308,0.273619308188171,0.0463869046208467,1.15736732882565,0.245753758296393,-0.313917831349049,0.0652709727077673,0.502079214509995,0.11186950144803,1,-0.557836600944495,0.0273980377675824,0.171235278594722,0.724617265744805,0.0718945803227208,0.815811843477493,0.065331406885291,0.767442997877223,0.0817301175445563,0.477313386318776,0.109937588194288,0.816682038567992,0.122211716498424
0.999944784038872,0.0592978313847533,1.06673341464516,0.081332853444988,0.215557395717542,0.0336099352589767,0.670622576839363,0.169995571786186,-0.236164353899975,0.0487978944665171,0.434576380137332,0.129623050888641,1,-0.621146150117498,0.136608049939556,0.166921700700618,0.572764591826731,0.0746758147416707,0.666778040514616,0.0679111979243871,0.70166501101931,0.0736062418987823,0.638534871197679,0.0805318622925707,0.701014520916999,0.105121123600724
1.07295203403684,0.0654644412538753,0.993046047562127,0.0913801180817377,0.312860608421179,0.0447627601816592,1.12648838982395,0.242613661562155,-0.38762221237642,0.0685814173262356,0.225479338127064,0.12907640568925,1,-0.652934855680185,0.165282946220188,0.154159282806459,0.663349230079613,0.0776486173611431,0.773346896324869,0.0718836370153826,0.558468987004034,0.0809498705135115,0.673791346436266,0.0821325899648121,0.697521620464551,0.0987204384687874
1.02127269488252,0.0609855327201911,0.997583160016553,0.0890075932079347,0.241477274716864,0.0399823456367495,0.828287822629205,0.17359235629828,-0.238609941544944,0.0540729459559839,0.253080525724327,0.158291332927941,1,-0.533531128610724,0.0757329699905138,0.16283937562178,0.661637087917882,0.0719733979251088,0.701017954864291,0.0693916528185933,0.665326383809502,0.073984375623864,0.846142916930925,0.0801924354352218,0.708594991277778,0.126742057385005
1.07533427592948,0.070662746236335,0.844991822838476,0.089213885658782,0.256974688761212,0.0389774257576695,1.02857398990424,0.222621209080261,-0.342104047280304,0.064872953924467,0.15669647912932,0.175557644710992,1,-0.665419109612553,0.0627841607945207,0.185226202535938,0.738982820583051,0.078891635972528,0.646560105926304,0.0726124104407163,0.667147974550946,0.0788140345565016,0.635963870632454,0.088317989284252,0.802291887771569,0.099391979258654
1.04162882552246,0.0609649853724959,0.965937291267214,0.0846785713910968,0.262354768607251,0.0387628298269618,0.878811785443757,0.18229862434875,-0.345038440501374,0.0551122872169345,0.293655074713829,0.145596348081264,1,-0.718579899603998,0.147660559868115,0.156114262906134,0.661829658818753,0.0722521661448838,0.654174525380831,0.0666575537374736,0.679403452328077,0.0756275908470466,0.604792628500369,0.0988041273732255,0.766295589037132,0.0896098344350855
1.04523878955881,0.0778503746533481,0.99927564568357,0.0978614989344965,0.352027655138099,0.0558358971550646,1.06296460130983,0.219834925980896,-0.366652988131403,0.0693936781846594,0.268974309043828,0.209332594113811,1,-0.599387161457767,0.227100138378214,0.188369549710949,0.648388841555319,0.0829100509689923,0.719000472505189,0.0729694693836533,0.8033362005264,0.0769486291845879,0.76254401304723,0.0951297576228161,0.839413632351113,0.122761896518969
0.99301666718591,0.0571837786849723,1.15736377134332,0.0987831771589352,0.208565534130522,0.0346125283948547,1.37670258558074,0.245202425185742,-0.416684776396624,0.0637206464601829,0.293348813135917,0.175733413172363,1,-0.777617988952169,0.047372283348842,0.165882958685353,0.762727993216089,0.0686450329105746,0.64166846588117,0.065130198273787,0.619023669161371,0.0753359914951656,0.665616844776368,0.0914430854681234,0.525393140423941,0.105350187087411
0.995870067990267,0.0613154990735099,0.941732477748521,0.0879831419449549,0.248856191093754,0.0346731178036072,1.11004176200524,0.243836809111301,-0.266060434693966,0.056242348578344,0.396117511816576,0.169672417466927,1,-0.506216634777339,0.15720621077005,0.157503296331975,0.584512462774857,0.0712098357769372,0.703277873575478,0.0683090633724129,0.659427836496318,0.0819971317103203,0.73743121650379,0.0861559740508109,0.67078611427832,0.0994272897846294
1.02112281144024,0.0607755361275228,1.01730550048637,0.0938851763247017,0.272682661165472,0.0404375199878625,1.18380072327257,0.266966774566425,-0.334093236062084,0.0672798706895705,0.422189764468981,0.148844849458384,1,-0.588030186050615,-0.0313448204934454,0.175836150428419,0.76553462252351,0.0805143394197262,0.713893833179666,0.0592165387964875,0.717996193856898,0.070913540471105,0.713848122556435,0.0870216110590335,0.615876191104088,0.113764449482659
1.01367063669165,0.0687374350682072,1.01133103887134,0.100450442981276,0.218407101707413,0.0378224904322736,1.10858321417566,0.255303835851868,-0.263585404734187,0.060578759875846,0.297817368110501,0.159488491185634,1,-0.535678026217227,0.291765039929688,0.17110581656207,0.617109101091816,0.0838277769739516,0.633364049756099,0.0714618479750062,0.727656272121815,0.0776004055847961,0.73765420437507,0.0963535742183666,0.642081543380084,0.112236979624664
0.992259997731622,0.059522404110484,0.989803950309339,0.0806618522913176,0.213952340921844,0.0312981860205523,0.841175176973103,0.171782684297977,-0.328857625868511,0.054769857464603,0.528170608607817,0.118908359468123,1,-0.775186448151093,0.0472242361758394,0.165152049786097,0.674088825898202,0.0705251925850404,0.743795187368394,0.0624067212249231,0.579475758797292,0.077389151657285,0.668430303002871,0.0837372598884463,0.662076659314263,0.10009253697328
1.01729330390664,0.0662462500939969,1.06763092782384,0.0903987695947433,0.242692161538199,0.0382429377054156,0.870658433733447,0.2023839552243,-0.224689712008593,0.0539705560297638,0.396948173645662,0.129124684695649,1,-0.488800236224161,0.044275103343096,0.160010492279214,0.727751647104336,0.0676996256540094,0.639517222383603,0.0704671907467511,0.616475123153139,0.0744678336104844,0.797017508939081,0.0831328912015824,0.456198895819088,0.113047282051395
0.983972374395411,0.0616912750933106,1.05916365565351,0.0870983808362996,0.198989162903488,0.0351925997625965,0.826177705944218,0.196608852211013,-0.221908922803881,0.0507875145204143,0.455082397430828,0.122160095307709,1,-0.547297314282688,-0.251164613458852,0.172871415603394,0.726268025754063,0.0769067822894176,0.734310036407827,0.0637066539957379,0.696915395523696,0.0661116559394511,0.760173792904861,0.0828835489360147,0.506488452457845,0.111862340423243
1.04871979627805,0.0669106882492559,0.841477927395698,0.0887753829151559,0.285963326113717,0.0464884860399039,1.10150375624104,0.235090696879121,-0.329911734274766,0.0673770112179051,0.402737900236771,0.150160646410088,1,-0.587827096733687,-0.135525828273643,0.172456581333121,0.816291256467109,0.0716808828210432,0.742977630483784,0.0657871786822705,0.736853778153481,0.07546763803077,0.738202768360599,0.0954763414385811,0.734265549360488,0.116116507678838
1.01342332167097,0.0627536886437051,0.817649628639483,0.0813254744578051,0.239944594535871,0.03785143463697,1.09288985047029,0.227313574419041,-0.326715489251553,0.0621432980637791,0.3778858021228,0.165057612491788,1,-0.638007880074447,0.177994007843753,0.163054086202641,0.715910623919872,0.0691715580037724,0.547002373244053,0.0756197696076238,0.688416884688214,0.0656089620490218,0.688097190550366,0.0848182642224452,0.630439479787832,0.112562939633868
1.05073913408394,0.0598149261919983,1.03780954054105,0.0800955566478503,0.272292912876874,0.0373001409065168,0.778355501759673,0.182235727554219,-0.309073357417781,0.0580204648599168,0.450454220133615,0.122703906780265,1,-0.671358359792682,0.0850744004041506,0.153430813912235,0.692137876290575,0.0753335898913507,0.796286355872615,0.0652314161959949,0.693325896878437,0.071943747183198,0.509545532301273,0.0855203429752205,0.721488345658801,0.0949960579480631
1.0784482988031,0.0748967212944026,0.952470074785863,0.0986034118722955,0.253405915069492,0.0438821814446394,1.30914338818088,0.276168882557627,-0.307611421970063,0.0627915669617574,0.159804373627497,0.183246539293931,1,-0.53407281811437,-0.101320968154899,0.172262200650124,0.819919486585237,0.0723614292968188,0.758121549328151,0.0665569732881097,0.679520853133106,0.0855426021118997,0.757345295963792,0.10676972136685,0.657862097328056,0.10635407413822
1.07655879932179,0.065644905482154,0.986728678468059,0.100346040888066,0.303772147812827,0.0451962333359523,1.50146845421115,0.262465861176491,-0.394473640846723,0.0656494222306152,0.154638919656973,0.157335560517783,1,-0.584098251926446,0.2196819547565,0.165442425846222,0.612756159718213,0.0784503112879468,0.769443138156575,0.0646303631202464,0.682006865142197,0.0745296804370253,0.743535315278611,0.0879197692629461,0.795408594068611,0.0959043942309717
1.12304702465265,0.0642359101941653,1.14836868177574,0.0968693218671694,0.305867719453054,0.0476195488466386,1.20093047323925,0.263262667692386,-0.357691883095736,0.0740496005349052,0.193095472589099,0.149082189661771,1,-0.590178426311454,0.20611906284668,0.169866761824254,0.768398619438851,0.0736708943898421,0.699589827279332,0.0608261277262035,0.786502809568189,0.0787030918551673,0.930794964763924,0.0919523522678007,0.746211762720987,0.119710910842631
0.984160895151733,0.069255006098933,1.09235183198742,0.0968827864700667,0.244249488692681,0.0388695347165178,1.12802069935591,0.271281154584186,-0.283493292536317,0.0616740078419834,0.139288029217985,0.186351312175848,1,-0.540091598714897,-0.0262109284185908,0.161496964235664,0.699809782061714,0.074734770315479,0.615122306336583,0.0720278799637704,0.74958379827859,0.0786112562261961,0.875566694018137,0.0925205188608007,0.625510671816125,0.115094661413443
1.11116775092354,0.0721786582084029,1.01594390745384,0.0957382159671232,0.26554175905545,0.0442858211099632,1.03346879445079,0.242080814429177,-0.290763775328777,0.061780873257992,0.261174467981509,0.15818673701492,1,-0.555041174402201,0.184451432800679,0.170558969609366,0.731681157658842,0.0735741907316484,0.755322284340756,0.0684892434747118,0.695660657997711,0.0796698565420197,0.673533246041102,0.0971674122332489,0.787988495050381,0.113476904456531
1.05555096203035,0.0700623534282599,1.0085522503518,0.0977947613439341,0.261374057565915,0.0386194463829373,1.21302188907382,0.237435863445714,-0.328761686780087,0.0654583361212467,0.203441110204037,0.173123037863664,1,-0.583869300845349,0.104284842238192,0.171344954271311,0.650990010959502,0.0802392263202907,0.761231759467325,0.069787061698125,0.708077881529381,0.0789561925485062,0.581324066213492,0.095001483545109,0.724601855206989,0.107292432728329
1.15287299534379,0.0763236723202229,1.08071699003709,0.102743086989931,0.353191145204529,0.057656351581398,1.36596032098819,0.270374754344056,-0.414492807421344,0.0786295256775445,0.307612075002174,0.190406920065059,1,-0.596750859679877,0.0611458886609009,0.175459702249677,0.715678851231336,0.0737983367960932,0.867279012621525,0.0669947058565271,0.798902081236248,0.0763951586912144,0.841999385887655,0.0931821997570969,0.919056121777094,0.112166496712788
1.09107379713623,0.0756310383082914,0.936546101777498,0.0870555095302846,0.307708222104061,0.0492993600202081,1.04604255566963,0.219565950363671,-0.310199629263428,0.0622970865028419,0.25737897165911,0.17537060571455,1,-0.546760393513447,0.07866780323777,0.174405783495599,0.716509270135152,0.077513587851105,0.706592224120979,0.076678004597382,0.775051908175858,0.0774449431781854,0.740086376891546,0.0881119361039323,0.635032686209487,0.117507734799442
1.07225642152266,0.0648257920424482,1.00471929158624,0.0964055261431232,0.297999134487262,0.0463151343198512,1.35634132190463,0.266238556871176,-0.373297886400478,0.0692438829168969,0.270014577225386,0.177165792643145,1,-0.587169560360338,0.0916805527194511,0.143826479989878,0.767955781193948,0.0641841538114945,0.724097520478317,0.0715804699434513,0.805492697803396,0.0733090080636854,0.766231636799181,0.0971121901047255,0.879736457864819,0.117913978335211
0.995773331187894,0.0640381828219144,1.0436067342684,0.0876842616349447,0.247582725991163,0.0356536291404271,0.779637032800941,0.194990889089872,-0.23315781478926,0.0510117164407475,0.0122569496057999,0.145999462387724,1,-0.530693265156239,0.104306006196933,0.149079354450639,0.636873998944405,0.0746226393157447,0.695153069184719,0.0690691965901142,0.634437331671755,0.0760482093733483,0.763790733421001,0.0925764344797108,0.639118151891245,0.122842857704945
0.87854745299402,0.0556576768770766,0.931333438947527,0.0760236541498188,0.232327900661603,0.0369290202876474,0.688171172340178,0.157680060188425,-0.253857203449343,0.0523934736488287,0.2818913777919,0.172396657866295,1,-0.634878425976,-0.0966466806609672,0.153285749265182,0.658696495783272,0.0643056324062138,0.530797975479558,0.0689818822085427,0.708626911054072,0.0713792256265188,0.625939844869699,0.0945043747618173,0.592431644672801,0.105400088520089
1.09294918581455,0.0774321765242754,1.09154340686622,0.101721090569252,0.310587242239382,0.0500892190220596,1.62708676802915,0.320608817520455,-0.486409698283097,0.0847921298655611,0.2750768372782,0.178128708324286,1,-0.684234648908469,-0.0585577814092637,0.178006261954848,0.780807594091842,0.0773866885679053,0.73900675880683,0.0768975583700916,0.739593849181386,0.0825279431126179,0.712791348576004,0.0877818526483369,0.877780671128366,0.107428931050835
0.879573242300006,0.0538419784576576,0.857095172370806,0.0754177194811573,0.225425094164822,0.0327965867765919,0.783239108812266,0.151229529241026,-0.308557322228472,0.0495356361178906,0.319202926195271,0.148655035453422,1,-0.734323699358616,-0.347472566977864,0.164824030943102,0.714865509701986,0.0686457287941625,0.694731203036566,0.061595945658863,0.661885488970978,0.0679002467591484,0.586656034808388,0.0870997664502507,0.468872185898765,0.116605559964767
1.14478463611429,0.0643280808645568,1.02054998909345,0.0906874417758975,0.265359565336061,0.0407671917990097,1.01268411413962,0.207238711308498,-0.2755932069745,0.0585510629537176,0.412948488028964,0.153137627197181,1,-0.531635699599134,0.274975815289531,0.164717758548892,0.661819225556612,0.0732450440179479,0.780771611147735,0.0701955954115088,0.750801309111553,0.0723518757389331,0.699175986749265,0.0821188709241074,0.775929778909341,0.0993592318081516
0.999265515557974,0.068486798628399,1.13502342739538,0.0972051063860205,0.281468554748568,0.0428747923910676,0.988749072951447,0.238579037389175,-0.318335138334842,0.0610818036722289,0.24325568403699,0.171535356309568,1,-0.603429576873712,0.0617216816922233,0.1590268090883,0.711913831759703,0.0671332149376397,0.675914017797924,0.0688201101742597,0.675845704418402,0.0807496877865974,0.783565154729726,0.0877962221589041,0.727398655981738,0.120541144651261
0.994703715052308,0.0642423733665894,1.08093783959433,0.0886038294427171,0.231659558140619,0.0350893557862369,0.725184185576283,0.153638454791215,-0.225846993372382,0.0479857184397833,0.326263332623453,0.179729057747241,1,-0.551017052304876,-0.0438039366379515,0.173394145419492,0.671078494524182,0.0744808670666282,0.655292044136226,0.0674405728612174,0.678241879277883,0.0706994500186576,0.779051262088705,0.0874949366522624,0.556949912223254,0.115491923075909
1.05580430522359,0.070733829302414,1.1576742965364,0.0933249675903953,0.269479266944642,0.0426318112242235,1.14206863888926,0.237054320562565,-0.344756298052622,0.0651664929202964,0.363250615242983,0.172788667342187,1,-0.621446042983938,0.09251741276806,0.175183595188823,0.689576988083467,0.0753851257917582,0.735204854653008,0.0695949272663032,0.799139330355363,0.071367297945966,0.673725117499589,0.0978451257018063,0.71352292644275,0.115653010672671
0.99439518263999,0.0654368776214666,0.981603561405828,0.088389238382706,0.259552888421391,0.0384360420610627,0.879705204151211,0.175843224425509,-0.268178895994953,0.0540726264402076,-0.0235239751705474,0.155336251134368,1,-0.561232852214525,-0.00286278149859215,0.154467239694244,0.760082228762774,0.070204603661479,0.692383468737257,0.0646653121172642,0.706440040101101,0.0822701712575711,0.669319317368172,0.0921792410744445,0.645993600634083,0.123137758285638
0.951431222810802,0.0568732154000259,0.932498458873631,0.077968807983676,0.213568909599051,0.0343062376333243,0.804078896947159,0.189892976944644,-0.252041591100049,0.0481758876062526,0.474690244061985,0.133819758563448,1,-0.608210432630282,-0.121448188531179,0.177587383425096,0.598317035681354,0.0851271560120173,0.627862968414996,0.0601999500812933,0.663215743053416,0.0682145518980153,0.66061699300652,0.0898024294937303,0.704611363157125,0.10054796191147
1.06797948153483,0.0758165308267379,1.00686833712701,0.106652312783229,0.301257065833367,0.0485114837106729,1.30370222926683,0.273225074279771,-0.352843305384878,0.0679023438235298,-0.0856159141076184,0.15177985270138,1,-0.563020303853148,0.110039356121341,0.159340628770945,0.723646250708145,0.0779916103318936,0.778385851229967,0.0731519229931444,0.794769704232668,0.0881778302651959,0.736623765008858,0.0987367603538516,0.818251200498429,0.117294500357951
0.985427190632608,0.0645785633998896,1.07913953774598,0.0929367240289426,0.248073554074023,0.0397267711489172,1.15967768208087,0.244437839898437,-0.282547537671037,0.0556518610927034,0.487076048388448,0.137242815146849,1,-0.526784081544266,-0.0156076913536085,0.170792811587154,0.664722133551482,0.0741376971283527,0.652259184395774,0.0689018157298321,0.704400058957172,0.0756820442620545,0.708691946067373,0.0878412129456994,0.640023835805859,0.101372165713237
1.0118320308786,0.064350307710731,0.990687270262078,0.0894149589382422,0.235826096365538,0.0374683091267632,0.908476659642251,0.199784627135147,-0.272764180309209,0.0565220508349842,0.171673971724636,0.151063513106359,1,-0.589297392726452,0.148632306565951,0.143711417850777,0.615658599983324,0.0733981661806056,0.739736602837171,0.0659267604387973,0.676804699271153,0.075447325586264,0.551169853233546,0.0956765271851689,0.729251238987632,0.102959838190963
0.992060199789436,0.0601319690074002,0.938207014979986,0.0878108384745784,0.228166856918328,0.0362967377495589,0.906424115096179,0.194012887129895,-0.278869867061925,0.0553317086574159,0.475069707939967,0.134330936249459,1,-0.613210501993094,0.0992915450712961,0.168551087136257,0.648732725760271,0.0714743580912681,0.596982187071533,0.0664516799572344,0.718076163023544,0.0675982239260883,0.570049621855973,0.0887236325007067,0.734654462250007,0.103355237900541
0.906131017741075,0.0540456640226614,0.8841617359545,0.0819834798738391,0.217054247701011,0.0335364629841361,0.862617012909919,0.193773330513203,-0.201456148889996,0.051956354635476,0.364459900637578,0.172018260353784,1,-0.46557255723611,0.00493195569034859,0.163616388878822,0.603038913464549,0.0815114874687137,0.623065106041677,0.0655824321260389,0.575852015574499,0.0771770241675804,0.580437682377148,0.0917389622890335,0.799422770302934,0.100144870620159
1.02998284435165,0.062885775857805,0.923560474456735,0.089387796275331,0.263149961441241,0.0392655980292147,1.09148254258701,0.23046983334564,-0.362589075419888,0.0625432660751154,0.00308265631543859,0.138976448638628,1,-0.676557421857422,-0.124948777292027,0.13516540555898,0.77316162812339,0.0658619309604915,0.647611244901294,0.068226914801551,0.673552323666677,0.085872480909999,0.668505720170694,0.0886146152129263,0.685073238113391,0.103892384283171
0.977307498231893,0.0651359816934665,1.0753302897464,0.101754404607998,0.265198927652174,0.0431856535461683,0.876281507841446,0.191152601992859,-0.270106681059672,0.0560280349225801,-0.00697442103472357,0.164427062992733,1,-0.56030902952009,-0.0880741219077777,0.169073063996861,0.622170797207694,0.0866396737620334,0.849730135499925,0.0703349019213999,0.729667703317577,0.0784242231956572,0.670686448284915,0.0982691287270615,0.699887224409757,0.1074345959238
0.923992249117665,0.0547927050862083,0.932062048958442,0.081918184101053,0.204565523986523,0.0300903802209686,0.901833162524547,0.184185593234082,-0.244677420738928,0.0524249237493838,0.500381718337577,0.0994274269676104,1,-0.569658486628391,-0.0549365393670385,0.155797065233806,0.653235470312004,0.0770820832469761,0.63487697973452,0.0651197191386509,0.672025990109076,0.0676574045372852,0.695950453107518,0.0864848352105741,0.688399032479421,0.100791964118338
1.01651490709771,0.0655936469351693,1.00286354406183,0.0978764353668357,0.287926488672267,0.0435475685346553,1.42497597072926,0.255217647933428,-0.387277759569426,0.0692580976952163,0.617323560328752,0.0850658314371668,1,-0.604613689695031,0.00381776070201506,0.186754013438074,0.596361506793819,0.0818054904129148,0.782696650635089,0.0682014004521088,0.760671652241008,0.072226176801537,0.716119090334089,0.0827363730506985,0.750716220611493,0.103073983774867
0.935625274561604,0.05809765041122,0.836428811238423,0.0784235412782242,0.227325042855749,0.0371705733810105,0.752466337167097,0.16809981184272,-0.237456288849691,0.0511701050418377,0.125189415536924,0.15480248040496,1,-0.574138271268728,-0.0998279660862834,0.147129881107027,0.633043866882852,0.0754382876019276,0.648913296263313,0.0664152201949709,0.68167844501798,0.0796685686418925,0.766936998562799,0.0825190467846322,0.642467200187828,0.113503683151301
1.03887609925239,0.0679477532547461,0.907661106153236,0.0957342789719672,0.268175548951649,0.042193103435972,1.17682344506601,0.234954051646719,-0.36415097752341,0.0642464685076894,0.155057066705351,0.177201922128175,1,-0.648210758710985,0.0214956704764645,0.163237387326242,0.738481375461275,0.0755584979583687,0.683648151440493,0.0728226410766096,0.715904534735063,0.0795582364085689,0.72158774650139,0.0892915856245462,0.667783042789754,0.101325805533134
0.95775581983041,0.0576356517131061,1.00213991258145,0.0914844003255562,0.222477501342699,0.0354178808357706,0.945078088068817,0.175389192340667,-0.304958615354535,0.0531669951646194,0.361715517967812,0.126953728471683,1,-0.66506487419375,-0.053064620000787,0.161434500553761,0.706525477187539,0.0707231038150391,0.704374811395518,0.0612459703940977,0.714633691920898,0.0749770448086439,0.610869179168874,0.093785596051411,0.717162140110817,0.122519029512512
0.919999724232073,0.0518487770912713,1.00980418760873,0.0877910093514309,0.238203292428689,0.0337484597617597,0.9124491353095,0.19412063701692,-0.298830300742725,0.0581450698260944,0.330773965164151,0.143318290401617,1,-0.64098286496987,-0.216047492394677,0.153481697699779,0.689413001201441,0.0711626801333873,0.626049425555658,0.0691339729399989,0.606788650703131,0.0725685925809965,0.620383239864343,0.0868197555864188,0.595082910104185,0.111512273624796
0.967087343783058,0.0603756052465168,1.11338037518936,0.0915341281587549,0.270829487945129,0.0410013960574188,1.03797501669513,0.208383963707675,-0.317313457917346,0.0615583204302792,0.288519288149749,0.148465039191288,1,-0.598476452254719,-0.153271583162421,0.158826842412253,0.772487266351171,0.0629198799827916,0.671610246622498,0.0669680069024601,0.741568468066708,0.0717739579238175,0.545812227903717,0.0922244706148961,0.837387669298934,0.0950853192362298
0.959555646265165,0.0597449173408832,1.02567745440867,0.0933895575352022,0.193209693325599,0.0356664849745198,1.29839625952114,0.24882482899129,-0.30885688940222,0.0575716067325811,0.54530876439883,0.115116514767883,1,-0.616650672954164,-0.14079929424224,0.178214245437226,0.682950178481109,0.0763899169923115,0.746002576450427,0.0658967784239617,0.659370125739076,0.0771684271407576,0.654742239996929,0.0983531274922198,0.627346305611726,0.119203272884137
1.05185612333208,0.0724916813788509,1.02414269021797,0.0883029434497669,0.283165180455677,0.044599183571468,0.880660257675978,0.203061376185898,-0.305998999265227,0.0646345781163253,0.242834579541572,0.185079063354798,1,-0.612767725104856,0.135503447642409,0.18970335461702,0.745042813530527,0.075350367751238,0.620742463306049,0.0693327291506879,0.868001541584022,0.0803854478974063,0.833371882115686,0.0855823957130261,0.68560295140165,0.112083563241389
0.990140214253923,0.0628295882015965,1.1056159513589,0.0936275655248477,0.27712995272957,0.0378577068046338,1.03714283885925,0.208982776293591,-0.354455578395811,0.0612809023437278,0.0016513084838254,0.142746941255013,1,-0.66115120723603,-0.142135043411441,0.151803779988445,0.759036496577227,0.0701234183115626,0.717543907814649,0.0664910458240702,0.632960855786597,0.0793488009583833,0.748582008936672,0.0875378288324311,0.809723063894783,0.0941109244631706
0.92660133052342,0.0582035049562924,0.957704599371561,0.0866003052628495,0.208747948180587,0.0329267472083362,0.933589318506773,0.22024710343095,-0.277573597268295,0.0562031677485062,0.146689287867462,0.149902752236398,1,-0.628766086025891,-0.12988270506707,0.16307309658541,0.700140990354819,0.0769127637072657,0.662077864328873,0.0641724686956805,0.684256735844989,0.0718308430961578,0.633310093564305,0.0999477417987549,0.586210277351511,0.11098160068938
0.934852304791059,0.054722403468203,0.844788217471194,0.077348986993251,0.214925407710321,0.0324533179954915,0.83399161918927,0.188549906161802,-0.3216508249427,0.0554002574708621,0.306511645234275,0.129850311505143,1,-0.759731173286017,0.00195066062911817,0.157401355789058,0.562421670018503,0.0716575992318909,0.659163869854432,0.0596534932892657,0.687225282982524,0.0762446875832711,0.547005503204121,0.0920205809950672,0.694758118120617,0.101678252320411
1.10986149765768,0.0669939614963233,0.887011090675996,0.0907701149043777,0.274354855418339,0.0421705703415019,0.957993380184551,0.196319862250948,-0.289595684478655,0.0582123793324748,0.213314263191909,0.186556111618363,1,-0.564877799194667,0.257999439293534,0.17583190346469,0.70206806642513,0.0750331228347447,0.687804007418647,0.068228103340342,0.714918982508311,0.0714000820314604,0.724250810346848,0.0860481272152096,0.784026194569594,0.112865350144806
1.00029484742623,0.0562207531171452,0.893274555250582,0.0831662099570151,0.202464474148562,0.0314556611321873,0.934494385115412,0.209514845447354,-0.30539000029038,0.0579014228453667,0.599026538262646,0.0971959483672866,1,-0.702088806908739,-0.034847084891294,0.1843201008419,0.720400955483015,0.0830356820187412,0.645871187040892,0.0631128280099849,0.689632473008275,0.0663978219078217,0.673784360965225,0.0850624041426547,0.550415948925785,0.0985476217259996
1.0304115376215,0.0622947070104076,0.968196290909484,0.088334975410684,0.246740903251081,0.0344597494465791,1.08889349635739,0.206312049202592,-0.379883329896058,0.0587534206369642,0.377481801875202,0.13311351589659,1,-0.732886900276818,0.0730949169743231,0.15782129707377,0.719310248064919,0.0727484198598145,0.640247092040921,0.0684387566731907,0.602843335896426,0.0754634984164569,0.653961595528507,0.075318118163148,0.687497989578692,0.107960266337657
1.03308995634807,0.0611124087586397,1.05284869010792,0.0886680267120466,0.238689649931159,0.0363581052280585,0.996588078467189,0.205076676686534,-0.313755800265887,0.0606751092578493,0.529109191401529,0.113619070158558,1,-0.643305294273105,-0.162422979597928,0.17877998499728,0.763695446599388,0.0737477070482307,0.701921024902021,0.0671496267010246,0.754451881177316,0.069091357525725,0.666464667957332,0.0921311993734667,0.61993765015888,0.114458232899111
1.07058300606195,0.066737466640741,1.0653856868688,0.0953525668613998,0.244296312319515,0.0339045597034403,1.30482010831401,0.259572922957143,-0.406092765168353,0.0676354732567435,0.253005817009362,0.15648946720901,1,-0.719269220736908,0.173555819561352,0.161976187746816,0.670900091921674,0.07282152354237,0.70884501171126,0.0635830615119201,0.748861858298996,0.0782275866692128,0.641375437246674,0.0827945339635663,0.719634689892373,0.098942671367853
0.989855347271064,0.0662850253214452,0.982079607791582,0.0840449961822343,0.233446643029334,0.0359531021209388,0.991439610536325,0.220955468701818,-0.289052186801596,0.0572085393244862,0.298658751769913,0.150866480119711,1,-0.600826818689835,-0.316964021553679,0.169839882189269,0.73782149712496,0.0743615743959852,0.680357629806834,0.0664142640936076,0.68920926019934,0.077738316988517,0.725939019230565,0.0833912540945235,0.797787459441015,0.107916773554417
0.964215809076844,0.0629488460596956,0.85794372500262,0.0768213257998197,0.230573379301471,0.0351427471348632,0.851478211039753,0.155526277032012,-0.287860057809414,0.054672408179464,0.362087908575151,0.143355280128944,1,-0.649665876863622,-0.0877961406902985,0.163607428165648,0.655532111563351,0.0746530256648809,0.681605422045099,0.0641519536147708,0.687850664481858,0.0741434757867722,0.749509284027331,0.0811239037761392,0.589550558961253,0.116594264644599
0.941409144802996,0.0659813145630216,0.953530024300568,0.0949585823926351,0.199223405433161,0.0341339206110221,1.20226847974356,0.254177036740412,-0.300245304124797,0.059372187032339,0.406431424241797,0.15151963089512,1,-0.613486928037603,-0.0609490248245234,0.173006089569153,0.738336768559644,0.0718064583784909,0.599338923924802,0.0728538355843795,0.699332985345006,0.0830320923422419,0.673789207115211,0.0831006382596563,0.60053542950282,0.117039622997998
1.04557383845177,0.0616433232000547,0.92628584472192,0.0988748912649583,0.330360159816974,0.0446105595630376,1.73021103346734,0.306487452702391,-0.499899907394881,0.0812524872906323,0.266431849287422,0.159610842902771,1,-0.661210412325994,-0.170898442110606,0.168169209554353,0.846552044758111,0.0705440625724765,0.738578168500944,0.0702077101595438,0.745376703687409,0.0665749286167556,0.785121484751676,0.0890742389333641,0.829624358684424,0.0985291851540213
1.15497096249431,0.0768762421996373,0.926165231132707,0.0929570462306017,0.291205153136694,0.0478225978559053,1.12998531826231,0.251311514009944,-0.306968431650673,0.0649255431422295,0.127601378522457,0.184992843608969,1,-0.535128137266268,0.250059717811437,0.169509379799509,0.824307212098301,0.0737369084223643,0.707172446929614,0.0743464505066477,0.818708129407664,0.0755021663907666,0.756011070751842,0.0984376152576673,0.739446271915246,0.131501693847938
1.17202047328575,0.0792390286739982,1.021375181792,0.089850845299978,0.31937612407152,0.0479408630801465,0.811591620139899,0.201617555893924,-0.285428924307073,0.0626423412876318,-0.0795283831903003,0.140289697738288,1,-0.560632126129566,0.184066705302033,0.170696287407253,0.819479458888724,0.0813245234699444,0.758930822912814,0.0750494237165467,0.634854546065568,0.0840358362071306,0.698572024410022,0.0928600936418735,0.931902597903202,0.107048585804089
0.985520522123104,0.0607619421848285,1.00809386586348,0.083374796437389,0.239218293684893,0.0397642124908554,1.08927724156596,0.197147765691453,-0.403112907397311,0.0673144163041807,0.513372275123138,0.10857346090858,1,-0.789696648885976,0.0810835549886828,0.159538094318586,0.704096305645978,0.0668170707728554,0.674313102078972,0.0672336758180197,0.758188386867774,0.0755923747842075,0.569802063670392,0.0874054096218307,0.633705619948203,0.114116822868333
0.975356693240163,0.0520168998251069,1.00835653673845,0.0826534144995614,0.189113420982828,0.0292303019326404,0.828339062781326,0.189197753469729,-0.206967717724936,0.0465763661044359,0.42322231408849,0.109618867558366,1,-0.522922542438502,-0.208587217111639,0.144954791325237,0.813803208071663,0.0612721119168387,0.628783710231363,0.0669891459327811,0.715269836940577,0.0725256195227555,0.654322516645889,0.0828751148722511,0.813146517755225,0.106511882410908
0.950739079608841,0.0606665668651966,0.934076191969146,0.0795851099511338,0.220781381283724,0.0369527122125825,0.799004445096504,0.174585374193098,-0.29472648565397,0.0521048150782155,0.490405805501017,0.144411203304287,1,-0.701719176102198,-0.078373869795207,0.166915660834244,0.5891732891157,0.0799950061753188,0.637735419549434,0.0706289895167489,0.672554196168399,0.0729337172683142,0.568520074941142,0.091859827132993,0.546345169237729,0.107134799279227
1.13142019142132,0.0736713882213696,1.10578265454286,0.0982251538880141,0.262820814603419,0.0423833740129515,1.10108922708274,0.220600576126546,-0.295648710298586,0.0565395448679011,0.0469502360202793,0.169555684933939,1,-0.549584978035222,0.150896561488201,0.159153193744477,0.682200467607807,0.077678952309933,0.808596952630253,0.0684950228530908,0.809859424144141,0.0814053684917022,0.823172026931502,0.0917243756486262,0.66181678875752,0.120807134048203
1.01836541945267,0.0684831021405799,0.97092759081312,0.092917452243387,0.242672850224791,0.0391101282757009,1.23059761358824,0.286087064195352,-0.355232902643815,0.0715709492847188,0.428566918928756,0.147852384942815,1,-0.650046695238776,0.221564849120818,0.181576934818216,0.590789583556338,0.0861866880594198,0.774053451426527,0.0624185186353653,0.716688834434129,0.0836083065890802,0.666483783298188,0.0963549341578727,0.639620264808488,0.112355968175546
1.04417167013355,0.0626595918643856,0.898054324248864,0.0885592014470601,0.170895519233652,0.0301131229196435,0.929887036198007,0.204647513092849,-0.177254238961136,0.0456641660526675,0.390257287676214,0.152984899447268,1,-0.444647848651845,0.199208545559108,0.166578786681733,0.559262440540317,0.0823321981422145,0.723992272762057,0.0611273225202219,0.734710525070349,0.070426436365209,0.791313316978844,0.0859314236949478,0.713723911267258,0.119813846190679
0.995383819495248,0.0622380798142696,0.903396754872118,0.083941858820663,0.239320330267251,0.0389308679950978,1.13085016349754,0.209229922990549,-0.409101944267214,0.0701313838284569,0.281593199193883,0.175008656910957,1,-0.786392230717794,0.051168661469864,0.157348960801337,0.678687696807164,0.0708629665626273,0.707963937448869,0.0690168375720529,0.650047805956865,0.071920600279865,0.691341222069139,0.0966943827465717,0.829111520906738,0.107475606735374
0.988679147078182,0.0675462067296534,0.953505917097873,0.0844596225384883,0.27919919684873,0.0417674790342078,0.94166972439982,0.187602370055913,-0.291009282211116,0.0540467499691493,0.147095725706613,0.17206784704107,1,-0.567545200768492,-0.113634737474693,0.143448239454743,0.722757392809023,0.0704403266911702,0.649673820995556,0.0730278235728165,0.654448767165232,0.0761905836075582,0.71328569901511,0.0982858551755109,0.575384447345434,0.112550572750301
1.0291062065205,0.0645877382346599,1.0462848675082,0.0890713414252987,0.239172770943995,0.0382787684474491,0.831124459218882,0.180600133014862,-0.27514517075061,0.0488529290488273,0.218239490655585,0.157583631400408,1,-0.61712479419851,0.0720539198964259,0.150751549072063,0.72958886355892,0.0712792193614578,0.694921660857413,0.0699484690124416,0.575362965171479,0.0797374364523949,0.690038555554402,0.0825464264566047,0.614564891495061,0.107669530019573
1.11074764834667,0.0715983522721196,0.971344563787751,0.094863601617131,0.312992562855307,0.047592415023069,1.21224550858764,0.278939115469791,-0.404937632600585,0.0757912374730441,0.153043427790156,0.190529475043259,1,-0.657394155238321,-0.0160240290518286,0.167588148285412,0.791422000637872,0.0761012893817124,0.692420852328148,0.0741939958939282,0.773449230146562,0.0755270160509197,0.889015388079529,0.0940627046915473,0.748219517234454,0.106274253351348
0.960859165867091,0.0610234948679726,0.992132137998974,0.0889714578839422,0.227469061570845,0.039486071338936,0.895008317297557,0.169330579009345,-0.266123431062737,0.0513560666492208,0.217563812424935,0.160211283889071,1,-0.58980494645661,0.0752768780871678,0.162082996272432,0.654476221907074,0.0676661886517305,0.693125875369357,0.0654906642094686,0.656712798851306,0.0805245040834355,0.667782038538016,0.0972538037379362,0.591986999273295,0.123131361373139
1.03131292036842,0.0596216315764329,0.954953692158965,0.0921557824471817,0.267540900235837,0.0380107481380734,0.951760292256842,0.209456595370881,-0.24656686693318,0.0554787728529543,0.324101468219232,0.154266457944793,1,-0.488625169080293,0.0465809007209747,0.157434181471827,0.728680792205044,0.0689037710078546,0.683217580478162,0.0640170629399888,0.765471321965594,0.0827951147873942,0.704301896878399,0.0863928115934072,0.672584337488727,0.11838838503106
1.01082978563052,0.0589770809798911,0.87994585792036,0.0854895524454911,0.241873860931178,0.0355851767700981,0.988183022480015,0.199091232487169,-0.327571363592126,0.0626470796086552,0.270205250314979,0.140247531903667,1,-0.670027712980495,0.156348299296169,0.156854771926696,0.673721636881647,0.0694052943904221,0.668513314650364,0.0661542041960283,0.55905552203274,0.0779931403487216,0.681316238785916,0.0834006997378879,0.556440464025546,0.095024612951129
0.892338781637689,0.0534990437037148,1.07038570749103,0.0804378473867152,0.202024992398443,0.029331509914251,0.932906380310915,0.178993108946973,-0.302346807868615,0.0500816036950074,0.460237800567987,0.114852471043744,1,-0.696440159890138,0.0194335829010404,0.15902025147584,0.634358779340543,0.0760129474355309,0.557839061206077,0.0666539207737396,0.640140379665027,0.0687720959533898,0.576009330208353,0.0798654074653632,0.589295995730446,0.116845075430691
1.06773453023488,0.0697823802950394,0.894223515807589,0.0931243560810338,0.317469959680216,0.0512321109841559,1.09261330071718,0.257574156279145,-0.29467522877907,0.0682737702041555,0.38385443172035,0.152096855899163,1,-0.500332909299678,0.182621052045279,0.157562793601384,0.686985341071883,0.0691969430376604,0.69560719452067,0.0689530910506971,0.699109622475816,0.0904596002753762,0.698830686794993,0.098608326404851,0.791052611009157,0.114751011712052
0.89385491173819,0.0548011368148408,0.857676391621156,0.0738654052796037,0.151047317253426,0.0281059987005258,0.558984607415033,0.142186753543473,-0.207423859832144,0.0361878803499284,0.483644415029949,0.107453352385998,1,-0.713842299439221,-0.00435359251623771,0.155408424236401,0.640548224556222,0.0692226102722674,0.571772519747962,0.0635795443374481,0.614297239354446,0.0735919104812909,0.53157965480509,0.0919098421571663,0.471680997681731,0.0970106843071556
0.986362826618754,0.0614366399228904,1.09464851347057,0.0816574822578452,0.269406895520958,0.0381292508175092,0.673550750287188,0.164087142514393,-0.266911466433589,0.0509930586525309,0.309551714958172,0.161192747980936,1,-0.626581712759246,-0.0487984386134531,0.160988816154655,0.701487512390352,0.069907619508148,0.649738934364518,0.0724545722106966,0.81842908713168,0.0700833217749871,0.69464290001044,0.0826619243129132,0.761340006913288,0.103802643100819
0.930172422652576,0.0576932386040952,0.954717819355332,0.0820390489159602,0.193875980257353,0.0336240394305707,0.9534676715277,0.187307006570498,-0.241988264162752,0.049810802701859,0.433705360363227,0.14460832049082,1,-0.562832691196413,-0.0384715102688326,0.169127261730293,0.628315579271841,0.0776387162282019,0.68102576937818,0.065581403478751,0.682625089310563,0.0695920025946951,0.633831818141678,0.0892839338713715,0.477056490487723,0.118971286362166
1.02246521056209,0.0645654857803647,1.03784630345306,0.0905530145684707,0.259141149885493,0.0384464874007293,0.811701488304043,0.193242548487965,-0.251157983794564,0.0570909058219276,0.179781035194819,0.155681462753447,1,-0.54762167103654,0.148316409484026,0.15932174460973,0.721129453340075,0.0702494953820095,0.596196503291671,0.0685004279528652,0.670020988229351,0.0815627611665171,0.661869241627843,0.0899438629546476,0.697440686193247,0.100406337623781
1.10289961705171,0.0804264684866126,1.08145219055589,0.100209555160798,0.363216588613799,0.0622625086188459,1.26444873318155,0.250559305473501,-0.447282403824344,0.0862215635226952,0.0636241635481654,0.16962873191575,1,-0.660006728288882,-0.0489394128113817,0.157737032215822,0.756844811664547,0.07273600673901,0.781551595497185,0.0702132516406542,0.838482950459203,0.0886259055739686,0.767490161813535,0.0989472049737228,0.837449741748238,0.123056397481704
1.03935999739286,0.0642045731473977,0.967848763765277,0.0926992837793217,0.257050358179741,0.0379819538852616,1.21207435771767,0.243184118362641,-0.362882876445319,0.0650381871372965,0.314679728358122,0.159276094245295,1,-0.650118817800127,0.162307550432635,0.170118545163285,0.661797305175713,0.0719115841580968,0.6912887799053,0.0689681933821546,0.651602407787404,0.0771402720972908,0.798003478807934,0.0986230841947344,0.738944850335512,0.100965454627371
0.969637122182497,0.0595699165920058,0.955427693748035,0.0902919524836725,0.246078237014302,0.0367542000895309,1.13342967672891,0.212196641538159,-0.299521025330344,0.0580596754454811,0.359117644619079,0.146762046119086,1,-0.567144102747236,-0.264889684672989,0.159338780656758,0.750278576457454,0.0691717053173729,0.687252242585426,0.0636995027487388,0.704462117255598,0.0740162273253673,0.645389833507297,0.096088321666695,0.665692697262164,0.102919755448423
0.998080359999759,0.0609073514178717,0.912701540926081,0.0834162640609494,0.231268542766653,0.0311921436277559,0.818352286203639,0.176324515024179,-0.306578700908095,0.0555753349674316,0.414496085600989,0.128218588174108,1,-0.704715051948588,0.0519140374349518,0.158905732367563,0.712205959800809,0.0707359662756796,0.69508219475822,0.0693268457102934,0.612676050851155,0.0745693843439719,0.768066525180281,0.0707217942510081,0.546415785928562,0.122395814292043
1.00319247670422,0.0694926093804638,1.00326313885056,0.0890195687483088,0.25771300618098,0.0442561922639186,0.934740805901322,0.22183234659135,-0.236764077112939,0.0556103385947353,0.246573106907035,0.183455393479841,1,-0.482394158855523,-0.00335151189282183,0.167434571014772,0.657919548877185,0.0720414647175128,0.699533124715098,0.0629892137849601,0.629590566990389,0.0871949609960998,0.798580947837139,0.0982086795047651,0.710800875510748,0.11348148097674
1.02996779690628,0.0591930344075426,1.14400135130342,0.100309199272134,0.278417848766052,0.0401791643438793,1.15216785648075,0.247802373218826,-0.275830595285747,0.0615214338939678,-0.0153246609921974,0.130756740874927,1,-0.487007918248399,0.00341113503206752,0.149288400543428,0.722520477396463,0.0696401069188134,0.76004115474887,0.0735856353562092,0.819606341904301,0.0745984367599512,0.758025318778524,0.0951595485608148,0.907077315160213,0.112696386074269
0.972109300406629,0.0628669351128318,1.10174705321813,0.102525628307974,0.300554655868875,0.0444833054469635,1.30693652718506,0.275247903281217,-0.329817423053933,0.0718640606077117,0.30092831817144,0.187909304314654,1,-0.526240920820062,-0.0982264028755504,0.173299026218291,0.67257480548707,0.0769362990530234,0.695791296982291,0.0656254739720629,0.707811434197481,0.0830130701006943,0.77691714182303,0.0924345289384952,0.676894839860448,0.112135071331714
1.05166493345356,0.0677602580701155,1.00244043069775,0.09352101640908,0.279345381682258,0.044100484236184,1.37350919530867,0.257501828573857,-0.440061839628242,0.0752292365416369,0.226977263246504,0.176714888764515,1,-0.710439625153334,-0.0115975688231758,0.170545740405478,0.733077986458493,0.0765128264550309,0.628656348680397,0.0660755046598534,0.755998889492761,0.0774139006389795,0.692974279579333,0.0949770417128495,0.84779115831424,0.108229043090211
0.992139862099126,0.0594886091938185,0.872693922593014,0.0827036919239276,0.235094903379304,0.0351160335302009,0.775230909059372,0.170457164016055,-0.272109063350832,0.052043124893352,0.424439899299771,0.12488582680624,1,-0.637390902238921,0.0346450128889399,0.170984802277458,0.704821516184632,0.0671566730848141,0.646499639586541,0.0618766562123811,0.62397597402054,0.0751460639390399,0.651832014104322,0.0842159123369952,0.633615678010631,0.096948085348453
1.00688744271337,0.062409504106499,0.999684560669238,0.0919076925493336,0.243676808599315,0.036845687688663,1.11687300915709,0.230040464786769,-0.374619123797691,0.065047768638066,0.415582028514858,0.143310032954532,1,-0.718093419314436,0.095139256959974,0.166277853878125,0.744107679744286,0.0741450270716693,0.652577218657808,0.0684970294915729,0.698436441272703,0.0797894369030202,0.488302040714156,0.0919502282211953,0.780029882716818,0.107719128157416
0.931795485170296,0.0591140034556667,0.951039817740374,0.0862504460008679,0.233937046043226,0.0351860925905504,0.715785116069884,0.176636247121453,-0.313996374242482,0.0541204031458963,0.285534538186162,0.137990109896168,1,-0.767332867013191,-0.313374938154072,0.1545713902224,0.741736248011921,0.0744883746899715,0.711928306590194,0.0628440034350689,0.780565995534197,0.0750339969628052,0.588679946503964,0.111372276731958,0.598454249175602,0.123263195713104
0.955861871996986,0.0581507356965624,0.970092260006071,0.0780168114731534,0.254035702837148,0.0366863141468869,0.532845966719562,0.143204901352539,-0.264088828414276,0.0505915675507779,0.330247177754379,0.120722585178721,1,-0.717797282165038,-0.00825534622490072,0.166565055674443,0.692419583691015,0.0716187306114867,0.58457910592486,0.0670158930178489,0.61188608025595,0.0711627414095991,0.816743340452091,0.0810335211601521,0.595454050907159,0.10900309124775
0.971803738611453,0.059804452399146,1.04834333035723,0.0814286276593193,0.208934869687507,0.0350535693547207,0.609629586745365,0.133470165490247,-0.242520559394921,0.0452672057272116,0.378372204294478,0.142121263777053,1,-0.679532261176124,0.00587848386636034,0.166662320767807,0.58184341162278,0.0721055437788157,0.741078878340937,0.0594639527226146,0.616236763401735,0.0746749465569835,0.475157375264106,0.0971702196296364,0.662363514621788,0.104536367238303
0.927261782895062,0.056390084674894,0.876179857695967,0.0871140702195529,0.195018606714291,0.0312098594323569,1.01366178458404,0.183212596819508,-0.302585476622413,0.0479860240809821,0.437927051416737,0.122914082345373,1,-0.680555452050034,-0.0304319886824536,0.176658633800963,0.773996326192286,0.0710218945375519,0.637952484181669,0.0623111772918109,0.41602608261491,0.0824054320395324,0.606471504540268,0.0875528567226931,0.499623861832854,0.113037101235863
1.03429768281092,0.0750007221186295,1.14876136984884,0.103170641941491,0.338705837616529,0.0560105399537979,1.14211420068148,0.255730289714197,-0.344912447486527,0.0784502217081283,0.0445685588782135,0.159115750341924,1,-0.554552619661969,-0.0612138761855726,0.169960125119884,0.780655225687957,0.0757269482497673,0.686841215211646,0.0712230471191982,0.687474450124889,0.0806154875117891,0.776267893772652,0.0900950985393481,0.687022497182887,0.127836348173527
1.04605881065932,0.0667463978384881,1.02588606129465,0.0922683860116391,0.256328119122078,0.0417668147430714,1.08838313736553,0.246224641166319,-0.33692292975852,0.0618159526990863,0.247514289623292,0.160554082492325,1,-0.637883753168898,-0.0522640565452258,0.159742076355457,0.781314777838269,0.069234337066039,0.678663473682161,0.0653892124424591,0.718952814996301,0.0740038964419561,0.615117141894002,0.0921201933668901,0.761376331045643,0.113761270789534
1.0478780065763,0.0677916549653402,1.1614578685043,0.111354265103972,0.291670763744328,0.0478875144078605,1.4103789248825,0.287899814996066,-0.40497494583481,0.0778725804083551,0.182167307182475,0.160010708332976,1,-0.631413410698461,-0.27411108832964,0.172061249252689,0.81839379555541,0.0744241573237883,0.75753904278781,0.0723053871806656,0.821234463043043,0.0826307592684294,0.713815776910229,0.108742838613613,0.572062881922304,0.120895050093321
1.08352814139226,0.0631231571306183,1.10645562704789,0.091508464813997,0.222782117626885,0.0351072819475615,1.174402174309,0.212242516233296,-0.282167101938667,0.0552580770719944,0.370523488157525,0.174081784970156,1,-0.551642592068121,0.286962515289504,0.171729007170734,0.698485707067698,0.0755064741466636,0.625688778911601,0.0680026672308109,0.681792889289387,0.0747493735503699,0.740423935535166,0.0883462970411878,0.78258583288361,0.105113278484924
0.968976953528637,0.0586724375472711,0.82283862798287,0.0794155639839932,0.19509324409102,0.0290788934332321,0.985044106125008,0.185193912047531,-0.350713951065438,0.0550107620779448,0.548969442753066,0.101768251502476,1,-0.800025976232855,-0.145608549034804,0.171035370022375,0.652367095298336,0.0798428996455488,0.720157320816031,0.062935556056763,0.556715335763272,0.0723651306093018,0.699319303590597,0.0790239067612269,0.454836708013018,0.104273767972446
1.0511069734945,0.071026888857122,0.973386316627458,0.0941402446000798,0.276039307227996,0.0468193491387141,1.4052490305548,0.276701752856499,-0.328764713400996,0.0681814902270339,0.28006148676247,0.179369455060893,1,-0.527865266746237,0.072415714151608,0.166958627723032,0.646452685747884,0.0802752913422492,0.69357112448548,0.0692387660342442,0.823683656544353,0.0714620442198782,0.821460980543756,0.0969162768827124,0.839914662122472,0.111554564784015
0.991221401051535,0.0635274604847417,0.998464751304029,0.0889119401163695,0.183734441977886,0.0313836083017243,1.0666907656687,0.2068970072451,-0.264877875997916,0.0533006599509788,0.472989783666723,0.147308059437081,1,-0.598316707294168,0.163008832813328,0.175605810607511,0.578796338529594,0.0718048836923388,0.634360960247826,0.0704914483951939,0.656182201156723,0.0769006308902073,0.616387472912119,0.0957276387232944,0.626423984710631,0.111541169288659
1.064768441319,0.0683738709138449,0.938986457785218,0.0882811442911314,0.263496546957601,0.0400355236635471,1.16724199368797,0.215369656712536,-0.360240753706898,0.063348418837981,0.281518521470374,0.16346073656936,1,-0.649568455750864,0.037942400710262,0.15936543017644,0.722763590809175,0.0695859650484998,0.7086333707641,0.0668914271478745,0.775117899488187,0.0722190934278923,0.821497830281303,0.0860654876245209,0.809457178890127,0.117039499287678
1.11238359258305,0.0772503962329432,0.943673211279204,0.0912134172127583,0.257091972678018,0.0417029835283221,0.973911627640624,0.241517226279007,-0.232450381441928,0.0622181884987813,0.162712356357759,0.165438157378848,1,-0.464543330647153,0.296779549088017,0.173136475323228,0.732779078926743,0.0722853519040877,0.72973533484835,0.0711535779859747,0.686249975681295,0.0830602393741729,0.802592392328966,0.0874917137596092,0.786275734679732,0.111127499487948
0.966369116810041,0.0626411259593541,1.00428002556118,0.0873988181349927,0.221582376133104,0.0360139435333289,0.928096912964205,0.184011898036634,-0.281651516208848,0.0502844265447786,0.229573852040471,0.1839677952846,1,-0.621080396862684,-0.22403914271415,0.176185986520852,0.689053517952353,0.0828196620248562,0.741194176342482,0.0645410527386211,0.680360822073104,0.0742922326062745,0.661242003563352,0.0936026253056064,0.309727364870335,0.123461839682952
1.03015892647118,0.0692305071320432,0.980949742346979,0.0852527189861701,0.273596331109229,0.042716869544568,0.877290305385676,0.193624501663649,-0.252537615826832,0.0557838427828475,0.239480172905475,0.166406076184555,1,-0.515465111857697,0.163462626901327,0.166779930552541,0.685404827059148,0.0708031863144312,0.743538181176634,0.0676352745270209,0.633032575014643,0.0768161348294577,0.637401466228373,0.0888832881305346,0.633382617652218,0.113441460607999
0.923734942970445,0.0550760211413729,0.925033303651081,0.0812630568323306,0.20499106027358,0.0307233222018775,1.01382362644229,0.223815050985441,-0.299126675924464,0.053127325676422,0.393834721863966,0.140998894894795,1,-0.656155056590132,0.0689765643333891,0.157381580316685,0.675852951404722,0.0715995557076412,0.588152049222753,0.0656277036918721,0.571935160514968,0.073119454797272,0.671766810794014,0.0852626486661155,0.634113634633637,0.11706119097888
1.09916515979914,0.0702102883811395,1.15275848762469,0.105716519731093,0.282104025373125,0.0476214616043238,1.11433430779983,0.249806783231284,-0.279120397518183,0.0661281923102991,0.518362082429709,0.122194876458753,1,-0.497827842923176,0.0540508744898444,0.166419981313292,0.826926574517198,0.0701716409834623,0.748790971923905,0.0711939969232058,0.747399479026373,0.0832914477368652,0.76720527563829,0.102137742531285,0.71634265222867,0.108641341947848
0.992192684763519,0.0622552910466787,0.929775951517382,0.0837846035138188,0.233948947474792,0.035400101438666,0.821875933281303,0.187257414879568,-0.266007630139636,0.0535499279687361,0.469510178142028,0.131867280976453,1,-0.606639122224029,0.0574182558708018,0.162892455551769,0.602168310737704,0.0800466384064365,0.734038035414762,0.0619252873952176,0.686581699238412,0.0679312859128628,0.614271412375283,0.0939399171908075,0.700564527238289,0.113019758326
1.10648033508587,0.0703651438957302,1.18746577682842,0.0996951105756307,0.31667012477493,0.0498427944084186,1.18511388068888,0.242176643683694,-0.378956720469539,0.0735738824031926,0.260246876317945,0.183206955837386,1,-0.618594457231114,-0.0566710285233375,0.163528126870562,0.813440458780081,0.0686349129242017,0.816445865471854,0.0653732316615305,0.672143583524851,0.0831014363862915,0.836676276192458,0.0917595525511469,0.97508438583683,0.0982856187068527
0.986250036711718,0.063941339076437,0.974832498381068,0.088099404550937,0.29929654870492,0.0443396221442918,1.13458392108998,0.247303983693941,-0.405847197377976,0.069685651324705,0.249304612862966,0.161297937160916,1,-0.696455519393067,-0.113795586362693,0.180532735548531,0.713611082204671,0.0759720176421452,0.653812512133494,0.0767213735618246,0.742362168652172,0.0750864727183084,0.813857390947039,0.0861802817515991,0.689132084099021,0.117825405658705
1.09511424302618,0.0711089586214601,1.04812653727816,0.0961853811076242,0.317624833910102,0.0530038378840182,0.840206232881231,0.200386491711496,-0.250534973304902,0.0620221406154169,0.115172144394632,0.197006342053294,1,-0.484973696705711,0.195778000412705,0.155970726028402,0.754647056594225,0.0715301292005593,0.76148912756528,0.0668171053970684,0.654827402026349,0.0851219462725382,0.916410130154454,0.0912072799498573,0.772714684487311,0.13596162669811
0.969125616777609,0.060286517619385,0.968893583007201,0.0906643449813364,0.220079073111513,0.0360925831841449,1.08617280745832,0.233542435565775,-0.290131058424711,0.0595531397276044,0.307860203574518,0.183759921911447,1,-0.59341071675453,-0.337231355684012,0.176145447252568,0.748538802303447,0.073819369875284,0.707110991544236,0.0655245823429574,0.669745313530409,0.0737837355765419,0.724443382654389,0.0865039012354537,0.562933269646439,0.11864092586765
1.08205696687154,0.0582192683419074,0.867336037572489,0.0766543281920049,0.231691849716413,0.0343669930783769,0.889422700129665,0.202453058606001,-0.34222327407361,0.0615362079386802,0.565851243019965,0.097813010219902,1,-0.75387624515262,0.124388123073024,0.160429899788522,0.678034225242981,0.0723643964806799,0.751809537611343,0.0620473376191991,0.613369257176792,0.0715400253065323,0.561684591075687,0.0837297605346235,0.725465048392317,0.103091768913894
0.965530290851956,0.0610830855573451,1.03274053146936,0.0948793600606194,0.222588658623416,0.0359868727251009,1.29925194099746,0.245138170863474,-0.328462667593587,0.06410845667209,0.23686363526194,0.143511395765947,1,-0.610784225767018,0.0146687224376377,0.164270410941933,0.693215510916023,0.0714905227431533,0.649385545544668,0.0694093527794615,0.784914411146123,0.0723607025013129,0.690968810060292,0.0878991520983738,0.453980995050857,0.133081293106013
1.02285801640229,0.0628781797797309,1.0056002070159,0.0890555918803009,0.252688480421518,0.0366786276815226,0.964795066663108,0.219013629031804,-0.318236731062136,0.0585928203361185,0.203587617860028,0.150885949022878,1,-0.644525412960413,-0.0920658557117511,0.157363151309144,0.676580623080737,0.0726908232378106,0.797746190046827,0.0646370595167248,0.632906986952163,0.0780790263393493,0.703114161586169,0.0879441037096054,0.668316820975983,0.104968211645212
0.997461701891612,0.0605759094414536,1.1462070079118,0.0841139280674246,0.249984817918489,0.0371056474395318,0.862962355922232,0.194907450100658,-0.278735328928454,0.0554045229090014,0.428123386067102,0.14755952537036,1,-0.600121623089116,0.162528718480813,0.162986733372329,0.700161085084766,0.0684456507129724,0.667753562620306,0.0691205898985823,0.708186624803239,0.079145019539267,0.666002333373749,0.08968511597688,0.733696868652112,0.102778210474217
0.965746181780879,0.0532603515085446,0.961463970725464,0.0857580895960738,0.214204463106868,0.0315393617609906,0.963534549041678,0.20780031103323,-0.314353284498425,0.0567035714718365,0.292977096073206,0.139953528487034,1,-0.69194264745469,0.214551685385591,0.141519207063857,0.619175677312402,0.0687081681432465,0.589829826897412,0.0650613335570058,0.655873395371539,0.0746267643716885,0.637640890180032,0.0915496973702639,0.499545637619481,0.113338530381264
1.00490854658365,0.0598043846852954,1.01985002485391,0.08847885559776,0.257278020915162,0.0385705242926709,0.820675166820829,0.194268668587633,-0.245827593609675,0.0565335057878784,0.34730707160782,0.173445513700287,1,-0.534987507199272,-0.23182976757783,0.180037994749624,0.682073089438542,0.0797863200817855,0.747315743851033,0.0615918575615223,0.745894770574066,0.0669157056313851,0.646517131918059,0.0920594066646829,0.665795779822693,0.103165219272798
1.02633562007192,0.0682821510483461,0.86909742107727,0.0872546749517594,0.198604160501786,0.0333499423564477,0.838145720709592,0.175690231215172,-0.201387389480193,0.0430101306957616,0.319385098769571,0.149086873861133,1,-0.493603619054224,0.138475375495228,0.175104590942136,0.648478027506835,0.0766180636170266,0.697679408713138,0.0707258423853987,0.686252173129223,0.0720127522059079,0.664937070513897,0.0920380809768574,0.529702252766856,0.11483134463491
1.03451303924629,0.060591477828827,0.875687257827921,0.0857813073976932,0.246520019591743,0.0378626205838131,0.951779249114718,0.204049295653014,-0.307405497317677,0.0618440047632207,0.349669914404117,0.14570541964538,1,-0.634625351446992,0.230386927016224,0.155028280915711,0.660356273256039,0.0726259373810801,0.728050376045364,0.0742343107411625,0.735222975135587,0.0734234620439155,0.527934901561336,0.0944911612807585,0.616684448108751,0.101648868551369
1.04535007335149,0.0661167817400135,1.10254882715006,0.0923313742684747,0.27111356926212,0.0384717617856908,0.940632876025906,0.232240071159516,-0.272008977514452,0.0604533191001038,0.0400178231834945,0.148737544005166,1,-0.538638675804288,0.000371654991862652,0.16142610256047,0.786453966166279,0.0727265885605542,0.705399821417834,0.0684231438090837,0.76876889493506,0.07380298493402,0.808142303214966,0.0907829912363635,0.703826585401384,0.114505409790026
1.06380136431008,0.0710689286723358,0.974835771771121,0.103037810101954,0.321294338396524,0.051000750496904,0.974680829882614,0.189322063273647,-0.338672383453522,0.0683131371195552,0.0115208957304995,0.168351100710874,1,-0.605197374909497,0.0589969045782951,0.171870865447326,0.704452685785003,0.0800941622486772,0.762943248039081,0.0712803472590108,0.764008618868898,0.0809556372915818,0.843938772467988,0.0932282160159307,0.669489401860005,0.119533777363604
1.0707038614885,0.0675101372866398,1.06499663692965,0.0945140676189815,0.336999740770339,0.0508317183598277,0.959491868158834,0.239615827765823,-0.288571803341701,0.0668947228120372,0.230271748164043,0.150944903786547,1,-0.507479450414925,0.224353739732691,0.150997182091701,0.564881363802766,0.0695996241452846,0.783572357699912,0.0698274851505957,0.78651744087418,0.0773029693005282,0.770230670215747,0.0942111279119598,0.748397700659003,0.108068078849465
1.06908533882493,0.0614147068725551,0.945928931477394,0.0876074840298631,0.253147979710553,0.0358055908953685,1.12067822681572,0.221792780985757,-0.380420349954303,0.0631218811179427,0.427853766765819,0.142394741760553,1,-0.714226633040541,0.0747817515834839,0.170919216508129,0.805312706248779,0.0767586991043272,0.658989601258715,0.0690767030111297,0.710603125169121,0.0722566553717221,0.697649099207927,0.0938564162723277,0.66657459144965,0.109815672850775
0.943588936558365,0.0588662815916287,0.943009137664139,0.0811884914319946,0.187412721225553,0.0299343934084617,0.894702413121567,0.17298665072593,-0.284399919326941,0.0449298004372147,0.287962959605945,0.13305641294019,1,-0.694529394706889,0.0626708857640325,0.159458115503674,0.566708468420179,0.0710463266586915,0.65398923323356,0.0680733525049617,0.68938173179044,0.0698847190475642,0.541086828226077,0.093401995724197,0.454663016866259,0.116690246464812
1.09827660524913,0.0733298936674775,0.97757473419583,0.0892065276526861,0.269911400682604,0.0439708071484809,0.846426066178312,0.200810871336395,-0.248914166043467,0.061671551720719,0.244052651392357,0.205034488264067,1,-0.520768233262167,0.242117919931317,0.170936402597882,0.693823177133129,0.0714956154103329,0.815332947676378,0.0728361025802048,0.722078796201311,0.0822378663833715,0.818501834092354,0.0901294285908834,0.577975454826406,0.116583559835491
0.998233618197412,0.0623271547391867,1.06635664836432,0.093292160838253,0.212148296673667,0.032687262739233,1.48451354278512,0.283432476863366,-0.324097757225131,0.0585633252542471,0.483135054621398,0.128121116948253,1,-0.577516197285494,-0.101819389878614,0.176175959638219,0.685220855334112,0.0686698656376566,0.761058330814955,0.0682516015484703,0.771888931850787,0.0753085985744491,0.684466480489194,0.0864077095491702,0.639009618002807,0.107123906895769
0.985477221854435,0.0580470845310942,0.99772126875035,0.0872137650655871,0.224352334040312,0.0344746588239511,0.854078781959874,0.203415549797655,-0.245617229965395,0.0581030451221347,0.373670634953716,0.140124781395092,1,-0.56110555301873,0.0570320455983562,0.156777106651128,0.714331038340997,0.0687044124860292,0.602924481731957,0.0686053848741262,0.703148554418069,0.0763967040531205,0.704767931992564,0.0867859328985384,0.57533860808629,0.114100440853498
0.996830870662839,0.0616737637662955,0.859149202060391,0.0807883026827495,0.237306526533678,0.0388487092897133,0.957990225095537,0.191406428247491,-0.313075577887904,0.0553391554531406,0.393580444618125,0.130980031977153,1,-0.656619552388187,-0.178154794525429,0.159581010485917,0.721904686054705,0.0665999119578662,0.658607640947695,0.0612117327377477,0.689176675592789,0.0801907936865176,0.661583839669799,0.0921118291327114,0.695350270255478,0.0972003565474202
0.979243685945749,0.0588437258080066,0.924517672957613,0.0888783757726776,0.23981932518559,0.0372721147258141,1.34513062995488,0.248583189376196,-0.333262830215921,0.0549565986166428,0.439849696860602,0.131201716327229,1,-0.586762781786788,-0.103034933983158,0.161730599087486,0.751874499682551,0.0694908017329815,0.686574694979957,0.0677151762534451,0.72862379518579,0.0750370544841095,0.642190488889151,0.0926717489044676,0.788139058049255,0.104331372784933
0.957848042173611,0.0616095445631815,0.923332391058431,0.0823057894990603,0.234821315266817,0.0377245776655427,0.86222201912055,0.190360743023746,-0.290871080789879,0.0542031806086569,0.350860881603638,0.13916699801272,1,-0.646431084263252,0.139249291124868,0.158083513229821,0.601901028869405,0.0700332242346836,0.633169881956263,0.064918740971952,0.617217465183073,0.0795467909061687,0.611400058014871,0.0971838481453508,0.68825978407601,0.110014827402211
0.92746252097325,0.0572368598099224,0.890537122781347,0.0849326000526424,0.241649309297128,0.0374320629726018,1.04566702126941,0.226029571802553,-0.294003516255529,0.0577236080960247,0.604930990458333,0.100981605451447,1,-0.584874975313449,-0.256706472313109,0.165829117253854,0.660542087100511,0.0778472223373306,0.709810611283621,0.0691200895109285,0.665145780706823,0.0738302311936164,0.617361875191189,0.0805862292980963,0.7422597614054,0.0979445692594964
1.02777173328698,0.0717996298795468,1.13936247686499,0.110452637899962,0.318509389258646,0.0510661628897874,1.12743068651385,0.231871326816473,-0.357747772066043,0.072486258103084,0.00812226165303351,0.158945104365348,1,-0.59699527310677,-0.35978769609721,0.173504395468658,0.907901569732857,0.0708634294592141,0.731242328459369,0.0727154104266177,0.790822995398314,0.0825661217322193,0.828741314776685,0.0994935237040018,0.849222730955142,0.124318632916185
1.02091995155806,0.0764118736663381,0.995421546605455,0.0973003945352243,0.264279114447733,0.0452235815969063,1.33389082651808,0.271198867555837,-0.3778965071501,0.0772003689894161,0.174294690760615,0.180966317079443,1,-0.636474946814657,0.0766306350869621,0.176030410640414,0.716513844333438,0.0784553930919468,0.716113841908636,0.074422931752084,0.744679583472147,0.084941466143459,0.596044351843678,0.0917007779007467,0.710124503016558,0.118520985329332
0.956279663744558,0.0640914191608047,0.994921452776423,0.0856399088318285,0.226431198967897,0.0340497597231425,1.03978687163117,0.207244704403901,-0.277191654676728,0.059504379447827,0.21427753204827,0.156677727740502,1,-0.571267941596558,0.00716044898355756,0.154899187656724,0.674834080906474,0.0675757339249462,0.637188634948392,0.0701427745516481,0.703662579407345,0.0739601561890681,0.654569447602706,0.082026648020089,0.625089443883443,0.120731813584867
0.99427090970616,0.0650250119087652,0.954015602451226,0.0904947124424485,0.228692204572854,0.0354138247212955,1.20307787925813,0.241826023612672,-0.34555884540801,0.061999588260691,0.25900629537838,0.154252853496245,1,-0.658793738742816,0.211080810273009,0.16361942400429,0.716527475534552,0.0726443799444468,0.528021602218598,0.0723088100059553,0.637058255185887,0.0770937419409934,0.674839402007246,0.0885896534974576,0.728518795606914,0.0972046529396506
1.05258823791435,0.0713120557484893,1.07269690439961,0.0922870982951585,0.260137093658496,0.0447468696547583,1.17062495734577,0.263764699043787,-0.289251073854283,0.0632764201235183,0.287784082228122,0.189959983876867,1,-0.524161294841792,-0.0597468173356275,0.187113398141024,0.810258303801324,0.0735278011329268,0.72142899901075,0.0708522428517275,0.653251467353347,0.08303777127509,0.736633389150886,0.0912447431757994,0.616294160347142,0.11628855979716
0.971138580291492,0.0698433143320139,1.12140383138528,0.0963342691930288,0.26647122672311,0.043492940121439,1.04313570720379,0.216624189931399,-0.327121170046355,0.0635334814879037,0.0545077154883296,0.194554505385084,1,-0.62045899405466,0.186634812490578,0.170666065410259,0.66647380912668,0.0765929235073962,0.710439633821941,0.0746185912259034,0.598631738951976,0.085271789674783,0.848888129863784,0.0951823406179082,0.735335207296966,0.12407599197413
1.06773165181861,0.0596279504717058,1.01753956954289,0.0861677028712625,0.225000809320921,0.0323655559326329,1.01460102776053,0.181326959978043,-0.345652889989844,0.0623195094938165,0.478453887414575,0.12706760256459,1,-0.723436644182459,-0.00574035546021762,0.164596876029322,0.778745405094586,0.0684603836026948,0.667506270128168,0.0671626710761839,0.71685043771369,0.0650028476443641,0.639682277853173,0.0879581061719862,0.839241701553119,0.108561875475593
0.944036176102833,0.0605916988352622,1.11803753571314,0.0885309834607473,0.247706156179446,0.0371310438448626,0.938161581646221,0.201572215211645,-0.308492960072923,0.0597162392351253,0.46631315113912,0.125451223401056,1,-0.639938200134736,-0.145929872911986,0.173084137521207,0.684047725290654,0.0689146977848308,0.749993751051694,0.0598949740998871,0.684978344067369,0.0781173932057326,0.677590272198061,0.102247743894173,0.803682672378068,0.108385570231347
1.12191863821641,0.0725300583839061,1.05319158375234,0.101595621761246,0.296561123843254,0.0468265100271053,1.29646198059618,0.279144074414076,-0.308476582499918,0.0638511860595197,0.170857599613259,0.17921773602632,1,-0.497490966010369,0.0514509106978929,0.169539421548401,0.854980465746258,0.073852285648704,0.714663462282154,0.0713134151743444,0.782029229692509,0.0808645933694781,0.782462209331359,0.0969085140780323,0.98044549539396,0.112511187168054
1.08269628537659,0.0682444488898452,0.950668515493208,0.0888017807240374,0.233239067576676,0.0382723384203673,1.13842702514245,0.230359060514189,-0.341995829680116,0.0658019403235304,0.322722937963688,0.162879541952306,1,-0.663693498783925,0.170720079903471,0.170585432292079,0.747710423350663,0.0739120488513294,0.642533926408886,0.0756589091967785,0.726654856554624,0.073029341053625,0.687263579163054,0.0950255548348187,0.58296484920004,0.122619333290252
1.04453853266134,0.0705379659319516,0.951502305616167,0.0976798222773032,0.332866574746293,0.0487725861873138,1.36066524243359,0.273752210315199,-0.371959695088675,0.0746864749359451,0.149476975563797,0.19485976979576,1,-0.552694501432266,-0.103010521451345,0.172548999801168,0.700483822537898,0.0778673711843457,0.826050141316319,0.0635619304547463,0.778617860380443,0.0861871078514573,0.811798689763659,0.0880599148326467,0.795041937770875,0.103704546897314
1.04167592828928,0.0741906413220996,0.930683816630138,0.0861636223520805,0.293346593397042,0.0462237678364825,0.99643600930089,0.189606820679375,-0.371384456732755,0.0645553504154884,-0.0368559047744784,0.140472897881356,1,-0.686923686771819,-0.137552761777722,0.151574726415302,0.790995099439089,0.0726905489669978,0.729538019449794,0.0710981873999053,0.648670829582599,0.0841574512818948,0.613563048165899,0.101031404834945,0.82208770409906,0.102108031822369
0.978671311335753,0.0547586218684541,0.912672047370474,0.0815331173655154,0.200920248663435,0.0279937056953481,0.997720405706819,0.196899634313334,-0.267470014634569,0.0494230799162429,0.480973680010765,0.105975089732078,1,-0.5973911997339,-0.068536486491509,0.169940807503905,0.69943166222717,0.0757484146763106,0.651162834596776,0.0621773486530607,0.656932387639773,0.0672999464443456,0.685835560762431,0.0841410666029594,0.629521710129359,0.102254728414391
1.00840702353166,0.0592522934057177,0.875403393938998,0.0802194634163568,0.19054807840485,0.0329081489398685,0.913595100748597,0.198884579537975,-0.27716949565005,0.0536519278720338,0.477179578984319,0.115359329880376,1,-0.664303076688088,0.0374947069087988,0.157299731970526,0.693378774007385,0.0699224562606174,0.777510773871977,0.0623415456402036,0.556098474467555,0.0792874345551604,0.669614768196453,0.0930795055229986,0.657216213519855,0.11614697956452
0.902703025680398,0.0611564178709934,0.942807213132264,0.0803279714418732,0.228999398347412,0.0355411381087908,0.772924526999412,0.187901212320887,-0.245071997274187,0.0526491451848986,0.30931694280916,0.160305296464383,1,-0.582516156181455,-0.0878384689319552,0.159543259834783,0.601122480504498,0.0718802348846906,0.784789186140707,0.0605345023081223,0.669778281169594,0.0804311579544342,0.631061908706282,0.0877951203363585,0.741753519150018,0.0954923045902462
1.04799773462413,0.0747616758347527,1.1248899349997,0.0947960957929187,0.302649775200269,0.0452092732688318,0.906124287813565,0.200603113006188,-0.281965071690377,0.0573923358902534,0.109556798399591,0.207973329951534,1,-0.538432479989701,-0.105561168941588,0.185012427420588,0.710407013445815,0.0758738375434366,0.803119796198108,0.0698715247902694,0.680303664728674,0.0780589523350905,0.682542888973852,0.0886671530227033,0.981588681344425,0.0984058283518142
1.0300519184813,0.0693220654109744,1.06676301925063,0.0943327788788653,0.294087600871817,0.0440810734575379,0.947434879036274,0.233678327013489,-0.353415332310999,0.0665978082297476,0.300152674158847,0.162199748234591,1,-0.669533551304683,-0.127440575836172,0.173096779800545,0.751382652012823,0.0707387112424042,0.694430229417503,0.0686997714424293,0.798136617258551,0.0735230466200985,0.755506030616044,0.0895293746381099,0.545424525403047,0.135805771824159
0.975925178278203,0.0539196357641855,0.966192544509031,0.0861094478608727,0.187422759550407,0.0296825937361376,0.886750138967626,0.185708558965309,-0.271278045160158,0.0507574424555741,0.243620719007474,0.172076926798486,1,-0.665430726407991,0.0280097370119619,0.14449056353072,0.642034590298956,0.0732572647534905,0.674104910676354,0.0633488670881425,0.551581342014152,0.0758570006311785,0.613932762539732,0.0881525316518359,0.81681175811312,0.102338224173741
1.01364576512684,0.0693711631744802,1.02641990932421,0.0895539559172507,0.235736615077024,0.0363310650285701,0.944854027987315,0.198906559863257,-0.29441943144902,0.0570977546861162,0.233394234445881,0.162078378032782,1,-0.623836223336731,0.138336207156839,0.171860040784731,0.669510692140307,0.0766241245959735,0.62271026631273,0.0806187047209404,0.659108452884835,0.0773108684355726,0.699660597338436,0.0926834850098383,0.599575831555716,0.10207693727602
0.985642753578559,0.0671904696287129,0.981334721870355,0.0828888935279945,0.242248431250911,0.0437305289986026,0.833874536244927,0.192181530340508,-0.257416182540815,0.0588405327805925,0.38885550682867,0.147857705041468,1,-0.572736686651491,-0.0439252281865393,0.172576782449957,0.661098368662426,0.0774609228303633,0.685923586957489,0.0633856150313373,0.542336087341457,0.0854158763980821,0.789292652212412,0.087640536509565,0.78257617593471,0.113402667699781
0.980208090171324,0.0653943775864772,1.03115271966054,0.0929002207861643,0.241393686370857,0.0397570115673044,1.08403237897377,0.231707214158464,-0.279766413717968,0.0592259520173955,0.323356452987393,0.164767187947084,1,-0.546904497795446,0.0562365675258888,0.167811177706055,0.792942209710049,0.0689779030614031,0.545173502735783,0.0730017004143654,0.839615418615766,0.0769092711307919,0.640606257435885,0.100225491382379,0.561158841040971,0.122230684825603
0.941032531866851,0.060621846073398,0.938901544109909,0.0855549838331025,0.262083159368917,0.0401880157238816,1.26131930871979,0.250378974760201,-0.415391518829036,0.0738338497323515,0.38315418346007,0.158491772655332,1,-0.722479527735861,-0.322102187684527,0.167241145998186,0.77881054994734,0.0723542997230495,0.67324493368743,0.0673876172063549,0.685174757906724,0.0771738553241553,0.726609101195576,0.0866612478575331,0.624117538521086,0.120383946403252
1.04647012439564,0.0820939957723255,1.05033321260394,0.101364286127636,0.315856877312175,0.0528714388596917,0.904289945711646,0.202732245783903,-0.311850952771536,0.0640767533815471,0.110252610737144,0.213787150279619,1,-0.583509667050049,-0.261400727024064,0.187280808686324,0.779595760852532,0.07985805054727,0.724311593860351,0.0737583169111047,0.75077876997668,0.0869632677042196,0.818501529426391,0.096026318966721,0.839398528794824,0.124117310315914
1.01501621695347,0.0602401235981936,0.994893028537658,0.0878788439094015,0.216971660814514,0.0316075340553807,0.972247849110937,0.191534950874015,-0.239516031322029,0.0535722557097563,0.364312430047993,0.133040378262836,1,-0.521488318821874,0.00288009806201039,0.161355149976067,0.805352303656189,0.0688248107582502,0.653017721129789,0.0651327851000395,0.751583253383056,0.0704637662658712,0.677624625186416,0.0835862348344089,0.83243395639548,0.109891032354062
0.920715632160784,0.0585150364904276,1.00180896144462,0.0879553137967489,0.231013243906385,0.0364894605148871,1.02916881540018,0.22185814299547,-0.349522231170017,0.0625102077443936,0.426037726031004,0.125134956153523,1,-0.716824855123242,-0.166471344813405,0.164348601548847,0.760656591055037,0.0696591623587205,0.596193502666618,0.0665943409626006,0.693215503185975,0.0706350797260762,0.48870012365964,0.0978835238365782,0.708031807523368,0.121895518157503
1.07172001181816,0.0634153475866842,0.87079047435835,0.0839678813505324,0.238284806628844,0.0358763226685814,1.00193883858717,0.189639161897981,-0.269870717330096,0.0544225118591388,0.398634256292579,0.151206053346257,1,-0.552315182439018,0.112490977778167,0.169276064999916,0.692810529297385,0.0700121364896585,0.729928751437643,0.0706891843280318,0.680860178902622,0.072097183175125,0.616605016020025,0.0889755617598015,0.721624833303344,0.119473714217845
0.915068052602439,0.0536852599765562,0.980470271166658,0.0782204678452779,0.223381713964503,0.0343381204449615,0.756295668789682,0.154266858345223,-0.32394219162959,0.0516929300813513,0.345733659905803,0.135883565516171,1,-0.788130074173252,-0.130655842069348,0.150796898104579,0.704369980752211,0.0654529601440076,0.60768111677059,0.0615410007630874,0.766870520166058,0.069841903746713,0.654100930410174,0.102436862890628,0.553005877781288,0.113339352259159
0.987616319793916,0.0650953788311291,0.925665658228135,0.0918841483700439,0.265743006602768,0.0427906335413642,0.975045215812144,0.222227817456173,-0.279932155910544,0.0576456426178895,0.219203134578152,0.155325863984279,1,-0.549932629731859,-0.214581796197574,0.166879805426951,0.698108530071141,0.0758770940346605,0.750376397251933,0.0602859222492887,0.601720047219519,0.0821734168041484,0.584499503893161,0.0981204090334044,0.784950000637726,0.116793590407774
0.911714599517475,0.0542763667624309,0.947258288252942,0.0817810616583318,0.165034077230489,0.02801077576061,1.01591444504437,0.192723369915125,-0.250380390904731,0.0475435995741883,0.418410500275934,0.136850063101494,1,-0.611483764785561,0.176083540647341,0.156146384703296,0.584308514957398,0.076027500819085,0.649160672927734,0.068757543397048,0.525402367174705,0.0766540788014081,0.589248248787482,0.090392419965809,0.623961951017903,0.0965235820735535
1.05283478248153,0.069298712147739,1.0133560414425,0.0891241981679534,0.321334062700172,0.0473920943602778,1.19997283298741,0.227901466820588,-0.432143006805052,0.0715286581336198,0.337411059812576,0.168459793593363,1,-0.695926541309898,-0.126292657676955,0.169503952581273,0.846926513159768,0.0669576495142327,0.763289114819248,0.0654951789522243,0.764849382388238,0.0821925007667389,0.772495232756951,0.0890231727028396,0.591272012805286,0.115558136118472
0.952985280829518,0.0549627352390093,0.883245832123296,0.0807807834928526,0.22437385765891,0.0327255853955176,0.782173601856835,0.166738002699189,-0.248289872727823,0.0520179191560092,0.332579535870194,0.136580490558821,1,-0.592681404236064,-0.035514385389276,0.171211501613067,0.576538913303668,0.077113254590325,0.733943743420822,0.0597194116754904,0.599567674202241,0.0794162719238466,0.547198451192623,0.0930746831543823,0.923091310860637,0.0967603770527659
0.941779315574107,0.0575959535686027,0.929777917927826,0.0793393564528949,0.241234561866604,0.0353882500925746,0.759242409741004,0.149079953671166,-0.269768072312776,0.0482731555678473,0.240928292313837,0.167223189952674,1,-0.630348254157582,0.141948824558796,0.155338302207601,0.545474333445295,0.0709592942280099,0.680651795483125,0.0677320213081365,0.623593457166247,0.069348782758983,0.666571061229706,0.0813404070529027,0.726397144468317,0.108854814113329
0.97533038396932,0.0642667357172385,1.17866927601538,0.0959421678482042,0.243849409153637,0.0382568514529303,1.12080738904161,0.215737408427472,-0.289204856895677,0.0554330798200367,0.17624329980275,0.164878357574628,1,-0.553196260476812,-0.158372443402819,0.168998666954845,0.704887347265342,0.0785247421834508,0.697675969685919,0.0674786095066694,0.703135900924246,0.0767630646498275,0.749270801433591,0.0779617843943947,0.782253630506466,0.107406578320336
1.00814201166477,0.0623573318427524,1.0315068004798,0.0892810772424531,0.291008383356319,0.0464242233810994,1.19364655415009,0.230703702873949,-0.350653186162928,0.0680137383245105,0.408758430111661,0.167454042170591,1,-0.594959173179082,-0.116494658075191,0.163089278945854,0.778188482865145,0.0672783522593384,0.732254811824685,0.0645180669969447,0.70739703001601,0.0798293052634769,0.633788150593795,0.0988677094322639,0.682943777258181,0.108345848802175
0.969968329017789,0.0684403000302067,1.15150551803506,0.0980670616171643,0.290575989879185,0.0448599458765509,0.972709247013607,0.206629757832228,-0.328288000776456,0.0678222869177219,0.165211596973769,0.174217865582147,1,-0.617495253907859,-0.0849794520278149,0.173016591993606,0.760180195768493,0.0706971245159412,0.663799992436305,0.0726879558740831,0.740008479515807,0.0738745496822044,0.705664107418519,0.095079009565691,0.624307301685398,0.127744128454169
0.968979227558072,0.0500764315217063,1.00553402405119,0.0850887749485794,0.220596051399091,0.0313533518711696,0.956071921907959,0.195384185334032,-0.264341402494084,0.052805523476036,0.306386340030157,0.152693267137517,1,-0.575600338517804,-0.214062877622908,0.158787747542755,0.737238490085654,0.0670477455587071,0.686119189890837,0.0627426932164812,0.767899713840746,0.0738852854657006,0.639149534650995,0.08896340510434,0.596178991380276,0.112110862924874
1.05995028298494,0.0660058838408963,1.01760211350382,0.0979098532682927,0.250002963217315,0.0397469727161185,1.21859997753211,0.24718360104173,-0.341976893216395,0.0637604543199272,0.435454610106925,0.143464002507923,1,-0.619574594755757,-0.0951243265150997,0.175397174296583,0.79360751600619,0.0764449965428142,0.704765472486938,0.0669851430210355,0.668662828043152,0.0799484350792006,0.656318352044189,0.0920649582864847,0.84052134539148,0.107010340276818
0.914344609468536,0.0614247809075,0.95645075120086,0.0858195974325584,0.234621722890578,0.0341811927840791,0.917433329610322,0.194511166278113,-0.300946924823865,0.0532129997297484,0.314551457203709,0.155756666261269,1,-0.648662129208978,-0.165370385937217,0.172381460564455,0.658281358316267,0.0729107451241499,0.716060353789081,0.0698767340079083,0.679576098506521,0.0763631773676383,0.525747954078698,0.092287948857653,0.567256708699372,0.109444807116688
0.98936862201948,0.0579207735270697,1.07555000408561,0.0828099790215394,0.234331163241604,0.0342887549532837,0.953406068345821,0.200888606711902,-0.274488446958067,0.0528122142454346,0.35375184911999,0.169474940099846,1,-0.580724421291263,-0.0339690500758003,0.161331407103975,0.765601793499611,0.0665838857573151,0.61998187296301,0.0645943755160715,0.693118438537514,0.0689864685530693,0.626431656036563,0.092223817614863,0.613707664602444,0.120653853762133
1.04140731946598,0.0616220374736776,1.07868238555236,0.0892273795437798,0.233563802468225,0.0354827741040817,1.05963466156777,0.20844490670629,-0.313126554110347,0.0585355831611587,0.341443419259215,0.152996400825235,1,-0.629417845710324,-0.106760398976415,0.165879481513542,0.788335710299089,0.066744971073393,0.648807707706666,0.0649072924654025,0.815500237215086,0.0693419005675374,0.668057767522785,0.0906934689884116,0.558520398951233,0.114493977608074
0.963762217352129,0.0672921752226015,1.00567289411454,0.0908719877643133,0.278433031529301,0.046178280584836,0.799660768643,0.184835752553662,-0.277341284157055,0.0559504131767955,-0.0150884385118342,0.14878370780989,1,-0.587761654193261,-0.345370367322526,0.168411212525306,0.690726250986266,0.0764156972034142,0.731660490319103,0.0706265755085404,0.699557906381264,0.0837152226106106,0.745133147037971,0.0910717487531252,0.66033666808964,0.121858143550731
0.900499229994894,0.0550750889452965,0.908375861436974,0.0805956519103549,0.222449860503847,0.0324141693951141,0.705876247326612,0.171660404996769,-0.244390608466002,0.0470579902779234,0.427205608820113,0.126410315856935,1,-0.616742901633418,-0.0774773154002866,0.154159629686234,0.616296057294183,0.0702774510047701,0.654499802424897,0.0620621628774342,0.581165149140091,0.0724528025483787,0.806463131228149,0.0810081398687619,0.457546294416851,0.139563908700451
0.959872708858194,0.059151699608124,0.92372709803625,0.0815785093231854,0.233225370204181,0.0339881675772177,0.635944978936022,0.147197127824254,-0.207855538994145,0.0426121766704398,0.367886626930455,0.13611111374388,1,-0.539714312692242,-0.0943159568668188,0.156724610482641,0.670774212477917,0.0703552427792586,0.607531997982994,0.06084420171721,0.762073065621654,0.0676073289454329,0.644761159479034,0.0886905032344571,0.725403983741265,0.107415361834196
0.976187244764394,0.0657889203511489,1.04454937580966,0.0947647128119507,0.26578378788072,0.0453739701618094,0.96888156683623,0.194707669528111,-0.324897968274813,0.06324737435542,0.16727478965914,0.151203520971962,1,-0.640246783785042,-0.224057019105015,0.167978591023537,0.714243643209179,0.0749608883057976,0.728909748493965,0.0674248599300835,0.643402557736882,0.0843099863073082,0.716953843874394,0.0928457100561239,0.732976857829402,0.112533571253549
1.01002678759397,0.0611266903694843,0.924271525671624,0.0823312219936975,0.214563828173221,0.0317236297810689,0.854272269391183,0.176627381062837,-0.28689187891937,0.0504223934063823,0.252347148213116,0.125875260451062,1,-0.670103437493781,0.0958143224198787,0.147104448390167,0.630948624310693,0.0672426641580486,0.665296470086325,0.0640421397217855,0.674177219098807,0.0684011042333109,0.663376279886072,0.0896693953197135,0.638627308061296,0.10746610603469
1.09473992816471,0.0802292054803371,1.09403365908815,0.108774950772946,0.334802675692001,0.0594053921268878,1.23664486781082,0.274547910814651,-0.290734377251728,0.0698690946408495,0.238309827809715,0.214225228633297,1,-0.451834540182475,-0.055706062296949,0.181409461772162,0.753691632828599,0.0716957514344542,0.780640254714623,0.0743531328843539,0.761573319667128,0.08481440277989,0.74394305895017,0.103455070441826,0.882236232331099,0.124709561084999
0.890805568435815,0.0592025034133255,0.988256590145612,0.083371331959084,0.25421614419469,0.0395055986912688,0.775104399302874,0.182415488556361,-0.291111270390258,0.0576967456181765,0.225175959561186,0.165749310834872,1,-0.655808973587085,-0.326318475475962,0.157730796114564,0.730824520214955,0.0651811000011394,0.631454541331034,0.0676470406010247,0.619466615135592,0.0834654201087527,0.716467879205219,0.0924691149221795,0.559679203158295,0.125072969343348
1.06818723166447,0.0683484749588272,0.942116673963704,0.0915299004875901,0.23314315727422,0.0372869951940446,0.706949060620261,0.164871576738517,-0.215639367442755,0.0494881297735237,-0.0290405807094296,0.145764043443189,1,-0.531156684784237,0.0978528065471014,0.166252247096339,0.761125635797508,0.0744396250711252,0.680526515317418,0.06980764076443,0.679987337818391,0.0847923857850114,0.669929477210528,0.0830246069252059,0.721677039783919,0.118555975127312
1.0350134423099,0.0669364222454315,1.17662364159944,0.0991544090197022,0.272119364494054,0.0428756614981386,1.47431132530668,0.282988109100297,-0.440179355325583,0.0781223715603777,0.532133121678951,0.10900353046371,1,-0.694952857766147,-0.144376387420181,0.180051752390288,0.796826432896487,0.0800801454021756,0.855523095179747,0.0712858966141872,0.728794688918907,0.0664551716696317,0.73307381458523,0.093572376693637,0.854781531585981,0.128220309665259
1.0900006887542,0.0742149682229989,0.958673001317735,0.0948446465636181,0.284886975149472,0.0490289541580168,1.04414609302404,0.202705290244929,-0.331961365385827,0.0661108264179338,0.11576889887104,0.186439556665456,1,-0.60865418333174,0.24506285999721,0.172243418845712,0.705976346413554,0.0794956309270549,0.755066985181757,0.0713517812503483,0.749768021843948,0.0859808342518199,0.633821895835079,0.0957762122731142,0.687606915311902,0.122996111574938
1.01006337939717,0.0497419529800762,0.954943598086742,0.0822846226209034,0.221177032592705,0.0316979639750263,1.07002759089877,0.201777852876001,-0.301022304313058,0.0532882210067505,0.505520799938473,0.108308140261508,1,-0.618772742360383,0.15039511006654,0.151526896925087,0.62962949182125,0.0700456622646494,0.696048283736402,0.0581239301431251,0.718110425582916,0.0632403697837025,0.661158019917521,0.0791811255411934,0.737495614988295,0.102983421525811
0.994337236639273,0.0615620996320023,0.954149091380483,0.0882605660168646,0.259391471988501,0.040494854670491,1.15774631919568,0.229343349354507,-0.330269672657916,0.0610236400984245,0.390318210380873,0.164481134859662,1,-0.602676343496163,-0.172205554959356,0.175576254398781,0.840621314563156,0.069722919000226,0.723180853854357,0.0713782220310677,0.674301859543192,0.0716243351374705,0.658940782000888,0.0892325074837831,0.613444230993833,0.113423263478673
1.00725671257162,0.0678030859998299,1.02319737551513,0.0960810504512305,0.256093281569672,0.0397679004744389,1.6661712918967,0.290903270393621,-0.400820201492125,0.070777567410077,0.58459929577025,0.105573880962971,1,-0.61360753743554,-0.040555255300232,0.188459677235408,0.719246905690153,0.0833627797007108,0.802928472362918,0.0670906187242133,0.666348063745871,0.0690677942111205,0.671801564656397,0.0973508154694795,0.644739456539758,0.111127573069329
1.02479537159072,0.0610756175862361,1.00500233628868,0.0846294299121303,0.233832257549228,0.0381365065225329,0.948696748385669,0.200508843266373,-0.291040352351371,0.0519321804154277,0.454623887070818,0.144073014366402,1,-0.617927168277634,0.222910048858121,0.183715526986124,0.662951548205244,0.0720655663181123,0.62607450519024,0.0702293768592704,0.687756905378064,0.0717104919226937,0.680720816569767,0.0801638313816476,0.825741000129783,0.0991490227215205
1.03208424865049,0.0667968848029458,0.949007618047919,0.0832368622419696,0.223337772773331,0.0391865708410579,0.967495156706205,0.186468928906775,-0.291868276531199,0.0566085750516216,0.426449952707779,0.151000003399522,1,-0.627886872835886,-0.0174480923511532,0.180676734792706,0.807447377886553,0.0665335406006062,0.58093278177842,0.0742380101047342,0.748214034010897,0.0753373151719363,0.728450072330433,0.0855985390229614,0.663665140382828,0.119057395086833
1.0706274045447,0.0702179953730949,1.03388568537545,0.096036495906105,0.277163172443206,0.0435742010839091,1.23290995710132,0.230575625700651,-0.32260588535854,0.0605367668817093,0.251323966769075,0.175167833666243,1,-0.551872615182309,0.093022681677919,0.170658931551535,0.696648775383366,0.0730063363184257,0.712730763969801,0.0696342792895859,0.854794482101613,0.0773085212247587,0.844357400552659,0.0901868333706167,0.862497090928591,0.120668779563222
0.927556346210905,0.0599095121453007,1.00414161149004,0.0890601180319481,0.268789870043147,0.0385551413443974,1.09761871971524,0.244444369151039,-0.337906687293588,0.0633108882181433,0.204505676512009,0.159648401717715,1,-0.622106279950287,0.0555776817767657,0.163215687935764,0.58414770420425,0.0748547610480018,0.707572985157676,0.0654754108513122,0.68955754803451,0.0744224989840894,0.766812647433593,0.0801877271022963,0.804512731524543,0.101298856168437
0.991159694935985,0.05720514641033,0.977008154940236,0.0837766798397256,0.225261975693458,0.0321369105633446,0.813223887999724,0.171458457667841,-0.240091845175139,0.0488144444064122,0.291612181297245,0.156658671685642,1,-0.560955488018679,-0.0536659560387972,0.168229532041105,0.761643386299689,0.0691136685522247,0.595812432425195,0.0717033030956631,0.731672181774144,0.0710712740562561,0.703593791279445,0.0872887743544026,0.734266536891982,0.113915020636745
1.08167678715974,0.0686556816363571,1.14705768919012,0.103613945026092,0.352473482680624,0.0520159454333916,1.26124845029224,0.245121805082642,-0.377431673530925,0.0709872056011569,0.0562771927729417,0.166598339490137,1,-0.566076068631506,-0.0228709375102126,0.163706488240906,0.787817017463667,0.0743733520033616,0.677123315167039,0.0749224954721805,0.781112290052874,0.0787631727771856,0.830739629510931,0.0843743602256786,0.763041723295467,0.110856211214271
0.999859367143518,0.0615361019584725,0.885177485384455,0.0902282160937996,0.239537165743808,0.0382859533523368,0.986670278420195,0.19458516035189,-0.319170208743414,0.0533865102234355,0.390538158841587,0.140257616553805,1,-0.656522888068523,0.11581354015042,0.162802778972321,0.70852276628493,0.0646901771701427,0.62639813343272,0.066876233128951,0.71713125752765,0.0759961970616644,0.639181478590121,0.0921317023164115,0.683961564358234,0.10219767341463
1.07665163321345,0.0631217846944472,1.02764218633341,0.0871892183302682,0.2344042885745,0.0381967207381875,0.898273469612311,0.185170337709183,-0.250817597844308,0.0496110376425533,0.434833232659981,0.130745432774217,1,-0.54660165345426,0.154921726012382,0.164457154184438,0.659421477202377,0.071925953122312,0.626891398038696,0.0723377582561014,0.747710778868727,0.0696272937062382,0.708635717455639,0.0929672244335448,0.694344846763918,0.110667684368986
1.01753684712231,0.0652974691569929,0.993161861851109,0.0900458881356912,0.231814235451919,0.0395391036105648,1.30269710666307,0.244965155291676,-0.318899793612951,0.0563600892676224,0.393907327250507,0.129406277564086,1,-0.580313218193671,-0.090399888763386,0.160211245016211,0.688053164854641,0.0763264657932393,0.727870165988168,0.0622559078685509,0.720129632274019,0.0763984082664369,0.676223002701814,0.0897710408960365,0.896778887809159,0.112799957872932
1.00212026555219,0.0592011636801444,0.967907661002603,0.0936931382753846,0.216451601040935,0.0317564714211436,1.24729928843393,0.249630163511529,-0.285096388185193,0.052611777291051,0.32497152253562,0.165156956032346,1,-0.548688650260365,-0.0579089423547368,0.153850561591856,0.649445366421771,0.075325514381543,0.754520235086247,0.059790806627229,0.594642719923692,0.0751131835046967,0.752220523922911,0.0915383596412887,0.714811624197321,0.126301227526121
0.991097163571476,0.066399672508828,0.993756833384276,0.0888638075045315,0.257572946227789,0.0405540476083078,1.13655232996375,0.234036414310476,-0.386398147699798,0.0694897586564259,0.414700833791527,0.133195358210065,1,-0.71415124017361,-0.105409171770926,0.159009478639252,0.7464958570108,0.0683596036414359,0.701404604180976,0.0702328553606885,0.695719243433331,0.0727894052561552,0.82911422567042,0.0943100395348132,0.614468987038975,0.126713005564766
1.0392829836601,0.0658080368387247,0.945389916733721,0.0975540898554161,0.257934695741778,0.042189959808618,1.26161635226501,0.267712394930854,-0.346857224933585,0.0685727973737406,0.201657493212764,0.171299510506264,1,-0.608040080937025,0.230284196412501,0.158545279353314,0.660354902282146,0.0749803927115943,0.65254127068342,0.0739017775089029,0.812013301021618,0.0771567072441834,0.681561035223304,0.0903667739440086,0.705846018532911,0.104420319893589
0.998487665625667,0.0572799648101788,0.956697365024532,0.0808582226146566,0.213665050628064,0.034861670197918,0.783811469530029,0.185177940021356,-0.24277126141536,0.051087939007311,0.494323651128311,0.103275551549905,1,-0.593232209156104,-0.0434025593544867,0.163665267440278,0.683888208269789,0.0666067311080885,0.679462774585604,0.0599344092127957,0.762627485445532,0.0709893050422073,0.623651018667695,0.0980012887270684,0.599182146007734,0.119270842343992
0.973854609530686,0.0572515056035404,0.935765590165329,0.0844553704383534,0.233076444812392,0.032758464990195,0.958908976905898,0.197605942003603,-0.321373101046475,0.0534399084398079,0.376676836170697,0.144802916720439,1,-0.679785096238675,0.113031362941909,0.143214605966551,0.642173757509678,0.0645779519310122,0.692295828203558,0.0645248257156345,0.574633135607103,0.0744879461772274,0.618690234474383,0.0801494984995822,0.658543175079075,0.102533817974615
0.891233051833249,0.0583948329001353,1.02355232887792,0.0865541918127987,0.231472726122316,0.0362048969455043,0.962043789064246,0.176348373421412,-0.320433443007604,0.0577785375536601,0.119584134482826,0.156231391796526,1,-0.679032409078305,-0.109535063627519,0.138209563181328,0.630224663628479,0.0724469776567707,0.647821728463615,0.0644655454863611,0.719849167815446,0.074459724026204,0.557999713723205,0.0980636101797994,0.717884333196452,0.119084908824339
0.996340571607395,0.0523862190813208,0.830850617634635,0.074647569898832,0.195926690179639,0.0297787015919694,0.688379040488625,0.150857705310158,-0.217114238663078,0.0462965795305327,0.487544433777416,0.113652664703863,1,-0.591190825503229,0.185384154660883,0.152177167127904,0.714746345572388,0.0687305037432224,0.596213559068093,0.0599917867314571,0.611242842904988,0.0750042186297659,0.568377210400789,0.0803837546383656,0.585104016910327,0.0971349929871142
1.00654857663071,0.0679330203083216,0.75610058379396,0.0851841149053832,0.249279832365349,0.0398506195428033,0.946575168169012,0.221098000938958,-0.296341440403689,0.0598237407667931,0.061487026905286,0.165925170874365,1,-0.610058189997579,-0.225255689052082,0.166610674045166,0.70792417341411,0.0766484536084658,0.73270222538159,0.0710398516277568,0.735598049973464,0.0725648309440061,0.691671977234483,0.0947425426873139,0.462624574684626,0.128095120407475
0.987684222327773,0.0566479904403171,0.840896412142493,0.0808625312062965,0.225917165478425,0.0344826665747437,0.803885093457475,0.174296103899797,-0.276031995600386,0.0515202780541881,0.226398031196616,0.1431580483619,1,-0.647720768096944,-0.0324188111591901,0.149399340296553,0.738442853758108,0.0639072881908574,0.557789774015295,0.0687678082850184,0.756034320002445,0.0752818999633876,0.627687212995044,0.0936913644879489,0.691774543413974,0.120493230673334
1.01226653803762,0.0595789126819186,0.948830827613738,0.087801003382568,0.261316647846418,0.0391896079577403,1.02134747163843,0.228993100221045,-0.326159553481793,0.0643096572824262,0.293891657455605,0.144192450133907,1,-0.631334911540734,-0.0665301710883146,0.15648645972254,0.723114341097626,0.0699789287147859,0.639256398895102,0.0684706997680593,0.67739986366942,0.0739424136590746,0.770152016357229,0.0802813693526383,0.558541193495529,0.116480345579187
1.11333559652842,0.0772108848101136,0.948504315083145,0.0927147330888285,0.304914519210904,0.050360681522864,1.11705669313347,0.230559421986476,-0.355135822217573,0.0656905989023051,0.0996566594271921,0.200796967771574,1,-0.608510142642783,-0.0564198159072033,0.179554129746384,0.757503686659351,0.0758088303627394,0.777683314272994,0.0755480771095875,0.779779977184674,0.0796321160337299,0.827678331145146,0.0920632666578506,0.695822624101014,0.118610171195287
1.00131410948812,0.0642877821753196,1.07453550881087,0.09435147279374,0.257147138499269,0.0430053633672429,1.33900992884742,0.248375601721927,-0.328707678485194,0.06470704394618,0.321880078170039,0.163580207881796,1,-0.560179359317135,0.0517611275188058,0.17499587192723,0.705711585148544,0.0730217012981907,0.754862038246026,0.0666275078713181,0.721777835190538,0.0789692828181149,0.703678291018546,0.0915267529765932,0.78508731231113,0.118844523377603
0.979799122734714,0.0604969737148982,1.12129821336758,0.0917481620570108,0.250379008921533,0.0373202402068218,1.05077358472944,0.219970503586573,-0.334377071064364,0.0636147756210037,0.364139433062962,0.163200452189572,1,-0.651902967542227,-0.0936147313226286,0.178711207024477,0.683167419057897,0.0817749996484716,0.651427383443635,0.0709164562503377,0.689292377982234,0.0753685908143536,0.685260195395298,0.0857709978082132,0.718489929111186,0.0959964880128749
1.02762479446919,0.06931575102732,1.19323488247028,0.106988309738793,0.294243567235366,0.0466567871959708,1.26527755764226,0.255560394063323,-0.288623382194906,0.0646257146446905,0.020965141059186,0.173598379277387,1,-0.473026117718654,-0.0738135960144032,0.184645139599507,0.818691903081452,0.0736145169158186,0.801266387539835,0.0703923765707681,0.728454922885208,0.0798101375103074,0.824320192663744,0.0912103810235776,0.745629228374215,0.104699262878863
0.970151622155531,0.054836850081196,0.96720025070015,0.0797607248071632,0.200513034391529,0.0289444111577383,0.694210636842287,0.145083863089563,-0.241841372563605,0.0448604365665692,0.482847972137961,0.119161138118849,1,-0.648206919131438,0.0878575672062399,0.159708972643852,0.642413925602171,0.0740525356465795,0.554249600395239,0.0694492945684837,0.764582596711792,0.0603055088282724,0.717891408876423,0.0882252381589008,0.583243343742198,0.103549035292372
1.02348034972383,0.063062511311337,0.963430295209055,0.0899483697973631,0.269231743976664,0.0371001783137579,1.1472306661227,0.265001161116074,-0.402502137449687,0.0723554762320447,0.316587859103148,0.15787164596365,1,-0.724235293514927,0.0919243135717901,0.177157324201798,0.693294960394088,0.0797508025337303,0.759149158370748,0.0650009422970346,0.660257830979084,0.0731275779511225,0.658409890237988,0.0845750968701301,0.806839144193968,0.100319059053373
0.886416364877985,0.0604186688550986,1.04315793791533,0.0878085439020009,0.240958825777535,0.0358779936678611,0.883590382269368,0.188913167357781,-0.316345787302937,0.056458105204989,0.116556685618822,0.165115495087406,1,-0.685591060859417,-0.37539779783069,0.168211363547228,0.842651136669008,0.0691672674938071,0.553814062535948,0.0729902394240328,0.611914170875893,0.0760725874526995,0.698349072369761,0.090946856945653,0.692809009300053,0.108584625852205
1.00846802756154,0.0671984043407682,0.980342873966136,0.0822672040076842,0.258250435225724,0.036845641933289,0.598240443807078,0.149406828552387,-0.249806469102394,0.0526184303147686,0.147250078975577,0.176121887555335,1,-0.635543475820375,-0.0872891978223454,0.155647988873359,0.744764964830086,0.07556583450932,0.679009413134537,0.0652223111339763,0.665854089796831,0.0736655160745647,0.732456925913103,0.0822048198601194,0.774000185725209,0.11013762065671
0.971617998516079,0.0603869799649925,0.99427078567283,0.0827969903672379,0.214369917727667,0.0313477269356298,0.938413401948856,0.179862611312958,-0.33122304838207,0.0571744189504619,0.512413476623675,0.120446379374881,1,-0.738484744987731,0.0555645956824154,0.182000073976175,0.696142894382621,0.0693680393962996,0.677333374758591,0.0708119284673018,0.64939727208435,0.0733108547587623,0.566910967508684,0.07795975210728,0.759981389458585,0.0990573102823292
1.02144303873731,0.0627703035372477,1.00638963210779,0.100853544907395,0.216635586033118,0.0317846337512841,1.10804225681274,0.246980677111455,-0.275215282945994,0.0560968099569002,0.371230173362143,0.153454446499657,1,-0.561732415657081,-0.00428528450741089,0.16235843985723,0.751342637854675,0.0650473640232204,0.667476330397654,0.0717281597080588,0.715682879769355,0.074895237616613,0.696194187656269,0.0953996652696252,0.595573554309916,0.123465076304622
0.983884592057181,0.0577516745686315,0.952441143396878,0.0835840643110392,0.216368768478107,0.0314585453473226,0.900300169688828,0.202829673690954,-0.282477650910851,0.0533128529153442,0.491421949043359,0.0963849748065926,1,-0.640019403012025,-0.296049224119961,0.16572086959131,0.818217438685468,0.0671186837636787,0.67285919211053,0.0662233025019987,0.677777886890645,0.0688988443991484,0.677603166296324,0.0864507831895296,0.733357790287062,0.0992812868963544
0.960356106630321,0.0594032630790443,1.01410115946444,0.087390279266841,0.267207462229141,0.0420218400538624,0.836322312611572,0.18017891664573,-0.2773052821161,0.0534222440934376,0.320430739004397,0.176351238329384,1,-0.586606686562353,-0.130167310958318,0.161212659134893,0.698735543123215,0.0730491410363586,0.680411456899761,0.0641554103390328,0.724819395158827,0.0666019699484342,0.669118156150863,0.0994612224650073,0.628404230037278,0.123524369429465
1.08072550457446,0.0638142842581319,0.981078641296952,0.0860937896802448,0.275893108672223,0.0420789942139976,0.864787452478566,0.196797322056061,-0.34450623285045,0.0614202341203348,0.377935841228304,0.148497535265321,1,-0.705296887758456,0.0704415314016133,0.171727471553277,0.776636585630475,0.0691172912458688,0.688107411462816,0.0664279238783895,0.733208779156518,0.0752462417364529,0.85872737899653,0.0831733493771845,0.610593398100538,0.102314882084878
1.00920498953979,0.0576012593301393,1.09385286723133,0.0850019182243371,0.257387850104401,0.0393096808641891,0.809955932471465,0.180709579143849,-0.321592660707176,0.061064909923694,0.429533962610259,0.121055725076298,1,-0.70433847438753,0.192151399892865,0.155487770944348,0.614774877965527,0.0741252097612589,0.698542296825395,0.063845242412243,0.760520654616653,0.0689194000687438,0.634310882548218,0.0872568581776379,0.687748576180736,0.113959115529549
0.988976400202127,0.0624642691807496,0.949983794217295,0.0935885209877424,0.29038431816632,0.0436824288568024,1.13603901628974,0.243261655744035,-0.392648482620987,0.071191832233876,0.443080706455009,0.138580299507022,1,-0.683629382268621,0.106073283382127,0.158709892512941,0.663597216131553,0.0716928827260504,0.686202775135526,0.0674180561458123,0.626353682884326,0.0738723352516937,0.611347224778798,0.0922817647246247,0.730658948958122,0.108929542307962
1.07144867051157,0.072223377970409,1.05267789903544,0.101786426550129,0.275726134971974,0.0434003131491651,1.26760067160931,0.232260445352857,-0.288924224973326,0.059631505974159,0.207262889290927,0.161555139162497,1,-0.488712852021789,0.00228490974961046,0.174040659305955,0.739304459865131,0.0759726457902952,0.712957109067981,0.0680840501956194,0.707039067554505,0.0791715081094159,0.684992934094779,0.0911724996405184,0.837574194841697,0.107455423999552
1.08356106876669,0.0668360269655402,0.93472011447157,0.0928391775878839,0.253202920467099,0.0404699559847466,1.09620197931642,0.229118748984135,-0.323294639610493,0.0638470493625483,0.170067764649809,0.164759727027659,1,-0.613647342268496,0.192897819949238,0.153348482334465,0.697245673762927,0.065450005182468,0.638702464667855,0.0718388966061086,0.733514374800926,0.0796987892980579,0.707449386206622,0.0888370940041952,0.824508825831819,0.101463471780017
0.996150689834401,0.063906731006412,0.821131680429471,0.0836310087368031,0.228854247337392,0.0341027430002471,0.694607827223178,0.16142346919002,-0.288419009643363,0.0530667155738334,0.0694642712884498,0.144265727261206,1,-0.723393423741525,-0.0793307414824837,0.171660573338702,0.691898719395301,0.0782484659414412,0.670234159718898,0.0620524162670994,0.664830031667304,0.0756258881032224,0.655895084663429,0.087658538821415,0.517371324364537,0.123178101028789
1.03499055573335,0.0746715225880985,0.982659119033462,0.0890092101554922,0.293770130611179,0.0496938733213047,0.827897559448609,0.20195297723475,-0.339636076060738,0.0656117364194528,0.148321297273025,0.19563493894067,1,-0.688686699066116,0.17238103469428,0.173058757569072,0.722170961778079,0.0674931798808633,0.653737666142659,0.0753071125309167,0.814079766571898,0.0758335288672688,0.829591534741933,0.106054360130213,0.766038579782628,0.133936015632586
0.957242802637937,0.0592294641274939,0.97266600873291,0.0943326337584254,0.225823588683657,0.0355297025443829,0.968745507841113,0.227663339557049,-0.276279143619731,0.0594796167842562,0.547826813603926,0.122690167493384,1,-0.590688611827518,0.0137131849954846,0.189702500751753,0.673697244799493,0.0795384366767201,0.692112212901453,0.0713581041561669,0.653650817025033,0.0766821949547763,0.760810659916243,0.0814772256097292,0.414004209166698,0.127697755037426
1.00461174348158,0.0656185909642972,0.958946115260807,0.0952733896905345,0.284432509452504,0.0463277818033234,1.15502784141385,0.223735534547751,-0.277777077963601,0.0602892383320272,0.328477504941849,0.166965448727063,1,-0.484630298498831,-0.16515941655411,0.171667906829322,0.719116371962646,0.0677469986016603,0.697277533624081,0.0690758957816816,0.809730077589755,0.076277790873405,0.701227342938238,0.0903095163001787,0.684363804310415,0.111802025245757
0.994747061792926,0.0673732854285201,1.08344698913468,0.0892933117355909,0.225826064719223,0.0359536331844066,0.914221033260032,0.176047556130051,-0.33917142833045,0.0563750699208218,0.0948041086922188,0.158059048530758,1,-0.74646014131307,0.068803650033992,0.153973210687373,0.743747949244733,0.0674618209233237,0.74035938909495,0.0700197309869313,0.577588694817709,0.0806597998104471,0.658724018559003,0.0868500611537883,0.664839153202201,0.106979756164582
0.932251213019351,0.0515475687322458,0.986103837582357,0.0808494496307055,0.174074283094467,0.0270924509568534,0.855388183993256,0.172942512630332,-0.227811490967207,0.046351654303432,0.523076271423121,0.0951980335234854,1,-0.590373282823263,-0.162505090333799,0.157730365104856,0.68111456939613,0.0720094918603569,0.709459965896043,0.0612030544923446,0.589742153223173,0.0686121114238078,0.630848019140454,0.0872310201002024,0.546568952673513,0.0933070658444807
1.0826872127572,0.0697505909485705,1.10832244510547,0.102885331301247,0.343467939730376,0.0496868932185213,1.3119870280976,0.250579837221906,-0.441910307536648,0.0801758236881356,-0.00517807943670545,0.156234629416806,1,-0.658303643113084,-0.00395797590276531,0.164565425683931,0.834064021353235,0.0767540890590785,0.674275984354271,0.0717706475987003,0.739898130609293,0.0742882471908887,0.901028831401378,0.0928934389645308,0.625881600509678,0.125904849888147
0.895125383513987,0.0571829002012254,0.869204039667441,0.0896037623029588,0.218256161284499,0.0325720729504693,1.05643838367076,0.246218576343508,-0.326116871713097,0.0617767893451748,0.209566267649468,0.157060411887598,1,-0.679153472214053,-0.23539018741201,0.153132711753984,0.645425835382359,0.0766811295688725,0.582022257375458,0.0674159109910583,0.578818697223258,0.0816063466050908,0.716688811870409,0.0890476786057797,0.591261332255699,0.111166503156942
0.974484764758818,0.0662129247188026,0.926196896626412,0.0878364342168502,0.303577674667231,0.043939033433417,0.658661834064961,0.186742450636761,-0.263746625121618,0.0598266859507448,0.00757368944196163,0.146744363830735,1,-0.589821700023255,0.0512078758463469,0.147092695637405,0.628736614217515,0.0727887902874508,0.678623547571297,0.0685419771126104,0.693791616920905,0.0808144178199009,0.732986757886236,0.0920407050939013,0.707275264867034,0.102000151989362
1.0583411686179,0.072781170074726,0.99284729279612,0.0961761997449781,0.271332268659892,0.046286636482406,1.33486147966512,0.267177281753341,-0.375996274229473,0.0685423601568569,0.242491889533108,0.192303192142491,1,-0.62476216053917,0.0460495350042991,0.171404056545504,0.701096215797304,0.076713906357434,0.702259243387228,0.0692598652098243,0.857708837419561,0.0778544863582876,0.746728376123189,0.0978624802720946,0.863898705016098,0.116088893604824
1.12225408050892,0.0657758607391613,1.0109151930148,0.0917458793323739,0.204289407829164,0.0301243663428343,1.19095214949017,0.207152782150598,-0.244976598434374,0.0598033129422913,0.139906161616047,0.168017154864715,1,-0.496654664882199,0.0817758900142764,0.161997943442147,0.805218323731687,0.0648339563847193,0.692953993283743,0.0745598699755041,0.683383177784095,0.0826836094073286,0.867457238477356,0.0756436431207371,0.756144132652077,0.110884212886988
0.946164264951715,0.0655813318465561,0.980074849380602,0.0958499683766237,0.26259463804328,0.0406795837691036,1.20161353150785,0.24342383150529,-0.31100975720935,0.0570791850472408,0.244833798916806,0.184747353184306,1,-0.553667054690267,-0.153319766240731,0.157798365987197,0.795415493725119,0.0656281952129429,0.553007662836725,0.071726030826113,0.801563387939153,0.0778724910632526,0.555703262540251,0.109615398017431,0.829238833669829,0.103955532244874
0.874073116467324,0.0575110716393249,1.05114744634008,0.0820235791971306,0.218447345106698,0.0329925737174067,0.84133888492751,0.185076116536244,-0.276537927107508,0.0524277896828781,0.387754655645476,0.124355886554291,1,-0.645053649806119,-0.582301290478931,0.167626801524064,0.761407233515091,0.073492926470016,0.632314929915197,0.0683656030786725,0.641021519536915,0.0756444778810832,0.561385006930007,0.0837494927823084,0.573261786206362,0.0974255834603261
0.971651157208165,0.0513471603216815,1.08102060522267,0.0843220955763371,0.225391598546493,0.0333798968724207,1.00004992815167,0.19817843127826,-0.2690573697101,0.0584330937143586,0.533113868819613,0.0947651256624484,1,-0.566715627723234,-0.0546039972455011,0.15969543377151,0.727031508102381,0.0705616667999062,0.603882995142482,0.0641959965211348,0.589590211212375,0.0697012732428602,0.770483077389712,0.0798499195549893,0.646898583814485,0.101513142034024
0.861541745307589,0.0544216928949611,0.832302466189793,0.0749225480736029,0.226695700059422,0.0322140292831673,0.690514951718242,0.139631064074873,-0.292714243059665,0.0483001014094867,0.35333564951735,0.14494803310351,1,-0.739836358443931,-0.0663834037041856,0.146908754033545,0.571928989128622,0.0698765939388853,0.579692945396275,0.0681733919486516,0.619717125503983,0.0733579415564806,0.678205247823273,0.0918163514804194,0.453217115618689,0.115519356876962
1.07896699926204,0.0631045815452818,1.06895531750308,0.0965960311435188,0.31079790594516,0.0477814435139396,1.0343481365967,0.216636518716352,-0.343202311790589,0.0616678861803004,0.452794737103606,0.141914495886301,1,-0.605309924251891,0.029518579487707,0.173509389312326,0.782692840773773,0.0791411189619902,0.730507153839457,0.0683026008230837,0.797895191466537,0.0699411683127556,0.60754595610455,0.0943166639364707,0.709268535934657,0.101095083604972
0.98569769109456,0.0564972768672409,1.10493646914329,0.0838159779191541,0.218322328443577,0.0306544611970939,0.714442370851985,0.181371306115112,-0.239467488661668,0.0510360155895207,0.185806481096294,0.139149526172429,1,-0.606336735169448,0.154982943136698,0.166182551842743,0.613878934061991,0.0739433539981546,0.651354001967509,0.0614998632365492,0.665283993119052,0.0674605102818213,0.683881091493036,0.0842303716578542,0.687942995476535,0.101236510369564
0.922214030017556,0.052389427771887,0.961660748681068,0.0762009613427189,0.198259830870384,0.0291633628400234,0.6272886854155,0.137316622024931,-0.2379286126206,0.0413761927221644,0.285147925857681,0.13640828399847,1,-0.674676494061963,-0.136321125969179,0.163163020348647,0.636841107590152,0.0685271714298362,0.689909090146562,0.0581212027482651,0.550785179425961,0.0717977346939219,0.684351650236325,0.0779256692006222,0.556337093790231,0.115962809847212
1.08088036250312,0.0646017839664379,0.938946360231938,0.0871776288717191,0.258398302650934,0.0374755693033445,1.19632668840216,0.249755402415364,-0.346344926483367,0.0666734646887312,0.402687600806587,0.164427594226266,1,-0.622929798339095,0.109200598476167,0.181776429627484,0.743823221651141,0.0840720485379538,0.632442821227877,0.0723909405941501,0.773828001562006,0.0705863890224868,0.765594258778776,0.0982595421728622,0.607370847928401,0.108386498863516
1.17157428393873,0.0826771772779297,1.10871861632542,0.110364031476463,0.344913594356347,0.0521331105788305,1.0970350783243,0.242566267155797,-0.367510592656579,0.0772754132305456,-0.080421738461348,0.150225437898937,1,-0.597453965311978,0.196518957366884,0.170972428607559,0.785493429040511,0.0862445514334622,0.760538137174825,0.0768076921787136,0.877786067055853,0.0831128864366659,0.834592844856752,0.0960226951997406,0.821471041293194,0.112514869178516
0.943981921773554,0.0603450327066642,0.841633509546309,0.0809412788029963,0.195297907552567,0.0310395356546111,0.874370551443067,0.192354694732578,-0.244286802289437,0.0478059614560899,0.237955120987165,0.147973942905001,1,-0.591157832885587,0.056968844197025,0.15478924494984,0.635612340843184,0.0698467587049787,0.606568214689331,0.0712131338004391,0.562833097219809,0.0758178190294137,0.661619854984758,0.0850748260121065,0.729657683914928,0.109887450410913
0.977992707268141,0.0623730608298791,1.05955144212124,0.0983720288106574,0.233754084130376,0.0378297788314959,1.18211121168033,0.239671661717537,-0.311679330581943,0.0646310771062452,0.164814568266618,0.164831029478537,1,-0.592924273943398,0.215631903767656,0.157228987738308,0.612877648241263,0.0731706382114393,0.682135715953452,0.0677100548314053,0.674451132582285,0.0825021299790835,0.635695833238003,0.0950024251858347,0.645589295800082,0.104202742141351
0.989624254795549,0.0646696524821581,1.10706925869114,0.0983586256539062,0.305950790409907,0.0472138569514865,1.31267559611323,0.25261560175704,-0.298763081544066,0.0694540270474825,0.347480913020545,0.174985762947308,1,-0.471435665193097,-0.0443759173552536,0.171414177070584,0.741545285372489,0.0752299295345522,0.704126604612226,0.0645376519125395,0.73509970084483,0.0786494369705462,0.814010511998213,0.0957494980144076,0.829039429712857,0.112565227516399
1.02826600718107,0.0581592654054703,0.888627108270593,0.087683947724884,0.254705289405279,0.0366494953718657,1.065339881313,0.223036060355956,-0.303468141686315,0.0579601717554448,0.34267066163315,0.13370273192609,1,-0.582572567715511,0.296250421473693,0.162190660827761,0.716528304145957,0.076281670841997,0.647413810399164,0.068232185112364,0.686710965819102,0.0784565359953347,0.776002084090077,0.0891639200516999,0.516372801381787,0.125761670873731
0.998596686204952,0.0616475600683063,0.942334942017191,0.0924981668577365,0.264409780633044,0.0395442186841278,1.19858207915426,0.229477837397623,-0.338868554388094,0.0635512607504121,0.213186195288851,0.174261370295912,1,-0.601947509651859,-0.0763200799425081,0.171227131455493,0.673888570126434,0.0799144207238297,0.740525044814932,0.0658343813967656,0.717725315944142,0.0759201970184351,0.740155552812874,0.0924050540093461,0.594193083571224,0.113833011418733
0.995455225725565,0.0680889583169822,1.07452887432859,0.0954942901321791,0.295500799162143,0.0483230680863892,1.28572298368778,0.270141142757037,-0.347886589337356,0.0660433457753704,0.188349166674803,0.160841989356378,1,-0.56439694443012,0.138712960205806,0.157586149246227,0.701871324479612,0.0692937903038354,0.673127475464632,0.0758719435438975,0.816380982927893,0.0751505812142595,0.763199253088971,0.0935227529798325,0.725957462766585,0.11303706085877
0.996401631897756,0.0599533218260112,1.08546887739295,0.0828109714258594,0.241272011402092,0.0373549300005534,0.844667647350804,0.208681879593523,-0.240510938121011,0.0498727374044939,0.382859600673813,0.134738245896103,1,-0.532768365877258,0.13220375439617,0.156801433285274,0.678692876543185,0.0677033985626637,0.687544221996039,0.0627009440976517,0.618253102168238,0.0780411931140634,0.750784568549177,0.0943520163542558,0.787563382976982,0.104916062543473
0.99614268321245,0.0656595938054659,1.08389886560263,0.0877163503017713,0.262347881632195,0.0384563211342597,0.925778993135368,0.21376267022087,-0.314518403094748,0.0534063430261327,0.0993058738143575,0.158569125352784,1,-0.638195327304579,0.128894662155573,0.155345555085556,0.723753034455129,0.0718339375051106,0.623032969619749,0.0807722605420512,0.768844827111724,0.0769283204671784,0.659859530984307,0.0852354649458434,0.924528613568824,0.0992956341315027
1.02351539519747,0.0556506039170516,1.00262550382984,0.0858776753356301,0.190491550850733,0.0299239492493263,0.914144395983093,0.19273383960585,-0.255546524087117,0.0483000569312154,0.431673125700946,0.139688170337788,1,-0.61238524584105,0.266834981775669,0.160705265698528,0.598809186662472,0.0734063095013325,0.742514105878599,0.062817132943738,0.634923167998337,0.0691217194765842,0.707095371396048,0.0839869316438375,0.454795642891412,0.125367301773887
1.00925895506641,0.0745225250426074,1.09455110569967,0.0940570371685269,0.299419401984834,0.0456770625273515,1.01470539026235,0.243286570937955,-0.278541871244902,0.0636760970999448,0.209084228293674,0.20738078997282,1,-0.505336346133704,-0.0367562261808434,0.183987144848306,0.73945807040883,0.079588303751824,0.735507782336996,0.0741950368883008,0.780704607076129,0.074672987799215,0.634823705132655,0.0919031639009344,0.795095330566242,0.102859247868889
0.994886166143123,0.0596437287557395,1.05749157998211,0.0847815107926142,0.209239347678516,0.0346413112985657,0.773760732241414,0.160367839217832,-0.198777693124073,0.0490903325460299,0.38385703779295,0.132321474727948,1,-0.494017830990296,-0.0611130663141861,0.154938586718263,0.715581707960103,0.0693578012752304,0.570417933562972,0.0648425308760959,0.599421405925101,0.0730812234333547,0.708832181707884,0.0860615409120326,0.78675365002335,0.102938212737444
1.07807552633922,0.0743170014134664,1.01732800625133,0.0980271968163,0.291702034690113,0.0473182200909761,1.18260455914033,0.237244559925322,-0.336076785451269,0.0687985060443565,0.154325126087356,0.175549481151533,1,-0.572201524916015,-0.0574119066902783,0.170144936444542,0.816143761507717,0.0716911164058144,0.767507662412399,0.0716019772034057,0.733201618172082,0.086322977548662,0.838651554034693,0.0893970454666246,0.996165489898166,0.117626694646539
1.03314830106385,0.0629030140192916,1.14800311359346,0.0928377338932529,0.249638779325518,0.0407553351327066,1.01422262796339,0.207202375106198,-0.251304306675105,0.058552754484409,0.492610969892385,0.104355856960523,1,-0.499433026832628,-0.0428872887905368,0.17214229437469,0.610411209409055,0.0789753790666144,0.818017113629166,0.0653545162979931,0.694186118831356,0.0668672546980917,0.661824439932872,0.0851547266707913,0.860754153612462,0.123189750445951
1.0796872552634,0.0734666178959486,1.04402186358464,0.0985978661614311,0.279245746773731,0.0440500898049839,1.32307583113068,0.275453492699975,-0.324926946315286,0.0625497234269237,0.320531921961357,0.154323371404111,1,-0.534564454710801,-0.142323384856374,0.163597250562133,0.836824863124462,0.074350639946677,0.741410288552932,0.0714399068383432,0.763436323530305,0.0751114716848422,0.862310483323,0.093922914350103,0.784289230717099,0.100190321034383
1.00189755025118,0.0656592724752292,0.925861996864941,0.0869910139648085,0.265317609230512,0.0417724779454891,0.917134683874333,0.190543541861292,-0.393757766100803,0.0651320439385651,0.18378464971137,0.177773511506128,1,-0.79823273877863,-0.0398482629321269,0.153930229322092,0.734530234485202,0.0686966193156177,0.605836629603884,0.0652735425365656,0.661936476619076,0.0772833148214086,0.780960617856739,0.0871519312608906,0.749847903198255,0.104726083488489
1.10788090438689,0.0728933848563855,1.09332488569545,0.103704476708149,0.300688253267487,0.0550795444808422,1.08871341309516,0.251029203632207,-0.343724049306983,0.0766114833207622,0.308627698622274,0.204018780824748,1,-0.600751552171403,0.177670519731519,0.1927840027526,0.6961039804903,0.0856369471780021,0.733321790081077,0.0730091936005597,0.789223564833511,0.0818575660627591,0.729470293357636,0.0949006417757327,0.677505228878991,0.107333621626934
1.05322549467085,0.0650699285855641,0.944034919534332,0.0834052165548356,0.292655107199924,0.0439665444470307,0.883069828855637,0.176698364481116,-0.319881715697298,0.0600094830446292,0.396559310099775,0.184633812351696,1,-0.629236402671368,0.0549887086053196,0.18324942773601,0.678797524162615,0.0737804312578852,0.718780321066436,0.0658418255133578,0.694947725054274,0.0792618835480842,0.713877240727309,0.080935673361087,0.935366009743535,0.0933763070850272
0.952823596816706,0.0566001854817363,0.95811074204246,0.0746293011569329,0.224064923822572,0.0332408260322675,0.678015114131021,0.169455127649828,-0.284717169492115,0.0507514965209526,0.32443925487869,0.136635173976135,1,-0.730477817559785,-0.0392069556511263,0.155804222130179,0.706000830782709,0.0679405121929966,0.660476093177588,0.0665308886728478,0.733729057404109,0.0759097897830721,0.634053431849972,0.0933146276621435,0.501366399709188,0.115146440378638
1.07772382033354,0.0759928780228561,1.07672500687586,0.097904385589762,0.276149860772841,0.0466119143284361,1.11535591642717,0.240048019887325,-0.293765686688167,0.0603111821696503,0.240149625590768,0.181859774698947,1,-0.529324400920225,-0.0908369280737897,0.17325339154515,0.700874307360034,0.0746272372870887,0.805768327955022,0.0679839610889017,0.661170595402398,0.0851153205727262,0.761503947072394,0.0881423462958335,0.691679152635729,0.109834487682326
0.988059688748139,0.0609111559210143,1.02320968247321,0.0926024553101205,0.291561853963087,0.0428771941795851,1.06426744327697,0.238943351319748,-0.37696556276399,0.0665653903498302,0.205504004983379,0.177618598665571,1,-0.676723000438563,0.0751000503445665,0.154447697438459,0.567871454215775,0.0823185655041103,0.782379213130969,0.0625448264317358,0.676989588421511,0.0729973040227155,0.773314238822157,0.0886753081186599,0.844992969588618,0.0953277901304079
1.02432499363978,0.0698721537750681,1.0928801496196,0.0972236711753401,0.293591531230281,0.0451673496879521,0.872313206477723,0.221736481863667,-0.280036284095806,0.0614869614523612,0.372875769764471,0.159219240260072,1,-0.553358162333204,-0.237545014138462,0.176697409555542,0.762408111862414,0.074931475353003,0.740412068845352,0.0716301325669113,0.781201905759103,0.0748270611660572,0.752616680344732,0.0950018388128256,0.720485960660511,0.110120924180518
1.00681709324587,0.0675425028836363,0.977826386951138,0.0882855481186959,0.260230407904352,0.0405558117982511,0.984860169185669,0.218683168879505,-0.364189461892306,0.0664392564141169,0.201020901479996,0.168975169477349,1,-0.719384484718676,0.236125014933933,0.157671074673351,0.565988401957064,0.0753946161356262,0.734783456469554,0.0704388068825652,0.737665941043808,0.0752200835510231,0.645299599889328,0.0826031627843212,0.839190145300148,0.1099714715032
1.00033815201065,0.0591308552872279,1.09409710815698,0.0937925150531096,0.198540959312278,0.0308340044932425,1.1626542614514,0.235588771733558,-0.296546050125851,0.0563841838125749,0.382703667547447,0.125192730701653,1,-0.617222560576137,0.307947553690147,0.148106955610023,0.593799025776496,0.0753798752132491,0.69116332832821,0.0657022765440509,0.617845062931373,0.0749318459233314,0.71075613558378,0.0995201475951701,0.595943468571988,0.114162740013
0.998942699230891,0.0660396469997049,1.04579056187514,0.0900190784320008,0.273357580029752,0.0400928544796657,0.956758928338771,0.197614340250863,-0.271234848981586,0.0578577714410317,0.139928763126421,0.17414172675632,1,-0.53036965216061,-0.0246097099875208,0.158148349294667,0.709456552409281,0.0685032932848403,0.731251365445504,0.0703286263885779,0.589607632805073,0.0824318315356227,0.74691412508986,0.0906504904591392,0.702930218028752,0.113691301604131
1.01305763549448,0.0595443675243325,1.07086462931744,0.0925078533104733,0.185331283086882,0.0300084473049486,1.12629462331981,0.249795838211228,-0.258786735726828,0.0551788446254745,0.454867462826931,0.12367599905473,1,-0.566423992512351,0.00433417719525841,0.169723414600608,0.736676897144753,0.0671965499930695,0.69348905347938,0.0624207003271075,0.59753341255053,0.077907902483386,0.673692375957077,0.0881965082070308,0.605357039174511,0.11280523282004
0.95149754401843,0.0658192252358777,1.23775355188439,0.106405790094626,0.26047768921824,0.0427831285902771,1.28867556364983,0.248648514535877,-0.315891926666339,0.061612281059644,0.427515411574569,0.155137555862149,1,-0.545232160505555,-0.131708928281058,0.185938144327319,0.717444344528742,0.07738563218562,0.794315033403273,0.0652710730560843,0.648670267959777,0.079310921026758,0.745624299076425,0.100766658521134,0.592734371839463,0.113437226276368
1.00635932614317,0.0560716085244422,1.08377922890331,0.0863616724469614,0.218575547458518,0.0318227293503341,0.904693459188996,0.217126193355837,-0.295717687274924,0.0534794469727364,0.400464447485227,0.111294458272203,1,-0.665006344038505,0.166203743103843,0.146254887910315,0.643579752132829,0.0703462094684733,0.672273657034489,0.0631644789569673,0.686124894686928,0.0781698964006006,0.784929280576285,0.0900277744765335,0.612561282446044,0.118374870088483
1.01259479531268,0.0584914705249844,0.870865973012485,0.0755391148071937,0.196880586269,0.0310356407207842,0.811534480892425,0.204166901884216,-0.222231138261502,0.049308604944196,0.40170343497087,0.12676679071893,1,-0.555968230059231,0.160239755180217,0.152980202359667,0.677588053991222,0.0695438218662541,0.54531050147156,0.0708086071761925,0.731726052405369,0.0731282169880266,0.551315451357745,0.0952060194221331,0.757619230572521,0.11035552848537
1.10126695948634,0.0754548500200198,1.02694403728539,0.0977736351864511,0.274293235481096,0.0432550108886529,0.99369530180863,0.252979593772028,-0.241194710271978,0.0614155091956059,-0.00721367811848954,0.166905520824433,1,-0.461991102982975,0.105962572590154,0.178785529657769,0.703409575220305,0.0809787884421043,0.704059955429729,0.0734710777839498,0.86807551396614,0.0803201152525528,0.76788110137124,0.0977307282604838,0.781781889014514,0.113444683162904
0.897042655794532,0.0594464606691831,1.07016580390282,0.0882712334311314,0.22207006633781,0.0343075960156856,0.959906489121742,0.205008329894556,-0.305874985800497,0.0595786256123934,0.453427579497656,0.134100615552129,1,-0.662497871444089,-0.0490506269898964,0.174237629510486,0.56016950174097,0.0816346569630524,0.69120034186999,0.0615671289559441,0.732129869119704,0.0723046282591185,0.543562954624769,0.090416951526197,0.595726961973672,0.112584996919508
0.993509706243945,0.0610769536096055,1.03130942340813,0.095503580389417,0.297859205088363,0.04282254724714,1.03858682138597,0.214328457113537,-0.327007832596426,0.0640738647865537,0.363191483110171,0.163559938270913,1,-0.587937604151147,0.0162663346110255,0.160699944538756,0.713463046874978,0.0681207439954231,0.660520464277431,0.0687470155237542,0.72657963866665,0.0757754085045856,0.806620614463119,0.0865473964816883,0.713428665050391,0.107521848076477
1.09141319862373,0.0761192450913659,1.19790986342347,0.104984889464819,0.311333375235731,0.0481689007735369,1.25063571495557,0.269587577340451,-0.393888187181116,0.0689199300560649,0.109955897342454,0.188074046154061,1,-0.631240278804661,0.0348724378719338,0.188916932464946,0.778272897533348,0.0740889284574344,0.832588763827938,0.0710291890391004,0.738617817062782,0.0815749741850428,0.730825044254857,0.090083712147751,0.845300600912318,0.104223130207863
1.10296202202173,0.0813382945187992,1.05211809607282,0.10173190011413,0.406857760878306,0.0633928705918504,1.03283916585864,0.231273398224747,-0.353129397614911,0.0814651274908895,0.184339871432954,0.202431900547274,1,-0.544748724602466,0.160660848312255,0.18320354643569,0.698936083407522,0.0762020025939683,0.705708724188965,0.0722441090231316,0.80986107114946,0.0829336205459964,0.88118310635814,0.100040247102888,0.741887985977303,0.108386308653186
1.04955568339667,0.0637773103917296,0.993281366265488,0.0936052071801578,0.235498027162884,0.0375124056754789,1.2670073719221,0.256739804453613,-0.372193603956516,0.066314325633166,0.374629345471393,0.145946648997876,1,-0.681374220357007,-0.105152977640065,0.164818597400551,0.851645598891506,0.0680661451180272,0.745386542046366,0.0646620849350347,0.476990375941339,0.0837214388934746,0.729769149542834,0.0939716775148024,0.72011076958106,0.107339396029327
1.05006292786122,0.0694502028887197,0.920153565749051,0.0909163091687782,0.286284278557109,0.0447848509204462,1.12211950272937,0.255194677283128,-0.378912542547415,0.0716677923886416,0.425685784320065,0.155757077337934,1,-0.668529654544946,0.108054259622423,0.192591619586282,0.658960530987955,0.0846842147817195,0.725326570145054,0.0656992477621176,0.722674647936987,0.0729670771220672,0.79915024917183,0.0953074209431273,0.590688298258825,0.118029119140597
0.972176404567258,0.0627790927298875,1.0444231961393,0.09301183741578,0.229814310680199,0.0374108196301226,0.952519020268896,0.208717933679433,-0.25783429611599,0.0525798702760754,0.374239298462403,0.159136218333082,1,-0.551080853342426,-0.074151016173228,0.167121765002723,0.688064758336824,0.0790669247606687,0.783312502289144,0.0687240016371051,0.647952356600457,0.0702439461558115,0.614330024940851,0.0968372542753775,0.59601394439434,0.110571668434566
1.05996438454256,0.0662607465698979,1.17092023715628,0.0983875499783784,0.241040576960251,0.0388311937747942,1.04016906467078,0.201095108767515,-0.27277139786751,0.0583003800449511,0.331580250927433,0.166459047884165,1,-0.544755700471286,0.336502493941218,0.150897972720671,0.687730749486154,0.0731772889458253,0.767153979971435,0.0681993688602564,0.699054724927345,0.0830506326843622,0.823260392056727,0.0953041704599446,0.537077325475432,0.11756085267853
0.942264986171594,0.0640067568041019,1.0154339092426,0.0885879928531327,0.277673610934262,0.0432616302361793,0.911219354021278,0.227788827418514,-0.319611608089708,0.0621773971266688,0.189204994180107,0.184951063224207,1,-0.635394970039149,-0.449467628715843,0.18146018751131,0.813124761348926,0.0707241739352614,0.716552848233142,0.0691236828780762,0.636355317991721,0.0815270550538425,0.764799579291574,0.0884177935204276,0.56640091646184,0.120138296688779
0.996289285271579,0.0556001285611376,0.965392465579159,0.0848041345447422,0.231731643724913,0.0341382075911033,0.872560720507727,0.190143181732419,-0.274047485819657,0.0486950154846161,0.123608634275522,0.15046964224007,1,-0.609446127227684,0.120127013208238,0.147393643080961,0.629930200930714,0.0682210041147022,0.675064661556614,0.0664817084507339,0.553354651625395,0.0746767337151851,0.759699087621953,0.0836514176652764,0.584162841519786,0.108413385167261
0.994178214184945,0.0613912455363615,1.06004728952319,0.089326359024255,0.245353481085787,0.0364226637086387,0.917971924614586,0.190256854209379,-0.295780442433599,0.0526873877580131,0.249903404422454,0.164949087880185,1,-0.623244769909758,-0.105682561078164,0.153774265890759,0.732288546911263,0.0705413763332848,0.580743075875518,0.0689760482915537,0.775944678453182,0.0655618384437446,0.801591815575342,0.0857937459326054,0.610937285927769,0.118055025606871
0.99797914978256,0.0612081091485133,0.994381990248825,0.0831967845876739,0.205776260215133,0.0326984810057932,0.856287434671741,0.181168622184412,-0.303536766177245,0.0544015724709613,0.562754140784628,0.106240612543015,1,-0.723109192155498,0.0798181738054559,0.170002096279961,0.700472230511625,0.0729830808529716,0.720253772464494,0.0621923380156204,0.649234856319177,0.0713378380218472,0.514473772969106,0.0899282577264427,0.756681292544806,0.0985990767795618
0.96175778054814,0.056437615753071,1.13275091054531,0.0906403219864444,0.207220691763606,0.0319428022400964,1.04564489710586,0.21695737887366,-0.328395702687889,0.0555747517684295,0.542981762120428,0.103970047513084,1,-0.705486641329569,0.0234799125694897,0.15851117194536,0.688550248638517,0.0770272858306831,0.757136148509577,0.0596027677354664,0.631385672799407,0.0757900581752352,0.669081584661504,0.0769503882370299,0.758275540409097,0.10478725647505
0.955245438830709,0.0614536665527052,1.0179596835754,0.0808550127539828,0.219089736946113,0.0354637010033636,0.822837353216855,0.19941553340029,-0.231442765691632,0.051010269329026,0.327300809836295,0.154587032315268,1,-0.545099262154894,-0.119123508068174,0.17646476724252,0.681225837392605,0.0750020038120792,0.635022008977785,0.0711512097580782,0.667338433653717,0.0746713861432234,0.582050478706601,0.0936908556339069,0.722271011573917,0.103125972767595
0.966387293754686,0.0636282497164697,0.984703420535696,0.0868747037475223,0.244601874751639,0.0399043974416972,0.983129258101995,0.187769486209125,-0.317807026857428,0.0577271182112759,0.405752133668465,0.146380508028558,1,-0.648079515152658,-0.0906593954868738,0.165410223092123,0.771273312694845,0.066745459475124,0.597053891751979,0.074366490492612,0.718644184387301,0.0734632461632791,0.657073630184339,0.104501887806436,0.553889517010859,0.102135260845844
0.937030817674461,0.0586435828659838,0.939065119402917,0.0803802242654702,0.25390776167719,0.0382871044406407,0.869638617204427,0.165760245228291,-0.284388601827385,0.0538003795209306,0.197809977811091,0.147620430361484,1,-0.605208179808201,-0.0965108945727564,0.142686473738305,0.537771196133479,0.0721544179220478,0.805867823968577,0.0656022826012619,0.663438170169548,0.07717992096837,0.640616648911702,0.0917758699959948,0.637788472604243,0.10433282015398
0.988802101242082,0.0771241766597045,1.14987997579714,0.0963566094334069,0.318858660038279,0.0529065505361998,0.954976158533954,0.221838896276757,-0.33820624782551,0.0734369389700769,-0.0804203303280264,0.155050860200041,1,-0.612895246729341,-0.244266359216254,0.160281799131502,0.882856091670488,0.0731952414543197,0.677469448385697,0.0786736513202768,0.776949420269123,0.0871558771731513,0.842785200020733,0.097092105378559,0.841803301761341,0.122512931288438
1.08602653726135,0.0677665379893919,1.00428588589625,0.0898240309839121,0.245812009178812,0.0374406892007111,0.937522848013493,0.207508402167794,-0.239347980318987,0.0532802811721892,0.254173086982275,0.160741853961287,1,-0.498582795801464,-0.109799798285191,0.152976202776858,0.84148048482615,0.0671919674941622,0.699302703428072,0.0671710825716013,0.631172549277298,0.0806346088608682,0.748131523833684,0.0878110326916026,0.773757942241226,0.0915758056876422
1.03662618510686,0.0652255221920859,1.02604773165091,0.0868478428745247,0.224921018376049,0.0344547353257936,0.895425372860196,0.19321106197309,-0.223931839766214,0.0537794816049144,0.443437996490934,0.133096420671458,1,-0.498983436119983,0.273916018727669,0.170702870475556,0.667791878430632,0.0697223914149346,0.67039930361866,0.0657664684866047,0.705363209164214,0.0777169881957303,0.620551782139088,0.097035122280222,0.679081348578756,0.105958931400834
1.00019298819481,0.0615692843817435,1.01170628600561,0.0876919992682105,0.261069186359594,0.0410021174489664,0.938602931527642,0.188610787667046,-0.3520204625769,0.0613239400295137,0.32457168391449,0.161620807061798,1,-0.711130242288914,0.0745606073211152,0.170601156218721,0.65058691529769,0.0715663358710069,0.674273236915844,0.0751698805523938,0.736940812668681,0.0751031217718165,0.583308449230482,0.0918353098308115,0.777487721938222,0.10557778675503
1.04185126984539,0.0572577353462505,0.952287566268968,0.0842441455654916,0.205711006697342,0.0315793481713934,1.08454664025024,0.21639252995923,-0.293506774448754,0.0540896804266206,0.507343713050022,0.127278240512945,1,-0.621391414161749,-0.0399790799684961,0.165782640291425,0.785203389467331,0.0682919295037634,0.662630815801382,0.0671121912913965,0.685508096473136,0.0708130958226713,0.640864247731174,0.0814648314107505,0.691275956316035,0.0973113038206593
1.00471189268379,0.0631466774750465,0.941176473348268,0.0885391082035322,0.256881582656512,0.0405086526675649,1.05386617676291,0.223494522465935,-0.278330347523946,0.0577770586819584,0.24306603708936,0.198039202988822,1,-0.534935407102712,-0.147192652378326,0.161744903083674,0.718273211294991,0.0722450709727874,0.755000649877656,0.0701749821773296,0.623939970262801,0.0755369049597802,0.844989299863111,0.0812852550977021,0.776474548782131,0.118626333457748
0.995778595456301,0.0516241856318204,1.06349292969571,0.092585350023532,0.202889329338259,0.0281646804170788,1.16955506518595,0.224883505820845,-0.248006954542038,0.0505256773216114,0.478992313825729,0.119697644084841,1,-0.509124409054483,-0.0769234811035377,0.156498492155606,0.785290232229802,0.0724132597493808,0.626727822005028,0.0666621312925108,0.735147249467113,0.0600933815705294,0.616496055054508,0.0881388477617857,0.743294915251546,0.0962337657206609
0.973349455553512,0.0595636368065948,0.856477150133275,0.0868812723794343,0.26392550984394,0.0354138513709426,1.20421086021311,0.232088878154013,-0.359061301468864,0.0581403107929288,0.351772125275723,0.134285784770256,1,-0.636907915487393,-0.0879476852630492,0.153914029820142,0.698935035319847,0.0668173638767086,0.785497634889088,0.0667167572813964,0.566323516773178,0.0733908590647203,0.666111887679125,0.0929234697768853,0.590064242059324,0.0978560438669209
0.93324927541577,0.0566661920940808,1.07521221394834,0.100212013745305,0.21410951446165,0.0334505887224242,1.45671236369547,0.265109923303991,-0.379092446036887,0.0672826418876894,0.378336924778631,0.14266867507555,1,-0.678797515587628,-0.0159497972849479,0.149864083430029,0.651416223278379,0.0707125530489922,0.696293995497713,0.0617907051549767,0.665297723652456,0.0752682837879167,0.470213365330576,0.103843732418002,0.657725464357356,0.110184133964757
0.977458130325041,0.0625475150597261,0.910792847814285,0.0864017569121298,0.237402300028865,0.0354423674263738,1.03480542305031,0.238557686005967,-0.302808934509165,0.0634230142132106,0.361568889437223,0.152060359253873,1,-0.610937630157123,-0.383528394607292,0.166423684251313,0.831404519946674,0.0682809787852117,0.643019312152682,0.0694954779831023,0.697639129594077,0.0770996705692154,0.68348722038275,0.0948243975592734,0.621699013409959,0.103829372904596
0.953504928086158,0.0619549574063458,1.0824276407674,0.0930968030271687,0.249625577415817,0.0431780839140116,1.17218205082893,0.209684535248059,-0.343620717092778,0.0627111963934858,0.352581193615093,0.16326640927453,1,-0.635239163416548,-0.0447068750221792,0.155469626693595,0.627561085436785,0.0729712698372069,0.762354795139298,0.0695704601785124,0.757791984711992,0.0701903134469666,0.701672581834351,0.0908650639842404,0.514494082926961,0.126437706172472
1.02180676644985,0.0596484655151121,0.984432815655564,0.0846582248402682,0.212218345303699,0.0332539754198153,0.936685379734191,0.188329176495846,-0.288902715248083,0.0589381625035465,0.395846162812447,0.145521181924329,1,-0.647982520469775,0.0367645568894748,0.16126925278514,0.774383427124407,0.0660235110280098,0.637830478142532,0.0685702384863992,0.752213959822782,0.0673403986379663,0.622795335331181,0.0825879363424892,0.642980820027098,0.119127776823617
0.949184150805188,0.052662972507592,0.928784597747475,0.0791239076834545,0.19776571373788,0.0311884313291221,0.776880653462417,0.157235142541366,-0.213465408283048,0.0469178917596568,0.336732175904393,0.152573947834332,1,-0.544596510983316,-0.0736180896848845,0.152717687937362,0.588913009733102,0.0791798641368684,0.768581970283519,0.0636587134922882,0.631309940684446,0.0783120551050423,0.655487710697388,0.0830433370420931,0.66865966149876,0.113329727591604
1.11985986702059,0.06862946902275,1.0508802351361,0.0917572299886389,0.250512217784922,0.0413269776739641,1.00695479718102,0.235786919301339,-0.250645683133065,0.0604303615876051,0.580978120565996,0.0993120334437763,1,-0.499046237527443,0.221210974540538,0.188266041112943,0.764868244533173,0.0686820245163711,0.874387069102571,0.0653361818040239,0.609004433889145,0.0837662768455268,0.755015793343199,0.0859114195307006,0.73412324442525,0.112879175561331
1.01511851807046,0.0603351745118549,0.926625946608091,0.0875821526757958,0.186725107556215,0.0303432800542958,1.00930487742364,0.224687564633252,-0.257149986335607,0.0559780360889076,0.401331563907978,0.143270492071607,1,-0.59234395461256,0.244615984639971,0.168036573684992,0.591540249628886,0.0756956956599438,0.691111568290225,0.0641864149264278,0.555333277877951,0.0759822650383655,0.713406395017311,0.0871818241370758,0.693930566895069,0.100225819526019
0.991767829071992,0.059595104064476,0.997400345956743,0.078484825936176,0.261140344324293,0.0390313578711456,0.794109120976807,0.180631608919062,-0.2541715698569,0.0502047682221709,0.429004926055779,0.136276200455114,1,-0.558148668392773,-0.20211113202256,0.166277366748818,0.683448771805283,0.0722189575887443,0.797109728251434,0.0560073269161752,0.764371459376409,0.0697547514354499,0.738843836962084,0.0885022981047676,0.659936279797717,0.110388504293777
1.01328214731331,0.0696302752930322,0.833192758865411,0.0858416358751835,0.22322804611643,0.0349759178462925,0.868428151058725,0.179935105607665,-0.190255299162288,0.047511067095612,0.186612363187919,0.176654110196339,1,-0.432111113811265,0.207970249006431,0.16568098900866,0.590069752117952,0.0799462150540979,0.622668268745271,0.0710659413414015,0.679641975136997,0.0770568574951058,0.618752519720224,0.101108961125753,0.66900565066022,0.110954578438666
1.0346127206765,0.0587062527924691,0.863604211008541,0.0790834210025181,0.201913153684363,0.0304347459110906,0.720590274740171,0.154485862717152,-0.307772078639318,0.0507812529353032,0.231999988245731,0.149403980912957,1,-0.806868411543409,0.125088833703146,0.154558937350433,0.717158801285415,0.0709411674246311,0.563080454459122,0.0722491183586568,0.653872161349343,0.06936540704687,0.54966971201473,0.0855086084024309,0.555424100079909,0.102164464890819
1.00871679090443,0.0569363509670548,0.877772786075619,0.0819409027602074,0.214836030909344,0.0286834499045287,1.0089124811263,0.208070832295923,-0.251840558680572,0.0551285920515273,0.321467284674223,0.134432248375802,1,-0.54093535407082,-0.00451695875051377,0.160492668474916,0.610709622461205,0.0762284437909383,0.690776361948778,0.0719973147366163,0.703005917627031,0.0721878747174139,0.641081215866045,0.072372425626002,0.68137264606156,0.103879915971067
1.00794390104221,0.06311154506244,0.858388532728583,0.0731816579862702,0.270555642036423,0.0400410992567562,0.629014955134796,0.161874657453014,-0.313182009206012,0.0610858346629809,0.335185206245631,0.141823678539955,1,-0.759168225971907,0.022478472498229,0.149409670171996,0.581808678166738,0.0754733529790944,0.749160629691648,0.0669088684073764,0.665651479581757,0.0744731629323038,0.640999871023535,0.0802793237077365,0.748558494030843,0.101788959448509
0.91698582574418,0.0597677768382786,1.02561801730725,0.0896160797115014,0.274247389993512,0.0403763013945382,1.1044685549856,0.211162554006753,-0.417156561628032,0.0650053470219706,0.539506253594181,0.12365134729556,1,-0.757968486684499,-0.211786845705704,0.17230794052221,0.745460117890938,0.0705650589466757,0.743926885727316,0.0639194040255959,0.6309213575409,0.0750326887513264,0.685551562417285,0.0971611269623156,0.570194574773122,0.108900155219556
0.979162217195681,0.059196409982435,0.831473652100443,0.0811730452970446,0.195770945410527,0.0328747278744674,1.08023468369744,0.212815442719768,-0.268452327511283,0.0512744337240559,0.413409743878756,0.152992512329688,1,-0.583759546676584,-0.0812666872866244,0.168715748701644,0.671414470492628,0.0755640135171018,0.760145878213886,0.0635757110354542,0.526335121171281,0.0786127102626347,0.668067396992725,0.0786024107474437,0.600138690049123,0.10955235209865
1.05098655995637,0.05708922632638,1.01915868564521,0.0919458578160619,0.217191119885524,0.0306303983483427,1.13671309135297,0.220639053957406,-0.30123590919678,0.0550429544150718,0.460312135936341,0.107839717529666,1,-0.606261902518418,-0.30082475655315,0.17171655507423,0.852750925080315,0.0710244355070784,0.636850601026383,0.0617161986104828,0.735213744589874,0.067740116503528,0.596998721938018,0.0872126797880001,0.653426064954855,0.0948597074563575
0.986072394175962,0.0636163285444944,1.15078482003274,0.0981723069973187,0.236316062120869,0.0382970104417536,1.22008707890828,0.240962402806178,-0.369548880843558,0.0669141469046888,0.46713774125651,0.134127755174732,1,-0.68822406890309,-0.0265146082265945,0.165300580070405,0.651810160997842,0.0799649360612201,0.794291163218074,0.0651433694721972,0.639108389090945,0.0703747013977965,0.600745866504029,0.101176390084949,0.821615184278917,0.0969599868696561
0.994443034879468,0.0635191118877866,0.989703938345899,0.0805477453888264,0.222306226102137,0.0336844992105496,0.795737102972391,0.176943195659129,-0.281401408775071,0.0534211149700184,0.500941533557468,0.127198640793177,1,-0.669060899426541,-0.141749577083719,0.170680638142458,0.736455930828277,0.0717002369172031,0.638979281748552,0.070976941909096,0.675474360311999,0.0661095892469436,0.679283273076547,0.0758617133349178,0.64660775156596,0.104915475504778
1.05818082772428,0.0687889148764345,1.00213578993707,0.088216919275519,0.278417393635376,0.0415391486054712,0.963164734553617,0.225194659699121,-0.323534322051033,0.0635783410850623,0.162627399980665,0.143732186197891,1,-0.624772479657749,-0.0328839154252948,0.162976018277129,0.762627793758311,0.068413127200934,0.720356640999861,0.0706193179252924,0.681504758231221,0.0821764291224595,0.705495524689351,0.0850961699617701,0.663163891077973,0.108040868541337
1.03106989012072,0.0649464834136277,0.988439142432082,0.0882148475917348,0.302869535796515,0.0450998048197403,1.14209415565285,0.212063272166101,-0.359425177059779,0.06801948328895,0.31548664270915,0.175629391000132,1,-0.611124570170536,-0.279961200261409,0.168784225217844,0.879939224776045,0.0631570976074025,0.694755970077707,0.0674740990358148,0.7626840310244,0.0712248950986435,0.731656942604012,0.0918902418880264,0.763209824974584,0.107243488048165
1.00561654272808,0.0617179542401349,1.10141538898457,0.0943623512502299,0.222426213791303,0.0359630344903191,1.36215887696584,0.265154864940354,-0.348960005529652,0.062944603791685,0.401701351696705,0.129193709480103,1,-0.633970118011455,0.279102922925691,0.158529539312579,0.681102385324232,0.0697729584093287,0.524740401316462,0.0714857156721487,0.728628738748063,0.0758456268418807,0.737662189265433,0.0931085075691949,0.702257856054569,0.119715596107711
0.986567713066535,0.0651992896098254,1.00838402314794,0.0856876787142642,0.291951544110842,0.0448741524221932,0.819098680233807,0.195810578761988,-0.28354481169653,0.0647833143995836,0.286109490870481,0.19205577492629,1,-0.579826691500836,-0.024753312221397,0.173830864307088,0.667924339629417,0.0741654904143571,0.742956053545633,0.0639915390482265,0.703216518369433,0.0748912859404721,0.640425089325743,0.0848102601702835,0.749677715219129,0.104809194987391
0.9276452637199,0.0536876222709359,0.909433106692334,0.0873637211308939,0.162442300895726,0.0244789858439079,1.15559303644113,0.199716712023522,-0.296260137065833,0.0499297650270283,0.53940345567809,0.095520761593133,1,-0.683787559471076,-0.152360778272621,0.152522800849208,0.703930645170331,0.0690545943291842,0.683800896209204,0.0589618561545509,0.635618642477455,0.0667616548306886,0.594418449678404,0.0800991345431763,0.651190048731664,0.0933102682375951
0.988576046112832,0.0623070950552641,0.939185578110206,0.0833320378044971,0.199307453442621,0.034457102798684,0.874277911282066,0.193158379020706,-0.304555741802416,0.0530882821249348,0.432014741274059,0.126554491338549,1,-0.729592344864261,0.177725748449401,0.172558055194226,0.577628944932229,0.0832880413101008,0.674585138221749,0.0609025734060317,0.757283174226301,0.0729359018040841,0.634768884955771,0.101967941445994,0.37024663383491,0.125871360518145
1.05962486391965,0.0695064395071429,1.02468801680046,0.0997152196767617,0.259768231912421,0.0417339001399626,1.1389041555259,0.223594987681609,-0.352842086832628,0.0682807026448819,0.184423663485741,0.18683680310724,1,-0.648699814896372,0.0964701456040844,0.168800603862713,0.736305687127927,0.0710371342804186,0.787163614703626,0.0710570269077516,0.649563905919348,0.0804053574768066,0.607997020740423,0.0960423377742467,0.64831207595399,0.106983928674544
1.02337117442237,0.062818068407556,0.975040414291867,0.0945687996355146,0.263355725029172,0.0389848036709803,1.51312864862562,0.274318040259367,-0.426710635912861,0.0734791657861386,0.529769460953132,0.13110625841734,1,-0.675964921123899,-0.295507623007476,0.200339411948778,0.843834165449643,0.0778249926886204,0.808913758000487,0.0698732457849471,0.685500266434243,0.0747241757099521,0.69477818902015,0.0857018179599245,0.648161796950659,0.107977279479976
0.939441542652523,0.0611726006652057,0.798375249063102,0.0877058328358527,0.218203496594689,0.035546063547106,1.05708409835118,0.212969019975708,-0.321607864917049,0.0525302931224987,0.420356937634197,0.128314202821667,1,-0.669639460977104,0.0913515076913502,0.161559224213656,0.681932981541761,0.0743263846596839,0.476771078837212,0.0718250831990994,0.691644920964712,0.0730008278798532,0.579482967901345,0.0962660091537878,0.702153419192754,0.101678952466603
1.09970228853639,0.0718514761027836,0.946915947198433,0.0831898156810649,0.28333526044503,0.0421330684515707,0.7995034166998,0.174770549335127,-0.316303649279528,0.0618954654800217,-0.030766837508837,0.143839297338674,1,-0.664574583935118,0.0688538406258075,0.152787972282731,0.762546876545699,0.0759106972316457,0.719267103957976,0.0722518469613934,0.7227580775152,0.0865759873281375,0.80313181580558,0.0887326702709915,0.669075165371369,0.114797506233499
1.04274033529406,0.058132076649239,1.12614040033854,0.0831021062538485,0.281990479241598,0.0408352654019323,0.787592539198671,0.187806685155719,-0.270660608416919,0.0573957514377458,0.297966969186124,0.149868116633937,1,-0.574324091418164,-0.000290970453118228,0.16493693893598,0.672853459806761,0.0711473602935236,0.784566281883694,0.0607563484876757,0.796035889138298,0.0732898179184935,0.720011739619339,0.0880396007880051,0.928821609617209,0.10184443867989
1.10198359430944,0.0736662476377173,1.11710752316585,0.0998475929078509,0.264348255642291,0.0419733750137587,1.24607399113345,0.261478154777669,-0.334440342922177,0.0662189495969382,0.354718270267081,0.151218348018943,1,-0.582718115971476,-0.0182519492469961,0.179836439376593,0.7962261130077,0.0733330908969155,0.784405283737624,0.0697345390343899,0.749609909908106,0.0812923738414262,0.706658250626909,0.0959972315455345,0.920836700761887,0.104715066007356
1.12507716124415,0.0791020689920301,1.09731398320855,0.102545822038394,0.270829833582405,0.0451481867322752,1.1262310012754,0.23652795999071,-0.293779168917468,0.0632535891498849,-0.00169297396951967,0.165001306842757,1,-0.531935539911955,0.136686285750969,0.153232557081217,0.699233250071376,0.0789408899890755,0.819458702270005,0.0752966397382549,0.744706388232842,0.0857171741344353,0.722959434591914,0.0957064101554061,0.756439278279997,0.121336968262642
1.0627424896668,0.0681797290934115,0.944626769460339,0.0903831049013037,0.302800063820587,0.0475411345122553,0.935615898745385,0.213189095441615,-0.295816160290517,0.0626963871261325,0.27030037333132,0.191478100621478,1,-0.555770022595498,0.114751650930777,0.170577799631067,0.658743079856133,0.0789907727416782,0.788068064607801,0.0680704651601597,0.712978504674889,0.0741247863745835,0.813333120570677,0.101272527171037,0.760081544003941,0.111277949858046
0.932627134684909,0.0670261466777991,1.09028804226067,0.0958956122164825,0.268617453185757,0.0448387243938548,1.20254657633022,0.256820056590821,-0.347527341814639,0.070981990005508,0.284085263130149,0.187025674837418,1,-0.611464026517634,-0.398063118785547,0.175608480175287,0.779599590583046,0.0714786780105679,0.71741307004228,0.0698717076233219,0.727239765754916,0.0780752920014281,0.695332357715237,0.0979364665684467,0.720827729152479,0.129397396067681
1.04861390316402,0.070322717515526,1.122771034297,0.10813322217526,0.320492174725259,0.048313537174433,1.21892248135683,0.251726333021431,-0.429013358439534,0.0700253782828363,0.273401294999713,0.152707394189895,1,-0.686394913766906,-0.155455753194345,0.174183357629778,0.733646619340248,0.0743648031148061,0.801285743402986,0.0712453363628885,0.707510037921963,0.0754961714105251,0.808636720261648,0.0858888310218267,0.840237018980602,0.10791296648685
0.990938756064256,0.0564876169965083,0.933373704346926,0.0812976616851902,0.214530330846213,0.0336374952225969,0.986602020819696,0.171770097752318,-0.257569059551435,0.05242872987669,0.460974697840205,0.122005801827025,1,-0.559858583050145,0.0858822178030218,0.159523210621027,0.657787805560652,0.072989576775229,0.690072398453638,0.0674644869131582,0.705571370148402,0.0734073130431437,0.564189011411097,0.0889065949716602,0.688694596842378,0.0955248668240887
1.03681292949518,0.0617203894155762,1.15763156089215,0.0963951162111112,0.289884490435639,0.0443355718508556,1.19874717094049,0.243861248456883,-0.414567592375829,0.0760667924295297,0.257332620479312,0.182486917303477,1,-0.703265093361258,-0.236869412067293,0.165147832150805,0.791713937878165,0.0721198195775399,0.784850658306201,0.0608048708562511,0.707161563603679,0.0803336174223379,0.736721847545178,0.0908802880780628,0.619860091844106,0.119650603529195
0.922710806949061,0.053668269027552,0.980701042800782,0.0815024230587863,0.22549334344568,0.0327857661127016,0.853424607931985,0.196897441191105,-0.209629999275455,0.0496478357212989,0.347299571113406,0.142172370130945,1,-0.477863642490648,-0.236967811779902,0.146353519443462,0.790260845763868,0.0618173081572698,0.593625054697814,0.0689892203386482,0.720703959257771,0.0686342705592312,0.599595948710164,0.0891171360709282,0.675212479293109,0.101398698006707
0.991798917732172,0.0677497558163307,1.07037288717263,0.0953161440643801,0.265695507841733,0.0407258473050109,0.987440475526342,0.217049091859524,-0.293287445377146,0.0607480505438941,0.121907587501542,0.172596352852284,1,-0.572592828398473,-0.192106905629441,0.162344908461177,0.746543687993028,0.0739054478883416,0.635679806514482,0.0761897094473966,0.734697046706615,0.0794536153614821,0.657787581864562,0.0933629252129662,0.755970088156715,0.110819726582116
0.993124698290541,0.0631837896055612,1.10439676820341,0.0965741571321912,0.287950641788631,0.0423068177457917,1.32678598478187,0.231194628832322,-0.415925992001327,0.0720192863224109,0.370106499179362,0.147186267873747,1,-0.672909404564885,-0.05723387214346,0.155317971386873,0.831013992370926,0.063492505249154,0.659209909384496,0.0651381472037951,0.743798122982602,0.0769958386140056,0.619288922308742,0.0929225972427255,0.886187047921626,0.099408513583466
1.01208595574067,0.0717333647531019,1.1895287190609,0.098562940558024,0.305388411380676,0.0492279415460799,1.02132769806721,0.221965972387734,-0.347485951328049,0.0735079266060937,0.167893105170285,0.183402228202912,1,-0.622197726103123,-0.035069666192482,0.165926225842944,0.716278402793932,0.0812398890163179,0.669641560461921,0.0734171047771134,0.817952727109872,0.0731410749459779,0.775033800598988,0.097334698621751,0.670695547070532,0.112382195653365
0.936521793120094,0.0532797211618334,0.906840288258479,0.0752352659707628,0.166983739619311,0.0251491340288042,0.588881266546754,0.155461974702357,-0.181239947795166,0.0397132311300848,0.419174454485155,0.115739487202341,1,-0.577966900472824,-0.0772117756226627,0.16159425433568,0.603407107257392,0.0750902904641702,0.640495555385627,0.0647721785158729,0.608923661945099,0.071815531585469,0.62096833842127,0.0802986627679163,0.505556192854017,0.115174477718233
0.955493272859233,0.0554234025104984,1.03564558368397,0.0824008788851286,0.229904909224092,0.0363910829754806,0.702603053176101,0.17045785382004,-0.240897881719902,0.0531814654959461,0.3566068283209,0.121926620997207,1,-0.599382201182706,-0.361116600707571,0.152355022956032,0.811776145408878,0.0625987894682168,0.705801176739268,0.0636890509799049,0.639195270822169,0.0693470386110903,0.774128531379173,0.0795853638499874,0.705292804778278,0.116948265437564
1.12018767467181,0.0699035553132884,0.951401967661825,0.0915598982782743,0.281763636777278,0.0435012197453834,1.0508841797276,0.240877051939366,-0.26507549479504,0.0636722197956315,0.314476287490131,0.185650124704918,1,-0.487135389696413,0.179202494905571,0.18236395564877,0.693719707539669,0.0790729843692593,0.750333681461024,0.0659173812786867,0.740611237890559,0.0779763125827967,0.810926058052362,0.0914946162352054,0.908914942181915,0.111589318240631
1.03565293667096,0.0582611145641112,0.884086295681728,0.0807812265681558,0.212389649973018,0.0339620278747645,0.964937988810071,0.187951153730911,-0.303575266188543,0.0538771774330482,0.360121942040854,0.154300569023714,1,-0.670579090769014,-0.065645215507212,0.161115686927802,0.719902671831074,0.0689979066865428,0.656799867818224,0.0595474479306359,0.679675118544075,0.0713695298060435,0.684357208884142,0.0909275510123782,0.484601985846253,0.118645731733978
0.924405180383541,0.0613539077459273,1.06447195156756,0.0880959269148113,0.224809828030514,0.0359020415027559,0.820700368424238,0.168399095548461,-0.287449712120009,0.050126096372254,0.166025801563152,0.140336002676042,1,-0.669209222065736,-0.173389146109788,0.141436937114789,0.682522771182412,0.0680118514420346,0.635024440030634,0.0695979835182374,0.629871840110478,0.0779813186431541,0.671899641714501,0.0884017951864836,0.542281938060619,0.117915398847617
1.09037416071928,0.0751904472765176,1.03205538370554,0.100916461141053,0.303454734305529,0.0475230543678906,1.23472319902668,0.265577995795381,-0.396651290879751,0.0752227462896526,0.275624224908076,0.182513479610226,1,-0.648003138367993,0.350300655947857,0.173730006656175,0.615330451546488,0.0766506702963951,0.7909575502221,0.0667124648437178,0.780902233036254,0.0829867868775005,0.734645878533217,0.0933574534935173,0.617444336739938,0.114164807550931
1.03249131379328,0.0608431761559881,0.91280990545784,0.0821518907717876,0.256120935058101,0.038870025089982,0.814911727893885,0.163864204491558,-0.24239536043366,0.0543281104995621,0.470524448683901,0.125519619827831,1,-0.530574629645217,-0.0303904835920693,0.171072710422222,0.691546836176208,0.073089978995113,0.740833412269681,0.070417657293774,0.596283469882884,0.0731557383475291,0.683556986648142,0.0777179575182405,0.718991140090114,0.114782808091921
1.00669160303535,0.0582778600596627,0.823772762907093,0.0743610215937461,0.233409049647964,0.0347919409911015,0.663102937664625,0.172530484511956,-0.225601654042566,0.0459804159175822,0.258232519264293,0.168330580917082,1,-0.573446568555243,-0.0525885773008019,0.159609047232877,0.678665846363425,0.067469462636775,0.658634173476722,0.063135822739403,0.619927124713527,0.0745223110729955,0.727628998125457,0.079248049633623,0.631356456282483,0.125816233388099
0.982443588770032,0.0568734793683085,0.95212226350003,0.0837515945491404,0.23783890961527,0.0329029481466759,0.940894755051838,0.216532542509431,-0.325058897011269,0.0553913292363814,0.238078530094311,0.166665882507834,1,-0.68714767440656,0.00546518603325993,0.155715325095226,0.716012895357266,0.0726735303750707,0.686436642916219,0.0717583288606909,0.583677975878108,0.0734819935348406,0.737814463681683,0.0770398107766025,0.628995717106122,0.0975796977577856
1.10855259300283,0.067866828032556,1.07536890658398,0.0958004743512696,0.293727432038676,0.0477515926838107,1.08520230908771,0.232587718985378,-0.280086027572681,0.0663073746585204,0.188416485573332,0.187009418961608,1,-0.496093840953384,0.230886366243628,0.165109052322175,0.685743224559563,0.0699720552324943,0.764359123283884,0.0654490995037724,0.820588087438899,0.0823936385583012,0.882188464497012,0.096892085160904,0.79211930738539,0.110049021071735
1.04255883588101,0.0651344475977329,0.957040042936051,0.0919924227603865,0.271818763602036,0.0402536844325805,1.07306890801384,0.253426308880639,-0.289297557385244,0.0603404587899629,0.257087250586294,0.16290568263501,1,-0.535662501040887,-0.17603448343431,0.169551524681542,0.781475276673889,0.0718446193861757,0.68326954243932,0.0686848235633783,0.754630140456883,0.0756552351605293,0.685718328883366,0.0819624194279313,0.695022548786311,0.107423884083633
1.00842165374183,0.0622159890039889,1.08624204362359,0.0942414548084789,0.23263856944795,0.0349594082486717,1.05470148763488,0.208410873141388,-0.258014351066138,0.0560425319231509,0.229974791538889,0.195910381000092,1,-0.520880649681264,0.0440373815845701,0.169126163859883,0.727811945523026,0.0711819303676821,0.643529064346949,0.0648311023934619,0.596044584030472,0.075539475391439,0.782285695198848,0.0984530057725586,0.758534302453743,0.112908905095616
0.995377034623091,0.0576110878287108,1.0421912293197,0.0843767231355964,0.221706087044799,0.0343870160397159,0.823672936945566,0.169211798593448,-0.288004051016213,0.0514011423885841,0.431082151471667,0.143150669748773,1,-0.673957312169669,0.256501790619279,0.167690614923267,0.658953896346358,0.0740062480047965,0.716735005234638,0.0620144244001408,0.6387624401022,0.0755397820516461,0.603873527637984,0.0829714349040331,0.840023595622009,0.104839059087101
1.19057950864735,0.0765295273254403,1.16900499679665,0.108574773907961,0.330941154332375,0.0555923036878954,1.44973299810846,0.331684613866932,-0.363747378466907,0.0817777062868211,-0.0853789366752285,0.156687272488012,1,-0.525146495028331,0.235647936789632,0.15755560829011,0.766427338321909,0.075409269947472,0.806312970912242,0.0772624930505295,0.855045931322027,0.0906179271816101,0.847379128877332,0.0954288802282079,0.809043780721589,0.120833496780419
1.02234536697094,0.0583686329865171,1.01995977990984,0.0875398109317989,0.234056991194707,0.0386615080016672,0.990809717959223,0.198006577779837,-0.295719411858031,0.0520788370032543,0.390731973673229,0.138969826476114,1,-0.614078505461588,0.0195518522163255,0.16998236799359,0.733470807567727,0.0800959214650818,0.616129713114864,0.0690162772758637,0.731300467107805,0.0752903578027941,0.735184382686619,0.0802573102037664,0.543666582864032,0.106501613380753
1.06435250751365,0.0621159994754596,1.11286908753431,0.0855997606981557,0.296798961334013,0.0444134591212089,0.930197392821631,0.22058396992087,-0.322294195439448,0.0630935269926254,0.326734381713106,0.15354082477331,1,-0.613385826513991,0.217660862509905,0.17397464885007,0.673760351118541,0.080142094623786,0.720247620909273,0.0661210599736332,0.758224093461758,0.07035207503195,0.705457087865474,0.0938324406715672,0.696002828419906,0.107417184248611
0.961552780161549,0.0575313632099607,0.988887868625213,0.0844319462882691,0.230713051825729,0.0352504667889128,0.883926290345086,0.188611216557117,-0.218643453287762,0.0496725332043999,0.318167817845879,0.151793704701208,1,-0.484163861891938,-0.170826846633034,0.156886290751715,0.751691389340506,0.0726183632021444,0.594252060073219,0.0648832891406278,0.694172598185344,0.0685437695313969,0.733659364217861,0.0826940043262194,0.663051788580891,0.113234616432552
0.944567486581185,0.0551442436163853,0.992049515552163,0.089307929145786,0.206946778912653,0.0311632587804098,0.951489501949341,0.211205260243201,-0.281829623252484,0.0571984307852404,0.435659327780323,0.134133461240022,1,-0.635119290916128,0.0935531243381696,0.170247906950539,0.589825519345396,0.0698685520276539,0.638500962642917,0.0629001157190245,0.567609006477667,0.0726859455197565,0.71306412126774,0.0755908932205196,0.537802901435144,0.115276417337339
0.989448398924223,0.0598044082942155,1.02240702543125,0.0840812848913444,0.252841626380283,0.0375195865410421,1.16940188264441,0.229023233242341,-0.310516790333972,0.0590020328903886,0.48158454464025,0.111160911827439,1,-0.571056272846771,0.00956152932796804,0.156321217723177,0.682393251409564,0.0698610916161243,0.676202451590115,0.0645531828515361,0.801871575372556,0.0732977119051187,0.738250038667516,0.0849563637027206,0.791162316162003,0.115802348387951
0.952694764716966,0.0607512805947643,0.973273500090296,0.088176098348651,0.195127189086972,0.0308483051766187,0.861105766024975,0.165694519016317,-0.222931241466488,0.0502826075582728,0.356660039790389,0.133873379240525,1,-0.543855834125076,-0.243248408193493,0.163557779745178,0.679288398392995,0.0724809142914141,0.716311801722098,0.062027281021404,0.600178286906718,0.0774902815663008,0.611290389026179,0.0859326794769916,0.622876839486774,0.111369824204333
1.09171295160854,0.0637829257758485,1.0223243551529,0.0936270505054866,0.233424947516807,0.0389408603484171,1.15963514123727,0.240761638847689,-0.335388104494811,0.0669854836614515,0.639030434892724,0.0827966622819265,1,-0.644634190728693,0.207804453981371,0.163552207329317,0.668268674186875,0.0762903541154499,0.743446689564079,0.069782536380706,0.821418343968718,0.0738013377022797,0.724023053773464,0.0974535132883864,0.868388724618178,0.0995754244969768
1.03255768461909,0.0742934189040187,1.03402234855822,0.0958494439562484,0.234398775396526,0.0431608772960643,1.20790265491156,0.249547893539828,-0.337210966875453,0.062117484185305,0.231374188596013,0.198882946912173,1,-0.633735525703502,-0.0321771543236977,0.164441152935711,0.787959311496579,0.0700250748479798,0.723630658366083,0.0750542067570283,0.647899779999689,0.082656662203232,0.765637255561951,0.105891434077495,0.664077220432544,0.125489505473649
0.978229999536737,0.0590896385361078,1.08111082792078,0.0943895833906107,0.282089978515757,0.0435243512471187,1.07074174368085,0.20356618545386,-0.330953112129161,0.0629102497794995,0.32466427875514,0.168407368662719,1,-0.602185471400715,-0.225412620237481,0.165109335335708,0.655740560426432,0.0719152244628563,0.758210734638587,0.0636568825768126,0.676644307855485,0.0795777849792608,0.787487501928159,0.0845460291113888,0.729232220101062,0.0991624827766659
1.02858677632522,0.0600345525978894,1.0529199535792,0.0903703720557679,0.237663320610897,0.0349751437714573,1.07372045132942,0.195997748197383,-0.307400072537153,0.0560198115160549,0.528138622137588,0.0995269973851309,1,-0.608523385287336,-0.00138131157815618,0.173589091651792,0.737717583500512,0.0765893774409051,0.673659684810048,0.0688741212627242,0.785246896652194,0.0661814579542402,0.638725185175013,0.0854080702328736,0.644266304959652,0.111313850860169
0.988622524583871,0.0620101685277906,1.05667964643407,0.0922246179167951,0.263052113589934,0.0398067649627538,1.11863640417027,0.226655104009855,-0.286305407578988,0.0623634158727365,0.47043548285831,0.159404946250804,1,-0.527793671702117,-0.110449822552151,0.176583168815653,0.72341078688406,0.0808645595792424,0.702694980324605,0.066246847531863,0.712484636002783,0.0748614328576127,0.794221600668298,0.0826010336502269,0.769432844765419,0.103170169476264
0.951090458799812,0.0613070055887503,0.984584555089393,0.0915612244595247,0.224170117515209,0.0360515620300426,0.968944983455716,0.216930699321924,-0.231240588815627,0.0517726600531599,0.372615136426329,0.136545474872083,1,-0.49616445402178,0.0870586729274882,0.165766511612013,0.521949868741813,0.0759154644206132,0.682965006261542,0.0655205916636589,0.695888595091692,0.0787016259091951,0.62586999699505,0.0877480006473222,0.665361738839725,0.101175302489538
1.04908769173895,0.0577048917984084,1.04210497215115,0.0851743014573136,0.267369794903541,0.0370434315922626,0.920518835620509,0.200777687409677,-0.352515253410623,0.0635710761524551,0.371425934074746,0.119118561783308,1,-0.710567602687179,-0.18128202506184,0.166791882681258,0.771375233633432,0.0696061060606817,0.759563480444111,0.0644413053737544,0.755067334323337,0.0684876072285018,0.690543190370386,0.0906350329922426,0.71759553716089,0.113319437044763
0.963616996206703,0.0529055613112412,0.989202560945061,0.0755015142870939,0.209686661644579,0.0330182648006492,0.628618563421312,0.168388610899756,-0.27600007285638,0.0563208376684665,0.371659663489333,0.122607619759632,1,-0.760204074642028,0.137736601125671,0.151159363894737,0.648301365749147,0.0703542184120429,0.57170106715604,0.0639301291600578,0.612337375977294,0.0661237668321636,0.577677655941044,0.0849421022575037,0.595828756600635,0.118188258443935
1.00304548529692,0.0675561168247812,0.99622950000294,0.0844004649900431,0.292658399241174,0.0474284798189908,0.784310592490423,0.187234718973156,-0.220546076744756,0.0525377273804863,0.25163770973423,0.162568960037294,1,-0.46033585193956,-0.11631428411638,0.150537635174103,0.772602184635068,0.0673379526676042,0.751644280312311,0.0687250172683914,0.664033349382531,0.082123002387272,0.677132586623617,0.0956849838479108,0.663922844349683,0.13200560855466
0.965830759680373,0.0580667621209053,0.957799054812171,0.0891178054478287,0.234016960095205,0.0373645977684198,1.16378670355221,0.226328041965129,-0.351649330056428,0.0628573147911034,0.259784332846748,0.172074718135432,1,-0.673828587359061,0.206765580203854,0.158022781960336,0.612539362488862,0.0727125643628001,0.678798848582919,0.0623484594265869,0.668062353297227,0.0718473172467266,0.737356684991055,0.0882641859308386,0.536770206697834,0.111885208240078
0.994622633154893,0.0702465599023316,0.947078828274642,0.0942290084566192,0.226820695586304,0.0380155698492783,1.04216753486578,0.217344168912832,-0.255277462107604,0.0551407091606592,0.00415563642732055,0.152195756585006,1,-0.52505205736371,0.242341025171079,0.149248070957081,0.631425990628754,0.0707277417174434,0.677871516079911,0.0733129456925112,0.660066979464114,0.0871373615450299,0.560098786356895,0.106190380224134,0.691326345901215,0.105357252116225
0.984626648260538,0.064248355372484,0.921306575316796,0.0881749705245969,0.230844340718279,0.0375834105995787,1.09631784459379,0.210760546227431,-0.334475016714462,0.0573320093876427,0.320654916597382,0.147929877198033,1,-0.664868605651364,-0.0277953143349575,0.175069521700928,0.70084690140911,0.0775956294758199,0.719426768363546,0.0686745474823892,0.63592557909996,0.0775499825435199,0.724671283197985,0.0807348559933598,0.72901697759572,0.111326446340683
1.03913310112871,0.0617016595680511,1.16588492550895,0.0941144927256743,0.242655364486328,0.0357236622883434,0.924605699431174,0.194587979741049,-0.275023699841971,0.0562403032554232,0.300094275510949,0.14926229276944,1,-0.580626547352762,-0.00928284601486355,0.17523343060423,0.78443850508223,0.077440989009275,0.685723866856823,0.0645046179225635,0.671104462150233,0.0681155906169932,0.86014429204678,0.0873358973249494,0.538636544139555,0.127429502794163
1.18514300783619,0.068309350551893,1.12726902390242,0.0992537676721047,0.27620748968382,0.0446690683067427,1.54401357152395,0.254232087538931,-0.322130274618327,0.0651514092991634,0.421238891618249,0.143899683990747,1,-0.493274040811712,0.170429795495052,0.185425797285081,0.679574954818679,0.071003391951304,0.736132229892495,0.0696947474926368,0.72790542767375,0.0747508798402663,0.825756889019411,0.088007329475125,0.632239215546997,0.114681190126047
1.05389984552769,0.0705780567356351,0.894101592088616,0.0890135477584965,0.308468206002144,0.0508365084906039,0.857790019845057,0.212557780947256,-0.295844278168724,0.0645120004819021,0.13863550959861,0.164370289036959,1,-0.575131925342076,-0.118331820417897,0.166571894851113,0.805955370509361,0.070893884268962,0.70446166021005,0.0713580665477172,0.799484429723767,0.0765684836593559,0.640150965844334,0.102568373802666,0.769803599670419,0.115607611126363
0.923341677880083,0.0576229949212456,0.822503219078865,0.082843473051737,0.221400052598786,0.0350784509660055,0.871855698946423,0.177180117641924,-0.292202875111318,0.0566494941930167,0.194887318520028,0.159699875282575,1,-0.665079129416543,-0.261379279894384,0.16414553073549,0.661870695427866,0.0750823322359742,0.670134287503897,0.0676605957115617,0.597705744969101,0.0733192498895207,0.701430954048356,0.0880111697349891,0.597924354785038,0.121945785191828
0.983383580906947,0.0565305210337463,1.3146064314611,0.101801688872811,0.269889318008128,0.0390991730051256,1.22390776834551,0.239115366161881,-0.254751626811766,0.0631125965448393,0.299001519287728,0.164232614012497,1,-0.443251049357089,-0.324509265734045,0.165667618075671,0.869356277327294,0.067805059659067,0.662789525811008,0.0702365422745923,0.706748651833352,0.0719242557767222,0.894133876596483,0.0754483964870331,0.677696491823776,0.110887554995099
1.01079383506048,0.0626544546687977,0.980116763925387,0.0899123094711367,0.179120078675068,0.0311750167826856,1.13067895441613,0.219768084799361,-0.304163592060746,0.0495314451625077,0.451718099352712,0.136190830414044,1,-0.675873530662497,0.286845773686423,0.162961410474731,0.555542472611423,0.0745049156098678,0.720536496633523,0.0667127667777228,0.558281567081241,0.0715845851159204,0.762956352408493,0.0890065087679102,0.573426510197416,0.112590840499442
1.05897837427308,0.0675812799830198,1.0501717044184,0.103311367302845,0.250460068235307,0.0377778354876034,1.30964356467945,0.274668201006988,-0.389045135095539,0.0709039849585998,0.518517327455684,0.107960100245704,1,-0.679288379203637,0.287231503852297,0.172711164211432,0.634846557742124,0.078064926893175,0.651515277546942,0.0678074700942901,0.682339544608725,0.0815242008057556,0.813659731004459,0.0843002098713392,0.691628719993581,0.115281561478635
1.03082406447681,0.0706738532953619,0.952739855845041,0.0846285410448408,0.251395390692445,0.0389726742395725,0.636274738193186,0.159731253365928,-0.274139983184305,0.0498935992776058,0.068311845383286,0.155132945336593,1,-0.685443063740487,0.0851128470151433,0.167682493764855,0.633489328696114,0.0756069446348499,0.714701924414889,0.0709409669151831,0.72562504983277,0.0707042037353236,0.58874413793065,0.0966020284850578,0.751672879312684,0.120494777822022
1.01354988756441,0.059900985637525,0.947472027374747,0.0824345870759401,0.190247754585698,0.0311674170397739,0.915831882913145,0.203489008953092,-0.27059891329161,0.0519853845522095,0.525643781994712,0.10276296295964,1,-0.648273694170488,0.04645600927879,0.161117953914819,0.669851533489466,0.070682912507343,0.67865110931797,0.0625093289793103,0.579101615495547,0.0688262871071795,0.799283066208903,0.0852119631893629,0.527428511675851,0.11011821811093
1.12471970307358,0.068617223119748,0.885397034223776,0.0882575656110086,0.269854652292448,0.0431138936953374,0.876747760187913,0.205068504102915,-0.256694169089832,0.0599761498051109,0.371995666408321,0.168365772341222,1,-0.527732348755479,0.0390592693840265,0.153231463386543,0.708506902906106,0.0752226537559227,0.776115640292083,0.0736581663185427,0.783215366534287,0.0779581462932667,0.758946453133292,0.0994630295723003,0.747553016263724,0.111842374459131
0.827059957407803,0.052639878207776,0.8861006340869,0.0823610523137615,0.222118017890046,0.0352541322125568,0.871485495130544,0.196837657029984,-0.328878721939629,0.0546296867218741,0.236316304656511,0.158486193195493,1,-0.747504479935043,-0.632567229136011,0.16450545907623,0.717985031109492,0.0721083680980802,0.677898622695444,0.0642291584649958,0.609368115705376,0.0734975057686122,0.679377216471776,0.0847683464575665,0.51833946576693,0.115586229476079
0.943138249321608,0.0586477744987191,1.02043816260445,0.0881737397473431,0.274237282199915,0.0443445269457736,0.952150423980753,0.212597164738982,-0.235945012292042,0.0568255544819033,0.220614092128787,0.161829113735928,1,-0.461737099411591,-0.289889379194185,0.170189408628205,0.797969681419342,0.0685272196320165,0.667983488692482,0.067349136426083,0.655091381027243,0.0713103091723153,0.68906373271099,0.0911135085085829,0.929948292076796,0.0983765038497732
0.956757865930625,0.0598168669814303,0.95728146279717,0.0801244637007757,0.1918419753874,0.0310211262710211,0.852637556277224,0.16064886996176,-0.254031467333789,0.0494677117133962,0.513196346007119,0.0954210287845122,1,-0.628106761926891,0.0189838493314398,0.175543610396497,0.628852758020453,0.0753593232384877,0.620137869941524,0.0678930798325617,0.657082985890234,0.0647873836412237,0.624003612096994,0.0871744280797966,0.653054238580321,0.126164171153284
1.01932355717929,0.0655195609123371,0.988838816959702,0.0809816659198093,0.225147039502426,0.0365887319522037,0.601042755561428,0.163110378672584,-0.179362574675463,0.0449869680281949,0.056570426791794,0.164533711215919,1,-0.487580160059401,0.15329226460542,0.146399789631241,0.60268085404902,0.0728344796813941,0.664488620919601,0.0668892821503775,0.712911945907253,0.0800678850004884,0.715779018610193,0.0932020118109502,0.509996629340471,0.123090874029553
0.968583916039059,0.0609226576002696,1.06965774093336,0.0927944321144436,0.246154335177343,0.0367525182899353,0.860780639163468,0.188483085067621,-0.251466522179645,0.0544108933445214,0.29207864744983,0.177743988785693,1,-0.546298723803634,0.0317656666677907,0.175211031697736,0.637919585645144,0.0776581146759593,0.721882573612124,0.0648352291135999,0.667688655149348,0.0747654574656058,0.676217938437255,0.086821641644168,0.627683755196115,0.117213869964002
0.981131446681592,0.0642802339455652,0.925341054403905,0.0909786217672891,0.255356471827627,0.0405418199379035,1.16434314602675,0.239200530529321,-0.357044349592449,0.0644592148360441,0.205737975242325,0.156516653076086,1,-0.654799342141903,-0.142840606484255,0.153436406339007,0.711853090587034,0.0743974720308342,0.638661861417787,0.0694399366093279,0.72701876433315,0.0800770858094395,0.775642088181873,0.0886744414544932,0.65672994690146,0.12075059937206
1.01312823821639,0.0675291708295143,1.00454608538156,0.0821256045861667,0.280556304165036,0.0452264509057569,0.6635645788837,0.144632028674397,-0.329662240232084,0.0562919099864936,0.286158937768145,0.159607824912863,1,-0.764042632005837,0.0301743655995231,0.179039067073093,0.75423298261131,0.0702115914361245,0.662050233144083,0.063706349845588,0.695496879605877,0.0737931752826287,0.588568833351275,0.090680883931241,0.693808479537491,0.122373777208852
0.879508304140662,0.0565574414066454,1.0032610297262,0.0834936390117775,0.222742563069101,0.0350838246215322,0.739191807787465,0.169088490101395,-0.246436353499105,0.0511792018236429,0.388838182596342,0.143877784634473,1,-0.607329805250478,-0.101780430860718,0.15514058247281,0.612900436530799,0.0698688780495347,0.690470759181141,0.0631133358837425,0.692721464450048,0.0708069923585777,0.663378465221256,0.0954068347910388,0.680020042785701,0.12382830654481
1.04957493493749,0.0655528369855592,1.10925747184523,0.0945554662132628,0.264709014813791,0.0437706727368994,1.25146682726698,0.253633028876999,-0.334436749083336,0.0636778980067659,0.209154443359971,0.138794607712439,1,-0.581058630581263,-0.0292008469983594,0.145951303534119,0.691099437738208,0.0716163321314393,0.727892712312998,0.0683387105198108,0.815129623993556,0.0792738156923425,0.898422944611101,0.0943511670681688,0.86645770323054,0.11161779591564
0.96577908418976,0.0599894766071995,1.02042585945723,0.0898211872226987,0.245696909759312,0.0398209336130739,1.0564735259387,0.20728728460456,-0.316581163901314,0.0585705315589573,0.174216460824774,0.144997338750139,1,-0.621378060271774,-0.211227954786654,0.166319867307505,0.749044729028621,0.0726122400305035,0.574825928595313,0.0725908225968561,0.79533214199134,0.0691959633191192,0.612336382689433,0.0957646922732426,0.735779744662355,0.104627282276158
0.974623304941642,0.0619800507110217,0.989131263048652,0.0906790533708385,0.229522535897523,0.0360636827553787,1.05778513343937,0.190288522961346,-0.283834694514573,0.0512163910860493,0.221937613575659,0.174619610037262,1,-0.576041913074042,-0.0835774466584289,0.160538316133541,0.680038661315335,0.0665069507185323,0.668973188100387,0.0700343780138877,0.766210358778563,0.0696749103944647,0.609210623108296,0.0936704241851543,0.513017897893017,0.120192872246756
1.01196403394704,0.0623373279675035,1.02631945231123,0.0888657304424133,0.224336581907445,0.035091377036096,0.90731476820392,0.206750981866965,-0.255813222290821,0.052503040089398,0.210897573273534,0.161460903063844,1,-0.567014217992477,0.199271699680899,0.157164878287576,0.69449736561475,0.0727788494954454,0.693081962779249,0.0685495034334716,0.727851497498186,0.0711486456709955,0.531635229006758,0.0927777162291153,0.793121106318085,0.115089754933202
0.97564452220738,0.0560072024247216,0.919585975737664,0.0835948240606951,0.201402536026258,0.0324196559370928,0.966532656888882,0.188207358226014,-0.267257927137074,0.0588212608112535,0.518730462148629,0.114644055016605,1,-0.605745033528981,0.0608357507584679,0.157285442908586,0.734759905394238,0.0730139785500002,0.629952732873475,0.0676023396704186,0.712994739288374,0.069720531105916,0.727089328871324,0.0851574090162542,0.657943581567824,0.11402323749015
0.866666983430876,0.0533662055886672,1.05887589957602,0.0886394313740385,0.216309817011618,0.0360527150625277,0.981219795100272,0.213012957421849,-0.22587561940594,0.0512070947643835,0.28417202386142,0.181688195266624,1,-0.490284418118663,-0.448950758549218,0.164636423300384,0.722417663549297,0.070816130656991,0.68894761294271,0.0625342648660651,0.668315201860782,0.0742375237274235,0.610027894472625,0.0889601829552903,0.602190209404158,0.114260335786596
1.00335378334321,0.0664936454021598,1.01150453668108,0.0833848279638359,0.260728059085048,0.0416300266604167,0.870939356429932,0.200684241497847,-0.275282471450543,0.0592696029427116,0.325271678927977,0.157468343694258,1,-0.5776844996658,-0.0103236437094918,0.15970538847003,0.730850223575047,0.0690408973359219,0.59901160622679,0.0688598158962247,0.736864660746305,0.0712360211605956,0.673061021794967,0.0918783793158939,0.787853174519293,0.10256196958346
0.965063391150429,0.0647814690972569,1.05269287665927,0.0949429514314954,0.285053535533682,0.0480232121446247,1.06642385724132,0.256320250305623,-0.326944546545321,0.0671136427661136,0.254062970291766,0.16351387937139,1,-0.592988069305298,0.0967421442707579,0.153054044145522,0.70625479441375,0.0684181983351069,0.687724061024175,0.0731134272655308,0.679010868805554,0.0810471415649662,0.79378017701942,0.0932831921367544,0.506867909969793,0.133844804161841
1.03636524629068,0.0584409763221803,1.11800337086845,0.0963861285136678,0.303479716198836,0.0413189312191199,1.37003731359659,0.260862983087077,-0.390271449247119,0.0692130767779179,0.219889430718957,0.175269406873935,1,-0.605251324834865,-0.274357687987067,0.16476109181824,0.813405765153588,0.0694403303325437,0.753015187282394,0.0576008223899945,0.771933973765978,0.0759853847845565,0.67806477785003,0.0908891018026499,0.671876084105548,0.103568395396655
0.953135618198926,0.0626665364161713,1.06204860834499,0.0835537842636012,0.204117686642186,0.0336415974946643,0.722154040940514,0.176408765985134,-0.246104806739443,0.0487563816884186,0.279954077340479,0.158546159854153,1,-0.641010073326885,0.103981704096711,0.159963588513874,0.586494777449669,0.0755333127905088,0.671964283264994,0.0683429600950858,0.682600073488829,0.0795738448616143,0.524218318171705,0.0912065563313506,0.482556146980718,0.113566912980279
0.903873486798557,0.0497055079383633,0.883847437325174,0.0770089231920509,0.15619319471223,0.0260057028674242,0.802442378870457,0.181361826681176,-0.242338204202822,0.0451146781501237,0.400944304636168,0.119712588196149,1,-0.684516471497427,0.126299291640756,0.148673250143901,0.508112933378108,0.0713522113961109,0.639218617451869,0.0617235353817229,0.558621708839616,0.0691714031905317,0.582451676418581,0.0829849045539615,0.552235233992371,0.114975944699888
0.944484223448804,0.0564357108418281,0.914224570870333,0.0800313137994858,0.206003409260881,0.0319146090375927,0.753990333517024,0.154441852428004,-0.253438915324612,0.0426200077976717,0.266379848712166,0.159072259906162,1,-0.643062535106074,-0.0374748646542926,0.154598077882719,0.582283793378544,0.0753751941151358,0.632214489757215,0.0704636353359194,0.690771516834081,0.0753388298217922,0.575679664208685,0.0811123210018204,0.633684091829626,0.101434249060008
1.05206537324794,0.0673571879809006,1.12024603675513,0.0960905188759343,0.263279689158591,0.0424368377978548,1.04036592728857,0.192283449409115,-0.329970030689244,0.0553770434380562,0.309378924433248,0.165725260769998,1,-0.630482096653227,0.0866418602023769,0.166698892567135,0.708341233616357,0.0744708969972022,0.695887186006581,0.0662653797852463,0.731519579616154,0.0821737642566436,0.7274497033143,0.0931990238159772,0.772317519129746,0.118558255607286
0.977748111782967,0.0597543377035196,0.887441671250887,0.0837850943477498,0.189546855215673,0.0317446772470644,0.747404985833865,0.190281897366281,-0.228437754877273,0.0519133352975826,0.470132822206267,0.1111838053755,1,-0.606920205458566,0.151845592652023,0.14586866922153,0.560762598388541,0.0729899724480468,0.646782390327559,0.0670845159733823,0.695398087841303,0.0751096743963134,0.603846893682466,0.0906025645654143,0.543759454347114,0.0989654976567128
0.969205529265469,0.0645690311192998,0.816857169764731,0.0782062450064338,0.239627083281989,0.0402808971846279,0.744501073306096,0.18319325089204,-0.278729882791783,0.0522013900284497,0.211103083657803,0.169435067621871,1,-0.659907276687488,0.126138917542747,0.169014193317112,0.607441946133332,0.0772413204950096,0.62172948870205,0.0681720111443397,0.661580801163367,0.078900583844254,0.660515437608878,0.0926396917872082,0.677814065265378,0.109427142377986
1.02982055310271,0.0632050279383175,0.977719160781506,0.0972342643004861,0.278218640025877,0.04303377981405,1.43469888103551,0.308116802309098,-0.422391711291703,0.0775639144618127,0.287119892852583,0.177558751461387,1,-0.668562319415734,-0.101152151886254,0.162723453073897,0.736893525161193,0.0686682596298491,0.78111915984625,0.0684343395200295,0.720879834548953,0.0739468827203789,0.77979544135559,0.0953491564866129,0.738922318560856,0.115668914255012
1.11421876257174,0.0692051639897336,1.04056365343676,0.100536546837664,0.288038007262207,0.0426456681428846,1.49591660175964,0.298485642184423,-0.392165959861171,0.0770306270027623,0.313417438462531,0.158195176038946,1,-0.597435883966907,0.0266822109122264,0.169842551646195,0.710472318625215,0.078018980586501,0.787690779412161,0.0718225754078054,0.75142012583936,0.0757503487847714,0.76678209116946,0.0908465602111769,0.640401397696112,0.102742062568095
1.02602679247015,0.0612189670442251,0.847123352283232,0.0801327232298791,0.217459248506673,0.0327816050449355,0.736578180502097,0.172547332089006,-0.244466516170547,0.0485454233571391,0.34032428015065,0.136568354886608,1,-0.610830926363629,0.165110662986814,0.158919038507071,0.623534436323488,0.0742482468556419,0.591842312386687,0.0669380329728829,0.687069336598685,0.0702170705228369,0.604630913070781,0.0970991240238381,0.714261587683918,0.101421406171841
1.01579658597783,0.0699255557831108,0.996863254579551,0.0966291344377776,0.294860997602486,0.0471618491978434,1.13654416737686,0.283839586385933,-0.329875214745699,0.0739599043984576,0.143270084022536,0.175784476256188,1,-0.569833348399747,0.065032121993214,0.161018510583344,0.665290689117869,0.0761988816404541,0.779543456931165,0.0763361004115787,0.735920136818525,0.0788244533663991,0.760216771802238,0.0998748797800743,0.651592982277378,0.123569698488893
0.999460467163621,0.064564366312133,1.10883918098462,0.0873765442092071,0.247492968300721,0.0394593193406677,1.00020144593545,0.18722441562687,-0.283078594597132,0.0573674162189065,0.14120633985264,0.168407302265322,1,-0.56896016325909,0.0203836291271819,0.158767020824236,0.768256572863759,0.0678679175309847,0.663752543182347,0.0672423680122016,0.705340262541333,0.0808489840223118,0.659702389665397,0.0923055555628321,0.693257305311322,0.129503116426296
0.889969653144561,0.0537557170674922,0.949318442494652,0.0815804710364199,0.23018594474221,0.0315195016908119,0.843780303914431,0.173721386509542,-0.315468682040554,0.0548512143281064,0.373460776926006,0.12301248662679,1,-0.715817247893791,-0.349553506610149,0.176909478405385,0.660742256440187,0.0712591988157768,0.662326295188419,0.06334766969952,0.691975691758351,0.0659064888456021,0.6876581477223,0.0890275379460841,0.550287526839916,0.104937231336422
1.04220958111864,0.0708818766810529,1.16964443031464,0.111503725371745,0.277924390903629,0.0448785827462496,1.55161847136114,0.339944588307442,-0.368058421738859,0.0850875140471806,0.593035591686578,0.117793708468636,1,-0.560481081141301,-0.110183150269401,0.20249206105824,0.787735862585935,0.0866838126308925,0.819132401144464,0.0735687302563851,0.710573242168255,0.0719189388356482,0.838185951483062,0.0957267898406955,0.635029624162481,0.135385853897745
1.04331115263358,0.0631773757539734,1.07491855802528,0.0954940944821661,0.297468349268762,0.0426173577033646,1.24598093982781,0.236985964099831,-0.357402805838112,0.0688004550716653,0.169055109277137,0.170601861224091,1,-0.587059170418984,0.101863562082884,0.156880747230528,0.686849261148999,0.0756702137362418,0.676071799793063,0.0645847954971707,0.725950859951222,0.0787973546349004,0.640557277216564,0.0866284833300934,0.745199507319776,0.106252607536176
1.02784926923811,0.0609186541664051,1.07975501030858,0.0978286587149097,0.232077899935178,0.0365477237249779,1.18565087513845,0.233760027061033,-0.304597520512646,0.0589734246745045,0.326926881638684,0.16954533980428,1,-0.580672231122525,0.00333571627045923,0.158052617446472,0.683632126627117,0.0722908429387348,0.79712429230755,0.0646395393549781,0.602879028867709,0.0809253506316139,0.913027517496928,0.0837936243839521,0.620040327802994,0.114590903847011
0.976863534903462,0.0542950456372875,0.900095361101363,0.0725195095361124,0.200080216720954,0.0319581005379053,0.6479732930888,0.146822955789914,-0.243619201739363,0.0445554882639424,0.459202293679894,0.128325063529127,1,-0.676598277921188,0.087820683216045,0.146586048491388,0.656690628419412,0.0701637465240679,0.656136357045749,0.060438611680474,0.594959762854296,0.0707841125485495,0.604564373003544,0.0809176674499297,0.638012261093182,0.100502714227406
0.94231901961479,0.0574588428219496,0.953240967776424,0.0828310113747226,0.241645309258121,0.0353839400170169,0.875082431264435,0.182648762347572,-0.290415875981693,0.0521346560563054,0.36512709201091,0.125046380189949,1,-0.631548469527746,-0.208869117581711,0.157037640228707,0.751822031874426,0.0663077000387039,0.580804187362671,0.0684170174615684,0.76188731528996,0.0642365945490687,0.630875466044175,0.0931195312487596,0.630627377274141,0.117302087473978
1.03967748665367,0.059359774961272,0.920633224865305,0.0867146808839366,0.186872689791044,0.0325278805459455,1.00255528518357,0.181442526517814,-0.30929579052675,0.0516143655523594,0.579362708192212,0.112645723605151,1,-0.714573531672495,0.128878503074185,0.192558805141278,0.727551876677235,0.083348006095552,0.731126169059606,0.0688245226393085,0.618318067925915,0.0686418439237472,0.546482651421502,0.0917059794733197,0.655878360384139,0.102206064584128
0.937213502440003,0.0643462712691065,1.03628543411775,0.0943803004691119,0.248094473549416,0.0373197035472618,0.819197649411791,0.176379911406851,-0.311569517638797,0.0578066783945569,0.265644723193939,0.18361675692677,1,-0.691117783385792,-0.0857025451883984,0.179818052181178,0.720041281338946,0.0809918139137324,0.620462691077147,0.0692663408195715,0.61012643658617,0.0815383929449334,0.569836070929484,0.0925691790521244,0.734540146210832,0.0943100622825129
1.10783960425387,0.0688253784948545,0.928499738121011,0.0874466394343022,0.248592422810216,0.0379737257230528,1.05324954324902,0.233261367806056,-0.297619536070935,0.0566964008168172,0.314475194581744,0.141932658807115,1,-0.581636767461301,0.215833543387349,0.157754235826522,0.651269210612453,0.0736660623870621,0.797813437176997,0.0607959662291083,0.816603362250238,0.0749987676873715,0.672207790417459,0.0945962805446955,0.625060510287039,0.104592236328797
0.896624970282358,0.0592339444918875,1.13108512074925,0.0844220106776007,0.240111944446206,0.0380415342379061,0.689539716911712,0.155004031003813,-0.212233587279682,0.0523909742819643,0.33955378250673,0.164702981978032,1,-0.521587997780362,-0.267923405727504,0.154041282077915,0.632248885839568,0.0756580766810294,0.699860671224262,0.0625821415188687,0.637025782086814,0.0759290664542275,0.643287584374037,0.0879667108808635,0.504349612931673,0.10600487301186
1.03989904900608,0.069704597246281,0.866491195137299,0.0891529782897239,0.233421124076656,0.040762606640127,1.20657260317886,0.241298634356887,-0.276567640628384,0.0570803180604362,0.424281161032429,0.147017779490275,1,-0.521140177774353,0.117077947911315,0.168869011434121,0.643948931653166,0.0782611816496029,0.708410211281074,0.0648661058681076,0.770976340371682,0.0798900440973697,0.691869523112967,0.0927189466027313,0.643681618386349,0.123973355384904
0.924125278446761,0.0532087413806042,1.02608092474564,0.0797336799617554,0.235356682394038,0.0352622416930982,0.705410309107109,0.176833506516892,-0.258602563949421,0.0528401278598569,0.368051248510397,0.127017277765002,1,-0.634671005742481,-0.0576862390601427,0.13775718895243,0.63218629598959,0.0652699990837508,0.727340290638077,0.0605544384623487,0.631081257088374,0.0729708028787616,0.582116763801754,0.0913571652743399,0.572766307856407,0.114764695786087
1.03561797542172,0.0728793896402343,1.20466650549046,0.100308717075723,0.314835503179599,0.0470885962209051,1.01030141010219,0.228580864144524,-0.371063207534391,0.0682606952934006,0.149703269297405,0.163035454041781,1,-0.657931325319224,-0.197568063876863,0.161154650939471,0.828408808897765,0.0695950006129689,0.779192746591934,0.0687535030372448,0.668541441207748,0.0781246154847331,0.79598961417436,0.0993886439878146,0.851670972335997,0.121469581312252
0.998290357934497,0.0648519191070908,0.974547781704298,0.0824525316952664,0.27282067238465,0.0407683449847464,0.750633751463285,0.145850841607711,-0.313511595272361,0.0590734758699534,0.197386628654572,0.169011037758887,1,-0.692788909044091,0.148001153024218,0.148088458083592,0.745696451442728,0.0682975235950827,0.529478709328073,0.0740567332487307,0.72042946542733,0.0759578113755868,0.760096943044338,0.0869667357635371,0.531246767501593,0.120505530978289
1.09764108849029,0.0779386474907228,0.905042495049408,0.0961369701588605,0.28997515597372,0.0510162399365052,1.35027553269795,0.249098896207478,-0.366490778706919,0.0785539569390639,0.240874511388,0.207525166904048,1,-0.585694920187705,0.136957074986183,0.180315453292629,0.726425778534321,0.0771125069279519,0.786052193014123,0.0731750876619456,0.662215838522538,0.0851142991083104,0.845474109598246,0.0852080146952478,0.772936028667898,0.117341772255483
1.02885118515339,0.0643499883510145,0.794781366648504,0.0910283511920122,0.254151247417401,0.0381401441689953,1.26787550748676,0.281506193323684,-0.318795268423168,0.063544041439245,0.598730835992965,0.0863131232260856,1,-0.561600438173914,-0.193444079996513,0.17297979981309,0.711816125235799,0.0669137850413959,0.7659670108852,0.0679206024279992,0.721528768063961,0.0753046810148487,0.79878821168965,0.0857016070766705,0.420010138324052,0.108085955990356
1.0207340571626,0.0559831891644205,1.08993196147206,0.0839395273142655,0.225318274460032,0.0334430113930364,0.773185597524774,0.16977299525383,-0.214620063107692,0.0468837760432189,0.27861793611083,0.154469294078399,1,-0.514197821212016,0.155567269291202,0.165705548558752,0.603824617602689,0.0671821735530273,0.765755642249607,0.0583075443506444,0.786985745555337,0.0719056390365126,0.749675610351276,0.0970251347373089,0.5665515525793,0.118705790444752
0.999504731797242,0.0683501894053953,1.16470377065166,0.109968412515067,0.257512779484983,0.0417938886529139,1.42187027872701,0.27521543485042,-0.344619582752381,0.0740637398671275,0.0995438582288283,0.178052878603853,1,-0.569522086351858,-0.310878779515937,0.172704570685487,0.774490629520282,0.0772043019587594,0.709859353680589,0.0738424282578258,0.703967006326195,0.0767969097987964,0.715692332778748,0.0932534842055948,0.920093677260181,0.106271683797549
0.984991710776492,0.0605742229481144,1.02345723271063,0.0820597530029066,0.21572168335277,0.0353570367333034,0.986039507818976,0.195845908092845,-0.277480247993141,0.0534822456158925,0.370795943588566,0.142068752174599,1,-0.601641818897229,0.0940435344641359,0.159823153948271,0.630772305465265,0.0730751687067958,0.709611922155433,0.0612325694537338,0.586674772376263,0.0821081343866865,0.698890383110821,0.0804267051580153,0.55860956728065,0.121339524053674
1.03467958246386,0.0635810856908488,0.899004686460363,0.0848218990227791,0.224438435876336,0.0345123007857382,0.876544203703673,0.188894340139811,-0.273482343738766,0.0515879946532053,0.325627545863877,0.150698167927191,1,-0.616586150142764,0.167781351243027,0.170111352662428,0.607686743408709,0.0788803747387823,0.644964733271731,0.0688152692241837,0.70323397413083,0.0680688170756242,0.680561080797846,0.0810779893579116,0.658783137697176,0.122310226266159
1.00993342461053,0.0656450988672504,0.928495559621297,0.0913337960359451,0.270802247298185,0.0416324489334798,1.03437074630019,0.227140106685866,-0.364521576740972,0.0620429140675186,0.0843940541841866,0.166030546017078,1,-0.688745847318445,-0.0614504420257472,0.153555776627892,0.638433019579794,0.0801827029814272,0.710293113964409,0.0680156293960187,0.710471693974713,0.0798186058371643,0.818301003975919,0.0931864880690853,0.527131380271085,0.125560601917208
1.00140481386918,0.0573594065898304,1.08591227250531,0.0869267646546746,0.254341925403562,0.0345133896604188,0.919905096266138,0.201557391600011,-0.263270506713704,0.0554306983253616,0.387281231219779,0.141559641913935,1,-0.544279177192251,-0.155580944914464,0.162436698547066,0.743762458771927,0.0739946011195587,0.738613247139393,0.0628853528503979,0.804044232343317,0.0710423730827184,0.763426771676256,0.0985972420839149,0.737108513462361,0.106413793145313
0.889572008152908,0.0512177669867911,0.798551348527231,0.0775458110961845,0.215041930781659,0.0313455630207834,0.70001564938387,0.155142819237256,-0.310529526289881,0.053385448055793,0.182520909244813,0.125136307479117,1,-0.800363824591333,-0.0394081770275532,0.153304422275752,0.538239740489442,0.0756730439044325,0.693528591195942,0.0625618299248451,0.537328161091148,0.0753145688808111,0.655539813808466,0.0929072517048845,0.554387143577579,0.120100405911795
1.13071569586818,0.0717897751728199,1.18553696874173,0.102413478212664,0.306129381761658,0.0469906610401545,1.15587367169746,0.260676491724408,-0.327581732888129,0.0707524029856539,0.208290977932983,0.18346427075049,1,-0.55069607735551,0.231946407793185,0.177399574298446,0.745833772333558,0.0828815040686884,0.679775494755162,0.0717613766624614,0.876263269866621,0.0739598545915313,0.83881660918193,0.091176876623519,0.825368595440596,0.0923312683946674
1.01737877502195,0.062317294095849,0.961271667037312,0.0877922076213915,0.268776418449694,0.0411282570985808,0.864563741305505,0.188816564478991,-0.23725080463085,0.0520504894312147,0.522323364686326,0.129978045353563,1,-0.492168261453039,0.0729490327802985,0.16929748984889,0.632700476468212,0.066272441015882,0.78620171305773,0.066946134452593,0.513464487243535,0.0783257691065769,0.710070819439902,0.0869425613045062,0.766360241562391,0.102250262350621
0.962013192118838,0.0629521531371553,1.0360491355309,0.0922403727846389,0.241841105824681,0.0397528472603589,0.902447955132411,0.18829858268628,-0.27187440818241,0.0531584733799981,0.323183386746034,0.191221228386015,1,-0.581958728489236,0.0307797549838371,0.1672449988041,0.677781075435988,0.0756299202254282,0.636749277486614,0.069707144841793,0.67387248879061,0.0707721297264298,0.608970939054675,0.0939917334916726,0.689743306927159,0.114700596090647
0.933026553669553,0.0524167864420546,0.948018749591888,0.077899636938779,0.232427541562862,0.0354883669202679,0.687436648166221,0.157803307378601,-0.250071818295889,0.0486539959521229,0.296838846415842,0.127065102468917,1,-0.625611346812766,0.0118444413758309,0.153506875235025,0.707149143449384,0.0666750322794208,0.507540010308066,0.0712530165286273,0.750959457709637,0.0701067471102465,0.5779507228329,0.0938168484698785,0.63084165825266,0.0977581050158821
0.942042759758518,0.0587618619947885,0.969147301937153,0.0844459860494711,0.231688849248362,0.0330995000957709,1.01506226026114,0.22865500848878,-0.307601338694408,0.0597551502091413,0.286335634969194,0.154360507592985,1,-0.634292117550911,-0.0897219009650214,0.159751101894621,0.651894827050912,0.0751581413877382,0.661371601902962,0.0637428166337679,0.702655312690999,0.0730323232213555,0.686611594472015,0.0943362392428472,0.660673613334974,0.110019307495867
1.07704940931815,0.0646689548813774,1.06105733599569,0.0913838206168287,0.248855012349292,0.0415470649002987,1.03989562355623,0.193491321027829,-0.296328091682078,0.0581030973281875,0.229458953282223,0.178480081995918,1,-0.582511834031014,0.305099337023801,0.171557150851662,0.695139085773345,0.0716108629181626,0.691256997113306,0.0728634860600716,0.611418494582586,0.0756941833941742,0.780437527940014,0.0870812790328783,0.56316972570611,0.116441704705282
0.889240799990545,0.0617135555397003,0.879101845347697,0.0844028924007744,0.224972750953286,0.0341914537738239,0.748992709262302,0.183789754390294,-0.300123840564752,0.0555210114696226,0.230040550460608,0.151742210147569,1,-0.731133596491458,-0.0587169542483607,0.157319069277173,0.600281727319981,0.0744329937678599,0.640037018621256,0.0678274226652427,0.575782391118547,0.0757308960618289,0.649818263137665,0.0869100236046936,0.73640395534241,0.10243875775088
0.987885358948394,0.0636712423162679,0.987047701251291,0.0915018802928798,0.231070038088199,0.0415314671339832,1.17666769676814,0.230722475930869,-0.344209157200193,0.0635029496875898,0.476343804724927,0.123640623151886,1,-0.660121209211495,0.0259365569089912,0.167750094644893,0.640720175436617,0.0716143563182955,0.789541474840294,0.0628289601447071,0.716489038796904,0.0799179450383867,0.669029540958588,0.0984621690237112,0.57979912246073,0.130635601821067
0.907255101973869,0.0615763386172953,1.02194190559636,0.0874102500096681,0.250217887963249,0.0403686220869088,0.982194168599178,0.197174781217394,-0.268139290288094,0.0600253619118274,0.371176053580959,0.137170516890157,1,-0.540882092264713,-0.133438834834077,0.149307794046967,0.666945853216901,0.0645711899664435,0.65734910526892,0.0684676685637297,0.671249456204005,0.0757092215611098,0.717585653575379,0.0859180023172709,0.790899823959734,0.130659333230258
1.09420946745335,0.0732723198695084,1.14882421049363,0.0987267528337436,0.315500646569497,0.0493277990027043,1.08512003385985,0.263425745995301,-0.34172479967129,0.0733052530012248,0.124636221006673,0.189137222848199,1,-0.584033124969826,0.0879917322158626,0.154830381297283,0.751501173872055,0.0808284873641471,0.701692190247668,0.0770158984292993,0.764271526270317,0.0715650578856014,0.725426018388039,0.0982632620177999,0.737736257266552,0.112974382394041
0.931014842636551,0.0610601370909361,0.940070312738415,0.0863777008587736,0.234443917571737,0.0359427778988152,0.922590630789298,0.18038490144038,-0.315662554218814,0.0580113332651384,0.327711077276325,0.155843452701414,1,-0.678733150594809,0.0828195272414293,0.16457331824959,0.558416251550189,0.0713479989942487,0.70769070742413,0.0650725016615021,0.689431085069725,0.072037060589639,0.662102860582913,0.0914779191297194,0.808572294124324,0.119824353645731
1.00904708009912,0.0560377770759269,0.931385842311928,0.0828249550178604,0.221899763169407,0.0318320963260233,0.946092643690236,0.203357535655844,-0.31577300789966,0.0594276563965717,0.591792042716282,0.0868607798495317,1,-0.689175375942235,0.0254559558417231,0.166797894228133,0.71599795503361,0.0717316813940469,0.605987027756248,0.066027460433074,0.72144064603567,0.0678726556347087,0.676390813795865,0.0847204686625752,0.50804803925302,0.118278671341094
0.940515349401188,0.0617066995625589,1.02405648960637,0.0856191965003606,0.228587326829658,0.0354272324575444,0.884595644074616,0.205992200650978,-0.25306423719962,0.0476031490690857,0.234755854478372,0.15131314542515,1,-0.562771768283053,-0.0892916224999168,0.16265177982369,0.705444713319496,0.0723152633961775,0.671798138054755,0.0696426039914863,0.664152919347146,0.0778283618129435,0.640570132933313,0.0899525589084658,0.687734965555966,0.119897887335971
0.986167115342878,0.0637367447995671,1.01866871603023,0.0899684815177866,0.247291709654412,0.0400734276193238,0.847263704729321,0.195757279835474,-0.24441976813398,0.0567130823060378,0.315987107134969,0.16019918990487,1,-0.533976627426939,-0.231779747142492,0.181003187336301,0.725644827180435,0.074760408948338,0.708934941277189,0.0637204458167378,0.644769611410568,0.0804043530830035,0.583015775155532,0.0950413242783278,0.865016086821785,0.103233392786019
1.10296428500551,0.0710378403832708,0.9216780575477,0.0906720445260617,0.267298645755749,0.0417955434054996,1.14767816930019,0.239556300198821,-0.311252431022284,0.0638289031440291,0.263921458317669,0.163091644913399,1,-0.561958587944146,0.233324305319534,0.178372213609844,0.68070796096446,0.0769784901477474,0.713831131004207,0.0675007998842487,0.818222116158614,0.0779934136766332,0.584127593569547,0.097487670590199,0.783443425086733,0.103893244641105
0.971196557088033,0.0593580771071846,1.03373088836883,0.083360730716405,0.24921287761838,0.0337755493357876,0.767921614040532,0.166481075778286,-0.265900821441003,0.052215737717992,0.410000707491611,0.12408190173479,1,-0.607821409450282,-0.0494742592242682,0.164578385189821,0.668813556174554,0.0694340419498154,0.700656892054558,0.0631614750475119,0.634463588340843,0.0687336114930462,0.60907694601929,0.0979233383841623,0.628782970021949,0.111126167322904
1.03420802346635,0.0643879064941371,1.07712380119184,0.0877607892685179,0.254301673969277,0.0394336009308503,0.9027285677866,0.197680346836023,-0.300721389365971,0.0633374110752117,0.276331426694341,0.175340144250401,1,-0.627640726627734,0.17332501161979,0.150594368368803,0.682780307130501,0.0672056894405944,0.712878694786151,0.065150958390128,0.654001882019521,0.076824900255861,0.816828421693982,0.0893894875020747,0.691614283700879,0.106140828074758
1.08048654890691,0.0764436350945882,1.03868267113195,0.0980301099896345,0.350116266426625,0.0506282183720047,0.96070597530087,0.23232160303513,-0.410564218311865,0.0708980226833117,-0.0939166526163509,0.158394458068059,1,-0.707912704785795,0.103802420401059,0.181823358213983,0.748945076663423,0.0738287051057819,0.671751126617928,0.0781987038133963,0.792219265021439,0.0812079926938984,0.758196290936071,0.096284088456587,0.903550002791084,0.103783870604917
1.04493358813015,0.0672098654363422,1.21473587040758,0.102879370536497,0.303990271576164,0.0477026495223376,1.3231421304207,0.2557963091037,-0.437495676179893,0.0775883719191435,0.28904017917245,0.172070235709953,1,-0.689827769898218,0.0668474978591866,0.157080602820785,0.758274688487558,0.0728014191929554,0.763933937688824,0.0698176042941751,0.610356147011402,0.0827725553040308,0.71113214393694,0.0975037924450597,0.749443992419345,0.114429284169261
0.913454088946932,0.0589103048167428,1.12254238859304,0.0911303984178169,0.244789601874136,0.0394856452397672,1.07916514416442,0.182334489465075,-0.278774705783707,0.0496751184325317,0.198683846464506,0.179572215186821,1,-0.54239156666128,-0.22649174472979,0.15604174210822,0.662547300002191,0.0675619516613979,0.76825400763104,0.0665218797553723,0.713320220307059,0.0731386386667934,0.567145513175139,0.101252420097807,0.681962828834916,0.120457408314902
1.07470174058668,0.0662829400480242,1.09680671887036,0.095191998670922,0.260256332377363,0.0384346396606684,0.956061321685804,0.211472133506403,-0.301102198766533,0.052122314108179,0.0370569852414022,0.134942435260038,1,-0.603629421953702,-0.0600259516399342,0.172830755692419,0.764720517811296,0.0764119278572609,0.626556113994065,0.0717622880763917,0.762444172684179,0.0745077135145213,0.635971331991632,0.0901973819292922,1.01629039639433,0.0926499368050704
1.05270958191718,0.0645127124127436,1.02905486520471,0.0993169870121554,0.285231611545828,0.0429074385272457,1.50352063953006,0.294662522677277,-0.408278955489579,0.0760304561723224,0.271842625367474,0.163675913891505,1,-0.623452642559352,-0.211850181065279,0.172060913474523,0.791139271705969,0.0773153690349171,0.857178643072219,0.0607818619672878,0.726946846725053,0.0751535615912166,0.819487812592228,0.08785308896747,0.764526211550708,0.105977042434482
0.969958307591459,0.0585984304111262,1.06698649557963,0.0860089642154996,0.234435656878068,0.0369163808762428,0.906389808792543,0.201216544434127,-0.227674330666178,0.0515476112129791,0.307559254244501,0.160330648090702,1,-0.493906484474839,-0.16203798819489,0.171377629804357,0.744278418843455,0.0739465015286917,0.640280171771809,0.0659351949018394,0.659785981339411,0.0755260213558664,0.711880923755976,0.081509175490069,0.639150870921044,0.112483891295778
1.07989850937508,0.0638043449525482,1.00128164988103,0.0817046797160692,0.277596237688068,0.0409950124653436,0.663365638782156,0.154243237592116,-0.300139355989595,0.0561762320474572,0.141505401242881,0.14572455202305,1,-0.699422617963895,0.119706951535242,0.155382220728524,0.700823135751627,0.0732420567011828,0.726537199121288,0.0614358617196723,0.739526091168188,0.0741224578216675,0.645830569394003,0.0949800000153789,0.694373207990203,0.11000716304446
0.985677512811172,0.0613294667317889,1.08787743786216,0.0871208452855956,0.250513649763746,0.0377959873255906,0.952862421631743,0.180475101249145,-0.319655984305452,0.0587944684998876,0.186055610398131,0.16418120530687,1,-0.654262520234904,-0.283439248673505,0.153292225313411,0.859699457085403,0.0638658249728488,0.63332800340482,0.0721351516545887,0.741152565702431,0.0788890986530726,0.728359199090765,0.0845204644182344,0.516581256912354,0.112417830000374
1.01468183229533,0.0643011996827921,0.936968355203629,0.090880411677565,0.233462486383384,0.0404323993115105,0.799929581777981,0.191549652682307,-0.151395992129479,0.0468015637198436,0.258931284870981,0.165784153056938,1,-0.350332111266443,0.0275949887084421,0.162505546594667,0.664087182523989,0.068000924101477,0.655564173304193,0.0734329677251748,0.653821779107829,0.0814510205159983,0.700484681343025,0.0883591022165288,0.868734726694707,0.105607470549767
0.979457235466312,0.0633675055721456,0.997074820639783,0.0867656488237919,0.239947073855758,0.0377657014113764,0.748644334432699,0.18484262001143,-0.231741896480142,0.050811444482365,0.120473448128737,0.170587438814568,1,-0.54677551276097,-0.112980657053937,0.161396588149559,0.71050375063429,0.0741704417337274,0.73427876686428,0.0689998191385108,0.657236205299207,0.0730806544895181,0.735267433818727,0.094571453330902,0.59722062639017,0.119937588569938
0.907822969740964,0.0547951135806228,0.984648312799874,0.0784841433244679,0.207890366011486,0.0312012521972217,0.659399539015815,0.15616921942297,-0.21954122061511,0.0405941269530294,0.281774641632126,0.152418907095343,1,-0.592958874031987,-0.11197469665953,0.15277420031466,0.625673706315129,0.0708692089287557,0.605300301314863,0.0607025016481612,0.700039348531562,0.0697466532739464,0.742450029334836,0.0967262250832978,0.521563532104014,0.107498560910557
0.992226988109254,0.0626949097861417,1.01175757176425,0.0927333642720928,0.266690838486873,0.0414580262166608,1.09951583694498,0.235714883519537,-0.323335901674129,0.0620136519705895,0.253462078932527,0.143910031942469,1,-0.597102839282758,0.0181896220122058,0.15408068454958,0.670930992151108,0.0764204194732329,0.619834880649869,0.0673889340991269,0.783318771307005,0.0744151029553019,0.720620668338845,0.0904830656530373,0.693653870603007,0.109412926172932
0.901433997411532,0.0522977040404339,1.02123175393765,0.0798404127380948,0.157021967105938,0.0258508738747647,0.759862317166051,0.166515911505306,-0.227973081890278,0.0447845704207515,0.491588169604227,0.101501936120063,1,-0.659987803129576,-0.33676862893066,0.161520213496289,0.725578873213255,0.077024303499682,0.654674909694695,0.0616260324654529,0.567753399947753,0.0711202870804667,0.583396637058298,0.0868779453709689,0.612942844400434,0.114917793079494
0.959372973026342,0.0544100225416099,0.906457559477952,0.0784960768368029,0.223587038984697,0.0332964316305394,0.646115416386015,0.164208815472831,-0.273384891994219,0.0485963066116126,0.446582684010092,0.130596884207037,1,-0.7192769557735,0.0941847288191322,0.148604840044995,0.64845294172634,0.0719228049994469,0.564691283122913,0.0628849102875852,0.576312192096636,0.0694255608219969,0.662889317263217,0.0885279210997625,0.671233171694003,0.101109775306399
0.955261599877397,0.0539629292511418,0.861930431872412,0.0828240656141286,0.212880043850969,0.0309623749963333,0.937408978135834,0.173444401141373,-0.288992039083198,0.0546490967347338,0.392928396196167,0.123556370647366,1,-0.646924873356051,-0.0311766535008364,0.156341507622983,0.641936386049483,0.0702275903761136,0.668418053916672,0.0625685961275954,0.651433232406337,0.0727561232473156,0.672074820393413,0.0916975275551888,0.470036926348855,0.114707797528159
1.02660991458317,0.0655144689035769,0.882321896832888,0.0874989220596711,0.252877795603303,0.0408765467355168,0.813830377409858,0.192421089450429,-0.257182427348009,0.0525968333446702,0.546058402423105,0.116218007709793,1,-0.566916365537733,0.0464655497136786,0.186844041342316,0.681132873259918,0.0788187887226107,0.683066989428532,0.068698965654179,0.734101056435365,0.0726617861828778,0.682261989614552,0.0889150527857797,0.810913934856039,0.105221722091015
0.89522843306707,0.0542231600005283,0.873117704133937,0.0813937365932352,0.198035192403234,0.0286562695864305,1.01020485387581,0.19561521034523,-0.267119649067439,0.0479978200892189,0.272225661328042,0.135750261953987,1,-0.597213921245484,-0.166031074171931,0.153448026980911,0.637716771519226,0.0708230879477744,0.664289246952707,0.0641001973786287,0.669627081249439,0.0717225834927144,0.6452069612314,0.0804913756726278,0.61135229578704,0.118118380262012
1.11776624738014,0.0705776289059672,0.962946786890997,0.0896599189607214,0.285921791653177,0.0445377729550086,0.781821054092489,0.201827684395184,-0.260957916227604,0.061748690833505,0.198518128064319,0.198426775325085,1,-0.551941648983375,0.131718612032703,0.17058745181157,0.749497870158569,0.0763973052778506,0.741857561541607,0.0706625382955551,0.775453001580575,0.0772596386712057,0.739866170295553,0.0970609157070081,0.678073893643618,0.114356062359157
0.910430411872195,0.0564603445275693,1.02828366531185,0.0849482365181549,0.239684784401063,0.0366764558409837,0.968198153844814,0.197633573984661,-0.318971107184392,0.0594741736141554,0.548994142699373,0.0984540441989185,1,-0.662138724986759,-0.0438447221493373,0.14820150836067,0.729021989791392,0.0714451368460809,0.590038408886455,0.0655549471635854,0.627296799080002,0.0797520226947317,0.581421896035005,0.101467548873085,0.733449551699327,0.103946199326256
0.940374374583683,0.0660056122891534,0.918113285662215,0.0935666430070796,0.287445586136041,0.0452143866008294,1.15052350892114,0.238257973480039,-0.34485541699227,0.0659103231107842,0.0716421701588014,0.154614792680312,1,-0.59966883859945,-0.235482889718906,0.170876395330426,0.66239737519212,0.0761345536859801,0.803850000946143,0.0707785976511275,0.7358179314228,0.0791237457907639,0.666541819898237,0.104578957615242,0.614142246956321,0.124416441524032
1.00258619634232,0.0604689944508133,0.829024606089966,0.0798180174239724,0.224078333321277,0.0363235566019381,0.797075651606708,0.166618649205956,-0.269094503836648,0.0572280333511222,0.296030658392181,0.14943017986014,1,-0.636729722705442,0.135085763867582,0.147851573816895,0.691783595704714,0.0707685488670172,0.687683250113768,0.0637583103450605,0.654455414860654,0.0828433236259497,0.700482016215797,0.0888334036432983,0.610142504196406,0.111645373753422
1.00415182297353,0.0594389125112784,1.05313000321983,0.0962085129750867,0.20605492406826,0.0338467028806994,1.06573703116059,0.235625434271546,-0.271581743716885,0.0638172593443635,0.575007136746935,0.0993025458431446,1,-0.57954083950261,0.0253866034184626,0.180271729640739,0.712587393850309,0.0844653650622089,0.728583636494001,0.0658777047793803,0.631477319022642,0.0784133979088403,0.715577137801763,0.088833955020693,0.674847750935815,0.103965621538862
1.11324533161313,0.072609716210913,1.04547796367492,0.0994305808732667,0.285794829532819,0.0442261910763349,1.48338246362349,0.288962364777978,-0.3826802736383,0.0744415324124693,0.300756116974051,0.181505205666217,1,-0.587736039118742,-0.235625647290647,0.182205323541068,0.813518221115575,0.0761597193723782,0.838110184072118,0.0648004997969317,0.759816960802662,0.0777266581751317,0.822461103469544,0.088999075497666,0.864250752913212,0.117985493107468
1.07850272280927,0.0620459444065278,0.895545963843893,0.0842789407877796,0.272760911894093,0.0360134869738974,0.895699304157661,0.186626347720282,-0.327739254299751,0.0628129342294381,0.180120857743932,0.127125597832505,1,-0.663065262233969,-0.0428638445858738,0.150310429448106,0.803152557335828,0.0686333409368105,0.797271861271227,0.065936821786931,0.724238806654094,0.0722181168928459,0.611426025330672,0.0921903852856026,0.906645766645245,0.105021258831223
0.954164408536429,0.0641261499587007,1.17440269045257,0.0928040666640795,0.285918507442508,0.04151793614483,1.15626064263117,0.263138257819258,-0.258155178875582,0.0602302228793133,0.319997289495594,0.16960659191484,1,-0.448985004390546,-0.0718891093587026,0.16232054105419,0.699341962106303,0.0666172251727521,0.755218638398663,0.0680732723689707,0.683455336943865,0.0714446468586056,0.836780123151626,0.0826823707626045,0.801419650101548,0.129504556411045
0.937125227284881,0.0571848927682891,1.05469244991656,0.0871514489063101,0.269235391691338,0.0412314280950782,1.04969832025733,0.196661941230956,-0.314615791106292,0.0609258147724598,0.373327335264347,0.148039454948254,1,-0.591809853076986,-0.0521297443662098,0.161202090592965,0.690041914345355,0.0691863274117614,0.678547847159159,0.0657236344946967,0.658920990222575,0.0801115559858405,0.69882116964138,0.0945015418807935,0.682108645003798,0.111178266269049
1.02239292173929,0.0626238688907475,0.998719739760584,0.0898248147286447,0.281129693296484,0.0381463230972626,1.17294877807854,0.215581760779198,-0.426720864077564,0.0687739410510587,0.434144074762204,0.158035217764848,1,-0.74310638818838,-0.236930416533788,0.185664618481919,0.807565182038704,0.0708961915218253,0.805858652401729,0.060499446773434,0.683883442777953,0.0717800295066455,0.626387617945926,0.0846734615920816,0.707156426043667,0.100161455671909
1.04571773501785,0.0640268675397039,0.955164150724851,0.0877114603990121,0.260288482329249,0.0367789324085407,1.12251865312338,0.241058319436385,-0.319121560435899,0.0610933503490194,0.494080292771622,0.131094525352127,1,-0.590380341742277,-0.0621559486277891,0.195430901814033,0.7727378753811,0.0795633860181658,0.723375377661814,0.0695260900336681,0.696812253742314,0.0732318999269691,0.649380152496078,0.0850430447356128,0.786349079909575,0.0961868391276138
1.01928300169435,0.0669091782050233,1.11060842047453,0.0980913849070499,0.282910758968011,0.0440262095618119,0.923781090708077,0.213253410932159,-0.291031827711808,0.0607876887070061,0.0620414561989399,0.158296591257238,1,-0.569286939912273,0.0906733618360073,0.158403124389841,0.730365623153554,0.0771875074696739,0.711685927523437,0.0696362190768643,0.689109247787386,0.0838622462866005,0.73585901149414,0.0962317598699573,0.870127356094118,0.103535629150514
1.05225759855719,0.071895287631314,1.0042372598622,0.0892712864893546,0.30925560734201,0.0492456269101373,1.02629653196908,0.228601940401182,-0.282257732991954,0.0589923779600262,0.283844690391573,0.186810164739183,1,-0.501014882871327,-0.0182688335413017,0.190405490119267,0.765581592139928,0.0746685959580229,0.6325457368487,0.0694161969973001,0.780810365483537,0.0719800843568778,0.793784395044233,0.085126466845676,0.769225007510452,0.108446494033772
1.09403164678808,0.0658048986004707,0.947736922299011,0.0884836336739454,0.256771152941768,0.0377238229818898,1.23304290316265,0.238516916880881,-0.362440215171906,0.066997982853409,0.269753323260911,0.177897315561101,1,-0.644130954219394,-0.0675297477018662,0.169164968073365,0.909713918528811,0.0685776833626505,0.718347209944769,0.0691524404905036,0.764692736169876,0.0772230551744307,0.814950638054275,0.0817093290121892,0.663827695903596,0.108436723604217
1.09452683758062,0.0667442628818388,1.18415605757911,0.0971600520272971,0.293424113002751,0.0456699328194579,1.01243823258534,0.196260018434515,-0.288659497410776,0.0609532899046009,0.196015294355893,0.145715396344788,1,-0.529606958204255,0.0990798027630505,0.155717289642078,0.747850011867511,0.0666954011484358,0.67250118698869,0.0714209049540403,0.825128792370028,0.0790450065674835,0.738772833900063,0.0893798457578371,0.749384827076179,0.0990932862078306
1.00840336556405,0.0693675761022345,0.985210480740821,0.0923255487511613,0.255766905727131,0.0402165075021135,1.02344881052665,0.225140669002053,-0.314558239486318,0.0621120173704184,0.125923154847769,0.164714695410047,1,-0.614816944156892,-0.047476039806577,0.172321482075381,0.625959080604578,0.0824479350540047,0.764687763543072,0.0715021338510871,0.683672040417931,0.078008047761901,0.668524637805839,0.102149816968058,0.923980859587644,0.0926478514004874
0.90168379245587,0.0601451903737494,0.957991274027115,0.0929254120448882,0.212680622013842,0.0356795538143504,1.01124644077094,0.205032975233652,-0.227940396361785,0.0496193590118379,0.446277844236789,0.128065905146885,1,-0.491506012901107,-0.389693458484743,0.181265354511804,0.805341130938867,0.0799847887256271,0.577893322739737,0.0719193586949778,0.704350511020084,0.0751458395637814,0.591289288877503,0.0937160371792762,0.76594903436406,0.115523612884143
1.0052168615693,0.071303411493373,1.10081701631289,0.103109002530112,0.253440738633699,0.0426135325740489,1.36254554120024,0.295701881244686,-0.305061901034123,0.0677801279117746,0.135183666884412,0.178488964058512,1,-0.519127751563414,0.0453567404344943,0.167957379665285,0.626500058996042,0.078259580605341,0.670586663791251,0.0712816781758659,0.821119911965108,0.0807029064681915,0.748460016224546,0.0933173089153152,0.617284749200025,0.141483245944985
1.05426247693967,0.0711432857123722,1.07143187778486,0.0967739451615233,0.324672320350271,0.0510201867607799,0.907714474300792,0.209553883238797,-0.345626839456709,0.0637405495673783,0.0710901815633505,0.174817774153519,1,-0.636663858912874,0.0354616024594819,0.158102121123747,0.656206292029223,0.077188882670736,0.77128332614605,0.0704099016739968,0.73796320861424,0.076980174169038,0.735304946600286,0.0943790071250471,0.714594726552882,0.115081652399982
1.16085478581139,0.0841204728612701,1.30501892513365,0.12263686212403,0.292969233889277,0.0535352218499123,1.6557526350568,0.345776296583941,-0.242419904919479,0.0677580626289071,0.515615871844978,0.125701503065839,1,-0.348064348283989,0.0965015623046701,0.194656991786229,0.836476906452527,0.0805590223930901,0.749503062069648,0.0761868991933722,0.842120175169359,0.0851828955342472,0.947995831720394,0.0971802400599328,0.771384667836672,0.122934390599558
1.11532553643638,0.0804237751779353,1.08092367498637,0.106785753264198,0.300266992282408,0.0523779186694878,1.42728295077358,0.287179163122295,-0.383012891470565,0.0763267310095153,0.130857432710482,0.209407556372635,1,-0.585065589342788,0.00423386771415252,0.17599056066952,0.812347533999004,0.0694734848101852,0.775450044937615,0.0735980591049639,0.712020281982971,0.0817966545513762,0.681228252078057,0.106480958294984,0.867726660655738,0.11561337693396
0.980749263158815,0.0592227574655213,1.00339391379077,0.0891721126626104,0.237721280894693,0.0365824085529607,1.00141062062038,0.214692389914907,-0.323880224818888,0.0574609976967739,0.25993182207875,0.164622042911471,1,-0.663810785831146,-0.00754333295165958,0.152666371901262,0.657985744180457,0.0742215656013475,0.695684287700774,0.0651259923740517,0.701229201072765,0.0672017270154276,0.710910907045056,0.0827921793768458,0.770792146360053,0.108162891182881
0.837140304983518,0.0529579837229879,1.08103183959324,0.0848312017584369,0.230618630531609,0.0341819257692565,0.693175204002757,0.164737601865982,-0.276474464316346,0.0490413487949142,0.11706994456217,0.148405319076301,1,-0.691490664671171,-0.278927169219092,0.157719465740101,0.593821397866156,0.0728962517757056,0.696008059365226,0.0605653218475379,0.568294119108179,0.0769077437568679,0.716962990102623,0.0977671700843249,0.676967541558275,0.121643702629449
0.981877639993214,0.0642595361183932,1.01145248752971,0.0906291042982589,0.22114169934661,0.0359221415633047,0.908550364220375,0.194419007850364,-0.240852520139126,0.0544512180547975,0.305240670880715,0.138168794032948,1,-0.537330348376845,-0.00345150480343633,0.149812957879918,0.67677187420174,0.0658268474835587,0.689214162171348,0.0652237474307511,0.655280608364259,0.0744714887680171,0.629170720625177,0.0935363826875733,0.737016979540477,0.125867514538974
1.0425951737557,0.0652604856009631,0.906931489231682,0.0891465310011024,0.245712520381984,0.0420550748733356,1.06736987803798,0.213695152634541,-0.250492739615868,0.0537204881206348,0.349681336409563,0.158619806398602,1,-0.489129693219984,0.0835610043175432,0.162538074553651,0.665550930247227,0.068028120250769,0.761113322988104,0.0727491540753041,0.685125012586833,0.0868755839895361,0.747440890102861,0.0971285126848467,0.495540849487646,0.108415860956674
0.985807960316558,0.0548110892633088,0.851914654639423,0.0793636883746149,0.210801709422316,0.0324333952734526,1.06626309855587,0.211032502214302,-0.290428625520045,0.0563418393931431,0.42112965812093,0.123754326068604,1,-0.612590370473395,0.0705652146060367,0.16054249418434,0.675332563442369,0.0686716961343499,0.52214934843664,0.0672253805424168,0.672215053555345,0.0614626067109035,0.694769386063282,0.0820958877854033,0.626687980916184,0.106376395717642
0.989553358131037,0.0655049240881088,0.854674882447719,0.0822698260971443,0.203769351830744,0.0337277055418476,1.12957998141637,0.224272521205907,-0.314250966084734,0.0569450922770953,0.467047643966136,0.126414200958655,1,-0.655011154570243,-0.106437020962583,0.1531660771841,0.744634574691737,0.0667184621607579,0.757334725037834,0.0681738913226632,0.598602124547448,0.0785787431586685,0.702592291313732,0.0880952174184179,0.668891018425753,0.107575404963473
0.853569483324008,0.0496109190388682,1.05439184540709,0.0831971398628298,0.176352280043723,0.0304243056082743,0.826733817426874,0.155036256514351,-0.221028815031374,0.0449853497803135,0.605186416122976,0.0849955326411439,1,-0.578862618077977,-0.277759934799455,0.16941427300415,0.672083311456073,0.0689197440254772,0.692129522662244,0.0644617913644303,0.672531432236304,0.0708467308684489,0.40725478172156,0.101059367687646,0.603454984683381,0.0954771017660901
0.958615358902704,0.0576154391508108,0.972734388304415,0.0851752902760962,0.187730730728509,0.0275287436356369,0.94075823117373,0.183237875174671,-0.188270678307205,0.0425937884646321,0.339868498597037,0.141529914784019,1,-0.447997910641597,0.292312793563815,0.164914333261112,0.498800754742062,0.0711088320888635,0.654821272239114,0.0605478597532449,0.714568101965949,0.0735536636287952,0.642976404532149,0.0924121280540519,0.720909707057696,0.0986763520175711
1.02028464739131,0.0570006919595247,0.914537491030982,0.0836433609875473,0.254046341648469,0.0364509676573977,0.981745501484179,0.208953090247731,-0.326293336724885,0.0616769550745242,0.26206416543882,0.169866031057749,1,-0.653359593649983,-0.0741524757005086,0.157922189369964,0.742673210856274,0.0673106101645162,0.703691691687071,0.0625516295690696,0.661736347722072,0.0662099609084366,0.732546740419005,0.086251406165577,0.723353775774823,0.109162032604083
1.07546028780536,0.0707815430417423,1.09983016919825,0.0972099243940183,0.263728864979238,0.0458533878777433,1.22960156530341,0.253184033708744,-0.282650078975111,0.0649461657729763,0.413121457162008,0.154920863433997,1,-0.496350055321474,0.07623960323717,0.168679209223309,0.778462649110986,0.0737672647344218,0.710263560190724,0.0753451932374414,0.749891530445021,0.0755048420988498,0.738626459026796,0.0886380590590734,0.896813058653517,0.120897628764592
1.00402071944508,0.0667947071805879,0.971062848842256,0.0871714034031435,0.255061832428445,0.0466837337115857,0.95449173658376,0.198270363375147,-0.303600265421613,0.0638131165171436,0.109476184415125,0.165933890831685,1,-0.615309078304326,-0.0596063555859062,0.166022325505298,0.636401490346929,0.0793257692437069,0.74321405855309,0.0717146062167193,0.80752986418629,0.0819814503693181,0.625116558190559,0.0949423798342696,0.769384636792457,0.112436124781721
1.0224163878749,0.0646309759329066,0.974476896105662,0.0884533377158822,0.235865757561536,0.0393260665567179,1.10199806032432,0.225558676336393,-0.319116096365546,0.0645474191713186,0.301226688775013,0.157689658011594,1,-0.625930116307167,-0.172441435854651,0.175908098324087,0.795975435795463,0.0699458400728145,0.775115203875151,0.0689787723006979,0.617650620091537,0.0825705654080434,0.680684186158615,0.0868569114325051,0.669245169866042,0.109770905585635
1.03454855169194,0.0676607855118995,0.998879356085051,0.0969573891392207,0.280585602407905,0.048114025262813,1.16449943486784,0.256700912865981,-0.416277160909053,0.0801283808705519,0.601865259782366,0.0840805190062724,1,-0.72824959477596,0.0115783149847149,0.185614511814902,0.756985460096197,0.0736058073411311,0.696324390187653,0.0709072811201427,0.776156706587166,0.0793583919706299,0.774637360837959,0.0860217417593097,0.46383673739742,0.114971190573038
1.07144971302531,0.0559615101850212,1.00332768380206,0.0864075965535389,0.254383385193085,0.0362634172385673,0.820459221653609,0.164870792002434,-0.244295056520259,0.0556866686081879,0.247496841393709,0.129391216697665,1,-0.534738935635331,-0.159849660696509,0.153675517494252,0.83454714629816,0.0707699527584764,0.68975836065268,0.0608238495268853,0.61967046064663,0.0722146958804121,0.830329630265782,0.0790038295226975,0.64100657972424,0.11424339354814
1.0151461226779,0.0633261255023548,0.985367236191146,0.0834137118397448,0.285675641844441,0.0421758989228411,0.830250845598069,0.186642770526164,-0.296320586878377,0.0582400944040041,0.116360737511589,0.16022752014252,1,-0.608443920363101,-0.0904981464194955,0.163110969317019,0.802339801420579,0.0682019373615027,0.634223239966427,0.0692496994022732,0.752763932109243,0.0772514523419636,0.797238990067547,0.0740050696523422,0.779933163581013,0.10600987075106
0.986701319100189,0.0664093909287649,1.00495575189106,0.0866046890132702,0.283728450173431,0.0440380660750873,0.907287616280362,0.191940413693448,-0.40054613493677,0.067517506153811,0.269711968991664,0.135881821396,1,-0.789457238101075,-0.159919307904627,0.170342373483155,0.761186288975707,0.0708408592430746,0.701816546188316,0.0682498622097322,0.66814320407881,0.0737201851702821,0.584794115396659,0.0937155945724007,0.84339300303847,0.0981951451249761
0.944568892718901,0.0525936735816995,0.980488121298179,0.0829643574408273,0.198885889563744,0.0284640842631479,1.02090238129534,0.205526827555969,-0.309438824718053,0.0515507621321317,0.492175307627874,0.100094576104732,1,-0.686721600949567,0.0560363047869561,0.147402251948722,0.647898715167309,0.0653463019004075,0.721181111197239,0.0637342536659121,0.64959355541777,0.0622126773317889,0.647938868056263,0.0803869969818245,0.617928113497745,0.11018421900026
0.962507157397815,0.0623972504642785,0.918132656781907,0.0865460483648336,0.245304959047936,0.0362371632337953,0.876929242626446,0.20369117992009,-0.301135898348067,0.054967705791029,0.150600411171207,0.179155843503122,1,-0.649272622332857,-0.243724025926285,0.164822803336956,0.736374259763067,0.0729983211981544,0.683541524264911,0.0693505250481691,0.68296333183249,0.0709292910315921,0.687396790444183,0.0963471807586614,0.434210376331097,0.118159335952243
0.979538314277684,0.062856148798621,0.964024002217439,0.0872016369617342,0.232671783002979,0.0352964497909329,1.07849834395593,0.228399145047527,-0.339584099775344,0.0587034908387361,0.387557654005883,0.120282602273121,1,-0.677900176496604,-0.254796872509208,0.178819765752607,0.777022814788255,0.0778806293562723,0.632118081450241,0.0597401384680809,0.713459327703175,0.071222230528597,0.643247929613012,0.0872630015152521,0.595877084822573,0.113723490106524
1.1016033891635,0.0664732418314215,1.1625213789322,0.0941167428257375,0.327046529479744,0.0501256514372393,0.971698317913713,0.222923702324576,-0.332696492187085,0.064397730069104,0.211243129118749,0.165799168354524,1,-0.590170808075965,0.263638941368632,0.162804691520352,0.787784827222657,0.0686916978662319,0.745062376886493,0.0670109289534041,0.820091263132698,0.0737108882528554,0.816122107871933,0.101126887247783,0.832760787261011,0.120509279841054
0.965830169026831,0.0629292407425706,1.02217967141177,0.0792189213770095,0.206149186030353,0.0317632027702947,0.68183417248384,0.158971313863002,-0.216496072350602,0.047418791123464,0.411043901156643,0.140664182773838,1,-0.577457236107148,0.0411250733304998,0.185143500664381,0.552136675069707,0.0834380899490418,0.63590247209033,0.0692550178127373,0.668817761639551,0.0728876277192239,0.664143992980247,0.0850878920001873,0.736175838171886,0.0927566342233459
1.09676868027044,0.0693963227924624,0.867863504381696,0.0849672600062187,0.2769617600305,0.0450257596094949,0.950167633961135,0.203153049821779,-0.323935362640156,0.0614991938556564,0.185227413631383,0.183263527050049,1,-0.631463626034872,-0.0342856136723688,0.157595787293309,0.809251143795619,0.0762928503454093,0.701071522960019,0.0678870024460717,0.670927087137424,0.0816677299167843,0.694816683725984,0.0920928265970784,0.810522094914628,0.100752728568234
1.00189250626026,0.0631040250493082,1.01850373475239,0.0867513170393657,0.214218828704076,0.032943268283237,0.863434728615413,0.177870784777689,-0.27050126870736,0.0501412694320827,0.157174318783271,0.141304766752179,1,-0.628963915171928,0.144912706498602,0.152918217444891,0.669272388808132,0.0694430799172853,0.618901213522065,0.070785724489308,0.714575298358357,0.0812759637199438,0.703205448151052,0.0922857566562285,0.666628328852822,0.109487911730802
1.00832894977381,0.0618117357893612,0.955746082741531,0.0896127108805768,0.253390018831543,0.0369354108352464,1.26815833031017,0.262727187601408,-0.331433730921149,0.0607597787919824,0.247044239345181,0.162252350769307,1,-0.584675928961576,0.0676911383027846,0.14815094644258,0.69092454244421,0.0730960803194693,0.793060663400374,0.0615997886133244,0.627680762801242,0.082339803430461,0.68432147942831,0.0874615629636985,0.82613644878504,0.0962865834083896
1.03954969912486,0.0638886214585725,0.997090956144897,0.0846966924691937,0.26513277827664,0.0409271539784356,0.930182478986511,0.207094489236692,-0.294786140646341,0.0579709906007485,0.43555514512837,0.140647872252872,1,-0.59359641934001,-0.161165795148957,0.154087345000877,0.869319504002519,0.070860905904158,0.645116610741439,0.0729479996204471,0.74659557067648,0.0756695356317418,0.618698265547275,0.0772859138867903,0.779705158034787,0.109179494254987
0.906306263425346,0.0612765662186234,0.965671949190731,0.0876559007228492,0.239555555634145,0.0412995752662374,0.701859534742805,0.151261345696858,-0.253120620025022,0.0497288122422957,0.222690140111764,0.168873295143168,1,-0.617304296827516,-0.241897169269304,0.157958756146276,0.733799879879799,0.067141677459516,0.637655526351023,0.0685083230729117,0.668038882678628,0.0765747309507048,0.618427081494579,0.0989137610971451,0.571470748965249,0.134389834751259
0.987265147121155,0.0654114259121182,1.11019706207966,0.0891449113944995,0.237882838560924,0.037919563515349,0.749686709409482,0.181198756609625,-0.236317211368938,0.0492855296307715,0.148136453728163,0.189870962658354,1,-0.559595084875399,0.292168577668874,0.153866616533635,0.640868477985413,0.0749760262844542,0.522346145348023,0.0759566270529723,0.694718132726038,0.0748426827875346,0.735945717778448,0.0937034097283475,0.772076204208474,0.106636217769316
1.02930708704217,0.0625487880977986,0.960079115526368,0.0863069371070985,0.240665083506436,0.0368611125659299,0.863044471382036,0.192835263147921,-0.286648424747053,0.0568688311799348,0.457264224918345,0.132382543589498,1,-0.62896492780759,-0.0233754996262961,0.170087695098712,0.742421280522498,0.0671108737467277,0.638950673390228,0.0663173367580334,0.744725631914589,0.0734728843421791,0.739136364131393,0.0948846040278011,0.669584682821252,0.115232315332199
0.973852712599173,0.0615222197070874,1.05646472751473,0.0895286324872488,0.278204158813417,0.0423153205348145,0.949604452389155,0.208145744599916,-0.303158974425728,0.058881398450502,0.185197500994034,0.171085811321506,1,-0.58981695015667,-0.0709305273055806,0.152686983555753,0.61881174569162,0.0738748915561715,0.756611332495341,0.0643276363927289,0.724141178131132,0.0773002480878204,0.813436755652992,0.0979582280229022,0.698556117263258,0.122789604573709
0.962425962005288,0.0554284326137294,0.99136614135835,0.079545870039955,0.194346557866221,0.03001657947196,0.656300322022735,0.16057378533576,-0.251414711160966,0.0480421683132768,0.302240676759033,0.141676637289135,1,-0.703964811493731,0.191450316158994,0.145062024826365,0.555133573112389,0.0722875159078201,0.595765345011267,0.062313174117564,0.617481136924296,0.0666537024339827,0.72581438477138,0.0945274264744328,0.452651320597488,0.121931796246035
0.902591275256535,0.0576156541551585,0.901884763852557,0.0808494205031235,0.242920977526234,0.0356374858276235,0.763424421659984,0.181632837222599,-0.280780900372028,0.0517173003291048,0.366612078267028,0.160802965759493,1,-0.652006654025486,-0.110514803465758,0.159771720549681,0.760516895063344,0.0682268383795056,0.528254827147985,0.0670126064152859,0.544642488770961,0.0797610082459696,0.724537317902757,0.0943239527247893,0.561472979244439,0.110578976256949
0.95367325042169,0.0582257723793322,1.00924786516225,0.0827832410091241,0.191235872937616,0.0294559826038695,0.725072363083605,0.170766871069551,-0.21630037369914,0.0443334472800256,0.285701609051437,0.142691771601806,1,-0.58087396617062,-0.0525112938738499,0.149801015345706,0.625303254921447,0.0716821566662487,0.586113823970092,0.0622689393953043,0.735034966411831,0.0683491488444674,0.608953352719642,0.0934677212704166,0.533829773883455,0.122142715291344
1.10416465483783,0.0746848358591235,0.92679207301996,0.0914142326069825,0.296857881284304,0.0474517334424798,1.00175467945191,0.218305301898035,-0.330875203388372,0.0677216681912811,0.182678839707593,0.174107754032533,1,-0.606749238036407,-0.137069064825633,0.175795185917027,0.70219230171171,0.0735250840905726,0.74471644487375,0.0705411815216146,0.732481427872724,0.080244931512446,0.716991574011032,0.0858195393741526,0.786733175821974,0.100183592642937
0.966099156078596,0.0607817256433943,0.956313727650952,0.08335064979042,0.24257680049049,0.0359272525606406,0.988110525332785,0.195474891279029,-0.320099608033699,0.0527798769591102,0.288013748190671,0.160163966398136,1,-0.653819317388901,-0.169844686905223,0.159177057466865,0.749004136211302,0.0716320952112415,0.666278385489891,0.0662440105990712,0.608360902277068,0.0813503502943759,0.550981975039029,0.0929951105520617,0.711083455778027,0.0974364107060709
0.988706541585116,0.0639207212046637,0.987158011351576,0.0868088352018094,0.258071927567124,0.0389473300911704,1.09861054944992,0.213252947938526,-0.35540610226915,0.0640774989149564,0.253091432916828,0.17020419794794,1,-0.667471328243276,0.0488266405605636,0.160356820035928,0.684392819731908,0.0750477902397097,0.687656048933602,0.0664410130075792,0.718887515428191,0.071475708317791,0.780142955797273,0.0811002450249456,0.852333859095134,0.116486622617831
1.04251729475698,0.0695554398133046,1.04102104811745,0.0996565730912364,0.301881397186639,0.0488428258423546,1.20115255565974,0.262954913520839,-0.336219904994623,0.0700081749090369,0.0479431674281703,0.145180197451532,1,-0.558349537319291,0.0673687845546984,0.153342278330515,0.671392524440713,0.0709081688731363,0.733589082162187,0.0678947171797726,0.73669098570391,0.0804073246985261,0.771808442901674,0.089924855320299,0.991071631248809,0.113320400253578
1.02149907301399,0.0656104119455889,1.04445460176167,0.0970367483841314,0.24491879773053,0.0407208192874305,1.04209709242391,0.22738775492504,-0.310036174873932,0.0570183833664882,0.352326766302773,0.147279828197033,1,-0.613687416868734,0.187490141777659,0.167261990199814,0.67794567038042,0.0722998124485689,0.669941624657869,0.06622744398699,0.686005335218883,0.0799569746540673,0.730528268982322,0.0908345091284806,0.569181807195967,0.130244295469097
0.931040063989013,0.0640291187802171,1.04761080376125,0.0886757208666997,0.267545255181787,0.0433782181053321,0.900759638383484,0.212305203376431,-0.289894815995283,0.0641548826523556,0.234609085630879,0.170804253159153,1,-0.590523742678368,-0.069844447749763,0.159273691282806,0.692953970483646,0.0675626630369539,0.603178979987784,0.0713381063796653,0.710976155532752,0.0742809325143607,0.758569981552202,0.0799957994895794,0.682497229803795,0.131606130333917
1.04568650382462,0.0617823949032755,1.00661145735867,0.0876928212061955,0.22738321608805,0.0350043982445435,0.934457113004492,0.22293886625179,-0.242062173874838,0.0582843715658117,0.404560904347541,0.142808430362728,1,-0.525131463123679,0.239977159406827,0.159985725574779,0.605889911781137,0.0725758471871335,0.769487173076541,0.0619068770366928,0.656022857596816,0.0769042439063845,0.70351087178038,0.0877373391199922,0.649000109109681,0.0985846631837694
1.11682628577051,0.0841636398152669,1.12843461121053,0.107980279444646,0.296456642097285,0.0539904223188071,1.4468782344477,0.302732733345952,-0.425702199080518,0.0760460256558044,0.174085437023807,0.198462997457729,1,-0.649993942458036,0.261017557106903,0.188772251071012,0.708522385412704,0.0805718229974527,0.722170909910772,0.074909409910131,0.910017054260208,0.0803216828323575,0.626549203242537,0.106063552534308,0.902265097994186,0.10846207675057
0.934269951179856,0.0599851537352049,0.993659387742234,0.0843071669469781,0.224803899571172,0.0338938788156312,0.692448512911556,0.152278895210444,-0.210216793777275,0.047378858031433,0.253694674924884,0.168107715033749,1,-0.53280923567363,-0.180624527869382,0.16267978330612,0.668011755228699,0.0724505265039922,0.626660533936704,0.0645016408445201,0.657550123093874,0.0782721787602171,0.750220468780166,0.0831802111459926,0.452520962381426,0.11965041619789
0.986380678004257,0.0633074111942178,0.882622884582865,0.0819994783225397,0.184224241302627,0.0305346870895442,0.781587402827843,0.17556732833636,-0.174371049905113,0.0469358655063859,0.282896834505376,0.157514504969666,1,-0.459528253570478,-0.154724858275555,0.15951408957375,0.720906941579273,0.0690490685388209,0.603800050588872,0.0667008811205427,0.648725874886094,0.0799929570899542,0.793711937377514,0.0799490679405786,0.489222855060555,0.116402835779277
1.04460985885763,0.0605020823317116,0.96929912625463,0.084062761313735,0.209341896878434,0.0338249343135705,0.975645845763292,0.189773705354192,-0.226312495125415,0.0534377488159274,0.40614088946725,0.124976119863473,1,-0.500765447778011,0.295812276320658,0.165058022541822,0.619269119191321,0.0745772830774775,0.669118628054979,0.0609900609865807,0.643757992486868,0.0716125348043792,0.593955794657902,0.0878935093345388,0.782175430291712,0.102825475348284
0.917207756862666,0.0572169375480815,0.856455696980976,0.0819501488470509,0.203050614489426,0.031638651368071,0.867120825541864,0.195911767577689,-0.252293896026665,0.0481582085431842,0.39142134965091,0.129636177684491,1,-0.601263417410868,-0.19531195747316,0.159575960223909,0.736404558008954,0.0721514590554719,0.536632468245937,0.0690827612038765,0.585775964964684,0.0727726461013581,0.611987641542646,0.0852204330800665,0.688098636504581,0.105100718184181
0.982449961390478,0.0659672457786335,0.878670344155837,0.0925124063732198,0.221357072110841,0.0359780390429179,1.04660913098957,0.21094419738854,-0.263100734520548,0.0582426315177429,0.131569621512521,0.153563569448283,1,-0.546616956818399,-0.0528505243324594,0.160600608413088,0.650016709036656,0.0805590971354215,0.702130762829199,0.0645048535322136,0.70426613468314,0.0766180770601964,0.591913733801256,0.093535240105423,0.61427674596591,0.108058815347135
1.07381732451381,0.0607492041512752,0.929463042523681,0.08656920613652,0.250452087617233,0.037304749294579,1.15684810070985,0.207152784654163,-0.383567902365442,0.0660239926553493,0.511907593440743,0.123269787014086,1,-0.712593342396774,0.0493546470747429,0.189834591747587,0.753286282486026,0.0768198003406975,0.732552681966831,0.0655901070951463,0.761590615508825,0.0655130528779192,0.701744894778594,0.0741702133828925,0.648441668473266,0.102221231870842
0.990424548460197,0.0659612314772009,1.11779138615826,0.099570532802527,0.26713545973652,0.0438216833465544,1.39812295298556,0.280499946011042,-0.383699738227101,0.0744253143748815,0.559447302169092,0.124157986088998,1,-0.627845881763227,-0.161344571886284,0.189438725216968,0.804044632198605,0.0807924749662995,0.736186746248641,0.065286388593854,0.709522988766319,0.0815744023453498,0.62651073199037,0.0843346585786481,0.686508252628156,0.120057557410651
1.10101525970321,0.0613422355702636,1.1046231829272,0.0996145652648272,0.265086123237106,0.0385592645211523,1.68131644880599,0.302379949202333,-0.42776965921235,0.0778573093430251,0.437127807374639,0.146414330361088,1,-0.640754625437256,0.0408330825455562,0.156765140080975,0.816784722826274,0.0710258480274394,0.676226488113251,0.0706107199398023,0.809400437326607,0.0671386977288944,0.713512323289469,0.0881397404867297,0.731109418894734,0.108114331648187
1.10699616972002,0.0756063723674441,1.04051737311672,0.0951280565766284,0.300918437506529,0.0466708846864463,0.786198143646403,0.196497220931107,-0.298624524390617,0.0645807889945256,-0.120475749864109,0.152660095136772,1,-0.613952914000548,0.204456343663887,0.15687616188796,0.750633461111424,0.0775319669520299,0.701028697547496,0.0745337197114065,0.724739133910433,0.0884352856734132,0.778016982797686,0.0963918418965471,0.940991938524327,0.104269675251556
0.971712916719969,0.0626418448055691,1.07951126294526,0.0968450954635113,0.241619005229373,0.0383094916802762,1.18431620752208,0.240929670144158,-0.31444301669675,0.0642248088921619,0.16773133240299,0.186531961007522,1,-0.587817581815887,-0.00064431577678892,0.152379678886581,0.687767165809629,0.0744443185917654,0.695706865994276,0.0680162544570511,0.777106683428802,0.0728678678689671,0.588571036409564,0.0998050651876397,0.68782726578487,0.117652951348223
0.980021782046145,0.0653906688268201,0.981280088705019,0.0930078986513753,0.269971771300348,0.0432011022580233,1.27212643891136,0.269609101757895,-0.377240102608664,0.0635689515988274,0.27078298035228,0.160864525501425,1,-0.643714863134471,-0.160870596609883,0.162888242105613,0.725296683605526,0.0784306793109019,0.753806654973203,0.0656087136519767,0.627651277793363,0.0808578392357382,0.61232753244761,0.102569151146571,0.71844801146568,0.118540940113751
1.08189803896586,0.0636532278086825,1.05032808119288,0.0884308141607284,0.267841761914798,0.0400206113476176,0.752970962786207,0.172233931365192,-0.280949519998024,0.0575776023228593,0.0427781437151133,0.15013239330377,1,-0.625604744283181,0.297311353540575,0.161415410905988,0.650571802727994,0.0755440584822661,0.675419041621121,0.0706763961669503,0.763644030751073,0.0743686179795855,0.742440500445045,0.0828752926662534,0.629902964696458,0.119952861488316
1.0966179734349,0.0688260808145149,1.08990836914016,0.0943632171955741,0.283090320492509,0.041941792393632,1.16948341831198,0.243748470252099,-0.413934910927649,0.0689885652381857,0.108229123252179,0.139520247559033,1,-0.719403442523617,-0.0211006567633091,0.15026287904628,0.834355866838387,0.0650213232080891,0.771972019901988,0.0689654793883503,0.750983456924529,0.0747500713446595,0.737056347861684,0.0836628717223588,0.835670653478572,0.110502950598125
1.03689721781685,0.0672143383482983,0.947243589642271,0.093578310167476,0.312192862112327,0.050997933808388,1.05531983094857,0.229472864697034,-0.369374680376668,0.0730476110031538,0.238187280946537,0.165574720181325,1,-0.643522280833071,0.202721947672734,0.163204846632546,0.694196071550457,0.069652425441974,0.682634075905677,0.0730511478590596,0.675956542262679,0.081061910080615,0.706975432819143,0.0927918315814931,0.78963018128733,0.11829269624725
1.11844067324598,0.0721952927145853,1.10881971942296,0.102200934699354,0.32155048425844,0.0497423837993206,1.55824109229344,0.29297331636356,-0.39187345146807,0.0732099679772909,0.325301333917191,0.213784607001279,1,-0.553610006725615,0.239477289315725,0.173892230174338,0.728992524620122,0.0722412373749766,0.733666149230557,0.0729977576474411,0.934976087847206,0.0755618840119925,0.840584606745741,0.0928560583749385,0.672048401817067,0.113202559411134
1.01709748489662,0.0679289255712446,0.961206255030814,0.0858305970147885,0.20367154188448,0.0355179319299366,1.05259666709903,0.222811867920829,-0.328912621894121,0.0567854528866589,0.475630755713671,0.121503369056959,1,-0.710369601808139,0.0322648929399749,0.175870016150708,0.706996980664982,0.0680007206740979,0.682372900084559,0.0651856458694664,0.626727214004841,0.0788430150473666,0.645215072684134,0.0850441884846325,0.57404677514795,0.122475718054893
1.06375255900172,0.0651609471677705,1.07847568485951,0.0978969760724854,0.291136295121623,0.0424101564378152,1.50849585065151,0.283840613163192,-0.457807102510201,0.0782598917997516,0.332261094403837,0.169679028113073,1,-0.690815845581729,-0.153541149418265,0.167929311078811,0.773028941974084,0.0708633887009584,0.684272558144893,0.0649634037042226,0.756089789010073,0.0729752296866467,0.798165910616537,0.0988935596234963,0.603564036116973,0.122326307280416
0.924245712370629,0.0554013946039348,0.972651674853081,0.0803836610369038,0.172832365404465,0.0280822701439826,0.743580629257712,0.154664820524352,-0.22963431642623,0.0429151849553173,0.265995479688918,0.1646894643252,1,-0.640560594561207,0.183287750563804,0.157675563897355,0.584283855723687,0.0718664330433918,0.651634475710739,0.0669452916247267,0.653923007059305,0.0722828228393373,0.619902043296701,0.0957301590315174,0.615977465580869,0.0999695119847167
1.03530521352906,0.062842279762191,1.12029574250248,0.100443907657185,0.282442962057269,0.0419070326514619,1.48635922162477,0.285469207607028,-0.38721071836899,0.0724838869112236,0.514215833294725,0.123880889917781,1,-0.5976130889282,0.0618708940307418,0.171918576912793,0.734003538543378,0.0691766905250952,0.703694142546965,0.0668052217905068,0.789301882875035,0.0710772760914431,0.765977967941651,0.0742489146851666,0.82482979997906,0.113945665612973
0.989163376770423,0.0674012037653708,0.953176154257492,0.0936001430529783,0.272940867312693,0.0443941923132481,1.12025451959191,0.252824045087573,-0.323145736158574,0.0671153259074607,0.0949222391721338,0.1743009037757,1,-0.584394061250633,-0.309942890912861,0.17525077030063,0.762923289456364,0.0791012236110796,0.70726923320024,0.072757643290607,0.668132186815534,0.0851546807339256,0.671367785229364,0.0952957614766452,0.778421132357636,0.102359289627204
0.901356678926897,0.0556332973121277,0.981328689375691,0.0853122416565794,0.230197482107665,0.0344571044405972,0.902973686714022,0.168660120785769,-0.289458245770698,0.0476353538540622,0.341009314953233,0.148189728731943,1,-0.634889425755217,-0.0741232635252489,0.158421022971287,0.57587493512446,0.0726216997474056,0.703994622383547,0.0619688892389086,0.683423643189615,0.0821416363574024,0.723006089499764,0.0927925128538412,0.739880551496067,0.105756827328252
1.03508069809474,0.0611068586485178,1.03912252468298,0.0884892005036559,0.26859403874838,0.0443391859611683,1.01746291841699,0.203573848889543,-0.35480012653078,0.0665777610106389,0.555277071902167,0.117683700004255,1,-0.678697557287146,0.217473447545356,0.176103391411244,0.639474559107649,0.0803001794616869,0.75902744936305,0.0643563250123201,0.717402727978244,0.075550380075519,0.755552752319948,0.0916460862216276,0.652242975185956,0.109399608256454
0.961181556605114,0.062662667085966,1.03021380379295,0.0937196141545685,0.225982196450797,0.0357964833536332,0.995382618755372,0.205700913702246,-0.232845408424334,0.0549706648919444,0.197701021400801,0.177207050743105,1,-0.490948049714482,0.0576858348163164,0.166189155272033,0.614080294016843,0.0783356258107106,0.715174662054597,0.0697327659066198,0.653233601027406,0.0748355576148645,0.533404649928382,0.0907327844273614,0.827155065074363,0.0991179503835002
0.964410269100109,0.0603127792757434,1.04557250164296,0.0968751378606123,0.258855390660102,0.0376392918574376,1.13454183915398,0.232607758813096,-0.322120346456154,0.0590575414333194,0.21949375067894,0.169322314746801,1,-0.594400673182813,-0.245147013998589,0.165121949549203,0.744935176888319,0.0742199756890058,0.704661121152021,0.0657304131296656,0.741616670826223,0.0723190895353875,0.695116270965359,0.0946407719947582,0.720757766923487,0.104007638503666
0.984564440681446,0.0614440785237897,1.08968891209953,0.0967670056314076,0.247339230788564,0.038863277557429,1.3570348319901,0.237001429921315,-0.386183175449764,0.0630599354668105,0.149180454204515,0.156840923132571,1,-0.666578572273752,-0.169258076707081,0.158749792571917,0.789790734549917,0.0726621474704379,0.666177311638429,0.0692185947091917,0.638368281288022,0.0831375614775728,0.716199878066432,0.0852590268115122,0.791290968672431,0.108962109754375
1.04906191249774,0.0703125665930733,1.20830547796161,0.0970989616489059,0.30898180936933,0.0480726281276655,1.14727646709016,0.247756440959624,-0.356384275568399,0.0698027725939888,0.154421874234255,0.193461478998742,1,-0.598574256913416,-0.406931102541048,0.171793692366945,0.886738574673715,0.0740700179600424,0.809841941346275,0.0685271990754368,0.750918638159234,0.0777207165727271,0.943684453267406,0.0917526214121924,0.684386485459245,0.119093995075141
0.99135824907127,0.0633088441056486,1.14966234875353,0.0909173430074928,0.264423015800138,0.0382655957342787,0.848370789869653,0.178316835309746,-0.302055533166528,0.0596007014388802,0.221850636144063,0.17691888965228,1,-0.637740965821303,-0.0516938822469811,0.169308265078866,0.698135355877012,0.0741057059821246,0.801927968810549,0.0637298194173365,0.693333014042335,0.0757720227718894,0.805431204306513,0.087809910728333,0.781244405679246,0.121260731180055
0.845877742468314,0.0540538590194823,0.730291828742389,0.0730025979834032,0.18000703769609,0.0279009273419664,0.652079955386912,0.140497558092933,-0.195428218006185,0.0404937015711915,0.388112641458029,0.106056928591045,1,-0.570416532517055,-0.0712538145127898,0.13749791014886,0.56778732543,0.0675493156904411,0.518814168015333,0.0681786057145832,0.601034175514864,0.0750946993520756,0.708757195554009,0.0851933598265457,0.658580231800805,0.111662914601263
0.995843769012369,0.0580553425377543,0.847490692300783,0.0917333360196973,0.212106304490444,0.031633842051874,1.0990534323337,0.212366456430161,-0.226127999444217,0.0523810459987982,0.452693512420236,0.130255230836796,1,-0.468347437535293,-0.111120710733239,0.17360154473339,0.738751257528344,0.0699346363260526,0.673953678975601,0.0621125082118064,0.588734352261133,0.0686137555039064,0.675187373710244,0.0820777514686375,0.720412020991142,0.104286077878526
0.902834099063149,0.0569222791938843,0.839443846983442,0.0760171890338998,0.206139848443775,0.0301162291231982,0.714805721740797,0.157072954940183,-0.251288793821581,0.0460723150870992,0.334630513052609,0.140875601326653,1,-0.654633363505894,-0.137644724744632,0.155644002150482,0.575473190547299,0.0718097415334153,0.660958721086342,0.063148190032557,0.718035917912685,0.0646536738451882,0.560060807204081,0.0955661003978817,0.472168542386113,0.119367649919367
0.97685078638052,0.0640889551333875,0.982266715428542,0.0820547436644189,0.216224339201457,0.0343585141155694,0.711906783268181,0.163527031018767,-0.233538023935485,0.0489501675973538,0.168790027172072,0.142291062337199,1,-0.5952422454797,-0.0986778851120913,0.160404617495712,0.754213345140462,0.0677259489229544,0.611866815660902,0.06482866834966,0.583050720797669,0.0818780253448407,0.580377606799746,0.0916585587977633,0.603325107332226,0.12473165977879
1.00639811902601,0.0625635887347984,1.02105917590148,0.106380548894034,0.254048462773719,0.0382518646465956,1.34432380051212,0.264446388439716,-0.357238056058806,0.0609363022667996,0.0839737554691334,0.131402223270175,1,-0.611290276794458,-0.152765494519107,0.144499361489692,0.740966165773214,0.0690134513378351,0.739905862059497,0.0630724623226352,0.730091115585453,0.0804260439375831,0.544580658351904,0.0930698169061425,0.71594748439711,0.101112761818281
1.01211025402565,0.0615783996513858,0.940709401684545,0.0837972429591292,0.25280146256129,0.0389185869904069,0.989848182506381,0.223634596392268,-0.294152443875375,0.0612227242091292,0.416828905647663,0.139668663803533,1,-0.588028499043787,-0.0853593689254368,0.172295276071458,0.7956218361123,0.0709252398192719,0.677599611848974,0.0661114951373172,0.724518418715075,0.0726959337116161,0.721888498075369,0.0883654233618449,0.667042734930579,0.109324596667413
0.967030086688851,0.0618664636892654,0.96249662302666,0.0819802038263183,0.196983529599588,0.0348044969344488,0.646608606464351,0.16332625668403,-0.173899143255157,0.0435199453369825,0.352108454614146,0.154690757673985,1,-0.487261103552875,0.11105876553416,0.165055345562932,0.587460107252156,0.0795560087120313,0.655476404528692,0.0663042070687508,0.527745356452325,0.0835646805367708,0.658967153457742,0.0791782791961914,0.661687182180759,0.0971972453994965
1.03806327717176,0.065952230461362,1.12040659188795,0.0908786555778181,0.294036998351876,0.0435911998416901,1.17036412312521,0.245675276071911,-0.43250405873033,0.0689720132560223,0.168725360976294,0.177531970858914,1,-0.737273623361004,0.0616876257937384,0.15645230665814,0.729202850800592,0.078077574828764,0.726095193466644,0.0676500610414294,0.655474804892092,0.0808676371267219,0.671461602909166,0.0921545136780721,0.825959022646772,0.107935685522641
1.003517736282,0.0549224267790607,0.93332124432258,0.0844968960966131,0.256646986886929,0.0385840017878355,0.886318659363104,0.182500612314231,-0.361136727198405,0.059084933179592,0.337504330285387,0.134297889154792,1,-0.757196550414648,0.0773922725530442,0.162141202723152,0.733769414692658,0.0686045359380403,0.572685693950001,0.0634494389217241,0.735298771930965,0.0663885249748055,0.735944729152132,0.0845083258349315,0.551650355963504,0.130022599166822
1.06114022573119,0.0634279943869437,0.929101384243968,0.0903180863690831,0.20009092192164,0.0355927565713132,0.927940388472212,0.220951849076275,-0.137378946275646,0.0544621869515301,0.444045758783714,0.137761811010927,1,-0.318820654819158,0.0406675982861738,0.166023983394388,0.684567280863048,0.0697551816388642,0.757599658959656,0.068114861462816,0.686677934472053,0.0769330944650569,0.666997020936389,0.0885775149125031,0.717198317412531,0.109197359860772
0.918913803925193,0.0610702819531468,0.929914658265253,0.0844848733959946,0.22179880342683,0.0337273590617995,0.893179689651619,0.192620090117223,-0.27642540356879,0.0530540460317136,0.162847887079047,0.146761072630654,1,-0.621053385300815,-0.11279818377507,0.143183600797799,0.714655145511525,0.0676515432043098,0.562363001986311,0.0694647853351849,0.634872893445117,0.0763219000318983,0.611105915924544,0.0900729566697789,0.675298919633557,0.11229957157614
1.00965424306001,0.0636616752861955,1.05593841262012,0.0889619888372783,0.206848059208636,0.0329019561273661,0.853883472382252,0.182769909438561,-0.269135141860855,0.0495247611988447,0.177443155147245,0.166013833494986,1,-0.640391235954484,-0.100044462092083,0.155837771504866,0.83012529654782,0.071931243141803,0.627807834973438,0.0706945088666847,0.602701545757839,0.0833859446048113,0.742216452492037,0.0816308035259681,0.573181732460521,0.111162567309647
0.973538023174747,0.0637500406372176,1.18888113383558,0.0841703467035437,0.243343942234754,0.0350675987505097,0.637674989426026,0.153247236877546,-0.28528574561211,0.0518071660690858,0.333883702021814,0.131379367348776,1,-0.724219327817553,0.179114398277627,0.149774047867245,0.637534504350136,0.0705999708283692,0.702647863046521,0.0648518090044114,0.711500055356845,0.0746438787064211,0.773436054306402,0.0835625104832078,0.648821075604579,0.118580380435842
1.01894643441445,0.0571237388403694,0.94372625898645,0.0818142245116147,0.237188262144309,0.0322797708253476,1.12447265818187,0.212069211742777,-0.373776831254795,0.0597746776609715,0.415253613059524,0.0953710239150393,1,-0.723754590676432,0.339426419734419,0.157048171167071,0.58262520969886,0.0703152854951167,0.580770780097565,0.0660662579072682,0.719401191341373,0.0703676212695823,0.731182904608008,0.0832199583105693,0.744564969200625,0.0969686083771128
0.935761631349348,0.053512758897582,1.03187865598315,0.0836004505015561,0.218080353489084,0.0315261140519954,0.837679553140126,0.175753646608503,-0.289149367252858,0.0498367736356754,0.386986975747692,0.120662917380429,1,-0.676511241478193,-0.189562649710656,0.138627700031253,0.71528968206843,0.0674775865392421,0.616532285360405,0.061602903925662,0.706139205931195,0.0709562160933038,0.605508806942936,0.0928591527597988,0.769573644502151,0.104107999456588
1.06352430338189,0.0717265127929508,0.984797642362709,0.0947486853871502,0.258014102109875,0.0400355469871141,0.973911329424584,0.234040028602661,-0.315894406784779,0.0621067990918601,-0.0895290896658862,0.154306996492595,1,-0.630174035854683,0.0649260203269059,0.159471620967919,0.779757318573574,0.0759599096226236,0.636007425691609,0.0718265552573116,0.722411438572001,0.0840381194060572,0.695803088246586,0.0942848521951859,0.724559502813218,0.111616201787668
0.973450597461755,0.0608188420476202,0.979081682387001,0.0871389632165796,0.235863959729208,0.0366086541493692,0.926541675708017,0.203800780133607,-0.283733596116998,0.0617278730585386,0.550579029368958,0.116229674251913,1,-0.606942417985284,-0.231301762607089,0.182196708277857,0.705951289993165,0.0755304355895812,0.763077690524675,0.0652305131455876,0.67467956885466,0.0793526838622194,0.653442769331882,0.0851304709860422,0.76751506637763,0.121802938545481
1.03827499853629,0.0661820028211499,0.96155512583084,0.0863405842377018,0.25874601148035,0.0423831433753973,0.861675124455476,0.215840248317125,-0.216683079362901,0.0592185189839509,0.351315196317283,0.155953726651241,1,-0.458898236897051,0.115775071894492,0.173805109290508,0.67524808489265,0.0695444264558351,0.786551452243095,0.0641655295762226,0.650949495232411,0.0840983254948777,0.733246576255002,0.0998764813963242,0.636547933626953,0.126968676239449
0.98585099340138,0.0629279099320638,1.03231721241162,0.0925735416786459,0.237729032899595,0.039112743077187,0.921982355925104,0.200883178017795,-0.211000239981987,0.0519768392305386,0.143599234511268,0.187098645934007,1,-0.450692709031006,-0.158475853057281,0.15650727473716,0.744741018169369,0.0698129064342757,0.684205386968226,0.071414618647055,0.673909984937795,0.0774685558131259,0.753809760444883,0.094987954377151,0.611255045156826,0.110571408237669
1.05206274898004,0.0670669913572152,1.05579310622049,0.0960617446868319,0.267306878552231,0.0398422329232247,1.49452186648837,0.245875019268403,-0.48885478701803,0.0724849570973822,0.565793704759224,0.0959956060963262,1,-0.773434727617981,-0.170281336578521,0.173244215871095,0.712484620983934,0.0711730605474447,0.829236089885926,0.0605335953939458,0.711013847205924,0.0713291239509548,0.805139057445773,0.0846817354342907,0.708749395631985,0.0934054585634599
1.03355196502063,0.0607850457492304,1.02462353967632,0.0912177103166617,0.227094387045997,0.0370144606644964,1.13805523562598,0.21435338635967,-0.327478187548499,0.057142879522895,0.37820644220478,0.146409639392636,1,-0.644165568457276,0.119943607896298,0.170311275128914,0.69932218376251,0.0749135856432905,0.790953495803978,0.0664285810894873,0.651918866164833,0.0760789307902067,0.634029017190465,0.0891188560882897,0.532802252685782,0.122639799234326
1.04083707962081,0.0649681701695735,0.993964196343194,0.0920580988953457,0.304209365741375,0.0454013316231375,1.06218487204674,0.223602008666182,-0.272269559962212,0.0577112189557252,0.108382277821972,0.163694069964273,1,-0.478974886578636,-0.0792855008671494,0.162721987395396,0.734867657032208,0.0734980413510413,0.773199260677106,0.0670714692677736,0.726177228682521,0.0724692666220527,0.669360023661541,0.091906341130022,0.915150588865686,0.0981517302594129
0.934569688869452,0.0546136189385295,0.844557456319431,0.0772339587902096,0.221248136451456,0.032802265957159,0.805215270697521,0.171174894661665,-0.24717354488043,0.0457280015874856,0.0928945736217955,0.13425374775892,1,-0.585606885080266,-0.197973101125137,0.161628891877903,0.731212436083826,0.0767758292816617,0.690852624433663,0.0640500449495255,0.683502333870431,0.0718557264407057,0.689611440838632,0.0935378824918228,0.438660139883115,0.126766714502658
0.984772644317666,0.0648286914045094,1.01793594715035,0.0868321719565972,0.26542832092935,0.0420975267311277,0.964002843133889,0.22337310272442,-0.363869017664275,0.0632312753620944,0.547488576992865,0.120209863850946,1,-0.719336820589946,0.147701437732324,0.18706856719953,0.57334647898758,0.0772026842488164,0.687292640383923,0.0666068501704898,0.762793517010427,0.0725344307018597,0.752135175112449,0.0887014208564443,0.769165646372518,0.1085477731721
0.903521650527155,0.0610976806203543,0.989184858464777,0.0859740167615562,0.270064445180535,0.038757405716355,0.883182421799483,0.177279421420214,-0.333599843462617,0.0596644826376103,0.273923080312795,0.149690480636282,1,-0.683072692988688,-0.355346412934873,0.152333171602029,0.780356476088938,0.065055534119045,0.559427228793758,0.0664127887562815,0.661824768975574,0.0742712737620842,0.68910929664694,0.0953354674991823,0.668437675580517,0.110931508581306
1.04799229027372,0.0664570252025665,0.946127011608885,0.0873093955429313,0.288031525634328,0.0421559945339423,0.97269950588237,0.217729197284067,-0.359435905523354,0.0684534423236662,0.3522767437295,0.156415641204489,1,-0.67906617505611,-0.00580042273407097,0.154039028974168,0.726310358936194,0.0728132633282743,0.744231331442255,0.0691095041392846,0.692893159528904,0.0751696894526332,0.647356836204903,0.0971178088656968,0.767831628009387,0.110439589495836
1.03590711419553,0.0603758998289885,0.935418581035418,0.0857121111783831,0.226034828559573,0.0357846867854977,0.826282296801764,0.174878040842931,-0.250838098945851,0.0528248369367062,0.499058468420147,0.115087738099533,1,-0.580418966286597,0.129536569653439,0.168959822685975,0.664011113364975,0.0770046850792892,0.682005630273336,0.0699055172282219,0.661379722693077,0.0785181163831412,0.799553833292673,0.0878681154795563,0.756800002049766,0.105997306453096
1.03945268740315,0.0643440629488502,0.964640806452073,0.0922425162294552,0.271567654500425,0.0395749399150127,1.10021857045154,0.248337065999762,-0.404485632212519,0.0754430285156971,0.382987196303116,0.136502324167997,1,-0.739987857412078,-0.150916690766441,0.169126870190421,0.835033920815151,0.0718300173380173,0.722304649754066,0.0681262380470113,0.632908659857733,0.0771429033260205,0.728198120106241,0.0877805105013119,0.63677098593493,0.117035176656254
1.07522435086659,0.0856885855737661,1.13421769014498,0.116248959514982,0.360687123024078,0.0667298194296553,1.27387158554081,0.310113557519328,-0.374920082048585,0.0834346907058654,0.054578590532392,0.195903518102924,1,-0.553108788641066,-0.0741870300461157,0.181786094911056,0.797743269947859,0.0811734366751223,0.797838403813905,0.0747095996188738,0.810101674634791,0.0907125998374848,0.784950145898605,0.101546314129976,0.736896303079761,0.124927872987665
0.980545452558526,0.0641748967396404,0.904450824380111,0.0843524095916476,0.285776456092634,0.0447352135577133,0.781819610993632,0.179860267503744,-0.305987657522512,0.0617886347475235,0.166118292793316,0.161788619287278,1,-0.647347396638096,-0.182622891881645,0.170190278474352,0.703536322845111,0.0778646642439744,0.726815499887069,0.0676863953568284,0.735348468347781,0.0786618003261541,0.714791044367352,0.101039016495931,0.76481893454315,0.114212067494837
1.11822884972341,0.0712524073663162,1.2933557551954,0.0992297321427135,0.317894020970763,0.0472722673514652,1.0849891541432,0.245119043461005,-0.3104749455955,0.0680242934457521,0.210619974140365,0.195215458837719,1,-0.528655410555755,0.0373434143932166,0.180820427116862,0.826916004238486,0.0805491649248006,0.775605684287003,0.0719669989024865,0.794067770199923,0.0792135836294821,0.855399931589961,0.0873983978584203,0.945711314022303,0.0975288369232321
0.95266522254394,0.0622968323514257,0.84488273600962,0.0764622357827368,0.232166172852457,0.0357250745885489,0.760069234708064,0.160249864302824,-0.283013333058596,0.0490209295057124,0.213244517967814,0.153154822814995,1,-0.673722184181572,-0.0542143396434308,0.159165617486324,0.696563795140399,0.0703096765090447,0.69227698118674,0.0644844842811048,0.686314005360932,0.0718928086458663,0.632956282941163,0.0951278593512426,0.65540569693497,0.101634810374621
1.08343195223487,0.0624590682327158,1.04418462914826,0.0920617347797062,0.234063908348614,0.0341152313904781,0.972351952451236,0.226881348911629,-0.197755173417191,0.0511967842350046,0.469947729510728,0.127562134159564,1,-0.414523238275248,-0.0633025112480398,0.169431709171031,0.831088554347532,0.0701781540382466,0.707048787946814,0.0646660789286101,0.755822249629127,0.072155282263704,0.743100371166389,0.0850925840010174,0.648080789590917,0.101842741577941
1.01404258561048,0.0700482094950773,0.970316418856207,0.0911059454700608,0.25296616725099,0.040604772916247,1.13747110655259,0.242754565704718,-0.284998515846433,0.060548944102147,0.321829050796967,0.183961572478674,1,-0.531301682436797,0.0908631711327,0.175239048529822,0.779620827127897,0.067448003535779,0.658404987766646,0.0706642413551059,0.738353156009569,0.0786305896856575,0.650079098258061,0.0959428364086951,0.667141522664511,0.119623523075361
0.990946490714229,0.0551341483900135,0.966478753533547,0.0860937183132608,0.212468159109824,0.0327304956562055,0.988982847391595,0.191037298617964,-0.323802600836398,0.0549958275329373,0.49906149598696,0.108172476595837,1,-0.706381026537454,0.0871766180360283,0.157671443139924,0.676158411299308,0.0693251762629888,0.678880950621176,0.0663003489028332,0.644663463780445,0.0655967482174305,0.66749075046617,0.0897446958922239,0.758391985707165,0.0960768681117085
1.02256682153901,0.0649016274838733,0.962516164806425,0.0810743621184135,0.27317098751811,0.0381842360292146,0.782259800930213,0.166238943767171,-0.364808744239921,0.060833288062258,0.446339346274391,0.124398332928763,1,-0.789173414964311,-0.0832248817224134,0.160748196107576,0.699889591264227,0.0704589231828165,0.738171821817349,0.0662478740004855,0.676553806426787,0.0819813286155265,0.687705261300996,0.0846186514612318,0.592886985541853,0.103071015645636
0.958520471362415,0.0693819047001817,1.00762262397266,0.0896400021390137,0.223851254645329,0.0356668368380868,1.01404924489779,0.208103599736177,-0.299504727064109,0.0538024514462511,0.29383156830082,0.153314100936544,1,-0.628628970638644,0.0482923092461385,0.175531709060589,0.621663462196432,0.0758712630988286,0.6517842140835,0.0687327521090708,0.621234356902761,0.0792357280742984,0.608402833690988,0.0865207443090276,0.519785852434198,0.114615033450761
1.09434108514299,0.0897407855876957,1.02094368484983,0.10922681559725,0.336052697732901,0.0628715806113711,1.40220563105402,0.318617577359375,-0.403811655705977,0.0880044763759333,-0.0358116622013274,0.209149859869314,1,-0.58825998003295,0.196602647700996,0.191253709229911,0.707415553288532,0.087397548420976,0.782974675215804,0.0866917861081817,0.631927781035197,0.0962637277364203,0.972428312845513,0.095857263033294,0.852188080950773,0.120420042015831
0.938059061754535,0.0624340927556495,1.14920543223055,0.0933938138688359,0.288034038729981,0.0452817652860499,0.953870747148498,0.205726259155989,-0.279482405312185,0.0664326618654138,0.142062842933993,0.16935710642922,1,-0.533197126361194,-0.14480694879892,0.175340853739416,0.7324172775788,0.0760449361632374,0.726206357217763,0.069759087976858,0.622533079162977,0.0804852772731275,0.805453375700572,0.0894906263997209,0.705485746608488,0.125391850446264
0.996313820156788,0.0632891085979999,1.04530700496915,0.0959196320813098,0.213865217471167,0.0343369606344196,1.25834984744619,0.26390867343071,-0.267579222319863,0.0580958672042369,0.383295717121634,0.154419164185755,1,-0.515800320836673,0.0152671095667267,0.168624792174134,0.71251021060932,0.0739857563036162,0.697068888957081,0.0685644927858158,0.636988011146177,0.0763768833964761,0.835762156527481,0.075271643153311,0.701963600611823,0.114017696070946
1.03832044338184,0.0625620473345999,1.07399364610321,0.0876355078763633,0.224487060607343,0.0338733881257801,1.00954952551435,0.22051553645802,-0.257748576403954,0.0563411896241748,0.361227780007057,0.164038093045067,1,-0.54142312856277,0.201863757569061,0.182925624001593,0.751336152671554,0.0752353198750816,0.54381938534077,0.0743566260999376,0.610934872446099,0.0773803819808029,0.702060457425304,0.0783168180068939,0.735817601869135,0.0945018933022931
0.949365229539603,0.0531171497456938,0.907644191839595,0.0809285971432464,0.190035439998558,0.027908096575262,0.998778245839681,0.190980585394424,-0.250339730253603,0.0498180863381634,0.404149433606179,0.138780013929277,1,-0.574616301255599,-0.13746913001254,0.163250858759719,0.64191420392681,0.0741958212123576,0.704152068081451,0.0597905806979242,0.647706084925755,0.0663593201553877,0.75234598312357,0.0812779624600468,0.489120280058946,0.10687898902615
1.01271953660018,0.0698834122598982,1.00945915996369,0.0984013060718881,0.319346613108179,0.0506016613900081,1.19684522976114,0.280346194403694,-0.338595310415222,0.0693830993492656,0.305494155928145,0.200419377637503,1,-0.547684922195035,-0.013679171427799,0.1615035589388,0.740650108741792,0.074589688816511,0.779561728175892,0.0674349650735561,0.670870792070302,0.0843575716186703,0.706538431351228,0.0959714703787828,0.740080105719151,0.135342329144081
1.00891622881133,0.0697775635732374,0.967441351703885,0.0964601608740812,0.264091901995425,0.0431778515489578,1.13532287579901,0.243788497766571,-0.392865882236004,0.0712970254356641,0.180911782834851,0.180774908425595,1,-0.717475504637119,-0.0472872297508925,0.161092022550452,0.749753393490818,0.0719799058701961,0.688706820209337,0.0678275572777388,0.754132893110493,0.0796063433011931,0.625127262856033,0.103122544450033,0.608197868580099,0.117771432388103
1.00643951716149,0.0646583517670246,0.976392495859644,0.0853222141654536,0.270974158660207,0.041484898852935,0.874241832219973,0.209864681865193,-0.310484604786775,0.0595679975221176,0.128882416554311,0.171040892745775,1,-0.637911366720459,0.10755888335132,0.149450687328788,0.633167492504092,0.0721443445772097,0.80783898845574,0.0657042457477018,0.515938026423012,0.0867770758770258,0.771556634613081,0.0820522223202453,0.807465524123919,0.100207360934308
1.14209305435483,0.0741744976372004,1.12278596061493,0.0959472193106232,0.394616185358895,0.0609386540863688,1.38526317505373,0.257919123763378,-0.485568010538176,0.0813310225747537,0.286722376460693,0.186006991386434,1,-0.65674454739987,0.108900398641694,0.175763935186705,0.750524553718804,0.0742683462680456,0.754021091779646,0.0753178017583708,0.880326719298631,0.0819745859709007,0.838360312356406,0.0909202017244911,0.739063512246506,0.117652907108209
1.03675752645549,0.0612724226045956,1.00989718052926,0.0934203154129225,0.212289042880535,0.0336726699997007,1.05529324794768,0.239695598506907,-0.299224436174757,0.0597375915913811,0.449778116358804,0.145911244100904,1,-0.632188640742916,-0.034634400170117,0.157250182141157,0.751527362009442,0.0727068243805296,0.691393479750877,0.0672170872215472,0.750096681192332,0.0703934499583267,0.508930597906072,0.0969854094286058,0.792329688142072,0.0945606069704703
1.12573319182513,0.0743774267563135,1.2832083525012,0.102753533281185,0.34423471729551,0.0543654174883032,1.28700735887791,0.277880938854595,-0.413200459174581,0.0777521137247549,0.232937514494456,0.184572784400705,1,-0.620787475297556,0.384206016015815,0.164583783214265,0.671446085375289,0.0797752601055718,0.815726011881651,0.0662083465809266,0.800027149322304,0.0804696078912518,0.754960289896732,0.0928873591245879,0.91310122796383,0.100646960237408
0.968124177972569,0.0562794881355839,0.901808062468933,0.0867980569781015,0.209405062872031,0.0319866275885112,1.0054459387502,0.197540577736985,-0.323508315661246,0.0540552784713138,0.254982401371154,0.145361515440665,1,-0.705037955321985,0.0590389466754518,0.161272797025136,0.60951975544116,0.0762171722045071,0.64723084858833,0.0607787219362769,0.685684667174309,0.0771975535681421,0.638157463724477,0.0888208823192221,0.528604938960678,0.120255612464333
0.965303604417411,0.0639806132081783,1.09548335381883,0.0911011326483738,0.266390592543529,0.0410224670994769,1.205598674189,0.254727085141074,-0.364319408128328,0.0611216599990327,0.409551658141745,0.153983577356636,1,-0.64286752110826,-0.0602440754764641,0.171806965373589,0.714369536469838,0.0664780035264197,0.671102469804913,0.0694097277494832,0.730617422147773,0.0794215029878733,0.652079137756095,0.0872261418208877,0.701152070316373,0.126800504933799
0.935956484361281,0.0584106569806282,1.08495103090831,0.0873211109346757,0.279053499646091,0.0392646830687215,1.07618599765328,0.210413674041371,-0.362262345240325,0.0665271924973324,0.290156062250945,0.181099519184444,1,-0.661052252026239,-0.236877756315292,0.163721685788026,0.675888428192768,0.0739309621473503,0.730739333465722,0.063327822756686,0.705757646333564,0.0701487876593147,0.58640574602272,0.0887097689826752,0.859820108924988,0.098807418596368
1.07219670843164,0.0613558577746676,0.932724220713418,0.0809212491007498,0.234502012202516,0.0381681025375151,0.87151792089136,0.180482362744814,-0.248855344282961,0.0527533658140021,0.435823647473158,0.136701587394576,1,-0.550472368604152,0.199782491615519,0.1657737823661,0.660942409259657,0.067654517315744,0.707802731082397,0.0630825411731793,0.661499143696441,0.0747299577262887,0.675227828419998,0.0865997236779021,0.846497192916092,0.0964894278068634
0.991892317333501,0.0551265258030223,1.02949368810514,0.0829294991555843,0.184948401841223,0.0310248290189456,0.986989505108268,0.186507298799845,-0.306854999567349,0.0522489705275144,0.61362080446547,0.0762400801506961,1,-0.718210325891965,-0.0912369539130555,0.17502325872555,0.756207674092933,0.0699281063069765,0.647721957585009,0.062384609484863,0.775490618732746,0.0704929501010835,0.589650007581276,0.0878981964269821,0.742973309716444,0.092210626927239
1.04098593949081,0.0587528165864336,1.12482809234235,0.0900121044068348,0.270541273121098,0.0389401254120014,1.05238783594404,0.196464195226619,-0.428880279615359,0.0631581514454114,0.393940228180905,0.142352341243976,1,-0.803769278828674,0.0422670432356559,0.167982430425968,0.787096170222617,0.0635108552293315,0.738240752728034,0.0601514607988165,0.763405487923158,0.0711963335140594,0.485386560546205,0.0886147824162055,0.724637869450653,0.0999615389890239
0.991921417695303,0.0637470279328736,1.15496302426329,0.0906643206378348,0.287772725515069,0.0435601640441141,1.02101861239137,0.222522121765983,-0.309711153964802,0.0609226708558662,0.373612197941968,0.138831789936426,1,-0.571367063497875,0.00498419751339945,0.165055883571148,0.617100858673221,0.0772674496522143,0.793506159369737,0.0654040928440576,0.806227583037749,0.0721106923332486,0.718069113947491,0.0919276138977714,0.721914962031767,0.12126328665687
1.0212197720812,0.0629706815594007,1.07426256471871,0.0914119264452563,0.221762774548487,0.0352302989489931,0.94019753338792,0.20276893919009,-0.294532458111444,0.0511353871744387,0.376721767932506,0.141697140968072,1,-0.645029065807939,0.00588100279501361,0.170763761196787,0.751920228812623,0.0743402991446603,0.666437312223914,0.0626959985940856,0.723809452201568,0.0735025224450077,0.695883570418326,0.0929677988042462,0.791511426484388,0.100344448183537
0.995937253986879,0.0685644019288788,1.11123842934254,0.106955282337553,0.274091116241675,0.0424479299589441,1.68025011209063,0.342297825045184,-0.467821404510729,0.0811295357670086,0.210742365675866,0.177210248815011,1,-0.689359305120664,-0.313595790711974,0.152406342570716,0.783272692908513,0.0722483897627602,0.73857382388062,0.066251370615516,0.75477099249945,0.0752230590575466,0.70735978480372,0.0905469230154274,0.701308939087245,0.118263735330718
1.05713589153328,0.0617267967168254,1.08675694753695,0.0985214345427762,0.260774485969425,0.0395111957359563,1.39589487668473,0.28403178365161,-0.382771366909563,0.0707811308119451,0.350174189687253,0.156553808474875,1,-0.634425363839417,-0.0992558512345819,0.166180979126018,0.889624627960122,0.071435096295396,0.72357069152857,0.0609578460867382,0.663715148152641,0.0769160320505499,0.740029917492271,0.0870068353342072,0.569984581689999,0.106744628180564
0.953174931237563,0.0585190749011984,0.888145432648595,0.0921916643389338,0.239110021961874,0.0363250441367846,0.884182127320516,0.20517441277862,-0.295884241189396,0.0593768691474978,0.482750410416697,0.147796171983427,1,-0.643505228038035,-0.0886423192291769,0.184672531702374,0.671814077496384,0.0796317819250242,0.569007047393799,0.0641443622733123,0.771987353661643,0.0736557719966972,0.625573742908718,0.089112795979573,0.705068347351123,0.104729472887678
0.958729073216621,0.0672126030012361,0.97966462363413,0.0901623680240886,0.246930087087668,0.0386116577333494,0.916468983838592,0.193004744285362,-0.288705950166257,0.0573982884635404,0.12283695119637,0.155829964488904,1,-0.606889807967322,0.106654529046857,0.161849355375505,0.669710310867891,0.0726869228310145,0.667796860193739,0.0676449761087704,0.704105903947429,0.0765260247043185,0.621147110142642,0.101190347480118,0.795625042408468,0.122022700909183
1.09427019506137,0.0610688292858022,0.839956561380453,0.0929792798334253,0.225830479347228,0.0326103203949892,1.13504817263716,0.215793089355522,-0.292192567726638,0.0592938878878227,0.153516306907023,0.156437698211877,1,-0.577126132568959,0.0745439679936991,0.15037828948461,0.817019445136332,0.0640080455891066,0.591332404105611,0.0690579105977661,0.689919103963849,0.0751826702514364,0.697347126242413,0.0795708137076413,0.457134335063098,0.116037169903141
1.04409860569044,0.0561127746914544,1.09992353908846,0.08254265611949,0.222074443788075,0.0321255173056481,0.797033196405894,0.178846611256428,-0.244119382037187,0.0541463311466462,0.434977379412327,0.13669738885858,1,-0.580249487221285,0.292861072519238,0.147611329423288,0.629446566664356,0.0687582649104161,0.743588481322115,0.0599711562680595,0.719874904891791,0.0676527615961401,0.648937670877143,0.0990137690365534,0.697006273177182,0.109306811858287
1.08942565428113,0.0671073709916358,0.981487195593825,0.0912258362400034,0.270803778250216,0.0393058925466845,1.11466533263941,0.216228103931536,-0.348887162036481,0.0661496350999163,-0.0159381425045645,0.154070799112552,1,-0.63501704434989,0.295009482458613,0.142562182857487,0.689658254830771,0.0739228811671911,0.776617654548818,0.0696807785409535,0.616996439918061,0.0793104235822692,0.705508344382722,0.090568660109457,0.83809565400613,0.103380771337247
1.01695280794302,0.0727179930597364,1.17967583833535,0.108591811700784,0.291405539852088,0.0463283247877088,1.36858412231104,0.301886886068253,-0.377674330296848,0.0777286826622114,0.146842256963331,0.177136973920175,1,-0.598043558915191,-0.0720151411890543,0.182267522572256,0.81612991245308,0.0814462890008435,0.661870517275045,0.0749012362674819,0.866877626570453,0.0790443228465859,0.672307494331334,0.0956631654526845,0.659206414972321,0.122961907410595
0.959795830395268,0.0686998384895669,0.9723846392648,0.0933850714534965,0.292473741382788,0.0467076384360496,0.907046232792567,0.204279364067317,-0.36742001309432,0.0663860173857601,0.22024052885566,0.161407658128351,1,-0.713353269348706,0.000408749695681889,0.165906270754718,0.708107728468609,0.0727817028688351,0.616442626751543,0.070565888990748,0.761998797232491,0.075759742206876,0.659585086364823,0.0898736738995944,0.840201837029469,0.110430336443198
1.0165311377863,0.0586584200115378,0.91888813797029,0.0765060567238869,0.308785494284948,0.042721380167504,0.628719855379933,0.15856747808899,-0.273804648438836,0.0552580589113981,0.3272603248424,0.164141222246244,1,-0.621417935523731,0.214469522834549,0.141696774509633,0.630132999106579,0.0741546914066613,0.680457682157722,0.0671317729751131,0.640784441611706,0.0683975682152661,0.793592305652276,0.0870770232042391,0.615961464606512,0.114203343325986
0.94073341186798,0.0620367211288792,1.01656752626657,0.0850750687680585,0.239326355301049,0.0393134095796046,0.828267507745648,0.218214676688534,-0.220886354193537,0.0560613047191865,0.392773799566805,0.160741447770773,1,-0.496121800600132,-0.142548646182198,0.174776166572297,0.712390874082351,0.0737142558944781,0.617014226568541,0.068917643579318,0.795154772773479,0.0747261969635405,0.608272008612531,0.102815389608961,0.803079072721328,0.0933552025073446
1.02953839185817,0.0663116771106475,1.02304432968489,0.0952521084336628,0.263476416814649,0.0401657499073426,1.25914041429385,0.258372537318476,-0.390337036857744,0.0646125808575952,0.104981962018412,0.175520635408737,1,-0.677691135466117,-0.223292116617988,0.160128163331141,0.822125327733726,0.069629848691327,0.727646789296675,0.0667622985195108,0.706608049140374,0.0759564744868744,0.791825486640551,0.0960924152552821,0.511341155338068,0.120550823660473
1.05923436059582,0.0664897328916148,1.10377565571125,0.0867427548233241,0.258232954059504,0.0380019665207546,0.976527126172691,0.19035272187506,-0.376777011761244,0.055984865119024,0.398812004321441,0.140980670097372,1,-0.750302528191758,0.052731776626839,0.170776251461546,0.700648112146851,0.0674106990692727,0.781739589680991,0.0669398536900434,0.766004531279368,0.0752150956352185,0.67921030346163,0.0905637127081586,0.709646851642087,0.10406288499914
1.0309642304291,0.0670825569133582,0.893856643687078,0.0833494470038786,0.255688873329654,0.0399899108420798,0.985367898189987,0.20997196495582,-0.335871985497455,0.0608006807451009,0.0741169398433536,0.177493238584306,1,-0.66914257320746,0.152194356853221,0.173621813155524,0.642085831954852,0.075823958108547,0.720687617285763,0.0690622987753211,0.750856152681666,0.0748824105427881,0.761387626476796,0.0910871209127809,0.639751429775107,0.125603236754568
1.1030546865348,0.0724567001039229,1.10896934861602,0.105626504789892,0.256019357850073,0.0453822606029727,1.38000120042114,0.286379945335235,-0.346100186143237,0.0705190146933118,0.193709966100933,0.187930215618015,1,-0.582271721571953,0.135726366210087,0.171628332653336,0.694466541195937,0.0778748693585736,0.816479549508179,0.0661161506343964,0.683492427103222,0.0838384261352514,0.809582402118756,0.0998316862934213,0.764636680390435,0.117407194226427
1.00772477802093,0.0697826248363858,0.930866343268569,0.0911728090821613,0.23534610521932,0.0363495934085258,0.939033973352384,0.207951324792652,-0.250086315667157,0.0509597033787157,0.135370478269712,0.178998194446406,1,-0.531980567308212,-0.112369629156109,0.162651125891178,0.720091541404819,0.0705152250609638,0.778313368503619,0.0726027289276769,0.732079625643966,0.0774827014308929,0.738202742161822,0.0903120123103844,0.549293472662535,0.126472553150273
0.970778354435887,0.0667233805376829,1.07325932878145,0.0920450907593737,0.238436045538268,0.040331717726694,0.6476076460572,0.162213967996569,-0.238741915023848,0.0486683764879482,0.128384263147902,0.175269067455339,1,-0.607556587487271,-0.104602261314755,0.169132349479818,0.737129358575364,0.0743384977947797,0.686989829085316,0.0635549646567189,0.74870476727517,0.0884709924132683,0.667995888461428,0.0984559993926496,0.818330885912138,0.109200367717483
1.05174609502688,0.0711683662337328,1.08060187782836,0.104328305853677,0.272763902155685,0.0444230352046367,1.51393819053863,0.286838429578697,-0.34906776577934,0.0742342496905449,0.213069397859598,0.175975844845111,1,-0.543203083518234,0.0754407332586782,0.159691064501791,0.735724910102148,0.0730752629975784,0.795871286908837,0.0742573398674691,0.649565582667049,0.0829527689241022,0.842121549790765,0.0819658109070846,0.769889336269973,0.108772302661997
0.981653105762659,0.0598365344307815,1.07973298201941,0.0906652837360328,0.280375805680076,0.0416982366143532,0.934062337708766,0.211751573364742,-0.320580486857742,0.0679486599155504,0.153693539107923,0.154092865688308,1,-0.62643914220677,0.0366600054967137,0.157164426407416,0.682023595683549,0.0774837520995856,0.68895852714491,0.0714728596641777,0.69470910586819,0.0769234448020303,0.623729409637019,0.0947130768392015,0.699498770078153,0.102213386265157
1.07239161602908,0.0656519459428026,0.983699713148443,0.0873162206691837,0.224867330625226,0.0326400395705176,1.24354017202502,0.248863991859162,-0.300931195748738,0.0551644056742731,0.383598270270275,0.142874946755122,1,-0.569081043002092,0.0523225703018096,0.170733956189218,0.702053231607745,0.0691794571054532,0.644586087481774,0.0691925485129821,0.821275352494672,0.0691695616859852,0.62311312077862,0.0876204259785425,0.733969396881317,0.0953894500107386
1.00215708451865,0.0614210518822584,1.12578732619868,0.100300924734368,0.289093449766521,0.0425273072339555,1.20904756642241,0.235709135827428,-0.395614153913941,0.0685741891290867,0.126618815635137,0.154999846119627,1,-0.669161585597104,-0.301467918215163,0.157552287713306,0.822164823981834,0.0645187000437693,0.778332414802155,0.0662990099969626,0.730607444662754,0.0712246394988915,0.725812723740793,0.0886444331566659,0.885839540007659,0.107095184215782
1.06054111003038,0.0641228866361526,1.04107282081958,0.0885562728569739,0.279717208057096,0.0408635962740619,0.907138666363806,0.197966842142214,-0.27376490197636,0.0545720015064681,0.398273615861125,0.153432492092317,1,-0.543477209452738,0.0211496126597191,0.152209732076466,0.705796660010148,0.0687033537657786,0.760679781824575,0.064494997487538,0.75410435064294,0.0749995869855417,0.664174587106847,0.0995348476610005,0.67658785312456,0.113256451518519
1.03002914406135,0.0719450392281409,0.912030199967574,0.0911091007738868,0.278008271699959,0.0444493339990588,1.14480723385122,0.240138114438213,-0.365420068381676,0.0752542439871476,0.10049644980873,0.180101144318186,1,-0.647734982947271,-0.0310272121465567,0.163631190620953,0.658977139371899,0.0788684534911472,0.737449367426784,0.0680133700365561,0.671549124773849,0.0856662456772638,0.823524489092209,0.0859409540311783,0.674477046351107,0.1127761100377
0.865220590715814,0.0544362887321119,0.860503182855826,0.0821098850811443,0.18849277196094,0.0321375407490842,0.877730783584419,0.171680730580447,-0.236337373979175,0.0475911797816628,0.492632431362365,0.113532350127591,1,-0.581037804298479,-0.45211797468578,0.166167885679181,0.687522780700212,0.0661238982107995,0.732141620603982,0.0594239078771501,0.637369061571747,0.0759203781583844,0.558091774464789,0.0929319577681728,0.489326701795192,0.120528482906488
1.02086911983119,0.0649292092042693,1.11423943622982,0.0879072091509528,0.212486443232885,0.0324415183279967,0.891209132247426,0.194161133696021,-0.259370901498174,0.0518153523638145,0.443469075028674,0.1249219372744,1,-0.596026849395605,0.174662871070467,0.16114113123798,0.749701496353663,0.0695440547166948,0.714363638974882,0.07097776337686,0.746087478755478,0.0716845207905556,0.841467027599115,0.0843264892430014,0.580775858382032,0.107716381174892
1.02326920143345,0.0618725911689929,0.975435847258823,0.0865789097945659,0.253071593745524,0.0365065428659005,0.823587468654511,0.201936795549163,-0.271417021738689,0.0567039093369914,0.244326281186731,0.154172120732044,1,-0.594511850130923,0.130132886018393,0.163364904403309,0.682802957693127,0.0723815618955946,0.616824826520178,0.0687951750926244,0.759526512835891,0.0722507624619315,0.633389898101768,0.0886019588301039,0.743218439205875,0.115517567001049
1.03872565172429,0.0614938985270345,1.01623029461432,0.0823204020278367,0.249488965284271,0.0350941909953041,0.707702925427854,0.178804589041783,-0.301958981726634,0.0564769044625323,0.384826095553188,0.144610308837303,1,-0.718615839926002,0.136576166924339,0.17212371751763,0.669519780440459,0.0736886997070446,0.685257887134528,0.0626904886950833,0.654006546897184,0.073470190832708,0.631831202151796,0.0844745773786545,0.762032897428804,0.0991846238868327
1.04617623951735,0.0611672301626475,0.923830027840954,0.085406806432856,0.23779706591703,0.0348281665284607,0.953735836009615,0.200780907739492,-0.314783132974347,0.0548215258469018,0.465389441006633,0.13056699467986,1,-0.660988885653697,0.239251464120752,0.165240600530469,0.649299055980144,0.0758514272193884,0.629434223450922,0.0644939899322516,0.720506514894555,0.0669096061083083,0.789512632411222,0.0761416157549981,0.623041138121789,0.120253177994603
0.951042138989615,0.0646465823016055,0.945179741161669,0.0910106308253826,0.287953237068928,0.0429186157064646,0.973316585765073,0.210783099329396,-0.297201526359664,0.0599150325987371,0.207852681532893,0.165444099590484,1,-0.561387826640239,-0.0435198450249201,0.172687387352064,0.631970698801892,0.0749658714533753,0.631865265828035,0.0656648132962049,0.630019655235138,0.0739302800417975,0.786732299835464,0.0980351591594203,0.824600803618834,0.11065685997996
0.950396480243665,0.0557533288408762,0.958478709235617,0.0794297866731393,0.230699991718022,0.0335013722755184,0.51497899851961,0.132567107344125,-0.259585436829091,0.0429364428297268,0.160964264623125,0.130591985849656,1,-0.753115828717074,0.0856768712544607,0.138227926073993,0.541812257494115,0.074481493331264,0.616737821318038,0.0637470011911785,0.621452992451474,0.075627116806891,0.58679269124057,0.0944850439398583,0.748252007564296,0.101584128156499
1.0311085051974,0.0647456641177165,0.961264367795222,0.0917279091763933,0.279182174008136,0.0430932024773432,1.36264195599647,0.243893954907607,-0.391844334938888,0.071655354389883,0.41868865411339,0.157724763599599,1,-0.635299994472598,-0.104362221890141,0.17990588621782,0.706448900376321,0.0767091155855674,0.758442379938156,0.0614873517804297,0.647814399166063,0.0810590692865197,0.756452833382674,0.0839711347559896,0.905931575994868,0.115174712796888
1.09202907447834,0.0733480053369658,1.10831863213302,0.0996855115431313,0.300530252388658,0.0492470451375461,1.37026529415656,0.288416482308638,-0.313073916676856,0.0682567184405503,0.254634052772986,0.197964489963534,1,-0.487865895229284,0.0642303148091755,0.181738782277763,0.702785340121898,0.0755617432288655,0.840244510069234,0.0663430325684515,0.77371982050158,0.0792191179978321,0.713624163643985,0.104104463779414,0.865109578764153,0.104785750337141
0.944308648360953,0.0628491876151624,0.913701415697692,0.0860031743588422,0.241166201804214,0.0375255886723115,0.868854024168492,0.177495855014616,-0.29421357599635,0.057864014892894,0.158619818176676,0.160406435350884,1,-0.642733710095188,-0.295007163427863,0.178588634706239,0.765553889464073,0.075187288694474,0.673494584060517,0.074172400774198,0.591336155768432,0.0784929630283564,0.72480137234554,0.0864220004276912,0.611315653095258,0.128657216674898
0.968921726722839,0.061782377225257,0.911357465766492,0.0804600216625995,0.234574076892176,0.0393949988826903,0.874251529963729,0.196652617845854,-0.328454449498447,0.0566833370555242,0.309009406610671,0.142013978414589,1,-0.725298770157173,0.127078852552914,0.155873367198809,0.574941244473255,0.07620138072594,0.732730022946072,0.0613024057729689,0.52031978605841,0.078660341839845,0.671510999550884,0.0954705939098071,0.67923335474142,0.10740438735905
0.904443754748203,0.058586621715017,0.906047695074819,0.0817770436570024,0.197626236668588,0.0301570794338874,0.633613468020104,0.153852946640982,-0.251503053341974,0.0454329575243615,0.375089278654732,0.130842478313029,1,-0.710736732945183,0.107700594750615,0.160409901198647,0.524961290872064,0.0719221866890033,0.580587044545466,0.0611888614939522,0.539594764593442,0.0791410499158352,0.645750403372948,0.0879697694102822,0.549390616669301,0.111541630773945
1.00710019299084,0.0580865110999533,1.08612152422304,0.0854573181773003,0.250040458130643,0.040456660240216,0.844427875237371,0.179168458087007,-0.270929807905601,0.0540789120886278,0.34955561607021,0.148701207476855,1,-0.589617500599007,-0.0807179083130411,0.156507904211694,0.677581043758619,0.0750038613240932,0.709431286735314,0.063933144250826,0.648396785918812,0.0750926407929928,0.823745631773455,0.0866424135698505,0.855033276650034,0.107633569584423
1.09100771074529,0.0755879342522362,1.15092031466662,0.0991873193635619,0.293930444063567,0.0480070338500552,0.974109279575737,0.221887255729021,-0.342873778507509,0.0701691752579872,0.0977168566861019,0.170244668419405,1,-0.640778819150823,0.21977480371261,0.164540974908935,0.703518708083615,0.0788564404573579,0.738474200761697,0.0800314846495371,0.788337139418527,0.0784872815958265,0.672239074646494,0.0931712991621873,0.592564023252691,0.136956474752466
1.02858397964536,0.068601720851319,0.857994708107056,0.087224729195637,0.241093214464506,0.0407889644241158,0.994295103172463,0.1995385397953,-0.304581002333887,0.0589940680887397,0.27786398681836,0.167132924700843,1,-0.622089208434259,0.0453148508467592,0.167288207601667,0.616599656452328,0.07560602004106,0.714554429462079,0.0695685717263971,0.732657675668508,0.0799610749151007,0.469975414875691,0.0927201815976123,0.746295257301884,0.112147455072673
1.05677267588611,0.0603126182559989,1.11100829961787,0.0893877086181652,0.233559243594475,0.0349372007080461,1.05982932018258,0.191163969913681,-0.30341867853062,0.0649265247367407,0.418533423047708,0.110205917792602,1,-0.609853916849452,0.306365925887751,0.148389733784698,0.654198324914927,0.0699430432770747,0.746286623659355,0.0635762571260611,0.659841844111639,0.074319846425479,0.68468212287344,0.0883119387688474,0.659309959923933,0.117828633498556
0.995599965039395,0.0567935967115133,0.99764137210687,0.0853465213801726,0.206873983341163,0.0307549824130877,0.766585314574961,0.163584060840117,-0.266429865605138,0.0462023249639823,0.358326103458863,0.175540463357142,1,-0.66903635805269,0.025559285451875,0.170983118841555,0.759195330486518,0.0689755907140641,0.590787316423457,0.0670078935887442,0.630420873250171,0.0721623698372896,0.655272638039312,0.087885747869711,0.738067458826459,0.0873699516669546
1.08385307707069,0.0724258293344097,1.00613214025577,0.0879748327443781,0.236396352972302,0.0378960027653567,0.895541433144427,0.197392360763239,-0.28269224355051,0.0553378197793922,0.197668241198736,0.163897701036613,1,-0.614399232683559,0.450978045296104,0.174995196937194,0.624789355288709,0.0746079045649751,0.738029663446027,0.0695229173435056,0.627152239453418,0.0770279467500122,0.81600308726399,0.0841153602659169,0.596434766783891,0.119522606502258
1.11737623701462,0.0739860026199453,1.03014034873365,0.0944711033871237,0.338740193242846,0.0527997874719454,1.04440314919349,0.217002320362903,-0.302003618568705,0.0670636038110956,0.231170290169381,0.165363799778874,1,-0.507743876980246,0.121113765716555,0.165959642678934,0.71277914404903,0.0763198587046248,0.702710683405513,0.0707550067787153,0.839166089682097,0.0753228385977257,0.83069285106468,0.0964412962576701,0.880209631676679,0.123112689977715
0.987068298439743,0.0631215490795112,0.989721819043609,0.0841038897525101,0.220477775832606,0.0338813799658728,0.92454960748897,0.18885416277867,-0.3384522084089,0.0542023940706532,0.522447481597074,0.11793291090365,1,-0.749634962186962,-0.194561947520211,0.184573760529741,0.790156747628203,0.0728959054966302,0.707701791140002,0.0631388105786665,0.644738661995,0.070203753620811,0.664941717651554,0.0882752464791821,0.66510594493787,0.107064400619495
1.09125159057251,0.0749067018535893,1.11032725181166,0.0988271854850535,0.276791712334808,0.0469804547161607,1.17244711147273,0.228464538886421,-0.272749533481443,0.0634054519298352,0.51682544166854,0.129317662918427,1,-0.478785340575865,-0.130915199193639,0.186504567872967,0.856583050881563,0.0736024371257618,0.699500266467223,0.0741323463024836,0.77437231829217,0.0745761874116005,0.813909901130977,0.09713277556671,0.769802816256971,0.116547502563444
0.996665229256269,0.0651632562983511,0.915578760624727,0.087288083616845,0.264064581820163,0.0388040801854198,0.640463344400455,0.164120772835572,-0.243370979223952,0.0485172456022578,-0.116197943145358,0.126895098232401,1,-0.591788570071984,0.203517935089653,0.146763512503962,0.607714987504373,0.0692468409667483,0.661086905097511,0.0702368197539521,0.66403491015817,0.0843622836612122,0.743985434458321,0.0869601397212134,0.721566612218803,0.106266901557902
0.971744774978119,0.0663789228868854,1.10228434507959,0.0914445303697351,0.293694498232886,0.0455781471553086,0.871728652247861,0.209633706109604,-0.299716638305101,0.0648164380863478,0.160687617352512,0.175531199659338,1,-0.592341672063113,-0.0169914796545696,0.174455456317069,0.698150004195209,0.0770708860275323,0.689308279175155,0.0676443277828324,0.644459039350271,0.081085899627247,0.770986538915227,0.0945792394636777,0.750136528783002,0.103994623275823
1.06879158817232,0.0657631665268648,1.13165752728037,0.0996484324486147,0.245584563553634,0.0411744124326029,1.11718459431278,0.231560746962053,-0.295262917757767,0.0612424751248911,0.417064171482263,0.145392364980753,1,-0.563697235946479,-0.000809444158608301,0.160781013232102,0.827289583242627,0.0706018761538829,0.707657775358314,0.0729502873180436,0.761856098943223,0.0687279621943527,0.745160999788006,0.100896007052018,0.770838860563236,0.11329099006272
1.01740726777926,0.0602774661742125,1.07617120130351,0.0875703180311984,0.208237245731812,0.0323495768077344,0.943052730121451,0.21251477691044,-0.280738633376311,0.0508264906932621,0.330716066096176,0.153235511509487,1,-0.633512207058562,0.0966553508502501,0.175824806474848,0.662580061430814,0.0760479115655906,0.694062209747947,0.0629404041430672,0.687172595962273,0.0748520634839301,0.756196322762273,0.0849965821113594,0.585705421046787,0.111951750379507
0.959977276255986,0.0564632225997873,0.986965709510487,0.0850123201780306,0.220721630319224,0.0332352064783391,1.04555823000175,0.207685438978644,-0.275727655082931,0.0546277818087074,0.200423844894495,0.154525887268146,1,-0.573962828713517,0.111734392007387,0.147439065658672,0.668922048886956,0.0680285519775143,0.58895451369115,0.0672588696819937,0.760433780301344,0.0727903097417519,0.542042920240971,0.0909033206749896,0.609534774316179,0.111710025719581
0.993615383660152,0.0719083401970341,1.02990894037442,0.0971790620251059,0.242780994954934,0.0416064974815193,1.2582133315694,0.240698974684003,-0.272143593779797,0.0532995020450736,0.40739317870915,0.14871730104089,1,-0.492394996130727,-0.0362545665616762,0.180701791449775,0.740954694795182,0.0718706632069716,0.718288689942015,0.0682742890857376,0.822548423852364,0.0853059464882131,0.570292701575426,0.0992101358699773,0.714824552485537,0.12253643859895
1.00378182088538,0.0681146982529856,0.922595320534802,0.089111326266223,0.323448631657237,0.0499978131133594,0.933568833408847,0.202951621350059,-0.260563519204455,0.0631533382688746,0.0919891412169381,0.215089757221538,1,-0.474174046767663,-0.152996967734109,0.17002476427445,0.73741473025592,0.0772692382037568,0.677145900442216,0.0680091373662856,0.816165363860337,0.0795675389924176,0.849643097932438,0.10804926059472,0.794501524275958,0.117870081006233
0.938308631050645,0.0587974881677325,0.90439815698885,0.0831496504088228,0.200810800641313,0.0317060776387442,0.959744517595398,0.18416101872296,-0.259982180414615,0.0468205271661751,0.301176525550239,0.156047521402553,1,-0.592205215606781,-0.0233853572770375,0.162137970277835,0.679918232641121,0.0704255525240588,0.636696071798824,0.0634873782939488,0.611373427230378,0.0782611567240638,0.675909217560281,0.0880559954974706,0.583557353654028,0.114172327674361
0.8733260316719,0.060035377043274,0.959088326244954,0.0787863307713939,0.239801307495652,0.0337649213462951,0.708695187271472,0.174085154217403,-0.278579087728947,0.0525924088140366,0.118138753156678,0.14956752515588,1,-0.675760802232017,-0.23196716786219,0.158758555968698,0.663571919412258,0.0731061482344884,0.649358364606991,0.0681654924112376,0.650952220244146,0.0717478346861073,0.585602609868592,0.090088256889604,0.479629449803014,0.113319425633016
0.926849275389257,0.0555815784168531,0.953955081964389,0.0895801824085111,0.217634846844806,0.0333867025343111,1.12373267864912,0.215013953218668,-0.308442775795601,0.0567085768399722,0.394752237395885,0.137150092707047,1,-0.623704504373919,-0.162780676842503,0.159039676269618,0.67504286639711,0.0707724407274965,0.683364463920914,0.0611493085233413,0.633467415428727,0.0717890659384345,0.684717735873047,0.0901468066717401,0.5765040402003,0.121317144425687
0.856541005282332,0.0564233080781829,0.926926895675068,0.0841313137740352,0.21859454250131,0.0361857678725414,0.908190632951992,0.16880690388325,-0.293693466985239,0.0485429220056998,0.387413442448404,0.147931712473354,1,-0.659152827529358,-0.219410472338687,0.167213357476459,0.628792087566776,0.0652309839019488,0.679032680799879,0.0656430022998906,0.47904187054644,0.0862961743372992,0.597324930850466,0.0898305350115078,0.745803895954412,0.0933976745462707
0.99312927086769,0.060656504860342,1.01675398250461,0.0875953386733531,0.230630762507068,0.0371930525710896,0.897636694339293,0.216241413383738,-0.238944737173224,0.0553457826381435,0.380673151558693,0.142361486163717,1,-0.525156267803571,-0.0586836376782373,0.152940770256465,0.700594357486783,0.0758018366154943,0.739281665414552,0.0645232311574257,0.732998116791325,0.0708688251695648,0.708776748715169,0.0875241676226025,0.602703821855537,0.114867522265366
0.857340995178776,0.0558345057942662,0.89475224616966,0.0745921936365723,0.173197967144119,0.0263249786635644,0.621630161858587,0.161826625161577,-0.200888247159518,0.0410464946298154,0.150668654901845,0.140983851859194,1,-0.612233507673991,0.0826601546091168,0.145225931613441,0.560235904988068,0.0739798582212652,0.599005599727082,0.0652217789583145,0.576856837909946,0.0701640241736419,0.525056986359784,0.0956600720272203,0.558386817609623,0.113052294833731
0.98009286455258,0.0643174807440921,0.995426561681228,0.0923890945659486,0.268037901732458,0.0417130883793245,0.854799396977114,0.212504084384032,-0.282374603082734,0.0570433921426618,0.208821852352525,0.174572514183764,1,-0.589923130835649,-0.0562284144600687,0.179108110573988,0.613053438087036,0.0806197740458782,0.766326000900562,0.068784209159558,0.624960417627642,0.0776407427871168,0.671312902236199,0.0929781851445226,0.798801242956477,0.0977085454277373
0.912267847033255,0.0567331380044552,1.1502727427566,0.0983043025321471,0.254627630413489,0.0350448963549131,1.26232968689073,0.263209568502305,-0.306393525756907,0.062835758713301,0.347941000435804,0.149214678396584,1,-0.540431210459442,-0.240835833817234,0.166411169289051,0.695241930381491,0.0736724262869456,0.754710573870403,0.0640411781608879,0.679131313866755,0.0748827061753045,0.69285516350209,0.0866944439263221,0.506939752479115,0.111002382226396
0.963488154374998,0.05957129479629,1.10583633222098,0.0918336276708019,0.258004872808824,0.0373140431052274,0.978482790861279,0.213083137826217,-0.356247999019266,0.0567714314167319,0.381881973759538,0.120773728489458,1,-0.709025546950584,0.0173264775603528,0.168888385148447,0.606361051653004,0.0741745865436069,0.703212219928019,0.0702774385900486,0.653344900039202,0.065546449580906,0.812897684252016,0.0820636377370896,0.58817212556464,0.110086913646938
0.997912262133182,0.0656097390037447,0.962102333983908,0.0825988276669773,0.190971363574638,0.0336209287249004,0.823114605328102,0.165903741646591,-0.238295826252105,0.0503282590600299,0.298666598866841,0.178288463227133,1,-0.601038313603022,0.0843754810178403,0.158524959604775,0.611808895530237,0.069956479586219,0.67324560963573,0.0662313383952031,0.659805504013684,0.0791884839391757,0.691231898596688,0.0863766611150914,0.81524647009779,0.118360125719805
1.03855886912648,0.0698907139196778,0.97421250315241,0.0863865821599171,0.260721950281813,0.0403839842114072,0.849902395034695,0.199644130547817,-0.195152833308055,0.0542293444375867,0.0267080360134662,0.170937940753184,1,-0.414573498339414,0.095022271160233,0.166760217005964,0.718003531781158,0.07305312162016,0.705317943029534,0.0769094961263213,0.752604430194324,0.0785908095872853,0.82862978208055,0.0855049614337481,0.549773160302732,0.114220739830591
0.924620651976992,0.0610618536630479,1.0618345263788,0.0896435753435098,0.218791211156045,0.0352008103419755,0.935598239729984,0.189512636402719,-0.293050507448334,0.0549937163712251,0.293236962407999,0.150882592703332,1,-0.64771334276542,0.0467132045937679,0.165788362211308,0.599229842224937,0.0738817622381344,0.57579835491113,0.0688001367947039,0.620037845228991,0.0746507287976887,0.706528309788969,0.0881550434691676,0.60771864905961,0.107769901784752
1.07065122577651,0.076026714008572,1.04185677103602,0.0990140492746857,0.261586471179137,0.041335115232203,1.16582510301951,0.258171801911556,-0.30419085043447,0.0645705907929959,0.216052057230349,0.178900872838917,1,-0.550835353474519,0.146505174937216,0.159672022652324,0.66812336562381,0.074808635837432,0.764867771676949,0.0769179415647361,0.72718305469231,0.082077928745611,0.865245313458574,0.0864198445556069,0.642478886120066,0.115261029862491
0.92824177420983,0.0595127287850091,1.01896658115617,0.0860839703590379,0.247766159862214,0.0391644642146735,0.960600891348975,0.178394063108908,-0.311666433668641,0.057258752416419,0.257289160236052,0.157285843420843,1,-0.638848006550474,-0.185511429594084,0.16919716750037,0.705479784167828,0.0785510071739333,0.641892952255978,0.0698389390875578,0.639555982877151,0.0716710991788376,0.690531468813002,0.0843115507597057,0.676097530547659,0.094999197152821
1.03517517836585,0.0607604903652489,1.10745442193915,0.0895410514261292,0.201640037815755,0.0331768469979885,1.01333605341981,0.223609469944017,-0.319072350141211,0.0535547560015417,0.537535986628668,0.116830423957643,1,-0.705868885468083,0.0389302222216164,0.177479441579644,0.745802568698027,0.0718365498249462,0.736248983619766,0.0678883153141804,0.685753498965322,0.0757966812059173,0.745705779364445,0.0760928786142001,0.623985526040976,0.101659391914536
1.1029879075152,0.0654019146521323,0.928663217741168,0.0897860527632356,0.263723090537302,0.041431562353072,1.02896653309305,0.200184012210049,-0.264796582824112,0.0561087525772598,0.228715537315053,0.176140098021787,1,-0.508320556769062,0.375545089161121,0.173626322148801,0.591934513507027,0.0794112007123825,0.651491064253994,0.0696073980132281,0.80762795899611,0.0688611661123573,0.665224172997823,0.0916076586708603,0.785080286682042,0.113344507925643
1.09100971984414,0.0760588239642901,1.0336246517369,0.0970904955490742,0.319546451938637,0.0530853901840506,0.995902325287398,0.213684704782967,-0.362687781116648,0.0705980524470726,0.0708895722702818,0.181660222481057,1,-0.642920911058779,0.244454912803421,0.176526439935186,0.718943952059014,0.0765969205705109,0.720519194646334,0.0724451411857208,0.762819334417702,0.077930058840485,0.869803318365954,0.103126202822588,0.664374335028081,0.123664948217309
0.941630031144377,0.0604946776802533,0.918832763006073,0.0879501832917886,0.275360660155217,0.0371547849882461,0.862110236399665,0.181899173021223,-0.360116327351658,0.0613647987042992,0.201311454579129,0.16566620425108,1,-0.739112359011392,-0.186588928887463,0.160899943399017,0.725200422820894,0.07054990329497,0.663083847745474,0.0693390927153304,0.627997872552991,0.0772298753648594,0.554578413680274,0.0858074997446829,0.648940002030201,0.0988506945048555
1.00871641369165,0.0662655830471685,0.981942943768764,0.0875019827806771,0.252298624418986,0.0443690101415214,0.958661246338701,0.191293256467119,-0.346687570017214,0.0603548552162203,0.287121103251289,0.169114582288117,1,-0.704933652856033,-0.0401764980955573,0.170797975087045,0.792885213130338,0.0705221973677462,0.636157620283494,0.073912285867998,0.640495692002349,0.0748660779904973,0.683386176173258,0.0997255544052351,0.748735207395934,0.11141581412839
0.93151381443928,0.0599406816335761,0.89132490683654,0.0876456025645668,0.253702707544044,0.0382931212829876,1.18543075395834,0.228952193196702,-0.328603426311596,0.0578399505156885,0.372425563258526,0.155269781206397,1,-0.599199498742293,-0.157860130096968,0.172763298042413,0.740643125647743,0.0749566484670296,0.670586020701981,0.0652132473159171,0.659724430322411,0.0777902463731532,0.619794716302871,0.0911440669414458,0.723046800044973,0.109139587291161
1.03743859262034,0.0705794088970193,1.01490058415139,0.0918088808508491,0.287147838355381,0.0429585532052264,0.879376464704853,0.208707950021705,-0.269629650448248,0.0597493136914981,-0.0117171261958504,0.148209446340881,1,-0.53657131786978,-0.0518381063759941,0.160689252679976,0.789123460449888,0.0688909007968497,0.756254175589281,0.0731363137564693,0.75003352691387,0.0807591146326238,0.695741261972156,0.0911314266443518,0.807612973197697,0.105685598230931
1.19575622325259,0.0830352309004223,1.16761675591448,0.0992769875577851,0.333632640208178,0.0569208704591732,1.12905220325317,0.254321314566108,-0.260884321718036,0.0697326101714625,-0.0432945123382485,0.168537456537638,1,-0.425066327494365,0.302280731471829,0.178567141841574,0.678684218948021,0.0808210207803327,0.85350133402462,0.0757298731592746,0.762306336939862,0.08438772090409,0.934873395055798,0.0830736412317927,0.825107334648651,0.121883603778115
0.960044274854597,0.061662240204258,0.990694241543323,0.0861057034440038,0.220074627743539,0.0348695800299088,1.09923010166862,0.213594617817324,-0.332598314309827,0.0552301109091822,0.386496922470978,0.153957992788129,1,-0.676224263322101,-0.107205356077831,0.187299022503041,0.700435778185405,0.0768295236602693,0.70372407755734,0.0665838269132514,0.634978274020016,0.0744385873630692,0.642723225829298,0.0870719708218233,0.730060898266403,0.102709253007535
1.0155694138098,0.05773647857176,0.893489984293224,0.0778926376739196,0.201964102865901,0.0319221043519919,0.632368880540233,0.158150023712744,-0.202158857947973,0.0447875568853862,0.250310343864957,0.139511977060746,1,-0.56567949721298,0.0671579647972868,0.153435643086893,0.733312702413406,0.064127429843272,0.653098767376045,0.0614065089774006,0.682145449692838,0.0781862355795632,0.660841078198353,0.0886711476982243,0.610276777914057,0.116058100409785
0.922167541574929,0.0605489934710223,1.06596808629485,0.0897446721951997,0.246805707689788,0.0387283426118357,0.890273557098799,0.204448480397048,-0.315470071964404,0.0622225361421626,0.333970840009328,0.159717983801251,1,-0.67300583289401,-0.0517568888930491,0.170373133953192,0.685415412984734,0.0764048250479588,0.606399318934892,0.0678740367940721,0.556107916349698,0.079052757758479,0.623171121656613,0.0863074534660922,0.656102122525782,0.0965365469593628
1.00753111764571,0.0547219515805957,1.05594294774839,0.0853910318355056,0.197628206980619,0.0286397269717433,0.822582520525278,0.173821849691706,-0.277875560943988,0.052309821620957,0.442150308668966,0.121052736855846,1,-0.689185527326913,0.169094467786459,0.154644460913114,0.701756653003508,0.0683925906186657,0.613098802628792,0.0639547848722468,0.569386227915041,0.0723830261980825,0.546465242118296,0.0841983938713549,0.712103881120876,0.100061345052338
1.05105705251425,0.0772528985693141,1.10738449101146,0.103283566681079,0.324313421545201,0.0540389907547741,1.11045661893592,0.240325228084032,-0.266489239200934,0.0673490483520787,-0.186833166875315,0.131865301196817,1,-0.444064869903523,-0.135075937339784,0.150800219990026,0.823312794790014,0.0732125848816002,0.709642263341199,0.0788003125840843,0.87331341384254,0.0813436396976991,0.808380263464578,0.0990695164535093,0.829217110005614,0.114320188197463
0.944727594725255,0.061638652285572,1.04977646568423,0.0898677392698288,0.300557862743721,0.0442557721282897,0.852268599894018,0.190777284049519,-0.313309459818217,0.0616042436563781,0.261229434131168,0.152230862159204,1,-0.619043569934473,-0.131111287700546,0.152309052162719,0.769957386233234,0.0715377232483885,0.630994671549304,0.0667656744896842,0.672882013754052,0.0714546436252596,0.700392874959826,0.0914226146733262,0.750799463651343,0.101235838065613
0.931655065000472,0.0595740232301867,0.970338831952882,0.0786269151990808,0.184167916025921,0.0308098821907457,0.642699489153098,0.156345005848469,-0.191779181117713,0.0415773753032178,0.346083138879186,0.154824778195744,1,-0.557430202257579,0.159867563802662,0.157000095498781,0.500064015036795,0.0790451277032699,0.601797825835457,0.0715982044500148,0.641728006949201,0.0689359031223616,0.670087994445764,0.0941405091299284,0.550958682366578,0.117489641967358
1.07286688641347,0.0683446149467947,0.936187100149454,0.0812254092611841,0.244084287456024,0.0393730598924571,0.879740352341197,0.194062743143676,-0.280637908546888,0.0547919275924645,0.248168660049019,0.159581134275721,1,-0.605618547187934,0.206211065483019,0.170780002911867,0.787403322983628,0.0734819129595243,0.649917571339774,0.0674135865912749,0.558011267180036,0.0838762357762753,0.79681159000669,0.081973846017913,0.568731658923643,0.113953318585953
0.990448538185502,0.0660454957267502,0.959326377080655,0.0855086272946376,0.267214100139054,0.0406928058733389,1.12780366116264,0.237183010318715,-0.372827913578454,0.0666896050255385,0.382213665893556,0.185610162046275,1,-0.679144182594042,-0.00758600715089533,0.176606998169341,0.675627743827915,0.0759671556355662,0.766582465159889,0.0734640581801973,0.621764040306917,0.0760992485872409,0.713653668859825,0.0877802429995684,0.634606579910332,0.103479423351483
1.18431028796181,0.0829898057262992,1.11705609423281,0.111311612035944,0.415304272378351,0.0641079712719412,1.48722702775689,0.325185166182587,-0.402210707901245,0.0860802532172298,-0.0426612152983405,0.152035980529385,1,-0.511778213974043,0.0151145108906851,0.161170058600925,0.800824786895512,0.0752824786135407,0.861753525434518,0.066760127264916,0.884043350497097,0.0955418551002041,0.855330006204162,0.0970175337285842,0.872183390379377,0.109756549372561
1.01721571634937,0.0596592749721929,0.958058807507025,0.0893037399400142,0.253699121903356,0.0355203949413737,1.21836647144893,0.245957433991233,-0.364250528452442,0.0589234859891525,0.424847867652838,0.139166670855023,1,-0.65516658450411,0.0506372060939873,0.177191397823049,0.685270491326232,0.0751521714972334,0.694576503273627,0.0658911480919211,0.640800400515382,0.0689804238577807,0.851456803556944,0.0747787324656492,0.77920706696056,0.0990158264583588
1.12384460725869,0.0681610955988375,1.06959909548555,0.0948492800203751,0.292707310671485,0.0456361071826131,1.22421173892083,0.23149557429944,-0.40599923240793,0.0680759490051853,0.286494828722471,0.175481673175704,1,-0.67823493805316,0.212493820471151,0.16440167253145,0.659382270989226,0.0750335263300656,0.891661366879007,0.0632673865940621,0.697003812875034,0.0759413928090155,0.642059045616979,0.0951549424245361,0.934375153579284,0.104961324591295
1.02651576673851,0.0652465614516573,0.858386522499588,0.0801082041047198,0.276478683978653,0.0405220204284673,0.729001395144886,0.172008006263011,-0.235089310327757,0.0551977823204278,0.26015302697639,0.149037636120998,1,-0.523646102445207,-0.240063592803521,0.157083668421331,0.777687350674521,0.074306675321674,0.719050290242423,0.0668025075847293,0.628124495992297,0.0762037669917877,0.847048494396015,0.0861330162900941,0.540336931925835,0.120166292332086
0.948829827780983,0.0510733389467848,0.986352279511393,0.0842502653530848,0.17539544505459,0.0277130657417129,0.859289864929006,0.178821839931415,-0.222894378365884,0.0451633780286745,0.385874706413154,0.117188856063066,1,-0.574143054096754,0.0157218735585146,0.157626951414482,0.663449940903765,0.0714542316667302,0.703526947054286,0.0592543762272921,0.645831055418855,0.07279267112679,0.554263253178174,0.0832764075393651,0.637740738915081,0.112633070476759
0.944707433224161,0.060283061769241,1.15616703448099,0.0977938026320713,0.265860608348311,0.0370407285084856,1.38679395605776,0.256425748478356,-0.425603273870635,0.0722318302077707,0.324278957807396,0.157989408468073,1,-0.700925714181362,-0.152735333312653,0.160078677314105,0.664249387704817,0.0748974188233628,0.756595365733609,0.0629239672568338,0.659497881253971,0.0697245429739028,0.699358751316955,0.0875750683940213,0.82307295691453,0.116402900039034
0.990874831223735,0.0598466494531186,1.00615010993931,0.0817681057499922,0.278040953082958,0.0404484755035112,0.939496649051378,0.183108220083337,-0.286229934328686,0.0579331973168307,0.288088209368164,0.147004530839759,1,-0.56003226541305,-0.0506657920814185,0.152399207511514,0.662771450033221,0.0721397396357371,0.781396922963144,0.0569039082050041,0.686942715332457,0.0778756219661357,0.738698024018862,0.084214120600322,0.665356033809969,0.11803554180654
1.02559057486818,0.0667899492487053,1.05822819123566,0.0973916684914738,0.262504467906368,0.0421517948437352,1.49458019661692,0.321435833459685,-0.396085645188206,0.0741861218655083,0.307823726195657,0.187625791420278,1,-0.632355268943225,0.236246974115537,0.164938774737564,0.616960982251684,0.078313768686974,0.67727126550911,0.0673119635413826,0.741882275179341,0.0779586347003354,0.777918861757664,0.097580116357387,0.904948473672564,0.106662772222108
1.11340819122138,0.0769512897866551,0.973584328549692,0.0948295025169505,0.272263126642155,0.0479977578739096,1.14612121378712,0.247417237530321,-0.277271167342876,0.063512617996102,0.417506238791751,0.178696969608678,1,-0.496357994920541,0.22921828645482,0.183178232195301,0.703582672219542,0.0787432163667408,0.724091162380626,0.0719630943153094,0.833816505034926,0.0789895106604133,0.722439311465075,0.0953486111557326,0.753218692519232,0.123469374217846
1.11414936637452,0.0789847736929948,1.16702511438519,0.0994840057285854,0.269360541733731,0.0465091087315073,1.07087259715562,0.249689764482125,-0.341323366763673,0.066227053260998,0.36290706505539,0.180754548047852,1,-0.635521327527943,0.261952269816081,0.192752772451005,0.64092429911311,0.079240570758336,0.79704736742383,0.069135424337628,0.88459122637507,0.0794345536004368,0.662066268553948,0.0895206269378987,0.755691496559509,0.101731360132827
0.917265462164897,0.0617400352022942,0.966336074870783,0.0887967674800998,0.231312302349641,0.0378030631708068,0.941946736444156,0.218692946591387,-0.308982190424384,0.0593461296867913,0.242312077538279,0.138280753625529,1,-0.661943480400096,-0.0489056276051806,0.146903085825842,0.560785828207174,0.0769608698557744,0.677687496896016,0.0668709041972537,0.643260722597142,0.0729010478223494,0.579707932294462,0.0991240646252408,0.57710580994199,0.123240723558147
1.02751822175156,0.0610576520842153,0.976172800419325,0.0881271912437634,0.27769121206247,0.03840537449355,1.07484037289069,0.21623861144435,-0.345223902870144,0.0642301849141553,0.342969301494687,0.151939457235708,1,-0.631899198603571,-0.0639240769470805,0.165270860366463,0.691299514044191,0.0808525245439472,0.702645529757686,0.06408426731317,0.72120612367149,0.0722253260312317,0.778532417254113,0.0667925633136918,0.619925091720819,0.118178751858597
1.05536874046111,0.0631389141209148,0.93107744635738,0.0892475272400666,0.277734939623663,0.0418350053776143,0.869710330195982,0.203867585136141,-0.319563951253935,0.0626121654673353,0.227350343037693,0.18494532221903,1,-0.650212342199681,0.196552714694525,0.174740457633656,0.685695171163795,0.0776939822003804,0.706937589916218,0.0659085037762403,0.72079580329182,0.0775862574289276,0.676401740747733,0.0796645605987209,0.688645081285744,0.110374528509939
1.07197816335106,0.0718736104392652,0.994524296947207,0.0876356520569009,0.24975867351512,0.0396081588347516,1.15108375826271,0.241012996116915,-0.263438751334323,0.0590379310843101,0.388620320780562,0.160078850372995,1,-0.491321655568538,0.11575166730178,0.180270189043184,0.793109015763217,0.0690295561533274,0.666048599847043,0.0699582676916841,0.779997225446435,0.0798687347903874,0.805999554531005,0.0912478171487881,0.560776927702887,0.111811799154118
1.07536646098132,0.0615082933214027,0.967316598661039,0.0798840173810209,0.265797345174799,0.0363980467226029,0.77562956079857,0.154255402647482,-0.308486676425775,0.0542484755121458,0.211740717572454,0.146189682266073,1,-0.679413099151319,0.0692678249889305,0.148912092449972,0.683829966751624,0.0749484594145826,0.657199588429345,0.0664793922991472,0.893904232525122,0.0666868349131396,0.544626718482776,0.0941454619633791,0.82180075322273,0.0941796809605537
1.01561882557375,0.0635704883095862,1.14692390702556,0.0880687656983852,0.243943532647972,0.0387403235475096,0.767653560728164,0.15992017608776,-0.283712920283688,0.0547542747446808,0.321270544552492,0.135550045055268,1,-0.655619444204211,0.0487081410283885,0.164854169057561,0.712859340682729,0.0749743344421382,0.669413203806595,0.0623531223346146,0.712438105719974,0.077007850296349,0.748862965205094,0.0904201079971623,0.639298198068812,0.113626518852279
1.02532667516552,0.0615641999313669,1.01928113219214,0.0918528521458534,0.237369020211713,0.0348010950067533,1.33267552574675,0.242619330803722,-0.382145939252681,0.0663861340159007,0.339470313901095,0.155550237429161,1,-0.679446114535317,0.149028084365925,0.168179285281975,0.629467858028391,0.0763607749605132,0.679127621953045,0.0644440430068212,0.664798774432247,0.0884557960169788,0.713683738615444,0.0815828475404897,0.87765596848915,0.0920050483530049
1.07496701981471,0.0699981564046489,1.09568219870175,0.104172252821422,0.338031715644554,0.0500042652877564,1.35456228101779,0.257510187657451,-0.429764046604879,0.0816002515606014,-0.0131445803205312,0.172275333854918,1,-0.635114263623889,0.0368741521181078,0.154024153808138,0.731651078027297,0.0773465519145554,0.797821908099326,0.0728372151431971,0.687743692720294,0.0769839420580229,0.826325798984916,0.0999019262033681,0.794158554946635,0.108387590452642
1.19594230944182,0.081640141598946,0.906444520369353,0.0898659578128545,0.363378916229,0.061875704414009,1.03413562037986,0.219733808093089,-0.362006872441351,0.0750762979848427,0.137735950619641,0.174559277354393,1,-0.590538482868258,0.237931280921449,0.162621278103576,0.746036107923997,0.0762412070838786,0.763555643366474,0.0749210185595784,0.743170838765836,0.0806787978507703,0.796416110291704,0.0927692374965578,0.91549569215107,0.115353536087448
1.01645760571044,0.0591205803114329,0.999663935154013,0.0922979989763553,0.23127349574068,0.0368711926808402,1.24860996688982,0.242605725695377,-0.402429140825923,0.067240045930084,0.515776827904745,0.108518917150154,1,-0.748881479713828,0.107634708801812,0.167772873410419,0.7000802761294,0.069392308944106,0.646537452527613,0.0674912303513721,0.706103434419019,0.0698454058016583,0.744050693839184,0.0845205012061636,0.568158283477891,0.110323473941515
0.961736614272062,0.0636138464000855,0.896643623782889,0.0849971640345419,0.197872504361183,0.0333800367539335,1.15332933935447,0.226706993221649,-0.297380946490371,0.0528398651231753,0.343586507909124,0.144160559113761,1,-0.62250629009221,0.0235334899564071,0.159599412396567,0.708058025944837,0.0720102564664581,0.666809840580442,0.0692749228067111,0.577065439320069,0.081208376213551,0.711757476575286,0.085417128387536,0.668965986309683,0.106616345643629
1.03190127760313,0.0667895183313868,0.904592798776106,0.090411427948217,0.265309861735044,0.0421426139339161,1.05846261345462,0.223638326812326,-0.299249248264175,0.0572265277961398,0.205312235450048,0.175805673042746,1,-0.56470106932667,-0.0562679763841628,0.172480277712807,0.760175690256957,0.0718199840239082,0.678937618880472,0.0690973662791865,0.723033621098196,0.0757154180142849,0.631077405943312,0.101050767483329,0.798799844736645,0.113739634188725
0.877658423328462,0.0582822652301644,1.07574567032659,0.0840281008324074,0.178064355930959,0.0323476474851209,0.884482442221642,0.194915464578943,-0.273630423346632,0.0528300066304614,0.673615242989953,0.0679437750488493,1,-0.689495248500393,-0.108781179057179,0.188513545900587,0.603002687350206,0.0826766453794026,0.689043295857627,0.0643664415552769,0.552832844870649,0.072516748369587,0.765525927470359,0.0855656061476477,0.317462094932815,0.131947691165011
0.9983301303689,0.0596072087251346,0.923580132937263,0.0850184475514389,0.231963481233866,0.0344291050594897,1.02712356292434,0.239185035883683,-0.265028392632213,0.0580504347193773,0.316455864441344,0.165066737982342,1,-0.542964264901386,0.162959676485432,0.165360756119169,0.471346666713827,0.0847845354943264,0.705914108733176,0.0639583288710247,0.746170269946716,0.0738600640791762,0.567773415938691,0.0951706141720174,0.705232541792673,0.0936962763930684
1.16685249948625,0.0868918843182402,1.16571134628966,0.112347656992109,0.353896200435345,0.0577157009938964,1.69135293125181,0.345609159570766,-0.367535894549557,0.0814555015537294,-0.0803936386784408,0.155634392558547,1,-0.475055870989588,-0.246696342204402,0.181362268292077,0.911297420913081,0.0791876882880517,0.821098264259975,0.0761001988422691,1.00940002730806,0.0849468904706523,0.889789150570577,0.0968073309160117,0.642811466845533,0.142788450834343
1.02027866438995,0.0649830078271957,1.00556755088698,0.090889414061235,0.268551269078479,0.0415163486678139,1.05214053951922,0.204820745132149,-0.3548395720074,0.0636480714350509,0.207214049935948,0.166270248319077,1,-0.667546564195361,0.104085983369518,0.1702550687506,0.714638779111091,0.0748634392342782,0.702213433327661,0.0663938281614707,0.665735431821602,0.0778033092922824,0.764278869384879,0.0948251158112838,0.673756927703467,0.124966437559868
0.997227157693419,0.0604239654571911,0.876824760180705,0.0827389998868779,0.247976260205308,0.0410223177498233,1.07263941477591,0.213555563144876,-0.33978308766833,0.0635091437393286,0.56494159605016,0.109566950229381,1,-0.658824634663119,-0.185673773508182,0.169145804860946,0.725925924159594,0.0694812893172747,0.731838347327584,0.0680348608229028,0.609980726186165,0.0833645614298024,0.767315286050855,0.0848888274141374,0.586973799918441,0.105557960679153
1.05462013170175,0.0651643700905972,1.10282250995282,0.097015634032813,0.275382392017454,0.0419732889798149,0.957420539209454,0.218185719897526,-0.286437290759226,0.0568280024558167,0.368464423356157,0.14600501497573,1,-0.557840579492392,0.0797053835434901,0.153074491069859,0.814235748847768,0.0681682957968866,0.704210679956907,0.0697591491379466,0.683297568156842,0.0756141203013849,0.774655726306749,0.0906605048405487,0.707170352666233,0.105602626474606
1.03291146286855,0.0590365489915925,0.916552325180249,0.0816901496362528,0.217859239994726,0.0331036786289552,0.891188756658368,0.174020721514681,-0.269425985207716,0.0515193137174975,0.418391760158994,0.157134031512832,1,-0.611458009367209,0.0572054944218502,0.163702633819163,0.673436461930349,0.0699070647283428,0.748292387510716,0.0656713961120726,0.676083907876054,0.0617715180854215,0.643206353671932,0.0850234198291054,0.473301275677177,0.120855875063906
0.92684822927812,0.0566090921796207,0.853301903413726,0.0790954650483293,0.201143700044219,0.0340463267540145,0.782682339028269,0.168809293543543,-0.272935662281831,0.0498876177700435,0.413283170019655,0.113362671489274,1,-0.687882562823012,-0.0559582763698893,0.161945305355946,0.643970398226135,0.0722574292272901,0.552052699467466,0.0638590217210111,0.597921545775532,0.0769098767196942,0.582825124376896,0.0828375029458129,0.667360680512666,0.110367970919648
0.928610057758145,0.0534180360075045,0.922697299432371,0.081116528110145,0.250646463577553,0.0351200283868141,0.929910146094341,0.205521545742783,-0.32781705533715,0.0582352954387025,0.407829347168136,0.13531914553184,1,-0.679016395735315,3.6834585469643e-05,0.150192840891621,0.659315224948235,0.0695750130574777,0.629690441517275,0.064219699160145,0.622352912950797,0.0780887705571556,0.750637794639593,0.0829191458279782,0.740007336558498,0.0931035672511711
1.06615702874828,0.0601306352875764,0.910963332380074,0.0815427904018209,0.257980059280637,0.0382215845160821,0.841488370488979,0.180021902768177,-0.365839837248406,0.06837874295347,0.440030694245967,0.101444571348668,1,-0.785188385499576,0.204574282470147,0.163016066586526,0.731929386081006,0.066352938671219,0.634747687238347,0.0623451959115346,0.595437361477023,0.0719308087208232,0.767288185331775,0.0804095756237682,0.783656077031523,0.0924226141274201
0.979129854253814,0.0634363047661912,1.03209906511474,0.0890862081644396,0.272963574072545,0.0445888385370082,0.817560809611834,0.192291941230065,-0.265716258766526,0.0591587206382151,0.223997813794862,0.157479776574062,1,-0.562478269120602,0.241493913516565,0.149751979419361,0.544398177741413,0.0746692570589518,0.679718785436154,0.0701415700114719,0.670814227031289,0.0760604131801183,0.80420574096689,0.0954887790375576,0.686764818107396,0.117889467689064
0.984867949036141,0.0635730065232131,1.00648371922054,0.0922913001858652,0.248288155054904,0.0412087865798003,1.00404475090448,0.197989725818398,-0.333349701428387,0.0621840367514406,0.141736407820005,0.161533969069415,1,-0.667644898309443,0.174274808021531,0.149056133906318,0.642723376998943,0.0735468863244614,0.669485921982256,0.0640366011025,0.736289215281952,0.0742522780144242,0.639921709506619,0.0995189272774226,0.78351086406581,0.101622896649569
1.13671928711501,0.0837608331316486,1.11468839895202,0.106146811052122,0.336916378532817,0.0544427534055067,1.32367847029329,0.27809374476994,-0.39128540772728,0.0741929023486321,-0.0256457307457314,0.174020879180441,1,-0.585924067482311,0.116704286964589,0.194672057486246,0.693843616818338,0.0878205980535925,0.78755472195215,0.0771115954299073,0.869021563958108,0.0768670600092455,0.828841436834742,0.100157569191397,0.862873423488733,0.114702696925405
0.953831285410862,0.0644791022133375,1.01361938834284,0.0904673814668601,0.257550229428744,0.0427284256196431,1.07423154603371,0.251278628547639,-0.275552222054184,0.061404148603709,0.269160197289235,0.167508220972525,1,-0.523870563672174,-0.157350366631997,0.16594116354687,0.604865075923781,0.0848504357941805,0.733914340932006,0.0695544324873976,0.65174145627356,0.0742962138902499,0.696981533025389,0.0976388486673064,0.662226907304098,0.106694444267941
0.962768423123524,0.0602078804089163,0.948589047152116,0.0804081559455936,0.239685680035917,0.0359941241119289,0.833980234407762,0.21234746216352,-0.248834748967934,0.0584876502661304,0.218603350184598,0.166110030326931,1,-0.556560147129184,-0.17954771318761,0.150630397156885,0.675789847062741,0.0750526060015051,0.647849252340611,0.073712980862012,0.669401810563792,0.0782371479388528,0.845502227462694,0.0864484831282936,0.646499821432665,0.105421149072845
0.981608431088779,0.0583046555580538,0.876213360757848,0.0877004250151645,0.240588561932462,0.0347046223312643,0.705963715891288,0.177225860764492,-0.240419468848032,0.0492809998171968,0.251818425361701,0.162188261247075,1,-0.58336578675602,-0.129583748784017,0.148188589013733,0.695494811898371,0.0704729334054135,0.581767630356769,0.0644347649726918,0.744265645699691,0.0752996169961747,0.777599842774902,0.0878961338720617,0.548844579045859,0.113714934054133
0.977212273192944,0.0538398585337821,0.889094379586828,0.0744834387423653,0.207351487799408,0.0292414083802495,0.671645468651858,0.151455235383023,-0.287615043010219,0.0469020361452357,0.304278319341907,0.130844201090818,1,-0.770704641604684,0.00666522505947236,0.157498558403769,0.623506554574399,0.0712180414229696,0.729069016166332,0.0607596787985195,0.670461587577775,0.0645021832079346,0.551144152292884,0.0848104082212946,0.585295061831927,0.108134267082261
0.95237108631899,0.0599024280413125,0.862094730909831,0.0803409813677176,0.201943138424472,0.0317118672103901,0.910608675559513,0.16283257510069,-0.269893850663675,0.0498235605338373,0.420006955500933,0.141798713975746,1,-0.629379433348602,-0.0109210852395772,0.169897342262764,0.641401209583154,0.0738820175834588,0.722765016315987,0.06268509127712,0.6169574529165,0.0742719016210855,0.718994764723224,0.0912593200567471,0.63605339898485,0.120768756704012
1.01366816915304,0.0586808415094146,0.976800047413976,0.0800655241537741,0.218575769837277,0.0353898473504581,0.804241028502846,0.179846618558746,-0.21668313105265,0.0493869355079856,0.498113730957986,0.122556470637342,1,-0.516810087146201,0.155209256826288,0.169426022457405,0.67570401234921,0.0684111756314669,0.632667965670773,0.0676259017148464,0.77846864857763,0.0715411281294295,0.568716620677755,0.0866205975066289,0.646927850032998,0.117462785693824
1.02679943932382,0.0551469658716465,0.862694577063559,0.0849887082974661,0.282870844147374,0.0386701646405387,1.23344819641681,0.222481733954518,-0.373059209793669,0.0651258114371448,0.385092869058742,0.133669262192717,1,-0.631572505742187,-0.0963194832585221,0.161535093459023,0.722238713696052,0.0674861459931006,0.708684484734263,0.0607867533826671,0.708300865733252,0.070076105528851,0.627770520013031,0.076989794397617,0.607085019678836,0.110614765472861
0.994946924337285,0.0646036559032778,1.20053026648869,0.108437956372295,0.24216924474058,0.0366813275860568,1.28095236987928,0.239404899732693,-0.314288645552273,0.0619586753165871,0.232014441683291,0.170954922682476,1,-0.564290458515359,-0.316348979624051,0.171981943886821,0.817155486472426,0.0716291736424725,0.656234037405985,0.0707060263295307,0.831375063836293,0.074234095123574,0.853722667043575,0.0858225006622417,0.573873044214748,0.1244246196952
0.947724888007345,0.0575994313690437,1.0051333217131,0.073894559320852,0.243258184006533,0.0359030332793314,0.437894483251622,0.11414412184634,-0.205072899171073,0.0444899426258741,0.329588433536843,0.13484195473006,1,-0.628332905548814,-0.250692687092946,0.151923913209215,0.677890285091734,0.0660509563386939,0.601208047048528,0.0646894215918638,0.563760104401499,0.06911846505123,0.785475286676142,0.0920222629337474,0.550999788527464,0.10966931607324
1.00472617794074,0.0662975895218107,0.93541125240908,0.0889057428945623,0.257692909634936,0.039953166627957,0.964670969791,0.208727431680249,-0.348253064731702,0.0598543040607085,0.25572091856582,0.179488250927806,1,-0.698480213195648,-0.0703936172314952,0.164294205590402,0.815537754377339,0.0704229006680995,0.683222173415998,0.0732216520144741,0.698978160641579,0.0764723194970154,0.574901017848034,0.0900516415324487,0.727813464843432,0.11299937878379
0.937959877779482,0.0522246648401777,0.956444411638902,0.0772855671709066,0.216713974219464,0.0341060801119438,0.8343836196837,0.174622949706257,-0.297985884698353,0.0533162292759191,0.421127142296543,0.111492385574305,1,-0.70076007331564,-0.248627136484822,0.157161263526702,0.77257745710882,0.0671312722118003,0.659762199448704,0.0639586016361599,0.636306294133554,0.0726743317834973,0.769473519192338,0.0863034595376768,0.717602373397354,0.125979030378784
1.02777762626617,0.0600440185112864,0.939949662960652,0.0843217800622831,0.208701406167577,0.0308312488510669,0.840973952533507,0.203842337485503,-0.209150271048817,0.0495016252649038,0.43371696940937,0.128198541318701,1,-0.49923436417745,0.0600321923892502,0.170048267385425,0.720902272909299,0.0740814822426074,0.678177790134797,0.0655378967521371,0.683177643260727,0.0693632555168453,0.723003387821039,0.0795457694143753,0.612147676441329,0.101504136573612
0.963886264868289,0.0561257133084584,1.14397065296078,0.0965346287645992,0.267709094713249,0.0398335438814741,0.82531430205508,0.168411435065197,-0.303074850097701,0.0571983353617107,0.187309557565471,0.1602014221724,1,-0.644775683821377,-0.249401766612815,0.160299404420732,0.799724537786794,0.0675331669469018,0.689825094651482,0.0688381579496892,0.540576983476372,0.0791832146642423,0.67322685857667,0.0992914628090439,0.54610614676375,0.109179759981916
1.00310274551726,0.0640014399650333,1.09626241870827,0.096342707813661,0.251794777759446,0.0368201149092029,0.981472925540376,0.220499844171454,-0.293761437149673,0.0610169063957925,0.378542814738881,0.162371797043808,1,-0.59092486272939,-0.139582090870863,0.16265241899232,0.65605348297049,0.0748945383286289,0.724780046176119,0.067671399613116,0.826890483250018,0.0737948594949171,0.684219382612639,0.0877130449626723,0.690240759163634,0.103233795093754
0.944854711242637,0.055394717371373,0.967760155615592,0.080026724281048,0.24293440215765,0.0342582187492771,0.863289086993,0.184270845723184,-0.343528334046528,0.0564492129966678,0.422339074598601,0.129373836260247,1,-0.750135860923478,-0.0345974879541782,0.163125754463809,0.718272739045105,0.0717700182676419,0.598788329000761,0.0624133782039646,0.645701098211685,0.0698649374900161,0.736325779141131,0.0753760561789131,0.648582329807304,0.118205782062914
1.06699572865864,0.075629974937754,1.05437713051616,0.0991659078841733,0.34935183581752,0.0559969839076344,1.50654878040215,0.27535521373636,-0.417915634809062,0.0775820821730638,0.258895591826756,0.16720060895606,1,-0.576057061888069,0.0129358891336196,0.184744224121366,0.724675278349019,0.0758348899671012,0.760044486899263,0.0666317129458224,0.789215836895814,0.0823014905685948,0.863159565711898,0.086824579567843,0.50509007782696,0.137401681327524
0.986733491410604,0.0599569200171255,0.900783665082715,0.0836124379196338,0.256630222383357,0.0398723772236253,0.925996292927674,0.182623559619639,-0.314163892881906,0.0582897914044926,0.388741162151793,0.159648415177894,1,-0.644462639316603,-0.0739685323876979,0.167637856415575,0.720126740570783,0.0696443769752422,0.724986909365853,0.0641409134665514,0.644142313733934,0.0717308934222098,0.550807589189659,0.092400384676781,0.768655938139256,0.106972924104119
1.02980974652226,0.0550617644695549,0.927618356963242,0.0838946672558418,0.203841603590962,0.0311868328262138,0.971068940990848,0.212391809570203,-0.299673962634035,0.0617556474077531,0.504097517525443,0.10549091461119,1,-0.6735619803894,0.073336269376397,0.153388624447386,0.733709181164471,0.0670249258283157,0.633680573551864,0.0659367626524129,0.690070143033841,0.0712104630920406,0.569443608186765,0.0918091189128097,0.612359302981805,0.0972180911177405
0.983058852423467,0.0644524248917012,0.909892899507132,0.0853806693050299,0.240335126193629,0.0385766450360671,0.852254587253394,0.190384901295415,-0.274758956921553,0.0555727593347987,0.24384004146474,0.177332884996558,1,-0.607097661975405,-0.132830832870226,0.169907475697985,0.840183298315457,0.0672587586401508,0.592001545844055,0.0727788483767654,0.739724057671872,0.0751335464069565,0.729650260442494,0.0900731287178568,0.597893163715136,0.101584616281846
1.02728038891741,0.0662465674440133,1.0795784607401,0.0908256393050698,0.256822291463008,0.0403688371132788,0.757806416617464,0.205629861622113,-0.261402358066962,0.063239734242399,0.125590879317836,0.166629845825602,1,-0.59253499327887,0.141162654639883,0.165584393949309,0.581378534031371,0.0810547211517942,0.693199429187514,0.0674174629162989,0.624261428489518,0.0776382798118306,0.722137849441672,0.0933290811640937,0.623256649560089,0.129041622584266
1.04642746385998,0.0599001591588067,1.03922969376776,0.0972987337275646,0.250685329843466,0.0372326409461352,1.36078461292197,0.261315221086356,-0.349628757846243,0.0640968273417021,0.327139955379901,0.157483153280318,1,-0.5986155476938,0.00745405701034564,0.163009435791004,0.709198238713689,0.0665444358585418,0.839377776643454,0.0678881044916033,0.672606950827544,0.0767108367680245,0.766895919240348,0.0808210974886207,0.760301638883866,0.109214620239364
0.964641819594644,0.0659418226269646,1.01310249689493,0.0970049317170123,0.279342505126341,0.0417178081446198,1.08020992129473,0.239126716613566,-0.36431956251235,0.0688290579045137,0.0381673904300966,0.154649624682886,1,-0.663223489178845,-0.115999130551861,0.163129869206172,0.674993872897936,0.0766350491071443,0.77562497352878,0.0660332270209469,0.689191419434221,0.0774426223072721,0.677554333256832,0.0963721885519233,0.752054906952637,0.104062757403205
1.0314338968136,0.0728620247320004,1.23092087779792,0.10441171710402,0.361926966432536,0.0526563540395464,1.16067752859646,0.242938005617376,-0.384396744357959,0.0736227324826428,0.0320937934229935,0.186158582700132,1,-0.59308022172456,-0.145067895865772,0.17195047531277,0.827530284310631,0.0753872312320424,0.69448049960382,0.0740859248680824,0.820493956857006,0.0822261576959037,0.8086363322032,0.10444846980525,0.903623729971231,0.108418542826734
1.08344072400281,0.0590510011394447,1.02007733416588,0.0905042225198465,0.233311820776971,0.0336944420961241,1.41759410221502,0.255230801183794,-0.401709501062062,0.0659180058766967,0.437854717720845,0.133141527542152,1,-0.698502208001414,0.139826097984715,0.170067959560086,0.722494153350926,0.0732860529829591,0.764194320611925,0.0649273698312244,0.731638186293323,0.0704413435008406,0.65161260413767,0.084073106810783,0.73322882834952,0.108939467806839
0.983840126347201,0.0641048098429938,0.88632084555994,0.0842099037850021,0.261425075321256,0.0402631112809049,0.790966110896988,0.197307455457339,-0.297133967343741,0.0560494604892985,0.211177654102475,0.165285816444342,1,-0.65343101232283,-0.0256772184931261,0.163645649784192,0.725485089990114,0.0736732227420245,0.61975125895164,0.0754947739241389,0.680991217200591,0.075492838772621,0.601935992249897,0.0975136375683913,0.733267730550719,0.110395762463238
1.07339142888512,0.0689674119799875,0.932840024573534,0.0859255784877047,0.25236634748336,0.0432120725352405,0.827920112613926,0.170528742885442,-0.273297780251727,0.0506691885243265,0.207781633395617,0.162163512204642,1,-0.597896714216911,0.166649007378406,0.151467800298655,0.623899993879123,0.0692069040131077,0.712384138307588,0.0714234794223507,0.682027194745226,0.0811822453961657,0.654095773952725,0.102474677034109,0.765800759167641,0.106825818497589
0.963565727665358,0.0608691447749315,1.01459252893475,0.0888983525945537,0.202865207343117,0.031570940326182,1.0563083450989,0.221989867989687,-0.260228277251283,0.0507420514417486,0.373750492602709,0.135649581568148,1,-0.562154053587728,0.00547325939710754,0.179159387310871,0.704240899904362,0.0719796944442592,0.658122912278187,0.0716160594696795,0.673032307764967,0.0767246900686982,0.622132283672724,0.0822995062368547,0.631488724076789,0.101698549860944
0.958827788616054,0.0588838751774079,0.92501404414923,0.0862116416031006,0.238615390797728,0.036939366977242,1.03948036100385,0.192949444043758,-0.310696727403466,0.0527709478786257,0.391728445673088,0.139125735330462,1,-0.623848748685716,0.165932481821791,0.153574767954941,0.597685470593018,0.0705348958511727,0.682264133020282,0.0597033467497406,0.717049536665444,0.0706317214183621,0.725968887202632,0.0830772297217664,0.557773220434359,0.126728676973902
1.11389834543301,0.0699093385668739,1.01587390630076,0.0936710325098905,0.279039351396174,0.0409120913999491,0.9530815780397,0.207306109055845,-0.295217996543923,0.056364922643251,0.140256794427756,0.152036549616673,1,-0.572459891783166,0.0725323724015127,0.154619054833309,0.691465588243516,0.0690864659602086,0.786693526810195,0.0683151541229956,0.720398381652536,0.0783722203249872,0.696907507573611,0.0893822448777785,0.845452887057057,0.103053665332784
0.992782207798018,0.065095893071789,1.17725438811929,0.0963076845968654,0.277616508469479,0.0448196874911298,0.887588057790886,0.227741836411211,-0.26160479431146,0.0593129894047412,0.207378177323311,0.176073692045307,1,-0.527008147899577,0.0141991242400581,0.185567747919508,0.647187174860522,0.0893296391674219,0.702709812453624,0.0629834121376989,0.697926911107432,0.0796115134708433,0.667097567923383,0.0981667921662509,0.661680614126274,0.101622287439496
1.0474828642495,0.0614409464507193,1.19406428545177,0.101756182408652,0.285103895801916,0.0432690485991912,1.38518055082266,0.265470172580554,-0.24198268102934,0.0648976990641381,0.389148693134757,0.136810763207839,1,-0.385060983506769,-0.0190615438019804,0.168717372842921,0.807753453486912,0.0732978737406333,0.75663803820184,0.0701004854240321,0.763225592967307,0.0759765567433425,0.676734489441833,0.097241125919561,0.738860835222666,0.122308967131353
1.10855092732897,0.0826897322160561,0.98529553618933,0.0944523968613769,0.327071471216222,0.0555869211188089,1.10416606186358,0.265012908618479,-0.297792507473305,0.0674146892356608,0.0239398338831176,0.176117739258882,1,-0.495536030056359,0.130796164132354,0.163721909331742,0.782930622211574,0.0753786497016956,0.665091729768133,0.0771374969143206,0.837071663076175,0.0807274885196467,0.819924941017509,0.105055235614187,0.946391895274196,0.116593538505037
0.985302011355991,0.0669706095500703,1.10920857042284,0.0965309929402376,0.258673368176268,0.0406505591702687,1.14027692991933,0.24023872410175,-0.310025641972117,0.0610892359728628,0.314983512446715,0.206971894892509,1,-0.570842878681323,-0.127711336730495,0.171022488717821,0.717933983066102,0.0733301753009992,0.657383537742199,0.0716624475659351,0.701017550008803,0.0816172031282851,0.744584850144109,0.0897494876866902,0.666205196868283,0.120668542874587
1.07435100581277,0.069925247380083,1.07890381548922,0.0922204875705481,0.233081078488947,0.0379534249572529,0.993289724673977,0.208825335928366,-0.304195655914191,0.0534100635695051,0.576257021290904,0.102623730139581,1,-0.632210241473119,0.118069746752173,0.177572899208733,0.736451624323147,0.075447984428153,0.781443447582195,0.0687021215086459,0.662967171252087,0.0830416548766607,0.673731315461617,0.0851664931841075,0.817283959863292,0.115152856675515
0.970471291123916,0.067054379879204,1.00278779448905,0.0944856340453025,0.253430999890362,0.0393568079722025,1.21456215728635,0.265067099435246,-0.329625482097221,0.0663129875750385,0.046748041156311,0.177774394476908,1,-0.594129390573931,-0.00948124201656136,0.165843256757867,0.682946192263205,0.071311574159565,0.753275868201773,0.0710377700463987,0.651930901001332,0.0873609105444136,0.758299921652013,0.0892943188277407,0.778343149654214,0.117118914571253
1.05844651598035,0.072672700142729,1.08755208482554,0.0996276646338513,0.27828712469941,0.0444687723505232,1.16266735329754,0.240999635530996,-0.339300525789294,0.0660156510157716,0.282999225191123,0.176305229096499,1,-0.596499709934999,0.00561983522909361,0.160771358598811,0.740104850497863,0.0760450557516769,0.732236400097509,0.0755738076163891,0.797874603095784,0.0798232417891706,0.795416275041781,0.0978958208628642,0.662787309506251,0.127308243250413
1.04597111053451,0.0627198504128962,1.0978799544221,0.0849804587900287,0.246375568784281,0.0357483625535802,0.942102719434161,0.204764015861464,-0.254526135831444,0.0573035361812579,0.520768237501662,0.139063888054943,1,-0.528304652758173,-0.0618889230214174,0.194206276668167,0.763994152373382,0.0778417490982296,0.727654556833055,0.0616292812379447,0.762493549362164,0.0662848283804679,0.733097592612978,0.0841508170341265,0.828952533854579,0.11645750749949
1.01903340457108,0.0647705416715288,0.972738644116361,0.088799855374197,0.235437356183479,0.0377697616250149,1.15254743124834,0.213846088533926,-0.313323145889975,0.0543691305238431,0.339221874618752,0.156168075853375,1,-0.601485813582622,-0.0329388852952452,0.161365875781558,0.653395428442596,0.0724451628714965,0.689293740339073,0.0637006628719454,0.668462353510178,0.0773096613328593,0.751424127427294,0.0818572759947684,0.720646520757139,0.114979130934105
1.00601785209019,0.0685304746399607,1.08219452635962,0.10242051382388,0.311650521028202,0.0509980964576863,1.65804724000023,0.317534679373678,-0.409058984088096,0.0835573580163059,0.301985443444734,0.164763214890983,1,-0.569054100021961,-0.000139108365705359,0.180996625925258,0.771461890654982,0.0762472789490393,0.727078527762919,0.0700811039019019,0.644872619840211,0.0848986307459811,0.760456053075546,0.0989175164039366,0.724861735918381,0.120737007564406
1.01784076620027,0.0634422490765438,1.00795746511403,0.0986364453522786,0.309346467426939,0.0500894756476248,1.34920405241633,0.262656299742196,-0.34302744172196,0.0707266440117389,0.236102706345836,0.179883478134892,1,-0.530966920826537,0.0676256083554279,0.181068743450547,0.722808413907024,0.0710785365603768,0.666602774545693,0.0704656142426342,0.665349756561584,0.0772714077993121,0.821780335804482,0.0971085931132385,0.631664721176729,0.131844335790134
1.12566251715452,0.0803402060129301,1.09943484054108,0.1006111490068,0.335287775083917,0.057285371459236,0.92467823979831,0.212747719637312,-0.260955532564231,0.0651581843710927,-0.105240392264504,0.160049504821942,1,-0.468664793933862,0.214624217821797,0.159718254830751,0.736199864502321,0.0797661818727867,0.813977355992255,0.078348552270672,0.737816506674595,0.0905946155691514,0.822461443840381,0.093407467388521,0.915269564924645,0.105039598498941
1.06109306197034,0.0728209650368401,1.14950711979744,0.0974028812444921,0.2982319922837,0.0489370232477079,1.18564057600566,0.2635359864837,-0.394233530172068,0.0772735445254621,0.188340871257375,0.180544444573796,1,-0.662979221291689,0.0635499611607753,0.159469840296896,0.749374655326294,0.0708142715047189,0.802858386074555,0.0700095789159192,0.707718984653687,0.0858153932595803,0.704705835797613,0.0999374120818784,0.706164780121353,0.128578860318699
1.03183032159249,0.0636523167673896,0.94961317488442,0.0879970330898277,0.225463305713486,0.0347715403796526,0.986555963381154,0.221575102607756,-0.274452041971758,0.058158858158,0.258065760180861,0.152831744676328,1,-0.581925874865755,0.113994172868375,0.167661267049726,0.747731515938687,0.0744868352914953,0.767724166212726,0.0700851508027995,0.702774694254767,0.07530106135829,0.715492428117187,0.0865718786281974,0.381560122245317,0.137480651890718
1.01444794880187,0.0572248801343696,0.881372445253007,0.0860213703789289,0.270899670403413,0.0410248835090459,1.09922113163864,0.239809688191237,-0.369430119569782,0.0661697484150701,0.279458577577824,0.145875752363502,1,-0.676995103847723,-0.132034422476986,0.153263748819737,0.727766287708437,0.0698492158892969,0.665790722440289,0.0658027309618264,0.736329060184658,0.0719495361424197,0.833048801223354,0.0827624126146558,0.68917023155707,0.117480877772268
0.984823844917366,0.0661418646882212,0.888951592536442,0.0827912998770802,0.241786380581827,0.0352671620976271,0.938330271299893,0.179456901350062,-0.398826326188825,0.0616662543844473,0.152304168770898,0.140492376903462,1,-0.837317247844793,-0.110703297722344,0.180265852702988,0.726427515583508,0.0774823221784243,0.647562793437866,0.0631088264595039,0.722430235568072,0.0819666155350329,0.59216005332501,0.0928516325544584,0.61223374581398,0.111583629777444
0.870308130119131,0.0565372582089085,0.980102033476423,0.0777924600203131,0.247714220696757,0.0375817832959551,0.792817722448223,0.152145278494371,-0.305983311446574,0.0541546717414342,0.517589134526453,0.115980587056221,1,-0.690455345032175,-0.547132406292749,0.167481843390766,0.77407592022707,0.0654887547873436,0.62577160554141,0.0624997359035606,0.682721202874728,0.0674191187543859,0.694240998951581,0.0899241694659726,0.764098951421627,0.0937422109247433
1.10179278170729,0.0722204099809322,0.885885766878244,0.0905756161920222,0.310623671254875,0.0507016697896951,1.08249240905053,0.226693664608462,-0.40306774568367,0.0768787563098054,0.288379195537493,0.139827926630472,1,-0.695101686883574,0.238575606264534,0.153722262916726,0.641917307648489,0.0653344356689416,0.767115615137304,0.0686862169041503,0.570113651553066,0.0864531620842107,0.838894523290769,0.0911501665979028,0.854745485476162,0.103770299178722
1.00419529612186,0.0635232697789964,1.03377385870128,0.0924308700973051,0.259198851979769,0.0397039043316484,1.25260350537475,0.249353076058096,-0.330324625850813,0.0670830371964891,0.465696968399379,0.139326158273181,1,-0.579719092324652,-0.0186076473905648,0.180520007419999,0.7218799645226,0.0702476796680261,0.721095406237399,0.0683501886293318,0.712116885105224,0.0838370989169729,0.570913360323189,0.0889731548137429,0.678152878392464,0.10521572364466
1.03043511447723,0.0652203409770426,1.06467057313856,0.0940742076675028,0.253912443380134,0.0429983170912672,1.18483776547577,0.237289262993396,-0.3552508245521,0.0652297454894311,0.361866916854136,0.155010463240563,1,-0.647684729912545,0.0213290806319753,0.166608913401942,0.763058548616659,0.0708867850866488,0.702167256069484,0.0648877022522052,0.660331407017184,0.0872094515501574,0.725123117362676,0.0976447517536057,0.671565932149423,0.123891716381638
0.934054125043857,0.0610797448792701,0.933581505127474,0.0848007282289168,0.238460805409277,0.0354416838410369,0.816932462600515,0.175945919418361,-0.273893496935904,0.0480179319238996,0.185455858638043,0.139782808562015,1,-0.620554802018132,-0.116157261050586,0.149338983112907,0.72939753878818,0.0647431790376163,0.622470300013598,0.0676932316872573,0.628236209313043,0.0713249912477304,0.46892650096772,0.103780591265133,0.719323981463247,0.116738800778458
0.986627889064753,0.0602315800511413,0.863542977931719,0.0841763200903141,0.235198117285295,0.038302364500243,0.951249153982183,0.192343422665947,-0.262319858983087,0.058645762854457,0.377490643489116,0.1616514521056,1,-0.55458370899402,-0.0158221473394058,0.159607430533885,0.583828173446304,0.074179255671745,0.722192161903776,0.0611140101660121,0.631194246148765,0.0713602946355995,0.672106426065063,0.0983102159606512,0.797510140277868,0.110911627468035
1.0099084091986,0.0621985085300523,0.988316005247605,0.0876233411098768,0.274610388972845,0.0412516495577485,0.787790684158903,0.180719936598523,-0.301643741510393,0.0563099807146502,0.283163586752008,0.157972577880725,1,-0.648530517081848,-0.0525803790647421,0.165390506172266,0.739530937307428,0.0671117893267853,0.690647899317919,0.0628545404549879,0.681972776841498,0.0719658202205293,0.860374279706659,0.0959620407468107,0.641360552428176,0.128227787066347
1.02258634292948,0.0690149569584895,0.987246907014337,0.0931818547630907,0.256920866238283,0.0410286536768282,1.31631786534951,0.254901977438806,-0.393354999743011,0.0717891982248189,0.289675776123816,0.202293773550745,1,-0.676401556026191,-0.0652649166090433,0.198405655285248,0.747926621072441,0.0800384600732709,0.66211087833349,0.0676462096752135,0.730195797231406,0.0700713200736312,0.783056144735302,0.0889505237535603,0.59273620532427,0.104382006312501
0.953338751339391,0.0602853815049621,1.0050414575234,0.0908137551449113,0.208009242607467,0.0328379863191752,0.973500735562881,0.219605740448206,-0.238886105811448,0.050194419060078,0.352676311909624,0.163159425416067,1,-0.53086174772698,-0.140546082209391,0.16524769633952,0.729802021170785,0.0757052444187279,0.668654795753565,0.0664373266440227,0.608271385191061,0.0767337853674731,0.744056651132657,0.0915584155901227,0.617342710067492,0.122388993613911
1.08424428183951,0.0654405893720526,1.00785378989126,0.0859391786055453,0.268678408041648,0.0408970547804014,1.07790874255297,0.210427500577868,-0.420579968867151,0.0638814494744365,0.367003124238609,0.155033557970476,1,-0.781521993079756,0.233521918406739,0.176334911894827,0.803959873076888,0.0666907971417555,0.740233402645265,0.0652180889291972,0.756733612715645,0.0701723710085322,0.686112692608774,0.0943161737019387,0.802040924534662,0.109058807664625
0.85928395071096,0.0537784057707726,0.855219850969014,0.0757599778834384,0.234011291780455,0.0355343657054977,0.729890365493921,0.166213480934946,-0.272942877708762,0.0510587361997737,0.20384936060184,0.133835144782976,1,-0.660426579606385,-0.368502187544188,0.143569188321267,0.6659360443887,0.0679624448668811,0.605278585581987,0.0604188371673915,0.660485200202151,0.0760746060918984,0.635876478249375,0.086645524873162,0.809339669932485,0.115511165584968
1.05343974231897,0.0702701167578191,1.04826334798445,0.0999635338607872,0.273280941768498,0.0411627005382536,1.18217222619152,0.241832750049132,-0.302502196177029,0.0639284520386588,0.0289615161548575,0.181239638598201,1,-0.532210554799934,-0.0681658624692533,0.15928486103395,0.709025202151504,0.0689278267239563,0.794421518213895,0.0727607545022481,0.763456435537384,0.0834623752066266,0.764044926353118,0.0975131805219038,0.714927189426047,0.109749809603988
0.963644430158152,0.0562315151600402,0.980978282934464,0.0840170042285325,0.203336139331023,0.0311473949751591,1.01621705696371,0.198341646492385,-0.332414325907585,0.0512538743058701,0.401706432617046,0.128513456394718,1,-0.731272438500587,0.186229906027742,0.152710804230286,0.64917100965493,0.0699307628624719,0.593426498797025,0.0679763290551797,0.650654535906289,0.0785607939084642,0.611998250586997,0.0854361157038442,0.569402885270793,0.0984561270908062
1.05314729175838,0.06312021156304,0.994388047218783,0.0844363014356002,0.254740172818325,0.0351743791082196,0.777866161772613,0.183630921646416,-0.324272115010468,0.0596833149633848,0.143164712349512,0.156958000164766,1,-0.728464588188419,0.150915156306157,0.148607514829924,0.684199679191684,0.0710051775245081,0.737202440023969,0.0623637047723938,0.751472687366759,0.0758714663890919,0.663383126273992,0.0916846133796105,0.664238580105902,0.115356410977593
1.0905357364769,0.0631694545410819,0.96995435492734,0.0811753573575004,0.246861459391918,0.0412548730868886,0.910479130889288,0.188020001155456,-0.294031269013469,0.0603320464631681,0.309886686126632,0.158614727114865,1,-0.62020016058432,0.222086187969006,0.162620048172362,0.690945335487145,0.0740958695096736,0.699917138685586,0.0673785897417341,0.744361271004093,0.0751644373181813,0.605931208646713,0.0847210443803246,0.795853444488102,0.109648204381445
0.947316124223603,0.0640556357681549,0.941676605059017,0.0936555841583287,0.287007679127869,0.0450300571214017,0.994291819440926,0.20428682737514,-0.343412640561945,0.0640186804032888,0.135945348351417,0.150029838434113,1,-0.642854347635113,0.0263101669854359,0.148167176108777,0.605062107894233,0.0757935531546119,0.707020883823534,0.0681388121808779,0.683895150793905,0.0809909019330368,0.596970043590138,0.0997592400375687,0.729679687437939,0.109137215927937
1.05143953519278,0.0726188019055913,1.00890639642346,0.099433123725559,0.284990618094179,0.0442176673472284,0.976531560007647,0.227552142317168,-0.307657606910598,0.0655054051213203,-0.017166869105474,0.167983322987577,1,-0.583188879644268,0.23023553331519,0.153390168536187,0.625671851662807,0.0768811462697822,0.795321256925002,0.073232588543816,0.655923774644738,0.0868196562860779,0.702870534529787,0.0971844844709985,0.659990960780509,0.120504309616334
1.09934480756419,0.0737798878357971,1.10899018644246,0.0994042423403204,0.270786303743419,0.0415833082568602,1.47254358711956,0.272632290547526,-0.432897593106875,0.0669676579950207,0.384285530467976,0.144094514524289,1,-0.685547805139066,0.120768727170485,0.168273018219931,0.793169014430507,0.0787221429935823,0.715570548300799,0.0670267673207954,0.71635227563656,0.0825782633706605,0.801745608858319,0.100698019632186,0.762549611619151,0.0999104573352575
0.889990571375082,0.0583057525534835,0.949330610741093,0.0790587010539703,0.184943561012352,0.0305541901134007,0.563459244519022,0.135912685971292,-0.156010500840923,0.0452893596840889,0.279957381627069,0.153685112964807,1,-0.483284613958566,-0.0266432698667555,0.170490004868138,0.526864664578048,0.0768416689407357,0.638760480307771,0.0663731510697267,0.625768036781881,0.0728723088504424,0.733405522448844,0.0890245031081427,0.562628734268298,0.126762155465828
1.11971076247916,0.0775248842926663,1.04696606479306,0.102377785506535,0.29539859890761,0.053542527825471,1.21895871035459,0.259132128963578,-0.293037320888491,0.0662766019188045,0.102685759874718,0.182808715981736,1,-0.488342162498758,0.173422603978019,0.178242647479392,0.798447742289581,0.0781093299772254,0.762040184104072,0.0768475579234045,0.775237802114988,0.0838742606280865,0.795774716953219,0.0976558748510951,0.715829299644716,0.123634187869808
0.943432944494087,0.0547567513829122,0.894126082909407,0.0774575440413937,0.214072151083052,0.0325494235289954,0.635024129888103,0.166853570722645,-0.195188282968699,0.0469749913086599,0.307902799260609,0.161924212553464,1,-0.529393424997807,-0.0868364624137551,0.15251849137473,0.587711470262359,0.0698353906204365,0.682577692737523,0.0656094289432904,0.715902721017764,0.0678824908684283,0.640686171268928,0.0921807589361337,0.564777615938026,0.114704741383213
1.00023806417593,0.0733639664719305,0.997286245517101,0.0926130542489394,0.340047335497639,0.0528033506712124,1.10419419926105,0.246099860012511,-0.457427773616458,0.0843607718014794,0.232177853129814,0.164238704043017,1,-0.746500514447177,-0.0680097837463594,0.174389085387153,0.720766386623714,0.0801532366896261,0.720139844632296,0.0682381767718285,0.731010485451576,0.0780148355080786,0.777244164727394,0.0919439114844313,0.787495242912576,0.130464885428376
0.966351895018502,0.064706194488542,0.896233840767105,0.0838725478167757,0.190329051659285,0.0341560774774613,0.866088787574855,0.190842126950549,-0.193104313626211,0.048705897421974,0.230350834585438,0.1693759248049,1,-0.475617937566651,0.275890613906184,0.157494308881346,0.422119024277537,0.0774432457866875,0.721509502865771,0.0693095187123327,0.681881145133505,0.0748074234162614,0.792753655516128,0.0899641303785432,0.501002795746804,0.131156295467359
1.00318780127269,0.0706266992375829,0.878669329218041,0.0849682861119658,0.268048327119887,0.044380623935626,0.826859107075809,0.207262387774691,-0.286438876563855,0.0553246076760752,0.247599273459785,0.167932703997491,1,-0.608428647122061,0.0891514579464391,0.165754061445948,0.656213325980884,0.0730427644742739,0.650550623231379,0.0751007638430719,0.635342180315949,0.0803948120376399,0.761868653063268,0.0911295493509831,0.629401864155267,0.116254600004666
0.920524620838641,0.0562969051164015,1.11049681761302,0.0846535437364978,0.233685454602396,0.0365489198800669,1.18538646144515,0.231126228049873,-0.390117348260861,0.0652212792932646,0.579557903752123,0.0795926353341027,1,-0.741223946567355,-0.298017165811975,0.154260881286001,0.815376049371591,0.065581673948475,0.643831856742921,0.0671813867623666,0.589480640872672,0.0701395413101236,0.771016983593814,0.0795726460442241,0.659814968714247,0.113414579433015
0.953120275386746,0.0592443275341483,0.904319917903232,0.0815985394524388,0.179683131673016,0.0314966533984318,0.776106454257316,0.163975609848213,-0.225060049760932,0.0464898392475001,0.487113655123527,0.113304974445705,1,-0.602676293782713,-0.0141357894391454,0.181417195095611,0.712113230919328,0.0763207682548882,0.608740305922159,0.0659376544538073,0.511147541134209,0.0777935509040473,0.5945544700096,0.0942167178972114,0.533814921163391,0.108895483175199
1.06945095082147,0.0779744987710443,1.02595866729453,0.0958316842964904,0.37776201169596,0.0582313041519579,0.899275703661201,0.195583878419035,-0.331167309874197,0.0743538589247323,-0.118318023424417,0.146084539965559,1,-0.568187779854223,-0.190777525005295,0.167162146957197,0.857766277291227,0.0752550156071848,0.773634349382151,0.0746555835679358,0.795342701491545,0.0879418704185094,0.815152161013571,0.0946325265431224,0.897129688343907,0.126627678250718
1.11954438513376,0.0791300634900565,0.939202520683997,0.0962208829934057,0.30079416419952,0.0467189272167702,1.04633004138153,0.224433176273831,-0.266421417846175,0.0618934921032914,0.0274861512264242,0.156342648590548,1,-0.474897720347532,0.0383933362024945,0.160625112171481,0.751793974188258,0.0744852813844883,0.838456593013447,0.0725232913493569,0.835135861134404,0.0820285133473282,0.807670749135279,0.0988698166601899,0.772469451017647,0.109536510482148
1.00681709352544,0.0654155979343958,0.948782156977398,0.0861770065968847,0.244215508405596,0.0387152825961982,0.974953322235233,0.229186431266988,-0.314849464908722,0.0636368457384827,0.316268904102036,0.171851245707216,1,-0.645244673400672,0.0544283567164657,0.167114791611741,0.707379962135804,0.0669895323455757,0.673165610883043,0.0650439080070471,0.532952145709816,0.0873982780911814,0.76877574409951,0.0924127963509331,0.701281012568982,0.107520949157769
0.946602841541268,0.0669953865918379,0.900834225172557,0.0880918600085191,0.246816580761149,0.0394083378615932,1.21683057185998,0.237333921504633,-0.422016906885686,0.0657179833757575,0.289176792018014,0.164861389827935,1,-0.770065431205434,-0.165649953132153,0.167050115082791,0.659291550118065,0.0720506078010792,0.732316953684521,0.0649073083855239,0.582498187170803,0.0802408560911285,0.800006530708895,0.0924576171441833,0.619997011869025,0.11208140745053
1.00824306650341,0.0652176042900101,1.0891622258451,0.093109836181578,0.222638277966039,0.0388117507765318,1.29155806127606,0.263353947114909,-0.365798665247105,0.0655035652957742,0.358973466565073,0.150246774914536,1,-0.682158401260961,-0.18291508783603,0.171542677254775,0.784765932787235,0.0754107889644362,0.698814280376579,0.0599183757135123,0.725924981431513,0.0838159240428167,0.781048329315874,0.0914929236192349,0.473787652040061,0.122287272773177
0.907667816284519,0.0557243648227491,1.0726120097008,0.0895084112008982,0.224345662784243,0.0345943396328543,1.05297161486357,0.192780718139581,-0.257898103736418,0.0533014514612055,0.30628064101579,0.130671264592005,1,-0.530616777747762,-0.252972617254116,0.150420342141768,0.63895509124986,0.0724261419314478,0.737777936695772,0.0598067647592087,0.585008311885128,0.0733812517885957,0.700386888305171,0.0937884618249697,0.602656857576875,0.122964576092949
1.08516551015531,0.0679541766187946,1.02943427450181,0.0918068639733776,0.200746950908774,0.0326284696771327,1.09175046564534,0.205746169411402,-0.307105492364128,0.0536950404609591,0.557628622584725,0.10076548826103,1,-0.655996333226659,0.114826927485517,0.170751301417494,0.862485072646781,0.0712325219062074,0.630470706116123,0.0740419345424623,0.664155397139175,0.0717173406370072,0.704902405632566,0.0899274385939106,0.751677645194772,0.0975792635730759
1.04102389520451,0.0603320617557899,1.03841169506495,0.0851522782021691,0.189388907770724,0.0323900267777861,0.908264006516487,0.184763834828955,-0.235839529571151,0.0495715358713836,0.608554676758477,0.0815336445908358,1,-0.568634595183229,0.147139484127613,0.173029974933995,0.666184669933576,0.0664864459310033,0.705143265342016,0.0649951140098599,0.713667386865283,0.0704196824350306,0.574918510971388,0.0880882466282674,0.415430238728824,0.12744976763668
0.99806722463238,0.0582634380827751,1.09689927458719,0.0863148518779072,0.255247859568068,0.0401844896156884,1.04424824022497,0.214207781772846,-0.219706234256321,0.0626586663420952,0.267140524128775,0.195410171121933,1,-0.425558676838092,-0.0410440238282832,0.159896748601816,0.703858663540299,0.0737627585335518,0.654336590463393,0.0719804609886378,0.781323590784129,0.0742240212794815,0.672660716873801,0.089899369676514,0.628191009313088,0.104556852871647
0.995507735702739,0.0652039952195988,1.01328652754253,0.0927371236216908,0.243571179879583,0.0418269416998495,1.20162134483932,0.243454676995557,-0.346277043835757,0.0654180968771488,0.316119560932093,0.169998995787364,1,-0.640069206899575,0.0828001686135642,0.167446322796832,0.684620013863355,0.0730142782966951,0.697465631769672,0.0669301245679676,0.716701095368966,0.0774530129297364,0.746964200499313,0.0956429412540311,0.724889901009912,0.108378159571561
1.01140909142952,0.0679431222113725,0.91638775588994,0.0907450734409464,0.244417946015345,0.0393377921510601,1.32509023434311,0.273790995901649,-0.368363549837071,0.0712738920023089,0.179720180512161,0.166708917167862,1,-0.647272830557468,0.043085696383541,0.163760020974177,0.741676286938711,0.0708927092524788,0.59703316749849,0.0709456333281451,0.717925257212947,0.0793479251663899,0.734799650511697,0.0883899641727442,0.728583092869377,0.110445614611582
1.07437158564279,0.0660561829043224,1.04432484051267,0.0956397892907439,0.255918997679319,0.037878907799104,1.25890540152313,0.253914771775993,-0.350934806372982,0.0699238196089129,0.476123392676377,0.119704747740392,1,-0.618270653420797,0.00405128942726544,0.157040315350479,0.620392144411264,0.0802601174511911,0.858439713588324,0.0631006179603429,0.774640981344711,0.0746749121836018,0.623004533278406,0.083322341120444,0.671094101963014,0.11714784313748
1.00790212970557,0.0685826511142598,0.972088829156954,0.0903595273763273,0.265825433893688,0.0406475991960118,0.966330805388263,0.202054004886275,-0.277719775425463,0.0604987109469268,0.105906985461395,0.187496671840442,1,-0.547955925185386,0.0298188723118049,0.172143785261523,0.761272800134188,0.0760350646248669,0.690601256174007,0.0772073940156076,0.607525243019213,0.0841910617700782,0.706643744691631,0.0970982797260131,0.590821447354813,0.110432176110523
1.0281745206066,0.0690117008280026,1.07111346202919,0.0881416729765855,0.291053181415181,0.0477797339578646,0.8777455437488,0.205496179507967,-0.256526226648879,0.0566038967721986,0.323313116715404,0.196776965834665,1,-0.507529488782974,-0.217300040464067,0.177059084821293,0.770636747006381,0.0755475655775489,0.765475987898845,0.0687110759776899,0.677085700781479,0.0787324832408136,0.796544519692904,0.0948755394827242,0.741459226032977,0.107953873823169
1.05463897600963,0.068760669355264,1.02618157578412,0.0937439314965804,0.29470788537654,0.0443214327899972,0.946763256116604,0.212307023406243,-0.232892224505846,0.057309550746823,0.237941894673806,0.192916824690913,1,-0.440898289251441,-0.462821721515142,0.176105752586973,0.847113992570894,0.0716301593027508,0.734363736788961,0.0694799389927251,0.721243828973673,0.0772219976078172,0.778037053407312,0.0875679987631032,0.934229910784944,0.0881908137138034
1.03986087841833,0.0651876277764949,1.05841249852473,0.0925730714189554,0.258729934264338,0.0426521188683535,1.04870905568209,0.24048806202444,-0.287848902613675,0.0613375672297439,0.371380785257892,0.152659828232125,1,-0.552603625542069,0.0788622881649322,0.173492797617827,0.825305173344955,0.0692821022654409,0.674325008842057,0.0671774074267934,0.761643048454406,0.0711088033690626,0.787402965082555,0.0879769100301617,0.828270195102076,0.111615808761864
1.06916434170702,0.0669477984652387,0.94633744125651,0.09000740372204,0.261993443277986,0.0401242525905669,1.03258005560121,0.22913198234951,-0.316704185572726,0.0581952086946409,0.146621534809589,0.176423007559685,1,-0.608901053626687,-0.0714698006810629,0.167071211218223,0.729226667169167,0.0740802242870593,0.782762256438419,0.0691370517202145,0.664949823791729,0.078774394871889,0.796220300752217,0.0922167560659854,0.748259144029056,0.107249873748667
0.955921511982583,0.0544420926069566,1.03299370286776,0.0823323609199471,0.235956159818201,0.0366730955282731,0.89366700266564,0.188838424321352,-0.28785594240993,0.0555486127470384,0.387041287487768,0.126553407204138,1,-0.626861616598659,0.113020074904131,0.152615044180271,0.610073573889587,0.0768313994721034,0.637192223734822,0.0625838041175713,0.700058499095698,0.0662780611425104,0.516454695546879,0.0871389517498236,0.629843478135761,0.105858753670893
0.994768765125286,0.0572894434846996,1.00098099091521,0.0824158210719573,0.203853158326486,0.0309194481418202,0.773864372252438,0.198468797509197,-0.271452908342629,0.0549553116453468,0.495402121323461,0.111671708085817,1,-0.683444653541654,0.548191175989017,0.175545507069032,0.572466934469251,0.0776915090214127,0.60275462206819,0.0655057893721249,0.677585003597603,0.0721827214538782,0.676645245889547,0.0793592567501238,0.641048137852737,0.106806141246562
1.16749856832087,0.0799387603614395,0.947783160236938,0.0975440158609682,0.300831156390088,0.0475592302180852,1.1089332657039,0.271980053061387,-0.363797750188285,0.0733944618077825,0.0423564261808349,0.169551930541224,1,-0.629862708807576,0.202215659695701,0.175695321070063,0.765707757562246,0.0804527731446423,0.730063909474402,0.0748011116244258,0.820519365768531,0.0824784099090569,0.639153867476384,0.0918759670956113,0.818910493102171,0.101672239173316
1.01280446117808,0.0630962666391984,0.807166174399117,0.0806095844884318,0.269764972832665,0.0392234932284478,0.769598752945962,0.178780295693357,-0.259816428002887,0.0495844768398234,0.17029477236211,0.156303824428813,1,-0.570218956081145,0.129827720021089,0.153974021666087,0.655725663054483,0.0683521697520523,0.651482347222449,0.069035781969247,0.668002627007681,0.070749980599392,0.708688751059396,0.0908655857549533,0.746110301833809,0.103169418558101
1.07658507332385,0.063551839811866,1.02929575732265,0.0977850505215674,0.259731655954675,0.0370223541123678,1.10077740114312,0.267656151073147,-0.342217185005418,0.0670863579008686,0.359690564632018,0.173344931077477,1,-0.640014214871497,0.20911529972889,0.182294294355286,0.675907652334525,0.0820526851795705,0.760832958835997,0.0682850360668064,0.756601948707183,0.0690150549087979,0.694600154399238,0.0952136778925669,0.784571667016709,0.102637830965459
0.972110478516131,0.0601386720508482,1.01375101684204,0.0792452447216817,0.233239895077794,0.0371649587906015,0.843960149589062,0.198236916398555,-0.309511095331429,0.0566239085028671,0.225683191981146,0.181394688523889,1,-0.697611824525928,0.017104250357356,0.161781048988036,0.689099659623977,0.0665336815515823,0.732553227746129,0.0667468721360183,0.562366419590815,0.0761975845286703,0.602023233931449,0.098744605843337,0.59904410656662,0.116704650124156
1.07735700525773,0.0614275436505843,0.980133724608473,0.094591943381505,0.241019475356875,0.0394591758755035,1.23799480671144,0.228460400152153,-0.349394260832029,0.0671404775192267,0.445296351537297,0.121265278339636,1,-0.639632153641959,0.111220256587043,0.161794826934198,0.699791083054929,0.0666456285832915,0.750749683666623,0.0621392064561998,0.750228992284204,0.0795348420472126,0.685528196634935,0.0878843028803885,0.619319323208394,0.108544990271756
0.999069980670533,0.063816170759843,0.968431785422141,0.0880547952007725,0.265533808878943,0.0401219024960356,1.09520582380405,0.222475003863006,-0.412678147196796,0.0674188479583485,0.390798545840551,0.142149598142702,1,-0.765250614829203,-0.111688684260266,0.164982314489608,0.773094202697584,0.0687116529773677,0.723746914499418,0.0642739655901796,0.753558660256091,0.0760089608619882,0.534082671016132,0.0995300750966129,0.717429964543687,0.107455683183226
0.959579943632249,0.0551988519160846,0.926046563402013,0.0746998821857508,0.258579831920532,0.0347805396093971,0.81243428352684,0.179902989376812,-0.344604155886771,0.0549117744118803,0.444943770699762,0.110625334456021,1,-0.751846297597483,-0.120453358311868,0.162900415103772,0.623274207243632,0.0756226654881268,0.754442937442387,0.0615339887582141,0.591778697748551,0.073820980978364,0.754413327624657,0.0812598623134177,0.47768829238755,0.109912081723963
1.04886165136931,0.065469964793759,1.06438199333715,0.0991409356511344,0.258691352473786,0.0421237461997605,1.45265198633426,0.265603847210089,-0.367338704766022,0.0682673823112226,0.245686483382656,0.171733464311656,1,-0.599231925686469,0.126484968635369,0.160661412941475,0.662805013270898,0.0695518649605858,0.695150017556577,0.072103658961564,0.72813822437347,0.0761175702325949,0.501972696776267,0.0961018541748282,0.807920526450635,0.105233735271126
0.91290850669845,0.0627197629242023,1.12221850885244,0.0884817030513517,0.235231005343115,0.0350925587556474,0.919600279822038,0.188665108580693,-0.266345081965482,0.059370118303005,0.137934229248459,0.157319045234083,1,-0.572661323005677,-0.239643889470964,0.148135274031658,0.652264356796369,0.0687661482290368,0.73467934816227,0.0670575443970855,0.696520191842243,0.0763604205409993,0.587628297580429,0.096608353869227,0.584293972760444,0.120455801662501
1.01793056800389,0.0655664823406522,1.01904701718514,0.0932607282428587,0.243127217973106,0.0368952753756797,0.93766622402405,0.22993236261429,-0.266709660409246,0.0618283497056406,0.0404348873846459,0.177927449070925,1,-0.558595997971226,0.124753886499079,0.155076553794984,0.693513904772605,0.0751783614507553,0.685068064771794,0.0743985559248373,0.720431313979353,0.0757193519919268,0.778552633966958,0.0874926089963721,0.622059736725572,0.112133280178884
1.08919172875688,0.077170400303799,0.989883101227657,0.0980188738311989,0.264918397673396,0.0441659315150622,1.14769365981111,0.236589763517591,-0.25047638293322,0.0613528859810958,0.192526304096425,0.189429340888068,1,-0.454252924581006,0.128696957835409,0.18821298993838,0.713521168149008,0.0757464806672317,0.7806972586751,0.0740086849068391,0.672662367522549,0.0809682294757767,0.68422318308787,0.0974225460605359,0.880993423053895,0.102114980848073
0.996804493754374,0.0692575348821412,0.90337864233515,0.0960970196442312,0.314740404002344,0.0517671469267669,1.15415859415481,0.248150201182255,-0.370308938099316,0.0713469123329189,0.0939048118578964,0.193690569492481,1,-0.614405650083704,-0.0679564318433575,0.156476039098414,0.603598807960867,0.0823894841218742,0.711056650021543,0.0741492635070687,0.744856391603787,0.0803740243033109,0.848377558675192,0.0960861834492978,0.668219815928533,0.127114170413658
0.913837364542307,0.059966242535281,1.15393331459754,0.0924051585086002,0.247739654213259,0.0394028130083753,0.735436932151941,0.180180245160731,-0.256402567273229,0.057715235661988,0.402107302042483,0.152980302514338,1,-0.60069205528912,-0.0479058844877457,0.166385757758778,0.66087348792485,0.0685099139175229,0.698694030078425,0.0688025849996781,0.707381248982978,0.0702009543110497,0.698886166710978,0.0922869500980966,0.841149994958535,0.113264408637059
0.951904840479801,0.0583108088210287,0.925395568974924,0.0820708607667272,0.220429148681417,0.0346681082103373,1.08216475962182,0.227199903829496,-0.330197992631229,0.0622450529184759,0.293588322464302,0.149530228500282,1,-0.676072426192977,0.100111287931464,0.161871929211016,0.576938397928101,0.0724388820944197,0.599515209718028,0.0660314983345938,0.7484322583469,0.0694490993427447,0.667270863875716,0.084956315089954,0.499162536428478,0.126366193220224
0.888059468438396,0.0541640795034036,0.973804648788468,0.087839633481376,0.239330305834364,0.0368237578183666,1.03465802028977,0.214354284273514,-0.276503087459308,0.0566407676904751,0.205460384783481,0.156262141181676,1,-0.555651796539636,-0.147568552559669,0.152277325456481,0.661257707830917,0.0700798949293051,0.62049024499803,0.0704962853582118,0.63859664382755,0.0727771792904386,0.67140967458617,0.087901400772638,0.580623355646891,0.108765275498133
1.00228505850036,0.0681638408966457,0.965640349362187,0.0997914475742308,0.256426919133134,0.0402555038831091,1.19195949557148,0.260158110603251,-0.318046115592642,0.0595550752109439,0.0719758441996699,0.15432610120171,1,-0.575277700295442,-0.141290146872559,0.15495938230476,0.772419953203165,0.0718274548653476,0.638597512004682,0.07341421546762,0.825231527139559,0.0761349267091975,0.574935077205606,0.0983942279903629,0.868511144445056,0.111584971397728
0.96657518957992,0.0563096999977159,1.03597424698767,0.0845890138592818,0.212691560085742,0.0319512703482973,0.881595713264581,0.181053011721136,-0.271237416322176,0.0521660622642905,0.299373859924804,0.153276754165884,1,-0.626382672710141,0.160404174739939,0.153742705054544,0.574890605234231,0.0716833124467817,0.712110083683113,0.0646159627837405,0.65591524287344,0.074335147796027,0.636793191693344,0.0830232456734771,0.72591339269442,0.100017878925787
1.03662191523587,0.0734771827147402,1.02800882245807,0.092417429203565,0.255977521318167,0.0428634469236691,0.911686722588141,0.203376705031325,-0.241618656700264,0.0549766630175012,0.253557732171755,0.164001556813225,1,-0.500157442722855,0.206944590858126,0.162180768384292,0.619140997336473,0.0809471160001374,0.704291963044617,0.0702324542345907,0.788916077789508,0.0782478830980457,0.657487231774467,0.0952371985622785,0.794863442269131,0.105461802630575
