"beta1","beta1_sd","beta2","beta2_sd","omega_b1","omega_b1_sd","omega_b2","omega_b2_sd","omega_cov","omega_cov_sd","rho","rho_sd","conv_code","omega_cor","tau1","tau1_sd","tau2","tau2_sd","tau3","tau3_sd","tau4","tau4_sd","tau5","tau5_sd","tau6","tau6_sd"
1.13664207696891,0.130452623511421,1.1947302679148,0.189014715749586,0.239808088037947,0.0609049922612491,0.639189513034427,0.281664380943003,-0.122619565371387,0.0725513511787509,-0.578909873217143,0.109545636505187,1,-0.313193715257038,0.0454968109389911,0.266262177099884,0.911502460072565,0.125062756210897,0.722011803972374,0.131481464131182,0.678623772649519,0.153863036196445,0.770656437447198,0.174911682508634,0.576073193038483,0.207597362119369
1.00235930900417,0.126828882544389,0.761876293442976,0.15051123474923,0.233893614867277,0.0571963729014893,0.39624260739132,0.229925763312339,-0.266062371936848,0.0883927682476665,-0.703617432738747,0.072771078000091,1,-0.873964292552137,-0.515726415853852,0.342759489936751,0.825649831946795,0.135322402681316,0.823835317793761,0.123928500639069,0.902327141589836,0.125182381718642,0.394991707110931,0.18276038926592,0.770752564602051,0.175476248164946
1.26573850007522,0.181204025073021,0.925629461112284,0.21606069020628,0.379270307546767,0.126758163703565,1.49812583405037,0.68555951140166,-0.45487804531185,0.192852006369823,-0.676078394588341,0.10015282325548,1,-0.603457108686262,-0.133114010982671,0.336048285194832,0.819360894895812,0.168303511124269,0.907594766730399,0.146075971377467,0.832636139170941,0.15918744016217,0.782796703617505,0.210943041763612,0.639223081626966,0.2561972643954
0.882951477010006,0.0975848065419991,0.997410716037527,0.144259158756293,0.171909755124846,0.0421909356611381,0.323057914147711,0.295543119384791,-0.141105146021132,0.0805355750143032,-0.588008568724589,0.0754889664796928,1,-0.598759475547029,-0.111897530365406,0.265160829141764,0.732660605615919,0.134915120333725,0.588743396880293,0.120352478293717,0.705983859004556,0.113456341401342,0.743735556193587,0.141796870013189,0.515129838924574,0.201718590723641
0.900428099179215,0.109463544275367,0.885297825772815,0.139982591718277,0.216197999865266,0.0519349534229037,0.527400726042839,0.30895065065633,-0.322881122690504,0.099820478824954,-0.663255375549627,0.0793179013851707,1,-0.956194975046998,-0.776229062164397,0.304057054065315,0.798607929225222,0.126937161032969,0.755892137229074,0.118481674011489,0.716427351593902,0.140713135691208,0.302220314666662,0.18432902583171,0.791591462757429,0.174023554962139
1.06630892386777,0.140149885253428,1.046326188159,0.209532359741992,0.260683816545117,0.0756335671759127,0.649240483420753,0.323606883369453,-0.248929257965839,0.121282198115021,-0.707079429017393,0.0777099528304405,1,-0.605084618275081,0.0758198632162342,0.35341327638095,0.737892384405399,0.148286479302742,0.812511490564017,0.139983788659338,0.776551904746956,0.153732693964646,0.957407327364851,0.152609420597716,0.362767621870951,0.28849029221744
0.923597234884662,0.104958776841462,0.763125898171838,0.13349353928329,0.134818377973749,0.0333250447125253,0.254780844927907,0.162580189778734,0.00624337653925995,0.0585099405960612,-0.467642984385672,0.106541036165024,1,0.0336869422833162,0.025591129715113,0.272777135262072,0.706760656092301,0.127396631981739,0.500862009961121,0.113718320799298,0.574916570401537,0.139685043861706,0.426096385903145,0.157212188616278,0.442106743850921,0.209034537371687
1.02491060489751,0.125485063193868,1.25960030942921,0.188344094590697,0.186458487879049,0.0537378875664317,0.581204321292773,0.340918287016662,-0.0576792676644576,0.0765906499525067,-0.651500467276239,0.0801743743109138,1,-0.175212159100701,-0.129601414324213,0.284269640945519,0.672205865610707,0.137408084092951,0.696552691914309,0.108726564376038,0.847712784432009,0.134238511155094,0.589511919128698,0.185060023464025,0.590054523539092,0.211525531497502
1.06621829162572,0.126670261053017,1.03207087369679,0.166370196789044,0.312234202667291,0.0695424797764112,0.42554771736697,0.283635859119226,-0.150308047332964,0.105027078320951,-0.660971942382459,0.0741764272882581,1,-0.412351769794707,0.0384282452585169,0.29930037900662,0.61763501621105,0.145034958296775,0.839402336094379,0.110000032557588,0.712160091264318,0.135683239790933,0.590252620699747,0.167471282675979,0.945664751322981,0.196017414948335
1.04432300073583,0.122001618240283,0.9765550806405,0.159423645803154,0.313749503910568,0.066033095753193,0.642951618065659,0.370914389300354,-0.227841121661966,0.103863397580415,-0.61574020710315,0.0919433808362588,1,-0.507284320783225,0.185807120562452,0.322287537625135,0.78968816326341,0.120756346994929,0.673082682832415,0.128159311323551,0.748726819113349,0.143648813529841,0.428909365003874,0.181281252242135,0.323153475609302,0.228014276366759
0.916167320560321,0.133748917104483,0.987246154560987,0.151470275062285,0.299034120889626,0.0789573266896783,0.386828650618376,0.250145890738101,-0.282193656616591,0.112600455559811,-0.636816785489303,0.088144592146887,1,-0.829712356406108,-0.00801899221489977,0.385111447367093,0.828110214043352,0.135950818588149,0.562494641748592,0.148600070313861,0.797934255641098,0.144923699010998,0.72176769623512,0.167558341221028,0.590971787781405,0.246872970151954
1.23003328722113,0.141325163145096,1.01897126298716,0.172560647359381,0.227529815752549,0.0617190003794368,0.36283442838707,0.212614929932547,-0.269719872437888,0.0868586858445139,-0.596359294814085,0.0986423905017269,1,-0.938727505723037,0.606004657189492,0.369109343577866,0.827543527746142,0.141742462534329,0.673501322243391,0.138676777347659,0.793069256657911,0.129127790394852,0.469895239380819,0.170326604867759,0.733335510921178,0.180582200073846
1.46498742412069,0.187892302424897,1.40299104820966,0.222661661838443,0.458964128027267,0.110592810116937,0.369061498009672,0.40511385065543,-0.320917518992273,0.151701509885937,-0.731055822461682,0.0628704061560211,1,-0.779748744941437,0.679155147243599,0.369591487972495,0.827250597011752,0.147515213343977,0.799787213522965,0.135053887369255,0.836614073897084,0.162825958754029,1.12816211149272,0.152848558165727,1.17396278932234,0.163399316469334
1.02442852468028,0.139059907333905,1.13262526658429,0.20467783408673,0.270862936631111,0.0745034417052104,1.2810373360792,0.496000154292066,-0.208884359431752,0.122039302722358,-0.560659673066959,0.1158068670605,1,-0.354609394983114,-0.236375957360414,0.305253852196403,0.78520438579282,0.132691096893835,0.786084573996952,0.122674189467992,0.828654754840909,0.140902856538714,0.54820841547066,0.196700817711666,0.765325618923482,0.186032435167862
0.900833716749531,0.120890251981159,0.64481819024638,0.155495061231658,0.264948025653781,0.0720932418831199,0.62418270802381,0.338868973601228,-0.277165688745306,0.115887609480459,-0.56163376620127,0.102570573271463,1,-0.681558684813901,-0.517064749602037,0.264551136452622,0.764797441203623,0.126778507249044,0.641758195630786,0.125475526586728,0.760696950774374,0.144380139070873,0.884457171956218,0.159295092863235,0.259678778341027,0.290724679649208
0.932355322390322,0.123115908406764,1.0022383874384,0.164793274044431,0.242101473941925,0.0656133593161057,0.815082777942831,0.379513889553127,-0.361565001672169,0.121467026441115,-0.547678028089154,0.103137734716351,1,-0.813929539389942,0.125927149314908,0.285545029700832,0.741547871098421,0.114562759433374,0.536256100917612,0.119864414963801,0.747805004568638,0.138104682980417,0.707260267929566,0.19155847909014,0.881204376259727,0.222525584446448
1.00223292908024,0.131906751962593,1.08978678630435,0.171166234118691,0.311437535074473,0.0781187257480458,0.398905063696827,0.29609059972313,-0.202841056424935,0.100376548827246,-0.615891969407411,0.096308279222466,1,-0.575487125679447,0.145386440966419,0.291054915060301,0.686494208136911,0.145027937096886,0.600910523658711,0.136734443047742,0.723880506470409,0.138490456533598,0.615687891465046,0.171146277271471,0.712534028662573,0.18760284519863
0.966944697599825,0.136304878671812,0.955992193820318,0.157793606421034,0.192614552123339,0.0585294954610729,0.365601823813383,0.264402022566717,-0.0588539117623398,0.073267329538629,-0.555912443692842,0.111692930939901,1,-0.221782160278927,0.273485983742874,0.272478654394191,0.430267201472474,0.147137427621701,0.576960657192243,0.138497947115423,0.702745378259505,0.13876766190292,0.664960787171574,0.180823252380868,0.84351942316067,0.194606845740606
0.877711595864591,0.110963214493837,0.984746760971351,0.188601613145464,0.265307751008069,0.0693865517339249,0.891076098162166,0.377963356379914,-0.320391499098685,0.117592506517,-0.613464900336208,0.0980402745128777,1,-0.658944167337677,0.0540278440487145,0.27673935138984,0.472572337028171,0.141153916992658,0.665305430155848,0.12336696937567,0.739469613363991,0.133032478255932,0.697339834713477,0.179580988041534,0.659254902783099,0.248595941995093
1.00333990361861,0.110368753674285,0.728468955305554,0.126808529225684,0.21664552756774,0.0564166668964352,0.315143897469596,0.193457165004927,-0.201609743838089,0.0682271451728982,-0.517827926005904,0.111488646816087,1,-0.771582205083765,0.255471872248411,0.253297036977445,0.721677706653013,0.126399202089255,0.345484827718203,0.136281117339788,0.540880556397994,0.142038133600791,0.641200607914105,0.156513505320929,0.829115931481673,0.18778894758529
1.01723042437087,0.132943830577658,0.928004455220672,0.166745039936361,0.275748046227625,0.079783322749572,0.499212720831024,0.327649304105714,-0.199219761619987,0.0894637256561176,-0.595933969110458,0.107500291299566,1,-0.536949413566444,0.0641039860311215,0.309519208759996,0.821034278905458,0.128739610764768,0.492101895612917,0.1481508164592,0.680719159462085,0.145603237064095,0.505395109275743,0.173415567533056,0.785522439252972,0.182779482872917
1.05238426363962,0.134230435526408,0.964028624637663,0.182566068889714,0.298310735235789,0.0765679553060331,0.901034260701483,0.472066726396609,-0.323541703779903,0.156509859444133,-0.705997259380467,0.0772173024629409,1,-0.624058315558346,-0.179375311544907,0.368394194008619,0.909328229916421,0.139508052696365,0.741366048109978,0.130580612436174,0.675398331007715,0.130333202063104,0.652252501519976,0.161124882416329,0.731114133296538,0.224897261542358
0.897135137088219,0.125532902907407,1.01036275691864,0.186415114843878,0.330907580594312,0.0847834435120753,0.966396784545024,0.372011443980549,-0.335681498886902,0.113847720307795,-0.378595419473719,0.153056567427572,1,-0.593603303837369,-0.0670669534084649,0.301393382547461,0.507351055214838,0.140941289931603,0.765539399998365,0.117564834475259,0.752360006352539,0.141516784150527,0.847975702861436,0.162874757172588,1.0532739191302,0.225835378971768
0.968442757985367,0.120685434624911,0.724395403993863,0.160613095773019,0.247577346442048,0.0653379539574773,0.775868116717214,0.364550706922573,-0.282430964905908,0.104263618009092,-0.62008044153028,0.0926809149350393,1,-0.644410940605,-0.346173381439257,0.291834749943184,0.778695231054207,0.137843655808712,0.757923216331821,0.130224986848672,0.72035705707038,0.134222578736389,0.832353296875767,0.14964717442863,0.629425084115254,0.245151477372998
1.02446529867222,0.129230955785413,0.890843924519367,0.184179286227645,0.25167524211125,0.0680775028167884,0.810715087913631,0.486636363510836,-0.230589659557247,0.123511180305158,-0.573363801575868,0.0999445743691988,1,-0.51048790029039,-0.034333190100764,0.318129140560406,0.605440129050477,0.144982090118228,0.638159748506568,0.135323849728224,0.77997137683323,0.151075352708555,0.840027169345312,0.151388057273864,0.967746259557766,0.186205747845316
0.92609973106624,0.118398718016343,1.19640868459308,0.204798884315525,0.232230636714048,0.068391995173889,1.05138028194974,0.490246962388846,-0.302162697073365,0.124945236974937,-0.628956270445827,0.100305973135602,1,-0.611506641126068,-0.142159468696375,0.304993294075885,0.71716800218258,0.14477439756257,0.624955104040188,0.125535846100891,0.639820944118507,0.138497579386377,0.838964305861057,0.172592980847703,0.654681196667263,0.223339817854631
0.904560566401745,0.101098141292679,1.19177571781119,0.168135385178613,0.173265803413307,0.0422561973936519,0.442158276500114,0.225252311056032,-0.109827982368524,0.0799098890264824,-0.611649429880397,0.0937111528219189,1,-0.396796376539235,0.243935850963945,0.257175185593841,0.400027590845171,0.159780940710759,0.583540816868811,0.138448649291039,0.741297598336623,0.114890624315916,0.554819285259488,0.151800697266374,0.495944199324252,0.20087603791033
0.916407184239358,0.109841490321676,0.868969106803697,0.136715724559407,0.154563669285507,0.0477901859712579,0.347054728384534,0.225856710038634,-0.106572887010587,0.0643509502119852,-0.504679746597398,0.123186864075757,1,-0.460144291206149,0.213821246980349,0.245383068439816,0.405633281425021,0.147677675647676,0.646430275915067,0.127821241480962,0.419873005028922,0.162166686507841,0.571188307451274,0.158679871168767,0.597972059856802,0.205332778879674
1.04364629033238,0.119410408185009,0.931362401965482,0.138792037475714,0.234946674646872,0.0643621638845644,0.413758301516779,0.247437688288573,-0.269791266108921,0.0933392769000884,-0.573812547403827,0.0825800865264022,1,-0.865306318103314,-0.114407619934044,0.240643691880956,0.833775103083857,0.113059000190369,0.567169607273452,0.126003411282929,0.730464307834562,0.143441494519513,0.675120024154782,0.158447966207644,0.86378817291906,0.193250538767845
0.971145504064513,0.105370709575007,0.832140759210585,0.141562263257678,0.274770867381957,0.0623884864433718,0.468763167205138,0.309205422353502,-0.260813091196535,0.098555959038129,-0.582190287540254,0.0915180831527737,1,-0.726720320688747,0.218823551961818,0.282497742458252,0.510159014624097,0.146554634363612,0.535760300907042,0.124294535977003,0.659635803977678,0.117414767059812,0.768038002836835,0.135053357017885,0.517014620565732,0.19858373630315
1.04042439615499,0.129938306608214,1.13473975474065,0.178450414195187,0.288234008042187,0.069138204393506,0.680671831988089,0.242180611866434,-0.30590916178369,0.115362111618305,-0.570990161312127,0.0933655927046124,1,-0.69063881736774,0.194142785586434,0.299206779338825,0.568083419526962,0.149140755752099,0.722355032073527,0.121807945086801,0.78450502122048,0.125685856273536,0.527339704947001,0.199347801087518,0.564358523009867,0.208911718444488
0.976592100197208,0.132521933768653,0.885283788921124,0.146598861636566,0.241449374497397,0.0639648704338293,0.34119546473433,0.240023051297229,-0.119102393782947,0.0883127753198812,-0.602279421215934,0.103081645937305,1,-0.414959606396149,-0.3713197132408,0.302525060305871,0.800797528510633,0.126719239599015,0.618239622130374,0.137511785057401,0.73304723640313,0.140792432081794,0.490174115700684,0.171371818609688,0.694324106555915,0.216579048319225
1.24519326199947,0.155804359356576,1.12100643005506,0.180747279260458,0.44965784883684,0.116118029832812,0.829053594467302,0.380875008220316,-0.481685851622171,0.167745944192726,-0.73224291945025,0.0588758430820912,1,-0.788917332488781,0.142397094616129,0.329570015022841,0.951968925747758,0.12826547986125,0.757977670130975,0.134129921397761,0.671416604050432,0.160381393636179,1.03703101780053,0.176145843381775,1.18732164926908,0.201756933592423
0.958750324678325,0.136753268339669,0.947490508519648,0.172814977178108,0.299057578588742,0.083635311095976,0.461810051879915,0.235682471537961,-0.103853755711706,0.11413518354085,-0.533076254205543,0.108796130557508,1,-0.279455788393224,0.246888445108829,0.285304304996725,0.62129133116643,0.137617426410214,0.71926559995962,0.126324880399234,0.665994466655368,0.150034845381852,0.63317775277452,0.185792679215188,0.797356349624884,0.21610701304141
1.13190392931059,0.162082880243769,0.813852312296778,0.199811902773125,0.271552321606099,0.0779799923217394,1.00825324470806,0.474380474148638,-0.357785616040959,0.146458675571315,-0.75392222939885,0.0660542853897293,1,-0.683771983935616,-0.338338445556531,0.450591358254963,0.831198535982854,0.170493033274724,0.865087359952743,0.158319631467887,0.847279999256708,0.145679024139329,0.723160557219859,0.170421714619309,0.737260829187539,0.16759735767152
0.848133758559274,0.105678275838247,0.750267984097599,0.124829468686492,0.197608922042786,0.0487087274488802,0.0869197123127518,0.162065084517672,-0.127324748989556,0.056527626005233,-0.445478377914393,0.101535774567113,1,-0.971517021370317,0.0221216758719215,0.291925179622424,0.463358111380635,0.153381390777954,0.580216324587483,0.118092370167354,0.385054562274718,0.136123690306954,0.626018677056213,0.169750776758636,0.458372747750218,0.195447388892607
1.00790590734055,0.11340626899158,1.05831277274814,0.142635265181942,0.184143295465078,0.0451394674883367,0.354068060548819,0.233736876944341,-0.128324110677401,0.0840430762434979,-0.41596973964754,0.127743065487283,1,-0.502558857291708,0.451984666145817,0.308847418767768,0.405539225415353,0.152697906617651,0.556065995704644,0.120616401090862,0.553972152375993,0.129826787283655,0.738032374972248,0.130385759081065,0.67836717011321,0.193100023019848
0.867959397813295,0.102060315514961,0.868537750178787,0.178783361323877,0.238250859306982,0.0547604663302475,1.07132638374567,0.436809137715186,-0.414282920445756,0.112527167578668,-0.495902923318831,0.110535733985565,1,-0.820009513578268,-0.292910250558911,0.316655707386653,0.7696402973833,0.123408948549794,0.518032623835065,0.116787058105491,0.461712420544661,0.133681773238306,0.728550753547009,0.163762072011921,0.882817087784623,0.188411528104303
0.99512837166624,0.137537536779707,0.989643507585192,0.179351609101765,0.285638855858447,0.0852585263910188,1.03597805051491,0.448356145897113,-0.341440229496516,0.135798919895884,-0.601687581834876,0.10477746038084,1,-0.627669130743099,-0.354125462807931,0.311525293070569,0.827393791749087,0.136395952023605,0.440483930870487,0.150198680727389,0.883568854847228,0.136902233434821,0.700033561298823,0.186758432589606,0.428173524123928,0.244226435831405
1.1405940008222,0.124407737299986,0.976200454335383,0.169927950400214,0.215803596505932,0.0502087511967031,0.755307538802193,0.306929061081366,-0.215034379178136,0.0865829174672604,-0.496352748206321,0.122199011051884,1,-0.532618994751529,0.29370354930389,0.327298778633208,0.807314844555421,0.12004798458185,0.77299090570899,0.124058054416071,0.746978442365462,0.130446778839239,0.619306196317137,0.158833750153867,0.719023539795891,0.164969772680592
0.864308452270484,0.0976011776936115,0.99974870950828,0.165430315511822,0.16396221712771,0.0416895975790921,0.527658258551032,0.249575238675829,-0.160700072529845,0.0776891997930676,-0.269347216577783,0.164314835392914,1,-0.546346055261321,0.244121440336066,0.26258256258127,0.574184098432702,0.124226716329048,0.562393323702396,0.11745404108592,0.644355354013458,0.133684601601229,0.388881046235118,0.165235117934234,0.486810184898105,0.214138678619157
1.16688550280206,0.179254823501714,0.927619404542779,0.19936263882498,0.315070723407735,0.0944669147132572,1.13253654836548,0.570134936904118,-0.248904207962629,0.15099908740395,-0.565448751973986,0.127871201935638,1,-0.416679467726088,-0.0756168031667241,0.390276367488506,0.828063560190859,0.151271396989832,0.874767052927289,0.153365902429311,0.735413035919038,0.161390833664443,0.673056992947408,0.182170809673376,0.762937394764378,0.18466626437805
1.03995528661941,0.130442914032216,1.03350987675287,0.165846503246198,0.205804683473541,0.0599822914083667,0.331119104162176,0.251577398603557,-0.085815005422098,0.0714625434917311,-0.571409548685071,0.108268722860074,1,-0.328733140097656,0.216977687796213,0.289505314406387,0.69178219359094,0.128696131644572,0.563714129556871,0.146223666389329,0.445907436720393,0.16827540876844,0.8232311935242,0.159915931897159,0.593905840093054,0.181042903610709
1.04523708993671,0.14072362915514,0.966723800480387,0.163637001034382,0.302569730084346,0.0744463979305208,0.792033758104105,0.42490811944966,-0.208077775707887,0.120412572417007,-0.620932057324002,0.0863069036864608,1,-0.425051067821588,-0.0530319151132226,0.388605736572273,0.766912323906675,0.143310303037846,0.699869751397935,0.13147412969323,0.792417306264784,0.141526136366876,0.749818309436302,0.157826848673572,0.850385607586326,0.217383371026082
1.07976688048789,0.131469219491412,1.10068072814458,0.151577017632088,0.319546466186897,0.0797969773673088,0.366583980937688,0.267389085553301,-0.28127280808811,0.104858362164995,-0.54308655748383,0.11776519832544,1,-0.821814875085812,0.157686304769264,0.330098112057835,0.751752064566112,0.147105504523107,0.781860540069163,0.112345795619057,0.956124768371642,0.121082216879912,0.52024470466954,0.180620570471189,0.642852740003678,0.203768069415303
1.03176283533781,0.129711509887549,1.1893044089192,0.187561237077946,0.310972895678283,0.0786303655872132,0.703365127465888,0.349563224728005,-0.349907953142663,0.12216148842739,-0.603104999790366,0.0793324795318752,1,-0.748173167767813,0.116380038845342,0.324659385967633,0.563306289991016,0.150203417534161,0.947982310687749,0.103398267399669,0.750716552928888,0.163671517314053,0.658553122300328,0.166759073193224,0.6290693652631,0.194872685236699
1.15587342434401,0.127901870571094,1.06590342633943,0.156771409916911,0.283640523986838,0.0728438918135822,0.56051348284659,0.276824296192483,-0.314571013342951,0.114330405870346,-0.604027676695479,0.0782248831611843,1,-0.788935556995704,0.185591539593336,0.334799482822277,0.879931674388204,0.135845116353358,0.708032133315948,0.112900822774728,0.783251824531129,0.121075932735981,0.867196514620595,0.182511054476129,0.497820809471247,0.253769516940434
0.981062396608341,0.101806880357095,1.138696669721,0.15684251571497,0.228803999437729,0.0579291124784039,0.688554938215242,0.275870064579784,-0.242233289981781,0.0916617209203135,-0.541707834005068,0.106718229630265,1,-0.610285038793243,-0.0162074728101779,0.24546455287122,0.69514190532213,0.114014025536683,0.593924225571422,0.120912285797671,0.680141131024163,0.145062526583848,0.555758102042229,0.161362767661004,0.860107315715741,0.164993722105109
0.902236832991773,0.108395347717016,0.815755877628104,0.147932857118912,0.236479616121844,0.0614623425689,0.37818265386789,0.211500578879278,-0.160541279558025,0.0804222909635205,-0.537566568788084,0.110947155170649,1,-0.536832823105096,0.021220212456739,0.311317409537841,0.526309106179324,0.134863076771068,0.655968910920741,0.122374830559218,0.696683649339804,0.138043095724287,0.740268901292794,0.166540830942002,0.60952885647097,0.218969130312297
1.13580936422386,0.139584118762113,0.940683489602362,0.173385461797343,0.244066965699448,0.076357720327596,0.359118955961815,0.348083533599251,-0.112419132031677,0.095792311570476,-0.529708156858006,0.122039169018172,1,-0.379722701530048,0.0766274130646313,0.322243308203039,0.638150635773693,0.155213662547286,0.813459824338066,0.122474217449011,0.498357557564278,0.147566824900459,0.593811992583458,0.181487649687322,0.633602099259057,0.208803797479899
1.06158914662544,0.12517070251561,1.01306080866151,0.164878778987283,0.258211072858751,0.068555360430825,0.702081856500767,0.38075119598265,-0.2425839250702,0.123155613803277,-0.42124287119423,0.143161845240073,1,-0.56974524944813,-0.10077783594123,0.269266821473436,0.806776041554031,0.132513732512121,0.797773005763701,0.122908378395014,0.704638030148072,0.142343458538264,0.718028115991954,0.178360475236562,0.867014810780229,0.213056433958966
0.980363349438777,0.11715049469419,0.853452020917405,0.151443812109762,0.234141246127935,0.0616996168288335,0.617677479653731,0.342281593683983,-0.278372412547965,0.0919332859292458,-0.455554707815433,0.125762840558052,1,-0.731992020726712,0.143188039924883,0.248262981652056,0.643293452270882,0.12821874930034,0.494294371396425,0.13237653990744,0.833753472384242,0.136639283001026,0.680000927384418,0.194959181879515,0.690939045975595,0.182766563037908
0.948568964445821,0.127536087570995,1.04218568123584,0.156318095598398,0.202351488387448,0.0528081948024091,0.620983369185057,0.358933742714795,-0.10499982066875,0.0851442535952473,-0.445485597379437,0.140225513333112,1,-0.29620703647695,0.0743885494167335,0.338849410417514,0.552305447035908,0.137873593657749,0.719097287270998,0.124391189252262,0.731496294345341,0.12331547284625,0.746731612606349,0.184816145625742,0.733622434005742,0.23787107944183
0.975861701206168,0.122147686014035,0.932203393882457,0.160539176391168,0.28914970018131,0.0740496764709653,0.594484581083848,0.357202574360883,-0.310652468497389,0.115862102937384,-0.635394946484273,0.084598618025322,1,-0.749278271021542,-0.0796161729658372,0.281788958324577,0.745725868311271,0.132711155592033,0.672433673072198,0.131044660834731,0.804284235211782,0.13611068704806,0.946492751921051,0.141828267531001,0.1633353384771,0.339170590760975
1.17973579022808,0.123502886566147,0.807904772565806,0.142851734740763,0.261248071492941,0.0634387285571154,0.55437391636329,0.25377639460188,-0.326439955480596,0.102887777648445,-0.418242605433917,0.130271355747546,1,-0.857778920027768,0.613115563332868,0.262025326155183,0.454659102461913,0.145009489894291,0.604655892325634,0.128060565773206,0.615793351937293,0.120856691701497,0.874423232678176,0.160366808861886,0.943496820573248,0.158304361703573
1.05378012190681,0.124578771406969,1.22781218969211,0.152033131649897,0.219356613053248,0.0567008087173191,0.308268247820613,0.216586756379148,-0.18960292800664,0.0878092802406788,-0.603876284837936,0.0913930590028127,1,-0.729130519273938,-0.0182259950174371,0.322961440397601,0.720142615457477,0.123085898196871,0.768690080145632,0.120871729062811,0.6265468202444,0.139395142479771,0.712792557661454,0.168130292112813,0.568651706946728,0.212758083052311
1.10204594263122,0.149528672142895,0.973253136909922,0.186893320245533,0.249857994516294,0.0701173122004037,0.727552358998806,0.331837032130308,-0.302191542478597,0.126228474336549,-0.680299398965324,0.0888246392394265,1,-0.708767106467797,-0.136559936938546,0.400935833443053,0.977434847654567,0.145018720545796,0.607050333714793,0.138974568695565,0.657314786122736,0.156968787937004,0.692275823260231,0.162807928202992,0.658353409877146,0.216210516029255
0.94647547165379,0.119838609388586,0.848765730395236,0.147821097255642,0.182366424136803,0.0515112169208258,0.483115273861995,0.271653461155256,-0.168498967378262,0.0767404632151633,-0.591739595325379,0.097252498678715,1,-0.567674542235918,0.177495197537478,0.258529472226635,0.735537670742113,0.125839148718259,0.436937509998593,0.131691568930667,0.710484805480658,0.136443350771323,0.522000039959279,0.191859613408748,0.676304692251439,0.211514733361095
0.919791652638854,0.108075926497415,0.821340550394942,0.128765857455459,0.166074095213196,0.0390325357570941,0.179168272852072,0.155629235448291,-0.142762881048179,0.0550210073257553,-0.440794062428616,0.116639432969544,1,-0.827625384393566,-0.258248217793319,0.300387571511959,0.704434636647966,0.133010246936025,0.672689583917298,0.123908209730905,0.476145794659255,0.133001839570921,0.579258441529769,0.150768026876805,0.511408348249625,0.169602548980171
0.949206730365796,0.110957105263968,1.00625488102106,0.16770348066403,0.229186115338676,0.0595293229793784,0.543641657354067,0.287372646997728,-0.167403126373278,0.10122681623579,-0.624021445711679,0.0821533310498706,1,-0.474256234606225,-0.0293566656984533,0.297954396256243,0.618611379446412,0.150357403456548,0.706520742806993,0.12081581685613,0.817451273966718,0.131173715757066,0.665269533811388,0.146695960467452,0.806074884774275,0.197226962909659
1.11646157733978,0.144673805650004,1.25059213529498,0.196278748049334,0.283807446177823,0.0742712637930329,0.812375767711896,0.400381075998974,-0.327535724891969,0.121078010616572,-0.69894838921807,0.0692294515220033,1,-0.682131810865391,0.175966107476852,0.292837523506233,0.488043368498274,0.173161196767617,0.982000629311251,0.128663140680892,0.736351914795143,0.151771699197603,0.905789438097377,0.169540462439644,0.756896753381262,0.173883593680435
1.04291284654594,0.131327186414093,1.2320953974284,0.170147219114668,0.286808357621524,0.0682039913861439,0.320498187117694,0.229630404650914,-0.198950138683752,0.0857963105430795,-0.575958750595259,0.0902194324219598,1,-0.656198988024294,-0.30329177098358,0.334932845559279,0.791854110489229,0.132069524882268,0.730033528225195,0.120308286116892,0.704225488398107,0.138578141061542,0.766313765537906,0.158823398526852,0.654470298203444,0.173134820982234
1.08871359860589,0.150320366226507,1.07335035874651,0.189408956760366,0.26787162384996,0.0749325944130128,0.780003980004521,0.309563988497132,-0.0420280686628112,0.109575821056398,-0.589371793076304,0.109112993025875,1,-0.0919449050303714,-0.216778482779144,0.355787255001077,0.746543930845527,0.154810130082414,0.806144026199708,0.135110711570743,0.658172629712818,0.149977696897778,0.78018777112811,0.165790114209045,0.643660254362567,0.193164476677541
1.00722584092991,0.123066579816497,0.849493788510703,0.158932770084548,0.256074952590382,0.0673849640501826,0.491599098270595,0.303237151560272,-0.234544241972169,0.0951822147613182,-0.529109814405172,0.108910632828791,1,-0.661052095495182,-0.12283645121189,0.333478409014475,0.809375058254839,0.149120601726485,0.713101627034128,0.118635900634667,0.629111112572808,0.138142847423579,0.681052319219915,0.160124252937965,0.876602649733353,0.176330219484778
1.03302674007961,0.146388340964217,1.26348824468676,0.191386251528101,0.274163359579085,0.085337653589901,0.532523309105286,0.399224875407304,-0.105935459933886,0.0974530979388869,-0.642821503688541,0.0960917725515647,1,-0.277247308552285,0.300499913134031,0.346273697382513,0.591932438697388,0.156923641815658,0.84849939779097,0.141466101272482,0.844603585498714,0.152151540913316,0.850655340733249,0.195499810365877,0.765561730264852,0.228900438521675
1.13247533079942,0.160041924774815,0.902726571706354,0.198702301671709,0.3138468310911,0.0965075193502512,1.10193856347396,0.491234698241148,-0.381065651003011,0.139359678437504,-0.635518948357963,0.086516667908278,1,-0.647980950555803,-0.0437870555603391,0.328239716955247,0.96159219427068,0.144912505163571,0.634682870366762,0.15229199785711,0.698504736032412,0.146680320599468,0.841483622690754,0.176980119717841,0.728995742996316,0.231523802236141
1.19100336406254,0.136549578366196,1.34847480270085,0.189020200088614,0.341729728011388,0.0859128771733025,0.284237737953386,0.250216908316826,-0.239002214740363,0.0866249170993317,-0.546884189933629,0.106579754671976,1,-0.766866340146246,0.189426837842786,0.271113862238844,0.867066281021639,0.140866609478781,0.633944939587809,0.134753656444848,0.704367007341355,0.142937576634673,0.75480304084995,0.160589835892802,0.711367074592735,0.180416121287193
1.02669659712337,0.109880607565464,0.854882742177686,0.134612637188893,0.187503968592673,0.0450412766813412,0.0826432725262752,0.0618505980788029,-0.124482695883678,0.0495479879094629,-0.46584288537995,0.117327313940554,1,-0.999999999945333,0.588631361025917,0.266115598649936,0.562539327463267,0.131264171043988,0.671346920062596,0.118463538959761,0.583618246269179,0.140286582122332,0.548041652082875,0.157890060453054,0.59605309569602,0.188752545036875
1.02417557261332,0.10592288590903,1.08904725698429,0.157927438905629,0.17551173976385,0.0423851553945237,0.507933661781798,0.221301694064019,-0.200981047955462,0.0714925088451018,-0.533804571655258,0.108133217382543,1,-0.673129343654326,0.228166472351378,0.324521355757533,0.872054813203681,0.13546445124644,0.679907457886301,0.120813209876285,0.479433246482765,0.146735431576561,0.416094606070097,0.192572632463958,0.436892593964643,0.212807116046553
1.06046412351205,0.123245230934916,1.06458753904966,0.165118765152169,0.218727730331777,0.054492726328511,0.523191100228633,0.357472168892889,-0.184491975838891,0.0923122382277684,-0.668327780041714,0.0815094314394551,1,-0.545375199547408,0.144913648900313,0.341967372184399,0.773905230504969,0.145030131254724,0.788418920684389,0.135521734096979,0.621772590912602,0.15602902356617,0.519279892134678,0.161253305969222,0.679568837430741,0.19035806415378
1.19746577805466,0.125495682061414,0.787156656271986,0.152429834784026,0.249847945228946,0.0702589379380605,0.413883580153328,0.316909396020863,-0.248404081670581,0.0929639869058544,-0.652913001564117,0.0892767988356425,1,-0.772470206525573,0.535812210520732,0.23482389407336,0.656600039700862,0.133974326476687,0.632832257671383,0.128714792142148,0.613442869985068,0.161366269710247,0.946626241797359,0.159922024851094,0.745628222742567,0.209219941620595
0.898669714845399,0.102061675386527,0.683221591972704,0.124425887792886,0.191841199582073,0.0485928361715862,0.19724255942958,0.190004626231936,-0.128023551847153,0.0660571599843859,-0.357125835256299,0.124952896495881,1,-0.658140499685085,-0.103511977592931,0.285479840863387,0.687132307296953,0.124017557342389,0.656033479054342,0.118033305073089,0.274918619056637,0.149644347679774,0.556720261623006,0.1486611812252,0.48313739371224,0.175399334657897
0.956379069450999,0.138448377231327,1.00218894899358,0.164622118912265,0.268815341048889,0.0727893202929047,0.319573786039153,0.238629038504512,-0.25920430247751,0.101384175707607,-0.485002718934512,0.100592431639263,1,-0.884361051023063,0.120285795072407,0.305165072602455,0.686000203269107,0.128928865928148,0.600138769812085,0.139900070355426,0.63858020220141,0.136613215643405,0.621899671780578,0.157659452474219,0.402845162510469,0.200198616435335
0.845775541951873,0.106161237330225,1.25320395951894,0.141587361341906,0.16943521026961,0.04399481866745,0.340695364990343,0.228275307801125,-0.154056649112218,0.0637584064434033,-0.494067300047931,0.116384415451891,1,-0.641202935145417,-0.110165370363933,0.262979786918726,0.711547320757529,0.113902639181968,0.604007595864414,0.134276118609046,0.409336040957506,0.167271760723831,0.490623086298911,0.148259986063752,0.901989289419085,0.171281502810742
0.773478754177873,0.109355637357367,0.993323314721274,0.167074739396157,0.205314836816527,0.0473513106869342,0.574780772331712,0.306310776212563,-0.271624316763425,0.0899787408248656,-0.452695835287388,0.119716357155388,1,-0.790692035029316,-0.446696382341421,0.298076455269753,0.628007719584573,0.14182063873624,0.489496176437577,0.121902470805558,0.597356463880726,0.142939404797095,0.668944970835025,0.144306232142114,0.963490167735077,0.174000497421952
0.942019902000736,0.119312570738126,1.07482521173124,0.141000944387122,0.295515834071331,0.0746820680080465,0.109398768940468,0.181057161818059,-0.120486828333609,0.0895646640845716,-0.714732967917961,0.060530332050607,1,-0.670105182756093,-0.283807694427591,0.274839946151513,0.838997137906322,0.131607733769835,0.672681745132801,0.12455829818399,0.849351259668465,0.137786592185367,0.833981807831963,0.173141616387,0.542419458100144,0.246196560716456
1.06662667691066,0.139658387497797,0.914095486880638,0.179099738417736,0.326508388022419,0.0873600988727985,0.412821734040039,0.332631689565137,-0.310871044990059,0.132264072747251,-0.736406530935694,0.0642799195654988,1,-0.846743408963284,0.0749768193487036,0.314138040447343,0.727913499993443,0.138524927541104,0.727729576226513,0.135883790120009,0.801754039712891,0.134583375703859,0.573845802408747,0.186369329316221,0.485199147709916,0.237996903420715
1.2564758860069,0.144416429066556,0.847076944351254,0.14263624570809,0.340679513801834,0.0843789357638241,0.33107652345493,0.252636776935701,-0.261084342167158,0.0944560679421288,-0.583461036355302,0.093010524580153,1,-0.777398367860992,0.452427083265526,0.247005970392484,0.808605651050013,0.141573306777284,0.581066329519354,0.128251380278493,0.932184535926281,0.124050213621526,0.7786702873462,0.18217560767392,0.289409802234912,0.249181922673945
0.873402218403619,0.0887024619966618,0.913054924167174,0.137539318596515,0.179818889092345,0.0451549147026558,0.347557486007593,0.244573012206944,-0.213180342667557,0.0812151192153603,-0.482373207404112,0.0923506519662,1,-0.852739100803913,0.158023955316018,0.272837293633563,0.506353646431859,0.1457467190071,0.549546910984487,0.119504145498126,0.554192700465052,0.114200235054803,0.35069860503478,0.147457492609361,0.527453258171233,0.186009199685654
0.887070075279244,0.134753103340481,1.09037811803611,0.181519245864818,0.241503432756937,0.0681159791821089,0.563468253298455,0.362985017867593,-0.168353554706808,0.0933758636808494,-0.637319824275888,0.0850213924963579,1,-0.456379271225542,-0.404460314068067,0.367814370321846,0.773512691995948,0.147766275113021,0.628144329220972,0.13964509804691,0.796658523343162,0.124586537743499,0.681317052553928,0.161586803352906,0.771733079259524,0.209019618371529
0.904358265738423,0.0970705899344334,0.850525683572477,0.127647555962656,0.207816251093292,0.053809523590912,0.203543192755097,0.138678569141865,-0.10766292048971,0.0707066655765297,-0.495564566588117,0.108653067909146,1,-0.523477611426142,0.0149166785479862,0.255585336987689,0.516276774062098,0.138323998675406,0.55962672549807,0.127578285405292,0.534362292779656,0.140709427143239,0.709890357962561,0.136531030514501,0.632927535540996,0.187022501769775
0.999542333720713,0.110149839176975,1.12568419513453,0.159071208507199,0.2240006543351,0.058257914983578,0.562304423743221,0.40376682465142,-0.207879948593728,0.103435393468639,-0.594873027495901,0.0897915368738442,1,-0.585736391254377,0.123745896516253,0.269424990349681,0.638135577842109,0.144359107828252,0.705224945884127,0.131198436599918,0.733234746569269,0.129335713392921,0.554774383138183,0.189761802294887,0.721690457565704,0.193857240117383
0.812270152733386,0.104154929772891,1.10051419391256,0.146096788292705,0.163862669958942,0.0487477525874971,0.194067431589353,0.15939635553882,-0.0965513143528645,0.0624060165367385,-0.511544448423691,0.120979689384064,1,-0.54142941631309,-0.161738709431932,0.280673167982523,0.516306929909932,0.144008152395096,0.547226984681519,0.130693631470018,0.587771037700578,0.133663396097508,0.709981412709948,0.149631845998756,0.726339081014927,0.20454657860583
0.871775544836118,0.110007565010751,1.03343500674615,0.145579053304622,0.288136647524294,0.0803868082260039,0.448328439409002,0.248133371449741,-0.306970899197682,0.112252723786122,-0.612472937554367,0.0908329855285963,1,-0.854082478660625,0.00523488152757689,0.272922839888994,0.547332024956012,0.151817067256449,0.637456152448621,0.120607258797203,0.650065910208149,0.155828003680821,0.697480884136694,0.173720157829352,0.851714314473773,0.177130812203998
1.12708405543022,0.1488317830826,1.09865390019032,0.187202975044339,0.276564642083408,0.0809337302361087,0.51121118805992,0.308932682112523,-0.145594421145165,0.111969738532135,-0.673790695338725,0.0911177814856665,1,-0.387209702450693,0.140444055004264,0.290430603709375,0.740784457609625,0.161498925788816,0.652707313600118,0.144496641756037,0.642252494427337,0.157377690152211,0.940645105305847,0.16723526540202,0.782250314802867,0.208339550222156
1.03962107017885,0.116215801981325,0.910970831707631,0.144301498662566,0.157680772867963,0.0404717942245711,0.333929483864389,0.271802003551576,-0.0847504660288571,0.0676829941999622,-0.584378674961473,0.0830908684386223,1,-0.369339147063811,0.0636048953145529,0.305517894249812,0.666244157024949,0.141825849123132,0.637626519084432,0.124003845911001,0.860869960100432,0.126288103716345,0.844172473216305,0.155601612631441,0.531676174823947,0.220175390214461
1.02176886803741,0.110004681419537,0.945850307766764,0.146822411664502,0.246514269266865,0.0637941792951,0.310626108800374,0.239466891832309,-0.156343881583979,0.084466153979483,-0.495146270799109,0.103107428028254,1,-0.564990155127375,-0.0276280990145807,0.29160365880199,0.767550143747515,0.121305381753376,0.67578862617679,0.132034797408835,0.669109244427358,0.140168708130892,0.698365942150365,0.170569093303936,1.00145534741564,0.161153242444176
1.0739576662809,0.138973396599776,0.994750021097152,0.154111360071624,0.294911234368415,0.0735210550895298,0.401136267502055,0.298897739357315,-0.17794113530652,0.0858828703276107,-0.693100428115328,0.0754361522105081,1,-0.517350334365189,-0.198030758503425,0.339289352037246,0.729250973936581,0.156917940901791,0.821718987518409,0.123919542660287,0.561142241970818,0.13543513848744,0.852030489676489,0.134774679910163,0.885795465751188,0.183557420935083
1.2777101845392,0.143541514177673,1.1755296301556,0.192166628500938,0.373462641411351,0.087300024668212,0.581757797882514,0.390424441971164,-0.346278653066559,0.128898622641276,-0.772681090737158,0.054560405696652,1,-0.742901150022239,0.212219029486843,0.36363365451198,0.834445583668825,0.151742611423955,0.889311457670176,0.132662208508767,0.842741265950498,0.143022958709256,0.74039665289579,0.136865581163212,0.859495607808183,0.161799315589564
0.833342305874145,0.11197882901571,0.821444422397991,0.156716635977974,0.223854319303499,0.0576008330152077,0.424535025143721,0.301643248348055,-0.0772239556871528,0.0838904777713706,-0.51979760430864,0.123992077579732,1,-0.250502775156484,-0.135877382046953,0.330256226757696,0.585544028197867,0.136480308579154,0.594278413334074,0.127270237326369,0.719310957248885,0.137021512557144,0.50011614045327,0.208587483192076,0.748452080756897,0.206787781575224
1.06532514729688,0.150473668852399,0.969598681164779,0.161839247313664,0.330023974923582,0.0887209681212304,0.603787321804275,0.291284569780189,-0.235137215064433,0.100781296338223,-0.590111521845401,0.108294511343025,1,-0.526752529736801,-0.240357353020317,0.36630598823989,0.702200817582071,0.169845536861386,0.794400993590136,0.133537922248663,0.688118103791212,0.143715106905505,1.03001289816441,0.122531223829991,0.412722303073138,0.252886508743535
0.83508921340405,0.101897321501808,0.868189878880039,0.117195071452543,0.190202516282132,0.0457144708354688,0.126513848852136,0.176440387723224,-0.152806669377817,0.0627989814689384,-0.486801711600383,0.0816798255791139,1,-0.985065585328113,0.034793561901282,0.269306822594164,0.467529964381249,0.144896991138663,0.639556193058486,0.110110552406288,0.545470389905728,0.115469986682355,0.408576729701686,0.149491989813508,0.2472738843108,0.214607518415027
1.01304672594697,0.109095277130867,0.90625561620966,0.15530692902828,0.172425899604449,0.0453869654781272,0.607629304051497,0.284674790680056,-0.142870153549864,0.0733668650617498,-0.369474778202316,0.155843537646793,1,-0.441388390486234,-0.398706764694565,0.262987654307559,0.890887166103902,0.115290367271127,0.747358335277418,0.121910171829865,0.769662729853144,0.144260220452535,0.372804267706087,0.17094077361323,0.852641085874301,0.183947189183547
1.17008630011803,0.136236259440284,1.33149090052191,0.191517288242439,0.307459363680981,0.0721353954556925,0.584790239922096,0.391685523221068,-0.329697958646217,0.122910971647661,-0.68540158033171,0.0673319684897175,1,-0.777539280407486,-0.146717234508195,0.392845526466777,0.858141785714718,0.139021726125703,0.786050109898244,0.114885855762905,0.774605150194924,0.137226771037869,0.898131993515717,0.15184499636568,0.963254346244938,0.180754293973986
0.925689344300122,0.116216047397288,1.19680577061048,0.159968634418224,0.248004297567272,0.060442586919327,0.717594042999433,0.291412558590543,-0.346744270637638,0.105642602511699,-0.546973766304816,0.0943147914411685,1,-0.821940306701279,-0.0447325739752528,0.261205931617191,0.715909890656944,0.126696917557388,0.794589788305895,0.120847387230522,0.780828809658199,0.123921577177832,0.657612884564548,0.179378922168832,0.957579353900932,0.222727480657887
0.967196019216361,0.134445094402049,1.08241496297488,0.181938146923629,0.289022907493272,0.0822616663703261,0.514616313598906,0.409695641757988,-0.286145677046073,0.134931963169226,-0.782687744877418,0.0575399954554881,1,-0.741957931276152,-0.286702337438812,0.289705888431466,0.77995905475397,0.139876793954893,0.81253003888947,0.126554458543934,0.721930260418893,0.16232083286899,0.775956466881657,0.179692269786666,0.874000438862469,0.250000899573221
1.05926423722322,0.125126296855391,1.10650790548373,0.186360017830643,0.293065621716313,0.0755953840568251,0.864517670761496,0.461982340741266,-0.253366152393082,0.118405792905779,-0.581862829183335,0.0826472228406207,1,-0.503360602600083,-0.435293516781554,0.322535335443183,0.7155203211193,0.140895521391954,0.889642976364534,0.120931169879476,0.702605059222254,0.148065368760082,0.729564008583083,0.162156742536116,0.673690978191598,0.210821165649555
1.19454308452738,0.147064421890858,1.12616635325511,0.164250149822876,0.310780097468852,0.0799551628504264,0.325928181186153,0.237396156347285,-0.263709267210436,0.108439987764482,-0.703747320352298,0.0698323645564788,1,-0.828586467498068,0.152294399715981,0.323400361237799,0.709700807042993,0.161934402311287,0.950964928953887,0.120710574642786,0.815351048769623,0.150621059049794,0.62072067149037,0.159599278024223,1.12721650650608,0.181804241467931
1.23763705175241,0.126989919673618,1.19303487491958,0.15747985220878,0.282914935122206,0.0693125193538913,0.602985535448293,0.304773563122174,-0.175941854520064,0.0951606164506315,-0.566803379513092,0.0942284370527512,1,-0.425978599063994,0.421856993206903,0.265083201710231,0.75987774789888,0.117464800842635,0.877932763487432,0.126902819712818,0.722220143044322,0.149309543651952,0.713226768543455,0.164344485936813,0.796517163890529,0.183997338275587
1.18924549875104,0.160390320830102,1.31573687298157,0.177363159916113,0.293299240630005,0.0853238769507931,0.633416702585211,0.270941628872255,-0.329082585635849,0.11666851877767,-0.560857355736197,0.11169172923231,1,-0.763492325759548,-0.313754264342156,0.336199737150722,1.00246366251294,0.130251682552839,0.766443205622568,0.136869666549312,0.75858465395909,0.153570166866772,0.732145141565755,0.180704085850089,0.953759490585097,0.176253442545246
0.841294272454496,0.122982570148479,0.923633044801443,0.172179590327275,0.221190995124373,0.0658395418794935,0.508210702672481,0.261753604717363,-0.192764903568268,0.0860175853668922,-0.624232092177591,0.102822515767904,1,-0.574939756516288,-0.343960245281743,0.289770329473723,0.760384706662752,0.141435791977162,0.740572349278577,0.127492064805413,0.565764592275583,0.153916299407778,0.570658041182206,0.181931992568969,0.568705015759162,0.234924438344467
0.841507042259792,0.0910950039788469,0.948816611763172,0.122052312029492,0.175310946478191,0.0413285392611571,0.0426627630536985,0.058757821051232,-0.0864826535654367,0.0610662550596991,-0.513348907275155,0.0943974204663526,1,-0.999999999826231,0.0168177201685908,0.250488453346878,0.418514833465991,0.124278565057923,0.589005219380585,0.11899610702306,0.551418533499396,0.136120724766818,0.686698519180644,0.125841255268049,0.332192115302421,0.23982350759154
1.04523075903985,0.150834432313794,1.21600759215426,0.241501210630559,0.232589971913632,0.0742972938353289,1.86886103624222,0.81863645537856,-0.264300598340743,0.125453109900488,-0.658454159757912,0.0932114293184053,1,-0.400879777253262,-0.276288897699412,0.36111135909379,0.724379848630096,0.155524332276544,0.936083821941945,0.139290006309304,0.980001402091015,0.154229748676129,0.720661518928037,0.189793278669182,0.571984909240875,0.249413576684867
1.08186533152747,0.165146169567288,1.30411974096207,0.232447408524128,0.388796494928507,0.116824012584221,0.698615869813063,0.481829238900236,-0.238330863356974,0.152499860956566,-0.617767059413475,0.103505240829873,1,-0.457298621551898,0.376360628958887,0.281517026561579,0.597563984376459,0.175152063980645,0.732324392566071,0.161658848199244,0.91352869250083,0.142791993070479,0.837480677818245,0.167073075483195,0.663764424096076,0.225776448824892
0.928696291551519,0.142078663667532,1.22283737643932,0.196387305585981,0.359881535881651,0.0918476268002572,0.791574525123634,0.458211125170038,-0.268572609357235,0.134448928227109,-0.604579624471975,0.0916585463418238,1,-0.503194669073587,-0.0531815812666004,0.36210748946233,0.574825391992484,0.156996485792344,0.773042365504366,0.133720306538193,0.84668877287368,0.134132423479845,0.741397299626288,0.172142674866559,0.875127203365437,0.22169874168651
0.980759125669766,0.117439032709825,1.04929102487143,0.1698330896651,0.232403751776098,0.0590238853498874,0.85330246487836,0.397146648203842,-0.167570714723169,0.0916131299093872,-0.595694871061343,0.0890274362493733,1,-0.376292060035747,0.123513155254458,0.335848161687979,0.568601212327603,0.129330812824299,0.741862333222178,0.118422365974562,0.824158260441022,0.129628577231799,0.796509843967048,0.170448322222485,0.749197138259142,0.195056411927851
0.736223374268569,0.0935368556442711,0.687090873802835,0.106163818857202,0.155922796844734,0.0393335564272563,0.141580059196262,0.0950241604668205,-0.148578460094173,0.05936270369899,-0.390997968938632,0.107030563446977,1,-0.999999999923705,-0.433775582580355,0.248228357083626,0.578445895103846,0.109876441408746,0.483347586630496,0.115163014023827,0.365073431671533,0.136641742271692,0.513903362358528,0.144723844662472,0.738502490013519,0.187392176190686
0.984452509083339,0.131125726506288,1.26954664860861,0.186510920455509,0.355843695032217,0.0817361413013233,0.567514409165114,0.291466114702748,-0.350473854758654,0.117337137674197,-0.584572628496373,0.0801180874029385,1,-0.779897523529486,-0.0673644911999764,0.32196171539692,0.911611847639928,0.125238448696877,0.687168527386981,0.127440097631708,0.528433532294005,0.161556410114644,0.891209400695841,0.14718740230242,0.522636570699756,0.208733706163116
1.29354376703111,0.201738115854914,1.1611093986755,0.246801517458779,0.376017001745605,0.124182730018587,1.43526904834164,0.669122868788326,-0.226160710365765,0.153641949345393,-0.68277945959074,0.0959407168398731,1,-0.307855387954206,0.375598101162788,0.386639400794636,0.938964305086454,0.151806275318397,0.926670758173115,0.14860749972401,0.89866624237735,0.176781819291699,0.992737760864628,0.191614185254623,1.0923220032745,0.193621603226387
1.25684132884495,0.166079458691191,0.909371834138172,0.183278416891943,0.314740835863635,0.0863123502547623,1.22561261537723,0.474723292584377,-0.479115292926411,0.157304729766576,-0.736646887671823,0.0635088144090128,1,-0.771412861021837,-0.0199101740069259,0.351703556452729,0.864290819922931,0.119006534924624,0.782298580831523,0.136314251359358,0.978241905481804,0.147931712145454,0.649237650357588,0.19121208533734,0.765114601435192,0.221845710057851
1.02055302472059,0.131631374919462,0.863703976780075,0.158874591905056,0.254223266893362,0.0723908216886961,0.501553689799248,0.262142430740347,-0.2921189589623,0.115953654885588,-0.673017793448759,0.0938096995193965,1,-0.818075491079703,0.492959595754226,0.286579933149962,0.306703441432359,0.178879534254579,0.750512772313565,0.131123156045215,0.589381341709359,0.16304779481463,0.567504799884751,0.17950931595043,0.595979486689628,0.208457544492406
1.0475979942002,0.13463067880688,1.07549017719546,0.189808963484355,0.318465477490581,0.0804238780912582,0.815081141561902,0.36483804064884,-0.231456107899434,0.115905197435656,-0.634704130637966,0.093238496250628,1,-0.454294044035203,0.0353446843801203,0.318503806439738,0.750638722262085,0.13594747452187,0.566121741206322,0.135611886959222,0.80088744668001,0.127954398368831,0.955947236235937,0.146887568579862,0.553153531066421,0.186780548692089
1.13737187663585,0.131049568231921,0.661049793367317,0.174360276230279,0.236621836677806,0.0677007847882537,0.652930815235457,0.428054387834477,-0.199600315220935,0.105714725410217,-0.699044463392554,0.0695179518095524,1,-0.507808807919528,0.0331613113641748,0.301513342225682,0.802909295541304,0.147258448506259,0.577497934576628,0.135388765446196,0.497536053029663,0.155184900479324,1.12059973424378,0.162921371994319,0.87036596532106,0.178148919593164
1.05538977120127,0.12823963333216,1.19931870882138,0.159304359295049,0.27303167040828,0.0649485252919636,0.11277509958987,0.196917603475977,-0.166053756944414,0.0809025392196467,-0.615206988943703,0.0847694337196093,1,-0.946314692923149,0.233888193568666,0.278880865315442,0.835383394754135,0.128402233379926,0.69626189723802,0.122044924222896,0.703369554726409,0.146749577227867,0.701264689905568,0.167763279911795,0.650689627934943,0.2005824168946
1.13500483861649,0.142203315935901,1.14086652842066,0.184180457499057,0.260244555910473,0.0728030666868002,0.764628282564593,0.389361497356578,-0.284217800397166,0.124939420539182,-0.573455948647197,0.0986524363591192,1,-0.637140582854963,0.0601513732693577,0.275133194024291,0.842340200574844,0.137924704333843,0.829102184977594,0.123469920452117,0.72937393118209,0.159540689807219,0.614481429394687,0.175052843594741,0.543420744265244,0.196337155707364
1.00192502014995,0.119433044261488,0.92061405920369,0.136794496369523,0.212113762517832,0.0581633272390852,0.309473846007107,0.223485416379938,-0.162899197527305,0.0795363213357523,-0.569790192582244,0.0936213866434844,1,-0.635802959316955,-0.248832839080225,0.294618634980696,0.838517061348606,0.135166748290993,0.631315134931893,0.137572951183019,0.689866625672959,0.133347706296071,0.658447531925479,0.156211535728933,0.676075555632401,0.221103685246346
0.92355431890564,0.131689219265861,0.96811278022377,0.188232202204646,0.287422052612171,0.0778692353335074,0.571671644473347,0.325296788283374,-0.221073521792323,0.0906719058366052,-0.697852227933501,0.0620859135429208,1,-0.545385215649215,-0.427620857284067,0.28414995659986,0.812247378063909,0.138894179231939,0.600484462828787,0.137368790985568,0.713830772169003,0.141204003152269,0.854127010825022,0.172724272840539,0.825862467761444,0.185536591576779
1.05464654550799,0.12768980668927,0.865462369750109,0.152803457432639,0.221851323874688,0.0556207118325551,0.500561220084112,0.287875095155121,-0.202713723514263,0.0823861446103445,-0.526496141960997,0.114152804218024,1,-0.608308014534669,0.0932523283855171,0.313440197803158,0.731943392705366,0.131451739506704,0.67437870210485,0.121970679592507,0.527781026254049,0.155813847890648,0.758164539221511,0.132272451394887,0.595306367163437,0.196466371225339
1.1200754038113,0.149465148627845,1.18045798211375,0.200311506878746,0.405611170673865,0.114949006190318,0.872311399023372,0.394424531616451,-0.268007360851354,0.140081100251391,-0.62188074701649,0.101104899761062,1,-0.450563487519006,0.16643169552193,0.294160047714906,0.75001867988298,0.139091665505846,0.877034166313241,0.140144641145307,0.850192595211953,0.14351632480668,0.982027368946702,0.183702730418371,0.680843766630238,0.254701521694478
0.961819584218988,0.11872263176745,0.83552553825589,0.147625115307499,0.213155820419719,0.0516200973883375,0.216130141288869,0.242008448526624,-0.0670922363569331,0.0788892670651576,-0.605985195316176,0.0738153340599812,1,-0.312583465406909,0.00114177807159921,0.2991181549449,0.616398707074129,0.156516843140205,0.796808523071709,0.10432238133211,0.558268189613356,0.136505758861829,0.563165829704456,0.163779255529495,0.801317969905788,0.19319712526345
1.03029211008068,0.126491225321872,0.937991632472699,0.150148780240148,0.246442738002874,0.0606674310203981,0.369109473828332,0.251992765123373,-0.156303961738259,0.0818615402369443,-0.556021797503449,0.0823777436337449,1,-0.518244112761295,0.357938508245375,0.315682387377562,0.628758945979194,0.128591806214899,0.699001717643413,0.118227598161894,0.782915370510273,0.128041347890084,0.4631568701794,0.165870353324199,1.07944552547857,0.179780682624256
0.968978478526765,0.127345299338755,1.02611040134622,0.152973538785962,0.202446600250514,0.0592343055838309,0.359364567081036,0.210596683734426,-0.179889077869437,0.0771132782715485,-0.509069934753761,0.117753128396016,1,-0.666932566438026,0.348222483784939,0.270605342776443,0.513735317529816,0.142091888196625,0.694168321980702,0.118216843493627,0.550665808033277,0.147520935011182,0.618241094412877,0.164094920751485,1.05407855556161,0.226207264652648
1.01223472911311,0.113663612863456,0.873257873287875,0.142641906951245,0.2325673648427,0.0618811571678189,0.228775139742295,0.148279106424553,-0.230663459149805,0.0896303653603117,-0.594590219897394,0.0991540311699431,1,-0.999999999958348,0.420714285739044,0.24336423413035,0.563438531955532,0.142371260492715,0.49506312336755,0.136176193557662,0.631256254764514,0.153998106493716,0.455189220468995,0.173802521526206,0.775520606684674,0.16281399188583
0.859586411958092,0.121665495505081,1.08626753025771,0.168569199802848,0.20344152262474,0.0523416671350498,0.334498247183713,0.233373121191131,-0.180503812224753,0.0784152584418832,-0.45031142525687,0.141113181135436,1,-0.691941942812829,0.0943871525093592,0.33389260811989,0.575620856255063,0.14819785326638,0.643126734577171,0.141904396062667,0.704569185868342,0.136457952568798,0.519893107458865,0.180206364034759,0.499521852976552,0.207609072697184
1.05527506423192,0.134163906575482,1.06056083931916,0.174177334535607,0.282753590723214,0.0793003320939807,0.543281955639164,0.282957293495752,-0.126793545917425,0.0911824454679082,-0.498615371339006,0.131662901786182,1,-0.323504586841614,-0.0462756572214516,0.296753214825158,0.843955945784092,0.124574240443096,0.642370608248876,0.146884018922043,0.679635610007346,0.166057560974225,0.958356631008549,0.169910458684269,0.669170849563333,0.218727980230807
1.03874355379767,0.115189069569305,0.947716088900518,0.157259656592595,0.194593852489827,0.0480411967309087,0.283599085173447,0.178108726268858,-0.149140566280326,0.0596186528078585,-0.462222362208443,0.13393093132743,1,-0.634861245656209,0.105666868744582,0.338945498742434,0.762754084150082,0.137958289542258,0.668657954276497,0.138002968040979,0.677565650523102,0.142557925485387,0.628846669542458,0.146267594801663,0.488535223651698,0.189442889095523
0.876000453024304,0.109603300608261,0.995320819561355,0.152556420658759,0.236664748306086,0.0569802673034543,0.505784458398271,0.256379420134272,-0.345978831062077,0.113374967904505,-0.550560075625779,0.109685059257571,1,-0.999999999996342,-0.433205914758439,0.271903388275505,0.815222148013371,0.137553304248658,0.741929341927745,0.129678767859119,0.435867692398183,0.152012062455713,0.706134848528284,0.149407551909653,0.703611682699958,0.205538476698549
0.87586778094591,0.121679059637916,0.946483542422789,0.151475902960016,0.175197520086504,0.0482014348133092,0.385696926094813,0.241954535486772,-0.137459632041866,0.0710703026282656,-0.422033189372718,0.14318599390696,1,-0.5287959386849,0.266753688304034,0.337922097025195,0.445717914462366,0.167560212376864,0.663069129670678,0.129557543988395,0.426425164174014,0.15251260313895,0.752922268585271,0.135327243291713,0.531423675867079,0.201060492557021
1.15450813714748,0.133541150964351,0.778641696760235,0.152051861868037,0.270562725543276,0.0712853852587245,0.551688461000187,0.355539292886043,-0.338817372648181,0.112136690852317,-0.678911419309439,0.0722572632690765,1,-0.876970001251133,-0.0750305095974553,0.301997639937234,0.894604683057594,0.123793006207294,0.681742297190336,0.141626508233669,0.438893411960867,0.157957621894118,0.718939067773919,0.177209448158263,1.01492855964029,0.166161708381804
1.23059304598811,0.168988565994359,0.932238831488923,0.169082535581437,0.389965341496092,0.106789111590521,0.583464462158698,0.317168982821549,-0.306475005854486,0.148409567429266,-0.745422185490173,0.0645345204780429,1,-0.642502544985281,-0.251711766130836,0.417759885569399,0.753288438789795,0.178957526980034,0.82655677866116,0.131965200237105,0.856108107911749,0.1362132617841,0.923343211996462,0.164379985260352,0.948738374062133,0.191022506081235
0.943888980181369,0.117221171598859,1.04554980280256,0.168082654863848,0.174061009053718,0.0480714075329844,0.755591628421188,0.383872912456761,-0.170070142077209,0.0859764363685091,-0.578894767841797,0.0975547181116976,1,-0.468957793117861,0.0729585681259192,0.299264483116404,0.634784125760487,0.148861449628833,0.62466697456901,0.129225761915441,0.590075202514795,0.144270383563467,0.829326028403027,0.14774707049535,0.667692939078424,0.222415281469855
1.01309044100594,0.104697687386119,0.737499022798379,0.149961197719426,0.195692160455771,0.0480531984486788,0.463334871146838,0.22042795935671,-0.248242421720092,0.083618746566759,-0.336353297932126,0.148064477967614,1,-0.824407230082548,-0.01466363334276,0.27699076309797,0.737777513479704,0.137072064892263,0.524058838537923,0.127002748549826,0.701376299332905,0.129066376376974,0.836003786594704,0.13480766457804,0.758052103127584,0.18850900638581
1.00351045895506,0.143299307992627,0.963289632563827,0.162053885068721,0.335767174630704,0.0918630103816669,0.470845818228511,0.257321323472543,-0.302528419118517,0.120923689536436,-0.547539902117284,0.107523014098811,1,-0.760865164890829,-0.0104666983476971,0.290295835314235,0.668699662883171,0.143703820884145,0.801606826039574,0.130053819572229,0.713449159779579,0.159046717842511,0.580820070721835,0.202681877233478,0.760622330966119,0.225588871918644
1.11058045038821,0.122953516681658,1.19373819905536,0.170127842653027,0.236352169293285,0.0595199987586952,0.507888205022264,0.23781997639913,-0.31196631086345,0.0974833936606838,-0.62231338550227,0.0767971214815161,1,-0.90041731388719,0.150000036590568,0.309412947342745,0.618704644497523,0.141484202796566,0.89038861301704,0.109998043749326,0.877670146346433,0.146594330112953,0.562722620225248,0.174549424648549,0.815370907001427,0.184050700584038
0.914059193220078,0.109937039998764,0.843462214110185,0.137005766478357,0.211360552980054,0.0530244419929735,0.2378279055675,0.19382146962551,-0.209907977999342,0.0817848152517416,-0.564847358001084,0.096025420608715,1,-0.936236506076466,-0.0187975027226288,0.266011416934752,0.544009572898619,0.139155474331066,0.675377678642755,0.127627912624607,0.506418757995094,0.139504682803901,0.610253191748536,0.142683038619874,0.386581265524832,0.241604228850122
0.944424543177603,0.119243596765284,0.957586315025537,0.161517505198728,0.181915213550473,0.0572722538212281,0.633897218296057,0.288522687780505,-0.223188522045066,0.0823454899615993,-0.567628894515306,0.101162760147145,1,-0.657245956641684,0.0503875304049835,0.244502369236358,0.637114947960069,0.135621815712854,0.548873003897088,0.143454067508047,0.581787527259458,0.151177058770694,0.344666341747448,0.180471043459944,0.686632957592575,0.188123665923903
1.04928819776465,0.135407265615143,1.04629958456604,0.184868481658401,0.176795125063912,0.0501080811541629,0.678201462888606,0.318864354546584,-0.210354065561355,0.0811174872714015,-0.562985865023074,0.112994645093988,1,-0.607486185327555,0.328859076489308,0.336726514231019,0.657848045815962,0.155503713052461,0.617610272287828,0.136857673925068,0.704703484363781,0.15427089477498,0.519934020343521,0.164433184475768,0.653960762130114,0.191470434649644
0.998500077857787,0.133555605880026,1.2988417313073,0.217563221956385,0.302535332786564,0.090665321352433,0.785291090468995,0.341366442139505,-0.278577447799836,0.13654806465557,-0.602527296736075,0.126638716821448,1,-0.571534654760212,0.0511300412215275,0.299239605821304,0.629592232403303,0.158381646206416,0.825599339285038,0.142195831132024,0.755153276821487,0.16592741081195,0.825916247853917,0.16750449945443,0.308873041934551,0.252948153560346
1.04450139685516,0.130109352783031,0.933751779623436,0.147517212304189,0.204344686555477,0.0595526529239299,0.462265419621175,0.263902790182839,-0.283071435243561,0.102471815926092,-0.584580390329302,0.0948594357855448,1,-0.921019168187381,0.453182786072638,0.314088040133759,0.659157714455684,0.134411019248364,0.463669383574242,0.13547695301412,0.845654519084743,0.133125465439008,0.238847861115893,0.228557261441539,0.505310281601482,0.201042121800401
0.760006872934597,0.0984774299605904,0.686257874924515,0.1394228286083,0.171059791418732,0.0455578139337924,0.180776278740628,0.160871239829504,-0.0810847416390587,0.0631689078209416,-0.468705721540335,0.121112655117154,1,-0.461099283168839,-0.0977031695644022,0.284072306776558,0.60423241678529,0.124599989983648,0.422927854256973,0.138287944110234,0.415370943564741,0.142090973830989,0.448456108824258,0.175996809770283,0.63934100909956,0.197452147794699
0.915849647399768,0.131524602568076,0.893880233320653,0.175063837631498,0.206451971007177,0.0588720776773589,0.890114883424284,0.373218574877356,-0.30354844515592,0.110358476267479,-0.441108558685537,0.14480241338665,1,-0.708101418698043,-0.0359182216902469,0.306727150464813,0.617330219848106,0.156611789610714,0.568904571939082,0.130596680282835,0.547452068244947,0.138692909152621,0.77726169192364,0.150494143492908,0.678423431934228,0.189524115579098
1.07052945730796,0.122017802503441,0.791217078833806,0.145716331323517,0.216116089359862,0.054338049646248,0.527093180292335,0.270382439002764,-0.260833570435511,0.0877411722832112,-0.511922700725158,0.103172067422902,1,-0.772816235939268,0.114968774102421,0.278629027798368,0.68803790537793,0.139165776462999,0.715241003652933,0.113584298507716,0.553360026196378,0.145453642728474,0.821227635922771,0.137181246607368,0.657753842257134,0.199120541895408
0.941291735111172,0.137776010468273,1.06962403588774,0.185768288249722,0.344002329486341,0.098176720202354,0.882289634622616,0.410256235172529,-0.362133416536419,0.150473618944795,-0.612478002624705,0.0973419682136648,1,-0.65732828688135,0.142412181467401,0.264608502298882,0.435497738295973,0.147920288940953,0.753026406606958,0.132072295760939,0.732831242034161,0.153931094374962,0.838693703713163,0.17273891266067,0.717758654375528,0.234843632978739
0.966013467208606,0.108794743677302,0.947415434226691,0.130407148003484,0.195327613475616,0.0491749746928137,0.299436820935335,0.154883030844575,-0.241843502272645,0.0811858181708047,-0.615470202834661,0.0830562490124571,1,-0.999999999756144,0.00690424535663448,0.264211767099898,0.300943828174853,0.166527725087921,0.869866927466503,0.118534281021641,0.569078213298272,0.145968606223549,0.564612966550132,0.150629536455689,0.516347981032914,0.184584246244709
1.12557945397371,0.162962639591534,1.10179328700938,0.159677058675853,0.288011365029804,0.0905944977148952,0.356915797152703,0.282993584432207,-0.203418565548026,0.106574999879473,-0.755214728654288,0.0576645276157274,1,-0.634458017075819,0.523948981387848,0.324935586023577,0.755432788841274,0.151540909001049,0.644407065322652,0.1578561478688,0.734778170332338,0.163244613417166,0.676396016129708,0.180754778821274,1.15472308116982,0.199221981683251
1.1585324942924,0.161131413441841,0.761601372057847,0.173994562288815,0.252983053052908,0.0717693554747032,0.508136700837488,0.348495065813804,-0.253985534453784,0.111392417820295,-0.681264242587885,0.0888668806081143,1,-0.708390920135154,-0.204418212866143,0.337301694904115,0.855535070700787,0.142471372148438,0.810759204881055,0.13543552994619,0.78156559667675,0.157858715910263,0.751674604290362,0.178504487657781,0.458913865955625,0.267502715772042
1.22166948123914,0.148048994070473,1.42810973590778,0.25503839572411,0.261846474354993,0.0747491128693517,1.75610039616468,0.735142355444138,-0.371061004754252,0.150522327046421,-0.581041307681429,0.104782733157081,1,-0.547201501542309,0.0325159227809975,0.348555730155403,0.67409541283812,0.179959428019418,0.864945637177853,0.14081320703904,0.799110404482792,0.161428806633406,0.799134927825764,0.149081867807348,0.672388601199708,0.1832576272221
0.951926366504706,0.106476772042073,1.21696694164608,0.162027961115729,0.241075168739158,0.0553999517072038,0.530612507131527,0.292871810430458,-0.137943638973399,0.093834543489463,-0.472470424677057,0.119765792559826,1,-0.385688506906739,-0.154241726106919,0.239023038736129,0.652544357391379,0.111859639224661,0.77241636791177,0.116082534545364,0.617922147120051,0.133831055522689,0.604776907174659,0.178391276108333,0.895271139726585,0.221501714951985
0.912074106009358,0.0992537037317573,0.839602327661348,0.152285956206444,0.232849030202293,0.0615409349220458,0.646940732563179,0.337600774977812,-0.184482178340589,0.0947827497348391,-0.442011697437967,0.128144047848581,1,-0.475318757673534,-0.260272317912665,0.258614684544139,0.848163035499687,0.122977563622766,0.492577210749988,0.125126209560781,0.697387294768041,0.139149962160127,0.558590673435688,0.188945329558468,0.26327582542495,0.289856015202845
1.03450758540328,0.138492354481042,0.913051223193119,0.180081038153668,0.254473538534647,0.0751477296221656,0.372072008725863,0.263734934840846,-0.166125876891817,0.095993783250029,-0.572616778289338,0.110008313561995,1,-0.539886505616851,0.290612368526108,0.26978630473359,0.718955531957826,0.150406248616461,0.792075506910562,0.152791250605819,0.478843754438885,0.165697822903377,0.770941683564895,0.161696083621255,0.896621550139111,0.202628441912686
0.837057474964338,0.105468874207917,0.818460110138463,0.122919347307531,0.161959049738587,0.0422663251176069,0.0362115504376924,0.147316261942177,0.0382771273068304,0.053313584246536,-0.624451542597841,0.0740592779161073,1,0.499819466476459,-0.165095137338368,0.282650913248694,0.466394510165253,0.150788702178133,0.691364418741971,0.111000304328631,0.752917084132467,0.130809002014002,0.504081618214085,0.168637350678751,0.449183360469315,0.195184691869837
0.769841568537382,0.116339159320662,0.83609957137158,0.161165932912463,0.263434452751314,0.0771067378145417,0.404608166950224,0.233447649133172,-0.26166900839208,0.102638279566981,-0.504655841897465,0.129083736623613,1,-0.801491055270687,-0.684818314884865,0.269873438432231,0.624774165269181,0.151178286224944,0.815264544518094,0.120980642871217,0.641908236063399,0.15539492131309,0.752484213763486,0.17038188509851,0.379438221976853,0.253096825159458
0.966257679575052,0.102745309022333,1.01813375008208,0.141979128973736,0.236461817072765,0.0555698539306212,0.329761092824124,0.224983994701605,-0.27924166379122,0.0976965302135522,-0.571148655967984,0.0876118062628821,1,-0.999999997356849,0.14578454769962,0.278638304408433,0.785472754137378,0.130462923195123,0.432741161960353,0.129233056457001,0.681843368847666,0.128713745351378,0.578803522599307,0.172587712638546,0.439453914946607,0.202674165117714
1.11650243492964,0.141609455679411,1.10263929798515,0.187122147511321,0.236738480499198,0.0724426906458723,1.08728559287558,0.456350007947055,-0.284290252272328,0.127405464494461,-0.627198628685244,0.091502312572591,1,-0.560345288024671,0.40397081829267,0.321916603557933,0.682201629448334,0.132731848493027,0.96620578280565,0.129274132177153,0.707114404323624,0.146637149140793,0.531465672272267,0.199969763536456,0.920705416799857,0.208995628614415
1.09755764317479,0.138627278465726,0.975726318854231,0.175010559573472,0.409838984856521,0.0991472485607525,0.344475533405786,0.279890589133389,-0.232236784062528,0.125893454194087,-0.711039992268075,0.0631444175256979,1,-0.618080702874783,-0.314126911803965,0.341919545013153,0.879691751998967,0.125432973147728,0.745033297666047,0.111717158099775,0.652244577284221,0.142099118247729,1.03276871442573,0.140891151413652,0.605131552618477,0.226050169840372
1.14157468167615,0.149004518070001,1.17224191594275,0.175971104292203,0.373741644413263,0.0919548383562462,0.383112080852643,0.339531501541788,-0.134170215440132,0.103389303935432,-0.728034700387193,0.0653168641495059,1,-0.35457445789302,0.257867408020244,0.358604214567783,0.801730678764322,0.146264962893782,0.724569000704491,0.13341608616798,0.920248695876377,0.119618987898173,0.916238931910012,0.150285856926531,0.817847753253763,0.193867980212624
0.959713057378651,0.110914016421328,0.771370314949164,0.144936120706592,0.176535538325896,0.052986522438071,0.266088387432483,0.201386802939244,-0.197860324475952,0.0844629592472965,-0.617781743498352,0.0971067549822969,1,-0.912913612764952,-0.0166570389938865,0.299285136291184,0.619556487396753,0.156293103177121,0.557437592772331,0.123118973617623,0.667457969386115,0.146747911012207,0.705887600565885,0.156879758047527,0.261843590912503,0.227263067085037
0.861546271736393,0.0917513144248028,0.764036822680908,0.117195548324011,0.191569348615213,0.0443538185556303,0.104848839286413,0.0797670348608148,-0.141724464525419,0.0585381251347606,-0.551386121235388,0.0743688190248147,1,-0.999999999996448,0.0290565081573578,0.264370170122881,0.443562103679196,0.135929555227083,0.578884778073201,0.109540245078644,0.678457654973956,0.108021837945629,0.297324157975877,0.172748926582314,0.643169686745325,0.185596770665694
0.979580932773901,0.12292314367632,0.72466998402699,0.153463276048706,0.236411253680083,0.0636916799745356,0.47163539583405,0.216598011753394,-0.26058269980678,0.102530881627328,-0.68325710283393,0.0742782677205397,1,-0.780383917683774,0.0555992126799086,0.298462293411469,0.635624594547266,0.141774930538486,0.685590122379753,0.131840572641649,0.717315715327652,0.131848599674498,0.843736244993174,0.148345595452552,0.699338038883021,0.229334523427109
1.09975785115532,0.144072666562199,0.8008929120737,0.19937723931141,0.260116933742635,0.0759786396268327,1.36147408391577,0.509759347070499,-0.328399203532684,0.12886594825479,-0.660559824165579,0.0898411880495834,1,-0.551839892967318,-0.420971704645626,0.349618379977042,0.974927093260642,0.152028775841481,0.840846592560748,0.131824933046648,0.556919851956539,0.146841235242954,0.838942130194898,0.179568739769337,0.604717065399203,0.251657268102595
0.912067272304048,0.122055642534514,0.924575266088914,0.158938580725849,0.195896347333144,0.0482163909900512,0.42248724507682,0.274665838016429,-0.18443871126266,0.0709134996934617,-0.591174054823771,0.0876046829315156,1,-0.641109347186421,0.122724135662749,0.323085956822728,0.753413484660821,0.138137050129956,0.651315109459947,0.132168424216674,0.44797045896431,0.150914805159524,0.821963961011424,0.136202732760989,0.446612023449034,0.212757068823766
1.14746894543096,0.149873032080274,1.01713558974908,0.15092727366826,0.290091156722382,0.0806794075480554,0.419956392921475,0.334471715554613,-0.132542473540464,0.0954902744783177,-0.569388198305775,0.118102154268255,1,-0.379739459530547,0.102664503429253,0.292355229025121,0.819708464916725,0.148267267479171,0.552175010475225,0.145623732954528,0.843446853742022,0.156567213809322,0.758241827253049,0.161409966176842,0.463378218087454,0.210323510647743
0.873153802721803,0.105580338792841,0.893796565662937,0.151286031685394,0.190823010654659,0.0520116345645914,0.344471557786726,0.236910980795003,-0.0894509313646892,0.0719266048177471,-0.330712607245647,0.138700475163084,1,-0.348893445413396,0.0928759645874912,0.244349843480859,0.551722653412077,0.133248712218036,0.504461144050405,0.125760756735776,0.553128013054044,0.149400986900337,0.705483442310101,0.161456381962685,0.29245269971721,0.21517846840874
1.15364367619956,0.157685246539732,0.99760393296283,0.174189650664925,0.353942618297983,0.106368443940079,0.565778792306292,0.335851585203021,-0.350173467972933,0.146958048294066,-0.736149157855454,0.0772239140249619,1,-0.782516449032298,0.344631887821269,0.301809291282944,0.710871938676499,0.145684277430085,0.76199876574646,0.154310686640432,0.813567813999038,0.150146694008921,0.936422746331076,0.16976034147229,0.754249121192858,0.218195099873781
0.986951633121784,0.125458516814331,0.878494181874152,0.139551302821426,0.200669527014285,0.0557737701261021,0.187658131369273,0.174100072845991,-0.159363729098969,0.0656093486483101,-0.609889248181054,0.0929374987969919,1,-0.821230511307841,0.0905863233218327,0.228895564135345,0.626170906376685,0.143504433558997,0.621014997100639,0.133099614779621,0.774309294367049,0.140430975883019,0.79209645215342,0.167820557841882,0.617896693678211,0.266464555572346
1.30874807232704,0.160018515174656,0.976309295766548,0.182436211596191,0.323938536875536,0.0915357616838315,0.871223832161576,0.352432006029341,-0.252403263329066,0.115625694104408,-0.761111511131361,0.0606122162689824,1,-0.475115046070893,0.0410008535301672,0.336005294784446,0.867528556371527,0.135594302221879,1.0504535145716,0.134812024044277,0.844858419868325,0.156124022439801,0.969630262935547,0.174290072554516,0.584541076521232,0.236005747380444
1.09200159577752,0.130571899145248,1.00231011267709,0.20334524797814,0.234723678018499,0.0694707740338274,0.959637152887522,0.477280017295457,-0.241618765297462,0.109780147060563,-0.612408382086535,0.104672588848392,1,-0.509094825723644,0.143312998675218,0.287404441990535,0.757809412038821,0.1327186016561,0.5995187249616,0.146064993647768,0.737250685449664,0.152910072067665,0.600147170014052,0.193312662511667,0.93197486727764,0.191547949791733
1.11671108610507,0.135616074962695,1.06782613193805,0.161467948763106,0.323545844446779,0.0817596208518753,0.362990025608428,0.259863034288067,-0.11253940957187,0.0942674137178508,-0.680719887937618,0.0630858605873365,1,-0.328389583973274,-0.00368963988470232,0.303760200768355,0.692885612950188,0.14283172968402,0.929366267879991,0.120393232907746,0.5427056447541,0.149069374449876,0.898680865657683,0.141405892016451,0.918215124192978,0.179050591493638
1.03023610684064,0.125794621829588,1.13245958473091,0.191188260244496,0.302187476209311,0.085359697261718,0.855527193258855,0.386955482741306,-0.410150124869501,0.151123730183887,-0.713650219002871,0.0675182724334521,1,-0.80665477352486,-0.180927667160717,0.262389070900486,0.71029637113444,0.133365676326568,0.849237870116657,0.130651846132414,0.707791656418171,0.12882349597562,0.80667309106354,0.162745120001118,0.936529764225061,0.182761676795719
0.931888342897122,0.121297740810652,0.950579500608697,0.138368711530604,0.369675357912473,0.0808432194112201,0.318369076663377,0.17456861761246,-0.29477498013351,0.105629230702271,-0.447829081527544,0.114222263447753,1,-0.859240875233151,-0.242781556487927,0.340633645641861,0.75941494075694,0.134138886616068,0.705722283451496,0.128037625131112,0.715800215004102,0.127317631482283,0.724390143404598,0.148358425080331,0.249795992627092,0.195486842430794
0.94305845264044,0.133631000769728,1.10703643399201,0.17226249951218,0.302554479269899,0.0712385099030021,0.547131063912184,0.264607365535977,-0.307752629127178,0.120175489272426,-0.555363660400608,0.10764681484525,1,-0.756404827314751,-0.560315585997487,0.304715011828233,0.829877645223256,0.140604094851225,0.751263588409012,0.123708205247265,0.830446625349281,0.117404629807654,0.778909857272605,0.169178112980053,0.787922117485702,0.181166006565083
0.808904754984931,0.0865201433171692,1.07392605167475,0.17207124202662,0.228320184569,0.058271891870102,0.728971416858936,0.348474038250533,-0.363857745775789,0.113765206398601,-0.456447634833223,0.10626891527842,1,-0.891875473915569,-0.0495236049722068,0.267453202787152,0.507522348952407,0.142733307521285,0.604072103314819,0.117476346863718,0.558794785123071,0.132560370210993,0.988801137230365,0.120277067743736,0.584868345235957,0.260053616267874
1.02224351240454,0.129692726827692,0.819079896766955,0.146036603631696,0.221677343365642,0.0616192815063976,0.513574610198206,0.283890391741263,-0.237999750530059,0.0904435678524954,-0.51384160305932,0.130786589619489,1,-0.705365274276452,0.221539974863165,0.301088661542803,0.5581354000528,0.14126161052371,0.664923809060309,0.123544335396665,0.708797521826368,0.145678201723092,0.374680696026113,0.197269615543289,0.794367592617235,0.170508546322574
1.05454390496197,0.12756544415288,0.815169872187485,0.144703705843489,0.223816726198357,0.0603910224377598,0.653368686131948,0.309503067928075,-0.285209354239458,0.092565565078309,-0.526114691662217,0.1082791895428,1,-0.74582740580807,0.48012481055788,0.266482886888042,0.517089166751341,0.132290828405839,0.659545992667805,0.137911590997515,0.729001097919682,0.136604425449512,0.555031287023364,0.199335706306876,0.607470054774496,0.186155590589054
1.13792439366555,0.14750219968118,0.929646410029942,0.184590040702203,0.377898948913442,0.118000959844922,0.430961140764173,0.339794606605807,-0.324350836564064,0.16679913973198,-0.627001731641705,0.0891189451406306,1,-0.803726197381765,0.214663346737937,0.310328308497727,0.659720813202742,0.14906615709078,0.74221965399348,0.148985126924834,0.684070532804698,0.157518093726161,0.773582607420943,0.170128996333895,0.844237801661745,0.200959670713283
0.900572541511921,0.122211588367233,1.02515104544969,0.173696156256958,0.168814277064603,0.0490047718620509,0.508465521922701,0.289837367792976,-0.102941466572032,0.071495220778115,-0.638678512568267,0.0941887939255168,1,-0.351362177406968,-0.479870266101836,0.332533927405068,0.850085961249637,0.130987294133692,0.827653880073139,0.130807147165849,0.523706686317059,0.183181419925893,0.736890931946879,0.167343663082687,0.7827457391885,0.194162480522146
0.879285085720039,0.118690756970587,1.08162652967164,0.173659882893523,0.255664029194684,0.0729767347799785,0.380070849073301,0.257368847462683,-0.167600581513621,0.0870135714946585,-0.491086120537917,0.122121729399399,1,-0.537660864623323,-0.358888190862669,0.328756242907837,0.771206570487565,0.139786956863003,0.676926697739244,0.120838774950651,0.671765512827418,0.140782362892048,0.723204290629416,0.170508779873442,0.373523435619329,0.236749770839333
1.48712699783145,0.189410126179901,1.25094935087479,0.189455221595992,0.37088112489758,0.118117118060746,0.289688052573412,0.252700967295204,-0.291155241187174,0.114178727796886,-0.708006050389914,0.0859686247526114,1,-0.888263781889508,0.582809312290028,0.356789590488645,0.841871713750383,0.136748850912648,0.932178949129222,0.152943511995052,0.844584902490506,0.161281499511275,0.782724662206951,0.20721099198301,0.867807233159184,0.230432601989449
0.99331929746461,0.124172563262852,1.00714746776254,0.178016927008279,0.261436954109745,0.071942817565591,0.577368367001458,0.32822066201926,-0.260335325663548,0.118014076633454,-0.674963040342051,0.0811038768627576,1,-0.670074548286627,-0.127357888545235,0.262393732703864,0.637239382981423,0.159281989154659,0.680922597029063,0.132555734954965,0.702559927383118,0.129354028416508,0.81050620441305,0.165776473612672,0.833253328437723,0.213362643838365
0.922365271486452,0.137029937937637,1.44871996135949,0.187748922432306,0.339441433393318,0.0860521748925045,0.48279200109337,0.358326037511773,-0.315127889872794,0.127323841407484,-0.698961742766347,0.0624912465642734,1,-0.778438634206931,-0.0959024890194357,0.332058975866245,0.785615278241487,0.118212922083004,0.78243045927084,0.137228582880965,0.732202740378419,0.137761713935977,0.951188008866755,0.185760585601721,0.57625589444771,0.292710041294496
0.771811376470149,0.120201691050363,1.05427300596142,0.188916173017845,0.238347034358774,0.0577563563660317,0.816234485695665,0.420669262676318,-0.322776678046326,0.100113637321868,-0.388966842554153,0.1576536349386,1,-0.731795612766886,-0.215738542414925,0.357916475874527,0.62284677124858,0.141083440394905,0.587029091067112,0.131363475816211,0.599443737710463,0.149897883555345,0.499761423904644,0.169435870869178,0.390419789701519,0.197739288390076
0.888826932750989,0.125121969190123,0.989856800193144,0.162868193635464,0.277981257479232,0.0723356570718092,0.317699427575844,0.26312526824447,-0.210946413131422,0.0971010596410477,-0.683016218989911,0.0782745148996744,1,-0.709832976584054,0.0556220975213184,0.265829162658042,0.645957704142829,0.140218482382846,0.624898970061788,0.134570435865419,0.623032129862381,0.154082891997074,0.672516893308982,0.178013587419209,0.647335201222298,0.209622414966992
0.980582697136156,0.120233346510053,0.96894161372694,0.156830564664243,0.245551886852333,0.0569152978932483,0.150709358889028,0.106887571629437,-0.192371950765721,0.0807499618009789,-0.572664030427407,0.0930102335294351,1,-0.999999999998686,0.00618203218961629,0.293967700400119,0.675481469064092,0.128820532565424,0.636891436458943,0.123730053401981,0.83196584774864,0.126493345549598,0.511291107058797,0.166048773890646,0.658416781292622,0.171363986954823
0.965398971113756,0.112145478291288,0.937095245113748,0.134095839882184,0.14001265385568,0.0380074412036449,0.175064325935966,0.133871492450203,-0.116925922774519,0.056329078634013,-0.670063127845612,0.0732044408681526,1,-0.746841313918278,-0.0345843410878832,0.276975714862744,0.658888898815649,0.1199269871292,0.604289712212134,0.12240193636793,0.683294674628521,0.151010903545184,0.400330516455783,0.178201617940933,0.747273625620563,0.166646053350314
1.04494830377778,0.133095556343726,1.42379305907464,0.162772516756703,0.302038206915414,0.0711444577649651,0.245332965233647,0.251639219535589,-0.210799029423712,0.0969350492331313,-0.709659023220585,0.0647742559011238,1,-0.774389955654974,-0.229338691127095,0.282701065035176,1.04535326096208,0.109844423194107,0.922065698743585,0.118389770796959,0.690352301368594,0.149314736659345,0.579975215951512,0.176422795600544,0.997773668283506,0.168261696827505
0.991511305362054,0.119129494549564,1.1083497414423,0.1665621617844,0.281906655368827,0.079332684615562,0.267744965602934,0.235897086614433,-0.198727280207163,0.0941891180785621,-0.526785098541355,0.127010493342235,1,-0.723342807624766,0.258180435256032,0.266020580774718,0.766029957834854,0.137378744685557,0.506599235432459,0.146618669906551,0.846813109980923,0.125963159049263,0.258179184393277,0.205929207155769,0.813925943957771,0.178915378429914
0.950307735674466,0.100157221544361,1.00874249278208,0.137379057185992,0.18429767997064,0.0437054783937085,0.231323819102156,0.231626682831461,-0.119889521699287,0.0650602242497595,-0.4445430281758,0.118225288359836,1,-0.580645569527656,0.130782023176963,0.264544100801028,0.656195340078667,0.120873004504852,0.543937848283798,0.113745420012661,0.591206037454907,0.116172392618844,0.609039116361029,0.143451335293484,0.250531526103399,0.225822869273188
0.979165435774358,0.134047174750961,1.18747235577845,0.175185900788969,0.217151700678065,0.0630720966981574,0.508153080129842,0.303654004169979,-0.247006720506547,0.0951110152505206,-0.519556547893697,0.114692408276222,1,-0.743583716846501,0.00823462773318259,0.355002567367159,0.673186680004147,0.165631064297324,0.754639279618882,0.123967834300172,0.653846019663373,0.155299576608529,0.710773190711076,0.151625098436349,0.824330725180742,0.174594946982923
0.963926059875021,0.11522186035208,0.83060821402781,0.16284340402709,0.168797179960356,0.0414564850099588,0.633686234800752,0.307809609057295,-0.172365988872382,0.0647005035827553,-0.513124560121123,0.121455173879817,1,-0.527025762497756,0.150775484042663,0.272331661005415,0.592396147781978,0.132978756751654,0.49609703567137,0.132492834327816,0.5597498738617,0.150676921637055,0.760674952232063,0.174351700052367,0.366221374304461,0.215726629415783
0.980440640591495,0.112171297900085,0.989374958174811,0.14329273249941,0.186572977260554,0.0500047832177475,0.195711035136223,0.1628051818691,-0.171887077584283,0.060404192308096,-0.464913322592467,0.111437636058125,1,-0.899520778637483,0.0736888513697671,0.25648118095346,0.663556128911866,0.128868172408546,0.712844031371615,0.121043049947505,0.481409938655836,0.13305605422618,0.638977051754476,0.179407343461269,0.301515222244191,0.265158401835916
1.02123575356347,0.147444864640757,0.770314457772877,0.150417621499411,0.316138836753615,0.0969945973621163,0.258669165173833,0.203482206349903,-0.172367228005748,0.10300933925117,-0.632405293671902,0.0792007586772948,1,-0.602758635677394,0.303809064613773,0.320593565149577,0.562032328285631,0.155206651351637,0.631504701848517,0.141571740752879,0.535649072079007,0.180443388647872,0.740498064528086,0.157228384391639,0.829790114263232,0.169648977730468
1.05781684736606,0.129643406270446,0.787683883158501,0.151097174123245,0.272067049590307,0.0644570503920267,0.438285238656805,0.299924443952814,-0.25227972133191,0.0977690773569746,-0.496127018147504,0.116408321856067,1,-0.730576918387749,0.116405025142545,0.309876048254943,0.803098943421492,0.132345466506085,0.616704066604589,0.119553835100225,0.573646141808001,0.142974704554137,0.384966994454024,0.196470648366877,0.815617390275905,0.152071284791392
0.920331664191098,0.107019622101882,0.745644191343692,0.143183358702239,0.201226672709911,0.0459769683848671,0.298179907361411,0.246457243663164,-0.188566971207907,0.0850279216622508,-0.569968596823234,0.102273203294012,1,-0.769810205994749,-0.165949203475876,0.298360260659547,0.644359080454891,0.150164601753639,0.715196442265899,0.127768568127668,0.362067150892494,0.151272412691696,0.582673711967517,0.156013586565478,0.5661984092974,0.174547567219614
1.01436949717144,0.135788666581398,1.09599153201099,0.194900552036151,0.245287991575957,0.0707946367343813,0.895334766004147,0.377287314189334,-0.190869119580389,0.0847863221450964,-0.542430874676492,0.129663365541352,1,-0.407290989561387,-0.198596533893465,0.296371120810989,0.756762680844152,0.136526793459841,0.680247161770062,0.140833951960497,0.63036948451415,0.155207353073432,0.65745210553344,0.166556555084778,0.798473475023307,0.174384125367003
1.06600388437566,0.151400187382058,1.41014895635273,0.200080759601756,0.406218150974891,0.116598116454171,0.225012716694316,0.216559336066655,-0.246344391696963,0.114441118642877,-0.720843151894722,0.0688928353533993,1,-0.814815881960159,-0.240899481059329,0.283153228871795,0.917926679705816,0.144039851997502,0.874218021691008,0.129362415851403,0.839533998201898,0.146519574062732,0.974033011996659,0.19596015162407,0.946151854784149,0.225724050697784
1.04681005040301,0.121458834057757,1.02240251520507,0.194022894126657,0.265772249525706,0.0746390200141023,1.14732785791583,0.482113080517029,-0.350591528111316,0.132014617135469,-0.575902746667514,0.100317321024512,1,-0.634896352200666,-0.260946718936062,0.267832780978503,0.761426559431741,0.141185704903876,0.782207016556628,0.128504104791879,0.74925550353384,0.146363395719399,0.924820190078983,0.144897836580389,0.662328462492324,0.210217532574599
0.949162728878067,0.111947353248206,0.861744074389019,0.158265246201294,0.227291401801856,0.0579358388482474,0.274639030055939,0.260396369748243,-0.183339212206733,0.079387943383278,-0.645985816456526,0.0693125000637094,1,-0.733808484726675,-0.0301017731742528,0.235754766706013,0.575285532542677,0.14851288570348,0.703421479954911,0.12142968579786,0.632019545801648,0.139241801599252,0.698517547866903,0.150403102355064,0.639994237097239,0.183789780119645
0.880740556772194,0.118907207553976,0.898622556523014,0.16174801854443,0.271591596162113,0.0688219720187643,0.70307613254281,0.382535141807241,-0.271890741957733,0.113988913103311,-0.422474203652174,0.16526553533655,1,-0.622207266232164,-0.293220374053301,0.325321527909204,0.685003306636321,0.154137466885464,0.600749928616918,0.13948084504256,0.744628253541338,0.14140286512111,0.667140776546698,0.168970106527751,0.441164667369373,0.220001423282536
1.10554406033423,0.153353786313994,0.97622670860399,0.169085609434838,0.248445643155944,0.0707094909780183,0.69621804883483,0.33095024465776,-0.24762774088983,0.0979244823633297,-0.61169945800325,0.0848557274390987,1,-0.595402925362156,0.194589691435877,0.281887897029645,0.663886715762199,0.148283778043387,0.926139265428503,0.133904161418292,0.540644631363244,0.163530593041429,0.655542782870491,0.172489054195143,0.482679329747302,0.210268423938394
1.05202723769895,0.126389994190567,0.70574346393591,0.149273095258593,0.210510789310191,0.0533276377887186,0.436320617816129,0.350057530030449,-0.165230091770531,0.0814512267919067,-0.541740289397837,0.104054414346331,1,-0.545191525466404,-0.269858897730849,0.342948671204846,0.753348018467199,0.141154359596946,0.818030291695133,0.116284635471586,0.471656813082312,0.144824196144405,0.881155119212128,0.147544363338336,0.49575652092818,0.184195560579741
1.17625344887986,0.165941724191898,1.09240521684943,0.18588091830774,0.369796822857211,0.105793666741908,0.87318847035102,0.404989525921132,-0.342676959467194,0.144694014916089,-0.573415128830448,0.128406320225657,1,-0.603044444223798,0.623331104074,0.326163512304778,0.743673297824275,0.164098251524922,0.654260015904735,0.137058749767522,0.731241672040868,0.164052674145416,0.849707709708063,0.181483266378821,0.564268098510154,0.210798002705263
1.0332775646802,0.132604420822596,0.855878248350781,0.169132689273278,0.2908052634377,0.0703613554763397,0.642719365502926,0.398640152365487,-0.143423639811012,0.110325286823287,-0.659905088681667,0.0750754292539975,1,-0.331748460089745,-0.099939094730729,0.336264024974897,0.741347534417955,0.148079432169215,0.728515138719391,0.143624537708614,0.581246258428019,0.122314542765532,0.941484104369769,0.126348086399055,0.709163408421333,0.213877505149161
0.952161027543531,0.112909928624958,0.870293066781225,0.148600278432362,0.248487068938266,0.06330415690845,0.203040567370242,0.218301556454522,-0.0518858259606124,0.0748754182557002,-0.596437349247251,0.0899812900915661,1,-0.230996515489802,0.0450053678820109,0.295201802721828,0.30443261651821,0.166843268324291,0.776089054296327,0.122371536433117,0.791547082603349,0.120462668205403,0.62918695170017,0.165344700824918,0.674493614587856,0.193546860378295
0.939248928372798,0.135141121581796,1.05974971363988,0.182926888104543,0.315238354218599,0.0841919934490515,0.671688814058753,0.37943253513688,-0.335057310198245,0.131618281235462,-0.598819589877778,0.113254139096223,1,-0.728141047170694,0.0846102866955047,0.320502356932537,0.550220139932858,0.153892417818938,0.900944983201221,0.137907905014098,0.575308231628864,0.15126478585725,0.798967619620027,0.172430546506088,0.701676784363204,0.199297415097647
0.985497775881119,0.104137634414698,1.22067638077687,0.192358590475633,0.247422481139191,0.0607431710179135,0.693434328409934,0.353529037287,-0.322369844724756,0.107375620585036,-0.578016292871849,0.0838598031834387,1,-0.778273355456639,0.0635589490145248,0.241783283785697,0.721718647973495,0.127579133093929,0.629035216735722,0.128374539422554,0.660219364699512,0.144678743356419,0.691399651505873,0.170507962431651,0.529434155863317,0.191632752076429
1.14408233172777,0.150950717320742,0.862999983889687,0.165040466035796,0.306088649564964,0.0730949561638837,0.504136254887583,0.297724221186014,-0.171665664861084,0.102311201985847,-0.634141136332809,0.0835066392716182,1,-0.43700445244498,0.0862254279416305,0.350849168198222,0.752146202896985,0.15000706926984,0.690152295317373,0.134953340894589,0.830477222443918,0.138624563636823,0.50388031247589,0.162372250094322,0.769337346921046,0.163726199074332
0.868946912871566,0.118939635825417,0.842657597807492,0.154297865218868,0.275087836776754,0.0726815540292077,0.590823586791098,0.313486321912439,-0.348425721110894,0.110905465569832,-0.583507513456997,0.101198069981867,1,-0.864262363686428,-0.673279070908863,0.373278463865609,0.798800180637021,0.157078126748323,0.631590777554973,0.131102560479851,0.448525654337189,0.143174282261386,0.672727916015311,0.170359607529206,0.849985373076142,0.157208365623389
0.946534625124313,0.118215628501574,0.895164148132321,0.121583848180759,0.181996334653269,0.0442684502735707,0.0736467609507277,0.0752298480619462,-0.115773228993169,0.0652239651017239,-0.457241013981168,0.128622733404205,1,-0.999999999977127,0.198181238266219,0.306659377833672,0.689287921573729,0.135835215655264,0.596720729090657,0.117305137784589,0.542801716033458,0.137346809948922,0.355763129313564,0.162341082191735,0.763350253322472,0.183480603977685
0.92457107314137,0.116493074023771,1.12493936801607,0.172852671762794,0.156233999178592,0.0451527991316316,0.492482655150212,0.292610968611267,-0.147737644329307,0.068486992180577,-0.536071591345086,0.113572848972697,1,-0.532608294138736,0.00411593897729167,0.275106888203321,0.732802591792932,0.132047673290184,0.542252925567087,0.1241946913448,0.72282900173632,0.142122018347039,0.652980966246641,0.196081672125203,0.614580053997014,0.234482916270313
0.860380814535056,0.11916849694904,1.23510740559458,0.204797406996416,0.249426904674314,0.0686888182341705,1.0538119266895,0.392304760591851,-0.353479803270633,0.131177368472185,-0.615861400509838,0.0946144211712955,1,-0.689463692976028,-0.213389726870908,0.254001094527819,0.670213091477961,0.136435090974035,0.657909404052388,0.137642663751155,0.440395385313417,0.153754185972155,0.763978895963601,0.148244598999831,1.08733841120447,0.176472663986571
1.07385475561908,0.119351444435027,0.811700781270995,0.15083363167332,0.234507650622686,0.0595915994828911,0.491270945660106,0.27760260709343,-0.269247088478563,0.0928848467294807,-0.67908795577954,0.0702086881992516,1,-0.793253446572517,0.106711554653438,0.337082346937578,0.704362309439977,0.153359943675752,0.47958046417786,0.141119332799068,0.870572680564258,0.132705306475451,0.604873043084875,0.151766849646418,0.737626275394004,0.169212344605521
0.867569937269688,0.110686714002896,0.923053796214656,0.150483951903721,0.217811620913624,0.0550498313278906,0.401723757044544,0.227293842980373,-0.182386728735176,0.0724888341512677,-0.436503762772924,0.12433856400079,1,-0.616579317407922,0.112385583350247,0.299860110366322,0.64133509138481,0.12331382669171,0.45775605824209,0.148475901412116,0.642079351079657,0.140347767906161,0.276259480355204,0.182262610900509,0.606534261094748,0.168517857300001
0.799268381010143,0.0904197038149501,0.921659270067443,0.147925592344963,0.17977849636636,0.0405815549622271,0.596036800820613,0.280753224647087,-0.303993959048468,0.0909052592032785,-0.511164713625633,0.0870513929377123,1,-0.928665996664661,-0.258415411335817,0.243012393428477,0.58913549385301,0.133676450819403,0.556013173718414,0.119518898875567,0.6820029363008,0.114265510835335,0.520498971469963,0.165876663238219,0.739201493048423,0.169882382629451
0.735663721827143,0.11847408611406,1.08593874836317,0.142440207328146,0.344266933150178,0.0782815659939466,0.469585100805194,0.247803428759092,-0.331142780224339,0.108716961310121,-0.570261531853106,0.0908991686401162,1,-0.82358889270155,-0.509582579852916,0.340300971004866,0.706082141960582,0.133419158632898,0.706864670866691,0.109679783442248,0.645626327694889,0.132904217199632,0.813159646180867,0.120500013752133,0.576508616610946,0.219376749095311
0.875493035980517,0.107925027085786,1.12122904248234,0.170923500299009,0.292318624888965,0.0795996387051132,0.374539103907199,0.205048434901671,-0.330884807477178,0.12015420627878,-0.603982598505133,0.0985677500757436,1,-0.999999999990462,-0.342119808068839,0.243763615520941,0.746094085189305,0.129617820489497,0.712261650298494,0.125221418357378,0.645819507973719,0.159031353680689,0.576451973630856,0.173118482181247,0.330938364201465,0.209564299769317
1.04309275346497,0.143429612847376,1.16026646060652,0.226781619464225,0.40201159645653,0.115266200779273,2.07060492419882,0.854213417704756,-0.656772829736148,0.240219670012204,-0.701180472099916,0.0732024132373285,1,-0.719858714096653,-0.139552598853317,0.295592963153562,0.68261599042006,0.158057895966763,0.908640390560539,0.128703223407448,0.665097612529856,0.156321552098563,0.930697623533168,0.191778359893124,0.856562962456665,0.193629205250348
0.870896440570228,0.110832591084243,1.18788700086019,0.164241802043239,0.243302270033225,0.0603059288448148,0.321511412540214,0.212206321725498,-0.108896129266526,0.0895673356226,-0.672745323169179,0.0729431854191319,1,-0.389350884587524,-0.112967740585407,0.294654595413596,0.635284661360091,0.129827534231139,0.6694887582487,0.127221018109674,0.799870105626581,0.13844120858842,0.599436388895627,0.164187222545436,0.599303213865842,0.236257612747344
0.773303093122661,0.115031743846625,1.04795221206139,0.174258474901515,0.20458544419147,0.0573436036538809,1.00386528347866,0.36413357388498,-0.321590533356065,0.102423027702475,-0.49662290145938,0.107943506109281,1,-0.709623799630462,-0.499248959249458,0.301508586330317,0.717245151844048,0.153613982990212,0.498804827261888,0.141294271992061,0.64224419523252,0.138951120863067,0.640324541895654,0.162722251937451,0.707254853563616,0.189015108747055
1.10475382047949,0.104297359874138,1.07198112314485,0.13659869736604,0.150801405186729,0.0402861358268562,0.307691750470764,0.146689485799038,-0.215407400837009,0.0692762820057812,-0.556648854995003,0.0982418119206155,1,-1,0.411132770571312,0.239561893096888,0.630681911514819,0.139998390374863,0.673798396507902,0.105606695719704,0.650717093634854,0.133325643075835,0.622437484154173,0.146020528177072,0.540409571761966,0.192942005079183
0.992428393898093,0.130390887851433,1.27457319737698,0.186060030829129,0.19216193286815,0.0532283627185283,0.676192163934495,0.309486740248031,-0.277653590241952,0.100279144464115,-0.373865205700905,0.159375335884667,1,-0.77025503788065,0.0983265586374593,0.297652813145804,0.829337838645597,0.138329268575187,0.491200747501625,0.141145248047549,0.641220485501859,0.139111367134013,0.70653121063265,0.178204195266993,0.571513358114883,0.19334527401403
0.864260514931687,0.112577589824861,0.783411139217315,0.168669205200758,0.276910612685491,0.0657282735770418,0.636568052988743,0.380107874905896,-0.32806350650796,0.114710078628471,-0.625754415990923,0.0942864152051617,1,-0.781386138402383,-0.329517485133881,0.300730208250904,0.672806965319761,0.145474212382628,0.728806191130353,0.127439150690283,0.486129975453475,0.141423940506943,0.788196027130038,0.143486317701385,0.412828469073269,0.216870268439998
1.10776732163417,0.137522467502575,0.97781478674822,0.162625729321024,0.273018795288302,0.0728862394544072,0.531489919951066,0.342838990514424,-0.235716558881949,0.119989102861299,-0.5349330970343,0.101132698377646,1,-0.618794298184337,0.201110904613649,0.343597016344769,0.729935684649711,0.140239520383685,0.636907409132142,0.135512333756549,0.663016729377525,0.138396469249538,0.863142576824206,0.152982565942755,0.271026642855795,0.215763934575652
1.01502944206628,0.11967962585725,1.1477247658392,0.169137055166096,0.20484828449473,0.0548087016944748,0.660393720109274,0.329623813786357,-0.164334281287152,0.0829065297135127,-0.62027431120279,0.08128799435427,1,-0.446797296636651,0.27226380859348,0.272919536225787,0.527097902965909,0.164821180500817,0.886108437879166,0.130192385417341,0.695851992077756,0.141427373094767,0.402020291646422,0.201545786595695,0.881267753114802,0.186338255198745
0.933199137952917,0.113729300445356,0.92942250840323,0.137072660550315,0.197980141015007,0.0481803431803821,0.212217625383653,0.149294284311876,-0.166632688500886,0.067152185317192,-0.484826987612865,0.130390826789931,1,-0.812940315017448,0.412242278106581,0.310848889763988,0.709062614224305,0.135479125274899,0.441523512947844,0.131155179174643,0.692822012134913,0.121886320006481,0.871435287999112,0.146396302729482,0.65160311384268,0.187586894364543
1.14755622922692,0.107236946088897,0.966861035320316,0.132059513760959,0.177944294324109,0.0403522141089733,0.361667617172444,0.178237594772378,-0.223357263023187,0.0654395916267756,-0.402839220597815,0.11615189434491,1,-0.88044703083198,0.409444336523248,0.238352481547825,0.753088244878772,0.11626498947035,0.519678146969165,0.1183731066279,0.719997687456673,0.113670545332221,0.429545513308106,0.162094399791937,0.842517710120376,0.161435481034547
0.849689132294833,0.102576003902007,1.01659239844327,0.13441902933161,0.169002857101102,0.0402184448845992,0.310679466689219,0.210908607861513,-0.124427384112394,0.0619192037290139,-0.356487149635302,0.131966153752548,1,-0.543016057191714,-0.203676073630322,0.27560885263676,0.7309323290166,0.12878825925414,0.569337972236664,0.128201008129323,0.474047947534243,0.156357327196667,0.550889282789803,0.152430169111659,0.652740163349426,0.176606097296299
1.0988075651638,0.132656832432543,0.920713258851709,0.141494638064863,0.231580425597336,0.0587828869554754,0.246710889511604,0.217368318944741,-0.130602597941341,0.0812145030560277,-0.419887783929621,0.151753056981547,1,-0.546395020188025,0.65464084529157,0.284377552840257,0.745342386351977,0.14105568613138,0.364597904937276,0.13948759395779,0.889227717403935,0.118472285345119,0.524466195126769,0.1724240480907,0.923055226573502,0.190158092841071
0.864196787132439,0.126248430302896,0.797450314512757,0.171879783307109,0.292127270173114,0.0803591535909986,0.531195681226268,0.316133387930235,-0.0784593029134451,0.103776439888047,-0.556614558173786,0.111677756651881,1,-0.199173303804919,-0.0242909203513733,0.284004632921747,0.558435630889707,0.140682086125084,0.635596935460099,0.137932928485887,0.669379649856392,0.148550779709836,0.707913522952485,0.150670399916295,0.478026951805392,0.22949600837969
1.07576056078815,0.137591528713346,1.00667826266283,0.16886967656985,0.231998686068603,0.0596430393097454,0.624261814254202,0.367044795050413,-0.220382220918676,0.092322136310774,-0.585401658861479,0.0937880968067215,1,-0.579095790023006,0.0262169139649892,0.333896798940165,0.807554582069994,0.135974554812329,0.759458523092779,0.118142348319531,0.775776580829862,0.130639204138916,0.477943201757141,0.185172184457552,0.550122198766585,0.204144974058277
0.997584691963833,0.105821614303216,0.839566086670189,0.14315347200367,0.21927296754689,0.053903723919785,0.289415877325545,0.195982295693366,-0.23128485320483,0.0826865553041932,-0.494437568461777,0.0916681872061391,1,-0.918107358800004,0.633480498576592,0.283123046556132,0.570572741032852,0.145779400943658,0.552423483724976,0.129255954313268,0.58963113877227,0.13731852210582,0.571160061524957,0.187735492531319,0.601834624788379,0.185256640262117
0.976677089034036,0.112695487107838,1.14485997018586,0.17974189597583,0.218685978015197,0.0595762508611506,0.775260653597181,0.383723785738225,-0.304142970833866,0.111648161071738,-0.620495286048724,0.0880338560256881,1,-0.738658064336822,0.0854702761887578,0.275962348886722,0.82730406844624,0.130634698008663,0.571822755544796,0.141618280664051,0.542600386360505,0.149881394759068,0.790809743150457,0.154167664277333,0.474060378279243,0.215887909330852
1.15095124100579,0.164901114433178,1.02479407424541,0.192751170988411,0.227323542567252,0.0678965267711709,0.788848225097393,0.426591813966515,-0.261181787826998,0.108354812364541,-0.680987722092706,0.088834519216267,1,-0.616771015494368,0.189639801621728,0.322512001295376,0.733873475300941,0.148387016143957,0.770031854285752,0.147699524474166,0.892635058489962,0.141244461193912,0.58523324882859,0.192695866011114,0.718900510981231,0.21611833014658
0.794908737531634,0.116328558603522,1.15643232936247,0.166107911909155,0.210642122663461,0.0603856209556647,0.487859863001199,0.25897566029116,-0.272526635463032,0.105350854956297,-0.569042522488695,0.099341366189866,1,-0.85013676593205,-0.00737552854876768,0.274450308631525,0.628374159607939,0.138240469314765,0.7039958346567,0.122063231463588,0.436138665327966,0.153926472457165,0.489781136246441,0.176751629198648,0.590716883751177,0.201714173349789
0.94990640596008,0.106996922542048,1.04707365485608,0.161828597202791,0.202367148326612,0.0515955228634538,0.546478211445737,0.304191667215763,-0.0825180792240382,0.0892567751759497,-0.595926301949178,0.0842231280543129,1,-0.248137658023999,-0.0249484909517617,0.287788770663638,0.705994801940962,0.132880910664445,0.659074939678761,0.117849103227801,0.660640497311211,0.133750691894491,0.936335619826059,0.145521448934493,0.598759525174167,0.200000856145487
1.0296867138653,0.137714337862666,1.04894313220299,0.195112207597498,0.282519185850573,0.0817022670987294,0.692717674490735,0.42364176392369,-0.162401216427069,0.113098546480838,-0.642724824339838,0.08925491730239,1,-0.367102354977303,0.217186682956128,0.353941036335174,0.674282136595298,0.162223800647319,0.769880937504243,0.139033328595764,0.733375063870828,0.145513193370261,0.797809904601531,0.190433275233724,0.574074724449239,0.28436422488644
1.06827080491007,0.128210803409543,1.11518356192785,0.189448591473552,0.237357853546497,0.0625090925594719,0.596674147187707,0.369133435764881,-0.354395524285014,0.11414166918155,-0.656555212951773,0.0662171993921187,1,-0.941711372067556,-0.127893888102441,0.344913779733098,0.873691574421997,0.151132794407303,0.787018056958814,0.126680614807508,0.733945529632651,0.139327021787323,0.623611792972152,0.175322816526246,0.519881804888426,0.201194925439835
0.869590073530855,0.0950560374881975,0.883676748073963,0.14634344764395,0.12429867909647,0.0338097865681124,0.563521278987311,0.22977671942314,-0.201662581154682,0.0724368073365012,-0.483181721865358,0.103424606593883,1,-0.761968301750669,-0.0330318862394164,0.265195393143431,0.606278286834099,0.140577204697606,0.506976076842358,0.12758712679,0.56694839345806,0.123770597370858,0.524289592674312,0.135734704420841,0.883056026388956,0.155053725984145
1.0391672592426,0.126101513510529,1.15882550554688,0.175843752892858,0.133484737876152,0.0382264930710847,0.503986138538073,0.26833384163626,-0.163524888315953,0.071908240195873,-0.507400293412494,0.116800928666613,1,-0.630461772625917,0.0896447765366689,0.271934025567619,0.716138116229737,0.141060129153873,0.725607904567481,0.132885013797385,0.811412334058082,0.144430038080902,0.542105942693505,0.161418029030293,0.81590651947089,0.188093134091403
1.1886703007455,0.175333423021122,1.19302738748645,0.218497158331651,0.416364908176206,0.126954795708398,1.5354180208184,0.751119955919615,-0.393346261925524,0.214179167794977,-0.671307687605097,0.0775133156066963,1,-0.49195417528537,-0.0161258566670546,0.2932579432499,0.889821717641253,0.137252845023759,0.896954026131724,0.137708865545173,0.933838269523524,0.160795255865955,0.711035979756607,0.200934557713321,0.872545153522368,0.267130092295861
1.03910159644244,0.140334736233745,1.03568766685858,0.211060748942434,0.276578111349284,0.0849768340614945,1.24938081261775,0.563805503606044,-0.412579286416169,0.157570610978541,-0.551009748254747,0.125880079367976,1,-0.701860984217707,0.0949803411933789,0.282946615392231,0.686488077393352,0.15660465909899,0.646310899647877,0.136734684783318,0.73068499012957,0.155413859094046,0.620070518576122,0.189512108771482,0.711843291775468,0.196466162699586
1.03374623113238,0.110918456177161,0.736446830615998,0.102761890725521,0.168087442417398,0.0401863617551022,0.0824151076446633,0.143465148361805,-0.1075310122013,0.0497290214781676,-0.440866455151847,0.101248011077281,1,-0.913613870101158,0.305424171161956,0.296591954937413,0.469236685965757,0.150199519269584,0.630942260486537,0.119365852386019,0.462285142918091,0.128002058698254,0.737322496823937,0.134617510820486,0.581984449203504,0.170274369247135
0.941051196063984,0.129955638822016,0.908375350694393,0.157591432784453,0.275499044603958,0.0729638159476926,0.163312034941755,0.125481271612524,-0.212113907119168,0.0947168742393963,-0.774678273276555,0.0529576075894868,1,-0.99999999993974,-0.790641689986257,0.27716910719937,0.839866761752228,0.1401345624733,0.873756532368573,0.119005700383577,0.925356396000638,0.138820696658631,0.682587765568898,0.157010077470758,0.700472368054394,0.207067224047559
0.940334138069624,0.104954682293455,1.13516304518158,0.15830576704132,0.186457684359661,0.0404098281072127,0.571752310247758,0.327357931446768,-0.246212693657959,0.0882345796887524,-0.530840547606707,0.0892785289089612,1,-0.754078107152734,0.16511461092885,0.269223613946863,0.654058307643707,0.129961249467159,0.580755374641377,0.110927476766724,0.796287421853481,0.122172215301539,0.708747541096731,0.152170873027703,0.495737055643879,0.196869649133214
0.945390037799678,0.115760615196919,0.903878889147486,0.144028861828686,0.1907048483104,0.0535123060914467,0.32859052260262,0.235794797013624,-0.196872064803359,0.0826147543518156,-0.426307952244665,0.13272850447192,1,-0.786458322327001,0.0863361574641465,0.312582497381453,0.521624944672673,0.154417119553103,0.4331853479634,0.136634695515796,0.616561224556309,0.137044668862246,0.284292120919197,0.167950076811047,0.687298229203182,0.178561072099539
0.994811577452893,0.1248473126539,1.26701317862063,0.199647774297891,0.234725272301186,0.0663137265692005,0.873971829336337,0.360590690765478,-0.248595214703021,0.105811043401101,-0.479959045960053,0.141590716626134,1,-0.548863210437997,0.0803354515211596,0.29271117071598,0.516293949336324,0.152461675104006,0.783865706609262,0.126618937392555,0.661576534272206,0.158309044148428,0.574573441603447,0.16462255165259,0.916119469532802,0.203420917656546
0.890739337797544,0.107411084839398,1.03509934269144,0.144615402899136,0.151855553720602,0.0412835585313877,0.299064327177632,0.171262554673038,-0.128664634427178,0.0569800420723303,-0.360948825241628,0.114645221662936,1,-0.603756117315154,0.0434776019636517,0.287277065492788,0.779430524935275,0.124711773644346,0.550527641195556,0.138877115756007,0.51356624203205,0.139761034715487,0.759454133510391,0.164612151727462,0.376656403741601,0.204913702249012
0.909059965136381,0.104175048264627,0.899208207159196,0.140431883300191,0.19728222211697,0.0501100022980875,0.359539408738849,0.215544431086226,-0.173397749690576,0.0779897809295174,-0.441511284002214,0.132032667777955,1,-0.651067822010121,-0.273000998271144,0.276132861784016,0.763811084059505,0.113720813133859,0.491039518566754,0.121760385686802,0.664656047672883,0.14134790658454,0.656313396738992,0.169261040635539,0.793860680024415,0.210117299921844
0.967460127278803,0.112392318455122,0.756621877192488,0.139950109181249,0.215876194305454,0.0633146335039108,0.325778060836943,0.22825279524269,-0.241617067576202,0.104191801755841,-0.57039165730619,0.0969952746634006,1,-0.911096368431498,-0.123701899314646,0.268581247888294,0.616092848841044,0.136068587240873,0.715524638456927,0.122189730650221,0.650668736820157,0.151705732091228,0.491388840445725,0.182387058603204,0.525656297330592,0.209809660517937
1.10706985428287,0.146469263171082,1.27910723742787,0.207194577351277,0.259601091635851,0.0698584828956376,0.744726594204292,0.409043985092322,-0.238056909734568,0.124953701395907,-0.66538417326078,0.0820338274100581,1,-0.541413528015788,0.219732450151316,0.317112987639553,0.769052583036944,0.14569922292142,0.801371997694281,0.124447376563312,0.723269765986827,0.145455863960685,0.948245992168454,0.142192877589292,0.881928333958813,0.21100345360193
1.01259088421588,0.110830667991045,0.970693238621486,0.154250092583049,0.261918684770842,0.0702092792555454,0.531350576839989,0.293209789075032,-0.296253133278564,0.106682402990797,-0.532539941778433,0.0938842443757901,1,-0.794125484799413,0.0847712461257343,0.260775630274906,0.665118512039856,0.132106829669418,0.766175834491115,0.123099639162596,0.548615005497075,0.156089641008557,0.692577232931237,0.147780094626952,0.69149201630065,0.209150764920574
1.11233069291398,0.155056692546874,0.977329444760803,0.184343487752936,0.328793260429293,0.0944104934844708,0.667266021686926,0.307357834496552,-0.382195244300196,0.127914831934485,-0.663133553239231,0.0865861634351913,1,-0.815970241251212,-0.0190439268606071,0.309230093243543,0.719049715853789,0.161737658745051,0.678161673056828,0.13716667345996,0.69858543883467,0.129053239282944,0.813795749702909,0.170250220374685,0.933105859678099,0.21190104747934
1.09191870309543,0.150175324691612,0.832787372203517,0.152841560112045,0.224632123095583,0.0725019315448056,0.449996675861366,0.285694929990871,-0.187792562434091,0.0791876990543652,-0.513273738326892,0.116053373136894,1,-0.590660330686644,0.315509141075907,0.309067981446899,0.696781555267999,0.144491469435707,0.454355818636964,0.156332464659048,0.600126385171669,0.157463942310088,0.322990903958999,0.180480155970057,0.926829167987728,0.163903877016683
1.06312111771941,0.148211792671782,0.951481592984217,0.175099570098529,0.319302871028214,0.0928688707615185,0.965578153910712,0.443934271259251,-0.280683490364828,0.121222647967245,-0.617793985945447,0.0998154806647446,1,-0.505500676349624,-0.0725537961829633,0.32011496294806,0.775746092227271,0.151721760596193,0.777264859802572,0.135284427147962,0.786013276037292,0.146865906285387,0.985558847715386,0.169601041007717,0.883626937462777,0.235352962183894
0.885966427200558,0.0917818281740212,0.896967656481661,0.117411730415953,0.159627486594787,0.0395546864575916,0.114117174684639,0.168095118185109,-0.0560546171486679,0.0490606417302877,-0.485246267353821,0.0980647920444301,1,-0.415319237020901,-0.248244969192429,0.310124373375441,0.754992323957829,0.134705527291872,0.422225363677441,0.116449053799092,0.683795101289006,0.129877175974761,0.409777252527182,0.172508767906837,0.685037799332864,0.192328482260366
1.12512894400791,0.138564775834058,1.32317962960962,0.218392876410347,0.287625253888223,0.0775758564154295,0.818587573359796,0.505809770507313,-0.233056065997838,0.124615289802894,-0.630526792411443,0.0894248454819821,1,-0.48030192802788,0.0746967344242162,0.31790618281354,0.691992507336409,0.151632481361358,0.77960787757006,0.142571171485682,0.843892427766797,0.13147101996789,0.645193665708079,0.164657843523869,0.825063010864959,0.187019565284857
1.08229407933873,0.126945695658312,0.932911707500538,0.150674591263089,0.306948951285607,0.0846805725953728,0.545380714712326,0.265779550956094,-0.32101911924958,0.125222174266135,-0.608990368933626,0.084464051078029,1,-0.784599331122231,0.125215917619346,0.286842963841396,0.76111197823507,0.132516695453914,0.642378162049527,0.127465167355264,0.807116541294384,0.132289293192931,0.763898888915886,0.188664273615793,0.542830912932852,0.27267563716827
1.04038034585742,0.12971193200733,1.21621349453803,0.17388305688984,0.221370643651552,0.0610245820757632,0.310649387190608,0.269641947106666,-0.199427814357247,0.0865362671955354,-0.591503283812458,0.0887566868782111,1,-0.760484672095637,0.0405071735861723,0.306959729065439,0.784482726192274,0.136105863142928,0.537839280145685,0.141603937576593,0.758501688661394,0.144465785479955,0.70875404942992,0.141702821535888,0.819089722503606,0.163421518691023
0.765780337019459,0.103744045995804,0.987207008807655,0.14322363937569,0.185023830153565,0.0482425804489451,0.0938662295261928,0.0911300467954711,-0.131785770500778,0.0716263561299701,-0.564592927170161,0.0919149923697885,1,-0.999999999927277,-0.314532018573015,0.276767372674854,0.574201016953635,0.149809676766417,0.629510134832652,0.117880024618695,0.505572167239425,0.134677973548322,0.704183141519159,0.150281229727802,0.503626534987101,0.206370485217125
1.06818826345244,0.128372128366823,1.083440893379,0.152790713955367,0.217238484162249,0.0591506432836088,0.434798305547852,0.350313423290828,-0.157909281117281,0.0985314435940788,-0.649846156375645,0.0813202689602218,1,-0.513801482570471,0.364125833902167,0.317598759742011,0.503631118435121,0.151978841594048,0.810643427180852,0.124695107217768,0.535584167319015,0.144348793936063,0.909637137846932,0.150604504873283,0.674275630006654,0.233660931892903
0.881343291482086,0.119350737937791,1.13557766438221,0.209314703689561,0.243742315973808,0.0648162054993267,1.27759927939516,0.623687491742805,-0.158903001705964,0.12875265208343,-0.68974354749006,0.0746406309664244,1,-0.284753653802462,-0.138850439209905,0.330730109632962,0.708717916566512,0.149495278519005,0.701859402498791,0.13392747607544,0.543430253641568,0.148647594040766,0.843483683265269,0.142761819044361,1.05270211083081,0.185682399496046
1.07934741483855,0.123389363228979,1.08136508119518,0.165755834816164,0.341938984467256,0.0768613996210965,0.40941260948111,0.305429199889512,-0.238136934329818,0.110687954360475,-0.652521756126344,0.0721377566945891,1,-0.63646106688267,0.29650503820665,0.344020445968739,0.729324534209835,0.133689620954807,0.772860945222231,0.13020588018467,0.740402805965835,0.145283508719576,0.934235103336039,0.126528744089562,0.466592923786949,0.193306224788235
0.881622388913888,0.107713351451904,0.813178095935434,0.140423792256481,0.204501269576759,0.0513247574749545,0.366426624133699,0.213184065794724,-0.208590200118886,0.0795003833817454,-0.573968881436546,0.0970686456603652,1,-0.761995463439717,-0.472976858034893,0.292672512642341,0.72098528794206,0.131313822580029,0.568874787163065,0.134711560824423,0.735070704129821,0.134054394594108,0.562932729741999,0.157052611873259,0.558187201485872,0.184999897587752
1.21532037665543,0.173697623632294,0.666563247332025,0.187918192504859,0.275859925285404,0.0847197234343544,0.924666623586806,0.457772603334251,-0.20981303760627,0.116373709205927,-0.531167215614979,0.121851260467787,1,-0.41542781689784,0.363268004912663,0.31267690636993,0.731685750317199,0.142929175855992,0.689885090994554,0.149629181485379,0.774883140063934,0.168238928473598,0.449214149895782,0.219544098826741,0.845214309821933,0.17052637224347
0.847821826055025,0.102563510813042,1.01241228736435,0.153252994851982,0.19938529056389,0.0524039654813453,0.502242355231457,0.236416703165862,-0.269943713445976,0.0963695013851979,-0.330607703310961,0.151502718566936,1,-0.853041171557922,-0.475693180634741,0.271520894032964,0.727665700562284,0.134415132638996,0.747205723480989,0.116184328143888,0.607851963620739,0.133744925498213,0.641567827257003,0.151477260774078,0.40747505315272,0.221237181979194
1.15133559994741,0.149312621873,0.937226314683881,0.178129977958522,0.277852667681134,0.0823558934547625,0.602353725545844,0.40224208472152,-0.0986184776272455,0.0920283179821228,-0.730591309535566,0.0690443386394746,1,-0.24106003108954,-0.0756640098632076,0.30626749260378,0.964182811673494,0.140189307302888,0.548418799229647,0.146034514815394,0.846802499678408,0.156691265803396,1.06630561581335,0.172749852830918,0.931706440977072,0.209047972286777
0.826035586826403,0.0959516260563644,0.989691041647068,0.1504862722278,0.236064504003247,0.0552652816849699,0.366098208623798,0.254483754208083,-0.278172399036135,0.0873618627914428,-0.491975291081242,0.107187572303286,1,-0.946236920812006,-0.301990098150259,0.248877177991874,0.634033415776999,0.129835034798419,0.610268538159749,0.116882488926324,0.653130301967378,0.140653381716058,0.580191264573539,0.171483970781551,0.340890882137614,0.217927712299184
0.996046817705884,0.103993629799659,0.757094247743599,0.142258952590078,0.214973510275973,0.0535108029848342,0.317390738781475,0.193231940571986,-0.261209879660104,0.0970157343287327,-0.456130788555137,0.11311708614701,1,-0.999999999905526,0.271012400725902,0.253541482315318,0.399339664059989,0.132787036412593,0.619882824621192,0.120253633128161,0.587169006523868,0.144180283978989,0.597936756434358,0.168975177288832,0.612615536818712,0.161904839378698
1.17664084624379,0.159876853911154,1.37796061706317,0.253175075464388,0.387016921028017,0.118617435246108,1.43711888541592,0.663604690916591,-0.350579750646787,0.183139747731443,-0.746860101664935,0.0644969653449787,1,-0.470084035905995,-0.135454851910742,0.365060487555656,0.822998417724242,0.161197378455312,0.872773666485362,0.13207402845191,0.965922620291864,0.163191270275924,0.773726492000629,0.191199707638814,0.881495161241186,0.188084262383253
0.953788845439525,0.101891906407894,0.846770172501046,0.125291662276242,0.161664020501079,0.0403891018890708,0.185043846039445,0.159920021726135,-0.148284102920244,0.0610861665882209,-0.535093499131411,0.0971407381512741,1,-0.857335058220746,0.0813405422163989,0.271669629881591,0.440167494991659,0.13738955830372,0.581236449206443,0.130999476203821,0.420168533401599,0.134436839442442,0.573227838524527,0.152652912735232,0.465495219167413,0.178478511484636
1.04678706445629,0.126102597968092,0.848529807127944,0.155525445254712,0.206401540932975,0.0554218639261078,0.518146662320751,0.287997164073646,-0.184226858696805,0.0861940883782217,-0.424976030244352,0.142618547303985,1,-0.563339399847242,0.405733762439556,0.243500398692444,0.545963696433535,0.155851148210415,0.598386880311523,0.13553761728494,0.822113831185843,0.132682974174335,0.682722156132508,0.160621790071904,0.415434861851794,0.206419772475567
0.982139062352625,0.132750054100254,0.898520176984454,0.18200752669459,0.209864302707835,0.0562467676134288,0.997861918173808,0.497574945676346,-0.239999802986773,0.104087630573818,-0.655009830579212,0.0949125938867383,1,-0.524452759030327,-0.188606253743667,0.295209918637175,0.75361466511857,0.158100031676838,0.683665748828369,0.139927170089087,0.600630353884424,0.154969464903,0.770599015689381,0.176251009271887,0.821743401040913,0.177560112235023
0.954000814672752,0.117698722348649,0.701702396718773,0.163743881556185,0.247339819908255,0.061807567392469,0.947141614861986,0.355748048055031,-0.439160570770829,0.121388696448507,-0.464411835404253,0.128139761166548,1,-0.90733750175466,-0.229291165054715,0.280119084867076,0.750991248997513,0.137190353053973,0.639610566587311,0.115645448342642,0.864773898703362,0.120441426518191,0.480382203012062,0.190501756888239,0.178112550762949,0.263802377347863
1.06359248068536,0.132635292658733,1.16559870206154,0.174502467921894,0.240451909933324,0.0594934228106917,0.524108701922864,0.290961277957894,-0.0994856408415312,0.077608098574552,-0.596475634137908,0.0924078355145237,1,-0.280243534031797,0.00622466027045457,0.262866709358412,0.615908716678508,0.1460490636,0.770569009637506,0.130233762184093,0.636049813640792,0.14665894777604,0.833639927904283,0.149571713590768,0.495552560873696,0.193971309719711
1.06115718167554,0.128765842508124,1.00717308779436,0.165274871682759,0.330865710123803,0.0892327849906819,0.267780242501364,0.278484907765841,-0.130409679773519,0.110498363771802,-0.580299809283392,0.0997528346572823,1,-0.438121618064562,-0.168502002199167,0.302721682419438,0.749443301300514,0.135694802123284,0.790516468316519,0.115630270163198,0.600397650080093,0.157566402132218,0.814457232003475,0.191106755458725,0.481904584790811,0.22575557971534
1.05664484520688,0.135663094971903,1.243508303264,0.182879610603209,0.299693011598807,0.0765218108757392,0.76852605045844,0.423279969412432,-0.364331348351702,0.128604432382304,-0.664264728339162,0.0767633442524002,1,-0.759152342556776,0.212932650021641,0.392416582633855,0.67274084118575,0.146205573311632,0.683891943626136,0.135386278047517,0.903549943729449,0.119380146601059,0.962019942673267,0.183885111023894,0.735559020496031,0.248829136533417
1.21206285423799,0.165024159734666,1.11896663178253,0.189645513337774,0.300842865047875,0.0902309329980552,0.700168732360027,0.489118484040627,-0.196276945054211,0.119899000136044,-0.730526525892404,0.0725707297459007,1,-0.427659452459502,0.483536779796068,0.297435790556526,0.574915782126694,0.158838877312581,0.857795889430879,0.152690061674334,0.645907582098604,0.159099205075547,0.737684155804046,0.162439638367914,1.05531108313522,0.159993186493987
0.924162972158834,0.11126061203885,0.78679780970565,0.141325637590312,0.201451489983362,0.0547222194641991,0.263167039666397,0.147912561721483,-0.2302507160665,0.0850735909049577,-0.549151193983401,0.108961038151,1,-0.999999999941808,0.161613942191632,0.247865059377315,0.56638717384966,0.139394092747349,0.450869854778668,0.136293862958678,0.677042418488367,0.116876269070637,0.565023437078137,0.158192214811496,0.62672073488057,0.231868222200068
1.2639431735329,0.147908236389057,1.01332178632007,0.185748397456829,0.218167648487743,0.0547228483944781,0.450345539365812,0.303134520126498,-0.174712905791914,0.0854394129797327,-0.752588925158979,0.0519865286033933,1,-0.557387055755187,0.596757574579439,0.391576469233417,0.722059870997641,0.155839478840821,0.783663531460142,0.143956327476346,0.704668664874299,0.145364090014063,0.827759682230494,0.146031172787889,0.68759447819884,0.173280296992672
0.982695212960875,0.138115695522164,0.860540750417194,0.150482800196016,0.23528721493704,0.0634632087726308,0.661010271304306,0.296649199840721,-0.226719931324202,0.0882590212461287,-0.566969259849056,0.114994172886661,1,-0.574892221915158,0.0223990193702007,0.295568094651989,0.640030861577998,0.15379887565331,0.67732823421637,0.146376790370006,0.839267570417847,0.125125869542772,0.60039847671441,0.169729448948295,0.538719833705848,0.239740993495183
1.10126188553906,0.113950343598417,0.898910509816671,0.162458605701518,0.214298766274427,0.0488540514200821,1.04244691880936,0.39082298799247,-0.410410081880576,0.109649389436093,-0.414812578081735,0.144255994477308,1,-0.868322811532327,0.184245864465237,0.285396153256596,0.636624593673562,0.143001175132573,0.65033753439316,0.110560322540723,0.864458294294931,0.111175238377282,0.514129790124975,0.158363302356356,0.567537075006227,0.190392566416581
1.16186551230095,0.155771756966813,0.951516746981189,0.170374017817727,0.283685994397507,0.0711777836959193,0.523629404123953,0.385245196905478,-0.254543639480042,0.124196429883615,-0.70865070511018,0.0687481833682199,1,-0.660436836920844,-0.413899408630067,0.318431826640326,0.853023258883327,0.148407706495908,0.754732159471773,0.125492652415539,0.746299491384186,0.151363731461584,0.899078323162492,0.146924407625325,0.641973906022215,0.193058885027048
1.12485368893839,0.123690629771657,1.02743082163008,0.144459973280997,0.253801467718379,0.0633593176293174,0.161922902902668,0.195678791301004,-0.173570575567621,0.0798153193811057,-0.638569632963739,0.0688489191912171,1,-0.856199359103175,0.275883592241284,0.267848945635788,0.618078794518508,0.12864986518691,0.664860338061423,0.127437277464425,0.787404823083868,0.124674288508513,0.640576534652748,0.164952604049643,0.83454662400612,0.206656792476263
1.18987979363033,0.131290808163153,0.787291710788557,0.145921168150985,0.227748863125439,0.0647681161669687,0.481348605296549,0.24712996574946,-0.110162123507566,0.0719649940733521,-0.553353549655011,0.099599247492197,1,-0.332716494084006,0.187998707027073,0.271952223002086,0.737779692850242,0.139469639645357,0.655506650337366,0.135290842598023,0.806645047294368,0.120607092392671,0.815267559052459,0.141723422086176,0.626614377691103,0.230557441853585
0.81508428673675,0.107291176032666,1.10638587615772,0.149421039098387,0.186017047589811,0.0594315494403681,0.120902192429768,0.188206632302565,-0.112097135882527,0.0720140997737752,-0.511931190520259,0.119611497779959,1,-0.747482543346,-0.102118265121477,0.240918213763754,0.460514540041259,0.15109757877587,0.467551802303076,0.141854535065683,0.651135380407208,0.139502527766302,0.847206159373293,0.185065334725426,0.460271184707367,0.234498435761912
1.06715566232495,0.147908774099407,1.01434091334487,0.208853792843416,0.279333592706461,0.076317385253523,1.21133106867299,0.588854544116621,-0.32257539271798,0.142239687204043,-0.645321150449977,0.0983430472502557,1,-0.554546824752276,0.314825976232074,0.297360913782544,0.684997459903203,0.157142062630225,0.777064175216332,0.142925088735182,0.763310789931157,0.153733131987617,0.715284553651833,0.172392986404234,1.14990474036409,0.177656732448657
1.22374134694765,0.131873832279104,1.14528298662951,0.187252886994666,0.271499742122688,0.0637913288411346,0.802624264000256,0.416896956040786,-0.236112215260429,0.114271754880397,-0.639210136819582,0.0795784216353073,1,-0.505798576589081,0.149524705736293,0.341418802422548,0.736334772314604,0.123153566620829,0.906323973943756,0.10785575861318,0.706940124758745,0.144982092795431,0.599034562213665,0.165688397875107,0.542513632645288,0.22194531664917
1.08824336419389,0.153180712714152,1.29300631452822,0.222018233852378,0.292832984862955,0.0829689089964888,1.07734470775132,0.49662584272409,-0.275173696859252,0.142537496369937,-0.618952003866856,0.101869221398484,1,-0.489913695173062,-0.161889669001167,0.348836648453475,0.788908831392725,0.142314977554687,0.880403656693232,0.143380069031821,0.787161458895878,0.166619179818739,0.95526752429,0.161844405841554,0.515477983597548,0.207708134861856
0.988034708902818,0.154801295053174,1.30326084781323,0.220816127902705,0.347011887807587,0.100194295399662,1.16035105388753,0.534047160803454,-0.355021316778297,0.161935126539511,-0.609709877938072,0.10242147698268,1,-0.559483848358205,-0.541353019527578,0.414534593323498,0.980347944708541,0.132342092445012,0.767651453493251,0.13936177990378,0.726638224197902,0.149222703189562,0.64967376370178,0.188651333991971,0.677733741039324,0.217099284505413
0.917747225850332,0.119572749566679,0.806706862507712,0.183014923961333,0.209314292081138,0.0646743625447619,0.833539779846799,0.430613203479437,-0.224200575084763,0.110370833611766,-0.562746845482118,0.112323326598058,1,-0.53675254855706,-0.303357779026143,0.255944775358116,0.635577237259587,0.151488005745142,0.757483698461833,0.127191929549465,0.791548043039657,0.154303588910381,0.797304431374342,0.163898464233605,0.717754107499995,0.199157727347468
1.05944776697324,0.115036780885727,0.76580288205907,0.13515107522989,0.199437618979888,0.0569178189304387,0.355413869953755,0.222865095755714,-0.214824020226545,0.0797345987461508,-0.444180395450186,0.106952171065816,1,-0.806885875800383,0.435023373522425,0.307289573555316,0.52539348296595,0.153699723742029,0.333914705836417,0.133246192811078,0.585307804885126,0.143098431853414,0.755633642201117,0.136294061425843,0.502920660930131,0.242061495555214
1.27100740559933,0.142447067498792,1.04340029020761,0.169564315002653,0.267026945991639,0.0755838048324586,0.50792855532158,0.253459816286564,-0.206564447908594,0.0910598744483859,-0.462312486030366,0.141496478365061,1,-0.560888734995031,0.577245979636379,0.275136328243948,0.611974107740009,0.1271930670661,0.818311523665447,0.130160123624356,0.852206834540483,0.127157436616149,0.976356688686994,0.16373063378695,0.725207328158042,0.218404356293436
1.22746111618028,0.167297408789664,1.37365084083155,0.198720473970012,0.448778908455594,0.121738928155481,0.407691636841119,0.338619626341822,-0.272354467129327,0.141126398298167,-0.713149742379438,0.0689176389926531,1,-0.636725704530403,0.456177145797456,0.384188690379994,0.734907157654285,0.161369994092669,0.908218773799781,0.12924353136036,0.710900933153751,0.156398162967674,1.15226967286959,0.132340696812109,0.879633085075568,0.175446509296554
1.15574827077527,0.131850092852022,1.37528082713386,0.190081074900153,0.282339130904324,0.0701918957670359,0.628315940405485,0.308608584630395,-0.0771495558565076,0.0949824277122701,-0.562800477009511,0.105342373105844,1,-0.18317190177225,0.25626029531254,0.288273876173582,0.809426655865896,0.127771043417952,0.798155443391418,0.126273063956574,0.859424798870051,0.148184212351106,0.697265589056871,0.187696544833393,0.977315050859876,0.147363229966684
0.872296866835667,0.115124689486108,0.847870477013084,0.173794379793893,0.181090347514378,0.0536269682702163,0.574553546877246,0.300568747589014,-0.195798328446755,0.0903215757620907,-0.555160512252148,0.128707140701307,1,-0.607010318666667,0.0954776902215628,0.231483856182186,0.5121561816249,0.159496179355965,0.859576439811433,0.124997738699009,0.564931501754601,0.160865772160277,0.725345602550574,0.17723679115494,0.0918557964476881,0.277633713679752
0.885031179198529,0.125613950587616,1.06756520461274,0.165150321668096,0.228205122785615,0.0687764692284277,0.843647279670885,0.406311339668509,-0.16008268000634,0.0938025826244936,-0.428796881440113,0.15421899784254,1,-0.364838949434378,-0.108093396949516,0.255624871996161,0.700078886200801,0.138722022805058,0.570784985794129,0.14179492663149,0.601947018492458,0.167701500733411,0.783048315859905,0.161278030108381,0.913112516695593,0.184375813401018
1.02978958352338,0.121438608171792,1.07515076249112,0.144091976657958,0.207426584802541,0.0625825225932734,0.36719774159545,0.228041666853602,-0.152621688698979,0.0719217948785594,-0.548855999520973,0.108444976722467,1,-0.553011350636444,0.0549128966153125,0.287099004795144,0.709794620501929,0.13457889839088,0.476272084515391,0.136817905441643,0.840052622109241,0.127588214136829,0.54923329550649,0.177450986585374,0.742230527749612,0.195112782198839
1.02572411553125,0.12582005843857,0.965131974043898,0.176218523428386,0.232809851180713,0.0566452992355492,0.710840430682516,0.374358113583631,-0.2261279181642,0.0961809764085266,-0.52928634138809,0.10744889850059,1,-0.555862590653722,-0.328309630428004,0.292073761723306,0.806925880114457,0.126022172835597,0.687070947348038,0.121640544415191,0.571417961823835,0.140589752005106,0.589845131777933,0.159281209194071,0.770881231433107,0.201132875640129
1.040983400208,0.117861055321666,0.919735038059749,0.152107942326735,0.294025207695577,0.065445610675154,0.464542497798046,0.260888387667538,-0.277459665330569,0.0996956270228778,-0.528765023479791,0.0978281678157519,1,-0.750749151456388,0.173352375264992,0.3194049578782,0.739496410246197,0.1343562358998,0.573940393348084,0.135266024457155,0.744611810407743,0.114092660380814,0.593937973686152,0.137863786945905,0.6650111877357,0.212590585187167
0.957112497934175,0.11987467467422,0.874395273838658,0.139710355256419,0.226833474738552,0.0665763202241036,0.268727729668822,0.235694589916029,-0.16537464388173,0.086362386777622,-0.681641471192687,0.083024780444501,1,-0.669821537377331,-0.0556378055490206,0.282933718194775,0.71443649597306,0.145107828628726,0.599570183098292,0.136159611328322,0.711731945942221,0.144435359362472,0.777174908158544,0.166649014338666,0.735295836993203,0.213669317396061
0.993104718777671,0.128344278087391,0.6504383834702,0.165325913684942,0.373793984757833,0.0834869882621911,0.921100424095516,0.393854996350658,-0.429668952670553,0.132036135651092,-0.535692572639385,0.10663625623532,1,-0.732258342102775,-0.74798891542054,0.287014902977009,0.875667580341656,0.119587449762172,0.886911202157459,0.119466344488653,0.676704344737209,0.134724441041419,0.562161013091196,0.174473254554131,0.740645838255997,0.190382950567392
0.893824394893782,0.143495669061293,1.11033645393744,0.19376340470587,0.300051702798711,0.087217207133602,0.984142021326013,0.454243278284057,-0.278643152760276,0.127238817815287,-0.726922700893547,0.068611656141837,1,-0.512768619817444,-0.677779814430765,0.314231521767713,0.870459590900771,0.154181478743732,0.768948289391456,0.139620708628706,0.856986799997838,0.146733318635749,0.599226952912246,0.182708362976231,0.522915151648509,0.217236026168917
0.927101664161981,0.11917802109098,1.1814785952629,0.192745449089193,0.195934827524448,0.0477162276868113,0.681597055770198,0.324802842738143,-0.173455353477092,0.0795892785464423,-0.483496594801982,0.127689267814845,1,-0.474644044438429,0.347091352364077,0.306245366802261,0.563577807661024,0.124796886341102,0.832992327000843,0.111804342408344,0.410175771756762,0.176190528305806,0.568532304745711,0.174169853313842,0.737270123694317,0.189874981738992
0.762168403076272,0.104029337245207,0.663673206545157,0.140081981325305,0.191068949621796,0.0485633887947781,0.284640097574698,0.166139721572656,-0.192638747943805,0.0727092071542177,-0.542864323137342,0.112412678644177,1,-0.826038993816548,-0.183675121784753,0.22006666466247,0.427419548109206,0.133581598204359,0.624072608069408,0.114575860781689,0.701393728128412,0.133662276845481,0.482719438353559,0.186308246773558,0.357702160990676,0.206386625374963
1.063843342992,0.149103616170074,1.15411162207246,0.208260612835415,0.261122650454118,0.0694208726736929,0.617456472677056,0.358036246541932,-0.165741677154283,0.108179796811151,-0.683209307043381,0.078523443330391,1,-0.412768248700049,0.0107031681714423,0.345971360554392,0.730801299760955,0.173580532184269,0.824640961176902,0.129451431889772,0.797910402356465,0.143078489333337,0.734135003063108,0.182930464962049,0.522626683670842,0.210456385842016
1.00116873289113,0.13129843678402,0.966305427308547,0.166143068456844,0.313141163790087,0.0812363630665002,0.325858683755829,0.235206175343098,-0.306203778832263,0.103023515821693,-0.668349689651395,0.0751458940102891,1,-0.958574376753355,0.0941160583774937,0.286828203594806,0.669869688605308,0.138355562877804,0.777762208443785,0.124833476799097,0.867457572794218,0.144898761861308,0.464938442652176,0.186550993909992,0.808354352411612,0.182590799932146
1.00485756623461,0.142925981083312,0.884256171343342,0.188045126891145,0.296757366159992,0.0803906177347932,0.883625785406166,0.424987799167643,-0.306740431052523,0.126536035750328,-0.746704326943599,0.0642907902963401,1,-0.599012767646942,-0.28187242427353,0.32542212264808,0.911327089472766,0.144136619172555,0.716584642187315,0.13565312033929,0.753742797118129,0.152777419043897,0.478973560103465,0.200908649167759,0.779525805536887,0.189327687846565
0.993930902670836,0.120052426667668,1.4004353911591,0.186876733967071,0.272287982280976,0.0669739072266647,0.704148879245295,0.349265101899244,-0.240481806915208,0.108288571078305,-0.573490213904757,0.114497243574977,1,-0.549206594588173,-0.10688616196238,0.334758972709255,0.637497634625041,0.150153910549795,0.895928736031515,0.106444550503177,0.776788647627975,0.126441431924297,0.659783718889666,0.177543467166009,0.912431409963083,0.188269048797664
0.93636681795231,0.124960100398721,0.829968111879761,0.184642125995572,0.272701324141575,0.0707019567317281,1.01103349721214,0.455791639076115,-0.301993537543712,0.127198710380462,-0.606931515128975,0.0946782956373753,1,-0.575136928459626,-0.0809918464751059,0.362836155357181,0.580072134580677,0.145167190021256,0.676515499433841,0.138626610864343,0.731302832877887,0.131759023620693,0.663633777336879,0.164042571363052,0.815959148253335,0.203290057047468
1.15607768405334,0.148340358196649,1.10211139589483,0.21132075783912,0.31845940086103,0.0867419214165796,0.831672483249948,0.445748598018888,-0.148843064284734,0.120605493492039,-0.69423439678104,0.0822187988611104,1,-0.289218053734413,0.402758609666855,0.383727974859943,0.691015881359648,0.157911143091916,0.700018083125678,0.147386185284032,0.807364677965046,0.142112102512266,0.757280937799443,0.161273916735123,0.9591337770257,0.15727332657167
0.982222105098308,0.124650803932175,1.24681766046396,0.184121860626244,0.316499312033561,0.0791979491963753,0.800470173196554,0.37474714905527,-0.374032904960656,0.128278290319924,-0.522196127289966,0.118726225052128,1,-0.743106137156176,0.000514501496810241,0.310554663524547,0.788872553228918,0.140913129695957,0.582410653140076,0.129627260007104,0.641062747141308,0.146463321603593,0.666386988657669,0.170264055889287,0.562887223894498,0.217021163627719
1.04833704736444,0.139443744871891,1.24555151085635,0.199696051611463,0.299570657829316,0.0845495363015313,0.936366325485315,0.453402383738738,-0.209217660348053,0.130108316736829,-0.772122345359293,0.0519922194033778,1,-0.395026118278617,-0.660887048732731,0.356098208367951,0.968120581973933,0.149553820602164,0.783323383602458,0.124943604026313,0.794337319474599,0.131711087095466,1.01029024361689,0.160620950239883,0.88165781299654,0.188709437456572
0.755120921921284,0.0999967762668108,1.10791836193729,0.137506945066466,0.15079147868712,0.0413407168682636,0.249756949837445,0.147355987613282,-0.0663938739010681,0.064677473838815,-0.479136477302877,0.100750928339248,1,-0.342121855154721,0.0106849106220012,0.268527746621692,0.601182233530554,0.121000868360472,0.218165155646818,0.136740233712093,0.661496424835903,0.124223190691231,0.520163147776067,0.177770003762343,0.634673849238579,0.231926015269009
1.10287542657033,0.126355042071489,1.07171402513519,0.178455614370455,0.182767811179462,0.0559501472516772,0.822110347389429,0.421257728696422,-0.239162333831271,0.106910768423317,-0.675066760864253,0.0772401211659652,1,-0.616989637725957,-0.0205828081988375,0.299473695468064,0.795758358924225,0.149550550779791,0.849781467690474,0.130651501524228,0.647337327504594,0.14416266345752,0.832801722192279,0.169153018777418,0.624744607970322,0.229761961350708
1.05872353974179,0.137407796858543,1.20183136111953,0.185193552164673,0.299089210252789,0.0849153561733401,0.952011604753345,0.452115106134357,-0.31356414402089,0.129469068213875,-0.590007963231946,0.107217937250323,1,-0.58763127419232,-0.0379758334663302,0.336087790550595,0.83988482202827,0.133208264967528,0.671411299424042,0.125657797570685,0.678350467857581,0.147264117695738,0.777382227647362,0.183287069486986,0.794901937154631,0.210891811827243
1.09340135144108,0.14225387703416,1.14161722359446,0.154174482342046,0.27822674853952,0.0719760696815331,0.322610961846919,0.230263564493982,-0.173356357834757,0.0974837563589492,-0.418433234297089,0.151858389513613,1,-0.578629769768104,0.344290341377549,0.34414609361498,0.701327681121575,0.134668253219654,0.584105817091002,0.141272538453543,0.625819159148507,0.144067863422252,0.720952225471074,0.166273379739445,0.749828650756599,0.182274109602284
0.96704939023872,0.145279664705268,0.870591129966981,0.178765635970439,0.23621743678486,0.0767832674326564,0.64523302394563,0.361355796216958,-0.244976814354334,0.112141131234179,-0.709508619109628,0.0808967807254066,1,-0.627495640572994,-0.0326927178122762,0.315016279674463,0.740322343938829,0.161143391713222,0.636959863749595,0.156131804126227,0.651738802502774,0.162175757956556,1.05200701648816,0.141914161624548,0.813751526509048,0.266981316603411
0.990800394552426,0.113589217303361,0.902021676506034,0.153776193119781,0.20669273605997,0.0509232081681136,0.706471127823012,0.330726637354494,-0.376074470643811,0.109719150840836,-0.584569159418523,0.0801190458257836,1,-0.984156209322496,0.474337316015037,0.270363100243184,0.649527007836506,0.132902515465007,0.433720210411791,0.134977904441544,0.618977931147345,0.12867098204903,0.588661325204613,0.163584419856349,0.231355097336346,0.228279120863385
0.890209723398689,0.113013289949314,1.12171182051797,0.158972442291595,0.209026184047489,0.060966942555682,0.322514894609453,0.262829735767434,-0.113733489848226,0.0784560034922994,-0.528834470938194,0.112077016430913,1,-0.438039355361805,-0.238196474263011,0.252426318750449,0.632654489976144,0.141480868028077,0.712169252278521,0.127563164855039,0.51530081402056,0.13592284527293,0.62308034800646,0.151198620318068,0.523046278750278,0.22852289443044
1.15630457637473,0.113874531816873,1.18919861126949,0.151003683574588,0.229523876216837,0.0667563396153993,0.466445083921823,0.289901737457577,-0.296321694895641,0.104533836109261,-0.50593209428293,0.102167108398442,1,-0.905626775221591,0.0856714801948521,0.297515058388988,0.83899328314607,0.124644223616205,0.627226526444572,0.134094865617947,0.809080302325771,0.125839522422236,0.777887659601135,0.140364384787188,1.12586691568601,0.237713785768157
0.999648455476223,0.121564877417209,0.871248369749424,0.149942874090911,0.209712178170094,0.0580882960633385,0.370097278887616,0.262189433045963,-0.0701847722774864,0.079552621195999,-0.514015314293773,0.111937866439912,1,-0.251926076845699,0.403673868196955,0.313442231271575,0.549502579754495,0.130299584376315,0.607977184538652,0.133589936655156,0.584408104042426,0.142035870264528,0.853100493161845,0.157802555585897,0.664303995880451,0.200811900752278
0.879475570730004,0.109776663295593,0.906460648743685,0.165067194434948,0.179847079947768,0.0510723066556591,0.177089542034238,0.170989720953413,-0.00936945709267294,0.0755673425917459,-0.596409468785257,0.0911347478450907,1,-0.0525008426332439,-0.241125895684274,0.243171485500245,0.595525952835524,0.141222316880044,0.559212989103006,0.121577003975291,0.550091670047705,0.150882058111176,0.638892136582613,0.174475593855618,0.320705339492657,0.254477349470275
0.98293874679692,0.12078647882043,0.986009033269862,0.156146902615999,0.253268223066787,0.0679478953576828,0.504203865552531,0.339310678681682,-0.0871216846825602,0.0863731685448271,-0.479394994460213,0.119676833434847,1,-0.243799509589203,0.16447244270921,0.324558375572306,0.742668033660905,0.137587378109296,0.668804050978771,0.129812257179596,0.657215324520795,0.137833206510917,0.784628798633368,0.179622172151077,0.359182549936405,0.255526376071138
1.04542901108325,0.133533506175448,1.08100269985608,0.187227962295492,0.20079732830356,0.0613373780925425,0.631936527700754,0.396184479194829,-0.173861825862271,0.0886429755760469,-0.61778885031913,0.0873283527629133,1,-0.488077223460588,0.151129584123981,0.284885661632429,0.650758471382683,0.150224111177843,0.786675630996322,0.139227398985471,0.578074457156487,0.158237490517982,0.663018374018918,0.168206206781253,0.713539775281299,0.22795356411941
0.861127199770891,0.0984485899550685,0.864816683077794,0.150989695099913,0.174711235596095,0.0507659543120933,0.373548785629829,0.209824635376274,-0.179868830286837,0.0852180880250802,-0.494665820521841,0.106721721386248,1,-0.704079708795442,0.0535954164554992,0.237905849606947,0.618447068352826,0.136486441109795,0.467156785657155,0.131077748143831,0.675990975714877,0.134281455353755,0.643880938997124,0.150848837942338,0.643430341361603,0.200396035964352
0.946459396792735,0.118031042664562,0.988837670972557,0.138755250245786,0.225724701799,0.0531009155666429,0.214034722283015,0.190024947784397,-0.117622188867923,0.0697552721243901,-0.621264774796074,0.0821813060513875,1,-0.535127902374881,-0.0437241962375557,0.279077244127143,0.663916952402642,0.148813262442057,0.526571747996282,0.124448976532377,0.72541281500187,0.123159189065681,0.714094593727081,0.168535704393786,0.686818650012331,0.182250080284018
0.947984954189936,0.138806725483544,1.07983678173433,0.147264798590833,0.40830476920483,0.100679684946309,0.102049399607513,0.100128401454099,-0.204125590145619,0.109358356897808,-0.726449829309641,0.0682060013366026,1,-0.999999999976718,-0.190760474893247,0.3194445152045,0.651548535193288,0.145428009035947,0.728689993092696,0.129791153556978,0.915265566467336,0.125222599434436,0.851514239774425,0.153236830862778,0.837858540201053,0.232219289773927
0.948104372756415,0.124641502863194,0.948129516724548,0.181355983586928,0.2106859707353,0.0601329225574898,0.699124453157105,0.373297193538674,-0.233874515938412,0.110589284363152,-0.711562746541109,0.067740305106758,1,-0.609379508988591,-0.153112674745498,0.301511227704982,0.78925058184578,0.14317942034771,0.728525842755332,0.132050589530977,0.783686727083336,0.128368457212344,0.664664491924944,0.165002322990576,0.794108184253405,0.212939954425676
1.00942648651294,0.113052321250441,0.715673018701255,0.143601243147691,0.203861860259848,0.0535547207059912,0.312666701631971,0.236611023367179,-0.210081787253655,0.0893506259827016,-0.578782865741834,0.0905553526278349,1,-0.832107805600713,0.312196806403898,0.254868548185289,0.639920434335651,0.131807640108517,0.553949000862291,0.130827670806473,0.65585834997805,0.147382826476276,0.710752322364584,0.157691281314345,0.673865830316847,0.203004373243807
0.969713834512168,0.113800920171732,1.03399496771178,0.180524364131823,0.231921448112094,0.0636365387719287,1.24216835480103,0.578165882343986,-0.272874157152574,0.119730151631654,-0.387201965787514,0.141894290303706,1,-0.508395525653098,0.00686568866129858,0.310196797669483,0.724334881487396,0.134278192743971,0.70150451692413,0.126860764247285,0.678241967579637,0.1382255685859,0.70006758556892,0.159689096924067,0.733237388593033,0.210996305063625
1.16887943624537,0.14474356062984,0.766946649788991,0.157547784869973,0.201718459674402,0.0565638927601725,0.7124418354314,0.344662496771861,-0.190791022184278,0.0810913907651344,-0.609091918885049,0.0944877887092247,1,-0.503280850700702,0.258674173685739,0.305123122242379,0.601987849965932,0.149490558075572,0.935973956363169,0.128877041961432,0.74274884929118,0.14395137318961,0.622505978941537,0.150439542249658,0.724490198814022,0.188051058899041
0.805755087166613,0.101460244114844,1.29350961250997,0.155641329365443,0.21110894303762,0.0515028738943891,0.150790331105659,0.148617922777363,-0.101018485295975,0.0688389052313879,-0.472117600116033,0.106451842364958,1,-0.566188167714896,-0.399562908895873,0.300967843658894,0.644894270776058,0.135271707424546,0.831529072829568,0.104545849830826,0.434140209381415,0.140415775258026,0.478386066470361,0.172207451492998,0.554933043419786,0.175633425671701
1.14508831259166,0.127892739367399,0.753187036364014,0.151797752614951,0.277567842806967,0.0665059951140073,0.314735280207393,0.260310255797714,-0.200734576657428,0.0830805787805574,-0.655816053741334,0.0750475261399959,1,-0.679148737075092,0.279396864341828,0.251065448330049,0.5896621179866,0.137735204169621,0.595292872586329,0.138634378954426,0.600100313284996,0.146120883648729,0.776779033488004,0.129726740199928,0.50555723366919,0.186701914644364
1.05210803515279,0.16164052217981,1.2894313522494,0.238657590286212,0.285153856946616,0.0937759061829102,1.07715707534416,0.553900119468589,-0.194529084672853,0.12669410138979,-0.69514930208341,0.087016203928889,1,-0.350998611913171,-0.0322908243816993,0.371106100760321,0.699450907955482,0.174061775783535,0.872135094457929,0.149827858270892,0.782785590873525,0.169156116446447,0.509564300340218,0.207435289268077,0.973291178249086,0.190680125973912
0.805523714329365,0.119109202529279,1.08195609414554,0.166679430239723,0.24482256731621,0.0643831658667078,0.494143383024595,0.311888184237099,-0.242886869193256,0.0937022452753958,-0.56184221525603,0.110993500351237,1,-0.698315723493705,-0.423146749184662,0.301117345830868,0.889377041944103,0.129987598098497,0.530262353449798,0.12573874467797,0.642153465322885,0.137362493355079,0.664408724064724,0.199951825718077,0.48295368700753,0.267882954192086
1.13247357451673,0.144555850231481,0.965704648583613,0.180113281880785,0.356098197460803,0.100891522174791,0.747129082186811,0.372946052276408,-0.425486538619062,0.149548773580289,-0.684345633059421,0.072550781170252,1,-0.824903442583172,0.113769182589627,0.332449422682387,0.75401810198344,0.146717007850903,0.801102358557071,0.137100525337919,0.566531431563892,0.157755825463426,0.826515833578637,0.162695285446942,0.9099329906505,0.183859375524659
1.13686298144021,0.147334810341343,1.08663197335494,0.153944742972395,0.29135590566133,0.0765021687370784,0.165512657997746,0.210993066331794,-0.0426509085346211,0.0976676404007646,-0.667417289969994,0.0769251923036913,1,-0.194223048949782,0.465889615882892,0.375089520012242,0.59388772200822,0.149434727369113,0.742061275568683,0.114946031025233,0.817295153393243,0.151670019929971,0.811417783979798,0.161986894555238,0.894151511212698,0.184371760901423
0.965517578391728,0.119727231064883,0.862052653899343,0.143505813337393,0.231098959554354,0.0610979217526147,0.505039509818352,0.230388643556458,-0.253788250007689,0.0833856598499973,-0.675323679334576,0.0751414007631374,1,-0.742864899892343,-0.159561601465649,0.278712929775511,0.637698450428797,0.149269756629287,0.627126551665722,0.133258892727948,0.730098134403142,0.121545237552083,0.689366445685774,0.144009941331969,0.666470456963166,0.200392982553418
0.937004290971971,0.122663456991878,0.710421204794209,0.154981941940743,0.346560564461199,0.074803014867891,0.647503683353359,0.302332100300096,-0.337155594584444,0.127376452781804,-0.682271124576782,0.075279883427221,1,-0.711737220125135,-0.353696812640988,0.33620209983303,0.653979172116317,0.130250970829396,0.815589587930855,0.120923656858063,0.679107585934872,0.143629384959288,0.559874601670489,0.172294844606358,0.745878163865729,0.160997374716481
0.956630008236892,0.153633843029146,0.952179117581473,0.161563636251522,0.334311072986706,0.0946937960898694,0.548802370629108,0.278987106469012,-0.278097055220636,0.103965060730015,-0.681976406267398,0.0784421121029699,1,-0.649251587274755,-0.439101953380589,0.340254638601378,0.808263449570683,0.155842911002456,0.759681472139757,0.141710337466727,0.557865112124059,0.146999313624568,0.730433737147104,0.198044284786033,0.766076356746053,0.241039163865603
0.937956616385338,0.113471129195012,1.12756763553361,0.189559122942578,0.310156737248044,0.0843451800646492,0.845428885134662,0.407946376385128,-0.512069784880586,0.175382165368206,-0.617970969175452,0.0890447032033195,1,-0.999999999998154,-0.302779621887756,0.325021470833026,0.673208599422641,0.146951277499873,0.769684139459251,0.126240971911849,0.731832471755494,0.137164171584187,0.462608617142938,0.197368281896738,0.534303602345182,0.187280754076978
1.23168330567385,0.175469481061107,1.20027328130808,0.213192159502894,0.296419688328497,0.0920182011647929,0.927229323773674,0.489251807203911,-0.215722753124642,0.12583167184555,-0.781331536630369,0.0597419793201143,1,-0.41148011468716,-0.197351650496346,0.364042563941697,0.961657201712158,0.146644072078872,0.871002406101212,0.139517423113752,1.0303096608276,0.146385592723319,0.677680519385605,0.198916262787928,1.00025782334196,0.210327317091751
0.978668258863128,0.125682176015925,1.17810499225151,0.185167748400244,0.277708079050523,0.0739391845714186,0.880322643797922,0.44791988367019,-0.318037814168334,0.132178026322128,-0.617061462336809,0.0781917553673287,1,-0.643225963626889,-0.0784779984666061,0.261683399130398,0.820604030442386,0.12936254910419,0.601798715554073,0.143783679992536,0.834099850915539,0.127620347380149,0.790327091859493,0.170633656537113,0.934776869720167,0.187813538327024
0.986128013239179,0.123159847847213,0.968612966294043,0.191459746804908,0.257490200109788,0.0755824543224934,1.10177611642812,0.461875239562099,-0.375704725884555,0.146999993849357,-0.69587336523873,0.0790150268439827,1,-0.705374294150432,-0.268206154959353,0.28582318615862,0.728058079506797,0.151500837259024,0.78509216195796,0.13442693929961,0.840246878056531,0.134424198482987,0.764228531997736,0.152850894772356,0.534011172107957,0.244892315112984
1.28329638232437,0.125731762977137,0.972977504890578,0.1571736354128,0.338719969560959,0.0762274818701869,0.66985857095877,0.293583401179193,-0.421960735507329,0.129165846540055,-0.589566618155695,0.0819215304324414,1,-0.885849777713485,0.772911561500729,0.329291401530424,0.717971769011919,0.161870488321778,0.716681076203153,0.115648217143217,0.652115787896677,0.141310316150156,0.815844206828942,0.14604283535854,0.960033175469362,0.172262813619698
1.16582944346971,0.160019527397117,0.94299705567074,0.152260336135741,0.336007485094992,0.0984979573728461,0.187765811715359,0.193489664477826,-0.097945613497299,0.0939220672571951,-0.475493253569242,0.125461150621576,1,-0.389944011639463,0.130831586250218,0.35301570348295,0.876584823896333,0.147623949323568,0.84403010361482,0.130247467395267,0.350256611540071,0.163840592808779,0.892082799410229,0.176869354763871,0.708200464158707,0.207461689772621
0.851606164922827,0.116259878239697,0.940642369652097,0.158860732656477,0.257960399263582,0.0673337469590123,0.332104627344563,0.268651123323193,-0.200950478159791,0.0995974298799601,-0.679582215287203,0.0734419897993853,1,-0.68655456674614,-0.382105283113029,0.313808549589857,0.709604202031254,0.128119993094636,0.534880136642441,0.119417413017624,0.796814619863649,0.1327548968543,0.778594128899186,0.192615681167712,0.677603940606311,0.232649287790787
0.849487383515557,0.0943852704517756,1.03548507898582,0.129344339594479,0.145356942118602,0.0354566640608766,0.0427617462512506,0.0646273534287924,-0.0788398165563376,0.0596944004867635,-0.438379213418381,0.119169274096836,1,-0.999999999992244,-0.199347920601035,0.248354675985823,0.452221115832804,0.129277327621426,0.689238307101929,0.106997865810166,0.635026099609766,0.126478360849425,0.752337137288394,0.149697099842443,0.310686636006311,0.226829291408804
0.919538248472388,0.121239540501304,1.00606084876241,0.129853380585563,0.263549697209625,0.0633115149752921,0.202811915708065,0.137024104525835,-0.231194764149315,0.0897237017924993,-0.495472976501246,0.110340975022816,1,-0.999999999950353,0.121177824275055,0.301548968054445,0.449082298647314,0.158501130807281,0.66393714510216,0.118626740833142,0.294412364494479,0.141208603291708,0.654436152332726,0.161406775293964,0.725937926224198,0.161271593787876
1.15729449566002,0.128776818977888,1.12487569471065,0.197719579252089,0.232369217054027,0.0616075179237374,0.779666257507691,0.36507923606606,-0.18519135127245,0.0956513860440107,-0.612786624655463,0.0970923593049667,1,-0.435087928181658,0.0211174176409765,0.287712493424951,0.919232269391826,0.11336951548441,0.629329851902566,0.133403071305581,0.713585003340572,0.143252327991322,0.738960346791031,0.154799819556982,0.699150564463696,0.209895788510083
0.942502376515212,0.114495419845986,1.01906408622796,0.156604337581933,0.23504028457135,0.0529813576919846,0.38639415914531,0.270634062630752,-0.231757834674352,0.0873804855941296,-0.636484283861885,0.0702314859622787,1,-0.769038347354869,0.0285311061951044,0.244950241637277,0.682694974249892,0.130734036827794,0.624460273526479,0.125850843597993,0.622469557130307,0.134220579438158,0.865469713009942,0.137629013690257,0.825581739031079,0.221677450797343
1.04453940663009,0.122943703058031,1.21249977515579,0.15346407525556,0.278201322187963,0.0732987257050178,0.169241730639731,0.213257590124829,-0.156514454991922,0.0898357954862139,-0.622978534141413,0.077955783415017,1,-0.721308632146686,0.0444174601213516,0.30838280393835,0.940101801239056,0.120753687818893,0.636634336647718,0.133897218644245,0.644530461925269,0.154108835715397,0.704517621310649,0.155348756503193,0.831035416669646,0.182970682258074
1.11098587696619,0.138700199019735,0.837506612116599,0.182356012124388,0.310629761153683,0.0756925313458323,0.554870445489605,0.33972092562868,-0.299931592834047,0.115348159551977,-0.745005152410284,0.0593796038721664,1,-0.722445160064906,-0.395018654178284,0.335701479603209,0.855444562453071,0.156922431463765,0.856268447976006,0.133853146989533,0.930866768875265,0.141822567147684,0.782059755096111,0.17388612441483,0.430281919736234,0.239743153220115
0.951446572752828,0.113366842572284,1.03140391209335,0.167448586087198,0.240796285082331,0.0592546396351254,0.373989082588801,0.243210129889808,-0.118895960514999,0.0886103150540985,-0.669949239149385,0.0822388007569358,1,-0.396198426317607,-0.567576395072118,0.338764368887226,0.770196051068912,0.142620373267928,0.843473926687044,0.112334219506421,0.766322696316983,0.138271744452495,0.600800764749136,0.18169891431803,0.751108691081771,0.209458652065967
1.00657066516027,0.125145901175788,1.40218397880663,0.214444796365572,0.219412910257321,0.0707938881695765,0.714617389691132,0.423186332606484,-0.0649381729772998,0.103919209923068,-0.677000702539087,0.0707806510185698,1,-0.16399559642276,-0.193435769913846,0.251409557036163,0.869763911212206,0.124844658258251,0.763426822630796,0.127037505469814,0.550976962116494,0.163054697923402,0.901551670108694,0.167052048790133,0.778361885406335,0.216524004432508
1.07342156027989,0.122441869644698,0.722514169620666,0.143301486900921,0.214982326542688,0.0515274999063924,0.291630520923793,0.206499011345132,-0.2340514633898,0.0844150551299694,-0.774493511823546,0.0461990488383949,1,-0.934745740478133,-0.0517669817867544,0.287662120719093,0.706073476794562,0.146962530761336,0.617983659264134,0.135578170540768,0.69524248674238,0.149329382686972,1.03126466240546,0.149085740932882,0.860038907009502,0.150163962980983
1.05455604351601,0.139558417928603,0.989173731412245,0.148575581144973,0.299902359322326,0.0662387748936882,0.272389089527413,0.149832162359418,-0.285814853712403,0.0939766391793637,-0.672464487631295,0.0724422245151537,1,-0.999999999998229,-0.855796188001878,0.359625246480186,1.04109483455096,0.130601727952896,0.795826423249305,0.106809379043457,0.862011177966438,0.120259127490346,0.626545358796062,0.156310663131254,0.741860343447105,0.212950421009173
0.838863703855468,0.107656036028815,1.11166550368571,0.158369364138723,0.210711344194064,0.0528219197867071,0.387493796010425,0.254035400547746,-0.285743483956223,0.109547941916871,-0.635604924809093,0.0832805796026617,1,-0.999999999995243,-0.179603913995711,0.275920770190842,0.631273714484739,0.140321255347819,0.694382288422212,0.138503237296719,0.690700718746733,0.123681262337395,0.415063968644388,0.171472341614631,0.415091846478789,0.234981789850557
0.926191370486482,0.116851515414827,0.872905655316321,0.150818509477647,0.16426559437894,0.0435374624365398,0.597711412798977,0.286757740824464,-0.12692759251707,0.0734992861357549,-0.54238043899856,0.108765394229341,1,-0.405076420621889,-0.300269468969129,0.315015838345425,0.650934799191655,0.137116184880463,0.673402971097741,0.132709232469937,0.609613465359638,0.137629845128292,0.717369404739897,0.143778331922452,0.914014487760343,0.159670075620749
1.01977296332968,0.103100588779626,1.01804260276452,0.139803442844493,0.152570689665081,0.036786641315816,0.229800554637299,0.20534141614142,-0.130252196272024,0.0586216287829849,-0.566238743612953,0.0925522255764131,1,-0.695623049617337,0.443012689144546,0.262615264432142,0.486635228120576,0.137484831959839,0.533906672808211,0.120443237572372,0.796246261743124,0.125533801596523,0.716001785755116,0.151586617060499,0.179287288170818,0.253854864507115
0.842780798865577,0.125723920916502,0.899306380326449,0.173573337625403,0.280400702696154,0.0780546919736876,0.443560753882265,0.30503790517107,-0.221022833265593,0.097477949927633,-0.651560872874417,0.0885829667647902,1,-0.626716366749033,-0.239841958250034,0.285966692452346,0.606183443086489,0.147190328720148,0.878219012113603,0.129941894799464,0.512019664746379,0.158393891962517,0.71029332734227,0.175657186296422,0.781987701516534,0.19345326727703
1.09391672401852,0.155942656288885,1.25146880569805,0.247582476384544,0.462896866216477,0.145292526688299,0.956283804359469,0.589275920807837,-0.355523264512838,0.180493382326181,-0.676959118224775,0.102027827168736,1,-0.534358232248986,-0.00797724617267855,0.333379818449675,0.780400478760564,0.170250916735259,0.638702164681382,0.166355460655433,0.956998987404574,0.154435287465028,1.16812197342685,0.172040002738924,0.638674775087379,0.224979198169546
0.915661189411769,0.12373844656301,0.976687757023519,0.160743729025047,0.282222731150406,0.0770431371789361,0.693569234212895,0.319222546158129,-0.324499237674514,0.115866550605498,-0.503568427325414,0.124622783020405,1,-0.733453821336662,-0.154101056049372,0.316914767652088,0.822769637356942,0.121794209629782,0.399688130486187,0.147764158405321,0.764054870523895,0.145228496779834,0.81390706858673,0.161234182490731,0.507962992155812,0.229688514843963
1.04667924989428,0.120522545224745,1.13636951597289,0.155366061085513,0.219129151208207,0.060504827254113,0.471561516770851,0.237438850801354,-0.0388907757183354,0.0705590352146616,-0.333222089208363,0.149129655385762,1,-0.120983835734001,0.331880330672147,0.311585600463941,0.549953227698885,0.138034756480696,0.633976465855376,0.147536897851522,0.725196089453963,0.138427700961721,0.981999566069864,0.136125910205735,0.348202742222018,0.239498745699011
1.00736940417225,0.132375770781598,1.28114281105779,0.187152174484463,0.37090380550362,0.0825512519949178,0.697133638107294,0.363531274398581,-0.385650048936221,0.128338149306444,-0.73305433137263,0.0554443058657393,1,-0.758411180536435,-0.176881303033717,0.327585915587305,0.626168892503565,0.151022497561182,0.850286409786348,0.130886157572813,0.929700182043891,0.115239670840447,0.793592553221425,0.161958884895547,0.79371606536645,0.233436640817563
1.02079423487061,0.113859755107297,0.927175252305631,0.149855316132419,0.291053571692002,0.0730814615788559,0.708848295247475,0.313209045567168,-0.289369385375361,0.102127816788014,-0.33854576432075,0.152329349609052,1,-0.637073390432962,0.0515352350159937,0.331996747259984,0.629352565705545,0.157650029508479,0.742829028300517,0.104063391800428,0.651174178761892,0.132830204765374,0.493041519703483,0.162572283047501,0.665394260000818,0.179987947519851
0.901759560865275,0.118934260041373,1.11328571927131,0.188327097307567,0.248100750919261,0.0752718861202259,0.613201368419492,0.37193497812346,-0.166824428106967,0.104033320098559,-0.680170516859189,0.07237979293451,1,-0.427704724590858,0.0365784245636802,0.258530907223155,0.626212530388111,0.129325109328588,0.635521317382881,0.131012743237333,0.787362565290675,0.144431059409328,0.839726988222828,0.198927048759581,0.249928466932615,0.347257158800967
0.996950277432566,0.140813839637914,1.13626598153979,0.180358756811502,0.272588565643861,0.0711904482886498,0.549633323511016,0.29413330577669,-0.157001034827969,0.0971131202150353,-0.610062263776419,0.07548600339741,1,-0.405613284100535,0.240888259131425,0.31925526361231,0.709372032288732,0.120852637546545,0.610604561062634,0.14007704374795,0.781594100515983,0.140189561757306,0.542481839405832,0.177590520817802,0.735288497768288,0.186885335867068
1.07259923981861,0.109886011016495,0.928545144825936,0.141690338308908,0.232803677034597,0.055868163954362,0.498475860370859,0.185223351054489,-0.340656738084862,0.0875405848133367,-0.560660854889644,0.0955092885059654,1,-0.999999999979741,0.234520767930327,0.243774138486714,0.692794643665245,0.118699135651839,0.568179640939174,0.125717241180023,0.595523709864317,0.135161516561366,0.669144840385622,0.163035399488025,0.689523594142421,0.188534048067144
1.02541294240365,0.155063548210049,1.01266252826338,0.194991996261949,0.266491350316814,0.0789342725443646,0.483960352818753,0.313516763349612,-0.25134026073101,0.111759568967415,-0.729711562066132,0.0763142842782723,1,-0.699867151487287,0.0131418423317029,0.353607671801819,0.801444010893797,0.153796533598779,0.723432982336148,0.143707142772311,0.642734957215796,0.144491814824128,0.708621572204456,0.186976349355357,0.912837087450246,0.21336180119516
0.773933591770057,0.106717478177045,0.912057324932086,0.155608492723723,0.218532432721114,0.0617387744355836,0.423802164862113,0.28117149547309,-0.178792245457796,0.0823962028670066,-0.532154831331771,0.109915898863039,1,-0.587501720970826,-0.337292186164694,0.28156521633368,0.614360696013543,0.139032339568335,0.626303736541476,0.119577434620461,0.377043119725029,0.149996403601693,0.414327130047734,0.17051146492503,0.592673185152148,0.196587722621203
1.25487199123969,0.142309442058031,1.17335494443274,0.219538760182941,0.386789839081425,0.109255350197891,1.66045560377753,0.600322025118998,-0.402693971706008,0.188189426690237,-0.625494838001981,0.10299478721668,1,-0.50248599962908,0.360962408582834,0.247877536725358,0.792059607593755,0.142042430635717,0.673021430923642,0.154243787714907,1.01729855327245,0.148484341159028,0.988384336662545,0.172726959118432,0.470125986589376,0.211103604492187
0.942755505411169,0.118562960999598,1.10546955000398,0.161308570949952,0.246311701911097,0.062230855175811,0.320188633416316,0.186173091239404,-0.28083127893669,0.0991418346053703,-0.653186139616377,0.0833827474948097,1,-0.999999999999086,-0.298959772054986,0.301528687774749,0.890984731124353,0.132235717325629,0.701358042536343,0.124453847345536,0.572562336618529,0.158237126197648,0.702731966512653,0.140340507638852,0.758353500380256,0.217201626826205
1.02546156185099,0.129617853054804,1.09866731348606,0.173264579060849,0.316259002941418,0.0788258120639481,0.481428305970606,0.351563432342653,-0.359815218367011,0.133207556736885,-0.650878462445408,0.0815504778830383,1,-0.922130248726905,-0.202688174344599,0.314921768464248,0.799577814669436,0.148450712719225,0.881674203944076,0.128919553500733,0.701924301632627,0.135963754065003,0.748875815178443,0.140539883687477,0.301667050597496,0.238500894657434
0.919383348754862,0.119299547811414,0.844506755478797,0.161585442825409,0.266835320151028,0.0709604320066081,0.498321083042005,0.290420151188131,-0.148420772957181,0.0972900767014664,-0.58406834513333,0.0937170558491438,1,-0.407022484107122,-0.0776459646842875,0.24814186835684,0.60144988795144,0.137370030231511,0.660157389862711,0.129038362460717,0.542623716514863,0.135018018120854,0.673627919668726,0.166600108273705,0.786370169163066,0.19868870038581
1.04355973729805,0.131753727857828,1.04951656854981,0.151005398848956,0.224612651638121,0.0657339845672248,0.216141439573757,0.214763032371625,-0.194905540142717,0.0907702374775395,-0.692158219724923,0.0711659868434988,1,-0.884581916242636,0.364686204437822,0.269639883825011,0.392948622866493,0.166498253652384,0.735589783801657,0.126403831781132,0.748820556864653,0.135078174717783,0.632888941119538,0.156686575104412,0.841826944987303,0.177742310927238
0.942776040736091,0.117236947807322,1.07212131674237,0.171336760195729,0.150382368259347,0.0403706239457794,0.555960640155865,0.35716258544737,-0.0226745195714496,0.0766098148139898,-0.620103800873562,0.0925401629102431,1,-0.0784183338918917,0.194682012923776,0.292587843475045,0.367795495314889,0.154078453651658,0.69403940919403,0.119128182832279,0.795961032844348,0.137049561901672,0.479759878046074,0.17911751251237,0.563772431573452,0.208445915196559
1.00201364823967,0.132272702508206,0.97019258266246,0.175858548494135,0.240340716213925,0.0631193321980498,0.567856798699894,0.335934477431874,-0.210689258184742,0.0893615922534901,-0.6172360611268,0.0839478719289279,1,-0.570307789804685,0.0676339189187556,0.313191493947869,0.737112245068364,0.137266322337146,0.520789547062253,0.13431917881287,0.769720150039951,0.132323993689228,0.643935855854519,0.179929090748997,0.790550468397468,0.193442501360916
1.04310401408454,0.104520561011164,1.21741279391772,0.151185631516327,0.190498465600971,0.0523621354784835,0.143894102026904,0.12606557596298,-0.165564505993154,0.0793780004184318,-0.544702826282912,0.1054626114286,1,-0.999999999992745,0.217578912974353,0.231560317632654,0.5938158483794,0.125944858898174,0.869040152140504,0.106093030973222,0.760436425378973,0.125181389711827,0.473054764513675,0.20225196163688,0.316955432836439,0.242868447383949
1.23630037273779,0.136687677502759,0.936100548218499,0.138573326210954,0.225383984088112,0.0637488376642735,0.14308327616485,0.17979771705556,-0.103982977236509,0.087435638700366,-0.691503940863858,0.0660016157144736,1,-0.579036958267892,0.257830907501296,0.35528337783447,0.776281699492865,0.162620731017956,0.832036385754535,0.112920487107063,0.84966737815423,0.13353386636657,0.767851955070328,0.135652646400955,0.925037928038323,0.1905277343308
1.03617896136543,0.110475513577381,1.02330403037011,0.126762294225217,0.186036398577976,0.0476582842287974,0.119453466774875,0.136300493562134,-0.100176033311913,0.0625262281902311,-0.27217483367509,0.143495746317093,1,-0.671994146227243,0.466345540934819,0.285791457134918,0.597044573643972,0.129405138857776,0.552138023787991,0.124096057238737,0.52731023025768,0.131357784521736,0.294405647500875,0.165684274323306,0.461952329193839,0.189878362662127
0.966799935327096,0.109260129741385,1.03978467883538,0.173082444815938,0.198748761049392,0.0538151937371731,0.778667431017406,0.301444338362471,-0.333558910455569,0.1029878429222,-0.589723641441044,0.0949620563957583,1,-0.847899397249891,-0.425406891315721,0.311497161488845,0.821512388636724,0.148755480962156,0.705699075499772,0.126888521691823,0.759283158820786,0.126696794964123,0.514211514789806,0.178198268758317,0.564972590566473,0.194422293724678
1.14666101510237,0.146319959868257,0.810860145956267,0.1531753591183,0.287650151929782,0.0879191793081833,0.50013885568698,0.259889021965941,-0.10522931361873,0.104201763600911,-0.686963162174171,0.079634018362785,1,-0.277433650048547,-0.00336683288639697,0.326373144743821,0.737272699543302,0.15750110873554,0.620195709372627,0.155248310409763,1.03494086363764,0.150680265000491,0.721062116704218,0.168983188286865,0.861056696887657,0.186727890658086
1.07144857579379,0.140432987922764,1.02479952514429,0.189196476535806,0.267565136287718,0.0764784564653428,1.24151575783907,0.473160148736704,-0.343682263027081,0.124227170400875,-0.37216749691008,0.184477673191614,1,-0.596301963179143,0.597482258613449,0.324038464186228,0.725108804780213,0.149438612846101,0.640487060133567,0.137932084363219,0.712820428945789,0.155543605387451,0.79744151708907,0.182369119349526,0.739220461628038,0.210308772728971
0.949821990625124,0.112418221892037,0.968923398127282,0.141014518428565,0.27044903109781,0.0719442707350773,0.182422684608789,0.119675858956874,-0.222117172461625,0.0822197102917234,-0.596071909310484,0.0915724533633473,1,-0.999999999996341,-0.32827616034719,0.273050760780619,0.690486479567477,0.124533984815726,0.677244352685131,0.122612160973824,0.525215382764523,0.156964668250503,0.646553570094034,0.159163730115114,0.91313685285351,0.153261933792497
1.13264046318178,0.147158954730361,0.852659748972477,0.145468699316023,0.400765579983474,0.106449417940979,0.374694836431002,0.218498946900763,-0.328241448771017,0.121753669332358,-0.59255905751201,0.0941288163010053,1,-0.847050609532367,-0.131605530191218,0.3211055286755,0.904905626610829,0.130215946770975,0.751608827129979,0.138802054528439,0.747502890395159,0.152044977238082,0.609571239807983,0.170329671916348,0.955417443746838,0.160882587096763
0.954472519722373,0.104044030792462,0.962254209260672,0.146767017617596,0.244161558793323,0.0568193101726525,0.538121083809172,0.259984208299876,-0.269172272776152,0.105529770942346,-0.503293856858741,0.0908708171253658,1,-0.742594405323482,0.086902885127742,0.262492423259123,0.587877779185923,0.131693417131683,0.632986102013991,0.10614289348726,0.690267259534101,0.132774026468038,0.510118802663073,0.194318380949042,0.539745111496154,0.163380843465243
1.02486087660486,0.125040976114108,1.12235122654508,0.152979723601306,0.194881859751586,0.0531766820266251,0.451702110309853,0.280765905673448,-0.11461214190106,0.078357751736234,-0.558900150028264,0.102790872386119,1,-0.386294799352395,-0.454046906266753,0.287903721189135,0.781006345194559,0.151147120818398,0.655347944002752,0.13729300731793,0.747848179602706,0.137341262982595,0.820034973420924,0.133397308470004,0.727340506967927,0.18081753215902
0.985817958138726,0.124714437982557,1.00421733089981,0.162210791328132,0.300039732712866,0.0714321515858422,0.693769702316107,0.317224293018127,-0.335796041271323,0.119523908265113,-0.626078573981247,0.0811387989800104,1,-0.736001199351166,-0.102808978899697,0.332375476635207,0.644140210030443,0.128856445096871,0.775866276940171,0.10973282503823,0.7173150430248,0.142625050363643,0.606276749488076,0.180734272946219,0.800390223601191,0.230949754641908
0.951642882012797,0.112671210120562,0.952204848721957,0.154991901012115,0.236600710220031,0.0664278385622381,0.370974764182038,0.245348171842789,-0.0892431338863853,0.0873585191505838,-0.572319216333679,0.0970696478725003,1,-0.301227492755649,0.323058422324031,0.306980579521332,0.491168287428911,0.151944470236074,0.540034808390249,0.136676896588697,0.639217084459422,0.127852379419845,0.550331324033035,0.172351496613488,0.228867361019015,0.224805565225615
0.884696423577136,0.112593012421388,1.01995559966017,0.165874310167047,0.199154178772951,0.0530905422156834,0.661784591113916,0.365118552260835,-0.255456164697286,0.0937331380323529,-0.559269694594786,0.101272935136407,1,-0.703660788118577,0.0398825483914271,0.302147785472457,0.707101182058161,0.14355076364118,0.334041581002373,0.147792504777655,0.84003593381805,0.134393200116235,0.566643685073927,0.169245156881096,0.885215998633809,0.17346657892107
0.98673526469945,0.12099733059982,1.01622482393343,0.16200373284029,0.196477039623372,0.0570559709418475,0.396577103628343,0.269985267885281,-0.0881835644170347,0.0759782646625336,-0.465216146389439,0.141145229422449,1,-0.315913312959822,0.109692540655261,0.297440776674976,0.71653744678146,0.129518464050151,0.625727324337522,0.118276897983738,0.689863628682666,0.153561638240074,0.542652857965911,0.175761677811724,0.5036169447324,0.211905824263869
0.895225554727907,0.110547617086507,0.897049712946794,0.132079613419944,0.211464796262453,0.0556010116165299,0.306712898628568,0.188906707550419,-0.132959230367441,0.064471838098754,-0.508382133319262,0.103378504278464,1,-0.522075644419783,-0.265735236042687,0.26675185907711,0.766503014412974,0.141048830274168,0.586020602130805,0.119123647266177,0.500990156498948,0.140635571084941,0.540816935592637,0.160548926846071,0.458050963942852,0.208870166545235
0.821186131789659,0.113071093315236,1.12771228288152,0.16627850200962,0.227767184685368,0.0605492732818316,0.423776502975412,0.254574836403046,-0.220356496953484,0.0937588682837567,-0.555316085857286,0.105940083353666,1,-0.709270417332653,-0.684431922778847,0.286152654624445,0.791968759421282,0.131712677397162,0.612223165094435,0.12719709070691,0.73819260698103,0.129487262648569,0.558307515301655,0.161773109925879,0.707803263998,0.238319182544349
1.07938609172788,0.153173962183459,1.18956263607214,0.203576722536571,0.384186589565491,0.116446203279647,0.683091402257321,0.370438636103605,-0.386535277447579,0.151013823099381,-0.575513130416362,0.110090308795139,1,-0.754533673074338,0.023080366680595,0.375185284602618,0.871788449361721,0.153396803531731,0.674162184585022,0.140875114950108,0.896542571775489,0.158785507564714,0.634310888942019,0.19088831948979,0.790410549461236,0.222492798399573
1.01491135200487,0.108537635746864,1.0868891203828,0.139529493517969,0.152686139342001,0.0452332598436685,0.28551562202528,0.180319210231551,-0.180048206589258,0.0586942554317557,-0.457437600951856,0.108778026121697,1,-0.862331111298576,0.326459114992027,0.299512221067191,0.74267227892343,0.126292223678899,0.729930003849204,0.115063339693444,0.403443845669128,0.140103178767826,0.681286621242101,0.161373871235931,0.543681124009972,0.186900946100826
1.11404242546385,0.146866162942658,1.04522007207784,0.195939216187371,0.34754257681451,0.101236099277174,0.699128059680417,0.37530792668945,-0.338516832780429,0.152821332369797,-0.655189349681334,0.102051697609253,1,-0.68674877590082,-0.293214977560858,0.39484489442891,0.802776173142626,0.177402426233661,0.852408493168861,0.164941377893565,0.728743636667681,0.156186298767265,0.976519026628342,0.160750643719928,0.65031015313766,0.209405028460231
0.821497886018569,0.118949338529571,0.95294758185733,0.170914975129677,0.236604111611725,0.0616191152549638,0.617682473410878,0.33579469615265,-0.266895694815524,0.0960999478495478,-0.579600059364475,0.104658435617122,1,-0.698148461784696,-0.574617988522872,0.333086763042577,0.703593304212917,0.148990346450048,0.740773015688361,0.12297356259415,0.66650333990632,0.143159953852758,0.539096502843654,0.164904459063775,0.436516225381183,0.212981256030205
0.936282925425413,0.118759427639572,0.981820678584718,0.178075121993026,0.228963056082956,0.0666273510453296,0.618236986479172,0.365260634167547,-0.233775744198881,0.110585774223636,-0.526067022714956,0.111753993487036,1,-0.621354216582532,0.276345304514548,0.267040500215488,0.491055971403835,0.144636477041406,0.651108286437373,0.117529641487884,0.799311512759194,0.140085804412068,0.707031703559311,0.171840626137981,0.470325369781858,0.24450036213033
1.01195530759075,0.121018685716853,1.09269203980061,0.163665125547915,0.218175825991084,0.0500475898440599,0.504003445815677,0.310541891663121,-0.17916398370581,0.0822498500713206,-0.550664413107268,0.0962560457845419,1,-0.540294620108417,0.405627108754467,0.261540373316832,0.682475804811786,0.122128863802665,0.644631130594967,0.124149437021204,0.380449394191964,0.156825985622917,0.897734409891873,0.140645551070603,0.856105758603708,0.197419094428526
1.09978186647273,0.136995405942681,0.8401695261279,0.174928726864707,0.303252124825298,0.0835916864709696,0.766135412100445,0.378309403861892,-0.275930566938714,0.11599011257183,-0.643609236662055,0.085452055864065,1,-0.572459963658172,-0.385664378091431,0.340300077359007,0.880056483017108,0.137594379018306,0.811888961952418,0.122137405001243,0.845696690780923,0.136862624546495,0.736120471653959,0.167485998495567,0.845743589691577,0.187654830355681
0.922817867776764,0.124241242676129,0.982516356974977,0.159544729709618,0.210386350123321,0.0562656624569038,0.787688701986683,0.328714641157828,-0.239289229406941,0.0882736521300391,-0.490372921029816,0.128319493124506,1,-0.587810126064758,0.0999126028649059,0.268036173022228,0.61882910212614,0.133972607971976,0.448207726628209,0.13136641228831,0.717465672761932,0.141934141241493,0.695921288338808,0.184274063666171,0.511984487375518,0.225887216233493
0.914235796245522,0.124556232730581,0.904806465771708,0.154640978438445,0.214408757697424,0.055868993902147,0.584464176421992,0.313836902481474,-0.179735669768499,0.0804580361676308,-0.500928933297948,0.115290975508802,1,-0.507731450211975,-0.57184253698195,0.285243192186252,0.786786930028939,0.131810844774914,0.405072445876469,0.159181825228536,0.7567506684375,0.13295665427272,0.600208435977291,0.164572027699489,0.362909901874323,0.202817920663006
1.03899225364884,0.103095020303277,0.845783876167754,0.130505348675889,0.120459454561318,0.0325563804796748,0.299210703469174,0.159235446741973,-0.104490966623116,0.0511465228862326,-0.517437964876256,0.0935828455414364,1,-0.550388990387182,0.0114277935890373,0.274153449289816,0.841123985827776,0.12557879705634,0.685004803224244,0.119729542831904,0.412132764264134,0.137006915558463,0.960351029366509,0.133685704226692,0.593946720315052,0.191994760508091
0.851275444757238,0.116060939345069,0.765190868238766,0.174633028843641,0.269046824235308,0.0697258793874908,0.430325365761246,0.293728117581102,-0.279481837641137,0.10657433919627,-0.4327545659371,0.141887451011049,1,-0.82137443568207,0.211473441683199,0.299172938917211,0.242881385749031,0.184073265665882,0.736215992994292,0.134608265615775,0.61540360800936,0.140736972757134,0.78552865131949,0.166435399216371,0.207744614440089,0.234883188748949
0.918581686701664,0.108426841574352,0.857979823240383,0.168058514452838,0.176217935731742,0.0435016544850168,0.895284737255945,0.37280253717914,-0.259864199762299,0.0921987285384454,-0.513167206761307,0.116479214469461,1,-0.654245595924701,0.305606473047361,0.291903111995037,0.539373775165797,0.135551891443563,0.520802486177843,0.130423321304602,0.653534058652288,0.145343713866114,0.788903115752779,0.146037514675759,0.74251125041134,0.191259900951107
0.902953315008806,0.08699230544825,0.789204827948478,0.126790275024497,0.152723738362617,0.0373724873039685,0.388877546658326,0.161928171279928,-0.243702344438074,0.0644901031634029,-0.504011856400547,0.0825851199775181,1,-0.99999999994672,-0.260673117897843,0.205640244813159,0.750380812577909,0.114638940479731,0.542577342802064,0.118628316523976,0.498241668508219,0.118904412265187,0.335116700256546,0.168830791381401,0.353851674932965,0.185043201601846
1.09728235045295,0.126521166468735,0.902090669540277,0.172272007229814,0.249375857063873,0.0635270821023849,0.531807864817378,0.317780307732573,-0.191225196858692,0.0973336920752353,-0.6449744634378,0.0746551561748413,1,-0.525098207778228,0.150912867166192,0.343786804896142,0.738830831817099,0.156811425134346,0.591197224761598,0.138389731774743,0.678086678683806,0.140489776936384,0.816599049033808,0.138215983265224,0.846805952784546,0.164124504844545
1.08077979502587,0.139885949568515,1.28073562592408,0.19219462840899,0.295647050057106,0.0738247511738812,0.876773351443475,0.453456043027713,-0.295346880916664,0.124659632210669,-0.612809479059456,0.103008862289672,1,-0.580098767865884,-0.0150043212501419,0.277365767592169,0.888938416485742,0.131748545623587,0.711587642688578,0.126891274659854,0.738468648232068,0.142756108608417,0.744615434898489,0.173745896139676,0.830930207040971,0.220960171672882
0.990012965131664,0.125758554294999,0.957628192469482,0.164315799337418,0.297390784020585,0.0738891607192094,0.770088116426244,0.372262580571528,-0.297432608189541,0.106084888131206,-0.25646716642798,0.211299418681832,1,-0.621519294847432,0.0996889466230816,0.305958601761594,0.72690225537203,0.139122088454384,0.496112780959976,0.148181110252581,0.596148894570509,0.129999996246819,0.759532177575269,0.15031769478555,0.478037384085153,0.205015442094049
1.07920327694815,0.152862980795331,0.98784896112241,0.211154304294605,0.315137213273335,0.0915134424177201,1.21986284796503,0.542182247031857,-0.421335063546543,0.160957228294742,-0.623852453323591,0.0904481144413325,1,-0.679551311831395,-0.145588284311488,0.362850204816416,0.6891587767171,0.172182242971406,0.761287068885162,0.143107849530372,0.692914321796639,0.147321295904031,0.825241449407476,0.164749079887627,0.503447111936314,0.224560953105057
0.991751891827293,0.137305945359372,0.977232424440724,0.154277171264144,0.316690993547679,0.0926855171832101,0.366216525745077,0.276127877313231,-0.172324599249487,0.0968722438709723,-0.510474230025773,0.112124067477873,1,-0.50601157545153,-0.277178310730446,0.275033766286124,0.74851758911017,0.143863359650396,0.558634131362952,0.14099732306706,0.808624049381925,0.144416902175398,0.58067535995818,0.158025570992726,0.598871851716899,0.220741381332645
1.0019597617743,0.117152537572,1.08277796081445,0.183685356962696,0.235106795299096,0.0599534825938224,0.457740171764294,0.280402502597361,-0.0943288799711505,0.0906182078706865,-0.692775896778654,0.069543133842988,1,-0.287542849902798,-0.306123994027673,0.374700611437626,0.833299298603236,0.140099187560653,0.620556623894177,0.125654808620682,0.897699115262583,0.128568974660374,1.01141913077145,0.165713002472759,0.832198433224658,0.194469783152205
0.868198414181197,0.118236622146292,1.21947242057701,0.216226730839548,0.25634572956296,0.0720559510600962,0.856385269616261,0.45637234303407,-0.316874774862401,0.133106322782173,-0.666115884412751,0.0723992032404676,1,-0.6763010012025,-0.635036387208995,0.252936798905408,0.732739893686885,0.142564960793383,0.719346714116882,0.127008919694543,0.678536876037917,0.156678243071902,0.553338119607165,0.173636127660469,0.556829038080115,0.23863279899684
1.06858723090463,0.129987573870997,1.10404157961659,0.166544492347858,0.32963340338396,0.0908567962521682,0.479202214053304,0.255242514384038,-0.323720485661181,0.125298678481841,-0.532603053638233,0.10471497159842,1,-0.814507650802904,-0.069296149105322,0.304738648193839,0.844518548950889,0.145223140148372,0.771541983067021,0.128319678432569,0.416854466953138,0.160437295910629,0.591845768644658,0.166731831908634,0.718940565283652,0.175100773565302
0.956234871838874,0.123976088158157,1.04214900090311,0.156231483338727,0.23654350809522,0.0572974337970996,0.630413205788092,0.259977114777454,-0.293125819769414,0.101367236320367,-0.529412257435939,0.100923517099599,1,-0.759077129967613,0.0738697984020326,0.322807377444755,0.649110086188805,0.146385043277468,0.820146754346606,0.120653892882301,0.683760779115482,0.131357818643474,0.497689346997444,0.183595714699239,0.387842665785837,0.234313197434192
1.1158253114297,0.141371441988744,0.983218123835376,0.182772901839167,0.293546591299507,0.0740917217565603,0.929985842609351,0.446028298370454,-0.355777075725404,0.130876565518794,-0.690322047207221,0.0792475512525607,1,-0.680928123577213,-0.032646108787545,0.357628239182708,0.722331465079316,0.148405810730956,0.695181146001287,0.133953618854792,0.786727101526004,0.134627660644839,0.817933587870803,0.145888737212077,0.809787002726687,0.221096589348992
0.893028251943125,0.126470147423172,0.973951519562647,0.179296825880228,0.227683486578064,0.0594859032837754,0.566146111195384,0.310714143681773,-0.29096411433772,0.108183492534063,-0.594710032901452,0.0996713074933288,1,-0.810418596775067,0.334299763811501,0.307083431970742,0.462668810163614,0.154847613787413,0.47838019311605,0.143350842372222,0.462746225813174,0.152422866910993,0.839514612962791,0.14194450050789,0.708114376164036,0.187348107074088
0.990733639870348,0.135778085124587,1.3360050862706,0.192809342225779,0.280227710120183,0.079179223979073,0.600872508283672,0.339287697490998,-0.269334518687616,0.110624957549349,-0.595217307222506,0.10004430725187,1,-0.656364843787563,-0.110509820065575,0.306586835097623,0.677079985044338,0.136382413921757,0.732207041575122,0.13126972839753,0.699288461021462,0.159142225877473,0.775770725865851,0.180603242464082,0.621469035599896,0.18209585421031
0.923032617171899,0.112085641949076,0.881134305414289,0.13658742308388,0.1719680966256,0.0437567582582942,0.360943973413248,0.234402560002456,-0.181049375026414,0.074066839481916,-0.467624923876889,0.0991119115877139,1,-0.7266967038383,0.261411418575528,0.305203026537501,0.442180671035107,0.142097239400548,0.600686567753402,0.129473800623209,0.578252096412561,0.120615240422196,0.865285194131027,0.125299028318882,0.728625168891905,0.180280732036971
1.00745361479097,0.139337994056806,1.0124543763231,0.170871204954489,0.341654459926499,0.0860980689760916,0.552784064092205,0.306983267682418,-0.348142742028719,0.120838090092903,-0.618393938358738,0.090371894226806,1,-0.801098726138688,-0.515044796879979,0.355217049059197,0.920151615078752,0.143928842460198,0.703301256371788,0.126361586292798,0.63477797934811,0.137451253426652,0.450764007507571,0.164527209806011,0.943226603743279,0.166283728208542
1.01752492958509,0.119766151143745,1.01739531519016,0.163360571734482,0.18202028609725,0.0486184480994163,0.510608280819129,0.290603816610918,-0.207166619027076,0.0825914277791588,-0.7172823171297,0.0604056157942814,1,-0.679541454160935,-0.524356447254629,0.305412800939229,0.838824195271965,0.139737598511783,0.97800566154303,0.109762772089217,0.647565884778716,0.147413908400053,0.781584325639592,0.155021499802124,0.706585815037035,0.196614829948811
1.02901057328325,0.138868176377335,0.879472331219079,0.169879010415955,0.170653898967925,0.0485998034304113,0.894547606143829,0.331404361314173,-0.230190485865847,0.0937189039521131,-0.572764089889689,0.108576746945058,1,-0.589152239794779,0.180637244516137,0.326431825401305,0.846895882203268,0.145350449823459,0.461181328150264,0.154168543126443,0.575402537223648,0.135027070550854,0.559677686826602,0.156631293661141,0.786931222719617,0.173705283472449
0.941191169656182,0.12373210917184,0.712707238252996,0.140688844650048,0.203791808644984,0.0589426575183716,0.385061869922759,0.258354233454927,-0.0568047705921624,0.0653908262513377,-0.407247520731331,0.136085128187384,1,-0.202780500518787,-0.144359239655262,0.269547404951423,0.465871062633578,0.15991040433267,0.741604209634554,0.118869427667906,0.800215200197971,0.140265888417738,0.438311332704662,0.194142989191879,0.648005157771029,0.202433961537007
1.07367888074231,0.139719670663409,0.909663637466659,0.175189193144518,0.208558264734306,0.0672955666490306,1.07499476727628,0.43446840572298,-0.267186230811629,0.113106961459844,-0.548248538406545,0.113708815203943,1,-0.564283297990995,0.146678021251774,0.296502588571256,0.703067864887907,0.145276506129028,0.707095961879833,0.132756845524395,0.512669981826049,0.146186618218349,0.770487410724019,0.163118029372296,0.916143729950287,0.20118474565504
0.941301623356577,0.116965022129385,1.04064184816238,0.148055196184338,0.220683675352967,0.0532329864102453,0.477607898745544,0.300762936527531,-0.278781381398695,0.102915788371997,-0.522891188139322,0.122841677479378,1,-0.858702863859278,-0.4160621631767,0.269896037275743,0.861891021495301,0.121164457729759,0.68932046409295,0.117717386561408,0.616746172585659,0.130475539679316,0.64839013090562,0.181019773395658,0.336787107507214,0.225675909841644
1.06580735623997,0.150251221404868,0.80403765035539,0.170804697081405,0.277504453317369,0.0729489776402363,0.809234039792304,0.334568904796304,-0.36808157336528,0.113474649431933,-0.690804155296122,0.069430457818069,1,-0.776733482856872,-0.139980125418797,0.291523808073889,0.783030946369401,0.137948702282316,0.729208210947436,0.133051932542198,0.793986407558179,0.137174402291292,0.654375027512927,0.15169905365709,0.49159779362603,0.190368411304155
0.833038080882102,0.110762386754032,1.05089618348076,0.157645345822027,0.218937064471247,0.0618313156756188,0.438171537317442,0.225531011146551,-0.288086733071255,0.0922832692264982,-0.530084124714273,0.120624941292938,1,-0.930125458565411,0.0673430953593143,0.255485450702659,0.59499939866787,0.145963726821475,0.488355585371226,0.144421062874329,0.521434484803788,0.147077325357209,0.790359781281659,0.155896898419528,0.60205723203213,0.198860317623494
0.987501896540992,0.109192106996778,0.808148118657402,0.142707411839308,0.115529586004378,0.0315261812622129,0.480361482456572,0.235243212663157,-0.110914305781145,0.0509686234531587,-0.436811886018761,0.129890732713088,1,-0.470822130838915,0.539340462544866,0.218958135763336,0.429354062620524,0.138367347018526,0.571078927066925,0.125685143836339,0.701025619611582,0.13284320233613,0.195980366498677,0.222802961308846,0.534824740281546,0.203066647907
0.863021960832512,0.126514350119485,1.02308910715116,0.188788482403304,0.284994744533207,0.0798220728644991,0.590740072056573,0.36535242281672,-0.230049677893558,0.121525235977273,-0.604960543883376,0.0870480340016273,1,-0.560666991009189,-0.207721546727317,0.342344171159576,0.609648630426951,0.134157468577857,0.827117754808474,0.13287243332904,0.594752426628382,0.132785413153414,0.677062437335126,0.161896654301415,0.763652967278,0.209628425191382
0.852326853035176,0.113139189039971,0.919520350329736,0.150933349938303,0.269151254683845,0.0665655051975833,0.437670919333229,0.283501010440723,-0.237606672629352,0.0938832142157681,-0.52616880451515,0.116794824954543,1,-0.692287647672295,-0.332700740670186,0.285667938228839,0.603544411111231,0.140191510159736,0.529613410688436,0.138932424232011,0.826112213325614,0.126177042811239,0.636530709675691,0.159958919890132,0.390313101566324,0.253831138706257
1.06111116887861,0.121927878662019,0.876063198513478,0.180106560116598,0.233215444060018,0.0620236463851155,0.809481799519114,0.364293659447479,-0.303773966964151,0.114010093703803,-0.477703907189612,0.126976258833581,1,-0.699146768897418,0.178309409350659,0.31844998936035,0.792651587837022,0.145262174238807,0.541563493553004,0.139044918065277,0.717225818794072,0.123635760206442,0.728477559334993,0.158352773304905,0.751525543000465,0.20875786318564
0.877843017510859,0.11380455155837,0.722549031867929,0.141305166807797,0.193488023241516,0.0490400600010031,0.455236927294234,0.258794065478009,-0.12801174735586,0.070915152714222,-0.436945243754177,0.148822547529734,1,-0.431324413261968,-0.219836204794722,0.36873074003909,0.591771159065599,0.159426176226919,0.797785537065198,0.113549931010479,0.341944703565352,0.161659183847412,0.567957388458876,0.159205129204107,0.692295954805114,0.187575104479349
1.05236373950586,0.135637054367691,1.09979773627604,0.169087925753346,0.327426979865035,0.083511781077087,0.623847154422702,0.406232842441939,-0.342951062022631,0.134549237453561,-0.676857208050643,0.0703497303092703,1,-0.758814850497478,0.183462778678838,0.307885110633291,0.706367518113605,0.140110103926659,0.771100100178259,0.126945027832285,0.703113900299628,0.146679739013539,1.02040529307895,0.158258206324993,1.12392649079797,0.209408241839892
1.00777786332313,0.135758017008223,1.34165554707822,0.210219916117701,0.344706052398938,0.0984955040944851,0.498462767895048,0.319527802010439,-0.272410164607424,0.115811933691491,-0.588197694591914,0.100638674585334,1,-0.657177206283014,0.107179201998894,0.296447851240324,0.653318063024667,0.150298719711557,0.869667487570729,0.131123315129988,0.877114362338354,0.160159083493464,0.712268404069304,0.165583272231433,0.986609040102776,0.253253464112108
1.01925335295995,0.128764416011914,1.00854639923757,0.153117242512222,0.310581436270968,0.0901522191296033,0.208826660505775,0.177310873873825,-0.0512384690375609,0.0974163398551857,-0.538956248182954,0.122107460270072,1,-0.20119418583252,0.246388415942288,0.328582819600433,0.566507333256502,0.144920694845545,0.64060950261075,0.137737565492227,0.582945324904078,0.149653209587416,0.786912069750243,0.162576233551041,0.656538071290103,0.214306111568622
0.890027522903494,0.140604826849407,0.940248724031085,0.139842943037046,0.279014397083069,0.0691837083392526,0.486741189245839,0.265315266815132,-0.271617040932372,0.0944119953185798,-0.566713731544348,0.102177726541641,1,-0.737046108417312,-0.0182447567653263,0.323047908878186,0.462925245704866,0.136888922679957,0.73432230507553,0.117450934714897,0.861307361131101,0.132501693343703,0.760301722458888,0.17839533617578,0.571849506704293,0.234900613508891
1.01078847616982,0.145158748510009,1.04329982641455,0.166200047330651,0.304006968393751,0.084138175497745,0.574086097623712,0.312723779533869,-0.207432723242213,0.115385011535205,-0.563542759421207,0.106781402511138,1,-0.496531705042157,-0.0135382448721208,0.341577967648574,0.627001299653801,0.158197066186051,0.708064898916124,0.128395157904877,0.64013968894621,0.14849199974783,0.9181985073147,0.15494654881108,0.826993906327607,0.216954024325369
0.916414022110221,0.118013946764702,0.876126385483114,0.15974270321788,0.210539827851552,0.0626656468518503,0.690002886933293,0.328177098019176,-0.193833823658981,0.0906349254308723,-0.352421559311368,0.17406141871426,1,-0.508553886082176,0.0266186330924845,0.269328729929695,0.572951721194604,0.134868756113077,0.705260888876255,0.122032311921405,0.365919858913006,0.169625835732383,0.543975857807524,0.169986427377963,0.87126936184223,0.201162415516196
1.08422212808005,0.131564751015354,0.878905115512488,0.164706022297897,0.275195078304079,0.0746577186780003,0.727008284789099,0.356534346845684,-0.158113140116458,0.105188341157722,-0.625361377304278,0.09633998725247,1,-0.353490667553484,0.0425910079515956,0.301079852685588,0.602949068705109,0.148350513529709,0.843320011900031,0.125564878555607,0.843056789908482,0.136732495422691,0.857901093835441,0.164631396886188,0.525444306951507,0.197987903789512
0.765446076723343,0.105306094559608,0.877472001106421,0.157943580427337,0.1458791931186,0.044019737736814,0.341708942715128,0.206938096988398,-0.156472150886771,0.0693498257576445,-0.531410034399536,0.121547968513816,1,-0.700829225013525,-0.420762525976421,0.308051440598641,0.595786666727465,0.147561740619891,0.692101847008421,0.131208812195441,0.55578816631797,0.151265522618029,0.331280623726029,0.178533789646245,0.319301188527911,0.214270277344979
0.966832353669134,0.103013353084997,0.836311288569562,0.161182309556682,0.233189433084501,0.0614419822846476,0.322724632568943,0.264291945905376,-0.197607958264641,0.0900167617264959,-0.671896840117483,0.0739767229478012,1,-0.720334043181899,-0.108551431398282,0.241968317770374,0.641084524293315,0.150489276988922,0.665319449071172,0.131560989752943,0.645180900442463,0.143304052179621,0.693331018734677,0.146826930773191,0.657704768177312,0.180819710313309
0.948823024142327,0.115160582398508,0.880252621716269,0.170196130566834,0.205319366948759,0.0574122691760934,0.881462756568708,0.405639210786199,-0.236339911032333,0.0990862856810883,-0.452805623744189,0.147150212632038,1,-0.555546128974509,0.224180162576315,0.29085161097342,0.727379354882887,0.12995977497891,0.631527800918684,0.134134762720878,0.589093020573998,0.144535977472312,0.514348134216378,0.197335899400766,0.62005365991488,0.204960250222612
0.996566213179068,0.120942713659693,1.06105138255406,0.164014835388433,0.183448335823791,0.0557700767741414,0.361978582682642,0.23303216833439,-0.13089143270869,0.0801024578270218,-0.667638971566474,0.0801577730285834,1,-0.507940562567298,0.0319396928664706,0.275304267325257,0.704350576586183,0.149996639460452,0.736075851133028,0.116867135667736,0.760174173761989,0.151183689939166,0.626782028705414,0.178909697159846,0.517914025405398,0.24642676242552
0.914567558706344,0.106738905892419,1.05319625001395,0.150221903386945,0.232330949971501,0.0592512584249428,0.537683489678535,0.285378876347897,-0.269394280522565,0.0927744158641118,-0.596661434092109,0.0837483692287951,1,-0.762204461234337,-0.0818962221823987,0.235606066864439,0.483178938095698,0.129474680610262,0.674214856942472,0.123821911256047,0.569137837983984,0.142081478521983,0.579214391206086,0.158972411665872,0.947768126724157,0.157945191768548
1.16122608147583,0.139529533489817,1.29827659502443,0.190050653628908,0.24215703084458,0.0646431849160095,0.768085038084895,0.40000596155028,-0.315197267720988,0.124601333823594,-0.540939070784257,0.0984665444627677,1,-0.730851680661556,0.475032194213216,0.312018438497823,0.685684888058851,0.156333988167096,0.652523591918384,0.137511507949148,0.828561996720314,0.157720602815341,0.694702289565912,0.153495621860199,0.715701977172319,0.182775324835979
0.90247715434149,0.110032900990053,0.560295744284643,0.132611187009338,0.166394271698652,0.0500022311472503,0.43595316923937,0.193245790895337,-0.183927551658612,0.0626635938729098,-0.590565218866799,0.0988152226788687,1,-0.682900899283779,-0.278887480607858,0.230927928058629,0.72434404251665,0.124511092708025,0.595862943102862,0.123217492769417,0.484108879710036,0.14212146529928,0.396408979588042,0.187789801852642,0.278445118094782,0.225490048029114
1.17649883856913,0.158926795180182,1.32069934213787,0.228244897324503,0.314300621346479,0.0911749662356242,0.526155848284856,0.360175846198998,-0.14719366725807,0.115054871439593,-0.812503248246179,0.0499987870946954,1,-0.361958937641177,-0.541885497892015,0.336958860012572,0.862111099032576,0.172326795880663,1.01597037314245,0.133028372197907,0.878670523805343,0.14645631237453,1.0957114576941,0.15769255212006,0.700641328855716,0.259449917772384
1.14055115209442,0.126277884593917,1.23753374341703,0.174106700798715,0.234968044922281,0.0592686358094464,0.682056254880947,0.365136421244584,-0.326999133095668,0.120197449422135,-0.606356555629059,0.0924403163863702,1,-0.816830793301374,0.169289991622287,0.307862119526298,0.755001542500195,0.136790166165371,0.755219559673347,0.124745623049251,0.585778590323992,0.143379342067671,0.783183569256688,0.151828149099643,0.981641806314615,0.160470864732111
0.931971225446651,0.112839866319482,1.01619296222197,0.168601240206536,0.186930801408235,0.0517735883971437,0.576220099087529,0.345686017665633,-0.224229874289327,0.0889012110031911,-0.349468886013401,0.155398598092502,1,-0.683217273808514,-0.268854156435326,0.336796732867647,0.772476955756428,0.137947553820037,0.637043674777895,0.113541153246717,0.445456375094058,0.161091764572744,0.56698626224966,0.150789810350895,0.50986247608978,0.195674682995061
1.11221406819896,0.149249264917092,0.83724491994356,0.173592633048703,0.277806024082807,0.0889839457222839,1.06828291754909,0.39419458400306,-0.304221015229089,0.131191262692229,-0.486664553859024,0.165333231171098,1,-0.558438356018783,0.242961963910369,0.258373269986307,0.671307876007363,0.144216762239605,0.839141443355114,0.115269335572186,0.605332246864782,0.177212170808068,0.655233523506808,0.193794457746583,0.578735067267025,0.230310938015015
0.999815623478642,0.125075587597415,0.968537013738217,0.151979432138881,0.204643771298866,0.0558104382349386,0.450948290931878,0.228530666149272,-0.157533488402573,0.0760693550735533,-0.614214136595114,0.0942574155585457,1,-0.518573419153726,-0.102840979914912,0.260757070840951,0.763322359468716,0.118891523901197,0.725755132713182,0.123335802477856,0.474282648000077,0.162146625162846,0.843669599242577,0.15263522100367,0.828684872570627,0.210613875278394
1.22558453889653,0.13039407638675,1.15690777791984,0.191328008360346,0.353802874688924,0.0775755155968981,0.757137681667605,0.454872237868514,-0.211923044133317,0.121615871774177,-0.68403737646906,0.0727519764280902,1,-0.409458672965867,0.299156358299756,0.348937085606768,0.823049773405044,0.143022689554608,0.873968616285108,0.116020102206891,0.963214199619984,0.120806805202921,0.855714254524312,0.147306032094752,0.579434763953856,0.212777645015682
1.30458065002284,0.181550648475778,1.28738332683709,0.24786578692318,0.407089514197298,0.127071086137911,1.2216674242568,0.550437612682833,-0.374958818790908,0.162950822148571,-0.696965487872636,0.087377713100553,1,-0.531694438464423,0.431963831718199,0.410534319719634,0.849846480655745,0.147780381289662,0.972042964041869,0.139701623814403,0.715613552145757,0.182122855832267,1.12469006013461,0.199175292152852,0.833135761424904,0.22231323686486
0.954196946982207,0.106860868372223,0.802883165900865,0.137040641974823,0.194021107254262,0.0530035611063784,0.184398796184023,0.203556083440381,-0.183808289344816,0.0790388457162108,-0.499053841452908,0.0877953853804011,1,-0.971765693736818,0.215961316349432,0.233791561078777,0.714377270406796,0.115848705310154,0.514918660222028,0.132718874034353,0.571558578673265,0.137254527556199,0.446566096919247,0.181975415623198,0.678903832040065,0.194039536434745
0.829209080454717,0.120519851750859,0.881377824651351,0.164279919682561,0.264006693612397,0.0722278651990312,0.750293526006433,0.343031340419572,-0.371114920278782,0.118520096123935,-0.562224619434011,0.105431504249154,1,-0.833845033624856,-0.391992671698017,0.246239752344022,0.660067595765484,0.144886971930006,0.597653281527479,0.132271396812876,0.666943251548409,0.146004065716797,0.579625217278738,0.163944986428145,0.729573474269395,0.210728507494699
1.08896715968778,0.136190093647304,1.25012469811981,0.177630699569118,0.268526850211966,0.0671328723211097,0.564456686152918,0.288178732103689,-0.154931655392038,0.0883775452395512,-0.547724124111225,0.120256198962509,1,-0.397952274709571,-0.101095206994737,0.328955852706558,0.855783344245763,0.140556181094787,0.530636756104071,0.135913717075862,0.895238360841732,0.130212522893437,0.847674212750834,0.189183966644434,0.76174069533573,0.216535046745529
0.92168215469336,0.114016431636908,1.15000004733633,0.145445587833413,0.233570459234125,0.0527592006518142,0.374947106155034,0.206919746556927,-0.164502183091007,0.0852120642561629,-0.512090933442578,0.112238974344568,1,-0.555875720611549,-0.410399540083603,0.343072838350273,0.749751008470556,0.135317042850694,0.712403517624206,0.105916583904688,0.692467387185864,0.132128108983684,0.51786967076077,0.154644017761935,0.519437923847088,0.218672069936145
0.98205988385461,0.115099141940503,0.847613218926635,0.130515382273676,0.191495680113575,0.0463720261833766,0.313869744617275,0.173818232528376,-0.168026249833155,0.0615682560392908,-0.616313784730369,0.0724634800237255,1,-0.685366569571922,-0.0384568613225893,0.285184954205556,0.770774692649243,0.127161062618746,0.482551682617308,0.1331919726024,0.799067115374067,0.122424652237078,0.714054276421675,0.162313577065471,0.42831610724518,0.20649417301517
0.917891510194311,0.109846896537896,0.956787043923159,0.139720138311635,0.199367186093025,0.0465660703630533,0.301494800223562,0.235231391157515,-0.108926813101738,0.0740223348939608,-0.315231571427196,0.173121288204015,1,-0.444291541100691,-0.0869501034982297,0.309843977667921,0.673324300960596,0.128287103031054,0.608519293256491,0.129908947285831,0.804047871901689,0.121562210356239,0.464782328949447,0.177021047760918,0.747191096619229,0.190187365980677
1.17105608694372,0.163272820681854,1.18745485103016,0.209444530270581,0.484551949588318,0.125785584049873,1.00227079768923,0.421206205495857,-0.533891493769973,0.175054637987031,-0.733433584711436,0.0638871581776251,1,-0.766108516853233,-0.138031170942089,0.395063062988324,0.846803358590617,0.134204738441965,0.794003609478236,0.116699255866774,0.90744541513053,0.144932925622001,0.85277312506254,0.185198944715619,0.849547892757085,0.207447798865044
1.16885917139415,0.145845722845518,0.911868408659488,0.185594354359325,0.25532771632413,0.0742319698736293,0.954521957736396,0.416906837336022,-0.233886323465974,0.115994657954924,-0.453020110718179,0.129108525432645,1,-0.473764903476997,0.542051553892082,0.336233276524303,0.594725366240838,0.13810428146776,0.687342206870647,0.147349453971038,0.684934710286949,0.16514202359627,0.85236030353392,0.152000019907169,0.5370793413297,0.190702449008409
1.08628112194374,0.130874660237052,0.916565141698238,0.174531083961572,0.244944822451726,0.0712177070987119,0.773389710909715,0.409441968356706,-0.276009431381342,0.11999408364264,-0.695216732134057,0.0760998860068631,1,-0.634147953752258,0.285938092840348,0.273425414243111,0.628632936471226,0.130745227819987,0.82409081841333,0.136987583396503,0.907613851368223,0.143235133661004,0.563326954302504,0.202024367715506,0.566863924419063,0.246265763913216
0.917898943533372,0.120769567482091,0.987832654708465,0.159541919958594,0.17503971949316,0.0520307607095329,0.302289844255094,0.235965848042209,-0.161464993922853,0.0735256387959299,-0.540126970825987,0.116762753886033,1,-0.701937262766382,0.50103334796188,0.264269512176869,0.502483784059778,0.148083298997425,0.581425352711746,0.146278139816789,0.578104017774202,0.152874991494286,0.396673192292162,0.183963213762746,0.854658494042702,0.209354897782998
1.06175135200794,0.109891159240569,1.0783831966594,0.137518117406998,0.225988981702733,0.0623172195622612,0.189280597050538,0.243869782735038,-0.157506997816405,0.0713785333167749,-0.523376570685812,0.100710964125796,1,-0.761558329290642,0.202324521347368,0.246399578553228,0.629454361031026,0.13155889412071,0.64734262732927,0.123149722559274,0.727188964044289,0.122837040664483,0.879754328824943,0.145495450776692,0.845218546565883,0.179964088363961
0.906708403097776,0.118323455216915,0.837246714638447,0.152135877476656,0.178839693854611,0.0516088908689643,0.306011932419169,0.281553615539274,-0.121005848461429,0.0643310545349941,-0.533632954652976,0.120906981892029,1,-0.51725562429764,0.18616554046527,0.257385871567432,0.653167261875279,0.134060571444065,0.696933283906793,0.128439355510376,0.575578354421799,0.159423208861299,0.826902933711504,0.161703091428359,0.702577575385847,0.265669896393039
0.960286795129266,0.113722367083739,0.805276314788543,0.148022814324611,0.15889757683421,0.0397537704742358,0.614703595165986,0.255481145102908,-0.237162211644022,0.0744904897381225,-0.502205049543952,0.112914222324472,1,-0.758846574357166,-0.16815732239822,0.280626413136215,0.723700105731257,0.151248142190977,0.548316088470575,0.133932864760371,0.550439303992236,0.14565774742112,0.7798587043119,0.12086193475407,0.703569717539439,0.179917917845315
0.918048172455102,0.121672646101145,0.79757717197351,0.160980157639289,0.239708397077865,0.0648716872711727,0.828647181782043,0.358705984238416,-0.330272602069608,0.112406536501084,-0.495194203355484,0.120917155424646,1,-0.741047583363679,-0.176339598818859,0.31361655442278,0.659553767250814,0.148879249127231,0.739155145014987,0.135929837703352,0.547920201201546,0.152437240744714,0.590631545769939,0.14685664683861,0.669005159547837,0.18609054383639
0.953452828449824,0.120507183028261,1.07622946535209,0.188659786411376,0.241068806424035,0.0702247857997101,0.774666339989607,0.43758206305604,-0.304456582627758,0.136094841953802,-0.611517010436741,0.103063910067444,1,-0.704526797399878,0.0556077127840184,0.282539957406433,0.756106009376705,0.141437952618586,0.594810792453836,0.143890391653316,0.757626274621988,0.137553826415525,0.581380823821527,0.170298114808017,0.742364470184431,0.200533426903431
1.06883167804387,0.167747996718437,1.15431517175877,0.211036388233281,0.378958265906725,0.104051512461876,1.27541610743498,0.550491762665475,-0.343828357521056,0.166077377585156,-0.682658850307922,0.0837795120019121,1,-0.494561211601755,-0.308154146702567,0.353699456147206,0.829817341109082,0.131847319263862,0.728858313855175,0.149135692035323,0.725218143616997,0.145881790393512,0.884391202054281,0.158972784219406,0.70648967868598,0.232342704771255
1.16424448836719,0.146691588211562,1.27228806464187,0.247839739866645,0.552656928147866,0.143467887667966,1.57473175757233,0.647589011062997,-0.789520777919031,0.262189490266535,-0.647853391666025,0.0842158192676624,1,-0.846315824663051,-0.412320281798538,0.381703735829646,0.955914684897561,0.154618816624344,0.775713411450402,0.136768673117763,0.939377916673824,0.136400130718072,1.02340053168241,0.149912750525179,1.28974381154352,0.183141782416028
1.01937863700907,0.125912007480406,1.06225758668626,0.177315431078032,0.208544079836553,0.0515152350789313,0.56774209580523,0.309094417295087,-0.0651533946438871,0.0795986280268886,-0.456757445324844,0.116501926364363,1,-0.189348804437302,0.185244179731827,0.307862361796937,0.459471388172548,0.170945161605587,0.781318004086848,0.119134936767046,0.595018703012248,0.129928252879823,0.553386252034675,0.147660482610065,0.334496672299169,0.185561043642368
1.17562553541468,0.153166713040623,1.0784229002333,0.169194679606842,0.292859758083667,0.0784879296075518,0.617082083828441,0.300474233780912,-0.312181654093963,0.105642459775598,-0.701018455058171,0.0724929611438012,1,-0.73435500480134,0.435476734937589,0.315817004985022,0.68812730738497,0.148212365616745,0.843746002137457,0.123011016195604,0.841850107458069,0.137443546600763,0.809535875231072,0.183272564268126,0.779190425490482,0.194847269125909
0.93392073679268,0.108555521165572,0.826807976900235,0.141659267939955,0.340780643912947,0.0785989326119315,0.259396980258811,0.239720892431908,-0.116785467134921,0.0870325752543073,-0.63138208123498,0.0780835457312018,1,-0.392797653421082,-0.406434937005763,0.276487217039226,0.813317143163947,0.121757101141523,0.612630875884474,0.123568652234637,0.790394317264731,0.121207680940574,0.62878884703748,0.191082057277098,1.05889004290483,0.177525120463773
1.04523807262546,0.108787258597959,0.943424561799164,0.145358915190214,0.232443535331462,0.0585716078865853,0.391203371458064,0.226668754544012,-0.275387073162352,0.101928960819466,-0.633733373195128,0.0751930981719268,1,-0.913237044302534,0.190391488166194,0.267106795960516,0.654842207546867,0.13086821568398,0.646392296450426,0.119523995616236,0.703171471866821,0.116892829177995,0.760400900809851,0.170477088799575,0.714317209078606,0.200447475449379
1.17829751767277,0.134510910757831,0.901663528302311,0.156332665307042,0.288443926866669,0.0733268603556047,0.389170031077579,0.24091657791343,-0.226884667355957,0.0992723348059609,-0.661799016590418,0.0716628637817179,1,-0.677180982941793,0.251078154715172,0.367842257133345,0.739410766116288,0.156144748527291,0.828747242747378,0.113631050950044,0.714368942724418,0.141969042816746,0.61070843739208,0.153294613302261,0.750639048311202,0.151424434214916
0.923140018119644,0.139237059133003,0.95026564683984,0.180199406297125,0.222757549676121,0.0637712646795016,0.767007101795122,0.301283376524172,-0.21855948126534,0.0881772061978611,-0.628725313859594,0.0998095151474126,1,-0.528754093553362,-0.380103916350489,0.275678806697139,0.639692837560838,0.16085984750884,0.887737122003731,0.122518972794869,0.642507693302526,0.156110739463202,0.670867877076313,0.1846338655705,0.52396040606628,0.205264516356613
1.05247923775613,0.126981818314792,1.03234017649067,0.178975676006075,0.242290463884653,0.0690255354885102,0.743595367128325,0.367968962004327,-0.206075388620481,0.112007113867139,-0.49030205985722,0.134493846003045,1,-0.485500441474008,0.07567132076378,0.305637431604216,0.87819387926572,0.12685567960222,0.647292811104984,0.131443954699272,0.79321242975557,0.146107907143825,0.739660809279825,0.195429347103543,0.474825765056053,0.241660909569137
1.17706000319868,0.144919494505977,1.04284879741667,0.160146934433017,0.199372094180484,0.0591471565175693,0.420180666455687,0.283236602421723,-0.127551817552616,0.0822479638367562,-0.661998929716981,0.0836721766424218,1,-0.440693285301526,0.591904549858652,0.273881305670853,0.638675636286112,0.147954398647008,0.630232164238334,0.146912246685272,0.849445812764003,0.136609668990053,0.873625471253652,0.1695760546657,0.999468142287331,0.234209577221513
1.12510492785149,0.141074426730435,0.852621792274083,0.160856571926187,0.281925466963505,0.0742982400085831,0.2411692087853,0.244355317643402,-0.0609215323140993,0.0817143188635821,-0.652646946424872,0.0789041953988779,1,-0.233637599139137,-0.365930887125807,0.329375148080002,0.918546929347324,0.135453489214025,0.762462725803596,0.115661233755343,0.731303016958843,0.140193912546071,0.711108469633207,0.175667523457942,0.598127285482654,0.210904995628942
1.01241487309833,0.130441229241588,0.892668817544326,0.175926774076056,0.246764836681815,0.0685467409670596,0.71890092125261,0.384298520716054,-0.318258046081314,0.107719719820579,-0.476558296361158,0.140933645842322,1,-0.75561963569674,-0.12608203307669,0.322943596324555,0.636046243173998,0.146230502408025,0.80532493357806,0.128678970435813,0.757260105415108,0.147455793878395,0.603749833181787,0.165337324140205,0.718180755130479,0.174964359239876
0.899142477966106,0.127532969062503,1.14361695311218,0.165122394132916,0.297351956767262,0.0730148432933122,0.458688922192902,0.29418226238399,-0.208444819979697,0.0964962390557868,-0.566248707335464,0.089218765065246,1,-0.564412444590401,-0.0568326074941758,0.344485832974005,0.641416234465212,0.143407930461022,0.59181627684743,0.135258456833078,0.749526490826402,0.138754058900284,0.697753628853432,0.138161836514931,0.816957521659983,0.193718199112228
0.81340409746947,0.114913341068968,0.951538318926781,0.163275376098649,0.306082151767887,0.0787582468651617,0.816310728127912,0.419213171614506,-0.401658969071248,0.132989876819672,-0.5441963367243,0.0901541407391859,1,-0.803545945834873,-0.383115157512555,0.280199964668667,0.685115133398285,0.125908375779318,0.607228776956178,0.122940191844002,0.713236481025708,0.12781000521493,0.724023393204762,0.160222197273689,0.829415740550674,0.255580093174265
1.13412406791522,0.159977287935585,1.276989078595,0.181202179707265,0.226810570237242,0.0681068797234173,0.796036906392744,0.346809908365549,-0.174751989774093,0.106030638105702,-0.634588816863835,0.105051209101521,1,-0.41126701836543,0.246776016088865,0.314384644477824,0.933623425733159,0.140841796284058,0.57479746804222,0.164395992214965,0.930859718435712,0.161238678888368,0.665792250199317,0.185012875423796,0.996535448538709,0.19989554528983
0.903813660552213,0.126535205256205,0.93390795768808,0.134610766550621,0.249313021269331,0.0651879077698417,0.208018714248897,0.179604126210919,-0.194475868351971,0.0712680389242534,-0.59781847337422,0.0838838173980321,1,-0.853968860429068,0.0193993261564878,0.239600239246584,0.630811915069572,0.127787464978824,0.523629285828403,0.138690212619968,0.684953750732357,0.132044637166817,0.956159887742737,0.151369113556949,0.519092633941069,0.252561463704609
0.972805916063216,0.120278600196796,1.12489151349816,0.169371145111687,0.254989639773259,0.0668518786370063,0.194203278369381,0.257808201584754,-0.0519286189586001,0.0833709785713442,-0.642678196227424,0.0870741998704219,1,-0.233355062173104,0.43100474928413,0.339006290907459,0.495488780282877,0.148907832195216,0.631812653234492,0.130869989685175,0.520747914629558,0.147108395634973,0.808319614355545,0.155501082475612,0.582469953481262,0.234720380958566
1.13263341324823,0.16254641443235,1.1877474581181,0.194532529746636,0.322266424206834,0.0996526772337739,0.608064818935318,0.446895104004548,-0.142814636574229,0.118889669597626,-0.651715498099247,0.103587456389461,1,-0.322619230073128,0.176707925813883,0.309281849293363,0.792227564893449,0.152694025617212,0.674174469779635,0.141807079629312,0.865988096106861,0.141588437685511,0.810231964741363,0.180739334188363,0.377391589439982,0.274152866220719
1.10709706985387,0.129180068785235,0.756038316173142,0.148691085661746,0.233459739987144,0.0596539549576,0.238172193599851,0.245290020651521,-0.117830591120772,0.0795645214856749,-0.589756178526258,0.0734911891824788,1,-0.499696755224234,0.284265067986494,0.329325829680327,0.649677781193324,0.131162389975132,0.64501131043758,0.137049403586316,0.634383609966836,0.163913656063607,0.637812166660434,0.160433715938058,0.739173817642747,0.141384062287794
0.848212585683429,0.113841336190311,0.690995858995498,0.137074209434308,0.232443057693817,0.0622910461845172,0.521643308101805,0.229746078598817,-0.195766227934355,0.0884029882931134,-0.457261272674754,0.141541404303181,1,-0.562202357914035,-0.0727477916692522,0.303822138022643,0.546295242576725,0.158906719308431,0.543242010280727,0.120420185830062,0.466343857165821,0.130106829282404,0.59184471967418,0.162318424004417,0.487605945361602,0.229479297986298
1.16958070241074,0.169073682317699,0.962030155408725,0.204012221489683,0.347472765445605,0.104881934291197,1.03669358208963,0.557619360029673,-0.390753693029275,0.151387751044183,-0.762194655224377,0.0630325409796744,1,-0.651054733696303,0.0471614430090591,0.358508659595787,0.788583903496259,0.156634023512829,0.89095844005,0.150874577470941,0.648882325445913,0.171030059174795,0.747402921270412,0.173315572862465,1.13394017659321,0.19940851351809
0.977441532239943,0.118650442991604,1.07836232904001,0.154463555109619,0.218362663745233,0.0637755290379291,0.0621002056051649,0.160517185084776,-0.107819552789599,0.0622363280548266,-0.569678519284881,0.0974591689964678,1,-0.925895163143878,0.104747619284138,0.289114952796895,0.630419462730439,0.137700566058412,0.733776774278031,0.127514384182755,0.514318085522915,0.145995565361106,0.614081412899055,0.17659670442001,0.797060535876559,0.193517973535461
1.0817935825147,0.138801195572432,1.06268614902352,0.169645402469686,0.193326606059354,0.0561885819852495,0.468511784318267,0.270014415850903,-0.0992588158734827,0.0783716156228213,-0.378136046837671,0.144105030070253,1,-0.329809390549458,0.312249236960382,0.296657962003169,0.650017592150191,0.151988480452341,0.649394562380835,0.134905215803421,0.650738893637537,0.139153460890218,0.925876552984956,0.135456704705144,0.483271991789615,0.231331681793499
0.972110509747693,0.130839124583098,1.02730773258674,0.163961259345397,0.232262812750487,0.059167012578769,0.456897408904273,0.291615629174751,-0.0626458356179719,0.0793418615889648,-0.581334441470466,0.0936208170132603,1,-0.192306081416259,-0.226124993037854,0.301090543578304,0.658267820150772,0.152224846124385,0.660572318569446,0.124446226854426,0.706958732244223,0.12834603075348,0.766146966222069,0.162711746107746,0.650414033827258,0.240504369201559
0.863178673189296,0.1078830202039,0.916329583908372,0.155030277069888,0.200895287044806,0.0555175052282717,0.643662932007599,0.38473597183784,-0.290796975438555,0.110171398101375,-0.55550772052362,0.10021680221951,1,-0.808678247634991,0.0249751168720654,0.261242782272247,0.680742093995151,0.136513319595348,0.427502828283068,0.135466994033337,0.600868970801614,0.132219829053162,0.686655017330765,0.157399657748446,0.65326062505016,0.200922415072025
0.885040386581248,0.112580489471323,1.15940942752718,0.197480246480731,0.248711374977084,0.0697243500629629,0.768407575926833,0.364436981643369,-0.194505498791517,0.100954092727783,-0.642029622053755,0.0771952523334647,1,-0.444926466285339,-0.527355406008678,0.352587555860324,0.764707521919154,0.153060294182747,0.792983476462629,0.116501703139812,0.804885950098657,0.126460193827633,0.623814803045757,0.170246348846344,0.438343375881699,0.283083703763907
0.951740568590615,0.0960201212901563,1.010952856427,0.152560238140156,0.184449092378164,0.0501932894971649,0.474189880608047,0.306563720510875,-0.211264319365337,0.0817992999889832,-0.60488326545528,0.0788000849456987,1,-0.714351157376794,-0.0137692804462116,0.2940196763541,0.624556478321142,0.144158124649655,0.773942407389108,0.10750250348443,0.566652367629701,0.128472121738655,0.67885239790371,0.1582879731794,0.745072829945596,0.210677365013506
0.859259884992388,0.10562116989742,1.07411599890074,0.153879353941249,0.157702094504165,0.0442126076324087,0.552152596888804,0.249319521518242,-0.184517431968074,0.0765721679606075,-0.42563397624485,0.11388844462374,1,-0.625300983006453,-0.116408667831569,0.308721153192437,0.586515966945938,0.141258585166977,0.534567933063533,0.129058520516379,0.738792931027206,0.133144762033029,0.360433715047859,0.167039500543371,0.8976487827321,0.186051550478838
1.06699120329785,0.131170698111509,1.20258774210932,0.176692343154066,0.377999171836635,0.092327045811409,0.350799591872786,0.207987632084449,-0.364145513782051,0.133532758998268,-0.629599157898725,0.0799592826341464,1,-0.999999999996422,0.286442410841153,0.361940033894382,0.629445300150607,0.144064429626185,0.790327363978524,0.117743893176753,0.817752518786485,0.127689181305441,0.75390064758401,0.17154170481533,0.882733118425667,0.180850213986629
1.17749205374202,0.157986257091396,1.01385142806131,0.174057463798802,0.255382037082584,0.0717807411285463,0.289291322682631,0.253529450445309,-0.175917226696666,0.100461057364344,-0.637042188489862,0.0816141741870072,1,-0.647210408222263,0.45445955572696,0.288930219105988,0.731947527663025,0.142559615114369,0.502567347430648,0.144891026875862,0.952998133635343,0.148204382039798,0.704396174687832,0.167275960928828,0.640308078534673,0.189741968362695
1.00080580741236,0.109175377927813,0.627775650094183,0.136773612035682,0.169938685305472,0.0438220219034652,0.330151727017058,0.205213841472107,-0.201843138394587,0.0745657554937434,-0.534505654184578,0.0958859727001763,1,-0.852140244616779,0.252773591106412,0.273109829794135,0.571253536186969,0.127571068898172,0.596582662405283,0.119242942093146,0.526873120862332,0.135527133197711,0.511241991086155,0.13862113795273,0.565861212853152,0.196296613390989
0.926567590593241,0.130200105602824,0.914372165588559,0.162756967127489,0.165326590820472,0.0501656238204841,0.671251858327985,0.327866155247279,-0.214660441477773,0.0821038287315105,-0.537115296577535,0.126173606779127,1,-0.644373857402846,0.199750512382778,0.3378638280895,0.767239144778183,0.128022753132201,0.783736643845203,0.139382354014923,0.435839551935298,0.175883906716255,0.597766727424351,0.187122032870825,0.238501364607578,0.283581123329421
0.947250340998817,0.137337920856938,0.982616388313436,0.192591748315253,0.315011123914686,0.0934509147195191,0.791472298806994,0.381340181316436,-0.165747767209714,0.111194263331607,-0.663756257240751,0.0861302815097758,1,-0.331945573699491,-0.413184081970044,0.34916265898394,0.622049301358001,0.152295949887685,0.833613113557284,0.131375912532038,0.789768122848403,0.148896659004017,0.543633380101476,0.189895715917207,0.720361862745443,0.209875743656124
1.12606157924344,0.129638182572463,1.19267655223455,0.207281196253163,0.255285106658218,0.0722571770933565,1.19484208000352,0.471636721668802,-0.302742135193621,0.139626185598671,-0.623787568481715,0.0838592915294279,1,-0.548156887879658,0.0617178949277306,0.333765580616479,0.817446977503188,0.140712083184435,0.737461073613122,0.120312675016312,0.576376541614757,0.130180891626429,0.970500038113886,0.153805202290509,0.976934260424406,0.210474933855341
1.00624739062335,0.100978079395523,1.19952404381818,0.135905430191083,0.208710018570221,0.0526030527917437,0.257232529407173,0.160919034184956,-0.231704566147659,0.088673288214567,-0.545112341101334,0.0951205735487498,1,-0.999999999853211,0.140602116051361,0.258928012855523,0.617010169510894,0.132365481003424,0.67788136406063,0.108775448298812,0.780797690785234,0.125540042163478,0.606924414526249,0.167575826404427,0.295753270640733,0.244662226704513
1.33491674485357,0.186511206670432,1.32091926333301,0.247718107927698,0.476732858832217,0.137007756474502,0.911252742033425,0.498171627396194,-0.54997527116301,0.211213509677403,-0.745367537534017,0.0714516986658144,1,-0.834422862849212,0.00387677033694153,0.265064768225592,0.912942101397617,0.150126699535968,0.978680103073531,0.150651703990234,0.922331281550318,0.17092020563875,0.877066701027935,0.176391500918507,1.04010255693923,0.220362981774829
0.952153878404656,0.110082358673399,0.809789129523493,0.136756600434219,0.190992785676895,0.0422656981182854,0.450576361288448,0.222315675048688,-0.183326690568323,0.0760341146632167,-0.462795965767916,0.101634896846886,1,-0.624932362304092,0.132427987829676,0.268938725345069,0.515157318220175,0.138805515407178,0.662753848866473,0.112368144945002,0.666954914220131,0.113604853610799,0.523753022989439,0.144348894977975,0.644981863341356,0.180473666721397
1.21322965397385,0.162480387151005,1.09006271254932,0.202356864702303,0.27986479656118,0.0783165237880853,0.873081991019222,0.380713386602901,-0.158113008805943,0.112969672711629,-0.701820011666389,0.0737609245324098,1,-0.319864432734728,0.484847407775917,0.309652210955258,0.70628114257572,0.161295979069948,0.804597857486552,0.133666058085,0.754192937422787,0.142131324675734,0.813143451074851,0.166277488772112,0.713739952702489,0.207973261887553
1.07291365345214,0.111660327797348,0.851355776061865,0.14988462843724,0.275463315165887,0.0683731648532592,0.509337365042962,0.213624183941053,-0.281888387598986,0.0921588871089313,-0.478482434079145,0.135660642403837,1,-0.752562427532761,-0.0510688763096664,0.292854577558039,0.684678903804767,0.129478747095646,0.596456861273633,0.123481570056558,0.593047644675276,0.133403860949605,0.82548662875823,0.138078560976874,0.590305868451401,0.224107158027426
1.08184708946818,0.1245675527631,1.03010833000081,0.163967836539677,0.260320250119446,0.0731150066208539,0.519443077892622,0.295735212975769,-0.325272854532557,0.111174464995447,-0.513445403241661,0.121394723552576,1,-0.884555043224235,0.375180731524252,0.260965852811747,0.730055000788165,0.138387490872424,0.672051728107349,0.131259279399117,0.507092620089587,0.156533198629592,1.04934335765578,0.144058108624552,0.899044802305065,0.190569524903064
1.26210760676841,0.145793490798213,1.20867058513975,0.192702145358821,0.424780789564076,0.10579704111526,0.594388711754139,0.315930139762799,-0.406176590824969,0.151471847372661,-0.722718214218842,0.0649938758243627,1,-0.80834578796423,0.580448411362489,0.346763544104189,0.647602673260185,0.151577530496681,0.729325993395118,0.141496640899197,0.846762392567068,0.139714913676473,0.862945653168166,0.157582603629513,0.856200013287014,0.182496901991779
0.897180755010743,0.129154474711108,0.855124273616445,0.175434221071255,0.230259870809429,0.0603892498332784,0.507034639225732,0.279277779842465,-0.166988956881531,0.0823102792452933,-0.537414132789471,0.117374158522631,1,-0.488719658248731,-0.714379291065717,0.353461224441763,0.911371186685612,0.126016519477822,0.57893340058842,0.133639130606171,0.833813031234792,0.146527688339741,0.607592683887222,0.182091300890632,0.618350395509843,0.192407044622278
1.44842310782596,0.188965803557738,1.14519484744681,0.219458518686037,0.520308740156433,0.154276448549053,1.58431714978775,0.6941825645298,-0.438984487875228,0.207148446119771,-0.75358577964649,0.0709146363451193,1,-0.483501195018039,-0.152707248871484,0.376941145088336,1.03848889313825,0.160882633699819,0.880370351967904,0.147420375129498,1.17201311847826,0.12696224522363,0.938426423122305,0.197624276356203,0.943472108944345,0.200224142095392
1.15059330121562,0.147630348314495,1.06323042338775,0.181729705843864,0.308405958140129,0.0787670494738295,0.380023194884131,0.257769754750344,-0.183015582404906,0.101481653626933,-0.697327101833483,0.0693096392525717,1,-0.534590991382982,-0.207769564922739,0.323579401548924,0.762560685419652,0.154222673636853,0.639377062197885,0.151600631158525,0.855879098813913,0.151129347647935,0.662370431690959,0.1471416633259,0.785491753634648,0.182053270828636
0.932069987832527,0.113568448884256,0.810394704340245,0.123887870977399,0.173032044332739,0.0432281251987648,0.119448896565684,0.181530772232834,-0.107151568664315,0.0531943858284822,-0.602570061420281,0.0710329388866311,1,-0.745322432671185,-0.117094287153772,0.248828374229131,0.550227109741696,0.13111716755688,0.696510320826899,0.114086694625919,0.926231666435139,0.110309531717233,0.332287204751579,0.179795049725299,0.718036933674408,0.200613104402994
0.947383840241628,0.131003254836023,0.95914323703607,0.174207128367998,0.24747323952167,0.0702107630747669,0.97084607927519,0.402111660943553,-0.274787187082219,0.116522134169594,-0.635749153448937,0.0845047673960598,1,-0.560605257147412,-0.218142912982546,0.286700352904384,0.737048093430448,0.135555912659493,0.759651753798621,0.133830008839403,0.80004424354645,0.128772583855693,0.771308398720088,0.1671782539603,0.893842336870916,0.249790593511649
1.13066335423868,0.122013117776106,1.00542371794539,0.149824944184891,0.242971600575172,0.0551186157101512,0.121680035909702,0.183220762047486,-0.146552856230844,0.0857844339160739,-0.654792257861592,0.0746842569019577,1,-0.852328214551952,0.53729523152201,0.278255660412396,0.594155271740862,0.144895261874761,0.756623238441848,0.124693230936095,0.649581490242761,0.129085958425579,0.812610339718946,0.146644786684016,0.635989168206129,0.16869524466187
1.1379578595897,0.125098399693836,0.857170322039286,0.151576692474471,0.251827243966492,0.0597564848173201,0.625146839161253,0.301109161740607,-0.34168706903433,0.105275352062135,-0.686498594331597,0.0657858267556451,1,-0.861164596931307,-0.199277709202862,0.327500889497932,0.776842560063455,0.139039297805415,0.729588076330274,0.119423275847862,0.769087804843765,0.116750416293638,0.806464388494231,0.138117729514649,0.73387219223611,0.224931908074957
1.11046870635437,0.147504379577569,0.942569760270264,0.15326011686614,0.186307403653118,0.054286764018836,0.595033685587422,0.378142018359598,-0.148189324042768,0.0831949423775072,-0.460070829442165,0.1249509431729,1,-0.445072830985152,0.301377784465958,0.30877590220504,0.636311076380364,0.149863407360079,0.712654598458046,0.137976077845161,0.769559803288284,0.139639433384226,0.596325959963573,0.168008028712095,0.504994328526231,0.195434774644658
0.986148051624892,0.114056056684224,0.854276129729153,0.157579648182593,0.231966629511641,0.0590229715823433,0.798418592335052,0.358160688614592,-0.212574720171044,0.106754165910786,-0.270009523605116,0.184213297828984,1,-0.493950624857665,0.395874186577296,0.27482720640681,0.612374760606404,0.124367607276124,0.482197410619295,0.136151235983041,0.500026516549495,0.146889564260201,0.561996351044999,0.150603956516893,0.714647321066728,0.181360196791136
1.30489892119173,0.156503691816275,1.21437916255638,0.177452418043783,0.375277605488695,0.0975376354394667,0.456740302361369,0.283026028829677,-0.174468185150138,0.126921241277984,-0.620699557313738,0.0920785541191107,1,-0.421410402081601,0.20382045828,0.264651583773322,0.868665775799419,0.131301359423096,0.892181983793482,0.12885727704453,0.861889661512734,0.146797611305311,0.809080629313171,0.172689693119482,0.690153681136843,0.237157846838058
1.05955596852501,0.126751965673152,0.905674165832986,0.180487971884675,0.161615426947015,0.0484581078426472,1.08171355709986,0.440567243451188,-0.227507101741942,0.101573164485432,-0.49231349121993,0.12697667923878,1,-0.544123414398012,0.0603252910425978,0.28562411404039,0.794122256515114,0.136861604125408,0.520351261757704,0.150281250086689,0.809854672792417,0.128716014875339,0.600688752491528,0.165538522233679,0.642385698753194,0.213459496026197
0.71258347299515,0.0990616436436896,1.08535231184509,0.141479116967063,0.199014704383613,0.0577786070245829,0.130914065981391,0.157994912195326,-0.126556197265442,0.0676395589805427,-0.425589945252533,0.125121613572276,1,-0.784057074993293,-0.0415130245739517,0.255196710448674,0.387054402129116,0.14331339649114,0.598542489324299,0.123289725109674,0.543082249002275,0.135790773998876,0.495804693172574,0.168753987848957,0.306857355922672,0.269441986743074
1.07386013479582,0.0999326562280252,1.04150015221464,0.146479272525802,0.152832328303369,0.0392900897539465,0.372889613052783,0.268725841923246,-0.191385529803735,0.0722037621309955,-0.687497744972575,0.0609327734559553,1,-0.801698998340512,0.661757816209882,0.256876428271668,0.462818147253612,0.156315430537345,0.767459831154484,0.111912329413685,0.700687504756725,0.137038219280087,0.635375726777732,0.153121472438515,0.701504107561971,0.174817696591428
0.890666580164323,0.0975556270220816,0.79149740001626,0.143597440879261,0.173401275843171,0.041838556387836,0.570063475579036,0.249100864754792,-0.223495456025501,0.0853608064777654,-0.378274951195484,0.127893003964483,1,-0.710854873644823,-0.0150945197738184,0.252275795581044,0.587378068352038,0.143153397620464,0.572556851007082,0.12289002334388,0.473469559860349,0.133569597429275,0.603122977908695,0.137253411665228,0.555952239827246,0.163394804674522
1.13968091110747,0.120541470985333,1.05058609626815,0.14905720986212,0.261391004529323,0.0628748348751336,0.480849667019051,0.333531727958392,-0.153077055090174,0.0872301856614362,-0.667477607541859,0.0769001173030801,1,-0.431777611859516,0.467119668102994,0.353315221443127,0.698898810764714,0.134384561138822,0.541831681475336,0.138643197180224,0.872558895792412,0.113584767150026,0.811744025099551,0.127990712054356,0.583509763646256,0.256213554971922
1.06458693304039,0.116033757356326,0.85891524405681,0.154606577836449,0.153903883593184,0.041271264495578,0.391760416726787,0.235693306418229,-0.164443520528834,0.0711780120520211,-0.571012755954377,0.0965325735361374,1,-0.669702160442204,0.524688956204216,0.26903652562131,0.521511918917045,0.141430130091905,0.724913605257362,0.121601060864828,0.489852567699461,0.145751094766994,0.318828030205782,0.179801026353187,0.78946129398656,0.156716756493968
0.796862193190901,0.110748958156129,0.857870915549591,0.141007977555898,0.246245840859205,0.0584101494971785,0.362500706652586,0.272229016313592,-0.141437248758659,0.0787755299102148,-0.520914936655026,0.0957089903190292,1,-0.473396365302797,-0.289687884477867,0.316309503133169,0.712168064252184,0.121569990560423,0.575871051511523,0.116958329436978,0.623956129568804,0.143129408850686,0.679733487954268,0.153293991074347,0.747361728687814,0.22308048124314
1.05096700933679,0.127065945288012,0.971163483394892,0.20068112982722,0.302835109978958,0.0772294297301425,1.05730415926799,0.479219006731993,-0.34585315584221,0.139318754444397,-0.63089511940854,0.0936416634603245,1,-0.611207479471387,-0.0128391313081503,0.308341487822799,0.826091933679615,0.128489982459813,0.661697827484887,0.131149034893088,0.84410754798753,0.134104183114223,0.873615922773816,0.162441416341389,0.562809836147447,0.236589375753769
1.15647933961557,0.131350039114884,1.00727764306275,0.144598065918473,0.265265987844749,0.0629111590938557,0.458812935789675,0.262416557691607,-0.287634865599331,0.106543445963239,-0.515131704756209,0.0983587602616636,1,-0.824485299268719,0.366396530496881,0.301194351398115,0.622367910335704,0.147734513798889,0.801121333345002,0.125214881342374,0.756082227888479,0.126177495222751,0.9452326912328,0.130000261136597,0.612726744266892,0.229041973411589
1.09954914565904,0.116639899885106,1.09822611915836,0.139018966294554,0.207146120896444,0.0502111487015683,0.248467316279705,0.186875103376863,-0.112094221678688,0.0659898196934807,-0.515504600812031,0.0947474034277476,1,-0.494094692492585,0.202032150597311,0.280934672021634,0.847228230698929,0.116715003226835,0.545972889290387,0.127260041979768,0.572952304607303,0.146320517055395,0.780248214729123,0.137945280887701,0.543353374976291,0.19769846950717
1.06757758278726,0.1192553920296,1.19493511835499,0.170931403999119,0.220270913780158,0.0506661283010899,0.681390803427228,0.355068490934313,-0.255769348486529,0.0997199788516628,-0.663793396308794,0.0701991547174033,1,-0.660194324709298,-0.0893064714045083,0.312714021105272,0.694583443769669,0.143427987406463,0.950936936571486,0.104434790252006,0.641568375330267,0.141993760316222,0.727101289511586,0.148260971809016,0.654105636191168,0.206960532523099
0.883508553589073,0.121188414610253,1.2851260747751,0.199635261524787,0.28340496105924,0.0666966331829466,0.859031121033719,0.404137003686732,-0.406048659069161,0.128750492417341,-0.702604139819236,0.0702137445107165,1,-0.822943288196894,-0.102840181911958,0.289639803643304,0.579971006156535,0.152702468231585,0.639932195435862,0.124788737219102,0.75931830480171,0.131321335344145,0.697432838194075,0.16605485225322,0.78683768917651,0.164157971776183
0.96872464196728,0.116039845572922,0.852090878914264,0.152860135914801,0.188199218670488,0.0516060229141568,0.460257999126275,0.238493460235417,-0.0761085838419006,0.0660666652932171,-0.500833807360155,0.115345181039294,1,-0.25859734426555,0.291777034636883,0.313727146382285,0.744997363882188,0.136161528580252,0.488065531674945,0.146534159968015,0.526525188306126,0.127632082496342,0.72270898795771,0.160677398907108,0.740943882163691,0.221686226277465
1.10097658934899,0.113291509094439,0.841793133737626,0.143710858174071,0.209553134189849,0.0556758436934248,0.364004483130101,0.23539223183847,-0.13615126494781,0.0941089855977054,-0.525458907928725,0.0964977653052583,1,-0.492970843569251,0.0746871410079528,0.266408684420296,0.680459520222822,0.1266277186749,0.602884690860873,0.115774693429165,0.627312374136073,0.127083759934142,0.710325706772096,0.160957511839912,0.708140002687642,0.211111760608038
0.958187815895875,0.112949224768561,1.39774137042545,0.195377711195456,0.169262239026816,0.042005477938494,1.03600085417084,0.424319434603226,-0.208899829229053,0.0953604458755854,-0.647019606235542,0.0857022885131759,1,-0.498859201778358,-0.488771486073888,0.307597003762823,0.825899895345586,0.144810673557601,0.957901631889322,0.104762438478579,0.665404063904169,0.130251687019452,0.622873139872102,0.178815863603419,0.534359946867184,0.244854704284492
1.06987196089338,0.132921822295613,0.814239887971082,0.152219360077277,0.31066995340404,0.07769072800398,0.207990699019173,0.1961434846479,-0.239051838577956,0.0862290543849441,-0.598996676884128,0.0876339854032505,1,-0.940417072671807,-0.01759961468837,0.259416882524908,0.734337596178283,0.130322678822991,0.755317492663374,0.111326933361555,0.752954232502279,0.133014051254146,0.612484347325503,0.19178996536274,0.520274402795951,0.240372273913517
1.0908222942183,0.116713857565844,1.19767067477806,0.175804523666839,0.309622384913218,0.0841832074922807,0.646315015986247,0.312000455335497,-0.263888793181778,0.117525073897495,-0.560069092727156,0.0882319179753042,1,-0.589905775529409,0.139176974707175,0.24279154966674,0.747827418168108,0.1188883782906,0.642000956182982,0.120403322567018,0.691980469138685,0.139706138440322,0.730978466808353,0.185674493597089,0.932821914699363,0.207624774613255
1.17085187334804,0.13930958263283,0.997156119621253,0.177806344769602,0.23855106577266,0.0607934330617314,0.481168691322284,0.273940910830363,-0.0621081721778977,0.0896735458792104,-0.666412880025026,0.0743945365371296,1,-0.183319805267057,0.526805100830023,0.328549884468207,0.656004247736299,0.142417684044192,0.770849402834313,0.141612756576866,0.790269075336145,0.147935029591357,0.76642246829158,0.153576092451968,1.04130724510625,0.181228083279772
0.960638671253151,0.123971660855927,1.06257064630822,0.16603422222343,0.233404466306319,0.0624506601368985,0.429943989325098,0.30233795975791,-0.196820007795518,0.0994838893896531,-0.742993663769452,0.0641493017021284,1,-0.62131054219808,-0.34114986338953,0.274588254318161,0.895434265726837,0.123594296646338,0.660373098166729,0.127496925000802,0.789001393757475,0.157897244425847,0.730049295348017,0.179605635856332,0.540338419689665,0.248271170361488
1.34105890260463,0.206267780520628,1.16597520760251,0.270072863727882,0.371126375019601,0.110210009820023,1.63787584656076,0.754013308720807,-0.483503266232138,0.190584109946498,-0.7377438955784,0.0842595966570214,1,-0.620151806529391,0.72418672330235,0.360712909960941,0.803980846544148,0.160121465262437,0.906470421508992,0.16044504333523,1.12148066089045,0.172484776583928,0.748761983476124,0.201555554726095,0.934783657621271,0.198005116589751
1.10615173679184,0.110172836905594,0.739518015039284,0.156853093048886,0.208451123183646,0.0539330439070881,0.45919508610391,0.29180099523556,-0.225170152123268,0.0875362436152848,-0.604938257407176,0.090430147433027,1,-0.727796705695548,0.0958940343796294,0.323378311634587,0.753503516404243,0.136349237027423,0.835430974244797,0.113305112971333,0.587895582667267,0.129776506249462,0.656250817218123,0.159716365000979,0.554952856608697,0.20302784516164
1.12468050158582,0.142796597395823,1.22140987225896,0.217608598750405,0.259366656143668,0.0697570822325878,0.950636325861,0.440658763519155,-0.471375169837628,0.147627817873575,-0.661302758892379,0.0866403664281441,1,-0.949297697715183,0.277337220745176,0.337125356757697,0.777101061444085,0.151804447745646,0.633847309540016,0.139860918048166,0.727047652034552,0.147134493719168,0.838860659175916,0.173613637455325,0.996019446235467,0.168376929004176
0.811414275085705,0.106955992666021,1.06283603389881,0.14750529609917,0.224652857714278,0.0625252797525428,0.380017996148244,0.198190436915806,-0.277050382200094,0.0930619254564905,-0.481597657777627,0.127241578135516,1,-0.948201631219802,-0.473129674645199,0.291464522296705,0.727781443968186,0.134576316510149,0.650268124151437,0.10995480558795,0.583592955786923,0.149524742765513,0.746944992283675,0.158606235954404,0.462843045603285,0.247330388239843
0.943201269090319,0.115939563772735,1.22939535332346,0.169464240187057,0.189621425884643,0.0549890698140963,0.482362333112627,0.249599480534428,-0.230202995276389,0.0880978018943964,-0.52635938674308,0.0996963490481036,1,-0.761168088701904,-0.226662507548169,0.284260234667481,0.745503245293062,0.136530803393155,0.685050837428528,0.122588926022822,0.543908262867265,0.155330968336199,0.78152427511105,0.164516741048316,0.773753792241709,0.171042135536016
1.01173923942008,0.107844936557126,1.1014823907613,0.159220099648935,0.182966091542885,0.0454682304059825,0.581190421232801,0.276287483448594,-0.160462863521381,0.0834117707227835,-0.490585285773252,0.124354150406688,1,-0.492073535538448,0.150968180580789,0.291493583522431,0.737732129474872,0.142621598696868,0.491643811585235,0.135035071452848,0.629785848147194,0.145627723126833,0.933945662389021,0.135471501957819,0.442648533306478,0.204389045401739
1.21589780050091,0.160380521896947,1.34651871282615,0.220181163449731,0.276872086755884,0.0807662575332429,0.827521140281964,0.448404619649527,-0.186929636669993,0.112893734142389,-0.677434262990311,0.0860800829389883,1,-0.390525166495426,0.412487608794793,0.313330314824618,0.800632837483172,0.133575543170939,0.988123446207998,0.136967463127785,0.78783195590073,0.165227855310861,1.02871242174503,0.15022717968596,0.845348919860367,0.214790327667258
1.04134797148813,0.130769678955119,1.23448692698615,0.190747207604675,0.322647283516461,0.0809681014167811,0.843353001472383,0.394367427406638,-0.439832884366783,0.150881790184855,-0.742877421128109,0.055902021166683,1,-0.843177468169887,-0.296456249933586,0.35741713641391,0.84678270696853,0.127136849886891,0.798309037142472,0.111265180659525,0.847813609673954,0.132053869754544,1.02004069147635,0.160549595284928,0.953465631020131,0.258119713210544
1.21189148556535,0.172032563424795,0.937695728521147,0.164254463919254,0.390574819406367,0.103254855232826,0.401133687626333,0.395272067550387,-0.293291471313596,0.151602444710022,-0.719483974180843,0.0603100600017577,1,-0.740973618825691,0.348334362855657,0.339084431499989,0.424713423182085,0.187382955433638,0.777508547920999,0.138878827596859,0.835270831175275,0.137295059357694,0.841430897053964,0.159960021804825,0.90888374459722,0.16675608461041
0.998093905801178,0.131734102824767,0.931526789807525,0.143705350490541,0.204355843743462,0.05970544415881,0.169053406974683,0.169985043507814,-0.127702388287376,0.0672980623830042,-0.398613369224896,0.141440649164076,1,-0.687058196504541,0.244737241867259,0.285949843893428,0.630162833130489,0.130817794078199,0.581920986733676,0.125318884537693,0.644619834899586,0.147282743568793,0.744113903303853,0.166939178227892,0.239890305446699,0.25308144632326
1.03336653791947,0.129741144197483,1.17835040196992,0.193216893699865,0.260471391466012,0.0686181660283111,0.712002368137634,0.302430746562297,-0.266664378117803,0.11743506521337,-0.625998658726511,0.093508587821648,1,-0.619218996184929,-0.712427726970176,0.398586551904151,0.978017227682784,0.144005149136698,0.792274623186549,0.131217772175132,0.691883837241555,0.129647936242371,0.662876733702783,0.14672598421773,0.718672524129728,0.207015823906981
0.926669016335225,0.113923981558394,1.0082889870931,0.147976203596146,0.220121715499617,0.0564059389666297,0.272912702418917,0.254540935625033,-0.230690371295954,0.0951546335772993,-0.640797250703559,0.0729814681299423,1,-0.941209167681391,-0.165403406660623,0.257520524781007,0.712190768962353,0.121379559254993,0.621201107699991,0.112700896390435,0.622846822258493,0.136252787367319,0.495370123971972,0.190535409824865,0.245928045248669,0.239790880108052
0.886058972176578,0.120191947364776,1.05615568583674,0.16936073168883,0.266106992511385,0.0700466341700417,0.786315606456804,0.394514125616906,-0.415831977717808,0.139258294530079,-0.666673074155845,0.0846148531884003,1,-0.909057371234271,0.216183786790162,0.318665745981723,0.486005784961315,0.153901600563145,0.793473365155532,0.125188413968606,0.338667432239911,0.161983391324467,0.841584499191708,0.153773643594337,0.663283615277289,0.203134485539801
1.09693107427727,0.122938499334119,1.03805800795749,0.179638374767369,0.342698820451712,0.0917806552489696,0.773189935778482,0.406820747555342,-0.407836417223961,0.141013296991856,-0.631036743483515,0.0890651556313637,1,-0.792294428490339,-0.307065187850862,0.338554059416912,0.863422202567303,0.142621949841115,0.688675616615318,0.120764881889267,0.77222190818005,0.141141617248665,1.0355331139487,0.162185578747634,0.13893654674505,0.290756643973525
0.994503747138093,0.123980011486785,0.839860205140044,0.139088765725938,0.160445363499876,0.0393253897111604,0.481257297823175,0.23063590634524,-0.170154538335177,0.0662974428077063,-0.444617788109151,0.111360027031381,1,-0.612338106821579,-0.0692935336195961,0.255160681777496,0.66453678258451,0.151543967863318,0.650536829094501,0.134840483654451,0.555847158915423,0.140222362931675,0.55028497079548,0.160006176269732,0.506552001298375,0.172911287698891
1.00127903117418,0.130552233989507,1.22697484080138,0.213178457063971,0.234327775203305,0.0686304678514203,0.871054589156076,0.539522248524815,-0.239655576191522,0.127583747913448,-0.70617323438203,0.0844951397546045,1,-0.530460398510424,-0.0173976267191511,0.304049645147504,0.656334424947044,0.15443246066416,0.852070924452834,0.136131052474959,0.601302791897332,0.154241240761179,0.694298390800566,0.187904633185661,0.961339296844382,0.215464631417234
0.89437570413582,0.108021125357413,1.13104261007191,0.156019786924792,0.192435562358822,0.0494320729000225,0.312130937940204,0.246887868648908,-0.145717715023056,0.0899990502676199,-0.458925337479791,0.114337059288592,1,-0.594567651761849,0.247010240207345,0.249841726135772,0.634370141672941,0.119257028036033,0.477862940800481,0.143627266807854,0.569614288237312,0.144417223345928,0.7317126915948,0.173271931022903,0.518209796335352,0.207251915783545
0.941820161282929,0.132042236373904,1.05517963345888,0.184186806076131,0.217689426270352,0.0611740926712395,0.670610490911572,0.330681596098416,-0.25380855791928,0.10243775559245,-0.439524618313967,0.115624827868528,1,-0.664281905208141,-0.137699515495203,0.313321015310064,0.690549822502148,0.138736126750556,0.705787508254453,0.122443841651624,0.637650061508932,0.139436557681381,0.885444414300576,0.13734550151947,0.891488685148856,0.217078207343609
1.20229446568204,0.152077467798364,1.11189411412043,0.194258619691072,0.258805900911389,0.072406183876018,0.73105393106282,0.469298020631457,-0.205497114871076,0.111742592065322,-0.742817721581653,0.0628672347912866,1,-0.472437032965947,0.126440597538725,0.341653691013675,0.745572904466266,0.163999158885035,0.85940489857636,0.138655369648321,0.748606535234052,0.148365338360724,0.736633238233338,0.165440162902677,0.714002531721103,0.186752241357951
1.03648856245395,0.116561166387734,1.18109969616497,0.158369364039749,0.294306314839369,0.0666244786888485,0.373406013319829,0.304983899827493,-0.173179028208918,0.0940844632586821,-0.637667972141787,0.0813776611097088,1,-0.522402027902527,-0.0438801847872176,0.310588439985013,0.562304401453978,0.143946863937007,0.854166540056187,0.125904185662634,0.767665661844579,0.148126364283096,0.805306235257859,0.126602478262921,0.569957199707793,0.185747188119651
0.84181261549549,0.108909791376113,0.891258938054092,0.134110290849145,0.205674754148403,0.050280393107563,0.35412834696179,0.202900039400449,-0.237135173496586,0.0763160106052585,-0.489495282065371,0.106869681139457,1,-0.878668660619867,-0.0796232789917187,0.294614781446278,0.547745851980261,0.143382235137284,0.587724529133988,0.120280455380636,0.607486324322702,0.121281199578126,0.387261239870463,0.157655199827446,0.880516052346689,0.180371261274411
0.908380597105061,0.109920643330818,0.991811550897527,0.138854622581928,0.231968432961141,0.0547325783593718,0.239394898740262,0.196480530986271,-0.21439700194043,0.0846207462773997,-0.646367748088469,0.0840415167475791,1,-0.909801854608265,0.0613194726863588,0.35378755903215,0.589810423426588,0.152657993642604,0.669935059027746,0.106561036236872,0.672690930593418,0.132753336672553,0.408512929933694,0.179423381959447,0.800028505316468,0.174322688067467
1.02924018172152,0.137450153692755,1.05464374849513,0.176083721489411,0.348721897755475,0.0885331888791259,0.700884725822011,0.357871900777587,-0.360637784473098,0.13853240004525,-0.558073699216756,0.100376939272589,1,-0.729471482963252,0.0670602282158832,0.30699101463557,0.800794090867121,0.126802704555378,0.696185046637884,0.148929283699133,0.791120354609316,0.133678126941284,0.700584749719561,0.172386278786472,0.70431491590645,0.225897859447435
1.12410248814052,0.157411875068287,0.907906987737076,0.170346673354489,0.269097322176892,0.0756602873492565,0.489093622595681,0.265248456248554,-0.19203569420472,0.0943021535107956,-0.588970509910626,0.0996926859956002,1,-0.529335805528804,-0.0824692992178257,0.34267018747727,0.900732608437868,0.143144262251918,0.658925353137884,0.137389665641799,0.72639555307632,0.136993502892592,0.886999432801657,0.17399486010923,0.492875634316284,0.32182080612097
0.828606162565957,0.110743591908091,0.833387532439591,0.138989350031692,0.25530273022722,0.0577805084584004,0.42855983562754,0.192953481889854,-0.330775597801948,0.0997130041069683,-0.602313991331499,0.0798962940293201,1,-0.999999999999071,-0.537415489575696,0.313045572445449,0.7203434062374,0.137650899483519,0.656441590509264,0.112431235899171,0.52572886509057,0.130798206689624,0.773837147546528,0.12599618489607,0.623915308727033,0.198531537676818
0.947469140900969,0.127882718747921,0.831185668167027,0.124018810939684,0.283743915208206,0.0730233476105429,0.15459201542386,0.113870731102625,-0.209438639128842,0.0878088650626911,-0.487515565447293,0.126656600651232,1,-0.999999998220065,0.366077724319392,0.293779206370403,0.611361645907906,0.144156377092894,0.661014255692295,0.134195812692298,0.469981002591868,0.159965993817646,0.678408191980167,0.161757812300737,0.543732136763256,0.214050949628876
1.01003152096544,0.120597905956762,1.11708783930827,0.163655340012429,0.191638695788884,0.0491801125232664,0.41217020814184,0.279298004126801,-0.148754448041027,0.0821263999746824,-0.529223961090695,0.108559329306917,1,-0.529285575905624,0.22677448979796,0.260804001180944,0.725937821082451,0.130725662600626,0.663377049672335,0.121577268222547,0.554572171499829,0.137170644522314,0.700575402573981,0.153122653544935,0.535019409090809,0.215551433893805
1.08477803409798,0.155875351338225,0.915620249463098,0.191680340477017,0.296285365173654,0.076115144162851,1.54181225179761,0.56401618417746,-0.431848246853344,0.148089268248491,-0.456474067385704,0.126639325975413,1,-0.638940348795629,0.119245369632464,0.375914675855252,0.626262691092468,0.162820177850596,0.785557421004465,0.136806753840598,0.591369015006689,0.14979499337463,0.932468774486996,0.144181716918345,0.698865033222258,0.170198719909146
0.872040265551467,0.117212039717015,1.04437968573255,0.156243367839629,0.203244031395437,0.0580574316943804,0.524166131326952,0.230190637333678,-0.326394910577632,0.101666905404914,-0.44830295998731,0.130053138701456,1,-0.999999999995966,-0.44387273787894,0.298780922279728,0.735195842847066,0.142877489070819,0.594655498291494,0.125765144828319,0.553890488884599,0.139579350067698,0.559821091347376,0.165048359918779,0.738621088306184,0.192850254513819
1.10603779824857,0.132045048730783,1.22130247373092,0.170029256046362,0.276674019501727,0.0693261676055643,0.399977460697249,0.254255206880697,-0.21603504078013,0.0881231382694716,-0.568376957750588,0.107297265700405,1,-0.649414901888963,-0.411347600006299,0.335471312352627,0.986362303542792,0.137687822850619,0.688812653272264,0.123421780993416,0.749206427639791,0.13542690055698,0.88115465454218,0.165631114772562,0.940390196215481,0.182447737297713
1.14415550386371,0.146335243471001,0.96549596513541,0.195095317736939,0.346494219278011,0.100541521707298,1.1968148648285,0.562599995572378,-0.35474022576542,0.165411870671321,-0.680149688418991,0.0809239627773272,1,-0.550869787401002,-0.282799757569939,0.360276631993448,0.90767413325166,0.141067458603137,0.937967465315476,0.119595107645107,0.687126352974317,0.161681801327964,0.912148392491301,0.176565507901772,0.5011727647071,0.232429671373482
0.972941410752038,0.106701681508835,0.506665768943439,0.11952420481932,0.233178609199399,0.0532622318173889,0.0921809122601823,0.0800934073388009,-0.1466104256176,0.0718689708921232,-0.588828125452554,0.0859955892400741,1,-0.999999999632763,0.405561611956528,0.248561691175055,0.662567017025755,0.112802368605546,0.609374010677498,0.115685545776018,0.640003505345461,0.143745312023603,0.627168246852674,0.166646721729277,0.447585195866125,0.235002154498286
0.939340433788453,0.126678434460487,0.863486877211097,0.164457222232188,0.248114350124493,0.065774010835192,0.351332993336814,0.24717056871231,-0.198808546598708,0.103523533951262,-0.717407371361138,0.0758074024694443,1,-0.673363607476733,0.0246031387279114,0.28412029474721,0.685548153765267,0.141212872513612,0.740792797321073,0.128921084056069,0.550908796510159,0.146402207575474,0.572273485716464,0.164113371052587,0.672365699048871,0.218767462695586
1.22815084451979,0.202161329298681,1.48788718867395,0.266437351647802,0.375525378368661,0.116534782007289,0.813463435415495,0.505162494872911,-0.162594014442093,0.132109161982318,-0.780623137239272,0.0675180088937186,1,-0.294181859973126,0.371196375660884,0.425675341838376,0.644336215735972,0.168512791236912,0.855758299321932,0.153933378146457,0.852590661690514,0.180021580208819,0.899912400048128,0.159121757986049,1.25778021853694,0.182893329592792
0.905891530436964,0.109548875140386,1.08041620183686,0.174628720429954,0.255943460435388,0.0680158786827596,0.988017186148742,0.395609214777668,-0.421031448922982,0.120360881286222,-0.590292486810864,0.0937880881973401,1,-0.837259855563525,-0.0728562814109551,0.278094502365945,0.688951964953033,0.131168311021182,0.664281463736469,0.129349773806325,0.71639019672938,0.138198341013606,0.578402952059695,0.175840911569901,0.774973179333677,0.180339332701176
0.915100643922251,0.124203035456965,1.01705455612962,0.148054264319967,0.228478460843516,0.060917090685018,0.279621411385933,0.242753049633374,-0.206978756675897,0.0824878618986069,-0.507071598688152,0.120982703706996,1,-0.818875598460534,0.257289013529365,0.277627130795812,0.653340321569847,0.128845365489184,0.630506812028168,0.143365217487599,0.429845489734384,0.148426763918601,0.692702696046869,0.157909337030377,0.648985951547853,0.150652400850692
0.984020344806493,0.117898213430735,0.975538656467819,0.186898798513046,0.313138535308728,0.0798263230693804,0.533025306561007,0.362256204577692,-0.319899505729336,0.113118127292753,-0.632790863554753,0.0777068478816085,1,-0.783017370961109,-0.0276471920705964,0.285161796060212,0.762246780038382,0.12475851261014,0.631623008676512,0.13007831145283,0.627178938443604,0.155095901499319,0.752885711899552,0.157941310692557,0.38046111942617,0.215141678632629
0.901839631734984,0.137524921612663,0.967060487214381,0.137282180489329,0.259029790492992,0.0679114808161664,0.285972245567104,0.211513064629126,-0.208457164849362,0.0815508396001062,-0.662027597526249,0.0710040507374216,1,-0.765914033227857,-0.131800755087495,0.347744617244184,0.600658708162067,0.149200562841408,0.749655649527807,0.121473132434,0.586583464251626,0.138889883060838,0.767184477357736,0.13988988919268,0.347647208861341,0.249310189900351
1.05311583000791,0.13799991220016,0.929882329163691,0.16522093520214,0.266578041169142,0.0775663611276609,0.48215372727726,0.26924792923656,-0.111007325534422,0.0982841273648291,-0.644329006421382,0.0805346222290002,1,-0.309632606746747,0.188748159220657,0.2837957685163,0.642261660947289,0.136880235412502,0.725986879461099,0.133881806387588,0.691870075462497,0.155131044733312,0.983455104738824,0.15771276093817,0.331011833108622,0.275826847543076
1.08074736756986,0.139033553342085,0.993364473184947,0.17964129705721,0.305757363553548,0.0724775469375063,0.79065517737079,0.326746976880755,-0.301222565779987,0.122159800296714,-0.661383641498323,0.073099249421048,1,-0.612640186816562,0.227035856743841,0.313257277392356,0.705525541417128,0.138189835384677,0.839370848783198,0.120639529217598,0.655208484041679,0.138615897742045,0.639935236175661,0.185930609472679,0.74180372405869,0.197932821999303
0.97991853402392,0.12331749847676,0.983218343325616,0.173050980102209,0.273197972773066,0.0762309022996805,1.07532382040433,0.452222240140754,-0.392403824051465,0.142217002821173,-0.601340232733778,0.0914775905528114,1,-0.723977153891883,-0.126577809577225,0.326282998030228,0.874609620063797,0.140576382992252,0.656226297210776,0.133043517085885,0.574145768002986,0.143351610758567,0.701421095654445,0.158674780923215,0.564670018223794,0.19337807361174
0.982681746200872,0.110097054278937,0.897581566189298,0.162064448891832,0.157000514848842,0.0431873614701089,0.697809151950394,0.38409197850116,-0.113752788392787,0.0705417208406534,-0.490889677083154,0.123274091886746,1,-0.343671234074751,-0.299871033580927,0.307385366757176,0.800067857043938,0.145905394501591,0.433066859978415,0.123089842486174,0.753285039383799,0.124727721509003,0.707047058543448,0.164359788695213,0.561595766433286,0.187929916896246
1.1045942040598,0.139099462830392,0.649945606092717,0.138368720170231,0.280221397571031,0.0768510519002082,0.227243896077151,0.198511728232315,-0.251206110551085,0.0914911060454222,-0.593583623263211,0.101803797444639,1,-0.995482061923166,0.0779625181634654,0.324959697170201,0.716619578600252,0.143943143047123,0.820211550759771,0.122405721863535,0.657940063296486,0.153525636749177,0.894365443361505,0.161043565899953,0.519188991169482,0.2060575496655
0.961501928406719,0.111457984892786,0.9009524532281,0.170616100961008,0.215942341005796,0.0588148931813511,0.81076574842545,0.340174511630638,-0.289797044257669,0.112810086984557,-0.426049177676934,0.115162808543604,1,-0.6925918112391,0.26684399232328,0.254129870018228,0.461091760960984,0.135343151033915,0.495093904095982,0.127956789448235,0.538892555300594,0.141476817684685,0.856544563953208,0.148957544371547,0.308215573819768,0.224552293799081
0.984078395665503,0.139847827267786,0.97981796718024,0.193752591113183,0.276544089225661,0.0732974499320841,0.66558437281644,0.36236193762114,-0.282439769203094,0.124683477344482,-0.576491047944113,0.11111114810049,1,-0.658327655157975,0.0547709655674657,0.27323892800119,0.691530259150248,0.154251975116821,0.64453256786782,0.132113343666147,0.759553580407453,0.140459967036113,0.791557800653384,0.167825703143277,0.555263717165192,0.253795559988093
0.87966939611832,0.111817039776446,0.758816018714923,0.168132333959361,0.124781031978523,0.0344773860037158,0.673470183650468,0.38916284005142,-0.153328087273683,0.0687631311046421,-0.481246999403313,0.128789754535891,1,-0.528917875604407,-0.344812766218926,0.363016122691584,0.525740653753782,0.161902131361214,0.637927813156612,0.121561578346307,0.679693910068561,0.134602379801624,0.526534782647201,0.151828733342645,0.577229630674472,0.170269434065609
1.00386467287112,0.132740334893213,0.687537110133206,0.146775918084919,0.1799981666827,0.051519613094389,0.428108458533801,0.274321570051041,-0.120168406578299,0.0713214171362477,-0.500560449446808,0.114769865894445,1,-0.43289179797961,0.26391671620727,0.346480557010018,0.547432543758111,0.134335292220316,0.633878736700815,0.141093801507234,0.47408038838255,0.148787253643929,0.63774693817582,0.145078282001133,0.569332801928995,0.194726234506865
1.00310264404639,0.110605756327818,0.914746877477035,0.165391016633135,0.242131617667865,0.0589801974451221,0.449614401800216,0.260848794488997,-0.275780973217864,0.0981954848139801,-0.638190263738154,0.0709792057638984,1,-0.835830935690761,0.349106053627302,0.270942706937055,0.670479152661263,0.124156212373596,0.576636232803354,0.124719113546371,0.593082538628739,0.111408076627137,0.878494324767617,0.178450861297464,0.48509565096566,0.218209844575524
1.19976865964384,0.1327932805267,0.70872347419737,0.155038911466986,0.279708376426187,0.069409296362181,0.358666909815285,0.282977144507581,-0.10146404147766,0.0917426565205166,-0.716952384100996,0.0620352508783463,1,-0.320341913391164,0.01968778173817,0.247561112277769,0.722548608289816,0.133607708587278,0.749847430341927,0.135187936255725,0.958095779114222,0.1399252066655,0.762166138030539,0.178954294939951,0.784930848289784,0.182603144143916
0.951123899318128,0.111334067388922,1.09558895211829,0.152315523158204,0.197489679161076,0.047771856719998,0.0756908179787124,0.0787116732778006,-0.122262649071533,0.0686945750877183,-0.634712708340631,0.0853059567292005,1,-0.999999999997778,0.412563282413354,0.293178025044359,0.484809694945064,0.14136797773143,0.762854778272657,0.119389678681318,0.629547400080678,0.132469758650831,0.413139224965284,0.174695187291967,0.606047812508644,0.173950520658982
0.922585029448782,0.118930783442166,0.812580075437892,0.138080670509824,0.182635913708988,0.0510366476266104,0.688090854425426,0.306546327970907,-0.273265759552368,0.0962504696696616,-0.336669886532197,0.139664461817138,1,-0.770848859119491,0.039495928339549,0.280550373075335,0.733314430225019,0.118925655893253,0.497707849895402,0.137641827717616,0.449995548625706,0.155910642819328,0.696450071444348,0.139877985206275,0.921729135810388,0.157600267858163
1.0529073346034,0.118415458858135,1.14228137893044,0.178690280243951,0.304433233758556,0.0682546391283166,0.743478428573436,0.309483479734327,-0.316872042746543,0.105749214536164,-0.649519393746024,0.0878339978943278,1,-0.666045206384555,-0.137529719009245,0.302583926730808,0.806191053171413,0.147268942044808,0.917948074342493,0.104479180093334,0.727816612354805,0.122881274036605,0.83632867366596,0.147725990610171,0.656765985770384,0.204998546440434
1.01335624152806,0.114816879734877,0.919082565464245,0.149331593408824,0.164553340106552,0.0472913678211268,0.438175946301586,0.239954267688867,-0.0564295563552319,0.0751383649900369,-0.671293106410377,0.0746678235197963,1,-0.210149818013265,-0.0485343171386279,0.262901384119676,0.780467237904209,0.125914090336435,0.646360317380408,0.136683806065212,0.637535117078863,0.15377888664325,0.570034853211475,0.164832569883217,1.00978017775275,0.190940378648329
1.0918327616469,0.141197129832442,0.881639112359981,0.163937603377839,0.22628151574226,0.0589741895908487,0.676705524187131,0.318310549561526,-0.0967209811230383,0.0876090593546406,-0.525393965908211,0.126703520444945,1,-0.247170304610464,0.294996251888378,0.318032898792617,0.726297491340043,0.129039009735928,0.617335067170546,0.142266970514497,0.688421364700268,0.150278318498132,0.856725578993819,0.146549614816781,0.608037152664178,0.218492022773854
1.04591490237764,0.148510881386206,1.16409968379808,0.181114402945803,0.2860677159554,0.0717909240944468,0.415627695734499,0.308993847539372,-0.298775129396948,0.112118143976919,-0.725358822517084,0.0668526854947258,1,-0.866478476453144,-0.249155596085105,0.355874918701817,0.711052940921601,0.138114550748457,0.813631256103578,0.128410949719013,0.817874283732523,0.132940483421796,0.933166943667715,0.157655304855516,0.679751881647964,0.218123544344759
0.935121230897195,0.111292093266488,0.894318229361228,0.165344496730618,0.216776858346363,0.0523215837127564,0.493936298608424,0.350236331650251,-0.258377300616854,0.0967989746032381,-0.506903306862758,0.0971678032807959,1,-0.78960961162011,-0.234865221360427,0.270992994965461,0.643708104409291,0.142798772302104,0.702795214134796,0.114743786996559,0.771634674430879,0.130012374474754,0.566074487238533,0.164499786813617,0.444719098940555,0.220002006150898
1.0593068162647,0.14957561708233,0.987165092412786,0.195650446544468,0.233333414642516,0.0734384291842164,0.851756698090929,0.362761382088414,-0.204037365223812,0.100595945986244,-0.598182669360237,0.103650646207174,1,-0.457681607064078,0.446000809640803,0.287796283940874,0.413144347851125,0.173931389995123,0.754072179879104,0.131196261357161,0.695484094320157,0.144350194307181,0.630318746559643,0.180014221089683,0.204595315890739,0.263470268470876
1.02308512860377,0.122271146185099,0.883679492881093,0.132668692635822,0.223030723430487,0.0493674388738849,0.395380162814297,0.19440154441101,-0.28726606643365,0.0840314134932207,-0.480017100580912,0.103584516188135,1,-0.967374294841686,0.252182557742781,0.299227569270563,0.589436127420509,0.13831566365577,0.690414022866183,0.118731620168886,0.636943620398898,0.12955566546059,0.660500467938846,0.141407216975027,0.477742222637302,0.201029427295486
1.13224660984452,0.129149902198142,0.811053066052623,0.152491374057615,0.286820730667088,0.0768125866596262,0.445713865149251,0.32817684137855,-0.242757946989364,0.124846773623509,-0.588846629821829,0.0990409123171436,1,-0.678953630586269,0.31441122950133,0.274333843515234,0.794286710352942,0.14035607404905,0.512233241593554,0.132674806893573,0.541252259455677,0.161592275301344,0.681076132686723,0.166550056052636,0.821026659158481,0.174630910518577
1.02990500046152,0.11779459834064,1.0345848731427,0.157662379527795,0.159856032665937,0.0471820596105413,0.462279068539266,0.291734336416848,-0.0719050387864943,0.0785634222149518,-0.66826761456189,0.0660000305179091,1,-0.264510365079386,0.156061421991265,0.276803568258116,0.686830747486322,0.125765735406775,0.65022254851871,0.124977774212363,0.735253058722894,0.129443011801836,0.291639323644742,0.184266763667302,0.681247201676105,0.201279203653362
0.980722527717359,0.130192204687943,0.789559585743999,0.172760618057217,0.234418781344823,0.0694864428652978,1.03062932008537,0.430886490037148,-0.393570074342015,0.121214018351738,-0.468197832971005,0.11560968271345,1,-0.800708834335442,-0.0781122632572505,0.26422516563105,0.701300029110002,0.13531439718086,0.688640074226387,0.130906363058135,0.550803629358615,0.161232461927172,0.461706423984811,0.193975062140377,0.935972632299694,0.143826922276364
0.950851886790393,0.0882291924263097,1.08970169250378,0.130584191755404,0.128123866797607,0.0308850113477873,0.0792484502240714,0.129356195884206,-0.00031500456586768,0.0479933131665739,-0.640748390852457,0.0662060485268249,1,-0.00312612573133885,0.319698240827975,0.275801728877939,0.637803473342667,0.12560901955022,0.567580659241217,0.117873666506684,0.5069675302646,0.129011119509789,0.568930070399154,0.138621343232766,0.542331354680887,0.18099223387276
1.00490997509262,0.136218170453748,0.905529708941447,0.162519759374114,0.346344235184204,0.0854139864355335,0.658788443943675,0.364371640447749,-0.340222657318565,0.12375981919692,-0.65012980306662,0.0807625569414702,1,-0.712256242812341,-0.321775124988316,0.393569252613371,0.865014534735045,0.146566319384715,0.634794681718989,0.131740848552759,0.773410583151473,0.149832249915091,0.777557517284946,0.158680107115279,0.975284168189265,0.173151657658832
0.821581169584481,0.0990377687168733,0.891663314198237,0.134257271415413,0.182990220859951,0.0462945036307421,0.360073025115467,0.24023666912825,-0.0919389481376558,0.0635837558025818,-0.381397789541167,0.132413987867516,1,-0.358170898494065,-0.287771001923085,0.343243465629143,0.54543843222656,0.136191314675749,0.633157688455779,0.117834166530418,0.593562049532557,0.130803464512376,0.657631224545622,0.141810348838142,0.221165813324196,0.204874518712977
1.17681768191027,0.136237978709896,0.651464670985477,0.165017147820193,0.349035913982618,0.0920994627051112,0.831070704293889,0.371023946036357,-0.34660634564558,0.123924958426483,-0.53805607834969,0.106207627061636,1,-0.643550252146845,-0.286127149355771,0.319151037195573,0.758135560199948,0.146027550131444,0.759466979475021,0.113200545571258,0.762628687806202,0.13599590362468,0.852706315133789,0.149283748627817,0.676299252880606,0.206637977456162
1.11722026860381,0.116581351070396,1.17083847754205,0.193661204494117,0.221502347154179,0.0651882129756479,1.13628081841455,0.436460414284844,-0.174397540299284,0.0990384122917779,-0.270518086419175,0.206054973026155,1,-0.347622878438404,-0.134417035032576,0.32820261040839,0.836271795905686,0.140465027267398,0.695323026791004,0.130173674814484,0.784770577677617,0.141503820965074,0.733940260148278,0.165074042715128,0.758390568578147,0.206000104310997
1.17639676270003,0.146577734541119,1.1068205131951,0.180996262996947,0.406612602231143,0.10564429483022,0.538980001420298,0.361047938386493,-0.323040387048542,0.152511718485067,-0.700095723627114,0.0737653459724971,1,-0.690049235397486,0.201656527094446,0.285694147640472,0.821482356679725,0.118582404852075,0.747020283587558,0.147774333339529,0.866207519144395,0.160856927164875,0.755243153985757,0.172458903561765,0.406341494771945,0.225155778465175
0.934883282854226,0.109474905961543,1.00675459325784,0.151917379146436,0.175875774747113,0.0431061888242547,0.239598707544209,0.214750054158219,-0.139890244011293,0.0695834547147068,-0.443449342845664,0.110318002849135,1,-0.681462842481683,0.0172241261282453,0.257726472833439,0.635335567348011,0.130520342269365,0.573465088478602,0.119083456983566,0.60875523222149,0.145176286232893,0.562000842778677,0.187143544523742,0.529566063752686,0.222430861162965
0.945437286717385,0.100437436895664,0.75236678130035,0.135679557793297,0.154230904702678,0.0399931653691014,0.406191743501479,0.283617989332692,-0.175750896830452,0.0766745370887271,-0.655437274562344,0.0673756903605313,1,-0.702176516789518,0.444838755153251,0.244069945441798,0.547775388357902,0.119554210792784,0.436276820606317,0.132344199860958,0.581540083257009,0.128211368098562,0.564723081251761,0.143467758331812,0.650101098857115,0.202049774487752
0.852580771599483,0.108298580598913,0.941333081681463,0.152819456124681,0.212645697161397,0.0557117614293082,0.555318601016779,0.311820372055192,-0.267976417319957,0.0978455290507147,-0.603411161368844,0.0915199659257789,1,-0.779825022602259,0.326284321004558,0.272429542220075,0.384493948991177,0.146903228145702,0.753563085846049,0.117578019372267,0.403912859666638,0.155147728575902,0.413477320275006,0.179763523961965,0.688194195490904,0.217575666745226
1.00729524492735,0.141709654226527,1.22659358078359,0.194005289047124,0.268017541336221,0.0646573607901877,0.521688827015615,0.367316293455291,-0.21560493428667,0.0905550510616275,-0.671054406868459,0.0793792034382894,1,-0.576595592856375,-0.0945555057768853,0.427815654532082,0.642944049519627,0.146070923576687,0.777080310568152,0.148531612376993,0.756655475403586,0.137810233548982,0.70956192704952,0.151633238599943,0.77933685918849,0.166048529221172
0.815975036101194,0.106513220062199,0.863550058090276,0.150166959218408,0.203851184675493,0.0483451137348723,0.501144295130778,0.269451185237104,-0.260299297354384,0.0812835367365299,-0.514618134889945,0.0970744042076713,1,-0.814394778501066,-0.000146657273161133,0.252067759714814,0.528176184289025,0.123518883412458,0.62643717452621,0.127124035036684,0.539901512910086,0.144536500246915,0.512882902894743,0.166114823589308,0.602385902574401,0.177300042140082
1.14823838920723,0.138596549441257,1.03531504087001,0.143276381173531,0.343360953439005,0.0803854130651005,0.171785256372902,0.196628754886921,-0.157986260608149,0.0833438692642578,-0.602554967787928,0.0875949236792797,1,-0.650505425404834,0.060506471501074,0.359224562780486,0.801131317464409,0.126942550900439,0.607494839991134,0.124756254049143,0.965675261235312,0.14166757168455,0.632836190624846,0.154608778478993,0.797937645157428,0.175309624496116
0.879988481870948,0.106799830629025,0.892736018073954,0.143538118849148,0.195778801705995,0.0503370810870307,0.174506913305657,0.122448550905609,-0.184837102235122,0.0713858422663491,-0.633497305485674,0.0807514572560341,1,-0.999999999799263,0.124093986981699,0.307105995037444,0.42521421841516,0.149196831315734,0.605269304899664,0.130342226955948,0.767441952964127,0.125754862092772,0.563439547760746,0.152172414112155,0.789311016014574,0.171973363223977
0.913052743976961,0.104239325323919,0.976101400143929,0.134388793531948,0.181572934506707,0.0478139846328335,0.371989007962844,0.21170123919544,-0.225827227176428,0.0816821902017911,-0.474984538443141,0.111589751551985,1,-0.868931802191053,-0.0798875737105265,0.27636747203858,0.70182541433243,0.120459381378774,0.68850237677656,0.11510587121299,0.510535678871923,0.144183737841072,0.603283466830295,0.160913185681274,0.814490419199561,0.19293561947543
1.01922147129529,0.1325916575546,1.15922757745749,0.173964464972215,0.260152549479125,0.0721900939248576,0.324025517441872,0.258474812655569,-0.167777857198618,0.0862315946854488,-0.692071394287449,0.0742084365734052,1,-0.577871124517462,0.229103566965187,0.312387717015559,0.695214277742075,0.143342857544583,0.685815023695766,0.137940763114772,0.810063866142849,0.12867671546883,0.732105157555938,0.167060370764232,0.764319565871386,0.220378490849831
1.02429955422589,0.120035626297984,0.865630270330305,0.157759893546964,0.245957552855463,0.0669200927416371,0.389539256474506,0.200442411976344,-0.22586084562171,0.0901508456083256,-0.608435208691943,0.0732219498502549,1,-0.729684721068622,0.204754374046588,0.253779972120276,0.682455452454684,0.110637720754134,0.762007411906405,0.139441749144063,0.784746513350889,0.142361556479635,0.438300431301381,0.164025409849683,0.8755757312234,0.194861890354684
0.798920669434809,0.118273594676087,0.870664841044792,0.160493615822187,0.159273208899407,0.052070083403873,0.481882352708609,0.247283740084877,-0.0970839115432971,0.0705567456808,-0.485450004056307,0.11765560844657,1,-0.350433317353745,-0.369476446396086,0.292462502518183,0.688363527850769,0.127841959606681,0.600565968245329,0.146069336696866,0.482976466350751,0.184211625203281,0.281003046998993,0.1996527014965,0.528307664078238,0.216666795639013
1.09712548936732,0.127860279437055,1.24749813122277,0.169219263915663,0.289424003867574,0.071197427289699,0.422683685760377,0.315861610422164,-0.249718980916789,0.100784772216135,-0.627140247745884,0.0711028324140697,1,-0.713964367295936,0.501576948172145,0.331083324595605,0.553701393484872,0.152083369465446,0.679661446125061,0.119787262804076,0.797058296486724,0.139427635015192,0.7902766638058,0.152630877145461,0.70860678831381,0.208812103557897
1.12122647877751,0.135274204069752,0.680034571450691,0.14254101184982,0.261531507772246,0.0641189162852099,0.395925531296243,0.283442069238949,-0.246198029778428,0.0974402333020637,-0.525793639823539,0.117430287366589,1,-0.765095786501917,0.00764390777001397,0.316655466748956,0.632257696794265,0.150411691550619,0.676810946351198,0.120343132628786,0.845889067589901,0.133705399557235,0.515927143851104,0.165290775282452,0.742172667959714,0.183924790253778
1.13161678891,0.109986816952494,0.6462525090757,0.14970447584794,0.204039888621072,0.0498565755247484,0.418193248839245,0.322164391765643,-0.121196100786169,0.0780959765582927,-0.635992049838022,0.0761969776393991,1,-0.414899202435787,0.461755322146882,0.297384588511892,0.677461530615001,0.131256577881091,0.634174835036844,0.118783189800455,0.907475254594609,0.115395246720639,0.390871277226101,0.179501865565869,0.718961070089367,0.17386742125894
1.12255558172092,0.127969158921727,0.843201699066614,0.138624535015663,0.263875613011093,0.0730670479113344,0.470613357419627,0.255921300023448,-0.283989391019216,0.100031285873895,-0.451144024012154,0.117084148690773,1,-0.805879974489261,0.448642750618653,0.266375249913416,0.43344887355366,0.14739103759117,0.687747850807357,0.11754564693096,0.784033009974451,0.1351069286955,0.836470156525465,0.167583584031066,0.784574768188749,0.211499175264231
0.883787056138555,0.114504065208502,1.13593157599367,0.169910197217915,0.238828914711742,0.0625353426981519,0.361397990592986,0.249916541638348,-0.279343764265372,0.0919036728943799,-0.579186611199644,0.0972927058454201,1,-0.950829531381189,-0.605716146276383,0.275658907512332,0.923787157484647,0.125151703145583,0.611816038525248,0.120549233328026,0.800285770707513,0.150151329552651,0.0168550805178136,0.206550334378564,0.89175279484092,0.206050292983793
0.945318788833629,0.111314381315164,0.909332280521128,0.136687062478814,0.153726420199059,0.0367099602143587,0.336002383256403,0.197639301539131,-0.171946893358787,0.0616517517415178,-0.517069989824545,0.108434166128906,1,-0.756569619120665,0.171263156552173,0.271963610429945,0.451263825657106,0.156078309578999,0.749520721504865,0.110451274078828,0.540295512492553,0.136954250648072,0.538460632417174,0.151921699224381,0.263539985978882,0.193901727467479
0.834277386667408,0.104666768628023,1.165683708108,0.147425764299781,0.214639521109446,0.0498771039340907,0.232000774701321,0.12542985692327,-0.223151372751868,0.0760014116919093,-0.597482895138152,0.0730800206407894,1,-0.999999999820579,-0.0735987809011456,0.318291698450105,0.594405239401826,0.148704039062644,0.650004494499527,0.127590043681732,0.599359318839858,0.122692483075245,0.721457693414721,0.139985719220747,0.409012594696298,0.246856851683107
1.13771760596324,0.141791341422721,0.808504261130911,0.179999482723263,0.17932298746042,0.0505082959301724,0.622857657888409,0.340008315120384,-0.148377096109622,0.0921851959875813,-0.655766799849315,0.0834711212319153,1,-0.443970874491994,0.124934732280627,0.287218255944309,0.820805507097424,0.14144885087083,0.779045284163924,0.128760284374819,0.803801682993294,0.153581219082115,0.916167292111898,0.15103907225353,1.08388131240496,0.198072009135294
1.0776904128677,0.140565858758166,1.1723009704243,0.187182447419074,0.211946616150586,0.0636206440870644,0.687337625371793,0.339553807554341,-0.170517327935613,0.0982810129497964,-0.583299625369102,0.109484127509882,1,-0.446755816840377,0.256925756694623,0.286181311047112,0.600321485155406,0.170141214161161,0.766735029040804,0.134345030344615,0.83005665456928,0.154127702582233,0.788544650813392,0.170470650269968,0.70758999312817,0.231790999547363
0.785997378693267,0.12109930296182,0.868840031662981,0.165783723056338,0.241696235031388,0.0698971421604647,0.583617701196585,0.293523254574688,-0.295387384129275,0.108869620562417,-0.664593899010308,0.0949542512583119,1,-0.786489216388623,-0.664060355603039,0.31161104677245,0.697355635227927,0.153563344632295,0.579528594800493,0.144189088226128,0.726554322145946,0.157352835469219,0.477948033025556,0.184832996095685,0.914972655069085,0.134008854729927
0.851878127676709,0.103012859891207,0.883978903986862,0.13105841673373,0.19969212811411,0.0535462013339419,0.11427052101958,0.0914969563244233,-0.151059337744735,0.0676830343099873,-0.375656494249769,0.113106346900899,1,-0.99999999992922,-0.0180143420418663,0.280738485521571,0.572012878213399,0.116205701697399,0.632798417479003,0.118233736970623,0.586559487300683,0.132566407716867,0.726844585253693,0.148921265996601,0.617116161770696,0.2039242565592
0.865517725588879,0.127234861699328,1.28450354289296,0.187280816861927,0.273701563868881,0.0717079348310754,0.455101206414736,0.276676975244976,-0.204589979089966,0.111997017880425,-0.683113477922832,0.0816080434320039,1,-0.57968454948059,-0.262113702190044,0.282294421803184,0.850750758494505,0.139813131908187,0.711185230569484,0.148690345505381,0.560614622595853,0.154027797092667,0.637474265446914,0.173343902142112,0.638909644080782,0.193398541838413
0.925576695788516,0.110299695055472,0.989753870598557,0.146558852779882,0.20052724728104,0.047962917695757,0.572563221151452,0.257024577844012,-0.28843670969541,0.0904141404270602,-0.595123027136231,0.0846642691298946,1,-0.851240176229247,-0.15699627776821,0.298892616845139,0.771875373162334,0.116064331371976,0.643385202930963,0.114728802992751,0.616469778288282,0.128231252890446,0.722454795606003,0.155154321406364,0.421187016566925,0.249847242324615
0.898832144505445,0.118756834961249,0.97245256538041,0.134015391521968,0.193537658245276,0.0504665117051646,0.276246856140228,0.216742541833376,-0.123259826532844,0.0686695506983701,-0.479338129741587,0.120208495686179,1,-0.533077238355403,-0.111841208902294,0.288555996195458,0.643711454637194,0.14712245600855,0.541133781358842,0.128666204903087,0.78697412029611,0.122680678874642,0.39908032157805,0.168662063658901,0.561742353498752,0.190907626510987
1.06102393133761,0.131519054910343,1.08299531034068,0.168526616102263,0.196661540013964,0.060518991969737,0.536397577212725,0.371261449542396,-0.11268374909307,0.0921203938061642,-0.575348894982249,0.103086773048177,1,-0.346943029401582,0.386496755655206,0.247890045555111,0.481926913322948,0.162247798573658,0.673231586977889,0.136722584889581,0.650370436981911,0.132682811694015,0.651431131433279,0.166253087386785,0.613452721387176,0.225368879435871
1.08822126608262,0.136219121406636,0.881409343753067,0.169735313877066,0.252175864683388,0.0647341751148309,0.894972032565593,0.407066502107951,-0.239418779661008,0.126175681399006,-0.619011818100917,0.110803242740941,1,-0.503966561268997,0.0486003369072618,0.299754394896114,0.672213292940262,0.149719451791613,0.662120278229949,0.138743157453036,0.717933844232898,0.152720114868484,0.825009495860779,0.150689890460174,0.703004627885249,0.193079517559945
1.16371732811166,0.140692189040875,0.569329523410286,0.134263458659233,0.291009198547697,0.0836845730487567,0.117151405586478,0.212663888279945,-0.132574726917241,0.0873666036200114,-0.691729300837635,0.0749278432965333,1,-0.718015188150092,0.0294746043489066,0.316787068513488,0.817720466780355,0.136607154092996,0.512090436406133,0.152953610306797,0.811549641709744,0.143277136196773,0.720318292620177,0.165986246897118,0.90473540246705,0.1982437909775
0.912169956975606,0.116953959473793,0.854566510462566,0.138372344020588,0.271016859140543,0.06904740664199,0.355913164185107,0.264713249499821,-0.26861058462275,0.106069551451364,-0.595738419120712,0.093143087457217,1,-0.864874200925314,-0.339730485786027,0.244645830938216,0.73234026716067,0.139744928512866,0.487686672531318,0.123986657523728,0.720977932471303,0.12569192147078,0.595110719833562,0.163834759614449,0.758870323010865,0.212839860496002
0.940660452531221,0.0934017846686003,0.823431747366099,0.116650464484855,0.182218012506578,0.0398702168568327,0.0329498415090116,0.0483360654636658,-0.0774858350419161,0.0584030869047678,-0.51966793683012,0.0828484805798574,1,-0.999999999997019,0.0473078062220543,0.2282727961578,0.550716772706461,0.129444845688087,0.667821223439102,0.108723431697729,0.46564843569719,0.124844996515186,0.693406293264945,0.145272859204404,0.539337495757996,0.189452396013079
0.887139971266693,0.0988590843112694,0.821493139747985,0.142499488612506,0.19077419289102,0.0518606844782737,0.323514753386243,0.219102064705484,-0.190960111467264,0.0807444595364354,-0.178331131143981,0.197982217228249,1,-0.768662690456562,-0.110645493552118,0.292337879821326,0.707934881866913,0.134121248058185,0.594152409397216,0.117113045002091,0.571655520268447,0.126094230980748,0.486701952580375,0.178680907503991,0.412365345532053,0.207516150595378
1.01856676991794,0.126737283618748,1.14399056257279,0.163302461499603,0.313500477564023,0.0858778193379121,0.408866540379201,0.227787258845125,-0.31557911235305,0.0998013453338132,-0.533567922112445,0.111286050188584,1,-0.88145137821803,-0.0371703919590287,0.273005170622031,0.771271187664986,0.131413134231061,0.801130267733609,0.121684793383867,0.709206998716106,0.130840975697364,0.66800990197552,0.18733247524125,0.543463818237202,0.217090055197918
1.02844989085319,0.107999515878547,1.13217010548705,0.154040094423467,0.159289768331275,0.0462364583863802,0.437676206028027,0.199138766711846,0.0133663729066213,0.0635946351711452,-0.558519485385518,0.0998750322176109,1,0.0506224505012279,0.1071375097715,0.292455547516474,0.688342993754297,0.148793991116291,0.743268992658967,0.117672460738284,0.518882874399546,0.1615107053237,0.563912630088294,0.170797258949199,0.887130103857828,0.158839301208218
1.02192521449616,0.143328462739771,1.55245543639527,0.218862071894521,0.435782529784555,0.10613651587172,0.875606982876114,0.575521886502204,-0.518934128490565,0.206071735358926,-0.671687595624119,0.0771822547033793,1,-0.8400840083178,-0.238157523094971,0.28740805188317,0.826120132903126,0.141599576594594,0.808600376078951,0.124199960329314,0.828090329103283,0.124639846347258,0.872456803882365,0.171464542229112,0.746075820479258,0.218567034062945
1.01502088170608,0.115612995770372,0.931548296748202,0.17333394255231,0.327411459943789,0.0864176039837404,0.722762216281497,0.370628210879343,-0.412074834302053,0.127337143317204,-0.727494296108568,0.0591997724275062,1,-0.847093665262136,-0.118460817019134,0.247502619953752,0.754636399747339,0.125194550498565,0.66357237475241,0.115525195251114,0.8129564774738,0.125738280261252,0.996399437161281,0.164310096112371,0.475499181077316,0.257860063679471
1.00645066406913,0.120892335086455,0.750850760365758,0.129554609857185,0.245410588636702,0.0631950939035776,0.303567945155655,0.219913940947351,-0.234722368351533,0.0839783373463523,-0.541621289836233,0.111371539035344,1,-0.859963214761343,-0.0640857501828457,0.314861329017079,0.64580308499729,0.144528970920711,0.546554800626888,0.133698800031514,0.785133457805459,0.134162928376493,0.519702931420174,0.175496268626851,0.724705784101163,0.192393976094895
0.868302958605223,0.120487526143964,1.0491929349296,0.162048601991735,0.287994846284034,0.07185385667122,0.279202953175252,0.205970785205244,-0.283564827434258,0.123678733995038,-0.643239934040176,0.0715743314181926,1,-0.999999998607527,-0.0967190985181271,0.299179941844778,0.603201654472795,0.135085717938228,0.710382545463432,0.123710164693697,0.556023601397422,0.154689618154766,0.692217099181165,0.154830790198071,0.571323104338371,0.205605809077066
0.973876419041315,0.123985252066346,1.01093911869233,0.166875364825689,0.22183330296225,0.0585195229011436,0.467234435695023,0.280895893114913,-0.216693053163452,0.0916440006836676,-0.650275491756703,0.0863092982124068,1,-0.673076138224356,-0.157192141183481,0.342943530529809,0.666900388776419,0.152550883117657,0.81335172968984,0.120389418188482,0.519642141819288,0.145538870002511,0.77744638891674,0.164898836938025,0.770889630053119,0.183027397346651
0.96997934535969,0.105893031145517,0.882336225725232,0.138374933755871,0.199829926864636,0.0456086973754072,0.245416488203984,0.164468905400152,0.0223470334274745,0.0678685377675128,-0.57306305958194,0.0959588503442212,1,0.10091082232842,-0.143585798219627,0.291903484050332,0.694232848551536,0.134923271732582,0.592392190021843,0.1245106007302,0.6063462006278,0.148494758729283,0.655882515957956,0.142627810434549,0.784546548086183,0.165132311656858
1.17944829963843,0.137813787906913,0.938709557078649,0.161181490138074,0.234383456490578,0.055795061708597,0.320140995101439,0.284795971142282,-0.199568333411951,0.0885998903070109,-0.72247712125512,0.0640162799991777,1,-0.728546888952142,0.00278107605123503,0.254009904237982,0.657031429781679,0.149885286044192,0.942735607914072,0.117853839757248,0.685955691130831,0.135074696827376,0.72796699246911,0.159970042537391,1.03192628943703,0.181941137491573
0.806657127068989,0.113507400970277,1.09823144159654,0.161560522099478,0.227620755793643,0.0638384976588131,0.264613698878195,0.219200006562882,-0.173633669980553,0.0898554917927376,-0.546319970157436,0.103718058888513,1,-0.70749251969072,-0.429453859745846,0.357084775155207,0.753339316187384,0.154719899447699,0.627907033113024,0.127368445866643,0.516152555212494,0.151121096776883,0.445894936559432,0.189210179658474,0.736166369842179,0.179577987988906
0.97278750018441,0.123251889773516,1.06424824081163,0.192830614995411,0.239129944297699,0.0698879910093898,0.994116878668753,0.394579485248043,-0.349171276791323,0.120610338406572,-0.614082728626019,0.103938128736221,1,-0.71614803701693,0.0117736503480264,0.313447009078072,0.728123264364742,0.142892818499075,0.771203772846755,0.137632109627947,0.711596505219846,0.142123977352069,0.831173636690515,0.16842964696456,0.53504065287224,0.241758622731767
1.09371377318614,0.10774379241076,0.973471040090724,0.149165083644049,0.170865819961559,0.0473335877818317,0.268956479161771,0.202904817179721,-0.107646373933905,0.0709162839781522,-0.481862558691578,0.123376315038903,1,-0.502146918860818,-0.0796189929341639,0.275936911465318,0.847351835255202,0.12838157794599,0.727533062066751,0.110766040729209,0.56308882416024,0.129777769382341,0.526197102429844,0.181978493115288,0.642837246269466,0.20913460497262
1.16320699051867,0.139138673567232,0.833789631830294,0.17435511057998,0.217660942617327,0.059758204999305,0.371351384266855,0.24172698705351,-0.159373769355599,0.085945945980377,-0.600905283384042,0.0919867559953649,1,-0.560575441821677,0.451356907596524,0.268837913995167,0.748098748184124,0.142986921767902,0.552289506999925,0.145484566988515,0.730854248930588,0.140047733526664,0.645008493550014,0.161741135348691,0.67117997931979,0.182670556210498
1.10134280837547,0.141770223362799,1.04229155961213,0.20184587203601,0.293002368388061,0.0791173842563403,1.0545164766554,0.498359165617745,-0.392193718652293,0.164668885149204,-0.698717068238003,0.0822697424492499,1,-0.705567200026379,-0.28278243195968,0.320408621259943,1.002798879802,0.138638516741417,0.744072773760795,0.143916006563912,0.835039675964407,0.151358118787847,0.710104745981252,0.193636213739078,0.971273507554782,0.160654922022234
0.994738012931461,0.141089820410502,1.10072962136825,0.191614864149395,0.254172124456456,0.0751884678263304,0.582131654023866,0.423855901481842,-0.00229774388986942,0.0884048678490297,-0.600345486526702,0.11312580650654,1,-0.00597347503348699,0.0466078154761216,0.354231761018995,0.623096804079732,0.165492025612203,0.57867203146561,0.144513008386003,0.701516762272464,0.1460435746364,0.827296032150956,0.175463015362379,0.530342699997889,0.240325105956372
1.07320982287066,0.129309151596194,1.06855272615251,0.157965111959364,0.289307567259739,0.0834219032023195,0.489068989501821,0.225948129296122,-0.297016366935031,0.111250055645225,-0.594447080145613,0.0948323972730341,1,-0.789615057901907,-0.0692426106091919,0.310873004074783,0.602046664384662,0.156155501499386,0.7783331065446,0.118230102512616,0.698060440955833,0.137475351231859,0.78624898391079,0.178080892997543,0.419361913167226,0.259993931478184
0.928169947886107,0.0942906422495301,0.844646963684958,0.127031107420111,0.129366076191434,0.031624546550002,0.0710633372120312,0.144221570947071,-0.075355414717299,0.0566460900778593,-0.581701328265146,0.0844481855313138,1,-0.785925648590891,-0.0049070948230641,0.213098031684871,0.47588115937978,0.141769309635366,0.600005323616262,0.117509354414814,0.684995354586934,0.12906328860271,0.403351401901173,0.156694425625963,0.588018437527619,0.171108049362721
1.14149259846579,0.147392884220258,1.0738746189423,0.170335221222681,0.260712389439828,0.068710866858962,0.561594986396577,0.360809186909731,-0.107772318342874,0.0874780233173839,-0.573653664069351,0.0987103192640462,1,-0.28165325801499,0.368974094840342,0.325153811477891,0.569551154443857,0.153229032804854,0.78093970434467,0.133720625301889,0.844544140060173,0.143380603413916,0.885150814960638,0.153632581525742,0.84317919059703,0.202529469611947
1.00423220691902,0.126147666133167,1.15729863165524,0.179426170074555,0.237462027185043,0.0609382776951001,0.846949432246297,0.354833195310164,-0.24047114609089,0.0973887205469947,-0.346678588298434,0.174950086786312,1,-0.536212763286392,-0.0751842788418463,0.314671044470652,0.637502483194632,0.130159940585047,0.665706928449212,0.129542601531219,0.781210596240519,0.140823180342629,0.733496031333472,0.169195813961216,0.361269352136033,0.222951894339886
1.08381131187819,0.113501273986788,1.11794716923018,0.162342688150082,0.210739760980906,0.0597962395232771,0.689650903944083,0.29437931185495,-0.252726403700852,0.0990921070105421,-0.391526569536941,0.120650637036485,1,-0.662922441139851,0.334059576278527,0.29955924662804,0.673811836273651,0.150269124030961,0.679745220613195,0.116182735282887,0.750877052693982,0.152729837224785,0.75640995619548,0.155251178453346,0.723214711477505,0.182358170949246
1.02883007087384,0.130921823910137,0.939599555317886,0.144232328949316,0.246036911462777,0.068315135852954,0.45283644580992,0.262174470731735,-0.295673397115528,0.106356377508913,-0.65916532061509,0.0768494017793156,1,-0.885811738805778,0.26939586052163,0.265598197047982,0.679787351925968,0.140690533496041,0.66661964455533,0.120581411042785,0.790658148548423,0.143741538442666,0.4975568334553,0.194583016013856,0.666124637888108,0.213470139550229
1.05168391338745,0.139590385227068,0.931507467650729,0.170451792457546,0.269897103550248,0.0745482258254593,0.43470019795634,0.314847287137672,-0.176403437995566,0.107389224269649,-0.62860413526962,0.110500490824354,1,-0.515006860145191,-0.227136319714647,0.367425303124012,0.865647706949685,0.141739109425726,0.731844371541407,0.134833532397219,0.789656884382587,0.151713965013629,0.604239343487424,0.185321472313734,1.07684194764996,0.166471457696131
0.870988508288785,0.112031421856517,1.04427996216928,0.195941873102931,0.15783827689814,0.0448053962291852,0.968502242869355,0.470878505124373,-0.240782557526202,0.0972807692635833,-0.441830418012671,0.15570044692655,1,-0.615840919424224,-0.149338464981174,0.255736572045341,0.692985989212189,0.153115515969427,0.671865000487898,0.131394998737334,0.674825234884166,0.145553462271708,0.500757645854127,0.177579367074417,0.609849000362491,0.193925942166139
1.20895310898518,0.14874093967392,1.03275610805564,0.182543846502438,0.373061071843171,0.0931322244857956,0.818370665441534,0.458228201137483,-0.255995793903361,0.128151556809335,-0.624974344602228,0.0886341059988138,1,-0.463305905664786,0.164348500745982,0.401413484461583,0.797873893816205,0.139945937555897,0.859078103828972,0.141808107138274,0.855679262866005,0.128150334445276,0.544163352584612,0.181452547073252,0.57909247809738,0.20406432706428
0.953939097742501,0.13068711302647,1.10620008400599,0.182427123523802,0.306649758077416,0.0819051934968314,0.506420184790751,0.340014474366644,-0.130656472883869,0.11398878439473,-0.553103262062961,0.12128134736365,1,-0.331553878931777,-0.325052733694658,0.346256385673168,0.649723344338772,0.157822757980932,0.943429515116589,0.130134877123305,0.727274787709626,0.146110149132121,0.85075894817292,0.172923207717372,0.475632978974541,0.248917881912171
1.06290553659914,0.126408296034776,1.01271025118145,0.170371949499658,0.261350708314695,0.0685352547009514,0.310077575940822,0.174263520212558,-0.284673486831167,0.103673324689488,-0.492964745458839,0.111964025330332,1,-0.999999999999857,0.123725043790457,0.268075879838922,0.653246720065175,0.14279942924523,0.516697406937178,0.149124486536093,0.906091821423751,0.145821995008479,0.443305419192398,0.165891913019236,0.832288528961706,0.155115653526619
0.79827146191977,0.105429152155197,1.06515886570853,0.159214556446794,0.273999685374042,0.0666129678288021,0.505188629168451,0.209519745191251,-0.372050434007581,0.106069883876949,-0.647232763045442,0.0779023412800541,1,-0.999999999994691,-0.687558411893776,0.289923873613677,0.833285876862136,0.115332132395988,0.85856259273094,0.104670023646464,0.592737394237419,0.132438125702387,0.884982648164238,0.175026141417711,0.470041206976789,0.290420612295073
1.17264047215992,0.154227272195134,0.972004646129423,0.182033514823147,0.310279773478126,0.0952105805851806,0.596705662327189,0.318110530356821,-0.197476544219315,0.111046507270137,-0.473051323738011,0.114388091046601,1,-0.45894295353423,0.0655004537919901,0.344856840544239,0.840883785032813,0.136722027193122,0.737004886591986,0.142997342339446,0.761093140646651,0.140135962596445,0.578631900200782,0.199597537331775,0.889453006016921,0.186230764851333
1.02738485955929,0.1327012685654,0.70604264196908,0.147834609049196,0.215888195180866,0.0563367685761157,0.497401247243904,0.286353592668335,-0.280206443346857,0.0952127756894112,-0.488227919077018,0.112740021967968,1,-0.8550868641863,-0.0960144670270798,0.328679298273964,0.710362762471719,0.144847154553815,0.619536500864086,0.128830970932929,0.69645988870784,0.125201413420038,0.501469667877791,0.15993096184012,0.640109201651458,0.194252384436666
0.915640498965401,0.117315994195262,0.995407391602215,0.141691560037195,0.256940240664518,0.0653729010270742,0.330919404815998,0.211879995184038,-0.291593049300855,0.0874773291609459,-0.661703051414735,0.0765200026856866,1,-0.999999969930492,-0.219593474565355,0.273319866872571,0.711343289448897,0.124323843697625,0.743886269541341,0.120696734464765,0.524992653298711,0.144735346747972,0.614618291201574,0.162907576048358,0.673519954127005,0.185364638694907
1.06634225337401,0.129748878270118,1.22287492650524,0.198633403977889,0.307306931726518,0.0864693637307838,0.646510733952822,0.344734097243831,-0.233358409593978,0.144473345814538,-0.607256222151467,0.109397161224691,1,-0.52353944483406,0.177646314321651,0.268971182502595,0.833304969179095,0.145745302707929,0.624484474874671,0.132915422911507,0.767569059127096,0.156275828557892,0.961087601464978,0.171167621454716,0.381904155282341,0.239926833735608
0.873560080177008,0.131140708409993,1.22418379775241,0.165790068441889,0.298034338735484,0.0844691995543047,0.391682596372474,0.284236040924921,-0.287290349556606,0.130673855125477,-0.567220680280625,0.112030983507881,1,-0.840854296510775,0.0274759721298695,0.325050175741756,0.68913565055839,0.14556716536153,0.598878803359624,0.145702909207673,0.584788139768334,0.15265920615415,0.506112603009571,0.175062189273962,0.510083400114261,0.206019395175652
0.826679727962554,0.11504413910063,1.10221421157003,0.144116008726537,0.18892529917831,0.0459112906887058,0.311608790941302,0.225062226055628,-0.130069044806934,0.0642548418914627,-0.452109159805102,0.105518617986647,1,-0.536073132058394,-0.290027092447563,0.249283244841163,0.625203379960746,0.125791592832354,0.694785017630398,0.110615287553009,0.421074786103184,0.148494972985719,0.717140095112072,0.156113998702256,0.947365649906954,0.239391989618786
0.892714857693351,0.124183182345113,0.988016879445921,0.183882673523176,0.259458709488669,0.0623759105434228,0.906868631547362,0.4733098106351,-0.302925083476424,0.118323204721339,-0.645309849489159,0.0821929815642738,1,-0.6244949336738,-0.798833617694404,0.366105493172172,0.902917680835471,0.137928162575475,0.717748548970986,0.111227924100531,0.725983678822527,0.140783263150483,0.892380426583436,0.146459774388232,0.440077246629289,0.227273073430947
0.962886166642078,0.120119110685251,1.12866722250225,0.150694224610316,0.322333977447836,0.084103906343573,0.360224324865371,0.225039339713563,-0.144403584762277,0.0963655160597782,-0.45027826970236,0.132971910577016,1,-0.423778005765915,0.096036676562303,0.273371482913725,0.566090123459742,0.132327944449672,0.738011915475594,0.127506529373994,0.531375389639627,0.157338458425201,0.829557488661184,0.166563982359398,0.679007043558759,0.19477855937977
0.907386522404574,0.0978022741956752,1.00398063884516,0.129003054957443,0.198764432809951,0.0423795273029795,0.362787028507925,0.213426329015351,-0.268531484097896,0.0929668444268847,-0.633020587510518,0.0724484853890252,1,-0.999999999997455,-0.278570852081423,0.273307820229386,0.852389475400628,0.117354551591896,0.546414063848554,0.117132566563514,0.378035475768207,0.125188389027493,0.902455916597267,0.125251878698667,0.688737793036556,0.183059034195389
0.91247720708418,0.0946072691169126,1.07991447505495,0.152839905384144,0.220304070992045,0.0516210306383696,0.527174981492885,0.212548237106886,-0.340791423816736,0.0940677024076493,-0.605468616456167,0.0923329461566545,1,-0.999999999995692,-0.234786774210148,0.271006221734176,0.616101140270185,0.142667690610336,0.667898456277889,0.110931851912478,0.644071485983532,0.137471114013664,0.851334797498348,0.128465146635513,0.579206878884121,0.202884748286226
1.03534598610934,0.12471829061342,0.967725380870374,0.157793145485504,0.224835915009565,0.0642134578791073,0.341118123376741,0.215987195339184,-0.245814121458251,0.0923365434208204,-0.521004994532543,0.110412019004913,1,-0.887608778021507,0.0627673247633507,0.26063107287871,0.662174364831592,0.1237311324769,0.623042569115783,0.137168108503705,0.534073645249375,0.158720019761744,0.475787543000253,0.173418861328082,0.810515878763174,0.189740116024908
1.10779640020219,0.148248122050886,0.906912568610017,0.154671150954062,0.298352769476113,0.0842343614051212,0.784205433783265,0.337738159900594,-0.420424005857598,0.13865422557839,-0.528779193120171,0.106088660710812,1,-0.869175638971665,-0.0988988827442741,0.299855657801198,0.812588239118882,0.132035970895682,0.719114076948748,0.13213106698226,0.809742980482874,0.144729566331559,0.648756776478666,0.165943803809743,0.5213431070663,0.223328096043727
1.02738168258344,0.11995439750602,0.88401164129306,0.150912816723817,0.273573530454543,0.0728601149810442,0.4729046137182,0.2662032362093,-0.31100625920965,0.110549306543417,-0.630724935015584,0.0828223800275347,1,-0.86465989642826,-0.0161794927335933,0.25277811313449,0.799843053811912,0.128039792618809,0.620433862743993,0.129222015832389,0.491928020801649,0.141643890766279,0.697916103119101,0.162154141668423,0.754725352750272,0.188419996504406
0.970273712929595,0.122500897754248,0.727384642910461,0.14220627738568,0.205330112495232,0.0617816814009093,0.277260492439122,0.246463202266423,-0.151007907182415,0.0793151033097518,-0.592920924712376,0.0991483879967085,1,-0.632891657527872,-0.184469907380584,0.239480612461226,0.514691953279915,0.149414318949369,0.693077895912225,0.134585437517603,0.728716909755838,0.135615907033432,0.45599375449475,0.184062044491119,0.726980654191863,0.193016431762467
0.933286316295236,0.110460438305004,0.694364182857649,0.142061564244059,0.192578951143806,0.0500122047365528,0.285273841537675,0.297564989501226,-0.197083000331427,0.088208539333655,-0.545084053167488,0.0913033071177031,1,-0.840840809177786,0.239884940765595,0.266213467576037,0.47794560936561,0.138685521598514,0.581705750159055,0.128225516935029,0.511420917642517,0.138814323056104,0.73820842698935,0.149562982591685,0.780861178860876,0.16186710733506
0.758774371204881,0.108067792571411,1.08928948746558,0.160826284319189,0.214130698891575,0.060009714498242,0.605737739469462,0.322600502342225,-0.224785101204614,0.0880473257731832,-0.398855196351038,0.12960128843247,1,-0.6241453499545,-0.652870593699146,0.307101125166396,0.78174407596221,0.139971750701736,0.64674379309359,0.123056417323089,0.634366558013637,0.129970033186593,0.434676605160147,0.187761818866014,0.835880131849763,0.255774136643081
1.12084866044234,0.12038512038185,1.07389205130717,0.150239839557778,0.183421871806608,0.050781713460447,0.448493905271626,0.228049984157092,-0.26793342084989,0.0883548584390865,-0.690950885691838,0.0690761921628101,1,-0.934163846886762,0.0457715578356796,0.304277007871014,0.935432841630009,0.132271057699313,0.530565055749534,0.136620940385034,0.644823435677923,0.137835353240992,0.807916087715581,0.141906507912909,0.731777811216539,0.162775181187618
1.21007084631281,0.18565901309333,1.39526273907012,0.215018172452131,0.314880849702691,0.102003700207376,1.10122068133942,0.581489747937374,-0.33437798525173,0.160795276908399,-0.607301370335346,0.119576417684802,1,-0.567841818488148,0.533691767602277,0.329408944827111,0.859044522052406,0.159099135448387,0.786359508379369,0.160681242574687,0.897837121781888,0.166921037018924,0.817954621991338,0.190536249137932,0.632022698278419,0.212010110731098
1.10327709107104,0.13100426915536,1.15317496333563,0.216861514749356,0.341034586496192,0.0892546786682802,1.36560833851464,0.581554094420046,-0.434487049613747,0.15253223384456,-0.629944281248038,0.0772103335324575,1,-0.636670230362062,0.0644516736132176,0.355411680199745,0.861005260116962,0.140839302513669,0.874526239711992,0.120587031497306,0.739207530610776,0.145233364591743,0.86878266415473,0.162618700149063,0.583047608641721,0.255459788914349
1.01894689202392,0.125483113073671,0.951054022506276,0.175260763127481,0.261500754160297,0.0758473386720818,0.308579836271487,0.28690288973436,-0.216132253531575,0.102519263839494,-0.634949540986994,0.0876455307953535,1,-0.760850511173641,0.158274796907042,0.231189683879745,0.724971874692575,0.142067704477768,0.608578914757651,0.144112734695516,0.894137769719737,0.15137301179033,0.487895550901477,0.172792276817762,0.804424432487747,0.222211218177876
1.13683565952527,0.141413759250531,0.924300340381715,0.180424727140294,0.411581362221078,0.0925252797008417,0.638234193862825,0.327586080031434,-0.321577512741457,0.114426789487225,-0.694945476077206,0.0665500229769905,1,-0.627433622445603,0.140515423090324,0.335217994784592,0.732437405643752,0.15562564333625,0.455854545876937,0.153107015023406,0.739876137548471,0.131419282138906,0.817966888551726,0.157744552452435,1.09321145107983,0.152540494827317
1.12559674909707,0.141978398084931,1.1148548681883,0.179494201382709,0.357123912758141,0.106105067584222,0.844708344382049,0.389665700151145,-0.39660873105851,0.14792292960558,-0.648227074828621,0.0793276079835499,1,-0.722103438274114,0.0893644343205565,0.277419948833033,0.734090763765699,0.131458779863778,0.730604713994582,0.132533162166287,0.879149730159675,0.140208666580992,0.903438040442001,0.211291963679298,0.42833745843984,0.263107703760384
1.14964160647486,0.159740924513392,0.864232759359883,0.172151073405989,0.310066614830044,0.0902355667498594,0.579141220317884,0.368828500503065,-0.295260938460202,0.121890642608168,-0.638293754992181,0.0829566299356569,1,-0.696764881928819,-0.0409177811021869,0.312713586033644,0.79143330883529,0.152479303083641,0.832117941125729,0.124793797523263,0.66541844176496,0.154556273838856,0.850715960392957,0.157772545741741,0.938002107127196,0.18861017671776
1.03294319160671,0.118916106131613,0.985933947382078,0.172501167120016,0.294416546838714,0.0752254755603509,1.03217567459708,0.439177457584187,-0.263329486383234,0.132986710673448,-0.578625596821558,0.0898159067528648,1,-0.477684967914488,0.0176545227678649,0.35662693259245,0.719709414159753,0.143657328752603,0.727296833455448,0.121472412229751,0.641425153420429,0.140672431820618,0.587193719917884,0.1706604794168,1.09045193692091,0.216861602963577
1.02314094671026,0.113857470054928,0.669352517260787,0.141619146950514,0.166244354900104,0.0490670675130653,0.439548254629174,0.249896344607287,-0.214551947947054,0.0802572835095336,-0.264485907712537,0.168067593235367,1,-0.793698808680715,-0.380096972635159,0.273859625835785,0.82842820849178,0.12254279888862,0.513803516652234,0.117471257893995,0.57594105100403,0.143858132759172,0.638614339130488,0.187857421652191,0.476369352528637,0.225407188189769
1.11436795807861,0.147618113722496,1.0451623355835,0.189418735964134,0.22326424706279,0.0634490575241436,0.931840339646249,0.394139646744226,-0.264689167977701,0.108804129828826,-0.519196283153828,0.108618527144105,1,-0.580304347516103,0.0185836842031594,0.335110662488439,0.809610587962352,0.137093024715748,0.709345096927,0.127599733821032,0.790761641822045,0.140124134082036,0.78719801825407,0.153006366088054,0.874126177494376,0.170538083469317
1.17112267647323,0.134558443473827,0.769424266234674,0.156759978495782,0.257596069400413,0.0702748541330029,0.621206919670735,0.343222972263029,-0.29565119119634,0.121078498428632,-0.579807560587165,0.0905404817997017,1,-0.73908072269973,0.150830166235383,0.280997035668319,0.725634312856325,0.130746425536809,0.806410766414557,0.12486968318548,0.771422538891321,0.13440672679403,0.781179500830169,0.148099206707812,0.763353501437911,0.198703801144049
1.05339130518183,0.135391801288873,1.14650003445365,0.186427088292312,0.27951890377223,0.0743065949214753,0.805183836431874,0.380955126581012,-0.295501262584768,0.108256916246885,-0.440641790016682,0.132307002898411,1,-0.622882636403233,-0.221704306929516,0.374173463235459,0.681798074806453,0.160871452600997,1.03075326800465,0.0975637127674043,0.654260220155772,0.152364855209593,0.894923046648137,0.180049988217989,0.638013469665654,0.230571858702984
0.931365543245044,0.115353695933896,1.0836233082921,0.177358125956229,0.210447606942056,0.0635469195384376,0.550053652795363,0.309388178017827,-0.15439735240161,0.0945078533658518,-0.582278229216103,0.115308825518163,1,-0.453800872393609,-0.221142894362112,0.308445394481688,0.825051081205388,0.150168608420073,0.622974678552771,0.135251236761418,0.690787399669412,0.148918146908153,0.54431776918538,0.181801886887528,0.56408876410367,0.217539500471811
1.00816508413611,0.117777057622574,0.735645670553379,0.129032304060678,0.227409537847339,0.0600030990465392,0.279006723119362,0.198380411532816,-0.237471980237537,0.0844760266735795,-0.45380213770383,0.113852777553716,1,-0.942759031876902,0.308619217212643,0.259934524779655,0.522840972027756,0.136832987869298,0.614388350263708,0.128033288723224,0.626059924604333,0.136272382721464,0.520116791034298,0.167589386897272,0.555537905113133,0.189623538006197
0.819720018808051,0.0958965266000103,1.00063095379549,0.137305877127058,0.121065130916707,0.0339540431458375,0.359533203152105,0.21519142895113,-0.163302577972108,0.0632952531526558,-0.617929087151568,0.0683688526743225,1,-0.782733642939878,0.187514052186804,0.232489731616044,0.457185849769689,0.127133887601264,0.563338900941665,0.112902186404101,0.598756840382697,0.126893141151065,0.634772929341338,0.170884217546607,0.0188235091380109,0.301113251644827
0.966558576685378,0.121488885593481,0.993745598036528,0.174516035140239,0.229297828672059,0.0597153527575229,0.724519747803375,0.418400462029259,-0.318406172716159,0.118497781018334,-0.585123718404624,0.0966944017930797,1,-0.781189493667654,0.432236155993685,0.312803993653353,0.518483580109797,0.146735583031081,0.761406203094642,0.132861551958975,0.573089104996117,0.146521114625857,0.656935423417843,0.172177762251084,0.636936548004155,0.191767433964865
1.16013378984402,0.158694864538625,1.09545689000718,0.177175799033463,0.325335337616769,0.0970268824507606,0.633837748900997,0.306605273201859,-0.105408535491138,0.120209795557369,-0.661234474990055,0.08573380625832,1,-0.232124568769685,0.356027508044168,0.31711520442545,0.758821676310002,0.149754589038285,0.769593907426587,0.13820695456592,0.778674538549166,0.159891987970361,0.844791404446005,0.171611532336177,0.977010305812603,0.217181886398438
1.12271403011435,0.10081948773216,0.820410031718503,0.147235028624765,0.166284183254671,0.0402511148341352,0.265874475884946,0.239525161990575,-0.167078088626566,0.0736449263948963,-0.559305852967325,0.0791501137198569,1,-0.794613069844751,0.504706691888065,0.251897139636367,0.706543631928907,0.129405703568349,0.522269513378699,0.116188953250704,0.611738740630611,0.130572576569587,0.641248040048245,0.145224104650687,0.608654703927202,0.178593905157548
1.06929089520508,0.134836810507577,1.09067567352835,0.164479371155551,0.336978141690987,0.079734851394196,0.65208260089834,0.380720407087895,-0.398194419474214,0.135646410290216,-0.495790960762024,0.10880459994382,1,-0.849460125767448,0.133328461858502,0.300261958752071,0.6932887180717,0.142795500491499,0.714959784453738,0.136265624090826,0.691215060835876,0.129278034662515,0.593041408495985,0.155829637303849,0.588930197216482,0.174987293292468
1.10657642796441,0.135512821669418,0.957180985266748,0.187618016640305,0.331079507386288,0.0888954089521686,0.988710507707843,0.473345299928195,-0.42663630171714,0.146826913526753,-0.57167283120654,0.106553606015616,1,-0.745687874205455,-0.0613125592001866,0.303667809341912,0.91865499987807,0.135084862605176,0.646993941017535,0.14649967821115,0.580579078664572,0.151519124185282,1.12733676071554,0.162331574186495,0.90654620240112,0.178092135827233
0.975553280993541,0.10748547858152,1.07687037004341,0.153062416764934,0.206271105388699,0.0504206054584098,0.684515938085084,0.264926119377434,-0.323607783663956,0.0906230263957881,-0.59852998335915,0.0828539981301835,1,-0.861207847981591,0.0331977851096424,0.271284124738353,0.649234493960772,0.129539955482676,0.623933523448651,0.12026868336953,0.44671739400349,0.141945606028266,0.651506994670885,0.153081744775722,0.635927853617174,0.177850968928343
1.13550290766797,0.130104698936033,0.997543052351854,0.15486562116711,0.254148447315551,0.0641875713781672,0.44801072900261,0.267181760934789,-0.270116939719522,0.0996217390351503,-0.575382140858694,0.106595822582621,1,-0.800504694288224,0.241602789722357,0.275316684917676,0.839492274928995,0.119484141695501,0.617090716452197,0.136436359551018,0.719861421128122,0.148639322990957,0.86077016310565,0.138405012416747,0.744830726181812,0.184456104572686
1.03260305494944,0.135164990974816,0.998231956510641,0.164170902574302,0.22861101479638,0.0615168758407943,0.305353652685935,0.277779559886212,0.0345317816608613,0.0774904545926996,-0.603401979981397,0.0866780494039299,1,0.130697972597157,-0.0639019506123503,0.293766771943981,0.735889770624782,0.140875938101681,0.738936332186673,0.143749519864692,0.663124464316886,0.141464878600425,0.841893918865545,0.155642727709544,0.547366389658516,0.210012138570535
1.06772166850127,0.111516645547955,0.735459972930595,0.124712417436099,0.121954173044046,0.0339821210515237,0.278583612433873,0.186973994074466,-0.160293869733725,0.0560643148368584,-0.57278203752704,0.0860709103731325,1,-0.869642584194401,0.402394365987176,0.212717021243103,0.5352768644198,0.125561636745277,0.698083774534545,0.114033443597689,0.553109143021095,0.147192731761128,0.867916473224354,0.174278991881266,0.34071905391557,0.248063908518168
1.1727951478693,0.167507189802213,1.1568220602787,0.197337250951845,0.309530769727654,0.0891554539758329,0.950324373200183,0.430714062730919,-0.356393024178841,0.128698447130895,-0.674857313822895,0.0881218216812091,1,-0.657114948681014,0.255815433794725,0.309177775404975,0.78432758680342,0.142666698855932,0.710887303074306,0.151428579062889,0.868744061759757,0.16994734221956,0.681075013154296,0.19048509936824,0.682175777988505,0.236698368604513
1.02145910745626,0.111895997218436,0.928493806997324,0.1698468762408,0.184129982668172,0.0504244329750742,0.801101384411047,0.331778896909032,-0.227993172231575,0.0861415851724179,-0.493385868551169,0.128463863987414,1,-0.593630004702565,-0.173339650030527,0.296282019379713,0.8188206772387,0.120157474639975,0.581202974550123,0.12880474039627,0.522710582049514,0.141377323288686,0.650617629459199,0.170271208928144,0.545921294744631,0.189962952642813
1.00749261682247,0.118827873709046,1.0629720768869,0.19381913565265,0.254898148677283,0.0664095930516391,0.828951560763019,0.414936158859455,-0.132298384719281,0.100717341048074,-0.544342405114656,0.0954107180147682,1,-0.287810493634775,-0.536921577260154,0.325089362257604,0.974980070676294,0.124245362393842,0.62740623504075,0.121630315782114,0.830305440701907,0.115943162661883,0.564754657123233,0.188643174053706,0.830974639030531,0.179988183770766
1.24961881257441,0.191764253739312,1.35298920691741,0.234941986160861,0.488387597058449,0.135246002241437,1.18802622142144,0.630911106199814,-0.494780783378942,0.187183448171327,-0.681690096685197,0.0848494701156193,1,-0.649557344459113,0.560729399658565,0.45661653347465,0.798090036695663,0.154481919670259,0.821495434258214,0.145546115993675,1.04126588928233,0.141985408433191,0.830039971739187,0.164954577814602,0.504055498555954,0.217149366710774
1.16228225488091,0.15603239251302,1.05506928206231,0.228613172640534,0.412694024815096,0.117065335500855,1.23688300706489,0.528953786335445,-0.525006296979488,0.175365018034278,-0.663914505222443,0.0895796730907162,1,-0.734828700554289,0.119036283286019,0.301704942287417,0.65462816233773,0.145242037439068,0.787901675288069,0.142277389721386,0.845854447172253,0.165082965818847,0.902339134305804,0.179105862357446,0.957120653839245,0.177435760547691
0.925834827114191,0.10815437655147,0.944097858527905,0.145175679955572,0.209651103127555,0.052176883511963,0.418946213551609,0.21297474811314,-0.187858905844643,0.0782216571460703,-0.37931264224051,0.139069482010783,1,-0.633875662962749,-0.101027281013906,0.330051935832973,0.559116911880509,0.131272063715132,0.664327510895748,0.116775467359525,0.594392172238732,0.139552349896096,0.595052261585199,0.158390130317118,0.776866494964796,0.158129132902479
1.31672881236664,0.199081541098161,1.39245476218824,0.270793770837496,0.374336218947039,0.117740281513469,0.776300853209339,0.445328111496909,-0.210327412173709,0.142836171628778,-0.799942449140141,0.0534897751917966,1,-0.390166449844784,0.668447634476361,0.373305089132,0.82001684554333,0.163338762981378,0.912418728170023,0.148485511507097,0.867670394603851,0.169420102931712,1.07154948753181,0.192546709855821,0.704124390205059,0.208226233442922
1.17996613086161,0.145523328926575,1.00263089834761,0.204380506886143,0.295764296277469,0.084366424218383,0.679922471521701,0.412459758723279,-0.376173488852152,0.1633837182953,-0.676780929689162,0.081124925240921,1,-0.838852521826021,-0.366991701424025,0.401077752110145,0.883050123122967,0.176557365750816,0.925588573638189,0.131168593288042,0.739151844185343,0.143610291757995,0.765637744233608,0.172254855017987,0.72274142115005,0.177012095131309
1.20801336549173,0.129311970384732,1.12282230607175,0.140841930728923,0.305333248477071,0.0811302796268655,0.282406369410851,0.160899337221831,-0.293646137635713,0.106866336343816,-0.539867353072729,0.0987228192894321,1,-0.999999999916161,0.316550408790438,0.305192546421995,0.624264776546107,0.150739252777716,0.949703312641691,0.111767626421858,0.728851949396107,0.135212172704131,0.858903530969664,0.140024190598331,0.487118095403977,0.27467038742821
1.09376443565573,0.134464687097432,0.964660973979433,0.150500309028645,0.362826658262774,0.0868791159726734,0.422259589221443,0.298213397908369,-0.376236202311258,0.132663841838221,-0.72089567125803,0.0591218423327277,1,-0.961216522116871,0.00209613698672987,0.318121237729132,0.865455143234812,0.121845575518246,0.611461394569351,0.109692354608763,0.815642273342864,0.139050620141592,0.775533004955837,0.16505103630393,0.857520516971409,0.220599820346928
1.08252564901275,0.131618267287257,1.17529323357383,0.174237428060603,0.352538105599334,0.0888497315014236,0.291634645096601,0.237475410364314,-0.176613808640388,0.10968136477907,-0.664111748229978,0.075734446824387,1,-0.550810315727348,-0.0514071415096528,0.309114631143079,0.735891341676107,0.14104464127465,0.847769376553433,0.122550544565149,0.600635365162973,0.146709936126662,1.0091043968825,0.138865389479381,0.535306795008834,0.21575412202767
1.03340033124602,0.122316814315763,0.835878988255896,0.163923607496354,0.136928530930567,0.0353887821598284,0.578220503484609,0.277187731532279,-0.101101908142336,0.0611563881029672,-0.583418940121964,0.107212344411148,1,-0.359306963577148,-0.109415100028686,0.332691429477701,0.550199188973639,0.177777686474399,0.77989602505742,0.122637669349187,0.51183776638598,0.139873643196165,0.74488845521598,0.140659616040239,0.525257060815044,0.187232946283958
1.1011935252307,0.130892037432033,1.10849412794461,0.180473831408671,0.249775884243627,0.0584168560964548,0.691405894000177,0.358530799556329,-0.301911229820907,0.0952775137283494,-0.638171776223325,0.0837161578627692,1,-0.726503107006313,0.208179777715266,0.301130491228263,0.672583663276644,0.145042202908114,0.840977210563367,0.131882444306885,0.642680202753256,0.148176547679061,0.864832730534063,0.144120881042494,0.638323696961474,0.208967711182403
1.15980913051882,0.143132921656742,1.01520447345215,0.177482497787705,0.286088104826545,0.080516996365089,0.60790723549568,0.351224670756247,-0.262964615070624,0.121746051576285,-0.455132547452574,0.132728608357494,1,-0.630563395910865,0.0510296644632085,0.314827290752517,0.766414499294474,0.153844955171828,0.837221396924073,0.113222390705879,0.635508031816081,0.154370130394111,0.919015568076641,0.159173260417846,0.719526147585736,0.18861222861564
0.933544685521638,0.125373171737853,0.908539735514088,0.158137744876222,0.322843425094691,0.0854856382897741,0.414613088404142,0.255664222404082,-0.325935000553847,0.117918596194612,-0.588284302161252,0.0976859010820933,1,-0.890868335285625,-0.459065815052987,0.356094433770592,0.746429777321533,0.140450797970421,0.87528877626686,0.129002406696791,0.518999512371233,0.15249800447069,0.798023705927088,0.162122420443015,0.503759487307569,0.257655545238473
0.968277327190884,0.134828044064755,0.90859345831421,0.166980863508518,0.19561102642786,0.0556290866388516,0.57034725096626,0.307204277788641,-0.179133556743828,0.0836518592878355,-0.540751200963065,0.102037021924202,1,-0.53630346972798,-0.0658265225050627,0.283305993962553,0.659572480404088,0.140120596152245,0.612054732040563,0.136177193140314,0.736287888097963,0.134913349301917,0.580211846578596,0.174224357182995,0.649615451804033,0.219474708825271
0.947056372253932,0.128327864873508,0.834455643749356,0.180700149464945,0.299935372861781,0.0864013422584577,1.038276108279,0.470596488133316,-0.397377507891551,0.141864194206984,-0.626305298800073,0.106319932081109,1,-0.712086918994059,-0.152822161152771,0.279322233218075,0.681925866581929,0.139999130523576,0.66031259305866,0.132264970319584,0.66537849661894,0.148864042857783,0.754501617554381,0.178033350618632,0.85161188417586,0.220078143813069
1.07294722683449,0.118552021813922,1.09270304002552,0.148922993740225,0.191248038795781,0.0446390161085818,0.106083979482112,0.153723347800458,-0.0485174383121281,0.0515453403088355,-0.613359236885593,0.0984253263686645,1,-0.34062338914162,0.344649304758741,0.299840773874436,0.5946747920571,0.14699556966909,0.78322991854492,0.120477067252052,0.937568529038399,0.135422890796303,0.498454237232847,0.181670190321788,0.495753550009543,0.205203421546346
1.05222420814828,0.124364656937661,1.16042075735507,0.183914876545012,0.253564291278419,0.0673243108767561,0.979905893925823,0.440277381336707,-0.349046170425229,0.119457478069327,-0.631394250910578,0.08994767269912,1,-0.700239565553837,-0.328620260644197,0.371390486526185,0.93968619487224,0.141385831539997,0.609998385879875,0.136262415247629,0.672826690815355,0.146356672987517,0.627099132815717,0.161494664913058,0.593336382066961,0.17238269187802
1.07568959934383,0.146113234580975,1.11292975717559,0.171499240626013,0.318582612200082,0.0864359529592771,0.320800123755657,0.225482371227366,-0.302493964788398,0.101182070307737,-0.586908165825895,0.102735449140638,1,-0.946211923037573,0.193349800589227,0.312689026257716,0.833330247170834,0.123493022164019,0.754017818852399,0.134478160080077,0.640919337557477,0.161705215826125,0.919896694846218,0.176346351456773,0.801298028072495,0.225461215243942
0.850596608026385,0.112963511701309,1.06495340018455,0.159703971149516,0.216651696555675,0.0593093149466246,0.555398614356538,0.293123619054009,-0.229868551164854,0.0799888534328339,-0.6291702905548,0.0794026980858203,1,-0.662668177409744,-0.447235508322603,0.254757501138049,0.730006313173159,0.128633883522719,0.755581966837697,0.126138232368447,0.555672891370013,0.142972334927812,0.601160797400946,0.175910678551806,0.848078765074226,0.180397406793767
0.793327710472865,0.11167374780044,0.889519808654255,0.139718297214517,0.20484967041686,0.0542942858580251,0.222262710400227,0.145525959806774,-0.213378637568845,0.0806694191585289,-0.697112091561431,0.0727125402207708,1,-0.999999999992226,-0.321036815525192,0.319045663613287,0.668518553341811,0.149447642080857,0.864223118177235,0.120861932577858,0.441518484249627,0.152508751625871,0.721233837684379,0.178920206074047,0.754396908819818,0.218395828535268
0.855191162918288,0.0993618705789935,0.724036341299284,0.141433063845056,0.206028134516315,0.0512721573485424,0.592703990778785,0.27953830794882,-0.339638934104447,0.0965250547751401,-0.581264040769801,0.0906565464259369,1,-0.971930651197575,-0.272937352507316,0.253924689848539,0.609063250339866,0.132633991445669,0.607406614381292,0.118456655366482,0.738547784469909,0.13135340267684,0.589285088360225,0.163330922687781,0.585685835211336,0.203022528377788
1.07325616402427,0.120256671294542,0.711964821045299,0.140474398878952,0.222927321406771,0.0621490701375871,0.668241023117311,0.295326372685396,-0.218106015640242,0.0942567899500797,-0.564126092285671,0.093782723449739,1,-0.565092350724958,-0.243334163437648,0.301029937190548,0.789083607681531,0.136147450467657,0.605108291675073,0.12485324908044,0.754812717042187,0.140476097967648,0.625173203635195,0.172899327807936,1.06957629318479,0.149585332136794
0.941536002940257,0.107290294176439,1.01646052700275,0.14386614724531,0.247435884465785,0.0539143331275825,0.495476730315059,0.251646587760752,-0.347520571849238,0.097461929501973,-0.670477359128978,0.0559331776373024,1,-0.992516064762138,-0.291172050512437,0.253813196118443,0.770001209240536,0.115611982768706,0.657825563503501,0.11371071507777,0.834560520734371,0.109569141068104,1.00591298860491,0.148409023662536,0.62973059899205,0.229714907918436
0.876781529974967,0.113396871987658,1.1455088943148,0.194144507530997,0.248739108585344,0.0674339682646517,0.92136417447188,0.426434258793122,-0.165338314607353,0.0997326215001894,-0.465527132708906,0.129465111181547,1,-0.345370952817454,-0.139493528019032,0.289528966487647,0.550079183792976,0.138140946190695,0.795364059856271,0.12858995303184,0.862495593690374,0.13531263890732,0.577394331883217,0.188274139731835,0.833599354985808,0.206277985036735
0.950769231377653,0.11271976860242,1.20362036147875,0.169951210054998,0.193474900081198,0.0562434514429377,0.438852222819727,0.266802137908157,-0.0771243410956414,0.0851237749659461,-0.451569743825373,0.11878949317403,1,-0.264679313758934,0.51157046523721,0.255891160869112,0.477832628899063,0.139756870407096,0.638428373292504,0.125248859282481,0.514915468478075,0.168456658946254,0.288814498083751,0.203644533896212,0.639629501043594,0.176289295376655
1.09300339002021,0.138513888153551,0.772164150945393,0.177058027737754,0.325852901915671,0.089235958212127,1.07778837438445,0.440176216661291,-0.212288357039521,0.129775113430353,-0.43129294392793,0.155811163599485,1,-0.358219012266292,0.16054149428061,0.292566310947872,0.694628838980341,0.139251403894022,0.854471480025803,0.132008294195699,0.593066441530753,0.156718018852651,0.722848398344291,0.181639586270359,0.796405546011114,0.185072682415556
1.00602187165272,0.117722380808663,1.0700366058947,0.132473989790032,0.263237001776592,0.0555993248643264,0.191912909754128,0.208951702234314,-0.216689597993882,0.0823737648651329,-0.64392720831076,0.0722134916637219,1,-0.964078729169199,-0.122595543694957,0.281946103993007,0.861879773730773,0.133317973299583,0.822285652070016,0.121438007290212,0.457698847135101,0.160023112221036,0.59890502387142,0.154131789749894,1.02267266171776,0.155403266772161
0.950811045199987,0.116533768671503,1.00246981232305,0.143898008790183,0.165691789858649,0.0480628828586705,0.301392719026535,0.180649780959977,-0.127539722680356,0.0656719185456851,-0.579210118243584,0.0957265600611995,1,-0.570727232228267,-0.0306797467630121,0.26393676567027,0.69543788193873,0.125930201604192,0.70402296273142,0.127685945369417,0.680695354573616,0.142888026896579,0.684279941286528,0.159387275794483,0.869030346640344,0.208352746607049
0.890839862388233,0.117156254929332,0.863785225376563,0.134458401606362,0.228122804863873,0.0661176562451839,0.313853133164602,0.208052127278864,-0.2134164075415,0.0869171087558824,-0.484180566190426,0.119045926529291,1,-0.797590953532891,0.0842324800124425,0.257072587016522,0.426329002681045,0.148386147474846,0.445763448883367,0.134166161507433,0.565098922651055,0.14907777981056,0.519661676030112,0.162934278736274,0.546526459757143,0.211251100061837
0.968763262948996,0.122246115230146,1.24052549121628,0.191166923915297,0.398757533417781,0.0958925828884847,0.478155488430524,0.284921454425463,-0.160572381854561,0.10146520691391,-0.662705058429035,0.0843430518739079,1,-0.367732341012302,-0.230536651463714,0.314604688018908,0.904224009482757,0.132679949451808,0.742312158654274,0.11226246789095,0.880166867369333,0.116164070171792,0.558277555188682,0.217581921068397,0.873709080079078,0.225438839557412
1.16429115196978,0.127732079313546,1.028599837802,0.161482978768085,0.248059038687971,0.0598154134911028,0.358132869690323,0.242308677179146,-0.199846682925085,0.0975654564912301,-0.724962797032526,0.0634237548576159,1,-0.670497749780628,0.378826449599895,0.311623512405319,0.620406557119396,0.154081502872798,0.808018291360519,0.132790475810038,0.772179346593565,0.148099933595915,0.761632368936357,0.148827673992036,0.608914564261107,0.183814485296975
0.919782470000341,0.11535957459504,1.13548463800093,0.162241202284485,0.235979426451809,0.0697542798584702,0.507932022588038,0.246339321849123,-0.130946883239785,0.0814641142659617,-0.500061278085266,0.119008277944403,1,-0.378229412730246,0.172248238816429,0.302507786822159,0.634017893807605,0.138667796242829,0.546338403974184,0.135288946450481,0.861754915846168,0.149254823246997,0.632388944259224,0.189413228236219,0.645622858864582,0.209853321677898
1.34542543028426,0.168071952573223,1.18650640570735,0.241361586315093,0.245290454028844,0.0706747393139575,1.3707913551251,0.498326853341591,-0.452126837613534,0.152112660979999,-0.64700229696832,0.0834918810672134,1,-0.779712119789875,0.278864887165583,0.387882998753465,0.887186225550178,0.155227742900318,0.768748414927459,0.145655524567606,0.830413675366838,0.146509373476055,0.862722070704928,0.160710844184095,0.837423099171096,0.168232612335994
0.891949736006586,0.118751917186936,0.842085433600369,0.157202068228598,0.328629580825434,0.0884164060271223,0.519446744370633,0.322541903549675,-0.247071482611352,0.117887942467804,-0.596044167237227,0.109473671687455,1,-0.597996690613041,-0.0531752282009125,0.280416665133996,0.615217666803014,0.155652402707432,0.577533993938476,0.135398338167471,0.649580920634132,0.145437043970116,0.71240523141001,0.169393154269113,0.824095801383784,0.205140593245492
1.16338814238413,0.143324377962706,0.99980841546968,0.184545773585605,0.289544356428606,0.0762045608836591,0.74032458464667,0.352130745816255,-0.267803886279153,0.120775222143949,-0.715561013819726,0.0678485174242099,1,-0.578426573967891,-0.135957863093557,0.325462695301412,0.764928753975453,0.164399777004509,0.684849790555764,0.138660132761682,0.933208759820107,0.118536475158923,0.504520787123652,0.180827237431033,0.852698544311127,0.154560989894782
1.08533917012423,0.107769475927142,0.991324589305072,0.157656552442108,0.303404775571208,0.0816209076636604,0.495870916911361,0.311712267850165,-0.17637725325756,0.100314476982172,-0.560924368484229,0.0929322052542788,1,-0.454723134719552,-0.0588147777648892,0.292682501304288,0.687046872949264,0.14115451165916,0.642478056281636,0.120407383403524,0.76248245971352,0.129382526637602,0.721553766816456,0.156626205909006,0.688824475127032,0.190154345912033
1.03177777282872,0.111177332274196,1.14391926532119,0.151830796820109,0.269125567269631,0.0698990379703653,0.322381954160238,0.231553923179769,-0.228870898644295,0.0828452821279039,-0.489153222965597,0.123615996897181,1,-0.777012014262859,0.383007733498151,0.29637589858483,0.663149012636474,0.131972959623355,0.641214076666317,0.134929902316538,0.438812980558574,0.154215301301022,0.56981053745826,0.156982098866742,0.873853183723181,0.17270006083203
1.00390187179552,0.12119828117162,0.968983539255503,0.151291805483331,0.271478761364141,0.0722110358710875,0.409031709761992,0.217830787812443,-0.263731704696169,0.107855935788232,-0.644464570752039,0.0759892602244385,1,-0.791436223347943,0.0538313167684548,0.251010774127835,0.684516166229469,0.123736021781653,0.601672872691925,0.132867191530427,0.580327567998424,0.158763226254931,0.768896623937269,0.135394392574546,0.758350576180866,0.175762510078653
1.13968843449231,0.142075987818955,1.12975914579682,0.166432772339926,0.201242551851082,0.0589633711384443,0.572952941930257,0.357790532890346,-0.239505724010553,0.105882672788752,-0.65644437278029,0.0934235745480061,1,-0.705336750117762,0.711909560439165,0.28302127993525,0.528844180627742,0.182432865375426,0.72166374611296,0.140700645103323,0.488307535564404,0.165326701015758,0.806316004349562,0.155100535746016,0.514404331605452,0.20068313335581
0.922964947257119,0.0963707521782945,1.00985096342399,0.138599676732282,0.196223669971329,0.0435770593652601,0.354491657670531,0.21474433334032,-0.212660382107773,0.0830455873613185,-0.644267043421247,0.0656221702190338,1,-0.806320837353677,-0.0032262879263967,0.296178384189796,0.598224156564718,0.131634508857227,0.578767528564522,0.121110762408264,0.52466867117403,0.123822694664225,0.645892757767953,0.142612819721892,0.538956982199465,0.180570358814064
0.892452024563058,0.0959694080038277,0.674315753885756,0.142376485665796,0.148128164942582,0.0371072173235283,0.570005107132461,0.201612738598733,-0.269083282801649,0.0724260749938768,-0.199688558550566,0.162472970593214,1,-0.926037390781236,0.209525002253066,0.233537924169704,0.499278077326507,0.128523024354858,0.552941699392711,0.110150034133832,0.432334619232237,0.146442876424551,0.485405653405839,0.179435225529703,0.479991542546461,0.193745622995537
1.15165473766899,0.143390346795137,1.1463816336214,0.1899767972604,0.301317144964164,0.0799362990188548,0.594064573968728,0.372838778066257,-0.0346624668554762,0.103455757972252,-0.679179224150916,0.0894494559286997,1,-0.0819276915511188,-0.0819454322623396,0.342114351117827,0.852541911858053,0.144221156914494,0.797476299986898,0.137953965032725,0.839772942285206,0.145144436507767,0.852928838450557,0.156354601530547,0.728328686456024,0.200045662562761
0.76513149496575,0.0935079626705993,0.938437450534233,0.155887502506381,0.218947892793438,0.048925011823378,0.603865732887192,0.244373417734395,-0.31973758278845,0.0792761629631974,-0.601525808800913,0.0760552738929417,1,-0.879332469023974,-0.555067211251167,0.292622840470624,0.753409291277661,0.11525872468606,0.598976315831285,0.120279542842116,0.41758104561671,0.12991582500673,0.816059087963041,0.139822564555757,0.520460656901974,0.204694522362351
1.17817613953764,0.154325584115541,1.19081791424288,0.209184171217889,0.35494001808162,0.0986672159577921,1.13543040475948,0.503899674873895,-0.5125969766912,0.179786841123524,-0.549924680561194,0.127867041672698,1,-0.807454942068802,0.577861060665034,0.309309533672166,0.645163508540633,0.154725995916291,0.704997151164481,0.135092384616449,0.951943137049198,0.134274538711998,0.911201349231074,0.177227015919681,0.333634788136923,0.252478712556912
0.821075727279359,0.0931239219573548,0.983472877044814,0.141330272765225,0.120574206789437,0.0333853129523531,0.448413454336378,0.205510926935843,-0.136301187628508,0.0519147341570898,-0.369046069089141,0.129320482989907,1,-0.586182860377394,0.220984104491104,0.215320443124539,0.503667870664164,0.130104345206208,0.524704587409458,0.123521454360489,0.315322245390184,0.143448965774801,0.468213173067087,0.166212057868648,0.739884097382232,0.190142640648674
0.973459036744119,0.136181848646995,1.04163082887336,0.16404185945561,0.167827868110741,0.0499717363729506,0.390431785071687,0.262267609684903,-0.185486473021167,0.0866442545553035,-0.663907978347489,0.0808493749942169,1,-0.724615502587605,0.39063222000392,0.281905185942447,0.397088448310689,0.169158979667722,0.783320047030019,0.136984577104178,0.74244034595332,0.14348391545315,0.685538448280255,0.187024162041942,0.486148327281024,0.269326364090676
1.0643910291462,0.155689481756437,1.23109879836563,0.218662003461312,0.304572624241557,0.0921824771761206,0.794451921944047,0.372576394962651,-0.234292414867299,0.124565436460189,-0.634586988825649,0.112775873351567,1,-0.476298250227416,0.0987742222569531,0.303498518093403,0.695854184984175,0.162311852395762,0.675476917279194,0.152130307441276,0.763212430712623,0.150738789884026,0.800247426218527,0.19622278718291,0.881783637749116,0.217064189177699
0.810911972871047,0.112025792554179,0.885171597511072,0.140693143799551,0.204223047278159,0.0543354650646545,0.197144675912194,0.172068057865597,-0.196220260159053,0.080398810979183,-0.470829251089523,0.128328318215391,1,-0.977910129261515,-0.428679611694295,0.296319168643592,0.628298447826925,0.144582381511472,0.491229551772357,0.130325078873243,0.503269579082448,0.149867461800603,0.714988614749733,0.158330207664166,0.59269029316547,0.183813839491769
0.890926968638941,0.0929368806770896,1.17101977533665,0.128117224741119,0.188873152750033,0.045024981127665,0.30763235500259,0.195593525332451,-0.208678370746259,0.0781317610455345,-0.601190732584747,0.0799088405959528,1,-0.865717740640418,-0.210791762567945,0.258794231406052,0.761347065653957,0.129305586421842,0.606717670410231,0.106018097816361,0.590615429939626,0.121635391940673,0.485614697353416,0.149199041602594,0.723556877123094,0.191158566546436
0.936768914238019,0.115774563663346,0.886113684701217,0.152502214081959,0.253883247005497,0.0656506697601267,0.371721016675944,0.24924053217416,-0.165839108283058,0.088873885726969,-0.552845993110987,0.0979489748553113,1,-0.539835416751799,0.0534412012089589,0.247339601374948,0.656888927912346,0.131399192291763,0.52923539126347,0.130018920705956,0.749820770972457,0.130266809351938,0.725333872130647,0.194222835190713,0.984400502627151,0.230423961880384
1.018662923753,0.111035092937942,0.988312271811839,0.159774190038213,0.210518591528295,0.0579635551201356,0.477955566244061,0.276169281506376,-0.156363080398467,0.0863200877490583,-0.601768275629437,0.0867826285922937,1,-0.492941324698901,-0.301639278733904,0.259730570095048,0.810735762547292,0.140163109807153,0.744153189799002,0.124327441107788,0.650424476628109,0.1424044734007,1.06109609409912,0.120531926447047,0.519906969110197,0.226129180889699
0.920447884870595,0.112940205830213,0.85584258629404,0.139865256839263,0.19473542940121,0.0526912547455748,0.0239270283400897,0.185530601996707,-0.0530353299676694,0.0733068637344388,-0.612894560536483,0.100777470040901,1,-0.776959546017469,0.0104656795144771,0.24979511399626,0.604130295646756,0.139784830612175,0.647368574865927,0.127969693916042,0.516341585508308,0.150713881779056,0.775049363909122,0.165743193550675,0.630956309630693,0.221872629952259
1.20353285876936,0.156006173237878,1.23523792848787,0.207102695061845,0.30096291565663,0.0971433827612722,0.693637934303005,0.386595203657047,-0.352610656894384,0.141818064574223,-0.710590908785875,0.0841379010179657,1,-0.771742687117647,0.215271889993656,0.299106366137222,0.740567577741161,0.15172939560699,0.840230937891404,0.142727714763377,0.759924422736364,0.159335821282792,0.807209334059518,0.178037522034278,0.697728903605983,0.228460325360891
0.755095723123756,0.104815454464702,1.18571885256204,0.164904623256687,0.2155973516886,0.0577995976710531,0.7372518745825,0.358591562261389,-0.311980903924317,0.112813409987791,-0.571143346970978,0.101108974892578,1,-0.78252524714168,-0.703986106332596,0.309336435574192,0.819269171216251,0.133993737611509,0.465773002490561,0.130482813620162,0.621270928122947,0.120185980517648,0.493100457942387,0.16040134393631,0.770962236165438,0.179274080058911
0.853089803480587,0.100535407371682,1.17835684256554,0.136620196233699,0.180723682556452,0.0442451519584764,0.200031633510456,0.117308227680883,-0.190132725838378,0.0685554825618396,-0.469665950348291,0.102811593748856,1,-0.999999999985335,0.272378585517976,0.242230453195288,0.416450023006873,0.149234103517588,0.638913523258767,0.108413439160462,0.609316716251942,0.112544685871764,0.622463934160245,0.160749107634927,0.86296684863046,0.176536375244612
1.01920034734961,0.128843386339253,0.895864229697961,0.182734245756372,0.212120370194551,0.0581511971543124,0.949182773048638,0.441583664132036,-0.223520793922654,0.105112195282713,-0.593317543651879,0.077066128560327,1,-0.498140462223466,0.2254629855054,0.305116777988851,0.644453506884897,0.149802303890294,0.729506791803545,0.13239568699537,0.755984967423538,0.143300970756935,0.564369436026372,0.183910823949713,0.41147164830295,0.220030164043156
0.829532166166081,0.114238441967654,0.944816283895079,0.162457293677618,0.193431333810182,0.0549405631949809,0.499320326423951,0.276965230459226,-0.280320602272005,0.103363502854104,-0.612953847733832,0.0964110950633884,1,-0.901990537340013,0.100228096144576,0.274629240771593,0.499971936760698,0.145835012397776,0.657667435250201,0.136139137887531,0.563642486146304,0.162043093840065,0.582974207582377,0.177382777689276,0.256127331112602,0.209923871484688
1.00728241017758,0.145708829198651,1.16305184476835,0.183500875113107,0.248199544069069,0.0687408338218004,0.164271719461632,0.218056995699334,-0.151962737480029,0.0782837501213135,-0.607315512172806,0.10980199181438,1,-0.752584409415976,-0.0659564792329557,0.30063876622119,0.85982248205737,0.146776359256372,0.647172088541806,0.142181304476796,0.677864921921212,0.155511535431161,0.779944958915126,0.159227273231382,0.688223388939562,0.207278484444918
1.02052274459247,0.108478081295845,1.06916150979434,0.151720022460418,0.180146430372541,0.0501503076883866,0.583952926451698,0.295057638632019,-0.105766956095386,0.0680940084949879,-0.421801855327432,0.117197090318346,1,-0.326098090484655,0.606136152621843,0.250516726780906,0.474709632183848,0.138397527390645,0.40727255217048,0.14336741206024,0.687333643061412,0.13753350745251,0.692848189677434,0.160979167952769,0.589129679684802,0.183440779565598
0.990425994699561,0.108646400714265,0.978149000347302,0.167328475871221,0.188872378632586,0.0536585941027995,0.365994646265962,0.20116169105176,-0.154912206764452,0.0834296505077436,-0.637024271161357,0.0764661603251584,1,-0.589201778941759,0.186247061226842,0.255407378627557,0.641464555156202,0.137364283673457,0.583117975693662,0.141946971186556,0.625519018281059,0.140964850650241,0.655649490247194,0.16646719754703,0.464399329713625,0.20749709948152
1.12890370368112,0.13821130430723,1.03921822383292,0.16761530513202,0.250399569688916,0.0653677518924485,0.659525576660789,0.333426488238513,-0.193924191393416,0.0953861157375389,-0.67331194262254,0.0752985366666048,1,-0.47719883965316,0.141942462499654,0.297492820277163,0.81268979948371,0.128877159424602,0.670471675783351,0.129429080315251,0.847297537764026,0.154079229706717,0.968620454089535,0.150332733317009,0.695183902469884,0.264257550350777
0.987522424835089,0.13735039901845,0.952446980214214,0.160945262727251,0.309249457847359,0.0910948540753667,0.434605334664888,0.323890341917777,-0.170641731594829,0.105119461077777,-0.660150692561774,0.0922166843513571,1,-0.465460947880153,-0.156444283252176,0.276834626899002,0.596563076843643,0.152768718779417,0.738428184875274,0.130584932350569,0.637555646856633,0.160140643773367,0.920132042324448,0.169424464020605,1.03957762073592,0.236034111861829
0.833108286792236,0.0985590812574642,0.66616699855703,0.121476852954007,0.190679886159748,0.0484184729501451,0.187211690099158,0.200147077454271,-0.0834121460742397,0.0661238992380783,-0.572871165158047,0.0966008147850612,1,-0.44147932628468,-0.00769613552089999,0.278216194489108,0.504478838793713,0.132200996351149,0.606162636213249,0.132572357746161,0.44532987586517,0.152190653929984,0.532030559249259,0.164355396792795,0.745342676812048,0.162377116391873
1.11225954572145,0.140826797488932,1.02182949550619,0.166019216336825,0.255615146344886,0.0620974158549706,0.489114219071254,0.341360544685318,-0.102377050011418,0.0961054917956917,-0.63073315820648,0.0800008644470378,1,-0.289537069832411,0.368642645285197,0.302621323911192,0.735823214400374,0.128922839797945,0.688428898496074,0.13936009647291,0.8007063593033,0.131826288770245,0.523480559876464,0.185695954471443,0.60413697557329,0.208243535889916
0.960455387871671,0.113840702050036,1.003367568916,0.165176703445277,0.291531325202113,0.0742332126976021,0.476896566229446,0.246861327754028,-0.283804454373038,0.114178176177981,-0.630289789821217,0.079451093062948,1,-0.761139913263127,-0.166772608842459,0.303838903460181,0.704868088444815,0.131666897103984,0.747037224627883,0.129901212389796,0.593973498056216,0.142384362479675,0.844379639692424,0.14185888097143,0.727056714763857,0.184003712568297
0.967046819755023,0.109810960215995,1.04628590830124,0.163503948513183,0.159407464290581,0.0459774980009718,0.568516409876867,0.249083728069579,-0.215945161477941,0.0698779659493399,-0.459699609325845,0.141244727051851,1,-0.71732777720428,-0.235770556883141,0.290237133254622,0.61216400784466,0.147869016327441,0.824297008886832,0.118216219822379,0.664844191619381,0.139733305145084,0.581280073161387,0.148621790923858,0.728499903539782,0.190024254156463
0.973333114168058,0.121598197772852,1.13993092650362,0.177182500210006,0.225829392274636,0.0623519082736247,0.525165064984183,0.319802332360561,-0.274571082876119,0.102748252498372,-0.725801188347024,0.0646194370547186,1,-0.797290610414091,-0.216924548645909,0.329539761577469,0.772665059408992,0.137313882219752,0.82779658881947,0.121778385610149,0.532347513968934,0.159702278956204,0.62572675679012,0.170646318849888,0.584903741703223,0.203782444388848
1.12866557459529,0.165907765589861,1.23291792521928,0.224519708040233,0.456365969190392,0.125642611896691,0.654162830659572,0.446959329556919,-0.224664311401903,0.133957735353676,-0.743938588021384,0.0666012362518949,1,-0.411182413075519,-0.345689037074755,0.391485800346891,0.923179307338917,0.154170186259207,0.844346597547183,0.145276051649418,1.18672929608122,0.165260289405966,0.905885312122186,0.200276821844576,1.04944786070743,0.194082244452727
0.765323396202228,0.110308960659849,0.992814281550664,0.14304297657943,0.181793050860876,0.0457048914081893,0.260516662251505,0.186366248153858,-0.191874524749357,0.0806693463908078,-0.495687417531845,0.0952393543624792,1,-0.881679870159832,-0.700090283746376,0.312553688060361,0.780390797833253,0.135156807556411,0.413972603778239,0.123520623368855,0.743862526687327,0.139395272956127,0.518937136083991,0.16738551253084,0.516485759972237,0.19734056950887
1.28277702948529,0.174979235004985,1.4147447450416,0.241081055973717,0.386068742313741,0.111173829523336,0.793231588651453,0.395574887668187,-0.303039828773868,0.150156854162271,-0.710202254059834,0.0726419366669627,1,-0.547604982743543,-0.00434413114853164,0.364433069341345,0.971532353912968,0.1361563687167,1.04635425980023,0.147307478313234,1.05784205346778,0.153532895709776,0.698695755218617,0.198857541587526,0.506585758966284,0.225148386913707
0.965154283810998,0.139026273528259,1.19128305244916,0.182434324274235,0.293144090420187,0.0763475739261553,0.500079311619974,0.325042455521483,-0.142586380411687,0.107411146048476,-0.678897439389744,0.0782962065457235,1,-0.372407165516333,0.102280645188787,0.290647641737006,0.54478096258196,0.152928558810924,0.85375128894628,0.13049492208382,0.640288742306772,0.147961440458403,0.963134403773913,0.157911974310128,0.691183399991408,0.269155784717231
1.03511617956116,0.128650112912033,1.04240579088826,0.158278478533409,0.266427318750632,0.069050147133426,0.817791632620646,0.339701171499853,-0.34693736994523,0.107222945126628,-0.437497577305343,0.11368337821064,1,-0.743259336690986,0.302698010645225,0.275730182941186,0.628369077428007,0.142056037099672,0.550293984819953,0.136390076747246,0.683219308685629,0.138086798814544,0.867408714450443,0.154131124266985,0.753646926450662,0.188413203048687
0.97084701968241,0.107565275369148,1.05151310989617,0.151307334233349,0.184901708008231,0.0456857383329178,0.473806208642113,0.248005297933846,-0.215713862236963,0.0771728172746812,-0.492577416097543,0.115816967265233,1,-0.728798079580592,-0.0337902165855021,0.328542093314799,0.836002237255446,0.124831178731926,0.512120125258603,0.12964328888069,0.667056011304623,0.131301101991435,0.390545816027393,0.156293050232175,0.604701246544594,0.163617211165857
0.792328330699359,0.119391844213024,0.905168236106958,0.178111378072879,0.234776252681012,0.0699339101821509,0.708799659006801,0.416812645050374,-0.272538936261821,0.125069898597709,-0.590951700731423,0.0844982212148521,1,-0.668097310259729,-0.12586043791883,0.255598386178385,0.567983860508397,0.133512785236948,0.558458181950172,0.124501021038241,0.45364198428336,0.151807221287648,0.570938331455316,0.164641848271121,0.618088379492394,0.200016168103672
0.833612762150306,0.11967929806613,1.17101060274329,0.164754095365005,0.234936143993028,0.0654678100804735,0.415098491441946,0.290028059213718,-0.152176338142527,0.0864329170039169,-0.500949207781245,0.115015819583494,1,-0.487300249366029,-0.32241394999745,0.292535765691426,0.797437560155958,0.139251135155907,0.684398521362879,0.133997982797338,0.673781013066771,0.150518867481199,0.403703983573454,0.168895692676972,0.987651066857834,0.184416828114179
0.819770527538793,0.0886027636622502,0.967175841646394,0.127035549334095,0.133329741998368,0.0383078619582397,0.101849918141927,0.151479599961959,-0.0611415222466818,0.0516814768373881,-0.522973181290277,0.0996415113256465,1,-0.524677433742147,0.199665475274285,0.20086999988577,0.526591258491045,0.133163414216453,0.464562488139669,0.133853580608042,0.681164281099932,0.125599312704539,0.499167449090997,0.189641990703438,0.264111349262908,0.250071685693236
1.01877045135021,0.114182068867377,0.91163185497798,0.151262655019368,0.259298543298273,0.0671032495946429,0.37517146596002,0.232235433068212,-0.264070669718626,0.0951912822906675,-0.63907334075897,0.0729740934937123,1,-0.846652564639781,-0.0697603335583125,0.291691330051679,0.855007234894622,0.13416671356651,0.599714946004807,0.131366411853765,0.830267857420268,0.125651397788271,0.783123853633527,0.140403208370798,0.542160191331336,0.185435299424888
0.771397323117687,0.103280912990648,1.19354530190776,0.159156352879075,0.261904469683836,0.065955639369734,0.192923208978623,0.153765360582944,-0.2109717001127,0.0678942528391984,-0.618609780183702,0.0790252024903122,1,-0.938556688502008,-0.477170150541394,0.271006918241214,0.619244202809577,0.140087762601306,0.542222473927231,0.146264247800233,0.711984772567351,0.132786322644392,0.686153779366826,0.152381515046488,0.43612272126031,0.203475474278355
1.02577498241525,0.13913092936849,1.01117600013551,0.189812938697945,0.253126135534804,0.0746180686261985,0.816227430810174,0.421233306709246,-0.32690679934448,0.126908284915336,-0.632200772071612,0.0959500080396798,1,-0.719200310453712,0.307152949654082,0.295709037722399,0.542854130884334,0.159920004133808,0.718235024611531,0.141751863561048,0.60085428470221,0.159145354359878,0.687344200194452,0.149122771866488,0.573784651927863,0.199397712723306
1.06838342384886,0.14334588277244,1.12137326647041,0.204089495659482,0.27620211096324,0.0836872569206423,0.748182438847556,0.51170849928896,-0.195392510975989,0.116029482029102,-0.650424271746438,0.0840300101279662,1,-0.429824000652159,0.194347291059461,0.339216829521974,0.758907157206672,0.148040455852191,0.738110224711593,0.141326461335008,0.729125898006185,0.154773389914733,0.630224012509952,0.21241899101194,0.54530830479572,0.226219761058799
0.886742480974284,0.103668300615723,0.779502037620182,0.126231212834093,0.200286178180527,0.058610307423183,0.227572006288786,0.187160809535652,-0.10414472870671,0.073480992359172,-0.431037222799201,0.120556488067868,1,-0.487811892721778,-0.218942802176763,0.227059860572847,0.702315946570043,0.124770660622446,0.555416884175039,0.117112170382213,0.383101587779397,0.147220126656112,0.676420729104965,0.154212458108593,0.65076518041724,0.198581143598814
0.97514600960723,0.118898889619029,1.08478777314087,0.16621841085029,0.248714101544444,0.0564927035485086,0.349863180326884,0.251476818673466,-0.0639179278603278,0.0814482673345834,-0.583449884277416,0.0934594157543741,1,-0.216682263008074,-0.0789398185400569,0.263207159004406,0.689337710607693,0.12528125603812,0.750870499606832,0.118861066739759,0.790511802178138,0.119064156364638,0.516854170170302,0.19006452815757,0.683278129240303,0.181807625876097
0.857588173367727,0.100035350092881,0.838114807378287,0.136623895039541,0.140707581583777,0.0370050903074777,0.176986456061591,0.164731249957773,-0.110149440736052,0.0619113010799458,-0.373048792606915,0.127407315318236,1,-0.697996959060547,0.374448158160515,0.281265386443199,0.363515153297099,0.15074492824354,0.47887176728103,0.134477107009907,0.398738998850391,0.139695752607543,0.414007469028857,0.152185039780398,0.530352032586137,0.156009469392364
1.05166188369201,0.140086559764376,1.15191208607919,0.194920724914952,0.329313602270551,0.0868781249754739,0.984974292604682,0.451698639417201,-0.310489251475797,0.135478323044097,-0.538131008778237,0.110641423786233,1,-0.545166659071965,-0.0545353210294686,0.341172408670928,0.826079305649316,0.135396046596666,0.729449900131414,0.13872182819927,0.897515755417012,0.149930489450981,1.07612920816831,0.146755880687973,0.510967198355433,0.25881904362856
1.04306942672612,0.145010615334645,0.983620253361442,0.154748874069687,0.337861056045068,0.094441322398439,0.283392253419947,0.196376364925059,-0.279807671308804,0.0995734969115179,-0.562787031005957,0.105646430074157,1,-0.904266750309984,0.16084765873064,0.275264119640892,0.596704692798111,0.152571861863085,0.656987895715363,0.120025348522991,0.884853612537609,0.130913885354561,0.642482654137905,0.17246988244413,0.85169358930643,0.213127919384039
0.854603474509678,0.106028930277857,0.91083705482802,0.166468098416052,0.222712562583215,0.0510087439040064,0.60794148387031,0.344620966570803,-0.234901755237437,0.0932561611373239,-0.622225875952321,0.0821883968415737,1,-0.638385501080059,-0.380668962912545,0.27436995427337,0.596748217377439,0.147434099541326,0.955437036627568,0.112376638709307,0.389667587839441,0.14611130371991,0.714584348752966,0.142512693038539,0.586043378326065,0.208782693602914
1.18814677801544,0.131070916663617,1.16677509298231,0.183385073492224,0.208753601614541,0.0627579494313775,0.496528010595752,0.309772061362049,-0.109017667978593,0.092117751475025,-0.539399225009269,0.104514813200846,1,-0.338616426734933,0.394452892520004,0.267299746133802,0.681085198128234,0.133294841076344,0.710816358661027,0.129182047194744,0.853125090728017,0.158524271748123,0.818543207679556,0.172293963308329,0.518407273534762,0.220446999478026
1.13250971042716,0.127421469000514,1.21036867226785,0.15546411453193,0.277201867681814,0.0684259850012195,0.535492981991658,0.303349981692448,-0.136716795308887,0.0934676401541315,-0.647788049760507,0.0676412649220536,1,-0.35485170971114,-0.384916839419169,0.282967453944804,0.847031576121111,0.126631923650447,0.884188454019583,0.116782084456646,0.892780777699805,0.125427622682551,0.975646006203992,0.120285523966865,0.887200453148466,0.213161184412488
1.13955195707665,0.141715030027817,1.13564642867354,0.1700663714547,0.428396719722945,0.101638990347045,0.458092144655501,0.285902009421129,-0.442995668671626,0.135796726520036,-0.739494922536157,0.0518982332034751,1,-0.9999999754403,-0.0444597770573818,0.356410659866408,0.845719616200442,0.139988097257509,0.846084780703854,0.121156362308842,0.850558575572859,0.132914379057232,0.664726732277084,0.168566647881634,0.847563892279912,0.165065330850386
0.974100871706754,0.123074956310826,0.676030814228567,0.144442761403876,0.201153253312547,0.0520211452698762,0.217313936353104,0.215615274103671,-0.105296959877857,0.0724821536081922,-0.596028294685227,0.103092465355858,1,-0.503626429058195,-0.0586531357150871,0.299977015160074,0.614442998061619,0.149643847852515,0.61747139381137,0.132528249478559,0.623647633375138,0.13395420943014,0.453018562143377,0.163538294645002,1.02445338906685,0.178971062317556
0.96259975618522,0.115107896605085,0.797679384061791,0.134032120215966,0.219810567668762,0.0567666057465395,0.188314034228148,0.160467501819107,-0.125733514595023,0.0723397157588569,-0.53634806109232,0.110551955467525,1,-0.617995663824002,0.0230850603116964,0.281769679520146,0.67461708773408,0.126898261238269,0.50957153929008,0.122565020553225,0.68040396594471,0.153505703112728,0.715240460492037,0.153884420800247,0.612006263812518,0.218128786843474
1.30065558704205,0.149168631182388,1.35162787864125,0.210738692126255,0.316603866035563,0.0853485501265304,0.837382704347791,0.416189353059191,-0.359404615780352,0.150068553933156,-0.729678696473703,0.0676108732400906,1,-0.698013062895826,0.138869942401697,0.33601717560723,0.949578583991702,0.148138053015529,0.873700802555853,0.148504657690743,0.862524014365407,0.146612761787285,0.870281626504021,0.145964367339842,0.944886372246429,0.172788561466372
1.04004773137017,0.133915505770212,1.078300274638,0.171511159422079,0.385686154663791,0.0910578929379455,0.695845215248528,0.31527574642002,-0.428015580390606,0.148820481212483,-0.631321649789745,0.0898773251854868,1,-0.826201979494675,-0.483812273836264,0.315484949321707,0.90875735832502,0.118872640374446,0.729113576347936,0.141503308686216,0.737079350795916,0.144620471818859,0.898269057545896,0.166683563307561,0.597694739021982,0.219561890565351
1.09716447799221,0.150442366222515,1.18578951004379,0.189578962154161,0.284213396222383,0.0763313851666182,0.514504123158658,0.328852128363413,-0.201794426695133,0.103306950594077,-0.689827305612754,0.0882882781540945,1,-0.527706526629129,0.0461088290839757,0.312827157828674,0.803565025397579,0.159893221348135,0.749385681585724,0.143449138833159,0.878022520583395,0.162062187223863,0.766884140511558,0.174007429749136,1.12603009719618,0.16361314983717
1.23761063553447,0.181685590475674,1.06745814197878,0.187717469171588,0.338548331129062,0.103070241740818,0.833794486557231,0.505816599767122,-0.155413872757991,0.104391884788725,-0.615208334610134,0.112068565532062,1,-0.292516207821855,0.148391421952576,0.279241595444388,0.8389575460399,0.164226530958653,0.853825695358487,0.137010081978414,0.8801715754384,0.160677182337912,0.898615629326582,0.185427037027431,0.983733589363777,0.238788454558223
1.0092357753249,0.12019515695422,0.9776123150871,0.145617227378036,0.233618724523133,0.0578655676738095,0.24178893556955,0.182913676411159,-0.14702462021323,0.0789115906763155,-0.659350535505955,0.0686557215260466,1,-0.618611558413577,0.000703747263159977,0.298079180443977,0.569087948037236,0.147304100747877,0.796054847933759,0.110432330549802,0.775682516515101,0.118847379057791,0.658314003220725,0.163177026210216,0.69372613308576,0.190235605462749
0.749515720024937,0.104634428770354,0.954878058955968,0.134404175788632,0.203680857799496,0.0505776138625502,0.288765567936927,0.184180790032009,-0.200021831051279,0.0690075306374238,-0.519384454263058,0.10821850484674,1,-0.82476379316012,-0.174383202960706,0.2829576133373,0.570735037338822,0.128620397312441,0.570741960030551,0.125755318397135,0.60048026763436,0.142739623560599,0.738797794415896,0.157493652326918,0.800889804740971,0.208056300963119
1.0294201196878,0.119555721439703,0.847309105464245,0.171202731511058,0.209389723370921,0.0528975105757504,0.55125479763078,0.330145569824547,-0.131698829341687,0.0928307400143026,-0.624576158437315,0.0814478053436365,1,-0.387639515335438,0.149448702462225,0.290105679916247,0.342591672765638,0.149523920132423,0.674102991624692,0.123323796500266,0.815564124865355,0.133423219133898,0.613395166200111,0.168096086933757,0.492616403058767,0.205910062719975
1.12669814074086,0.130062663328989,1.03354180113417,0.193080025215605,0.275699684107151,0.073391711690298,0.962262394380266,0.484301971821557,-0.337764416583149,0.142567979099498,-0.723024066913291,0.062393920913291,1,-0.655766163042557,0.0882494523107729,0.280802310218302,0.675124094213169,0.146336750618371,0.86505381487286,0.13226406202906,0.796655798994159,0.133804006208046,0.655926901407178,0.177290433913005,1.0188029747357,0.206389386226734
1.15024526843818,0.152453603597666,1.32451207342304,0.186257067005892,0.354104090484027,0.0989273905190743,0.619762519538733,0.390505263073821,-0.323874361604143,0.140664114680498,-0.796066787276023,0.0530494574331268,1,-0.6913507588714,-0.157307839429443,0.353708183028366,0.908769287855583,0.121819822863583,0.773267298459094,0.143601133336108,0.938519893234257,0.14157206301661,0.69447788438431,0.179986783360569,0.728571438204982,0.217804395331541
0.835141062347832,0.12094602820144,1.16643154825524,0.164237730525165,0.293748929624678,0.0757872302804203,0.122503713098557,0.0988277724302644,-0.189698008938197,0.0838100816164901,-0.620037162172901,0.091500279319321,1,-0.99999999996341,-0.225037347128861,0.272221138610302,0.712429982921131,0.128378982094952,0.518561877236755,0.130431316617739,0.806263568159291,0.134758141346075,0.775927381870709,0.165278006251647,0.828773569134025,0.194836928712088
1.11499055122763,0.138040388354986,0.985422980753338,0.151472480442815,0.337788006856721,0.0993506927522463,0.647573757759085,0.310237132256627,-0.291527950151924,0.132462072639986,-0.607910100544961,0.100426931117893,1,-0.62332344953018,0.325652402390203,0.298093233042903,0.692823363264509,0.141893158333174,0.789817651509235,0.142712290773256,0.645436977233209,0.145288694637837,0.576819882616172,0.182734211575936,0.582925721756388,0.198399586320707
0.946178096497959,0.0987208728637965,1.26162829377155,0.194493663972156,0.223446073956985,0.0575404956422727,0.473455156414402,0.292435299930479,-0.302767528899978,0.116967968279593,-0.533713561976042,0.107547958612549,1,-0.930858152545726,0.342588582703132,0.234316672719561,0.527990690144165,0.146910138572535,0.716578048554113,0.119616755673646,0.741128835963904,0.138550053495591,0.51306114462132,0.179616427914323,0.768208890646382,0.219234985791768
0.848314818379391,0.114899507407491,0.922691576983868,0.164457324960992,0.206151436246027,0.0532248304431272,0.57341344119588,0.362850477244022,-0.115038112450405,0.0862026994054618,-0.599562924801226,0.0916087796205492,1,-0.334591289217447,0.289307096000664,0.282468544520438,0.381243795959831,0.157331064845821,0.620121234072063,0.131855779136057,0.660027814338394,0.136171088240523,0.551500326891527,0.179261134106808,0.891107851308896,0.198944831432376
1.19306757168919,0.119183880260295,1.14684457371949,0.15501704580339,0.214657772616873,0.0542118664319627,0.342802276558464,0.210327363883566,-0.243266810851734,0.0840885037879501,-0.594888005746633,0.082771507366816,1,-0.896783695465292,0.266523828891005,0.294338948167578,0.748815070756565,0.131119359637778,0.769834439995951,0.122455672782531,0.825359510566072,0.128429614706807,0.817361884009929,0.176024826757862,0.500637600904474,0.216488280529973
0.85804128192068,0.111935349979547,1.0495917330138,0.142157113805729,0.340703090202552,0.0831816806464541,0.182420257497757,0.208919809870186,-0.243311171364333,0.100373148775999,-0.629229746089548,0.078357389827405,1,-0.975972275904538,-0.642658843427291,0.275752091506955,0.806860710500042,0.117521770639047,0.541870475487806,0.12398938507342,0.730197062073577,0.126641709018719,0.835613479123501,0.1537985893715,0.704550311933706,0.194090542494817
1.10726493142374,0.138500692361146,0.888770888440801,0.146934483764752,0.36506059652733,0.0925283331842071,0.350660588228142,0.175765904442087,-0.357788154447448,0.111346006508257,-0.611815471260503,0.084441823157941,1,-0.999999999787993,-0.259684079518936,0.305442437192411,0.801742154606386,0.132242409106845,0.770365520600066,0.129475791167127,0.609582822697827,0.140234499763199,0.91014184733054,0.155123490131537,0.815545963451094,0.168868672389346
1.05833354562195,0.116771305076505,0.875440870823743,0.150615575933606,0.255896039388455,0.0672404501037423,0.466534590018243,0.306223266745498,-0.240537791392,0.098059574249138,-0.538909362656777,0.113720335797083,1,-0.696160875979702,0.135698576524241,0.237525123404199,0.620688985583065,0.132181991642723,0.777835951288162,0.122839904024918,0.680085161393085,0.140459539265564,0.877001111059321,0.160294838985218,0.869931330712476,0.190459534682541
0.798682622441146,0.116741202243952,0.926715565570983,0.17244458408614,0.216219391966349,0.066223418768448,0.820742187992568,0.440927414112678,-0.362421412074687,0.1306236896293,-0.452545202415785,0.113010834713934,1,-0.860326199020697,0.0939389680311805,0.281599419213106,0.5015269688155,0.130766014762473,0.695193238337176,0.128225808957901,0.653847568212199,0.144041703539936,0.327215237499698,0.213398958372187,0.359607366610366,0.276946925253147
1.02688116396847,0.128917012133182,1.23195228363403,0.206754075929774,0.268185706865034,0.0835569284990563,0.878722547020942,0.314322261613527,-0.341439829409154,0.131380541279909,-0.659011054873431,0.0927023533087331,1,-0.703348364094707,0.311473088867108,0.287342176974293,0.761473862229819,0.146317945480631,0.743660827820887,0.137360719260523,0.810486295073523,0.161368793295622,0.503988030338403,0.194176308260296,0.873909758470413,0.232805600951256
1.06251737429849,0.106744449692309,1.14305224390942,0.171443664576724,0.253699366090759,0.0599219384339535,0.926976959618052,0.417520423154621,-0.379740609416054,0.130054293447389,-0.565685515371733,0.119010628141094,1,-0.783056109143081,0.317561497807939,0.272872629801818,0.736191003514081,0.138210093010229,0.695900316987379,0.119924115757094,0.654041720260124,0.136705081008838,0.86780343351714,0.138018810764399,0.657120943576382,0.194908116541527
1.09772469904455,0.130622611692541,1.07894874082291,0.158280351554643,0.246329752603606,0.0665873658622029,0.438574726483528,0.265499901252306,-0.211325766025969,0.0865797907568619,-0.591460145062745,0.0946995926059495,1,-0.642942620476064,-0.0425067160263155,0.263613201086202,0.760259848167793,0.140150099028867,0.717214214993765,0.129424287771031,0.743914728146301,0.131020157176225,0.81586319637596,0.161757366933674,0.403426369790046,0.231879978603502
0.994535444056519,0.145370611317404,1.00457445731476,0.185387608967234,0.254160047324787,0.0703574421739008,0.699236451410004,0.370431815922987,-0.267200568467325,0.109654799111733,-0.600071393893494,0.0743076683071675,1,-0.633828416932671,-0.0255936720720474,0.304308859817352,0.759061040636019,0.152561866501364,0.68070950288481,0.140288288519792,0.751206484667448,0.147124103265522,0.630262932892633,0.184790405931009,0.683796437907614,0.148541706883772
1.06731943878782,0.136802786053743,1.04037135643701,0.190070696712859,0.271476976275161,0.0718801666915329,0.9559740705514,0.399829538655133,-0.334212108445462,0.115505869446164,-0.568977648509583,0.0946358682127049,1,-0.656043477736585,-0.206717473177021,0.314976121514284,0.983062733733988,0.116827462528224,0.635616384760076,0.145206645963148,0.693519443337629,0.137283091943317,0.73718588446985,0.16543085439116,0.728183300840036,0.19905649677475
1.02566730137304,0.143274156403578,0.975518269292298,0.164369450365214,0.279356821606762,0.0777509317132573,0.524243863186968,0.303602362980719,-0.24479652898569,0.107534094147297,-0.643372029387419,0.0905183684197268,1,-0.639674351476462,-0.382798453183483,0.326923141084512,0.834644662186971,0.14987285456198,0.883852053503324,0.13180538313555,0.736653237352984,0.144135347899736,0.736537231752835,0.188467560702221,0.588208962307174,0.222936799372087
1.01029506600221,0.13236454424553,1.10769144502628,0.165740120802245,0.308871630619564,0.0705872095824509,0.58129352008117,0.307269282584196,-0.400731067568143,0.123613434778754,-0.611873656485197,0.0941000793219431,1,-0.945728032202122,0.352004491772668,0.318067173497295,0.531226113132003,0.169540470162013,0.821622015378076,0.124195659943689,0.813558226911825,0.133289584444006,0.452922713217718,0.1791230151106,0.90031855576797,0.177605046305722
1.05729185572179,0.126722079554208,0.830183233009222,0.156564373381835,0.234783684875671,0.0631964258413823,0.337995237450951,0.199820671937472,-0.173522568096454,0.0833423844798958,-0.567792471092024,0.0937215241913523,1,-0.615980152299657,-0.0793686331660118,0.308520154669687,0.654700781623917,0.141233895700265,0.734013229872496,0.11175763280233,0.847674298692722,0.127023969067922,0.739632438559026,0.187085405818125,0.541390568762819,0.268078709570437
1.03931528952236,0.109201599032974,0.842777038592685,0.149942564796349,0.15029323555184,0.0347405762038566,0.157368216055305,0.222219634864033,-0.0386073374706501,0.0556187606513984,-0.563567204078527,0.0876079707616667,1,-0.25103924721209,0.140585646730755,0.261415650764194,0.574765636056604,0.15538887261732,0.662908420688143,0.121352627821987,0.635963827990871,0.126029861598793,0.746158065970371,0.144311058840668,0.877354807360218,0.154463196852488
0.930947990377714,0.112001794866394,1.1711753076363,0.171202136816949,0.287937950232875,0.0705586483207823,0.292984648207634,0.253478800282553,-0.174803927441655,0.107657127899095,-0.621025150953895,0.0888152959903639,1,-0.601837575495553,0.14999039753889,0.288823956583712,0.679171947835932,0.139994844557919,0.595360818358934,0.120685486347638,0.674326598289471,0.140873020571626,0.543329973733579,0.17642651955442,0.681399734821518,0.199617954700651
1.04616762746075,0.109595202599914,0.844512491385022,0.173621650343734,0.238999744457674,0.0543892467727143,0.625143661045632,0.323028875656711,-0.105685832246031,0.0908214176060726,-0.496578347978076,0.112391970901939,1,-0.273418651798564,0.15648099971865,0.284019247793767,0.679243080227383,0.149288356110561,0.713783328766927,0.109823978943906,0.882161809658268,0.114294139352911,0.884341740736518,0.151413499174148,0.753186213524337,0.224372441350186
0.967107807129792,0.107885969528838,0.925061661270505,0.160825274805984,0.225502033341287,0.0608361351207729,0.543703522316024,0.29190928059955,-0.120164965111769,0.0955023286007421,-0.5719438665938,0.0891372569213342,1,-0.343179676340528,-0.3523825582629,0.291879726703353,0.845844970452078,0.115123017475164,0.560630697209692,0.124083951510805,0.74614534893808,0.121637496889945,0.678745558435789,0.209923330631156,0.953792111571662,0.179063099373612
1.00978110513195,0.13130823923201,1.11639600755535,0.203673633277863,0.331239044381268,0.0910196690621951,1.0976765041078,0.595396901052482,-0.355691761055613,0.142813249072657,-0.534161013568322,0.128673726742659,1,-0.589882972511334,-0.132840994147752,0.280921452335414,0.716282289931544,0.130475210790138,0.671910630269634,0.138408696891074,0.727548990441644,0.144902203108941,0.795052785302756,0.163133029692854,0.587570852825021,0.22860974334448
1.09630565499793,0.118312034991797,1.05657367636816,0.140535598942794,0.315971106666702,0.0683465365984494,0.168557190156969,0.124426063616303,-0.230779552547983,0.0981915208501643,-0.464947822619266,0.105302703502946,1,-0.999999999659404,0.359093521179514,0.317822197535233,0.621402341760211,0.143254252589751,0.801641274760064,0.120626650449649,0.626865346254215,0.130701977081978,0.815127054245625,0.123995839488661,0.477632069173763,0.188716677466498
0.894908366704553,0.116228613665722,0.940419806269724,0.169417938338557,0.194409486578116,0.0504113504507601,0.445452510838073,0.304066902830282,-0.140607061105763,0.0734714642323447,-0.634333731260744,0.0818551798102192,1,-0.477801708853381,-0.214720073932331,0.342826244997471,0.736989734932353,0.14406792102677,0.568667384101936,0.129806237781993,0.697098587958754,0.120150394264133,0.631756575302208,0.166267535412218,0.531473919709467,0.2127232565084
1.07067350108958,0.13438606989675,0.942567091355183,0.180802975426964,0.259207750175715,0.0652160248833636,0.683365779352174,0.296154410047033,-0.218766257523809,0.0918336612244069,-0.708631733643084,0.0747715764439748,1,-0.519792169272799,-0.141350094611605,0.298558422537981,0.709324508230929,0.143291375687664,0.892436259822945,0.149892759855937,0.793799373136128,0.135089606280432,0.434085575684511,0.179944549638627,0.689499909168592,0.167524894082975
0.804648555240046,0.119598388526163,0.827561682367315,0.172146439228149,0.241403279773719,0.0684941033737452,0.67322540163276,0.407594365814721,-0.19560191899664,0.105487944320548,-0.443467018937119,0.14234300837537,1,-0.485200546155467,-0.190345737995688,0.287103889455609,0.454703746777188,0.153660005443892,0.698364000974127,0.13180486294844,0.602732905000198,0.15542037426799,0.535142759570112,0.167952390638745,0.581631744265726,0.181880818667327
0.945053702005107,0.127036595828216,0.92344342935229,0.194624935522152,0.225495303203586,0.0628165408629554,0.808356758078556,0.441319123152184,-0.192425549126735,0.0944749757114438,-0.456659782920296,0.150654257345667,1,-0.45070507426381,0.143906807724627,0.30445975954518,0.381384107855951,0.178766050581921,0.39124798170447,0.149898287796112,0.746396743404201,0.145325509365368,0.901766391851104,0.151003767887273,0.69968322697287,0.193679995555157
0.907177036821816,0.109007487159761,0.952397985963849,0.180381103754085,0.291745404051575,0.0760829268790266,1.3163169415701,0.519028025239882,-0.492302660786366,0.171811093021899,-0.554585657680442,0.0964654877613225,1,-0.794419573328059,-0.0718281099568649,0.234505056980934,0.686851878175474,0.121165034867036,0.5558202750213,0.136891572158916,0.666319165716531,0.122099717692098,0.522956386625108,0.164692441871037,0.645117530468368,0.196755377533898
0.859007541764254,0.109250418866047,1.05673036155381,0.167800016193609,0.170701887338953,0.0480912534073197,0.606550476744173,0.313733403332962,-0.217850846310499,0.0877806703994538,-0.59654900282286,0.0951734140427722,1,-0.677027977433094,-0.35329912356517,0.295640715195715,0.724882678234555,0.127551721222184,0.725719260102097,0.12038939297837,0.735318088490173,0.136738962015349,0.602865657619063,0.164074859846711,0.790777905377667,0.219495728903879
0.822005534064191,0.113415784353768,1.08717485167667,0.197548950003961,0.207000403305582,0.0617885491606364,0.833385411053505,0.371477743492424,-0.226988697342714,0.103310722523637,-0.449835533948358,0.154820437623142,1,-0.546506950767754,-0.29934571503497,0.291770452934146,0.736840551014433,0.148414102891898,0.589411063369601,0.143712407916244,0.465073981277737,0.156857700802807,0.578355655007108,0.146471705794231,0.977779420415602,0.191182896489911
1.10947037607368,0.139471873603695,1.06217221451861,0.148837966713197,0.239916016455867,0.0655628432190164,0.149524223623148,0.195121325789937,-0.161619445968679,0.0782676635556784,-0.676906073523882,0.0789821024669559,1,-0.853312710512814,0.168229858544312,0.2945902117804,0.567288585797508,0.163325561451364,0.865352550705492,0.130324228640789,0.542382097007339,0.147299048744008,0.845953198109388,0.158348241636081,0.447099203092878,0.208977599446418
1.08838030603548,0.131123518159379,1.19573625845167,0.190445860792399,0.276713103669637,0.0704375160826306,0.772912024743415,0.41057392623543,-0.305709284530911,0.111522912832967,-0.661038013827474,0.0778131754526736,1,-0.661041513200239,0.270646436620537,0.316649396115471,0.69740346323223,0.134737750972497,0.672880814049196,0.127531804384349,0.764268638071386,0.131215879304554,0.819804974589812,0.170610884766887,0.354119010502853,0.25544890069759
1.24656715329443,0.154351036542398,1.08082987814779,0.193997973662144,0.364650333134503,0.103984986406861,1.25814538823708,0.554390510071112,-0.354125729769997,0.164464777537626,-0.755255359698777,0.0585261726866807,1,-0.522821886899528,-0.0400178234430928,0.321698242344411,0.832473649776982,0.143590261427751,0.785359434989969,0.133717553945478,1.0832718157459,0.135378893131838,0.991324756009749,0.17228173632901,0.913664751473903,0.198324500258473
1.09717536257297,0.124033298918713,0.988356441279366,0.176720758709128,0.272227812162088,0.0707698895538013,1.17057682094098,0.465677843668024,-0.451926103292719,0.153683428158962,-0.553014767795007,0.0944279421734398,1,-0.800573518623888,0.287054543444342,0.323126065095161,0.745530295717377,0.126461625751108,0.831828839662704,0.121466857350087,0.437294783045442,0.158052837076137,0.825562898153015,0.173984804744627,0.634894861560726,0.181346315095762
0.872801920293791,0.132132950921327,1.05510493210683,0.194955356843721,0.275125641042024,0.0757095932341798,0.975730175996439,0.403866028894471,-0.261846585301758,0.121892122262223,-0.562505175020967,0.0981832492947144,1,-0.505378209893075,-0.551009081916555,0.303543591401649,0.875237758956131,0.141794886771592,0.705416088013532,0.128722555214562,0.794806820682215,0.131328556964134,0.70565524347006,0.196984113305625,0.636668403700052,0.239008291067188
0.889070959972968,0.106040123841963,0.816062115639668,0.201795031723272,0.229447647999189,0.0608514667335417,1.2391275844433,0.443183077124963,-0.398375889495864,0.124350990915943,-0.651023949273711,0.0932972885696538,1,-0.747124930715264,-0.8144779980727,0.31815573786156,0.922111474554954,0.140292661502904,0.568552079980199,0.132420009939841,0.588138097850289,0.149186310479243,0.620910305295376,0.158460351561154,0.794800648691577,0.165233822310767
1.41236459676147,0.150216818417604,1.00018070049001,0.206564126202883,0.361315979502853,0.0934918866677353,1.4239096097724,0.553030861105488,-0.453958951946925,0.179957505801372,-0.63087147192724,0.0756773261193504,1,-0.6328951821417,0.589692013567935,0.319456150839078,0.815775594957627,0.131630789851572,0.909452534972045,0.107013312703391,0.707725015564117,0.143241813253774,0.979803114290127,0.135952151046592,0.87160507463948,0.212329905891685
1.04586766928318,0.133619609159239,0.908358779889015,0.159142088766486,0.358138616760567,0.097788319160897,0.626311974968375,0.298136285531777,-0.473610076302966,0.161296884104828,-0.583219700809861,0.123032008007496,1,-0.999999999999886,-0.166685092148137,0.32016764935213,0.681309373673609,0.153614526714992,0.834412569072393,0.133952714588247,0.49889172355339,0.156874297281012,0.891285168956501,0.141182924707488,0.747737846001213,0.20685971063149
0.969087886698858,0.100644527246123,1.14370843922323,0.155832029811314,0.194562082414441,0.0484300305067129,0.331051853293368,0.239414108416124,-0.122083991218115,0.0795366246509046,-0.506479949047298,0.116080247107445,1,-0.481040457933627,0.294748149893277,0.252007847902475,0.7176912463355,0.122510785080719,0.621490107837659,0.11950536407172,0.494553680223999,0.130708606094324,0.902467218847169,0.145174786840449,0.573411040658412,0.232205875527584
1.15530478735659,0.154651471820433,1.05449466604313,0.186396908284363,0.266355261559581,0.0816009860969406,0.794661011894216,0.410015808410734,-0.205109370755581,0.112141981275324,-0.569453485158428,0.11489860080179,1,-0.445824477432386,-0.0888541437122014,0.315487683156453,0.901992888106527,0.141320274268517,0.823474852993849,0.143431810171752,0.466858836027289,0.173667046315243,0.866859930454069,0.154213817799841,0.72355990086075,0.21073569491497
1.01343768340895,0.125617855213785,0.820507133295862,0.130806780517456,0.247701693925858,0.0638733452259025,0.13022234788699,0.153210467979386,-0.153416654462376,0.0680695392507018,-0.610549124097058,0.0864763772124336,1,-0.854211195238361,0.106252958287874,0.301719840013807,0.508241585838506,0.170202491020248,0.564184714391602,0.13257164648314,0.703323678326838,0.135992368311601,0.709100503090817,0.154482227171495,0.666478173102798,0.175216751186199
1.00541917101756,0.136450787038747,1.27799017698448,0.187387674457694,0.249830460070377,0.071338270033015,0.942230977505302,0.482174974638596,-0.267701191988987,0.11918010332132,-0.632327046135594,0.097122643233437,1,-0.551758359757978,-0.422244239830507,0.30464921896506,0.803237511790791,0.15265665768106,0.822106560587232,0.136141567247163,0.867949694693598,0.130298174902518,0.66899102779246,0.179786876377425,0.723771424476421,0.204404225823092
1.12332365963507,0.121892568784028,1.09540498576992,0.201132153847126,0.313966336758996,0.081975131146997,1.68345221342885,0.637544221822021,-0.490729313765378,0.164151097884499,-0.570469613353162,0.09682931177404,1,-0.674994232436041,0.0960309434582111,0.31477639803533,0.716498167136832,0.149283320871272,0.589179914001199,0.147934666385104,0.871624999242145,0.118742883837859,0.777519671107522,0.155090361438376,0.555673082917346,0.17669007767785
0.989313509540151,0.121399556626544,0.95933105970713,0.163138212357834,0.340748681067138,0.0893995277994653,0.539647889883503,0.319789292733666,-0.26440225587164,0.117307927175294,-0.569159987507318,0.0921021629399129,1,-0.616584812103602,-0.214277832593671,0.243715797231218,0.729365231335158,0.122202796242395,0.632752880243195,0.127387383638634,0.838244007409699,0.149670092049803,0.591887491743104,0.173544150417488,0.657877982887343,0.197241506655011
0.994480055915843,0.103813018699659,1.06774075790329,0.173279666561695,0.263741068506514,0.0652575881820554,0.692427137475372,0.303529499151449,-0.34809425632694,0.0977084186474503,-0.566427055925694,0.0782449361159294,1,-0.814555980265471,0.149286978921578,0.26907224524906,0.629172787682735,0.135279884409247,0.575235722037641,0.131073665754205,0.766757461205443,0.117156773985351,0.859748770587231,0.138661364650685,0.401171730208108,0.265273212312582
0.967826256238127,0.125684854354455,0.768320163546881,0.178080302717546,0.208114617753278,0.06343615961466,0.521834173181136,0.280911871020461,-0.287737904535134,0.102099202233665,-0.438576594202922,0.150335902603506,1,-0.873131236658987,0.105962658530977,0.244042002130304,0.648225616521448,0.144955657522532,0.608409187334014,0.126245587407453,0.629488526042122,0.155496498696336,0.577759696731906,0.209744309603701,0.50252329667784,0.238223150064713
0.949148983042963,0.128837623518157,1.24032916308365,0.195134879657686,0.268640003607821,0.0732346105321655,0.612418531872291,0.32310422997486,-0.239171092123475,0.100557408647924,-0.657761231535082,0.0758345561413279,1,-0.589656624944283,-0.201452303813919,0.346832731366214,0.774909165544731,0.152197799757855,0.691799873540709,0.12584093175165,0.714514939089419,0.153506926255092,0.674429463079135,0.173655974912189,0.771751540354745,0.172372009685917
0.987031560405884,0.142201210962933,1.04361226267595,0.201266827906725,0.266998713679955,0.0841069829590239,1.20394577780968,0.615351839041359,-0.401316423636054,0.163232537702727,-0.469845050700166,0.167935186238581,1,-0.707829868604526,-0.0450596542436588,0.274316763321565,0.598710756934607,0.149767367909694,0.841738516236647,0.145549525933208,0.495804571521064,0.163000872718036,0.677057653611872,0.202868913210234,0.474330645670376,0.227765083313175
0.931190563520662,0.114729226398191,0.978030151073574,0.165110904998379,0.134433183718541,0.0395904535273358,0.862154372680953,0.358776900556136,-0.21532734332381,0.0908815008210722,-0.648128159783044,0.0879981145946635,1,-0.632489649192141,-0.0793028457518384,0.261223328995543,0.633270526603469,0.147374524327264,0.73899289041131,0.133235613529547,0.432683383230463,0.1502252579565,0.670364973842663,0.163038714932154,0.447716694103195,0.191396456606197
1.3404530776188,0.161401023687071,1.08960382960467,0.154261212516673,0.328423866427256,0.0895411199392634,0.160093053114058,0.25026922075395,-0.18135808492039,0.118593312264266,-0.732906635601988,0.0669330751947576,1,-0.790921393404283,0.672526763101977,0.334407966792964,0.766827768827517,0.147222323919573,0.840782733454587,0.138181540640321,0.740726351101395,0.130862174122776,1.09785070434057,0.147442464133709,0.829268749970112,0.272295238830073
1.07056326798954,0.140549241344123,1.0207936459584,0.167303715188827,0.412227872468257,0.100816761859271,0.678938969892556,0.30191564041406,-0.42581842696796,0.143428388332952,-0.523081582153183,0.109056674605281,1,-0.804897180795859,0.287537084285051,0.286889258191521,0.476800125090208,0.164042162307207,0.949410463887958,0.111371897772835,0.373027422166283,0.153566256245268,1.01232389990961,0.158352207363212,0.610255583023642,0.184699381059019
0.915061173282147,0.129423276702122,1.30861815354151,0.154981257311314,0.318425992838471,0.0767352841150092,0.205089445120349,0.120694446976704,-0.255550014738524,0.0879149361750536,-0.612168232295258,0.0907169703957522,1,-0.999999998849425,-0.132881449762309,0.298370157928268,0.732143432775442,0.129607145949661,0.621179100067983,0.139428661225491,0.857262562814565,0.131005276970358,0.747991505367238,0.142099174662356,0.611078246990082,0.21025985766457
1.09240495133596,0.121034369233558,1.14877277992597,0.174682592393537,0.309846000263829,0.0801033866619439,0.875987346548898,0.413575850337287,-0.263147517382525,0.12004309561584,-0.627157373281163,0.0984052073672929,1,-0.505100052305845,0.430671046302191,0.296901678296338,0.66474451710102,0.132436858210345,0.601037860613803,0.141809622524572,0.639573857849852,0.161752446952664,0.750692687809093,0.169664701913464,0.764502042727905,0.185967637326416
0.92068035538505,0.0980214242827282,0.902001728158663,0.140884062799522,0.139168719337988,0.0311601998552108,0.635247967260655,0.259810214308689,-0.170117287725215,0.0628228004322176,-0.474434925513236,0.102569961500812,1,-0.572144849187847,-0.0165440220052006,0.272331859150415,0.561715026814879,0.142039640177479,0.693772288466521,0.0931484489877827,0.495061943346717,0.125293876385573,0.34571915709841,0.165210376213967,0.55409732175404,0.189080945159626
1.12887801693558,0.143061182077976,1.18082925774586,0.189950311691377,0.2754067120597,0.0729057671729688,0.532701404693161,0.325694993361822,-0.0803149931919102,0.0833610467240083,-0.599942908300265,0.102207060060803,1,-0.209685039460516,0.518296642360388,0.301731747190496,0.527811210850105,0.147913272427109,0.734491328313534,0.146599610611521,0.775103440127832,0.146173656388939,0.670057703443111,0.170528671457686,0.863286479863938,0.194808769531426
0.958518950351279,0.105703897851581,0.98068896329191,0.14731249363544,0.242117559499346,0.062673584417537,0.515528875485582,0.26987374429167,-0.174214394955022,0.0891061782974967,-0.355052132096276,0.140810483426577,1,-0.49311066466874,0.119062515724357,0.257988150074648,0.723743866935633,0.119415450388623,0.538322974858985,0.125793062212143,0.757710865019321,0.131907925523845,0.70273486560382,0.146469537741972,0.681374378616601,0.189217768157387
1.33194655387982,0.165332490970985,1.24318665593759,0.237670410826146,0.388858316487402,0.109237850396941,1.46444799970094,0.576855515650487,-0.336240553887782,0.183672310392335,-0.744770719856379,0.0618009480589789,1,-0.445571515036709,0.0513757623124718,0.344442725581402,0.758223095674037,0.171264179280158,0.944888340619408,0.132069252539143,0.898312345758772,0.16027528442905,1.1962847732389,0.146771478738633,0.696957216506235,0.213734458842511
0.897164397180936,0.10341175274424,0.945805736013279,0.157983122721788,0.257861583566736,0.0561112363591134,0.471197530682025,0.278318550696079,-0.245378495179354,0.10372713709311,-0.479374459275334,0.102242037507993,1,-0.703949772843009,-0.0778086952449243,0.31026262884744,0.704987388444367,0.133940813965916,0.67416345039601,0.112955564139793,0.633949208198001,0.133042638836418,0.499538769450253,0.164780212113418,0.586333603036406,0.19118446805681
1.15126377577278,0.143117726683168,1.06474485378471,0.169090724916464,0.322387651427512,0.0886471662169901,0.40602951530523,0.324757774504708,-0.248458349711487,0.119391608785946,-0.607930122219753,0.0923455113806936,1,-0.686729327340803,0.134746162619276,0.304220080563419,0.723365473103917,0.136958430310157,0.701937678358329,0.140110685972344,0.755839045751451,0.150920148422042,0.438777680148472,0.173738828801578,0.689154845508608,0.183620789129573
1.23551499418626,0.134945008792084,1.19177210006962,0.186479391199378,0.32330582334374,0.0833719884395557,0.470217351736111,0.353112396590453,-0.279233268211446,0.12146258849631,-0.742370189192831,0.0573549764914225,1,-0.716161665099105,-0.3519116916249,0.339739178447602,0.940917995590895,0.129859418058187,0.835542452517293,0.125534897546662,0.883003257233089,0.129076553819566,0.986140993913112,0.140651647845319,0.919829055257832,0.202693380964934
0.958921023517746,0.119209134020235,1.00873599396942,0.16164445089737,0.255587696142002,0.0619191425476511,0.283066715619655,0.215136518388924,-0.23535672727766,0.0900635520873069,-0.667727412066513,0.0670068945528463,1,-0.875008439470312,-0.155389463849169,0.259004677250539,0.851216401988636,0.128025029619969,0.631227514872215,0.116826961780377,0.631839795889292,0.136728057924654,0.54847589128393,0.159242949010685,0.699790425753621,0.172225066261053
1.2749295471709,0.166620030845351,1.22223369061207,0.184726221843138,0.261497805387019,0.07714197055646,0.639364689675806,0.391034419024086,-0.184866886289765,0.115501900269526,-0.69604849568977,0.0863481179769558,1,-0.452116938784108,0.374043598200288,0.343488486126997,0.625225548244038,0.171507499956027,0.966451433144988,0.127550295518523,0.960948264802577,0.134846282924183,0.663627516898878,0.21063005739503,0.838335565390027,0.230290884575365
1.128351122507,0.144901520929237,0.994600661592879,0.154503490945356,0.259442910432644,0.0650203406764478,0.578970502760135,0.282551256235474,-0.282369619608576,0.0901336335397317,-0.538608517469249,0.108872884188476,1,-0.728565909130435,0.452727605178412,0.375575444555703,0.64928606167448,0.131239467647389,0.663554912949422,0.141778825439805,0.678594004913673,0.133053418661402,0.745249219668092,0.156830580432363,0.630282281794192,0.179997290210333
1.06369319189944,0.146693381265332,1.00488178872364,0.182931716107342,0.246233371205385,0.0648727673708608,0.459180317766555,0.222269789106188,-0.222147889082338,0.0858248593956509,-0.690083654189347,0.0674859711826111,1,-0.660658615833878,0.190228406143064,0.38245877443947,0.787487843915149,0.145215195232923,0.752066656464219,0.123927101469022,0.617325259136796,0.145948197121372,0.762331705541538,0.132361141426787,0.571352523238442,0.222340544349494
0.932456223513116,0.118686155051489,1.028840632281,0.157383703518553,0.239194291156201,0.0621157590939457,0.513764855045348,0.301702493253127,-0.301297647022562,0.105358401890838,-0.518579219520704,0.108912358706194,1,-0.859484677823625,0.249957596908176,0.258687323597228,0.518773483125085,0.13578318569643,0.492852748354481,0.132972949806936,0.645668500118661,0.156019040765784,0.829745348740774,0.14773144284392,0.390806373993896,0.232645808673914
1.0567463786615,0.11670555458519,0.990003745185077,0.147709300545809,0.313958108619896,0.0755428027589504,0.23402252500336,0.136059839989078,-0.271059530960448,0.0958770067063288,-0.656891866027954,0.0708736238525138,1,-0.999999999999937,0.0602455766775808,0.285643292766277,0.746607253302431,0.130071061285916,0.581167886593573,0.125234197113972,0.840904140538073,0.110152480786188,0.582619922953295,0.146194975878068,0.63407074285366,0.202136135234368
1.08812039110707,0.157196413039005,1.2198874110682,0.227361185056919,0.315388462482788,0.0973845583364916,1.42748859164359,0.598560178613424,-0.301964415749329,0.130068991154319,-0.635624436282293,0.0949453510164587,1,-0.450035261825359,-0.145828504396633,0.332835454301624,0.625096211409233,0.169803772573113,0.890481750652312,0.142770589854032,0.876783041164098,0.15681684903396,0.735427778268529,0.165193638240948,1.15305914434789,0.211242391881397
1.23041473955678,0.142968896710328,1.19358271972519,0.187700347483911,0.310264773491624,0.0727294131446738,0.713401951406566,0.318739175952777,-0.168635884080774,0.117481107885738,-0.696660562279585,0.059070067241539,1,-0.358440118590372,-0.123638088042989,0.339223811285848,0.773096966408443,0.128419754406161,0.981690652195668,0.100027255563069,0.882501838379078,0.151240894764561,0.872431870434104,0.127967613349319,1.05830156026602,0.181807934416541
1.02924177478634,0.103751819535547,0.878949637579715,0.127530306805091,0.183945159531412,0.0504834382942735,0.305155213834621,0.154814371602996,-0.122216382944107,0.0657538555256508,-0.515463760677958,0.100455498296473,1,-0.515851677424387,0.0546303704950001,0.267965466869544,0.570947222720409,0.134621835354076,0.770803224435892,0.116333532996954,0.670004243238723,0.123208621450877,0.553488745934705,0.155067171869685,0.691416718987901,0.186708771791139
1.08453538336006,0.116550346554764,1.1582265561383,0.1753733005512,0.27686535969805,0.0630806199499883,0.589411869164234,0.352759452572423,-0.193382321257781,0.0951698690139058,-0.561455571309183,0.0920543725342559,1,-0.478710572827721,-0.161536859047212,0.297587369405679,0.726331088750048,0.142078044768306,0.852891512161304,0.105995763780144,0.799901521286853,0.124733187023165,0.806514485380957,0.152321859420855,0.981541211060304,0.199236008377895
1.14820043250473,0.182342192930594,1.30378214508804,0.242391463603858,0.27286870894902,0.0780821399055661,1.26883394852641,0.633197963666338,-0.316631592867177,0.125258511087391,-0.675989918718948,0.0980170035247812,1,-0.538114856874757,0.118241535079083,0.40607788499011,0.997553177924965,0.136426175421663,0.547674121661605,0.159821724706052,0.8548188853322,0.163386805101372,0.761415574840527,0.198398041109366,1.0102750421622,0.184723057538206
1.13591604972835,0.13981451623045,1.33561859887863,0.197589439591044,0.276556535867964,0.080385074476615,0.476416394544558,0.292176506236161,-0.299910602509425,0.109477386398818,-0.613705286545178,0.0918936613778237,1,-0.826240553050473,0.215461074024712,0.289325366966546,0.788320950694169,0.154071089121683,0.698377519068141,0.136197822967345,0.779331539127009,0.141545824105231,0.781300138584551,0.167210299219731,0.793843906534282,0.225625024674697
1.00861830110731,0.120435359697169,1.27114476917758,0.205829669157014,0.299859200960581,0.0797315172692722,1.13797092232982,0.549687195813371,-0.381742396817233,0.163238722316792,-0.71213422015259,0.0665917521657922,1,-0.653500800266373,-0.476871222680131,0.325091114825299,0.813773496077075,0.146431473669135,0.867569611401724,0.133796718845574,0.840889926193973,0.150081206175538,0.89602659976764,0.157567120443003,0.543651616989281,0.214228477118014
0.870822527528464,0.11884755232863,0.996138994115411,0.184875563964813,0.285405475351341,0.0719016728536709,0.728176617560736,0.369716311791906,-0.331759562655288,0.127798681272816,-0.650221286283826,0.0875641501641194,1,-0.727736126695962,-0.363336072620348,0.340640985232698,0.697764717416103,0.15171478923927,0.735981459069041,0.124955757029873,0.716201298439827,0.142909505790741,0.783686324549673,0.155783462053967,0.815573594155829,0.179605217723683
0.795310267636609,0.0985708825073379,0.822844989665116,0.148613784780643,0.246251302708515,0.0575372848579688,0.764793809089803,0.31221772944471,-0.324301308573816,0.100364778084984,-0.325774227901365,0.144917875292423,1,-0.747286696581325,-0.277260389508768,0.258792970138856,0.603033037480151,0.135825999032172,0.538667853245303,0.116109811259613,0.534459635223559,0.124444653544055,0.568796973501772,0.159160664051008,0.452695325775737,0.246166847936034
1.2703708579096,0.18962283774856,1.5350930212045,0.235503933636929,0.378331559948814,0.104632842261406,1.02605663803095,0.483738396812372,-0.36035345005597,0.188618541857901,-0.733855852815142,0.0703666856062501,1,-0.578371296583491,0.43885745156389,0.359024597753118,0.931800106354704,0.133070257514234,0.679389135180279,0.154650105413516,1.08107418487262,0.155800883207934,1.12676435486716,0.156698337544976,0.568509669489462,0.222446521459368
0.971662636070853,0.109867388008511,0.900322792953893,0.14433108053692,0.239098299524655,0.0606687732457746,0.588133241458127,0.287228202600474,-0.366415005842047,0.104013494649138,-0.520011711449314,0.120059548359305,1,-0.977118293340559,0.061302421484069,0.266288048969172,0.642450785124163,0.140627882958078,0.714232130393042,0.122111476124048,0.476084560967069,0.140998530131147,0.712319863925817,0.167205211001784,0.588467194592246,0.213066719210796
1.08345140580161,0.127639326837116,1.05318848237713,0.145082841978308,0.269927423133543,0.0659586108227425,0.413283306529361,0.281829653852149,-0.237146378113605,0.10022334487242,-0.59609942882685,0.0813130565092041,1,-0.710017511487953,0.142183489063496,0.333419399444495,0.652429931014139,0.152967440615586,0.702725482751326,0.119915139737846,0.71041154075334,0.12439676147819,0.681731879034061,0.149397164384987,0.6620236347069,0.228565633156957
1.04742327620402,0.129535937355724,1.28478650844688,0.166077987044403,0.34128723125428,0.0792466447811866,0.364911894198577,0.223955243897783,-0.289425847337735,0.0987827469914267,-0.595941503129835,0.0904768487589759,1,-0.820131105162764,0.550433473896461,0.323976956067072,0.635844317765013,0.139820957049414,0.710232242568912,0.132618229476337,0.755462537328189,0.123707068168163,0.631289545134903,0.156732916368737,0.817808346829712,0.167156109179638
0.936040046379929,0.13064808339301,1.20304853972974,0.162069470738015,0.377393836092132,0.0985195442137622,0.488890470103899,0.269959883649621,-0.345899044229167,0.108442296375042,-0.638108351831866,0.0771717417336099,1,-0.805278631183225,0.312480606282858,0.251828693589637,0.645535576286778,0.135878145976753,0.743354534968219,0.129080793917337,0.726654203745985,0.145714815376048,0.866284914333889,0.165117137622817,0.907529557859845,0.260213204838861
0.869089498924845,0.12805493103171,0.841636427702987,0.185171175401832,0.250583080389867,0.071070932506734,0.687282732371549,0.318627938025101,-0.310881852753133,0.113276019850437,-0.552497770386147,0.108338281105504,1,-0.749120675054068,-1.0391625915835,0.320217085902612,0.832516813722462,0.153420585778687,0.889376774284562,0.130139319199124,0.675933690172923,0.137066644304995,0.670411188202615,0.185842392423116,0.771798777564101,0.195255751221502
0.987363225749887,0.131923218485331,1.15667893116695,0.184851300508671,0.235215168627286,0.0615248025243584,0.743430409644506,0.343938379758395,-0.12898468580752,0.0842582833566079,-0.675693283521225,0.0821381698756661,1,-0.308450392092624,0.155499418613869,0.34206917209356,0.778482550925914,0.130764644051737,0.604221604851719,0.125603338897186,0.745549472916439,0.151019358822335,0.702690555659777,0.162057790717602,0.697732084850235,0.188547995716349
0.836793683134005,0.126095978691298,0.956164059040275,0.144286826311776,0.296897008507807,0.0870003821312803,0.239492870496214,0.180968647243087,-0.17057988378969,0.091294308551257,-0.676344513425807,0.0762845528154067,1,-0.639703325877733,0.147613302990574,0.2766481220454,0.494397619383306,0.152189562490697,0.61746120064979,0.127394759678995,0.645301623102252,0.148180974166763,0.780891640611852,0.164639902033583,0.929305214447757,0.227150136397211
1.11859262906922,0.139323437131425,1.16941874947382,0.15366700857966,0.318078024354701,0.0777209318418821,0.278495053227944,0.16098248636592,-0.244472951913649,0.105923288668386,-0.666224284053534,0.0701037983699608,1,-0.821401026326703,0.299565601632079,0.322292043190812,0.703382863463596,0.133243120891209,0.787982674266634,0.117990964885056,0.719408900670704,0.149187987570913,0.749222855330552,0.169876039299253,0.729917503075294,0.170059173458966
0.845374727132666,0.110162826143313,0.882818326861455,0.157587129642175,0.23292408607812,0.0601787848565286,0.553916450997928,0.314578936772798,-0.129490304848428,0.0830238029153498,-0.652712608104582,0.0849631327029357,1,-0.36050220168155,-0.403290879566509,0.33008123890614,0.71828764378295,0.143648354115641,0.626655699316208,0.12264553284496,0.627373938111075,0.148894254507776,0.712442648432351,0.144551348840861,0.685708637870042,0.222153192873678
1.02848213495389,0.122173725636126,0.979586019660008,0.173036969304942,0.174888126607082,0.0498424352598456,0.443941342842569,0.291195668589069,-0.118674457324784,0.071890708698503,-0.531909101125537,0.108190175102878,1,-0.425906527272557,0.216690138463253,0.265400396715893,0.431557058497342,0.156789609500108,0.470105396941667,0.135405684140121,0.767082510050996,0.127097893347879,0.751128287524131,0.159267038527474,0.629733230318853,0.200025068358904
1.1204967554352,0.133204295010555,0.945011046947872,0.147777454164149,0.240955064569091,0.0653629493216616,0.375843583880417,0.249875494739739,-0.264656287130842,0.107212446239845,-0.740341058733703,0.0549297733322063,1,-0.879448911282291,0.00579563190346837,0.248912813391499,0.734559375866827,0.140296851581617,0.655603969687069,0.134456891571375,0.871226205322362,0.123418881130912,0.763763479670101,0.151374186258884,0.661607657341102,0.21941958538779
1.02159353313873,0.116045027124473,0.767618324659589,0.144228424692588,0.19943642033458,0.0519472666756246,0.158165508083258,0.234638973394786,-0.171801358164784,0.0832465553754765,-0.594648268551843,0.0960111517949371,1,-0.967316213475391,0.128877965066303,0.264132122036492,0.608985992013256,0.129168156259529,0.744920876782578,0.123744748604361,0.557511251498997,0.136249114811792,0.555258211235182,0.171333058845255,0.649652716044787,0.183024778171427
1.06111412643292,0.138589630994097,1.28699959620702,0.190465643953226,0.243584445506268,0.0726640598784213,0.480261715526099,0.282127183087828,-0.187988039385666,0.0948770486389563,-0.581473743647015,0.105792552623155,1,-0.549624974390037,0.0955296834959512,0.3835062919615,0.823743173400859,0.140917841123687,0.697358035066335,0.137837233010165,0.721225275161489,0.154340163647586,0.513338672873512,0.176554995382416,0.538476890426521,0.187900522098739
1.10495181394994,0.144473474173406,0.808736252180407,0.138626234844934,0.210053581618981,0.0539661344665504,0.413850481348777,0.22863649084751,-0.191187317661482,0.0913032646379312,-0.629549405099426,0.0704288436138582,1,-0.648443740419711,0.157568281783733,0.282668739334524,0.718862716041971,0.139221383557355,0.426040072085195,0.132478026794406,0.740329027703805,0.128625271553476,0.811996602036713,0.131510547118445,0.747948729675577,0.262668884055658
1.09219624189544,0.122439589272736,0.81759183288086,0.15565039838478,0.208849785730761,0.0510159848545007,0.603322478690241,0.265431890869181,-0.188067813889038,0.085887788555422,-0.609387659597078,0.0756487061570682,1,-0.52981311666316,0.160921891386712,0.275170766419273,0.651926096715844,0.139440452195731,0.773880985367746,0.11214147312987,0.634967914497742,0.133033146965996,0.759690226713951,0.146035898637019,0.817035435479157,0.204373774056642
1.04567295834825,0.136406158641019,1.03452724940162,0.182566921983054,0.360917852846021,0.090467350941965,0.917669624968221,0.473750733056169,-0.315071686826946,0.138494308322244,-0.69445533068691,0.0701000802736915,1,-0.547472132061814,-0.276543715657337,0.290918230494449,0.85155292918008,0.131684693006483,0.815911436461866,0.130188604770173,0.821618615562735,0.158030657927919,0.919249937819196,0.159250374773339,0.644285193224766,0.194125221999094
1.00605890477543,0.114539540673667,0.929866468111856,0.145122222988676,0.266616092717967,0.0702921934876631,0.12082852037717,0.121585066365998,-0.179484896239651,0.0941606246484719,-0.564049513418698,0.0999500247797114,1,-0.999999999787429,-0.000910876142234416,0.270667025007887,0.76849163197271,0.136535597677142,0.679725966819974,0.128266014621079,0.720267305644037,0.14521010204068,0.475483703724816,0.16338644357198,0.779113395863349,0.19100160048281
0.89497428688084,0.125300216923592,0.805808458782743,0.169857105719248,0.250682794861781,0.07258440273426,0.676796536823454,0.368146258455216,-0.202233525262658,0.100365878177805,-0.669589325025183,0.0783616131168017,1,-0.490977764911593,-0.39516899057851,0.302582955837312,0.740798673590102,0.142985751143736,0.611563284397426,0.138221369191609,0.750453968666055,0.147393886266491,0.861903585421929,0.151558633243096,0.429939832246181,0.250235005007373
0.956330650199101,0.11138599633772,1.18723957945573,0.180992177575724,0.176840686397874,0.0528027668756023,0.816596662161153,0.318049139485183,-0.148763778995175,0.0860123579487538,-0.531637035144066,0.102247136993552,1,-0.391473443374429,0.0855474105055636,0.253183276416673,0.651556518131368,0.121260158355914,0.63579912187607,0.126296161900849,0.667279615408257,0.139089614593324,0.877084704366824,0.157915356901302,0.859696588516188,0.234552116952187
0.630528220906683,0.0948367891147165,0.817715284423415,0.117508228131444,0.177143256365527,0.0462640666098429,0.365632419953215,0.212391282338245,-0.24214565151636,0.0788492318200838,-0.473700994345283,0.10438176776379,1,-0.951463240155266,-0.631531368060222,0.29948876074272,0.481836075101998,0.149445665325409,0.604997571293184,0.112556870954493,0.499891332934205,0.128288881335942,0.639936403884208,0.140685947933409,0.253404663275847,0.24915043052614
1.03188426013828,0.143723183761089,0.932982282258578,0.1772191671378,0.2723153312846,0.0765759255885014,0.897002658213692,0.44060166020572,-0.408987921296075,0.142349516498125,-0.632055013342891,0.100613702761075,1,-0.827518231512105,-0.420178318954603,0.314807918029632,1.01545979817783,0.134810500847219,0.763978042431606,0.135519877705434,0.895428196365303,0.157230092669476,0.658027266503042,0.195869055211211,0.681254275163806,0.240070998231755
1.03118784252464,0.13734609647321,0.948703260365921,0.165925722925443,0.226403058432138,0.0623778984904313,0.456588577375296,0.339846485195447,-0.142067904385753,0.0815897462981786,-0.669357850306969,0.0875635248752357,1,-0.441867753036487,-0.0653977692219936,0.30130290530913,0.648627953308936,0.160444477563698,0.882697122715299,0.133335435457327,0.826681285489525,0.134541657468042,0.892548639310967,0.155647712525977,0.727126647192036,0.205719774090522
1.05538267179147,0.157762299278422,1.25526228357698,0.202907569991564,0.373430500734251,0.104217991338298,1.07285140865203,0.473881155709437,-0.37256494493394,0.144204379069827,-0.504121601784076,0.146692139951681,1,-0.588609555048515,0.0736695664260156,0.370788160508936,0.776562840652307,0.147765411829888,0.757280592085892,0.149411779159404,0.753826124842723,0.166628791845024,0.716623051494248,0.214305498716869,0.727337782061637,0.220198214948343
1.05466169642706,0.124297543537483,1.20984051639617,0.150548218022035,0.346420213993656,0.0870393703458748,0.281359409447368,0.218802247378326,-0.050371018117467,0.0925541558424483,-0.492286149387774,0.126237266558714,1,-0.161342355975692,0.0332146752665975,0.306696799641807,0.764844213249197,0.126835338043893,0.68110778463035,0.142480243613307,0.691132006590146,0.140117085437338,0.754995632142465,0.147014645233415,0.829464637897857,0.196844895697267
1.17800810494266,0.182039182920241,0.829844733900951,0.162333430165353,0.363013380392848,0.108150771043668,0.390336710921514,0.290464745859793,-0.265636988471293,0.123090042539266,-0.66648578168987,0.0910937829860007,1,-0.705679550259593,-0.11284887100023,0.351572903259474,0.740700360911475,0.165977194714518,0.818876876584889,0.135551507505912,0.748053427869751,0.153257474042507,0.696260812677325,0.16565862238719,0.750929899896948,0.214749025314482
0.818812108688545,0.125160002696147,0.851232131995858,0.161442881181505,0.207450949953165,0.0615772571045248,0.500992874843633,0.276322629179595,-0.170261547283751,0.0790697077920907,-0.473030440007155,0.128821926487548,1,-0.528132735249206,-0.375618035420749,0.308457495020486,0.582834914095609,0.140335431146825,0.628772805737211,0.137912669219829,0.755391346114005,0.150606589063921,0.58154655552664,0.173129298758582,0.89431742873372,0.222335008746123
1.01454797397788,0.13551467705521,1.01828083177254,0.175231310615697,0.197141969794506,0.0523577989854249,0.447987327738998,0.385553284643952,-0.147456653472159,0.0983230118825002,-0.627982003778227,0.0912760236531123,1,-0.49618309409351,0.210674575554967,0.278437963209307,0.639196682748292,0.151207138027392,0.551578920024968,0.141910609997067,0.83788681253046,0.137392258258986,0.693588149970003,0.164870025815551,0.575774197016874,0.19896137005035
1.03205779364726,0.126137833530242,0.853790884340279,0.149138382930251,0.216480820216181,0.0519883388707374,0.51981421012296,0.274222956636653,-0.146047983922149,0.0784424830727544,-0.554140404246134,0.113497361655671,1,-0.435373288374102,0.460728337960715,0.339586241546931,0.499935747134476,0.159271389564241,0.627153199062596,0.136228679819529,0.768119455881307,0.130592212536746,0.647500767438291,0.153882082245486,0.635876041330325,0.183783897350613
0.825591005743071,0.106987689422284,0.798732601675513,0.14857835391562,0.12985063015038,0.0343657409847993,0.594162436716856,0.262800244470585,-0.160485081785343,0.0685372850625321,-0.365103377452428,0.155806226092158,1,-0.577776722690085,-0.0798092572150511,0.291316928963543,0.524489848993588,0.151530089101532,0.573340659317891,0.1261405695473,0.53468977450892,0.146980202847539,0.574601203711232,0.161667308583502,0.604367647305444,0.192681990685285
1.04509745068812,0.153361411882686,0.972143488014329,0.189908353742846,0.494895596423191,0.137734516333274,1.21902029972595,0.56040150655769,-0.479844544279772,0.172296435109337,-0.579432382213973,0.114846729175862,1,-0.617786334909892,0.124314359733112,0.382137081335329,0.738400200961376,0.133914200018579,0.742367634814466,0.155397006099749,0.868471324221037,0.148748391251456,0.91380515790405,0.17823184009643,0.939251422863335,0.233652545057954
0.794278506602957,0.100156958914842,0.983550269379782,0.153635557403999,0.222473265890241,0.0534114363222932,0.604404287996139,0.285820069680003,-0.167548754176196,0.0932898614478224,-0.552088020034872,0.097320661396352,1,-0.456918265394194,-0.203278061926168,0.242584983175587,0.477015708800379,0.128436602297033,0.553336793320631,0.124080225894139,0.785722236265208,0.127452137382017,0.595416610949615,0.156870543888559,0.755650039812382,0.239837272908785
0.853870973259529,0.127170376430307,1.11294862770579,0.165627343278677,0.237748047243657,0.061310832845109,0.687581608107124,0.335584990755557,-0.27214970713765,0.100811208035079,-0.627495620989953,0.0899237856414429,1,-0.673111896600565,-0.67396764151022,0.372571106113902,0.84411020289485,0.148056567137905,0.683930038831115,0.126533341580563,0.752705391735095,0.136822918401786,0.608379632152148,0.168758434475239,0.636832742989038,0.177335159060199
1.00798249318362,0.124540317299937,1.14979364437828,0.174623135811765,0.266764097858835,0.0626126031720819,0.42036194674409,0.208854410252181,-0.2660734294934,0.102749569989803,-0.66307850640619,0.0778812243019859,1,-0.794558942755164,-0.156830138378209,0.292248949890018,0.81640835177434,0.142466436011772,0.801876789621702,0.120366964295995,0.653462424861767,0.151079378513269,0.672953429468148,0.173802145634434,0.972669344537417,0.188443327692015
NA,NA,NA,NA,NA,NA,NA,NA,NA,NA,NA,NA,99,NA,NA,NA,NA,NA,NA,NA,NA,NA,NA,NA,NA,NA
0.747915277120784,0.11949524447961,1.04681463048682,0.189157584827826,0.277234565441748,0.0788239621557512,0.78108611764562,0.342661008672745,-0.277438091057501,0.128546171971995,-0.565963747410846,0.102253823000165,1,-0.596201328741607,-0.54035607305667,0.298503016535558,0.644289783068969,0.145332235515437,0.688486135708869,0.13288714743069,0.715217956459174,0.138221887005927,0.742274725349296,0.169432646913486,0.600355768467314,0.233718185057545
0.9487391256234,0.104046119623348,0.92518220670464,0.143337514046204,0.176854892732285,0.0456318297548207,0.238671739130021,0.213186828326551,-0.150067848720168,0.0682325822672345,-0.586148231785844,0.0907337859231648,1,-0.73043002735641,0.558613225740241,0.248881841373666,0.432590744693994,0.140906233173232,0.612095273241906,0.137007398587382,0.546948906237385,0.122907977549885,0.903285905802812,0.144670985890169,0.413326259286949,0.232985694474483
0.79071426829898,0.10623573785514,0.932220578065503,0.166088034224663,0.217714126405784,0.0627160581619453,0.702202651010518,0.299636776112041,-0.233922515717749,0.0924492626306438,-0.456366119863324,0.153900636050076,1,-0.59827036242248,-0.499608241250404,0.292199976419547,0.676629867897908,0.15104285048259,0.575300052979033,0.126464389291045,0.579462761421049,0.140819644713303,0.460011177072242,0.171317142417649,0.993707642086912,0.194824270554705
1.02747782174948,0.111347063858447,1.02300605368812,0.153947501801712,0.202347865885652,0.053150793906694,0.493571483208108,0.341829373780557,-0.176191438333191,0.0823144993392817,-0.634683293357973,0.0717404194482025,1,-0.557520006871721,-0.231575067510062,0.248328292396075,0.869889963209189,0.10736739939256,0.773406686318799,0.123548299314048,0.600679722367114,0.139813012323754,0.762281436045629,0.1819369828257,0.592265081706007,0.244993794752733
0.847307324262277,0.123810568193027,0.930544722702736,0.17822427078551,0.239307678384417,0.0709782838987962,0.657566895132446,0.337790337019354,-0.25120238108409,0.0956363546963329,-0.565300432586645,0.110049155358332,1,-0.633250387928215,-0.242374031506523,0.2754518623703,0.701668616290635,0.136282513248957,0.460944354917405,0.1546329791808,0.704077625721884,0.151404504555007,0.442554380349521,0.174884399251899,0.8594453401844,0.20475952003608
1.32761712505504,0.206975761926228,1.17432152282826,0.216373684861727,0.469841040928621,0.148576255710615,0.938488400942954,0.4687837610548,-0.459206565374975,0.190262518283886,-0.683421383145556,0.0991333775940979,1,-0.691541358775179,0.111861338457973,0.287840726043053,1.12504228290335,0.160619546939535,0.780251374171148,0.170745015928237,0.779579943084932,0.178918136651736,1.15532372051564,0.174958254447947,1.0007735515037,0.237135389129429
0.984312549119219,0.130583788593699,0.950100318111711,0.194173056601043,0.340344572654,0.103408815271938,0.901483681808258,0.454040837240732,-0.321992073282555,0.149963839640924,-0.550664542962812,0.120987466942548,1,-0.581308710857045,0.00863953338772096,0.326781435205993,0.816383585111903,0.136726728294395,0.671645552467561,0.129894102876744,0.820474941529759,0.141443859227329,0.577460694828103,0.216803376362958,0.503710712655603,0.259479086114919
1.09113397862131,0.139221511144093,0.7606870871094,0.172039290998482,0.259655385224186,0.0726961384669861,0.968873645240066,0.367897917477777,-0.429834718528169,0.128232239753207,-0.467467529970187,0.12754290342018,1,-0.85697717094454,0.44515165279493,0.324609489535398,0.561516863934716,0.151255883964686,0.522990737355562,0.144372004357617,0.860878514764116,0.127071182774038,0.668706081874226,0.168033347103209,0.836357807708446,0.217601294943199
NA,NA,NA,NA,NA,NA,NA,NA,NA,NA,NA,NA,99,NA,NA,NA,NA,NA,NA,NA,NA,NA,NA,NA,NA,NA
0.898222522063592,0.126815881926043,1.03676303503505,0.187896038205554,0.378556148184041,0.104733948484087,0.792351550032447,0.396675424624877,-0.365802504862592,0.133202634675166,-0.661006553526776,0.0782321514667764,1,-0.667917107197965,-0.129373963325315,0.301842442040913,0.591023890837668,0.148680584445971,0.754688522222639,0.12305205372929,0.567911302541563,0.150063686600968,0.768701047985468,0.175750376391515,0.885744522684141,0.210007821120305
1.08475180292887,0.146344649904452,1.0936118677839,0.170782442480269,0.292172202002403,0.0811944756219265,0.0898808885212057,0.191337858447079,-0.130205519901738,0.079736894413928,-0.703979545053419,0.0738967624141217,1,-0.803482219642453,-0.00485147188939763,0.326220937631572,0.797450768283572,0.137672950886548,0.754770424982199,0.140784484898347,0.776558309937195,0.140880303296394,0.886296121730719,0.173160556807971,0.643337413613068,0.219094285950798
0.839104820731569,0.11637265930691,0.93067449074717,0.147643318238211,0.184494175183087,0.045675327052176,0.165591740509617,0.19235491532147,-0.0559051699755517,0.0726957969836572,-0.612228301781609,0.0852963375520582,1,-0.319846282327668,0.0367393942656962,0.279872867398535,0.415292635849201,0.154407339828,0.645153655305181,0.142331435861764,0.475969530328916,0.161521314087395,0.566687309956943,0.161932180193612,0.379380333852562,0.195424253568786
0.806995642986349,0.0932499747243113,0.97602512948515,0.157658368536238,0.190256460987635,0.054227309002734,0.689365727271198,0.289947937103602,-0.287910474334908,0.0889227490431094,-0.566012142395598,0.103620981185047,1,-0.794992284799287,-0.141818333227872,0.25034720343593,0.609792422766411,0.140628014032347,0.522891159004648,0.12048567440558,0.564041051764944,0.134770638240783,0.536378606449669,0.196473189240823,0.507803224846727,0.247137495852268
0.854824325398217,0.122227186178221,0.950543935051151,0.162075083494839,0.238040905316842,0.0660247238290566,0.646381338246408,0.315947644602095,-0.252204752470272,0.10635877412393,-0.446820239982087,0.135593899296012,1,-0.642958681445735,0.0673588048799067,0.293796705623881,0.5810984864759,0.133304567184696,0.587958776475487,0.130946332454419,0.64391462584126,0.142202584917469,0.524613523276693,0.191753917152635,0.581775376306421,0.190830192491662
1.08946312335132,0.1389215887071,1.22136118043599,0.200317013187858,0.195956248983586,0.0578876899590583,0.8834028299176,0.410549704012738,-0.201693252543564,0.0896778163873844,-0.723798633379819,0.0732654000353992,1,-0.484766296409832,0.314241941625007,0.359725869505608,0.6546738372131,0.163289806721142,0.795072707309528,0.139847491275866,0.740708100461371,0.144440250150845,0.869180622321644,0.177013299997994,0.768678316931603,0.21190365538816
0.930552344805554,0.110329025909832,1.06611722502827,0.169712820123297,0.170119157276589,0.0481084012660316,0.632521908496442,0.300007767630281,-0.224461290794483,0.0891012021653516,-0.511024719918179,0.113838947534219,1,-0.684269304327691,-0.310010718230894,0.350303170710173,0.708034213454679,0.158819675034057,0.584357709953955,0.133156165150364,0.565051743552321,0.135520261665784,0.881262978179939,0.14726474103063,0.431529946023729,0.19653981586328
0.909417394353776,0.0961547796516382,0.989450674385184,0.150642347129733,0.205612063985675,0.0513160099712809,0.666854799835113,0.2612869088628,-0.239741118740662,0.0933710358598891,-0.0999307065254182,0.238885014006321,1,-0.647444566548514,-0.306405321924216,0.33076096023503,0.760943830541219,0.133690748680881,0.740517383174373,0.127723388106071,0.611011725002046,0.129541756613518,0.550269198324835,0.167947164067394,0.461737835979288,0.202429428078522
1.19254476199515,0.141059575184315,0.812261112263789,0.166652991837166,0.313464661399787,0.0818954686079818,0.949063605966692,0.458166373037705,-0.370279733059482,0.144776023914106,-0.606844800381729,0.0887541522549155,1,-0.678872143417022,0.306572177967088,0.335159740802095,0.559911336008283,0.148193816849127,0.870164346438327,0.125545878306213,0.93510319836898,0.132257353024443,0.929012677377571,0.170740015266534,0.718681036546034,0.218131266205514
1.07615379900556,0.134089328059625,1.27585968620463,0.171155347396608,0.304532125821317,0.077366161842371,0.770758616259448,0.372914334732617,-0.177364676617751,0.123642260500602,-0.525397095199692,0.104136634259817,1,-0.366092962279536,-0.127702195036801,0.272435782034201,0.903156209708761,0.120763981887889,0.705386284738265,0.133658900075716,0.797795501995489,0.135739522919201,0.783980720780237,0.170375866464362,0.817919603001469,0.223050578165948
1.03010263679355,0.140306342489473,0.887261266708435,0.166398267260901,0.28251161852,0.0730351986038989,0.689105622873593,0.349351373248918,-0.171259075368756,0.0979578014530863,-0.55812763509465,0.106397780448966,1,-0.388143700014665,0.380915714713416,0.287694598644896,0.614842106288991,0.142887159238563,0.717789619397047,0.125442712898895,0.556559502732812,0.144495334088779,0.762131619178856,0.169486331798718,0.722505517129573,0.212810104244949
1.01287772480689,0.0992692960736907,0.985695951444144,0.143865142193943,0.190522364145597,0.0459941562132624,0.276582249024825,0.23174459244296,-0.185003894418942,0.0702212423183731,-0.509799509104175,0.0936382542782366,1,-0.805927059562685,0.400857753694515,0.273153961002642,0.633476733422314,0.124611190148198,0.610387936481429,0.124943890762137,0.53912323959052,0.13923534104605,0.746463589444825,0.129999343150767,0.944063750476811,0.171836183446105
0.875549015420433,0.118914485027492,1.06515287590534,0.172906645119843,0.265881922227654,0.0692944821421436,0.339483286816172,0.241731338971844,-0.231572237581218,0.0978602730136997,-0.541387812186518,0.111013281258216,1,-0.770784349667966,0.221820247854573,0.253457085704491,0.335914162975622,0.160806530809762,0.585388424870896,0.131769473556199,0.517358028490055,0.152314273693701,0.817742433102927,0.146445405183261,0.619925885555536,0.226083247888009
1.05759731416101,0.117683969496818,1.04305196970037,0.167058911281672,0.265857368250767,0.0693833445758005,0.898413378907036,0.432208606585113,-0.256629881627603,0.124687925031948,-0.573965938395081,0.095344394558552,1,-0.525103324208387,-0.255993788212352,0.291295448680235,0.884603893617527,0.11532162011336,0.89124048835144,0.116873127947902,0.637921621556043,0.132051611424828,0.717297435052499,0.181838284950222,0.856076663296868,0.207983906032096
1.1014842345245,0.134721339961378,1.32982807090793,0.189794061835766,0.240895167517177,0.069482977204505,0.527319695536979,0.318257795390045,-0.181026790935025,0.108747970730282,-0.724099614511884,0.0755533669190179,1,-0.507915904780628,-0.172217737899971,0.348753325674505,0.811254603810213,0.15198104618758,0.896468027205252,0.131608706389392,0.863589216117135,0.14826178528204,0.703059781798633,0.145336008815505,0.923645787843502,0.199202328074017
1.13218259410414,0.155059572641377,1.00500952818092,0.197946305203364,0.404926822110002,0.118121574474421,0.731535871724899,0.440978514257798,-0.200128991549823,0.146375476819148,-0.624054524384384,0.0860461222445455,1,-0.367708713063033,0.313326460123743,0.296992434195819,0.616082472940239,0.1524130947452,0.604762154135904,0.150399115735133,1.09163884013101,0.132762088354359,0.845538008180778,0.182484043488301,0.574788093050447,0.237634881985613
0.985022114191063,0.125309905735196,1.05965970133401,0.168539477905346,0.239417185596395,0.0567766606318674,0.610288924361484,0.346694772099251,-0.356326523439114,0.112937462029452,-0.524337837726263,0.112611570048878,1,-0.932186363971613,0.0938675063444214,0.272065170615091,0.635928761599567,0.143530041763709,0.718590389659864,0.13819507512465,0.645135109182687,0.145490241543162,0.791493325287225,0.140358464498189,0.668675333769531,0.203044296941699
0.856081262950279,0.13243604983918,1.33117569418853,0.185097190695514,0.232973666194147,0.072056554980662,0.870937563696562,0.374995338935608,-0.258046362133029,0.107198534296063,-0.603710010099326,0.103158479361879,1,-0.572863052494827,-0.166953943553301,0.285614688665625,0.637790385368493,0.147441989580456,0.617575349189155,0.147284118373062,0.606870760781593,0.148723991375028,0.592764568619689,0.183701005766044,0.871497353722695,0.18939313311069
1.24077057723793,0.20918965699154,1.19441888273821,0.208579486603594,0.351351432648322,0.114909002286449,1.0672120425834,0.553556262430567,-0.379359795333984,0.16636513551118,-0.755726423793494,0.072120461547135,1,-0.619519640596242,0.19827029962461,0.387183638491613,0.830148580004722,0.16687468477622,0.821680947881405,0.15257989980346,0.864859698910157,0.169020851200415,0.963085266662732,0.179892126617431,0.709824333702565,0.24197214733297
1.05779103836013,0.107026487773724,1.08996090199791,0.151372871746823,0.174907907295064,0.0473003812042926,0.262045118099135,0.140359437928029,-0.131279570625577,0.0697250238337694,-0.385122269608563,0.152824319519384,1,-0.613203166992381,0.409495658487539,0.264989035031732,0.370793689081434,0.140998310848183,0.675964131135801,0.122814670504591,0.578599643104237,0.127393159151564,0.425357916479646,0.180513484663946,0.56724234500879,0.194457531401499
1.12488322051941,0.134799026120751,1.01542450644507,0.173556868956484,0.276317973838996,0.0750570028599623,0.333735625762878,0.31784852993462,-0.291614489412986,0.120482722123715,-0.662191870066064,0.0711804539097668,1,-0.960291857432164,0.590075137945946,0.277214738665813,0.543069267792563,0.157008998711624,0.842669541670581,0.132597839073454,0.507262531003513,0.146731532346093,0.935312039052089,0.146338197024563,0.897846955299348,0.214475958456147
0.781108138499814,0.0969610601198566,0.752254653546801,0.131115150472581,0.205491614390457,0.0557085350435723,0.477073049497627,0.182650277048666,-0.244835426013095,0.0790148454795787,-0.307118183830019,0.131825039514144,1,-0.781960406559244,-0.324921074238305,0.25579403284856,0.559891301987313,0.134318192986951,0.663819501474221,0.104342984393948,0.172639686978532,0.14975412508674,0.737869885337577,0.169122399915343,0.0657413457902289,0.315299849827862
1.04484760118327,0.118820698466316,1.01640267303296,0.145084013474216,0.180382708756048,0.0486813615045708,0.360087676968035,0.235952958655904,-0.226496491270562,0.0759741888384597,-0.521424119882815,0.110067825346529,1,-0.888709651967764,0.718925664022095,0.327016155207619,0.416373126607939,0.153933227902583,0.474373555479521,0.135808147081214,0.738549805736935,0.13035135253477,0.749629971105472,0.160382940216829,0.474532915425145,0.20817235589775
0.926081739935644,0.125225209448172,0.919220445231239,0.160561851247065,0.263976294013066,0.0773975246738509,0.88395932252465,0.368170630857352,-0.376287426326056,0.119264229947249,-0.588523770348477,0.0969975273812237,1,-0.778970664322288,-0.0264636469495033,0.266179773852602,0.626410758222831,0.139840837903951,0.584223726968334,0.137433062415708,0.613371229998697,0.142066207958471,0.880767830325959,0.166292583411311,0.460713467877217,0.28218599237972
0.933777216284889,0.101872523818192,0.98436760048553,0.142641048209959,0.191331872287125,0.0467329992159203,0.145378714500093,0.13139132833675,-0.1351498035946,0.0693125901055154,-0.647684867747181,0.0716616528164809,1,-0.810347592272401,0.229501593004768,0.234442347034756,0.410812443788003,0.137210984942892,0.662951063092419,0.112551992385225,0.587595804847694,0.129218084531212,0.584486008306249,0.166160084927168,0.720641073048929,0.170668731145841
1.09962732596903,0.166618980604367,1.31799202143027,0.205445935063745,0.418299515843826,0.127712687864094,0.924041703202087,0.484663029954261,-0.494213270557717,0.213558662036581,-0.645628176049874,0.0956364825867629,1,-0.794922767628011,-0.121603913941974,0.377975480207833,0.84443370902835,0.17357742203339,0.717445433243672,0.150612191050655,0.860484488506682,0.154706961680188,0.651394040472781,0.165498257813359,0.813802323143266,0.19510215815105
0.985578185973376,0.139423213284436,0.907002538919013,0.179130591385743,0.213523638420257,0.0618339974722582,0.909670327625474,0.369668401264664,-0.247928121094813,0.0998276626227239,-0.594548156147118,0.108842513719779,1,-0.562549566267328,0.316699806964914,0.306706967856695,0.464703617477255,0.167868653840177,0.790597850149947,0.126013705814073,0.653777035835861,0.1482012962251,0.674768361786242,0.16307423600199,0.5895263411951,0.203563689569696
0.930976002856651,0.127514289251187,1.09056112255732,0.17685587545109,0.22180379226724,0.0663584982909889,0.692990699504762,0.395827222730125,-0.268769588239295,0.103057819204091,-0.627652301296531,0.105651417046637,1,-0.685538641196962,0.309707949836276,0.273807046863718,0.521200551969557,0.143288764614461,0.803071311458978,0.132035371766325,0.564584301714662,0.174701809597023,0.940075456023619,0.177968525629161,0.436050891324963,0.311509603370489
1.05601152115318,0.135864357516841,1.02586861197087,0.171861885715838,0.361715221317471,0.0885527113361799,0.479039736567099,0.273319942027656,-0.297703606047581,0.134916850262206,-0.709014690102204,0.0702319074799833,1,-0.715179295293258,0.106999341092679,0.30330211660421,0.822469295749534,0.136982412175471,0.753193477133016,0.141488758066395,0.646027257114404,0.157297287784974,0.627569958226228,0.171942729906924,0.898663432524169,0.187121505152072
1.12276028501975,0.153105953197804,1.16106640491894,0.186083720709071,0.290444899948373,0.0858675501191445,0.508545443892921,0.330561678960349,-0.268258203214867,0.123605388005937,-0.661368512194656,0.0832603642130622,1,-0.69800132980692,0.107737942193027,0.303039650179177,0.988550735779326,0.128207818042218,0.650295996580901,0.148622641225703,0.743659330044519,0.146086519014542,0.717877434148241,0.184835419221022,0.635526990962002,0.260338121208774
1.02937813592815,0.136302013197955,0.882012895498625,0.166170950095276,0.18333013625543,0.054186018368536,0.510562138788517,0.296385108230289,-0.155444555234184,0.0737887322453507,-0.535454948018625,0.11129034194291,1,-0.508082551753512,0.285772372591995,0.265349107286286,0.598510608379812,0.144806072305062,0.517216532241226,0.141204234407964,0.607727977282947,0.144950233260061,0.677081951070487,0.153371534933714,0.598942819526169,0.212957504899279
1.16248648846092,0.156086169472462,1.0927185885101,0.223627115859906,0.345357511679342,0.0985085027595816,1.76027022593386,0.617278545082622,-0.478463126042549,0.175117280595113,-0.584495771622167,0.105732422987835,1,-0.613655100887257,0.208446893098324,0.303735399112353,0.844104036903424,0.137880426989448,0.740601704455978,0.146839325464235,0.944123796080703,0.15446125013412,0.624053832525249,0.17393656200307,0.89144911251197,0.177140558148178
1.10247793166436,0.105257073020777,0.87668950487717,0.14342878275777,0.264169426365481,0.0557769767333721,0.373760570064604,0.230647268326785,-0.244360537423841,0.103653190482453,-0.533300794369753,0.0851248098126559,1,-0.777665895294489,0.159575924084278,0.315299374109833,0.466169030860557,0.157489305556371,0.75874677569979,0.114333826285784,1.0147152380474,0.0976704091768235,0.58261196485744,0.15254433709996,0.815715466092824,0.18272028141936
0.753224795523382,0.104177213433272,0.741990180980264,0.135418912690348,0.211948142594842,0.0492510795825565,0.320241969373567,0.200062730022153,-0.249651156191597,0.081467859398653,-0.57568033203526,0.0838192591660247,1,-0.958251814506137,-0.166276708047638,0.275232937858587,0.501574052099925,0.139124718054754,0.514390076370044,0.128301251083932,0.47106035978303,0.133169454725792,0.578811917884556,0.160286350183362,0.504524413558315,0.195770218128915
1.05356873983207,0.131486961154878,0.750121556387149,0.131711523064414,0.282547516507643,0.0704671360221518,0.205937063600189,0.132333580904284,-0.241219828933898,0.0929222576561487,-0.603400473709136,0.0949981731913753,1,-0.99999999994663,0.214062419684017,0.294838720931325,0.445048017295381,0.14599739700083,0.821460696369531,0.114409608991966,0.806904698378568,0.133591553482488,0.729358604920292,0.164015243833848,0.528726173186508,0.236785532379996
0.866149002708646,0.114515499960011,1.09538125556085,0.144986942550906,0.207607926093291,0.0518827516708769,0.15990693126158,0.108033603470492,-0.182203036102966,0.0718988256154288,-0.499533687289873,0.109380564055149,1,-0.999999999969572,-0.0553180121871387,0.278922760093781,0.505148020413888,0.155881931131051,0.596236681543349,0.118894838694908,0.702071698539584,0.129544504419852,0.401060907169457,0.15094075860651,0.394179525449878,0.212365022875351
1.11941933270927,0.126252987312094,1.33139199819839,0.177059126486603,0.274197348415345,0.0657894971886862,0.410891655110556,0.3255089639158,-0.206144497191693,0.11117180759497,-0.546713816784497,0.113464114295876,1,-0.614152834136602,0.380472311631778,0.305856734577647,0.676244421306866,0.128330490737101,0.72212851848542,0.137155174128141,0.831457590360354,0.153438325340367,0.803251567606536,0.150357900402672,0.552071774151884,0.251555736003796
0.923616053791096,0.112406618469801,0.882823425489251,0.152758050985337,0.160850396976204,0.0416344150925776,0.727558684739371,0.359237909904233,-0.213209989706927,0.0766323078776867,-0.430040811295778,0.142799057742662,1,-0.623250256730629,-0.293601931634133,0.266253229904995,0.663116303170295,0.142218353500127,0.706484482421943,0.129531045513961,0.579631783821454,0.129148943952419,0.676863289588925,0.158529175027396,0.727197422378763,0.169752927263164
1.05544882251239,0.141420419039466,1.18722994793772,0.162186761169726,0.258614886947727,0.0699078224786701,0.430113978209898,0.29558523879051,-0.280712548073701,0.111381515401145,-0.73796384399496,0.0580199711355233,1,-0.841672790185866,-0.246336194773513,0.345989434776444,0.831578360007825,0.14109560611367,0.81258673744793,0.130598445664127,0.870440420802081,0.128568744144564,0.492260654223289,0.167880701091646,1.10980426433081,0.165829339665538
0.989204736750432,0.122002828289936,0.922951148074622,0.169884464322857,0.254172725571794,0.0743800948368901,0.703957231982841,0.391413114410313,-0.277460308911788,0.115814761485381,-0.591735150317697,0.110988258982211,1,-0.655938700306911,0.00662207042084957,0.324514898305848,0.776150174721579,0.144064661181819,0.73384914145822,0.13991435014816,0.676081836254293,0.142276891628325,0.759965463072102,0.159826646651938,0.692871910383725,0.2087591679178
1.02401966158622,0.124979154004088,1.12118684353341,0.18604428306036,0.228231915543034,0.0650399627263013,0.413892860177195,0.270860137475801,-0.0864576458987596,0.0836238321231613,-0.663255114199865,0.0839008136011224,1,-0.281300983923481,-0.160251051598995,0.29199600289092,0.796999572745912,0.124997014891858,0.691904769636659,0.144167562945392,0.861601351113174,0.157169928044848,0.598289035179052,0.210219251932663,0.827667974251439,0.191053576367051
1.03226944563105,0.132142197054826,0.806265896209801,0.151963207304257,0.284002070057637,0.07925196316824,0.565388946626225,0.298184516965012,-0.27840070158757,0.110186668102468,-0.530477308531336,0.112383570129054,1,-0.694761774475577,-0.294086176158718,0.329005062868643,0.789094889461054,0.137871574128198,0.584994823114799,0.137489594230039,0.795702853490575,0.126734142507538,0.538632656213286,0.167808865325177,0.480408510069448,0.201148511905627
1.04833042852308,0.133343989287014,0.912922552738477,0.174376522826873,0.261191731967376,0.0742296537448115,0.883982165056243,0.431685268672757,-0.240785529728911,0.110727890554563,-0.626449363877591,0.0804956271009138,1,-0.501105212039732,0.000104579008867822,0.305970331652235,0.791842904529761,0.131139758850029,0.728875964642301,0.132268393132888,0.852737101206112,0.139691576240499,0.794223342578024,0.179738380822662,0.773109200276578,0.238262599170712
1.11412298902583,0.144452053629077,1.08909107399815,0.183401588514812,0.248946364306731,0.0695489511672983,0.557355577512447,0.329077873555891,-0.203768663832256,0.0919002325258058,-0.613261989973131,0.0983234915688814,1,-0.547039048271405,-0.0541254669685171,0.295825791338358,0.956839588457056,0.131670176017026,0.637027759739132,0.151431867314366,0.606810619543772,0.15615674747536,0.753930132142422,0.144456437389703,0.69687540117607,0.208331635803925
1.01226035928405,0.145143556367241,1.13145987503998,0.194096318467842,0.278228100424441,0.0859096986229471,0.474081871123719,0.313119450785251,-0.217420804783244,0.108532878974117,-0.69155990101628,0.0828867457584623,1,-0.598651299416519,-0.0330678725821848,0.303260612901446,0.873902139239488,0.133321622955663,0.719591511076472,0.152976855667335,0.635053589952757,0.159597317486043,0.666900724156058,0.19413789513045,1.14276941460339,0.202325392905618
0.935426180392216,0.153380677973186,1.13480600323581,0.206752704186716,0.303696022173299,0.0943052700384067,0.899534129027273,0.441764088139025,-0.286226451850273,0.137459436685224,-0.616112929859441,0.116284607851146,1,-0.547622637313415,-0.796394426384921,0.346391836420077,1.01132487726821,0.140085956180325,0.748396004631809,0.143477502442441,0.703818014203084,0.175015169171426,0.853358606533823,0.20964398489781,0.372254917427348,0.282896758354993
0.760547364345209,0.116356652431329,0.78640953324692,0.129314155487989,0.198501684610955,0.0537512428751494,0.421876104659543,0.211671946597594,-0.229133579147928,0.0745529846559934,-0.544444270439132,0.0889868485164005,1,-0.791797592474592,-0.330335861986757,0.27485489654141,0.521105396092982,0.151309860001031,0.51900558005636,0.131190074722677,0.341500664084607,0.13903941924902,0.636287690507373,0.159133077905111,0.669565470763793,0.173720778964555
1.22003715236598,0.13504162279461,1.22009423043118,0.194576917252981,0.240525479983929,0.0534621167725417,0.983036707844753,0.420310007433649,-0.224162482455968,0.109716094649857,-0.692495218668069,0.0682145168091745,1,-0.460996379794424,-0.0877540473290888,0.334434935874065,0.940429194434147,0.124613111283033,0.85232770099904,0.125113060396088,0.691803862068471,0.138051375168321,0.721069337544532,0.155224988683476,0.882142563771676,0.172159801964192
1.04134651746791,0.148556499502352,1.20868629694977,0.179000757517963,0.305866672091965,0.0748394630732369,0.282486959945638,0.315442373325357,-0.244223055807947,0.106271697578508,-0.666356949393461,0.0829697860676328,1,-0.830847618971934,0.188032064611356,0.380680881719239,0.687618705736758,0.17731572572921,0.666034788853199,0.140999798982766,0.611393560051013,0.169409865210932,0.812448759596714,0.168798852845131,0.723734365116487,0.177235387353923
1.07982307515166,0.169092636435529,0.92365465207563,0.198732515518451,0.254966843813314,0.0788670567463518,1.15091234442371,0.543304878551695,-0.0788652179934289,0.0961771605733633,-0.591002576476908,0.121762233655565,1,-0.145586977560101,0.196426509156738,0.321074201727215,0.6722079028628,0.168638584202611,0.704779663398814,0.152263133102593,0.617275724067635,0.171625082693619,0.673624347730112,0.18122603731846,0.873355246557684,0.21271849574137
1.10298819069818,0.132303182487916,0.798183544314951,0.145909555436098,0.242716899570882,0.0606943225513745,0.480932033691676,0.266440427248203,-0.110287693999509,0.0785433356649626,-0.590508202087251,0.101747914010551,1,-0.322801240922586,-0.374278321549547,0.37026742147326,0.906399639993127,0.133056932714892,0.70779092546031,0.13552934804701,0.885136399291821,0.125852114233398,0.623536398160165,0.138467601943043,0.580380575302087,0.189549695184877
1.13739614559715,0.13225857271386,1.04984705786151,0.175136619623844,0.248170095476146,0.0691207047453992,0.699013522685821,0.397049848948485,-0.14756777751779,0.096175448882647,-0.562495532269823,0.0921713550024755,1,-0.354302342668062,0.287630956423543,0.285469428558251,0.729495276999471,0.158515422520347,0.660768455665009,0.129465865499142,0.77566652497437,0.123289037278191,0.743544736492091,0.143724530427073,0.645162125706549,0.224425458948667
0.953943938414879,0.111139179634423,0.928926951705384,0.115456666264083,0.189983501010594,0.0427103405841926,0.103703786366743,0.138903785131687,-0.0882702592975765,0.0527269637568203,-0.484681794062385,0.0934746622499764,1,-0.628867502165441,0.0795068905004837,0.298306116476427,0.424820758390686,0.142586399262443,0.676568332378739,0.11760318269937,0.773854734706187,0.11777519461928,0.725967877181451,0.145839636024421,0.425803732943286,0.204493719412226
0.982669220625912,0.134130522576239,1.20703316173539,0.18764602659722,0.228895176469135,0.0670308683047223,0.623298197107313,0.353128996445193,-0.14740100565681,0.0874775189437397,-0.517375140702087,0.115959262518884,1,-0.390242163569322,-0.211617912756347,0.288173546098576,0.701312150020897,0.146189798599531,0.717881753615365,0.126658627422943,0.7649894870806,0.154358406364611,0.607101012834416,0.173023173728098,0.737020577830504,0.204367849093529
0.948705186934339,0.118987895243762,0.984084784165141,0.159120940481934,0.240235880178592,0.0606196434954357,0.403029571837597,0.265533640768278,-0.200273870039134,0.0953095843874679,-0.553560684341243,0.117570551174631,1,-0.64363091753177,0.271223761570983,0.283602342926189,0.495840582327185,0.158342295173867,0.649242644630395,0.118895427490447,0.539640914190681,0.168147460772334,0.469282284930536,0.164998962255937,0.745264677600037,0.174587699180449
1.0541327203353,0.157863259192471,1.12210060851592,0.249157196920014,0.298227323060143,0.0856733644976154,1.38902631031359,0.749891992524895,-0.169669635401781,0.124117642372503,-0.747851248974011,0.079285653455484,1,-0.263618069586584,-0.357869155152633,0.340904961578814,0.89697924173156,0.154647003379386,0.810378334643423,0.15271358809684,0.881573017786885,0.155128008162893,0.937360724999322,0.172134775736212,0.930809627298632,0.222952474192964
1.07422252325609,0.11133288534185,0.932979395171092,0.173588890194262,0.236554093315642,0.0648984651985452,0.851261354903819,0.433179408049409,-0.224292009744131,0.101940625751497,-0.599891246454402,0.0965003293021152,1,-0.499824004513048,0.125923026335488,0.280133492651143,0.809941042184217,0.134841378112118,0.571741244798084,0.135622563157181,0.874820384293914,0.123982624567334,0.593857418759146,0.183036158674853,0.577514564389939,0.210436465914141
0.926483022317762,0.0964274458308994,0.779096182699665,0.121049432437993,0.162136172350273,0.0407968437269054,0.201583652316359,0.139070472893522,-0.158274143419988,0.058218071900162,-0.581212603375131,0.0835376674901744,1,-0.875472198052255,-0.281834672294554,0.228998681276823,0.588429188726009,0.132772326269566,0.693776333113626,0.11306032178054,0.645633823397304,0.129609694569334,0.63119188367704,0.143344511599911,0.845142667597043,0.169845643047142
0.770910500628905,0.103900237340942,0.883311122975592,0.126027687693721,0.2460519926941,0.0626400978249882,0.318861881894121,0.153714995001683,-0.28010105564613,0.0890492478259047,-0.342320889338075,0.119779132904402,1,-0.999999999616585,-0.31608396818287,0.302806792103332,0.580689090379683,0.123827744914338,0.543935647402955,0.120280117988068,0.609719542027824,0.138390997318431,0.333424846028142,0.174100698888546,0.699574081925945,0.175155282448836
1.15923116619954,0.139902246431344,0.81453399429205,0.160060578786029,0.233447793328538,0.0661943042999402,0.457347586920814,0.282991653048518,-0.267822986617602,0.103416677126392,-0.731150901518561,0.0679213410614294,1,-0.819652496902379,0.186894107125507,0.337326972725732,0.642770211041704,0.159933380521582,0.736368230981247,0.115995344639762,0.717089899228092,0.150165482596578,0.861059631839417,0.18950970581257,0.481736442603555,0.252919772976886
1.07156103820405,0.128807202645568,1.00038372707243,0.171428625039994,0.294121211219605,0.0771459307180793,0.463611959146011,0.290997906117881,-0.114509405825783,0.0962068151969964,-0.547857579570384,0.094870130764281,1,-0.310099219489607,0.135521288100849,0.297182081951518,0.617411201346036,0.142539886120208,0.831111812321308,0.111747738649962,0.872886762405978,0.139060775367434,0.861584840640023,0.172146498594145,0.983905031725816,0.18329908399069
1.02881927882483,0.119816134650412,0.898278606830644,0.146208260797679,0.240036491629177,0.0653969870056782,0.400377705785009,0.241631825805175,-0.272939048870088,0.101080825608694,-0.614526800005952,0.0894803722430099,1,-0.880424451019193,-0.17899277638441,0.277045229117101,0.85688767506064,0.128731308268198,0.78603740619071,0.122708896338877,0.556784364970075,0.151807040715681,0.710000051354948,0.17162109542993,0.641354056659697,0.208367215297145
1.27933942842323,0.188834708725689,0.957104217068758,0.197874569166108,0.322527116680488,0.0987364604545819,0.62578002238527,0.430296759392926,-0.293859457934565,0.136263525954267,-0.735838603566633,0.0678244341907992,1,-0.654102349142425,0.731297246425793,0.373273642543014,0.750306933837155,0.153519388819895,0.751734009337534,0.157651840549225,0.715120983744302,0.16243317505441,0.605809669164029,0.195722587262386,0.928220560298798,0.18026874140891
1.12507332599459,0.135511815648341,1.16327637807869,0.195617965555588,0.303864352029781,0.088394458773897,0.76995276045059,0.369439278045408,-0.426990925142198,0.144886194429753,-0.652320742007846,0.0865573825885985,1,-0.882768297331173,-0.167124364722768,0.254090121288471,1.01981157421819,0.138196572645643,0.777220813270942,0.140390336685589,0.80195810609663,0.146166248152166,0.592332631295585,0.192187104742796,0.406853521927895,0.250789050656311
0.873724965072422,0.108700719338619,0.896863522545157,0.158104673925923,0.24640943119649,0.0587738881884401,0.445559387728056,0.262741150199715,-0.230224752511045,0.0987397483971278,-0.664352608091129,0.0681398083726966,1,-0.694817186705282,-0.157706912385999,0.254362039609848,0.611741238882195,0.139114296899121,0.770231125872661,0.126691198904415,0.601616164179824,0.123710497384837,0.539860225611068,0.147758044139773,0.693090837129843,0.230488935620587
0.682982948884944,0.0930526497309936,0.978202265569573,0.125082706681237,0.178412589549149,0.0377933512299219,0.194835398582034,0.114223728874404,-0.186443256774356,0.0672602266235568,-0.508111916520266,0.0931082497203292,1,-0.99999999999665,-0.405319914739387,0.302241769682403,0.451283783068406,0.148218771664756,0.588987297907491,0.114014005696414,0.596278653340766,0.110416002632049,0.499963338480968,0.155978450524685,0.817359407844106,0.189386146294509
1.1533388772573,0.153438609843506,1.37805685817037,0.253263216912168,0.351397379149463,0.106559790927027,1.23706726548367,0.679423068446062,-0.228096221622478,0.165499098720298,-0.741738257838964,0.0677683863422177,1,-0.34595704171153,-0.193661279684357,0.346964183481344,0.872776935989544,0.151241882843225,0.940931363088406,0.131097446655914,0.855307578093836,0.169627157649422,0.884438295595485,0.173062958048901,0.729081504313535,0.225676947229732
0.81247567238561,0.101609696016728,1.09837927207288,0.173534152049605,0.211870670250395,0.0524900003602512,0.599501256056883,0.373454056872639,-0.139883022290442,0.0823633582036719,-0.556035185653985,0.102629688826581,1,-0.392495370075911,-0.688927580805219,0.308853077015337,0.701406859717748,0.13692589697186,0.801380858268295,0.118682447983542,0.631204233416563,0.134997261652608,0.865152544750881,0.160673231934752,0.733662797524493,0.240951988877476
1.11216603325717,0.141307602287394,1.13192780198988,0.223712132665408,0.263937471799961,0.0776104094713017,0.90059101254797,0.377099650623607,-0.131893959644315,0.106464372707041,-0.55496195544533,0.112910070752746,1,-0.270526974867819,0.265395376809294,0.285125208573802,0.794293831713125,0.138865243415878,0.671583151857344,0.146849629469409,0.698214952410082,0.143033132418579,0.58713579343047,0.192322726023374,0.935400385639018,0.183242904798891
1.07323812926036,0.147554024015109,1.16143953154,0.1863805271652,0.287797419621572,0.0737538167681793,0.910790094826213,0.403302334010954,-0.191285125945986,0.108361886598982,-0.734038290396529,0.0624584567227817,1,-0.373618699086176,-0.295510349573359,0.322102573466421,0.76999969235203,0.125941091614243,0.823339121314899,0.133143204600799,0.991611478485148,0.140435208961444,0.98512199742662,0.156774525023514,0.575302461215968,0.280408086105785
0.927172315361253,0.120621754376467,1.16147292676351,0.177405376247435,0.263360644390532,0.0595192032499876,0.735636495336537,0.334839287018268,-0.353545343807506,0.117357354676836,-0.54225171403539,0.0980205443683467,1,-0.803226541199698,-0.54465861400766,0.373604566904303,0.96345210870931,0.143354853075887,0.694288041934182,0.120397794407042,0.639017538482051,0.138888485933892,0.606985791909382,0.160712332101495,0.772391396064007,0.209752020900814
1.05099540881396,0.148224009455826,1.26250265829308,0.23668534154212,0.229573799260112,0.0743247373994811,0.901762582075394,0.37493484990046,-0.236632903511354,0.114667815974139,-0.566968950669366,0.124778657898097,1,-0.520077261853755,0.547913261104165,0.31462979390015,0.527812353337099,0.168487368251377,0.755225054608121,0.133849170504671,0.688568790625826,0.157806945092063,0.599854569297302,0.193792248218367,0.708510792365616,0.18860725150429
0.990093867902652,0.124684931887219,1.10566211132792,0.183175101318853,0.276722303362017,0.0789659805898484,0.771327423657017,0.422269937062988,-0.276136330653263,0.116122761085836,-0.567274611422227,0.113384959571199,1,-0.597698383612622,0.126818500320818,0.290414135045262,0.504461111573821,0.163051678903167,0.753099586960355,0.134037518541445,0.744553689904618,0.14817048567034,0.662871129389645,0.165853676791422,0.71532157914427,0.192663495810688
1.0047738945758,0.112611495854074,0.925728040164301,0.137857067360117,0.155334273431316,0.0404888529088683,0.233095337671227,0.163323457903556,-0.12784477974751,0.0511869986590832,-0.580971014516476,0.0939449250005674,1,-0.671865840052278,0.168665878325482,0.291848716208795,0.5277278380566,0.163080011939243,0.571876927957812,0.140232624424707,0.711935952047561,0.133132206180354,0.45036054633842,0.160788023914556,0.723547445545227,0.153045700257322
0.746690567947662,0.0994214629534365,1.21512361676446,0.156535746221009,0.144277011270207,0.0380435746163739,0.288937292788824,0.231257461964882,-0.119867843009,0.0558591867884157,-0.503303690036334,0.10447421772365,1,-0.587086808442533,-0.603544199488249,0.270220633260692,0.727150951012216,0.131032724680423,0.584344063663558,0.119695386118004,0.678161603908975,0.129135347877107,0.657970944402691,0.156158533566549,0.465303377454003,0.233660362322897
1.12789950967519,0.118579456152534,0.890377587841522,0.166939050227706,0.203828297448595,0.0471643165499822,0.665079646935815,0.343471188911832,-0.237140204907189,0.0890677863659654,-0.640796139231779,0.0813546885773681,1,-0.644074527475634,0.0161008824320868,0.231859420819148,0.873965050405905,0.12674719832097,0.671362272926487,0.129496420845235,0.740581774485999,0.13393727035587,0.936303454682262,0.11867482407524,0.44569326300989,0.252030777812375
0.963421567651044,0.0998511024294046,0.655520493053475,0.11422556206209,0.140912821365504,0.0366846448723047,0.151124747738504,0.119565444426367,-0.145929484933486,0.0665459262111467,-0.459707297621483,0.114409755608308,1,-0.999999999787983,0.35944512640759,0.248943933067015,0.483343573030145,0.137269328496795,0.596685790347797,0.112742488834914,0.520996679767828,0.123714785487188,0.561781084714261,0.146122638377168,0.563170585695931,0.219547960421536
1.13841547090105,0.119144295188454,1.14561518513982,0.165705569918009,0.211553178469627,0.055648925892291,0.30891340208724,0.22966130092568,-0.255639613565755,0.107331509859864,-0.562464143445318,0.0895832711063166,1,-0.999999999545741,0.416511770504094,0.263388734195582,0.717442566350219,0.129030945056132,0.697933142575475,0.136170737860031,0.817315584487134,0.125651069510323,0.641876870862577,0.166480509774771,0.39315508966562,0.218599791549302
0.816609111914735,0.100513953347271,0.851212551365061,0.156023313510216,0.169832500593266,0.0465873296830333,0.472207695218989,0.279971660900049,-0.197695232419822,0.0914811462903998,-0.547503952984093,0.0950545836241656,1,-0.69810261354583,-0.247528517848471,0.240987783437082,0.560762288268651,0.123176000768497,0.508832857716245,0.130874260818433,0.616115182058667,0.140690570567295,0.496157239438037,0.171851169832066,0.366169445342669,0.235611349021347
1.22187004465166,0.180090510535883,0.905107479543102,0.189859508749022,0.439772163265018,0.123831540944575,0.957698415105732,0.452710845707937,-0.394282957619996,0.173311867671287,-0.687046685670827,0.0829549142617105,1,-0.607546821841486,0.482849043876958,0.391703430452994,0.903690515012194,0.140466384438785,0.664080143807887,0.160504434941971,0.879671906538137,0.146967200633746,0.722971236744094,0.191197457510083,0.965665400001491,0.185587736217756
1.04782044111461,0.140969829538063,1.10255158205761,0.189324396944913,0.341151888988761,0.0956197340962257,0.73908605462224,0.397149768581349,-0.243486265782192,0.130692952948471,-0.720711541875779,0.07203156689948,1,-0.484900994764001,-0.450794689970202,0.332483876675714,0.904423902764469,0.135536610256281,0.810940929793618,0.129895177493438,0.958408615338827,0.150126947153481,0.638285495782803,0.208942154195927,0.614556217076394,0.249357138953212
1.03964392866404,0.143798662481052,1.0684989232432,0.19091571289878,0.294227744483334,0.0868134630034801,0.413892727689203,0.320037013669849,-0.0907454210941326,0.102251732010928,-0.559299645122843,0.117539278806664,1,-0.260039313698479,-0.0272499135174041,0.311916537680832,0.789962814201409,0.147599699140327,0.62487109094755,0.143246297855924,0.861661577299276,0.139383375230223,0.846184904012902,0.176294385081368,0.681824769300427,0.235500183516815
1.03299540854693,0.129680094766673,0.915244147982368,0.149571404223162,0.239337730401648,0.0557031111106858,0.212132590236414,0.194439347979649,-0.153852605516559,0.0761737992596895,-0.615918700387397,0.0888112493927189,1,-0.682803240938393,0.230749076550037,0.318522124324523,0.597132903392343,0.148797770310024,0.68106920404553,0.132691504826073,0.850691540411993,0.126077188015144,0.686713507533552,0.155107343063961,0.577828684960072,0.192477331038395
1.33084669690326,0.148984723144494,0.949977300591565,0.157472539086934,0.257857960798492,0.0673954032140027,0.283570883348261,0.262630204618629,-0.238312708248371,0.096196348055249,-0.655352345925391,0.0783672448811103,1,-0.88130475266025,0.53193405055659,0.368409824804956,0.787410760986582,0.137033050669729,0.843700116314238,0.123766383345631,0.552498447209321,0.150408686244735,1.03563078583529,0.127544829462862,0.801503062431522,0.220936165589567
1.09886735605196,0.134234090863633,0.904676001561067,0.174407963385958,0.195049329478034,0.050160649246819,0.686435801661234,0.353360778604525,-0.243231511062227,0.0944208301861561,-0.685458268506288,0.068879414920454,1,-0.664733618925614,-0.0773408861570084,0.292313387861486,0.732204952168845,0.137618991773787,0.727380398354877,0.133094225117054,0.777535484067468,0.130023449633298,0.749689644509159,0.14485380044048,0.635380798469686,0.213255154883418
0.879780880317409,0.109651528753846,0.551628576613368,0.122731453691092,0.235730316169593,0.060164322103211,0.27952361180236,0.202996854622756,-0.169628530002052,0.0787256978499741,-0.521948151270557,0.109738674623322,1,-0.660818099364491,-0.243900428170807,0.262828822806369,0.609844060983457,0.136017355464417,0.508728423479402,0.127404349085435,0.69716756746006,0.135538951451787,0.472157899219287,0.165808101972557,0.797063212857797,0.156920370631087
0.909037083542947,0.0961244927292997,0.749713054927836,0.119818393989884,0.140905615598215,0.0359211700346823,0.124373900658129,0.0941634184459568,-0.132381951217211,0.0580902270247883,-0.554642255971406,0.0755119301684419,1,-0.999999999186625,0.000225763060493358,0.247659838585711,0.55550252980884,0.122601897685945,0.491919240168005,0.125765800935263,0.583584601028716,0.133089658766275,0.556657440222917,0.145451754745181,0.573288014852214,0.181565814302287
0.793153939923354,0.0966467507808273,0.701468316025908,0.138171539337523,0.164737612010694,0.045652419238137,0.396369958946679,0.234459312438893,-0.162185010517292,0.0610977925651979,-0.27592041968854,0.15446816938149,1,-0.634693373832665,-0.197694577866084,0.294289833908391,0.571494368250298,0.133152485828895,0.326051959808817,0.133750150647906,0.569244818055638,0.143999523502564,0.370616030912967,0.190475719323793,0.442789665381314,0.169648181932251
0.934244421733178,0.116903923967681,1.14552923440605,0.178358804100706,0.280660754931145,0.0728039073436764,0.86297316629623,0.40883113929095,-0.279054832159575,0.122750557049173,-0.591571403006621,0.0995799230524674,1,-0.567022192349804,-0.107567542536503,0.327935882898816,0.683898452696934,0.155711711421652,0.657943893733775,0.135283958195073,0.827463482273127,0.136351483923685,0.75659218086538,0.157512108211518,0.855865863289036,0.184836717778744
1.1070309986825,0.125840674226241,1.0584026567032,0.169993632303933,0.294298110403807,0.0773853061185804,0.330874925135083,0.25418078104867,-0.304258448416878,0.112744819990073,-0.747032239721227,0.0603444214801373,1,-0.975027761616719,0.0955874418553806,0.261028485159767,0.691883107677781,0.135808310315246,0.929093401588779,0.122643530712137,0.846488861436109,0.143525035311869,0.404788974170501,0.17008848197109,0.870030545125268,0.204095451455818
0.984177005644318,0.145073690937521,0.931158561942654,0.157934213703362,0.393396306130604,0.097232384032248,0.65592736410425,0.28974414397145,-0.433399598106467,0.135780909351034,-0.550361984864716,0.121038497840114,1,-0.853189477845321,-0.00190442707857906,0.445630476722429,0.6598973527827,0.143462741984886,0.648754608723809,0.126165438131304,0.797291694727664,0.139657226355933,0.840626637343155,0.168083235531003,0.796862022817816,0.195089418829352
0.993849010949037,0.132767683192546,1.16426500783981,0.163611402390357,0.23404106295154,0.0649371126725805,0.435323244161752,0.244607381772171,-0.188732647794307,0.0785565588858825,-0.385335808199659,0.156761577873343,1,-0.591282565144867,-0.057975090934061,0.33989164164847,0.858794192638275,0.137737259964179,0.774114343195038,0.139074011702089,0.531899853673021,0.146311377195934,0.886297748194764,0.151463028068538,0.383131580465551,0.230633179095801
1.04471225877214,0.102422555692027,0.889559340412893,0.160347399977875,0.248500152225295,0.06040801908893,0.872855756278571,0.37667773854909,-0.375957926292449,0.113197053767849,-0.607351488891896,0.0770432520742428,1,-0.807243721216868,0.0440279552772932,0.331433584107878,0.782905511040004,0.133228628756669,0.696327657838441,0.116683896917288,0.544583661205276,0.135966395799237,0.718022565866314,0.138199722013438,0.610049183871403,0.166226581313743
0.850335131299031,0.100828748709194,0.910526970115658,0.151318845068552,0.232300818373095,0.0587147862919462,0.433787652542126,0.280516153614191,-0.245694180616138,0.0920303186643196,-0.458304015290521,0.124852737888168,1,-0.773982082979711,-0.0249912021697217,0.251127783242434,0.692405836915906,0.126915222596123,0.350297555641695,0.139473781062793,0.396165386055573,0.1620138799084,0.812437414059887,0.137101788429172,0.611273138775528,0.217163048338022
0.821789660819377,0.0875710048098709,0.697739931645707,0.114668384513355,0.131560717244578,0.0355405359873026,0.150397798991563,0.0951316438657168,-0.140664289378061,0.0559016267277745,-0.432872147558431,0.106289706687348,1,-0.999999999972177,0.232392082671974,0.253431967023134,0.24606551099949,0.150805595383238,0.554872864889188,0.119360366350847,0.52382411564737,0.108285810776061,0.477636198625849,0.13457805631711,0.431737367920487,0.18942868834236
0.963575469744339,0.126051299637543,0.878959607409955,0.172848567540217,0.199270492095927,0.0583923765329409,0.420491615241538,0.342868056133446,-0.128323779172329,0.0801909831699792,-0.571756011687888,0.117690708330208,1,-0.443309434935606,0.414784816830503,0.29615762642439,0.615129087234672,0.150812540458305,0.656830433791352,0.125610509499517,0.451069755061809,0.148408136003025,0.763863241828132,0.184288023156508,0.595830332540296,0.203976981392549
0.98516077452093,0.110312567386692,0.722091935840511,0.132380028724392,0.313307421908307,0.0793649772237928,0.430068172691101,0.200174477140504,-0.367074311841813,0.114493632337001,-0.555949695469117,0.0936718923047618,1,-0.999999999938682,-0.233039852882808,0.268749147751101,0.817812456137883,0.122013482036693,0.571016429292635,0.124836721675515,0.746446908077556,0.124866936001066,0.631753589473685,0.164107493680714,1.04612513872061,0.198815333841907
0.952921462719685,0.117087049898223,0.755996103623365,0.155636791347466,0.276257477386191,0.0757991701982085,0.562686985282496,0.282643068896611,-0.378485552230156,0.114252319344772,-0.603673968030244,0.0941000110525981,1,-0.959972627932666,0.189307532965371,0.269220773966065,0.725365043923327,0.134300200570023,0.676756761365683,0.143511843201024,0.721625263533956,0.158607050772677,0.614393280459818,0.189839023402127,0.730158868965676,0.212572148137422
1.01802256280092,0.128539967209855,1.02455314289339,0.157710539637571,0.151727815579289,0.045613052756275,0.614572112450671,0.368638180541091,-0.126550697812093,0.0814054360696971,-0.67146799632999,0.0840657314850893,1,-0.414424590407431,-0.51771217265361,0.308062162794604,0.931473236277448,0.148567610293644,0.706030311091463,0.121504333741706,0.715067578591596,0.140580470129984,0.590239778574342,0.172523436904815,0.687959486651795,0.220554349930551
0.946511125770523,0.105521771939262,0.810778263673042,0.154695191080233,0.241597380040555,0.064847014016368,0.900577604540867,0.305982703962418,-0.32361358949548,0.0903341990384901,-0.310395621063434,0.166691439360731,1,-0.693777273174189,0.306287153068663,0.259804766125936,0.609474596946993,0.133063341829594,0.474659894950943,0.131383397748085,0.463844301801344,0.146271151927401,0.587864571281893,0.161155474292779,0.467839847321572,0.198864718472452
1.13072727529163,0.153082434491341,0.988064900506575,0.180352322093535,0.321987643001509,0.0904738586893608,0.518385454984136,0.36212836547419,-0.190228774301435,0.112917730413471,-0.702626098116334,0.0755573540231446,1,-0.465618474255221,-0.00793557673839055,0.333925404151858,0.872898774583708,0.12436011643846,0.712148647579441,0.152858921129934,0.703112964609957,0.160379763744584,0.878446878710904,0.16966851388566,0.970297190782382,0.18076833262284
1.17443280274712,0.14866559552869,1.07615183944863,0.190107890912057,0.377675989899554,0.105638415140762,0.591288027723902,0.360372579270252,-0.264923178832154,0.135503738442205,-0.63435048985338,0.0948432140109165,1,-0.560609853281967,0.115691572875911,0.32061925099265,0.919291465417714,0.137541833804227,0.841250271928561,0.120507870058353,1.02257886256228,0.160801730162581,0.530254460598371,0.218850104597247,0.72186175836028,0.257758618184759
1.30671338990578,0.152609670676887,1.02609861594118,0.171257904413246,0.374781550368599,0.0938169071960449,0.792927949755934,0.429542820861982,-0.50726534763715,0.171297436235579,-0.670111409959221,0.070686244377925,1,-0.930527539404748,0.846220609269136,0.378664920759006,0.695272541026993,0.166272457126855,0.872282186047075,0.115624478444644,0.762132054369193,0.139470586062508,0.832455178521829,0.147474267637028,0.927214202491452,0.173266009563555
1.07289486089205,0.140672813581136,1.11168253042606,0.191836993906755,0.278563897419625,0.0708003612013739,0.855918030954758,0.381909175332338,-0.40168093859634,0.131589636574742,-0.680106800166132,0.0853477284043901,1,-0.82262654680522,-0.0990975890391908,0.326845969007888,0.813882346968097,0.156538825158762,0.732182640756529,0.138552080240293,0.754857082791339,0.146664692900971,0.806812717083957,0.169137114402198,0.779660996164378,0.178837982476301
0.946496577888758,0.124748120366424,0.879396820092283,0.128840564918872,0.193319186303318,0.052400815551562,0.0912603675576798,0.0839262143248196,-0.132824621192523,0.0652105216519556,-0.566319311475446,0.104020088900531,1,-0.999999999913414,0.242991374434828,0.27295826373319,0.63664522690173,0.137282898632509,0.408299649797338,0.139737858919761,0.580173866628535,0.129551825361348,0.468541244246062,0.162876672633286,0.711442838154088,0.173894506405807
0.971720519240281,0.144603463648252,1.24762866258309,0.215977224813444,0.340092555867517,0.0963004830970058,0.638777507802809,0.449456109171921,-0.372138582102569,0.145594859804463,-0.715715713086035,0.0795330109687729,1,-0.798419853855927,0.00416396411212013,0.338409140823559,0.805381251883232,0.144038961675323,0.758001330414862,0.165643414787522,0.795073253796247,0.154472876399545,0.904468800234513,0.1721879143347,0.65708368971974,0.213280327010169
1.03689376650287,0.109985692763948,1.03455135635084,0.144012244897757,0.213689502394117,0.0559836526661168,0.227988814132489,0.236339884791951,-0.187520773065951,0.0822994329548972,-0.627434206428763,0.0761028576614597,1,-0.849573624559056,-0.0737199733990387,0.297023424844515,0.686758969715736,0.139098411457372,0.791819534412417,0.109497764594696,0.721685654557509,0.13117569036963,0.68463615261569,0.160696830769012,0.291374587498032,0.242155736067425
1.00834559806266,0.124443004780421,1.02445380544816,0.173639172846055,0.196519837106902,0.0624726213578228,0.324970518805085,0.292555367320765,-0.103916106135647,0.0769274229861874,-0.628672718956386,0.104990265370188,1,-0.411204335734605,-0.0836959696684857,0.280111197942933,0.772814339969146,0.123548243920636,0.423145435693955,0.157493519296019,0.765711327304746,0.151789307124687,0.701186468351005,0.190226455746516,0.633619716743721,0.195971270201123
1.14527004324965,0.1328927278899,0.961979915251638,0.173095600473054,0.223411229963242,0.0675167970462612,0.471748868881479,0.277228991713453,-0.172798368096794,0.100668187833283,-0.62155599347158,0.0999868614960151,1,-0.532269649696032,0.34806007542467,0.240903962329373,0.775293966797499,0.133354618470443,0.646775321297228,0.13410630110764,0.69961975442147,0.158423967099172,0.915018457556341,0.175754873765024,0.634689941380761,0.227725038190231
0.981285757697951,0.111481443571163,0.836061025641325,0.131221504677333,0.13181354149631,0.0370694522306179,0.135201350839433,0.119217632118473,-0.105254552840754,0.0524288534874025,-0.482036646413169,0.120344830600399,1,-0.78844310731108,-0.131878577382255,0.274635677902778,0.686778628839181,0.133092993185183,0.828940425932452,0.105226379500278,0.417516663341433,0.156562533995335,0.495470883135457,0.166817793571541,0.455645448026709,0.232413369166733
0.854499585801057,0.128234463119463,1.15706563039725,0.175459168243096,0.296583752484641,0.0783954260582416,0.575926799419418,0.317097495856252,-0.211487883882131,0.10255289691055,-0.643957175843696,0.0774631708315542,1,-0.511715026175447,-0.566251856401096,0.243091627411792,0.796710042902816,0.131193173033179,0.849555860982689,0.111712535757586,0.726122786209597,0.139051583135473,0.887159654855565,0.172382647137566,0.86062775915057,0.283925081848089
0.792033744879261,0.0991479670820103,1.03915464814538,0.154333515029056,0.241719277818696,0.057186095255205,0.571998608050503,0.314938819885275,-0.198291359167076,0.0900401518856258,-0.501712656418002,0.103199435864238,1,-0.533274306517416,-0.444604405263066,0.327028127340223,0.763680829400502,0.129628511102862,0.690267215687058,0.106109135457023,0.563436022755046,0.12665993417657,0.577588257246207,0.188683793715205,0.872194643652782,0.211561363344865
1.0598424163778,0.125624296061761,1.07738762938704,0.15917466152681,0.280722058491248,0.0674193221190058,0.559176654229555,0.241278767964479,-0.262897779929425,0.105536214637878,-0.590263767567311,0.0866411881082524,1,-0.663550732835761,0.375530249034705,0.340050492488027,0.690767844161389,0.130747740146774,0.872164047731417,0.118053844674671,0.566478405013429,0.147521550269358,0.740783277228161,0.149586606718496,0.757996422229446,0.232127857425438
1.05896351398226,0.132792311577333,1.06632115292662,0.183104871836453,0.232351875947549,0.0637932420090436,0.717000509814183,0.392049422971378,-0.217789698111358,0.108745445941972,-0.605940480956996,0.106713534965322,1,-0.533586101783875,0.118184127351873,0.294827387777902,0.534049345742403,0.163745472402594,0.640042196626725,0.140640992593504,0.758401394217701,0.125739570992059,0.957756796537949,0.137106451615319,0.630248688582476,0.237052834943049
1.05661021210207,0.144645997672309,1.02036982534468,0.181628057015694,0.317022029717623,0.0857581602105677,0.474732782632581,0.352795914481868,-0.221688960580837,0.106156126825329,-0.710703118140561,0.0736079961481928,1,-0.57144539142801,-0.127120176831689,0.286736972792878,0.657706298367403,0.146344427832389,0.984975901785007,0.132415657802377,0.831735316286817,0.15369314510102,0.356384483884158,0.217638327514136,0.593282611869406,0.207345018861535
1.07603798887984,0.130106225052381,0.733790698005818,0.139610884809817,0.259655305150519,0.0764790758349555,0.523317100989268,0.312119593816786,-0.32131449487639,0.110825403857986,-0.468981769700016,0.117917723478454,1,-0.871664289180358,0.317281174356405,0.262562266492552,0.449880080368612,0.150972349422412,0.78458315532514,0.134189340490958,0.457537944239875,0.14724559884701,1.0141603520832,0.151324329685914,0.582840781597561,0.234488629529565
0.947784724282151,0.123989022102628,0.97149942829446,0.155159107636204,0.255978079934725,0.0736571958360294,0.455716042895452,0.335278141182715,-0.110930847415743,0.0957479481785237,-0.54939505730121,0.124718670357463,1,-0.324790848086851,0.102569667872654,0.284061336064979,0.665229003352413,0.153846920971471,0.613009063165724,0.13517044696849,0.740120339445901,0.133142804436389,0.643293500240687,0.174688249804475,0.963151286445253,0.235840168794722
1.02573528509445,0.125121514575936,1.15657161844046,0.162160657884532,0.27925168244569,0.0785243915854886,0.512994153193497,0.2594717510746,-0.204397405954909,0.095621032644302,-0.554292378737279,0.0950029392981255,1,-0.540034210805554,-0.572873558792777,0.237802909754047,1.01117272950777,0.113911522807914,0.582743862821644,0.142815894216002,0.653716857492391,0.136498485527505,0.554956063752475,0.171223569909107,0.331425899789072,0.213783119177521
0.959905824015294,0.125515942162753,0.857016639234396,0.166372903512796,0.22358223999923,0.058977805672193,0.614449292564721,0.331235354759234,-0.239294525730583,0.0950568242469133,-0.584620058846726,0.091454885065124,1,-0.645611247427781,-0.150302869323254,0.258417999821188,0.713251827728281,0.150687834817207,0.434146761862024,0.139301224877116,0.728095799593588,0.137555657407035,0.67748942209455,0.157852846273285,0.821116930642035,0.183662317004955
1.1178029642949,0.128744712007483,1.01785913798576,0.163059704004568,0.227958417746222,0.0563739522654511,0.580690419708472,0.354833534095547,-0.229953742779055,0.0996052194862323,-0.701582895320732,0.0709969856054656,1,-0.632033845117524,0.510000050948153,0.338040420067005,0.735253427320114,0.155625447058677,0.923711756972142,0.113387183671787,0.548351836371091,0.167208606626808,0.92230682927547,0.166677517187626,0.851359304471114,0.182456024480425
0.86060982601522,0.120580788470005,0.94475656340665,0.13818038912245,0.201702175946651,0.0554419660824225,0.354701923764551,0.243141586477383,-0.168570185567995,0.0662185712570373,-0.558120142044177,0.107414869283221,1,-0.630222205561862,-0.235673223446809,0.270830073205041,0.680014205690405,0.144751735169485,0.608645127309618,0.127327416494419,0.694601391656702,0.142818739651176,0.596317103225319,0.185706077912709,0.611840885342891,0.187129413987888
0.942569262535403,0.0999779614084412,0.88760583080592,0.142726580491961,0.175476512518206,0.0469914616017727,0.221933056634677,0.239350348254404,-0.101585984545755,0.0623199349403687,-0.543464642294463,0.0905760184188578,1,-0.514770083565218,0.269687907712233,0.236209828380284,0.620565592080365,0.132245871075511,0.398592310135212,0.13298298658471,0.623610064468629,0.122607460078659,0.527335063695608,0.169780122869033,0.766506068813152,0.198201672146575
0.971262337703004,0.104679754356236,1.10574196214083,0.148128788995175,0.206867377032129,0.0490923983563966,0.271951975292083,0.158814330378623,-0.237187672121731,0.0837096828306191,-0.504424787486083,0.104580018287216,1,-0.999999999992411,-0.148130752169293,0.244079795246859,0.782780284639433,0.117620771987487,0.628068290642531,0.115896233805336,0.598595460097798,0.141700579516597,0.244233482948737,0.193074178390308,0.604789138297728,0.192887833592117
0.955590648555239,0.118254282535713,0.958898887703474,0.140905889615999,0.21185145172971,0.0521205318934817,0.327938370275744,0.185691082588379,-0.174901519794336,0.078400908999197,-0.562781893578821,0.0931961622092158,1,-0.663562361478421,-0.257892339848918,0.337793758212453,0.656198962255735,0.14575559911893,0.767407856962445,0.113611700578879,0.670664509441553,0.131562032611985,0.507099395814215,0.161505961153179,0.786602403024921,0.197712303054836
1.05646777102936,0.16281243329243,1.01452388781975,0.207481022235837,0.434323632292041,0.109062817448037,0.93800139735944,0.427868692444495,-0.548411443581565,0.19909869821078,-0.627834500852604,0.0990216948505925,1,-0.859207452891829,-0.0397930392350996,0.384761291375932,0.806673930887656,0.140689451338662,0.972458397918247,0.12369537011631,0.697465389242068,0.179841759427869,0.832916606142297,0.183994159447668,0.839329463510341,0.222712359316129
1.11142529339904,0.12832852572569,1.19247051622884,0.167948461339859,0.303988349764216,0.0789789291302428,0.44913233073841,0.290739053412366,-0.24356569871142,0.116257090085936,-0.646963124208476,0.0804252170629679,1,-0.659174650208253,-0.0813756719379811,0.280145108981692,0.666284271015192,0.152309733759726,0.784119989310457,0.139798026710249,0.832697854600361,0.140408234009007,0.765507573002689,0.154372081581298,0.576132739918176,0.202032193777551
1.13488072917987,0.129132807532945,0.784457744869539,0.150712296609379,0.268328347220716,0.0689704835535434,0.701114967322319,0.363053346038277,-0.400890120426902,0.120151478305654,-0.623375846316708,0.0818716366033312,1,-0.924267019727023,0.00360409867152302,0.289797665393305,0.911596003084584,0.129691169367817,0.792805419068724,0.118637211576457,0.579885042887695,0.147250597195013,0.503402080748948,0.166890814761225,0.881187493752957,0.206526909124488
0.910135144664373,0.107310810188868,0.885946958898653,0.150544135816863,0.237648517414813,0.0628921045912695,0.384838405074398,0.264304950532484,-0.188939251083684,0.0823654875745852,-0.579370815618202,0.096599372166955,1,-0.624763187371046,-0.287214788926639,0.257104881855385,0.733148757071187,0.12182554662439,0.711709622702534,0.122907217087301,0.562360262924478,0.150051725318857,0.338020722349208,0.189499596318455,0.688102014192381,0.188937377609609
1.13439832400181,0.144958230604537,1.21662407640182,0.202641292952739,0.275457417498987,0.0736778278528268,1.00051998048911,0.433883106320133,-0.336085682324824,0.135874819506944,-0.61231505099726,0.103994381945571,1,-0.640191483827198,0.191643945007487,0.328305642497936,0.877857275316808,0.151265809174349,0.555882097388207,0.149145768643735,0.746279726355941,0.143747122612912,1.07071512143078,0.152679421758134,0.538363619804006,0.225183308665569
1.08185546364429,0.127988515895783,1.32493665970596,0.195410417107937,0.259722191591171,0.0737088573210968,0.719936091962021,0.33355597467351,-0.187023614567684,0.100365360362234,-0.65429427489957,0.0806372316610087,1,-0.43250879549801,-0.110518967292683,0.350159497167656,0.843224391524299,0.14252865149697,0.748794674215066,0.135001265061813,0.834534286428642,0.164775131042645,0.711764023593735,0.180345601447042,0.836420161026594,0.19072366517284
0.967077120427803,0.126808775463025,0.797771039924343,0.140377883474625,0.261385993851641,0.0673931451367685,0.420223939758368,0.336406092310627,-0.14431106740237,0.0863497030257419,-0.698551354702906,0.0719062462716877,1,-0.435429739453927,-0.00614210551341387,0.283995799764187,0.590792554099709,0.128248571197189,0.807336530087975,0.128273486338625,0.8589570267918,0.131377206673929,0.605106370036842,0.191635339160799,0.571551645702179,0.286933712730637
0.9882352289675,0.126159212894941,0.785298848258413,0.170149531488106,0.323574408980545,0.078648614195107,0.575615199903224,0.244206948835041,-0.241495094261286,0.113398775677269,-0.689434248168301,0.0595732664182062,1,-0.559570876207454,-0.297097838370464,0.290794114822964,0.665526028213816,0.137579144321121,0.749791108385951,0.125944959343126,0.770415190782241,0.130635114564759,0.384865209206462,0.176875809710319,0.787370904231426,0.190577750393836
1.00097666294109,0.126250942423852,1.03579361280465,0.151142376464918,0.244850612269615,0.0626913034514564,0.540167237830793,0.31761632990205,-0.302269984354504,0.108245668224117,-0.594064724827541,0.0942639335060088,1,-0.83115171708975,0.0782103569305842,0.316623840169881,0.791104591201332,0.123050857783474,0.611447812120565,0.135086363911911,0.795568205698066,0.138977917695028,0.755951749414776,0.172729620027053,0.780508092787536,0.225845615859081
0.930522524571646,0.131207329921478,1.22746502635498,0.200309902271473,0.262895610016411,0.0711364680000927,1.49359863439769,0.566224858542163,-0.242439345017791,0.125048488081876,-0.526077407313762,0.121137545384405,1,-0.386896215022091,-0.468404857657761,0.329216356781686,0.844286496396815,0.132182608781367,0.761707195245087,0.12287449794418,0.631614219473399,0.150498792789185,0.681536783847161,0.16674268689616,0.817477228062068,0.185308912549351
1.00416235779091,0.119005571713106,0.751475820086411,0.159692716725823,0.260467055722447,0.0572818990139543,0.264575384273973,0.209628457028775,0.00234206714153579,0.0594076320843311,-0.509105703980911,0.119491511793868,1,0.00892171247518612,-0.702180447792579,0.289239957494734,0.890328766436615,0.128124806786434,0.769007043508805,0.117881335582386,0.593976015836339,0.144340868071843,0.622614805529048,0.169295957714959,0.75635985454119,0.175490503708507
1.14024168741922,0.139640854962201,1.09806701591247,0.222665907415915,0.301587103695668,0.0848976047774556,1.4454068523655,0.520588949999567,-0.442741188849478,0.150331487226434,-0.719864236349918,0.0763252583610369,1,-0.670576745896709,-0.164728699020071,0.285016339398498,0.911035228285778,0.137331162323171,0.925329863509263,0.134617997372991,0.896443790179326,0.138582193195201,0.781285596203056,0.183672081759084,0.844641267048958,0.262387570479285
1.04408809590767,0.121353229569256,0.902794327707574,0.133270893691978,0.241525602488264,0.0623724212698614,0.106986715332679,0.150905614766836,-0.10754878525154,0.0771768813091988,-0.559029939826918,0.0997901144912759,1,-0.669050647438437,0.120501016728252,0.305423129277065,0.677173025579617,0.135995930990527,0.563293193415387,0.126673721200444,0.581170661755619,0.134774420846703,0.850669083313164,0.160269837430418,0.680945009234307,0.191777177900423
0.817554018273627,0.119101281847064,1.11829801202161,0.185377032057185,0.282169420002917,0.0743503525147301,0.547889297667064,0.385815186887532,-0.289707500106072,0.119966302366026,-0.665000969086751,0.0951658559027256,1,-0.736814828145014,-0.357811358344538,0.353884825064912,0.693573613880853,0.126216668340636,0.754549950354972,0.12700350522315,0.504181858867654,0.153041878405653,0.724946768081478,0.178696774217919,0.599061972537362,0.229866709423602
0.972137182123052,0.129650751479772,0.858413954318066,0.15945496679363,0.343762902103819,0.0871534708466639,0.324227820566807,0.293611944469832,-0.233762841216445,0.111960108035185,-0.526327906977649,0.121177401123036,1,-0.700197950289478,0.0678912386454724,0.298651157893054,0.718546382769058,0.13001466760298,0.609340845561594,0.114321129820719,0.634491012900698,0.146556018462977,0.97068863092362,0.124995946166511,0.213680716837533,0.280367501057739
0.950891375898024,0.127605667957523,0.823699051847887,0.16639345160174,0.176118354326715,0.0499634737104915,0.431718449474514,0.257066266731804,-0.121308414310319,0.0745531078562497,-0.514152588832038,0.133919413788444,1,-0.439934794967022,-0.0317240856692172,0.329565197999326,0.574145394879346,0.145598631482079,0.363108676595666,0.146565839345847,0.751329220546989,0.14163800603487,0.528846898608507,0.184578223467903,0.593992777777117,0.212207638262509
1.20224182513696,0.137664857465847,1.13319440901268,0.171039736814924,0.240308379700107,0.0608522703469662,0.867083998890055,0.381562920544724,-0.318722049703547,0.103527025905555,-0.587287012338089,0.091831933609186,1,-0.698227687281357,-0.0521209421735762,0.347777525625719,0.781846360036913,0.159848580154412,0.893718711756311,0.126060109799634,0.867953710283128,0.138508664473804,0.655101816282318,0.159476840334476,0.94343076597867,0.139135164116221
1.08784084899732,0.154972208167258,1.45853739900585,0.211533775202294,0.293156281696871,0.0828832578770746,1.17263497855401,0.469234503789215,-0.283664875191214,0.118238409150597,-0.714937579801487,0.0663647530218102,1,-0.483809662813349,0.136474060175769,0.366054412652764,0.716076040516283,0.148506887540455,0.821097679161911,0.129382150348466,1.01055910711857,0.143250608271195,0.868671397337935,0.183544956408007,0.313106669156136,0.284735913312454
1.14685064226718,0.130652153138524,1.07094640177282,0.187778952351836,0.254493703636483,0.0676668734571866,0.83264059982518,0.336109614871342,-0.209263854084794,0.116977055336468,-0.206397227097665,0.194236933340225,1,-0.454597357471985,0.503370561655107,0.301591797790646,0.681663614758424,0.135767338286433,0.618245154446923,0.128648774145241,0.524326361044237,0.154552777500242,0.885090819839818,0.149623246634706,0.842367339505379,0.166951335198538
1.19217570958404,0.112975367457024,1.02131114134072,0.152849251229087,0.255925052826942,0.0594882808883661,0.448159224624884,0.258160712468004,-0.219116637554127,0.0811176686969853,-0.626783454673196,0.0784931114479808,1,-0.646997770307063,0.386052799787273,0.219217181656064,0.762987312298186,0.118466318265169,0.785432485562641,0.107098511390814,0.79670945958456,0.112358255792865,0.790866282954799,0.156133378390741,0.465239000870522,0.255987805166419
0.882594613923834,0.105196258451996,0.912227338204926,0.170463156822722,0.166814028012276,0.0415466174407331,1.11253158220808,0.425663217108242,-0.168481417709308,0.0838941144330677,-0.455108117499989,0.162724270959433,1,-0.391092555722701,0.233634789451653,0.265320817435305,0.532967220215338,0.128192125419702,0.638928954314828,0.121816741086067,0.806034048928629,0.136158960227618,0.476116982750906,0.192690644533675,0.667243043689411,0.227576254439868
1.11231261637865,0.132054626108285,1.35175018130126,0.223303078732117,0.246937612168299,0.0710387292310837,1.2416281886949,0.575471140986579,-0.36982366057504,0.160896238313604,-0.624461552109601,0.0829077584239182,1,-0.667890535049017,-0.269067831445391,0.268599689347079,0.768155086434348,0.149205447718638,1.00500707885714,0.121345884332185,0.846249912173089,0.144542673984499,0.792880871794307,0.16614057782329,0.423935982013213,0.198500448074694
1.00995285389154,0.13144787257255,1.0651225211194,0.154027093564066,0.193264634359041,0.0507124513361586,0.301425570749721,0.220134561163146,-0.176345220389647,0.081040439492792,-0.572254570817831,0.0971648178250174,1,-0.7306299191227,0.201406126810399,0.295070388000637,0.765058473095603,0.130177958028396,0.578604280303698,0.134838346586433,0.559650648918652,0.134705354275751,0.493190788642194,0.189887878625345,0.700313241304776,0.204928036990563
0.955141685291769,0.117216955488751,1.11857310979251,0.166888474746226,0.192196284795552,0.0548940926395231,0.560231295513827,0.298506328697112,-0.215855772242178,0.0812819861738235,-0.586308429812448,0.0911652928129109,1,-0.657820630559271,-0.226244566621489,0.277848801386998,0.779141983859889,0.134760886048422,0.708263463777542,0.124894573434516,0.670431814715734,0.137194923463503,0.597385466764224,0.174478634498149,0.682210260756575,0.204285102999144
0.98711702522924,0.124217308353381,1.09994544821534,0.159013977956551,0.268989679558504,0.0671549314934097,0.232622774885772,0.273189105841033,-0.188849802603188,0.0947050085056951,-0.694210348399678,0.0605943099013514,1,-0.754957685202515,-0.0806813094771087,0.316039966728937,0.692070510526807,0.153560074308046,0.574557366350934,0.131035947050027,0.736104687408259,0.140931618036808,0.786290310641459,0.16840087558798,0.526806924469153,0.213093078947565
1.28836122941004,0.136379743913094,0.896202250527534,0.163436415569069,0.248986255541667,0.0710522812656223,0.560894087992579,0.288281644424354,-0.245176929919932,0.106157514168797,-0.753397998135063,0.0565690563711188,1,-0.656071971483486,0.189541545136581,0.289441695078077,0.954166003032246,0.120223497119365,0.642839898845733,0.144291033389652,0.924184943259735,0.130089049526296,0.771024380198832,0.158440824587782,0.767625918643081,0.206875311891511
1.19711102804142,0.156706261234138,1.04982489367508,0.174850050916893,0.416076788621011,0.112587796398523,0.788997214111135,0.354724282339864,-0.375290014927454,0.148414550002395,-0.680919938904238,0.0895831214418131,1,-0.655001855594616,0.100835099827095,0.328011846116391,0.810452981729286,0.137566431162895,0.680041723434148,0.146522486997782,0.845738879007853,0.151318855443104,0.687149497189852,0.178680190382208,0.79665823625841,0.198314623774884
0.968168517374505,0.131077171775568,0.870218279856553,0.16151384625335,0.229794658155692,0.0635333384619018,0.802189048132803,0.348126301875852,-0.248422325775063,0.105868168170135,-0.440433885275859,0.151742927835607,1,-0.578605149878494,0.0870751234828431,0.29048544089205,0.632109983017482,0.143883283008649,0.810404310868271,0.126292887487066,0.42848119864893,0.162977749707417,0.634212083161162,0.175746006033414,0.654914038056182,0.200070318397652
0.916028477361662,0.120838367576877,1.06687777925885,0.174180711000148,0.235864307638641,0.0673651534475485,0.509686750325034,0.297507941156848,-0.202097835417261,0.0828662506386431,-0.647027413598777,0.0873945449390466,1,-0.582879628484883,-0.247532974194386,0.326931277786826,0.852226030524763,0.126696900521548,0.683447566663135,0.13347935241024,0.7088805383424,0.154107469785595,0.716547325711912,0.173082795241732,0.520003860106079,0.221433502073142
1.00554508038052,0.104127254578159,1.18830606952318,0.140817747186159,0.240034482373985,0.0547815650572229,0.290853983302215,0.198139176353772,-0.231496811423897,0.0832015260915779,-0.512516251632574,0.0906331875650448,1,-0.876134310133255,-0.00373689550425431,0.26440958151421,0.784525682990767,0.115763281312604,0.519895163633788,0.117010097379658,0.674132486812681,0.116631862694907,0.791863204037751,0.143352226126783,0.569468821850836,0.234033345235971
0.745270117477145,0.0873964564841952,0.736854150970738,0.138790273218907,0.131067756807518,0.0389094395551385,0.366313199444118,0.262185959157062,-0.0887474879103664,0.0599354857093353,-0.526020191699981,0.107699235984244,1,-0.405025019346652,-0.25873589058857,0.235867734571538,0.57821709720391,0.130234539580944,0.526247016535543,0.128776280561476,0.524979100115124,0.160722971597971,0.521874725266367,0.174088315886759,0.393991216558363,0.187344295721783
0.902832002501573,0.104433711374577,0.634373785878005,0.118241486805532,0.15345869405274,0.0425177597803345,0.122593868117999,0.149345490470346,-0.105439789507039,0.0615834092215321,-0.493358954948399,0.099103173006958,1,-0.768731021707917,0.0353426479268923,0.273006282580611,0.358792941684453,0.143357242749879,0.651580661360702,0.12240912841224,0.493142575766954,0.125261353976291,0.656163443816071,0.174092777839728,0.276868307452752,0.261209612193506
1.10164813434009,0.129744161045638,1.06871235765732,0.188511151261694,0.246997251729477,0.0649714852691061,0.53417909382588,0.284739760545964,-0.271256255706094,0.100363334193468,-0.706078116537411,0.086640605321587,1,-0.746775839332864,-0.120611621519995,0.300518411127751,0.796177447049336,0.13251465561113,0.908017530662237,0.132997637588835,0.594382614020966,0.151648136551125,0.751456639905748,0.168198946197771,0.453489296430006,0.226906639926658
1.01789042448188,0.132505264218138,1.03823562730888,0.169378899547565,0.260410041421798,0.0699278884039394,0.353325512196541,0.280452819851091,-0.162583048865147,0.104984127632341,-0.547205845848727,0.105901212029448,1,-0.53599273299307,0.505444464215335,0.35093753446429,0.355836512968572,0.152256763443459,0.840961912745248,0.122650073075144,0.566369161702635,0.143756807622635,0.546932008330893,0.149561926079107,0.671069174375712,0.176070072822259
1.27202487176531,0.171730739003964,0.885268892562802,0.194672983620832,0.364354085639171,0.106661024298704,1.2049937200576,0.600619417862015,-0.239129481605519,0.156277686130087,-0.7609581101909,0.0678754793108456,1,-0.360893374173536,-0.0560275186742175,0.3308885477468,0.973372564940561,0.127471208471567,0.803112732270034,0.141009467893755,0.877125392807539,0.153121025267552,0.810345433746448,0.193902234945063,0.660931819290057,0.235915992981004
0.931621072171049,0.107939823837186,0.884630903722157,0.143064962894045,0.18154461020562,0.0464363592518436,0.383741614318236,0.192859504990298,-0.203608668685087,0.0754629190029101,-0.538004376332081,0.0977516939646237,1,-0.771409770440327,-0.145166043424127,0.272645251154882,0.720828596260975,0.141288509319387,0.69431612832749,0.118331204375706,0.554086598056136,0.132353320358347,0.670076364602963,0.154712788723712,0.427710239680244,0.24283939527442
0.98046979905529,0.134662824100871,1.08961145895795,0.174377062321276,0.241428196895209,0.0676071814296942,0.575486469623103,0.365005015001141,-0.161212866827508,0.0992139902797113,-0.695555502784583,0.0653811532197119,1,-0.432502026759176,-0.149744213648104,0.395917868430122,0.770155830121639,0.151669669597279,0.688344078128252,0.136009747967415,0.832599867175836,0.128688899632299,0.538779462871624,0.161378500481792,0.705947250214201,0.208718388015964
0.96532777768793,0.106024983092839,0.896248538277223,0.130441120008433,0.195125129855465,0.0519564331664559,0.240199018932982,0.175569485534321,-0.167737804771799,0.0729156392731302,-0.491659816664027,0.103249386223896,1,-0.774798440355109,-0.0620128902377885,0.260705483925753,0.600112617729361,0.131771207125982,0.521315813574821,0.136388450156888,0.532037574201009,0.136618381097156,0.435767717782734,0.156352846158099,0.735865362488531,0.165524112346748
0.814525673792434,0.115299308357691,0.799423663305027,0.160006893192383,0.234333325394113,0.0675764110256968,0.39770109506227,0.253048459296327,-0.17895432922486,0.0837800433023967,-0.456256895134885,0.148676657622546,1,-0.586201314564254,-0.185013466023545,0.25989231595201,0.458976757500263,0.152591949843825,0.636122766464012,0.14017733879833,0.588339442878531,0.1415525897074,0.680788035349203,0.165318493233398,0.79735715264768,0.182179707019655
1.26276770998916,0.155531807189233,0.990938388799685,0.187528080962217,0.339637464050189,0.0876843973616538,0.946480043570764,0.50960234623261,-0.207187902244189,0.131439369069057,-0.680337683196211,0.071330162430585,1,-0.3654271979592,0.182614228563557,0.341633139979269,0.674140239582875,0.179694876887725,0.818991501389205,0.136102085856581,1.01040633209289,0.117552235907428,0.757129005525374,0.163941976827816,0.931006034750606,0.208157815332219
0.966474962637947,0.0996697388108832,0.985005717649185,0.161687160620386,0.190802507250249,0.0473392702820711,0.389923473428297,0.217812332925312,-0.114283344317818,0.0711058354619863,-0.627224440841315,0.0782481074209233,1,-0.418987640296901,-0.115120484136028,0.26894291958739,0.651420742032085,0.136257991023102,0.678507151598839,0.119155077348905,0.733973510991306,0.115479652748868,0.693547752159582,0.163722409594859,0.475068189445911,0.197339615995329
1.04967491878639,0.114411203757795,1.13315803531842,0.174582691379998,0.22964780854216,0.0565287935960415,0.707645651749265,0.353606360568808,-0.312364948733239,0.115662292324091,-0.577233839939692,0.0852645347564697,1,-0.774859961640233,0.259007330472865,0.306843926768525,0.770440240589231,0.137450522164821,0.579839921859693,0.118789623797247,0.6831332403962,0.136130251965752,0.825195511735068,0.146447238015818,0.657036117715382,0.197811877379549
1.16480619127655,0.147633328512564,1.21749096256828,0.19529829611911,0.295801047754924,0.0808364767102686,0.889985013686414,0.391426339895472,-0.352639131548212,0.115692153539123,-0.703166915654662,0.0753616777198852,1,-0.687288856522955,0.397892588580811,0.288248009865546,0.574003000793919,0.168502511973429,1.08163901243925,0.121203060604466,0.983772948606966,0.149627440320759,0.630267387850331,0.205304778378816,0.862231218309017,0.214440699027494
1.25094572153882,0.133297582155824,1.0451508545063,0.159656717343937,0.230619808362431,0.0563877778784598,0.36882903988783,0.213462806607214,-0.238311143451184,0.0906324811309661,-0.686808094087833,0.0673566657839728,1,-0.817115583162738,0.400617154394647,0.357257011602102,0.67267928720302,0.153920570923122,0.798533747343097,0.13209769620645,0.846484058055013,0.128040021460703,0.658124064397805,0.150907016142428,0.890986461272799,0.158148584574843
0.903292350618467,0.150885310943766,0.755859137555207,0.163500249472562,0.222151520365016,0.0678798029294945,0.603298761540644,0.326517087259566,-0.0921393982739953,0.0793455564605826,-0.621063522748999,0.100787221720511,1,-0.251683363893211,-0.152522752867924,0.354569707437249,0.78364965231,0.156528325635493,0.548639922860632,0.153103075834276,0.679861259764767,0.148244291213016,0.686805740053428,0.16729326455638,0.625037605786276,0.247792905242194
0.884615992569725,0.0919767764831444,0.919544027332135,0.131831768853623,0.138683412247176,0.0366940176086468,0.397828207403208,0.218160230270338,-0.154488469488269,0.0692585251804514,-0.419507329479926,0.129877393504195,1,-0.657712392518772,-0.0658737457312407,0.248295852646137,0.575553505877181,0.130796418455846,0.724623004151347,0.10516302868057,0.530153968936712,0.126436352001221,0.649886136707349,0.162871872177302,0.687659367741245,0.193616213271835
1.13440808506913,0.127424777326421,1.06209664674409,0.159018729627008,0.208338580880503,0.0530208206890446,0.665695404839949,0.289049321353497,-0.123738354792012,0.0831600677621492,-0.65663536277573,0.069109313213445,1,-0.332262789649468,0.127179090251666,0.267304609691181,0.790246371166129,0.119845859940004,0.799800876475429,0.123247217854133,0.685927583693726,0.132473613579869,0.912929336136553,0.120891219062998,0.783357418891409,0.165396779813951
1.0121904142145,0.118327314280635,0.708239341278796,0.140112020605691,0.237004445737079,0.0588083854431667,0.562734891001462,0.264040995409886,-0.273727580399007,0.0957956148549213,-0.470530278308751,0.126071819830182,1,-0.749528913269809,0.434894426940605,0.283817282660831,0.476307344426493,0.151376853489578,0.578325301943564,0.126669364113272,0.442077577053548,0.147613481995419,0.762794433282495,0.12487783693613,0.633587807663292,0.194371899991812
1.32047076353192,0.165224357379877,1.12595960655992,0.209789855584694,0.351120565173465,0.0888766713010492,1.05632262649872,0.562406114210684,-0.333044197364608,0.160701057245745,-0.757935636596399,0.0628709903393446,1,-0.546859104103897,0.435087801405327,0.351290892900995,0.760560289218584,0.158267301181387,1.02767997022631,0.122206873959795,0.88125734610662,0.142203224131753,0.80275749170879,0.15524069808417,0.747547253005556,0.22749482741862
1.22003135529328,0.175354096499029,0.865507655619423,0.207187879024894,0.514974317393453,0.137791206443441,1.51302471939868,0.624571665697413,-0.681470912568781,0.213021593674052,-0.665264856093033,0.0832697168421668,1,-0.772025288609441,0.27693164229246,0.382994052110269,0.655483170283635,0.154370215189003,0.922802897110671,0.138489242185141,0.86441358980321,0.164777946880083,0.937948506052639,0.187553219235397,1.01367581046395,0.191583751818971
0.945696473464822,0.120361654232037,0.790777578043091,0.135453227793912,0.284090932754541,0.0784186440468685,0.311847444456648,0.213089305753267,-0.215302884102585,0.0983203646461298,-0.444993793568998,0.132867979912298,1,-0.723352632647705,0.0941767819417595,0.291513181439577,0.6187378849993,0.125917212592725,0.649123348630969,0.132314251581007,0.710336759591204,0.139274339183094,0.391635204187976,0.183354057586275,0.541334384065539,0.195497861935514
0.968244882150952,0.11449034598909,0.913172870530924,0.148353707378475,0.263075732435678,0.0735088490760443,0.540121853237262,0.257920867446397,-0.332321855725752,0.0973377108544818,-0.614606029095121,0.0833239559366199,1,-0.881602139952879,-0.170527793514848,0.261822719186239,0.720686097125404,0.122450946753371,0.855741950673393,0.117123534342405,0.384921368424768,0.168138135004857,0.696555712947025,0.167741732394745,0.53352499309225,0.212736904635201
1.07875730905181,0.139091873782462,1.05638763483612,0.182076965385116,0.295698105939163,0.079617426026184,0.655793832951014,0.339755509658532,-0.281858629268611,0.129154266296263,-0.674366272061206,0.0755742218073571,1,-0.640063998217275,0.215557783047247,0.328112416020396,0.60580389814845,0.142519464316501,0.794144893360943,0.12433576341232,0.85832765395335,0.139480412927508,0.738650846014329,0.163864623225376,0.605775139798075,0.274705826591266
1.19857359625687,0.165148843920824,1.16042411952812,0.227441885799431,0.406315997616098,0.113731045185298,1.03635728658055,0.571875096049122,-0.309103376713547,0.132689046645251,-0.700170839098749,0.0756432046361541,1,-0.476339981939485,0.301545446604563,0.283491556353939,0.688820335611623,0.166325179886381,0.786348670058673,0.136071457530534,0.752968024057549,0.164516761738106,1.14235589279697,0.157589938269578,1.04329046653739,0.2164982068624
1.1933635321074,0.141071664374151,0.937268811030967,0.185179608806487,0.317183584860654,0.093138462805166,0.699016746958477,0.356197088736438,-0.324561728611727,0.133540287890975,-0.617674196988215,0.0947857195181873,1,-0.689283949589527,0.197090505332326,0.283348827232509,0.728125585277731,0.126610133545696,0.765129769484984,0.138423975526681,0.907785329884044,0.143162749916415,0.798390233740217,0.194229150027374,0.611146591166875,0.251905195942294
0.965566319951104,0.127933855424471,1.15815431509861,0.193317591303184,0.225521211010648,0.0676374236540564,0.77441167728629,0.351850022856018,-0.188208410954291,0.101640732929276,-0.499580427356279,0.118326247113999,1,-0.450359557726138,0.262243179523812,0.265641519833335,0.637386648910479,0.151934915739742,0.678994601146948,0.147734179505862,0.53442808386004,0.154141202616009,0.736110786109044,0.16978531314255,0.619102431641231,0.187440832057195
0.913076529650218,0.126544255645994,0.758271320341226,0.170333509954855,0.226437349070243,0.0665871980866617,0.602551301396232,0.325667316317719,-0.121187905937105,0.0939548348418596,-0.556771499250843,0.108971218130085,1,-0.328086405777627,-0.0527581672062694,0.253530442493185,0.688946676178312,0.127449161824375,0.862058691955882,0.136443755636649,0.703806935698589,0.154926421852755,0.568322756612567,0.202088564191474,0.652415407910108,0.202640373441506
1.02643141223576,0.135427820863676,0.796652505573466,0.174489169590528,0.251192379537473,0.0665894975741595,0.659239458757837,0.308936054719312,-0.340203372733345,0.113249473853039,-0.6072663733835,0.0900110508475614,1,-0.836014457202772,-0.157222278461922,0.329630069797291,0.736545032111817,0.154560496475318,0.689780704898458,0.13184455588346,0.667233036144267,0.144542809907935,0.600205303326059,0.174311375531846,0.757302695522824,0.180031924043506
1.04607999963617,0.13485334602445,1.02593196149218,0.192781279864119,0.250493405140743,0.0696703082977479,0.909021124310505,0.410749192747243,-0.25464568776239,0.104416582731576,-0.691206019610343,0.0649495292130573,1,-0.53364345837004,-0.155528434266422,0.313944530014412,0.799350181683922,0.139879914072294,0.773969513440472,0.128299440339433,0.798415065185442,0.138834030859565,0.866187499494511,0.176350373333481,0.804056041978641,0.184127639926972
1.18573134756755,0.141197369745525,1.10634939613916,0.196928515590211,0.309049683659606,0.0847858912413814,0.481738879087038,0.349499131926851,-0.283931236242018,0.133371605178357,-0.757340899949165,0.0488720678724535,1,-0.735856571713977,0.336583278585815,0.317342467922854,0.711670858458039,0.155264809558041,0.841054339461394,0.121785668578777,0.843376023618033,0.11571336825218,0.988755601369381,0.170940292112608,0.488326642951889,0.279843959125606
1.00621327042923,0.142669333597087,1.143929152608,0.191616013358971,0.31260777527777,0.0826738750823807,1.09264123366052,0.470299745480131,-0.318181973463518,0.122186414697117,-0.663974178403557,0.0759128131467893,1,-0.544423534087826,-0.19195557680446,0.302848027949535,0.834369964710409,0.123161021330658,0.828824018305362,0.128180202369213,0.744860529334382,0.140433597099415,0.939604559670093,0.188684493046834,0.715989479627569,0.213382002821258
1.11858348476616,0.134979258172503,1.16719811914907,0.198056798108349,0.244078677797068,0.0730282631105699,1.16963461992699,0.497636519047988,-0.349912069193743,0.133490887822448,-0.703453554766703,0.0709437959932575,1,-0.654890807214233,0.262591795640699,0.34796446078863,0.848818390348267,0.13459241886328,0.815959334958748,0.122046644943096,0.747218508897183,0.148231078478097,0.66813410026304,0.17401017479898,0.556750020750339,0.273765852363107
0.933590367780717,0.111156435028987,0.81707498690376,0.134803177053975,0.18040799149599,0.0429551100024087,0.451984227139911,0.240328650682548,-0.205460934561132,0.0696492131523196,-0.60494447854834,0.0825911858661186,1,-0.719514803577123,-0.155150999848963,0.277921132256313,0.652350929882555,0.132653011798538,0.622087017714839,0.125247900638481,0.829903642378243,0.110384638648664,0.380647899085849,0.170147995737363,0.856982825671048,0.176118192110189
1.01433703515444,0.136541000003625,1.01619984250474,0.190617525099971,0.320621624095084,0.0883342995728797,0.686196450996366,0.347542466568565,-0.224367956822137,0.130688526104755,-0.694427871665956,0.0845645365691572,1,-0.478343849803785,0.284767243412864,0.307723019407062,0.627189624236379,0.166662762720714,0.726721604196083,0.123907385166393,0.893276623948255,0.134603681419407,0.642234161021083,0.196426301529967,0.824631152414281,0.223297176219549
0.993653683664387,0.11886180996756,1.01550034409432,0.160287216806171,0.209863842815513,0.0594590179785758,0.641731088415441,0.324818392205969,-0.216034281843145,0.0941544876999618,-0.419762736616862,0.139587742573158,1,-0.588677346410626,-0.000734691552264412,0.294952492019158,0.684277559958399,0.121871575663742,0.657123024120897,0.123119430142571,0.682790258704066,0.152710833411892,0.59494408943044,0.176639344265773,0.351156231216177,0.277726102402059
1.14105894913457,0.139149682432983,1.20372845498618,0.189790673977793,0.191494742047597,0.0544794964594676,0.475575198868116,0.282884304780773,-0.120821283296139,0.0877796153181441,-0.604318039113943,0.0964047942293977,1,-0.400364367488579,0.669951998611014,0.32108102255085,0.572305547396079,0.159083230630282,0.865375168900656,0.127055599219603,0.621860659884221,0.147656250765878,0.756384167636562,0.165366108485107,0.396611947606199,0.216796451188762
0.868898120362701,0.118703082664018,0.977885534422806,0.141451596804688,0.19687668956419,0.0538012518918889,0.311954457736128,0.258301330024108,-0.119114388561156,0.0820117697615943,-0.484987099812212,0.115567454701143,1,-0.480641734997767,-0.0117547542697056,0.279542544109004,0.433431454270143,0.153756554571689,0.866045234543016,0.115966509387368,0.559496988901269,0.163530721480156,0.557588035205821,0.173355836239008,0.517569136389563,0.219694277827382
0.92623124282069,0.120870614982425,0.95020470812577,0.145104544341678,0.23361129461572,0.0647622068747846,0.315349649573359,0.26574528817864,-0.134346979418141,0.0679945565407022,-0.571904246906961,0.0985499502873681,1,-0.4949767639285,0.0132701104003828,0.265568637003426,0.547892051895559,0.142935862914708,0.597268882273847,0.141218481405721,0.793800116657172,0.133570835351983,0.292326682760464,0.175883614930261,0.895091347971296,0.19321845956442
1.07109493519558,0.147315513384848,0.973604724406863,0.196955098848191,0.325401991543972,0.0938348110698523,0.522328474778407,0.329935644579063,-0.23291872742893,0.111024801827188,-0.553547323833226,0.099359185222743,1,-0.564966184462962,0.0137431889514762,0.308585740095067,0.791046816688614,0.152922205977627,0.711445779944139,0.147216965163816,0.623385988844909,0.166401391298739,0.77792868567306,0.15194039863323,0.69487144373278,0.206260770272933
0.837090768110468,0.117783337311903,1.14176674697618,0.188911503289568,0.171519454805572,0.0526168649226015,0.78754617375725,0.372538914884198,-0.244963147260361,0.105000687144812,-0.456830919344205,0.145760703391174,1,-0.666509043433861,-0.520107835388632,0.316666724221296,0.621038803873116,0.174206134787027,0.525049304663962,0.148773218714425,0.649830839686302,0.15080661596801,0.719550845301141,0.153058389795801,0.557544672088596,0.201062643327555
1.04041178777096,0.12953145559166,0.906767000952977,0.189168182269431,0.273847520909312,0.0730980778005817,0.603883810700228,0.289795001358,-0.234313456692887,0.0930146661582728,-0.606339809957106,0.082943853400426,1,-0.576190549273794,0.00248039532165406,0.356437490694431,0.714488476930855,0.132737306432851,0.640776592603808,0.135863980686655,0.741908944261914,0.137387556755849,0.528438976171955,0.182909852719354,0.752359618118807,0.214045893683469
1.01808194160838,0.136081114411292,1.01976695549197,0.168710749924691,0.279970458728759,0.0699044334621409,0.662798044695679,0.280066012460334,-0.310456646885252,0.111301252172842,-0.482643884676859,0.112387022281351,1,-0.720699546569493,-0.0139881485817223,0.294360353096847,0.740045867375045,0.14069717194978,0.697002998723759,0.132642083797235,0.620938425882226,0.150668676075421,0.613617495032619,0.168348868217988,0.68932555894426,0.178796617076666
1.08532881331753,0.120989822545447,0.84525152385604,0.150467152893311,0.238735454460199,0.0565730937709537,0.616663750132533,0.279732993529957,-0.281886529366537,0.0991792279570282,-0.694354097755693,0.0648019162785354,1,-0.734668894457649,-0.0699286740075425,0.254045333838441,0.723682027737749,0.122904762119005,0.840263981421087,0.114828258790077,0.671113337840705,0.147006845136689,0.665397798883368,0.145642794224731,0.750985276549832,0.164063124495954
1.00499738867396,0.124961997918436,0.868783535675779,0.168834361781593,0.260968400147553,0.0702738948862701,0.827899521188834,0.406634021004797,-0.179321011668362,0.102169312513844,-0.626238717150268,0.0803455706641612,1,-0.38578772314963,-0.57296541849,0.359992561298108,0.653515302962335,0.147595961424945,0.808579876939409,0.122204344005251,0.936301729211971,0.124270630587962,0.707733978359303,0.167377461500306,0.816366101621928,0.209474810345677
1.10458531756608,0.128170998728494,0.845260128028772,0.15020272778472,0.248712449504891,0.0586377513752241,0.289309084151884,0.189990216730776,-0.219195343673341,0.0898809266913641,-0.626700645048115,0.0694755524610842,1,-0.817149513806527,0.150064066764984,0.335955890674138,0.643267107579071,0.161945260761245,0.873400609493982,0.107446214649658,0.616992272926546,0.129855146747628,0.824345994153772,0.131180542658789,0.688056845544983,0.157627695596171
1.10459148957166,0.151687983726334,1.22154328044845,0.220428127539769,0.367019037216794,0.0981037730604111,1.16756976447391,0.500420676892695,-0.344859677324838,0.143479277679277,-0.698003853336915,0.0811176670506072,1,-0.526813264885305,-0.310164980708113,0.30790107696253,0.807129323308081,0.151926819719467,0.895300379860658,0.121427785469785,0.879317452566847,0.159816593521599,0.9145805457806,0.165862723290424,1.09784295447281,0.184937434011939
1.10790392086476,0.119275600023527,1.16853586093853,0.151952948433866,0.351365217899184,0.0784613295751889,0.142154340079153,0.220881333033443,-0.0573105524829972,0.082024155115377,-0.660028700624828,0.0626560490140763,1,-0.256433729939655,0.0314101846671606,0.286543358502612,0.853575024890431,0.0986385628262477,0.672238634641465,0.120375444617417,0.997526363668976,0.135143564839771,0.83056290161285,0.146485221553182,0.819819600467202,0.259408105163581
0.93492262122043,0.0970431104289126,1.00331714086242,0.15721944858351,0.155219517006555,0.039065231362598,0.334538621111765,0.25469239930599,-0.0544113616679977,0.0690394908478899,-0.5266025613698,0.104621025135806,1,-0.238777444200847,0.115218567287101,0.249844240060088,0.576173651867417,0.146543026283704,0.599254670880881,0.111591432941273,0.682224101152287,0.124155421499837,0.52026097309585,0.153592033095169,0.650216892119897,0.188334841969822
0.938052349638493,0.114466030181126,1.08835359466103,0.18347256238073,0.261821663485848,0.0617769560383933,0.869345113607997,0.399878780087811,-0.216504442135332,0.0927616704524871,-0.505187571229965,0.130704642941236,1,-0.453803575988407,-0.51179868136844,0.331543856474538,0.92647221610651,0.116159241555027,0.634114572272459,0.125589781936346,0.626366202412087,0.147829776551164,0.780855980771189,0.155275951165701,0.745525332134862,0.181506969301589
0.874586669476984,0.103880398640064,0.907424914709399,0.134615087356848,0.212733315025072,0.05036317968428,0.119927820619965,0.0846240667645623,-0.159726775595467,0.0658280087485646,-0.620562888856304,0.082595162106656,1,-0.999999999958985,0.0962973100217044,0.272041251890561,0.539052858935434,0.13198818992376,0.643037690996341,0.120311297724406,0.52396799163516,0.13408219646283,0.782427246953174,0.145195308401,0.202912886808869,0.239693371018319
0.874493255150123,0.109900542117865,0.642673112088074,0.121068194001518,0.206019559728007,0.0512876207978246,0.187035382910077,0.180719848618412,-0.0392546821495301,0.0570694356467792,-0.538421309632828,0.10463340011234,1,-0.199974836899769,-0.141929909407156,0.247350746179321,0.630351713374334,0.132109456893685,0.626485841220897,0.130258485323249,0.438289600543544,0.149095895053682,0.631082046369652,0.165842534325344,0.648706260346077,0.205758829677021
1.04174135482022,0.128956611985352,1.19564365675914,0.160571065072298,0.297189246633969,0.080162398333501,0.697991909712003,0.39923368703984,-0.173345644123535,0.108960384893292,-0.627524983684399,0.0935614965444992,1,-0.38060211131409,-0.34336076430159,0.295508658642812,0.697186047339118,0.149730553713719,0.88608820331766,0.113296513160359,0.587337515809741,0.150804999843472,0.791351150391727,0.163345882369737,0.624207243734957,0.221464630311811
1.24557572187888,0.167122469957218,1.00468361985598,0.181320507525848,0.238085996290039,0.070884015057376,0.790677462457703,0.335829587538188,-0.28110726203371,0.120533467829873,-0.509409254566771,0.135008538810552,1,-0.647896239646433,0.424900532718789,0.316525592731251,0.801816255805913,0.150308138068935,0.784741569354032,0.1396948742509,0.950063385226589,0.163993994877363,0.611749122168935,0.184484129754431,0.637176537111283,0.196247141791168
0.954324160027435,0.120311817442748,0.919564668550731,0.137746399424399,0.207591262688165,0.0526841983232401,0.23606537250494,0.213007537158963,-0.0802091524834193,0.0852196991606199,-0.609373280656166,0.0949026102074085,1,-0.362329127988973,0.0213641272886837,0.244611474140162,0.67653606008731,0.145308346617392,0.586534051570078,0.135208616855592,0.649854969181274,0.139556035056515,0.598926369178768,0.17477736905718,0.638040833056188,0.220371691981747
1.03293176553334,0.117718083810049,0.827830576043348,0.158696101053439,0.203226610641965,0.0543964989031692,0.612462262082629,0.315804820360411,-0.173342889136159,0.0890097313341452,-0.398595423368432,0.131113677618521,1,-0.491333161178191,0.13418261445721,0.258960344338126,0.596905781001598,0.140288723338819,0.571386357192458,0.117249630211588,0.678077572345012,0.136819104646304,0.71977454038135,0.167696826385672,0.247417583713787,0.232421684420214
1.02948407296465,0.133256173721484,0.989977349432343,0.183709016796098,0.292656320197546,0.0802790119333651,0.707640982726289,0.421325383279697,-0.377417888651679,0.133373575255964,-0.675110542365283,0.0739500551003,1,-0.829348452280662,-0.377646109959833,0.34320636010839,0.921905527952061,0.127441307360768,0.791208630202386,0.123711588350249,0.792430595911385,0.129830372970927,0.895332461936919,0.183746164717989,0.604380443152328,0.224143084253908
1.08090390995514,0.13286233861644,1.30111481211751,0.199177395823643,0.237512843240614,0.0650358492561421,0.798833027817583,0.331823624177752,-0.282081967304974,0.111510520448998,-0.413633699352186,0.135120817095792,1,-0.647595419500615,0.641476861593619,0.357032677974618,0.452040728728452,0.149133363526601,0.897904886312288,0.120750482904899,0.895322972281752,0.13008743677055,0.862347815936138,0.157843701914188,0.43710030171167,0.242622533695379
0.95867112871232,0.144122308597111,0.905015431465589,0.15247137265294,0.364779391864241,0.0971185284659801,0.305744851908324,0.290746777289431,-0.307841294253323,0.117703541281106,-0.617410962853023,0.104168944010428,1,-0.921790339169215,0.0174419517765596,0.351704978579072,0.563534629578526,0.156023176900394,0.722309642337059,0.135220651581903,0.779201099633548,0.141660925874357,0.433669160434472,0.202985343869311,0.940890966212958,0.128626687550071
0.971314067905599,0.146862862206316,0.763585056219516,0.175199296994624,0.318157725279606,0.0861437713092728,0.915384203723043,0.452906024139254,-0.30972839718669,0.134156708086346,-0.502812492942767,0.126905962352463,1,-0.573928883744048,-0.0213481449541577,0.380470402010276,0.617149497496322,0.167745920694768,0.661335552169351,0.137208708337059,0.559418455574364,0.135814513124206,0.812214897573628,0.151618850604688,0.863404439070288,0.207799005846053
0.761804901887241,0.0945215856753065,0.669858351368093,0.112817726751639,0.154455564769105,0.0356623619981028,0.0028613446202869,0.0125382342520287,-0.0210226197930312,0.0420575606819309,-0.560299515731838,0.0678838328426927,1,-0.999999936233699,-0.0687332932532832,0.291740255425494,0.250768964337735,0.145082576269568,0.565553286498504,0.110450117540045,0.608758580901856,0.111533868782056,0.718542791340993,0.135723938071574,0.473903673810298,0.219316580230279
1.15032751874552,0.14379714238781,0.794400085507287,0.156452143514653,0.402098145887263,0.109366991281564,0.666514502478105,0.29881408678448,-0.517691264793808,0.170263761162208,-0.649182726160213,0.0785411862581494,1,-0.99999999998208,0.274900894657573,0.347950415668116,0.815526200963131,0.145978510182783,0.551725139148274,0.153223709126415,0.816387836930766,0.133188623441537,0.789886803184142,0.134031220586203,0.945050654698102,0.186558540750577
0.858943540376316,0.107573527252162,0.882119586709099,0.149471732988548,0.164086019533011,0.0429900747927099,0.240426113023017,0.194198885943703,-0.171603764282905,0.0685697751474091,-0.56866032718692,0.092997146684258,1,-0.863973063964105,-0.133313647459902,0.250772629295029,0.47899108480442,0.138072723865655,0.614115307933327,0.120324408272117,0.725756429823302,0.132433013823452,0.532986769378094,0.167933616739662,0.663077732740145,0.237834851959209
1.12333071779162,0.155916396121711,1.31388469053972,0.179113906392132,0.366277678884751,0.0879769110690606,0.713831858710434,0.398265242897354,-0.358115152826121,0.143738500125386,-0.600198263966159,0.095007353463153,1,-0.700357054382931,0.343254737676583,0.424699994772641,0.715450971257283,0.151002220486674,0.688378323121781,0.133372985108135,0.962293857358094,0.132030600640574,0.585920666231866,0.163089651349127,0.695523246196733,0.178509377078825
1.00580880311711,0.128169967390537,1.0181144329085,0.182996092418256,0.243558139817396,0.0592127600294952,0.805246617555266,0.448540974029788,-0.269357598875157,0.127921875195053,-0.70635431700595,0.0701982472163791,1,-0.608223860087817,-0.149773039276567,0.351239214928823,0.811846789526833,0.131743287616954,0.715292230804948,0.116158241785039,0.665913023331555,0.151100861358767,0.766238923750361,0.162848770829252,0.751086072259492,0.194509071610111
0.919418931523161,0.106579910195615,0.899007049453029,0.157915606052821,0.203841134761574,0.0511717847451216,0.674100580797421,0.312686046823938,-0.209948495433554,0.0813077777689842,-0.464780618556743,0.109484728457134,1,-0.566375556419041,-0.42355092358802,0.264062634539289,0.919367269681535,0.109515338907656,0.520258754317954,0.123788233930401,0.59872461658796,0.138402650238977,0.687336212068095,0.165338342468275,0.555221995804253,0.251304503420223
1.37282214083831,0.154006646861997,1.31406541533804,0.237489011517688,0.349072709669941,0.0886675613589491,1.13588165335261,0.404224424623582,-0.244332461843122,0.149660839733404,-0.809441388410624,0.0456891453611798,1,-0.388022294808428,0.256257744906742,0.32932729757678,0.995824643695439,0.145324067696323,0.98609263063476,0.113007318312364,0.896614388905802,0.151083810670585,1.09709074914172,0.15170108805056,0.900298690703343,0.213013825488167
1.16496128119758,0.139978037437105,1.02612043953873,0.205660771213027,0.306238953466069,0.0792071653219958,1.34955550151318,0.618954063010301,-0.463485662924101,0.160414128646515,-0.711942737254708,0.0725266616068841,1,-0.72095924232771,0.384889739989574,0.269229763207256,0.758884485504429,0.143008195975071,0.767389643899014,0.133527344770003,0.694595793144057,0.153844030539214,0.793804023473086,0.172524893130312,1.23561987751165,0.180792051319028
0.821883127239753,0.115011868992229,0.85380451906738,0.153658939586326,0.252756364675002,0.0628658194397558,0.602690076926935,0.322902885157442,-0.296073924586595,0.114803181562661,-0.563356186252094,0.0934889757631761,1,-0.758581225230402,-0.328460681793573,0.279527168206362,0.712962819632407,0.140374395617394,0.601025968148924,0.117019977144994,0.616790269310509,0.117252566084345,0.545944095210712,0.171724065026839,0.544311357841832,0.211659039854683
1.14632069713502,0.149402714479579,1.0506349442181,0.200129818827267,0.266772860301435,0.0653588687355299,0.751808306616171,0.358277235410355,-0.23561721110709,0.0998101172505337,-0.695381669568154,0.0742368146338032,1,-0.526117355611019,-0.298080694445675,0.446796286880979,0.76421909966728,0.173808426368163,0.926275922259354,0.119306526124741,0.868801128074631,0.127483152674617,0.688612977125457,0.163394674412827,0.972633837651956,0.169678940671689
0.974987355905126,0.115819565179564,1.02332108119167,0.150133772532581,0.140465045080445,0.0414224019221902,0.509264930579988,0.303204938197765,-0.137760055956394,0.0730151624970758,-0.480577459656771,0.114049072352605,1,-0.515071231633254,-0.0688500579894395,0.246088485652023,0.839926906313888,0.122740340470807,0.70508026982712,0.118767804479473,0.604773619580357,0.151334191198187,0.381595601100299,0.184958777186586,0.659064578325801,0.232764821388566
1.0911198856429,0.152423643546664,1.57683324413422,0.226462443909123,0.37519686372706,0.0985248820893273,0.302449355879515,0.305664118597807,-0.223343403528907,0.12384422681934,-0.780343603411303,0.0580489715973221,1,-0.663005602643414,-0.647954988376676,0.408702366707913,0.986998429786025,0.151449305976058,0.926670116470319,0.13859221748746,0.698331112778987,0.148391485860336,0.700898511376123,0.184702950119355,0.874885742196185,0.209375542092968
1.04153918319644,0.13194542891832,1.03043377982994,0.156857681058977,0.2604574291745,0.0689077701720671,0.478318914714294,0.258260998982814,-0.160865927169817,0.0940072257325354,-0.544417135105595,0.0908054036996402,1,-0.45576074265105,-0.0922742947518805,0.311886774392002,0.790227167222876,0.139444896999918,0.633670330312188,0.128509824964069,0.796486644628327,0.131616195767591,0.832121782380008,0.174834818688703,0.50723789370008,0.226340653314736
1.00455364982215,0.127672329376082,1.08997184935918,0.189842393283692,0.234519987646546,0.0682515780419397,1.1224820298432,0.494737599459647,-0.23252561932966,0.108561059064291,-0.617909908815432,0.0945101073274367,1,-0.453201334458493,-0.298552018481871,0.305715322526588,0.856510841681294,0.145074124239474,0.861172036521097,0.120026200991117,0.663801667561934,0.148195884789355,0.916994412181487,0.17294193390599,0.42717456721578,0.250610529079408
0.911733092615422,0.115345138221184,0.926258088675311,0.151414839715608,0.230832854448498,0.0575770368269269,0.288726150991025,0.231230223079498,-0.161113538147927,0.0784615041390896,-0.564407968992613,0.0848310839301574,1,-0.624079854218851,-0.257943446696325,0.356080487041056,0.649715214080412,0.137351753095575,0.614120151809293,0.113909329580865,0.767498183249361,0.111870995503226,0.28572023063034,0.196206356565678,0.636921938805678,0.193148329358065
0.947090591354601,0.0973959859627739,0.788635867878749,0.121804979520829,0.172545609339623,0.0458862518878123,0.253616485174644,0.15650679491008,-0.156876046444986,0.0568831658069086,-0.533492923567816,0.0790167184568257,1,-0.749921733029602,0.380029395588384,0.218010447037244,0.36681225730905,0.13629003552457,0.773802466242539,0.102282739755115,0.493617292708839,0.15243635148217,0.45473853002506,0.169133147808104,0.376898718704975,0.248120553038176
1.08336001820483,0.121245646784633,0.819598479130444,0.16224482128905,0.34541843018584,0.084004650829155,0.67583151711063,0.386774618607949,-0.419225064980081,0.1260765056829,-0.623786915781302,0.0871986785677151,1,-0.867671369168655,0.0567609576967966,0.281809773824302,0.59560834457967,0.148566070545826,0.817859143337174,0.122212453349197,0.759533629082456,0.1343343951214,0.923963681462697,0.153182188182057,0.864584583529347,0.187361021510299
1.22261303876409,0.146366577799359,1.01779182781554,0.200942818264214,0.335236273971397,0.0940919096181882,1.16277556872707,0.482573443442645,-0.36047724442808,0.152351813634029,-0.717439600764895,0.082934393853022,1,-0.577370250829626,0.219657999030692,0.281757338496708,0.936631282663804,0.131245021822823,0.778160202939516,0.128306129956357,0.65567076949819,0.147459368040693,0.897530867845692,0.178279074415232,0.853722000070034,0.211556599618774
1.03549951456755,0.133958272538756,1.13076998421752,0.197516446092588,0.343851689125666,0.0835883692292114,0.958177553504758,0.506246224992334,-0.420796524728246,0.147572182744972,-0.708583030088433,0.065206236216013,1,-0.73310058655437,-0.052087808100617,0.336498934699359,0.819923063453714,0.117142516278636,0.851388516552587,0.120841789065364,0.713773870501858,0.14268802449153,0.841263092931147,0.163293451712309,1.05846203751659,0.165507840874551
1.3329480144465,0.159216634708097,1.03755101074701,0.185267030820338,0.258746022527021,0.0680006931723256,0.687276200996927,0.324173014557116,-0.195123209102258,0.0911631726173395,-0.672721050263126,0.0892123285998985,1,-0.462707390303895,0.108948116024567,0.311603151021953,0.791511848605186,0.143766315465594,0.993826658097298,0.121513878322729,0.698507092439818,0.157223151367453,0.899236686837196,0.15679959167092,0.895232780862128,0.189217788566194
0.936828240086701,0.100799276096216,0.939422516324824,0.133711655761102,0.153514504801125,0.0366617868558838,0.193132981028894,0.119727893890783,-0.17218801916311,0.0601884370857248,-0.465317411676462,0.117706803164989,1,-0.999999999998309,-0.0917243164342218,0.257287494159915,0.540543504048209,0.131086298055158,0.721553214301766,0.118014370471617,0.581675018591613,0.134934251697336,0.410361515793477,0.15824204045167,0.690641682440908,0.157266140837569
1.11194890259739,0.127715117116272,1.06355695779108,0.13075861083267,0.28761073424241,0.0652552186831487,0.143544843319524,0.149302069947018,-0.157302786017089,0.0730806414078852,-0.591683098037518,0.0890472194812222,1,-0.774176655288454,0.293351468451948,0.318949793452636,0.636699929231592,0.138480302114275,0.826951156145422,0.100419844097887,0.931821263819692,0.113301648225884,0.546810401404794,0.172311775955109,0.747994145838694,0.215497036008334
0.999408820573163,0.109007710271803,0.778911456626725,0.15583776242201,0.19228654695917,0.0593257538037937,0.484744783058285,0.320497460988067,-0.21077789507369,0.0902754770658929,-0.556432486713753,0.092704558669829,1,-0.690389282704187,0.124172226928806,0.252853582325257,0.634381846604141,0.140458000156262,0.704478010125553,0.124342905720807,0.487175919797401,0.145249017894119,0.615339518954984,0.156033291313634,0.551910437576229,0.208090341605829
0.947776536282243,0.102971906694619,0.997537382699913,0.164518511361258,0.235500205053923,0.0597774041134184,0.620242134040333,0.299490724405379,-0.294536016447852,0.101912057695666,-0.583699245257216,0.0784831952627384,1,-0.770658781272817,0.0641407153426835,0.254119782120067,0.654050768000815,0.119548877484647,0.544850949246328,0.120328255825362,0.790409227558994,0.125677446885354,0.708056341163113,0.165322818913464,0.720136741656528,0.181260385935453
0.830110290681507,0.121316198378986,0.984587053112411,0.169202208617908,0.22723653350243,0.0626616979829364,0.761872584132218,0.378374290468769,-0.373859521606852,0.127734243009424,-0.543450893239616,0.103392623895713,1,-0.898520924424896,-0.421420332700873,0.28992582915569,0.696566750247905,0.139399178124041,0.614013771011583,0.122099290561674,0.631918708645495,0.151116496558312,0.582521839158936,0.167634970166836,0.655525558631967,0.208631849046224
0.974261358905887,0.126418494830727,0.69415626569593,0.126706818487056,0.207371098954588,0.0495207432806096,0.233367882090245,0.17487258969465,-0.195120656226776,0.073729989585838,-0.471457531667402,0.111656805165186,1,-0.886969305560217,0.0041598539571695,0.260470640666887,0.585885585486653,0.121178957856846,0.718906715357361,0.125984164892578,0.419205283442482,0.15824656168795,0.488009548370539,0.166876528286251,0.803004445254886,0.158352265230513
1.32513926177705,0.18523628984032,0.844834737454237,0.199549859526242,0.273699663777163,0.0800987972724979,1.20807979052958,0.541624450028531,-0.330740013505366,0.144635811860001,-0.710190214512573,0.0740958224507896,1,-0.575177380007554,0.509604842328549,0.323168487951494,0.70903914576947,0.156577865319274,0.713427049740375,0.154697108972152,0.992974896316508,0.142534850111927,0.846332531768795,0.180020507072211,0.900038486272329,0.200433370247142
0.927411808912331,0.105920141342049,1.05187886144238,0.160208504744067,0.204908998528449,0.0515854983571726,0.614284493151875,0.349334915492519,-0.166144455884156,0.0931506787862512,-0.567733749506592,0.0891767467837482,1,-0.468296122984781,-0.217615768643564,0.271929972733002,0.687694373981359,0.136685829658461,0.731120270891481,0.131080848473505,0.855879592700697,0.106568002655269,0.519229007946287,0.164218587694121,0.71446359578393,0.213997367047147
0.970113019401258,0.134335589377766,0.856600317581895,0.183977999793069,0.287440218090605,0.0807097683799248,0.670190450884644,0.364469995538699,-0.169731255328349,0.119127464767354,-0.662455380202224,0.0816765820012785,1,-0.386713148508606,-0.103932266483479,0.330657820727193,0.626123957490697,0.169433255070412,0.82925736999584,0.126776280479528,0.611662241066811,0.153823750693128,0.848297681087352,0.147705969516093,0.716755341388779,0.221910380596472
1.09655642354112,0.13780331391709,1.65180615396167,0.242870199392473,0.282373947576823,0.078226475098206,1.57197559179974,0.541327035816836,-0.449489278428627,0.154072741281663,-0.624603711686412,0.0911223323747862,1,-0.67465870009553,-0.35757217749084,0.321548893923501,0.992167298934762,0.134735370771129,1.04698425247226,0.124644493240844,0.799372934447429,0.146819582289948,0.477687994192732,0.205505834787084,0.470011048420717,0.234837099238951
0.9422685993001,0.148644204216711,1.1127435770592,0.196854516218266,0.380408685542796,0.0976962467396504,1.03526083943146,0.41581230077788,-0.371682782232559,0.122807452193203,-0.59407007383766,0.110349464153757,1,-0.592273549868758,-0.411505219087013,0.350254123016655,0.857621032406715,0.142108074748737,0.540619796963823,0.144944664052018,0.889572894141439,0.127506276210322,0.839666828886044,0.137879723274976,0.674698552517847,0.239476526329534
0.94755320394029,0.114686800275074,0.894366765525961,0.143136858129101,0.163035653686107,0.0412244208781898,0.290558735260328,0.215404253418421,-0.0950668426822338,0.0521486844858862,-0.304188674742524,0.155182923992477,1,-0.436788110037721,0.248158495128155,0.295446145528894,0.567678465340145,0.129205614209082,0.519057064751663,0.139151156312079,0.576302740190334,0.151357915444339,0.340467682994608,0.177603680453724,0.406923805172216,0.197517396225409
0.950229780681964,0.111506581383393,0.992624219813243,0.14951352008826,0.226646744196523,0.0649489809400749,0.39142903966679,0.209366863756584,-0.297852509513748,0.108871725894097,-0.499195406776917,0.113580506873137,1,-0.999999999995424,0.272719940484644,0.272871678764189,0.572612102232061,0.135156970009141,0.752634307533584,0.120790931512003,0.675563726401274,0.138948473645314,0.6123435391892,0.16225667169598,0.816639771582527,0.193776618344723
1.04633458587463,0.141690159983643,1.12576835117686,0.161948921863292,0.227774747679499,0.0597638226027361,0.487507824199771,0.335497516726024,-0.231523677621675,0.105449827770678,-0.658942245014082,0.0838682909187643,1,-0.694787233974057,0.682327730754521,0.310343628129217,0.30164666961752,0.170764564442341,0.816782599690554,0.13339266443126,0.758397309740102,0.143381972793058,0.667319837294453,0.173679910385164,0.723415486295344,0.218812504860715
1.02668503787244,0.116147919219218,0.816177671790524,0.157848378294694,0.304059795250077,0.0684562981177616,0.34243436668061,0.199272255352996,-0.310138610822125,0.102283491788708,-0.676467202540018,0.0705752281991532,1,-0.961142244440402,0.076802542437399,0.313032857133723,0.582210127139043,0.150538082372999,0.686913549276667,0.122880380247787,0.655393815418359,0.133222214863336,0.841865655461417,0.146305406671371,1.00929900595134,0.194243189721696
1.07550642535344,0.171136699429053,1.25639148464308,0.217535061287373,0.333743079092324,0.0915623772893527,1.09936859841059,0.578317132449897,-0.33112861432551,0.146029104861788,-0.681450554842969,0.0903591627173418,1,-0.546662034799553,0.330499632804001,0.365197557457216,0.828552524897217,0.142518375478259,0.605723893290889,0.147257904428589,0.876770407423301,0.148232142490315,0.521061750002183,0.194384303221007,0.90207240104746,0.218964356870646
1.06466905922137,0.136696114767142,1.09793683195019,0.164854196171162,0.271262299031375,0.0720236373412443,0.202226589613111,0.242452615211274,-0.219907957137706,0.0893043735904962,-0.6844436795875,0.0759758791750176,1,-0.938916770026377,-0.149503206246034,0.32145090263673,0.787444637406921,0.151554086640237,0.693089721704717,0.135300659977083,0.835413675698914,0.166363356600914,0.796184194287187,0.166341776902194,0.678562443514908,0.204130710531711
1.29063909237698,0.161407662789369,1.22453648894643,0.194810073898826,0.370843179162248,0.1053572738841,0.821854295897019,0.482234833094501,-0.221231885471775,0.135839797341638,-0.724362182754827,0.0799203922662333,1,-0.400733046548722,0.197950917466699,0.292087798616877,0.810201734217782,0.141761516051867,0.963684038394215,0.139972377219113,0.743463547835768,0.169183901743173,0.854014944240016,0.175140716957791,1.02245290891722,0.191924313563686
1.18266989531931,0.132663465850524,0.901012835611394,0.16181514339177,0.339345439658918,0.0936339997220762,0.431337541013456,0.25184948539495,-0.154836733106866,0.0882299790685193,-0.585355375772281,0.0991095161787758,1,-0.404710397312911,0.575864803062191,0.288286263748717,0.643577207295293,0.135433280375044,0.777788817832698,0.123659787492128,0.706007213796623,0.161937107287232,0.680594945212764,0.156656091563857,0.798501990394674,0.177121456438673
0.843330176415385,0.110031104020737,1.02593918468971,0.150964982985035,0.254260074044827,0.0725188755653025,0.230108145772838,0.227684757865524,-0.180279539852987,0.107944401437881,-0.523893629652293,0.117610308024575,1,-0.745317570974374,0.16185705983684,0.261370245792906,0.328037102532876,0.170811220292775,0.72858683113068,0.131078189936782,0.530829592526656,0.147518858275716,0.430466274563594,0.179317955634601,0.447369566747817,0.186773544145555
0.911781769832271,0.107043650508154,0.960216622926439,0.125323594860897,0.167049428734176,0.0433554530974569,0.108199906169824,0.132731145134658,-0.0860646176515305,0.0568355843971476,-0.580717198507904,0.0921133424430746,1,-0.64016025087136,0.258140102150648,0.242852781641682,0.535251090238266,0.133769282191985,0.575837938088248,0.122912940426294,0.605301681939646,0.139486755025904,0.806691250943362,0.148498949893158,0.471477718557576,0.197947415636927
1.0755394653319,0.120205657222921,0.929634299257512,0.138674497530451,0.161830343734639,0.0461206333612854,0.211296624672166,0.164223480228436,-0.0435107310873239,0.0692966957680832,-0.559119263580157,0.10151638873752,1,-0.235299022236307,0.397200400993888,0.276911311135335,0.77123172447784,0.128265391675107,0.529215228603911,0.137257065813449,0.777739893677206,0.113542776684891,0.850035917860927,0.148608820159891,0.550111735201899,0.260862244428537
0.960795562106833,0.117780154923202,0.846200472603978,0.135243841057736,0.169107088778099,0.0416832440155128,0.157380739773129,0.130182831798313,-0.120549538837804,0.0547391666754269,-0.413127509238612,0.123326354614627,1,-0.738939454375866,-0.0471242810487335,0.324039597165776,0.643202263244321,0.149943710967035,0.437168678245726,0.124847113112443,0.612795008630382,0.133392940326727,0.439942139792736,0.155527230243319,0.683910996734454,0.162740429911917
1.24363252742513,0.177149669966996,0.996549624688072,0.202341914581593,0.295424778795049,0.0922472634667228,1.36395514860311,0.599586868922916,-0.34550149068179,0.146763904274042,-0.732566108731402,0.072310922631062,1,-0.544285069578196,0.564008625352603,0.327902219930681,0.740893706444915,0.152115848247563,0.748734887765372,0.146661075139952,0.864552455575083,0.164834469149534,0.868922700063952,0.165184785775363,0.752687916654536,0.219843524538067
1.12281797594904,0.148680590500465,1.02011937666335,0.209585790904393,0.307396990413652,0.0880351529389538,0.851906742034229,0.412284469650386,-0.339647295149933,0.14643742415429,-0.630979259640429,0.0960791822629495,1,-0.663716061024555,0.207303089632145,0.311906246065714,0.718925693216141,0.135584174786662,0.836422120896414,0.146474818574698,0.582976538320434,0.175858904072159,0.819828065666063,0.158793746689756,0.907865490306727,0.158712155037478
1.23899992314278,0.160670830656148,1.07812709306377,0.208023349605709,0.33175956824556,0.0938757197536951,1.68806234817315,0.646320426699018,-0.405948028767513,0.183481707598267,-0.663335764545967,0.090328192330582,1,-0.542455936928905,-0.302283100941439,0.331018079168167,0.996202818056387,0.144492914620415,0.824471180579973,0.137386683264594,0.863972368222339,0.134265250344731,0.707135932980417,0.173139325196038,1.17976474719267,0.188233380463287
1.00750129770989,0.0973656509116909,0.931040436879439,0.178607510502302,0.202598094622071,0.0535901455431669,1.16021837225474,0.473200832885411,-0.240345770919017,0.104450805665874,-0.434982769467817,0.121298936801863,1,-0.495734263916691,0.0448587281621275,0.244312574074117,0.701877747636695,0.125829492586001,0.728911360933463,0.12506156089768,0.729347889805575,0.149891482542488,0.906553332432915,0.15826054441073,0.255193529662229,0.260939184114896
1.10318574729429,0.113492532783529,0.821382127033078,0.146512518935835,0.203834157206675,0.0485575973729968,0.580711651288944,0.313096571655274,-0.231653940171806,0.0840429869579566,-0.594840095592487,0.0856594078441847,1,-0.673319109830851,0.0782383658316877,0.264799652942266,0.788406658707784,0.120211065322187,0.716458569735509,0.121462787656367,0.690846731968572,0.13444433899328,0.703910386042293,0.150213252979173,0.558164998978408,0.204001837556056
0.981539855147708,0.134706454867159,0.762236976557706,0.170497252684825,0.260868215622767,0.0672799049024995,0.421847783906112,0.310194715337023,-0.0944370909964563,0.102262612391609,-0.627821205303448,0.0929305728867644,1,-0.284678147467444,0.123717956795568,0.30278248020352,0.592990665788057,0.143662535361311,0.555134529547675,0.146485929158956,0.855168414476014,0.130619379668695,0.645233985488501,0.15217680904971,0.643196031066321,0.210194322568486
0.874673922608335,0.109792525899121,0.948888861784887,0.133769313519004,0.168747772845457,0.0449298326481416,0.162069127951296,0.115185668784888,-0.165374739268569,0.0686688062926576,-0.573864134986467,0.0952996478807794,1,-0.99999999998831,-0.186264790731028,0.309766506622953,0.652856743257607,0.137003114748643,0.585478889097465,0.123152036444141,0.570764120877441,0.127954645014586,0.607257742193808,0.169115230084477,0.650380926805003,0.211495650300648
1.04295125945793,0.129593385882882,0.921317570078433,0.16563992885979,0.287942016542621,0.0788425877965711,0.420590396455826,0.21363219101445,-0.310484242188674,0.109216806198615,-0.580932459328294,0.103908743148152,1,-0.892190031815406,-0.0863996333669663,0.284141608052169,0.738301702383835,0.123030046492715,0.646858754809109,0.140306882464784,0.635666955739064,0.149718231674265,0.357306793421068,0.207761293087877,0.736887808799588,0.175056904847139
0.942032103370116,0.139447787628698,1.02911511528311,0.181827225249169,0.389076570221904,0.107823293879441,0.643986932442575,0.36577135348403,-0.395352118948259,0.136427437257288,-0.672212228924918,0.0879573095179191,1,-0.789819776481372,-0.367825312441042,0.335659824101691,0.979833885087426,0.137331694990309,0.736281863363146,0.136342373742273,0.790957708295235,0.158108510936458,0.679872072014326,0.193216124333454,0.888248704872857,0.197822477790155
1.24476441384811,0.165209753349097,0.912576451047732,0.184211553348892,0.38077471945841,0.103172759920891,0.345664005889813,0.291497138919651,-0.174601280220912,0.115640004210348,-0.660835666736824,0.0787003937577444,1,-0.481267229873344,0.217001832645133,0.263853097859105,0.754672054089866,0.14748502173665,0.863300980259755,0.149215799728847,0.67615544941702,0.149681299666003,0.683003933897026,0.17508354588706,0.552303389259045,0.228618270283883
1.16235284196018,0.160494261620767,0.963639840925815,0.156142126836122,0.39610828526631,0.114935425680266,0.545205434196978,0.328326434219969,-0.386992443047439,0.147020707491937,-0.567323754852637,0.109313705456401,1,-0.832751518454919,0.543482578407052,0.32696003251456,0.624192933256487,0.149361200917974,0.664321495046348,0.14302089315174,0.618272465947529,0.163401771638721,0.972948915105768,0.143124525820389,1.06414659930139,0.19970290469094
1.14549528179012,0.134310429408737,1.27820855057797,0.213971713995317,0.191171131984235,0.0558025800939655,1.22163873342886,0.441112854628875,-0.329331584429865,0.112342635380017,-0.580975493301165,0.110351894810913,1,-0.68147641592439,0.306136884479797,0.287769051023802,0.693740538913739,0.141275502093815,0.620845541733149,0.145788590252381,0.771646125414954,0.146564563715309,0.715267482918915,0.141074134986648,0.524309433974404,0.202384552853445
1.08926999789723,0.149129164322893,1.15277245053549,0.178940142660312,0.230527405627621,0.0578631339530943,0.69146256225758,0.338469946407571,-0.156400118162419,0.0957119537856292,-0.660239718020482,0.0745934042704973,1,-0.391734173855525,0.315933687227845,0.373818538709897,0.565251282552193,0.151325992017567,0.956507883718204,0.127276189604416,0.466119879443656,0.181789517168819,0.707499363664536,0.134351576194922,0.895256550505024,0.160348417056157
0.903659696689735,0.116184355294942,1.00568216082224,0.158740936428559,0.263412747995171,0.0622933596321239,0.445152286553521,0.322028699516894,-0.14062483716641,0.0947080421893127,-0.486323452674287,0.105216038882725,1,-0.410666553853027,-0.0266793799767702,0.296242025864053,0.659719846908696,0.121010492121229,0.538712478446766,0.119156070638565,0.541249136874555,0.153389357550617,0.690968322610164,0.164326588054806,0.644192959072771,0.199675212800609
0.995530695337891,0.117438156437342,0.957700664838488,0.169912448134489,0.231080278614083,0.0548898983843528,0.79435194177354,0.354126127330079,-0.202769332636513,0.0872439148219835,-0.616885314504832,0.0856682928636648,1,-0.47327585615385,-0.192012865574824,0.286743239725675,0.716208912836277,0.146694970835359,0.756157081717814,0.132704563392271,0.795046958102093,0.138267042254899,0.970496796027298,0.133209437561457,0.345445797061699,0.235496803082593
1.06296045191023,0.128147501229582,1.16013693396994,0.198668323271942,0.256622492961695,0.0644024894179597,0.756072374972893,0.332112321413664,-0.149074281014559,0.111114092646889,-0.653837654492581,0.0734130440109052,1,-0.338433759592599,-0.183352292733742,0.285778640141537,0.770067883310727,0.140616485877975,0.739348552032551,0.131110939998135,0.663428211849556,0.131846324770338,0.640161564888842,0.149799511664636,0.861699498086659,0.170662207730062
1.09648868970021,0.13370183636427,0.871203985057813,0.160525615054757,0.289253063007474,0.0783834703166382,0.573482255832216,0.290834973211036,-0.290393060312869,0.108307393879863,-0.579836878117827,0.113447299231424,1,-0.712996269958528,-0.005757261180472,0.29532764409438,0.804699555214531,0.138461738822467,0.754077651157209,0.127891507979689,0.459161106631812,0.155519719159201,1.00264351011325,0.160538407887543,0.465350382137884,0.243876300798423
0.93859212012057,0.110123032384328,0.789451503953784,0.170239408686245,0.265524511569491,0.0737249232590596,0.549728253042945,0.29282626439597,-0.250318601190889,0.0951438257271029,-0.558228837400999,0.0830626921069513,1,-0.65518928296269,-0.376382481163097,0.292704210018995,0.740629289325051,0.130999973491567,0.876468372395225,0.12468539206023,0.587036089110756,0.141771876588683,0.507110961507977,0.198018216491907,0.50527786487132,0.231841899657974
1.1104868416507,0.141678264427069,1.01008574599314,0.217268738773891,0.26751585734913,0.076883299789445,1.22073200054921,0.547347299905979,-0.273249187017997,0.123214157623246,-0.754699608615851,0.0545294685030865,1,-0.47816077699525,-0.339840887553197,0.394860911181284,0.902438686987823,0.159267895621801,0.671019209084467,0.13425261858527,0.933933281364344,0.12906724753506,0.948352665596319,0.146044110984408,0.754339486625489,0.207874510155646
0.92592636046578,0.126808148924279,1.16270539374989,0.155622536135844,0.309535975731282,0.0803331560277169,0.758112932666794,0.327506255209627,-0.170227558715428,0.108825925821933,-0.380062096071697,0.15602281628642,1,-0.351404527095587,0.110972152498683,0.273128968567919,0.660535523496455,0.133855841204333,0.43485740646881,0.136723360624966,0.853397354341752,0.121547511782488,0.875022435116799,0.167324665618056,1.0751244896585,0.162259652371053
0.937128104166163,0.117988490047052,0.818693308295379,0.168151924431709,0.227979102172855,0.0629747277132452,0.458915735987026,0.285445940842914,-0.154035067142299,0.0797937138341709,-0.566987721479538,0.103056501298864,1,-0.476217781920534,0.197016027513841,0.241911881007135,0.518821274363287,0.144009926693922,0.765650942024789,0.124505857776599,0.634832899946508,0.142095546564087,0.666509178854001,0.170001597358683,0.451330313502937,0.239914772216898
1.05954539481625,0.124746139778912,1.0986877386609,0.195430090751503,0.205269555996139,0.0574764135313824,0.654060773866372,0.332571303183162,-0.113356996426563,0.0883015881272685,-0.654878324111519,0.074253509258079,1,-0.30936915184198,-0.328633340770584,0.316280059766547,0.935491079536185,0.129495830398282,0.782148060082773,0.133339131354362,0.774743120213563,0.136440234015593,0.62823436755117,0.159834461747849,0.430500402677154,0.244184498635712
1.03851382807881,0.109885868807288,0.890651070441072,0.158069724548565,0.164912120559877,0.0494800449861699,0.483104835988948,0.25151580784684,-0.173490710933772,0.0779978178045697,-0.602056988216405,0.0967526417914044,1,-0.614651925051293,-0.105230837400473,0.284731329352718,0.829962132223749,0.119148371495563,0.603461505474058,0.136317035221632,0.602830195879941,0.148951265225095,0.67880248258069,0.164851817067386,0.576545284701265,0.215448071309477
1.16477770175848,0.135625644258883,1.01102444721947,0.191489653686715,0.290228016089985,0.0800992293913819,1.03582088044332,0.402670219132878,-0.267294080740002,0.132465583598042,-0.418889914480655,0.154565681259396,1,-0.487503057770724,0.262839351002334,0.288929642176303,0.619523749424071,0.159113875629491,0.725362167929633,0.145418103474221,0.734382540471681,0.133837063338184,0.824509946285274,0.15122953546226,0.465242329023691,0.187728801467712
0.912166183807969,0.111914889019177,0.643012961193032,0.12596744339257,0.208584282195653,0.0459545892380745,0.134660471704393,0.183950354631591,-0.158937612104364,0.0730111461880748,-0.531229300861953,0.0936657102617577,1,-0.948343842092594,0.0665405702961776,0.305976777974276,0.56803132837976,0.132818520741532,0.455955613351702,0.123501004988604,0.635729455772074,0.113025938107983,0.535152088386144,0.161299548348071,0.555974445653936,0.184632319592605
0.91339892367117,0.105309620149139,1.08029526428474,0.166757420965469,0.163548331274004,0.0429880249968929,0.633241895393436,0.339253855167291,-0.309714275324609,0.100389260075132,-0.613611113260761,0.0889725849804666,1,-0.962394970228634,-0.0458164927207859,0.331766503494414,0.57636485960929,0.159241754159491,0.505871340652404,0.130532840306251,0.610886583685072,0.131762966257911,0.513172931621486,0.15139792872547,0.72055438873887,0.163892272338147
1.25948222001113,0.176016571088684,1.09626233686933,0.215616531365757,0.337242461236799,0.101392222932771,0.635019276846514,0.407380490102801,-0.191361161180006,0.127391529376888,-0.68977996560737,0.0933378647158043,1,-0.413513048142337,0.347555930575528,0.391608581022071,0.794714608820495,0.168741694088476,0.951260664487521,0.139238802880757,0.593974597080608,0.165976966735723,0.70031588424843,0.185378728525441,1.00404331560261,0.206232995777151
0.919384454936038,0.114683263653384,0.786752928243353,0.159206427082135,0.272475297509152,0.0641051347166817,0.560140174324716,0.354088640691932,-0.0699636093116765,0.0830811169167498,-0.610785381486844,0.0827714219020919,1,-0.179085439517416,-0.210848625004659,0.333824222287407,0.690184034684397,0.127604656154928,0.61259767399961,0.131129622495105,0.607135641391996,0.157457996379514,0.93908507703011,0.136952873001486,0.508271368930231,0.197878931386844
NA,NA,NA,NA,NA,NA,NA,NA,NA,NA,NA,NA,99,NA,NA,NA,NA,NA,NA,NA,NA,NA,NA,NA,NA,NA
1.19599784301031,0.159676147408477,1.33569624103386,0.196277751480485,0.36302200026322,0.111895089845287,0.384274310246192,0.323768315876955,-0.231678803140263,0.131037892343572,-0.638807737367371,0.094967918079872,1,-0.620296245332899,0.558550063538845,0.341301029811446,0.684003398713198,0.152692779973789,0.791603280510118,0.159798511368422,0.681212776501774,0.175020459498965,0.959948815537045,0.166270945008862,0.8299263544999,0.22060775691926
0.979254813256221,0.116348986565154,1.00108210458016,0.177705323604216,0.235181979627786,0.0570053419007346,0.822040581368998,0.418037729135364,-0.312054597106255,0.124427340724131,-0.566527241961641,0.088004178085982,1,-0.709711651451148,0.453915708205582,0.282668732814273,0.577041503466454,0.131385255149126,0.555871946956236,0.120603069062343,0.726697906331948,0.136172869867841,0.789986949396174,0.153493536059994,0.664351067385477,0.246035174768741
0.947764524691156,0.1033846129017,1.01168467089482,0.128517080872889,0.209795837044146,0.055054440614416,0.191015710571073,0.132581250014934,-0.200185666039689,0.0811549521340098,-0.500594108767932,0.0993639946729406,1,-0.999999999998917,-0.347836841370215,0.293950952857057,0.715881309271273,0.123437751206009,0.498980652632153,0.121280411147706,0.864969682705712,0.114003590642076,0.404902332944544,0.168238890052636,0.607271455768866,0.225005805582078
0.97837889178138,0.125215436490212,1.23630394796238,0.170763038258681,0.226411961663635,0.0640652561709147,0.585985473073877,0.312302727967074,-0.231685985418257,0.086883967163363,-0.50771775953566,0.127857272281829,1,-0.63607255274797,0.606472299393655,0.289736671011103,0.549235356816794,0.145937962060844,0.727304438930929,0.138046188242989,0.88412156374696,0.15272413053962,0.544908981562134,0.176124744910808,0.856480128640746,0.204746359428192
0.903584238925887,0.0978112433054663,0.816857918523772,0.133965185312199,0.1906485321609,0.0499601631023648,0.139934545631987,0.18006242886493,-0.138068609955231,0.0705490317883597,-0.45352026915254,0.109719845642863,1,-0.845309497531376,-0.0388445832143977,0.270897731394432,0.606328213416864,0.137012469733195,0.566484257832439,0.123755448020667,0.548766380657222,0.12117112057208,0.676602474269761,0.15278662366398,0.500545169214996,0.204283605939106
0.924642554314461,0.11662211871506,1.29466147424701,0.173928964263683,0.236651667870996,0.060102768470403,0.305041255770425,0.209506730742551,-0.199788401840153,0.0766715152339809,-0.665771644531092,0.0671612886569308,1,-0.74359454987279,-0.252286278592198,0.278787466600916,0.960979965632089,0.116651078008019,0.687414040018088,0.125560185441486,0.584859300859977,0.131904887894081,0.624472385367677,0.172145029258125,0.882606316013086,0.174702657394707
0.95379584720556,0.157539009971748,0.967189530062167,0.174455512234858,0.28220263618869,0.0898773431463875,0.879944822268637,0.403486665622999,-0.211207720772718,0.121109559653327,-0.597563225517351,0.111746491724759,1,-0.42383960543629,-0.283016506554868,0.318703040543554,0.678987301098202,0.150266650374117,0.79693479793291,0.139411138872031,0.706644119408611,0.15553580356292,0.732205844452994,0.185727502857408,1.09078695362155,0.229374266905432
1.12798376691593,0.142246513337797,1.03103002040354,0.19045155198823,0.297988170844065,0.0858157150360211,0.894625925688182,0.416803185592349,-0.369810338115534,0.136137155907499,-0.598049719850537,0.117464690164591,1,-0.7162403699458,-0.343021306939634,0.39498909826104,0.737964066543258,0.170069161860873,0.880648525560405,0.13807092276523,0.855462266113709,0.149976501460048,0.794171967258874,0.15667745493087,0.835691144765747,0.184289984919744
0.887401504075814,0.102631505463929,0.931268604362968,0.145306174270194,0.232186821522322,0.0611510320071303,0.396727017678219,0.239262369196047,-0.200540879361009,0.0853208834266924,-0.592856712503746,0.0764274268345252,1,-0.660751629751995,-0.0660651652398656,0.253671508178695,0.636818376783907,0.12605421510344,0.558509613361913,0.128424814151225,0.818042740518469,0.117142180585126,0.604062767765818,0.194071373261936,0.80960817092023,0.194115233553108
1.19558038144859,0.117178316330832,0.760222702196845,0.156804684038337,0.230968299297384,0.055210498067904,0.679168278919841,0.358394220320154,-0.257642906059698,0.0966502952916034,-0.539378255049148,0.108401607273928,1,-0.650508991735699,0.578630706066956,0.272527600122902,0.475197332259966,0.146265076788961,0.750714627179029,0.111018581064617,0.695658462588126,0.132014294183343,0.663327036536432,0.168266447263044,0.632406516904753,0.204133668772019
0.827914271752025,0.111651739199997,1.04739129799999,0.190103867220342,0.240946485266613,0.064866483331911,0.638248231224299,0.328636425971218,-0.137015687022176,0.0845189821736496,-0.644180171201747,0.093838005008484,1,-0.349393792598647,-0.555458353124055,0.302938108477985,0.774967340796892,0.134604356266702,0.63005425117255,0.141398534811635,0.663841489263179,0.14027714489378,0.695592888520052,0.169062189287416,0.457684720853558,0.242323754046336
0.934903315778684,0.122011985277188,0.923589852880421,0.157307847950815,0.248905660389359,0.0695701960176847,0.354816469243203,0.226341239887349,-0.218853730332005,0.0907621393795027,-0.506505274723652,0.103910756029723,1,-0.736435443070218,-0.341578978702677,0.340508977665371,0.719708517443425,0.133711161159078,0.552875359846077,0.146065191350553,0.736459875878286,0.130731068150091,0.710454313629693,0.165926485246919,0.708840332650023,0.167903337618642
0.97198140565411,0.123660981254134,1.02666973933913,0.192076095227128,0.293545674850905,0.0784559090478819,0.837340958812734,0.422018729014027,-0.346020624170219,0.141748757813257,-0.63748856828358,0.0870560574902049,1,-0.697931780695195,-0.32712012745395,0.29108023571643,0.67407846195667,0.147975763021588,0.829755845246073,0.118768951243329,0.713563426964441,0.143288487014956,0.625629156990235,0.172730884235651,0.729457675992116,0.222183070178713
0.874752996724314,0.117300350825866,0.938745179751213,0.133735416469864,0.192831854509112,0.0583768505178632,0.226973549185231,0.195786278887153,-0.0959753922564952,0.0695653667769505,-0.542374699115794,0.0997193527087495,1,-0.458757188400862,-0.00774222649911838,0.300217067498098,0.413254063993941,0.153029701184902,0.58482379433233,0.141594156489903,0.478727576202107,0.138378233093541,0.728896050800975,0.152472328277543,0.733049197626459,0.165311200857809
1.04858570899861,0.105396392502756,1.07043894989669,0.153372143014829,0.165915893452584,0.0428008769995602,0.63434304389314,0.284580260004495,-0.278515092096612,0.0803464115943365,-0.497361544726804,0.0967253821457783,1,-0.858504641741404,0.0219671887931442,0.273451151891223,0.601638272133338,0.13878924296523,0.735960383890542,0.120316120135906,0.722848364910282,0.108842907435336,0.744563283333644,0.145702525344765,0.497059740274741,0.177965980887185
1.03764325515297,0.13320555606668,1.06347050599924,0.193609908114992,0.305612088440687,0.0940007583016914,0.683048379807739,0.323107460091814,-0.283232537365652,0.113152362341717,-0.646471085194288,0.0923469996399178,1,-0.619915001260713,-0.114208083675634,0.29521119189555,0.791676308705538,0.134198559672188,0.737840684659406,0.126541679059502,0.669708348602451,0.142959837172035,0.857332972326837,0.214416095979162,0.664176950477771,0.255902002369547
1.16411167304356,0.126492824214929,1.00428283358861,0.155736095543939,0.359704581212195,0.0943850306246413,0.159655820380655,0.118629927777404,-0.239643338991269,0.10176037348334,-0.72394761820736,0.0647284327069418,1,-0.999999999257961,-0.0931854920564949,0.308634790736859,0.900169125690138,0.136535512638605,0.589359786519915,0.139818845450086,0.536582970235313,0.14446163697799,1.08425516392498,0.149141318624668,0.915633674642014,0.183784161259153
1.1535312534682,0.127556917801593,0.846844729053763,0.13836770189674,0.223761817248487,0.0567742618007448,0.619215727059193,0.264767416369484,-0.270295886945178,0.0879491240093981,-0.5747790728887,0.0816930127005284,1,-0.726148522178347,0.473822441886941,0.294244160019574,0.6007217993368,0.13661985899273,0.624791205225026,0.122588547394967,0.593335289250226,0.126283875132919,0.576856966485965,0.138209854920209,0.835566875279867,0.17775336935286
1.1844890378569,0.117412542944951,0.958884652799745,0.151985867772016,0.157216596504693,0.0388357879400203,0.21775129036199,0.240341398947214,-0.106748108406834,0.0659169495155734,-0.591563219888596,0.0871746231513441,1,-0.57693996552688,0.593761069537273,0.233012328461346,0.736292683971169,0.141283037803202,0.542866158315819,0.139441359195616,0.669031406618224,0.133755121888854,0.380169971004079,0.166070649228634,0.851580631172711,0.162875027423897
0.911969191938756,0.111813572161803,1.05530707905741,0.16619989130084,0.244235852989142,0.0666394971884013,0.29950659790485,0.243645179676418,-0.265779056908034,0.104345705795995,-0.632849885576586,0.0802090129128005,1,-0.982681659133342,-0.247733115445453,0.256793985192197,0.764177313080548,0.138798730652859,0.397431028590155,0.147296812828806,0.705851595720762,0.142581119633918,0.513042835867602,0.171783143281506,0.730070508946694,0.181413802983464
0.960583783885393,0.117454503484959,1.17285445895872,0.148241321390986,0.224553192433555,0.0532738916500449,0.289659378965034,0.231156719512513,-0.148359462761633,0.0774473081284984,-0.594852980053061,0.0861453614213961,1,-0.581717109555789,-0.0612685514431297,0.284221468900851,0.675360310182765,0.127750588156296,0.718069649940135,0.10756301414929,0.586275496724522,0.132465158501057,0.794120974602677,0.147681220277786,1.06051580316748,0.178239994929194
1.05860013461907,0.116784100904837,0.829565988387737,0.147230407730923,0.261088124907507,0.0672615813838299,0.514563806824649,0.258330583892951,-0.167266774985992,0.0938391022286362,-0.558935177525688,0.0939857318233547,1,-0.456348372508549,-0.0638176719099201,0.283063317242965,0.595644880906143,0.133913005549226,0.823870386926889,0.10602060489999,0.739567333636265,0.139983531246954,0.667726164378003,0.161913339791702,0.678027515029008,0.181546942979893
0.870765230318999,0.104817663332518,0.894363120825303,0.147656709654003,0.178863732919222,0.0467086954394076,0.524517395435372,0.271777851649749,-0.135875879128904,0.0692808141212484,-0.608372938547084,0.0871088016670294,1,-0.443609945125805,-0.619840854293394,0.291152267919047,0.831139071720245,0.138526696363838,0.626800421915942,0.122443174005547,0.614058442369668,0.135195116993715,0.86342902541319,0.149885090945425,0.525078516861936,0.275977752267111
1.08564292551022,0.117074600960945,1.20536126118556,0.148837055220758,0.308512741283383,0.0750352229825517,0.356971966767508,0.267813250734783,-0.269724072978067,0.108484768058719,-0.586506900492008,0.0859130463183157,1,-0.812767072458038,-0.0435166090508845,0.255539057095369,0.720408558869606,0.137994813787265,0.899546514709021,0.108852860267852,0.806820576903106,0.130540298672313,0.563966241055732,0.155323560471685,0.964162180078773,0.18951213932388
1.214666663039,0.17120568569054,1.22548007943892,0.216489194582566,0.279872718536723,0.0814836542423385,0.7023065345791,0.34874505563877,-0.389700048737785,0.127222093454665,-0.748885434913461,0.0681644554942973,1,-0.878995845234794,0.163453654740453,0.343143782634815,0.875320472808551,0.154245360341788,0.640770866058156,0.143984163594799,0.977291908272683,0.14655609852313,0.735579221955425,0.180227027890634,1.01881679256989,0.185875669499449
1.19167671215859,0.142048032399749,1.1369368011395,0.154188195530073,0.332712151997078,0.0894650859269281,0.241000397672635,0.155062086844607,-0.28316737266459,0.11274996872841,-0.738862262249418,0.0638938110949626,1,-0.999999999999706,0.114306714783715,0.319921225275844,0.857586756835942,0.144495515210629,0.713791340475994,0.118941232369765,1.02021760989203,0.134263585423055,0.907757214904803,0.17098517550476,0.886536138185155,0.20612772435915
1.1402051147291,0.156691045305873,0.944413791820372,0.177346576574642,0.308346258658467,0.0820627845929211,0.601704731538547,0.401708331016377,-0.186332088887384,0.109660582182878,-0.621576436479209,0.0887359233620396,1,-0.43259012145436,0.190628811640353,0.354082738334128,0.341902843502527,0.191971049485392,0.72464077719745,0.13468091043046,0.916229536205692,0.132542685668349,0.773585116698461,0.142285208103849,0.666662973899039,0.210011173047871
0.851594290440082,0.127332923379034,0.911230689284365,0.150342740686087,0.22700478122807,0.0588934798423411,0.470400977010274,0.245145791981196,-0.144031196351246,0.0709548755488278,-0.433518576939271,0.123510850220194,1,-0.440762825304554,-0.219159831643574,0.33966729986937,0.70293635123373,0.129951599812412,0.535477908838509,0.133510681716084,0.783350039922509,0.127329523691007,0.306275794017535,0.179240743060275,0.601616238026546,0.191629436597083
1.16381287592857,0.155914189582413,0.8312342022845,0.184085483087092,0.332494825926882,0.0983613658625857,0.981081993414147,0.375619961355873,-0.398807862158252,0.135187636804041,-0.653113834034309,0.0928941851386838,1,-0.69826233008376,0.141958624835141,0.325263903208725,0.5762615766913,0.151036375450124,0.817924394223008,0.126076662607856,0.820793790303369,0.155674963961959,0.670974801867872,0.184399044416,0.911299963372331,0.181924614988366
1.23263451268243,0.155959175714894,1.04216588795433,0.188521639004986,0.260701749659945,0.078960291634897,1.15794668448802,0.579216507433347,-0.142619453529715,0.113082823996899,-0.756870185170762,0.0664533085231414,1,-0.259574791186661,-0.0181534664497522,0.333203246634372,0.785962593813388,0.157268930161811,0.964189475508879,0.121447530905935,0.947014800625,0.140404034508762,0.934530029511823,0.174776807914676,0.489310138265823,0.247311864069889
1.08507111528646,0.13316428344274,0.873911049792977,0.14910413898589,0.181795205542856,0.0575278848027242,0.267176830969964,0.232100922616978,-0.0181221077806299,0.061665717165516,-0.58113065905479,0.094612094291806,1,-0.0822276917483769,0.50138890816126,0.241443397599408,0.581461665375031,0.140576861110792,0.681346488559063,0.129493698432485,0.765074373573825,0.160728222321328,0.40908474912234,0.214086673092311,0.641432054759561,0.20059432543516
1.17268970473722,0.157155802097575,1.26701044262387,0.193453271871114,0.284991499002353,0.0858485162211789,0.317585999148083,0.297651019064551,-0.189619572454126,0.101200377183104,-0.733943886495471,0.0724102018561045,1,-0.630284367973078,0.342141071079424,0.352297503886427,0.84402683872518,0.143642404977449,0.84520303949613,0.125174779998678,0.72580647785667,0.166368077131164,0.837083911198897,0.203499796623913,0.959362277183956,0.20323586496687
1.04954327511783,0.144329707905627,1.16783245838962,0.186166680838677,0.323912825360181,0.0904381032454547,0.726198119015602,0.409020614740181,-0.363227325360195,0.146652513074793,-0.648471270161763,0.0874338328295438,1,-0.748922504195465,-0.0456095102356346,0.274338799197203,0.738187963954167,0.132841808029394,0.732397402659132,0.135093664735705,0.748989204619707,0.150446202047785,0.727881690242184,0.194539236646595,0.796590234125016,0.20592660446718
0.822094110357031,0.121821876045428,1.15329665840101,0.171692603371536,0.227870848689174,0.0587260379283121,0.34582851755691,0.226158990206298,-0.194627347069844,0.0896983727188654,-0.575769968244987,0.10934310836606,1,-0.693312573656962,-0.0805133434031103,0.328656772959599,0.714509337327372,0.132719786581913,0.468109663158245,0.141219407859408,0.825585648619068,0.131763118927053,0.649261402137658,0.177025088205398,0.354455188137227,0.241092352869095
0.942600782499713,0.130017847614978,1.14917573669197,0.164772456479856,0.29506148327445,0.0805572550661233,0.630004909738132,0.308255104171142,-0.340434520365551,0.111640740221753,-0.671277842590277,0.0744006795800526,1,-0.789596771374154,0.00454259146176641,0.329297010019498,0.737419360540399,0.123752225288172,0.719076264791493,0.127888998605009,0.303313866352007,0.165088506539945,0.935389456289844,0.1459809061798,0.653741325193512,0.243307262680337
1.09230387198713,0.146048929258061,1.34360471416857,0.205014593017153,0.318538831585969,0.0909962937274846,0.539087436998339,0.294384773973839,-0.254581872768501,0.129730932589683,-0.555196153504208,0.118456744297932,1,-0.614351156350338,-0.254104500098169,0.26852458318014,0.861164771255821,0.153952775648628,0.776344523648549,0.142045658166977,0.802193801558484,0.138748962781103,0.704733109708905,0.195128270524293,0.690633566514078,0.191498977186145
0.974727776635155,0.122607180203496,1.11223244210994,0.193031312694805,0.280945692425044,0.071376584787444,1.03054282650345,0.479054000414387,-0.294116326154236,0.141103067309302,-0.583381379511357,0.084858947151785,1,-0.546606663050462,0.0224940073548159,0.300224365695837,0.808612829013073,0.128977993325652,0.746841445720105,0.122482194227057,0.648689728780465,0.139253870807006,0.592338310728927,0.160594934192206,0.703578505322413,0.17837937939785
0.979005856548904,0.129753448946046,1.03191474009657,0.175087945521022,0.249037428677617,0.0685193499446024,0.518236531787568,0.227083737280593,-0.199320448461153,0.0814078131178684,-0.57922336129083,0.10888937606979,1,-0.554824373887554,0.060619081984131,0.363692521630834,0.763775313766656,0.147681209803521,0.411895205255118,0.14868155838314,0.794484455293055,0.127925164106824,0.787682620189004,0.153652943572064,0.651326685956911,0.223651631262423
1.34778643803146,0.17151443931385,1.13209117261995,0.19926339258657,0.308578388777197,0.0876504118364029,0.74112749392537,0.357003281207553,-0.413216371245955,0.126828709743002,-0.650705436008872,0.0917922394799054,1,-0.864068759803601,0.204393175766946,0.38210370381208,0.913471477752814,0.168283955460952,0.92628846961397,0.134195660293938,0.729408782214132,0.147594494098413,1.17702508949661,0.172581522585834,0.42474620882467,0.277378900818317
1.00520068018892,0.120144916860423,1.306910179156,0.178685248173735,0.378460397784972,0.0854080807853586,0.317102150301125,0.313897879294395,-0.150795036999105,0.108634172281785,-0.694431256892323,0.0648320766675258,1,-0.435288540424619,-0.0782439029258729,0.306470246545081,0.774810647062177,0.129070364841365,0.771735434557246,0.136254584364878,0.751788590201693,0.13254086392771,0.750434502907045,0.148991976207887,0.93789028971889,0.212406077769789
0.863348826370627,0.113295501433528,0.892279035638643,0.120472603239237,0.237087867619593,0.0630002748399125,0.12336982460673,0.13081056361131,-0.155364073690612,0.0681085858892592,-0.544745891783811,0.0973940735339415,1,-0.908429985678558,0.0713324818826103,0.241025098315325,0.666589194547196,0.121956553010609,0.664988332982407,0.11978334969632,0.68048266928316,0.135129893766118,0.52891796974682,0.211432583235569,0.971578640955438,0.209283086864045
0.964622598178822,0.118449426634272,0.881615845329453,0.151726240953809,0.288750997436659,0.0742703357989328,0.360684750171191,0.235180007623464,-0.236065637089083,0.101474458000769,-0.570336443417253,0.0907727273113739,1,-0.731487883362538,-0.0531303735096398,0.252780006791215,0.628646099176287,0.133071666161307,0.702513931148688,0.132539958508384,0.758493683041967,0.143306667072651,0.521311785122128,0.151471718339951,0.762180352786546,0.199647315049828
1.10256100277743,0.119048470786265,0.648962863227381,0.152239145516284,0.284472184726407,0.0718632663472499,0.397790613227163,0.219940503850109,-0.192492790349979,0.0946647728033509,-0.588447630685036,0.0971219047358544,1,-0.572225620282685,0.104008614341596,0.292163863442804,0.69500477499302,0.137150001828027,0.908786274895875,0.126839652860924,0.699850915778907,0.142096188469704,0.646455411307126,0.169079923759977,0.908432573631599,0.165847308018201
1.1105585963138,0.115244251035337,0.963859115202987,0.148747469427194,0.302016129885642,0.0729570675241536,0.629854818085146,0.297776254297839,-0.309926315719075,0.109260555463718,-0.597890058477812,0.0990230370764694,1,-0.710596651402962,0.228426631622934,0.319977387254523,0.759977543521434,0.144366113889679,0.756813928851474,0.121563439990863,0.531622854329772,0.129718702948277,0.895462099040964,0.138350143231451,0.65680898279323,0.184016647609781
0.923963840699438,0.126517036744577,1.17326504721659,0.174670410917715,0.195257841715625,0.0512170119310956,0.57064295879238,0.30467645795512,-0.187344360695167,0.0813330804785117,-0.64851805758588,0.0875759514490388,1,-0.561247153159638,-0.440574924070252,0.290162964746319,0.869320204639733,0.123641750429342,0.788515692081702,0.129094746606286,0.469920995090174,0.146018589439048,0.842883496416421,0.160305964282369,0.684169994102101,0.222674237759795
0.822146068097028,0.0942953328936524,0.881389614672676,0.123491731507958,0.128717407241309,0.0347236387955136,0.147878963124725,0.101488824479594,-0.137965925922958,0.0557402730677718,-0.380568694583414,0.119738200450087,1,-0.999999999916766,0.148723150182705,0.285790559448811,0.542671504416523,0.140212072713874,0.524268603448482,0.115940885535857,0.548620139658503,0.124028261216657,0.504402817944598,0.187792430791334,0.619692429425227,0.208717433825189
0.910745704172783,0.0972496599901226,0.925829480152156,0.168772683239586,0.198165553423866,0.0546164725841722,0.692847606048855,0.296213551732925,-0.321959433685799,0.102271633746571,-0.424505050742323,0.140276947487065,1,-0.868896828847589,0.273890461785007,0.243297097248009,0.523216105996986,0.13704868428847,0.551994304814606,0.124581536763636,0.679138702451288,0.146972977963478,0.709610744458915,0.161649965655329,0.196347763130607,0.239566945467685
0.975636540939178,0.116173580269557,1.03255551428631,0.161091084129866,0.23027811520142,0.0531397773147636,0.519023397337443,0.327208502292471,-0.254529316776749,0.0818790966199169,-0.653407658894649,0.0745249625859875,1,-0.736237629374591,-0.349536974246079,0.317984612277236,0.870094216777178,0.136198375627206,0.62059912634339,0.130513359812332,0.742409023904891,0.144048124237172,0.732148833562682,0.145126134515316,0.858033288691437,0.174161806832057
0.840112060505351,0.116595856849924,1.1894229108535,0.185035892091919,0.214925318500903,0.0593422937188251,0.629283252359304,0.300943119180364,-0.262995832020754,0.0929054253558766,-0.413006769286617,0.143038241049043,1,-0.715125047271101,-0.235938672383809,0.252294044161996,0.631925684116977,0.132873016947663,0.591433093321605,0.124076439964234,0.691900459821668,0.138186034037197,0.664878990499913,0.161964372151917,0.482637316628024,0.272551619187102
1.03508472057581,0.154936475057472,1.08410307780227,0.199493708852138,0.309743101752325,0.0793991684045736,0.898136566046045,0.38709646339852,-0.350709018773286,0.124101982797296,-0.634768215851101,0.0816586040358599,1,-0.664928462693781,-0.0275389738015495,0.339819990221023,0.752927549462631,0.151109576328729,0.748373478005991,0.125849619714491,0.615912130272022,0.146824664872419,1.02582447105298,0.146394791178384,0.681136827248035,0.218717737174363
1.06027027448042,0.140569603375313,1.13608887592774,0.165273044026845,0.309131812046126,0.0833862220410447,0.171743153093879,0.222129175214593,-0.206220822497047,0.101316483342494,-0.66644718718935,0.0774672700431932,1,-0.894995700231835,0.240189671463121,0.321009966198178,0.573150356170218,0.168376533521632,0.805837096239393,0.120544424488854,0.746426415484823,0.146696041183664,0.620390371795501,0.155454480789452,1.05667608931044,0.165729030318695
0.977207252766469,0.11972678263202,0.902941838708859,0.179780812047161,0.261185679324546,0.0670859892498775,0.85072815724221,0.345754201600624,-0.353247095081791,0.116514936017111,-0.642680722855516,0.0810061212790305,1,-0.749391072348879,-0.26193264942458,0.23113544161606,0.684381116103995,0.128049521092398,0.734829229473909,0.124955930324761,0.602940840273567,0.134104968288991,0.728484493177604,0.172413366916241,0.605600646878366,0.210007251668332
1.07079687633315,0.107021262384119,0.94181318547544,0.125890778740448,0.246027738939955,0.0560953446307023,0.176631434602376,0.190263863638953,-0.166825398257739,0.0762210323608007,-0.644842932878908,0.0739325809281319,1,-0.800269258924268,0.160133121824988,0.309911906282571,0.674612314411985,0.150696085122986,0.872903965970481,0.10424412990139,0.485560216652566,0.129770544996095,0.76534649531128,0.124176603246367,0.640348752619638,0.195771609207527
0.928327425263743,0.114801598891078,0.990585957737032,0.160975672560659,0.299767525788883,0.0769516674595779,0.691292708941867,0.293610080610935,-0.337089266906045,0.121897829970443,-0.507455638274977,0.120800807083063,1,-0.740494171839937,-0.075844194958154,0.318582712825279,0.725967291583039,0.137532095198308,0.592999245301022,0.136577791699254,0.622756644253404,0.138780052456571,0.602229126582887,0.159075712859754,0.718374809637043,0.186668119797988
0.878773057958506,0.123346783912653,0.969347544074836,0.172080264396204,0.305047603856628,0.0897014257578092,0.54325492760131,0.312476233679454,-0.244144493576106,0.0922496572918184,-0.614348272235947,0.0914372183829992,1,-0.599737614031079,-0.224948677172579,0.305147009857254,0.708994261506358,0.142886169879946,0.683089567293783,0.132247294356225,0.720575199139354,0.167991541955548,0.839565423777989,0.1934305423058,0.755156375893482,0.235804002923243
1.09612421339865,0.109076087432315,1.06330728234557,0.161414450536752,0.234329302161636,0.0631657866124667,0.195824936091816,0.127385845884127,-0.214213726497023,0.0841686652272911,-0.493269473440429,0.109621053193626,1,-0.999999999994544,0.290610733727094,0.291173638617819,0.643372966181353,0.140367719578206,0.726207666336123,0.106501911110094,0.654267904295764,0.130665588424586,0.575647822427003,0.167113470530672,0.621972470054657,0.155861111362161
1.26314430964488,0.137869538930707,0.889296141000862,0.167229907645415,0.277131227797286,0.0755740026460714,0.593050791209869,0.311352002428815,-0.28735375692048,0.115924937922991,-0.72887765786018,0.064976389080477,1,-0.708807332816403,0.158901064773762,0.336193694819068,0.744718140155315,0.138522653519622,0.937036464950045,0.109172945778191,0.937022307934473,0.158521829852708,0.871333834196964,0.158171276198977,0.730854446091123,0.216686709291131
0.904977287115753,0.11047340086183,1.02908220774689,0.147587524007019,0.24957544134698,0.0747312774240493,0.316702637555121,0.16251461229777,-0.157947060291842,0.0829956713182558,-0.344757345885032,0.142770704757182,1,-0.561803943324215,0.0696236382142693,0.24817618644238,0.605378416766655,0.132077486810008,0.575195015064452,0.130469794553494,0.416635625383913,0.150444172456915,0.581618291937258,0.176886062258494,0.798152863746082,0.202941195057824
0.917708899328762,0.125418971198924,1.02484573831551,0.143572448416149,0.207915605748729,0.0565674038277468,0.480238172892988,0.285246571959513,-0.168290832060636,0.0858980418406081,-0.574442968695327,0.0928477478961362,1,-0.532584563586474,0.00797606321379062,0.27020892608998,0.606369030436921,0.137011122486719,0.635740074593026,0.123972808049011,0.681261337249683,0.140194152810809,0.750314877274124,0.143869804125455,0.53222843364914,0.21896689768211
1.04964722533409,0.11884171129054,0.869411455273277,0.155538288054886,0.233240582578631,0.0606135392135766,0.359709320450952,0.296444748952997,-0.126481192469387,0.0868717605842738,-0.624266053044378,0.0968888831383178,1,-0.436664662078654,0.264197849208417,0.277821076802863,0.611584558794982,0.147803111999373,0.582630734123401,0.136993217672551,0.684307795950715,0.131023488377374,0.628210619981094,0.152591954930394,0.7291032142138,0.190137860149011
0.980770177580347,0.11077281822555,0.892142550344087,0.140753870855633,0.209856754749566,0.0485846411040956,0.446189256106571,0.256116893360427,-0.194928521059948,0.0719573126508051,-0.30023997765259,0.154440422579675,1,-0.637021891336302,0.456647368046054,0.266309584952851,0.497600065893371,0.140776978012468,0.751017638680725,0.117625890160543,0.61133876617347,0.128430868378575,0.578138150345933,0.163534091879327,0.69629303703806,0.15797363852029
0.965010725022713,0.109962618261432,0.95920297896618,0.139590711099812,0.176758384695999,0.0472358928539582,0.433622729727781,0.204674941141217,-0.220364338145162,0.0841482736472931,-0.681189907961018,0.0730134410180727,1,-0.795967401610862,0.218683727171101,0.246556947211359,0.316673264247249,0.138845362493015,0.870924016718712,0.101520134373647,0.300256315795279,0.146914047091906,0.71364055923061,0.144874871188369,0.749234910299963,0.215712858217142
0.912372140233144,0.108046567281987,0.951106356623345,0.140449796511286,0.185556738985175,0.042774113323025,0.355873843375402,0.266082738181253,-0.141325019948801,0.0770338694454331,-0.639458226268883,0.0720998129781998,1,-0.549961965410689,0.350348001785085,0.271525814668912,0.504759374536303,0.146019260660068,0.643973312873099,0.110929676259335,0.657673650515851,0.121006753873891,0.503970933737502,0.16255137624328,0.84082155812591,0.201622173955695
0.963859025972136,0.101959910422756,1.13316843530602,0.178790229005034,0.192463042720912,0.0465030421848022,0.559113272540003,0.326285730401394,-0.1304917142938,0.0816318152120417,-0.554548596696043,0.102056979883665,1,-0.397795038334691,-0.175330459440599,0.346817170279743,0.663155494677379,0.145107972190009,0.735244420869375,0.131978583305359,0.640523699537053,0.127365379200731,0.7150045637913,0.13377138337859,0.893151691917696,0.189774536658109
0.987514086814818,0.131147172898423,0.972204014613181,0.160291505428491,0.264233848476438,0.0820454038250965,0.295655488779859,0.214121181037739,-0.187668380626695,0.0966160888837661,-0.624587441957008,0.108366939038576,1,-0.671434895500001,-0.143586393744216,0.299007655502227,0.735148057198783,0.16068860474098,0.508234109913427,0.140417414330741,0.779353188674844,0.151248887923367,0.700663348927023,0.173226287671012,0.835118146980723,0.231171756440068
0.968408414990035,0.117437193539508,0.836409777782276,0.173774437933707,0.219071362780106,0.0617800880191636,0.856011020044183,0.407539735195836,-0.28982517679239,0.109749104399955,-0.616164884721635,0.0834827897992591,1,-0.669273495821643,0.061801317853975,0.309726344923424,0.700855985931888,0.140332277626992,0.531270467710143,0.125419576897245,0.824949779129902,0.118038149576388,0.603378258931532,0.155766656719385,1.22024816172607,0.196057111263443
1.09213807973737,0.108270895116523,1.06304927136275,0.127084735317692,0.2095168403919,0.0462603192057323,0.221839673835759,0.198370744198428,-0.172147967200487,0.0751222571076218,-0.70140160980652,0.0612746469072371,1,-0.798496141087872,0.195326783236954,0.282503388147281,0.610814736089633,0.144914196471644,0.715945315533058,0.114638296686272,0.923782758545523,0.109035374365617,0.503081239815944,0.178614755507628,0.744252754955205,0.194564685185259
0.94323174435789,0.142239103981584,0.931969677080136,0.188764296300157,0.349728313303836,0.0972150393155984,1.24680604132482,0.595244616223928,-0.41684932679202,0.177584277920845,-0.682963433181294,0.0866743201944347,1,-0.631268703529387,-0.34913673053807,0.297663656664437,0.785647301171718,0.136763279220502,0.772046578710956,0.149947865253871,0.835850064841421,0.124085775876399,0.686915548867539,0.209624995360394,0.656490240932175,0.215113714340246
1.13807327323489,0.146509555966946,1.01433398790461,0.16123987108312,0.36876166613046,0.0898395350897738,0.575443086110111,0.363308201766493,-0.312530246204524,0.130122567870668,-0.648928813087522,0.079549715404673,1,-0.678450210580239,-0.0084370906646321,0.394423847938674,0.596950025553809,0.143809741554836,0.836648400645038,0.114178469120859,0.758142162227501,0.142990317199366,0.69715778599887,0.164720917975779,0.834740550885864,0.181727611623694
1.22807217799042,0.169649350723569,1.1077180526969,0.21715829227525,0.23696297225692,0.0690064606452701,0.983452092970885,0.460489359233348,-0.279245267212367,0.124451055403057,-0.686449420022143,0.0875888447221651,1,-0.578454191635553,0.801933626062971,0.322959471314602,0.75513508892654,0.142330669848362,0.614565987294246,0.15795725968617,0.811845986698325,0.17189160699749,0.556742132858394,0.200459972546832,0.856757547982981,0.200353378499124
0.94842836006534,0.123087095665509,1.08958719291041,0.175944766138439,0.213582298708481,0.0630139105786166,0.62446861151313,0.331887923757712,-0.295056077483417,0.100726909296736,-0.57691269951992,0.097154765038026,1,-0.807916782244298,0.0282908473083325,0.251447013480967,0.792912120192587,0.133563029530157,0.635642475528032,0.126203765836538,0.63159890052666,0.143408830784357,0.38871329119519,0.193210371768847,1.03968628260559,0.208205847913047
1.2932351188475,0.160434474014361,1.26160279242139,0.228184014257189,0.467744614234999,0.120646064820353,1.18928748967907,0.499815218213671,-0.320750465759172,0.173025890709484,-0.620688665570178,0.071049389336514,1,-0.43005051555265,0.317486679356781,0.375316164209792,0.816909295957299,0.142332140728402,0.978554654462739,0.133323274669127,0.850831498172841,0.109074815751175,0.702928347639884,0.196656393045419,0.858984156747496,0.195544083737291
0.841117376964466,0.12643589376106,0.624295963847436,0.14798410855477,0.232307622607058,0.0691918968100271,0.36180264570802,0.230133435430937,-0.23394335345613,0.105401533681225,-0.625792195137544,0.10196011022849,1,-0.806943470258763,-0.236766736380866,0.261057151542992,0.619399229066478,0.153468357690485,0.500871703195219,0.140211486484306,0.661457357958405,0.144706633822271,0.5391480079898,0.168185803174036,0.915672468121747,0.255643637366848
0.876105581062774,0.125214530023137,0.671862646318444,0.159939234861587,0.401433515168952,0.102059909431022,0.519376422151337,0.246962324865311,-0.456612639816239,0.145346606764582,-0.645797070318796,0.0725008723564817,1,-0.999999999999688,-0.735083934183064,0.357683596810492,0.85366516415837,0.136684382141848,0.708644843943023,0.123525048188564,0.5362118327824,0.147755627734544,0.811853506328805,0.140671390988503,0.876265892043952,0.19411008207666
1.17427901129242,0.158411978392925,1.35746317996253,0.222963917790618,0.330604276629258,0.10247303123572,0.717635346146416,0.433623317978456,-0.331268718628805,0.143567079880672,-0.643234961526117,0.084796911838779,1,-0.680102362770332,0.130702328008338,0.277915622788498,0.726425856434648,0.163172232842826,0.828331889956351,0.139404949313619,0.864455194591784,0.136235361470792,0.519860259503519,0.189596412691693,1.02161160321713,0.191579528413097
0.933765513678014,0.106940440248848,1.23790127619204,0.162585472270834,0.363553596006191,0.0745963207859852,0.360426054040856,0.251477516201044,-0.125888298181439,0.113242453812556,-0.625631329262069,0.0731371143802117,1,-0.347770749746727,-0.347559334738188,0.272262701388994,0.82544424001083,0.111452680277747,0.771400928530168,0.114678582114498,0.66612275141936,0.12862093331707,0.715073423982766,0.133879344791143,0.991821226613726,0.177257431819939
1.14976304711653,0.156014357108312,1.18038350775568,0.218081276735125,0.331092192856301,0.103960753887262,1.61582938556169,0.657065001311132,-0.395749967777489,0.171070713234178,-0.697198146678399,0.0739414537667273,1,-0.541064035149067,0.197951164557734,0.350665463551726,0.562027056015781,0.170069515273698,0.743849132605113,0.138429131093279,0.745073347737337,0.144646429957275,0.991622386950038,0.163761108063967,0.915339862282417,0.194693021913185
0.947942329571381,0.113122887670984,0.986027724120272,0.136221230245664,0.209525735224709,0.0551712317121892,0.274852570625004,0.207820923776645,-0.123630133642373,0.0643006118125439,-0.650587872211077,0.075044436256886,1,-0.515176151510193,-0.0562432802138824,0.291407929962533,0.732500226884816,0.11668478280434,0.623734500253447,0.115970463647879,0.464337516264605,0.14102795848397,0.734346969961468,0.164224769065686,0.786165961510057,0.164169569382775
0.853384817897978,0.115171894371698,0.767403707498721,0.137275374796077,0.163479661366411,0.045657916562882,0.251995853004916,0.179943709549177,-0.061373006939042,0.0531993956352033,-0.480327099407981,0.113790521048552,1,-0.302377060080137,0.0900513210340559,0.287049225519952,0.362605866931853,0.154157194436623,0.566659686873682,0.131949199973714,0.681341258905413,0.135308796669824,0.46603293399672,0.15793131202709,0.857662287869802,0.164085518292078
0.820706984845394,0.111476474672853,1.06846898197107,0.173797505733876,0.230436418500064,0.0569894508691143,0.810773722686526,0.378048988499826,-0.320237390655207,0.110882929035198,-0.603487986273284,0.0827627905172283,1,-0.740877912828651,-0.122046816222942,0.304500627111675,0.6277807259152,0.140201266762595,0.659602475704673,0.122477052723755,0.625867936315312,0.127092904981308,0.560368596080747,0.14965306288922,0.693674729351475,0.216606309750537
0.853689671848235,0.129326773232073,1.15283434960237,0.197372822054218,0.217980878687286,0.0629471524415609,0.677287723876835,0.423132521277239,-0.125371937775405,0.0948691245529773,-0.680846566696957,0.082965908331967,1,-0.326290580869983,-0.0775925230368571,0.353278418208691,0.559352389453846,0.159394658522846,0.537797418995817,0.139386260499204,0.737538333777803,0.143279492489163,0.81686608840045,0.162540572613282,1.14658129181565,0.218105496816926
1.11810777247457,0.154450568398924,1.12800822408339,0.232723426986128,0.290637595844622,0.0859340491286315,1.46186421445455,0.65482316835558,-0.407635050541893,0.157813949359588,-0.645504092923976,0.104803758513589,1,-0.625377289900909,0.0336860981028382,0.370480354201763,0.766593318682107,0.168048791354146,0.783008016507846,0.143467481860167,0.754225900797822,0.157372184552053,0.806409583390475,0.178109860018887,0.956117184114472,0.181944927746484
1.17437356994139,0.173818200716905,1.0690068009361,0.180410784094623,0.238861970655044,0.0723260913725189,0.797675764577856,0.392628633050222,-0.182402831455333,0.102507652703428,-0.575334883127911,0.108185897045302,1,-0.417873539298398,0.149873244854761,0.332308422824027,0.769533053140423,0.165127299121772,0.772347425468283,0.148223040404619,0.865553425472188,0.171160432445122,0.68667790451002,0.183248222563618,1.06793907035019,0.178420115664025
0.946861523417177,0.134584338437416,1.05124878389454,0.156639424133358,0.219062919010173,0.0536911046315211,0.488876203636975,0.240687821593027,-0.266311250337298,0.0803890609672765,-0.567174152572509,0.106759405912391,1,-0.813777408939001,0.4543037409594,0.349903167772259,0.537988219096679,0.142886423981553,0.870504117419136,0.125529175244284,0.588287139207996,0.143708330305687,0.558055175396547,0.191179327099716,0.835283826045303,0.194652517461379
NA,NA,NA,NA,NA,NA,NA,NA,NA,NA,NA,NA,99,NA,NA,NA,NA,NA,NA,NA,NA,NA,NA,NA,NA,NA
1.01853720901033,0.128890643550229,1.04579663021193,0.187177196451135,0.141976748564388,0.0427078408262798,0.747030879224052,0.326380650115813,-0.1101030097515,0.0589890727053962,-0.603028411577751,0.0989991169616689,1,-0.338081417635481,0.0245698675868572,0.29066240106898,0.594504299392487,0.168232750852508,0.78297661330827,0.134849064460675,0.548119780942219,0.155469375956578,0.872537489046831,0.144143675683467,0.677126652730258,0.19474539727195
1.19699723451016,0.186202239877157,1.10175581063013,0.209971239282532,0.293080318414938,0.0864257592320652,0.875318222102968,0.464157317813807,-0.167931379249307,0.119250680701012,-0.68314288433191,0.086157301066859,1,-0.331554970333203,0.163028789184762,0.459396635268561,0.990611944995273,0.144627275198204,0.695091072651251,0.157562992950004,0.863177299052703,0.161789377056312,0.8740691776756,0.192750954895197,0.683778024859674,0.223249094411525
0.886716343284077,0.110881027845535,0.914937337002988,0.143040274380153,0.152083152554926,0.0378411686920838,0.461046877799824,0.249844295927136,-0.226322758614992,0.0739340363906098,-0.521376733602811,0.0954489014734297,1,-0.854702810637174,0.363474973652694,0.225816823839349,0.531294775451912,0.1395156431272,0.524281744376568,0.126612861051261,0.640449296994065,0.129998089021863,0.597842551623337,0.155689274417133,0.65171869369028,0.190776104574717
1.24599486197208,0.151295065025184,1.03055490120823,0.163073235850752,0.240754157684832,0.0763058814303039,0.476471702867318,0.277091995374193,-0.168395249097784,0.098717643797455,-0.619921737665156,0.1001031355687,1,-0.497192283837586,0.259517488033247,0.304917737205861,0.685287819353639,0.160312481995491,0.846088528577124,0.128058394295695,0.963414466639332,0.13498419589456,0.844572497160498,0.170799938299064,0.704257245799515,0.249198664747278
0.80636425276701,0.0932728214757542,0.953946216743041,0.129103864640306,0.126085394755916,0.0355697668206618,0.335632558069015,0.181160760108077,-0.117670954755339,0.046463650939899,-0.372034067667694,0.168422039131388,1,-0.572011611094636,0.145209808365298,0.256724430324455,0.495754062970723,0.135875743268423,0.301942036828382,0.136008286450942,0.376535540608689,0.138765197733108,0.651835145362964,0.1388942871266,0.516328444223806,0.176103285239998
0.904801584407905,0.117827437127266,0.840990584632518,0.130773400081184,0.242018023914331,0.0628485399520744,0.131101305468613,0.177885030164747,-0.0523111141591725,0.0672593992640343,-0.621578736756769,0.08284644460844,1,-0.293674749243363,-0.21950526417074,0.259773123679578,0.599781746833419,0.130060807141507,0.673811793926707,0.131741617315396,0.527673250381503,0.132326753898136,0.703619307806483,0.145381467552746,0.803355987726383,0.174225456793637
0.942500722426941,0.132734138982338,0.964522859875974,0.170072562523241,0.288141897762245,0.0804452501977174,0.809572493375974,0.358739541644103,-0.272971804371378,0.102482436449509,-0.533717027512103,0.114900010077777,1,-0.565179905496092,-0.0587731180713927,0.323829223506434,0.712408879123307,0.14713264359199,0.654083181814794,0.136278379899062,0.486252713860702,0.155846893433,0.816555928325046,0.155907659648234,0.413160232047419,0.210765846787172
0.874332127893066,0.10710949363241,0.904681446975814,0.145270723557257,0.221684646269938,0.0506463654419624,0.153018704686893,0.185806379636864,-0.032611920899511,0.0698510971572441,-0.57875252872143,0.0859182704797213,1,-0.177066462960446,0.161503316782702,0.262901249463568,0.480724733726725,0.133184172902873,0.571838944302366,0.127627392909779,0.630651689227435,0.146612125136631,0.774399581367259,0.130359157054876,0.453138335361061,0.228206200888774
1.01975689890338,0.138849426352853,1.18401136527892,0.205139227427735,0.314336521971357,0.0911558905666055,1.23232843851444,0.55948728324586,-0.282815707117049,0.129622916167066,-0.693492143378852,0.0790266025361112,1,-0.454404756380482,0.231537978079066,0.330651868894553,0.773305473120128,0.149579378859403,0.748429463859396,0.144615662556208,0.884187065739098,0.156155848981221,0.733469073497527,0.191751054997789,0.918378463856184,0.206015004820981
0.846933239397297,0.103815782094838,1.14828739674776,0.176852146352156,0.208030721364671,0.0518759125916116,0.565315892072086,0.29560242106235,-0.247012995280896,0.0877160044509359,-0.614389440653834,0.0788525175966929,1,-0.720295111349269,-0.02869777808879,0.265931258466501,0.649546186411441,0.133136572909739,0.651898022844011,0.121708071067408,0.574838649752263,0.145190804478854,0.69171084623303,0.153705383831791,0.759963221226055,0.208393991277813
0.799086545120286,0.108584914351876,0.861265735583766,0.171945410204528,0.174435276122363,0.0492414390818416,0.634243869737305,0.273737020103482,-0.161579621978289,0.0930904675603733,-0.551650488127452,0.110252628408184,1,-0.485781856300448,-0.402371813887015,0.282985713436936,0.566090087143212,0.148303855062478,0.580391893363516,0.119911738479452,0.648491864034673,0.133349918478898,0.507130900521835,0.163309028761017,0.469818919666194,0.201943551808338
1.25622487235208,0.155160473796523,1.30521359335299,0.179168149120612,0.315133611344112,0.082463451082066,0.324099406343802,0.314684668675524,-0.239736083937815,0.110317061417312,-0.740156499030994,0.058213146697337,1,-0.750147948573611,0.116621849271618,0.380802357744102,0.968511547892386,0.144135695699762,0.672799897256499,0.148834203718365,0.852303424801974,0.125297595368305,0.668148150861311,0.151724818612493,0.90093890176619,0.16627455398763
0.989673346458528,0.143673443134321,1.26871120897252,0.222854865617464,0.272482702785116,0.0798448151416922,0.769086371647273,0.43362493633696,-0.174577052314524,0.11983191804736,-0.703446304222682,0.0732890633750664,1,-0.38135560094536,0.00176023172498966,0.344247989272924,0.799028636798344,0.152397827789656,0.695729358115716,0.138957773113767,0.796971321072413,0.148344391373963,0.830084564532719,0.16364090452104,1.09542299981149,0.262805666417209
1.04698225673486,0.138445126491673,1.20652464083028,0.208351908801003,0.266721419790439,0.0768630724083446,0.477856776690992,0.338597463916727,-0.241853846744718,0.112668297621708,-0.708752783118844,0.0831869507131515,1,-0.67744677171559,-0.12300134005887,0.333273794266819,0.846222790141402,0.154691632681919,0.744923450961427,0.140727503476664,0.72471196182886,0.142094493475078,0.874635386201472,0.189556545315461,0.776051026129469,0.226092697749464
1.36541913960523,0.188867572729454,1.66157049592459,0.249101824228718,0.447670937742968,0.122278321741156,0.86800434401685,0.450478577101209,-0.21477606448728,0.149189978965997,-0.704126481939867,0.069810902471793,1,-0.344544625772723,0.316616429273811,0.336919445980846,0.825986842674494,0.143989253988891,0.983486591611583,0.143557074691386,1.10592047106586,0.15328195312833,0.807557364512886,0.191726361636777,1.02844158534485,0.168813821770586
1.14113001477314,0.158495967436326,1.03761810323439,0.166479052094516,0.36018870204263,0.101383701120048,0.215141718516395,0.204588117737729,-0.202363231817555,0.0971628705514949,-0.670060214888626,0.0765030894050663,1,-0.726949507760474,-0.0571773087126148,0.280906693934723,0.980892589827931,0.122238741950106,0.697711323412405,0.145346808653174,0.673083453492509,0.15893951078015,0.924097520547049,0.152560742680811,0.761279277843451,0.231183297893912
1.1017412905551,0.129897702342725,1.15951442173196,0.196636234498212,0.25842539976031,0.0702607083470549,0.789656988558371,0.446800999285261,-0.146642781727944,0.118283702141268,-0.548507307442379,0.0959364670417868,1,-0.324618936291366,0.517522622274084,0.323454220801919,0.523784117626704,0.156285215043262,0.620670089802573,0.14121161646973,0.916128904285682,0.142122697810812,0.934541449402493,0.147694836008966,0.50443376650012,0.202561495460581
1.01149790821404,0.130074083451009,0.964209948605508,0.159326301614929,0.230901854152174,0.0619963560910387,0.341870527873018,0.185741581857757,-0.166664083024225,0.0893002760434572,-0.622296595878341,0.0835888439014627,1,-0.593194991824306,0.242680272731582,0.307105213802389,0.6988486127753,0.135103560526473,0.663909560244904,0.129506193354557,0.629192200158638,0.141649056390068,0.780939856433812,0.135833356450989,0.754671040810076,0.1950732691198
0.707106757038286,0.0844042728942734,0.890841546166509,0.139399584081895,0.103990141981229,0.0323682354441973,0.17674042203141,0.112795703778355,-0.0759235367326361,0.0496616351869492,-0.409114756025742,0.114773792900971,1,-0.56003143003212,-0.0928347906909887,0.220795463918096,0.418100917466037,0.126080111766843,0.515204347975921,0.116742110014551,0.601024413361943,0.130342859312857,0.581849073377594,0.171770476433145,0.54601292303518,0.243205280301386
1.03966146987342,0.107195541675057,1.09658841070294,0.177180700024658,0.234145574947985,0.0585074639050115,0.880966510337654,0.393191072485941,-0.333066526469607,0.119298588018904,-0.590866473695993,0.0881884922610886,1,-0.733344958949844,0.160392358684329,0.298888936224449,0.776152941310135,0.155493492863347,0.498897092664592,0.134303616569811,0.842524874244513,0.133734873051323,0.79956585651099,0.147276200446646,0.284818928397087,0.227316428603979
1.2035495616355,0.170509788529872,1.0815357621015,0.224553859474425,0.333643794145545,0.100858002122966,1.99489405208535,0.754035307560485,-0.489449469117381,0.180498364604753,-0.730266734512925,0.0692915763054298,1,-0.599938065547824,0.361123651575403,0.387322681949201,0.899764579959651,0.135739659137315,0.77130926875744,0.141495740099097,0.630285069558883,0.160976830779194,0.955019998220423,0.188351929216748,0.797103154062229,0.224773053913723
0.931765599401931,0.11706633523545,0.820838300449012,0.152834186012519,0.209787707691267,0.0618451510165655,0.39030694841047,0.288017701182889,-0.216419747252883,0.100653791349239,-0.444510843181468,0.146910518836727,1,-0.756316761459146,0.178598726089189,0.324341408660984,0.523603159238593,0.149776429204101,0.609214373778772,0.130343765067108,0.585131920967468,0.141630725368169,0.404441274699747,0.193741518592366,0.556798096886137,0.187701362841361
1.07883151306162,0.138688750213699,1.08274648281421,0.189695841490628,0.277996547659071,0.0735885634798124,1.12329262619741,0.490523647780491,-0.373347264892736,0.134199191966907,-0.703381743982667,0.0720004138622843,1,-0.668108225687385,-0.0466389658148994,0.302865699291743,0.799422899959096,0.151024437009138,0.830652342426868,0.124082259539188,0.771132264953049,0.130483775139322,0.699203994969865,0.181415188681183,0.487082664267905,0.250960428364325
1.21664397242463,0.150332666739348,1.19780392157762,0.194502406828482,0.304613672588637,0.0794800191903403,1.06274806471608,0.500586927545639,-0.395844140162745,0.134254558747723,-0.628627271427995,0.0927239070056757,1,-0.695719798535011,0.12167220585787,0.296558453043651,0.879318333101527,0.139918520969631,0.820719242832881,0.130665521785532,0.818678461728248,0.138029773183114,0.786839935098463,0.176417765219613,0.703597078502331,0.213702923753108
0.960487055251127,0.120375351107563,0.764903672930128,0.146447348631999,0.272784812035138,0.0685738948972607,0.158038330944724,0.155820577420087,-0.120860285806983,0.0849477043829217,-0.416727526501598,0.130376926661522,1,-0.582092906061301,-0.0218380233916808,0.351887304996834,0.735423953275962,0.138809896355943,0.458573194131448,0.139975563030804,0.712212553091936,0.133843391406222,0.391550148990094,0.177180514385783,0.597140864027127,0.204782364037594
1.19549642070132,0.154644064166495,1.17496186090646,0.179561576044554,0.252918174238629,0.0704086392744817,0.530211100746791,0.339280021316462,-0.265180863382955,0.108432904362024,-0.622187383607818,0.0947711739072369,1,-0.724148696362408,0.0361402526214879,0.353411719037225,0.812694458142945,0.14669966461335,0.672329051432555,0.146548485731574,0.831864404576053,0.139387350969412,0.871063773427788,0.149255568810615,0.474499336010837,0.25074658254726
0.888953294637719,0.102773805387047,0.627165599438371,0.14288720891696,0.127388379578434,0.0354926972665677,0.551568904581861,0.261971746752462,-0.148565745322829,0.0674503643184505,-0.249567014539475,0.19178629205706,1,-0.560471962890624,-0.157952317187431,0.256517600447497,0.648248253090629,0.123162667344358,0.524196306632239,0.12630146528978,0.258996614311291,0.163938263982224,0.539326149129308,0.139687971308704,0.56173883408678,0.197077608802961
1.02754454174091,0.141482115380698,0.987774402496014,0.207308978858572,0.215299279933007,0.0636099652887902,0.634290215578006,0.362063890830173,-0.207392605833791,0.0902212257792808,-0.611494115696581,0.110363361486274,1,-0.56121332459847,-0.317175371495149,0.36380996655966,0.712501007905106,0.19560477922323,0.785415203978876,0.132412066281976,0.796974412651083,0.146624085610324,0.789597666259826,0.16841231785597,0.645729934417402,0.237727646831974
1.03293450091744,0.130412679572186,1.34222205086366,0.182143047059239,0.256652891094374,0.066449120417916,0.281373496390531,0.223825748087968,-0.0259251308666144,0.0803915159271868,-0.662686826788587,0.0741854863242472,1,-0.0964731109419386,0.0484641106033811,0.284604142714881,0.792650420798126,0.127085994613241,0.723777037357111,0.131171107850299,0.874869682484212,0.138609571668309,0.62133056262335,0.17288959679373,0.863031664407978,0.219304213955585
1.17360908166811,0.140090088357404,1.16895417311035,0.171126145135,0.225728285400398,0.0594175204274262,0.455194581878533,0.286792910343216,-0.142539830055675,0.0931845038302489,-0.475182784512757,0.121336225277777,1,-0.444677037081065,0.212708191620178,0.26977933796558,0.819698398145793,0.135186614497576,0.747069651431674,0.148970578404334,0.699554663440991,0.141893323117283,0.651317466499343,0.160191534712339,0.597020085888081,0.213849603594838
0.944280284859034,0.135729393325017,1.06052093914274,0.155168010032322,0.249257731371265,0.0667898540752426,0.131825207187744,0.122117424005684,-0.181269004665518,0.0972868764339641,-0.57235204353397,0.0990760439743325,1,-0.999999999562721,-0.0762382257395114,0.301404283838027,0.728725049738989,0.142051582987746,0.705691863999354,0.135405748437435,0.667400296675585,0.132169679832733,0.574557879915778,0.162760994888865,0.724317085214586,0.192911818123769
0.812811241232117,0.107831120725862,0.937112213596708,0.147591564715372,0.159519188619232,0.0432796635514007,0.249570408106656,0.21626565432439,-0.131100310386809,0.0663846587978676,-0.448371143789806,0.124948959296593,1,-0.657053464114898,-0.0011309734000226,0.23713686207468,0.493095674621873,0.161201854201023,0.362524184941104,0.134539034892413,0.742172154913598,0.130009561070833,0.424659517387024,0.164402378669706,0.769911657394476,0.155672168359135
0.868095286112056,0.127543585938846,1.13388585432328,0.198615285691229,0.289492756649006,0.0787334287925389,0.627416991163022,0.289964958018135,-0.372149857358539,0.114621421226159,-0.602715372152984,0.0950715723494377,1,-0.873214358101212,-0.101707612213178,0.354841274754695,0.574548158126386,0.166411104328961,0.662482793754165,0.132898818034087,0.765628840148427,0.153456923341774,0.821993369922941,0.156344459221095,0.592090981280647,0.212334186035612
1.17096978295438,0.137011363956764,1.1561578809154,0.219092939218225,0.181497807134423,0.0524930481929102,1.37472822671032,0.49445071760151,-0.286817337204378,0.10267886835011,-0.556703235457073,0.107609271246668,1,-0.574197481680015,0.045433539859308,0.279917158045993,1.0038762526882,0.130104598473333,0.738603237441528,0.140556881511765,0.822219902994002,0.134652846786399,0.637538152236689,0.168963558055128,0.558661621425615,0.247621691835895
0.965066852988604,0.101882202433009,1.05927389744906,0.174831348202009,0.22424092089215,0.0554076138644205,0.296736433668528,0.181089217865816,-0.257954358652673,0.0949462428072459,-0.666528094821207,0.0662278454440205,1,-0.999999999998712,-0.357595778899697,0.252837088690539,0.642323607469116,0.147365895198293,0.856304772774771,0.116935058546055,0.681578183622855,0.133274320138763,0.729372444920548,0.186242160372937,1.17422115646224,0.163605355657835
0.911338001311987,0.103966905353986,0.963957934603964,0.147533038602045,0.221634943597938,0.0588520666749022,0.326684932335903,0.20655350648943,-0.203004682580689,0.0870489519174088,-0.491685812528175,0.102829702035216,1,-0.754435970563461,0.242128497265036,0.22931719410579,0.532030055589291,0.132971879023031,0.46981970305845,0.141932282517818,0.54853589585214,0.133929685008616,0.682274157052684,0.155517644233521,0.744955248159786,0.19431253257298
1.04884265928549,0.114709426438309,0.981428945780849,0.174887706994112,0.196614817584312,0.0504213016522537,0.98058880551631,0.346032239307449,-0.254036623281034,0.102963548657009,-0.709188019306563,0.0657124547054446,1,-0.578555122964603,-0.283233910871271,0.320203647924102,0.828729961217822,0.146862485452077,0.71134954621608,0.115966084821684,0.739188781161895,0.112712221959204,0.923118382232469,0.164773847176623,0.763594993534659,0.213309212448539
1.11133034174341,0.154058990979501,1.06342356101003,0.174662795225873,0.231795080993806,0.0601331202217938,0.731603882153791,0.368161870059799,-0.26960926842196,0.0945074567192681,-0.554876624337102,0.106027858438605,1,-0.654703570789147,0.46562876616517,0.34777661646801,0.759542992488545,0.129739218685702,0.638691666729496,0.128582087044959,0.670258418469035,0.141531030778296,0.825237751260265,0.159230831777523,0.842065065043514,0.179957655871858
1.14961293709787,0.120119962821796,0.870916361739175,0.150400903728841,0.234398756803799,0.0649090687475948,0.277482849428275,0.210527531021497,-0.0796651317397696,0.0822214258054507,-0.61020287388906,0.087945139689177,1,-0.312372327754945,0.543313176596483,0.241412549742458,0.644443858640511,0.119352312948054,0.644601554226417,0.134425841804417,0.691451591293195,0.14322926148255,0.607564272550325,0.166096232288381,0.661052833683039,0.226280067380682
1.07759148049625,0.127161606308123,1.12602330869169,0.175506390030887,0.227020060573642,0.0573566510085022,0.697158856046662,0.357589476933173,-0.244289268219733,0.0970891688847739,-0.653488055587854,0.0722356410876851,1,-0.614053762337247,0.174198703939698,0.34127152744299,0.684656528602263,0.148376796302698,0.707091583005773,0.139494501827928,0.678485071092007,0.141092245400272,0.568493428189319,0.155851395271142,0.840753430932475,0.157159148906858
1.01935630793193,0.144302315790413,0.977319237014362,0.184141064275909,0.294560220295838,0.0749429794431051,0.69644188555893,0.416421514312339,-0.215585763131936,0.0954619339270292,-0.679839147528466,0.0730909220632548,1,-0.475982064301791,-0.248600883000971,0.346675884703424,0.845631307991463,0.134808684773221,0.746687301892642,0.125381336007479,0.787882322380435,0.134421209112111,0.492441917670396,0.189001176360689,0.757130300615897,0.191043569230737
0.920362504590683,0.113138380899358,1.0407204197824,0.170630050299479,0.210644194461581,0.0593784597436768,0.590072718108861,0.263634687561252,-0.166473556907565,0.0758594613132154,-0.434000858322113,0.138294437198961,1,-0.472191042277809,-0.402500210878581,0.303351472172866,0.764797090814683,0.138403786669041,0.77011725983828,0.117594304316782,0.625116081984752,0.14905928377973,0.599679848338861,0.179593776670989,0.826505946330382,0.182637496864099
0.867298841348866,0.108888916102768,0.724600690463889,0.159592809142034,0.156084942330613,0.0414142950127739,0.856706033290293,0.373793960834309,-0.0809933466875425,0.0708292627796132,-0.573484908724285,0.0985017492810646,1,-0.221489390367301,-0.00108955533262452,0.277100189199739,0.509659880217188,0.136977714050102,0.55162937747308,0.132446361229972,0.442232481539932,0.144537619959067,0.690383320432817,0.149763768132847,0.778912661338498,0.206476020264382
0.909254020103282,0.0973132061692226,1.04185093102865,0.135361211468348,0.267196484812,0.0551365853679671,0.0856210348145012,0.113448263087374,-0.15125355701374,0.0771958180197654,-0.563370175031095,0.0711700323418459,1,-0.99999997772734,-0.00644494680269812,0.267669002337502,0.604354371740422,0.109919475381988,0.645769008787772,0.104752009110259,0.650054280987466,0.122247456248618,0.687180655754046,0.139504109165396,0.734185198690461,0.184934564106199
1.19740273466558,0.176126868819787,1.1734724377975,0.238550025624184,0.326678009434881,0.107453268468193,1.28215350208976,0.641075864046716,-0.390588443170851,0.184788739282012,-0.623635594427886,0.10225649226334,1,-0.603516888055432,0.365846575754034,0.297467727933548,0.66976689526811,0.151059963681811,0.677953519974576,0.162321573308516,1.01342236945818,0.167013982861105,0.885782728865285,0.187748683357766,0.799354241567701,0.233835333887654
1.03332424008992,0.147337751390241,1.12609369467641,0.189758420630077,0.317629207896084,0.0909584484409439,0.769878706061931,0.398101687233776,-0.317011839115258,0.136203829709489,-0.673727498792906,0.0924581936016611,1,-0.641068019419602,0.127487296709296,0.302288926428411,0.760268617905956,0.146838008300999,0.775672456833711,0.145060599493208,0.767036641911029,0.174601681268875,0.914225619723816,0.179948694507534,0.684977177401106,0.222903830508548
1.14548924180419,0.146693628842926,1.35892656883053,0.21948379890288,0.293935400358899,0.0769069322165308,0.89099288614625,0.55383117029376,-0.204265522532548,0.121706215214667,-0.73149703952185,0.0618253746998575,1,-0.399146204713777,0.220687945379313,0.305233688678931,0.8800397359234,0.143436741496833,0.760065090972953,0.137966616389149,0.956217641546885,0.1455317700354,0.762405676131893,0.166977182373206,1.15675358173847,0.195203898235302
1.06730529003947,0.135564753024181,1.17898529966115,0.173546353017007,0.237332038028468,0.0650725376502981,0.440250008609339,0.29464022514674,-0.195587239237283,0.102247664943719,-0.631811898570677,0.0956951005840691,1,-0.605079787453392,0.112075290275079,0.287322661449706,0.79258712903101,0.149747176605273,0.681473399699948,0.135208012344914,0.608938214149603,0.139433895501194,0.533046099941201,0.1667266167564,0.841037086205878,0.202856062811558
0.95259992953871,0.12254025517052,0.984978901789628,0.144357577946876,0.245449921815326,0.0633571734575764,0.551107039824957,0.259468002021972,-0.27815418834,0.0954604110720194,-0.578867027750797,0.0969776447508087,1,-0.75628619910306,-0.143617270283874,0.276843128984731,0.760245154605392,0.130588876753358,0.668991199040295,0.12884121148281,0.557677932657898,0.148543539408959,0.722498266726655,0.154944158031911,0.70290825661301,0.221283851583132
1.02583216683629,0.123993716192182,0.824203735787561,0.149919237880672,0.269396280946433,0.0649787331712959,0.458900697870008,0.269369355353566,-0.25826923319088,0.0929785507180438,-0.502816180148316,0.108406100156235,1,-0.734543493340945,-0.0106924847952434,0.296037081586847,0.534146058894412,0.150759784420406,0.762790641908524,0.11077023326937,0.700664470213484,0.125549817816466,0.781524794174782,0.148501325987388,0.997372400341535,0.209882591913044
1.03864753450654,0.132236545719479,1.24792003540876,0.178201989805211,0.145751579538798,0.0412469996968827,0.841548259452833,0.402919870071413,-0.180755758828731,0.0840614961766885,-0.518769938679536,0.102185526525797,1,-0.516114421687782,0.366710056460905,0.352064662671199,0.739990652025503,0.146989929484079,0.452911756924915,0.145904367866286,0.73791652252759,0.122941901678345,0.589704677460644,0.162346957976853,0.443594291594516,0.205143469769358
1.04424242651383,0.117053191553914,0.812592126722833,0.169273832235518,0.20835347095317,0.0581603895485612,0.811970680621208,0.326048091221824,-0.317432629802393,0.109131217935659,-0.529620330650249,0.105108731610517,1,-0.771757792694015,0.502667419191134,0.313986087001857,0.307413560452278,0.159761014091652,0.67546436593732,0.125394280284287,0.656449964265624,0.143178710502809,0.378107312256049,0.172024700480193,0.629597523300592,0.181150431488871
1.00953802830721,0.129464169974619,1.11828802357022,0.165018888725568,0.286570195834947,0.0773109726873001,0.303290534952818,0.260910664912335,-0.0720402386569429,0.0849966386489102,-0.556814627561058,0.10804286066307,1,-0.244360049308628,0.0679907005173701,0.256791017515831,0.709740715436296,0.147202364184591,0.609379834355228,0.133159882628816,0.736947086050665,0.16132809629639,0.753350493721665,0.165168649010584,1.07434742378724,0.173120179088123
1.03167781897232,0.128659678989119,0.989436541523649,0.184279924505749,0.212501715259629,0.0625983367708374,0.976131229171947,0.43166777571321,-0.241846047639969,0.0943747717568419,-0.337685847828512,0.168441736056247,1,-0.531011187152703,0.187902265453849,0.298570323656749,0.682882166038027,0.142693985206889,0.607159533358212,0.131151125442362,0.853074413836976,0.136801465152918,0.558079945525602,0.194788759759408,0.802558686476892,0.182598483952388
1.14574606733875,0.143312479830859,1.21054475902749,0.235541136591883,0.208194848436344,0.0548649511871484,1.82583181075687,0.701116037380523,-0.423694661562865,0.143424474977247,-0.744619677192275,0.059092144330481,1,-0.687207068289233,0.245694286895406,0.404369088201729,0.821143259770724,0.145141200415215,0.871633901706131,0.124615833960712,0.724097336910725,0.134011444183102,0.642566312901053,0.189704214424235,0.833626188016814,0.203685975361218
0.830152751046596,0.097795512411107,0.975529419469123,0.128779656828893,0.19791330778014,0.0496968465184691,0.177988959709873,0.151230753726744,-0.146583327487512,0.0602181667711894,-0.447870701033611,0.0888517151713167,1,-0.780999120920829,-0.127833989950908,0.269033556310273,0.601632264031259,0.127954242820592,0.399544044850006,0.13296594956697,0.712391217170869,0.114899747696278,0.425755299015586,0.171399525382548,0.49783322737932,0.195161346020803
0.769457169549878,0.116378881496703,0.898215588683085,0.140579841725631,0.202872369875007,0.0510753877185892,0.269745305919312,0.233652632632418,-0.0491429707815593,0.0735423182833031,-0.499776772083323,0.11873960996202,1,-0.210074339937003,0.131637483620444,0.294366996969123,0.245306495777094,0.153059322916409,0.642302977829246,0.126608070381924,0.630185434558703,0.135496916472805,0.289090960505861,0.179446109726244,0.647424408805957,0.194881109005691
1.11808501503926,0.155997798518936,1.00451553570262,0.201482311282928,0.408319509394456,0.121298183219759,1.16969681779902,0.511717920801742,-0.477250217183236,0.172134069116043,-0.676330019337869,0.0710977433952893,1,-0.690572714963949,-0.0954301874511254,0.381400853091778,0.80184580314411,0.15227347175609,0.794191702415025,0.130140332534962,0.78876101333598,0.150070370621162,0.872027028420556,0.190400526114396,0.856056278967759,0.225511961721365
0.823824841865595,0.0962251334352401,0.907291175429211,0.126165531996407,0.160379710042828,0.0434846012379377,0.277712885125691,0.203939244880698,-0.151892157952202,0.0623926988545587,-0.422227548064884,0.109127515900716,1,-0.719718431964073,0.0243174999118199,0.251032418227704,0.58000229512301,0.134626539303596,0.506653416425246,0.118836678811717,0.476029488120242,0.138315628481065,0.570743066579703,0.141842180213126,0.49319022487482,0.246106813459677
1.13294557498207,0.144063544535907,1.26588120607002,0.194042029551418,0.276058789730064,0.075080568480059,0.755904919167201,0.419092709348166,-0.218847229315773,0.0908548102507154,-0.700907933614241,0.0790021967212681,1,-0.479078495511168,0.254289316173969,0.327451717519747,0.75447512053304,0.144228028698402,0.832561490859339,0.133400628106886,0.798273741918611,0.141214513930352,0.71785791472507,0.161820028850829,0.756715932767364,0.208551193783006
0.924158973519906,0.118854090687098,0.828348676710434,0.173000748203043,0.277974498206457,0.0733428206176193,0.871636725331716,0.387085220344736,-0.293872285921448,0.114606653726205,-0.472504874386966,0.114308211837849,1,-0.597019331086946,-0.119375068679817,0.291378750582975,0.564910469140928,0.141424762216106,0.626824667970518,0.144352138531646,0.760817154572715,0.155700294426721,0.77781841151605,0.152638809840785,1.07141696432198,0.18844250514821
1.07751083416818,0.134161126515242,1.20150008197503,0.160529627835081,0.279945482623249,0.0738176182650694,0.486041894434487,0.291916349358155,-0.301314231079842,0.116286605978637,-0.624245391324631,0.0932071820215679,1,-0.816857045998827,-0.377935216135204,0.284510577333681,0.709511149053761,0.15141671494276,0.846933939554061,0.125977557906991,0.907272709066869,0.139727691487006,0.862776317593705,0.13969243098769,0.652731513906012,0.216624870738266
0.875815954604532,0.114978078925808,1.01946162751663,0.164482261221222,0.251384362523523,0.0597155288218473,0.304968620548465,0.23597496496619,-0.190681248348516,0.0877265904096037,-0.561659765107568,0.0844348458820754,1,-0.688670182218967,-0.290122862332944,0.277484936790274,0.742112748439236,0.125944362332153,0.621384169113089,0.118633261601138,0.474226061190767,0.142338388330353,0.526883996094787,0.165799626403778,0.705929649923758,0.186365046620857
1.14560370895195,0.154439519778854,1.00668997134818,0.196228574770074,0.315188115058839,0.0910608183748209,0.89068819247869,0.44254606167481,-0.314609368218165,0.134867003343101,-0.525599447206355,0.121347343781177,1,-0.593777704684643,0.569920114552233,0.330765822685063,0.608266939272438,0.159642782164842,0.660021668381338,0.1547445688257,0.952104005663455,0.142850299116106,0.623900742600855,0.179857527094617,0.752893253177204,0.194653437323433
1.36294590873074,0.169507012377907,0.979609406527639,0.212633500548226,0.362439338171786,0.102524196607148,1.15576949106616,0.563512127689322,-0.448846426844078,0.162709384310891,-0.751346734305869,0.0644559291273381,1,-0.69349685323059,-0.0942112550393052,0.313778596982052,1.13047713474116,0.14282837160649,0.837435560075177,0.134872523181427,0.735011796430572,0.154255311738943,1.2782547766333,0.170902946777163,0.690316742283926,0.268530352747789
0.861291709659032,0.11786871012642,0.872782592938331,0.141386544739649,0.151445412045758,0.0451729973601399,0.428464094548588,0.214341569040817,-0.204640884192553,0.0757421017700185,-0.513024658878971,0.116731558524769,1,-0.803354306532718,0.183063902640721,0.269524694227212,0.440928337393702,0.140736004816986,0.629325152104854,0.124679158923612,0.552973283169792,0.148324458685377,0.613667567065971,0.161162588274793,0.534337939590057,0.230508814435618
0.988557103543136,0.118946912787549,0.640737598041946,0.142393219230389,0.176439103359404,0.0508641226557683,0.54555416574854,0.244110737131861,-0.17824433514833,0.0725182974449182,-0.400156598463213,0.1519295338318,1,-0.574512360757983,-0.277191345498888,0.259045065632521,0.698535626579358,0.134476430811127,0.683936551241049,0.132881786754534,0.436550480725529,0.166177452390797,0.564939318426164,0.185848588502993,0.581256257782749,0.186434594968455
1.06602495775917,0.14387521203348,0.954894181946344,0.150767207241483,0.257711590928938,0.0684877394027898,0.254771440679437,0.183954848412272,-0.0977323235670426,0.0754522563774867,-0.611859761143876,0.102031660676123,1,-0.381413338422775,0.243620278740064,0.316476634151141,0.503122748021828,0.147759989010377,0.777341402557803,0.130735054216113,0.6164416611228,0.152904527894299,0.359778288690025,0.192083724865136,0.517055770761291,0.237314485753561
1.02017992531543,0.132087771351956,1.03406759502627,0.17397559030108,0.306284395119248,0.0768517731421731,0.90278495353016,0.442618549236377,-0.35089653435744,0.126436268917673,-0.58133112317121,0.0954412288593323,1,-0.667305166872324,0.260248457615232,0.345637344192755,0.801589794054829,0.128075274961113,0.4735484155529,0.140435851454865,0.94413129108623,0.125738933931982,0.523651065703706,0.19903850580522,0.616129303600063,0.20823550523806
1.09262474386377,0.125421498590481,0.724119173999329,0.127396558372569,0.222495253310135,0.0553550782741263,0.169951869691359,0.113611275570737,-0.194456895696497,0.0736116190914258,-0.617277259743723,0.0799776236726944,1,-0.999999999820283,0.344620415947637,0.321181185385782,0.639988576819763,0.141607987086589,0.704464622335276,0.114446842407429,0.552730656634586,0.146762454619883,0.699657129386587,0.146395430460146,0.627799469264914,0.171911880215997
0.931456513239961,0.114880638399015,0.977801530296314,0.150992643847875,0.226286264985232,0.0575961834952376,0.406091424836423,0.276246294020043,-0.112123401977212,0.0856146987567613,-0.634486748627309,0.0741290661763944,1,-0.369875239906419,-0.572236411600462,0.309626165290539,0.89215721531643,0.135413888875831,0.618425366171868,0.126204853405923,0.702099952983346,0.132152268139271,0.359895578644338,0.163388833325648,1.04341208087193,0.176051306059528
1.00753840061021,0.125655614262797,0.80337496870982,0.151961822401598,0.234022476514112,0.0645119939877209,0.439860032627399,0.267283154548916,-0.290636065086067,0.106694920931293,-0.69396212395583,0.0558451321729807,1,-0.905864975780235,0.187226487812828,0.279630132291132,0.699285285578367,0.132541716074226,0.534940250887694,0.137141092248406,0.644735416148553,0.130449245525166,0.849046836632646,0.142995651566935,0.587030804763955,0.208720715193818
1.12683508849989,0.152117769821218,0.959756149176698,0.208317677908605,0.322313375887256,0.0889600306384504,0.741349940094313,0.450545970938227,-0.240872391089644,0.14080564758345,-0.681902723049975,0.0750031169630511,1,-0.492760889977093,-0.049015056027725,0.367250029752881,0.7511232486899,0.163491182366456,0.829101412575486,0.126349632664566,0.964260088276247,0.130527419134892,0.83178828415211,0.162787609311881,0.393627026135979,0.292168519213069
0.953084877517279,0.110868962403846,0.732762722374431,0.135860930805288,0.17316623409675,0.0437371206123327,0.257492140003917,0.150954622483633,-0.115320255195404,0.0635150288840782,-0.478523269752563,0.0888074679598802,1,-0.546124927794176,-0.320627362210496,0.250670286233728,0.48911132527891,0.158584884224857,0.745051430698613,0.124646317833089,0.768852315989139,0.126130872099083,0.372808390283373,0.160833493024963,0.41191913049859,0.191299454971225
1.13216776309105,0.122492399783659,0.86447479109966,0.144599296623236,0.313077595009953,0.0780540201936171,0.244161768196371,0.173347414804391,-0.234591698525156,0.100336312280574,-0.614505768877644,0.08166363391375,1,-0.848492122251604,0.399998298937204,0.350698981133874,0.710286166819723,0.145658812059138,0.50792658905993,0.134074061024935,0.61051871974337,0.131741432837366,0.918892472648132,0.124323520792336,0.876619708909706,0.177369653290953
0.979421877033262,0.117655775418897,0.90983271318688,0.138831808745517,0.245434460952468,0.0615773954783987,0.274619536320261,0.189641684911348,-0.259617212730646,0.0954065609637386,-0.517033424034388,0.0980950169853178,1,-0.999999994675528,0.27107542855314,0.277316692533927,0.566021427659489,0.137997118999796,0.594996777764733,0.126814093273297,0.703982915524832,0.136334338081751,0.584765006491809,0.161133997083832,0.356354759648054,0.196591698974985
1.0427609344944,0.113935159994356,0.879430454584169,0.159298147463843,0.195521582974494,0.0508822640220733,0.726488670402344,0.39369793759958,-0.224867180793556,0.0905607021592733,-0.596791100762218,0.0965737851803806,1,-0.596642656677523,-0.358542827797557,0.282456762149553,0.792229470254945,0.137969612471992,0.696923807061706,0.114091552225375,0.852710637134783,0.134723001885919,0.704558872459284,0.178364619708324,0.534175999742995,0.224996259865487
1.03738086438782,0.118851121798567,0.975961819251248,0.172408080967418,0.30877630254555,0.0717132395582005,0.366602253501035,0.279565500961904,-0.250670857051705,0.110898147678438,-0.67193739066051,0.066868650988238,1,-0.745048079475034,0.00628181491504199,0.274345916984083,0.656409580599361,0.130643540528382,0.903839613834509,0.114864281585074,0.827622535851455,0.123819875857735,0.692204772795136,0.162418879508057,0.64946632630325,0.204436261954903
0.981417041681204,0.113878982503192,0.958936195114014,0.17192683001822,0.244041407533898,0.0676849498250545,0.83961773411432,0.391377411997701,-0.319139054950955,0.119586104932012,-0.516657949449239,0.0986287093612347,1,-0.705029667763374,-0.116777286962484,0.248112097044772,0.683974423442848,0.140714180865789,0.76517014255842,0.116178141630668,0.895208603348784,0.12881592109704,0.579676183211505,0.190490856548784,0.750649955697749,0.210955985813223
1.18756293225316,0.138993010316743,0.809385226304513,0.161415551029521,0.333465261889672,0.0832619656608243,0.623569894559604,0.345024285340255,-0.243720729830955,0.117078614057167,-0.510565908800834,0.12413104037259,1,-0.534471560018419,0.504948571890157,0.324100158554401,0.741231805589136,0.125540679529635,0.543959659185322,0.145651185744197,0.842844827705743,0.133171454405913,0.652552808622616,0.169525064456313,1.04044985878369,0.138272367234011
1.05560827951836,0.11344247423248,0.973710922744872,0.135162487131081,0.143583098500282,0.0351892679450237,0.157677346810136,0.170399024902274,-0.0657373010686904,0.0546189830266672,-0.652326667741556,0.0731025827673444,1,-0.43689347365268,-0.0798926311982497,0.269102976631665,0.772130422106608,0.13869846005586,0.609783873507621,0.131236529160511,0.71460645052143,0.131673667386768,0.855369407916074,0.132877727403356,0.68067320573195,0.148456804261428
1.21088313280683,0.173359935623638,1.10541465767101,0.20006415363462,0.205638513469929,0.0710943120213131,0.717372959022861,0.402769058846212,-0.220242372901029,0.108593414221907,-0.563007015040667,0.137053733599611,1,-0.57342437323314,0.364813290222538,0.316185970728544,0.640274912957078,0.169963693540237,0.841280853129325,0.145955444440555,0.747573343965984,0.165445759389942,0.863689144274273,0.171102149813829,0.439385806827535,0.220913186589195
1.18171036483021,0.162484603027603,1.19582717587864,0.182812581062395,0.335623032085031,0.107441228136523,0.293494499096517,0.211139165887779,-0.281431530224752,0.122925122128343,-0.72326455555706,0.0762240252333222,1,-0.896699424227059,0.443472158896522,0.33523511889028,0.697106352293902,0.161316836306947,0.675940326005883,0.161657827984483,0.609918110584217,0.172924039976752,0.89308679857252,0.169350292088087,0.867090338664444,0.202400278055622
0.918057462114476,0.113878402614197,0.970533611645934,0.147430276196218,0.161235394934158,0.0507039052324843,0.38059997140782,0.196462984209921,-0.163797658051978,0.0608638909117496,-0.516620325834843,0.113763755267857,1,-0.661215642930664,0.341894875879785,0.255205271923508,0.605228775925834,0.130353210066437,0.511715857145073,0.147014098527616,0.44460654568204,0.163980240013749,0.738590135413557,0.156657061771252,0.463852128780513,0.216302335062601
0.976677795106409,0.128887320044448,0.937061509217253,0.171601803525015,0.244120350501746,0.0809658993169126,0.279994329412278,0.163038726143762,-0.261442754341188,0.103097258769513,-0.605531863758183,0.0996929281628114,1,-0.999999999728468,0.230435576971301,0.279732729637145,0.770725033775485,0.145174060567482,0.618138535329128,0.125129659641397,0.611303261551763,0.149013987683941,0.318514499977017,0.219056666584432,0.860952221628452,0.223690481958746
0.871217081683902,0.125699791095066,1.0345131062179,0.1871552053793,0.232902775980982,0.0722110830836637,1.06582106839631,0.433949664690661,-0.229018949767888,0.0928702826281673,-0.59516692091182,0.099761732953533,1,-0.459665528249576,-0.43150328378219,0.286961604725594,0.804656322762941,0.135892970173235,0.636861075015663,0.131243612753532,0.831686776550774,0.144744629731467,0.74434382277743,0.174233781867209,1.05493301026725,0.223613365455108
0.971677773350532,0.113217915971714,0.792151851997624,0.134608132565684,0.286794229038927,0.0731226896772105,0.384267965533901,0.230203536966983,-0.276384718718614,0.0970382860368503,-0.424743980476793,0.123408817119495,1,-0.832552698318692,-0.0150843488665383,0.299887854127987,0.65160916294279,0.141882557777829,0.565037086498996,0.115283684683502,0.619831308313444,0.123808188194431,0.657942226217309,0.146351999065195,0.807146248900392,0.184629802923835
1.12372780643386,0.130294318226253,1.08402467112419,0.172907849112062,0.260081588848812,0.0716974267979504,0.603820637545724,0.369327723020149,-0.254873573138516,0.114688896511835,-0.6543689129498,0.0854479237847247,1,-0.643155557139431,0.2169634499022,0.3430996870662,0.656742085559209,0.151766455808173,0.791357251547045,0.137258923433443,0.832063800569687,0.137350155014366,0.630232553854733,0.179556053740758,0.639429348086164,0.209960839694998
0.965967802427803,0.106101275380156,0.732927958488462,0.156543472234407,0.179412391851645,0.0429527023986217,0.769852638264184,0.353355365053155,-0.200958310051757,0.0765985729787775,-0.605314228459955,0.0926375928965066,1,-0.540724379134942,-0.449821563815184,0.308046182343243,0.849607006422156,0.130113645372386,0.59803246250524,0.136191720322887,0.641522127348312,0.136512723194748,0.562713994954115,0.147902355862912,0.726839243931888,0.167500763805443
0.882564432016167,0.108752694466351,0.777394598417167,0.130481232446281,0.182254641614462,0.0454135341634301,0.315685330742316,0.200252175166054,-0.154694631950871,0.0655968326247263,-0.572150746749924,0.0982307433784684,1,-0.644924304413348,0.0641787859440562,0.289810999241856,0.535856222770858,0.14979830993222,0.686380676222665,0.107604633362234,0.439702911800767,0.14989171598196,0.700157024066324,0.132139019456502,0.668270428129924,0.213650779929233
1.04819620709915,0.11707784589312,0.97988863707166,0.159061126078306,0.209675322331713,0.0488409418654606,0.397628336662872,0.268843575392989,-0.271608232320331,0.0985863214552392,-0.616685044485263,0.0896481585200834,1,-0.940655515206493,-0.18833853996955,0.323279414825003,0.721051479096353,0.141586407836083,0.780663622896122,0.122372075647741,0.595891713111522,0.137554038404408,0.574425845097513,0.160338010664582,0.599800976479967,0.176987896758936
0.910750846323472,0.130338133733668,0.998298033852672,0.177167259386662,0.172315669388001,0.0499858883945621,0.415266691178726,0.252428616544754,-0.152112075945834,0.073913955533438,-0.551493094294306,0.137575012637565,1,-0.568640461953601,-0.0825416441595472,0.308395367350664,0.627284750259138,0.152724304601946,0.573510189750795,0.160723539009736,0.580874292470469,0.147243403509371,0.72735005898171,0.169010725321487,0.245073225197092,0.247256199296691
0.987589674473919,0.12962962434093,0.786127680215323,0.161549353280039,0.254077094139017,0.0694636399995495,0.649652425654869,0.349636566958353,-0.340433786669692,0.127900013473216,-0.472190378564136,0.11355446500659,1,-0.837933138988239,0.367496555144441,0.275722225670253,0.558777992606548,0.133387099464252,0.840775990097686,0.127552194278126,0.424774334596465,0.163854658183692,0.456983393366335,0.175201611104433,0.472171980621036,0.217786449978444
0.891906301949026,0.132619359191419,1.07630464284826,0.192102390291797,0.236571676301617,0.0697095986694041,0.923896525731955,0.43784597581774,-0.188194362691546,0.10254390372918,-0.638599690658505,0.0887028737496807,1,-0.402544196267609,-0.586331906714537,0.318422122410569,0.759586995295934,0.151173896647605,0.704438926757795,0.131400943838471,0.746688691331885,0.154797025215667,0.561509242780016,0.193473333372243,0.509268131149676,0.253342361538965
1.01123438553395,0.122866145346214,1.02398921244894,0.168808817677134,0.271437740434003,0.0734343611682826,0.556340004594216,0.274496890782273,-0.211973919367844,0.0930610180508459,-0.676389168229198,0.0708670491694004,1,-0.545477911910783,-0.0619584728410406,0.296558429976112,0.739545754191168,0.145405948750262,0.86977302085868,0.119877972633085,0.812367519044879,0.140067478410829,0.948660116099491,0.142757719009748,1.26937522986429,0.16676819006758
1.03861973213113,0.105847468999113,0.841384685530741,0.139177160371352,0.200758088206487,0.0533795475684729,0.335406795533828,0.266401006170417,-0.214672649560978,0.0955756470173147,-0.686570751454073,0.0628447905797779,1,-0.827283308890954,0.201308445959539,0.281010514022811,0.676212636758444,0.158127454977216,0.575213778039779,0.118287207260629,0.794085060047988,0.127822523698784,0.70522341872796,0.148234145710021,0.774787896282903,0.201847278264996
0.922122695638726,0.113752359637765,0.877398228431538,0.16861321910339,0.180378808452787,0.0479665449769768,0.614995608579652,0.361518362372575,-0.233016196212491,0.107172354919555,-0.496971601698491,0.112615468423165,1,-0.699612151823017,-0.0290532919147417,0.276382775173594,0.643197415424782,0.146972228115679,0.492807575539887,0.136538877781118,0.620149310908188,0.132298927574607,0.63898156420631,0.150391771996873,0.735928481864322,0.193528524836507
0.983051660886639,0.133567801513438,0.945074672584807,0.163227488974333,0.221623527492632,0.0652857675625978,0.307897524341013,0.229042449880518,-0.220508715798291,0.0927233472220299,-0.49919844349376,0.112668196278213,1,-0.844140485859426,-0.0066436049469198,0.331069395802097,0.640081858961247,0.159820773752306,0.575677732692883,0.139593665030959,0.809635270402947,0.132246841260694,0.352137107078525,0.201197345243329,0.615009745427745,0.249560013664905
1.04607991507367,0.115065088503054,1.1026548939007,0.161528992965598,0.280212929261456,0.0656878672234198,0.728581401224059,0.337043458335496,-0.341646820005519,0.121722508727817,-0.57613314984975,0.0823221387493877,1,-0.756126148795299,0.217484978601953,0.286462823188229,0.832757607028457,0.107716974448683,0.582700266452526,0.118644032239339,0.672812827336051,0.13066967407875,0.715231750578139,0.16957477008402,0.410964404217137,0.236364070107449
0.952809004609382,0.122955317878805,0.894753068917867,0.154913478848481,0.208282307357752,0.0533082539553246,0.462383570370191,0.30541807155026,-0.217215572771053,0.0958038179567364,-0.402742044558611,0.136888911508962,1,-0.699944444125732,0.00593269564408321,0.288932266898699,0.690843561983515,0.136361605073113,0.708342032131207,0.128852203401622,0.682277737280159,0.131625636063477,0.460817666853436,0.177769388272014,0.521256924035384,0.19930371989562
0.833230999415903,0.117551489986011,0.88949967728605,0.134629817111381,0.214334675617704,0.066076476119167,0.153197133851634,0.149662365118996,-0.160831657842773,0.0749009824268517,-0.522316876376109,0.107268628153104,1,-0.887564655629298,0.0856434023350534,0.243209460870076,0.544771034977021,0.134042743646301,0.756188733638486,0.127591008745536,0.322933989469102,0.178206707920017,0.611422335551765,0.195892346629024,0.768207632244203,0.190161451521951
1.08493065704902,0.116014662177374,1.07883934395944,0.146070933927878,0.23684640021761,0.0583975827696095,0.221917254475086,0.125451150779174,-0.229260338617695,0.0816025459349072,-0.618275096405965,0.0734443623733443,1,-0.999999999947687,0.350221497785981,0.286067768716105,0.647028202981968,0.1344098863839,0.678971933325967,0.119277956786861,0.825720125755357,0.134284626071008,0.814115766904536,0.161552152299242,0.412069479612803,0.187539653314827
0.997749135739982,0.138263128956378,1.14250311550471,0.169769775643684,0.283358396654285,0.0764418256672301,0.333506926235413,0.232826734956311,-0.148743848593484,0.100570830648351,-0.581237077862591,0.0994581898511841,1,-0.483858686472259,-0.552879760507589,0.350908094582084,1.03773757313208,0.1278662848843,0.579611268165723,0.134663063725082,0.586223702882542,0.156986806298226,0.820787700199154,0.163732373233185,0.608750546012925,0.206473392931174
1.21424536874556,0.142515272169029,0.818254259423214,0.173012575365059,0.300383543146603,0.0670236590763326,0.573437027843037,0.263699471677328,-0.219356687913379,0.090517460080339,-0.590295643463263,0.0766721245183725,1,-0.528530368075308,0.283441935083297,0.335953407257716,0.92425457504479,0.120431965355207,0.637041823152266,0.141180023561935,0.770922354303515,0.125658219761682,0.681823649059564,0.136116406985647,0.552243304493204,0.216326909050897
0.951151920200066,0.123923335246075,1.00010523109458,0.177178598846791,0.212913886297725,0.0558845562930742,0.803974849226607,0.385961527975282,-0.245695578888332,0.103753286964528,-0.679683374322066,0.0792911017685377,1,-0.593846384490619,-0.169939529549952,0.347952185882429,0.818114093234054,0.132911655994932,0.566155584844985,0.136918034230937,0.806060977612202,0.137356206826624,0.732575000967503,0.166394690654665,0.49480469252819,0.23938060468454
0.906823811994937,0.122455512407036,1.07053522820727,0.165127628069914,0.277193082429358,0.0709469745277968,0.515732476405628,0.243673820740036,-0.288983185720836,0.101731430407115,-0.510172956960702,0.115537760356448,1,-0.764309293260923,-0.00813206396151872,0.324618888974693,0.622803239830043,0.135673653691835,0.667293733464574,0.129021949071762,0.70460206604174,0.161138725556183,0.463476381472308,0.186490957290466,0.725080250802999,0.203505405859988
1.09808567665458,0.135009240633635,0.927433597212767,0.175475414713665,0.305904138559335,0.0865641868435624,0.600060222244263,0.273980083109629,-0.135503916016552,0.0989866832307916,-0.631397363818978,0.0896603361203866,1,-0.316272732533438,0.353020081902381,0.238814948583454,0.658707298399323,0.142688208124052,0.721311639592562,0.13529623846135,0.680338732799663,0.162040523419772,0.836137178996834,0.184821860737998,0.832207770620295,0.211174073729572
1.14318680055204,0.143691887055394,0.922594597170176,0.169322588400993,0.254954311964969,0.0693686889611481,0.676907430725339,0.269255225831483,-0.306062795784952,0.11310534621768,-0.556605568198464,0.0995045530647959,1,-0.736740796987445,0.363217466075796,0.309925200293583,0.641713810743526,0.148611137417865,0.76833429063194,0.130692332137722,0.880614569245896,0.125941050284645,0.815412384870401,0.167396224413986,0.426193678261617,0.238276530117679
0.983719606672697,0.0992970660618488,0.708929895195485,0.13032677212025,0.189773241471989,0.0479222998996876,0.49748201661967,0.250224774668795,-0.182665802549142,0.0814287348896748,-0.546902095825465,0.0835276655443022,1,-0.594498917766088,0.0520051131019277,0.213523947229193,0.625517371126207,0.127213435304485,0.67417023030706,0.11257532015274,0.509296348985064,0.139366839667954,0.729417428526749,0.157252940381427,0.860998777444348,0.198667956766193
0.824893524925081,0.111384633420406,0.998547372492643,0.143561086168004,0.201727646345734,0.0526579612035854,0.262040969459491,0.209500341257804,-0.188284418341612,0.0827623914275473,-0.415390082362219,0.1298785741996,1,-0.818930547960248,-0.00655394365322548,0.288870589450273,0.488054875667749,0.13679916465589,0.561358437207641,0.123885103215211,0.597734055101023,0.142389520311644,0.265762677765501,0.17788852059624,0.790975107596721,0.207278234964646
0.8778502623071,0.115065693058634,0.641583835610793,0.132788772800269,0.213351296683104,0.05060629375288,0.368013649762009,0.215166216436136,-0.249991222536903,0.080339061687209,-0.415584321097648,0.122849093619437,1,-0.892164942044238,-0.345159565919447,0.249799330455458,0.813520442234308,0.116346574214029,0.595550982911203,0.129015431466843,0.535058785564806,0.14070414695281,0.647238507737239,0.146899413320764,0.506379307206007,0.199832723925916
0.928682686004573,0.124848150314255,0.896328212036625,0.16084766881207,0.208038743706078,0.0588516613159019,0.39902267471413,0.263548775312627,-0.203150214561639,0.0906252129036718,-0.65507043267766,0.0926592708388479,1,-0.705092972804512,0.0241406831905492,0.264343143356735,0.597909485265682,0.157266249616111,0.635882351927942,0.152441969191939,0.6773670743912,0.152862437304157,0.510981445263784,0.1836016964918,0.833092310902243,0.197180207283549
0.8781212172218,0.109535513297747,1.07080487577304,0.168810610662817,0.156710471862121,0.0493447140095954,0.645615061626305,0.312341119201169,-0.193302342467873,0.079538627487324,-0.371922030138604,0.160998882908157,1,-0.607716854077503,0.103036719070681,0.213896684562385,0.363516700948974,0.141224481540904,0.590244719228761,0.141544476122659,0.851852041924097,0.134293697107185,0.613595569388915,0.169899579846994,0.820866560199334,0.222948518084045
1.01107196597134,0.151277770494282,1.47526135323887,0.250301363357575,0.29713959416878,0.0871532907455039,1.27044444538318,0.617382869037318,-0.396097484303997,0.156793283046929,-0.758734564865111,0.064963744220998,1,-0.644679680206351,-0.828249737245294,0.470908353533293,1.02582506903963,0.149285004848913,0.794229542516486,0.147776761385189,0.90471913690195,0.152904832499225,0.812630923711131,0.180506279722517,0.762984163222474,0.246831598873095
1.04964608071295,0.130162613105998,1.14857758593053,0.155661681165454,0.287460635854331,0.0704194377290143,0.158248403667887,0.211949246138656,-0.0724989852631158,0.0784967718514553,-0.63268905299402,0.0776960524995225,1,-0.339917143234682,-0.0521746203942274,0.298283773984794,0.760014877419825,0.133834262182933,0.860093014576425,0.113245828937993,0.537296497536963,0.146674967292587,0.824265554515063,0.153180959422894,0.926596059441557,0.253531039149502
0.966668139582045,0.122783023647769,0.940932312562341,0.161448688030189,0.175744527031783,0.0473870208296591,0.457699866223464,0.231444289081144,-0.203370613490647,0.0750285079717139,-0.567224216656154,0.0911003354312042,1,-0.71706231907203,0.0368171940743908,0.289415005445045,0.643995608104249,0.130145988084354,0.561069865194738,0.135118820913138,0.792230527198466,0.123889753234212,0.574078852837024,0.170024193863087,0.436785314433446,0.213890093922531
1.01850729301758,0.134548094581264,0.895575677174402,0.175031019089096,0.213696376833689,0.0671376848793921,0.726840267781443,0.319557227631682,-0.11923128179551,0.0836421493793512,-0.667064527474719,0.089757409996308,1,-0.302532574778101,0.0942652732776064,0.320928999669187,0.54896419237515,0.154416308150304,0.978719116209204,0.124937297880224,0.569705802089596,0.154351514123973,0.706566880533701,0.176957332437256,0.655455902089536,0.211375591460014
0.997024984704535,0.123436840666733,1.01920834150719,0.165772997683001,0.305918033515045,0.0814549093531044,0.710392578069354,0.317231770346337,-0.277069317337028,0.0952123524254254,-0.480878873169663,0.112461805013006,1,-0.594342364207608,-0.298461182182185,0.317851682498751,0.85136449280376,0.1358235227161,0.734714801436038,0.122180222269975,0.712329433826941,0.13287272135726,0.8535714344126,0.16533003702312,0.755765938829891,0.194351319397213
1.00419044947877,0.122756517241516,1.09370854022845,0.182696558941949,0.159874915272877,0.0488265444318607,0.48207238969597,0.262357679093941,-0.213645376928516,0.0773639476917727,-0.636444223446671,0.0933582421749699,1,-0.769568365130899,0.0507202667819174,0.258273908236718,0.773368338268635,0.12537237546103,0.709390547215589,0.13795617867573,0.730140436480152,0.136527145139796,0.493120393853047,0.181753229573131,0.464007268317214,0.252273434277331
1.01713927985726,0.122024015904194,0.907074864953469,0.168543560804252,0.276691903038825,0.0767742820996075,0.948012548289027,0.384941680857389,-0.392296848679181,0.131677014586492,-0.47126627865247,0.114848054918788,1,-0.76596610389134,-0.0553195326941758,0.281450655240861,0.657184189319389,0.141791184515011,0.71957839115189,0.135576603125283,0.657496932719462,0.144336665814415,0.459357872879743,0.167587200811985,0.840505311516509,0.18120602489962
0.947037518721693,0.116007144355498,1.30292117683103,0.168160584019457,0.178708604682263,0.0480425022214783,0.573233194170324,0.269984460859389,-0.230706275313481,0.0928154123475244,-0.529517660125364,0.104943530917485,1,-0.720810343646206,-0.51140630604578,0.298362815692256,0.863114151547778,0.135015335947615,0.71643375334829,0.127384305880299,0.780498866473773,0.138046360896024,0.568907013453225,0.144816788607651,0.785952259086609,0.169200217064706
1.0921507838499,0.138536235777417,1.35322917725617,0.22123010254917,0.352248737210791,0.0988965496926906,0.956964526501164,0.523836152849783,-0.299165120224105,0.136876614031205,-0.587880851215685,0.106085187212521,1,-0.515274102472795,-0.0435189914752667,0.298823249219214,0.726163032478952,0.134719613108155,1.0430046771929,0.134248289643487,0.671204506868854,0.154804799383601,0.433693591212928,0.182059506878537,1.14501987090172,0.184340543250067
0.961813494611624,0.128160059370477,1.23281815650005,0.161418584115886,0.26886517827367,0.074217631343411,0.398904195381015,0.23688332699244,-0.128225167866329,0.0713073509633962,-0.574155887480613,0.0894251892772601,1,-0.391535995729438,-0.189466525441534,0.297188633223723,0.683449682695526,0.136353719241318,0.773259707778677,0.131844002775061,0.814724083245177,0.125993093556819,0.609114962933191,0.176544072770193,0.560131064473432,0.208928956448761
1.21578019550838,0.177537154326632,0.806442859876383,0.188119853244491,0.339531795755715,0.0913125571866164,1.33310922344732,0.52229945964027,-0.381254133485562,0.152479365006881,-0.657639039138206,0.0998918067446454,1,-0.56668467636606,0.181045894696796,0.40704390744118,0.800888365102385,0.155364421728822,0.788282045068967,0.143469962221744,0.669337405052661,0.153401551854398,0.98496417527169,0.137017185336083,0.776582357523314,0.229890172214174
0.981632537880535,0.115592464417367,0.724316146425437,0.140500103057031,0.254150276396993,0.0672771676799851,0.156407181567906,0.238690247148349,-0.105040314883465,0.0787865507685987,-0.522786420095482,0.105424519088869,1,-0.526844410391391,0.120070117695426,0.248911767312533,0.47933086760472,0.148171772995958,0.621158242430371,0.132583638646308,0.695335474126742,0.147186294644454,0.534244085588137,0.175502943928711,0.700934016279627,0.174341281138694
1.03275573751902,0.123955935354225,1.11241904573437,0.162716708567638,0.273439555799068,0.0683048995145548,0.758397041480301,0.380411147466807,-0.358686876879125,0.117203454331219,-0.651123411403893,0.0862896155505806,1,-0.787655849480234,0.0159489589270142,0.283795279993988,0.77808789596895,0.134439798684506,0.587240741604263,0.1253586914056,0.741541303146627,0.137204634976681,0.667432060276989,0.170750875906911,0.524884679598279,0.216568011776693
0.994502314541489,0.10954788855593,0.939931961162794,0.142513588389582,0.170780533568784,0.0424691180314291,0.375134859033839,0.300460616583322,-0.195211825672069,0.0782692779664626,-0.55632816034203,0.0863688039005508,1,-0.771246540294014,-0.515539106760744,0.280913020887456,0.806621601254593,0.128373721071804,0.73420726471824,0.109219672575678,0.496667734831008,0.147260209430925,0.730425294512415,0.147605564901231,0.603036559934823,0.179790533986814
1.01877822713541,0.119532380862383,0.998128437052217,0.168194849521104,0.239208987751157,0.0577033272784507,0.94544807999395,0.416522501268266,-0.303122719326188,0.112056189693621,-0.217215972166751,0.201216882447342,1,-0.637398298194967,-0.0152179336664242,0.338522707610147,0.639479397930111,0.149792158829717,0.667925332987107,0.13347434548444,0.816344141998608,0.115319729277668,0.8811859549067,0.130974138116666,0.776894815958283,0.178418048443803
1.01393681821954,0.112076329380845,0.734565396527045,0.138277120383271,0.181160704979955,0.0448559298047675,0.661024474574486,0.197189389401531,-0.152413181517069,0.0624845741038314,-0.558320693626077,0.0927488358075775,1,-0.440434933289969,-0.180992941218987,0.293332038765718,0.710723373134526,0.146253266464156,0.668392218474856,0.118525447126235,0.841253064857617,0.109543230866878,0.730864688983104,0.155338278087852,0.617386918434042,0.225366635873247
1.08297449500441,0.141457145257743,0.925579829055245,0.160342280937022,0.175789770737837,0.0505408254069738,0.576442177940403,0.363910310783224,-0.222277251625306,0.0843374045541363,-0.602467581857795,0.092670616482522,1,-0.698265111406966,0.214446656879814,0.319253669275735,0.637884842712709,0.146759063517157,0.680279252307457,0.132012749471193,0.925295344698135,0.141716639015511,0.443269007270564,0.190485238106558,0.565174828818442,0.214290676746221
1.01779352339057,0.11138359125372,1.15989743930521,0.149126911574129,0.248784585766101,0.0672970619938215,0.312544565153797,0.247353434915869,-0.180745708866532,0.0848869805951706,-0.584605664101212,0.0900486780056826,1,-0.648186953327496,-0.213770118869411,0.271749987535574,0.808627573237922,0.122879058845487,0.759369736821313,0.1188574022163,0.627147148773553,0.138563434606004,0.589545377159975,0.163367254472726,0.677493586822515,0.225104468532031
0.878036845523491,0.118709045593684,0.941400679825322,0.141489725961483,0.203462134710608,0.0585025766496115,0.160960762694269,0.159829441452521,-0.118416865323518,0.0677585373441546,-0.463825837832933,0.117936165634058,1,-0.654352478072071,-0.256843281773787,0.26854357681972,0.75206539334119,0.131405534421874,0.5420336648713,0.138496550887672,0.436186615065775,0.147327620179396,0.667132427053778,0.173606656042948,0.613560739105548,0.233363184299269
0.924831618982555,0.12855360645667,1.02253645779306,0.162933041347602,0.272910215768845,0.07113273677888,0.616850689989688,0.275931649137243,-0.375914953822816,0.103002526075616,-0.533992205174083,0.104586123700664,1,-0.916198715111389,0.0805456386032626,0.269423469164306,0.670840045233226,0.114869381253551,0.588108781082349,0.136333661946138,0.761743188956431,0.139073461170709,0.720205353672556,0.161892360050957,0.481304508045922,0.204730923273209
0.881060577888386,0.111353629240167,0.995149694993459,0.165984404352945,0.17715371425055,0.0511442257586844,0.504245438645361,0.226785871032659,-0.227399135435069,0.0748125857141547,-0.505213990821122,0.114000358585599,1,-0.760838864727489,-0.205113181199966,0.267416192606157,0.63963375664584,0.13088539867819,0.643886366469108,0.122331297448679,0.521537320465661,0.152205155724825,0.681276269270273,0.171263424018589,0.0226556572998152,0.344156081317864
0.916213122131485,0.102001250233022,1.04602841659684,0.144570794058417,0.172129323135719,0.0475002134268723,0.391506690083373,0.231869879704448,-0.256569317420032,0.0809419884739518,-0.357741608187871,0.12846725874936,1,-0.988343008539076,0.074778189970435,0.259000341752387,0.613829848358888,0.134204201473947,0.547067040221073,0.125741171035618,0.388301924133794,0.139667369539733,0.712717914696471,0.148856573767029,0.461478687018012,0.215923811453058
0.972419303646288,0.123136426668703,0.86785230797385,0.155790854612685,0.269876077225239,0.0773293676151321,0.553255554299212,0.281758358996067,-0.319361834016072,0.113336401947251,-0.450018651391014,0.121618115613271,1,-0.826490617850885,-0.148170681704641,0.269327900331398,0.681277861661243,0.142374586616902,0.602464238394324,0.12725747274941,0.600037692504525,0.144855603143928,0.747049955633624,0.151351081423167,0.668449617892401,0.248180935653198
0.954879863490682,0.107784314569046,0.989795332433131,0.140138676491218,0.207353660635698,0.0470110828430727,0.673455311563243,0.348033017605827,-0.291860097127009,0.0972559742933082,-0.632002767366505,0.0725063588110969,1,-0.781024177132285,-0.576499459813422,0.307167439539796,0.7369686496225,0.133500679975497,0.929995078216965,0.0961910950232147,0.450991995079156,0.130136598505581,0.89488135122782,0.138920197275221,0.107809206562562,0.293850578000516
0.917162114372722,0.0952268924775132,1.11832968048056,0.148449108346928,0.189300378262659,0.0438224764352869,0.582536849191008,0.299284161843591,-0.21407928867575,0.0920642155738615,-0.640589484068841,0.0737352383933877,1,-0.644669629385092,-0.173938110046116,0.2566676946788,0.710391903772019,0.122774215411886,0.765497834519026,0.10403960773421,0.697207961095187,0.117962278664953,0.573093502706315,0.146711737051156,0.461287220479308,0.252364707235868
0.977387984739703,0.15657308404889,1.07665221830152,0.215398239391071,0.468064282916739,0.144378697355123,1.29413613199991,0.539949435284633,-0.310498802309717,0.162023228036733,-0.693008832827574,0.0829570368610351,1,-0.398948830968814,-0.601959623696236,0.427658693586516,0.997584254763581,0.149997226237315,0.778135488207231,0.139536582788975,0.824244925806702,0.146023427861702,0.896975084431892,0.222334297403222,0.819146292360471,0.285578841092517
1.21653836214048,0.163547663650204,1.21251068225791,0.209848500974468,0.431686093240984,0.126594084837749,0.719399621042946,0.447136217363961,-0.485058973812603,0.185761063653883,-0.753278581372272,0.0722647679351925,1,-0.870413087101292,0.189901721020699,0.397530322823959,0.896518677818951,0.167142672761993,0.862370713416943,0.154925101836019,0.7883731753627,0.163142409010772,0.59939472211274,0.192591131299059,0.779616586534544,0.193029368474621
1.08691648342512,0.154853976049296,0.971616080762536,0.160413070415752,0.262813064589488,0.0773063397205914,0.307697629291268,0.269635718987071,-0.246637861490606,0.0904248338283815,-0.572743324134599,0.10805160242102,1,-0.86730968450446,0.251708221303106,0.366547639770479,0.547938438007838,0.163862246518478,0.914262275847726,0.135872249838304,0.611272256265412,0.148452585881413,0.422885660705936,0.190001291066733,0.653326752270213,0.221653734622992
1.08458198976764,0.172014213259743,1.18653164059982,0.191355684895026,0.272559376202087,0.0760094568122521,0.887701156731292,0.456863911879137,-0.163329000816375,0.113537056803513,-0.723121645597582,0.067256565455582,1,-0.332046838086516,-0.0122183672122654,0.358209530117042,0.66492961757797,0.151916137385026,0.897374183690782,0.130685655858215,0.778865722223231,0.145252360329245,0.715729603918822,0.179234410179148,0.926068905368371,0.207819938826924
1.12546751448569,0.152443032213296,0.912975890852379,0.185065109341526,0.24345102793238,0.0704724660337799,0.900874984558021,0.442511923441812,-0.242159350354807,0.111309890105719,-0.580238577100922,0.113049568672645,1,-0.517086468207832,-0.166367126958192,0.293469308658828,1.01293833454211,0.142352523222759,0.695679552450237,0.146697549010555,0.616814765165452,0.163865884093082,0.680998053565919,0.160662031146417,0.782489581657513,0.191591173434077
0.891280749671421,0.131222058575911,1.54026480839695,0.176629278590619,0.325099067905395,0.0822013845887166,0.232947755982845,0.200168764235503,-0.107403921058626,0.108447563021985,-0.690096310331119,0.0744024782988845,1,-0.390286032365353,-0.780754116551227,0.328502792074077,0.886901112352303,0.126610931941984,0.714843295653154,0.123151399896231,0.799535691835234,0.147882729922631,0.775509838822675,0.147627082657996,0.628040517578208,0.233424788830019
0.954316646429518,0.0982503981770033,1.01395997771817,0.135806794848231,0.104573244899609,0.0319539976179612,0.295628878875247,0.216266793466252,-0.116383572461964,0.0620931082037271,-0.421838598857205,0.124154037821608,1,-0.661923749457972,-0.027435264113797,0.246302080107313,0.591321312188061,0.124940964654035,0.737637344425453,0.112759610204624,0.539792406132874,0.134752129574598,0.389404097556505,0.164464872359014,0.318817976755251,0.214352724813296
1.06723073848046,0.150221043874153,0.788977740086559,0.158000945343381,0.405054112868134,0.107233229328856,0.50894102643372,0.265232353071649,-0.294373260107986,0.112999787854489,-0.656459242854845,0.0818681513672705,1,-0.648347892912116,-0.276801862298114,0.304657323931388,0.835781055325957,0.128388161537969,0.868399498193604,0.13826657114703,0.798740389155675,0.149169039684358,0.723181528107036,0.163144542789436,0.829690804181564,0.22129294014246
0.742337501895117,0.0976477591384941,0.843015635586679,0.139211345097726,0.188342273773178,0.0520314177142108,0.278676366933677,0.181462985189278,-0.178137473922002,0.0782883557686877,-0.573247706895029,0.0999602574849337,1,-0.777555351797174,-0.118690783014343,0.23970054447145,0.39912952274278,0.15022002039823,0.52273858968617,0.128174607332581,0.634286592545595,0.12172607884851,0.57074818234897,0.162653024892725,0.762329090624488,0.231112936173587
0.892138756636582,0.110771242253569,1.19592607712995,0.149164879454118,0.250795911489629,0.056479294429892,0.455243050983248,0.249972914791189,-0.337895096029223,0.116184791506448,-0.639779754766946,0.0667453617814815,1,-0.999999999999716,-0.706711536895739,0.345074416600042,0.844230480424054,0.13928726387394,0.706683047952952,0.104114186987946,0.80371231428906,0.128999903868498,0.698492518100142,0.133475038965229,0.515864864640535,0.23383170387711
0.869644910018313,0.129714766804695,0.960282556221752,0.160062042711455,0.257499894286386,0.0700031726488928,0.369815726286906,0.252636493417814,-0.231015791603557,0.0920927144549064,-0.631905232980976,0.0905518691336334,1,-0.74861832339008,-0.161033989869354,0.283319179873518,0.697440477194397,0.127842971512609,0.391389626684229,0.148478950319557,0.68543306077673,0.138562712522771,0.662938102909362,0.164870116806465,0.777894098938669,0.187112684822847
1.28414679753369,0.154305485161227,1.00471790740563,0.182401622101109,0.248493879153712,0.0691740714869167,0.774737723313619,0.341580589231982,-0.281408163621652,0.116029970985163,-0.659000803892309,0.081516054015777,1,-0.641359441979688,0.656502538863329,0.334593046965248,0.693976146306826,0.152567647818047,0.965691232654081,0.118052252226025,0.807302181190052,0.151987164303088,0.657060261108185,0.172961833862227,0.970610574032334,0.175568141778768
1.10204616651108,0.158126852152324,1.21290591458813,0.187292088841634,0.298004853828417,0.0817202279781508,1.01119858403107,0.473215671666567,-0.404745999454463,0.139949126472701,-0.667934086901659,0.0850247098086519,1,-0.737314321275313,0.207941484697067,0.348563778337908,0.534531790845101,0.169360561190244,0.98310079669759,0.123049793649306,0.825928497636812,0.141947202482757,0.755277459310372,0.200265742416729,0.75345483341289,0.246441803187703
1.16879344952707,0.155504667061155,0.99944639674459,0.216227117756522,0.234449042521548,0.0642950655177059,1.57288708181759,0.619097601702759,-0.200886355379449,0.13008934419737,-0.656486719772403,0.0964437598904549,1,-0.330809090328837,0.264739065776945,0.303801812015833,0.788509579323316,0.158495326971915,0.708006446048905,0.142153430516352,0.738222992953514,0.164788963762821,0.819033362053028,0.156894623694274,0.546337610198867,0.228223166313009
1.01654136830471,0.121530791944278,1.56253462552098,0.189920423034573,0.308957015780329,0.0803066038702873,0.603200275666661,0.377663175960214,-0.284175498483679,0.132023505838826,-0.613919915381532,0.0837120759143416,1,-0.658274200092923,-0.0772382360292164,0.27044099705668,0.831545741345813,0.129146279242057,0.788686126476546,0.122494469600592,0.822738322449846,0.131645495397584,0.835388980326513,0.172067125808026,0.382659344631959,0.263621658103913
1.06999169876456,0.141431029084392,0.868664300142779,0.143664356206024,0.267314909212408,0.0754869018210656,0.228049321879992,0.208173817151348,-0.157591661592495,0.0936790051195988,-0.598433070640189,0.0983846742320476,1,-0.638274142950547,0.141865767215039,0.320736798536378,0.629190660392722,0.151853140291125,0.609471136274281,0.14452168595901,0.549885501549451,0.152553682145159,1.02383686781578,0.15183969277179,0.536281928213418,0.219612561221638
0.929738925432884,0.125415339849536,1.07467067382383,0.175932817455951,0.323677604852632,0.0801644708415765,0.342370462298254,0.280158160885698,-0.300663369177862,0.110692786419197,-0.579289863401447,0.0992426654035561,1,-0.903183612893917,0.0296940275318325,0.343824174066674,0.620826326727431,0.141885753550304,0.59564222515843,0.144690716706389,0.670885426710486,0.149165244338482,0.69203653626734,0.17174082043987,0.301100843337352,0.244864762231517
0.924730865126063,0.126565660174428,0.69693771237291,0.151508209276361,0.250389253377688,0.0700207701926805,0.507416194680375,0.300456322820749,-0.219306986160407,0.105368907097571,-0.533919282709636,0.109149221124178,1,-0.615265356339023,-0.000920349566210171,0.295306773754627,0.527227519854958,0.149963413221712,0.459455696918871,0.149887831559753,0.694426129548433,0.138243396278522,0.799473204201562,0.161112110510733,0.441443556148885,0.217421099596597
0.91925557493748,0.0913415462103286,0.912785231700671,0.1174613211124,0.156580896058401,0.0408967514964285,0.0617950239692159,0.121536253101418,-0.0815995892236451,0.0626772863741,-0.501256444399223,0.103372161277794,1,-0.829548596641984,0.196168282541939,0.217371357795869,0.591822538105636,0.134043167780135,0.688575396534466,0.122469226371866,0.384617867822473,0.161402678161793,0.352937233844052,0.166678337758675,0.508485884807989,0.199210285840677
1.12812071479106,0.123239191736549,1.08581422156071,0.170741344396656,0.315800731960931,0.0782630770612013,0.728475081655515,0.314587465413928,-0.277638080154509,0.124512376666442,-0.577922848347536,0.10996980570509,1,-0.578848771723064,0.510661262880095,0.288327077380545,0.544962081363785,0.142689613678615,0.688774297395732,0.119612839316367,0.534233901554604,0.151093348609525,0.639415514384308,0.14651807372268,0.763718292503965,0.170237202353707
1.08127738003386,0.120634476508638,1.0965905375089,0.185730401091591,0.304977406319942,0.0753586511842575,1.09842413817692,0.418960666603198,-0.293559749562873,0.13174666126908,-0.711122052963525,0.0532807331996125,1,-0.507198127082647,-0.0466077047773162,0.264174325875267,0.685110047597785,0.133141116437634,0.867595324637324,0.125107918422534,0.734039449637377,0.142823525879787,0.739262653709743,0.12219795510537,1.0764838559151,0.177508006507873
0.997085321392658,0.119134390185558,1.02588040483248,0.164525898199163,0.237115830969041,0.0575531856576132,0.915991479261648,0.332694375317782,-0.202996104878522,0.0871755046898639,-0.585804229945553,0.0819809816185828,1,-0.435573763613064,0.0119885657709252,0.253512204775432,0.868160815287138,0.103608289744461,0.599671093980776,0.110310884472314,0.800562672716906,0.140521433267549,0.699880763927479,0.171521147228483,0.782930336010237,0.205231979879843
0.965410714805419,0.121685976167794,0.805119420499789,0.157644531455801,0.243405032291891,0.0568280392127214,0.556635630690046,0.301194898364958,-0.259587780805967,0.101219122606628,-0.579993146518226,0.0814942198917305,1,-0.705235179239352,-0.196529958060009,0.355374771031868,0.880652306693934,0.149111945662219,0.581551828684317,0.132264843512361,0.568197588877554,0.132176115399341,0.656278837602637,0.149124454853645,0.589221686935515,0.22333954253461
1.09395044322034,0.115543876986252,0.703968017229002,0.143524738427802,0.21913367188968,0.0551669401928153,0.286638179896358,0.176391393513385,-0.250623376518526,0.0862896002650957,-0.703978407501334,0.0708430512136863,1,-0.999999999944939,0.344081392920928,0.256643236825438,0.74882338948091,0.138057048969023,0.716789941689801,0.116758721759196,0.679975833454827,0.151390633288747,0.417204584943272,0.167229218247522,0.783571932406635,0.173970686456482
1.14363526760812,0.135995029487692,0.860542225126751,0.159791131318349,0.284916947948475,0.0719365084436819,0.396172768900179,0.245733104082138,-0.291379460423907,0.107641659260065,-0.661164145581753,0.0786247366279275,1,-0.867276307915183,0.326492936281581,0.258036370106374,0.68929095189336,0.147020323687898,0.872105968966594,0.134677825957576,0.558088642220259,0.168970752512663,0.969413650666239,0.14111161570461,0.64992387009005,0.183541463912259
1.21105507434317,0.125620402306132,0.895425346830414,0.167912803752071,0.177963206107251,0.0506702789282919,0.599295070348304,0.382272584947093,-0.202200430325243,0.0852414003332941,-0.518341724752959,0.128523103027991,1,-0.619151047860216,0.641118083992226,0.29734587280618,0.59485182709066,0.15807142190359,0.758441373070419,0.126105303654929,0.766561146572367,0.132629421013663,0.671411446010688,0.157153919016218,0.558968781092343,0.218688354672426
1.23889422149338,0.156066783057846,0.776372457132059,0.157090255030945,0.356336395279209,0.0920464277517335,0.609983766668138,0.370339310107954,-0.428140992700933,0.140237950176877,-0.617091575508761,0.105098201535056,1,-0.918327483179358,-0.0874884675440709,0.327584783492062,0.849706086960003,0.147226693318195,0.683659699947626,0.133033363074596,0.743944379772724,0.138388173101215,0.91954550812662,0.159734223760626,0.766266181625477,0.202866131508339
1.03546530888027,0.151700477708497,0.965220575972668,0.176501224617901,0.27350243252936,0.0748209124727757,0.521750882328581,0.39446920993363,-0.0146146485897037,0.0851519864009179,-0.746841046843096,0.0610013874526864,1,-0.0386879915604104,-0.537310074157884,0.362665869410026,0.841825662578632,0.147285070130746,0.995588924861625,0.130962237328725,0.862346916528426,0.149860662649205,0.811493971352683,0.156385256241279,0.755648355645801,0.259038981838174
0.843582151509722,0.1412282004174,1.26105563886423,0.193355588833869,0.352213508510615,0.091844807745037,0.368177093048901,0.318758968628015,-0.194018278318704,0.0997236683648506,-0.699661024601799,0.0760804032628019,1,-0.538779744439101,-0.724831284794153,0.387171618388735,0.870633765670125,0.155973862967739,0.749518460769542,0.145900238706176,0.641730333840182,0.149381105584261,0.79149375858754,0.151915579285949,0.73463105365252,0.224753777981347
0.962407145709756,0.108209308593206,1.10138838070215,0.135516603732891,0.210409387514937,0.0526419793906393,0.367796570277934,0.228970077462091,-0.214822830558936,0.0753310255842745,-0.406153809444127,0.128474426832537,1,-0.772225326574269,-0.0804985779068671,0.274620709389322,0.618067722199837,0.136344279947985,0.721291761954798,0.101109134583658,0.634151303771114,0.135682527192647,0.677282671925175,0.172554057905254,0.399023633904132,0.221789488447762
0.982213644000737,0.125174607866924,1.11605566618436,0.202111787742483,0.326462902167625,0.0798726298294469,0.967906205020973,0.487867336764375,-0.302358186596296,0.133013309398773,-0.64304665223934,0.0862284704734102,1,-0.537883443364946,-0.338799702326165,0.331115446857388,0.886430271039741,0.123919029987698,0.840361116574655,0.128673495910124,0.700722374051424,0.153428551475095,0.633078707607612,0.170395293144738,0.804113124649925,0.214224497933176
1.01655212575926,0.131822932312331,1.00609513366589,0.157169620194561,0.275848275316315,0.0736189277990397,0.602571530794705,0.272230417538476,-0.407698807357334,0.130405930257293,-0.641896731318459,0.0904901997019649,1,-0.999999999988453,0.238816460155405,0.318625767106456,0.799848003598184,0.129328893649155,0.494324265107425,0.130719630706335,0.604902764287681,0.129682183670935,0.746308918315171,0.177714364645585,0.582327052348187,0.25000381898573
1.08912950428401,0.115610152036216,0.843711319534576,0.145356560737652,0.241943889585099,0.0582264918818994,0.34609698780729,0.296907916166484,-0.0518731883250202,0.0805692420839387,-0.630020321961227,0.0879645166329822,1,-0.179261366760904,0.27815550168003,0.289999375556216,0.615689632246678,0.149765022367732,0.643843732993503,0.146346759001057,0.957263214982859,0.115740141156323,0.492557478874762,0.167164905653307,0.658319640802218,0.173183730226179
1.27759692091277,0.157810386304673,1.06333980843645,0.18074405609909,0.312324080906232,0.085971763025263,0.885775475378728,0.440493611968449,-0.292093626743587,0.127378946754204,-0.589950138816312,0.0920636434667263,1,-0.555338163754525,0.430160713645161,0.375669542273598,0.748125378744996,0.140083149688599,0.873725512821273,0.116671286367848,0.803952106217799,0.133012650630142,0.333944661759201,0.212125077198402,1.07331557808205,0.15858522183514
1.09947881255855,0.141672364739335,0.975975385934412,0.176788903485846,0.210162342266602,0.0648533317072022,0.590671003487903,0.369653493316495,-0.232630284250498,0.110392738851344,-0.590202055743481,0.112140055991986,1,-0.660261502090665,0.800754768427805,0.323592616230432,0.670284947575145,0.145906301053749,0.539732439426681,0.152438249845808,0.818864451111425,0.136006036294667,0.598312551119354,0.176200932510744,0.653184380516528,0.210386753779283
0.766492503978941,0.119892240033525,1.31706514120082,0.204195100449559,0.293417093821592,0.0834575102859386,0.98004383395692,0.432599832304558,-0.400799427772763,0.146184638412605,-0.574847953943809,0.098728806109591,1,-0.747414702855881,-0.371615726445333,0.349944797194286,0.728492747023881,0.149263216432241,0.595869180188398,0.13557053463298,0.772605669555092,0.154232082074918,0.506491981308075,0.20159531794769,0.822244683259007,0.21434598816876
0.933498517855238,0.109316786832596,1.10202379982744,0.156248234432156,0.209235742738377,0.0548544112835898,0.559436445590795,0.29206399307251,-0.187359691305444,0.0877268517601839,-0.399828530965454,0.146458129105844,1,-0.547624471087744,0.0334355894140394,0.233843438252354,0.674227078470219,0.126781984091826,0.582943958267763,0.131307956793702,0.67599183272363,0.123947086940309,0.414706015265053,0.185304382280905,0.765556242155425,0.180673153487373
0.952221312135378,0.106079631701476,1.11866331589567,0.175871279282907,0.159358430203218,0.0431903456336452,0.833822473500324,0.351809852108591,-0.247897759613091,0.080320389799076,-0.446606852102986,0.116636647532925,1,-0.680061645934632,0.0689108808352541,0.286150940482325,0.469445075074542,0.157774702789832,0.639710998313631,0.131789485637919,0.750833358815491,0.12974153594515,0.641278187172526,0.136938889675813,0.533362466371233,0.196458786815914
0.902994313184965,0.117170677156535,0.848578561856018,0.170503436372704,0.20564301211342,0.0525240404878845,0.785950698054828,0.34621354472273,-0.152505513387194,0.0799685762752563,-0.58614940218735,0.0960579190249381,1,-0.379341986690127,-0.449981009035256,0.253313773863618,0.638788718667048,0.132084322247488,1.01028471174973,0.114964171176449,0.527611761461361,0.138274869981548,0.628403893067281,0.160319186368826,0.970209658246233,0.165988007450582
1.14684149150747,0.137161023697666,0.917562924236048,0.169260239784222,0.273858254187832,0.0707232834050769,0.793355206812502,0.42569998235943,-0.34703610110575,0.142047911855128,-0.737362972984037,0.0631455122896177,1,-0.74452262459884,-0.0112843604243363,0.332088012772677,0.796039437392928,0.163282141359684,0.629379372559544,0.142599243940801,0.710392376400645,0.128739986149914,0.820559721279706,0.143509767997975,0.872054176125583,0.196928961421737
1.09342769686344,0.155907354795488,1.09266341922953,0.201451163802039,0.435905872596945,0.116569594185711,0.845668867175229,0.321327617336011,-0.492970360816334,0.161931438525322,-0.509474759956679,0.116048037150156,1,-0.811940635829478,-0.0254461682974436,0.319340375801814,0.831621591887277,0.13592977297671,0.708398539019807,0.137049854055132,0.842267774250121,0.145102229937381,0.782873049174077,0.157607277884326,1.07795595073595,0.168659561100384
1.13508904471405,0.119839362235853,1.2482954806716,0.170410833047176,0.22990953478453,0.057552140431049,0.596502249444657,0.249444580730365,-0.284551800413966,0.0961531080565719,-0.483603083935605,0.104701642081628,1,-0.768381329478098,-0.0154467507746834,0.349030988057522,0.710961762612321,0.151711744008334,0.842773111455067,0.111192113146718,0.753817615498722,0.128060235406275,0.674836621430113,0.152390131405458,0.856658889735357,0.169094686383333
1.18313627855371,0.146885360810827,1.09961837804468,0.150162843313611,0.26781891633018,0.0698553669028637,0.400420572164451,0.298909477182153,-0.251104420151891,0.10381349809758,-0.679993347823327,0.0747319773189303,1,-0.766788414504438,0.631645122690219,0.283618296220717,0.643992720909961,0.149571234766821,0.813180286428602,0.132334632764907,0.518545924040726,0.162327504195281,0.969743151586787,0.154696442172545,0.625693089493462,0.182049947311412
0.97546712600242,0.148626606918683,1.13374362967624,0.188280811677827,0.328792175057087,0.0931934499544402,0.642572906145872,0.355427145659573,-0.319047361570272,0.138937477682059,-0.668716443910374,0.0888193313316204,1,-0.694117854981667,-0.0811283399414117,0.292295045462518,0.77188104131527,0.142478591412345,0.522783883726971,0.15838975738318,0.856200573800999,0.144083200855391,0.900397099407308,0.182935981667491,0.764867542053673,0.226230875884535
0.776265791893039,0.116046040628693,1.19370180336683,0.185671556710954,0.238804232125776,0.0691820623113279,0.636013888610819,0.349338494421467,-0.295958595918414,0.112186210755176,-0.544835453232299,0.122633711544271,1,-0.759410589819459,-0.164716104550196,0.299500280281595,0.578691772615388,0.15264277137822,0.757113838443265,0.127751343529046,0.637893864062773,0.143750827333366,0.661740865176441,0.188870977944421,0.369167484061813,0.25281324519718
1.12438441398699,0.13927633899146,1.07533821530821,0.193512187508597,0.394189807507954,0.10196612202442,0.942005683546734,0.396303634072449,-0.417494264556611,0.13514720817068,-0.595642997275128,0.116785583871159,1,-0.685126958829813,-0.0469873023755869,0.34581683579545,0.851615827726536,0.154098720007819,0.794827913512108,0.134767668521783,0.698844674845478,0.132692767664213,0.85768053477105,0.14225571007722,0.932861081685263,0.230511994835997
0.925409431393675,0.113841097796027,0.983201456981072,0.131509055579141,0.274614058759893,0.0707978585211221,0.188220815669263,0.164142650927075,-0.186316378930229,0.0842546713159029,-0.48050326823685,0.105228247205584,1,-0.819512959977581,0.334780518512226,0.278159464630379,0.29210463767934,0.154987784701683,0.800270422974303,0.120515258387362,0.678288489941738,0.138975350264888,0.344979902886952,0.176488517030899,0.68824847527069,0.17813154671527
1.06608305432248,0.113585354112814,0.788151632039817,0.138954922793419,0.185226452113313,0.0453014221592558,0.24732591722277,0.18333461618051,-0.14062426151799,0.0689683027566122,-0.591337751470283,0.0840328190151912,1,-0.657012960193933,0.331564514776344,0.265551193892167,0.542538919767601,0.143933965304691,0.547135230523351,0.132678385224298,0.715710054028079,0.125614419236474,0.326656620450274,0.171320038531795,0.771582728168748,0.149289277867949
0.997330990059624,0.139719686107906,1.13541498377582,0.221182429590323,0.377512116359155,0.100841375778965,1.2843376505712,0.496611759892747,-0.484192322139174,0.170379594429651,-0.626888830186564,0.0928448806331611,1,-0.695365026458387,-0.517351517418773,0.279781616783724,0.901235217378451,0.116453873299475,0.794419537690329,0.127946070363853,0.717677354438576,0.15999221074038,0.624118680607522,0.183205393089569,0.860989180030612,0.225741453409492
0.809612536295348,0.102319086893237,0.952673917060717,0.144526424876369,0.187805513450823,0.0510746055958615,0.341716053694352,0.240828855111538,-0.229187051397491,0.086334190762752,-0.421959136552528,0.116061133939748,1,-0.904697139588175,-0.0478405825381807,0.244175952012275,0.491002342915078,0.131908924032287,0.629300387004839,0.131460078210227,0.360412187465508,0.146819294933521,0.710860848880668,0.132230222875426,0.573425754779924,0.190732168090381
0.890816127267765,0.110107127632752,1.35213724083845,0.169294937218634,0.323761171103798,0.072102958643485,0.582196556025926,0.29478345508753,-0.324000140426594,0.108135162339897,-0.66411678469753,0.0643031015099478,1,-0.746273467454674,-0.193006090320165,0.247525997695596,0.865199592735106,0.107223446770204,0.567252604653584,0.138312836651527,0.928425224834023,0.129870087710621,0.720601334575852,0.163263059049483,1.02189290869228,0.161442275484258
0.924025849662794,0.110648315728339,0.951025466474159,0.169244029035133,0.210248365150935,0.0548279714979603,0.85427809179808,0.39231941528501,-0.263537621352808,0.117530900232555,-0.533848681817018,0.105453969694348,1,-0.621837163320371,-0.149245953626331,0.293018211902925,0.632759117045608,0.136668603773091,0.685815045347321,0.114190482355419,0.662030653554734,0.126320354339525,0.690078003677911,0.152215275990822,0.437611292281882,0.265939035736188
1.00853467063723,0.125193612006203,1.1894145423459,0.194803754114548,0.283836290712039,0.0739870540199451,1.04606905775173,0.503015987623388,-0.411917743402856,0.135511895559558,-0.618698211300302,0.0923894556410051,1,-0.755955724843874,0.0456292377529423,0.263707749257195,0.78626389965859,0.131848024372096,0.723012943212149,0.129755785660879,0.612295235924818,0.149732150505911,0.605743793117571,0.173744928066495,0.946931054494389,0.15596793215457
1.01544823005821,0.113920939421555,1.11119193696001,0.174808969869451,0.229618593422623,0.0595850344909964,0.453168493238326,0.275521156791402,-0.142140894798681,0.0865886622068127,-0.627768781511684,0.0790951409144187,1,-0.44064177203161,0.459439501593052,0.256347031665902,0.453222045054546,0.150755480116854,0.585555935534499,0.123157571865691,0.78808144579701,0.128610602117567,0.779377445076661,0.166399428737323,0.677572624493556,0.182539686973583
0.996287968245574,0.122497417541835,1.07387379392206,0.172789894645351,0.121304810468367,0.035122308630732,0.581769192798093,0.255934864575697,-0.220700533773179,0.0662845054417267,-0.504725936128444,0.0972718725581031,1,-0.830785698595046,0.407197833284015,0.269696335101474,0.696241905746426,0.132272183754711,0.47532432066159,0.131666027437293,0.783649841002096,0.130904310480838,0.545160230404785,0.149684964460871,0.257841634582943,0.230667596740118
1.042133758521,0.112440488109804,0.922714706112896,0.152658140679747,0.181766280508495,0.0463069570218543,0.48854420358394,0.26249528169091,-0.203140903386495,0.0791711341266752,-0.573555857140417,0.102601366323225,1,-0.681692925311658,0.525433787062244,0.328362433887585,0.64725859177374,0.151750506638637,0.53877324010355,0.132075886232809,0.600190802390171,0.138023307085034,0.788345957354006,0.163925595511929,0.636860179275635,0.163839171224544
1.28346961054949,0.155249684619779,1.32697456009917,0.193694589418341,0.324067016324643,0.090236869711024,0.930573853017861,0.447644817842159,-0.122050076230502,0.125784948115202,-0.527509057637575,0.137226424066672,1,-0.222251764116595,0.734798373547202,0.387542733083443,0.754437158409426,0.145889406055008,0.762460145114383,0.145943118458646,0.89037086410876,0.144237362505053,0.856783153821239,0.165200461579125,0.546374474303984,0.223927017574961
1.1184616239674,0.151650657692982,1.2468288540049,0.211719081313232,0.352691936515232,0.103369490832303,1.29885203876564,0.438442870836072,-0.463848704728386,0.167624609930585,-0.692183601839369,0.0843257676632203,1,-0.685328421025481,-0.021595557469756,0.295574046363198,0.821067468685267,0.143099252358458,0.76183790032675,0.138847038043298,0.951453260510294,0.143201031392227,0.77455345126567,0.196387242838075,0.740804226072573,0.246705607361604
0.967861550858107,0.0995858612594287,0.797057216284642,0.13611558454321,0.151288932281239,0.0376591590967618,0.209255769749457,0.193592102967704,-0.108330089345577,0.0635440447840564,-0.529966142515358,0.0893645855426444,1,-0.608845081034219,0.124612633425453,0.286856699692527,0.578406302567144,0.153477066033627,0.582919063185475,0.116523566225484,0.632696965411626,0.118744420242843,0.597263501351193,0.132702063430568,0.686592181569013,0.204294052544125
0.9350291284249,0.105346176904204,0.886658517526227,0.131360711374579,0.177403079446611,0.0487386060145447,0.0962362049351869,0.174023908907498,-0.0989823543082663,0.0683147393159923,-0.528355395364837,0.0955462709732696,1,-0.757544166198596,0.0516753628204523,0.275176313585226,0.691619720680175,0.137685511835179,0.562718769679825,0.115743665760422,0.718603741085144,0.122886030811198,0.913600957087464,0.170072837867887,0.387363662384407,0.261377556333778
0.948112458903569,0.137943159670211,0.832432211455606,0.17092041681919,0.292661867949562,0.0776991209250348,0.413408153146797,0.276553702359852,-0.178545440677642,0.0950447409576467,-0.667631873681454,0.0855162313736059,1,-0.513305804991161,0.091115447152549,0.306944744467064,0.671489926898707,0.140410816201378,0.64650148640731,0.134689475919466,0.659468249256565,0.155287114171637,0.882192452695102,0.168097165166614,0.631652825580845,0.234955297077348
0.844367117338576,0.103295815461394,0.775182170218589,0.143588180900139,0.184715018757936,0.0480592832924643,0.554696279338093,0.281926322198058,-0.220045034463395,0.0832279746342426,-0.380606503105065,0.133775526992069,1,-0.687436902822038,-0.231603169975972,0.270706351769055,0.639679156984394,0.12846893645112,0.522291987400769,0.134751086207263,0.564791475278745,0.123340528920145,0.636953188904466,0.147312038724531,0.621820599953312,0.221755684489902
1.01344235062747,0.125879785378518,0.795906878163768,0.150370313324875,0.200455054746168,0.0498063032540058,0.758618506866671,0.326977918465069,-0.249247708010005,0.0912414407729676,-0.67916848384953,0.0695155241006801,1,-0.639162005408263,-0.307894952290088,0.281442105462484,0.846061079576268,0.127927771933127,0.535349483548538,0.136106586862698,0.615208644300094,0.147579577062841,0.802515196810438,0.146765877015554,0.641624976452705,0.178945681190314
1.01638945767253,0.117606890374688,1.08913309462239,0.14273755595749,0.207854209538924,0.0554686757065109,0.0492978506906293,0.179397566766486,-0.0577602493820532,0.0632221787120824,-0.643269380317264,0.0877124302672476,1,-0.570605107703814,-0.0993929728742936,0.252156345200408,0.777961701106619,0.142103860530106,0.650018864218825,0.123270190559319,0.62723045921448,0.136053452127615,0.627426800661417,0.176793478843391,0.618673155480603,0.218237199366238
0.828512672631998,0.122960371144807,0.937597009824939,0.175837964775778,0.224369108531091,0.0680928393568487,0.526510879123556,0.280792820090189,-0.212320503900723,0.0973196622668873,-0.501192853230647,0.119355166872171,1,-0.617741431831929,-0.265894310783701,0.296887927942887,0.605745722950237,0.146426729545735,0.797061897874889,0.122911599795493,0.433778389564991,0.153644172922609,0.567123120757736,0.174520199212811,0.471675709885788,0.218756130094508
1.15832084788338,0.133717398955176,1.04334112750536,0.158387257048599,0.305400895488974,0.0803915218061675,0.118072752173212,0.152806456816444,-0.0849182061283204,0.0841343658043252,-0.64564885476865,0.0786347679376296,1,-0.447188693968151,0.204546205219914,0.298604353006329,0.814723190413925,0.13464625687498,0.737632747544734,0.139684666542116,0.914661561102197,0.121928370155105,0.567869539150961,0.19720985815102,0.916001289022442,0.192615048967148
0.916298861657203,0.128312211353671,0.854993948072684,0.165511426421472,0.291180974215467,0.0736351500119758,0.620851634835844,0.377655695434271,-0.336082400110188,0.134552510423657,-0.603875924305797,0.0937835157367354,1,-0.790442636616982,-0.356601351521845,0.347142824660531,0.80473983943989,0.139094542185694,0.7364568392545,0.129135745166707,0.590638810272241,0.142148026775569,0.677506351309427,0.159178998050081,0.5320793312624,0.222439825877982
0.976294962470819,0.126175731144839,1.08892709748252,0.180333242832548,0.32607659326734,0.097830515318506,0.791255513535569,0.403253638719473,-0.393738538818797,0.15379626286433,-0.527287996124256,0.114390225412219,1,-0.775157115846651,0.199566478419524,0.241836123735636,0.77213561154438,0.129079504041763,0.667948641607577,0.150434746175072,0.555856799046638,0.157333783511983,0.706736459344585,0.174467063817495,0.925515315500525,0.209713512212311
