"beta","beta_sd","omega","omega_sd","rho","rho_sd","conv_code","tau1","tau1_sd","tau2","tau2_sd","tau3","tau3_sd","tau4","tau4_sd","tau5","tau5_sd","tau6","tau6_sd"
3.60527812608687,2.41147702270595,9.6487615730955,14.1222412579181,0.959622596592797,0.111797387303661,1,-0.0842864464142382,3.26132240712351,0.858712932528297,0.75536713475707,0.712884429192483,0.648165847492758,0.571765320435135,0.84703084330953,1.21323169936069,0.865283131296566,0.863417253337749,0.915958645128016
2.66047557618272,1.14466031998281,17.1039819224346,14.2819579079678,0.307872445766395,1.53057860968691,1,0.474015409452505,0.659996688371504,0.183113723496519,0.392391997068646,0.936119511522029,0.752963236444586,0.749951137198117,0.906124525410627,-0.259128080132002,1.18107435319876,0.709226782038297,0.834014836573777
6.53672503602427,11.53094766555,34.4468147855199,118.589317095557,0.543071245648037,3.49450603667497,1,1.24209516037785,3.46472938547688,0.783574725265434,1.47028954714039,0.499178780634517,1.21776345014865,0.382820648778872,8.20883364244095,0.0792751720846672,6.84075319572752,1.09643404042722,1.81162011857429
6.72904085610842,6.02727205521624,70.6918382436125,114.627317329306,0.354875163013122,10.6445618908344,1,-1.79975374241225,6.60094750543383,1.90275919984893,1.10652112890608,0.99972550643329,2.33516340403158,1.89297207826866,1.01539422859302,-15.4052474858694,999.999999999982,1.87720619706973,1.05344550423997
4.95533474587452,4.73752816526988,38.0675834028692,69.263880023724,0.262879951087329,3.62157754021521,1,-1.83649702099785,2.31130947642527,0.920848358868123,2.25683350481958,1.26568439817015,1.14087522492252,1.6668931117666,0.894126859639012,0.991082224066016,1.52683425144463,1.30468221382113,1.32658825228418
6.03933763254737,6.37404836698125,66.3785357110357,131.49344814096,0.675811519480536,8.96683044465061,1,1.26821599420952,3.90828132667626,1.05059575077071,1.07326550108233,0.45015014801585,2.28535264102004,0.837569756158148,1.34242607225209,0.917855818247799,1.38777273378665,0.999645772086735,1.07367120511265
3.81269710710243,2.90192032298824,22.2512974120295,29.1529073353116,0.602771246497602,3.34626827669821,1,-0.512563655879715,2.76941032739298,0.796593058010914,0.828632009374712,1.06925090254399,0.866273742417881,1.09615891533939,0.753832179322038,-0.365552351330385,1.19934521087179,0.845871559048725,0.817370577383897
4.92930965948479,3.315868506347,13.0343396902178,20.411278224152,0.49832515265948,6.77294992111497,1,-3.17008710400765,6.1659249115882,0.64059682072024,1.25201633000283,2.04549150929191,0.895903649876502,0.393125443286107,1.44915836068231,1.45303186323571,1.07896309901321,1.17816595892111,0.930652655349079
9.19173931492981,19.435070902706,109.186922236677,547.783984867997,0.650815908266755,8.0751580309696,1,0.750625593174262,14.2981572472257,1.38316138548896,5.79854894268157,0.928989381103912,0.881747632225046,1.40945682968248,2.75274916691838,1.18869222733786,2.23377613413448,1.62447119516463,2.41805747996114
5.09812438889946,4.6817590009874,34.0953753945852,71.4803150119651,0.949664038063314,0.326048283280234,1,0.959146258715484,4.19646775101423,0.644614331645166,2.54144821102978,1.49821435149963,1.51536640471405,1.03038016874335,1.17331353722671,1.10618298666228,1.57363495291722,0.154288143937533,3.93697468706997
3.64394004121679,2.29484063985685,22.1692100006465,26.2479109613264,-0.20891337003833,1.19836294604621,1,-0.101416137530049,1.27199354583099,0.609986022508651,0.700579763575457,1.06885342623236,0.84301448965118,0.633329648849125,0.924831790511746,0.837229919359408,0.570222920314138,1.19497908325044,1.02365950127012
5.4753572989459,2.70071370874355,16.1463270058972,18.3657083062892,0.940039655741875,0.0882416257794774,1,1.43484648990628,1.88577077191516,0.899024018063551,0.639798195034804,0.746629370181054,1.0845669808823,1.21524336110512,0.7694903365719,0.624503350285184,0.64631137959691,0.835423742933794,0.597276369685247
5.95873348299253,6.70883060656916,21.9465534942175,44.5355245311225,0.522400990714295,10.9823072096452,1,2.0571713768966,4.65454961981007,1.09309630664231,1.78399436337565,0.934114022138065,1.09541495654633,1.36340555773216,1.22629814983698,0.510568313599655,0.942408196352624,0.958400234101975,1.65837120656796
5.67958662283315,7.54268561006254,23.9656058451137,72.4212341843042,0.610798954253496,26.5662452074219,1,0.260085309160518,10.3398475579184,0.728614682445537,6.13729166527837,1.3812581232432,1.18064339983771,-16.9409482432926,1000,0.339552865816177,2.06551905627498,0.873218314111082,1.53851439706866
4.48439575958693,5.40847012386187,15.6671791895987,35.6771404528755,0.314331938480368,2.6163607275075,1,0.713821231733804,4.11894810804813,0.795670328722104,1.74141879370358,-17.2722426280853,999.999999999998,0.323196414787543,2.86982161845413,0.888390768785644,1.16595679551539,0.488506710989932,1.34634124602901
2.9408235377688,1.96116662050474,10.010179263766,13.8303501519406,0.552670128857941,3.57588524463708,1,0.599956659261274,2.82625949174604,-0.0957755772855112,2.16360458395266,0.576371843945926,0.706324061878545,0.570576259603988,0.638156092046849,0.706608376568265,0.948231542217728,0.862290442879415,0.910593532742246
4.06662892311548,2.04358027710798,13.1427974358702,12.1409130300778,0.540677180827026,1.6804001736618,1,0.418186536371626,1.33592602151688,0.855716865673375,0.55898483407762,0.970670043014505,0.767248720401253,0.557829560827024,0.395138563571999,0.454499543856693,0.415953565783142,0.7638576959536,0.502167097644315
2.4209525197779,0.805335039787685,6.02295862079796,4.06882004168181,0.677969714225172,0.658009407761062,1,-0.678185088257297,1.42157882617048,0.951390983806409,0.506201369713245,0.218853011867307,0.556182010787854,0.455373080704876,0.491231929765484,0.0740723240834403,0.601813084447046,0.783700316646031,0.469973230385728
4.74260462999364,5.40469039328288,28.161907755225,59.0354715737669,0.969671062073372,0.0950568288597837,1,-1.31196875503746,2.49698257764037,1.41183457411687,1.22255835027803,0.467887681419569,2.34719568213167,0.807696320985543,2.42835268061982,1.46574962945616,0.876644942940908,1.41720346827137,1.13842002768696
6.78557254042822,9.02423128282962,71.3643179019169,188.174826792933,0.983367153000914,0.057485271080403,1,-0.344672048261802,2.83922648748461,1.80974497249101,1.51388387986535,1.25024173725763,1.03396326722506,1.12410698096993,1.98546575931919,1.46476450479557,1.27431895345187,1.54195080506302,1.3166168712153
4.82509290831437,9.04473512367258,35.3506950927158,111.063215564838,0.226048253447932,10.8957341440955,1,-1.183083804637,3.76477119669134,0.564221600803223,1.38891184383591,1.45157327313118,1.81790463620976,0.738525012581347,1.36087368282296,1.47783227028605,2.16629099254304,0.952756634715323,2.56600344325822
4.9443262831878,3.20010656740316,33.428474923646,40.265364829161,0.772578939529741,0.468064113129094,1,-0.492589594414444,2.31402509632135,1.25115745178147,0.804920460174724,0.185169178239607,1.58546135527076,0.743792399662375,0.725360257702705,0.878218995867625,0.823401634691233,0.536391487899699,1.1417885399326
6.67496114602215,8.6995908723523,17.9034248838119,48.4293827395104,-0.0064804359509434,2.6886653362417,1,3.77660469354863,6.99130126232569,-16.6498425952341,999.999999999998,0.143708383807714,2.97839682255219,1.24847671218358,1.43225802371733,0.793514113441284,1.10565577767078,0.955253455536546,1.41702852858555
6.65364602256243,5.42755851169644,38.4476385053192,60.9531563384534,0.591803797353778,5.29611303036171,1,-2.01524928396641,3.32912536263587,1.42279350182493,0.97617159776441,0.642972881947107,0.842694733271488,-0.0274754624125517,1.45092954705006,1.66068563961104,0.954160979657116,0.63783736815315,1.16536349263941
7.29598739369564,12.7036381648353,43.5971181197705,166.034800807562,0.459747348133791,18.4994127347825,1,0.98719289444201,5.17523084058669,1.01936496800462,4.91833808801487,1.38397240048086,2.98394468991811,0.819345320782102,2.4979806530787,1.67842595603731,1.60892357466486,0.806389545777616,2.4654864283821
2.02692269948854,1.44225629169217,11.6140190585573,14.0522281784199,0.726115844199124,1.83489168702569,1,-1.2115772215873,1.90315832697758,0.752978719155355,0.554300314972164,0.204302750227526,1.43328901890598,-0.250336006062659,1.27684132932333,0.869838594622243,0.734553774756775,0.748998666727197,0.891502300084977
5.54372575644643,9.86972405895063,15.0911787767366,55.771265103656,0.989999978606022,0.0308433108276304,2,0.678040392761785,4.75952001055465,-0.206619391198374,4.28637652378878,0.682329546153801,1.36923421995382,0.600408772711235,2.03948856617,1.36797731368339,0.982491882682268,1.28693461342995,2.05641840387309
3.06586112935,2.9031395005652,19.9992545301491,31.3619377300355,-0.0906406250937718,2.58343436879152,1,-0.893422840793702,1.44910059024687,0.82708305102579,0.844801246374267,0.9616035076417,0.909340200006659,0.107063559735572,1.60412520735185,0.738267512338781,0.855691817476765,0.812181911264561,0.744376441875621
4.35164884546148,2.42097446302593,10.7730883737018,11.8394661628997,0.778539418891153,2.26803284881145,1,-1.26267389530537,4.57712818433321,0.681767439680552,0.706946146880363,0.303819035154705,1.19310966181943,1.26292761097077,0.452535189228883,1.00269365019452,0.624180579482115,0.26305736038147,0.770363554068726
3.60954590914328,2.70983970297071,15.0540281145701,18.2447350850015,-0.569873542489594,0.587935432796179,1,-1.13224238707727,1.78859266718081,0.461329768151019,0.777697438359603,1.30128272496858,0.593203955517195,0.911961690631306,0.812177515509272,1.58331639129795,0.802123005492681,1.1147641244485,0.649265064692889
6.91416037202762,16.4808033444869,34.9799132396207,157.278565741014,0.816191557848008,7.33973239897871,1,0.385071695518601,9.42187815414034,1.3855202418658,2.29568331012283,0.813567903434721,3.89532224486355,0.780607781913947,5.96312423076737,1.24351509410321,2.95765981986922,0.967911512513893,1.67475708986862
2.84301287733357,1.70372892252722,7.86028598298802,8.55892675863288,0.30672941394672,2.87485319556881,1,0.164849943709939,1.91572050363669,-17.2128585606314,1000,1.09419602507583,0.528095416987551,0.645640053254685,0.5160808694736,-0.270568255201246,1.27409797277706,0.790473890642682,0.681385533972939
7.22472607009489,8.23263463605689,25.0599292430919,60.2728820841344,0.254387782057052,3.23323987114207,1,0.522150261206709,1.09441449834005,0.665609402761893,1.29016086867345,0.769195558201867,1.11009284439301,1.13214142003997,1.34192872029119,1.14551942178369,1.33033048564189,-18.8513360334447,1000
4.43523752975279,3.06617393184684,27.6696079590793,38.8523283714248,0.296792346192833,4.05279570731174,1,0.132449042027986,1.99747379970806,0.871861039258474,1.24080228830294,1.05253244126068,1.14920262925192,0.60476664573705,0.986815572109673,0.830964452249604,0.768121365543804,0.393063385046028,0.743993395213256
6.18236885663653,4.70359700728719,27.7297365080004,40.6623957344849,0.556635106798777,4.94917692686213,1,2.18485487713804,4.1944445457329,1.09235189132879,0.886631256625977,0.752338531617083,0.668413332201311,1.72526152843116,1.12256035958923,1.34904912019726,0.879639259079603,1.24516142070089,0.742468554053189
5.3264502892192,3.9463208352001,15.8872278805404,24.5534726212834,0.530764686704834,2.96596060735141,1,0.875779317144882,1.92519845214766,0.827974837236219,1.04601589331612,0.540139455439547,1.18336063949075,0.690829897159061,0.773934437883362,0.525902339017854,0.905105583300825,0.410603614758918,1.14522648730949
130.317486252233,715.524885129604,15814.99052237,173864.681065535,-0.98999997854487,0.108678187544338,3,-17.5736255045792,105.305922107454,4.38476291762008,5.62663562728879,4.18150119290058,5.54488687839671,3.78840296808177,5.49027867978112,3.43566896167569,5.70764258148025,2.92895608081285,5.7812391886051
2.80191689650593,1.15706378193935,7.50651822947516,6.68956382203188,0.509775783194743,2.45848931881753,1,0.421314795801475,1.35140936260572,0.816522416662563,0.587702989915018,0.0947875958869675,0.739428765090105,0.674092747904226,0.628218382695327,0.615708277903096,0.605955616490939,0.283999283920365,0.711540795388376
3.65721437056969,3.79077062940129,18.6086360764366,32.7203826492089,0.634124626069795,3.73826334869231,1,-0.407366351260323,3.30064156896053,-0.635972194130042,0.995182215310361,1.36570908607659,0.775365538641149,0.894174327652055,0.919358903574159,0.492710941259107,1.72921545904597,-0.00751853197020249,1.28967576490251
4.98920228021534,3.2984579670846,21.2582570650487,27.8060952675214,0.551203752733274,3.89408311475096,1,0.18648705814477,2.17305599685364,0.708363397554165,0.321252197253086,0.857961553016939,0.796607672488775,0.991380265758996,0.725420302616555,-18.3739314219447,1000,1.67004114931487,0.732892705907971
4.48425104627806,6.52171091216106,22.694331180671,69.9388112488249,-0.66888574640379,1.15948637522273,1,0.266581395284473,1.52031533631999,0.611416274666869,1.1032064334213,1.35033938882297,1.64359183636932,0.723419140955227,2.1453082777354,0.932088729135145,1.55446245029715,0.741028567065063,1.55796000050554
5.31468871438671,3.82777310992596,16.5702555654021,23.6521088510177,0.899456237293493,0.632410965145349,1,1.57594755825757,3.14512099992879,-0.14011418013105,1.72221008549708,1.28492373110917,0.830596623827099,0.849240305278104,0.797533528672219,0.645910054328585,0.967617589949572,1.01742905750354,0.830917869654279
5.96979728982485,4.58648474782878,63.1052754230153,95.7240776141062,-0.0703989338167614,3.16016779384728,1,0.965436395181226,1.57234529740667,0.939897787619942,1.25268518911127,1.24097288180586,0.65453408110235,1.08360116121683,0.825031879103445,0.0676818113269658,1.30281069378062,0.825582816798906,1.67767573953794
3.29443161597344,2.76797453854703,20.3106404102321,33.4226751237721,0.309147177689881,8.81638592483671,1,0.600492659994627,2.09338064459629,1.26146175544938,0.794340508179366,0.396287755115837,2.28357102613016,0.745770039915886,0.886216254068785,-0.29141402259159,2.49911211610417,-0.0253247337822867,1.29022901302041
3.66314928376026,2.53109807197822,22.9436861793384,26.4445791196006,0.500372372352937,5.00214342424978,1,1.61140929685215,4.09393254703608,-12.2492883481937,999.999999992208,0.763677340451222,1.10459804142195,0.590603974440418,0.478189005602154,0.677261431259623,0.5425600802362,0.591221745925398,0.944541410795602
3.59278296807287,1.84946002636772,8.24402228454362,8.18530265720217,0.534018249672939,2.59442584005554,1,0.462909673926767,2.40510524536933,0.3444549891911,1.50078023177841,0.642902905995367,1.08550801280736,0.384100698886012,0.849426024754584,0.737819063559287,0.430148549042717,0.603665880485632,0.596532685233044
6.58510089304959,12.9644630489822,33.4613677352357,130.302221562556,-0.158194248357479,3.16762645374467,1,-0.899874340861197,3.49069963831533,1.2689223610178,1.78991600616456,0.647878261703792,1.67891185943314,0.91505978616637,1.62603684384252,0.918978999996631,1.84441718822467,0.89181819958899,2.29824654196463
3.06014936571823,1.27649232001006,6.76617080614767,6.44044388401614,-0.0803249444695248,1.85257627860715,1,0.245051647019991,1.26357590863301,0.745289840139469,0.395539629492476,0.0590290766275284,0.895249956352356,-0.105986243179054,0.945004035736827,0.707516348991709,0.858363657960296,0.315106822658701,0.77745927582207
4.53584994185568,2.0646341521201,8.64668812655124,8.58857081123417,0.975344015037177,0.0347511022758558,1,1.1377452864089,2.10399036913672,-0.557456963782355,1.15900325694556,1.4107033090709,0.444307373924383,0.817360782216131,0.634826681258112,1.14436566870147,0.7001551409835,0.952091011351955,0.55805328581018
27.7655905656915,189.314424112172,629.38022337418,8528.13253926374,0.486793209117286,33.7760302656614,1,2.3740869277716,24.282511422487,2.29838881706183,6.59793711669986,2.35174741980827,6.85272628459493,2.56071033227816,7.21394155760691,-18.5337402749953,1000,1.94263747907253,7.47383849675763
3.91622980556094,2.29828591643042,9.68185943093694,11.6485238099693,0.868783027521187,0.637823320092576,1,-0.657827795937012,3.48041591598261,0.384663836679704,0.974939106408301,0.523468642889022,0.99045423826364,1.04982314555701,0.688497616064587,0.406530841396428,0.800749485489605,0.394868457112102,0.837131321406015
17.8798207504747,25.1775186140555,136.118863715666,380.853053976755,0.0419924948921388,8.67940105855329,1,-0.731045959773927,4.00172984473175,2.26851850976402,1.23776840271689,1.44440412351159,1.29706313962344,2.04351882754974,1.84581961020586,2.11169432005622,1.52179046725983,1.77871128954169,1.59702973182019
4.46966424088506,4.2962668373312,20.9887761552515,39.8990510131495,-0.12596709527407,3.44523781188983,1,-2.86212238215106,4.02764146414452,1.35942151501962,0.948253245196831,1.52261807730808,1.0467326237808,0.763110628937216,1.43163603769751,0.768608835606235,1.35534605781444,0.548487156019313,0.584685647813475
4.18363501302405,4.04177694449792,19.6212657447853,34.6350972376316,-0.0814191649647871,2.15110441568918,1,-0.230251207073355,4.65224263149601,1.10762646915021,0.961814485538273,1.156490241164,0.965647123859545,1.29158894151472,1.03811568874166,0.832148092106221,0.884850145936429,0.497257838745144,1.0309493394011
8.66034454017322,6.04427055983179,73.383980608377,106.823258788034,0.415565179036069,8.35130918184627,1,0.278075484909303,2.50504839941309,1.14210091419821,0.886531571894142,2.04707015694771,0.787548163387218,1.44339857088293,1.12979720670799,1.72928827568909,0.988730177704808,1.49180018995961,0.973321163917975
2.36362667912673,1.1296360679997,10.1141449045853,8.66794633583969,0.895393897905871,0.414486026666055,1,0.352120038740165,2.04604188468007,0.682451611495733,0.627220695942771,1.05649612071184,0.534535639037577,-0.097565536288899,0.873622399506591,0.58761009228975,0.573097057864213,0.600155024476781,0.26437743420555
2.10424673655636,1.04944987036533,8.85260476582667,9.21860175815047,0.632548251059711,1.00357491067921,1,-0.567538229335838,1.41156988431614,0.63175351850372,0.970941750427941,0.395414626964572,0.664743485138585,0.553246493657319,1.10173422169847,0.909414888424306,0.805574848540842,0.562254189190072,0.597884722571363
2.88653843405487,1.07270292318655,7.77806151271592,5.79377760907901,0.525621570638978,2.8404326429648,1,0.407117690470375,1.93446041956841,-0.234663395126262,1.67016749028184,0.315475390568839,0.973270420270732,1.13358234362653,0.517140917154162,0.994835165686982,0.341685853306723,0.680241958007382,0.442733459070605
3.84030272225217,2.36255406551844,36.7930618252738,39.1160005417816,0.48791885156478,6.87654093570983,1,0.244405461194029,3.95596729434305,0.0619184230247202,2.96172537420193,0.850580422605643,2.55544939697302,0.610254174618635,1.23439687521212,0.991164836036827,1.05318756343948,1.17534863856486,1.06864186869046
7.66551383249578,10.7521775565611,58.9721824347371,161.056988451199,0.874750771016031,0.728519913451743,1,3.45763880077743,6.18249441366642,1.5962524393631,1.56127670349665,1.32473872989972,0.912068165596067,0.91366114989662,1.4745462715024,1.20047341144233,1.59457094688143,0.308731558432606,2.21553168657844
4.64855587039546,2.2139223674535,12.2963592847715,15.2854240844436,0.462457020050461,2.2348329628824,1,-1.55259665907007,2.13521460043782,0.706156035030611,0.420561283517645,1.20061892824182,0.654254185485443,0.721088366776386,0.899945325419118,0.267678556679754,0.843596266684844,0.889019345021261,0.695474138878813
4.11695507062994,1.73635140585538,11.7828986453911,9.81968288648756,0.784191228171175,0.628125461309726,1,-1.39381536157136,3.61724991166325,0.842961111990992,1.19020995054755,1.18460639802896,0.673525355803776,-0.142690918630562,0.438065191334409,0.604042920398788,0.590380984921361,0.885731636579203,0.542737269267574
4.79187593217276,2.54198718751619,24.8421605602218,26.6563636467327,0.482761502135278,4.64132039939923,1,-0.223887640280236,1.70850355972533,1.18773359041414,0.563519783303962,-0.576900491777145,1.51260056352544,0.271214552632916,1.09191174842986,1.05087640312387,0.716064449804351,1.40140707147825,0.662888587149524
7.10698089891183,11.0990396015093,48.8473050235278,152.90892896459,0.675460452309911,8.01373461369984,1,3.83021522296689,10.2072605334659,-16.3288693199555,999.999999999951,-0.00136024020482862,1.5574889267722,1.09386768059797,2.42394428049567,1.21450253436738,1.29328003621427,-0.122436379807403,1.8863969944995
4.51101530328898,3.76366811813468,40.4609983260428,69.6373597455361,-0.0873921164953832,1.79711562201063,1,-0.764780160936968,2.572145805664,0.480496155456445,1.56749013776771,1.5693966656921,0.695401923760697,0.88586616499369,1.32357101760955,1.28778377164411,1.07626518993584,0.522885265761476,1.31228340301981
4.1945156450815,4.31984300407683,26.2508856574964,63.6535155217237,-0.592517244007218,0.825822054670703,1,1.12015602681031,4.66218100640695,1.06459936966129,2.31620843688687,0.877611166502675,1.50034091090997,0.799872148198093,1.06377536351686,1.04479308731936,1.39709558864477,-0.0764609891326759,2.18149265293273
6.18770365111506,4.47169459602665,79.423813144269,110.772513986218,0.542815917627144,5.05749976441571,1,-1.75531150559403,4.70616257995978,1.67247171116712,0.91049419887322,0.359830840403499,2.53711997120279,0.796603554868222,2.78739225605496,0.226762214122653,1.93555642569832,1.54298425103558,0.928274635719288
7.96699973394862,7.11510090822196,115.9109882311,202.386700592005,0.720049432583946,4.41768729104673,1,3.31939899092767,3.8714921133592,0.491915849318046,1.20548478279712,2.16015105373683,1.18636752363866,0.355225733310788,1.53118701716444,1.13667858415433,0.795852233289114,2.25847006723112,1.01136608559364
4.47219332420474,4.88066013135458,12.7443596148472,30.6575491359172,-0.259268194836829,1.51216676670433,1,0.850861479787057,1.9673079248394,-0.172311675632822,1.0343470289035,1.03032061782979,1.45585137376209,1.39763666273857,1.01780402433422,-0.115348846863541,0.91484611818985,0.588909998364063,1.38613022191846
3.18784836109001,1.48702593306527,15.6541786216601,16.4422834363718,0.511972485150839,2.54802837336693,1,-1.74156674027752,2.92047268929612,1.09412447215066,0.703693301863933,0.785610560273928,0.778765162466128,0.66305048497996,0.726393245998622,0.974099010884577,0.637485681930293,0.973451085910004,0.664371358365535
18.1470127122963,192.886082323756,296.995725508917,6294.03867923151,0.699209492971522,600.741480353244,1,10.6079264771737,125.048544978712,-16.038850323443,999.999999999966,1.13415744066375,114.012493464773,1.13760310591768,19.0967787165909,1.15481500844125,93.2871847182182,1.06722575337813,34.9799335134828
15.4890275788578,33.6141492082297,199.389141931475,872.881059521081,0.933645819686841,0.565118989457877,1,1.53679614664692,5.16426453789834,1.26324742413304,3.19853337501628,1.94321871786588,2.04480427758357,2.4307106708121,2.33448357705981,1.21615609146185,2.13725197210197,2.47825676371877,2.33322349511675
43.7404773277608,423.777466033658,2314.40847706976,44206.0588201211,-0.971618056268291,0.499750416348764,3,-5.22596445503343,43.1130820740462,2.76232570528905,9.37937987225859,3.48996446618525,9.78049077403201,-98.6375245012161,1000,3.2178748090197,9.39047049136836,2.88819261971672,9.39453978693426
3.95699397442175,3.13997128464542,26.2462810991931,39.5513245321075,0.497502431510412,5.60666779923778,1,-0.0807784364786868,1.50015649666146,1.43231750510541,0.770481991322379,0.470118963868662,0.992929999251355,0.51242576263719,1.17202491883219,1.39409419909123,0.84250534799204,-0.455020467020589,1.80184272103929
10.420504958658,17.2008760100803,85.1219450093445,280.097395152521,-0.696850333574585,1.22384455321867,1,1.18079445092983,5.06773197521023,1.48746870884747,1.71221771641298,1.48649944395821,1.66844481918474,1.89260144264638,1.74719399791908,1.6332019354496,1.46015775163328,1.82372408822724,1.73292015514349
4.702084549389,3.19819915511959,17.3978336368564,20.0004536513618,0.0672268988859261,2.06249772280096,1,-0.638020304995219,1.66703617932129,0.802840842811099,0.436782833122517,1.04237690195543,0.966327659750158,1.43877223054897,0.688112858062959,0.545826259954106,0.687861336729644,0.972181788774512,0.787371499714635
3.54111561572692,1.8626782988199,13.8588534921454,15.0419860830704,0.93510664976294,0.0933267738037263,1,-1.24842078511906,1.81522692446565,1.24789876659491,0.578597881241828,0.872197017227186,0.744819926479398,0.688449986408833,0.594126053037176,0.750999713376193,0.736983423793727,1.10563872374681,0.662152826950317
4.92127844497861,3.23617879857662,22.2742344417461,30.4276401553308,-0.226916896942358,1.93091647969534,1,1.04511447407449,1.51671791942153,0.717257046809464,0.569519853844551,1.10891301804115,0.730823939067056,0.769480339175244,0.813245679927025,0.105895109250424,1.43620438852205,0.861900238801188,0.989649684203658
4.9002175211585,3.03870524173728,10.7786309355052,14.0908057044239,0.379858825641533,4.88863298216505,1,1.53484717214428,3.41759026201193,0.746550110240826,0.674717871532888,0.344950505068912,0.746366172232982,1.31400417205282,1.04212797535511,0.0437487223625459,1.05733215734596,1.0475984349833,0.709196710168044
3.99345030573625,1.99570371245591,11.1236771730047,11.5771170971017,0.971635889566713,0.0391861006098464,1,1.54673091001638,2.71524147922834,-16.8551273392076,1000,0.90751805137903,0.757489165965955,0.77067349224312,0.587663383286322,0.988746332114225,0.800873859992266,0.25542238494806,0.523110976312754
12.0841516497772,39.0465083037042,56.3992430140663,357.110631203501,0.620668833019,20.6368350989104,1,5.1078709777868,18.4210166983982,0.138106774404908,3.11890013875765,1.67075502591741,3.86510958899486,0.770058135584271,3.86641127977559,1.56211416821331,3.20657066355475,1.4289582451379,3.41558344608933
4.17380826542813,4.8422115357696,17.0447805804216,38.0599629583646,-0.533910748001524,1.19232861985229,1,0.0265698397083478,1.27538192096009,0.383513224313146,1.35411232115134,0.761405679288667,1.24645388292253,1.1914300324173,1.13374773927374,0.859505695466657,1.02606536805672,0.196984921557793,1.46909186235417
5.21125007925728,2.7942951650802,12.7070312643602,14.2133465007943,0.348470922539804,3.15487297976097,1,-0.748636259431494,2.59304894737641,0.994118632200623,0.958983867209368,1.53305033851771,0.589435522971758,0.868239253295057,0.710719741842385,0.558681731682307,0.791867067425202,0.498867538406953,0.748983288230997
33.538799965246,528.239292007204,640.310180084017,20113.158409662,0.680087026207564,92.5473029717918,1,23.6190345214329,370.534378334713,1.40915837263458,9.10639402234352,2.13276871841054,20.2601744364359,1.38156921512202,15.1732749307387,3.03159889820551,16.2138287913224,1.96940579946032,15.6802189937381
4.57026836510067,3.2166029767431,21.4636927582924,31.4389164184418,-0.333779301223036,0.918735824365088,1,-0.824902923164544,3.76971095746638,0.536708325420063,1.55036745929993,1.1613558667832,1.27218128693691,1.29073032042431,1.17954997375315,-15.0716454400502,999.999999999991,1.50426020086481,0.710086172702424
7.12825836409288,8.67963671553309,108.827249107532,238.445620830106,0.568588360220166,13.1649435466969,1,-0.241741259107642,4.92008018945949,-0.329908081016526,1.58650229886997,1.40062872957954,1.06627185129522,0.987707280121399,1.31441031322703,1.5836246286881,1.29915116697144,0.984204275662015,1.52362538370685
10.06630050824,9.74478115402513,82.3421466629453,164.465971866318,0.42361049207238,10.577974220492,1,-0.213107308313963,10.3817159147382,0.747947810082817,4.54885120832464,1.38376749296165,1.05426405132525,1.86437982033893,0.897124856662204,1.2965482168917,0.755445925330335,2.52394498369711,1.13222305586835
5.96961174100206,5.50554297515236,25.6740228355414,55.4488487065798,0.340163860755845,9.27157062353954,1,0.584590424042803,3.65126296217048,0.887141300423119,1.47193069873189,0.774279172379163,1.20176353540654,0.193210388702588,3.22109215787289,0.998941953082915,0.864458927638315,1.06640068853562,1.52534685355411
7.21473647333278,13.0750926703491,84.2752467629403,315.93726780319,-0.865408255214667,0.486707265948834,1,0.0661055065214425,7.71004237297881,1.51204014878664,2.29773090742762,1.42717855381926,1.64609885863823,1.69423655211624,1.99532793835032,1.56619006390713,1.80338111328015,1.44838643492646,2.11010389982571
3.93229766641625,1.49169580620687,18.583551553586,14.0961351279567,0.607174507062229,2.13835161353447,1,0.0247826834038365,2.35218669115864,0.453693542239927,0.404089661398133,0.692532082356816,0.325745528300128,0.906163995725785,0.667446754399487,0.837428140781948,0.572158876792653,1.34715852907899,0.485450014755849
4.58932616820795,3.21781494378097,36.2444189754811,55.1939969768227,0.366291963030234,2.88930355016714,1,-0.978431479700018,3.00142917587843,1.32740805910832,0.90194597444737,0.301561312717269,1.49577469672736,1.30697179213023,1.14409505510326,0.863325901501057,0.921159156286922,0.696964800685336,0.762983421888431
5.42665560971162,3.23048719727205,16.0665954135267,20.3436136535945,0.670296211443701,2.30722086800815,1,-0.096621732387211,1.19218433280302,0.772991746404429,0.4982937161029,0.642430631679602,0.946590665218755,1.01128848641969,0.756421239724744,0.859693076390906,0.649901077649555,1.03894736043355,0.86772613859891
30.647075073248,118.129118174297,991.594572472113,7713.97320296889,-0.960138144578493,0.335205396009676,1,1.70409888171903,16.0283311271367,2.05278166548633,4.41607861830703,2.98491987668682,3.72226351270272,2.86156334458227,4.26219891194502,2.42848241134093,4.00137584461489,2.73527153197506,3.81071019203192
4.7622822031037,3.80061787698732,23.2274015503165,39.089990007956,0.448651020087751,4.40912373745507,1,0.343519191677284,2.71967572706947,0.690874084008074,1.55303499900862,1.13877927836053,0.706574424458687,1.72511221917598,0.820997145409457,0.013770598412914,1.31150573058413,1.12380359194652,1.19343933957743
3.81235486275266,1.74525839892491,13.7362673386955,12.2567239699725,0.910184370181885,0.159781594404297,1,-1.72921374629785,1.76314827836804,1.24690680198119,0.451680345225979,0.838409857322129,0.401159217296246,0.662643029930718,0.654075520643154,0.619976442428096,0.914848104879899,0.736061704013132,0.664119240470528
8.7229761857697,11.6271561536095,80.2945566111832,211.646912805271,0.989999938222298,0.0453450730152607,2,-3.79788477784631,7.97386843996133,2.5530819515257,1.59257127649158,2.18973866273456,1.3400482648812,1.59782396007667,1.67373581572659,1.73742059907726,1.06363454061648,1.50545167103498,1.6815679856788
3.10802823566503,2.50878790210428,18.9838891188273,30.2743172695167,0.345582095819444,3.90987706121642,1,1.0993387963061,1.59526519875278,0.372064861810109,2.95580791336499,0.582003645279761,2.13755191703366,0.123752379279138,1.2255316485505,0.978830462488274,0.811998400342743,1.22291520279984,1.02871943229984
3.97610493127487,2.26772326619993,14.3977585624996,18.0904154599961,0.782656271373884,0.73013448711753,1,-1.39792629648582,3.26187639650062,0.743470310521856,0.38915506607089,0.625704559294337,1.97477539617221,0.619772976244132,0.602833101466038,0.680251813560477,0.733102590275617,0.280669196910126,0.476233282669969
5.91898918499539,3.81595779451201,28.0923796638279,40.3574711476469,-0.0684857480276092,2.85309679827421,1,0.526405631124372,2.33540344372783,0.649951203319594,1.16586730571661,1.36108025464531,0.830848263603853,1.68549636690242,0.824977558206965,1.44167155458498,0.964759194650728,1.05217012798288,1.02454477642511
5.36704070893642,3.80480146348031,34.7393615162173,46.8453281526754,0.27702973537006,2.5826942435391,1,-1.96543920640967,5.07385572375015,1.55568373743681,1.10827050853578,0.831205925420476,0.714825598326304,0.663818626339244,0.807486529938486,0.422532290689801,1.75626610381239,0.964683813568782,1.22841141606507
9.51926693538855,11.6350773307193,74.1543065275086,177.254502392501,0.956884180692964,0.242646580193466,1,3.22191944157546,6.19158089781347,1.38701252389675,1.43943482194053,1.83741338095531,1.25384286427166,1.64470431918249,1.34987300749331,1.36464764566199,1.18792610231741,1.24716490860409,1.16168521712399
7.35553527831321,12.3694369229929,39.9984794831807,137.675494845482,0.586979667873328,32.1637883486219,1,-4.01094422903458,16.2799678354112,1.58509234541008,3.08995000557788,0.622419175136129,3.04474543455457,1.26705246679157,1.66439593329299,0.250401317654707,0.794621151290392,1.26212182158037,1.48251795952901
5.34704024336946,3.13499382990606,31.0731747913068,37.5866193484719,0.0299085508431184,1.75155792659333,1,0.65285447254848,1.54352943739001,0.751163222057904,0.632624271380846,0.502517581482907,0.97549213490332,0.227444423451492,0.692347177179228,0.780152785057117,1.05112098859712,0.525598365238451,1.38743870955506
6.01568839057314,4.34136489216742,39.3701126461505,62.8614141434611,0.632013372530558,7.18044127970411,1,-1.05824065241229,2.78993061084065,1.70400998049518,0.824369411599856,1.22418332251073,0.87803724432511,1.81900907143529,0.665259619855917,0.218281206021298,1.2854420412505,-17.4273800983588,1000
74.5849613348738,762.236824624857,3608.7958628661,74087.8810343747,-0.971664266218789,0.627726535931894,1,19.9076815330397,206.564374880738,2.79967353650512,10.5878022552374,2.75643286667736,10.3559115261608,3.65102521070966,10.1837017811207,3.46739463023953,10.0970204116602,4.07729133646694,10.4639643980169
5.65017887267023,2.65874573665895,17.9932550759468,16.3660529994199,0.494792388137586,3.74888499499549,1,2.19599979319325,3.99736824382404,1.01210189905535,1.08435977604223,1.0031594500726,0.803918194457663,0.105711262848138,0.804692855981283,1.02824612329285,0.432537677870908,1.26879169892768,0.540879659460675
3.89141089856044,1.75746290949572,7.64839009903008,7.06291558337521,0.513899587373307,1.86939184764676,1,-2.17424707824743,1.85341596263676,1.1054719119545,0.483896415012922,0.981457071418168,0.636727825532084,0.782109032335847,0.487171548196604,0.749680346348936,1.18507605966367,0.980762647870307,1.02463759281873
4.87933568418251,2.41333854303281,19.0673571599093,18.4679825032094,-0.00559280199155298,0.741066570264298,1,1.4153523543345,1.66410849930361,1.28385087026858,1.13805434754334,0.927988840870906,1.50023427371949,0.916805220125838,0.48251347381934,1.04411217311412,0.713843633982757,0.666267883782214,0.473269628505885
4.86764531656905,2.06907512727384,16.5147121808227,15.1001614986777,0.180248450970215,1.75823888243302,1,-0.665381696632588,1.14985598542622,1.095677465441,0.465298859847109,0.14576177334983,0.549252614488642,0.935737620727805,0.385745495048759,1.26016781395666,0.562884967507003,0.726407763473302,0.652780057796863
4.16313500951635,4.45021084449376,53.6031781691186,87.049858797869,0.477666044099063,9.76978352892933,1,-0.906828673074089,4.21043957247857,0.918570295569548,0.883009546760291,0.905085322884818,1.8408444051094,0.109823970268519,2.99956129637964,1.07107278874859,1.14426349281225,1.21718652139438,0.932626137329642
4.08571588836049,1.96863563129298,15.8530444049627,14.9102873156182,0.687947424141521,0.801299009498766,1,-1.70711995524033,1.55736389534611,1.14051946028606,0.603374360408398,0.712412056772279,0.940646066251566,0.985263997688346,0.599647306343252,1.00764601920464,0.318855158312388,0.85796267035514,0.769821895172792
3.56471851445478,3.1262595368882,11.0733445938354,17.8702085676992,0.271732951419507,3.00742602930049,1,-0.586208000357835,2.56096585343756,1.09297478840886,1.61972338686158,0.790054276065436,1.67376602980287,0.441394320227198,0.669232365648499,0.861861692125595,0.874893169396764,-0.452484669676502,3.80585792145375
3.5369510179425,1.58469869962991,11.5128831634043,10.8049013145906,0.36705961712127,1.72090063666112,1,0.0083462288420612,1.64205171102216,0.39689775984792,0.710908463502665,0.18547731160353,1.15195299462622,1.1949767452234,0.528845893368094,0.393379372486104,0.604594572097163,-0.10154525828777,0.719101023113297
4.07718102171092,1.83658784830558,20.0966419010552,18.5089116690354,-0.388489278870619,0.671817450509324,1,0.182058232283457,1.14789157669134,0.481728078467889,0.606256605096261,1.14677108970666,0.841335540586257,0.731731646249306,0.534647408964303,0.443683382431237,0.923281461005146,0.802626164150933,0.608225943395771
4.69505719993048,2.72479829884028,32.2527337749107,39.3445399401497,0.458822417331094,3.01584651133692,1,-0.950146021702862,3.29699466487837,1.30080021708809,0.852203750402378,0.970802643618851,0.942353263933734,1.51379417427499,0.636920067478269,1.09214147597347,0.852005929973572,0.529199845656279,0.879407085939094
5.97257326091263,4.82314179971208,25.5632070468771,42.4982669170173,-0.452121155067162,0.823921016020376,1,1.0160333748206,4.84102730360158,1.53286990085416,1.1626840973521,0.766909187489326,1.04025347407743,-0.482416236723064,1.58357456181735,1.09624474986921,0.820215166845908,1.14278006957825,1.08394030258947
4.75462340384426,4.06284527140269,28.8728813337962,46.9063110735256,0.608236035094323,3.97496011071529,1,-0.449695545704395,3.727848995968,-17.2823759048765,1000,1.59181893099855,0.902082100158982,0.0998566351172151,1.40006689525161,0.467711350013255,1.27742339598047,0.874453659203268,0.689772014571438
4.63591425315152,3.31281795709648,28.9515532026814,40.5878646505582,0.491038107613338,2.31678034441999,1,-0.730272430526511,1.832400449189,1.13474630193112,0.90124141693689,0.652926253299509,0.681905404477434,-0.324264865393586,1.40861421467575,1.14227212102666,1.17631148925134,0.967621724017332,0.97090185944353
2.53620149575603,0.5974347065053,5.94953447298765,3.266000654862,0.401341081152711,1.29241123442612,1,-0.00398157790877572,0.953793197780411,0.722331930313939,0.29473463634968,0.554814758395247,0.746883511816637,0.479637131500062,0.459511083930945,0.622629572270194,0.319851665170908,0.468565583941953,0.564005326019126
3.04537591877227,2.49102768307271,5.66106219333841,8.55619255288959,0.471259285578867,3.38157332407869,1,-0.579463192341708,1.82514850975528,0.130383772974424,1.65649309808458,0.790188594788617,0.557960671817635,0.685806092640017,1.05457278136797,-0.577203803310517,1.26667564757311,-0.16741446523972,0.913598926285511
2.79658465547616,1.57371995247915,6.51204731031971,6.873722323553,0.924507096549619,0.135050494663691,1,-1.09740010621815,1.74103656318484,0.946231187667099,0.508604093107897,0.567684622224736,0.723558687006324,-0.209673304841585,0.819659510384587,0.734411722418528,0.883542335551319,0.725839414379158,0.641132044467677
4.22743569880386,3.16510507078945,32.0507420092509,50.0913996131542,0.376743524550131,5.46565464301092,1,-0.817770144590601,3.30270970340515,1.1177055495956,0.977117163917884,0.611973471843376,1.5145670254847,0.86161590723267,1.23919830361545,0.785305058308467,0.887466633805739,1.74971531582823,0.912785688806766
16.3556086324055,41.0850599521944,76.0887816350304,376.591363377453,0.450517420338973,34.2397254888943,1,9.48033562470957,27.3485805718594,-21.054343967199,1000,1.1708224735632,5.42939336453743,0.724220894368031,11.41039826979,2.31583844212909,2.49362990194466,1.73571794355015,2.6707367952002
5.22952826345637,3.56334824399018,27.5628644534577,47.7076811382343,0.51228636949739,4.83887178302333,1,2.97639407593972,6.24183428869295,0.934323220002478,1.92671397780843,1.13891504341085,1.03641832750771,1.57127657476117,0.923794884070168,1.16614364618642,1.13701961267429,0.433742794298105,1.39588755184561
2.56924835843247,1.04560174976033,8.91757209608779,8.41056707756229,0.627354474341633,3.51345152145241,1,1.58233585380868,1.64196699279226,0.154813491797103,0.881756263522161,0.579461308902358,1.07559853077394,0.735124582920248,0.577920927408741,0.945780159348898,0.570700717563281,0.116969502162887,0.695657086683613
2.518249689221,1.15741921096433,6.49855224221199,6.32191046289855,0.691703343466384,1.38765404028777,1,0.0305211186001286,1.21775768755588,0.642774006329102,0.826358082613473,0.417481667731065,0.421948399854061,0.781462667952443,0.491434571012296,0.455445897416075,0.740816928440063,0.0374802609615763,0.694206239464416
2.83432822125491,1.21237448085641,4.97131180896836,4.34022120338086,0.903302315362085,0.342226037249492,1,-0.0662048177737591,3.91795272504353,-0.00739265238346185,1.79296285811724,-0.478879632446214,2.46252872455773,1.01385444218194,0.466547142924277,0.483355171150453,0.375782795323306,-0.207671249088579,0.643763622376162
675.990789549363,726.617394504076,421915.508512762,908123.939386447,0.83783922543422,153.298658522987,3,-0.796717993755704,385.190869606398,5.87134346735082,1.3870955895189,5.09609660792388,1.40717833862455,5.06345927721181,1.42511127018707,5.84356156142145,1.2239220452562,5.83342643313341,1.26124124818874
14.0561654391607,128.529317780321,265.592822982595,4816.73882218954,-0.145235888971605,30.0068500157583,1,-0.00700804507870001,14.1012712879335,1.16342283751456,40.7498265446884,1.9202192925947,20.5205980302877,1.95026979087129,8.8742874525052,1.61974872745516,9.58949044817592,0.86005332574924,9.25284783710043
6.70851712136338,7.13664428130979,19.9061657610631,40.373911951217,0.420869446898349,3.86469074697633,1,0.267734759710996,1.15981134395596,1.084236389487,1.55311386082804,1.28076832651394,1.20042781933255,0.782810655680668,1.10750368217426,1.43537093000726,0.974510607078242,1.36622709301166,0.943273505798716
6.34119810598081,10.1213109297764,32.0155206489742,109.527821546287,0.533517329825719,8.73221469433837,1,1.86930623347158,4.52155170635031,0.262100635963584,3.10604380879955,0.549173058250682,1.38193649687014,1.53230399221674,1.9650449608979,1.31328963336096,1.60297138498104,1.07348860407896,1.85618932852673
3.67852556295493,1.79794503923421,16.948258004493,14.8489542137281,0.264926036766721,2.22562341286668,1,0.407060523804949,1.13009971218126,0.401532292427254,0.420940115897764,0.548760691329423,0.697960867453367,0.529089731242972,0.572276251646882,0.546856234467027,0.682832794405399,1.25146734461788,0.616364803978404
3.30259931162014,3.36054041312453,7.41209157148093,14.9968974879426,-0.017028501317768,5.08827279679749,1,0.47848646099884,1.37356708532163,0.307741286320317,1.05681657940915,0.431749376326116,1.24979026652146,-0.718741485786938,1.97152986808959,0.94444922286793,1.0668288123141,-0.081042622657953,1.10254422307456
8.05813009923983,6.78216829621039,44.145478484374,80.4295877477619,0.63605211436056,4.87080407124405,1,-0.523850319011645,10.1982350249617,1.82908978763426,1.15556137296145,1.02862809550982,1.86792226367022,0.415075065564902,1.3926580348112,1.26879940857299,1.13788209774846,0.899483031251115,0.983976200229311
3.67962302329893,1.1383358852277,9.12696750936441,5.44762761715416,0.295075869899219,2.43790874093085,1,-0.293086929575234,1.00270523718245,0.407519490030214,0.480587313986834,0.754451079401122,0.451610611457918,0.251974325355321,0.568057355936071,0.784504548677708,0.44108503768604,0.572096630896903,0.458300691669303
5.86114452776845,9.53519088437525,38.3065710219788,128.695927658118,0.598304531551422,4.03335364488649,1,0.83659294339308,3.9574676441713,0.919736926593879,3.71693608528419,0.526577044133081,0.818090474581335,0.305296329382637,1.4293921733187,1.5207182189487,1.53805685189568,1.28454114677987,1.7361324309149
445.522108152891,611.541277615461,340341.453520349,923197.125651953,0.425972026610318,296.416388546044,3,-87.4260634554238,240.640676450412,4.64767637748252,1.7020337656096,5.52991177328403,2.9237820869543,5.15968718602552,4.21726447006901,5.65107781772336,1.51389197861047,5.24213885421535,1.6611850704868
3.79455085142064,4.01604315137083,19.9419992620442,39.4443382218895,0.834751318306025,1.68909473619607,1,-3.75825915976477,4.47312667991006,1.29466143605138,1.1319239768798,0.876363264184225,1.04607598166181,1.02871385533565,0.947144264973413,0.778379508053842,0.905276294412969,-0.842077584983031,1.17289981515783
6.13713561145426,8.86027611531462,41.2265923099889,116.831628990388,-0.625319769539716,0.968891513492032,1,0.476384432251535,3.34290689728008,1.21556116541315,1.43105917128549,1.0195549398818,1.77871852734066,1.71454052084426,1.36560549924096,-17.088721155215,1000,1.01394740485669,1.57658117332491
5.76502848249844,3.4104645568254,15.8899992202136,21.7143084953297,0.39238505045951,5.34332117586306,1,0.600809108460737,1.57966263433153,0.996589237555694,0.699762062353367,0.547433459778792,0.902632351521954,0.86774497280244,0.848573582638668,0.750361058084036,0.504434489406471,1.44883537447927,0.886325866666281
5.6172911780496,15.4966569068945,14.972803157048,83.1484233313221,0.0761898990253081,6.894030713112,1,2.43430106579022,9.30382679185579,1.05116604549936,3.00731084121524,-0.126823395937197,6.82917283823807,1.10596956116344,2.8394520636334,0.45136081654592,2.5589225571551,1.08783418301635,2.8258278776688
3.20876518552928,1.45454204575303,8.26557363652547,7.22968131229512,0.134330336876773,2.01940050799809,1,0.536832457383939,1.07196362841397,0.833736762201575,0.484025836007934,0.569890822358116,0.560348203433707,0.328524024064461,0.584678166571032,0.54603494484818,0.613074100004751,0.378437834894938,0.506860370583614
7.04547693763491,6.61990070476413,28.7480606010302,53.8736400439899,0.519766220127839,6.38865036591365,1,1.26645660815537,4.98367369191591,1.11147654613702,1.07082440186433,1.0901824961134,0.617314655554619,0.705395800097604,1.97083826518575,0.941625610721125,1.33951303473662,-18.1818235328738,1000
4.05939380167488,2.77501000108621,12.9812092080143,18.3467111367905,-0.234315086140467,1.0654957335297,1,-0.325511255806716,0.799623984668475,0.0994107361181443,1.42599202891306,1.1618504825388,0.994144310723314,0.307152286920281,0.984833277391718,0.587752140032636,0.996829556512701,0.252759742781653,1.09976634334625
6.02070749648634,5.18446686593612,59.1758981407597,95.8301185137304,-0.322523432540288,0.595132332881469,1,0.288780694934331,1.51464015401403,0.433020984699481,1.48825342174427,1.35723942808508,0.745372375335829,0.730492978530199,0.772482763959314,1.57600821484577,0.903712054297255,1.33881420802265,0.998761750895202
10.0709056831826,8.14383359795641,83.6644797770322,136.747310520585,0.491284998300182,4.38024994240383,1,0.464594983253652,2.91750500386773,1.63508991386,0.473527813562728,1.58651272349659,1.2106110654119,1.55761240070144,0.857760769273092,1.57815275723122,0.926730959069336,1.39391952812837,1.0129507101037
4.20356958075583,3.40788826120884,12.2364518361113,21.7680155228921,0.737651292868054,1.12419758056053,1,0.473651875672215,1.78264267622925,0.857744776066787,1.40570407094042,-0.446386319702734,2.13342814686294,0.496751061476511,1.13636162307758,0.203782468527969,1.72735968332914,0.591145692318752,1.24209488725841
8.83401752701216,10.2966269438332,90.2162348841291,209.150920250442,0.387321785285127,6.36020697971199,1,0.0925723828108643,2.37148975995253,1.28299926434868,1.26006209742773,1.1235297955006,1.32585232767735,1.71139508366558,1.52500324041646,1.35956589532615,1.43369279742297,1.29206330867403,0.712870803179831
4.76958925901813,1.91762503014456,12.6224179912519,12.6904689845981,0.309198343479575,2.47334885512308,1,2.81529097094277,2.31506458981784,-19.3274846047409,1000,0.99171093722595,0.859783183591601,0.743699718877741,0.791543398445969,0.329747978645236,1.19906470850648,1.08004254681972,0.846676388437161
5.96255099574367,10.0288716795573,45.4861055618971,153.961125481673,-0.688341707199862,0.710014023564266,1,1.66881119017288,3.3417784650351,1.50069264760378,1.85407314130022,1.54701014898411,1.73922807142016,1.21625725698556,1.59237613008942,1.65739115721075,2.0515045044981,0.357116944955982,1.93215375731226
4.03240493653951,2.00104850359421,16.6805378945655,16.8586526591534,0.0122123756933549,1.90406944083927,1,0.376950396863036,1.57096896697368,0.667672261495528,0.723108429473448,0.469843383857433,0.468805515193436,0.911460432642966,0.660443944253541,0.084106341447356,1.04966108760527,1.07308766221864,0.724007119780252
4.79206333611079,3.14650497790935,18.0040306334313,22.3267788721306,0.935507257837478,0.126533212842546,1,-1.35083853980322,1.77212317541201,1.37992300403884,0.511056524166681,0.0955050258017689,0.786156061590664,1.11371688773178,0.88446436841479,-0.0894819967671339,0.888459481055975,0.831309286330251,0.766392567583945
5.80626511184453,5.40130971387446,19.903621094188,31.9874251423211,0.182203848592884,1.76553379980871,1,0.0328492438235341,1.47078184698222,0.802950018939171,0.836866037607593,0.835384036111377,1.12919668354193,1.02834260148753,1.56248376397095,0.365358415246524,0.937103212025954,0.860249142692691,1.34297301007154
9.29744945164128,15.3578365998261,155.956812678269,545.59995385479,-0.663824878022531,1.10347639453602,1,-4.02327726279074,10.4639224150994,1.66873594781536,1.88020046657353,2.01849602139167,1.75055917861636,1.59706014354024,1.61025049674908,-0.183241852041783,2.81460054431342,1.54653296980312,1.41816600076312
2.74776107489429,1.13414995225061,7.53729711199889,6.12934405286677,0.395828714193917,1.79371821236581,1,0.254695016148549,1.35970510748175,0.690217250305655,0.390696930001233,-0.214549487623757,0.706665758605184,0.979805979183849,0.567201859261864,-0.266323968185338,0.875482898995856,0.815411441895588,0.807809876233565
7.64954334678327,15.8580741011303,100.88211423497,421.458754689532,-0.28405199785973,3.28166459740545,1,3.10438407112616,7.82883960566633,1.34506366329155,2.5765177410125,0.36682705566863,2.74986968647605,1.55842428668972,2.20038358680125,0.958286163651264,2.4315649389086,2.19714269801088,2.37876920361879
4.79794689122582,2.61603574782079,19.3416746075415,24.5341442789388,0.733398685653561,8.03591843706946,1,0.398676381628153,3.37188864101447,1.43482676198222,0.844428674444288,0.924406237761009,0.862167395773429,1.06743165161043,1.00621855612169,1.04946465272503,1.10429804388756,0.76782283289769,0.724679613632284
3.97251715957578,3.76811732235816,14.4440898381155,27.1050235010671,0.380386469658142,2.93375098399038,1,-1.05935617038457,2.37608189746736,0.93523552736345,2.65143337529365,0.0585485385381346,1.10857364318519,0.903081973596061,1.14499582391938,0.729893267693979,1.02560507626513,0.24222331781144,1.09273135490208
3.25104385842209,2.13104841480902,16.0660802090133,18.9158600071536,0.363180707291164,3.01156592534439,1,-1.3498827144008,3.141344660703,0.284818671646606,0.650500832172874,1.14880258280729,0.707690351883594,0.698724040256483,0.538633947135744,0.409928497688025,1.11273430446419,0.218331963672029,1.19239795566162
3.98917602549803,3.30668577475862,18.3032063854358,26.7591604097528,0.475964267120673,4.18384547305438,1,-0.455242068213736,2.52391835172253,0.832855839349721,1.18523701693877,0.615666104012981,0.664057207485174,0.804145876701681,0.908184195843672,0.237878458864134,1.37870538106893,0.627305349764942,1.06310258261758
2.787307017827,1.44513263442257,15.616525517386,17.9547794766204,0.703347480224534,2.19514646888724,1,0.116978104708126,1.35615753893492,0.860877732375572,0.507795308357915,0.808376602312857,1.55728879392709,0.654617228820108,0.637564765592861,0.850304797106337,0.615735259016628,0.523779529343532,0.469238158405598
4.81950076649875,5.69477877349859,17.2785039289852,45.2764922353792,0.751313903584045,2.38354137616026,1,1.2445148242266,2.36695299912342,0.898423650109583,2.36145446060768,0.957981257657048,1.14455905470337,1.39156455105598,1.24278451184094,-0.649666372834164,1.81174802614427,0.220569881868555,0.93075939639436
6.78147544150886,4.3046259684017,57.57520552976,74.9666282851064,0.467568410749939,3.00276043906372,1,-0.437357960267115,2.1763659193564,0.989369018661163,0.57909313497165,0.709138896586832,1.51386316729839,1.72534519324299,0.627604195654919,0.832619264368265,0.937856230932168,1.25124118453877,0.855544951165956
3.89192475003325,1.45599337658243,8.63989396872545,7.25231862524115,0.658614372386601,2.40520736437312,1,-2.96464637622064,2.89166750964778,1.37937537264861,0.758989522653314,0.778391252511577,0.446441303556903,0.436075736079436,1.20368935719601,0.863021770963453,0.561153613736192,0.475630182552098,0.425461016668402
5.89504122413012,4.52123365355595,34.321683332558,43.8986399907569,0.507682395962798,4.24773821746938,1,1.33700474655383,3.1391934706961,-0.875915673558851,2.47452519644462,1.1641222669795,0.677895538535257,0.909813868863786,0.54717492531102,1.25772829617883,0.604028839317102,1.6363803595019,0.960986776829656
4.85599715934648,9.76923007264695,11.6600747355932,46.3701128095139,0.989999909000611,0.0561309690559367,2,0.769903533345286,5.38970687477029,-0.116556142457998,2.43669849711985,1.0082956565987,2.28061703439483,0.392195029378039,3.41689154988524,1.69001363776964,2.04272116315326,0.588561314397289,2.40386007117824
5.37277147640295,4.78800701081228,38.7733524707718,66.4586244140773,0.715375568059997,2.53099094074215,1,2.71568644983917,4.61904058982256,0.228556008032937,1.78294149298638,0.869814967124248,2.34463427688659,0.56282443667519,0.651632766131022,0.814995401170855,0.881392049799188,1.04228078587361,1.42981610817532
3.58229113203632,1.93781142837202,10.6411260437787,14.1698256462579,0.30146915297945,7.71587565582089,1,-1.06032382739766,3.40803008912466,0.487283623351268,1.82864839269757,0.923250001384952,0.829749581450637,0.613783427317753,0.833516924483053,-0.595844482058307,1.191472887587,0.24625241970799,1.13137971226259
5.6720799134548,4.43818950525736,22.5111027956199,37.1601116141128,0.0325549752513493,3.31224889577142,1,1.04473135125697,2.8750014863709,0.842803096759726,1.7630653937234,0.677814562375277,0.836613880134048,0.943150538726482,1.11328551681292,0.584045008572216,1.15502013865481,1.38257143830819,0.836904975298102
544.070982976661,740.309995953803,243894.037839274,664805.729050694,0.281647961281171,992.095783873279,3,53.2125063544545,165.489392555906,5.96706926393556,1.41149168636338,5.47850832941622,1.52957679023635,5.55044320160379,1.5192375731019,4.6309443986021,1.97503748666934,4.6284752274132,1.67449468430833
6.71793178338273,4.99438215049351,22.4605460163697,34.7381266928333,0.919668300237312,0.304289292609962,1,2.79744776765091,2.96862627862452,-18.5088630193497,1000,0.519302891935745,1.69967732825653,1.42408595867516,0.541947229157352,1.4888587052725,0.95617572124387,-0.0149409846022198,1.00267261065851
3.30727592001568,1.65238923180591,17.363355895789,17.5901364687417,0.501456235182335,3.76267086095688,1,-0.138277551546783,2.40291133253191,1.00068845459736,0.843897835392412,0.509540109326145,0.985370133219115,0.862919967534087,0.68561338196439,1.06673393318703,0.787095574252805,0.588080877940556,0.842336974756049
4.33374990060827,2.38513450212925,27.9967503075573,32.8169899569976,0.447680182578695,3.00132046696845,1,-0.904520683714157,3.51656819872205,1.02668675585504,0.865065853701359,-0.564097558854053,1.06555604869799,1.04627428419215,0.713073633078666,0.825777592748487,0.75963469961263,0.411260748859651,1.0076535972145
5.4197851645559,6.47528405871469,14.5145150012525,36.3630467437085,0.977968564965297,0.0765049812725973,1,3.08928773631856,4.86554881193703,1.14129399421903,1.04515431311253,0.903623070739132,1.66769883830712,0.262165232568871,3.54438695281263,0.924225728432446,0.66181968414113,0.11322902724336,1.54100041161006
2.89155601772473,2.12794946700117,12.4783835363021,18.8779452676299,0.503030214293122,3.79886915096031,1,0.463984443178876,1.19037114014516,0.233297764934477,1.11798742980279,0.363348583614339,1.12723280393283,0.240537408805566,1.37624725053938,0.978023837568154,1.12427223588848,0.54604509054821,0.852549671655207
5.19348695740391,4.53070305895866,33.5908590560561,59.2008136107338,0.28547221688388,2.34599919123405,1,0.752113380002928,1.55180092266428,1.24578629356765,1.04938116796355,1.29944981823668,0.948493957261232,1.36736590015396,0.980535274718117,1.58828768671041,0.944250389456479,-14.4463656490077,999.999999999999
7.07213477007285,14.313053449925,53.0481587874617,197.762864698444,0.807854674900163,10.6602606347152,1,4.39614262615928,16.0848546812784,-0.0246843245472899,3.22058227726424,0.606843186779151,1.66812508307101,1.57191119757518,1.17281242842832,1.6960347532848,2.14544351670042,0.426514106770927,1.45788590879301
3.76596050247467,3.06631199040979,39.8997232701544,53.4129872257388,0.521694509847057,13.5762386873804,1,0.013161865341073,6.65793803270852,0.703803684787149,2.73950907885992,-0.242139387874377,3.85501369742643,0.559681058795313,1.10785105663242,1.23673942701883,1.05331547243585,0.870590126052317,1.08132437618108
6.15824056066159,11.8140615574138,52.6604434221217,197.567603264265,0.593675723589925,11.7240239302016,1,0.54953140676639,8.22893949807271,1.31213802808006,4.08711609069427,0.241894531417651,1.61462872607641,1.40567080035818,2.14579616612476,1.45044756345763,2.12758870667348,0.714989266701837,0.897256346537391
4.10928362901925,2.5679452762922,16.0260092552851,16.4018522437336,0.533714099163194,9.53967794519072,1,-0.76213371608776,5.04964130673936,1.60510656048061,0.564376883869608,0.109276717648355,1.21461431426498,0.566141190518011,0.762305672707833,0.611671498727151,1.15582753129312,0.369658547930278,0.845486977738036
5.02213443734832,2.96137910407523,15.6792678010004,21.5025049517801,0.298784305149523,3.65122330816177,1,0.912124491502976,2.83787664748729,1.09849179609414,1.26086071259035,-0.140347126197909,0.754068855700066,1.45654656693454,0.753321954215864,0.734396560568321,0.707064491385799,0.952028291998527,0.667244063166234
4.28633614952284,2.71827005754723,35.1825691092556,44.0159246982079,0.60695261622814,3.13682543618255,1,0.458956134185594,1.31969172212884,0.0472605850766178,1.71218390974711,0.86484422786944,1.19445021298695,1.66407980545135,0.642619307482771,1.2204362537936,1.04277895799191,1.27561512453129,0.587871802043345
4.85259828217005,2.38988655374313,27.2058146092041,26.6137844506652,0.41560476107067,3.40083322122486,1,2.51825397944221,4.03326717491201,1.17883910223546,0.680699808340364,1.19504824198726,0.61093510381821,0.565984862521572,1.11206901610059,0.219411133422629,0.777969665799226,0.38346012468842,1.4648771845192
5.72855135652417,6.28461720532358,52.0141706767589,117.496234561079,0.525254084356508,4.35137862307198,1,-0.360927890191184,3.80671381367072,1.31770150584191,0.931331700482746,0.7429815797814,3.13259896605513,0.955422980161214,2.0945237187121,1.04370307759209,1.68532593345781,1.0629161744961,1.39112211704767
4.21482994351776,8.23708479971428,24.3402840951965,107.541065427536,0.389488131781301,6.39110179608668,1,-1.47545671222276,10.6490569413541,1.20233785461572,4.2191698993082,0.647281728217535,1.61403971208439,-17.3653901758167,999.999999999999,1.21249955725182,2.39216430597042,-0.108196336907002,1.98889872176725
11.0472384725212,12.5230655673351,135.620693853603,310.096816704744,0.436215824295053,9.8760305306258,1,2.80184735274211,3.935979191047,1.30187124050141,1.7466445201783,1.8133325277413,1.12518556307441,2.4829220995533,1.23579340228003,1.05645137620708,1.00960547734057,1.565271285725,1.41719648199608
6.4226058962671,18.7649066162633,40.8530852502602,243.542472822265,-0.666401402580659,1.0318186879832,1,-2.76498104229434,15.4214528159247,1.27668442634145,6.58440217382005,1.55815319061025,2.12550992218833,1.56652169463422,2.6528372625932,-13.9860394070002,999.999999999451,1.26966711455677,2.54438957731769
5.34660536192411,5.20902425864374,28.1378922149245,61.2470459430857,0.979698378115763,0.0445120595357564,1,-2.29080193651868,5.93596813385636,0.755722236043915,1.37294492850497,1.20178663978654,1.00907730487693,1.07590827308749,1.99503273356699,1.57945356144969,1.18892146660381,0.91961603624716,0.840556562480576
4.3711690150332,3.95642945367117,29.8557041943462,52.7464646595362,0.799060339151277,1.55709493521824,1,-1.11574757315318,2.22523377473296,0.937363967702704,0.74870131129556,0.360717970991219,0.728484176781616,0.79417218650238,1.18047874876363,0.238157716626931,3.10432163237974,1.13922673168247,0.535459477345893
11.026206593329,33.6447440251905,60.7002417630345,384.864696240813,0.576137238872567,5.64634620973389,1,3.20580797619353,8.80075067139335,1.10823036455905,4.61563086713078,0.480794194578533,1.47127875534203,1.88772812826299,3.27935455151071,-0.270193163161473,8.12617039011351,1.5312936180522,2.87066053456613
6.91818548582658,16.6864845398336,34.1607125042613,172.338435531143,-0.196615040732404,2.29526387183442,1,0.542481188702248,4.01505191842339,0.693755272569131,3.66838149558304,1.86111595285991,1.93876004524596,0.742893390848498,1.93138806674762,0.547989091717038,2.61913603101202,0.38199783543034,4.02494046307344
2.29807791479359,1.51207215469733,5.99647582948756,8.20342955707685,-0.00866319886597627,1.13332169598356,1,0.383622834076803,0.874066243170738,0.182434132367769,1.06607311626249,0.562373917329184,1.26982431318494,0.483282991046924,0.47355955163713,-0.124179030088763,0.950193103812382,0.851006852637552,0.820392951753174
7.46045244119527,8.48524203204752,39.0286243584336,92.7401138066127,-0.608467374104376,1.09052501638839,1,0.0558164364254181,4.0627751386608,1.13834203268529,1.17283116941678,0.855177962838734,3.31605952268118,0.774486512415228,1.64844578619603,1.06527847494372,1.51290318888627,1.24016767915213,1.46512330919416
4.05307960173037,3.11299065608548,27.3186442218808,35.9401774239531,0.455222509586265,3.83087480381731,1,-1.67180233443464,3.71230132610138,0.920766836523986,1.64048955121689,1.32044582532699,0.769878518699421,0.978382614813066,0.814899214400443,1.18142841853372,1.21582301193205,0.899285594647872,0.618119548241155
7.08545089960111,5.36322909771478,48.9610666215902,70.7553291808782,0.524950624665076,3.33032726632688,1,-0.738606664031991,2.98297347345679,1.53131921662368,0.60370685567858,1.03703491310334,0.623979674405731,1.19273193049515,0.793969015050503,1.35829874506839,1.13226962347066,1.64290054454568,0.87381401948709
4.4770092244708,7.33133479262034,27.8463705733729,101.45753200677,0.448744510247199,3.79849812415586,1,1.05317673592305,10.7639017354995,0.515771489187461,10.5597807463391,-18.5098278578922,1000,0.807091418303898,13.8949359673106,1.00619332984877,1.81456706474502,1.06499218538686,1.54037236657042
5.1885168919766,4.00794198775371,37.658316904356,63.2210553004713,-0.0994451590483127,1.00812717112607,1,0.816210388361946,2.36956375390986,1.09549498749985,1.5358692958808,1.34536342590089,0.578694887582505,-0.493199132554422,1.29124112268907,1.26965182473665,1.1613643965226,0.565877960890988,1.18723098212285
3.36516007397171,1.72416105926915,18.0581824025794,21.814905394941,0.809893621963878,0.5974798888652,1,-0.949062992430821,2.97118033183191,1.11248088528259,0.703927577844986,0.890414533953632,1.0828264683312,0.705636050090054,0.82247658116405,0.830559639036659,0.511949433604625,0.00248912490202749,2.20097694352551
5.93829535890626,7.77848586585479,60.136718568064,151.336233547183,0.283358330304161,5.30177196669488,1,0.274628025236239,3.7330791089117,1.10666909982076,1.1301896106355,-0.353159817724439,1.93609819617325,1.45502958219351,1.51480515718151,0.478212275624902,1.63694784902913,0.529150182511769,1.6314508650602
7.95462465981663,6.02622146872121,25.5840048102688,38.4281893941269,0.97382192794147,0.0547022058449659,1,-3.90142449283134,7.13723456587134,2.05896784212416,0.921554228228795,1.03331453386477,1.84398474168991,1.29423618844868,1.34107741591721,1.00144086237688,1.33559506547288,1.27842507137453,0.829041272591702
5.56890344450226,4.02641718201066,34.0471732379177,44.7562623384545,0.512859603937032,3.86831102422893,1,-2.27626554986048,3.03255860603161,1.34082000196032,0.783419448727029,0.637012089133076,0.79322292473411,0.67905426823585,0.551255469574534,1.25420294381706,1.10305099228531,-0.114788340554528,1.2501998577496
4.26912084802464,3.82092815545721,15.3066617030595,30.5261690160765,0.385953607297939,5.42408772690308,1,1.36077829967333,2.05464555380515,-0.285255816922301,1.89771218039418,0.7579884712266,1.24278469457169,0.913603944820033,1.0162681001605,0.806554767964226,1.64714195966222,0.733410030709764,1.13880911670876
11.8768980620745,11.5309131278437,94.2216822101382,182.113281597416,0.916152246725826,0.482945274326253,1,3.58997977253572,6.83906673858204,1.06289760529674,1.57959853912287,1.59320738564961,0.958306275894949,1.67137634336705,1.08495113667677,0.628375336063433,1.10243933597309,1.86027721687374,1.16623237392131
4.28942019294699,2.26280664614017,14.0356061181668,14.2089521531504,0.631047875411642,2.84429938374122,1,1.15905829842387,2.41846602740205,0.575114470258717,1.22950643291576,0.826689608470852,0.988140615677101,1.26534084308269,0.59098115297071,0.809769189021747,0.495406829815412,0.871924198119149,0.603718850903946
4.6571588702256,4.67075913159172,33.4051513280702,70.410523335576,0.524846813869926,6.9071467903461,1,1.62936854431111,3.98939991959419,-17.7066676210815,1000,0.76519313527599,1.46221687525338,1.09750454609394,1.23405618467554,-0.227165624308629,1.28378211201203,0.72452772653125,1.49397420512154
4.96231262895069,3.5361477832327,18.0427157578615,27.8107924588075,0.630227663781464,7.85496760246316,1,3.53931662533274,2.61304001756946,0.353791158695498,1.64058458353596,1.23383957043964,1.17214675073804,0.717811584919403,0.873893636565089,0.573512179384093,2.55414522245388,0.966812185166544,0.708521302075808
2.79239892575362,2.12999609110649,24.4310126609881,30.7254599013694,0.771694006928945,0.945771510641573,1,-0.147961714258099,2.02932739492126,0.385812685382227,0.475521311688788,0.738849145232742,1.10472370669481,0.612552451693038,1.13809022171955,0.453232605799472,0.552672806831892,0.881187970917594,1.25545900753376
2.45188239642541,1.65421847821128,5.01046009397584,7.12666610876402,0.0276635439159442,2.19971160784238,1,-1.53783083752058,2.63769611001653,0.715427724154578,1.32504478765404,0.743435978601359,0.709953171554454,0.63518703118648,1.11331066635885,0.387150889594346,0.853721949096267,1.03914172056627,0.759086402245895
5.65370283416669,3.09845048243493,21.9784012714975,25.0773273765808,-0.18577331176397,1.06743032425462,1,-1.39532164474993,3.57069940884361,1.09190001450819,0.937808293896975,1.29727739385944,0.747174502976764,1.22455012224824,0.737687279307584,1.01522235107998,0.296747391742245,0.883977233482397,0.835002082359836
5.58990379015146,9.30681828311895,39.5460635078164,121.692320218578,0.482224802077079,10.3615786672026,1,2.25661403624225,6.72673832734724,0.548330609981932,799.92049760372,0.835740983881099,600.10867284921,1.78671877248953,1.65450588090307,1.12116201550453,1.62413394378751,1.69098281449627,1.55077379127711
3.42535768677266,2.64901317564961,15.6222287980356,23.3795443585762,0.625864865198555,2.26370248123868,1,-0.572529523335117,1.38286141835011,0.987050158008458,1.0205516987554,1.09147560984357,0.569348922074125,0.589222877364651,0.957481933846862,-0.560597855170697,2.30322027895199,0.0200032876026155,1.38600270780429
2.88367959003155,2.32091170541391,10.3282687105228,17.1568786736942,-0.374977585060897,1.22350378336318,1,0.430364657750574,0.782563744971896,0.53993185777045,0.785602332593023,0.733130799813455,1.51960171424728,0.733257084258455,2.87678384632682,0.509823013103525,0.933595414993272,1.10255324610171,0.934018956991301
5.72702974684747,7.58655089134782,39.9437590202867,104.237622806875,-0.390411236636432,1.48693330936176,1,-0.597510104834515,3.47663301068414,1.42855286748591,1.16536843124722,0.800835235365927,1.68792846669493,1.19777884204984,1.39454258476752,0.378935705199526,1.78687012383474,1.37903316322381,1.59645433865858
3.78282016778735,9.77948904185085,24.986677225199,121.505811750734,0.597348132736737,17.5061184037007,1,4.28832957666314,11.0768822487718,-17.6389565722757,1000,-0.107137221568187,2.5573077758376,0.58048384936934,3.34165407522143,0.995175243427192,3.02188026778014,1.14089810720194,2.90425493724251
5.51179716772285,6.61930955133325,9.90565472313553,33.740597957557,0.626995333977003,13.1133697342269,1,-3.59402085701215,21.8640416218118,1.91646606428349,2.2094074718662,0.636252878245276,5.07202035862254,0.531432665250353,0.871724879519738,-0.218270828643887,2.3387698642297,0.287765406984604,2.18146842058415
4.6957768497111,5.66163373758912,19.079742731312,45.9588842432785,-0.102517098382846,1.6982120035797,1,1.46947151235812,2.8793543141266,0.857638504148624,1.52731356539125,0.645116661141462,1.26061892098952,1.07561739821751,1.14000101850953,1.42153275268967,1.3248973455755,0.351933034088581,1.20292402721781
5.04831846494459,7.3440354282709,9.4952911589392,26.4996525920104,0.963916227998377,0.140644907790107,1,2.02808090814072,3.99376681870596,-0.137257035622142,1.62035543953748,1.16327555411384,1.95528759676642,1.51765797904061,1.20959843559316,-0.495240945679957,2.56657034610834,0.84052079497971,1.53670317467394
6.94885069985257,5.01437690755838,68.5440130429656,113.427342258658,0.499279328549068,9.6776687039255,1,-1.34735051094062,4.22196745924845,1.34203408236701,1.10473353148814,1.28196544925603,0.86754550505305,1.57824139970645,0.758961983454413,1.78649851663344,0.814242041137179,-16.6728083593808,1000
5.05282591713887,3.99306000852631,17.2121113763039,30.1007761316619,0.464844333072529,3.53522751323597,1,-1.31186499980095,4.48026508116201,1.16039980182027,1.77852012723801,0.0324033957168507,0.990786869225235,0.955027997182388,0.747156878395979,0.829496320152242,0.893383374975321,0.502986064560703,0.798641332795623
7.18850524109246,6.85607828885254,46.5322434401765,81.365618903225,0.527149157616229,11.3918123873307,1,4.37062179208707,6.64094711962711,-0.341157830512684,1.54540010458034,0.969196427119386,1.37278252403838,1.55938932110672,0.950649017475205,1.621369676862,0.992058348114534,0.712124295278353,1.14609508805222
3.94449712124019,2.12532254943472,9.58007386084937,10.5019999506697,0.450842784039444,5.67956540546839,1,-0.0961652127155171,2.26451703988827,0.741627326445666,0.706017504818609,0.549483750274647,1.18714662108053,0.68664023684975,0.57416426798452,1.18078099433025,0.890273647819672,0.0832912629629782,1.00072028426568
1.96378515442563,1.42170341949459,12.9628918532026,16.888052863581,-0.351752772811784,0.920292742947856,1,-1.22803503373617,1.38949031059208,1.13870856114975,0.650471384634772,1.25985393381861,0.777217751156067,0.182298854308447,0.916764275032586,0.657406646745729,0.6813274796586,0.218833807251245,0.764386965216998
6.74548062280281,3.13007563511462,19.7025934662531,17.9486727599301,0.697496225474285,3.58740699302275,1,0.605202731017924,4.36656971714901,0.471656188350225,1.36142000904743,1.36615369592681,0.813677786013798,1.25771097016397,0.623183538323911,1.08964915939804,0.397884005136175,0.931343342965156,0.500701441910473
2.60813791962042,1.67908624388107,20.1467690615844,25.5058607386348,0.699619763600019,1.00959323562972,1,-2.90107958397713,3.04585389944115,1.2156054707004,0.837594529171839,0.916518504063881,0.380724237218665,0.692709355860639,1.25868176362268,0.477988416939643,1.04948289344326,0.927785423603753,0.579700762472098
5.26966131643635,2.50735489002293,32.8266819044773,36.7939858687488,0.312967548858494,3.58401394343763,1,-2.32596626921898,3.66222626324709,1.18539633766103,0.474575623638962,0.773491721084784,1.69438446064806,1.30182482469432,0.837841469547906,1.0609328977851,0.688242759300798,1.1508014774814,0.579060893396992
5.41195644698085,4.65289399653831,21.9611728045505,34.8610585735958,0.436876293125392,4.53751037938011,1,-1.09043210186167,3.79999055068319,1.14769852775641,2.47588214349368,0.394381306448924,0.936389471384274,1.20988357683881,1.1104660344554,0.313305536782088,1.71515602114386,1.06170396046312,1.03247272591451
4.86714113361146,3.71027689417745,21.7809896361076,31.7840708048025,0.478871584290498,5.88502926892897,1,0.52958341567527,2.36213738175564,0.595129580801561,0.976941386370937,-0.209282528527058,1.3683231831903,0.782917382066696,1.24126897863683,-0.694656220917038,2.40637389574425,0.892569943036227,0.626513172351436
14.348293848897,313.033919871928,997.662441750136,43874.289040516,-0.00180793530835101,58.4055067944835,1,0.668793870545989,17.0221414006356,1.79143433273446,23.2168944544081,1.19917806456936,19.5553908466128,1.37782286607825,21.9710360930879,2.2125150582995,21.5420207463232,0.702299559186894,32.3393614642131
3.68629316325846,1.90219749360343,11.9178875648364,11.9099889744262,-0.0179929259773936,2.01377614927139,1,0.150678795541486,1.55554738171136,-0.600649915667199,1.31861506194563,0.654491939790869,0.685824294498674,0.973310781294477,0.433174433411026,0.283202460769756,0.828763248708407,0.958259086110203,0.881881635181668
5.46385359467653,4.63362779798651,26.1749233195665,44.7678301034572,0.915724900582387,0.654555733819249,1,0.95735182054447,2.02975747672322,1.47832045291876,0.899180112604677,1.22682868636623,0.853986771067958,0.695700128677408,1.25688475539195,0.773134113114864,1.80647400826998,0.925455172533715,1.15972004164902
3.43345981754226,3.19786019302561,8.99715419686726,15.463279550159,0.764543959052562,3.39646531325014,1,-1.36463923677278,3.7321735353755,1.24041421032406,0.910796912679526,0.645620442693016,0.920642394289996,0.669346588787238,0.910099690773765,0.210328704239918,1.71340076875895,0.244438000176094,0.925787544416274
5.05104862468175,2.18292109500186,18.9618914987584,18.0226592930726,0.608485985707232,0.965482037831182,1,0.432785662978466,1.00984541046262,1.02484217198765,0.310775671898656,-1.00806596573111,1.11408288410458,1.410134935622,0.5371931033634,1.08202513235743,0.79137794275018,1.00271078115374,0.800853106179426
6.12404088800516,5.84396998486559,33.0130648305671,61.4033266828094,0.382581925659826,4.12694077134134,1,-1.59067613920925,1.77831709816888,1.47935902225647,0.829626640962325,0.692936474908945,1.25181495782585,1.23003562404711,1.14857865062547,-0.478114640076066,1.04042906518994,1.14853005793328,0.958075496764574
3.55849898205427,2.2543704775518,13.5779083269578,15.512209423972,0.314215969198205,3.86070582761909,1,-0.0832755944765024,2.01365374542868,0.177219008408732,1.91805332454609,1.06754760896468,0.406700127306945,0.759347800839602,1.46776429669227,0.4557444001743,0.890295063795374,0.364897038573618,0.903553457473945
6.99674109902432,18.9315521911232,76.9866845564311,431.939887198797,0.227516206834674,16.0303013446509,1,-3.00857134540469,12.6643389687165,1.5956684912489,2.58656511141376,0.645553585590928,1.683316685149,2.13300258063963,3.86880088937342,1.29887227189388,3.10552975355208,1.00187700389311,2.62202589910819
3.14554787488788,3.53125930506029,13.6168384727167,30.4166405061348,0.616235390249122,3.27893250867482,1,-0.338692748588118,4.03003267149667,0.818713140348409,1.80750054376585,-0.0217713770702464,0.622934523231906,0.349717836574193,1.34432607016662,0.356177774895291,1.19596581191111,0.462924983586137,1.05181430429719
3.8658751755659,2.44550451307306,21.5715916850178,26.6573815245633,-0.260383868165665,1.11067044848985,1,-4.70929638241919,4.60073811991283,1.73038299485616,0.788609120601924,0.465080873662694,0.698191290937129,1.06957794194163,0.850408660125232,0.970762010937579,0.946770621404435,0.356661353381378,0.899836240226785
5.14636803899949,4.3289338015748,78.0560011774032,130.849472737635,0.649448267875347,2.66563643139798,1,-1.20706447023256,2.37529042514193,1.76367127794083,0.973410570033678,1.58315808956705,0.811756284001306,1.11638911577359,0.876601099605804,1.3263815684265,0.607549506447739,1.25891558735515,0.810203504484453
9.78215207637044,24.7348074648105,130.7590986024,628.639098897058,0.983415816600485,0.133185483127381,1,-0.774370962523627,5.11330354256511,-20.9213702478215,1000,2.43019717186965,2.63413311484114,1.248052804208,2.56245405919475,1.5921692843251,2.16441232289262,0.284088778099783,3.97257639599501
3.90618778095136,2.51840738780286,30.612801097579,33.2232680668768,0.533452554530568,3.39557357251675,1,-2.31996442124853,4.64153309976444,1.48357427279057,0.684655832464171,0.589202705494411,0.56889205925218,1.02803745531371,0.74628757158752,0.718748642425842,1.02482264641296,0.780279907285993,0.875262531795434
4.78095011859374,1.98355961475453,19.2083427600167,14.0356060158557,0.489166081693436,3.18408527200658,1,1.07829917046372,2.26633690207933,0.728016539517366,0.740041328098734,0.5182571694766,0.615331991714621,0.5483447900253,0.716138688846913,0.949639187449767,0.533754937621976,0.102911221748742,0.810586312178758
3.85018049754301,2.09190067682308,10.8703436044552,13.6179657443857,0.914797622039782,0.211309392198277,1,-0.507643173436839,1.72548212932375,0.541343832692434,0.762874562490834,0.775181818729231,0.752279394765769,1.212213859022,0.67899469389185,-0.158448360707309,2.09331742061537,0.405153815222235,2.27197302918776
3.15501220511287,1.77734389238396,11.551678680179,14.6435866240483,-0.511954958952463,0.668644590448939,1,-1.96358122409737,3.7872021155533,1.10633806741546,0.747683266522896,-0.289036966762296,2.70901154889926,0.979302172768024,0.671787091681469,1.24706194124876,0.793538423186192,0.791014167437905,0.66894149890294
4.89835962742131,2.52455673478771,21.0968280839669,23.175585242808,0.507968553564181,2.47335356108466,1,-0.330657489436186,1.86911376058985,0.951583959818412,0.776512347817595,0.796795360971645,0.649951123284435,1.09716825998827,0.594317207442306,0.617461691096498,0.895925108939193,1.46014502739942,0.620972534209581
4.6870980297718,5.89086137575625,18.8343760846671,42.7397099603221,0.854756010695517,1.14140406806567,1,-0.490137650383045,4.10837300944627,1.00278262925369,2.23235295491228,0.651812825701861,1.41437827547608,-0.882286219874026,4.99154553926903,0.995839369758144,0.695710291551573,0.775666408806446,1.22091806562166
5.01936242501885,4.40007311793976,22.6088181382883,40.2516343546738,0.112165356796119,2.87264043394432,1,-0.94916655304326,4.82280501704263,0.680799721032874,1.64290630621919,1.07057346034017,1.30030860949394,0.931756368944672,1.02455315440656,0.652026671301892,1.48814015357928,1.06567851744069,0.769602722275933
3.27285331732746,1.83852016363574,5.47182073191983,6.17774509035178,0.801579642803325,0.522360973369518,1,0.489541543174731,1.32507066080263,0.617446035004308,0.400572930439591,0.147818129848587,1.04673498458317,0.527164371291367,0.537708382131756,0.108615038826916,0.50266036080465,-0.166556382157,0.986407107707626
4.09077166556082,4.7992502639956,11.8543635932842,29.5412941088566,0.344028697491473,4.09707941403816,1,2.19623360865743,3.01622409873677,-0.499468370371717,4.89420748156549,0.0287276239911158,1.32059241720086,0.994396041413511,1.06471693282585,-0.713546464408719,1.60683259464989,0.68476501617803,1.43912588854153
9.66019598491484,14.6861987481015,61.7410876928837,194.974823159261,0.0177028293989893,8.8035108140725,1,-0.0881378067538817,11.6314087395378,-0.0210984754897694,2.78410322525873,1.7762657477859,2.11972406538149,1.40980371755585,1.37656538199482,0.84339634994586,5.42681179360874,1.14179160611907,2.15720787255052
5.26356034084411,2.64404907402338,24.0566635971877,23.6967735712428,0.214398872422499,2.45712299108462,1,0.446441338126022,2.67662685431535,1.18694165445198,0.681244314577667,0.219144782040881,0.669709431924908,1.24497911624238,0.694467936184688,1.50561866847302,0.509844389796485,0.75314864030935,0.689983606640052
6.71797827714882,4.52880277083848,21.4105765295844,29.5855405096728,0.686075138567161,2.11087498427254,1,1.45133396848752,1.86670087717932,0.367752204444257,0.912163022904309,1.03347542613786,0.585398912773764,1.38374188784573,0.92345553841197,1.44249929035081,0.923804000781447,1.14654721608261,0.678163492633445
8.22613944498161,34.3683927935248,41.8074199493289,343.054771745297,-0.11812673181055,6.1666111007629,1,2.21556556563118,11.9738043894689,1.39247342723148,4.38586647471257,0.617128775897922,3.62222008290963,1.46527119640415,4.2654282363973,1.26179162381721,3.91920806487639,0.966202079210968,4.17994948724542
6.49235700514012,13.767337576359,17.2916252659994,72.6450394633227,0.958154625878679,0.24943443178265,1,1.75548679159195,4.55525125878451,0.6570270781862,3.28561516999578,0.69786603876064,1.96930520066215,1.46639203101394,2.41380370410225,1.83698984734585,1.95009730195808,1.26140180570882,2.14242033909285
7.50030637352543,14.545614619067,48.8297702104169,183.57360066083,0.968959064143269,0.186452639573056,1,-2.78031917852495,4.43841888999337,1.95213319617378,1.56739920819835,0.710713576249257,2.00963487023282,1.24388763583902,2.13966513605539,1.10079595180714,2.4033532304111,0.953549098715704,2.23040120085715
4.0086227650123,3.46027101161853,15.5170414481892,27.1936564199305,0.633941826080044,9.00970456202758,1,-3.63871668635078,7.39288968988991,1.0287761141009,1.54919609574959,0.519829068919084,2.04093366137737,1.00295126494765,1.16771338126963,0.988479133844338,1.55631212869263,0.99500804759756,1.26478357909891
3.09441581190694,2.37949102058622,3.95116697069661,7.82279307077891,0.989999949989975,0.0180119577066959,2,-4.46415337996608,6.30433014615791,1.25966565727522,1.45517848639673,1.31301582028239,0.803746447086053,0.312795758518603,1.05177776437042,0.86345441467051,1.07691370118662,1.23310335450295,0.925383749569107
4.0716387366716,4.43469877796889,18.3843209901797,39.5463299263858,-0.288930134302914,1.8522243938578,1,0.163740808950781,2.58290871853297,0.911458030991166,1.98116604421528,-0.44825658061104,2.65099678607931,1.23717662262957,0.996872018449985,0.780355428364355,1.0402590391718,0.76734797727892,1.04116622333758
3.36421544829513,1.73855852239116,10.9262863159566,9.92647718296352,0.556751670381865,2.55017515892868,1,-0.502803137505748,1.63447810823687,1.13948236378195,0.678582067135658,0.995103546230495,0.576659075428846,0.978121335919666,1.06658157769445,0.757871379394569,0.766308840103224,1.0389309613769,0.408411461848568
5.35204309624066,3.43755798780217,35.0844100834446,46.5274406659209,0.946874681950406,0.146676956712022,1,-1.35658360655968,2.65670035474882,1.58175437595567,0.71229784860901,1.16716779732057,1.25225405817095,-18.2538935505748,1000,0.547186985844383,1.46524434313567,0.380836285622218,1.43469570494251
2.04758654160253,1.0110701352071,11.87135716431,10.8952557483598,0.590256232086012,2.96367748145091,1,0.0907552680508768,1.83212880263593,0.107917268500345,1.14417778392299,0.679987106609706,0.547199971577415,0.891563615075812,0.484725670198498,0.988810804491831,0.522351213905371,0.954352896036064,0.655855706755114
5.11135241343225,4.93308907653271,40.7399055414333,70.8696477711823,0.542976844845694,10.6382943431683,1,0.849417215345796,3.87515120373249,0.374259739815902,0.590262731615913,1.2894708626504,0.972937294189036,0.967433424142595,1.20476640350056,0.0252293504797369,1.4374364513068,0.900615449797249,1.37514810562029
3.65865255886961,3.93776714226886,15.4584689926579,32.8002406142533,0.276921203409803,3.97978486544745,1,-0.360000737520251,1.46304120836726,1.05186090535665,1.235839254283,1.26414055418383,0.938569829468808,0.0940118100571651,2.8026914430326,1.03303555982475,0.864498921885836,0.211418465651149,1.38762857928272
5.41250602196192,3.28114634771136,46.703629125771,58.5527268551051,0.320847585930678,4.14027382712151,1,-0.482273653559246,2.77615205706048,0.612133586052287,1.46851626773272,1.57908633481622,1.06485111329625,0.899705605359721,0.73076661516737,1.21677091863426,0.731106717874338,0.975578062228224,1.03175600813895
3.62804594795415,2.10426843029604,15.1809565012658,16.8622966399925,0.942004002994349,0.113099625372671,1,0.150869228109879,2.02560584381895,0.883798343774778,0.848785349406858,0.742968791857759,0.473173526665528,1.38521118798025,0.493478916167212,1.2109815209023,0.648350300534751,0.748068451067025,1.14790946719147
2.89648081466087,2.4419401013544,10.403991941336,15.5404118649683,0.396970653162578,4.47838690731173,1,-1.08054032697442,1.71137066715962,0.884952445029638,0.700832572494966,0.556679882429038,1.12320480382886,0.902765006111352,1.01147513706249,0.075185181799359,1.0135807597524,0.8818389414994,1.20524428385903
7.94266100609234,16.7683599608415,101.654906286234,427.575431619904,0.988809884568854,0.0549201009600493,1,-2.21748803621205,7.19902296223926,1.69061307983306,2.00677968190948,2.10092748977209,2.05046143669367,1.70952960289984,2.79984830469756,1.71654841698243,2.09710747706336,2.01409130150934,2.12421445489718
7.17131282284543,5.71254236646892,17.1432335901055,26.1691977707479,-0.0924650900793841,3.65628130874836,1,0.549319165554471,6.04085188749914,-0.159959250079182,1.72695836351423,1.5605717450107,0.994940032860417,1.48929530386544,0.880088548147652,1.46336572991906,0.602918539916859,0.651862934779872,0.946806495729405
4.02718633892439,3.71011640750016,40.0883210868757,84.3616750536613,0.593671218918932,3.71639429406947,1,0.631807975462875,3.7732646389635,1.11579766048288,0.891099603743054,0.618215670046248,1.64823648038953,0.397190549817005,2.25557806716754,1.32283278925602,1.04089589647083,0.966279545304132,0.969643225262366
4.52453763141583,3.63138990769128,28.6216490518877,42.2818056682218,0.866626629559023,0.574579209261184,1,-0.515965498715473,2.34470676806203,0.742704510391379,0.730296185334521,1.33290030833933,0.823863331679431,1.34405065946195,1.06164608908323,1.53116882575396,0.894475888311601,-0.445799214612746,1.27708194734528
8.20388775271412,7.54825752526705,81.602003187621,152.606626589227,0.412230603714031,4.29443223141236,1,-0.992798612121711,2.77434886415993,1.2674377850404,1.21042212599383,1.70585903757643,0.693603481041737,1.73080728962366,1.10203376453751,1.30146283364571,1.38951432072191,1.09386134507601,1.59650501007408
6.74836302522333,40.1045765245776,86.3230237129611,998.651502450496,-0.0770601600380418,24.2106485945212,1,-0.197167542707981,9.45645727088261,-0.268019108792213,11.6515658521978,1.82603947485746,6.98932749980335,0.693255889593018,4.7438722521618,-16.9089647489069,999.999999999998,1.91063426328007,5.75988129020503
12.4047904427811,36.7378442133747,287.381652565187,1857.73684184597,0.50502181075012,46.0716613602786,1,-0.160345441494944,11.0208887205911,1.8514731808394,4.61570210095989,1.38684202857098,3.15962840693317,-17.5541283999771,999.999999999996,1.74088618916856,2.84177981157262,2.2643151265784,3.08772778443248
6.11571590855395,8.72813489773346,25.5741448017446,76.5178967698465,0.673930441851442,8.05217965269376,1,0.04495896474224,3.91473430110145,0.0652186473126324,2.60467703605054,-0.403671487297756,3.97955273956061,1.31845363893152,1.22979126824472,0.993841196445882,1.83202058485493,1.05339240084398,1.26271752975594
3.38548566108027,4.95408362073911,22.505315536843,62.7097857868673,-0.0157121169541564,1.09030928735857,1,-0.69552490993243,1.97650818584408,0.368012693221875,1.9780736154198,0.71488360392233,1.00879486518266,0.708082344313819,1.07394032198003,0.650229056723419,2.16697297464219,1.35859141025549,1.84192122323994
6.25664661813532,4.43809496199178,17.4697488117463,25.9646027514144,0.590397788575797,4.83627940707248,1,-0.0728600823931828,3.07208195838807,1.27929256242848,0.789894251641547,0.561283589918632,1.09165594709378,1.12548115557413,1.34913860679618,1.05892736491031,0.616673568495376,0.861668694735458,0.572030154793384
11.0934796837492,19.9504990378079,50.5244406132249,186.134073734432,0.989999963358114,0.0401887809023296,2,-2.10526443944486,11.1124968031452,1.67662654174467,2.06085397093385,1.35119244841722,2.38258307388943,1.97781270971248,1.66493743822219,1.67887474581119,1.91673765523077,1.45440852080148,1.9382116566681
2.89461094911838,2.83824015087299,4.24222432114831,8.08871737237097,0.511202356159062,2.06400744292103,1,0.316513019754871,1.59923457212982,0.0553349253452968,1.00206974634279,0.340210285913238,1.39995961075068,-0.0567110465365098,1.21671965295881,-0.792249394290346,1.36420885091682,0.426136097446994,0.770301177499083
6.06515150124982,18.1865259765591,44.1461014900438,240.365993362134,0.610386475865199,5.20385204581828,1,0.715518394687577,6.90262830869169,1.179061049808,2.25989423685508,0.677610456505485,2.08156755960623,-0.0689895759272796,4.17999520976486,1.43084298045863,3.11971331477431,1.12818123206392,2.98196132035638
4.82259287378121,7.70829611458632,78.778374704493,242.10751883051,0.989999970694493,0.037061984369739,2,-4.45501028255056,8.20896486258352,2.10352224971545,1.53250947416285,2.1089306824765,1.76677194363788,1.05503607009465,1.81083188029191,0.607311748821197,1.64097655368082,1.46185941180846,1.35384592750896
7.47364751683252,7.14169280948282,33.2246492486427,68.5128698667798,-0.230009233108166,2.26395452947136,1,0.648042226053543,3.36588410690106,0.966042991749508,1.65637711587484,0.847849127511236,0.841665811853214,1.45447591309087,1.17423614710306,0.322765249566421,1.33903182885334,0.862242895501877,1.29948630940349
4.14316016554411,1.76438103113087,8.63593665872476,7.35312397879482,0.379726926787172,3.46373618972664,1,-1.47203133695231,2.18565874748667,0.743946853547683,0.977471548107974,1.41065466721064,0.488912409799314,0.740836726190432,0.947813167590486,0.0850524417847629,0.719832380696057,0.91340601415637,0.711014886548344
4.16801519130637,27.6263815128885,32.0487006548274,427.75845722089,0.629823425257742,98.8231928750613,1,-0.922402176872863,22.9417706341248,0.447293777513165,68.6004177606835,0.415812347872445,21.6690878967951,0.380906149554115,80.2673309299632,-0.103608831095806,72.3922133213729,-0.00852736712476856,72.5586858672039
3.93749176685446,2.04905501162865,11.1554802396001,12.2571714327761,0.754779934845977,3.78661004137487,1,2.4688172566607,3.30684621900152,-0.294063373536699,1.1929868016431,0.57014472023692,1.43859396199051,0.17629151249186,1.22173366498343,0.898078025915053,0.65022057368601,0.604979900491474,0.462952352617603
5.87063868760507,3.07502659059298,17.1703180832257,16.6038393902925,0.574505469889757,1.30854820961562,1,0.0404763451564401,0.882378962258282,1.23049627679881,0.52775979290188,0.668523741280904,0.688766022621421,0.64136053440176,0.846039992383189,1.22227933465573,0.649130646382443,0.504492526631847,1.02713492167972
3.54288004562165,2.8596698794666,19.7590127338129,29.4603194956603,0.336143987435891,4.31815113753636,1,-0.36823260176068,1.95093838356333,0.866739112524505,0.610419612796799,0.470292970983773,1.43263516345788,-18.0620411619941,1000,0.771144555729022,1.28365583409074,-0.153289540999775,1.25176143322612
5.0561132617119,2.81888756591056,18.0058844875954,22.3614771539992,0.761079578984596,4.46026898386901,1,1.16037390192795,3.45135375950776,0.270759967802471,1.34942175133005,1.12781787339015,0.922079847378396,0.998890608884394,0.792406513129276,1.24292858769006,1.18320982970029,0.377349918659222,0.857702609788456
4.23548892658995,3.43629928232224,33.6504937549228,60.324825874475,0.294220619523721,5.9742866132211,1,0.433449086141486,3.74306827624675,0.640087158407441,1.84296723077746,0.596885841404801,0.852383226507423,1.46846577115981,1.49574298752106,1.46380008807082,0.931989514800555,0.794915284682465,1.57360606065698
3.3863350300625,1.79984327100928,14.1318480332852,16.0722207453382,0.0622207852852763,1.74044534753037,1,-0.680709045771607,3.90763025788336,1.07811133882657,1.50579994960124,0.839451945554061,0.71464209916962,-0.286466491086733,0.889846055769675,0.0349479244431291,1.05606722878091,0.683137249016488,0.973999919793482
5.49929081092553,4.19937792549645,18.1982942942526,27.9030677884348,0.242267830792099,1.54763383853033,1,1.80077506188016,1.72448342855106,0.446055085623739,0.967442773599696,1.25627444552562,0.760083994820319,0.971354257899737,1.45521797921645,-0.537132382478151,1.35690247515316,1.01076155955001,0.766254887707655
5.86037518877671,3.57810300827249,27.7508808530936,32.7793666816853,0.708559794397206,2.8469651715256,1,1.01063279623978,2.00912759554289,0.541932782178229,0.804508996594724,0.668434592289761,0.610106379773486,1.05906227596508,1.15451943755271,1.4881229494405,0.625358134284076,-0.113043447576695,1.17540625976792
3.47176768583593,3.94917075525532,15.9398005860222,37.3988755054776,-0.659482572950326,0.877343160187226,1,0.307122096023044,1.49355117270095,0.861023703125626,1.18696942153796,0.492953442138688,1.48887185048765,-19.0936736513858,1000,0.0510597472301974,1.91677991346923,0.949526498364561,1.31257382379748
2.24004407599042,1.41482727443682,14.711806526127,18.7507070652324,0.435197195103856,3.82853723932408,1,-0.205218901802971,2.07268858466836,0.927179915167465,0.598479451791897,0.0696364911007286,0.996229064483554,0.843583537811636,0.633118055256929,-0.0550673398430169,0.858586890787255,0.182218310376536,1.3161331219516
2.2562742416509,1.1861599824078,16.2587819367488,13.4667197904728,0.962976821423132,0.0549800337440222,1,-1.36098945545917,2.32975414515006,1.30946654781564,0.486411411991289,0.87437413750363,0.481216388355631,1.15572001181088,0.587117555795165,0.696652253985842,0.93630690501877,1.15587795552799,0.696424241020663
3.89964633190274,1.97838237635269,20.613006641475,16.8107981955842,0.407823200942615,2.40531932057478,1,-0.412737991505589,1.78268836469021,0.579001621755101,0.485091530151944,1.4087807278727,0.708456664292856,1.23926847985212,0.454824673664246,0.744739974903881,0.600331374791187,0.979933571055664,0.591922732670268
4.70637655574933,3.54966862986983,40.0237412429391,54.1238219782718,0.870755940169855,0.992816968285804,1,0.177578500176492,1.74720809915625,0.780733068934001,1.18987044250439,-0.156010637897548,1.73244249145798,0.835702605344473,0.728854567437919,0.542621539551172,1.40917019782445,0.372202402865618,0.871701296604701
10.8232318833296,43.7950259614191,73.1990288130597,583.621892873481,0.977214139962499,0.39692972512761,1,3.28899976383376,21.7355050968041,0.698793033265072,5.96047350594408,0.587203004812582,7.16301810489395,1.14480512654234,4.04691564778015,1.17109316918878,3.48106403150535,0.907948158423516,2.39206176607933
10.8713954658816,179.52200435315,167.377124963804,5529.73571617108,0.279930808949792,167.000237991108,1,0.248503796508683,27.1922352476684,1.05090080876515,37.6309408119912,-16.601272617562,999.999999999996,1.60404643895831,32.335838045618,-27.8543259338356,1000,1.26825762798213,25.1226264550998
4.39572183771987,3.61592035078556,16.4322964980309,24.536785180554,0.928549378520667,0.450227184544153,1,2.43885088923353,3.61351184070032,0.443386828673226,0.877135213298552,0.578690416961385,1.10791935819446,1.17123365990179,0.822784116530766,-0.459683557108296,1.38022255702042,0.954229531725249,1.147625149126
3.89168938631735,2.96977135509817,11.6620122782572,18.8451927944369,0.519241375379259,3.35072432069155,1,-1.84044031292036,6.36961650547009,0.365482301687263,1.77780733349505,1.45844334410115,0.904379486934666,-0.262258880838106,1.44259979514429,0.185848639029374,0.978295010280623,0.87404697507235,0.993906439010201
4.29573865237421,3.10035975781119,19.440306769689,27.3702636323104,-0.354870329755357,0.721636743790628,1,-1.97944922917572,2.80903613168955,1.06041053328655,1.13152099197641,1.36573041582055,0.833522709249796,1.18730507893224,0.770013880063328,1.52110072555902,0.750255400140177,0.97594074714474,0.650040371102959
6.51641547187143,5.76812258286311,117.047104526348,198.295374359118,0.49089552799224,13.9565849344283,1,-1.39109107286848,4.13567276167534,1.25034235516963,2.00012986501633,1.55957718292276,0.84299887230991,1.43829597151733,1.09728765745812,2.06550140781398,0.896300575046677,0.745474869680098,1.28072039611408
14.5429514889001,38.4095042183007,252.2107057634,1296.77050624571,0.516998972260531,40.8130732633134,1,1.03040709962171,8.90986893708298,2.02992607028423,3.99983241375963,0.136337059227038,2.1435410193802,1.6519957031424,2.13079267013945,1.77055532410831,2.43933561251104,1.61360683504128,2.48760196536464
4.57054490422452,2.50981719288021,30.4113919604949,31.551983315273,0.53265247099989,1.89832953035797,1,0.364613224439598,1.0932400554899,1.11877664846589,1.24922171138281,0.00368241586752277,1.56897979794872,0.493471135800716,1.19704494811887,1.30673259066128,0.587356831547513,0.920768263546778,0.681317749734986
3.60913714852843,3.88301893901302,29.2866694861263,52.35711033587,0.660765986214609,4.55728270303659,1,0.605895262806785,4.06577981444796,1.04171716423399,1.03143126689897,0.993898873971234,1.11873329818136,-0.110724344340202,1.2792093691461,1.31608735898841,1.04247629626473,0.225260554246771,1.79892741961932
7.48522281693028,9.2576620673153,72.5084204179109,196.891394554073,-0.618783733515018,0.595187877361952,1,0.817953862673721,6.2368042584188,1.21610749932842,2.1751028005389,1.41244873727411,1.81190378162922,0.773739131649601,1.17061104029181,1.62566889613751,1.21886387942972,1.66384177490782,1.45390316328553
8.75613204002747,11.0483882459076,33.9232965584761,91.7818596821237,-0.453623773469764,1.92838722022485,1,-0.0215919408898075,4.51446939042092,1.19310359749032,1.98135542945038,0.666696924921125,1.89783481330616,0.677093274010163,2.28306262832156,0.897403130231399,1.61401495323056,1.53906758219767,1.41224896595296
5.36275428196182,3.57032351398694,15.3910241577831,20.2050178574998,0.137943314887072,2.61830087504212,1,-1.93662993089565,5.08791349526418,1.1160327732355,1.27479816717747,1.0666897575194,0.569485977757131,0.998330052134918,0.787948956051542,1.06874472733889,0.813410541187421,1.04127882884399,1.01023481940568
2.53669949456497,1.373157636515,8.54961808385408,10.3924701478963,0.58146370473769,1.42790026403512,1,0.271450809193164,1.56542396464907,0.149634218036617,0.576981695006323,0.242916963721611,1.0749417694657,0.658853691950875,0.705940879604415,0.517607521146481,0.976911771174602,0.294099764143554,0.86180681806102
2.92315316117143,2.1937377503903,6.11187204592995,9.13499573032331,0.92375677261111,0.186588108217726,1,-0.573635320860586,2.07475434299769,-0.199375608589169,1.23914709554779,0.780451980355578,0.928596849542179,0.69461190767277,1.14776915366365,-0.884694594583159,2.18295793086823,0.580104127557517,1.16071764953916
6.45309707799164,8.40345409364136,42.8899028738748,107.995993771024,-0.799450629155591,0.417962777595886,1,-0.0529339576529515,6.49476838166502,1.34859491165508,1.42958203097884,1.54783057277667,1.10050931829611,0.22107171504969,1.4390701661145,1.85913824129271,1.50690626808911,1.52578684455121,1.35970088842428
67.3949302943554,681.454658128793,5192.84557782339,105111.843398535,0.803039912709743,71.0506885885674,1,4.96469142605847,84.9894719275852,4.11691692108189,10.0741888301837,3.11211051251198,9.9338744888022,2.57975737070286,13.1905231455532,0.990524952429688,7.86113175877263,3.85000201959892,10.099502645192
8.82590208625343,14.2412179479266,70.5521104826053,226.816152381657,0.989999958303207,0.0289494436041954,2,-0.327960020041033,3.29759787025174,1.68353082607388,1.58710119239035,1.36016739848885,2.11381230406022,2.07162752771116,1.58727855742053,1.15753024520448,1.20206080426485,1.69328714258525,1.63240319405914
4.73311088535909,3.12723820226942,13.2709127352758,17.5875235133127,0.258228052959321,2.83808977769586,1,0.347852729015187,1.53486248175177,0.479336526366691,1.041431569481,0.946742460451377,0.471667896265504,0.751990367089739,0.915111487187628,-0.261914443304321,1.20519003065161,1.17164216888929,0.74586399542006
2.72484215989483,0.828579926188836,10.8103508465717,6.48666385139645,0.846230754051513,0.342969886011107,1,-0.412545927108811,1.37709386539506,0.758657787311439,0.495627278507248,0.670521585923421,0.423296905353832,0.266381603521247,0.494277051457919,0.877341052522196,0.381434709053593,0.620073419478926,0.598425615726025
4.43852133480046,2.28380654046265,17.2904080029824,17.5443083993562,0.420461743776118,1.61783038657596,1,-0.22016054225072,1.5669447118249,0.599838403201102,1.40233531997762,0.740260022746588,1.21378211329272,0.0614792902784446,0.979111619755555,1.14179500847829,0.619428084557784,1.01281797632989,0.778308580586867
17.9768303654533,86.1163347292488,495.688970668383,4791.76874490164,-0.609952984004496,5.27091953831177,1,-11.1450432239293,58.9178521637696,2.64819581532171,4.80589097657545,2.22579281318456,5.23394835598463,2.19759895653201,4.93807357001386,-15.1177355770682,999.999999999961,2.41557645674702,4.58275978598957
4.22935075830909,2.21947516241429,12.0555471427521,13.9933475646063,0.408619984634583,2.60829299814526,1,0.513561591090747,1.56193746330458,0.729953745130295,0.715402766867751,0.78234661091526,0.4445586934533,0.739255044321178,1.36928350932791,1.62441159973956,0.583359262530606,0.646859627272458,0.882721974988409
3.20635617603802,2.9825867719965,21.1949000187973,33.1772268868627,-0.224690468052736,1.76584316631632,1,-0.618140653857309,1.8047467974796,0.731012325270714,0.585433994646754,0.846586847499079,0.815063354149995,0.147131643640244,1.41442759857898,0.149756312913055,1.30221775071246,-0.552876560374857,1.40534119472583
10.5199029880001,24.9035000940964,153.681354882263,725.088982884382,0.989999952264986,0.0551093379951446,2,5.44093563044503,13.1891680185291,1.41869674066483,1.30783869862058,1.5168690328048,3.16459654505013,2.41065593459109,2.22333016005785,2.11615486291942,2.33303644551838,1.57194187815849,2.25136753404501
3.78861748203008,2.59709363147284,20.3270120310479,29.9796904526863,0.0989919225212717,2.92057586997279,1,-0.500380994386664,2.63193157669414,0.67793939691447,1.21727264876712,0.707189205365723,1.32488242187828,0.941334292318554,0.858930910360988,1.07018679981921,0.802263743816646,0.649699769919776,1.26772523254194
62.3620271732589,287.944590493212,3928.37070106142,36874.8963266625,-0.987207458998583,0.0908534488734229,1,0.589397254806108,9.50224473585255,3.6918978297456,4.45102540402649,2.64829545994844,5.72664775608637,3.66960961202042,7.44314442502912,3.41297166231078,4.95122065903552,3.71469619821159,4.52553465531937
6.47513790707115,6.98776910760264,36.1527908294553,73.5715607983441,0.719158869188262,2.40738964507037,1,1.79703576728405,4.35421102395948,0.771589294375097,1.96043164966265,0.399081676756469,1.19845936078465,1.34830500636423,0.823908327382236,1.27078431490637,1.07781443841664,1.3241694722613,1.27422104587086
12.1971047969715,24.2061065091078,172.350751286811,698.734371009934,-0.945701993113762,0.22224973196475,1,2.69679974736357,8.47434022657808,-19.4672646551328,1000,2.02182884444659,2.22879096977969,2.23774525021318,1.9711003955968,1.42914758798007,2.12114648006733,2.48867696435791,1.99979636447786
5.19084749416675,5.33016150742694,29.1055284071386,62.5615724930299,0.379453793777037,5.38099802824364,1,2.54316769167889,3.41742467416924,0.798551206753523,1.40901444069804,-15.9232577789119,999.999999999995,2.02835273650214,1.01248823128558,0.883063470477222,1.29873238034695,1.02965604235417,1.25492214855893
4.06423656413994,2.19414829387764,10.6349741829796,13.3206175614764,0.568383611715993,2.7233764449551,1,-1.75457102770624,3.15912461255658,1.35739330650484,0.679740470864139,1.08306030757474,0.752743080312438,0.257145944986981,1.40758295643391,1.04556205477541,0.739793257884583,0.705382966848913,0.821693273456
3.58745588335169,1.98858077403626,16.3108173892723,18.6339950938103,0.37731582498278,3.27196657609146,1,-1.21874683959578,2.1829894889692,1.12531473013157,0.746256078903943,-0.103184036940094,0.790118134338802,0.678058267749202,0.845710463546988,1.23605596020506,0.782587577606669,1.09477490001151,0.653953586913455
4.26523426437574,1.71714440458388,17.852025459145,12.2997668509585,0.581275919716922,3.62904301230357,1,0.410983539046906,1.648842281717,-0.114282242623359,1.15440338458805,0.978138751649726,0.478144746211092,0.485207241616487,0.72183751793698,0.385047607749404,0.791676672175832,1.24009803425148,0.352625112068259
2.80434615217957,1.2360110436709,10.2452851396693,9.28894484077319,0.611042306355667,1.34539711816359,1,0.411170516708696,0.841387071413606,0.572194549725826,0.4028848427087,0.367437418681593,0.729061651911395,-0.338551868688257,1.02261956092917,0.663074698934247,0.623922249431471,0.0311754426421674,0.912573424862311
7.76939334592482,14.823749570647,53.8545291432384,196.00084903184,0.0285753838367939,2.71958620710899,1,1.20381148830673,6.51702759285239,1.65434256323579,1.84722150274686,0.597878668755982,2.01102505013408,0.916059305982518,3.0587932720438,1.45556325423242,2.54772695384666,1.57051867555102,1.59711492359114
4.45522466584068,3.50600712703728,45.6109998680094,76.4241908492548,0.169928134120286,3.2488845436069,1,-0.247131573759068,2.92595252902183,0.745433418011855,0.674296696978368,1.57152522202297,1.06469067316191,0.9153231895666,1.30140632693721,0.888055315017782,1.25689394827005,1.48244176553086,0.915759184927704
7.59846011206851,6.6446059419426,41.4022387448629,74.0516443582282,0.23801445917722,4.18209490299552,1,1.60178201552885,3.92972720111838,0.103025113173675,1.66239813177399,1.36311457092018,0.723144058113458,-0.016231557323269,1.06508552965725,1.42800274515791,0.904161619149869,0.435177223396534,1.15277509463742
9.67107033878787,11.3749793569653,57.576097498342,125.297504907092,-0.0602640249448623,1.35412865616743,1,-0.251080023900255,2.16795315823521,1.80545498479368,1.24362242045696,1.23611191599523,1.15572319849848,1.37655009324371,1.28587721683985,0.498940907018279,1.29750969098642,1.38163482510356,1.3339874786812
10.7679146747534,25.1174170817805,59.9903543289667,299.034630402052,0.296449790869257,17.9403291648375,1,1.17660076120038,4.60109628018534,1.10829447851811,1.97528017209897,1.26355427809334,2.94105960241683,1.41701826684716,2.97376832441827,1.88262242255209,2.39050457567315,0.644506100082932,2.72355225669901
12.2990093836877,30.7101401127228,133.251987818205,682.477298030738,0.251908934010166,6.57042470141858,1,1.1188373281275,3.84531719129436,1.60243824648647,5.01719868756491,1.1440040393476,2.4427904364763,1.68915159043868,2.11010767509063,1.4729670598232,2.36603049510529,1.86069866287038,1.84278114288563
2.21355504485226,0.698086643038237,3.80508305048979,3.03757229222956,0.525292667540588,1.44452981608814,1,-0.606239294095223,0.908735232760558,0.449579500564029,0.301754440261293,0.00333895398862483,0.353820636151851,0.564172860220418,0.502809060021195,0.15151451463883,1.02818884652421,-0.164571137876623,0.906737964136345
5.62043407846162,8.21184463635505,22.0754132612224,67.2110980577613,0.324567769523226,3.39170778787501,1,-0.412068600414567,5.93867991956409,1.20319251476151,2.97161656976879,0.672990306899137,0.898860274929326,0.654175344413031,1.17171797723502,0.969496502144862,1.72358230240333,1.01340169576263,1.60406418284818
22.1996142031894,63.0575508180516,922.541289115214,5372.28353726631,0.989999966075808,0.0694995551948068,2,1.02650373029809,7.15999231492003,2.35986442478982,2.9358458361289,2.83388997105738,2.73698937222049,2.87372351156944,3.08676521369346,2.94131333684407,3.01529522260091,2.64341847141004,3.10387265915474
207.182315424428,592.218646632157,79264.1945312978,452509.516773522,0.127855563478487,998.755860037597,3,31.8685794513043,210.014966195844,4.74694673995617,3.19143554373977,-40.7877914224791,1000,3.98026303714548,7.57518936008346,-70.8280957736704,1000,4.32065337498635,3.03491703975301
44.972332637782,308.592570837998,1851.66619252419,25354.7077068366,0.989999961370441,0.146836019897618,2,-4.90883150818169,36.1267531935892,3.02635308988551,6.79669098208309,2.85929291420909,6.58906389051284,3.00229614002529,6.50655660406463,2.83865979973654,6.84486073501092,2.81380886628902,7.36642601758849
220.34704392912,747.083115092607,38476.4245326227,260730.134579364,0.402542496035204,757.749845032287,3,13.667974083705,230.692442417577,4.62239402474698,488.881672905406,4.04343182844858,872.190665859022,3.57517720744578,5.7294082053346,4.51937862019125,3.42748281682396,3.11465928048442,3.52325137455471
3.53524405729272,8.66260054937755,9.48288054434146,40.3567748043227,0.912201121002891,0.774630341126705,1,-1.91312154148092,3.26211557868103,1.27097425267366,1.94876847738938,0.339640578641505,5.82782407826174,-0.734435280497736,1.90001428364297,0.758020107029364,1.63511426637091,0.637074070639639,1.88514979852462
8.50647095267275,35.7923772785424,96.3962018035558,832.750150584169,0.329478888247701,23.7140811162249,1,2.04273444213808,11.6922425172877,0.454957792829986,6.80371513008664,1.08234777872308,4.2369553980532,1.3247972342689,5.11037217599188,1.17728938394269,7.1749696245335,1.57017974673352,4.274410838111
9.44801719176978,13.0416268648902,41.6129973166833,121.003791705025,-0.671335618817591,1.12107393354201,1,0.0451156704904403,6.5881095553165,1.38158058487281,1.63302729429984,0.182233912150157,4.03755537244814,1.57597473371127,1.421614500206,0.982653052569137,1.50139422961777,1.44714987284417,1.5620249318592
8.94400875324911,34.3006346558822,53.0613388019455,405.544515050992,0.410804981943969,8.02553356108682,1,0.927679113042464,3.2446988834267,1.00034856915822,0.817755041751334,1.0903473088255,8.28919073119941,0.970570978144883,2.72490826326005,1.04378850793569,5.52540911556016,1.44976892565197,3.45876251578257
4.13192812652731,3.1062116683287,18.3743946320802,33.3220906089013,0.525055245510497,5.46124306082174,1,1.34461371364525,1.60825938235754,0.0656646885372745,2.22075078575462,0.565596639170367,3.02384896678548,0.363347827559884,0.947923004581842,0.178179265077017,2.56686108258883,1.08484570293459,0.978213877276803
3.37920049657791,2.20904891774209,13.6379455900893,18.3141673145369,0.00782264060177616,2.09053415832967,1,-0.383831203472671,1.55440598123954,0.533048576909187,1.31319174371041,1.03615698609243,0.565657338964983,0.436668121774897,0.642259087265245,1.2323784395845,0.425421278871604,1.24910987510905,1.15280453695154
2.54441923318767,1.35424902148657,7.25095465178019,7.82339271096199,0.590953487569555,1.60435378414803,1,-1.67367964395312,3.04129600366912,1.04500157903771,1.1535418072535,0.872093482928043,0.38652467856666,-0.349331577648577,1.24899375690775,0.330667036095995,0.730645338324952,0.134022295770622,0.77622349671633
7.02147188317305,6.02762942527491,26.3155686043679,42.8099949417537,0.456055280672895,6.19082563622324,1,3.71483354918871,7.56787293719562,0.708241655578246,1.63915848726105,0.840237585411126,1.42508429516605,0.551698621682658,1.34172296008531,1.40326467915826,0.973508598760496,0.933166265954313,0.785406538981846
5.53275796771121,4.06740158938607,23.9345626196305,35.5966364246418,0.506600966722728,3.35944941079075,1,-1.55681926778002,2.24119247194524,1.34554091831233,0.831547321896984,0.699705396541352,0.5943769126583,0.786250693886793,0.770266555976758,0.887123067940072,0.911563977988342,0.455696353203838,1.48118388302806
19.4549414035246,42.9236240084543,314.644612789511,1306.54317482889,0.641781063290535,9.67179989395299,1,-2.38352364931466,13.6746546161085,2.64076231797507,2.17732068846449,1.86953005974939,2.06404373521397,1.83563255252038,2.60728532358106,1.46346482351857,1.83979573165019,1.45862672120814,1.94556840251952
2.75511770009966,1.51005862557542,13.7507306729578,12.2353211939624,0.875295431238357,0.205792148852432,1,-1.09063344853291,1.41213696041413,1.23796130229575,0.563728054124121,0.891119375477437,0.477181240288358,0.275335856962327,0.697615493745733,0.83320855975824,0.548133841719468,0.192622459272463,1.21205256864999
4.36727209201779,3.73929616706276,7.86229529160866,13.9877430474539,-0.730219574967872,0.340789721635178,1,-1.93088086738919,2.01685829405448,1.22332515314315,0.781088849884034,1.1384186496022,0.913697404675752,0.749665551386701,1.35041388113533,0.669963805854211,0.954111036615909,0.363550965336248,1.40377344141967
2.6796055345914,1.41524548776241,24.0066444847827,23.6184187755917,0.776103497421784,1.48709176239367,1,-0.717912297816794,1.68297677927856,0.970741674851361,0.817421841050243,0.658985372273745,0.423403214751957,0.434205144707151,1.17440497447098,0.782295812877752,0.432140666061678,0.207410989858698,1.13544424987422
4.17898894256034,2.35559553583424,12.7166593068483,14.8070130683522,0.373974953520822,3.25097337995888,1,-0.130553401806274,1.35856520686721,0.103881381201406,0.888095350903458,1.12370184012408,0.644239324719268,0.380638661017905,0.93564366789349,0.513564729950397,0.76764465808314,0.376838859775955,0.951341173466481
8.88213833260723,24.185053648014,34.6376694080952,186.409275414522,0.973714392422001,0.175497821565861,1,-0.308009677767269,5.06167281449519,0.457114894399311,2.3277277423725,1.60036460047837,3.22280250898474,1.97769434912623,3.09278760596127,1.04351808374593,2.49114538015765,1.23303518966732,2.90971438463848
6.63035491123903,3.62541379197097,33.5525518851661,42.9281423505527,0.445314981845173,6.10758912280502,1,-0.0981782043023538,3.50648300608568,1.56612524612714,0.845521203856433,1.10450818139174,0.736895489028156,0.453554222710396,1.14487911921094,1.37571374811351,0.961317277038035,0.286348796322681,1.45666329365789
7.14894321264699,17.6250422558335,49.0358243735179,242.628629258243,0.958655699199866,0.26314490419129,1,2.99194566728242,6.9140655376122,0.0355859254705115,5.08363960822574,0.901969877374556,2.81266059213233,1.88649239183238,2.41650769421839,1.50930714459277,2.22963854930052,0.975192208191492,2.64725287283901
3.81323905602586,1.80371659510916,8.60640488730785,9.18040781253652,0.697423719848975,1.16703183932066,1,-6.81740108473217,7.92681903200282,1.82776373008847,0.821099639624877,0.957114541092208,1.88615554969534,0.840952099664437,0.494193866559883,-0.227885012405266,0.790431845330002,1.19311867061194,0.51579284984035
12.085797945391,19.4072862740747,85.4578907631735,273.485823015186,-0.478956810863851,1.48465929626716,1,2.39401837934992,3.69062445571973,1.72539627777264,1.59627277936663,1.53851643301133,2.08523941002772,1.95773199291695,1.46008377286237,1.05289717636134,1.59050088252403,2.12797049336569,1.64216230390194
3.41038229849819,1.00908676193386,5.93709585486453,4.38602930787078,0.689436635547884,0.943501381449038,1,-1.56151781849705,1.5236211792136,1.1844230567817,0.443760405201761,0.629129851719891,0.534538322276711,0.697223301361457,0.666879280815362,-0.0836972604928435,0.854812940225317,0.49722339914645,0.461646008739269
2.40665453290918,1.79986353131061,6.51431469384626,9.4402733589708,0.217032294490874,1.64354376471348,1,-0.0681071392552396,1.08144792579229,0.337649557369759,1.12240234264069,0.691486363084177,1.67314133124768,0.276829051622011,1.07080067294698,0.619606646497383,0.819898398284037,-0.0778138033516957,1.06680893068613
7.45627685636484,7.58710221728847,49.8455966134306,105.538234497361,0.532662820050174,4.69465576712479,1,-3.67570468725267,8.13822048174332,2.02981649910625,1.37815738171464,1.22975218554917,0.975722787402637,1.21780528277261,1.66068632192221,1.53536716371608,1.15021753287579,0.67472856023143,1.25055742992334
4.00255001934202,2.25417998823887,18.0168827113391,18.1579413936972,0.585684220198297,2.02580024832344,1,1.19834873278984,5.89063940745021,-0.215774341363237,4.03054217587414,0.0949940413238875,1.17251999669152,0.89428847591945,0.670279196515784,0.533218315585162,0.44398422717181,1.14951685115173,0.681456403346925
4.38271171180668,3.19228288859481,12.1888659401634,16.3510051044242,0.519191364982963,3.8160049082587,1,-0.23839132508524,1.29724625254199,0.224674751018828,0.598064078861603,0.954652395958588,0.770959109658153,1.04956763434012,0.716096084601147,0.326085652612642,1.25213718755923,-0.165285856783765,1.89565566555823
2.92424177996404,3.9962440248846,15.2609715362728,38.8648783478467,0.360632406371421,8.23572316079169,1,0.00866019641729406,1.69354625329222,-0.784595309811506,2.52691838249612,0.8095309721777,1.96936452326187,-19.791856220469,1000,0.167185799900039,1.28385398332723,1.09202135865624,1.38061195982091
4.80802995658529,3.86302402711607,17.9777062115349,27.647933204534,0.518203553550511,1.93845132884357,1,0.167612264091282,1.52712242709216,0.746734808557178,1.1615680626863,0.734282966819827,0.63650441822723,-20.1076220993898,1000,1.05696735188104,0.576560303417026,0.86493860738136,1.16775372825508
6.6221749484455,9.22570707137039,40.0327462192438,117.810358233231,0.63140688328877,4.42464928063744,1,-0.120884548470426,3.23553419933189,1.22919178555251,1.49277174911999,0.174047538945365,1.94341366120567,0.527705029226603,2.29595130993665,1.06538308370284,1.62643231250475,0.554137346905418,0.997226773839331
3.08082426560059,1.26695275498919,13.3787666391221,11.2695589951184,0.412156353224207,2.67728676592509,1,-0.944682289148691,2.4720111324059,0.207390991938473,0.795500745838443,1.01552280351741,0.813643168575324,0.756649011773036,0.595380900332499,0.329611493154316,0.895677535260422,0.970475136997017,0.416695431282178
20.4468823862314,113.277860947375,393.381534979785,4360.8600103705,0.54925013191743,26.7725005108284,1,6.74556259744912,40.3212450112991,2.72242985121794,5.49235511172689,0.869901566813935,7.57102285726657,2.19313709243541,6.0033272166348,1.35550681035445,5.55392513794987,2.01288466337445,5.50598748030437
4.25536095470583,2.48718677699806,27.9922852314451,33.6706018199066,0.246093742320017,2.01561760868778,1,0.385377209249781,1.70315164719697,0.509020460329948,0.635912868170201,1.17877155873958,0.780599977820891,0.265534220565462,1.08936682088355,1.04408140237644,1.03573398280042,1.18747485511395,0.670030645833374
8.34452352148291,8.44208538471498,46.7382466649006,94.5598212222683,-0.393701269858772,0.635628801342994,1,-0.0759186989223544,4.54987460505092,0.59412602356128,2.18161484759062,1.17117531066152,1.1904068159883,1.34883134042418,1.16797047903515,2.29708700269044,1.01841791910749,1.42240227377881,1.10104240952437
2.23476505356727,2.0146798103631,12.7076051297649,22.7123609415993,0.918662719826906,0.189647417558933,1,-0.0447927024313548,2.20798425967611,1.24631406770643,0.795962791596843,0.43150496702717,0.792138928686943,0.0416518965327982,1.43101523496803,0.952379341511823,1.055841334981,0.705846826684224,1.10643144106853
13.9326074908556,55.6771236871703,146.642024000937,1138.62173668878,0.604848786895355,15.2679486031985,1,5.5374777065026,25.1975635514155,1.1824994199471,4.74542507641495,1.74187351448572,4.65724809162879,1.32902302069264,3.37045752683267,1.05497148478553,3.65173242339957,2.13652222297175,3.80048125781966
1.8436601605287,1.05834797622402,15.5862418809114,12.0258183444804,0.635325011269583,1.14711007860571,1,0.541232545744634,1.06494820992543,0.537498545782949,0.591005059073556,1.11092379460679,0.81204072659573,0.654420638667089,0.736584537130082,0.0713788635013187,0.763408836961099,0.78913697611108,0.487121497616288
4.12074916134294,2.64331536965849,18.321960177676,22.1208626436046,0.745328600373826,2.23786598111853,1,1.47876379596795,2.13083615354733,0.997066710201753,0.480158946824078,0.445914622236406,1.14592497145241,0.747079774457778,1.06145022856226,0.529168061794034,1.0620386293383,1.04996844107879,0.818020008680453
6.49738857338667,10.9025553411265,35.2484961924472,100.989517453985,0.255615159973178,3.38843666489733,1,-1.80251786181656,3.74436215891303,1.11652841007739,1.30942860125979,1.32552736930338,1.31715080610664,1.15114836836129,1.53611935965847,1.00641906798048,1.70356307533116,0.747022678266283,1.42354425743833
5.20648967572323,4.06658700839132,23.6510136965772,36.2706257378726,0.627410813386866,4.36261878506407,1,-0.382096072274201,3.46155273180459,0.779494246644798,0.790911268397186,0.931154915587624,1.38237439573509,1.17123022015237,1.11788299082813,1.24317738566385,0.986164060623346,0.207503414796732,1.12415983476959
5.67198216154097,3.32540251652409,16.7260316548875,19.6493192124083,0.436569345434772,4.33741795098201,1,0.474882715993105,2.02186024142813,-0.125475770240169,1.35418665060334,1.10220998148614,0.822764015320538,0.81842596893355,0.745729985206989,1.17232614352058,0.903094745012547,0.489648168332525,0.963894220651795
4.01669616877793,3.30010258375752,51.9537443912327,100.227865192224,-0.212925194016785,1.62912809897287,1,-0.106109604066433,2.5154184067619,-0.227261416581678,1.31292376299441,0.828250864922034,4.46657763329756,1.39981374350082,3.20407128355577,0.99322879960195,1.01367950626267,0.735977865916012,1.14067611052069
4.13515911597455,1.48635771092343,12.8259517090004,9.44074067016932,0.414500229850168,2.78193658883058,1,-2.34062056091613,5.05505203268965,0.448012960700297,1.44133334141643,1.45648670730415,0.649189265533842,0.685856511415952,1.02137990873633,1.18424078293184,0.40475381038864,0.840512643156687,0.516666448750286
11.5489783791144,13.6309955807794,75.5024542206766,179.920659577138,0.476744641128576,10.5639563466364,1,-1.32398189014272,3.58687390176499,0.894322344414147,1.85983363896463,2.32999847628811,1.20930959945884,1.39831276376046,1.08069134118267,1.82362202996684,1.09979565456574,1.49822858657023,1.85825398007287
3.39705486004523,1.51405691501389,6.72344610316403,6.32593873921594,0.207371148119759,1.2706554293846,1,0.33300307946308,1.24997868402957,0.667585263649758,0.501450254406038,0.648709066355782,0.890497886891134,0.904426033054863,0.520770805768546,0.340273508838406,0.674127976412231,0.69579652030976,0.508149160893818
150.98870843223,772.355981596119,15309.3838663018,156521.280309568,0.375291674291575,200.765821435853,1,11.8121786617871,174.868298958477,3.54273439781506,6.24255732877003,4.74825493221624,5.14633749373881,3.2272920641618,5.54053260817971,4.15862484885576,5.16230496745624,3.43249895827481,5.17570269356414
2.23729504345449,1.10771750873459,12.5732016079927,10.8148696536518,0.794847489176717,0.949535833904799,1,-0.742615398023028,1.5692500710889,0.752648195682638,0.631439320361111,0.0039641275847519,1.20143331178105,0.494045874730389,0.544872020258426,0.410140500903971,0.465144861099855,0.646282393221817,0.815399990362391
8.00003064489009,7.15273559770346,74.1318538899918,141.077835495278,0.48985155926911,8.0271569275713,1,1.31119357392648,4.89653369132435,1.44686649365526,1.19894946024236,0.922593109969386,2.13536030265449,1.53617812984214,0.647472740514403,0.843721112484116,1.48086728098476,1.18615415894853,1.330555239327
4.88962679060439,2.87783180909626,32.371734269839,38.6416250432996,0.536177526728252,3.01090465925532,1,-2.14306343643109,4.3568044203113,1.69347139396025,0.938803474250878,-0.395582586562438,1.24936005062749,0.650680897680286,0.973724617493371,0.906123804039597,1.09539577241838,1.11316994600542,0.390935518123776
4.56280098664031,3.64590557860003,13.4653385782026,21.7504902431035,0.106632388137428,3.15891839893233,1,0.483495245323028,3.52490512397241,-0.397893527758927,1.21293504140643,1.40955120234548,0.922095755941584,0.307545986448004,1.76067927401694,0.354786807314148,1.50566292034449,1.31643982501986,0.760571345813625
3.83998392007775,7.68899744360487,23.18285289687,88.3899385328871,0.0994976842488455,4.16299108522421,1,-1.35429077220268,2.02958889301187,0.866755354945625,2.51096788241853,0.601149112699784,2.34766716376001,1.43414353000405,2.15255020981804,0.953928118102245,1.80099869844229,0.492327729004725,1.99025581240909
6.38193363408771,4.30939050306037,51.5972970743157,66.6492838874616,0.39999327352541,3.9143921704457,1,1.30504169642729,2.60729511406369,0.258633548628336,1.13998731565622,0.849959461273835,0.774312553625841,1.05870992414704,1.16923773592339,0.738564088622118,1.17851674685959,1.617289199316,0.833852635556321
3.69757751625738,1.45472091924476,9.60594927805563,8.62612644978696,0.388584445015802,1.96790342931406,1,-0.0496866607493539,2.46988062157715,0.697973599295412,1.01111725085723,0.0428707675845782,0.964728502301517,0.711676825781423,0.380865831939364,0.845476602393492,0.6904715690138,1.02254767704936,0.416602509500289
3.68234504786358,1.56242144562252,17.2543025975773,16.9453058917922,0.570886045020549,2.41148002402861,1,-0.524332456390742,1.63537004781444,1.1650676735309,0.46758356088318,0.773111487691544,0.576730695167222,0.959912990190564,0.847564725837912,-19.1745140084488,1000,0.966381663826641,0.795727099635261
3.33650865393752,1.88940746722012,8.80825517964544,10.4019482640241,0.558588464951476,4.39104122208698,1,0.389137569184096,1.49336656394127,0.174199373995332,6.14149380334752,0.366396839127865,5.67111058678293,0.976783795618202,0.437606191971273,0.71621369586444,0.775826775866281,0.174564289379579,0.911089739974783
3.45919103912712,1.86608191870629,7.00406429696892,7.97989565554778,0.20739997072431,1.70246769968548,1,-0.842020552452977,1.09819870217746,0.702558923515675,1.07233108688684,1.14135959814154,0.59760860809177,0.690743409875671,0.581948458434831,0.838247036055221,0.974240621103058,0.985586051739149,1.26113944069127
3.17832571210412,1.85680543194317,16.0771210919608,17.3785969107763,0.620306310840844,3.23477324518927,1,-1.14534226856783,1.60965688648158,0.76920648771353,0.754872934902596,1.07864931282037,1.64773040950755,0.901496984685973,0.671000382005727,0.0594799311118184,1.13708457719228,0.996038311546515,0.524817475287952
6.43454349451295,5.47713595725426,85.3243405136951,144.444192268593,0.513309466049615,8.31666008662638,1,2.16499291857044,4.00770498192806,-18.2454902277314,1000,-0.0809979134150284,1.83992872605555,1.78711162071013,0.846803924335557,1.67676943873328,0.865250391656965,1.4643338276657,0.824951564144015
7.43958255781844,7.85976331979598,86.061557290092,166.74639228073,0.335552104808154,3.18152753490277,1,-2.33990970337222,4.70808591773274,1.43480503899589,0.923629550639024,1.10073951763388,3.15578106414421,1.15548098607239,1.96132580574723,1.31347732118293,1.06662841151141,1.39350971878735,1.2784113919098
6.25769432947266,4.85942951428317,42.57226380487,54.4166366554817,0.340696966135117,4.49665289970811,1,-0.586103829500637,4.14315072369608,0.472918538886491,1.49015630028416,1.01195755735926,1.60065310725237,1.14777593508753,1.26341774617639,0.829610906620528,1.03303154261087,1.00589416151028,1.04839710595497
7.65305056443191,5.01886551148043,32.04587781597,41.5264635887716,0.537152857091014,9.81073697356235,1,1.44381053276454,3.14452271635543,1.69990527145129,0.698896611118472,-24.2650939603244,1000,-24.2650939603242,999.999999999999,1.27042350948067,0.679712561194153,1.07648710984711,0.577685866983792
3.01726776613646,1.87616936536462,6.66575874494144,8.13403024699211,0.903636816880344,0.197583738591613,1,-0.162448839560492,2.03025467619023,0.590096326572846,1.00407130740822,0.711255283687892,0.572001424501574,0.532695008176171,0.683104610902776,-0.143525993596103,1.07625227544269,0.516188115313937,0.463710536441952
3.98744221614639,1.32670017138351,8.39355583395058,7.34799657990604,0.167732593298963,1.29613529391736,1,-2.61088978927531,2.78446331217858,1.05602576100004,0.488446488040219,0.890125288586479,1.01034841248419,0.672337793511098,0.331737483164754,0.751055998942204,0.54236842991977,-0.101794252902252,0.800246091844856
3.31175141511845,1.12945267908141,9.91694234737577,7.74681581894399,0.415622214983033,2.31641211919349,1,0.892407681762321,1.23479566060075,0.152634598991554,0.566304812298758,0.116468249198157,0.881880382255654,1.03436584269699,0.589162507797196,0.679694267638966,0.829421220932866,0.942234037282241,0.592303968071591
4.76465219314956,3.07762289652396,18.1323937919646,23.1956245319722,0.409493673652948,4.26246090202153,1,-0.904368070658318,1.27258831168055,1.48429973845348,0.820387272401169,0.936837395541062,0.756345192454788,0.794572423069973,0.896833349708686,1.05543130626052,0.570574768803352,0.473510107998599,0.698326602747633
4.7743090526902,7.35374424908029,106.909160348723,273.081788178442,-0.280861739372251,1.67125088143677,1,-0.999874554086093,9.56839379069008,1.07334548009067,8.53269403149562,0.98236308247353,8.90432762918456,1.82220557497936,6.81319497256133,2.0370040459075,1.29436423452804,0.752281423957007,1.09738069972421
5.12929168999988,2.97284971248379,10.5941156504113,12.5101431684002,0.349490456755635,3.04525610111323,1,1.30802209983131,2.66654308836156,0.786648465413495,1.05703375276385,0.954489093136381,0.977025113376096,0.76513009125743,0.62747087733993,0.375021430815869,0.91810885095634,0.00956253098082871,1.08592766654875
3.43395563436378,1.26780132756705,7.84279703907101,6.81902573875629,0.533556256313779,4.03509941393872,1,0.567444145162159,1.85050595286197,-0.179497688987494,1.11989740935964,0.215560675429794,0.893268454560907,0.547171306735269,1.14714638136343,1.0618415017572,0.430169622465679,1.02321619959767,0.488851403918728
9.75550786146215,15.3248798852722,62.5458468281522,190.427083591033,0.472359438521369,17.1149882356781,1,0.839543972876893,9.44915489310099,1.22169324934276,3.32359106841942,1.89488547335219,3.0703049666407,2.1992123844026,1.6594042542469,1.6133523237826,1.73811762988104,0.900644453156665,1.75241969474405
4.19502210695578,2.66186108416821,11.4992736766067,15.4771719303783,0.613387413855065,2.88216704442803,1,1.87944966727238,2.8192011338151,-16.7395837504008,1000,0.769162144676229,1.28613563242412,0.0984511154603051,0.95437689193128,0.463801798738484,0.80602171863673,0.952456365469613,0.498918011886173
5.42900622346925,8.8198201483238,23.6173217104692,77.964970004705,-0.327412261860373,2.71941894897269,1,-1.466010614494,5.29604250610195,1.53084041571001,1.89355713936508,0.689080477155541,1.33693340484353,-0.349711196715791,2.72464986234508,1.31011978354158,2.05019692642823,-18.7023694832763,1000
11.2544804096475,11.3584208356517,84.7555470047321,178.020937118883,-0.887891518067827,0.212255925142418,1,-2.13627179061371,6.28442688767419,1.94612331864302,1.19036077357372,1.85806422491383,1.46913084753214,1.47284769384864,1.48231765231818,2.02377802540157,1.10211031890869,1.98743404051469,1.01450376082069
3.41260848651217,2.12768276367292,21.86311218357,25.9504014668756,0.0636734073703165,2.07951460960974,1,-0.492809791279778,0.922859104054657,0.956025293818901,0.638566612264003,1.10466299148122,0.835024923075875,-0.907371341075615,1.04389918317613,0.768840166533493,0.709706254710396,0.871460168140511,0.895094057752187
3.99309021570526,7.24652400957,22.6698456861899,73.8582807370087,0.624946914569204,4.07536277834748,1,-1.43121340654902,3.901775337123,0.50903391749647,2.72668502435103,0.625867781655628,2.97983549287734,0.826351520641592,1.82024881642736,0.69028157068371,2.23624137260819,1.11569678523687,1.51763367771379
13.1324221485608,37.2709017453007,428.535154868733,2876.19225286103,0.415344947201339,26.565292658381,1,-2.35013950180685,34.4337003830037,2.09177205526665,3.34466896591406,1.95503519794257,2.92992385486428,1.73003312602802,4.17519699764588,2.06349957671656,3.69244134907243,2.47314089749365,3.51269672109763
6.06531607236228,4.35161497550318,22.8479417296851,27.9816653664823,0.428469832587193,4.88689832907077,1,-0.646406090113747,2.71327487591416,0.929384812949166,0.864479087409182,1.09167802922252,0.919866953995492,1.11454672901331,0.742932302954628,0.100705412607967,1.24052214320823,1.33844235056317,0.791550038431073
6.26040873198594,6.59071644700778,34.0284156604461,74.2904228420858,0.761057709108468,2.2104444105218,1,0.612610998943198,1.7574712763715,1.04922837842985,0.968209350349487,-17.2639401298251,999.999999999999,1.1635313854419,0.982189448380624,0.951350381328239,2.30283016496941,0.258295557852057,1.3567355209784
64.2511785427981,404.68810495013,3749.48729749551,46491.674764734,0.669759885526428,944.272030252223,1,10.9642567939417,89.0993687792638,3.21633619004929,5.75506772029629,2.81719120156936,831.702771109213,3.22122545249351,555.299130064659,3.30859036659986,6.48720980043253,3.13407102141116,6.03120699685768
20.7098447901675,90.4105036085899,271.755447936941,2302.47640995496,0.98999994245572,0.126921479851816,2,6.8682673032204,32.1304341400885,1.97812679544053,4.35784343307487,2.37057632922487,4.5735241414874,2.04065552371384,4.45465555566793,2.34140463030239,4.16133296057389,2.18935417035147,4.24168874666978
6.19187938006973,2.56344758652154,29.2612517271247,26.5531032060397,0.497843973270758,2.69744199116492,1,2.89958624936446,2.10416773752705,0.971160471802562,0.531415532479146,0.941199993026864,0.680921414872314,0.447208675520994,0.772241769540168,0.801342287634689,0.908627021620437,1.10437424744684,0.758175227890608
3.1944657718624,3.22057563339609,5.61459729298359,10.4082608252196,0.637263269079704,2.29847988794321,1,0.529529037079273,1.90826686781825,-0.0914180559645277,1.2298094110369,0.397838189083977,0.809369773070163,0.911074316066025,0.989712252567523,-0.12741623433402,1.30683722241907,0.0217571062030669,1.70442198910116
4.80026911366976,2.98694484315712,19.5845579227436,24.4135511510693,0.908494019587414,0.242567052689902,1,-2.36480068112593,2.32851542941112,1.34333847247786,0.644046354939789,0.955885397462446,0.770306191118243,0.89100408127575,0.701225742778012,1.32905311486911,0.528802664007115,0.953653006875605,0.818803482502873
3.30610471167999,1.21958897527555,6.15720292522282,4.81765637843523,0.0390111532301034,1.12322220267004,1,-1.4030039455901,1.84486369413704,1.08882147433504,0.651887181684315,1.24988964971536,0.479265916521874,0.602146734904293,0.750512984046474,0.568524450108635,0.590625545620091,0.86559233699884,0.408623206949953
2.26077400379991,1.14087058982415,6.16133544172248,5.92299007861496,0.908260923836066,0.151838390852378,1,-1.03639828387315,1.46007680847751,0.845765394020277,0.246185725590507,0.642204228073792,0.457691054607908,0.75918956913641,0.46036306444096,-0.162568304248238,1.24031826163129,0.662648754519233,0.788517619813455
9.91327677782268,13.6112544881215,111.111027411385,289.048025094162,-0.00438893596058101,5.21108850110605,1,2.38367858937171,5.53598454681917,1.09393562281593,4.10774295980628,1.84819118741455,2.36175040891775,2.00895423929485,1.66420135736585,0.806708686196527,1.55395141353135,2.0043090945355,1.26166365013521
6.70739836476042,4.77554832378082,83.9528379310276,131.624350582349,0.8674035583463,0.370316333004105,1,-2.80418275974389,4.38466809593845,1.2905886543491,1.16561895371374,1.40537815087884,0.671592748497754,1.36343161958425,0.920697138074147,1.7764753255526,1.1146702064443,1.57461733961588,1.01688453807083
7.41070108729663,4.4019172293051,33.1493804689857,46.3609055834592,-0.443526970031266,0.962168838324765,1,0.920270465220976,1.82968713708025,1.2983822575923,0.512996076992623,0.810678969969272,0.867064493858516,1.25283772340716,1.34391122140729,0.453669684584685,1.56507757639071,1.52967885570356,0.748113885188824
4.32893603412575,2.50577371349661,8.68949045290145,9.91345614232586,0.597489176274109,4.13225080658149,1,2.06108576733431,4.79271012026202,-0.244486732584967,1.27959436103426,-0.219733415362705,2.53819694322339,0.236517429021149,1.90383978244105,0.250396036122837,0.792755331233602,0.860184426278328,0.909678196500904
4.1395544317285,2.70201140963331,16.7186874750163,28.1325556164416,0.00439277635346617,1.15506665442354,1,-0.463554840329467,4.06767946548819,0.649540659700549,2.22736520234616,0.294092339828597,1.66949389583637,0.879872656379624,0.508808869567225,0.316149611367126,1.46449265489875,0.814875649988546,1.31099440260038
5.30887589951691,6.78338724555137,19.4930226127551,56.7850199213954,0.432655068132339,13.432125060743,1,3.79738023658873,4.69149678371982,0.437649175635993,5.27084617571385,0.608966236611246,5.78510067745739,0.447850909640558,5.38502730022535,0.992649753703316,2.42699467422765,0.283082455716745,4.09953082804588
4.77501960283963,1.93267352757922,7.35395977129326,6.04776251054399,0.73367497256768,0.793217989916656,1,0.897513510334786,2.39929402526143,0.758890572912929,0.487682474350965,0.397094833499575,1.60854588135359,0.299719173031048,0.427381845900283,1.0077030470677,0.545614712023184,1.17611851585097,0.373117118183909
3.58056560358911,3.32178988656137,12.4710208522944,23.6896820481949,0.259843126938037,3.56909066184483,1,0.4155069216343,3.29117641600723,0.995160870504757,1.24925375337785,0.187216627126675,0.964811551608541,0.865054428828866,0.812305939101522,0.979306878659375,0.898554928247999,-0.558820782012543,3.66824432606284
5.74944592107338,3.36633776739167,12.7949407316285,16.719245889382,0.402970367554201,2.6618090847352,1,1.27907089741139,5.61081299768926,1.10644775317346,1.85645679535724,0.31402139045306,1.03868463305966,0.769407963424148,0.855507040529173,1.1385186844043,0.874498917479417,1.39091007516079,0.688414011801763
5.29158013029459,3.00213303280938,18.8962517465743,24.4614721446634,0.608808546052941,3.64580513032558,1,1.18209648328278,4.54210731401803,0.762744557576384,1.78744124588181,0.917089441808567,0.931113665675025,1.06218593773756,0.693139961378355,0.439202030763549,0.512422194525243,0.244824571762302,1.10682746369796
3.26102415101631,2.22023278046877,11.2923873825722,17.2899734139003,-0.519198505114736,0.767682343954026,1,-0.846243475272917,2.84507097699011,1.0770975401445,0.686895757111666,0.880731843019823,0.795688274603773,-0.417763298363171,1.46392496029384,0.708682722733678,1.07220992510244,1.11529543884118,1.39626556906645
5.58707055789852,6.59050635012558,17.2261696111285,35.5306780297212,0.377378667360232,8.45389883407347,1,-0.0502546245633479,4.02119823052135,0.725536340083267,1.09851224034871,1.17092830770301,1.92059126491599,-19.6625784247752,1000,1.03901422252333,0.87154344417592,1.02050345982302,1.73128035135843
6.0173433298969,2.83801252344582,25.0854176995058,21.1385289130329,0.518805453932162,2.20094197571985,1,-1.76856986609451,1.46871467907024,1.08679305535237,0.651737327732755,0.100875724997997,0.823635083795146,1.60233768434016,0.606631564253946,1.02505872431278,0.482862665777552,0.704320768375305,0.566621159614763
7.25697612514542,11.7345454525413,87.8868937999185,271.400339176438,-0.659532431412959,1.09833393439726,1,-3.4558871540332,6.35493486377449,1.31280503071749,1.93804918255389,1.05141914596334,1.99835749885533,1.44821064733873,1.41018559149884,0.773780912715665,2.51364111831339,1.33538570607921,1.66388286241196
5.08896232909456,4.94180305226553,13.5181019035623,24.2131716228254,0.623588184302263,2.96846472550163,1,1.02317062996384,2.48431770681069,0.368808775184326,1.74308682871021,0.783978634958676,0.928007007417458,1.40258276446584,0.76931660115306,0.194162277361996,1.11765916691703,0.106115181057772,1.10449289073792
5.65452115041542,3.69221478722146,32.0035328541518,42.4522315792681,0.723081741831501,3.46882117565044,1,-1.53229643128739,2.71369216918454,0.820170491216375,1.30010383472947,1.00168848869132,0.829735976063007,0.576968951744114,1.07756588621014,1.59914847317517,0.721080816037774,1.85522252439473,0.741108950364221
5.82532078213767,5.3603991212499,59.4976200722787,108.832434573294,-0.0513180123725205,4.42040198342847,1,-0.697638447968332,1.71642259705507,0.177801843216519,3.63659049098905,1.85944689576027,1.24332755331407,1.06690225479304,1.29881402533917,0.877675686929384,0.79635804460637,1.08421246975012,1.31234556388985
9.01886978577117,13.6977530817101,51.6524949064156,151.808897532139,0.679052376924909,5.18305301721568,1,-0.261724155473158,1.51134320053108,1.3190619903257,1.30686226210916,1.81150633497446,1.62353623712594,0.632618080984836,2.10946184378582,2.0306688115782,1.48699838051335,0.731251374277842,1.50264685494618
3.85764241682097,5.86481688032764,20.2519135677584,67.3892384595682,0.495402945466323,10.0363310446398,1,0.140986353725219,3.22125944483279,-0.302289358309049,4.1342038937049,1.02270043042603,1.82956340378276,0.682723010004039,3.38858720313335,0.57749265558292,1.70751795667156,-0.249384836037566,1.63366972062496
6.90193658245296,11.3536558757236,67.0463979682753,209.798143965158,0.952567672011252,0.160895496474088,1,-2.49573240481961,4.65957659897413,1.50920617495665,1.38275821237405,2.03158644499726,1.58538492833383,1.01398804502966,2.56529230757086,0.810955238891406,6.32672618856608,1.75308679940784,2.34321777308235
8.06579167411207,8.60215659047793,39.8290468288507,82.8085981280118,0.125220130733855,7.0929979009401,1,1.69859527107421,4.04633770445371,0.765858541414336,1.71411410613086,1.13037539620929,1.34040875413151,1.53132296052703,0.845022893385239,-0.379897918266664,7.62370554715028,1.65649659433877,0.928450064956318
6.56298861071443,6.43617689105157,29.5038858741722,58.2922514124675,0.0130283898043038,2.96740771722346,1,-0.824621630956063,2.77716483151142,1.19644172335438,1.08690930477545,0.791175068053928,1.23828610292512,1.49217159020139,0.987750483709995,-19.4500946731165,1000,1.81189093174311,0.980666454026911
6.41711266482443,4.17829224898465,30.9812027577975,36.4240594105639,0.0551396938235894,2.0867625551211,1,0.965774733447123,2.28823290764473,1.2987056705892,0.835836567762836,1.22210469753584,0.636135435420891,1.05168735980224,0.772380977666522,0.428639219169673,0.660550598706932,1.2050129989615,0.623367950636546
5.21201839789961,3.7658694666502,59.7158075166187,76.9197734954241,0.961303240632871,0.205303445203406,1,-3.02691998685452,3.48370736318882,1.04817695113958,0.810151676648207,1.33081169873226,1.00090698841839,1.32400160330251,0.851249305723922,1.34179245453648,0.995703338657117,0.853894725917175,0.849119475518004
5.47149044588468,3.79792757648264,24.1019356437813,39.5864455301272,0.608730798191009,4.59403928658109,1,-0.892952178728721,2.66070842840186,1.23960582854353,0.910877779586117,1.05639303008661,0.732286036276889,1.06747215727096,0.895371075574381,-0.420769125953219,1.31991154262876,1.59297182205504,0.888183623752499
18.616089078985,39.1268945586664,387.589704464193,1563.49388301232,-0.928757456624848,0.279902063483213,1,6.14839196790791,22.7175780600405,1.81727229101912,2.52686120971406,1.56551488402824,2.53198364233003,2.21194854058409,1.91662454982521,1.66119372088952,2.42526698639092,2.4549763224433,2.15503284927228
4.29354664637648,2.96854682763316,18.7911487294753,26.4761171875821,0.359671941587596,3.88734520228488,1,0.22215816402902,4.42868102005828,0.593400224036268,2.37840226765138,0.561789406562717,0.686653276488811,0.911279137130058,0.738873014575879,0.859444542618621,0.868563864999181,0.724437970670741,1.06940490094536
5.3165428433281,4.07573496032597,14.0387307814731,22.8762397698301,0.405179977816335,4.82321283552737,1,-1.98393280394676,4.20881526959388,1.58586292094557,1.03961505747791,0.114393510151349,1.39010595060983,0.76259392221622,0.598468035967657,0.867482256240053,1.47270433023225,0.660768169907529,1.09183697979626
10.0170276868685,15.1397898367795,112.967435294417,289.553524233796,0.701575543084279,42.8264426309681,1,1.91577511765829,18.0401467442419,0.505263255886268,4.20206705971242,1.09891744416345,0.954443186573166,1.37329273258253,1.92612931031725,0.411652997479729,3.51658592384624,1.57573008573232,2.62928052975342
3.74874452513252,2.96963364468121,8.41763981153715,14.5252730738088,0.392827027220742,4.32525242851893,1,1.36079888417666,2.29969302550512,0.78289098775508,1.0558851496454,-0.434590290134436,1.5159645700632,0.0683621618029027,1.15444254233446,0.745230053812652,1.00904228844717,-0.40394137220798,1.29813189657119
2.63500231263662,1.52594434728002,9.21115526620113,10.7941748912563,0.751593952115341,0.785733005457108,1,0.875074285797166,1.53351086763148,0.6958525785341,1.23434082429556,0.0624664752783695,1.32908069465394,0.815227278918269,0.924823657632835,1.06975196198323,0.375255030686884,-0.0632542863528696,0.731218817107286
7.39112107761176,11.5070504255175,35.5323246152321,114.418165725462,0.293173830999693,8.12249326566186,1,0.100807274861659,6.81436798287382,1.18453051258905,3.5921758911196,1.36570044016194,1.79645174813535,1.7256323318323,1.24741444105463,1.47514768980029,1.64257202899464,0.243563133769057,1.87587187769292
4.27795231345439,8.27565082281076,28.9547692548014,112.802914519093,0.947549141672348,0.325604508820253,1,-0.466891243039821,3.99146156764378,0.645063208106197,3.34534433749709,0.803397143263515,2.45005357304382,0.668248647528205,2.15839553643389,0.329850493863894,1.23919478305833,1.5585380185467,1.7335250302406
2.12339203230429,0.853049989502308,11.6260387758899,8.83624920956377,0.377127292493738,2.37023095796898,1,0.453361251244834,0.988878802809749,0.523763249058172,0.569136305466291,1.21125125030909,0.297015932530943,0.17770940383625,0.530744339285104,1.04424110263831,0.532704278985994,-0.272290569867805,1.05435846629613
4.92761475748443,6.06654746027797,26.8106642282517,55.9414804875615,0.691382242375865,15.666974935395,1,2.85174633558836,8.28524764412519,-0.313348910529003,4.20554572217088,-0.507460952878165,1.66432403096765,1.12540040021918,1.24956068883545,0.959158722873244,2.73493211867713,1.02774498319301,1.21607075461163
9.25016570662974,10.3486419537556,62.0394862520109,133.14633881613,0.0765222808419337,3.19062993522539,1,-1.97734843371101,3.73372042420877,1.05110462170393,2.69189907597096,2.30469002369777,1.03315176394598,1.66533739946495,1.21662241041422,1.23301079774763,1.18513763752915,1.27889962848947,1.09226186194117
5.12515444782558,5.94772035699317,34.2821077062782,76.0426949595818,0.837905312720254,0.572058093384829,1,-0.320746176633062,2.36945398294261,1.42890485902909,1.05434858796496,0.475702290251748,1.35746215853891,1.07994933759735,1.18319031418204,1.61442699389087,1.20991354190076,0.835346082206724,1.32331216056242
3.65973134939487,3.07211194257218,12.1234481282765,20.4791617915299,0.533279437436773,4.83465266189896,1,0.385246910954308,1.16521494262389,0.87077381037068,0.798440173255778,0.844743570509154,0.772101632250655,0.720618663501175,1.21412381491101,0.538279275124892,0.695146116372857,0.753402958338575,1.01459060905412
5.46958119602237,5.05594233692541,23.2652839124038,43.5116426724032,0.0714431669121129,4.56128286796485,1,1.62510768216134,2.07420928913061,0.580780647056923,0.969102582289684,0.905104914599695,1.1076042002693,1.09087688831994,1.11867944468993,0.791952655362421,1.26268780317568,0.824345480390723,1.36227320914403
11.037096956029,92.3481024602167,141.758582698803,2356.00060917395,-0.288899295047141,11.5209284005433,1,3.15735859258754,30.4318405124964,0.409967129206129,7.9564924952296,1.95926178846594,7.64258673332858,0.317093910177093,10.86018252925,1.68977617845766,8.09713254973597,1.10457394585808,8.30211644886275
5.41632608915622,2.77078252676783,31.2383882922974,33.5162035242619,0.478685251713047,5.41429887011013,1,-0.402694147351108,2.14788262420931,1.74923038390729,0.610963656396702,0.864442256221596,2.98808095123392,1.16610324481249,2.33503992305376,0.872982855491744,1.02021796131676,1.20536041696059,0.43430294858674
3.87575354372764,2.17698871703254,12.7742409465948,14.9299504616904,0.38990991846037,2.75992279379205,1,-1.19991633050037,1.49230370753742,0.962624689289087,0.470475690617595,0.728844818654972,0.819955222478122,1.11274478707253,0.981103006728851,0.532286171905893,0.917307218949248,0.406716076537647,0.831198319203181
2.13269086708289,1.43043871607338,9.34337413160532,13.4227838852624,0.629861336856309,2.33977535291081,1,-0.772060552630985,1.31830732005951,0.983318327261199,0.550211348679371,0.0702907380485158,1.23223570465192,0.645438000384796,0.585947611799542,0.284790075002867,0.972085861564272,0.191677607796593,0.961211213376459
500.513393560441,714.564954782743,116101.859160806,345150.46352612,0.307120522564884,999.994906333112,3,380.767266213952,624.736532568654,-264.248687543718,1000,-264.248687543719,999.999999999999,4.4039878919776,3.90283889367448,6.23173295094752,1.47979575077749,5.5485209596988,1.56826146836792
4.06683920783224,2.78783075398511,8.45341070647826,10.8024214610039,0.694057843509641,1.84685600475852,1,0.950892959919661,2.43889150812595,0.736016491588507,1.26413419350406,0.118089355816404,1.20063286977152,0.28727066860028,1.12675892391676,0.470706114032511,0.775971622340195,0.829145188092177,0.908638528041891
4.09033948589341,1.81574742977945,21.6474059525209,17.2190350537116,0.786080719060836,0.814163315405034,1,0.858206717781647,1.48877706358252,0.936354559749127,0.435362463566423,0.715716994046828,0.530641015788955,1.09393981187576,0.628170160196947,0.611813587181048,0.915698650754676,0.928215249368965,0.81204803304716
4.00793507981425,3.06966521088889,39.2253605862208,53.1012928129839,0.590817251818166,3.35518354147211,1,-1.52148992083007,1.8986924448237,1.56783565196853,0.704325009261506,1.13735796720091,0.996766139450597,0.858207930839307,0.490247208816113,1.05348088140861,0.899451485771665,1.58382409959464,0.799790686000466
5.25662429081615,4.34573677778327,27.73115541458,39.8390767463785,0.38697154344965,4.84100021092561,1,0.709868303442481,2.69436937755606,1.04374429030531,0.535427492377543,0.562811603437871,1.15540942567361,1.85588064872439,0.663379331069654,0.676235284448137,1.087679722029,-0.397708623330822,2.22473247981664
7.42296949644513,6.0807542287504,35.2435458698914,58.7034239594949,-0.241897283298147,2.03898514977882,1,-0.176444633752612,3.41433052725572,1.23773866688128,0.949937208359579,0.728414411369049,1.02456049681478,1.21685079854326,1.30868870763802,0.658199267895564,1.07280035469106,1.64642399612901,0.77918283040552
4.95837247318919,4.34406275163124,8.65293639845428,13.1768902359247,-0.347360549880036,1.07691330927812,1,0.991675616281482,3.38183789047627,0.596307350716021,1.01084955326013,0.93866866873351,1.50825205198826,1.04492735337532,0.913087213531327,0.625736406262448,0.76567819638778,-0.671092208309284,1.15341710014194
15.1137424412052,298.649894067271,835.053713224373,32708.5778593752,0.598842969390573,177.587115972068,1,0.214158527684067,23.3521102524222,1.11158062035788,20.1145542386383,-20.4195203063984,1000,1.95303452633705,20.676346659837,1.43504673721479,830.857399788773,1.83534669564484,557.128142003936
4.20689056910835,2.5744924338873,11.4657843433495,16.8325715465151,0.609449432498024,3.14909753609756,1,2.51263511529185,2.62627635006026,-17.2939649358036,1000,1.09067655877663,0.601404612058719,0.530240518197861,1.32882815612661,0.533613187240953,1.65395667428628,0.873649214737295,0.89200048394364
8.78215768455406,6.76961381013591,81.3715717283852,127.196697237002,-0.446674638307516,2.46012916175143,1,0.00086897910350043,3.16193429014091,1.34941844373191,1.65786201689595,0.912849614314399,0.91954315153384,1.31941086804885,1.21032197296046,1.03557138367468,1.12016505360013,0.707723162872643,0.918373065581689
4.07126064460783,4.61003513816889,10.0285785967932,25.2049074453355,0.464268771289077,8.63903908658768,1,1.41108197740025,3.08082431968357,0.481376474492541,2.79519653604469,-0.805224841578184,1.41171516297055,0.824676822476435,1.34439976446215,0.310465480583238,1.42173839749885,0.490311081183814,1.48868235401579
3.06952223764736,1.20325769135123,9.36367902379716,7.87514605218611,0.498933633734161,2.00443553342109,1,-0.586256055428239,1.27621756112746,0.973949048101381,0.476257296448235,0.57793296523152,0.595112900521533,0.379864007747804,0.634300311814822,0.561758602072759,0.559447305689691,0.790365051159898,0.638880859045987
9.03978157831508,7.84899030413954,47.3110541317948,76.2510663922698,0.822212425477662,4.59871334683972,1,3.77154064678653,4.81302592280288,0.862948823068142,0.520155506224967,1.26925446577705,2.26874778845789,0.439180168699404,1.81244970160984,0.93376678583757,1.92865548998022,0.331233362413607,1.35413625159658
8.09587907894968,9.27703523361885,42.6660378233794,94.7415936845795,0.154445982647522,4.91339661526078,1,0.566548898673982,3.70505264526251,0.649331227492105,1.24765721235787,1.23654076477417,1.18101793336979,1.42472705917118,1.32488618666741,0.484615293844267,1.40198264083982,0.718630210624411,1.45523199477013
5.59198186408329,4.21939522791275,35.2179127235348,49.3462480203737,0.620650012445498,4.44076118985237,1,1.43024316285519,3.84703121859907,0.720725839683474,1.2558908595345,0.625561970036807,1.02117461290896,0.983299082762442,1.0043143026341,0.934317665190448,1.09452440691976,1.10909706528711,0.77700960633046
7.07029898862615,7.23700787322395,59.9683599869501,114.66545628117,-0.578466984730621,1.02902803294033,1,1.06620720068453,4.44236907670639,0.62481652853086,13.3885637973028,0.844455955498792,8.96951612187117,1.52625905154226,1.14020978645657,0.380167444704689,1.18132881412689,1.77570925385989,0.951972823597568
3.44391696398753,1.4333251352171,14.5908533055202,12.3672195259068,0.550038585671233,1.32668063950773,1,0.878084420395635,1.16001469097205,0.734603365625697,0.643474527425261,0.14851922082983,0.703094145662794,0.975663924336943,0.801797701967021,0.802061894358551,0.991598277045146,0.00837718149741082,1.12840349166104
3.56835202152221,2.27271796683157,5.56575114521549,7.58137512130969,0.064661472532996,1.66335299504641,1,1.24842147285996,1.98091604654892,0.703063720266847,1.33010153565433,0.561485242183209,0.61213159733577,0.350027412235936,0.887999789847894,0.658245312145083,0.946734983737723,0.462399350245411,0.621303494336973
7.01559986063369,15.2503999128946,84.4135725640221,383.00689762858,-0.793484855677713,0.886252291718055,1,-0.527993054390121,3.85589506518365,1.23076119677739,3.25173511929379,1.54005719412357,2.02561978819386,1.48878344187309,2.50403847956696,-18.904231242185,1000,1.31558046497876,1.92220519652313
5.05016250589036,4.76650108661354,20.7429163586003,34.7582592626698,0.573630451064956,3.62797100682486,1,-0.165471911824125,3.12781645838482,1.06856202425717,1.63096522073682,1.02875563914859,0.741443123635093,0.482086734852437,0.828247101325873,0.804065840902026,2.16887999848447,1.09965091537575,0.916280857384053
3.42866456915444,1.41687790995281,9.57520859295807,8.52157607077332,0.905335481294394,0.225141524221132,1,0.333035058833214,1.76649984317569,0.808753272702894,1.05907258068404,0.762045788461631,1.00768430253371,0.805473372272365,0.826958878546189,0.657570110426125,0.699371835750004,0.618578275904704,0.945280356234437
5.11592315612568,4.44543399831143,18.1360451229939,30.8711239835814,0.372118339177216,3.28365844625451,1,-0.845420346302738,2.46776647628227,1.47608922155608,0.928920578029701,0.755532120167028,0.801181036180553,1.5348358762838,0.982160690891544,0.755128595198237,0.93308116531638,0.578426118599664,1.21227618995289
9.49900803664795,11.2280991665318,86.217792864837,186.797967829967,-0.678216960674061,0.687433807599673,1,3.20653663077087,19.6269141749835,1.21363246421508,3.42164278163907,0.700854554277504,1.76195427846743,1.59481536791787,1.08626514012656,0.991808740796872,1.91400075553629,1.99840848172056,1.12269781218477
5.70217004779407,23.6467426186675,87.5681648824456,724.563376494246,0.457963268766497,18.4606302904854,1,1.87797184015061,5.52746233327433,0.620785813477234,8.72562956443212,1.10927593249013,4.91987644483839,1.69298334160458,2.8193906559921,-17.5955945379733,1000,1.3223048562463,4.22592812064055
4.51744675800453,2.27989161294636,7.17420238697642,7.44924407438729,0.989999978661147,0.0142758739648633,2,-1.0507196512583,3.42373909873911,0.925807747260257,0.689830495423075,1.27646676707823,0.660908750325211,1.06405332885531,0.553796613485852,0.199048240285929,0.883360709195553,0.758713669280331,0.594062959310911
6.18059843296065,3.46563876896166,29.7629736914243,32.4422768871772,0.946741889512037,0.103180571510867,1,-0.921605322483537,2.34319432815336,1.493553869348,0.747089836545907,0.500281143601022,0.704086801615846,0.838883951649299,0.687733758907182,0.859999231475471,0.958780264260725,1.4366043462539,0.518827798157066
5.82360939342809,4.71126378222262,19.1873938015216,32.3470379232036,0.31902964822241,6.66564639012979,1,1.84555418154472,5.16912346124189,0.704628916684743,1.71697820419565,0.771887768657889,1.24622480544728,1.18948779356755,0.947438743996046,0.919676380430398,0.943574490996608,0.782184249248975,0.778947400556902
4480.21014350648,896.073138306916,24759978.1376081,9273542.00904328,0.300410759666591,999.942848803859,3,1966.0547879567,995.652487047738,-4067.84557061797,1000,-4067.84557061816,1000,6.40806346393409,2.15164372389161,6.3641284004525,1.61885851724989,8.05182395751109,0.955522733118329
6.87961605576235,12.9716737809831,38.783673682418,138.796602698907,0.502689960230582,6.8562617855495,1,0.809003518878827,7.28714300088457,1.03726280937832,2.57101111572698,0.959620376978439,1.35735760968735,0.49937447925997,3.50378458837833,0.680449335950165,1.95041007336893,1.24395071237669,2.01290171427559
5654.50734430465,999.855877952641,55183097.3015045,14855776.6333412,0.983672629317939,185.064633581669,3,-4744.96199375711,999.999915148729,9.00949765069535,0.25745044806326,7.90586571285016,0.586821485330869,8.1941184178289,0.875091357358409,8.40631855489921,0.655893751991999,8.48918167913375,0.648352290697634
4.14725231005212,6.59318804199371,22.1595966489051,62.1073170112455,0.555102033389442,4.95500992800638,1,1.06590158591333,4.69351855111531,0.675179804902751,1.8115778267386,0.0696769716095484,1.7317839578041,0.997950634413104,0.976494322098025,0.36777005292699,1.15539331853523,-0.24504295712608,1.52774997006939
9.58025651388725,17.8420892796069,121.830620190833,508.427496187017,0.636270049700777,7.39502874499057,1,1.25668559832487,8.59248757615857,0.865508155354371,5.48150967643016,0.840057401435851,2.70855766643833,2.00885695227095,1.83169716520058,1.61363789999474,1.99237285157458,1.7472461699295,2.02087985344355
5.71671676173031,3.65307217957693,28.8709069888136,37.7431765415075,0.702798328219635,2.28221652060253,1,1.14461008517881,3.02990361127083,0.384946452212602,1.89097861401674,0.504258322702517,0.596104084851528,1.07838280211886,0.61792040690958,0.322339830621174,0.690071466126299,1.09855506433637,0.900485215248025
31.3274349338965,357.147285720231,507.750728639489,11625.0624886414,0.381007316131914,213.712501042003,3,14.5809607826018,164.306283960579,-20.817395875605,1000,2.79493443710685,11.1914952509367,2.86354263518487,11.3634447490909,-34.9542875675181,1000,3.01078512392295,11.2971508541643
2.68026612416844,1.37019709070041,7.84983403931174,7.22470627383868,0.664191055070937,1.44301275278907,1,-1.31208764414842,1.62742324127629,0.760549860062842,0.3486350903055,1.19001040087819,0.486797171902712,0.595072337977028,0.720808245310107,0.0831837519683325,0.813004690790245,-0.00424811978792139,1.54172258797574
8.38501080900858,7.57347320869198,91.8439355877769,176.285776422952,0.0441068351207195,3.84363700600108,1,0.460742081630022,1.0550546785102,2.32826764088498,0.887353205285541,1.3364072521983,0.852936164666867,2.19132499665514,1.05892550598201,1.08282811905536,1.05425490616035,1.82054221128021,1.27263081164903
