"beta","beta_sd","omega","omega_sd","rho","rho_sd","conv_code","tau1","tau1_sd","tau2","tau2_sd","tau3","tau3_sd","tau4","tau4_sd","tau5","tau5_sd","tau6","tau6_sd"
1.22241686041044,1.20068928639404,16.6896726572825,14.3157554240717,0.949937614877268,0.0691909281017922,1,1.31591059053004,1.96498388947601,0.197895301563154,0.683917392860981,0.425144453332651,0.519286410718407,0.345393689575542,0.4022819401895,0.868373057839607,0.378517450493438,0.227787864617604,0.555339749503976
3.31582469865423,1.41052490654301,13.4932153737847,11.4819449422625,0.780237669460934,0.373078191904155,1,0.0831502056680179,1.38189371754155,0.219815023632785,0.500184934563427,0.880297873557336,0.325711367322249,0.298590028961372,0.467125945232185,1.03717462869752,0.323498312688404,0.281838521286715,0.396525027607651
0.883797786977574,1.01405531552237,12.7524304490394,11.8480808781183,0.656262126940219,0.402775954042826,1,0.610821316968215,1.46669838302697,0.483697390477561,0.392092735302403,1.02569418503119,0.299775959876144,-0.407731521974073,1.1712921910707,1.04076389647466,0.55012040808075,0.558712385077888,0.719647895885872
0.338649094202524,0.968458128473135,11.7115156413366,9.98028158845592,0.78396412141273,0.603852560477662,1,0.485642517112294,1.27149529199162,1.35020603789627,0.429580885236854,0.26191611507962,0.669803698598455,0.207177276952029,0.503129731976169,0.373156095264362,0.656228830705488,-18.3028486384046,1000.00000000227
3.08202085417651,2.23709571375168,66.3915425879103,47.7482774440882,-0.00142223413137841,0.828012959683206,1,0.937268663330476,0.847978859165509,0.347796394405031,0.770978004004947,1.52410551013657,0.49166111680503,0.9207478771624,0.522518897165501,0.825651041050561,0.406489538354182,1.44213375178419,0.328016539285124
1.81511602000082,1.53171876340092,31.5898812448875,25.8522126296922,0.624060101318988,1.55335178111931,1,1.38096623228262,1.40453945699363,1.16439415712064,0.281489090351705,1.00162430522446,0.549271440353547,-0.029354829792888,0.661506955649267,-0.115410938598736,0.961665989096046,1.08787224757952,0.365905724482692
0.0467126267302691,1.23352988435316,18.8432462671816,17.0090834541447,-0.303137165739126,0.418453102256505,1,0.411882490550577,1.09168667552053,0.591410637458794,0.27111866886893,0.370810609296435,0.604804827031992,0.598001771894983,0.711551662062057,0.00633541820347091,0.452306995044532,0.633064651616984,0.790825238443278
1.71397104573848,1.5691501788387,31.661650609092,32.6653181995227,0.554898818731712,1.14812086104237,1,0.270487965248807,0.781681466882665,0.823946939200944,0.468612378741659,0.407510963787793,0.295178895835076,0.861725698277701,0.897555009942339,1.18449877339872,0.608217043431082,0.848015908298568,0.673011762196359
0.78474202497882,0.873337803647076,11.0175738555077,7.83210512179186,0.242736790556775,0.950461676427324,1,0.185254403892223,0.513954645955261,0.313840684484523,0.348434284612917,0.222996366784109,0.409860748075983,1.01012884419056,0.279668614279484,0.849955159147673,0.476249223192815,0.514602449801088,0.825332232726884
1.42873465220528,1.46142797521047,28.0332998041384,23.6432310635603,0.266464353501831,2.73991207703451,1,-1.0001290322322,0.806857352608062,1.27587040967859,0.305847670885754,0.483350288935419,0.559354311727487,1.82764132833158,0.480582408862524,0.0210488823856564,1.04162758054039,-18.6291971586322,1000.00000000057
0.198462251986276,0.970830916734422,13.4348340712388,8.87660527480007,0.381895980215304,1.42399375605159,1,1.09792976415658,0.682497348863727,0.446442828196632,0.447048028420213,0.667168942417706,0.274611206984274,0.474957498757076,0.323683470652381,0.804456555698814,0.440285076407844,0.658736441129598,0.611719492975183
3.53675143382913,1.56512851120446,23.1187998678789,16.1778769104714,0.271246670945332,0.337125905115133,1,0.59331500724168,1.09605058068896,1.33239159146896,0.308084338454713,0.670861964062032,0.277844724003792,0.7082774278305,0.263640239189315,1.01209990871076,0.692919634636825,0.99699678285526,0.344738423875087
-0.108350534356374,1.80289020654866,32.7166939607372,44.0134290626291,0.436087829326691,1.23717863736478,1,0.751576048791738,2.6992711544691,0.331253712303166,0.418353686771318,0.773915532668542,0.810856162652578,-0.025470504867775,1.09018765056655,0.720151884398499,0.846265929394177,-16.3156120123588,1000.00000022384
0.864692849873968,1.75900268165122,42.2772972355147,38.7429151539073,0.371391172935078,3.0359641251926,1,-0.385524275620533,2.01948694627856,0.902375395225612,0.551041732439052,0.563593793270795,0.325824775150857,0.779349154438719,0.276022051006175,0.964400991832096,0.887263001930433,1.28611816196356,0.708055334825848
1.31009226901887,1.19534063665391,18.6647393655876,14.4032558831447,0.724573862532025,0.936042402305011,1,0.276494803511842,0.906935340282137,0.854902962728761,0.211022870578108,0.657611015224412,0.441940144714126,1.05822091090952,0.344395140475559,0.896999322438155,0.625611874999747,0.0625163947806655,1.04527047841044
-4.54432119648855,7.05410689965071,217.973323268003,467.376693046063,0.34504196353944,2.44687259212533,1,3.914211523319,5.27824183139887,-15.7462438343383,1000.00000006093,0.942451117044374,0.75448741261013,0.695124419466781,0.520504138200115,1.38093983776338,1.30608535917207,0.63141099107889,0.518470439030457
-0.241150361805838,1.38081774358069,24.7038372917502,26.6221350600933,0.299491997514536,2.55379664201674,1,-0.418306656856126,1.24524217957135,0.200239719237244,0.781178698054954,0.809862059165723,0.208422340681846,0.526562331907572,0.557765813446297,0.200837154796122,0.892089801376616,0.0283790456244362,0.783757729347216
2.73195248914978,2.38542207427517,73.5669261796379,87.6163508623814,0.453008593593357,2.16016440308161,1,1.25056041416547,1.37158195458038,0.685835538392063,0.543677833295414,1.30091702622159,0.878242601250391,0.141523016564292,1.15521826560137,0.839044798870183,0.708519794068732,1.23732640801819,0.600226712587761
5.73970271138013,5.26661264174026,223.159003892446,259.312609063875,0.411136340281296,3.09794921925852,1,4.87213645112829,5.23532916250489,1.17916701227324,0.878580649763353,1.07539545435072,0.647170579166242,1.30272465011275,0.69024429111936,1.97741590338801,0.543377333403828,1.2209243764646,0.695400758921268
2.13382977637544,1.38754312753094,25.9047413773174,17.8833104959578,0.715288734994526,0.740125297801156,1,0.184624883446633,0.776532208599767,0.68819636519516,0.331154796768199,0.492291994663156,0.509645431029186,0.84255756736024,0.40524324006417,1.1664072351476,0.30085670984205,-0.381911191771359,0.889909819336713
3.05224686723713,1.52019364562937,29.8456864642419,22.3658793664864,0.299019679287302,1.69049298087215,1,0.356233474860228,0.748625245956497,1.03340260928497,0.366863288049571,0.444204113529001,0.589279420692831,-17.4199032443195,1000.00000013741,1.18051291113327,0.474796813474198,1.18699034108615,0.419602691974757
0.57044126463477,0.947138927259227,12.5807441231494,10.1165729936856,0.385992785117313,1.63608745297908,1,-0.77961722594229,1.46366614990394,0.943264586943527,0.558400001954224,0.743644580416571,0.354334149778398,-0.0252799648218428,0.500137550975291,1.07831187388309,0.334068359741995,1.51829552793079,0.498471601954532
0.856870654850544,1.23008924655403,19.1125549693059,12.8814219726816,0.223631181639672,1.29246945324428,1,0.908178237624281,0.877393116492248,0.647581290575242,0.214634064563613,0.452086205214287,0.360747790965719,0.341439686307326,0.373009104109489,0.420153994442657,0.579863449827116,0.869843303518698,0.444823696742314
5.53491055711224,2.62126035093298,24.770569581417,28.5569274370519,0.0942766717472991,2.66352152005889,1,1.35953082066423,1.49830629017266,0.988917598260379,0.468250807907424,0.482679020543132,0.760527602892125,-15.317566643816,1000.00000362722,1.18347062202031,0.773804056430836,0.746513045687888,0.420994549095284
1.02036542138973,1.30550566590283,15.3035727726831,9.90901447763232,0.178124584856908,0.440388041021109,1,1.50938595109098,3.16386657274392,0.277621055081042,0.896494020193434,0.502372893177994,0.35340952438694,1.08714101856847,0.612511387120826,0.695937482732865,0.359360826023454,1.14036230943152,0.252379196281541
-0.0670893999463132,1.02872894981984,12.6043206840897,11.1388282051043,0.340561898362111,1.54738730009921,1,0.585189366480023,1.35168036818618,0.185554707742516,0.625194443942352,0.458273463467293,0.233440447444453,0.637150657139353,0.392866943903223,0.303675775885798,0.657212579201523,0.346908121599413,1.0620960106529
2.77970137117436,1.90259911197034,33.467841941841,33.9655189572552,0.895160575058101,0.343133722190257,1,1.68930984198365,1.50748397272268,0.508013379448204,0.259917108946306,0.847748317641944,0.614684634350806,0.987869523575194,0.776100235208604,1.32189516110659,0.496141979274938,0.731997222680646,1.06805800392012
0.576292822813724,2.69303244601649,79.8735705200438,58.0735310360447,-0.595265224843341,0.235021263465341,1,-1.14854103370804,1.48033516901837,1.56074679808586,0.498011535570935,1.29236018403761,0.493129492315056,0.563907080798068,0.375423879097022,1.18815715705788,0.425841423412181,1.16622881350847,0.201786650346808
0.418383910649306,1.36966310740837,22.9007669506566,21.8769241166078,0.473329313461866,1.96509295905083,1,-0.160671161945356,1.59672855442499,1.302294101784,0.202973105802336,-19.0268652149571,1000.00000001408,0.92705548941165,0.690528556040608,-18.2864394538148,1000.00000008171,0.450227012666923,0.555291950713703
1.59608052442253,0.916852273719297,9.07749051482969,5.44867504725801,0.75194811808781,0.755731555274983,1,-0.0675452925237764,1.24138458611506,0.872720276758431,0.292513600042268,-0.0147289563004836,0.669311349320514,0.648702879237885,0.57297782892037,0.848246240680464,0.572152798689123,1.09356293835026,0.350800350316716
-0.755193698648928,1.67679285298929,28.7933419582666,29.1463507999219,0.509647584874233,3.81971047316253,1,-1.60007821830049,2.73675744916299,1.60970640109229,0.600123336524807,-0.000966432249675853,0.525046943270455,0.561834299997793,0.306003656324587,0.963039103274838,0.266471692090965,0.754186259703151,0.339253045234113
2.50105389464814,2.16155307848907,58.878044184138,54.8786658189811,-0.582427542780829,0.555823014659744,1,1.39855688788864,1.57173691386102,0.766050351003567,0.414173031585168,1.50655932369602,0.36555911834839,1.14988570908551,0.70948144045207,0.352536670949703,0.510532264159767,-17.5295642550794,1000.00000000508
0.662521188356596,2.94138882746992,93.9835856742399,131.916713357223,0.24274494483413,4.78094011723326,1,-1.03339054946472,3.45251130318133,0.979066625553946,0.717528429382609,1.04005114443323,0.827432757977174,2.49237223154445,0.701494080880646,-14.7333332957057,1000.00000048427,-14.7333332957057,1000.00000048427
2.01544867016906,2.31508435706759,51.6122879871324,63.2153895383317,0.965467654319297,0.0875928389917409,1,2.49222485670542,4.19049995648453,1.54041025772461,0.732319341996361,0.869551834271741,1.20334848874621,0.539552871754817,1.00852962109819,1.36671504894355,0.381421994795607,1.49113433816978,0.689762783920549
2.43097697317059,1.52324145707374,19.1364831285238,16.0144420587517,0.501743834739687,3.09905849141405,1,2.16366410478993,2.89898342901008,1.24868750372732,0.365362333282952,1.18656411960443,0.35304532556265,1.02393741215252,0.405606231947062,0.122176761185769,1.09970038460143,1.10448447202329,0.578095028379706
-0.020423132665353,1.14097695437398,16.4967140147593,16.3388026702947,0.221196086440832,0.814849016154131,1,-0.284979637034402,1.06110085993915,0.78768276951623,0.350173222402924,0.911815125793769,0.714209293549176,0.871516419235542,0.53802064771391,0.740553568080807,0.636725334431182,1.04714976363656,0.53997334538398
2.14567137558246,0.884971249899055,7.48158818888418,4.70447696962931,0.356036750959502,0.727073136758771,1,0.978806558525276,1.07128625726786,1.19185751392023,0.519682271441231,0.771081964446695,0.387105920997217,0.930131202035127,0.354242863477793,0.567573805676266,0.3893769114551,1.00048073903277,0.340184215051359
0.233745157378794,1.16624045865851,17.7294555286148,16.0931284754223,0.55317203845895,2.59067491835828,1,-0.120707581297608,1.26989142038624,0.558360365779248,0.732945622314013,-0.692663245269595,0.818836614651064,-0.462648239627552,1.10096215494103,0.601665127265642,0.84511330205508,0.462959470933687,0.366031468664427
0.303356552939391,1.59076869181613,32.791614615888,27.1473727220038,0.348401355585427,2.81782989350724,1,-0.838032518669335,0.971140728501178,0.491644832216632,0.497167667705661,0.610990111921058,0.573997587682448,0.193651391369663,0.436703370580367,0.867957328761848,0.302809037337253,1.0926220365159,0.547740948360055
0.00994494021562734,0.870036536163172,10.5415208882514,11.0755517289338,-0.190392671299167,0.495148275778638,1,-2.17677084487247,1.90257200998308,1.3393207413956,0.53606335349006,0.718556302616795,0.426238488466143,0.862178422671232,0.304492245493989,0.736423047655193,0.485398636104379,0.273451214874415,0.364240690912757
3.13175246566094,2.5553749839366,74.4155255881896,90.1832297196455,0.703714077926135,2.44718559778823,1,3.73429332791378,3.06582590627309,1.38261768310181,0.660751549082118,1.22734294568624,0.645614257473237,1.31289897127303,0.515298886332193,-0.299849927408475,0.680478877604172,1.6321237359761,0.33716859698062
1.43659114990316,1.07519265244593,11.7307230812556,12.765732648982,-0.364349190892856,0.535696355348551,1,2.57010936724651,1.8772272443809,0.7118691524407,0.537925925205628,0.240798510092266,0.854517423114963,0.795710275685251,0.454551159754125,1.21386577168641,0.215729533598644,0.992468948859831,0.605900769435079
0.102831406992182,0.727070003679615,6.98357782187384,4.65016246501717,-0.265556559331392,0.230157788580318,1,-0.544903199705336,0.859452694226532,0.783772355395351,0.210251913930775,0.64599475153594,0.283914053594689,0.298538319773831,0.462757425175021,0.689324778177007,0.433552045175891,0.987522792151703,0.546709497269019
-3.21896389403605,3.82541066954617,64.0448014702989,87.0485831982391,0.178684704948983,1.05691961934348,1,1.14276049813843,1.13441685265244,0.427774906594184,0.12485039874216,1.32197982149938,0.763563547001731,0.316784586489321,1.10353291316405,0.578895127374268,1.14933137794305,0.603876104421518,1.27348389734902
1.24373271523991,0.866323569605064,9.8960481829656,7.8006355101626,-0.0205856963409924,0.794773044819273,1,0.718269533497536,1.22292799766801,0.427167423472433,0.30136509492981,0.00301904621450282,0.67420817436615,0.132480187141742,0.754996684320683,0.843324729585009,0.326279685325527,0.68719322440266,0.307019564500807
1.30431620235252,1.17595786360809,17.2586569053018,16.9353080375124,0.368275902063946,0.425042489168879,1,-0.130068640256518,0.960128122793766,0.808924680584959,0.214550521520109,0.39951878689658,0.285693765779386,0.66965999964475,0.675134188281732,-0.0911741800881051,0.842490230069762,0.600190531223962,0.507075286539737
0.668869788158149,1.16294155067815,19.9059104707771,12.8521860040025,0.296107332456766,1.07882689066099,1,-1.31980699037032,0.778517627748519,1.11705643639463,0.388155576464335,0.555801425544793,0.423401375119199,0.796479741931511,0.472904112343159,0.398288070479255,0.496198177120081,0.992195773796129,0.363555011540684
4.16821769265978,2.928631720189,89.991001842761,97.8542303607742,0.327441165827235,2.1418747098857,1,1.56805293113415,3.28359896107304,1.05742262182883,0.874934185379152,1.31324139166308,0.479459860487945,1.34501306958166,0.286000502608345,1.80464536171827,0.704610466979913,1.6348837902064,0.603708750508757
2.24310913235791,1.01385438281193,11.9159124548685,9.00505109992895,0.520979993435447,0.613452056491974,1,-0.475017639169992,0.94772381282609,0.813322178578186,0.301448552793699,0.100192621602535,0.455455783027525,0.983036600678685,0.2695929672126,0.402751716620536,0.369978735775924,0.585923711968012,0.528690938270907
2.7998276292206,1.67695861785892,20.8243273995561,20.8801123014962,0.126726352774898,0.714633327597692,1,0.521191739704495,3.10526694119924,-0.215948463890192,0.767132431052107,0.794517845249957,0.97730310432783,0.649784090980391,0.343199869586883,0.350645579091605,0.980722992406801,0.351059713173649,0.953922837111821
-1.08746022632993,2.4239657898481,51.3754586510226,70.427692090465,0.270683426940778,3.19746898010158,1,-3.04133821284568,5.8057392811943,0.788404730145645,1.0641443070221,1.29447514699045,0.80367433345187,0.952295077340336,0.987256178228161,0.0903331590111374,0.89277392289786,0.979841423747845,0.396105215424885
0.231671749680839,1.39090842348032,25.0181133277413,23.4731159560862,-0.288643138747933,0.379077253202884,1,0.805657324722544,1.47007373894156,-18.6783315483078,1000.00000000578,1.03190246647625,0.483016515449124,0.738674504723338,0.371701160246981,0.957406284128451,0.428622529192738,0.846051856804318,0.311463326390913
1.24118195434321,1.04389597233066,15.1026680099047,10.1356879744853,0.339589441388159,1.35160261671888,1,-0.0709731984843181,0.976338970080813,0.22723784342188,0.564642547760077,1.123420990969,0.379514295591796,0.767884133997846,0.351604532094567,0.712039183886138,0.378310203685302,0.957762206053538,0.431837042587783
0.762064921730847,1.22380456940199,10.7165661515645,9.00737838103424,0.973211944550609,0.0385466607318204,1,1.50955800207302,3.33715121003104,0.65975164892667,0.519182905391505,1.01352293433265,0.285963934591701,-0.556892494852793,1.17629563984026,0.130588624951891,0.993833729388159,0.593970267810071,0.381381432377508
3.85103082202004,1.20084861737456,12.4975257992192,7.5594087101759,0.26868072021001,1.40663074188953,1,-1.17751803498773,2.33662258208939,1.23510375086122,0.644674214564521,0.369279607604721,0.345120563892878,0.987283598674427,0.335334767175264,0.405681289875291,0.474088654363082,1.42034257995222,0.327321689654619
1.89302352292825,2.49356313439663,69.3564755220863,94.5744168655154,-0.2682626115232,1.286424260263,1,-1.18059463591437,1.63293120210115,1.38030997272949,0.945375095620251,-16.8071563006145,1000.00000006664,-16.8071563006144,1000.00000006664,1.07655043065335,0.97390496378183,0.846503696735245,0.125127538982787
2.20488989825088,1.33874070573857,20.6911942102744,17.1689708122511,0.350816515912944,0.967958519341295,1,1.13434266621067,0.860516565223466,0.196420909120141,0.842591859061657,0.0201426816812811,0.971487663443607,0.402410243885189,0.488257656962398,0.550949111277742,0.582413835857389,1.18584654211863,0.4001407741976
-0.152645601527484,1.81749965254392,39.5479352587229,40.9669339397796,0.294682646604578,1.40398865427243,1,0.212740082143781,1.67983197252408,-0.0375984531903589,1.12480090447838,0.251273127767631,0.866148243737358,0.645371267707169,0.407571684297826,1.10109931140523,0.297386791809173,-0.236000720832417,0.745733220028914
1.86376447651584,1.16657296677308,15.5692132020585,14.4571613198899,0.220809498966847,1.26486827841173,1,1.00493662675871,1.06664949625518,0.442959102237335,0.680293790580637,0.637585173913843,0.198505653777183,1.14016324231739,0.408721571575969,0.429833736161998,0.461037035942804,0.836886455613497,0.686436290909367
3.05408917838437,1.3720725084551,17.8384711010936,14.1120145579721,0.179171662802717,0.686421650176779,1,-1.19675968413004,1.2544514143335,0.978549277842643,0.324468313969503,0.979661260908685,0.247719656401819,0.790506896786723,0.547226585108209,-0.0221440169068546,0.700998778851697,1.13321652410342,0.470614990882461
2.45040188454269,1.7386452490757,34.7495412102185,30.4265150922113,0.62516852326014,2.10388569441474,1,-0.235033685279598,1.42875668854627,0.996948124092097,0.118210159665574,0.146111653287321,0.529436512938053,1.23130621075929,0.535585467434968,0.103871195211085,0.434039055528082,1.11876980511351,0.517302952245867
-1.2023914287603,2.12925147082065,47.0120512081344,57.1643504902423,-0.154015604126467,1.3113220247316,1,-0.500254026694037,0.883002560288312,1.26384679318289,0.414821600429091,0.998929571276381,0.685299414815734,1.19497226002629,0.889867779956979,0.506461803482829,1.17569810430759,1.37991802502776,0.850239655916105
0.740277491983153,1.75786672166998,42.2763947096699,36.2023559282276,0.254930919826821,3.16494193005022,1,-0.358126548010588,2.02136123743223,1.06611520374422,0.562201397035907,0.52306900175651,0.246015148982069,1.24522711665415,0.485857418267435,1.33271814375405,0.250749330862019,-0.0729544742704234,0.927503175766928
0.469323650032708,1.20770017890502,16.2645735478588,16.2127550340224,0.397825278069267,1.56760076098682,1,1.63208801086147,2.31391950386605,-0.247648756556808,1.19106379179323,-18.8212861877352,1000.00000000057,0.113716258857037,1.08648214748233,0.254417216633222,0.467557909892706,1.05443845375342,0.319712930991123
-0.204328407838686,0.802255679674028,7.81386894437906,5.53964627103578,0.724170487219406,0.282092603180159,1,-0.661589687313696,0.945756531563154,0.909297378728196,0.437650099174601,0.804114699424468,0.332282474557869,0.502285071851927,0.631564927354532,0.00586995575760152,0.832567337949069,0.141316307546179,0.589209125472132
-0.864045653226534,3.36117317358853,73.291064383723,88.3968568241928,-0.645809470034045,0.200844860220385,1,-1.18389244952085,6.99324672055357,1.51991029781235,0.558967346961608,0.273906523508791,1.53499982017703,-16.8942882767023,1000.00000000526,-16.8942882767023,1000.00000000526,1.27151161175201,0.52921580644799
0.372852898280372,1.29344338430818,15.8916574576037,22.8160889447348,0.990000873683012,0.0184542999856054,2,0.953013409384664,1.92003288369072,0.960606410640105,0.598295976719158,0.876577340880732,0.949384406824464,-1.53903692528776,35.8951972610771,-0.245541858166549,1.55555348321141,0.599651042091933,0.865782778230424
0.731866569764396,1.30868638680301,18.0165782859291,12.4390154747961,0.985720406332004,0.0289080161307687,1,-2.45498952802975,3.22097944230329,1.18734134254056,0.641502695937215,0.756266331404547,0.453503266894901,0.60904885601596,0.512106331447794,0.591955578419558,0.622659708892102,1.50463395162462,0.349525722636086
2.53172286143888,1.63003221743385,22.3474232653845,16.2565024988851,0.191652370567421,0.513516517751136,1,0.188122467304415,2.71275601025479,1.06024496244748,0.513944352895621,1.02351367465718,0.279753815784352,1.65729204046359,0.379506979759368,0.969024167354794,0.644544952672107,1.03577897096992,0.5934555811628
-0.367023873825568,1.96152350060223,48.598819393845,52.6296553427435,0.175237875028683,1.43675318109822,1,-0.554310053275254,2.00507929889129,0.924230153813756,0.537248288768567,1.12349182997808,0.794193396745296,0.0681547702883716,0.922341599916591,-0.105343414650123,1.32774632180488,0.293526340414233,0.570788866223615
1.06877236654974,1.43087063544255,24.7172371157055,17.67697804309,0.251034608529802,1.17330964736622,1,1.1373262078967,1.55609978501692,1.02509331953249,0.689596589742601,0.503103257765141,0.320557604380559,1.21484530508028,0.392992982742469,1.19142068011437,0.261817108474049,0.877179041550204,0.481528922315848
-0.622723113247147,2.47739352264592,66.5378368057965,86.9560842175405,0.592685460323887,1.97190131055107,1,-0.354908279734258,2.90276243264688,0.781608428306063,1.2705600909378,0.932844542538015,0.384562799777999,0.723947452556379,0.582183678418906,-17.5875067951735,1000.00000012911,1.17076306038202,0.393158037660802
6.72249361451856,6.11958068465619,248.177343292597,444.124323001048,0.240942882988514,11.8686772923608,1,2.00509307699705,6.10213776700407,-18.6920782908086,1000.00000000033,1.92648779202366,0.763892090185395,-16.1321100172493,1000.00000007553,1.35571855167246,1.2536059533263,1.43413928306453,0.550946947309485
-0.831669194235435,2.97167782711767,99.700366725212,120.012902314677,0.207582113952975,5.12629136707499,1,-0.322165447073777,2.34751127224922,0.60374754629899,0.338358175079905,0.721886379282462,1.81056737248091,0.711636303498736,1.72431405904469,0.167521503062863,0.593034097212801,0.289754370634842,0.939706988939458
1.66349205482719,0.486450252129295,2.29323735173621,1.99120822739159,0.931237981536012,0.127999952704766,1,1.765692525858,1.08126590568696,0.883057202809052,0.252034599219065,0.689386558906579,0.372986072801316,0.973463245421389,0.397266153865091,0.368782817765883,0.333559807083788,0.150791628896847,0.478034102579783
-2.32397098086661,4.41309723334885,164.275006336195,288.078223278539,0.382415496686088,3.47288571707971,1,3.68371947551753,12.191695858552,-13.9163060658203,1000.00000349374,1.41769892876236,0.217739632425458,1.89556466318285,0.895551086485212,0.899740094404023,1.3247519181863,1.62807766538671,1.11571601989198
2.40841525449403,1.43375802368279,25.7133180347515,26.4190198002287,0.384662570021669,2.52478100047357,1,1.89721629328185,1.31397603741857,0.434469000488756,0.637113375180545,0.904091030830109,0.685786602274156,0.784213507194847,0.383679194762321,1.47676464428407,0.366456826579142,0.213887536496747,0.940335051434306
-0.725495645792668,1.23300939302175,13.7747908795746,11.7086030511133,-0.0216664040910458,0.489180788119127,1,0.527137165470535,1.13180171820441,0.470734267694903,0.50723176329715,0.513413376104177,0.358885528665175,0.191059630109198,0.424413229913787,-0.153796861155955,1.35022168189699,0.751460653603868,0.463087742189746
0.658218354297385,0.966603111542462,11.0953493615101,8.82487047878536,0.786029505486303,0.209235832680362,1,-0.0517910714963489,1.18293528914889,0.777032081935079,0.203211647658133,0.530966785821046,0.419594158365463,-0.730259295401228,1.00328474886446,1.36228109184346,0.479638983133052,0.168780598875626,0.462111836400928
-3.97270911425667,3.25455899725353,26.3324605376464,40.3078220362583,0.337917037301482,7.1596547932911,1,-1.462410876785,2.59016491776219,1.15350005730104,0.843295314408769,-19.6750996071546,1000.00000000011,-19.6750996071546,1000.00000000011,-19.6750996071545,1000.00000000011,-19.6750996071546,1000.00000000011
1.74113940227575,2.6752329461473,90.1062939687118,96.671720422047,0.680904310304185,2.62378007909466,1,-0.761130405226895,1.49177413051847,1.71836211283475,0.382341894893857,1.27273605207249,0.370986642358236,-15.43375519821,1000.00001770722,0.913153446145797,0.485283012138399,0.374835205789476,1.15737184582958
3.51786788346339,2.39240436962898,25.7573565409811,33.8197887368314,0.507247021081687,0.708562569995444,1,2.11162663817131,2.14773087404913,1.16191512320631,0.414687911311591,-20.7272071768187,1000.00000000004,0.338896802704349,1.26595056644396,-17.8680244316117,1000.00000000554,1.19397045618197,0.895291495606449
3.13426216743466,1.43920164013277,26.8192622805078,20.400941115128,-0.269608707077222,0.442372049217699,1,-0.479657997015086,0.559930681718108,1.15078373613352,0.453542932540917,0.919775972146414,0.27589987330147,-18.5571510597209,1000.00000002791,0.621969298231929,0.510067946473303,0.991988626881612,0.416758470590525
1.30422921340345,1.73661362364519,36.1467911275426,51.7757198800561,0.528369842394569,1.66366099815672,1,-1.04933739457545,2.31163956014941,0.904162877901835,1.05146648542378,0.768136218046637,0.516859028842821,0.415442258632999,0.847676229090196,0.17591273464205,0.603368349523204,1.22138555164145,0.641211983094931
-0.19659267273305,4.46533931410595,222.321396903831,373.596684536393,0.141786974603155,9.73022134128979,1,-0.189970466605346,3.38428333850803,0.599543050965536,2.48354252529733,-17.3200169635385,1000.00000000712,2.35913927523411,1.08564357820813,1.74300839259663,1.02422705951948,0.978839745951834,0.703513303856664
-2.28971911723188,3.56021684339484,131.170624881087,146.496946391746,0.382560286192675,3.58598088385278,1,-2.95253325706188,4.21507498973281,1.44406386529683,0.566394903776304,1.79718886920651,0.465964225863692,2.27703742716526,0.549629939497518,1.15307857734651,0.75561679757158,0.89285664845285,1.01432641416939
0.0641308129919258,2.10203661435555,23.934119946907,51.5371688811971,0.990086158904087,0.0268636992888888,2,0.335058373922442,5.33614296814083,1.28395610951941,0.708762620484797,0.310281071852987,866.02756527566,0.310281071852985,866.027565376354,0.31028107185299,866.027565359739,0.310281071852985,866.027565468759
0.45834952753307,2.55559473364796,82.0132328080121,114.588439697733,0.219497075823799,2.37461303497579,1,3.95607751763073,1.98332030621668,-0.0542740308254785,1.49681647848349,0.808377579718417,0.728971988501951,1.67440397115077,0.523359670970892,1.33313339921125,0.840138145029622,-14.9178636150002,1000.00000007139
1.20272222430196,0.636530430802996,3.14971335265014,3.20593997568064,0.919831708698847,0.212312943946004,1,3.27188705754657,2.01639663346415,-0.824569336471515,1.07225209518791,0.579609322500377,0.501969836689736,0.364170498748503,0.264789884976905,1.28633092909335,0.32640154036784,-0.401839380112756,0.829538125293732
1.29664955546931,1.1165778925963,16.5766722578025,12.4522565046896,0.639635232166269,0.691473340070987,1,1.44312344464318,1.0554762043279,-0.368291159386362,1.112600803953,0.531481396858868,0.685783012075738,0.75060811013729,0.395394301481786,0.751735799848597,0.350351736375182,0.444568893366458,0.361839515218563
-0.000111989014760035,2.70563804532029,77.9553067133079,87.0869194999045,0.434724537860446,1.43331698183498,1,-2.88858737816221,4.55882686581095,1.12964155376318,0.757467535866737,0.258798444181418,0.934718342110662,1.12060320345056,0.47679769789652,1.14676125928729,0.618363707821032,0.211583673918141,0.846710378125592
0.0221707944882823,1.40766701544567,24.3393332834383,16.4999196022866,0.346618413821731,1.42502705233987,1,-2.02247334104185,1.4093594956647,1.16558756276007,0.326997809750042,0.930681963600322,0.424782527454409,0.451824502784791,0.652460391673683,0.91668233373623,0.320751351423938,0.158525472439413,0.619760843152938
1.41871729653156,1.74889581196403,46.6732449355278,32.101270325624,-0.169443055455401,0.600590132127776,1,-0.351535173775132,0.827421602389751,1.39089716355231,0.396797460993965,0.517515417449129,0.396542849875404,1.29189792878424,0.551602313258215,1.12826178553117,0.46034015256951,1.38924932277489,0.512549541701717
0.0471115805611276,0.8832269007497,11.0945714809458,8.89288215269767,0.217673006972011,1.90657926857947,1,-0.749676029193296,0.464664431384093,0.604725695684294,0.318831084185475,0.803290830390183,0.277754233998163,0.444890067475228,0.365926134250834,0.685917775316548,0.505978243592678,-0.187325446709919,0.991667141629683
0.261446909455488,1.44331725922953,23.5246751083944,16.1396707982899,0.448080713734233,1.33238972565133,1,-0.198449781706063,1.75075781826834,0.588127498764719,0.579036726637161,0.636257702915107,0.223920376855921,0.981580458748305,0.58624660820946,0.765031280497208,0.440188063307451,1.11269037385667,0.404371984495548
1.61432907289751,1.09423634758457,12.8297592100197,11.0308029028981,0.20278008679531,1.49209944946221,1,1.56863846830553,1.22069007903603,0.62551530149783,0.352347282409784,0.646323059904434,0.61812325031705,0.124905743100853,0.440488362997067,1.09845460064658,0.48837404505419,0.619360875090609,0.629737671747344
3.66964032540851,2.08759828154353,23.7626362438431,25.6570147484596,0.168306101343068,0.831228897696589,1,1.3173275418301,1.62516232384178,1.06645381158897,0.9223893622594,1.07116243241216,0.610671710731097,0.830413898571289,0.807343778273522,1.77505016770799,0.562495448786944,1.1499750212856,0.367607859511813
0.602444349209548,1.66666024252732,37.4599934943202,41.7144447317611,0.441811147363685,1.44740800157021,1,0.872547184303155,2.78741763709269,0.362663134835582,1.03231784502655,0.813929192174531,0.646450201504474,0.999440041487348,0.489195240313897,1.02703326651261,0.448530792096004,0.977079709844175,0.433654494955047
1.87499019549009,1.27578085267644,18.6886898932447,17.3768260324479,0.567033215670474,0.903089768893277,1,1.10372048791651,0.983946759485119,0.858040547137729,0.440796104788918,1.08537125127791,0.565085266020821,0.571667442867449,0.424179322520911,0.528319837942284,0.451190507570819,1.33910765079259,0.472139188523872
0.436958863284143,0.855789503437816,9.0989603741227,7.58449660524928,-0.634716679866032,0.160061038119855,1,1.58309933358141,1.42583481893311,0.304244767566655,0.502798327345401,0.646938745674781,0.376062739920713,0.562822917169137,0.281825861841038,1.78648049766951,0.185066098525227,1.2224876925216,0.425158168018773
-0.89735590741279,1.82855763559849,44.5690426724495,48.4581255964758,-0.219633622261827,0.607029269725254,1,-3.80684586714803,2.24892684724741,1.18356136410278,0.624741788776422,-15.4282368150966,1000.00000014598,1.11148802030235,0.58985619113206,0.618464947306845,0.978299546710088,-0.262231483487221,0.155558591212565
-0.031306105513357,1.32463066477931,19.6235056645866,15.9636379366492,0.644897458858446,1.23964933978024,1,0.104506241853144,1.33348844569595,0.616587008031959,0.463968519721333,0.206725587800872,0.490666382252879,0.642503364485254,0.303373926256556,0.35110475411543,0.481224688018509,0.113523666935395,0.557720403748372
1.55056451388742,1.44757992230971,29.1767130398082,16.2188204529301,0.2709851282262,2.48693041198615,1,1.3471480022135,1.87115573522784,0.647360760282165,0.47738431774826,0.815185665691443,0.327342843100261,1.11672593493668,0.346462460503741,0.857114465797793,0.398533310198645,0.770754289151323,0.56463791344445
2.15614049602295,0.740414242217446,5.95695177356471,3.83442744083373,0.477256631159687,1.14946501198215,1,1.86813233987965,1.12369107581619,0.302869058739555,0.547619929823283,1.19831420916538,0.317351053138048,0.711712973794327,0.370790956525271,0.859911227577719,0.500577976469281,0.863253487322408,0.432358897198307
-0.0461860490224885,1.43126757173888,26.3053627985199,22.3650806914499,0.557711186107397,1.30836887534157,1,-0.36869072507603,1.31765528524103,1.04779981315212,0.385389391888057,0.646532131214454,0.510042558967422,0.520049431778653,0.238253199786967,0.890150674784832,0.501337412160371,0.0439509518250472,0.895683327648698
1.34712570786964,0.775569064627881,6.54911608074108,4.42887085843719,-0.169100183490254,0.279269825343479,1,0.259794181970547,1.34935441780532,0.75333845590559,0.286709533591138,0.831407397105556,0.313085806934363,0.369569762592075,0.48767579555265,0.995236868848027,0.322540399338418,-0.222105891191546,0.50478298275338
946.059685806556,1949.19247028676,53638955.050642,14991352.6999931,0.39314152592819,1001.49399775534,3,268.734547067675,932.395469126149,7.58186352492944,0.974858805007188,-4620.27803167993,1000,-4620.27803167981,1000,7.26599898267754,0.788746784722981,6.80608604655113,0.982421007372996
0.881540236431812,0.844556374372912,9.46312581950745,6.52485879027304,0.29016364596831,0.426362526551207,1,0.605000075617227,0.753154680277591,0.797889390055846,0.294295222446583,0.361177472029583,0.201536037016002,0.640721260489905,0.400429982156141,1.27206609299069,0.308626069300017,-0.364201161959243,0.95291631010743
0.764732474356197,0.858046576698291,9.13572885462097,7.17571631792295,0.889284379910085,0.465794602634391,1,-0.340303895955752,0.890017694863006,0.952051558329102,0.36911877535001,1.15317040640361,0.644946197769445,0.635694132550097,0.450498009621018,0.587418041613877,0.34964476770374,1.31585596407985,0.366359374050693
0.819291960136096,1.23383622865913,17.5682979414918,14.2572961783539,0.15338734458118,1.62973989703216,1,-0.120036770215912,1.25595891645783,0.481411725776766,0.550652304369959,0.119226245485953,0.44192738302978,-0.414171153315621,1.04541524567742,0.692130718833005,0.490108505308782,0.508259848853853,0.302984689607967
0.234527937572101,0.953931808835442,9.22525836560045,7.57446565122553,0.267560301959331,1.27847611264929,1,1.21615113560535,1.4630096075048,0.524595354823162,0.47353795440435,0.667617979871556,0.506144836562157,0.163107062387003,0.339383296991542,1.291197203736,0.426472318415709,-16.6438051947053,1000.00000086639
2.06309149862351,1.08449411499565,11.4685031986809,8.60020866940119,0.533058299616816,0.82800223151666,1,0.195006862940237,0.767343953539944,0.757188057305469,0.287566868796016,1.08367251801501,0.306623447089886,0.984997390422727,0.484523160051117,0.361595807026459,0.43079214192527,1.08270657533918,0.56730364714787
3.79887340225787,2.30724610754823,39.6660433396004,40.1279300389612,-0.528434921795746,0.356811467971514,1,5.32296279171587,3.80448486232784,-18.3338104478854,1000.00000000314,0.894412483480815,0.682458132763754,0.0596692561107094,0.318852522116125,-0.109292900998725,0.91682358888053,2.06520837947586,0.501296610945836
1.00617894399149,0.622131324486529,4.8059722154944,4.37071707532001,0.0573949454498038,0.695718494588849,1,0.863543087615967,0.738944374696417,0.920568300176105,0.442439585669616,-18.6267339446403,1000.00000000507,-18.6267339446402,1000.00000000507,-18.6267339446402,1000.00000000507,-0.596308318744649,1.06866998037683
4.15503427926791,2.04301752156745,33.7800208893852,27.4176486496501,0.506129040167919,1.5299719092629,1,1.1492368103488,5.61998626429619,-13.5327595618582,1000.00000619114,1.93708035812609,0.802573718589181,-0.280313663123526,0.927009190575997,1.46619663518783,0.322185039239588,1.17306633187711,0.464155579708448
-0.701197814249476,1.42634089435535,19.43614604692,22.7142703836359,-0.388240399011133,1.03447867219093,1,0.402654428519025,1.4345573113313,-0.429737958390152,1.54190758746317,0.365131410416872,0.453027866965944,1.57743435666519,0.641012375838772,0.440672274653706,0.843477135516032,1.32894002275836,0.49408437734351
-0.88673707531052,1.13060613916443,8.39009279600712,9.02531664341383,0.228120996877615,0.927687849714743,1,0.685080549894415,1.12293248231592,0.326117222110159,0.711684907210212,1.13385410393421,0.197606626495152,1.04203451201478,0.354773054983514,-18.8273105121622,1000.00000000019,-18.8273105121621,1000.00000000019
0.600435291380178,1.71680386311206,39.665983958408,35.0893238892782,0.235442049141731,1.33701688028339,1,0.501247999834946,1.32287883901604,0.253607308481599,1.08483044480069,0.406449892740676,0.719431333782461,0.820810804577115,0.648571340825889,1.30018817263156,0.549464898473593,0.723657389450671,0.537171936468969
0.208871468031194,1.95985737702692,51.5882872580638,57.3166656966892,0.0102273946930072,1.64234779226869,1,-2.83299543114355,1.87633998950319,1.25397902584167,0.444858861999798,0.752643285618063,0.324875118449107,0.877759483533489,1.18277835378331,0.310324916160054,0.640114656543309,1.16731322137839,0.853273874232795
1.60658691120461,0.780259376659683,7.79994950742305,4.96992163263057,0.443634705890007,0.679126072193851,1,-1.07756840191797,0.869726963243895,1.0681463972178,0.147966443445768,0.511437754667585,0.302277482864325,0.730355372275682,0.294072737358241,0.454064645473011,0.542517851669247,-0.888538481224684,0.89869836534021
-0.734817854293002,1.48491628268201,15.5597538937939,19.2992670592164,0.337295742793479,1.98957228603009,1,1.28186968399432,1.91386032645439,0.77686698738929,0.559767679406429,-0.149413126463801,1.66045531890263,-0.0371431718852018,1.09224949994272,-0.147281407804513,0.972130366292489,1.50343467713192,0.756706946540512
0.994600780800889,0.725854988539762,5.95363741384105,4.74202586095874,0.934206856878878,0.0760228768745882,1,-1.7405316497073,1.05397505706221,1.06301115029418,0.16023651251687,0.796028918201761,0.264609125684393,0.666296442908488,0.438916014439249,0.557456378536938,0.489774854945614,0.405990968318418,0.581507094396703
1.95191775905373,1.35394233764964,14.2840215254673,14.4953336543691,0.704556666348854,0.787617043836274,1,1.13409042413546,0.771595642554093,0.793696428525936,0.426337995507271,0.669357510217539,0.594750779565807,-0.479107624161948,0.730968020433421,0.390169545048264,0.939750923836466,0.97794546965791,0.805177817881204
1.82213408798707,0.870527448161956,11.8799764801628,6.6124792125701,0.294065097231144,0.675138992992536,1,-0.319467296108246,1.07615947348876,0.756409549758637,0.533307396816216,0.335919546486979,0.397931490695803,0.953009578018485,0.246130685380118,0.770001678734986,0.213389230904416,1.11224602604495,0.249353578763588
0.914055997753944,1.39248437947171,24.3250507536936,17.1242795435718,0.304541436326832,1.45597632349247,1,1.24317937391637,0.990178122855077,0.418600420274673,0.415152074810119,0.331464067129207,0.216250751221692,0.645905794718054,0.343725375458285,0.501485212718365,0.345340630099386,0.927994893382557,0.65608466083772
0.936908004657898,1.57336375363653,29.3294532170811,27.9273251424312,0.56392790801677,2.09936209331929,1,0.807707234114381,3.31162055675926,0.975228239523929,1.03081758705876,0.693721035706877,0.941309688819376,0.47284522122843,0.636360288377164,0.892749392153854,0.478870680374874,0.870092279347772,0.438821233689577
-0.212637908692379,0.981481843680108,11.6072875169725,10.0140667492332,0.206659607838561,1.36420246381164,1,-0.90919866987275,0.841987971465722,0.435246433301599,0.395172536924442,0.588749297482132,0.435663630522337,0.163874934152241,0.348475169827406,0.261166618987156,0.557344976017917,0.637268981893111,0.467057407224901
0.359555523580126,1.73964173194165,33.7352434829311,41.3545109446001,0.720317380790382,3.45156828969183,1,0.645858674504791,2.20237077920019,0.785928907048539,0.457990767710263,1.05966237536537,1.06098810308843,0.331789213086364,1.07791244888986,0.6658032449283,0.368339104657321,-16.9212066352378,1000.00000051654
1.33068908415494,1.21519419941706,21.9214216701219,17.0159115968316,-0.146910255678732,0.885008633668672,1,-0.755966798263031,1.36309260777947,0.338675743923032,0.585143430209694,1.08993558450314,0.332735826898787,0.902888698077089,0.451716486173347,1.0793711419503,0.31673060988805,0.743235098384357,0.260557192172188
1.37111721469076,1.20526157553332,18.180985828533,14.5712843564294,0.0538595425638737,0.715421443128827,1,1.59052247633834,1.27046429964554,0.712065296416225,0.33997706519395,0.129570051872022,0.636347255482989,0.778045458455541,0.481147467153902,0.201837194778138,0.527000388027402,1.16037443243262,0.281498357698073
1.22949897780569,2.0647852429604,57.3251203697537,51.206260800065,0.557813383802154,0.64940370701972,1,0.20446298645027,2.28663742806608,-0.0279168815521624,1.42125013809497,0.435957020759045,0.882387480035644,0.652037985224715,0.376713985862903,0.553151963900429,0.489508489552825,0.71920466679019,0.403694005597419
2.7128957289998,2.68241305181156,90.4772465053167,94.5781059727745,0.422000697795484,2.17692868646065,1,0.560474873484286,3.03908043535628,0.989678234464421,0.93054640040508,0.664012364941729,0.471246815294645,1.26740893657534,0.39669910147261,1.23839452556981,0.217476735157682,1.19700672642688,0.508935637788406
2.14187878207701,5.55143687688442,213.560383635603,458.828973252331,0.831291867595224,1.72354840970796,1,3.09637527455206,7.29488391473544,1.53061686600959,1.09880106553242,-15.5205243919781,1000.0000004565,1.37874141073624,0.95598064546892,1.54978128902571,1.34202149902073,1.52581052046685,1.03997210774361
4.67356735305035,2.46785839461143,40.9597904389255,39.3859553773983,0.264586337916332,1.30693129199436,1,0.339295253572515,2.66263687199795,0.0999873164596708,1.13441441474913,1.13484852729394,0.546369370388799,0.766394174808498,0.674864642767674,1.49827126946478,0.582989326564198,0.84748843292693,0.191760401285798
-1.48812570814556,5.81232555496344,432.352653596849,496.641373633571,-0.0407036274956876,4.24878618570639,1,-2.45260605676343,1.61683467384583,1.31816786032011,0.532165385387655,1.48849737777542,2.22081163626854,1.94743101740849,0.535800680424406,1.32270304462292,0.377315607802128,2.43609893862429,0.539336283328066
1.61429872554567,1.3841120372305,24.3925015891351,22.7498618118746,0.0731475424764211,0.685043516129545,1,0.0497610543443106,0.741345527927165,0.778418242465455,0.405445748855237,-0.0157491335880808,0.427670425274141,0.944037755112815,0.259588161898002,0.975114804314468,0.669881835204566,0.340926950198033,0.60164300558058
7.18459462871327,9.55745636508416,246.467487233452,546.646193401475,0.323676940231389,11.0797479434613,1,2.26415800597126,5.32033354662446,1.11292428473311,1.53646516478053,1.17244211737133,2.29131907524745,1.50295265587039,1.06760433158808,2.21858947232297,1.14895657718587,1.5016638236039,1.03609157868669
0.877955947728919,1.85427424770237,40.3482675632982,36.726984281311,-0.0649945210184501,0.789664891877015,1,-0.0735656496377229,1.55742062832898,-0.826533706111157,1.03064541099299,0.955154973675209,0.27864242801434,0.218934199363191,0.594990393423016,0.156111413449648,0.462404978593454,0.802881060469748,0.417587598334513
-1.34919605062743,1.10338150200879,7.02857157045487,7.69551513007349,0.343439903329673,1.95340729318208,1,-0.0637599806474391,0.98389621554597,0.564638216121525,0.370006103147114,0.49686926256805,0.225586181791416,1.28901885310208,0.736738381356542,-17.5667946285725,1000.00000003798,-17.5667946285725,1000.00000003798
5.21685666632693,7.18776718423615,203.221413420048,507.744006612677,-0.625222884766416,0.654184617368754,1,6.75549549188893,8.81097583100077,0.945168417047979,0.966444927804225,0.0364037021134452,0.607060259194876,1.83001300165955,1.28485291502332,1.94826363095291,1.29833809071508,1.55134809166377,1.51039534427212
-0.235577724525317,2.44405863734761,75.7931105003227,80.6078969780911,-0.0733361982985714,1.49772723933168,1,-0.52156193971831,2.02257707235835,1.3201770956457,0.464411627335741,1.53718988479372,0.579780926855555,0.55009242015273,0.837898161592421,0.755645270018453,0.348658863127702,0.580288848243637,0.37490243093256
1.49047695923457,1.19557180481009,19.8521356711337,14.0603183893362,0.577587109936745,1.51355153149448,1,0.0498331366473856,0.868467733085061,0.650771500085542,0.360491639273331,0.776814218891171,0.407112618574482,0.981959171712503,0.411054664406699,0.453717756257324,0.651764020380135,0.65413088585083,0.656671174843412
4.92307065016515,3.64999567426158,80.9336365763459,106.778363909422,0.49198679513304,0.96021456290338,1,4.10248125245235,4.89371426427445,1.45980073231672,0.367606409779676,0.694855262328413,0.375136234905985,0.18147258390913,1.39093119819124,-17.5535899244862,1000.00000001033,1.10422434405254,0.896181908308927
4.67494243932852,2.82849257587857,42.6595309442668,43.6727249094275,-0.321046388917851,0.506763306892868,1,2.14384986911441,1.81311385297204,0.563220939606007,0.299836474201714,1.1851123614903,0.521769188601318,0.452924444488827,0.869909401855405,0.0613775949765894,0.868043037642654,1.40557878659933,0.382716907461465
1.38806448434436,1.44756800610077,30.17980654286,24.7639426015409,0.263167838754452,1.13103327119544,1,0.580628662891452,1.970743590302,0.749441884236447,0.277565282808587,0.714855051557962,0.996772106542532,0.747841425843149,0.488492899755906,1.16170407107961,0.315161736289628,0.939641493507594,0.342237700533131
1.10284819154635,1.12781861034183,18.0875070856657,14.7502811435534,-0.0145035398687953,1.13405779519685,1,0.268241569109676,0.722178110197012,1.14056168860558,0.125864998766986,-0.14867251106467,1.14312148016835,0.0799199763631163,0.935497437370874,0.853790382965808,0.886501806918346,1.03967644243419,0.420847875313851
1.58991333260981,1.9317230783208,49.6133352313447,60.9281428482398,0.0425764700387959,1.35014620619554,1,-0.82982235748211,2.0737336054344,1.32867755215012,0.685347800560154,0.725013192298273,0.740978369274597,1.10322543409821,0.326486139330219,1.13713572976378,0.713284363724299,0.860837432636156,0.656491836297626
-0.575761262445531,1.82592597737267,42.9292442804357,53.5353728273979,0.266092530571469,2.07823705074296,1,-2.67910067559933,2.22433303912545,1.41626783237485,0.551938452703731,0.755298391854705,0.656925592085413,-0.0716031050188805,1.15739920035581,1.03587635554434,0.81328650252737,0.787866869810025,0.498929104755808
2.31329515142109,1.48927773540319,25.9983178080145,18.5346478259267,0.259695792812321,0.520056670683948,1,2.9400179682588,1.77574572603597,0.00775228740423248,0.884610774683074,-7.671493281226e-05,0.663965052108649,1.14447290519935,0.283324157543965,0.91694969948135,0.21091689067036,0.714186514744834,0.564416854735422
1.01032034288746,1.31911627886409,18.9030335635671,14.5197861329245,0.939650293978448,0.081011065848015,1,0.336437770610662,2.03567504718914,0.187766899668144,0.75104005755936,1.28548870926937,0.296917890573753,0.282683921335442,0.39379322941628,0.754634839218584,0.668858763378436,1.26410598429377,0.273389848016584
1.4156876238608,0.740443296618128,8.14669214518324,6.16277814922509,0.479063614431121,0.7960078526177,1,1.22315173992266,0.740731186798737,0.638315989910528,0.3092918875463,0.898575083671461,0.248102703187852,0.225860091410423,0.364767933490386,0.61676013081068,0.376390862760203,0.0967123508025093,0.69907790844621
-0.0818507154371508,1.80375274128057,30.9847850636633,26.6986177773159,0.793951608405428,0.604518487511973,1,0.717150158248645,2.16671864918022,0.793675258298867,0.443836207937167,0.36081597332128,0.588150344167862,0.920387700475578,0.160261594707504,1.53110826908239,0.533799638737785,0.94064833421743,0.777410880315775
2.00987577408119,0.994365695781344,11.2161905286661,8.1233547907041,0.36875536058801,0.986298238845713,1,-0.519118497260993,1.13757123899439,0.847597920503615,0.466974564749086,0.711695454631023,0.332702665754471,1.43244432967582,0.146894700643365,-0.220852932858499,0.758458565974436,-0.084012614845818,1.02681981469496
3.29595192801579,1.94242230817099,43.9054039721303,40.8819597572713,-0.0247422458090292,0.585247634680038,1,2.32821846654045,2.48869616903458,0.80730328068051,0.810961398802329,1.05736253580803,0.560207202055868,1.33892288420995,0.316654183115213,1.37927296614969,0.358438155184521,0.680251322858298,0.366149502257026
1.1971641826505,1.28413723412213,22.2594055985473,21.1809002228435,0.660730324268573,1.07472244150823,1,1.12532502847402,1.12456784748492,0.277658594710713,0.278692229715069,0.937884640964049,0.284675350395642,0.157364915822765,0.685068897087183,-0.198027760498334,0.914150856581192,1.15810093363961,0.431849649776807
2.39473388930029,1.98750387549594,45.6161180956632,40.3937056972143,-0.0846524997707034,0.742998254351416,1,0.602819065708478,2.2922476669358,1.32032630649781,0.458129968266814,0.61557947403696,0.555105560775476,0.660185387747914,0.48659970859865,0.701298418413072,0.515514102694814,1.68151595767201,0.57168091300223
1.61928616118357,0.680674277636033,3.96465683394031,3.27239069222439,0.98539604159705,0.0119164801167046,3,-1.11330811137885,2.11528633887898,0.70233285678343,0.348431060045005,1.11987728807209,0.205312426933429,0.398915278310105,0.481404502162257,0.82213572307346,0.269413364266493,0.243509253740603,0.543763139149973
1.71040652090885,5.1944281516154,214.837691247925,549.49231469477,0.211305165250022,7.55802013379513,1,-1.25614808305807,5.37636532726008,1.85391379941908,1.10476084442771,1.18036970514096,1.16941987200128,1.39886484850077,1.19080931329017,1.51999102903249,1.3321619362314,0.915846926116007,2.03921061948229
0.37839379991844,2.06335129916151,56.4346436320935,56.3943430751137,-0.163238570150095,1.28778743187554,1,1.01462895000651,1.00869061835913,0.508522146464049,0.52775654064608,0.778379272986092,0.281593004514446,-0.325558306673374,1.19746887649503,0.713468980921248,0.529008078490777,1.05827353154866,0.367743228447315
-2.13523576234562,3.45712302953051,23.3159165596543,44.4228346080844,0.464525060131842,5.09006357752182,1,1.54294357116303,3.78364639277192,-0.0954652776593772,1.73142949193388,0.340929632275358,0.649427247646451,-0.0332256309718737,1.12004237461909,-0.0937372659781984,1.34603299111703,0.303222850355596,1.15743122351553
0.994692844191981,1.89713564333829,31.818398239087,24.3572242245126,0.0147793069675686,0.862146467549565,1,1.85026325369725,2.89881172275216,1.02796806040554,0.447728160004189,0.869905997869922,0.432084390570105,0.873692722424729,0.303836754539217,1.0058712702608,0.458922260673385,1.02225299577735,0.512572973668611
1.07134696814269,1.05214406492637,13.3414492615431,9.56889278245482,0.278123707489445,1.23278310185233,1,-0.892050579311892,1.41077497648905,0.873415099822138,0.260532276524347,0.824579375450025,0.315586220189326,0.720805669107978,0.380466325111643,0.291282861919001,0.514878034836737,0.828213941023223,0.471334125373016
-2.61070870180746,2.30069657757322,28.9400366778288,39.1971897380269,0.269576722222679,4.84843097218058,1,-0.137165150478725,1.00141649488598,0.348818433488204,0.671718078291187,-17.9164351950075,1000.00000001907,1.61026456808369,0.469706807681199,0.465557091129051,1.45311351786543,0.950696204778445,1.05610061168272
2.01095188497616,1.1856697672374,14.0492660221824,10.6288197283398,0.423098185631539,2.30461545469003,1,0.100524552412086,1.53441512640526,1.0237126978975,0.401414531418067,0.288384670646054,0.644590389234586,1.06898391161513,0.451572997230407,1.16539221685466,0.441777170710211,0.705087066255717,0.440395311333987
1.23998069898946,1.33736086926507,24.0891038382991,21.3605598587693,0.0727673732650721,0.972722262550297,1,1.14503669756701,1.83433498496852,-0.137362945980413,0.843189254110537,0.646191650332124,0.493003792589783,0.995636099714025,0.558817699633731,1.1818059838105,0.379341702275466,1.11080950046293,0.195756375260592
2.17699667376558,1.25536864703356,20.3515781113914,14.1968758374423,0.0951446683849755,0.740117785951799,1,-0.826412949302161,1.49931255305345,1.02859230543139,0.439716644380112,1.35401357037249,0.326274357213345,0.961384116209866,0.452636902181039,0.848917946152107,0.219510791618682,1.00271210666733,0.383856259851981
3.13129006899277,2.85557345297781,87.8029293293872,109.008700680547,0.222263722976879,1.82231726382839,1,0.294540466292504,1.51404093261565,0.0338217886639731,0.820192960295492,0.663759341977686,1.10478157789803,1.74225454289713,0.722815477668189,0.49470243933989,1.02299853333387,1.42024705992145,0.756846054055969
0.79337911417198,1.88259739569913,31.1709677712502,32.3745105638263,0.210449777752034,0.917620037484477,1,1.26248529467052,3.63572858429987,0.763964141538922,0.758491846496625,-18.5373875182617,1000.00000003822,1.27513474594812,0.227008573014313,0.909698406985559,0.564925364528547,0.168908720304253,0.974839569906772
1.57584296073756,1.5727803056598,15.6156623394438,14.757943934237,0.734958261159497,1.7259760045055,1,-0.915769187987954,2.31671840111905,1.81028488133057,0.412177970550572,-0.170889234389424,0.992249875997649,-17.5874141303624,1000.000000014,-0.337924457300581,1.19204253195419,0.53214340139229,0.502288851695371
3.53406760590169,2.0730820582942,34.4334044105917,32.9830410013658,0.463706519761717,1.75858574443223,1,0.936283259191768,1.17844625923148,0.850229156713661,0.307217698353594,0.443736460884399,0.665460022479902,1.56958354047162,0.598889000381866,0.391536349741203,0.735696643194504,0.98492351437368,0.668744926229424
3.54565675179044,2.55074887052781,26.9346400697849,32.7812157438449,0.988186105814024,0.0253421361696063,1,-0.743455240791051,3.53955865577575,1.01101150333426,0.863495130565769,1.37501896477059,0.483539734441821,0.475521818698512,0.680018121546969,0.873311457407632,0.564732912691523,1.29094697931191,0.753740758632546
1.06601492621384,1.4109573074757,26.0419728430297,22.3758799291933,-0.0547531404773426,1.21459866463555,1,-0.765906622213302,2.68836574162542,0.149203598708867,1.12303947627654,1.16851538572631,0.517790837157437,0.705109713235553,0.571736512109204,0.732710926722629,0.34364433341644,0.395348796817405,0.408032156085482
3.28130794000507,1.28455566737496,15.3787215689234,12.5182849462467,0.371097312418163,1.08853405399304,1,2.4385346316176,2.69127222335758,-0.327443963173201,0.808160017649073,1.0635773171656,0.657441736379556,0.520792107946363,0.68333405408144,1.36587035037022,0.2650505247574,1.06643363896771,0.23880553798628
2.80232614553654,1.70719070428379,27.3282765156968,25.0004883532007,0.263579568328336,1.69391901657322,1,0.664468943384271,2.48881521831463,0.51112138442251,0.684768891189707,-0.275647693026991,1.13857426638268,1.42469225699286,0.629471036574368,1.26354491148978,0.330041649102112,0.67878476842176,0.464813571547693
1.29408837352093,2.05084028695442,49.4822660269271,42.8592536773446,0.585698676843767,1.13798508295546,1,0.588635414752887,1.64593901684291,0.640548175839896,0.327496360652608,0.483393840898008,0.391741929424885,1.53775970148485,0.501516800806291,0.0912379634246929,0.524915876523295,0.914039293858793,0.748710243965927
2.94189884405545,1.181533065997,8.45306397257562,6.77481052765426,0.482251796207932,1.01843081475871,1,2.96977639584034,1.51355398535724,-0.436237119419318,0.79146239738665,1.1157874239629,0.376156204884816,0.753245844681932,0.252358906309678,1.13626806855462,0.656331720007601,-0.218085381310237,0.827023723248981
4.86977613655531,12.5766556295171,216.396215453451,904.630782342771,0.487763366903747,12.6963665303312,1,9.78112728789012,28.4126748239339,-22.123701529985,1000,1.07511097473549,2.10608007712184,1.05066777832398,1.3584045100111,1.80521840464354,1.65558686883297,-16.4761380842567,1000.00000002834
0.443289014447111,0.54032953234447,3.32771138116343,1.79566429242872,0.246340968430528,0.522498071557394,1,0.316654678519918,0.771572310564319,0.43299042157798,0.301861388993796,-0.0528860711019722,0.529673585347074,1.02121171715683,0.171884025522235,0.371045941628315,0.317123964469727,-0.347658369753332,0.960851770976797
2.70185327212832,2.01326229977863,44.3003520891885,41.7714577919319,0.0178846204020447,1.77261991397642,1,0.189832491747468,2.09171153066163,0.642117055302658,1.46764334600563,1.43758261183933,0.767552708815475,1.12933585344345,0.590597861718258,0.851219079469379,0.397872901107037,0.358169150001284,0.918251922567959
0.993159539624374,1.21664433700018,18.4620421514796,18.0008849256277,-0.052846588766059,0.745219476997732,1,1.85351557787934,1.29972826927855,1.30476586495533,0.217595240098036,0.64417153960303,0.371765846380211,0.411750026435211,0.373645477433947,1.27537203502825,0.520868597040469,-16.0002530147401,1000.00000002185
-0.543584993780586,1.71218302312079,36.4492398715213,46.7842112852462,0.724961926517402,0.736482221361771,1,-0.15549294462802,0.9372432885178,0.894003204535314,0.6780439513627,0.690660077761397,0.539191042388768,0.579876264005915,0.869407553353274,0.741248994504342,0.932214830221996,0.879337405505094,0.844612733422369
0.118877990798073,1.42440908163029,20.8411017562275,20.9587375559547,0.228952362532931,0.980900783485674,1,2.75695042854523,2.16670200953295,-0.155595014901686,0.565136597673061,0.841581635318755,0.142795773366343,0.734071151175818,0.61699844235754,1.00052972349302,0.630787310106571,0.105629817632212,0.847453446017302
1.30272106045385,1.46464125350799,27.8318360522943,23.7972607662646,-0.31496044144958,0.750566886517065,1,1.03726610712013,2.03965590600802,0.771613970703818,0.746912468042678,9.80366518818889e-05,0.394618209090924,1.10096585400439,0.634258070649301,0.903108328526315,0.393333031304097,0.905630568921428,0.459081814491206
2.07114137366104,1.52340345091519,23.4562746284718,23.3012672960341,0.42229607186708,1.27312569460693,1,-0.824715842937489,0.842931004210907,0.785947102360931,0.504096536805818,0.636919499646015,0.601328300051862,0.754281273580363,0.414962186892586,0.451928725934454,0.355627824079736,0.369437206311198,0.633019636448035
1.37130199340573,0.681987498955702,4.22438133076946,3.45091759582044,0.741825107858247,0.514940427652291,1,-0.501728704693719,0.746169901063172,0.182207256819429,0.309809362411313,0.740915473802453,0.25858729608093,0.251333288336526,0.49314710685313,0.58929217361794,0.544668911748127,0.81391322452389,0.524582404096745
-0.286244731551072,1.02795079183537,12.8792740644455,8.35296434394919,0.342706298260049,1.01513095233432,1,-0.850133081954455,0.770595985645147,0.975001536638807,0.266978213116884,0.613278999320793,0.37470580654305,-0.373333288619704,0.545752204647562,0.769824519692174,0.315624125767329,0.792689701407074,0.503285571301069
1.61920582928515,1.20503738372287,16.0275573650519,13.9458593925042,0.641323359206909,0.783454782054037,1,0.71438466252761,0.895800721286617,0.538022165101545,0.625764034456912,0.374161579629109,0.599539964993834,0.920085320956976,0.416312774315231,0.383028400764501,0.450664532132986,0.579170809881036,0.578595755208549
2.28344363001009,1.07419004997899,10.9302452071933,9.33319475049101,0.523678748929218,0.690160958918696,1,0.450850794744261,0.951529903937168,0.324521023899194,0.522044033391727,-0.578522872364981,1.84895131398866,1.09328795984962,0.426064338592568,0.382982522009198,0.75001559252295,1.24520873774864,0.502408753682159
-0.119676391786383,2.57005594858026,81.2573026619118,86.6683004585254,0.515136027606619,3.83149224768269,1,-0.97704598751261,4.45377521139751,0.446669254465431,1.2422676162384,2.05259677153132,0.598665928824756,1.14397883003993,0.178220997304166,0.580530184637183,0.679859100422385,1.13829451272565,0.500348225005934
1.63841270775601,3.18781156668528,83.0305436937283,113.621266408963,0.988436089523103,0.0240261224095091,1,5.63418758062035,6.64412068956749,1.15885799969357,0.661634135189519,1.19677615317825,0.808020415055374,1.65031974520872,0.597383284304003,1.75555820877116,0.818963751935277,1.27797998627631,0.782134878465428
0.727063259963065,1.83063971778518,33.8381877881188,23.7628520025291,0.473322489848977,0.516138991428831,1,0.825039125150956,3.25205121843714,0.378554695746761,0.990053060465536,0.251330519164187,0.624619311373157,1.30396052388063,0.42645216975136,1.2857562376095,0.324456009883464,0.0779895363382663,0.428439489181827
-1.74197374534436,3.93141139418354,165.950942456923,188.61482509142,-0.274185241908685,0.550765101906938,1,-1.07293284904896,1.95701986654711,1.32350859279992,0.500664306040019,1.39002846194494,0.787554628556351,1.33847601650763,0.582788224295965,0.637802038206386,1.08329676214651,1.34378675503322,0.778335539627261
5.79530980129998,4.33232549267282,112.544446188148,144.783459284442,0.141153889167473,1.77344607304041,1,4.51785142024234,3.88642488720387,-15.2227555133314,1000.00000083016,0.810976354448375,1.15098635022129,1.87023506964828,0.51054048285763,1.31981019173323,0.402518483063586,2.1577133304854,0.695783753858499
5.03692946768332,2.12908327712617,35.8464432591958,28.4512000045802,0.250732809557292,1.48559313483832,1,0.921795359210809,0.429447826622838,-0.146084751496768,1.32357695463224,0.898528572424805,0.429355000932267,0.882610116152285,0.152425470514016,0.73755408200521,0.486734214096002,0.919512331989973,0.334012854004006
0.673721093313121,1.87654192615045,48.7509635573701,61.1523441698144,0.357087193208079,0.944110101241691,1,-3.45789034188497,1.53189749826013,0.512880843821765,0.573609600317577,1.41478591735026,0.725958159812781,1.00056211160848,0.180781841870386,1.21313364865562,0.872760316496053,0.303637932420022,0.946131609022232
1.2511805062421,1.9995446767169,41.6723348633334,38.9630201785554,0.321394814986866,1.77429598644899,1,0.525298277385393,2.19279336002792,1.1191363654784,0.503067484040685,-0.410092462426461,1.16125047094784,0.0456867127287252,0.552840192106146,0.732958648145615,0.437481877753912,0.422313774912203,0.650840196660173
7.3328506443246,4.87433027232478,198.295963058226,197.592710802961,0.504738748214215,1.08987668569509,1,0.546093325211465,3.43198740427423,1.63723254977031,0.372807332815376,1.17149126571614,0.979175015000192,1.26284877120012,0.672468291478992,1.54931243687313,0.39899989633494,1.10852047065463,0.88419505946651
-1.10548189247442,1.58786512544862,23.3472660100879,22.1740152857527,0.322374374852588,2.63267349524073,1,-2.17260230571536,2.58430785961328,1.45877990671313,0.495110597554469,0.300470386828953,0.894985529800458,1.13634996076353,0.433037818146639,0.38954623322099,0.695269482857791,0.581092244330704,0.235066145189137
-1.16609833574792,1.65435290710819,31.5848074651778,35.5792881374966,0.233480678900865,1.57832169763581,1,-1.3283363207929,0.734042617869794,0.808634818482518,0.412971100282748,0.375408959739431,0.698623733776806,0.349048537357832,0.419138622692076,0.915975346189754,0.80755660884737,-18.3060710707567,1000.00000010673
1.3707077491289,1.00860556447531,14.3598075691727,9.90469460465742,0.206151433675288,0.908691978319367,1,0.721415554964014,0.623356849105612,-0.0074030273859467,0.462242382524829,0.840591718198444,0.368454330722712,1.26204269409898,0.142248419126788,0.659101095971367,0.498246178964794,-0.519152771585634,0.851620579253928
1.62867340157786,0.985779299732498,13.9300551194773,9.42817803721374,-0.422328395036375,0.283596849006036,1,-0.193065822345561,1.43165284947624,0.973845658155009,0.38304959403749,0.324335113518727,0.67726651086248,0.252954033647066,0.665940623558691,0.401181783498774,0.300320374199007,1.02180343221624,0.22016372215108
2.59574093621934,0.907095816542495,8.5474061167743,5.85323048896567,0.235819710898216,0.645837105219983,1,0.825862399770965,1.56431380490576,0.449758139779607,0.734402174437918,0.715536423455564,0.339502290798059,0.616429946074015,0.298234790243049,0.781476494152617,0.332057728284089,0.795612954722109,0.337749992797409
0.655265196331416,1.84599621116167,46.1911124225226,44.3672454743368,0.17655371550884,1.53249360012269,1,1.61999113073522,1.63529004111198,0.901800571866224,0.313921730393016,0.193597065688387,0.914548444274391,1.18261188774318,0.465795920999406,0.295345022756835,0.669258202190761,1.56343633452467,0.654684684688362
1.54660423943997,1.2269248290779,19.2431974460371,14.2970061136056,0.274397797346881,1.15309057652099,1,-0.248251196653136,1.36240968247093,0.601345370560396,0.390313700459004,1.22572452250734,0.475908052659877,1.06353781279065,0.500484505257105,0.790314573591648,0.265501950694479,0.88887118292597,0.450718898764486
2.25403759240733,1.28305746080781,11.4321050297306,10.0267264035539,0.282510822050567,0.4594952490134,1,-0.223660258840013,1.6922207275266,0.471876015014124,0.51994273377441,0.294944336164134,0.488800340355499,0.979140877535548,0.557588344929954,0.908577509520334,0.291448140085389,-0.556557871029365,0.835598789797257
-1.02514744898909,1.43570228857708,21.5403139825079,21.5316725193756,0.260577890331295,1.41817729585473,1,-0.668827618109873,0.51822362628075,0.972750290225823,0.302532405974707,0.700088116973387,0.448151343916097,0.636033080470217,0.746771756592854,0.871027211056373,0.70254552818467,0.777663598244208,0.644451231905392
0.712197149404455,1.42761702803015,27.325919723591,24.8371061961066,0.397762841326479,1.09855684127785,1,-0.244501700498119,1.17291729981481,0.161594452858318,0.439537085052826,0.928351296965577,0.31386422164426,0.639791401268717,0.452456089145981,1.09743459333271,0.437243544608087,1.50444873817644,0.765674901419241
2.58940816003792,1.31334597903319,18.4130950482204,12.9080807562793,0.157814437659671,0.874062960602357,1,-0.417295636664771,1.67583723336336,1.05681686607932,0.488157808573961,0.896885273677684,0.413243863862828,1.10282789208674,0.204134022696586,0.371104593309877,0.828747312019806,1.59314766098722,0.581222368979668
2.36312790739024,1.30339720373392,14.6585393259178,13.1406808061155,0.265381535558075,2.31326575564099,1,0.730031948420583,0.974610087678918,0.605818433079854,0.18280450627968,1.58232426455346,0.364942745539353,0.869628196294602,0.616446266114224,0.740369331847379,0.75990041298707,-18.2311188942069,1000.00000000061
1.97510019075858,2.12108486116751,49.5983933368651,43.002086177215,0.416534155850927,2.18231663202661,1,-0.0230407754442044,1.86330522551375,1.08258472546096,0.62815950963328,0.638968165800408,0.43440977202602,0.80427181172762,0.750438484929091,0.886887269201629,0.600232009670146,0.514093306031976,0.545884022746896
1.44259253141559,1.28435934686714,16.7432162383586,18.1278106933196,0.134692139738268,1.50861470427491,1,-2.46780737688232,1.88299553186004,1.4924407186255,0.361730729111578,0.35553532427687,0.723739251535246,0.817470790603039,0.727486821029526,0.986638096606952,0.828927217125816,-0.648514463151209,1.1191784258167
1.50104741619227,0.956312468553072,9.70141111140101,8.16373472026947,0.875228916671446,0.278450727507113,1,1.10056510166567,0.956007350390295,0.989159453002445,0.305409908202459,0.0917686240869064,0.607018466076829,0.246561251709887,0.783826230726555,1.37695480256192,0.468575424417324,0.327586909781768,0.864770770107306
20.5796374444486,114.410090074725,104170.213394275,648495.045960287,0.305083452627678,1072.70351155141,3,0.335699514642816,66.7659150482511,4.42628067754373,3.20201675323825,3.72978984441629,3.28696076595539,4.28587626262681,3.29313399463605,4.9077943759145,3.26722745414247,-194.301492080612,1000
1.0458120427264,0.747385488074497,7.08470581603324,5.31542877986649,0.491885215655523,1.06086715776437,1,0.418997800085483,0.922854489393499,1.18419587491324,0.439693865368935,0.526989857645313,0.500457448522039,0.257620429294078,0.495768529962674,0.907400892290302,0.366437997394584,0.579346212177672,0.523092845367604
-2.85404699742095,4.36739526198892,187.855402958674,271.063409915927,0.307067232818401,4.42600940251841,1,-6.11553380177078,5.38562320295738,0.939874761561407,1.14114270077171,2.42433663603815,0.760404485285248,1.46196416680277,0.256895710453243,1.23808469198199,1.08052003395402,1.0694536018354,0.79719668996307
-0.513821488264033,1.37894190061656,22.4207907533986,19.0204877523323,0.345957804158943,1.21991607025428,1,-1.35569331792544,1.49395330955143,1.24271454638626,0.348868702140199,-0.0197501695903958,0.622786898598155,1.48880347831771,0.401558092348801,-0.367293941353476,0.792880715130401,0.76090571326747,0.397723761330704
0.524401745108935,0.835306155559045,10.2725655750722,8.27348266192936,0.418441675796902,1.48257137736494,1,0.129958041162579,0.797579563617697,0.658849400386309,0.336507170764839,0.897445319451275,0.331073966083259,0.579262360861942,0.308517709188406,-0.651345176447376,0.605756957722938,1.02437967126253,0.564350474251868
0.315120209900113,1.06038873284199,16.0291196255211,16.6656608423788,0.250019425037319,1.51094304324805,1,-1.40539799089477,0.506336483270032,0.815265958192793,0.212364887299301,0.4959705536931,0.8379844353113,0.608303752885751,0.562783411130494,0.347423268462177,0.640752680456985,0.277653170221117,0.780099489861602
5.11781336848585,1.99457872146024,22.7538135421668,19.2065825965371,0.424215275132749,1.12992381502229,1,2.87673834335928,1.41930758687566,0.304960054649707,0.208574914193225,0.941994653613387,0.400600995783923,0.92719415767395,0.649134677178199,0.889546565407051,0.452243321590192,1.4182468757734,0.415870350845975
1.04068676617025,2.54467539637348,73.67086967067,104.671538039288,0.585754113640349,2.47286130504109,1,2.30251609886773,2.43574056587155,0.888515398582095,1.25319069428232,-13.8903745462176,1000.00002067564,0.298448983604938,1.09094176007708,0.939023925711583,0.625109375858994,1.06162243784675,0.688634791947881
1.09743708736023,0.635728758935869,5.24607548463249,3.68585458636162,0.198675142081644,1.19829979394289,1,-0.262102090570233,1.02280328558407,0.0841448103715983,0.628912735865126,0.694950009685329,0.319199849004215,0.560467377905033,0.16020192310457,0.838851754670157,0.475192926723868,-0.848714756695763,0.86753520719332
0.987850423777896,2.70535347615259,110.724278586575,97.1966110526245,0.134162046494223,1.95979451320594,1,-1.11443977603785,1.90739828521534,0.622991854795087,0.898454446882451,0.713192619634908,0.346062428233798,0.890085177873309,0.844542218102068,0.356074680780597,0.336991220992555,1.38166045273235,0.426290471109381
1.90967695979648,1.02574470367203,3.91707862116643,4.14151828648034,-0.68953865422857,0.208418452260169,1,10.6301152655504,4.00298344732193,0.406187396259395,0.669706505545195,0.164336728130847,0.711129529190343,0.448042880794948,0.482969968473591,0.119629832830772,0.644732414990077,-0.145907369760054,0.624889178771461
-0.332733055064715,1.56666379911861,32.3590335166793,32.3022347955866,0.279175702804308,4.67200104915476,1,-0.455069714499038,1.34215173924322,0.297384056838516,0.970544433259664,0.790918066835161,0.680571079284964,0.978255586362638,0.692062875208286,0.136130115778592,0.994823274928398,1.58388985625474,0.157479409655269
1.09309332667468,1.71370770455717,31.0508268763349,33.4680246853131,0.0769131747307985,0.740455444252843,1,-0.161754511279337,1.89068855345933,0.270061132043668,0.424619324181989,0.842487542838735,0.723778355634236,-17.3289377725808,1000.00000005722,0.0810454437545864,1.05904904475043,0.589383132915123,0.757995018913292
4.57036048533947,1.79885050083177,15.8791407529233,12.5266884721001,0.598487413183826,1.09317294949765,1,-1.9160400675143,0.993861997460032,1.25241403463997,0.480273410913754,0.660225848363104,0.470180881643059,1.39866132706236,0.432225797913514,1.38469443690811,0.403710818575377,0.521074932273288,0.54006622714758
-0.545432704258501,1.75429921611365,36.6075638193275,45.4895949260489,0.302536773455732,1.43650189794134,1,-0.885075023217737,1.87190719628601,-0.54500477148945,1.06557582646067,1.54570738820687,0.424358213508476,-0.29060257632906,1.16036946209065,0.258380919121116,0.472939065982172,0.875975574254366,0.450708611462338
-0.141463189482124,5.12979266489861,355.27677029492,649.282151001246,0.125853898730784,16.3282248029338,1,-1.11151330725259,4.35204831469694,2.12356207973339,0.606812244440008,-12.4531998300186,1000.00083509509,2.59660624508166,0.655690176342845,2.2114163074995,1.26010463727471,-11.3602761547289,1000.00483257912
-2.85998123380945,4.13499184415917,77.9846889333951,125.447323487725,0.885378259769583,0.386583307245369,1,1.60611242970874,2.52278304120568,0.590234041011202,1.39554810136838,-17.9222181905693,1000.00000001303,0.515289935569289,0.390565890818416,-17.8224354492405,1000.00000000609,1.27409315660742,0.626866706624422
2.00376018366141,2.26920451598209,53.1876661520235,63.8984762054752,0.989999970369353,0.0110617026183829,2,7.47172208178739,6.27792972130625,1.22376442456381,0.598755812102642,0.130586504536606,0.826893754770644,1.13279083097374,0.476646345679401,0.939608521865327,0.65481883847159,0.354372146183796,1.54144363548085
1.49161566515874,1.6059274357234,26.4257930739809,32.8271134397748,0.98999993949182,0.0165086985409004,2,-0.0211534569191375,3.17028711627639,0.624680523046629,0.678054326018467,1.02776122269148,0.446874950400074,1.33407138978257,0.62534301495432,-0.23354292362071,0.971715636100423,0.378482727688724,0.831930101936299
0.535185353012547,1.24343099608089,23.0008506583056,22.148211362954,-0.101112342652049,0.656588491121657,1,-0.058621271418214,1.17783770327887,1.15504329684061,0.310503969999199,0.884813339400387,0.384709737983918,1.21774870758128,0.516715704639312,1.09952651417412,0.468870421659161,1.03182430949105,0.303024747946789
1.36857395035117,1.13168297548321,16.4881224371321,13.8926094990512,0.926938102906626,0.0778134484182143,1,0.00777873316715773,2.15659476584936,1.22670496556103,0.369072937952787,0.826450299841471,0.269858260448231,1.52346679217583,0.41633310384017,-17.6289371788129,1000.00000000404,1.05173479865635,0.774313754640598
-0.445493916992563,1.57046993846168,21.3912338898979,21.8246357360013,0.935050123535033,0.122376735720403,1,1.86072727249406,2.2137805122575,0.997407993197046,0.82519467747688,0.448874483300346,0.705906988335615,1.58549617931354,0.366874421170213,0.686946381267401,0.315832142994352,1.39257622314651,0.793098336812801
0.266013624115743,1.38008339003624,24.8063578827976,23.4445384593247,0.409514105029288,0.465214203108323,1,-0.0700737739129794,0.799212372382128,0.82353901399789,0.138067409971662,0.186246113374594,0.511237555050122,0.204940056147494,1.21570425319973,0.790564463337321,0.526587848684995,-0.259837673907341,0.89688582467515
4.32848159566351,5.27961093061058,227.585827223172,360.256208980805,-0.223573165618074,1.2307749827402,1,10.2297854900574,10.1800014205523,-16.4537587677814,1000.00000002914,-16.4537587677815,1000.00000002914,1.46410814093405,0.825867324507551,1.53667129963034,0.627338961437687,2.06134634107402,0.894015474578793
-0.216917668894444,1.56904108273045,29.8624181278817,26.9207919985591,0.334115264532727,1.87012957650236,1,-1.07327398730954,1.48798485828012,1.02150591550395,0.423724574208163,0.475983657358047,0.682278454100699,-0.227974832638367,1.00004271056475,0.414145915537667,0.73795669050283,0.655804025556502,0.795952051461974
2.25669380421346,1.35050344745903,14.2511992509367,10.2842627859095,0.0404850261660856,0.451677051558114,1,0.230312283354095,1.36314063246514,0.0492942497448963,0.51320901278248,0.726206099589235,0.325783535728397,1.26730961528367,0.565654449747637,0.641035821435548,0.41419690222381,0.944574614919931,0.589011215357504
0.703058341930954,1.10942778033986,16.6479074959818,13.6484443384106,-0.0823217378821874,0.459276726206669,1,-1.06124488842657,1.44673936095298,1.06504893956097,0.473070253972562,0.443705820802757,0.506293306694932,0.19086433055747,0.688665785294357,0.808058148799615,0.338024695266849,0.799452117315837,0.315011983638006
1.09070344223407,1.57845200321963,30.7763751103815,20.1966264482835,0.377908768895577,2.4493455471105,1,-0.981322966265948,3.04944083063563,0.976525365655713,0.658471663121424,0.441114031900063,1.1643805285421,0.552569394377123,0.358177650290961,1.12585325616418,0.332682873641499,1.16303974921041,0.33866267759241
0.114181398489269,1.56946949105435,33.4496500961386,25.6256221143728,0.269623711507884,0.997681493321379,1,-0.197896262453597,0.826211053223196,0.656709476718731,0.25064049282083,0.345011179894506,0.34024619299597,1.10176794198199,0.373212659209512,0.205192691943037,0.431856188134153,1.40662009092216,0.614454364094551
28.3457980042923,38.6738623902335,2243.44534557582,5580.09840614913,0.64998619200933,15.361366924765,1,9.20902135000234,19.250609364139,-20.6048497615414,1000,3.44548273822972,1.26273649261395,1.19784646620722,1.74516874894462,2.27429667464932,1.22201470481118,3.42932941873523,1.22279125873385
6.85955594265731,4.38434109193692,113.587247152142,134.17451942632,0.314392164037413,3.27048436479811,1,0.601324773155407,2.10855349812473,1.44433755031616,0.787677606293557,2.18490030267653,0.80844106261666,-17.6956313675813,1000.00000000366,2.36871182844123,0.421469734939047,1.75650140803051,0.550910557219286
2.97043312455996,1.48465270333527,12.1271139242766,10.5589725568279,0.0520026053038459,1.15769546317826,1,1.32514650173884,1.95138266219245,0.166336954284655,1.54181803590838,0.284468370003526,1.21769215337778,0.814381572654571,0.822075797236122,0.774205474678758,0.445694375735026,0.847662346586111,0.420770146441657
-0.505490958778004,1.24348295324433,17.4840896208098,11.8829331341391,0.773912092704201,0.573326560346555,1,-0.193961358759313,0.911027895958021,0.312211199443002,0.491641189225298,0.619108096666757,0.473114856159517,1.00102965727854,0.317308172031991,0.406430764167681,0.705825417073332,0.431072402953465,0.45072974932541
-1.93718807521036,5.15482737420554,134.43496234095,403.634443048603,-0.159379928676619,1.42872430969509,1,-3.11266880857222,9.02133030719867,0.180860197065334,3.93123445555146,1.54975839423278,1.31067035155487,1.92276130020889,1.20824155898482,2.18825985425185,1.74091966609609,1.1580143416054,1.18800982237576
2.91198245312102,1.56476509822306,22.080167314468,20.4518106814001,0.248273633353173,3.48633571560537,1,-0.441221383558575,1.9422255952908,0.868480690067402,0.594650996916258,-0.694113423068105,0.890418146271705,0.813365349007541,0.404180486727814,-0.783000373749466,0.86087160435624,1.21624932367875,0.448987082534921
2.41112731996079,1.57892206343565,26.5514252116957,24.4268015588512,0.642561368782273,0.468371239919392,1,-0.585733764255598,0.886958435002905,0.889601706908006,0.220347023249774,0.707111047113709,0.433860313457764,0.919375296883351,0.530324195971001,0.553860358559856,0.926618925754633,-0.279410801820931,1.08134708984351
-0.878042163452059,1.81400767626095,30.1190609206825,30.7472605983054,-0.027197676096756,1.01662656012038,1,-0.339008557043135,2.45925628742514,0.913070666212326,0.683326808633922,0.772552980795998,0.403295084037463,0.78406034071581,0.556478907642554,0.954123347993431,0.258655281681855,0.202635865453357,0.61066518261243
2.05167122996636,1.73791833324843,33.0360723656848,35.3057206538823,-0.505211968844091,0.381458825220508,1,-0.190742798761334,1.45339360270136,1.44440088612357,0.528860349974415,1.44046623306033,0.369901472886993,0.952957358189007,0.235473856827664,0.355676717822712,1.06752510702896,0.346778490836738,0.985812794853508
3.56650154251627,2.40610965107767,48.9699293846654,51.663060247034,0.392146541986818,2.5248278642398,1,3.26177167062211,3.96834683160194,0.5076360637672,0.55078215742056,1.06211094576078,0.745565896494179,0.294002059002162,0.348256362246278,1.52805800154523,0.486698975485686,1.70129926976192,0.659394632961291
2.64492887647837,1.36190224746049,17.9229734909355,18.2682887283094,0.536300901940658,1.48803621065669,1,1.52200204387709,2.33557497451182,1.06087777567262,0.384439045953802,-14.445584651441,1000.00003587769,1.18167190749354,0.466587603682393,-0.0515634718171873,0.92721925471368,0.561793782304789,0.822100329910464
2.6860574134959,2.41765685104427,52.5053781303398,65.6066406113501,0.290188375852797,5.72563370688342,1,0.825347550705719,0.73577543543548,0.457097129157202,0.517747625222519,1.50585669216371,1.2542962654243,-16.8146579668808,1000.00000001041,0.987372933670709,0.657198539530408,1.50386242251838,0.417519525954784
0.154694815317719,1.171658728454,18.2311450032012,17.8628947268271,0.356590480751439,2.8402689374985,1,0.450935880709642,0.655106021699898,0.297664772914305,0.421588182044569,0.653265190714132,0.360978800811447,0.809563788311356,0.558682678790077,-0.00467701803535399,1.22635422304898,-16.5226526857095,1000.00000008954
3.7948169015204,3.17952700371916,85.9084683801541,109.213289701823,-0.572550349971866,0.759664555894427,1,-0.376075432910431,0.476609427639526,0.972430804582005,1.7332429410478,0.532231034023817,1.5202276822639,2.32601869352625,0.617894466761611,1.76610328076499,0.720572039969044,-16.6291240129824,1000.00000018088
1.27817496750825,1.55414885141735,31.5560277019684,17.8643659830906,0.611953114986544,0.840131454736336,1,-1.19110602721758,1.17007026566375,1.35019918622864,0.395568786035886,0.709919691265352,0.490185493182694,0.491554578755564,0.425871331080212,0.929289772982916,0.539756085231702,0.790112532493978,0.322413647776031
-0.0457889501495215,1.54334991762514,22.7320518997844,24.6098466422774,0.590556676269453,0.892034638246868,1,0.482949333053819,2.98814824797523,0.839029138430948,0.672325220000699,-17.5730849288428,1000.00000003957,0.840580071987818,0.831044117089125,0.703789246722439,0.36523312543985,0.821877613463449,0.346411909015021
0.88955361069176,1.38935308760066,23.9020994934233,25.0017253882925,-0.295276708758756,0.374882539717244,1,-0.0873268883991277,1.10934496619674,1.29368165960884,0.207910450176252,-0.646245293158491,1.25321074825796,1.51824571946102,0.470335381997954,0.601834869073798,0.862660712678521,0.0258111864559135,0.823774359010589
2.272138059478,1.99624501856305,46.5432284528817,42.7926440776527,0.177607656478294,0.720303919161898,1,-1.40337712606328,1.68400158146902,1.23964687619145,0.454550580647289,1.21906680527338,0.589563696580372,0.658217475611001,0.763700137263071,0.847499159108995,0.571904000586629,0.891549222783146,0.605309398485781
2.75283104653674,1.87830213701584,49.4480550518405,34.2119956335569,0.139155019461995,1.07524586980427,1,0.14364972239624,0.892278446616976,0.835648398401538,0.550558744346654,0.577422367109041,0.353577513063915,0.0367118299192285,0.483163455008431,1.30857743264016,0.341599628400548,1.11037116088596,0.417122001642758
1.39155274744967,3.06818832658327,108.840756229792,124.494737145702,0.291878320525967,2.50276712947652,1,5.46207001525514,3.79112068727351,-14.7251623317004,1000.00000178178,0.393596480616001,1.38579972787594,1.01603351858033,0.990476382907602,1.06365124692505,0.683375042991679,1.22259770238456,0.448096669589142
3.08600599017592,6.37571814942602,520.875698898441,684.905666564278,0.113263048456779,5.78673335320206,1,-0.166037355220893,1.64726823388907,0.7248807598383,2.73298532721351,2.50224995636367,0.444749915152255,0.747510887085944,0.544541226374359,1.38267247956174,0.474359713159448,1.8064124631853,0.618334911816864
6.7139027407136,6.43587579061817,208.719575448167,337.202740795085,-0.0802951714048004,2.08386060129302,1,2.09584052580108,3.04547067805003,1.64282723245561,0.599217914823408,1.34780368086152,0.928220353236344,1.77917781809818,0.768232332202858,2.32546231685818,0.729670701573454,1.18258851212718,1.04410252443742
0.949572599716931,1.09385985533947,13.4103310774723,14.0654408576612,0.977211597647099,0.0361022526639166,1,-0.58447781979053,2.52046819200522,1.02051658864543,0.479857220064728,1.09874288402893,0.241078609715744,0.648767676864514,0.688461684541584,-0.302418305843576,0.768095983760534,-22.3951567321576,1000.00000000001
1.47896126880034,1.30912303486985,15.4199870910167,12.8227141674195,0.439416001814236,1.39555184317015,1,0.502629795654195,1.99510104259956,0.772794027211718,0.232424175882556,0.616858255492224,0.284388745437564,-0.542491012112661,0.849173525482656,1.02982458709328,0.545060855550533,-0.175218986899805,0.788460173799016
0.432903091641849,1.20223377997135,18.3986229586699,16.2206420997167,0.0428957218936757,0.953596278668683,1,-0.75305665042375,1.83359455872863,0.218401351483689,0.638536863735736,1.06376713282845,0.354457767982488,0.523981493419621,0.71412681269175,0.961003946484283,0.244594326269383,0.560087032031865,0.37377564879112
-1.88327699911094,1.9071085218524,42.7669432671281,33.7540626559004,0.118583721751998,0.988124872263339,1,-1.76592203785736,1.77586013679932,1.56570673251822,0.539840454753243,0.253555759610162,0.984542885085585,0.728109264536093,0.540892442054493,1.09306622460463,0.517424248668383,0.987189517760299,0.66348639579574
3.12555317079353,1.21385364909587,18.6464084489611,11.0985420044789,-0.0665012151096255,1.06870928044886,1,-0.587055254508928,1.03318360811892,0.389583455918834,0.778517737655131,0.762285985089878,0.666446581465119,1.32557979646531,0.355104096290881,0.717568434619043,0.309595914869695,1.23029971968826,0.27799271659902
0.62662027202484,0.816505768689597,9.95252234744648,6.97124436143135,0.599740779809748,1.39479805356328,1,0.233385572711782,0.882965969909367,0.903752516719797,0.26912545870231,0.596477879263609,0.3752119725864,0.355272381232625,0.317406363770509,1.0026704455587,0.31703487661457,1.01401528100527,0.263571968072348
4.44714597344978,4.00371172892279,81.7437768276656,130.89963924627,-0.735730522705196,0.447164453356051,1,-0.931428649031052,1.8130100973717,1.48018897774825,0.86371537823144,1.21913782288335,0.738056322011141,0.84468547335727,0.618387462717476,1.36069986441927,0.83678080542646,0.157644812848896,1.35541807209994
1.66036743343153,0.763786485606488,5.47263618968849,3.2522516349968,0.685191200079875,0.617119543470303,1,-2.83900048995801,1.30105325823697,1.15491920981624,0.213801292869204,0.572812571500895,0.443538632686341,0.373564953958606,0.248549357029807,0.323684357468367,0.434563425442145,0.66312008565991,0.333727713479886
0.946605454333196,0.596752367295981,3.88626318277585,2.56202354860328,0.22597783465692,0.384403936708478,1,0.215618944690141,0.831086764820057,-0.246420368517552,0.560327833473837,0.390302936065615,0.361412032242894,0.489702350882639,0.313514192249399,0.234853220816979,0.344116754091982,0.738574840110684,0.381941234862698
-0.711428794579939,1.22500435690668,16.3418201414604,13.7455469491475,0.160995192142905,1.28538908840058,1,-1.21017279099296,1.35719415733999,0.801207591357762,0.306825650662755,0.289740194917562,0.60722154950436,-0.272344404772493,0.876365781800112,-16.898470375947,1000.00000021631,0.703819177942871,0.443852474234022
-0.514591442656054,0.918400552854399,8.92150711788841,6.52701668423268,0.707409778106627,0.456444130210648,1,0.650942522053215,0.676295810129838,0.452093515465755,0.357596968552774,0.325969226309822,0.319975972565333,0.634167540571691,0.527797908571351,0.739484184856392,0.357277940171611,0.618146112905042,0.339782646238109
-1.00893649110533,1.08023192772934,11.9319076915145,9.11261221204653,0.705813595761179,1.05673622278879,1,-2.15866832289112,1.53240363760046,0.700209229439946,0.380037651028998,-0.288392092139609,1.23150491826627,0.40502546196221,0.658100715456333,0.546297999346371,0.613781370417494,0.5498715169667,0.317128683706425
1.23396458822497,1.59343434662354,33.0904639017667,27.4210361229262,-0.0150552505949899,1.72223946922368,1,-1.22110812012254,0.366125189924381,1.17101252413422,0.417316020227847,0.995017365871126,0.369432011605947,0.643994733769891,0.421306703742862,0.307977323653897,0.633669640967467,1.41001974754737,0.580226194821785
2.28527319226834,0.644485855220439,4.20079603683143,2.2749296664245,0.158744143060947,0.8013580443844,1,0.253037996110704,0.936780386575829,0.760263247306947,0.381001333707455,0.598173426699844,0.38636246985348,-0.330451087188485,0.451390530761241,0.717582999696985,0.300649239890336,0.982652378174161,0.23339991758736
1.34878153649682,1.13706008758635,15.5786738826395,14.1356263782203,0.62574805006056,1.02451585503181,1,-0.889009138150394,0.890277523354511,1.04568484988965,0.22240228954562,1.31383667662072,0.462391165230062,-0.162487885313088,1.05600716799819,-19.2803680856749,1000.00000000016,-0.246045285004109,1.22815706051822
1.20806238956462,0.721151165013035,7.21769287811969,5.68436196127195,0.35733124606435,1.02932759373987,1,2.21729612780667,1.04878597763452,0.28483890846287,0.745432070038495,0.661608972075947,0.392464138679408,0.740393910967044,0.281863587434023,0.873480170073703,0.373410588454178,0.265841949618293,0.453472642900121
0.405653914407149,1.49912985583908,27.6815566799595,26.2798486788511,-0.0127495158494161,0.886456758003877,1,0.401775785941234,1.60203999513052,0.849090184536785,0.623790799524244,1.02442032534874,0.528240044840846,1.0927650008556,0.630868309948311,0.278573007508714,0.30243374244915,0.781053765468045,0.531455641596731
0.803306821532599,1.39706665500546,26.5820439038056,23.5217949307581,0.367792726678422,1.50611731626568,1,0.659244236618337,0.88566958882043,0.568938895150688,0.442396696205443,1.01667291446365,0.20342554743728,-0.343215118360208,0.913755490458074,1.60615869401385,0.548600201448678,0.945143948091841,0.589070328743577
2.05549920864901,1.51025360626454,23.345727197289,21.6189108097786,0.400149216479145,1.60201796969062,1,0.820014704021221,1.06090408760089,1.37175612090335,0.444640449154591,1.15105382517794,0.533967378192968,-0.0986011573125414,0.983212291023998,1.11338635109106,0.559315439827636,0.0562715014066677,0.569304866522454
2.64582939678284,2.02565788963115,46.3523280330407,44.4528535128261,0.347763266371265,2.50779469102352,1,2.56053367058981,3.22304390644264,0.807708933787247,0.85475898639778,1.16929044940574,0.35835473163051,1.24306855934832,0.163039034696004,1.09759294661256,0.473165260941461,1.58568142687014,0.526657830356801
0.661796427697326,0.716039646423425,6.1155450920495,4.88318978652358,0.491709646280274,0.746178095462551,1,1.09401965253375,1.04355198085033,0.120915340601407,0.266403062957796,0.802173728800111,0.57713737545722,1.02858055015951,0.452497857695484,-0.736966559242547,0.90081024943907,0.414858159025554,0.338134659423896
1.74480882499659,1.84498199937377,47.1010458194537,43.2049225233453,0.182549493515265,1.2899965698351,1,-0.236886689940117,1.35873545631437,1.28778792387115,0.409056007512561,0.893123949916005,0.450056299986465,1.1833970095047,0.344077498280065,0.284556891151466,0.872492852303482,0.318297356180805,0.990515723469838
0.481291342864126,2.06460386478739,55.1154267992326,49.3813904470515,-0.12306387308567,0.476465819245932,1,0.116831162072771,1.58242800602705,1.03056924872457,0.496783797508826,1.2009265481091,0.44781200837105,-0.122195677575234,0.940133394875646,1.30597209408689,0.348186058382992,0.947810422007866,0.791315787166899
-2.02102914860891,1.95156309203914,29.7563707166125,32.7844058334579,0.208195565773114,1.6185679276058,1,-1.36986158927833,1.23680795934463,0.685358898345116,0.429351224349431,0.222278399765836,0.761507024523573,0.962449419352062,0.731280613800564,0.53315963526463,0.688866971439751,-0.0663096511430349,0.975888860436036
-1.55646931310735,2.61573557714946,31.3878388131236,41.033682556053,0.651775311206819,3.6237207773427,1,-0.881430129013714,4.88386749758829,0.519473034762578,1.14443611945662,0.95910321890034,0.847757168230519,-14.346433909579,1000.00000114628,0.61917829834051,0.256494431061461,0.190386313997725,0.342290316631765
0.394832048617258,1.37187754881569,23.7276697169905,22.0909860437498,0.742975147668488,0.71410749794036,1,0.0695688415673802,1.44034539330438,-0.00194014938329998,0.870280484002773,1.07941518104251,0.393586984249735,0.785136356414644,0.331022051028117,0.677343939720871,0.56019111624717,0.629619075731356,0.562108155038931
1.85652454824955,1.5170491012848,26.134105581882,25.3761413289279,0.947006009659267,0.0864254335414736,1,-0.981793675192715,1.57158063964846,0.924038270859669,0.518485669363549,1.15206856624141,0.588201321370158,1.10821053612336,0.506652022144008,0.536262081261074,0.515182880858666,0.869354969555908,0.689587884822057
0.0334320031340971,2.95273090477165,108.049645211281,94.6827544683802,0.380575154945533,1.61373083632137,1,-1.16859715912322,3.08770472950655,1.79911666913238,0.616522403722139,0.64537888015808,0.631655007955072,1.42841110425685,0.653003550616759,0.215833826026538,0.725821972991992,1.35739490414476,0.367115378589341
1.55350559402458,1.18029455494395,14.0162134390516,13.4848722639899,0.554271414574096,0.510910506593859,1,-0.00683943949111645,0.982900006488612,0.349439106675969,0.419382169460298,1.0127082193703,0.344205274298181,0.596300864115489,0.783405640752023,-0.305422238949518,1.12352217466,-17.3624232951165,1000.00000007147
0.860278668265101,1.45143743351598,29.4235540171072,25.7712058808716,-0.0848129497412709,0.907830586239104,1,-1.11163498804013,2.70173227028487,1.41444212399369,0.582812997368575,0.149541203472069,1.31844919223675,0.50088247903284,0.185726428986468,0.866024541756786,0.311894714219864,0.985871612512996,0.53181406797865
3.43352967539357,4.55648710055433,150.751906434865,287.208501473357,0.41045033055573,3.48497035830685,1,-0.0899678775624158,4.12533017795728,-15.591063460737,1000.00000033313,1.99386560016945,1.1260102833053,1.31093320366408,1.31270727520757,1.04867780258439,1.03814030461804,0.206914657604399,1.22909071309772
-2.10604128891341,2.74771116286533,68.9682071758045,45.0893120281198,0.93823098378634,0.0947434151349863,1,0.258855322059271,1.72232598131623,0.928598973679354,0.549696272743318,0.998241216757996,0.647895123597491,1.10275792105155,0.199248519468809,0.61288982692356,0.444577014235647,0.831254629674838,0.306793218374887
-0.766083496063769,1.76117027421832,17.3714041399367,21.5159906261277,0.599591192001094,3.38605140030649,1,2.2998847943007,4.40345377684776,1.48965198966199,0.651039409514181,1.34328277299148,0.685473579864726,1.49605593455806,0.571599944530003,-19.3813266261315,1000.00000000176,-19.3813266261316,1000.00000000176
-0.112755965118525,3.33654532269673,105.371612213743,132.315841715409,0.581692922742988,1.2674593291953,1,5.72876180069516,6.43593510613698,-14.5920091428353,1000.00000090506,0.989620783418257,1.22885084766023,0.113818082616256,1.14382135002317,1.60374992075797,0.421535549468183,1.87264035876552,0.703182933940683
-1.13925369684626,3.61578905966531,169.340333743842,148.06504196479,0.312801542939607,2.35838910721308,1,-1.52326607481478,1.5492947895387,1.46867604876296,0.509486748391865,2.09350309995844,0.506311534965731,-16.0834753573072,1000.0000000689,-16.0834753573072,1000.0000000689,0.988405698447466,0.693536930130085
0.169696402879195,1.15993501635954,17.495360022224,16.2605835169879,0.231875971222517,1.23122166841285,1,-0.0264516860040015,0.623719129042881,0.860028498919197,0.497634342231527,0.689270460274916,0.351846875900382,0.50927501153054,0.461638158700991,-0.451636441553275,0.851786432740259,0.378505962554786,0.383033739647892
3.70663806592946,1.59212150026293,14.5759219499441,10.8352389091326,0.538922008800353,1.78982880585742,1,2.33347344622085,2.93640174082988,0.290425146582478,0.733734291788474,0.720333288777722,1.09107559101075,0.714006028758865,0.441150523259095,0.68063950880329,0.283084882382077,0.627298539790997,0.270726443353237
1.10257140219133,1.14483193203497,17.21166796635,10.9064550039372,0.487218137993393,1.3521372955729,1,-0.72378026160994,0.78314875758656,0.614610824943197,0.443756155962366,1.14543807326039,0.222359911000351,0.130369830024589,0.435330396895276,0.759749322593655,0.34084064455333,-0.676207113351453,0.924259165447779
0.510984061667156,1.0673085480538,15.1303741086793,15.6243469597998,0.722322761631128,0.51159757748211,1,2.08466095485671,0.953708517299278,0.045674560030099,0.403126211312259,1.55667990716784,0.268703857396662,0.972685325402182,0.258221848720937,1.6312770608269,0.620707845709009,-15.7171390577923,1000.00000002478
1.92778611403699,0.68545295361954,2.23380858615045,2.39245060131144,0.97856803410217,0.0172096712019578,1,-0.721078391540569,1.68850540488512,0.907785508872933,0.356667062172968,0.956656006536997,0.413409174804311,0.494056971409879,0.411668238790386,1.34319815923615,0.361124721382423,-0.0489246717068552,0.805696594280124
-0.427879518056633,2.06030200196019,59.7749910544748,47.0693616693127,0.366891024914399,2.56401963806773,1,-0.0219671280639815,0.850024680885746,0.854101525627838,0.648586886928188,1.36666169336979,0.319343331821515,1.35768442636922,0.412961822173353,0.686016100919315,0.79949813337366,0.620250864161991,0.639065835778721
0.466751007862537,1.12384529208199,16.909158595394,12.581977904272,0.392216789043265,1.5463974281874,1,-0.234062632694055,1.69800677095195,0.487695413435038,0.826048105252522,0.350790915925397,0.773386686807789,0.564588643409001,0.285770849600813,0.793764938869867,0.328444680547005,0.814071046877645,0.28224887781812
-1.15123685110189,1.23854182693086,15.1951232402071,11.627508014258,0.428447418082885,0.711651496560677,1,-1.06195216696167,1.21065734606092,0.94187550118804,0.379551008841998,0.812652450989506,0.247516703915475,0.675493472730117,0.567939478276433,0.240359841306045,0.538625552759172,0.407947931246122,0.701485783991528
2.06270055839602,2.85757825814226,106.310580358563,97.4324743365002,0.720713966713591,0.92420363484189,1,-0.368039143236058,1.72975322152024,1.27731898128085,0.21252821386569,0.706692514792042,0.639311045747511,0.317452046344533,0.63372298240659,1.10145723409962,0.475202971694358,0.553191280531784,0.521134597514866
2.03585183608826,4.74878748696952,163.503051119179,492.085094232209,-0.908937799395373,0.355861041524218,1,4.22899151073438,8.19700298136666,2.16538938507633,1.32664327740088,-19.963519167693,1000.00000000009,-19.963519167693,1000.00000000009,1.55656256484846,1.5865981056192,0.855390874746964,1.6029685048701
0.853939715457981,1.48875149959912,32.0823782537172,28.9328323427882,0.258150030505842,0.896203138072361,1,-1.09016089226736,0.769816552359945,1.00985542159741,0.234570939316769,0.363520009768918,0.418508817374957,-0.756941074018043,0.880057671302002,1.22933449868679,0.38721812556389,0.717294458010788,0.55514471897391
0.161662417007884,0.95519751093904,11.5027042381643,8.00127419103784,-0.0159085766329714,0.414017208379585,1,0.357009385149224,0.977537185570767,0.920840279000977,0.43310257995893,0.308433815815052,0.37483446855254,0.70661068123464,0.233177351217248,0.525248320736649,0.674719170552699,1.21958567742763,0.501067145526118
0.805925732406016,0.411360168893947,1.40204647086417,1.18165759018579,0.951201012438848,0.0302708319923002,1,-2.19400967335844,1.11772279406739,1.04909209368355,0.104865441172693,0.407004125378632,0.202008819438981,0.83910336524132,0.4171131247427,-0.011422198257679,0.623011192819275,-0.410055967604621,0.656503260703057
3.72679848809933,2.27295741741829,51.6555420774486,50.1386869509947,0.201108644406863,0.769067357625351,1,0.299681163614133,1.97814283061438,1.10121871294376,0.74339329870151,1.35447894293004,0.394307473244901,-0.277763552447898,0.908735695056317,0.294770874129112,0.564332128604319,0.663169589560915,0.497791808099651
1.95152290063891,1.2499471817004,16.6122511432406,14.6673574229615,0.437425043952445,1.51381155444818,1,0.461999097403242,1.4303382012003,-0.362520223830689,1.26735286883638,-0.320639489933716,1.22543823428979,1.08271047983087,0.366904661358821,0.807766893297894,0.400372415133103,1.02456688509502,0.451803010518174
2.12069370048457,1.03226962630853,10.6656577696937,8.24769488079217,0.284552406204509,1.32527127208934,1,0.165801500607956,0.797873237575679,0.468432365602613,0.391217897379917,0.353462089437526,0.344176089143993,0.920462256174181,0.536706345773482,0.439036068504496,0.187103265449862,0.161306672898903,0.608323067636968
1.16550951438937,2.14029428030759,54.8606054467445,90.0420046322599,0.336565116040042,2.37598864109514,1,-3.0323607577089,6.59578599679662,1.78083524592247,0.92246550087953,0.607905634578605,1.87909587749758,0.464999866980716,1.07663266010858,0.763070626962939,0.384316327001039,1.18656849911187,0.473164093929393
-0.596082787460366,1.01134298292664,8.14508443070228,7.43789833278549,0.101247772091371,1.50561369464865,1,0.796444359485784,1.65568239470397,-0.56555103837581,1.49022932029893,0.691151380281126,0.567813112131757,0.699638925934365,0.464469491162962,0.356612854844703,0.504523351249332,1.26096350975682,0.503568930591061
0.344308798178295,1.86602026439268,36.6576507808364,31.9417573124093,0.298634012341269,1.30267713018966,1,-0.473046648613113,3.02760757858686,0.491390669522121,0.287677850425771,1.02958748684486,0.71972884555515,0.767088451649048,0.564305023040251,0.854480425555269,0.442371790286649,-0.232522767580664,0.789444182633484
3.87121910831779,1.42205753652471,16.4839437831724,10.7028273732247,0.26661294583382,1.40688751882664,1,-2.15990333963209,3.87611441880262,1.41871872635679,0.931250084799584,0.839442486033695,0.617733997742636,0.451070789939536,0.524894540529581,0.903899450012415,0.25449778493461,1.19884983494002,0.270325542697191
1.24542334468595,1.13187583334272,17.2534398414866,14.6830522107355,0.744208561105708,0.298383746083712,1,-0.786906523381834,0.925511785051434,1.25070497980665,0.405224565141383,0.92938161254613,0.417082546015278,0.473252683668124,0.507216785837153,0.636686044673123,0.284575969533794,0.485610969122923,0.37323726451675
2.30107262353296,1.11952093656056,12.9229362282582,9.36139194494288,0.0923887483740769,0.906524451716238,1,-0.080648361253962,0.768684624445124,1.05140976133074,0.480532080063604,0.342383714950394,0.539022121823675,0.801245853169301,0.466148499792502,1.10735752014841,0.333858001388272,1.21973872188794,0.347703201581961
-3.22976999917424,4.02706260313633,20.6885397644797,39.5721134833083,0.98999995732528,0.0186595442419713,2,1.28026216501138,5.41965409284141,1.84133912501718,1.023738437078,0.13350185798817,1.73163419079997,1.447921626944,0.51236195199311,0.336610546932404,0.859965228239943,1.71934789528649,1.09298164048984
1.35484840340179,2.6725309042371,89.9989466641345,137.675201959508,0.957240429706701,0.0647186914851372,1,0.656952208234587,1.94937107036648,1.17819823448219,0.759881266498586,2.32856546379348,0.715067227786887,2.05348675276931,0.660322614205006,-14.8327699137634,1000.00000020849,1.29722370396523,1.10568032519069
1.35133799682055,1.4354786425296,29.8484581064915,29.094662525995,0.930819885658426,0.106256735917054,1,-0.526166999275815,1.41643517313884,0.917784634868981,0.13636910861657,0.383025548987677,0.326973853477223,0.745522428156658,0.556817259959295,-16.2624389873021,1000.00000030272,-0.0592373343165165,1.20678780874338
1.61894220994875,1.57541158452302,33.3749438955147,19.6428013137937,0.414303246847656,0.61294941764179,1,0.0256206948067999,0.791222473968582,0.874822509013673,0.364372821070697,-17.3912545519287,1000.00000029143,0.834626346905839,0.525915850394738,0.859094044539322,0.288040430862114,1.53861454098812,0.202870564577857
1.58203968467224,1.35512063646501,24.5772914557734,22.5887112708625,0.832566120110347,0.502248330002765,1,-1.12722241419685,1.05147860207347,1.00267953263441,0.499005947358155,1.45370188615492,0.421341971930238,0.253644243606264,0.623184437151974,1.5952112376968,0.486946667665964,0.107168999729331,1.03774119353531
2.62077437172807,1.60850867475163,23.726551044734,21.33864901466,0.926201693234399,0.154225999920818,1,0.25956513605867,1.46222021735834,1.10487580902625,0.454089043608625,0.112111296689606,1.09721996658813,0.731083293513256,0.813858890232127,0.324018335511361,0.797302367450749,1.00363924115658,0.359302967577376
1.3609922277585,1.35277189857532,25.3515387073623,16.4283374593922,0.418155597788791,0.939132697507777,1,-0.0534250665892773,0.786981409505544,0.812526333621513,0.293632732513863,0.908902766909126,0.264797769975838,0.771905580102124,0.470733314939965,0.503264561041967,0.68510216746763,1.00853845313889,0.517382883061829
1.4437132229127,1.86557700694639,48.8010340848841,48.7709730332548,0.00817701083669385,1.20364387213863,1,0.194800252690163,0.929899766373423,0.763251000209408,0.464296828575885,0.295555766733561,0.698821005771949,1.37298343244246,0.371815166343598,-17.13581626472,1000.00000010996,1.50008295945287,0.494237827228648
-0.0840156912326126,1.50652985829296,26.43316256411,27.7185527680511,0.593225918194337,3.64613183529766,1,0.136951038466828,1.68238067832168,0.822430113369447,0.864020554000616,0.295897221400428,0.959837048719001,-16.2955948789173,1000.00000148189,-16.2955948789173,1000.00000148189,1.01072194896536,0.593317580287101
1.48777830774003,0.634633484852557,5.01921637308412,2.62747818067146,0.315024545890087,0.876985225758352,1,-0.158098591556679,0.954754029551059,0.920307431045539,0.284848322435677,0.309338753267151,0.410959845820176,0.716908351122751,0.287653982978027,0.500299953280035,0.255655762474841,0.93202029264251,0.239489124006369
0.970233771783537,1.45934343016821,25.5405624824491,24.8210391250715,-0.025018499927857,1.26861069585036,1,1.26280374977904,2.22891306490443,-16.7080415486131,1000.00000014897,0.926123430770703,0.600501835836302,0.387061078485779,0.588578633579577,1.12150593642108,0.21126320948804,0.565747755922316,0.771875855243685
-1.07430200344179,1.6810821847693,27.8793300403691,21.7489569838249,0.305614897941031,1.46654053556735,1,0.76142577396452,0.593772876607063,-0.116560880031725,0.616143396060173,0.808321988855595,0.327039176980449,0.546776913461058,0.558720999143333,1.57576665227011,0.22489480257659,-0.132593694487357,0.919208611616051
-1.66753398673,3.80970948776799,79.6167291079052,175.329522349441,0.419960125670989,3.67124063026931,1,2.55082561298748,6.52670220948198,0.177891253919789,0.654822641486205,0.858388252751576,1.93089873331006,0.17879104410638,1.35006683280653,1.32705557340842,1.23400154491847,0.484061911052342,1.14451319352502
-0.760190401242471,1.90303835519219,32.9177295139131,32.9781614356429,0.163758185835031,1.15664987773184,1,0.83596138643921,1.45271790353097,0.502844072144046,0.334940179539162,0.785546055176392,0.483907259827717,-0.290666555626372,0.998507545399694,0.934996195370322,0.618595935382702,0.95765324449752,0.370264775512821
1.1105937950903,1.6440778448497,35.539175200864,36.0572925126771,0.116538398681101,1.15096715971784,1,-0.769236460004333,1.23553636829977,0.878748245686528,0.236157358002607,0.772836359873466,0.607208623839277,0.27226150117404,0.529860268448691,0.510867418677628,0.479405456943515,0.273664825184696,0.823435938750672
1.19390974997141,1.25874302403321,22.8476902602343,16.6311516444044,0.493066174062526,0.733260921695041,1,-0.059685986855909,0.492742879168178,0.761365696400388,0.24521055801136,0.948570037583899,0.470397059850027,-0.377616697346036,0.831743794577898,1.03305286449823,0.446492256799361,0.979945340283556,0.345599513275026
-0.428856563644742,1.5561949272052,30.5314875573303,35.0621616687642,0.463202290655368,1.27674675566701,1,-1.60092960115972,0.956072130780171,0.498404992396266,0.284868125509484,0.978226544431754,0.306340407064068,-19.1079842943141,1000.00000000542,0.664845028118865,0.6749391115632,0.156918699143024,0.642162036462757
3.90953220954503,2.40220430878182,48.813898865401,51.8888346973887,0.277351117022459,2.06027133851496,1,-0.0510982509306699,1.33433962296329,1.30537401401616,0.643276021932872,0.291291987052077,0.518775739342091,1.00953389524865,0.530450887224505,0.975380965170807,0.598386500843864,0.816596543754492,0.815244826816291
1.22186693625558,1.83125344763861,42.829882475598,38.7865831957137,-0.0317370738162036,1.21447925553245,1,-1.18842689581957,1.63394077554893,1.32930334259477,0.334188359877134,1.36256712916523,0.532070824538749,-0.280575665832796,0.79394307318838,1.07632733921529,0.556572424921153,0.435052530983884,0.759208538106877
-0.754714762393414,10.497925104075,291.132964823741,929.757606070169,0.642121278052407,33.295667463825,1,8.80298031776213,20.4371485748412,1.20015556893896,1.00587198126204,1.48731063977753,1.2811385756232,1.57931031587982,1.61417890380064,2.11700661631575,1.67453781446554,-17.0373456979955,1000.00000000107
1.14675106441641,0.693639553091448,5.33557945359872,3.2920445266918,0.155212317437137,0.234073395517812,1,0.810147884966701,0.730550759162956,0.00985490882739777,0.478183316312827,0.652346245002367,0.212493762000312,0.736968147876292,0.311726876651205,0.604395570820773,0.32201058929039,0.851768418905809,0.366888282729401
5.24507723655851,4.68924265771415,180.534471071783,212.041639690098,0.958767795318318,0.0752479760775457,1,4.7429369958706,6.197357430406,0.884265718680009,0.81057263869276,1.49631858767839,0.249925680925854,1.54545148343342,0.627549091046254,0.768530803883582,0.854052359029598,2.0703696662522,0.731604968623654
0.0459308079939688,0.675579027637887,4.71356226865648,3.71570518705645,0.183646175918867,0.943978795479278,1,-0.219131601650203,1.20573001124102,0.631307089222844,0.236389534982175,0.747192297045031,0.343618352483299,0.242361579381239,0.610280834317868,-0.576084777634597,0.879325998912098,0.362343738542888,0.664525320862378
3.19108418161275,1.59398936917139,29.1956527891199,25.2649876655212,-0.00850746514210277,1.62128125454318,1,0.413756360327598,1.53146826172597,-0.31901059600902,0.952166928341033,0.561290368013846,0.541142238000286,1.48542023098557,0.615564869583175,1.40065684605502,0.629089905251156,1.22831181614815,0.279835968241968
-1.63114030292618,3.05347788291747,52.5802335708466,102.124857979621,-0.27615495785793,1.12239072421702,1,2.18175283841558,2.72766627092742,0.194326740541867,1.9068629419535,-15.8330346830977,1000.00000039737,1.03160702751792,1.13938179600132,1.0618113400211,0.992402484953156,1.09263356241219,0.683982028849131
-0.323586816587115,1.118222250857,17.1533065172851,17.0833454748806,-0.501655633116875,0.352657878338605,1,-0.799888423980184,0.424561583906296,0.784087272001769,0.367951329555327,0.182819676746481,0.691911849353541,0.608048338803125,0.409935814384615,-0.45774658726246,0.769940168737541,0.829801815238427,0.420525464858321
0.943296283499638,2.13082684941676,64.5909326971891,66.329125137694,-0.654448906055886,0.267114743057651,1,-0.500907009410763,0.79373792934084,0.627099998622856,0.2800038127025,1.06495494065509,0.461274920795453,0.792026173973107,0.630342736250667,1.46741012081585,0.493628691606906,0.528381304086678,0.432853940002439
1.79753692316677,2.26114039874412,55.7252960471931,52.7413076172934,0.245036175615016,1.71589405513246,1,0.803903114009861,2.83728734014019,-0.159685259780589,1.40273617481868,1.38624958985386,0.443357007154675,1.14929597695094,0.228968463507028,1.45907903113351,0.624317820116268,1.22659286738584,0.957661469361671
16.3983876619119,172.406744953863,352336.770540395,1137692.70765298,0.123807175349714,727.417117543387,3,176.910850566014,303.747959210277,-316.579580207573,1000,5.77423646374779,1.73963117062067,4.3049601612983,1.79188445238156,4.55095797427048,1.90594599282831,5.01513682586715,1.71078787471526
2.82793706801845,1.42176526904808,18.9584689349427,16.1958834473047,0.776278617855324,0.476053787579296,1,0.615066325698426,0.825966529478354,0.842872006791762,0.505651775185533,1.01386047588182,0.19773218533788,1.21862519043478,0.370397821807681,0.562912667433654,0.667596825106154,0.874171262378704,0.633160986355953
-0.0240298317026384,1.84153159647775,45.2550868831828,37.490532157297,-0.572387923119492,0.377593225898206,1,-0.109873845526489,1.43352004595518,0.635302813563307,0.349741326819867,0.978542842435299,0.36955849154633,1.17179182745743,0.218457756045806,0.435614960824141,0.50618919699815,1.43274643504052,0.453929361233889
1.96765436079573,2.17413933869278,51.7618473889785,46.0983434725523,0.516856979604233,1.21440439548891,1,1.85472438408726,3.08333567514374,1.27909006619133,0.772806309715683,1.64329009120527,0.488470261475811,0.760169874989617,0.485704080554847,0.99463540495313,0.471952471478244,1.17550987117466,0.316434239438628
0.599706452455575,1.1250385728737,17.8838143406073,16.0967786793468,-0.129546195806472,0.6898419992961,1,-0.688398300916359,0.600450186618074,0.737234468013089,0.336322593080131,0.805622031295508,0.619415007670422,1.12326944394757,0.459077221334586,0.541290254580472,0.826177579584505,-0.0204764779937853,0.915782518353655
1.39571641539439,1.44252578637491,27.0139516482523,30.8627848987186,0.244521116649994,0.913494411496728,1,3.06828155263051,2.19272619125378,1.34754667927629,0.380929926250705,0.276356734725236,0.304660944728382,1.0997679442429,0.533620387628618,0.950485463221648,0.529683890452833,1.13003949581179,0.515853128665085
3.60906976966749,4.33882443365158,86.3080754968391,154.489056480871,0.605278016515107,2.76795243136729,1,10.0201681561522,11.8390211623048,1.51151893642787,0.425155991507122,0.599303099231915,1.42808435070446,0.583022996605139,1.44025812371743,2.06268631313709,0.885370274651737,1.50130835896039,1.07001068139476
1.95985212127793,1.21958041858184,15.5316163223575,13.7824297189843,0.77617290742743,0.787008720472183,1,0.789484338317667,1.08311644904119,0.0195997655670104,0.357327912962224,0.765006366105386,0.269737999723697,0.728443156051289,0.497274753797688,-0.687334814228749,0.896594295002154,0.690672711947011,0.668741708893655
0.503179749949992,1.59366625184426,34.7992685105212,26.1525818899407,-0.035521702829957,1.05381252071351,1,0.00368117094710769,0.947542990519035,0.201273343864051,0.697998651629455,0.486307690054044,0.2881921337178,0.567145065520188,0.387204519220523,0.60435940794527,0.38412917759575,0.610683313655962,0.380294670024963
1.2957123209722,2.14458023193547,59.9169694761917,64.4647576920684,0.606573726866659,3.18575159991837,1,-0.0680653565196323,3.43941649577431,-13.5324077768972,1000.0005629371,1.86870341173641,0.737809585050213,1.00488164223572,0.582668868176361,0.394796882779167,0.528787478677972,0.863519319247696,0.593815221666807
1.08097468444223,1.38794531705231,22.5383450881482,16.4549718915208,0.479930018152944,1.78332869693295,1,-0.147604043443368,1.25657268125959,0.331300717499672,0.353885402537165,0.737496476089646,0.376859826056303,1.01125631043254,0.420643942293011,0.521177542947408,0.568700049547862,1.43837981485831,0.486132646797749
1.87146425515149,1.35480190517671,20.188256694701,18.5629469218414,0.971275065795487,0.0431387390853785,1,0.515871127505751,1.98259174568906,1.03324717406618,0.43466070248484,0.921456105324746,0.532195317059637,1.33771508232599,0.317573992605168,0.550498884444317,0.402625525038931,-0.383411872976347,0.672702202414629
3.44682989806875,2.60876001158345,66.8275198770102,71.0885397962777,0.300265282674926,3.26193635848994,1,-0.227179801682704,2.08684492748804,1.26618790728009,0.354060869126963,0.367720582365343,0.815722442290708,1.14808380863245,0.742435724715599,1.5667420459577,0.751723813909164,0.756837006479874,0.62188104242666
1.04033228600846,1.26762087329164,16.2926916017444,13.7652099636151,0.017175037908675,0.931889496854041,1,1.7455538220008,2.47684123406466,0.617628996068308,0.419640383646262,0.728073783907169,0.409731693001829,1.05675175850033,0.173960999092889,0.698368584447791,0.961689251902956,1.62273790979406,0.660092035402764
1.62692237788966,1.82451088732769,40.4991733531994,31.2016225734773,0.904762585367115,0.177562015262654,1,0.26923260491783,1.93986008397548,0.62546244953121,0.723592250697596,1.39206222568163,0.309163457482628,1.24403013774906,0.401634638900679,1.1186154646481,0.315916011848275,0.270155532012946,0.52781280118041
3.31210080819354,2.05117920630608,24.4662454098756,28.1745410650609,0.459465271093232,2.07527436399083,1,2.77977549657376,3.13636274545298,0.843315000108949,0.753053235033498,0.746175357087581,0.375784102372564,0.555333981133467,0.477006508539382,1.83665690901858,0.65427061093614,0.112364019426439,1.11842087825208
0.554073608844774,0.584368547608462,4.89872855455445,3.33582436836608,0.361237653941939,0.739600149521921,1,0.504501991203765,0.586465501954047,0.41903976914486,0.277154557939562,0.812864568464798,0.343022484790188,0.0157069218083869,0.790707352766777,-0.423821462454532,0.878245495675514,0.0405547807671415,0.653090461396928
0.650744997108251,2.66961825402533,87.7448437733299,99.6743005355197,0.106431035646359,1.69969762894315,1,0.94218059396293,2.63380556372793,1.12065782742234,0.480778228944533,1.66376392261677,0.448996912644956,0.883761881548459,0.985713977923793,0.759422374321325,1.01648049687637,2.24986379613511,0.63449855592726
4.38907401753797,4.35563057680428,142.126905783563,191.542754303173,0.27334232798392,4.75806319951836,1,-2.49364452651867,2.16021544272121,2.032080198008,0.478264433515402,1.64365447187756,1.00019873567431,1.87955215077403,0.781682782218123,1.2186082913657,0.8154289843177,-14.7488453464441,1000.00000399384
0.691137138743494,0.943745582410205,10.6464051181822,9.82118655525761,-0.0376692419135265,0.5900949055775,1,0.741017007733947,1.45820390000772,1.02915879308033,0.395729302896982,-0.282619462021249,1.12791888911469,-15.2207814584402,1000.00000045495,0.843364477970897,0.70111200420751,0.190065961426918,0.770673375962873
0.118588731080967,1.66390339859647,32.1524675492784,24.0990601483309,0.316278751563875,1.76156839898427,1,0.434406954714919,1.03443976676604,0.956762753625544,0.412834468444391,0.70506348971511,0.272130110793536,0.478809661673407,0.389768195128866,1.36632427428424,0.28645865994397,0.794277612464842,0.327380952553259
2.33591556234748,0.949498466358285,7.22406357655588,5.86080208637138,0.596968222589862,1.00040588027097,1,-0.236404918505602,0.765838698422886,0.804402839102001,0.365918866780078,0.785510005455086,0.359176954680006,0.668990303975796,0.43614737634839,0.00271460882997866,0.706193287393962,0.799073707636257,0.528232949494029
1.4408337413749,1.51542532558117,34.005440623468,23.2950314471969,0.794822813641486,0.771669523621037,1,-0.101957813759337,2.13996322463034,0.726274081457378,1.05147374873496,1.34259301755387,0.262150484188088,1.07482249229594,0.241045206031847,0.68348395699367,0.572092541848033,0.671314226333786,0.608133730740848
2.79176141903075,1.48619054277125,27.5556871697791,19.4479712247995,0.640021479468147,0.595896589800551,1,1.59477225555535,1.51507816326988,0.93902348494101,0.516425125588665,-17.3151420183994,1000.00000000553,0.956886568398116,0.593377278450327,0.702610092044475,0.55182555032835,0.262201828171681,0.577723325550038
0.563941872097209,1.11679860893354,16.4614672542943,17.4570455756251,0.115151127391055,0.413666716566866,1,-0.462764065734797,1.44810901834539,0.811783542749859,0.521219038019939,0.389879760830356,0.443849521257533,0.573071514627936,0.126696303609436,0.808782173664432,0.624177663670282,-17.8191746074678,1000.00000000892
-0.203836382460103,1.11869719243171,15.5250621354425,15.5140997252336,-0.214007643733069,1.24012638506954,1,0.0340464218951651,1.36688940531998,1.24392090988151,0.7933150687731,0.810589692329125,0.665063149341501,1.19867974868384,0.618749244539668,-18.1167693263739,1000.000000014,0.883289444044892,0.475546695011352
-0.124146110012105,1.04071220643162,14.7304450871388,13.7589395135215,-0.00594950879443764,0.397190575629696,1,-1.12996110061762,1.12034118639046,0.255745152415186,0.383178546092004,0.750113054311538,0.474435111883975,-0.53909409249962,1.21466223061752,-17.3049894821885,1000.0000002965,1.07048081754074,0.575165027878016
-2.25746860793246,2.11171401298942,23.0586003537664,31.9520409980367,0.136601418778424,1.69390935458389,1,-0.405961766507883,1.27332108103535,0.765145058463489,0.450055293556142,0.926278913698703,0.884566966797239,-15.7987653334339,1000.00000023055,0.957882254374788,0.909489961605024,-16.7138102836973,1000.00000004507
-1.70523654628616,2.63496556368877,75.7736938909832,72.7730309975208,-0.02600044828319,1.11500792436752,1,-2.70193929784088,2.95369521754732,1.08422380635122,0.729537162438949,1.31972372847287,0.425499892220237,1.27878818164059,0.453479701705418,1.2187786206727,0.579696090781142,1.06035477335808,0.520505406836263
0.650237955856339,1.15968782563541,19.3996220264876,15.3020761537956,0.203392133884427,1.87053571783482,1,-0.0761947993537726,1.584713543038,0.381734224124963,0.725999752793593,0.692975421089472,0.411323965728748,0.672854333638006,0.405648941735607,0.816013341650728,0.295251409272969,0.647638918849253,0.333441969479988
-0.388458665875059,1.57333380460355,35.305321068364,36.971882991672,0.382431402353762,1.80582432389446,1,-1.49915018715654,1.48006189450915,0.432777330908913,0.663378722915141,0.937355360362353,0.353395715167972,-17.3477688133237,1000.00000006721,0.254027741240322,0.720316951755106,0.331872954735206,1.20804634289358
0.981777560301809,0.915547401917092,9.30123884181574,8.09730918922715,0.40104945022921,1.90718799129679,1,0.226509493672956,1.51180944910887,0.943378953524286,0.244056709440998,-0.459743267055786,0.826529892179252,0.742842372622219,0.622909900632536,-0.585097461727064,0.957552916572032,-0.889413959453312,0.634431562397192
2.53978633392307,1.65272736767185,24.2391090679561,25.6456650528764,0.463378547510426,2.40015207044335,1,-0.0538785747556413,0.950263100181303,-0.0878414283327453,0.646422556528474,0.934732009229542,0.287800791108619,0.886357455606152,0.794741122203006,-0.480035169861488,0.792595573198577,0.699037325703862,0.933326825073048
-0.618892107193213,1.62005858893708,26.0000084884218,28.7699466277399,0.216479829847694,1.08470623598485,1,0.401266948834025,2.2416479540855,0.947191319488689,0.523055716916521,0.458046147695399,0.575802660359755,1.00336666097103,0.312404237085835,1.57666052260179,0.374250434292422,-17.7912408106193,1000.0000000045
-0.623627691704217,1.07972252577065,12.25493178749,10.0275554304704,0.248804953653876,0.96459403570899,1,-0.764207077233205,0.936773183772717,0.636132539492988,0.405768164045946,-0.946519429645534,1.05562235606519,1.04020878391108,0.37539869182733,0.739650552803672,0.670566805209937,0.449596488763848,0.754474641698228
1.05373041686275,1.06154519375556,15.8306627668146,12.3863118372107,0.294843688510312,0.601932695082507,1,-1.54157193664646,1.66177730763926,0.87795552009408,0.350823558951151,0.947036903702081,0.261975676037606,0.656226852711636,0.533624234235396,0.439572301446131,0.583008957093872,-0.56291764984326,0.863254345639132
-1.2782921904109,1.6434097267465,23.2896993585171,33.392261187128,0.34809769797869,3.28474859060622,1,-0.282995493622987,1.27582893343474,-0.545119485836482,1.11515277725258,0.990720191178268,0.283719250841648,0.574229424289471,0.903131984621276,0.302459795891776,1.23150244335512,-17.8412939041718,1000.00000001461
0.555342021418887,1.92138930411492,54.6947281436714,52.218379718873,0.489785659970128,1.17517244671398,1,-2.15062535857242,2.0551547073264,1.29269153556649,0.74501845319832,1.61618048637526,0.34100530762227,0.470527890394861,0.399744550499952,1.16961961547733,0.50500630300756,1.44647754168837,0.262165503962547
1.2287539584301,1.13033385641179,15.7491849827891,11.2620854713965,0.605004527725886,1.7515561233094,1,-0.0478478324196257,1.89617368019433,0.876705734176508,0.371740706683509,0.84307815516826,0.176563372913976,0.649016401449384,0.440404588794822,1.2965324379724,0.530987431701543,-0.312040823007656,1.15389257199946
0.378189199009074,1.43002864150507,25.9032334348026,22.5153565406317,0.195716668985623,0.711852888754844,1,-0.594334355537862,3.03384575717365,-0.345180638495107,2.52599025907071,1.36194681797819,0.388316355999307,1.16156018437821,0.147614358267571,0.330673880382219,0.509512044379513,1.29455549318151,0.728798352323751
0.452945596395379,0.880215233594206,9.09495709910398,7.13279404274672,0.799715559502786,0.405736528817992,1,0.977449899252441,1.10273401529546,0.438413952793295,0.544094943114978,0.787746929746778,0.376519428905981,0.695223623269163,0.199449990025956,0.41663185078661,0.413355299964451,0.774274468122773,0.428887221792051
-2.24934601945468,5.67892205244274,314.996659044001,777.858907296791,0.102496950928365,20.2562398419787,1,-2.20694366929965,4.4066950492473,1.28252081002737,2.05361864841707,-15.2761084536703,1000.00000003906,1.81073568630999,1.52344141423776,-16.2375872619108,1000.00000005222,0.802489368596155,1.98706080808509
1.24526462519304,2.19735441109462,58.9139299824958,60.3373847690941,0.165721195516956,0.95392620120339,1,0.28882897388972,1.3801649023965,1.20892854707509,0.580075947292803,1.09560737852089,0.683035614156337,0.522436674474938,0.514076541766609,1.17214728197021,0.529891624626481,0.126000927123218,1.19770559645787
-0.237245479343203,1.23005912660181,20.108830577765,20.8567864917284,0.0547858386053778,0.838053953005797,1,-1.59984653366619,0.947803770375155,1.09097816756478,0.321172621011568,0.728875003958093,0.428563188081262,0.671616325025317,0.801881012095512,0.904601940983829,0.53776508036217,0.0065741163680161,1.6263393717717
0.45592961779781,2.77454843341578,95.4011944239196,116.238272337033,0.318856269736113,2.19972199964843,1,-1.76973393094915,2.82266187750149,1.17331304798954,0.860478290663,1.54470486744358,0.55060131983017,1.54773614052449,0.467050941451138,0.688717216279233,1.18427521434329,0.71565626259061,1.03163167636042
0.795606999388366,1.44255897976484,24.0123896828936,17.5883786383494,0.838586404363297,0.421897102194889,1,1.16096706992301,1.42480137789961,0.729236304751639,0.556385498383423,0.327917966320715,0.532775743347793,0.565579252073976,0.476211620419542,1.03009920969152,0.317484947399815,0.808388373342685,0.695215172921179
1.72364657180896,1.52078374181815,27.8679912035701,29.6874294990169,0.706468920472082,0.466940487069619,1,0.282125435614352,0.918984316964307,0.834324141542635,0.276608194643846,0.276769447849223,0.706619135437111,0.75565057812158,0.69855750207447,0.692779193006919,0.650772956144552,0.685807314475721,0.492994295785294
1.3534931862254,2.02196543445624,59.3264539585937,59.5666443783778,0.466813930739753,3.71065150222142,1,0.927915048312244,2.03927048910301,0.836139205127656,0.536957659478794,1.19158886050906,0.693908394275603,1.69393100531435,0.38607807254428,-0.177290255906297,0.857907837448036,1.0999750601335,0.593445670758859
-0.827873816668155,1.7990597250299,27.6818824638776,24.5805382681719,0.834418488449598,0.373562389282342,1,1.14402586060218,1.6801857063615,-0.54349326253266,1.79853126725913,0.257795866416223,0.754952728143099,0.600555238239486,0.551575398361885,1.02731279131998,0.273473138715382,-0.0684925494195511,0.408819417735397
5.14448869435857,3.08341549754579,95.3653537860359,70.8179809141514,0.588873354013211,6.28420253578552,1,4.80206992534336,4.17907895012003,1.67346667414196,0.50373217397693,1.02045648431711,0.627989565349199,1.02453568544431,0.690511645348255,1.62493425337937,0.407981565479592,0.950756240518899,0.295818942897729
1.27638408199307,0.979937419271789,12.7385339526682,10.8055967572543,0.383655400434869,1.82514516113956,1,-0.154819614370521,1.09049574620037,0.287534645717646,0.194873365841285,1.27037203075927,0.324842704278154,1.59910183937359,0.303963932319379,0.423093026550018,1.15235437300507,1.01872743518368,0.464332320381869
-0.141783183121277,2.14830943455675,48.2378188524987,45.6337805480676,0.72035614045561,1.07894815278335,1,0.714707135950578,2.63288921117125,0.765635048129442,0.424285085530627,0.922013263043116,0.425236180678732,-0.227487392414681,0.910807720305847,0.997503229474158,0.443117629119092,0.841468804703587,0.444014901184064
0.819044200452405,2.00820022761446,52.1444010590115,56.6424981487856,0.303948157261052,1.27080077201098,1,-0.314070642404963,1.2519005629111,1.04150883780455,0.465246852036234,-0.013771749356955,1.67325120044772,1.40981828707797,0.898037415681632,-16.7323835241812,1000.00000007446,1.19092415044483,0.703619631307583
0.408053913379075,1.09169135747434,15.2983620565023,13.5914237024,0.596941065181224,0.856447272503487,1,0.0293323653778897,1.81572908348137,0.36995891901711,0.420699186384828,1.42452551900893,0.406529926703248,1.05400891020111,0.59674617142111,0.644844114445519,0.400374101612154,0.512993483777722,0.70645623020356
2.27553507975646,1.09214838914459,14.4955985771791,9.04728200095422,0.360760548490001,0.423321230338093,1,-1.14263532197438,1.19114469311958,0.771062369760176,0.568468114049397,0.558445728687996,0.431132310236347,0.93475693900091,0.217298564329755,0.407085698498315,0.307014367512854,0.742176176737222,0.463653744946681
2.96783680951157,1.3778366274241,15.1090129762664,11.7638089996031,-0.00711300641605503,0.707273109895633,1,0.162683321392799,0.90352923951362,0.875265735713312,0.27616639292919,0.75175887823891,0.455825638172297,1.14984792778435,0.366798051429286,0.741372676159622,0.459646805560575,1.06578184477884,0.390056717466572
0.0328396746558003,1.79754948228801,43.6862807098892,29.0027335522774,0.3870405097242,1.07974127774962,1,-2.18592558074649,1.66935827377579,1.51542048019005,0.427599254171153,0.728497721995668,0.727657679248051,0.766574816556381,0.44094711832577,0.510278717927383,0.372729292987288,1.03764805127982,0.607217360393738
2.87637590094731,0.870101993337367,7.85449526210383,4.73703715136692,0.578210862968734,0.895765052265363,1,1.13253828991178,0.682131322336747,0.300896364766031,0.490642397071458,0.702702142837277,0.210471796814032,0.520199349736934,0.333279108454592,0.69492910363657,0.43097651052937,0.730327991620029,0.333839940656096
-2.27603347402083,3.19837435454382,68.5577784032488,82.8674746875434,0.0514981403816596,0.964567175289666,1,-0.306889694981026,3.86137305123209,0.451196975375942,0.472756375829224,-16.7213825082891,1000.00000003616,1.00246368483544,0.662099560016866,0.960797328749738,1.0776024682901,0.935034220983539,0.237867940663975
2.03620255319675,1.56903899007913,26.3501845326776,19.4773402669808,0.0932713838803493,0.645427632161163,1,1.67214206596511,2.25681967756834,0.728977712639894,0.460235551148527,0.892769798496728,0.313304089120425,0.838738474529651,0.395356791028105,0.888386288464097,0.553891974618069,1.39916903782826,0.319069782624435
3.46924271031826,1.54183972207876,27.6730418110706,21.6138710129336,-0.214729851570712,0.761850447232732,1,-0.0185321386904803,1.15576532619877,0.836027853940949,0.72998136094981,1.09901878726522,0.35340414461615,0.731262149950009,0.29783912682683,0.458257843031541,0.686405206629814,0.705136479594414,0.324859344778628
1.1177536703974,1.075950931015,14.9383540018061,15.8051524700199,0.482306976091357,2.57538851261608,1,0.821700077010232,0.847334281012828,-17.189051456367,1000.00000064301,0.944606429867341,0.471590181082717,0.262358911472109,0.77136897380736,0.0759920264085596,0.45055976197386,0.615425218349395,0.209569152463948
-2.88104242896209,4.25203704174702,111.9753134938,174.449397276651,0.189169229190909,0.248546833580718,1,0.170162574547466,2.95048584174702,0.965089163665952,0.773121438036281,0.565172428522029,0.578714720918608,1.27201894818625,0.500173007911207,-14.2792173982352,1000.0000009097,-14.2792173982353,1000.0000009097
1.27924099139315,1.59111173184836,31.6438173799605,30.6199521652451,0.59032681945992,0.409442651938062,1,0.625313468769582,2.17467200592642,0.277413283186319,0.761654568048605,-0.431594353071286,2.38439765822018,0.800801846523266,0.304483384450678,0.822139337163808,0.530665386368088,0.854279216333174,0.395508403925047
4.6008506523444,2.16856880434845,32.3480603986314,28.6521315411138,0.900015224799246,0.0892781073108889,1,1.54173891142997,1.48984256092321,0.803078662462067,0.369977773698602,0.440670306894438,0.586026304113397,0.944293496051234,0.54003018328166,1.35914429745483,0.356047036341204,1.4224121849264,0.360660369552813
1.00865669837718,1.80317634365696,40.2211959102404,46.6964582909446,0.0733070922559873,1.51574532357645,1,0.433596241929919,0.706473971804176,0.735686705764866,0.442625518084403,0.86234176101165,0.260881662873575,0.674003148737068,0.848171423986697,-17.537909797407,1000.00000012185,0.89370100481439,0.886673000512843
0.094675661631309,1.0876175186352,16.3939257616302,12.2682272775862,0.292744271885937,0.787461265505225,1,-3.1981866146433,2.1288380031447,1.0306464908398,0.500158519989435,0.760295272554283,0.451775925981523,0.584543279253566,0.3514897424639,0.241629371315827,0.512865791741666,0.0744977418472405,0.456459676938796
-1.40118688288967,1.17243336652867,12.0540395762087,8.3190167612044,0.544391354961858,0.605705743549874,1,-0.550278832498058,0.818042687331562,0.61346737431419,0.541051161226471,-0.795424769004433,0.51047023109094,1.08729215491131,0.200989981975482,0.777304323136228,0.637235287881291,0.120542166269454,0.724939590460539
0.603381742900094,0.878486637079193,9.62012112229401,6.1622705088424,0.546299234371006,0.579238753801874,1,-0.0604057369607154,0.954843883205587,0.51530729485429,0.372872524431545,0.760966880606324,0.403612144919466,0.697119322274441,0.329469857586857,1.39464860320055,0.299532543808881,-0.0172914888769449,0.361728165034061
-0.947520568223779,1.62736566639485,26.258654758968,22.4815342910019,0.390839831131308,1.665851297967,1,-0.196420200653431,1.86976576219815,0.877079369977015,0.63036421062375,0.563180778711069,0.199567915437348,-0.162498223905263,0.589669348443169,0.220304346152698,0.471843473493431,0.680370959505247,0.339473944091602
1.83659286421446,0.956622716346533,5.61074895335462,7.8201769689295,0.989107448343762,0.0126121977433284,1,0.905713970898354,2.80453090621442,0.021793281578615,0.981630489792579,0.683070663948723,0.407604479910843,0.673645572393489,0.436425526639258,0.874634525893882,0.271234381030342,0.482751838608786,0.829990760304865
-0.0356148628166912,3.2168565859143,133.822229015907,98.1266674403808,0.0963499602963342,2.72843620906881,1,0.491211903951846,1.22759768106607,0.551726412053753,0.546621671984444,0.618543820186439,0.217678098601704,1.74454125370723,0.402133631099995,0.783384512300796,0.334832245012577,1.40042326689052,0.586989988658735
0.764742457587145,1.22320920274321,16.6693181249551,15.4659134807565,0.471626159588704,1.68318328801159,1,-0.179300865388211,1.06347866487804,0.432418564026428,0.428233636594168,0.7517074752826,0.519008049391337,-0.172522815988996,0.856400982496339,0.827406865565776,0.38948408347241,0.911491998606582,0.236423983720842
3.64217035146006,2.88260664363022,27.8004057537153,38.177109215415,-0.0530231319549073,1.37667735368187,1,1.65959673359097,2.48163864610696,-0.278691148535108,1.16565685157881,0.654029857496244,1.0215017757467,0.952061909835467,0.55469023261279,-0.0429746104726831,1.448561248987,1.25753869924996,0.501788599093372
-0.257205483896271,1.35972988255291,27.8347536655451,27.7169318894325,0.619078606929908,1.32644480839687,1,-1.5411260751007,0.795956290894863,0.731523173870726,0.438740522202173,1.2551272893104,0.661697004696326,1.25822041940737,0.316335396525126,1.36961641078922,0.503292892461629,0.405926283176982,0.963029772878612
1.04288802736184,0.47321788067983,0.830695990400723,1.44933875554316,0.8967126180434,0.245916887382848,1,4.93414763713068,2.2238384392976,0.555562210368523,0.438711209285854,-19.3260696342595,1000.00000000014,-19.3260696342595,1000.00000000014,-19.3260696342595,1000.00000000014,-0.196729304928892,0.984677378509881
3.24282745825556,0.967013582545218,7.0358069955031,4.95700665705236,0.974242573367329,0.0346816956416498,1,5.4201206936095,2.06300551550753,0.436757181077041,0.456564998408005,-0.0642319851760228,1.19582538113098,1.08413468796546,0.447470307409561,0.963086619410393,0.41607627941416,0.896804712163199,0.305741800867731
-1.73415215684829,1.72154627156843,24.2677674287332,23.013496513667,0.224575500216826,1.16462523636622,1,-0.282485445278798,1.24563679021997,0.815214091370597,0.252658595254057,0.137316730057839,0.531298857772963,0.792910743137379,0.608185741186592,-18.1923437458616,1000.00000000697,0.388993294127469,0.86856222714989
1.47247760749051,2.27469808228382,75.8169492332785,76.2117276757174,0.359699909196526,2.49768876161826,1,3.2610688603847,2.15292603386235,-18.2219863537048,1000.00000000523,1.16296170684392,0.735764072071544,0.953843728070383,0.98329667587538,1.57008559648966,0.557104457196772,1.66105255988278,0.421929640189589
4.17393622429729,1.85591536849422,43.3480082210625,30.2810698882905,0.847413227826554,0.399442646459054,1,0.036104889863553,1.44828521105703,1.64716195615994,0.401700736238148,1.15120642240928,0.50529472091752,1.39026140391544,0.369234610027224,1.51603400045609,0.321441290246352,-0.0267651299969169,0.979222623916961
2.96617888241029,1.79186311433087,46.9045878024345,36.5090317638135,0.485173359960978,0.978020367837581,1,-3.58784071728826,5.34233979083125,1.91204773461695,0.719299362753565,1.07068209610659,0.730512768389635,0.797878710545176,0.671207281666806,1.14108487308528,0.522485432870536,0.764119488079299,0.350336739868454
2.8987307865725,1.26816047391103,16.2608875199952,11.6355626261695,0.904177491431056,0.334560719698971,1,0.424919522765499,1.29657465195065,1.14997599254702,0.42808140834146,0.762009786802586,0.322095928457844,1.24548257472275,0.208105789237528,0.317446000004994,0.402716991785744,1.66029504748112,0.443584663808537
4.98405319520452,9.46643958423733,375.714200939618,1134.91281458492,0.176992721853043,14.4578830648359,1,-0.0339296829914079,1.17238170006333,0.165316045834156,2.92713000118051,1.61868745685668,0.966309083163594,2.72527438731989,1.62124575658138,-15.9950819262356,1000.00000052376,2.36293706251515,1.80962695200127
2.47197941749179,2.83580476845523,96.439105357386,103.595466121512,0.285188300985912,3.91428006704024,1,2.00766103168216,2.38480798459502,0.731083953257267,1.06783073351911,1.33562358050415,0.310918023448169,1.79231574058151,0.528751809819405,-16.1564933038584,1000.0000004508,1.26812369742787,0.708490123148365
2.28816492967125,1.64577290323775,32.0423413417611,29.9527048714993,0.529582400735243,2.12568822020544,1,0.24344939336374,1.08183129643826,0.663568959850143,0.767355378806775,0.705117203136562,0.930570403764351,0.978042953386185,0.300107208263994,0.472487617502077,0.842468717413029,1.21804588164662,0.573386629472416
-0.292533022187619,1.38629507961519,17.82491393448,20.0613233027266,0.534170047422373,1.90511760331853,1,1.87205225387665,1.82464967141904,0.361813023022877,0.305556532555426,1.42118464128282,0.634522729567248,1.47582866284886,0.609564151349431,0.980240148752485,0.631516823555481,1.29267507281147,0.940733653606243
0.902581861952175,1.98314767920778,42.9125323145112,41.4752264565829,-0.157308300883721,0.566090531322812,1,3.68976437627095,2.87720450620897,-18.0865662964857,1000.00000038609,0.735731578312122,0.644568495758406,-0.282040859932938,0.93358799245372,1.31134719702515,0.263954556997662,1.04703788380027,0.370185730111642
3.16354103972489,1.80397046542468,29.7403219068261,51.2094653216686,0.454570023082593,4.29585144820399,1,5.69914347520878,3.17272318103016,0.776854101377907,1.1634396099396,-18.0261910760589,1000.00000000048,0.684522813162348,1.19375553017481,-0.0714901641498803,1.30656879962599,0.0118809250371109,1.0958908945202
-0.417306115536316,2.05963383509518,48.29505595894,50.2242751531199,0.594932799145993,1.89700685956602,1,0.229627568604365,2.14971958370179,0.518797117320729,1.83298921414251,1.0418480262465,0.99142024536137,0.794869040158025,0.282238029885518,1.10483261545732,0.496957747829855,1.3605565995972,0.638921225608792
0.499439601838621,1.30615395121936,19.1185900227429,22.0989331689595,0.37835030135029,1.58914643605835,1,0.0835997612311868,2.03077076301564,0.435427367218645,0.374104045011645,0.930118538548347,0.297634271583378,0.390353945925617,0.940510555455122,0.0327758714131069,0.851739038605624,0.162165560879283,1.04484665624084
8.88714117791234,5.19510536975574,111.318265467259,149.235998907642,0.522242138522941,3.18228556181477,1,1.10540758583917,2.19974261535138,1.26710850966299,0.335727355188059,0.77005006907,0.613347151386812,0.578593830885725,0.675615115681661,0.843870412049083,0.118531731419024,1.47669641104828,1.1317525431289
-0.263290953243165,4.62537560950047,225.973558451116,2807.50635958312,0.273467283672146,34.8403151118984,1,-4.18462564692409,25.4753832239782,1.62809539321306,6.98421410376737,-18.1196462854511,1000.00000000012,-18.1196462854511,1000.00000000012,-18.1196462854512,1000.00000000012,0.905157632948949,10.5461981933603
3.32449513069017,1.25608869899151,13.2478113356903,9.70302561860588,0.819473406368027,0.211088472420851,1,1.26462627960603,1.38553317586251,0.439867028863192,0.580290406505714,0.462650178873686,0.370880849565913,0.682406786501994,0.30585572258022,0.794043954515072,0.518125179010084,1.29302252041166,0.311467500475722
0.863396024345949,4.05768384041994,209.346221592258,415.548468426664,0.306525717748717,3.39868750773664,1,3.36413837236844,4.28616437872753,1.0886465119947,2.29619833679323,1.91256704114822,0.774773818590422,0.88773080926249,0.894029673811933,1.27647132117313,0.778632110750588,1.4031435005316,0.929820983428269
2.34360385304339,1.79045168801525,24.4321809345529,23.1542908853387,0.612886460741243,1.27220532470917,1,1.1384066836394,2.74495838201279,0.763336031487432,0.433208260249013,0.601172524324454,0.464001181169784,1.3352262380694,0.431437234285482,0.773646185946453,0.69555327443785,0.727611729142813,0.524593431946547
2.24147442939063,2.96154530871955,98.8026235670124,110.587890247719,0.343287006279915,4.36549392377415,1,0.0239244223528477,2.66532847698356,1.06482107630719,0.674248870960737,-15.5741120792736,1000.00001060616,1.62739790760814,0.672032811931576,1.47931261333393,0.671267629742143,0.597330335812017,0.770914141492961
1.69211593688534,2.67523210458838,68.0593493638158,96.0082223721316,0.558384556902603,2.95922802332744,1,3.13308306765781,3.59582013188972,1.54441551919024,0.428373447856547,0.180104923362505,1.34677844599973,1.4461529292772,0.827932444128178,0.968638408023193,0.466637258336781,-14.8132817160672,1000.00000021326
0.338367464544989,0.950853357021529,12.5848283137127,11.4304538809959,0.140781003774542,1.07062333985867,1,-0.580150657012662,1.0706458459514,0.37750082246875,0.375738302531802,0.654134442317185,0.627094669180811,1.32383769020028,0.437483463811066,0.412065442628866,0.380038363261494,0.0635267589623627,0.691780185961691
2.94221871457166,1.81379401331289,37.7116536987107,25.2309738942217,-0.0548962663999432,0.671984787551562,1,-0.19240561769542,1.64314660420084,0.914655676451279,0.596310508923121,1.28080341242256,0.490577831980017,1.43480183366632,0.470683571912262,1.16301186554361,0.353890227991683,1.39078351928182,0.272260669592905
0.647484172749143,1.42562411889527,26.0643906536225,20.8517747079729,0.256418716252196,2.10441240251984,1,-0.356873841047963,1.07177298635119,1.15002510684969,0.35545666960206,0.903988108797022,0.254521076529195,1.06932521949219,0.58817860306499,0.991297077796945,0.379157423911745,0.55723961924385,0.718745245497937
2.68295998998675,1.13323675765104,13.8707384729447,8.10767008811244,-0.379274900323473,0.4162328096661,1,-0.933876778295464,1.89864226432382,0.604034040554412,0.848317973788149,1.02291091136606,0.388434336294884,0.912615304097976,0.252636092230911,1.38650169504086,0.254059877547229,0.898429224341218,0.478490463498649
2.77367680386163,1.35093366689643,14.9509909319373,12.0808676913746,0.586090874362006,1.47041479867478,1,1.57978282985889,2.25690253776621,0.567049196827849,0.875233764045242,-0.391727379437274,1.02451326045016,1.04467026864456,0.310947045434813,0.360800723712141,0.716785902067404,0.466918430880046,0.259350630564589
0.778662514744561,1.64945853523714,36.1500969633119,39.6803584453925,-0.302119443646067,0.645668474712522,1,-0.311612646157516,0.568259651982084,0.779611824788644,0.605984934998071,1.11668987646964,0.298378323776254,0.837159202437901,0.616264063741652,0.68700649116813,0.673823714869426,1.37314273436109,0.623658949511429
-0.795774143912417,1.40165096218467,23.2795829021656,22.986786584934,0.371514639765631,0.963368378853472,1,-0.339495688921241,0.83866281100108,0.369986999661728,0.402420341248081,0.623382238383783,0.52902259412998,-0.157413690962912,0.745262036438441,0.638947355552785,0.540984375357317,0.0878231939542749,0.746049650068607
2.70483087744633,1.49731211448013,27.0710218115054,23.0347592314733,-0.0470156700122049,0.619158119712959,1,1.32210990140585,1.37098340365322,0.578652335777546,0.772669880173513,0.842511730884478,0.471591884905316,1.13683139746627,0.412226023548682,0.559781716537553,0.286495496529024,0.420081754472781,0.373423182490439
3.56929776191181,2.16091630334792,36.8313126761584,37.6812834833327,0.0226206269585911,0.88005306619117,1,0.287566131615115,2.17378410208884,1.02171745209154,0.473503534210612,0.732738076516032,0.257623236355201,0.988391288001011,0.535146562129452,1.54298106101485,0.62078014495393,0.0208351872781622,1.08709754988385
1.10632295579656,1.84567309272117,47.4376597264403,84.1791077914223,0.766342947158774,0.755372984252638,1,0.549921017023263,2.77440323600801,0.370413031959447,1.56767375494948,0.425582935258302,0.61823877414701,-0.301984204574168,0.917229826409501,0.369173774861974,0.66127864605973,1.01510500843895,0.652433399676994
1.07357557694633,3.0788600319967,118.049985624703,183.041597735126,0.682882963654527,1.30468265361885,1,0.726350256839657,1.27754872120375,-0.341356166131746,0.378522309559437,1.33262653747068,0.62921757715113,-15.4558991366891,1000.00000037318,1.41075031517605,1.33520883920042,0.893584467377289,0.893354028358247
-1.73776653429469,4.74921938425834,274.420018039501,503.858160124938,-0.759670534720885,0.263934498763618,1,-1.6024238705363,2.05012656695989,2.36840876746066,0.78145462679915,-15.9569053655069,1000.00000039801,-15.9569053655068,1000.00000039801,1.0198031852471,1.28454759757115,1.6255865710351,0.877589070264399
-0.127857318656528,1.47529949057809,28.0855367027753,25.4387364430305,0.761244324492934,0.406491280220956,1,1.08266971706209,0.626540179066455,0.609378475286175,0.38462504484732,1.41446112184791,0.321064368470599,0.404493189922873,0.737836164488369,-17.0929030282063,1000.00000013638,1.42243594218618,0.581123885002484
0.634338533621845,1.94809068695988,49.2811414469095,53.9546834000418,0.291853291432465,0.996695278612507,1,-0.789857782616609,2.91596986929195,1.11725468226639,0.794997533186389,-16.5374396441034,1000.00000004523,1.1972907703043,0.379065935752791,0.56484522387913,0.521966472802916,0.97576754699175,0.274410580667446
1.23177707268371,1.19249895843513,19.2118559220207,13.9642744052472,0.175111147268615,1.05753547266793,1,1.46708899049153,1.37829025900798,0.0993475003429205,0.560618935041196,0.960303602951252,0.334192813046225,1.14011512243861,0.479584020096736,1.05057123396497,0.44584980470363,0.650109035704015,0.576241956149955
-1.15264299359975,1.16907690788326,14.0345393688609,9.6174011288925,0.380679266723168,0.749720951149255,1,-0.344603281928195,0.95279645689487,0.484750120126665,0.578076884815751,0.206484169074469,0.38624425793149,0.85894897875023,0.271740393593182,0.435826119173271,0.352353270500617,1.06051453592151,0.367080881447674
1.97941038221121,1.57013090605564,26.6230975783891,29.4831647324946,-0.0793442204209052,1.45327546555369,1,0.204993839068618,2.25879783734787,0.789317760814755,0.714836659350801,1.02698695897592,0.197790364080635,0.873720081653653,0.220620508477478,1.13225256486919,0.485645419213138,0.508922966056236,0.757877890030489
1.98849421359691,1.6916061827856,31.6040778274306,28.454112906515,0.125289473806876,0.803166038759154,1,0.102303191380113,1.46156924118879,0.686339772769711,0.540132742559989,0.236997448326243,0.51398460561387,0.408084758240674,0.642672403437055,1.28333410928479,0.410739467516806,0.8668595392356,0.379243516929056
3.25380545540151,1.79769478417037,19.4975737271009,21.6777186892904,0.306936444709829,1.94860902275121,1,-1.17190247675563,0.967208325292962,0.723952947149866,0.302739245226604,1.09380260280724,0.563569122397396,0.930399685276591,0.893290297092562,0.18610406148193,0.454372181706386,0.996171909730195,0.594190176076723
2.23881804152956,1.01244242431681,11.651624242361,8.70984329257336,0.149448706738325,0.951363041597386,1,-0.073011955825809,0.891441790527246,0.810997377097212,0.444153270901832,0.536776897253189,0.438682801342946,1.06291817783825,0.288564978083391,0.747633731166215,0.337012583447596,0.361166945770367,0.869638944911853
0.958559959965306,1.40271618878649,25.214816203984,18.9259083104642,0.416860439877378,0.901316177068851,1,-0.846943459770034,1.71049263521291,0.951522446996623,0.56137432610714,0.770535107933664,0.389924071641454,0.695236415402488,0.250624850514666,1.04943667473366,0.3068463731371,0.836841243419362,0.521904808898273
1.74906798489559,1.40094981100044,28.1474672907916,18.8141891422479,0.44405317068165,0.873700406385669,1,-0.508603637352788,1.45727748702248,0.682436523398985,0.620556809388338,0.89492771541754,0.21370261426189,1.36569635828695,0.183866801674426,1.11247598504651,0.594756240306167,-0.367512307129558,0.877265342823385
-3.79734142097411,4.29191211182951,131.060809365997,200.864474486709,0.418181275495439,6.04649021991751,1,-1.02255913105,4.29640265203752,1.48231641070022,0.709694654404641,1.32703452857581,1.2094163412908,2.05523110559254,1.14209132720287,2.06207071324033,0.761846583299149,-17.8442572542244,1000.00000001118
-0.174775544675639,2.87845096507446,76.9259771481463,103.391894387471,0.553920995611756,6.92774629312317,1,2.82963592628255,4.14464239998011,0.464354098820825,0.441962729883009,0.908717676371346,0.472423427446246,0.879643750694362,1.37182281344875,1.07288496597057,0.828382326978412,0.972303827413293,0.725175925280141
-1.80513133447618,3.58042383100834,147.126110198673,171.670346464992,0.131604460233438,2.9386531690518,1,-2.97389680529795,2.2447273484774,1.46922466336794,0.836345737984228,1.52378892995635,0.563512970415468,0.924443266835374,0.382291032027193,1.57108013478454,0.486444834877299,0.745102696143936,0.556569933368472
-3.41110550362277,2.78230486482308,38.2547074720142,42.858128009335,-0.623086883882483,0.260771160199734,1,-1.56422450087014,2.1491158365944,0.913638794927543,0.272739475432028,1.08342219542346,0.606274629720907,-16.6111808761743,1000.00000015479,0.987623849103892,0.999426855075586,1.53199594134257,0.524985220323205
1.50812819395413,1.73876266952727,27.5333333101962,44.3052246490455,0.937358868935456,0.118452565989851,1,2.62254907277488,2.43996103272709,0.421323734970119,0.313509157157452,0.829313124822644,0.747859103539331,0.0330412760541485,1.21826099998171,1.3235581762208,0.787616642081186,0.0135024498933518,1.0343544760145
2.37717556382478,1.76569437240902,34.1752543831476,28.185897907214,-0.502021353626693,0.209993150970214,1,-0.808351607086187,0.984617262256985,0.990523775912838,0.357663964199018,1.25036673185113,0.523755851631488,0.654645725009296,0.382946238978612,0.553856503568066,0.726746974966438,0.738890837324815,0.624718530737663
-0.899401361034001,1.20267470835643,17.0091435442176,15.5086777527171,0.821919234765286,0.438718597021993,1,0.0574531488128329,0.974739442768179,1.11468539779173,0.31988469309675,-0.301939805127858,1.18062835921017,1.20292921676472,0.517137595575005,0.563930331436435,0.734921273535718,0.429118870580534,0.832302338598305
2.98816236313156,1.68846544324023,23.3653194421724,19.3344910736067,-0.294397246344694,0.718601620500623,1,0.902829763535762,1.06167760134056,0.787633022023132,0.600807316127458,0.993837276482619,0.362097042686915,1.42897894218461,0.353125246997464,0.890630227253463,0.479729860232768,0.919694447680581,0.761164200811526
-0.363399796390008,1.25854211965313,19.6608474066978,19.116927588448,0.18784199582604,0.505863616581465,1,-0.91191975009727,0.7350897741629,0.940480124112435,0.254050462806275,0.964244704545563,0.649836096118793,0.90209622110713,0.494460618378795,0.974806239327631,0.586156481679302,0.162250157652695,1.489819138139
3.34115448381929,1.82420391971105,20.1502309280668,22.976224210832,0.631333847655389,1.17354522211545,1,0.431764122854476,3.21955650896706,0.314308867204083,0.374965882668822,0.960460757297323,0.295902057379751,0.576164927565553,0.631881770806465,-14.5240764581291,1000.0000036643,0.704632206489695,1.07006769924513
1.86224635338713,2.04546118471489,37.9149724385783,44.5097986504383,-0.0808963492021129,1.09985707493198,1,2.54839426538686,2.51019331219472,1.3992798418358,0.690433756613291,0.653224792726977,0.464451952181931,1.14218349941706,0.59702316332478,0.650266096448677,0.909863181332164,1.53828025481711,0.655454693571655
-0.341643819265666,1.16115005926433,16.1122521128217,14.3238705273535,-0.0188117924334756,1.06029572576845,1,-1.11725246329787,1.45967605678459,1.44468317831697,0.586980157337862,0.0614980353168209,0.387076707863067,0.267037659836061,0.509678919657845,0.819652984866902,0.343550687120247,0.873362937943146,0.455924762269729
0.867255681038632,1.1307353980877,16.3638005273679,12.4360638003345,-0.0189212405141656,0.804747622982432,1,-0.598944088000691,0.90022788726881,0.81965655279365,0.226658112543954,-0.0860475715686147,0.438689280873184,0.869065494539408,0.417568704312962,-17.071937851976,1000.00000008857,1.10499259584443,0.528504872421913
1.66295058916307,1.10623454679421,15.6946599259581,11.0984770360206,0.43851073001904,1.09366695973582,1,0.0386961626684649,1.14359297113044,0.908881757364014,0.427434146214155,0.745931296015472,0.305549016201197,0.807814130193568,0.46278390816071,1.59266648291818,0.531998225619048,0.536094102024098,0.70361054763975
3.04925651229791,1.6670777673026,18.3573685513346,14.5769106948585,0.966460150676848,0.0465099608949283,1,-2.28838418061049,2.12375348759335,0.32823762751156,0.737206047199353,1.03034842978403,0.416609675801935,1.28958684842068,0.35604734835143,0.390799712155459,0.656486904370795,0.447902433273065,0.540756826336085
0.476931339143751,1.35933495266469,25.0808912123618,20.3050530024542,0.726345580321181,0.536063173889001,1,0.971357882201165,0.843726521646007,0.577611746776906,0.245946009960364,0.832615451636938,0.401138492206959,0.545458315318014,0.449226642008422,0.884901672395958,0.277693673078218,1.38950545484869,0.497888290726274
2.1351652452996,1.7364676708214,37.037097187434,30.2448352011998,0.0808398612084995,1.0295155861292,1,-1.9794150107844,1.44215343794813,0.761066135308115,0.345406276077564,1.01652613956035,0.375877666755179,0.301596127665514,0.555980701885143,0.687600492819245,0.530750634939591,0.861074522820084,0.676698675063628
-0.900789929018527,1.9937865893633,44.844439373652,61.62519775301,0.174315934453397,2.85502136966983,1,0.0981419102230662,1.40408527038921,0.824797630477016,0.764676607635511,0.00512295865153229,0.990129634893382,0.942661495500181,1.14569279177516,0.890668354008661,0.821687251251608,-15.8434983317787,1000.00000234686
0.344002799007576,1.49290364634386,28.4969203772858,21.5252556631699,0.674724825206513,1.87877671512549,1,-3.61517799483719,2.4177692393961,1.45784674869448,0.485753342005088,1.23052553280823,0.303763975995999,0.572758735110594,0.43727795731236,0.639606900802421,0.669655014842736,1.14789105177603,0.727265279414664
0.968990206697213,2.04753895973678,25.1402138684005,44.3228450003031,0.745274632819846,4.06276802905837,1,6.04983511184573,4.27061686560509,-16.9170212840362,1000.00000001597,1.19680809706872,0.282396854283299,0.722864791829051,1.17517905787413,1.06400787640257,0.677535772833519,0.965590758873152,0.996776745639439
3.49531031996813,1.73054126657901,19.783063357499,19.505926176022,0.6552001882756,0.663500685549465,1,0.62942585146088,1.18426291366412,0.419130000525317,0.67114062628447,0.7165866777167,0.565013447300593,0.645860915565319,0.425218430964711,0.724827959986786,0.764629180223608,0.00222208596173437,0.451714110600074
2.39854541201706,1.48233621872451,30.1853165751959,25.1801358996455,0.108410341120755,2.43158428034947,1,-0.544232599447587,2.32298988997838,0.644767827342056,0.922881239079015,0.66087084414901,0.668418937417132,0.913796826586508,0.583682317004832,0.498015202603352,0.683449536433647,0.806228433179062,0.374908649716966
-2.87847390350779,3.21372757611275,32.1542259608494,51.3534999647526,0.149517108306789,2.24345334532832,1,1.00804769503231,1.89335419273715,-0.483539743641459,0.715842132779513,1.72769327593913,0.4047785763173,-19.2035468204782,1000.00000000013,0.891019435869069,1.05363265397947,-18.1823138716054,1000.00000000101
0.883754420912903,1.38070317641489,26.0199504620693,26.7586183465638,0.317767963249426,1.95473732486615,1,0.635994791825506,1.35329895470888,0.790308195577386,0.303650682536414,0.763307184310926,0.361166337050131,-0.0345839700610095,0.457915797306266,1.62041437470411,0.37526879996367,1.4750651111907,0.327727667628074
1.15003168032657,1.35544708638528,14.3996257038801,10.9497000631867,0.279228017860147,1.33855420257008,1,-1.26658510890049,1.88484716619534,0.670320852427161,0.36823140901807,0.946379200981616,0.334147182662925,0.76664271974791,0.392756177912484,0.694954978035432,0.519917392972908,-0.517184332162344,1.01843637671599
4.29120470322307,2.52133702197294,37.5651248032582,42.1479085054841,-0.0526181525396113,0.839448120609722,1,2.57649690418865,1.2500002856467,0.875223916107195,0.517173282640057,1.48943161914679,0.528508481190613,0.982101084706326,0.654459996782577,1.46885279367821,0.653661607239058,1.45677171663361,0.515383196432868
1.93042478358326,2.24940422767205,63.3482955664601,71.1828260476005,0.28159803727456,1.92466655175943,1,-0.712894707018191,2.32713802269734,0.444476543982969,1.35346709533467,0.792562995030668,0.420746436600053,0.713095116658382,0.756232998339411,0.459273380310515,0.896323917178219,0.457845314957224,0.563988297681122
2.06660102888523,1.52850851901352,32.5927925443095,25.7075194295634,0.834969253835456,0.272455238224172,1,0.708224655703522,1.24193356875076,0.930434675184815,0.437004874292818,0.823854647400376,0.508800011249232,0.109883752955894,0.785132328462,0.866204595583055,0.592066953336205,0.778348358092703,0.522207176871672
-0.28965541696555,2.10037649602496,50.3859487383777,43.1494873052985,0.565814333125843,1.51574644335422,1,0.502093138302242,1.65327616093921,-0.694681135249039,0.639274071680808,0.809002312484955,0.422569472026006,0.367178085061873,0.455405660082233,0.831605149305729,0.53536448404841,0.843146329986753,0.61627375209178
2.31462303505955,2.14661115042016,38.6664763470633,54.2522790572441,0.530558669784065,2.55720113760509,1,2.73658573724379,2.65285997830658,0.650924819758705,0.285754016948252,0.758486075242521,1.05605066432787,0.574407290591251,0.884017473775818,1.31885047504799,0.710734768819158,1.27322797352113,0.358656497409082
1.32947972120201,1.63060893754624,27.430133362579,19.845667215171,0.433840548937544,0.963730127451242,1,1.23611596485404,1.91466940977051,0.196591230003061,0.611749782241769,1.0294013937885,0.482105536500103,-0.4810931727967,0.815786349817447,0.988591001659369,0.171851899865541,0.914443054804349,0.249558517228571
5.09440972713252,4.80618749718751,74.6200803115837,112.80539192881,-0.0479134854927574,2.07622241103153,1,2.62963093383985,4.37990598094086,0.635943756766894,0.483915742179375,0.80045117183033,0.939986729694116,1.28981533145257,0.887784372093171,1.26893674628537,0.821939001360384,-15.2703879480482,1000.00000140759
2.4282805489266,1.36550789821719,13.3932667443058,11.1095529767982,0.541657090923057,1.13324027639904,1,-0.469751303118115,1.82523535329434,1.206224568886,0.440289910199822,0.350308658422379,0.427366128119707,0.617247994730888,0.305109762239002,0.247463374979674,0.663933199491143,0.486562123576655,0.493679587471936
