"beta","beta_sd","omega","omega_sd","rho","rho_sd","conv_code","tau1","tau1_sd","tau2","tau2_sd","tau3","tau3_sd","tau4","tau4_sd","tau5","tau5_sd","tau6","tau6_sd"
-1.52221916204491,4.59382103568721,323.091353387885,1652.05290746433,-0.989999975562921,0.048984220232437,2,1.50369611271008,5.5972729688892,2.13534770895403,2.56541154194754,1.53934623324389,2.50304959312373,1.45973082362308,2.52703060184339,2.09016497681793,2.73153908776212,1.86102284386347,2.55451964333154
-0.0465184099343002,0.447482328814841,11.2355818982998,10.3653244216211,-0.712087912262857,0.251014350780863,1,-0.0389326727377406,0.6359346599863,0.29942014474503,0.55733326126099,0.136027850012268,0.507064577350979,0.745978700589592,0.545390756942501,0.517874173266826,0.638270918133655,-0.379428233417485,0.791700333672217
-0.391478442777884,0.893027471193172,37.6079345294941,53.3146539478065,-0.903167823233284,0.131758290757308,1,-0.352892776338756,1.15631843331534,0.906028934077263,0.821872758267814,0.983222010425385,0.667235795011374,1.27509627836843,0.698224266344479,1.44287809849829,0.754695220724662,1.34476276020721,0.972709677297082
0.603163854487818,0.651538235994386,15.8077743914666,20.1279205431329,-0.910392140144977,0.117857257740868,2,0.862605867731555,1.32604406831444,0.452303905084119,0.704817004645116,0.804099966168078,0.69100485035499,1.04904787239752,0.626761017489887,-0.280571590517751,0.763876552191406,1.09739232989623,0.710945217029947
1.18553958029732,0.606093814407397,10.386399570561,9.77175710808371,-0.886157927243191,0.0986108565172809,1,1.61704272908246,0.932690002921002,0.51588399302468,0.465966935752572,0.222563818059664,0.533400423577498,0.625625673957745,0.54361690909852,0.105061854052257,0.628643501199232,0.580585293641201,0.565689242891226
-0.349699229177793,0.960803335297347,42.617656474306,45.6977811940442,-0.937726807342132,0.0685564923125104,1,-1.00647957236165,1.97687521024193,1.43042763004274,0.535693267830529,1.51355598830005,0.603622657036573,0.67967207608387,0.730177771132954,0.886540894954889,0.579331911780023,0.715763059573195,0.628672944710871
-0.346936434921671,0.571791651732675,12.820377870797,11.509034921193,-0.90653548476393,0.0906692267658845,1,-0.922250051219439,1.18468848805321,1.032211681555,0.47952240262039,0.822668827445608,0.515353542697998,0.550546351185644,0.523630990457259,1.04431225510017,0.567665331966231,0.882587544975378,0.574177764056487
0.112503029581806,0.427984775933915,6.28105995859538,4.97995968912192,-0.6732412744317,0.250665046485999,1,-0.117055518813085,1.09444026955053,0.415765455291759,0.479725746832344,0.024599148258816,0.524149595572389,-0.309360659078604,0.572074550642949,0.183198152332752,0.454342421048159,0.245953686603571,0.50910869311664
0.277952181879504,0.518477476133981,11.6202360235615,10.6295303428335,-0.864863820575718,0.125878245543237,1,0.460852469225889,0.971698333753697,0.779821970508266,0.485546979235224,0.613070749256701,0.580801142867471,0.740108638609526,0.504089022926641,0.226420716425295,0.645456880742332,1.35456501575311,0.544686327059235
-0.253719573353016,0.449470991322331,10.7073543133367,8.70282144469617,-0.721033778406083,0.276802874525979,1,-0.760068963670609,0.73846829347667,0.306925935295068,0.511372491602282,0.421302155976273,0.453037865646437,-0.117681726221591,0.617831404075914,0.484536254671628,0.45416842748433,0.484821202148261,0.542225901772202
0.62423871525596,1.58172587438379,65.5660787344308,209.215734233631,-0.982298083738127,0.0562950271426429,1,3.49044440828248,5.85419022345336,1.89539293780084,1.6262687458528,1.59147832671076,1.64396110961782,1.10732769417353,1.84639344457656,1.046764959411,1.59500480558923,0.607075791584631,1.67855173339505
0.417475592323511,0.756051972666171,25.737950898105,41.4875060025821,-0.950219775656798,0.0854462089711831,1,-0.207874533418835,1.35989707984518,0.988413438776088,0.828821211019905,1.1509077904442,0.84989649876029,1.05257544074725,0.937561431949713,0.928725556482851,0.884963973586682,1.04952071026183,0.84156109073824
1.70720942750389,4.54667197952322,206.932139539967,814.782271843851,-0.989999972911757,0.0393607963827185,2,3.16746309649502,9.3166381517939,2.06562473037161,1.97592315133078,1.74267481496554,2.0739911467322,1.97778613654092,1.94739815123379,1.66253684427196,2.0051194313691,2.28898592849456,1.95792581056811
0.29821150976503,0.280523649445914,2.21247610049887,1.37407019489886,-0.600131706307549,0.238448524700203,1,0.294259236421085,0.650076495472748,-0.350460262980179,0.446883156009962,0.292429838865689,0.322442189330175,-0.0721499145673103,0.370394938336516,-0.0241235755256339,0.409001512895983,-0.202586685346771,0.508858636536752
-0.51598633923961,0.563600425526129,11.2711186404201,9.24803299428012,-0.771290989333666,0.187015763327929,1,0.903356700174066,0.716566234822253,0.174327382962566,0.419980772635752,0.233630098112764,0.465949648601467,-0.47266773325598,0.732712808408104,0.956132571996607,0.449368378560306,0.871565363061163,0.42893519846872
-3.1215697806165,4.7209667872766,153.473455049652,413.639553143289,-0.989999939771542,0.0265486074349876,2,-5.13316265497805,7.49478266222832,1.87440789284658,1.33054827222052,1.84028491862615,1.34616417496848,1.87876837725681,1.44543042819291,1.95053062387347,1.3335879331476,2.41504801439754,1.37122071876334
0.465881698723628,1.53977552849692,64.6256065231313,151.898166952784,-0.981506764276055,0.0434111510548787,3,3.4794110847636,5.11651962421518,1.3202017507201,1.19962230443289,1.34388051902274,1.26268630129324,1.39658948957485,1.26912856202285,1.53447622984859,1.1299244564446,1.73349410355788,1.17960421074895
-0.345458179599451,0.435110931751718,8.01498942538601,6.55366527839996,-0.716728087267276,0.205968837864317,1,-0.0108990424200998,0.417043239827776,0.280038068747249,0.433323186946665,0.308591886337094,0.432816329787871,0.491375615751335,0.444942237163436,0.284447436207509,0.482460521995794,0.0778564751149449,0.471908248407332
0.72888979313666,1.30506550405546,62.465727112403,140.760391909363,-0.960291105757395,0.0891360516719796,1,0.114583113536429,1.04691809387484,0.904783669279157,1.22385454980871,1.61413419562392,1.13678870797019,1.10694729225307,1.07513823116641,1.55762796436846,1.15661675047295,1.32968772466944,1.31640126175628
0.107786707084749,1.17961979663316,49.5595656674474,124.975753196569,-0.956778014043826,0.100035647028346,1,0.59885439359323,2.3246885968324,1.15397352223804,1.2819794797177,1.26198021800362,1.23000488438206,1.07467857436516,1.31476393587091,0.766000790956138,1.39033216878937,1.35136119611108,1.31380382391471
-0.836072750050396,0.392086555627042,4.83068121430837,3.19293742475167,-0.689715059449361,0.205273787366128,1,-0.426902096006571,0.567300354775022,0.161918579735699,0.382243149544789,0.0176449107386609,0.390417195867472,0.195497810298724,0.473934087953753,0.46037991678573,0.425085597305583,0.0261760448035185,0.445958514045129
-1.2951507426421,1.5820801830704,55.4320648642827,110.96180307303,-0.978159894624408,0.0441266349309552,1,-1.61694060571555,2.93590787529475,0.990846480955513,1.12642258204773,1.59190032967745,0.9942411683352,1.76767353061573,0.942517509018653,1.54896952015332,1.09947278080618,1.39669122528692,1.22838261607955
0.055986197735781,0.401499648750908,7.97245406280936,6.24902789671466,-0.735550331892958,0.196344739073224,1,-0.000178351497145905,0.671568951241748,0.875396173942823,0.348669145173548,-0.132436580050501,0.469505092136303,0.465278585257753,0.487251412246589,0.349268083596983,0.429975667949356,-0.010193897184181,0.684941747983537
0.291938156665975,0.437975476792139,7.73251465038401,5.52376615663946,-0.803395927942209,0.125326023590205,1,0.550655527773707,1.12674665460028,0.512499748688615,0.377020504484739,0.366177502171552,0.381202621326706,0.447560459155539,0.496808154729664,0.275190419689823,0.484949251710331,0.462296186486605,0.501037747614336
1.16883958576929,1.47169574827359,60.1507877317188,90.472925770061,-0.973063583647991,0.0405766786017302,1,1.61956227972326,2.563459605103,1.22529882516672,0.844552652285824,1.42809740072192,0.778964473947159,1.77758239564773,0.739112987761387,1.58979023757351,0.763553900765989,1.38870283972535,0.826919631636817
-0.0950560351232877,0.481665713483602,10.3467019907793,10.1959892477968,-0.800970085105095,0.189534410260572,1,0.240268051764984,0.972933255619831,0.791416605697837,0.604820279476239,0.901944709004034,0.505358826624227,0.966796709120352,0.480660965858668,0.915053207839706,0.508510407050178,-0.534292617364101,0.966066987618087
0.398086321245683,0.965996867047596,39.2962063743614,65.2642379304115,-0.918981249757286,0.139599637440978,1,0.878527086895084,1.5781690814626,0.681410793207182,0.92550296136853,1.34931398907234,0.909072916969098,1.25962543846097,0.854429554199166,0.446328474049813,0.971378271061459,1.31530406041817,0.818318201430168
-0.386645092576335,0.467302611093986,9.95118318077984,6.53191033802561,-0.832234813590205,0.117056791056698,1,0.009130408740486,0.671269970150203,0.418913103242107,0.37689237823222,0.52145306971956,0.429203783677679,0.333357460053241,0.470311761092925,0.570491386200869,0.496531241228603,0.652886522183269,0.468053182282624
0.0229660125049465,0.591794873636735,12.7336891265285,15.5216134093836,-0.914035868927868,0.0971668542967966,1,0.802701859894284,1.21606945379386,0.497298028149317,0.651115612488337,0.812483005803599,0.615093010236308,0.603815814965036,0.67796721251483,0.842557547419856,0.583803502475327,0.803956530527103,0.692804185356733
0.193930546095414,0.607522602395604,18.5811224036381,24.7366143772905,-0.952065415509421,0.0658477054134158,1,-0.661800609725352,1.21913023186788,1.01315988223747,0.694046052028208,0.473088506142869,0.643947291007254,0.562331692677512,0.655712040869693,0.586069300370095,0.750500653300619,0.810763646607799,0.798707954270463
-0.39310459482851,1.12131561894826,43.9580268371618,78.2818491266838,-0.964343958071279,0.0618155758075132,1,1.88766321473434,2.38422696466587,1.38524217165339,0.91834104977477,1.2305299764956,0.92097596258611,1.13094409640176,1.0346720805365,0.873318918913915,0.902771958321838,1.21401487746491,0.933557367852814
-0.862240248473967,1.15577250830069,29.784872044502,62.5904364672048,-0.955778970457795,0.0953831715296085,1,-2.55791203470232,3.18814810520133,0.989409691446741,1.08616282276354,1.48645204119349,1.14094468125669,1.12396366645055,1.08637711994076,1.60127409639396,1.1424759481037,1.08120813052096,0.99015942585174
-0.31719098519771,0.91171831585114,35.1465635750787,60.6279886106522,-0.966482205692194,0.0590404158078142,1,0.375129120440345,1.50393079614975,1.59687236989734,0.849448604072515,1.16332835554277,0.975963273583744,1.42132902545157,0.996978394420811,1.04415828357676,1.05187085618764,1.11903718066485,0.914874976625681
-0.0573539668169262,0.382496277929624,7.53191644786103,4.71539239526299,-0.689585247795401,0.242736063195329,1,-0.764158477027013,0.715558410637284,0.31267160251444,0.405325734405101,0.0858099619334539,0.403250417307512,-0.318982829378294,0.458892695668569,0.210352116691018,0.381548856395925,-0.751594369553636,0.692635980871557
0.338830368055572,2.31132000209568,174.110939553007,661.124051762623,-0.989999924317043,0.0372740461592235,2,1.66680757144803,5.93525565373426,1.83918555465753,1.95012836327379,0.91940624033688,2.08694979000809,2.02930296148073,1.92258520337826,1.88396573810465,1.92193685635709,1.66165512923806,1.85834037916003
1.10926474998785,1.23776459609219,35.4311956642574,59.1476130303842,-0.972377358183345,0.049102633853031,1,0.777190116909076,1.33699913759824,1.12146598743938,0.904334242357896,1.26755804729613,0.834091842668853,0.719286650684666,0.845493837022007,0.844079434247927,0.970274541609529,0.795761254602917,0.869616280220572
-0.271524364108216,0.568744851710692,16.1895577667318,15.2978628585063,-0.949009840450459,0.0509313748662905,1,-0.684642877986738,1.01594750863738,0.908287829455822,0.50922142312986,0.835372606319969,0.555999338818966,0.658447123283967,0.588119366487615,0.973662999601679,0.488276057756302,0.796460547714771,0.654746986582642
-0.241165126018082,1.11733187418878,50.1150147424797,96.2684224079068,-0.961762867417545,0.0738777616312288,1,0.490106267733438,1.77403176443546,1.06708343661607,0.970440924651238,0.995157167543761,1.02166949065351,1.28510472433509,1.01652071045817,0.967163010988198,0.941990844459399,1.12616560616343,1.00419486791543
-0.441012955816341,0.590307381512387,8.46599365588139,8.84211285315096,-0.852832415082833,0.160282535157319,1,-0.492162887761829,1.31146023803739,0.206519954757831,0.561935586156174,0.697930247690054,0.492663861175394,0.427845662231981,0.634078007052644,1.01168056334391,0.521076289871069,0.448310359887035,0.675035884071747
2.1076476014841,4.13258639102966,73.0257407944603,256.248862032797,-0.983702724431412,0.0594719941747102,1,5.71578060240109,11.4617798708123,1.45622367001899,1.78752887516021,0.997118087112038,1.84271900630123,1.64489875048465,1.83211624405373,1.43822111873884,1.74585690308838,1.51421564295676,1.74573339831033
0.244936229449488,0.455103972846771,10.6604876946772,10.374468485162,-0.825994946933747,0.198960492271337,1,0.594468560509632,0.82878237581651,0.588102483588122,0.545775973781513,-0.0163098065166315,0.659912871537532,0.510447754394378,0.55670406646276,-0.0628564130975788,0.751985400267705,0.608169976534011,0.471817704144192
0.101273679504081,0.534727900106228,10.899036179442,11.2197278509072,-0.894018843207397,0.107949564850567,1,0.0232303481199368,1.15550858711121,0.464862737273474,0.556119769203009,0.469894229512158,0.559835311113227,0.76184316286864,0.548277338419686,0.689604810993287,0.62798782503866,-0.410898624740287,0.798327080442229
-0.0331054554082319,0.668725746277839,25.8928960627617,36.2455363524896,-0.933037126848734,0.106784744730766,1,-2.10794578716445,1.82651619895932,1.01966303168568,0.663795375991041,1.07862306145208,0.770515192452094,0.998406811959594,0.755980531536624,0.632819015428217,0.884927170128995,0.89828163271795,0.791265216897604
0.235783764010558,0.473263500292135,9.88905300532752,8.151772371729,-0.774022969706487,0.161926065390707,1,0.176598752184572,0.839017628166832,-0.00734981908308681,0.467462132706432,0.728386853807265,0.432493031531789,0.950936697204504,0.476450207377478,0.379596290804443,0.461745749025356,0.200881497138679,0.589369223306314
-0.764511491241301,1.22219956744649,53.6880450220529,114.713441897564,-0.967606741767533,0.0691667141422194,2,-3.33552061224013,3.74774976197416,1.37770898102012,1.04449673656387,1.8908819226505,1.13451285169377,1.54432302821777,1.1468385878974,1.43266941099142,1.13952471537939,0.719021179372661,1.25880440898137
0.177106444465654,0.508276926594106,11.0121710834557,11.2128321425643,-0.905233724134501,0.109464062568074,1,-0.825051927385513,1.49309521809609,1.02734608441156,0.574194516007262,0.53364614979887,0.573715906299043,0.590898171278056,0.587976953611924,1.11262487594695,0.522512689122966,0.574225933786408,0.532217388010456
0.407213571746323,0.422734568891523,7.9101595828319,6.35436010577215,-0.782612505818674,0.183960423001865,1,-0.0523211894306701,0.669641210306646,0.707553522079236,0.493265530087496,0.572502321321845,0.43411267972012,-0.253586067849899,0.6492917671706,0.358272330663142,0.498256188406564,0.574668649469835,0.445161074690015
-0.419749485297208,2.64490271282984,424.98288155116,1694.78770254294,-0.989999970088196,0.0398066012107262,2,-1.67482155698893,4.50495808080972,2.26101936857641,2.00364938444614,2.19560251210137,2.0417503016817,1.40276036920283,2.05239999483806,2.46420296640226,1.99888653722275,1.96850040265196,2.11864540200973
-0.75229577920295,0.64459561582804,9.19110235252622,9.49023885534137,-0.869368645239536,0.140360416545477,1,-1.45923086152261,1.35517088190538,0.879913459708347,0.582280012127856,0.414004777150144,0.556589620085545,0.850388085643442,0.555639391460102,0.626261436634447,0.561637852654224,-14.3557502611725,999.999999999992
0.235239338723977,0.309979659825755,4.69615866603474,3.36555479509883,-0.328667571784585,0.606009165509767,1,1.26896290379012,0.538115060844431,-0.122580455289012,0.452407665758351,0.0427882254327426,0.427950684634172,0.198513635521624,0.319821557255136,-0.378373533142032,0.537427497688561,0.45613226259481,0.552657113791639
1.06457701529029,2.01023543464735,79.6984290197736,246.161595966476,-0.989999976497209,0.0297180037453161,2,2.05599948906306,3.36187651192079,1.48016735009452,1.61108601181299,1.46015889769887,1.54011279329344,1.95902721577407,1.48240102416162,1.81039736212257,1.61681822553518,1.2048619314172,1.58650038606147
-0.464186435720779,0.625937232050378,13.0921128329719,11.4638422780607,-0.782865926464381,0.189017834150626,1,1.1387774180727,0.764768247941057,0.369835522880892,0.478313545129001,0.537259498090632,0.549547165890582,0.581786755267776,0.611403770350556,0.751655185416199,0.532428396722293,-0.152289281257289,0.724805489103446
0.1348890436988,0.70772278667281,13.2522415678929,14.752287674593,-0.86288108894646,0.155189266171629,1,0.940624308654465,1.66845269471123,0.31052749999863,0.649695310720354,0.91862683199557,0.632454359469503,-0.501793224022268,0.870094318252941,0.745227045880229,0.533093900211941,0.546822445421859,0.723450549328092
0.375634828622278,0.647421529048287,14.9377969845367,13.4610178023618,-0.905946190470389,0.0821824014214132,1,1.13992418430098,1.35723712662866,0.749864069814158,0.500959477903681,0.810862283015583,0.520943267211847,0.786848883262277,0.631209208640208,0.711518711709217,0.497350587513271,0.873540186043306,0.520118176896108
-0.14224945411158,0.893361995521595,33.8811254711322,54.2975932143493,-0.940132117421177,0.0960907216063017,1,0.678356968484514,1.79578864053477,1.20448529203291,0.816548125387363,0.704402054165185,0.793710272213185,0.704312557783636,0.803094886094575,1.01749433126346,0.985545547400259,1.31990833702026,0.924249060981693
-0.0920376614947018,0.440103686112783,7.22076743366631,4.62051145509767,-0.790796895384938,0.15499587660017,1,0.65728159429959,0.726236067461237,0.0466556687288281,0.454474072543785,0.0424216408045703,0.470309152705186,0.229101990773336,0.516105936103396,0.457779327769935,0.473962708874315,0.023951989693317,0.580810694072111
0.454145134875144,1.17974099773386,58.7768829984515,129.114001186481,-0.967390127768083,0.0693119031484466,1,0.937206380699666,2.18139270428191,1.44114964366804,1.1370501030941,1.38489769675777,1.10166683625743,1.38160119487812,1.19832939984677,1.14530944675578,1.23107692025464,1.26944575509798,1.15832408508066
-0.151075788493997,0.540155373906212,10.5505703991528,7.86550798978615,-0.886055242704894,0.10164689616703,1,-0.464598887648482,0.991816199317567,0.787691457783189,0.464703614719671,0.778226320623995,0.495373905879212,0.515984530793094,0.511773550015984,0.558640119495275,0.486748538529962,0.596273962556626,0.571597859198511
0.517072798699751,0.543667441099538,13.0067750974405,12.708623582664,-0.925861305874326,0.0684765998156446,1,0.335673279929459,0.936365388234056,0.685184175985259,0.553320972345202,0.827370958373613,0.52047209065173,0.505743058539079,0.485514248258628,1.00287571129107,0.590831475387325,0.472447253365329,0.566672012595186
0.307339190533526,0.504785446254585,9.57039692556737,8.05814010679457,-0.856213631606937,0.119800053473552,1,0.300314544606278,1.07621146994128,0.741241740385774,0.529805867392287,-0.090121269845398,0.557214095655273,0.935677805123813,0.445951079143202,0.634128123153956,0.478027233993478,0.697844371536415,0.542288783089871
-0.678185142023779,0.481501843164204,6.17495594126026,4.86344264136486,-0.715935355924608,0.256057501721109,1,-0.604921370315267,0.752264743607125,0.305401950558315,0.449687684907749,0.259241857404987,0.419739137360808,0.757152651691242,0.482652745321059,-1.55040242070953,1.08849860637838,0.380483823596166,0.51958032762313
0.442466995238597,1.27131985224832,42.7428434826302,97.1380059026143,-0.97262343241963,0.0621187063810991,1,0.708988104673071,3.1290617428836,1.30334366176692,1.08556437472738,0.682292577701621,1.11846644116494,1.2273705364127,1.29985592293508,1.4438992328395,1.3684844016571,1.42321593487797,1.22619900698662
-0.121671747668535,0.515071021203994,13.4826049097472,13.0396457614261,-0.843223770957389,0.160319401420604,1,0.198269687210495,0.742205358429011,-0.0835211487400341,0.57538305379831,0.476634816618345,0.583196493480706,0.991468942461655,0.568868559826141,0.315531380065039,0.617983631302647,0.32111495782807,0.548450393016121
0.279069477027441,0.381701062763085,5.57724979691228,4.7409260544889,-0.613953264152026,0.323881063954181,1,0.107017923583625,0.764610820786351,-0.0471742605041531,0.491157695399199,0.159356770135659,0.526554869254056,0.643487951128544,0.431086769317296,-0.0326080427432112,0.43361710584441,0.613133367695747,0.511107595378059
-0.184926602573845,0.307312427717349,4.41253044729379,2.94510482304007,-0.700695682957097,0.195886435212573,1,-0.310649283419376,0.647213121008293,0.208066830461251,0.405381110644218,0.327963661922962,0.376504790529549,0.349663527646294,0.394194651190704,0.0025888121875473,0.445812700297001,0.133929916816893,0.461791061157782
-0.193276453056045,0.558435455161927,16.3636794064441,14.1552599672362,-0.835444506592776,0.13048846800523,1,-0.591591289489209,1.02956613230437,0.447397422162841,0.589704487161842,1.00053014061041,0.583700335997459,0.66496522830474,0.476344498277684,0.431241147795696,0.511803125351447,0.390880994472763,0.53734000168569
-0.0133592147728938,0.379776183000475,6.72580955973757,3.88591596730474,-0.630588482103851,0.257488072084107,1,-0.00390441211861723,0.644509259685509,-0.330306287061036,0.490990971736958,0.279120912631612,0.397535396904136,0.276054311915569,0.382080038162741,0.460915615379029,0.417146799588795,0.114020642560594,0.502966852599743
-0.681176372500655,0.744006685744262,15.1865160309647,24.1916831030492,-0.917586485085653,0.128639350536338,1,-1.9005660841669,1.94731965840077,0.743159957243807,0.867690110427677,1.04668797415955,0.758758419000936,0.769793388709918,0.799948851718119,0.629759597981621,0.962989713158016,-0.0191510034317166,0.910970389353025
-0.468980855584002,0.722106262090893,22.6978665798142,33.1543849007148,-0.924433281444929,0.117523985802358,1,0.103206402272318,1.12320004064433,0.729744062080087,0.802637083568115,0.837388828104321,0.768712284868987,0.559252880876307,0.724833587149693,0.0743724555710835,0.961164926092951,0.920384803431878,0.903580702898709
0.297211466591704,0.376800209635715,6.93527158376983,4.7798568816608,-0.586760196611855,0.293087531854032,1,0.560621812511635,0.723060626487137,-0.0827277928172125,0.492215712796352,0.522120675756583,0.409355441972559,0.172297640735332,0.397318634829044,0.974731784786204,0.412596774537579,0.221833435649592,0.422281561290108
0.163717591323908,0.356956902661211,6.91321060511588,4.70047121606267,-0.61426913738488,0.361813804764335,1,0.169418976900594,0.591552230928049,0.319504959267015,0.466543617730295,-0.248077074105871,0.58529754004263,0.193123891014824,0.393266785703411,-0.40654302395339,0.709512959159399,0.200592210881914,0.460818850222095
-0.224474959567282,0.489799409628161,9.53815088012806,8.67417801588931,-0.785291398480594,0.218593580789953,1,-0.115505927973965,1.02378391401694,0.295295242742564,0.586966684071787,0.411634600437278,0.470632755166719,0.472997785523372,0.516235448197637,0.507453417388744,0.523450321963889,0.101200344473263,0.563410765920839
-0.443516568617508,0.85144304917562,26.385175165782,40.9948054591422,-0.917637049185966,0.126769594872264,1,-0.843672535611944,1.50121897957212,0.871570460994459,0.850139358334725,0.825861049005685,0.821826509979542,1.02409534409392,0.79302751334822,1.14172709329217,0.861274062712644,1.11745397200851,0.819784602196523
0.772150811447933,1.49225049779095,71.5313466630283,175.194045994879,-0.989999883074667,0.0243272870547831,2,2.35609455607359,3.42469534871274,1.10134165484075,1.23114413133681,1.5542355389133,1.21759822054617,1.83843589802158,1.20071181934313,1.81675165532598,1.29545999209979,1.28791686796337,1.21793890565449
-0.175178209265791,0.437913634100435,10.0211794178246,11.9519066497385,-0.88183905133646,0.137807241737639,1,0.0354251459652453,0.704846949812219,0.804008619431768,0.573198833253904,0.458376007020335,0.739308215794569,0.132848271268892,0.74692433931313,-0.0761990098352977,0.83144726308825,0.395940854057501,0.700806130176207
2.56553540127883,2.3057136127728,60.7003953776845,88.2351163693328,-0.970711369996369,0.0439067467255774,1,1.77171531170747,2.13037428048871,1.62115445759057,0.742897965086304,1.34521138744438,0.797117081803794,1.28192477611868,0.728808081689304,1.53810334858356,0.811353026001467,1.46196148608424,0.778515641436589
0.686322726901653,0.752619483081663,19.3715971302204,23.9787253188921,-0.899446108744574,0.133909223822682,1,1.09940583249756,1.36548808712834,0.549393795295971,0.656665582294452,0.461808557983324,0.736742884563972,0.374240077527308,0.671698402961052,1.01065596584793,0.638244441666627,0.445736021387359,0.721531388014573
3.86868478832014,6.68676063717146,265.232968899801,933.826789739004,-0.986420839922348,0.0468040645875446,1,2.19256783802894,5.93099162491995,2.32180034174871,1.79494133217527,1.95684097018625,1.7676648713592,1.29960845198834,1.78676497370259,2.10960496413929,1.78969090936087,2.42890360981897,1.73624673033307
-0.919847385280572,0.863052123959799,16.3593189333821,22.2358003114553,-0.925934599678242,0.096671058053723,1,-0.406442974280837,1.50763516589245,1.06683829352144,0.692392114354668,0.962849507800098,0.726277463568197,0.764313397666178,0.670917747836277,0.744873867430181,0.788366035351264,0.410526658478075,0.767634888483288
0.721778147215504,1.05449300526592,36.4890892889059,57.6849250261615,-0.954767605456542,0.0690247600503979,1,1.87219861433872,2.28114178269742,1.4078671412727,0.834455168555398,1.56050317387418,0.770695411124345,0.868080203324949,0.779267966789329,1.09643078438325,0.849343841458639,0.825057129070035,0.844349326796102
0.303609391175903,0.327576547379261,5.04278761403455,3.79325942969382,-0.400429831851426,0.424471764122523,1,0.273121601474696,0.558746656554086,-0.0193574936097257,0.419040189342761,-0.0576064769912093,0.352612204044895,0.235599537341248,0.382801120746563,-0.226733442961875,0.596389525313562,-0.411621674696633,0.810142483323172
0.645269744242209,0.490750867219141,8.31472878621831,8.75071642576906,-0.742662478497587,0.260992310938105,1,1.98195870191259,1.19905596335898,-0.178994793546814,0.648295632881999,0.292687941232945,0.605330044689991,0.0567996983436057,0.668703768412954,0.623053621786658,0.613776492513957,0.802389131967738,0.548965537782361
0.606554875554843,0.414491408410405,8.67102958165517,6.75391687144826,-0.695180889721638,0.269751425579241,1,0.231314767487104,0.597929750324205,0.455412743240409,0.438793983774542,0.357247230897018,0.535632328789792,0.466088128064425,0.494954295097193,0.273107585239577,0.507372824525558,-0.610040625131532,0.68765608291105
-1.42157015397259,1.41700486876694,31.2126116052439,58.4364675270565,-0.971134528721262,0.0523539273181654,1,-1.79765887030381,2.10023815073697,0.977848550539302,0.94613058146002,1.22451526982607,0.938997038001669,1.08190749123302,1.1230985660475,0.574781898484151,1.08693768486883,1.4661835829887,0.897000730968479
-1.63548659176226,0.941272808413003,21.9076737795564,19.7551024431918,-0.860641833903338,0.137891871612803,1,-1.59742437219897,0.926763448781571,0.951683246173347,0.54118863615512,0.545400103577368,0.538065952247612,0.889499628988947,0.475309983818229,0.341881584826728,0.808063881159986,0.31989359901268,0.533267656755541
-0.115653590940621,0.341479924775386,6.05776105113707,4.21038743266278,-0.577040943668989,0.379766380418018,1,0.33351917670945,0.58136275002368,0.0632531413774061,0.449426152852656,-0.0531934290552196,0.486324510430165,0.206353060642064,0.481898276210045,0.672826956442419,0.344311962460962,-0.899116157743129,0.621076785118767
-0.165418285445156,0.699298880100833,15.1797417962742,15.0008001405295,-0.892232019187916,0.119660037376443,1,-0.286713852361646,1.90264934538312,0.888507233534109,0.496702564932357,1.0076604530206,0.537423693210738,0.225614405442045,0.667391751378231,0.448781699901325,0.605201320804286,0.882852580210051,0.549487095917465
0.308123632091499,1.03161443681666,46.6603738762615,74.8851755489437,-0.973847557149883,0.0410575191966196,1,0.0586477432570451,1.21180780721656,1.38997414134924,0.756136635703801,1.04593131556559,0.845533090789757,0.647736941496264,0.902858320464585,1.23440586276908,0.907799801883207,1.71957538609901,0.893905166003977
1.25965361919782,1.18230109499629,45.9719372755771,63.5608758158048,-0.96648500320017,0.0446191494941004,1,1.39865661900374,1.84525572042271,0.818590990648316,0.746998380910664,1.33384031604054,0.687552325017624,0.507085012508114,0.916106449033266,1.88811786341948,0.709144313939715,1.45533024997833,0.711349654595479
0.383217932750753,0.98730272628662,35.8110340261305,70.2658194149818,-0.956067703371234,0.0880515866449564,1,-0.637975612856872,2.16159734658452,0.78712329240732,1.01383351319571,1.3252775617044,1.04816102577227,1.4268504066061,1.0301146862731,1.22640084515151,0.985318149790754,1.07568005635986,0.994603372091659
-0.0673035853106129,0.344543384456115,4.0264073823699,3.08296245543396,-0.727908644049748,0.198367969053861,1,-0.190033055372073,0.702799407529317,0.254471766699024,0.431073800685568,0.236090808170891,0.379031476271279,-0.130654802318094,0.562703399900751,-0.0654667057723816,0.568539150955413,0.0712757251220421,0.53442382676357
-0.699418792578243,0.756801642095056,17.8190161658675,21.7883233520319,-0.915062143567765,0.106369702142626,1,-0.987366305919521,1.20758902136792,1.09474788036975,0.637500647237765,0.390933421518339,0.691183299300554,0.656379620659619,0.733487116258763,0.747293646061378,0.67746974977913,0.990869350721855,0.601733870511121
-0.686491380705177,0.742491449314122,12.8888348851217,12.7940234088905,-0.764739306213297,0.261230294354948,1,-1.22775585586177,1.40088874939366,-0.330460543120265,0.587597566691047,0.895305196867192,0.539033924441228,0.455919660010263,0.583214271811223,1.11973422620119,0.50295470102407,0.561454257844992,0.618546781345377
0.208176809941921,0.480618366555513,8.76483644948808,8.85134878653182,-0.809490537491797,0.214322931700384,1,-0.00509248715957992,1.19327944799953,0.169231806790901,0.608355491937556,0.725193999066638,0.46543590431728,0.122850863868032,0.557598235668874,0.491636139228812,0.711237605742297,0.624306445945977,0.607859794794167
-0.0968652685213308,1.26937532527115,86.7707979131757,194.85953173575,-0.957494685340496,0.0854140258304875,1,-0.105321014026424,1.74668964907182,1.05174506957093,1.13420926028438,0.863168022885818,1.23832328971764,1.22922187890128,1.14106361535048,1.14228757245304,1.14249128156669,1.24383954557906,1.16675852507533
-0.777307902048834,0.879107735203094,24.6475094002732,38.4594526602424,-0.942805895993334,0.0888899602033739,1,0.0674857550567368,1.70194986831675,1.21715686916385,0.764473521615899,1.07500937595828,0.78675043014858,0.85348753267844,0.838475825978726,0.823926969715189,0.877641839011507,0.384809193646822,0.893438570812788
-0.0337685281348841,0.329494450987455,6.81960058751444,3.98965218362803,-0.468747891661692,0.321424181289813,1,-0.278021900545702,0.256931141736474,0.397320422567052,0.283902969554304,0.238050402195443,0.403915924125364,0.502957387164508,0.441548670890475,0.64497652111038,0.44894140979907,0.183886318555363,0.498157984786348
0.28572063038473,0.313034730520966,5.02950949475633,3.20740356855274,-0.65178502353336,0.193356346734849,1,0.373030355569877,0.449511761186288,0.516203773047305,0.308026831294508,0.488226613667019,0.366506457568517,-0.413662536724974,0.494486130324574,-0.216859022477109,0.558690200658417,0.0910307521935198,0.57973584219329
0.104876466978525,0.362613155057671,6.7762972486776,7.24987637139675,-0.809817571668311,0.222279467967104,1,-0.131523727282655,0.742303863955691,0.408197622409241,0.611119432871077,0.197376307579074,0.638207870237533,0.371220946580359,0.633489843298322,0.444597832474652,0.619626379035947,-0.467003812579433,0.769682427414034
-0.246152285029842,0.518298343070169,7.50301043417471,5.50147182281253,-0.775160886194944,0.205534628335048,1,-0.6532670822363,1.21903530371699,0.33531827457985,0.498326800992644,0.107754339670118,0.449941240749426,0.657930297723843,0.369574141100199,-0.126387744943678,0.593056479568624,0.481659893941521,0.566036715247829
-0.250574291101353,0.50516076368268,8.28185914673419,8.31964320243918,-0.895765725483105,0.105367935479357,1,-1.73552337023509,1.52591081371285,0.776435118677155,0.566320976098748,0.392491869015807,0.572976192670307,0.708177459283502,0.511346671722587,-0.044662456197172,0.621992792366146,0.00285071886268792,0.682856310628075
0.672766042011545,0.848405065241638,20.6992190126616,27.6473413177587,-0.927045277078557,0.0962777438581317,1,2.05177422217863,2.25828138525512,0.523131097318587,0.700548937652384,1.02431927531956,0.732745023553269,1.41049757333102,0.684812874333428,0.952948561742905,0.805730056824558,1.03422066583454,0.746841742796724
0.286110106970805,0.37083282892064,7.01029191496271,4.70828077621522,-0.827144137755828,0.109364936935371,1,0.297548152215303,0.617255631913066,0.437732193939847,0.352730062690666,0.248554652493738,0.410240022550507,0.92616737494128,0.373611122884257,0.500095427366592,0.459751841116361,0.367551202873618,0.518653046246363
0.111498413761314,0.559421951073729,14.2102251232588,12.4326740923947,-0.858840363258931,0.124406369039531,1,-0.733405818833949,1.03609367045894,0.601859422616763,0.50685766200228,0.819079330126154,0.562199076505848,0.570657470094937,0.515769966647301,0.391557885156005,0.610487864928559,0.348047899442283,0.653451152054831
0.0330116582364029,1.74641460187537,192.46950836836,674.96716072693,-0.989999960094193,0.0353635795252494,2,-1.63550910357756,2.7376279965998,2.2989003257779,1.76233370036719,1.71230385013025,1.7966505446157,1.52428452004137,1.80762747255756,1.87670032102763,1.83907412344965,1.27076098788077,1.80636907575519
-0.781402156084763,0.561263833999165,11.9196549650548,10.0952573050317,-0.75030670647688,0.205132878342948,1,-1.49498730904334,0.867266088938813,0.293145197117753,0.539451266769394,0.510570129131825,0.452572147130286,0.859960216855179,0.469048380895649,0.706421060637224,0.496042304113843,-0.157625588589223,0.667918781003627
-0.995566629216063,0.693954927675865,14.0545957617161,12.790904824098,-0.6290647965801,0.305763514077867,1,-0.883721043718535,0.873440538882044,-0.134888229060578,0.453230900420445,0.33905133320659,0.537003012447633,0.639142315200074,0.55604090052374,0.226981409922493,0.664039082686614,0.591653854711374,0.601277954243271
0.823805992277755,0.542662415336965,7.5270211236677,6.01122541554669,-0.820929248599624,0.168246568308614,1,1.47711048389996,1.06814104182573,0.445814605099472,0.4336418870527,0.488657232434865,0.48890881973353,0.620793832739686,0.403619763346396,-0.130103495624771,0.633987066557316,0.813281144529481,0.462231207620714
0.860836054610355,0.853820930484098,15.3906102992415,17.5924909613475,-0.930145078201307,0.0796044318755859,1,1.11878344499661,1.44879030119392,0.590813471293472,0.58345539916285,0.73231274526824,0.614158624564364,1.02452318471301,0.659670122300432,1.08779885596425,0.596893492930698,0.239057560276318,0.685660547774564
0.317355845193184,0.956640812610039,25.1160096859437,32.8217980742236,-0.96816080556749,0.0427773708712741,1,1.04603703627195,2.24595453854559,0.772688929712131,0.696644739093058,1.37211224733436,0.694575696659936,0.930306368219832,0.719915013686703,0.547375273508158,0.724239851874752,1.82011534247676,0.71613129392298
0.24211062902445,1.75215976476398,111.460791716438,313.130933095707,-0.986850498007276,0.0371516784709575,3,-0.900354041887107,4.20142678343361,1.97755104432908,1.42992763932596,1.49632785648608,1.53631972536749,2.2503010471477,1.39117245664878,1.67000210758762,1.49628816051767,1.90177935086792,1.40237285083257
-0.0414921882009389,0.434497608975931,10.7639184602632,9.14362073977719,-0.801318193954354,0.172020226445199,1,0.347737952682871,0.530106917526644,0.346285300469567,0.482090083943035,1.02208399731438,0.499390341780623,-0.0424561413802752,0.602764406284205,0.775544948702497,0.494842168063369,0.0426780257962351,0.596349650224205
-1.00732198094642,1.46896474192783,57.7362507193582,85.0411784576253,-0.967255259466602,0.0481802142765693,1,-2.97194834965225,3.40983253425029,0.962748501809184,0.876981010800099,1.42391386542288,0.723955997319441,1.14616859626928,0.817164858855069,1.58385556195974,0.755528099848836,1.22539308619134,0.80427100387095
0.40614966535239,0.429164669590641,7.2049372579021,3.8275312400605,-0.78691154773568,0.134465080288575,1,0.375388792163226,0.745483381772698,0.384440448197334,0.402986729640422,0.546412651553858,0.346962835519271,0.222412668924149,0.389592443781477,0.501088745470313,0.337817224110849,0.40005395317298,0.454779003791276
0.663963214310488,0.773671364422241,21.2132004007461,22.3532170607767,-0.932526255976787,0.0719746162764433,1,1.15275226721371,1.24158428945389,1.15887544375018,0.522829598882745,1.06804859022763,0.533350064180551,0.30805396246867,0.633883410573835,0.862828410020079,0.612561859610047,0.803059977817774,0.625984224641434
-0.361805906463414,0.573194981739386,14.0675818395966,10.5573969747154,-0.866177775292942,0.109278900875103,1,-1.19505011596603,1.2315136261038,0.873542451844905,0.458885544165918,0.511299395293093,0.366878001670104,0.428403500550021,0.461100025513301,0.70278635245153,0.502847187114085,0.13815713467424,0.666037188247118
1.69982981885883,1.68818780011269,34.1262230268082,53.6091514794603,-0.94928578201855,0.0751272893275333,3,1.85086159255627,2.33985884016888,1.06717447272642,0.760504649825065,0.95461986883798,0.80808647381382,0.438529524769893,0.880934366670515,1.19331024894502,0.959812634951072,1.30156866145326,0.887798916709215
-0.0377631143438233,0.350961915105354,5.45010034883578,2.93443964719401,-0.783916266407461,0.119176884709553,1,0.0830874133834104,0.601026728912187,0.627882420889412,0.315463728359707,0.395023375201809,0.346315639407833,0.406673954900197,0.412286976011391,0.18472355368695,0.444434195893472,1.09612728486372,0.362371105533697
-0.107937776645419,0.472012488528219,11.860857919104,13.5166888924696,-0.891281618172995,0.142059567936758,1,-1.08003570002339,0.830934233242288,0.61501513855968,0.5996437474834,0.863587745980327,0.587855588234634,0.489752069369523,0.610201603722461,0.778225099303567,0.574075538131475,0.100131982753905,0.674162734307681
-0.0979468392671673,0.512100658847573,11.2664092735397,11.5821477726674,-0.79089382921227,0.21096940811347,1,-0.0625164162705048,1.01992380197169,0.509685118406045,0.496578448995006,0.876253090661983,0.553188571662102,-0.0579184369542686,0.565376912178716,-0.141895953413115,0.73345479584496,0.892692359509624,0.663320106932705
0.234086059129445,0.356511132729253,6.59512496783383,5.74903781400496,-0.821421500197478,0.174913195487413,1,1.15456681678638,0.697250357541427,-0.151942904887026,0.537273473653497,0.928342571355528,0.481802303951427,0.0417262472784151,0.551862099703022,0.0555092794357329,0.574553616414758,0.450249951419747,0.558903767732606
0.139306746767575,0.420063187784142,8.71884295989817,6.32052170961458,-0.687889949972475,0.257061705321323,1,0.463260793884357,0.844537966442208,-0.0420166669348733,0.482993862527423,0.641332942925127,0.380085336880493,0.213124174906114,0.454006168172517,0.353053178931091,0.469993324478198,0.120672456047207,0.579316159165661
-0.0824247562480397,0.459200361100899,9.1752607365864,8.45934823395665,-0.82699435040955,0.179839830003273,1,-0.235041511478542,0.886745935245646,0.185156775141067,0.543155327651593,0.470640997409018,0.538667357936006,0.405916742509094,0.575583563549083,0.0828055721497154,0.541214685856967,0.366699676314556,0.634612749056318
0.438232035249129,0.343487743220807,5.72734907005369,3.36892979331853,-0.620444569009822,0.205111501473976,1,-0.193184000561391,0.59927506252154,0.298436924291649,0.300374826118881,0.269634180807534,0.382372698731825,0.174497265002338,0.372230090183535,0.702359477890479,0.351780754394683,-0.391206265863129,0.494827350008248
-0.519119442402476,0.6056366804584,11.1641983144327,12.0366923014069,-0.923535367468929,0.0787632175724974,1,-0.169288716507624,1.1991460293377,-0.142257113304979,0.653078321258968,0.902369020725239,0.562012726736048,1.04714395133055,0.572211509473157,0.332659653291925,0.656150751184014,0.275615740524079,0.766319405090332
0.673655686298363,0.791200144548876,21.0457139340858,25.9587175981669,-0.922484588535888,0.094742810567502,1,-0.0870472574580504,1.32312338491901,0.807592524717801,0.672458659610933,0.95333699393298,0.675701819754393,1.14569606003002,0.628732249893831,0.990729830561599,0.697512029942425,0.187736894507197,0.856607091572125
0.56049123615577,0.513892432855615,10.0302672934577,9.05965473236702,-0.781887158828361,0.206657370328809,1,0.894708829237632,0.868482102474152,0.443755938547061,0.52112103362496,0.310022986919664,0.574601666401943,0.0470771556762662,0.618946322060334,0.57639337053127,0.450434813492933,0.783246444984643,0.517614100640869
-0.46199524822776,1.06286271097511,33.7948174772048,77.7148729488432,-0.971276050547329,0.067679553307544,3,-0.044864046234369,2.21582639460381,1.18750820980785,1.11256649884123,0.950520281889295,1.12567613145589,1.22012928929605,1.3096308321487,1.4701857985871,1.22005295868249,1.40537714689491,1.23359069171422
0.0872407529654788,0.562539492169545,14.6717656181095,12.6558360444618,-0.88362628569756,0.104277635874775,3,0.153560122348894,0.95360929362485,0.200496667299553,0.509692958194425,0.713598807197389,0.460673079857312,0.802215701125577,0.525122222883187,0.695615145197348,0.521594169085125,0.0242908243819378,0.633763312321256
1.3651733388361,2.12259067689011,72.6871394624127,162.00618455917,-0.986527613761333,0.0294387889283371,1,1.26369411438028,3.50720274827139,1.9282203167103,1.13204391276237,1.52373903165371,1.10339869066644,0.91032125286196,1.16867284336033,1.37050220090189,1.20746721899076,2.07072493499491,1.20667910313474
1.72596811308334,3.03235492361462,127.295673284707,368.411961519413,-0.985854096599223,0.0402156639073925,3,-2.99312395768195,4.39016945038176,1.96864482270184,1.42248974233507,1.98281166522602,1.48575611199035,1.66307389683906,1.45314539481835,2.09108191999489,1.50543222861172,1.73589104100229,1.52747840132388
-0.121998324509865,0.713054458574943,23.9630336189129,22.0678262743689,-0.881149704904772,0.117353844728046,1,0.125863856002687,1.16429245683003,0.518001083833762,0.499012302205287,0.154936880177611,0.540612482737838,0.804123853574439,0.523522258765675,1.1262077951977,0.530994803023317,1.4235603163772,0.537838188436886
-0.659201218898949,0.64922178604694,12.0311765642126,11.7923119931298,-0.845591276939356,0.171514992056,1,-0.0259277281609266,0.975142612700958,0.411716356486548,0.573805371965306,0.237969180176101,0.532811238447523,0.593735149108831,0.62284920034704,0.721218374510052,0.535319986350812,0.496689827381009,0.62259503623789
-0.418462185645079,0.647445074083965,18.4100512185214,23.3029567594029,-0.91740788752944,0.110081659289949,1,0.18584519521972,1.11766145632794,0.81515994520881,0.621415188347736,0.744689816945376,0.713645289438573,0.689626601975789,0.689347708827657,1.06039432124495,0.636602043828197,0.862022552220247,0.796884065391576
0.560307314702412,0.44957430601672,6.21476209925241,6.04178158038387,-0.872490809585519,0.131749575974545,1,-0.500504072405663,0.641167092057163,0.758011221431434,0.584741596123021,0.423592167604807,0.461095896893853,0.156558231128301,0.594347225089584,0.655668290922689,0.541685332352263,0.245271297753129,0.45984448734935
-0.412226369454133,1.19896132102784,59.3414764257746,116.430741609114,-0.965335985511544,0.069551503973318,1,-0.0895200454123792,1.41877408748554,1.25590599733968,1.01331889938272,1.44202685800778,1.03901436008618,1.4809407791478,1.00112483468503,1.20855550909964,1.02325645948091,1.20386809399684,1.0669388726915
-1.10296594211325,0.910783050065724,11.2201869623829,18.4935960312713,-0.810034600374734,0.369687737761317,1,-0.80640842393091,0.995284607824676,0.197635474452377,0.900756273331718,0.477407062816406,0.875363915258873,0.251558047181375,0.798598608334144,0.45674219135269,0.867800265022342,-0.908530492952247,1.18074530560795
0.61587030398782,0.859630207759322,19.288185480594,26.3059480171368,-0.933248294488876,0.093593220661595,1,-0.111893874062415,1.73832825768939,1.6001265365147,0.661048184223204,0.72040597147683,0.82125947061718,0.609789629170984,0.698142926882633,0.775639701242589,0.7969434964583,0.90148745673188,0.805416894731823
0.401480009394243,0.431870232836046,9.92228734789463,8.40722106801397,-0.874049215748941,0.108450915380837,1,-0.163597131399813,0.605970577471605,0.862945769025747,0.456190090422232,0.766803606984293,0.481310160394459,0.591459443293164,0.493003026228753,0.733237020154309,0.498609948339428,0.537758194129482,0.559132676551779
0.0339723577577503,0.588607232025288,19.5283209567083,19.9387264604064,-0.920231645953381,0.0792306625434454,1,-0.434366894289315,0.985515937774662,0.475656235968197,0.508392256861562,1.15059298453032,0.526028647549877,1.01100246309249,0.574228780112369,1.56803967517012,0.570659417268941,1.17591203982894,0.696322968109503
0.0612902537713866,1.54975963747795,149.996724655549,328.445336060428,-0.984252592247677,0.0351881852060369,1,-0.668766571039192,2.65842053597295,1.49486586095366,1.1607575555262,1.81571754526777,1.0531000144333,1.91102783789379,1.15567581636363,1.92537003684505,1.08566501155599,1.57773054443236,1.08496481239322
-0.601692380194916,0.617692185114369,13.3178816870385,12.6397844594506,-0.878972359718174,0.110523312993666,1,-0.0251580954122437,1.08243050054247,0.861764365040913,0.496673613800374,0.459226415482258,0.569706329385393,0.336510122491299,0.626375146184004,0.865474106110691,0.541809982849262,-0.362024493379969,0.749394947018256
-0.571967003416364,0.640961262310555,11.8561358807544,9.60104794763503,-0.83037729783268,0.135479875376868,1,0.138995840789392,0.991198528548775,0.19842924915942,0.482273901494018,0.45953006506906,0.429912309982751,0.448283641698551,0.495994794320069,0.834213379549578,0.464729401572308,0.152767108182733,0.568405101744351
0.490759552736658,0.948382652121116,32.1144967236089,49.2730153059935,-0.948602682600164,0.0809932174841259,1,1.62456575240907,2.07679167148958,0.835858819496396,0.758472120867165,1.22723197183768,0.754068126079896,1.02245851691593,0.86338215006695,1.45712378622618,0.980810619116835,0.801722317970537,0.92341470857449
-0.445189767387373,2.12512780461105,133.72006634278,555.722103652073,-0.989999957247056,0.0397850034155594,2,-2.41406034340841,6.25516154303932,1.81389673699213,2.04258719187027,2.1498800974511,2.17101528261142,1.75160335401599,2.14481473816729,1.48765276781223,2.09118217134711,1.82416949601514,2.13086358331615
0.426368940784204,0.909154971729527,25.6553541158724,41.5714345057255,-0.956496506377577,0.0724512103633384,1,1.74135289928993,2.5378444698548,1.52838935521425,0.832113172514563,0.90686667691172,0.994794827247048,1.1573977441426,0.837518223287792,1.22928431078433,0.859662997027689,1.36961760106079,0.882182512258645
0.305413326252395,0.298956248547433,3.48087068819384,1.89849098966158,-0.686996117902971,0.207447325062979,1,-0.131975778652644,0.581263804822515,0.199993785857251,0.332860342958174,0.199707929196419,0.313508795651334,-0.316125004970267,0.507691369317785,0.0823167755888767,0.39132588754113,-0.31659348553306,0.465935482693464
0.691846627460686,0.551211225144186,12.0406106515959,10.6394479376395,-0.797841099287459,0.172112029048959,1,1.05123345365294,0.791481948205568,0.239378925912692,0.478687699667273,0.487349136384787,0.470160947915686,0.759687621969842,0.51420872176889,0.258053384537842,0.62591695464509,0.755614011265143,0.508611098051763
0.144068072801463,0.329350993294152,4.87606404853749,3.63916094910252,-0.769707018340796,0.177750702448911,1,-0.122680758860742,0.719026045284892,0.552497520560568,0.373260674732971,0.344897346412525,0.400687290795133,0.105294560955093,0.470492156977541,0.159219931579194,0.442857558692066,0.177224088444721,0.598348324713249
0.962168774973391,0.749847810252132,15.8190035228238,17.1628917875511,-0.932375609683595,0.0720552080609458,1,-0.402699130216319,1.35595311963781,0.989815649693606,0.592742746946066,0.838668496842099,0.616608004042839,1.25476855086717,0.561984028443069,0.736594321705326,0.536647794114751,0.882370686222011,0.594080115989735
0.313958862087352,0.371766243027054,6.64622049866574,4.95248419351232,-0.583987725709086,0.307638053968591,1,-0.276484909230689,0.642652615197072,-0.153954163923104,0.439000927520284,-0.053059600881593,0.498712459265193,0.637719436375496,0.453104627780562,0.397166080406685,0.382088172200184,-0.0709146168858526,0.467029411633683
0.51456476936569,0.932486829468493,34.1648232822045,50.6812275652783,-0.959839398968172,0.064282573725097,1,0.349573226719773,1.84726671326841,0.580450652312307,0.800564998124201,1.44215699308597,0.757409072837827,0.69749777572607,0.840890106142039,1.51110613818931,0.723520716186989,1.00132014490449,0.805574910997295
0.89915363615408,1.21288707142599,31.8304891584108,53.2608463879515,-0.898868173340341,0.171999211947319,1,-0.250388465667814,1.33562421165878,0.587636701332445,0.787153446750474,0.930424689728424,0.830705472821279,0.900664399461963,0.865774642733633,0.472000161358858,0.90438425977464,1.2941956352292,1.11028963259762
-0.183816672173869,0.673392428236616,18.934867616807,26.7816099984933,-0.88940250884425,0.157501764380322,1,-0.602156061969572,1.27645455873379,0.998309018936962,0.703140971005179,0.190435829037337,0.790054867182835,0.621322940639024,0.837283822765203,1.35595017366121,0.774963449343449,0.689445258781943,0.755988523334154
-0.950383022224286,1.22131481149647,33.5670969897553,47.4311911242406,-0.929531599216803,0.0960048903049743,1,-1.26767993878247,2.15595446529774,0.881744312692198,0.749714768963092,0.467332501931091,0.770750657187928,1.22646706592322,0.686316394819266,0.402408433224689,0.893936455520658,0.479765363288389,0.639083050284007
0.0101779073256429,0.412647352634142,6.49205446786214,5.89062552373155,-0.887611031992246,0.100893116478893,1,0.591270375257883,0.78886651422198,0.367656523562623,0.511712385508775,0.0901374675639364,0.571640420215159,0.555040109789066,0.515296286057094,0.469038382490419,0.576431457038382,-0.0686297509100055,0.673668268806499
0.98562356004261,1.31708565259652,35.7717045429324,73.7179046863397,-0.964125680355774,0.0747038347644002,1,1.25819298757277,2.22440219240989,0.75736386934666,1.02391990638881,1.32390218822363,1.07615732483825,1.08817523483899,1.0437081556574,1.08276246509499,1.10814315865783,0.816426634609287,1.15453180136769
0.0422088554216053,0.502246138035603,11.0845198117814,10.1036645588206,-0.864059014210202,0.123874620709923,1,0.461982667334085,0.764056918729492,-0.0555245630495717,0.599547470906872,0.779988571671414,0.467216155527565,0.399816420397716,0.579785283732824,0.857198263031497,0.504222133270291,-0.115057425751736,0.619224422248481
1.23233658382039,1.18201146508159,16.3231284322022,22.5196170697603,-0.915288209388474,0.109821233488538,1,1.08866530250988,1.81196981988897,0.810622745821172,0.765577937850629,0.798323692174269,0.742686020064243,0.86223933154841,0.8129588037688,0.510868018450567,0.756228848263543,0.597383990663859,0.736464529867647
-0.04122547524937,0.356891385722939,6.60432616585864,5.86892710146884,-0.71990626483881,0.250912020391315,1,-0.28468763712625,0.704311570964691,0.326858030923499,0.485465649312356,0.394788003332089,0.510949514451255,-0.111188558489864,0.551270232386511,-0.363886273989838,0.695884888686649,0.409760981126717,0.605584000438124
0.34073465690252,0.352711946734209,4.34881475336366,2.55906370259141,-0.649889469800746,0.206382765804979,1,0.942819728922466,0.705246435438786,-0.14436431298016,0.390276013442272,0.206478033689886,0.320620669647124,0.622245999721225,0.368733915334671,-0.583975965825759,0.572232584657473,-0.108283744934143,0.547673791717619
-0.904310764498454,1.71930565758013,76.0226253302774,174.986497219172,-0.962667204905832,0.083832182056086,3,-4.36918730405549,6.30471009008693,1.49613098305549,1.27279697189238,1.54790245492175,1.11849203945402,0.907930025845423,1.14674641364023,1.05249804896019,1.11410446614198,1.75721787453321,1.23051256013555
0.797981271288398,0.700490000195423,15.2100279578791,15.9535720038391,-0.89208088628291,0.118347513313093,1,2.01782774776058,1.54017207093136,0.264561050367809,0.593555425519037,0.426859519208901,0.491365521764165,0.578611544179254,0.664037969615122,0.359048804025485,0.710879576083168,0.973659164890233,0.506181546657705
-0.0712804142811348,0.339643297661243,6.30407232110695,5.98671634067023,-0.767357298777715,0.245701189341003,1,-0.686896176962686,0.626742751919587,0.61564521577484,0.495104870533217,0.484979668035076,0.53600699113374,0.714511059150844,0.618887363723475,0.685020844341572,0.538703179886952,0.242715263647425,0.588737890490742
-1.40936433942528,3.80048819950987,280.362901634753,1280.26735922286,-0.989999950607088,0.0452855240769787,2,-3.80380166959712,8.86432664208046,2.56999908820778,2.25380430008999,2.27667199211357,2.31973344002603,1.80406962882934,2.27353079657817,1.81046141532412,2.31431681649997,2.57727640377261,2.3440396038531
-1.11995325019998,1.83664875633656,41.0447098266538,89.7006929799286,-0.973556305651531,0.0580444903633934,1,-1.404422865318,3.24083526845371,1.35202400184905,1.12447224037957,1.19147176454106,1.1210099331057,1.39088122282334,1.1241201613794,1.3811670642953,1.15124078009742,0.829412016565734,1.07154074844827
-0.400328537259637,0.452387677353771,9.53810615508529,7.61454859615861,-0.685812186369181,0.237154034965034,1,0.692070895309674,0.786829748026336,0.413299207114205,0.475957689115994,-0.289010735026541,0.510571771597406,0.363829935465779,0.374498105225712,0.698105972217339,0.444850634930237,-0.15201243792244,0.567679472026269
-0.0238152592891746,0.529956782490101,12.0297920009964,12.3004403388966,-0.795431607597019,0.200616150791036,1,1.76359022904489,0.906367145387409,0.359364299552513,0.645098537664894,0.166722307643084,0.59405868173852,0.530316259184228,0.485303684972697,0.184549899290916,0.590307649190125,0.616833520225646,0.736837145840281
0.453261145786641,0.500037123957756,9.17326574172316,6.76698455810972,-0.758766191307343,0.140187701716545,1,0.842065141479344,0.906999564569454,0.20902368558764,0.404579001831934,0.726992794749673,0.464652232630373,-0.0891201917153036,0.701297009656872,-0.203518275788083,0.586519541147605,0.482319609484694,0.546098264588992
1.25870360939985,1.23402532589597,33.5887466735697,46.8577191843631,-0.955062493167024,0.0659110920848007,1,1.69498255533924,2.03552236292434,1.24151183621341,0.654239021377623,1.1133947385579,0.763366559055681,1.07233531451029,0.726690422607668,0.984472300907197,0.782082843293507,0.662143008909167,1.02538701485014
0.0221509602620891,0.846052447575547,27.3517844096862,35.3082141079769,-0.955987177138706,0.0589162378801877,1,-1.95838068539039,1.78379984778296,0.964460629444975,0.685380017706185,1.43293399793899,0.687535536319922,0.842758898198289,0.674867004844401,0.625468195569375,0.78980001564432,0.911833356952551,0.812170623322991
-0.439762970875358,1.66137147556029,99.2946193467472,327.122400689397,-0.989999977388766,0.0320543412344814,3,1.65869476733893,3.65496020501043,1.77058657802966,1.62374934720251,1.72694186269678,1.65948955517925,1.56870498608035,1.68272418129369,1.90999839287802,1.64106239250365,1.73259139825548,1.63547807138319
1.21079027388726,2.41778617208158,82.9444255947501,260.767751930616,-0.983104559260679,0.0532396402128124,1,0.24769974913394,3.60774750879923,0.722019683294825,1.71192637908056,1.47451092190638,1.57940736591518,1.55601628400793,1.61473792089687,1.54784971945038,1.53206925943193,1.57521400112956,1.59465009132903
-0.348683895135924,0.692443578007551,17.0152042162635,16.7912296884484,-0.9008171918887,0.097032370184911,1,-1.39007342861082,1.58675176355968,0.70486396813066,0.619662847343103,0.826109215314055,0.557329640979119,1.02777093826811,0.491071651569838,0.617529722386312,0.634563568800909,0.348104932213609,0.65464269566071
0.195862221484994,0.487258580212142,9.80064853499198,12.4919154477747,-0.690067343217986,0.365973528218828,1,0.413689242668534,0.950229736892293,0.208043347488479,0.732761572325881,0.576059886043783,0.721840968154188,-0.0265145261005248,0.871030145606056,0.393072058351315,0.619909310718216,0.61335791516753,0.669378029778653
0.151868745064908,0.438862636967449,8.45434444826161,9.12903970884159,-0.85504926012773,0.159919806394713,1,0.76083636849505,0.907640875449038,0.5231467451003,0.546037561673412,0.919971317990799,0.555753151259421,0.409920786933047,0.713980932051491,0.731235920315225,0.523672886538924,-0.24262028853652,0.891294583865932
0.676682543997871,0.616388550596847,11.8570355325854,13.956887593815,-0.926160464677649,0.0827797970798891,1,1.11042184205185,1.1702794467299,1.04108564096851,0.600739880588261,0.584845186421822,0.670567989125708,0.984912882809149,0.663078884391626,0.757878050686386,0.588745614895318,0.918134619258173,0.638215539417419
-2.50611317909657,3.74508244475554,86.3504177602935,237.843357920235,-0.989999963766797,0.0268424174474453,2,-3.65873978270199,5.31265167872248,1.5710782188356,1.40693955768536,1.66521306492747,1.36593095575173,1.80989335560828,1.38199111854759,1.39108666881127,1.46291688187793,1.8586594575298,1.37028020544069
0.35146224134169,0.805186726541956,29.7430336964106,48.7997519428887,-0.959910788864215,0.0649420222652766,1,-0.0765715903072897,1.58360592857728,0.989562787752141,0.874715986542507,0.90944550645201,0.818240961885875,1.32277576399434,0.857044368558845,1.15724137434943,0.885353845544077,1.11166392816457,0.873355870783622
-0.0727448075853499,0.647800002270593,21.4199774700873,30.5172113708381,-0.914606754645927,0.129140896493538,1,0.0662972346262043,1.06940645628725,0.776896303968534,0.64230634613293,1.22544847677433,0.756622164838948,1.06932449230385,0.81427567523807,1.24516812951415,0.770882947170722,-0.0800263572115636,1.09157891725832
3.84242281276981,6.83950075359442,125.125426648175,421.590815478414,-0.989999939963454,0.0327166828508443,2,2.30150666161664,5.87029867161703,1.96012000306185,1.6693372651489,1.74059013874346,1.7174783118077,1.27226441167314,1.70033454347429,1.95688718214799,1.74732981547136,1.6340214801783,1.61112921797349
-0.285980654494272,0.362434719116982,4.95681090456569,3.6564705655551,-0.774477423810204,0.147022880459091,1,-1.22901234482008,0.704077163758496,0.260531838644002,0.474908216680092,0.245521809940689,0.353394767763884,0.365215908806158,0.35028556113725,0.0236632220286824,0.500240825328954,0.675444717058569,0.337200103467635
3.49875591952232,5.82012766349207,194.563908973223,646.161962032696,-0.989999957791262,0.0329842167548148,2,0.413324996788277,1.40485240147073,2.03428853871744,1.66323726902277,1.64573747251221,1.58624830718852,1.66969384255265,1.66620717563991,2.44772013799763,1.70698230475806,1.4543634053515,1.7507743633092
-0.214412694009258,0.487428823837195,9.24540628476337,6.43380903900865,-0.815230639857967,0.138849618336269,1,-1.38919451854539,1.00920019532826,0.667830445873044,0.375241589089777,0.0845740402364745,0.37478322229294,0.488365848347049,0.426228045588725,-0.266814913646756,0.577951245071997,-0.00188147152216623,0.577934361490525
-2.88951126032337,3.45003680307152,80.5571406494999,193.492957547029,-0.983516868013465,0.0405539464939189,1,-3.72197776717168,4.32450629136516,1.37027172163324,1.20094046357475,1.58242026663424,1.19929490353084,1.84857616665352,1.20182345340276,0.538168491848039,1.52714957165727,1.71101063120786,1.29683448966969
0.385779721335689,0.402184941736061,7.68251926749514,6.02634262825615,-0.728100810414858,0.223231932129715,1,-0.375739765698227,0.837471560098136,0.421946088132728,0.462656230695703,0.111617205518408,0.459187733477947,0.0585588154076739,0.452976067675,0.572561134106889,0.404567625805502,0.446894535468627,0.465280494884639
1.05124994541875,0.890008589302088,11.4752868104495,13.6016467996333,-0.887623189519743,0.139163534394962,1,2.98830447580329,2.39000611808987,0.862112557176613,0.667994395715612,0.72409149635186,0.643193818356368,0.549351099174001,0.674201419806608,0.448915634883378,0.712588838742744,1.2116004882036,0.522918133314444
1.65393661058585,2.68617056655887,83.5196070715186,267.148777894105,-0.97908311159299,0.0655042840406897,1,3.73038618301439,5.68530216776786,1.12937833944526,1.59575225512067,1.60259436954094,1.63204196073792,1.8098764923048,1.70793256414051,1.69670730958055,1.61822916285996,1.53895049882286,1.62051987554534
-0.0102604917177878,0.429016842023377,8.22323469273717,9.10789529203645,-0.898426059383391,0.119372780483415,1,0.885777466456272,1.00850051925054,0.432157844570036,0.575646797157258,0.46476598691062,0.582945953366511,0.402451101917207,0.596921727606892,0.370608352837541,0.675818585478531,0.634385765161566,0.671998098825774
-0.2251657749675,0.361272650219737,6.55488854350488,4.56587740820629,-0.861695566682364,0.104075209733457,1,-0.69181586516313,0.774954166504907,0.274666015426042,0.443442884470705,-0.286165581379749,0.551409240276129,0.356075082588874,0.402449832078025,0.72558846411515,0.377127868498367,0.309064395087384,0.498623876964106
0.169015234759057,0.678071663294721,24.6573488483438,38.7258873675998,-0.966071776574688,0.0529934277168517,1,1.18549421139465,1.4218734601273,0.723105697423349,0.861344833691628,1.41145726576152,0.786139760368168,0.761452543428502,0.768083199699083,1.01969629726319,0.869740459447179,0.949687740481299,0.966579462988988
-0.0487830375681713,0.47938185408682,10.9420227570064,10.6943934484995,-0.809310117506195,0.202044993308363,1,-0.645445088521522,0.730176792317129,-0.0268436880302447,0.597729458911276,0.665501066612328,0.519217965588237,0.547427236393908,0.586821992652059,0.353101751850418,0.58407691034006,0.0554365223026889,0.724822364464629
-0.356919334698243,0.763146587105889,23.4600207934585,26.9799182344921,-0.927060717177966,0.0872068717688873,1,0.141902451233308,1.32051889683626,0.478074209394353,0.609112562232554,1.17256603496108,0.623868659689972,0.967383708232587,0.552053031119944,0.91887711048037,0.606146979946761,0.358719801408553,0.730747030126246
0.559698748665548,0.659807154563693,20.1207902942184,19.6126439570922,-0.906991727725615,0.0914515014543315,1,-0.253581179904067,0.840098229214261,1.31738053089487,0.487630616720698,1.06560710108338,0.478760519115757,0.794844034772886,0.495962436062985,0.810636177131089,0.487295297406638,0.996880631310332,0.530300707239735
0.318128171091271,0.534486837002562,17.6652799352056,26.130174829682,-0.872209717257014,0.187636873147671,1,0.126491275891051,0.94551469248655,0.0908640112367969,0.761939017079382,1.2397261375273,0.747281979220609,0.172478838921311,0.85054444059274,0.370138569660413,0.813803014557775,-0.65988129211218,1.01459165450801
2.49876314163635,3.35604454926166,54.8283464140038,138.184191460524,-0.978610384121463,0.0512977081041127,3,5.18249781593007,6.92561420786278,1.13195407698601,1.26794847161458,1.2872990153356,1.37577345814225,1.7418134360555,1.23276415893108,1.57203263505051,1.32344114213984,1.47127677183595,1.34858522641006
0.775982401208101,0.7407796309693,20.2964266967869,25.0331834075939,-0.891719649965092,0.129161717337957,1,0.026948614702621,1.10828715322769,0.963880442610745,0.631989775306897,0.863611442157758,0.656176032388621,0.651450631965748,0.734289056137837,0.542114723361827,0.754591104496558,0.69191129440327,0.633694538846651
-0.0438036234548271,0.476391460180856,9.63283097779583,8.48617313284284,-0.820786369522751,0.154101163511037,1,0.0181092031962125,1.05624197451532,0.31632602216452,0.541369740105642,0.23556677372423,0.557286619290755,0.610686597310759,0.518946438124269,0.314608276585677,0.516302081046469,0.340935301167751,0.621398401461116
0.549593808043036,0.713016000573482,19.8046944808953,22.2931314257655,-0.871143603913792,0.14591766233707,1,2.06006522689684,1.61398288660462,0.579271668277567,0.585495004995087,0.282424858598703,0.551991985054258,0.704628299109838,0.68891136777584,0.875708256782384,0.614704828163103,1.17875381677188,0.561613393697346
-1.92892209562163,2.52914294569392,68.5611725496096,166.922080740585,-0.967715654106691,0.0743290366492712,3,-0.0916956872176241,2.41154635162769,0.992337908013783,1.10128163389225,1.47849782359238,1.24760966489952,1.65625709305909,1.28188292980956,1.20806281668643,1.29346442902542,1.64546749301713,1.20264228064371
0.496841316801436,0.388183130495093,5.14452570369715,3.95571819731703,-0.734776906999291,0.20874387136802,1,0.903833063656787,0.791816577216355,0.146234848934987,0.444960743570289,-0.014219582008992,0.421757265374121,-0.0731387213277381,0.510669038207833,-0.600822877892248,0.61668599853177,-0.0355202823629,0.582298285220749
0.405636454458743,0.674478175966261,22.4481351016007,27.7360636370523,-0.902465974473603,0.125413528045079,1,-0.206197925297755,1.36324858295139,0.683538188629635,0.676624885565599,0.823920128347729,0.646681758995508,0.984873077339457,0.624501872098715,1.51201857119357,0.677748138228324,0.98370479613232,0.704170343826267
-4.02687487749868,10.030601151504,346.323232082778,1616.89704993756,-0.989999876553378,0.0476777248210468,2,-4.26924271900282,11.5950317502535,2.27476769998792,2.31942019259335,2.09830441708236,2.30800576249522,2.67118312435169,2.28222632521689,1.72497130597002,2.40319619905737,1.50562885560221,2.36109110198097
0.48965213537544,0.762456227414156,13.4620904510651,14.6255625899216,-0.926827937148828,0.0795293209322139,1,2.35198128991339,2.19876178084069,0.745357327277023,0.59562391010028,1.00702844408429,0.673901281243708,1.01159437684897,0.624736139865203,-0.652087018269167,0.879370060910423,0.958991885885333,0.575290824009895
0.36996200567565,0.603111008511395,14.9303369651284,14.8731240468551,-0.86612914781645,0.138874253101854,1,1.02977920066632,1.26043540395352,0.00449981232594038,0.596402605008373,0.762845345848951,0.55379761361779,1.07030895959668,0.572001565548078,0.655764475237939,0.715290582349191,0.236473706321582,0.702706019318468
-0.558296255839057,0.646482258741625,14.5585557278994,14.0712016704454,-0.888494995460014,0.117259312754685,1,-2.52158729642074,1.72045996967417,0.684419169177247,0.507411292899116,0.495154710987995,0.528380659912813,0.925120691969037,0.573212540914747,0.275509223035105,0.644435319538207,0.797036125085896,0.566809866196973
0.323591400055558,0.478731936040273,6.83698333863189,6.6826873555597,-0.886672001199265,0.129551562093196,1,1.25131486756862,1.29279838105762,0.224658074739228,0.623573082046272,0.285494840168081,0.594576611088945,0.760535201212159,0.510559956517117,0.322328147688192,0.659440900354876,1.12445984585634,0.623918546994276
0.347429163883814,0.679262173485668,17.2567139701059,17.3141132070172,-0.912129980371961,0.0823358696753244,1,-2.55285126066706,1.70283060126476,0.957225710844039,0.604785153426462,1.00123458685911,0.618757619307164,0.714541858534612,0.518133254742514,0.738030950137889,0.543877342423042,0.992705293224926,0.500175940131471
-0.197895889382769,1.21466893376789,61.6020136423484,192.091102357519,-0.982752939514504,0.0551475611317395,3,1.21500999345448,3.05808766163395,1.11177805221883,1.64453693821936,1.53925283346309,1.61923726322518,1.5036066360794,1.62582535145942,1.43119409966056,1.64679001556763,1.4128594770259,1.57617985334131
-0.216114733311497,0.388156216990288,5.86242327868219,4.06146043900986,-0.798233442001539,0.141957806796653,1,-0.129781721220965,0.815118238191047,0.160329473653192,0.428952518406626,0.715700193928783,0.378845776506873,0.381641142094074,0.458675544661545,0.252939418489739,0.462062889456597,0.367920629794924,0.542756748045378
-0.182845515527183,0.714031699744765,25.3325449799915,34.8695734731114,-0.95717130640011,0.0602756167842272,1,-0.592464015565989,1.41547915520197,1.23446805149725,0.782097858873356,0.52513173613802,0.684703836923084,1.16376252580351,0.664988774958392,1.15148494179392,0.70428704077551,0.917109347644485,0.812564246907791
-0.119580712044257,0.866220531149883,35.8935597686154,59.0584669458295,-0.908643961959338,0.160712163401122,1,-0.286045457665857,1.82916619588322,0.914959912178054,1.00110814526605,0.763595562793497,0.851597126679422,0.449175725201813,1.01733394722031,1.1205871150079,0.86137176907399,1.39224602380259,0.864793023845681
0.98667998324753,1.29253589170154,54.5591396018283,101.130899051622,-0.952438002790365,0.0915251848215953,1,0.286816834622483,1.22229534314818,1.30254741952319,1.00781825794746,0.934633679791688,1.05074961284485,1.34619454265772,0.968111493726937,1.06323470901046,0.907428391032073,1.44535408007895,0.966888313541476
-0.0983036735597578,0.280708195128486,3.75014746382499,2.49222254238852,-0.471681374672433,0.357142173522567,1,-0.937551310437969,0.66446602772876,0.057242506976461,0.376002934891925,0.17897714506551,0.341309894160015,-0.146686217603295,0.44580546691103,0.186584047147391,0.404542215981948,-2.09740212766932,1.07631098162677
0.106026884610479,0.515443464287475,11.4538387432035,11.6009433304626,-0.827824450266962,0.159440121054852,1,0.510155644073431,0.978891195609947,0.147257334107522,0.604995488883752,0.201687697206998,0.508651563777526,0.639304087219789,0.614032227443756,-0.339050276472874,0.761527297022755,0.424282401279249,0.671080501771024
0.0204349015257968,0.720319696653859,19.4755865281286,17.3476126390683,-0.88996823575226,0.107157761309366,1,0.331948140390627,1.47974058058568,0.888696292969267,0.609840762051269,0.543235668701607,0.548734179056414,0.997383682624667,0.525921925601131,1.25144645703614,0.503259129647235,0.438840303886076,0.549163558346818
1.65122609806888,2.44712987829035,75.2052716115656,179.419383110249,-0.967728412890124,0.0761073049285314,1,-0.65470384185891,1.97725937690844,0.962838668853008,1.23789640837054,1.36080747983988,1.19568906744351,1.47098949393682,1.30459741097257,1.43852087616068,1.18201992051344,1.32496671887051,1.1994568880512
0.145413685789939,0.610347572435729,9.18059541908058,11.6737499402675,-0.852189242604644,0.177544879311999,1,0.202939055779725,1.75412179978169,-0.0134409340755261,0.833675898596717,0.698939580275134,0.637766476682862,0.423125573355824,0.7918244977762,-0.9329839453121,1.11956178250448,0.556405793302839,0.735305843726205
-0.440394200436589,1.15514882757152,40.7366074382047,83.3693664197938,-0.985681741693513,0.0304389716476377,1,-0.740755726104196,2.28481719352474,1.5004328511899,1.10264774813993,1.62231010025956,1.03387200721334,1.36461172981557,1.0499320852965,1.6145756121818,1.0651059401801,1.41911477705821,0.973023214640102
0.223256086178728,0.352950647334926,4.84846853072628,4.75304458277226,-0.813551478334195,0.181515375963668,1,0.0878253808020747,0.651407556928818,0.238951736769815,0.479435861690545,0.586887575808488,0.584831738450913,0.403120474368249,0.548837359614322,0.498367911019853,0.49300599098528,0.239129662994881,0.570033287120439
-0.126690610972044,0.968652151967093,38.1182765760552,76.0631106969176,-0.939622162253052,0.117053633734581,1,1.12027219600669,2.03669850910662,1.03657233167403,1.02174277347359,0.453112078325593,1.06515910794648,1.15894126917133,1.05635964746064,1.48402115908586,0.938596755643158,0.435055201599103,1.27111154390201
0.792093972807465,0.767842415119858,14.3002968814669,15.2868545120332,-0.836723804665067,0.204284927852174,1,2.29489799356763,1.81104930619459,0.337982289675692,0.677192036172573,0.572549632223509,0.650437300195647,0.0349373453828949,0.678907450992666,0.501090988299512,0.601565302594133,0.981513898618345,0.697190513189478
0.125886725000623,0.288614735915912,3.70951233253981,2.37180375438097,-0.664268186309406,0.234830628085272,1,0.0684521024962113,0.631073369414146,-0.280988644465024,0.403942506240499,-0.103409655339982,0.416112423931691,0.464420985643266,0.424331922326446,-0.00208024299146256,0.399759942333845,0.187049103663663,0.422867060986115
-1.89354152493361,2.7903755273501,92.8494729161103,205.403997824499,-0.983037510606181,0.0371984641586634,1,-0.758449370575266,2.90495086792682,1.14625648193494,1.02419332057598,2.00722259337742,1.12281501044359,1.52511803398811,1.16813198974447,1.64615337632993,1.14119869503949,1.2680655617625,1.23985496299859
1.09447787796893,0.853792034872937,21.1990446325368,28.4846898027269,-0.936258081872989,0.0875959111436196,1,-0.593391235785001,1.46523336525541,1.29967925700471,0.618753832775465,1.22169820011771,0.665794952202599,1.19562986373851,0.761375664766914,0.96789849158338,0.792836407148845,1.34825074004666,0.744164391016045
-0.555771878621967,0.660975238475664,14.1104327718406,15.4490459381015,-0.870728051551045,0.129533968095366,1,-0.894091320560174,1.28417718261812,0.532859889412622,0.589716265202359,1.07111217368467,0.638167805700345,0.905794693286445,0.595253449225072,0.775415842854716,0.635939518705206,-0.189514010728891,0.840881644931156
-0.0419597157684491,0.396256658568617,5.75229622793107,4.5325161038156,-0.814925861491575,0.139088982596261,1,-0.0698434336873038,0.81114166782342,0.510694044433784,0.440368570366917,0.270873801885077,0.410148408979572,0.70661796800858,0.451858316724604,0.330155791770812,0.491694790900452,0.305419961809033,0.694763343367169
-0.170238937840025,0.556953621782331,14.8701724081991,15.0311586486773,-0.856041663255005,0.130009051319351,1,-0.355977937810152,0.760480517569498,0.861006897649013,0.449422583528509,0.82831712824393,0.677479217691713,0.269833504958847,0.960621554070635,0.422881219781521,0.629091802849016,1.39837444571759,0.512373188206771
-0.165345559178993,0.618890566473781,20.2130792261293,24.6789874900165,-0.935739339180803,0.0828225045989507,1,-0.500728200503466,1.15291746568245,0.633444595001671,0.681091857348873,1.14915492537177,0.677336365868341,1.07895538003852,0.610251043431774,0.947876965820448,0.692938032872184,0.853331693746773,0.687464704547617
0.584897505624139,1.31553710841263,52.742623777669,103.912157441239,-0.973108025212012,0.0548989286337556,1,1.17471170239215,3.058302040372,1.48873046042697,0.963360592322285,1.57117676735748,0.992855434816593,0.934135243827195,1.09010628581442,1.40240524196836,1.00016790378567,0.763922873765358,1.09651681003438
0.408388771933472,0.675200900000125,18.2264794476443,20.0088427083379,-0.856518960351532,0.167619882052357,1,1.52780412861491,1.60188493728827,0.697324864816507,0.552323257383794,0.45538716045251,0.491988984404793,0.698144226582308,0.589169945818299,0.942645813674917,0.71044643219441,-0.161223859302602,0.865776333534248
0.111778718107342,0.37375988475518,5.96266786663768,3.81899717731666,-0.74907844022973,0.195506386558046,1,0.0225186551402263,0.689484170185036,0.491456519725989,0.381824327893995,0.457908296477405,0.420579061142585,0.0566808097456373,0.456353141416511,0.116575320122226,0.444186783050355,0.400644519645159,0.405063660142433
0.274670794856826,0.970384416610619,45.767512048245,64.0429809852932,-0.907465138060143,0.134960081507164,1,0.684390418866291,1.4278277540458,1.25165468741674,0.741198755446054,0.823990595285183,0.811676324482234,0.552900109963,0.803474835342853,1.01156171046303,0.75798815836224,0.964315749680631,0.806424185203999
-0.369319523477301,0.775661738742931,17.029447628355,23.8162742027731,-0.924260699672354,0.102920474203421,1,-0.203297152355541,1.89917639143393,0.606720273255176,0.724180418418952,0.81492198472658,0.760579003187793,0.832473589637759,0.656771857219085,0.726247349655267,0.799192967406964,0.241179043713607,0.867950583813762
0.223856528628054,0.479297274480871,11.2127848269168,10.3325452270799,-0.847640263341436,0.147339934237102,1,-0.380638233987776,0.808664611149213,0.488630367618759,0.472900091079435,0.557344525062504,0.522964659741077,0.899800190650437,0.497953920855933,0.810120486070838,0.628232785609258,0.219141085682569,0.610141053783359
0.0405180241796153,0.285973520387085,2.61814807557167,1.56084002485408,-0.521030168957637,0.357525353754343,1,0.255303208806997,0.736929290229819,0.0996220704782861,0.386782542530081,0.162382344052925,0.368912519977811,-0.246456152062308,0.423961944168241,0.325856901570239,0.345664899413474,-0.654593054422427,0.579869294227611
-0.612703726391702,0.828544774672185,23.8786040746286,26.0304020992653,-0.818009260021132,0.202524429165682,1,-1.66710514055566,1.80932348485132,1.0718333426971,0.55281912037757,0.806670910835406,0.571299411983989,0.901128035935695,0.55472428108643,0.35704976944311,0.739163984908562,0.524490258988397,0.685180706362796
-0.0372338650721141,0.601977937251351,11.6764520442377,8.10563277497351,-0.747363129109985,0.159755357892911,1,-0.665460429939878,1.32955155394394,0.626305932124064,0.409348599076444,0.22613317548061,0.443792837861198,0.689643694169742,0.40521407039017,0.53548531159768,0.507896595755185,0.51175149419208,0.503563709758215
-1.02553469358541,0.757559064099075,12.3444582799631,11.2315977451139,-0.854380589724729,0.162959512879243,1,-2.11127981173439,1.42674231840827,0.533970376106961,0.482926201942007,0.948679646185007,0.44737117275439,0.12265037490863,0.678794013458115,0.97687921206317,0.540969127932256,1.05320548967433,0.599450534525823
-0.631818897699622,1.96665817688448,110.086690654543,415.60391217513,-0.989999927220352,0.0388236532882947,2,-0.406013647654641,3.48903001874287,1.79670806797366,1.94338598217942,1.67287443039205,1.94814207774711,1.59971668072578,1.82762860250103,2.01808369697969,1.92106297592176,2.13197992444982,1.94694756984828
0.246980495225663,0.360583442029788,3.71505376891862,2.50904943493707,-0.781181482837495,0.161271241488988,1,0.368404089308636,0.844542531050644,0.665131530889484,0.345078503272837,-0.214642040843828,0.531071968256084,-0.453113742263264,0.5315376775305,0.405374053391928,0.418438380824883,0.255104058915421,0.413233084857336
-0.249934731977423,0.438184275069631,9.10474472212145,9.2740367103017,-0.795133948864109,0.205622757829711,1,-0.898690659779915,0.8179585225434,0.529437562379026,0.501432178354481,0.29295213313889,0.564705726874673,0.500917686799879,0.614913236598066,0.0860596619327007,0.751755772668324,0.479407124923357,0.567298533155744
-0.739979402271836,0.884771090444926,17.7219989823934,23.4460445291919,-0.793668486917956,0.298298067218331,1,1.13320832251638,1.221472696363,0.817313232409581,0.671150611327148,0.0043623445311699,0.904986597499831,1.02046740828237,0.668956346373977,1.12247704106828,0.72250104404316,0.767597841559579,0.765246716738097
0.66271378041238,0.871331419600202,30.2237223630602,40.4490065570127,-0.919693882033222,0.117635522338542,1,-0.0478095437893124,1.11478014646804,1.11093314493261,0.669041194655368,1.18934422752742,0.755298426386973,1.15941784694362,0.702137924360322,1.31954632235356,0.699095338135658,0.540830989056825,0.898374534157312
-0.0740195807288467,0.395669897548799,8.87700096803357,6.10659586204491,-0.893441250192126,0.0839286952648835,1,-1.17440754214527,0.792897602811471,1.08766080292182,0.396556009993814,0.198496976885276,0.406140171579613,0.811852527770701,0.372522939783893,0.969464009604888,0.418211098236484,0.765069965366474,0.612490181017983
0.454827941174749,0.907098545609191,35.7981871065644,53.7663902889229,-0.900921135889519,0.14189913573555,1,-0.53704627191316,2.16742796082271,0.302052674569879,0.819324407672602,0.69826855425208,0.855471309730007,0.948227034282303,0.738231809317073,0.790197374504093,0.938167665815582,1.23506126067599,0.803513877939347
-0.0792042348538515,0.380419474857447,7.79768005468025,5.84296660389069,-0.78103554341902,0.153478868451659,1,-0.0560082936926935,0.519879242165985,0.550014363907916,0.433567207821345,-0.0136236361126378,0.520974587045706,0.632795615713185,0.420433481486923,0.571839450063544,0.461672299689009,0.518298325705806,0.55240056209844
0.426996610876693,0.667231217992729,29.6427131572389,40.2704155262622,-0.930279753613227,0.0919755011793555,1,-1.23291747537997,1.80356056991835,1.28663403653892,0.711734693710682,1.19064925636816,0.617697440773893,0.890817622282785,0.811842832171597,0.213730651073142,0.919769580077019,1.3549444411599,0.690673432496225
0.735412320853859,0.707153676694624,14.3748063561972,14.7101663449707,-0.750621008567662,0.238690699017651,1,1.027107081918,1.5567684566258,-0.236631480905405,0.690855720992842,0.322570768566035,0.629392616999232,1.18350296067239,0.674747172249508,-0.122240295794134,0.582570757678075,0.75031037951211,0.52387997905842
-0.201017600349866,0.557238935187387,11.6596636405044,8.93726115593444,-0.758458852859226,0.192337844090805,1,-0.103366800697159,1.09256763494182,0.18819070260743,0.552644675083072,0.25726323315854,0.466252085712256,0.476479327153472,0.523179209046436,0.47406524421948,0.419486852749524,0.627259913271136,0.501636683442193
0.217041132473276,0.568899534761779,11.2225357082887,12.6598298858492,-0.908416873588909,0.105210857947558,1,0.318608665317392,1.26445424685673,0.714304402548188,0.56453134839237,0.885241295180901,0.635828250788739,0.0411362053209606,0.758753770147855,0.723348904332317,0.641501885858649,0.597687072742004,0.664609143811507
0.149389639340271,0.410235357884843,8.94103557922223,8.0314881628919,-0.816142890103717,0.153073057056982,1,0.413894025287631,0.753585772640476,0.00736077034033622,0.540111220697308,0.0490863641235254,0.58058450204118,0.822371468599867,0.554688047838155,0.302341208888661,0.671833300491069,0.842664125154083,0.537521094800217
-0.610504163832761,1.12154510784655,37.2892709298838,74.0027968584734,-0.966664508114734,0.065071367992853,1,-1.01246398377743,1.66637768881436,1.06180880569968,1.06108959079827,1.27529189866929,0.982080112071057,1.20053601436272,1.05054974683709,0.811567002637846,1.14684129482503,0.660388108934254,1.06885903640515
-0.420000125396748,0.800150058843053,23.1505918579056,19.8674469165035,-0.807096129598987,0.174442426984175,1,0.54432721425908,1.21667896398049,0.654851284081482,0.493497220341336,0.118125928127781,0.513077958765747,0.90704585182042,0.537931506016489,-1.29684600341854,1.18514802970897,1.12632482555903,0.463110685880016
0.63021540456942,0.932983881836562,27.1895309794075,44.4215236777676,-0.93719569159318,0.103402082328285,1,-1.78345601730993,1.98900657522524,1.51088649403109,0.895828157086948,0.684444902734431,0.851864004172809,1.16979276940373,0.847450090471341,-0.0848701695717448,0.879999058983766,0.691083561664449,0.93756001004544
0.00881198537376282,0.748766956297145,26.0333049353151,29.9501907472897,-0.920378862362999,0.0843767451421096,1,-0.516930536872801,1.72079479817219,1.33043816942813,0.562919759646335,0.673841530320975,0.553337227749488,-0.0424642447313034,0.825127153461062,0.92093642840132,0.780813433448294,0.643939949389222,0.785966118607563
0.137310775668574,0.768684138471172,25.1222068777215,32.0638372446113,-0.864440418452262,0.177119902965574,1,-0.0763711241413092,1.80276169924021,0.705477980056952,0.665896664889753,0.652110550858914,0.675467937413485,0.478129226909492,0.626967007661309,0.31280049564748,0.761878141705286,1.21626003943521,0.739411749970648
1.46344738653867,3.21949564074382,123.175909385494,432.040934651153,-0.986118099010845,0.0491815293747074,3,-1.36091668747257,4.84386863128841,2.00472271454544,1.80728078913058,0.870642107807104,1.73874052868639,1.74938198370096,1.74198734083039,1.66251747899273,1.75989529129572,1.15579220487677,1.83594131559204
-0.564000150194696,1.24830977434699,51.5790088055719,92.3513465703967,-0.973501416960497,0.0486722004717596,1,2.32890702716267,2.79930597169972,1.48104406187933,0.960152384713213,1.21888952043097,0.962640694905583,0.861322940817482,0.962810345595372,0.823353113698124,0.971878596423621,1.5143169045238,0.98968849468063
-0.783238247795553,0.649700326507048,13.2433699470732,11.0402429768344,-0.711137299245535,0.292498392740814,1,-0.0434418228642518,0.835344993214483,0.465282253723408,0.572076471258734,0.217747942318752,0.523268265144099,-0.0531557568231507,0.619371529894035,0.841941066433292,0.435739662960131,0.321372409322335,0.638539909068126
-0.135399172453752,0.618567569905547,24.4384281423959,22.916337886921,-0.893820154626595,0.0916591426234787,1,-2.44740931219613,1.11347172732955,0.96841020145119,0.468983584428932,0.78577202193255,0.509872417543863,0.813318618637325,0.558627427105755,0.738980360548039,0.524396476134921,1.01257643764673,0.539820200681707
0.555980335067664,0.532319118868417,6.84651566321845,4.88735892430233,-0.788891311627687,0.149120169569976,1,0.53647700160344,1.21393805827382,0.667087621782878,0.397045560044346,-0.00325111228673877,0.519502408398211,0.301127785773607,0.428517546159417,0.389364338870821,0.523590288381908,0.782959562066814,0.434318173473913
0.206612495021308,0.309028956704186,3.99690198565558,3.06126074444838,-0.823106671083207,0.129332040264015,1,0.159828570154657,0.771262775793095,0.414127787782419,0.44200032273384,0.480295028454062,0.396468071148747,0.0187898713594815,0.484166545742794,0.828145077878312,0.446802290226705,-0.923117098198915,0.806210295130499
-0.947873846275274,2.20212402459894,103.965284569473,284.329158525396,-0.985783857845615,0.0399064531467783,1,-0.889576461333769,3.19668797074853,1.70553353625564,1.32128421459962,1.90971470775416,1.35572436770546,0.752921203902939,1.47908859164387,1.90154775982115,1.50957274985515,1.46266665748224,1.37107505763621
0.344882816528848,0.308624887051332,5.34079703154332,3.69000045091585,-0.772566799163928,0.157186226275468,1,0.781131040853702,0.525783489915452,-0.0570987153668687,0.478465269256657,0.451980458102693,0.416523570717497,0.765204495929135,0.366592200059355,0.178216255793596,0.542206396980998,0.205759375332226,0.507883786480231
-1.51799343462972,1.94131972587815,40.1595349620514,91.7412735027243,-0.941269788891116,0.14580115575896,1,0.414785437756415,2.26346087861575,1.39525431883757,1.13852386837597,0.712407598340668,1.20483148390406,1.08107690157511,1.29237163710371,1.28946138519357,1.19706702522673,0.846221169690201,1.03809225888466
-1.03698004864884,0.758690722093694,16.5695647775469,18.4594240027735,-0.906379494038982,0.0920999924984682,1,-1.45044940720281,1.18967640874458,0.800367752113472,0.613184431590904,0.771882080925478,0.554742661663999,0.532865259430844,0.716887778121282,0.341429479596404,0.656953820695222,0.659111089936026,0.687865401871359
-0.0960514264582964,0.390255109398162,6.38906746268245,5.25661528265876,-0.675242136877365,0.326489195976045,1,0.0728930356599898,0.636662902298502,0.453902928747122,0.440602116868621,0.208052923753995,0.480697664620542,-0.275260609102717,0.696298059058721,0.411961941126989,0.635119560575249,0.763717024622194,0.545110079486395
-0.459446838188728,0.499858659942046,11.5186832312049,12.1528078348823,-0.868971498433905,0.131245870913723,1,-1.11432926001316,1.06336487149586,0.672468536680578,0.571582692253452,0.755561805158839,0.510283670158917,0.776362059151642,0.531535974341287,0.00260893134098265,0.777306824906312,0.453856397466204,0.705988579616497
-0.191146797152603,0.625724098001251,17.9698644666897,21.5736924614345,-0.875517011719673,0.137264235957996,1,1.21623588583385,1.28758604395519,-0.111385488422963,0.809709551861463,0.773697796276554,0.621299033978519,0.546056251959061,0.760900074450801,0.746558278664249,0.606502331748852,1.02236332950167,0.613364391183069
-0.527828916520395,0.893453567525227,29.6987191419072,43.4901586080856,-0.950635629492053,0.0705589420658902,1,-1.50368254630675,1.6847632992931,1.10467234952799,0.736767876939347,1.0627372795944,0.679023091385806,1.23547070979386,0.821013280913372,0.373606593048428,0.902548888126716,0.737490474904762,0.853119168992995
-0.645645338518643,0.719785347217121,8.33980752358074,8.75414647123068,-0.891406189732025,0.111210914134884,1,0.691289484059856,0.921693717746954,0.512261356659275,0.522515122820988,0.833723087609914,0.538694098054163,0.0572213650365305,0.525625344563087,0.690027847432518,0.645094488663663,0.364802039928505,0.852223697874261
0.857809659215701,0.807298379784306,14.5566641598232,17.4963700045466,-0.862793312519297,0.17841784223613,1,1.09733312310276,1.2274880828432,0.363336885663608,0.697974567883067,0.668842036863159,0.753211828267068,0.576944173936849,0.579323269538326,0.531808312230358,0.631846332326226,0.612079728435204,0.675730314713943
0.474138685017607,0.694094923791241,20.6734164556175,24.4940227986093,-0.854664343789571,0.169861902429149,1,-0.723523136402868,1.03417915988159,0.851126470133175,0.571349319860538,0.882086704957123,0.593708287398164,0.896207865576957,0.715982507331742,0.715727340193391,0.611422972605898,0.46097634137726,0.751026932854501
-0.726174305185943,0.838795185703481,21.5217694349678,28.5587918642463,-0.913974032112198,0.112580712521653,1,-0.818312252857867,1.25857035044733,0.758001173591931,0.646951036081355,0.11538458121844,0.855902953953147,0.121793034286619,0.722278449084857,1.20981556591175,0.773678625092965,0.890451093621373,0.707689451011642
-0.40786807823441,0.855551664927831,27.752378007867,51.6885981522755,-0.937949027506271,0.132566591169545,1,0.207317093622856,1.16945054516417,1.01953117078564,0.962025096704984,0.822286142766495,1.04607447882674,0.729571039028859,1.14533349913983,1.03332663402465,0.942512819911097,1.3485572931288,0.875219773115486
1.00541963347641,2.20537170836877,120.767233820511,371.134950167444,-0.98999997699758,0.029698464284729,2,4.81470644841208,7.45605588117788,1.51964398777107,1.51656085557096,1.84459833505824,1.54509533196148,1.90427448009437,1.52977063532294,2.0020131135266,1.52009099753092,1.61533441256461,1.54864120898638
0.754017842335432,0.568407400816152,11.772679693328,10.3659413018174,-0.828430323033229,0.173495185771363,1,1.96445512050961,1.08876650501307,0.827756675706219,0.516937668563588,0.64500447889444,0.578270003336031,0.524551923543607,0.590094705438152,0.82367566588108,0.521892949255462,0.78629832286997,0.527358224133837
-0.0711989674945595,0.620819878920598,16.7003681489902,20.0538267658603,-0.942363714048041,0.0761673045626291,1,-0.598053083503016,1.49910130912853,0.979552109249862,0.663109130404268,1.04839114844282,0.670839120877513,0.928751083897248,0.615365586277963,1.29736953676722,0.662875921857447,0.808663222247279,0.764757081001529
0.0894411087139473,0.365503651994279,7.0940230679561,4.54704650072858,-0.595299847175158,0.327042960644428,1,0.284766400383508,0.488751026992943,0.454465033525158,0.41848073852027,-0.0491864022173764,0.519718014868937,-0.0553526168893142,0.527273567932501,0.186046313868685,0.562320341473117,-0.77754722729631,0.740938347511837
0.194711611709704,0.621318902920271,12.1327112448295,13.5922237100766,-0.900059580368755,0.123895656525654,1,1.31339767731507,1.56032454170209,0.746956084517523,0.523845007199304,-0.332221989447548,0.652799841711588,0.795732652448347,0.576640217414834,0.647415901210825,0.637071604185867,0.573683335984535,0.693746072510035
-3.11289312518326,4.95591870923618,153.094111880136,494.544241757133,-0.986281542571792,0.045709257987569,1,-4.69007184226347,6.86956542519492,2.23786840522591,1.54239663945649,2.13107706297342,1.69831507154308,1.93895286632289,1.74862891961544,1.51803330492806,1.90932878475675,1.20530020041792,1.61968185646283
0.158004326603074,0.431106454505494,7.40982982978669,5.53870482362832,-0.660632829193472,0.260884111634224,1,-1.01774260928412,1.0047404410524,0.396768082112937,0.478000726452162,0.0941000684967047,0.456842423117377,0.418707783409288,0.492652643031607,0.229730780357094,0.411571343481905,0.621489795882408,0.489489312041694
-0.190610216327886,0.379944813474548,5.59928911279725,4.09527605938382,-0.802899520945234,0.170650054776047,1,-0.377600497646872,0.784997368609814,0.614096859741641,0.368901083209821,0.215537512789835,0.453300960578584,0.468054275393635,0.46662184311942,-0.575784838055896,0.771253042160679,0.636202844665647,0.562323670169487
-0.0660285974365493,0.445639306250893,6.58498747706685,5.95921586588776,-0.87783720389319,0.0945497475624284,1,-0.104682088386512,1.10686139852237,0.464202168794817,0.470791013152036,0.467238143865748,0.466315535920692,0.468995877093088,0.53886671243768,0.587284338737104,0.588128019472539,0.74194241166962,0.695933468930441
0.539609528882903,0.920463466825392,23.9710399251192,41.6047414365306,-0.936767472439221,0.11565510757866,1,0.102993344074729,1.97422450287758,0.831731461961281,0.786728891707519,0.840277372185808,0.865063642085043,0.231526720411142,1.0037425686101,0.882373975549957,1.09939981619419,0.990952914907906,1.00629068027099
0.385053724659454,0.736618450269824,16.5797196167935,19.4958570009316,-0.913596789969453,0.110868430340583,1,1.81010647349054,2.08386557701755,0.222748202886291,0.681409689459014,0.774042654993864,0.610241704283588,0.616007067114679,0.705996442446334,0.7876209563219,0.580884091560207,0.406800382498917,0.735374238414019
0.345999457079046,0.594311855804547,13.5309611502407,16.6336680740224,-0.926419217173668,0.0927780499943745,1,0.808560367287846,1.30232774342684,0.715430181634411,0.659110647581213,0.314018488634371,0.664105915333422,1.1625649321733,0.608556078101019,0.553030635193144,0.700103990106935,1.11221589417701,0.673057696459977
-0.00649006872610884,0.81451569735441,32.8369094437638,44.3796004626965,-0.937710735714599,0.0821589618918006,1,0.74036045780306,1.25527084172874,1.25612032082924,0.752069999664416,0.698526126803438,0.863205795260974,1.41362722592853,0.734910830709768,1.50264807255913,0.772999160270715,1.23788046902776,0.806992993761644
-0.332247913310807,1.17435889374968,57.3311330541581,110.369911836576,-0.967911507422994,0.0614433316299592,1,-1.72556913810954,2.83646935763594,1.65633457154795,0.989866898222832,1.33458701517493,0.992136218734992,1.09085720366648,1.00487284071795,1.22025285823492,1.05280263395868,1.40071815175268,1.07590840806451
0.374073896011761,0.576068913700509,14.2179937409865,14.5628689923147,-0.879492996805209,0.124184216987937,1,0.755321341315183,0.957078205701645,0.386163494510837,0.549285504047939,0.646645188669661,0.523500896589491,0.541031306805033,0.640022028384324,1.00290344588192,0.528655128310243,0.199106226424596,0.596642544202049
0.0878807889986987,0.428510154394125,8.05752403518717,6.87136132511327,-0.714128278544798,0.266710126101705,1,0.604381109554398,0.8090104058319,0.484734777203099,0.498130887386997,-0.744151045785556,0.956801075951534,0.173002632305781,0.502723722338032,0.773061353892821,0.459401794875773,0.262795063579446,0.536210936423682
0.14314185025673,0.311777407616506,4.71337460965447,3.26523571946334,-0.594886385865422,0.294759301091559,1,0.574860117940045,0.619436343965308,-0.947698879119527,0.578912116935603,0.3427380709331,0.33073868771379,0.428916131649839,0.391976617199517,-0.100400879639524,0.453549095631767,-0.0473476178161657,0.537992890299095
0.430896756934393,1.08971383677294,29.9114807883387,57.1261873203405,-0.960704226247017,0.076459023254567,3,1.07676019502197,2.29185671019534,0.995262930340819,1.02758472212603,0.938138635411496,0.962916185629841,0.672296130408339,1.01478340410178,1.1768291005026,0.902555527031805,1.23520387479387,1.0543611741831
0.986398047314182,1.06601539889629,19.3196293465253,32.1634457241774,-0.936360772120283,0.113785395243326,1,-0.783534506513488,1.1129607759619,1.44114865675621,0.820797061784684,0.690138605233539,0.918167262360302,0.875949359830099,0.81393520418455,1.0524270557022,0.950061976126069,1.24776812324292,0.874776341545985
-2.07533953789457,2.08834416570101,35.7366362912434,63.3035594277661,-0.955221889889334,0.0763096333508037,1,-6.45476968278369,6.1316873306124,1.58377947363924,0.941460904638142,1.18757690826643,0.819986931749348,0.986002632020954,0.981608076390273,-0.443432724520089,1.18626882864565,1.37091824847128,0.888974470778854
-0.8973335298826,0.646264949324286,10.6809520077042,10.0145306970682,-0.7910643792676,0.187176864213815,1,-0.854563883924813,1.05835266898021,0.578142839600063,0.545878632208494,0.485168675435015,0.473138938153744,0.393391402969746,0.480768543233008,0.0485865163105178,0.554894005786157,0.886320494437878,0.519167754693888
0.240141255219865,0.525526512645278,13.086442111752,12.4910828546367,-0.886054800131075,0.110927044906403,1,0.608486857590529,0.848693197210581,0.587936912572847,0.577084919665263,0.773067097971786,0.465547402095716,0.00998580728740276,0.632016511822096,0.327767143871356,0.548941554666524,0.595652399443809,0.66027444820334
-0.33124059294359,0.413323226815791,6.70271702677655,4.92624684432652,-0.536394636970227,0.367721152924982,1,-0.0401047425680043,0.648617296820111,0.379395744446367,0.387221308262646,0.352270904754039,0.535121927006285,0.48338575707633,0.502802580436306,-0.234349215299915,0.627224820448803,0.312606632250928,0.537591257020567
0.256020955247106,0.7832906809593,27.3528132193379,43.7769004960854,-0.93723091986001,0.100954737439416,1,0.467381220754884,1.30510275168076,0.963029801121366,0.768288308532468,1.44758553537427,0.814952714779038,0.985033828431531,0.901283095426728,1.05691037307844,0.869443605601754,0.826960350709642,0.941718519800739
0.433587696965338,0.495710209258739,8.62233921809204,8.30313575305033,-0.860848059745416,0.133359439058536,1,0.864792047910963,0.961663250583413,0.455152269409162,0.551072759169567,0.560023608138421,0.507216419926901,-0.132243796363341,0.662939282004334,0.79668963124872,0.554463566749239,0.667566258647412,0.541895286043298
-0.472745819332592,0.690812978684099,17.5821293297333,22.6714531066827,-0.77785802820031,0.303488772351256,1,-1.09684295779397,1.18652967939082,0.636575685917166,0.610064110532302,1.22484910998347,0.654153381118358,0.143034318163765,0.919079903144095,0.0307559410406416,0.887021684590035,0.737168671106649,0.702292822368652
-1.16826936188036,1.5988365571363,95.1552656790423,138.433990931066,-0.968867787513875,0.04632917267128,1,-2.34240880445138,2.53101744678459,0.9882254144276,0.772472878454753,1.93220763423313,0.793984128390508,1.14770081351394,0.751405335657886,0.600639808112116,0.837036607022327,1.78097623554562,0.708898933053293
-0.00164888695618957,0.645613766111096,16.7400148379908,24.2349653574323,-0.932499158232175,0.0888444514156275,1,0.52583129378237,1.49336799373209,0.820657605833978,0.789727239680675,0.475011634314687,0.749049881158728,0.901988227327573,0.731816773489041,0.687878089420011,0.780910635347423,-0.0553943830514799,0.932021590917506
1.25530756072721,2.60231283241527,226.03044419106,702.165240169908,-0.989999974250784,0.0297086000829876,2,0.35726751498332,4.17431477881076,2.01823376321903,1.55580419520308,1.17288538208507,1.62812209057534,2.1545634036521,1.48067095176178,2.18105481649788,1.57729205488903,1.99986291007118,1.61795431981232
-0.220790965806611,0.630070667274059,13.1182206428265,13.9200628288184,-0.814047786579754,0.202830379351624,1,0.391832081197971,1.23206431881252,0.723811710764865,0.656895688817983,0.833810046853484,0.539282897744238,0.276729616000404,0.557469782024729,0.82161115639108,0.517461689627345,0.398555858406728,0.627764708897103
-0.0825596487684466,0.310013645396963,5.08677215842549,3.48002999337972,-0.246976221974132,0.568710398322001,1,0.426452694951761,0.479579101575457,0.0834639224568508,0.331467615320425,-0.00767315183837049,0.373303114806802,-0.477046036844109,0.442500549417674,0.139576127393798,0.563151722106537,0.374113590633252,0.485406080641556
-0.195031365921378,0.425873467212822,8.56231797410692,8.42016887210555,-0.844556583074943,0.139737872438856,1,0.62514996533156,0.663620842408022,0.224570152187047,0.511208676983091,0.248405043441108,0.491371322175488,0.444927979284586,0.491174188823809,0.342750197904341,0.553945605445757,0.435437060914432,0.567019910684864
-0.821636872138983,1.13873334578034,31.6561912430154,47.6391063881701,-0.952610279115088,0.069297908052263,1,-0.57235924721537,1.86884151762321,1.18046137936485,0.745669124221259,0.338356283919487,0.891045979915975,0.97365748022098,0.763586271195902,1.33375484328776,0.737924532120023,0.78564155597605,0.947928094267577
-0.541999158297573,0.691255387059042,18.0121418515757,20.7492918029045,-0.901198169301974,0.124050726303549,1,-0.540984287451923,0.987895168414596,-0.00978766937172579,0.635747190708018,0.698816650737207,0.559601247611003,0.295523153422999,0.68046426977102,0.802426552946436,0.647880378664053,1.0269560827451,0.632146872539673
0.10037952772793,0.354796453059199,5.55533106723734,3.67430722142227,-0.665601149359022,0.22630485247698,1,0.101377193074517,0.605452404335416,0.184110609975895,0.412051949359816,0.309101525365948,0.391523989938651,0.0700103300635921,0.446811704572668,0.186303803783833,0.410965999041255,0.470655997850609,0.532419395876805
0.41885714620024,0.675970068021921,20.2504872337845,24.1741942170372,-0.854659198714276,0.178225388667787,1,1.2753822058019,1.15424755964085,0.548230642668089,0.639710008648733,0.93204301950091,0.556959714271269,1.11563214409941,0.547320456141135,0.872089834609277,0.823242168358696,-0.285176494435063,1.20496094044509
-0.0594276199271038,0.451251602641175,7.59709272907764,6.29103517978141,-0.770665164635106,0.197171184825807,1,0.908844118224058,0.814194847971545,0.128409117879827,0.494284873437123,0.419887346060757,0.462690474866681,0.286966618049224,0.435355077513022,0.534129823901042,0.435217879571914,0.520271157884104,0.494554874082775
-0.855854001374393,0.632984272807759,14.2114948721232,13.2780673159339,-0.863216211396592,0.150566398206931,1,-0.415784922055368,0.912037833354287,0.994630251844759,0.575540696251741,1.00455634002795,0.583035155363744,-0.00605467937132005,0.669243535803175,0.48084960255879,0.704047364456277,-0.165975795238806,0.818720459760126
1.28326847386243,1.11559271664593,23.8927426775501,35.3175759063703,-0.92161087445828,0.112752225435141,1,-0.398554300995713,1.25580830352321,1.29783613269652,0.736054510229766,0.869092560657766,0.776764439797869,0.910071739091963,0.70455032900892,0.66171810234466,0.859479136205277,1.31297090985547,0.814624707152928
1.05870064366603,3.2598881059753,204.845760868943,843.554946786253,-0.989999973611021,0.0413937128803731,2,2.47261746705267,6.32603993701138,2.01625573474207,2.10119112193337,1.9415861581709,2.04749610749849,2.22078198704409,2.06161918477262,1.2254673141344,2.22487837053463,1.87247260265579,2.18270134940281
-0.206823690375085,1.01628524405827,34.4456204233281,61.2010506812034,-0.94224934948018,0.106965006140919,1,0.0098942507064015,1.9081014811635,1.02894365185056,0.94070563273811,0.800957693519256,0.987841901750119,0.679062596432675,0.940661024613531,1.34307724823527,0.869751472764922,1.15790538677338,0.946289192294266
-1.39227405082268,1.79039472598103,101.010768037159,168.332535416101,-0.964371359471132,0.0540407028645539,1,-1.4960567986207,2.19002843115533,1.20350413385759,0.826728094326434,0.620323353595928,0.951767811627059,1.8141302615234,0.875756854972483,1.40537574987001,0.974839706707142,1.78987092460338,0.937841532289306
-0.62596761435679,0.685004228791133,6.90658734193576,6.20279210044512,-0.789434245744615,0.206450254923224,1,-0.773759165296193,1.41597900749403,0.488994061608515,0.458439727133213,-0.256164546074537,0.586554585111783,0.383454878968776,0.488712410651615,0.00480792719404224,0.505002008731684,0.231311446649146,0.520227101257424
-0.522983745078435,0.538668540395649,11.1397683480173,9.45874693029949,-0.80462278055914,0.197049088574043,1,-0.785427324089585,0.913366864218391,0.449164313528338,0.548672885684764,0.273748817788121,0.539722181973664,0.0831924479007577,0.431879966561073,0.780966036869161,0.466543867743949,0.168797260576516,0.640569166441188
-0.519682251494401,0.395828493093592,4.95071112941155,3.15733024265303,-0.655849101339189,0.219697006382477,1,-1.16405858040353,0.763576784865828,0.161797197564664,0.31872424198619,-0.233618640270998,0.431038498955821,0.496226655562428,0.41003869052705,0.628727635202374,0.468064930961016,0.10890687846686,0.638976447226325
-0.360329235878748,0.556334973026777,11.9115093063264,11.2026141261299,-0.883139936382951,0.121933162386364,1,-1.6034117526755,1.35173774389195,0.616229828880583,0.492872931930427,0.485417131359877,0.506082994427309,0.969335899175983,0.518752513038339,0.565167322233967,0.528560241199581,0.627409787357952,0.694442726725787
0.224567799349701,0.60400377122476,15.4539579341807,20.8180327657569,-0.90533615938697,0.133993505380366,1,1.0574091303193,1.43337028176563,0.753694176524843,0.723227564588262,1.38268034638213,0.656539694738434,0.179927281067005,0.855909023339677,0.752240022983478,0.726131834668507,0.299399805688313,0.837660136671065
-0.279230680041283,1.62246984878637,130.597401567129,418.912275730859,-0.980435588008694,0.0624762845966323,1,-0.591497076742604,2.42148817701003,1.84632375227367,1.65310732927373,1.41327673360569,1.57172844925728,1.8919991382492,1.58043466285901,1.65967107710593,1.63627615040097,1.46271119465969,1.59493518863915
-1.08439619794322,3.3293673824323,269.286562206361,1074.53063949671,-0.989999964924115,0.0400474391183752,2,-1.10420455349713,4.51901665409612,2.18175446499662,1.95814086858386,1.74722571419596,1.94263283323642,1.93018705534303,2.03825654326161,1.74973333492175,1.96103364957953,2.13745633211099,2.09263421441082
0.132632986536159,1.13193384348227,47.6468134794014,93.0369690780555,-0.953931676972172,0.0942919550036806,1,0.580089297199351,2.4602229349063,1.15579243368086,0.996484973289117,1.08755522897407,0.976709929257445,1.03620714651935,1.00869684849265,1.22850201333122,1.03427121991075,0.530259779340579,0.973747241764988
-0.151263839416207,0.818527456269223,33.2854395092938,51.8065019722382,-0.94106736886215,0.092502471696384,1,-1.8072946058227,1.84722067505253,1.18881198697607,0.809062142121705,0.99164126604883,0.854352728197004,0.844994422139765,0.827233917604002,1.32742492765882,0.867243362242547,0.979308675974485,0.80458647875827
-0.599901708711427,1.79618561155667,92.6696229639408,271.303680387801,-0.983023265203105,0.049275445649388,3,1.29489623898759,2.41839795655054,1.57619614363797,1.46653417757374,1.81760308551763,1.40493935413806,0.226790100515864,1.68349008397031,1.16922009995782,1.49993517154399,1.42572083106486,1.46468184109739
0.119583735953626,0.710131906698274,20.263434822691,21.3818860867455,-0.875879427242358,0.139147416382646,1,0.556748938678315,1.30585671784893,0.663675439722261,0.515965159990765,0.857790719456292,0.61140871243763,1.27658077017989,0.564523089173918,0.0710768821985897,0.843697349951178,0.972387127461692,0.62092876933404
-0.745866282996882,0.630044366159995,15.1268490587111,15.1115688231218,-0.872215508856716,0.136655787538026,1,0.707801294329513,1.16422963728245,1.00055162705367,0.512837213515329,0.402017484875596,0.619434042965709,0.732108679699555,0.723915780203528,0.547987910319198,0.855633577616838,0.752469781042869,0.852066738145072
0.756766776576827,0.605594959264496,11.861282589149,11.672277920057,-0.896847350469684,0.0969229156425503,1,0.207499361875484,0.847420434689993,0.354460417196441,0.536478321355304,0.415144490935504,0.54676694471172,0.750730027285389,0.56204161227797,0.757298411781527,0.535343480424589,0.869123313368834,0.536624623267006
-1.41022164936034,1.388105812134,23.8214920939828,37.6794492788272,-0.938637931631141,0.0973936639556203,1,-0.479825314321661,1.55198324191498,1.17587976964253,0.777495509226999,0.836347917168232,0.771178834322259,0.799300601741879,0.936036619038437,0.732693228641241,0.826515064901615,0.35033272777683,1.05858263886256
0.187567743579907,0.913480108171244,35.4091277256974,65.2322433769898,-0.910365914728396,0.164886546531615,1,-0.480227923694761,1.62950821161021,0.913629445078741,1.00804472495569,0.881936742715722,1.01814198422875,0.799530288345124,0.98961046364876,1.53096723984517,0.935214859058732,1.03220656155047,0.982198444953351
0.725792886319787,0.445875652997342,4.95730955176051,4.03087172699153,-0.767777763816987,0.167001640103984,1,0.653410624833364,0.732954154367531,0.250177706363445,0.455297338585167,0.19536791330939,0.427197876646986,0.193794909522394,0.575513782824178,0.269012273901716,0.563123122997094,0.0503790944379157,0.572583488411198
0.0264673746453475,1.16562286619803,59.5320639682031,114.872001561493,-0.960341860977961,0.0747375805104966,1,-0.0989880512976175,2.03927347242601,0.720356385754297,1.03965538566715,1.32784761249964,0.996361080244063,0.714292185335619,1.15459568915394,1.55239537494027,0.845706839350385,1.83862662765125,1.09734699539176
-0.173009463777496,0.592824346096773,12.7588679941315,14.3003173374957,-0.890567159206724,0.101532585817436,1,0.411351885242725,1.01188916644321,0.438761271941927,0.573249159439321,0.725792850510581,0.542809056958515,0.627246978254984,0.576519432039957,0.367582215863873,0.555134305676914,0.56298455063011,0.634412635489047
0.143257713455579,1.42976888866431,77.9268924601965,208.068184010132,-0.989999934805595,0.0263803178741031,2,-3.98448364816541,6.47817157690244,1.82962136674096,1.32826819768395,1.92569579871593,1.32115315214862,1.71124521829334,1.37142251046234,1.6524482964822,1.42850088432186,1.49631378650432,1.33745723247389
0.978989238064844,2.22244224463697,57.1525206073668,163.491576346889,-0.967703322708443,0.0925983902578033,1,2.47299988866622,5.42860611338533,0.802343553167357,1.42328104671889,1.28849472757531,1.59365840879348,1.21246536150331,1.4988242942533,1.80610186689735,1.46028110666638,0.845843862087831,1.35207832964023
0.287917008057897,0.770281349728989,36.5994608402583,47.3855172944789,-0.954598883024443,0.0537564572465747,1,-0.683588540993754,1.25638763941537,1.18334303135912,0.677940091556158,1.71019351830561,0.678987024507649,1.28793826731553,0.641970031281484,0.94658964849097,0.667786984760191,0.766940147095237,0.905567491737436
0.487011685524666,2.22624299556937,157.665838727519,741.77753131794,-0.989999949432485,0.0478235864150619,2,3.62712821583228,9.6938368130374,1.63346325738316,2.34137793643619,1.65926569673786,2.41691153479377,1.32548341961645,2.28633739610266,1.97251650883917,2.41462578501027,1.80640784431723,2.38869715651356
0.215929782774431,0.39481220498576,5.21801354635843,4.24124834513082,-0.781495746362458,0.153969001201083,1,1.31857050266751,0.945202031777567,-0.196909230525711,0.651890950857852,0.325975257884994,0.440322318176179,0.0716646623947246,0.465898220544153,0.53669092766138,0.478945793519849,0.523871961533489,0.500827798092365
0.479271846154362,0.408163578327029,7.18866310846028,4.60412846930618,-0.337814250406888,0.406014574175187,1,1.01663513114461,0.667340514302319,0.305263439516755,0.49918391897618,0.323930481321709,0.424667475686548,-0.0164205504675503,0.389390681710913,-0.0493369941212796,0.333208308309981,0.0927297140920452,0.437150302602287
0.0242471388671746,0.511512298291053,14.9117789063812,15.7071906124575,-0.841082156162283,0.18159473053437,1,-0.905882978134059,0.92739302480128,0.578383400334812,0.510685301326785,0.51669183291788,0.603671027883988,0.711611011214374,0.624566244855487,0.232327240036525,0.683800080959134,0.0685666125254392,0.708268280942793
0.535169921563883,1.10799723012019,32.7638926464452,78.5547923893551,-0.931865018742867,0.163950259887378,1,2.2555476116453,3.44889604782358,0.590159835811511,1.3836867401135,1.25547155704543,1.19342902698356,0.997914730737958,1.37559393631037,0.935520782405446,1.24242470385892,0.51981005360344,1.39263174682141
-0.00588318671497618,0.32845738684984,6.11868410472382,5.61699926805954,-0.77352038499419,0.220674815363313,1,-0.474287840998246,0.690979176328012,0.640423097790211,0.513836381060024,0.231008316744196,0.505393943834811,0.180126557161366,0.522463197827433,0.255555460679879,0.51626871139061,-0.0263885835819902,0.602401159035702
0.163966980594089,0.528939458369749,8.78285412062424,7.58540069673055,-0.80718465501723,0.175544429918409,1,0.732670358362566,1.59066535343512,0.426411362355711,0.490576668482503,0.131111619857665,0.53210561817726,0.391407805575191,0.576438727309821,0.460798438057776,0.590400532457775,-0.254506775999644,0.747233171067376
0.301253994102304,0.372287783517111,3.99873258653766,2.91879014646113,-0.664339353496758,0.222174446186809,1,0.65193196043017,0.939043776324782,0.525567912409224,0.358646337462387,-0.311882426999905,0.557009488405185,0.278049355832584,0.453142246654554,0.133322109302588,0.465461187486966,0.054632487658239,0.568374362328446
0.0664883884305261,0.451826259133704,9.1058128205238,6.86467798424995,-0.800866236609917,0.168122741373328,1,0.229369365020994,0.846479700290433,0.613709792768737,0.435177974002975,0.242805695668226,0.42917753872619,0.745933910187602,0.463918218480855,0.208908253048624,0.569214145427483,0.351159329582624,0.535465452051714
0.515578766982086,0.663360167139458,17.1638383086755,16.8912838537597,-0.881542044076122,0.126762034300762,1,0.212731505552001,1.1493625749007,0.553920662997396,0.506072208345505,0.265126050568357,0.539307991161464,0.67941385927883,0.498228769360741,0.681883450200605,0.54732523355165,0.291048370880683,0.700690970102973
-0.0253239341682242,0.528011451958133,10.2512886772401,7.18360755661074,-0.828772562850949,0.129528673011589,1,-0.431623063974165,1.1020252991799,1.00385390448607,0.373301681082456,0.586548649271878,0.428397196331463,0.256595403920819,0.529667365339583,0.830871727056159,0.410238076713406,0.561966680523085,0.504370909398356
-0.250199950734846,0.839146803473637,25.9225910822602,30.9193901080218,-0.949433703251929,0.0600244367316375,1,-1.11639640411109,1.51294628560412,0.370350117792888,0.664797844741208,1.27040955550565,0.610019616331282,0.829161444587622,0.668272839412838,0.915785689476471,0.647004610054442,0.551929439531157,0.669689229563379
0.131710696515943,0.430355297001533,6.29709725721654,8.11118291352304,-0.838307977039837,0.189604247518894,1,1.81949184002945,1.48673372970943,0.115497366581897,0.712412224224031,0.20197910624262,0.573002599150272,0.366657828448559,0.909929792689292,0.106408384052653,0.770214905591795,0.420985517058704,0.821400256461751
0.338917983560382,0.317942198803868,5.40541959138868,4.31809712596508,-0.651989128525408,0.284279877245842,1,0.0480258979241616,0.458962997642863,0.478950803172154,0.453937944472022,-0.617434856477124,0.604702946970149,0.511539754969115,0.431225129125401,0.201694813210235,0.49283241419238,0.477607925802817,0.523138287273521
-0.475801848362249,0.5389562338762,8.5536381116109,7.23735806939933,-0.837807727508952,0.150719583632823,1,-1.05501772876285,1.09026310404961,0.385258075626061,0.441843047433354,0.517528540116508,0.448044456708216,0.774085486127922,0.42403171054133,0.630775952397814,0.519747704331923,0.826370455541873,0.616584496424566
-0.149517752127564,0.716941387633234,25.6628808317441,42.9641050003164,-0.949069402987052,0.0870785745173033,1,-0.0395935252983195,1.68922758385162,0.968129443125101,0.859795134919007,0.906240957633333,0.824532580115622,0.906980849849351,0.868727722237818,1.23234336711408,0.829043039463764,1.22670270872514,0.937429114740279
-0.564574441304689,1.68806451812548,93.703270949639,218.395358801273,-0.989999963496922,0.0245563695657914,2,-2.78486815727993,4.56333337761493,1.83344361846336,1.18909279453407,1.51572733133032,1.20644228543906,1.63188417520115,1.18285415173615,1.72104476193509,1.30726324593356,2.25832033977477,1.17774258561083
-0.598117435986967,0.932231602657342,31.8054258315049,50.4245555979153,-0.906712986309506,0.146263011742315,1,0.95585197311864,1.90084304825019,0.601323403737972,0.80789235544242,1.03313812547266,0.778412041073336,0.814963702819897,0.861890977717905,0.717972093328264,0.843531596954084,0.901032658744356,0.914225641316288
-0.459889251763642,0.771527082506996,21.8708247575782,29.4266966852722,-0.931763232153808,0.0998424415071283,3,0.863553118268388,1.33500510045475,0.0448604344894224,0.780361143959118,1.22257604491032,0.735321224066602,0.370934248807892,0.767235310586894,0.683587915060053,0.859486618655591,0.968100143049806,0.83651722758549
0.948646282572134,2.1211339633612,99.025299161594,240.240079556332,-0.982111234722895,0.0439320253349393,2,-1.45141240747709,3.84009842659729,1.76437572238652,1.18990506421758,1.38425553855859,1.18154108476922,1.10119301237571,1.24376827812041,1.60052615305054,1.32342680638529,1.33411299857171,1.31505484891277
0.276512504073946,2.08026122491643,156.873419120155,559.779996982715,-0.989999951192267,0.0366971997569649,2,0.603661294325133,3.03429194849067,2.14109821702215,1.83533838768152,1.91035420230556,1.79180581095995,1.99765166657829,1.83178153072866,1.5482707389647,1.92927183954965,2.13806958503047,1.85055189748049
-0.127503502273955,0.526439676448826,9.58629445501163,11.9779331700728,-0.873352480562334,0.159609082409979,1,-0.550745406718051,1.15202161752318,0.705401084186936,0.672303850095539,1.03406997014604,0.649107525048091,0.268575035394371,0.724692714062107,0.533186604329232,0.719248100360835,0.886675312237497,0.577589988783027
-0.366357115505616,0.314769804271616,5.07854419891071,3.3679382644035,-0.752827719100945,0.157501274066407,1,-0.715486822565677,0.553121907779381,0.52329568353312,0.348146106256127,0.279931151540948,0.35081200183783,0.583297562044455,0.547767328107723,-0.364517173385814,0.721121581129211,0.381705538743586,0.778649377093348
0.104735931234536,0.554771524273652,13.6571394864641,15.674259584894,-0.865202008359836,0.159799726074091,1,0.701185060962617,1.10441429558477,0.707218356103376,0.567038591771664,0.322129700536011,0.703359086641095,0.308721941695721,0.664142510533013,0.971498524325346,0.658754371471452,0.945173442523357,0.690881468111051
-0.770752137735321,1.06861538348298,23.0634118678265,34.3301728089901,-0.871483287908752,0.171852424781838,1,-0.289806413699609,1.62286870018424,0.759884484956489,0.562777417857053,-0.436607834942011,0.968758515752078,0.733060294052865,1.02324001017157,0.629820732693904,0.773348865781546,1.08763623436693,0.764830312918892
0.198781589111057,0.687981949666955,25.3337293145683,26.3006035239842,-0.933588479954823,0.0706289562308913,1,-0.496882171687355,1.44292018930725,0.894019734599521,0.651988824513596,1.06703483844798,0.586531729739903,1.03570534757418,0.550536089465738,1.09836645540116,0.583622781724514,1.20853718798233,0.597532972157756
1.16100615564006,1.07824641226321,24.3285298045426,36.5935818079616,-0.940873551213737,0.0941298804666082,1,4.0950601700019,3.33180198919204,0.756464039450062,0.810448027209716,0.794129727810392,0.915009365645972,0.953288803709275,0.749958105422963,1.36784507332062,0.832412415054576,0.76646984756867,0.979874733904409
-0.162436416017313,0.582688649886799,18.5163117657489,14.5643154268237,-0.233384293321475,0.710742181739825,1,-0.0037570252125595,0.658381687342524,-0.0237892598217335,0.422371720942645,0.326969531648808,0.383123447084259,0.604665886462161,0.50839831403815,0.893227537505029,0.436621007590771,-0.666492986066947,0.803494020019275
0.755534209472696,1.0248174017566,36.3735989739391,62.3253484130582,-0.929168864681832,0.116696623891834,1,0.634739544097815,1.28386493918794,1.06572348589117,0.895916078282524,1.00255705561859,0.862057709936609,1.19875789201649,0.968458532636371,1.78441022211619,0.809696358307625,1.28859985792825,0.912188397988134
-0.116980743073615,0.680836071424715,18.1486649350862,22.087429532741,-0.928597645061786,0.0833474750587025,1,0.851083767076529,1.29410434614408,0.69764967964007,0.643624378383097,0.931659367205471,0.624382207533618,0.59044531842568,0.669555060512464,0.491383740818229,0.714529626228321,0.809493850431339,0.692374813158954
-0.477076407144459,0.825567540934215,21.8962690901186,40.9279899745783,-0.910420188929934,0.163937811307564,3,-1.09078036306084,1.50918182381682,0.47657052387171,0.943303389685442,0.568572918208597,0.95318160974141,0.735775295355294,1.00982627293469,0.738217711045272,0.879122292585297,0.560519794688559,1.03413559502324
3.26536694791696,6.45873317451489,136.752700525993,474.725289547166,-0.989999978860429,0.0351855731041397,2,3.79638871008944,8.59372054314384,1.82998945986113,1.77148694401312,1.05382157321525,1.76833480954953,2.02657489995493,1.77827586136859,1.91082346975751,1.72372154503854,2.23620490423456,1.73192797794796
-1.03428276293221,0.840762026174145,19.3394542137017,16.1140586630742,-0.888055867494693,0.0841410118491334,1,-4.14999356228075,2.23677156584673,0.913094950930566,0.497135036132786,0.829031708721738,0.461861839720578,0.856066123086318,0.457024105945062,0.942827013244405,0.506596259479455,-0.417126877591596,0.789328475084786
-0.442104541797986,0.595981324624043,13.8663702474617,13.4646871184372,-0.761572599892464,0.228230857348424,1,-1.14238483914092,1.13084247377689,0.584005078551774,0.568383567444558,0.423651041540049,0.511097990216822,-0.230013356931656,0.655859050988477,0.273134247287875,0.71969951971014,0.589858067472455,0.718918441542833
0.320139557762728,0.733543238194647,17.7917550911045,20.3292548797807,-0.932207010999773,0.0805207756010435,1,1.17755793704555,1.86084295596873,1.10709564115611,0.59945685432005,0.803615336490012,0.587989294190145,0.615435764598259,0.63910427570908,0.727284505286927,0.654197975130778,0.787809147135412,0.694431673315115
1.32471808979236,1.43018924722802,43.3243866213224,64.7015673249993,-0.959554861316444,0.0619736733410972,1,1.83440938706256,2.39591865723824,1.47876338523535,0.798309448452427,0.786069368647907,0.702473137861366,0.352615515099245,0.969305448693085,1.74240695699289,0.802414192429422,1.20811327661332,0.746833824313771
-2.4184540057116,2.48476978491844,83.1243048761669,165.695953299543,-0.963072102386541,0.0735285210099094,1,-0.243225864928798,2.56319749629309,0.768863323597124,1.11926082573359,1.66637881923949,0.918909032830369,1.16669754258497,1.20716581874095,1.06102185104432,1.09679437544218,1.34223859987316,1.19175849553235
0.0666732094947972,0.304577872819519,4.99865500681065,4.48546057010905,-0.676116408875494,0.329714504947395,1,-0.440138770234487,0.703510125302215,-0.0176333362924207,0.529352403145372,0.174091895166026,0.535070595524362,-0.0512120555141415,0.546634749039016,0.609988978546855,0.556604356295737,-0.179865738167313,0.620889436124629
-0.548487622638523,1.14277142894851,44.8602673748281,75.59056830454,-0.964687973476373,0.0577241950497882,1,-2.03142172607095,2.65231857143199,1.50391030383717,0.836835539123161,1.04447970015573,0.897831661855314,1.59761435107015,0.845574410337827,0.619266410749352,0.838905573323709,0.648070699025914,0.882459939079092
0.109993821101668,0.278185895255173,3.72603773967689,1.48874112301069,-0.353977263366436,0.424809987848013,1,0.409364251101468,0.455461533412817,0.425550511620244,0.266233374110847,-0.215695839379652,0.366096828631761,-0.12775554548658,0.379995764576425,-0.283666042855738,0.501497878565412,0.243175079023502,0.32212711888618
0.260090467284347,0.510550082451061,14.7791275522469,13.070132756549,-0.854041512025772,0.12005296342622,1,0.728594705829085,0.930205034143354,0.566248880662353,0.428178112272226,0.545802032546876,0.60230563044341,0.514677280593671,0.49054185308714,0.616676616458432,0.492388508850684,0.395075774669268,0.497589080937935
-0.642361782610234,0.775312293674543,17.0496519169857,24.6781392925552,-0.9434342668172,0.0839245153756736,1,-1.43450682576496,1.95083070627982,0.579540097577381,0.774322103145111,0.992438201652876,0.751832258693584,1.33149038877513,0.726604894269702,0.315432829303237,0.891871914363971,0.64183304983245,0.857411704465389
0.318812913250275,0.565474362281749,11.8719046407152,14.0447076800848,-0.900087607133477,0.108965440883471,1,0.552135936676191,1.0592043063164,0.672401285187661,0.612767149072432,0.32357473685571,0.695765634288407,0.566478042212853,0.670292434661286,0.770161360397428,0.650105471885198,0.320145566485251,0.638164174973956
0.0201761859268054,0.421578705026241,7.53808877746519,5.19853719984259,-0.751814972674612,0.16138538474427,1,-0.272571177629848,0.827368813370258,-0.236033908747667,0.484248075267105,0.282511497054745,0.474578583589372,0.588818751018912,0.423843594190843,0.113548470795524,0.449535621143585,0.113025335625409,0.52098131599579
-0.25835032702289,0.516556212571923,11.0177100986787,12.710475501512,-0.857165663400254,0.147681849543089,1,0.176339919133422,0.833757030622017,0.226049395514648,0.723474528408097,1.02088869690206,0.563825754747143,0.712356077610385,0.587978225638262,0.0412022354197183,0.724885746484347,-0.652073773943126,0.814451176551104
-0.86766231778171,0.660523155278556,15.902339235678,12.5974415229992,-0.737218742097951,0.201425042572991,1,-1.44369185156474,1.15386052384588,0.536328483080354,0.397117303151649,0.567810952543026,0.474606184424804,0.556776943765938,0.531544078691491,0.272110576179347,0.470838661344288,0.205053493138816,0.511938767911757
-0.237600342658067,0.561257862011408,11.8255293080556,16.4928771457918,-0.891412633215402,0.15468847036991,1,0.57702541533376,1.05195934159961,0.575675715084641,0.742787019546785,0.677808626125554,0.708179160342485,0.894418051119713,0.822574623896103,0.540741327456517,0.773179779335377,-0.653683613204658,0.91401160237125
0.311781339337174,0.420531126219892,6.00486099081661,4.66528116968496,-0.855081331680947,0.121125809141734,1,-0.152402663671791,0.866978303845559,0.55497996091179,0.401484247583727,-0.236513019222515,0.538525823767307,0.0847210938538023,0.490117605337767,0.283519462379065,0.482931012241247,0.995099204770876,0.432886677112404
-1.87063578372562,4.1206047423544,203.220177227529,741.755932301309,-0.989999947628409,0.0369827619479378,2,-4.40819881170245,8.94847902507011,1.95491484876145,1.80681640867879,1.94347265638769,1.84724850145159,2.10659921385987,1.86376242462362,2.15980663186062,1.91630044287624,1.18561435012429,1.9020019316199
0.404941124864993,0.668300545777891,17.0349909558978,19.3316337683469,-0.819631732630386,0.190889444683627,1,-0.594378257359304,1.36635397574937,0.529049076520409,0.594128670353251,0.764450924378189,0.747257472546393,0.295930408933925,0.657933850020013,0.226948381772087,0.748855729360649,0.81267174426014,0.600896189121284
-1.43010139813342,1.65114237469759,35.8482295491142,62.1519929757424,-0.933976064017795,0.118215802349207,1,0.10187507009302,2.13985729230857,1.12348258415153,0.924313841939015,1.00831732376166,0.905038843661599,0.632745846944468,1.00461634024756,0.999625021720868,0.901282751480273,0.0286673869687699,0.98187016073864
-1.67201416503593,2.90615884744009,107.817168365199,278.543778165181,-0.989999938671938,0.0259504012056158,2,-2.78067163736518,5.40609177978223,1.76809888758025,1.3297031765944,2.10324365127001,1.35993520661895,1.93313412019293,1.29778249958634,2.16050884067946,1.280516705832,1.91782448969438,1.37316353697921
-1.80337227460507,4.31461644644962,103.846718769692,458.950103547832,-0.989999976664402,0.0422657240969931,2,-2.27587623310989,6.56838668930835,1.59820547597918,2.17807275776025,1.47395316640615,2.33935307617507,1.72470645697563,2.18512841454417,1.75492083416387,2.15710832243349,1.73450047392874,2.21925364719595
0.062903880902641,1.10184009041099,62.793328559539,134.843594935001,-0.982616900720477,0.0367580704720198,1,-0.303334905836746,2.62151375294848,1.56493142507558,1.01404083595324,1.53742977373109,1.02232546931137,1.33745497177402,1.08671645110747,1.44489857770124,1.14937477978602,0.489927222209919,1.28905620025821
0.459142669188084,0.425014667684793,8.52713404438905,6.55554686904084,-0.851820192095067,0.11523055394217,1,-0.159424794971307,0.794526527575104,0.435981661635138,0.474732545485257,0.658590681364964,0.399717781455881,0.105122766160282,0.51248017107163,0.370960389892629,0.418895765258913,0.96707236994517,0.395812004557418
0.332769239578376,0.496903303606129,8.38210797951527,7.49015823308018,-0.838890148719396,0.140411804645744,1,0.390081346734741,0.983177375818402,0.546259942639107,0.484437994116423,0.310028940969269,0.602968791329843,0.391948630459376,0.450285009891698,0.251798991557774,0.517798006778872,-0.714263926615363,0.788066016802689
2.16264143519781,1.83167066672449,38.1472952702484,50.3455875876736,-0.95418836800313,0.0566856560524149,1,3.0337062821033,2.75811537754927,1.32972317954894,0.672119781954468,1.35475635122955,0.637211217038062,0.8608373468747,0.743726506172257,0.581518463036959,0.845018709811319,1.29266566033725,0.793291560715893
1.94982848699862,2.86777578397354,98.5093365462022,248.895167561442,-0.98999995938033,0.02441672731251,2,0.754750449387964,2.97946765348357,1.70150889254601,1.21028689889396,1.91210730844196,1.30578078598042,1.48992831820275,1.24804681469491,2.02719104928086,1.27108073129837,1.81648735727557,1.29291938755313
2.37446371061304,3.87386787721036,136.421417391757,390.15844827965,-0.989999967865179,0.0289376489567326,2,2.73569487996944,5.64652784644981,1.65494857812488,1.44437737048602,1.77550027295591,1.40937765836759,1.85368242521271,1.41964054398153,2.07255966785302,1.48853453181872,0.667689766013965,1.43469199849675
0.369931011451614,0.621920808017648,15.4358964395331,17.1039536165862,-0.926382219286185,0.0861291334331344,1,-0.0108876978874531,1.23562268228835,1.06614723876311,0.609131250743756,1.06889968913535,0.580224836214091,0.725466304602485,0.611774568509674,0.912916291477011,0.63086831786879,0.740008647417225,0.621158623238981
-0.27113153817769,0.731681319491493,23.7114585439423,35.5805322927164,-0.948945872897634,0.0811682804568049,1,-0.619051515637517,1.38139070831563,1.20438912741428,0.79519754950436,1.26885831571798,0.757920772252688,0.452513378034882,0.943254025152368,0.883276408359863,0.831872540608334,0.799049851082622,0.859418319984883
0.395338355774634,0.334771618497355,4.71584076285673,3.58674775605988,-0.713552820776468,0.22437729589545,1,-0.389548641764044,0.821347729756968,0.317708855243606,0.424150459402307,0.266295524549,0.37490105298503,0.14400655840738,0.436193731538364,0.557844129793368,0.473150966751187,-0.422481791634569,0.734859927482825
0.05277448241105,1.02886325694239,38.5508174977285,70.7708425573348,-0.94654074109747,0.101337200665774,1,0.518972515670071,2.37108586125896,0.940455329095618,0.958493105570101,1.25448807134953,0.999023586296426,1.25362703501719,0.958789984364206,0.767212192855531,1.09461030794298,0.611366395071564,0.965196771466437
-1.32995652370262,2.89782005647577,150.711612610331,603.193828514174,-0.989999954779308,0.0382768828099862,2,-1.72069639263946,4.05431669980012,1.79975989022809,1.95903447340519,1.91633369748494,1.93451485871739,1.46538253685861,1.9066017248473,1.7666711483305,2.22992245555624,1.88582555371112,1.94366872710313
0.214037237517035,0.333146159167555,6.59197000342608,5.47577890475941,-0.762940620814243,0.208705244383388,1,-0.509155659840569,0.612520703683802,0.970473729669898,0.437219472215647,0.522292903555123,0.462662425634221,0.386551533123122,0.530676712178744,-0.173842918941706,0.64946635079218,0.399425180019202,0.440876666976528
0.402452231624404,0.399150753942852,7.75798487269864,4.85668710447354,-0.642767700256259,0.280818642488661,1,0.548339874969374,0.683402274828687,0.254091103477529,0.419575094144132,0.349807967015893,0.427084227293927,0.0486565645410839,0.430829846320031,0.117372500051586,0.456134572289514,0.412815192929019,0.42956410413484
-1.24636529420117,1.1118497396928,22.5266804294546,27.2016594370122,-0.925045098903522,0.0817512724470129,1,0.288540778778822,0.962642613888312,0.751235318449412,0.624959871070821,0.55240468156524,0.670206430222083,0.474920229037429,0.601542552679839,0.557687547473202,0.722236217558948,0.70715756454529,0.882629100141423
0.0532773343342219,1.02065711448571,45.4035360935494,83.5108695540617,-0.957776861740479,0.0767524123562972,3,0.293529192604632,1.74356915662154,1.24049414892609,0.922615761864801,1.00512903022514,0.992275875265989,1.17741113940563,1.0054443573013,1.1267290798065,0.975123320430666,1.2606528847692,0.821233142123258
-0.740427670818365,0.661605334432198,19.4107907068494,16.9562498158732,-0.787398987433007,0.213252884738156,1,-0.509328080476488,0.806943288002236,0.709877330596927,0.517947035540636,1.03785820347184,0.6011854382573,0.722782238109486,0.57041322350799,0.665398709783749,0.652640861182172,0.54185261832682,0.625175917958179
-5.3048578637434,15.1887745681527,398.429615883119,2251.3403783534,-0.989999890951564,0.054872692781714,2,2.11624892566351,7.9051286697618,1.99684790409153,2.71333719298267,1.93018415903527,2.91444926421133,2.08031714842611,3.01134625088099,1.90870714686645,2.93875074637216,2.02522935850948,2.74654921020392
1.15019579795314,3.35910876891823,188.314405555944,835.052545528531,-0.989999976576604,0.0450407843993461,3,3.29728081547355,8.52799931711349,1.90608191229516,2.29589848478004,2.05596827494191,2.20902720599802,1.90860549993204,2.20223927419877,2.18486363932795,2.3177452555111,2.0887945930009,2.28020217320546
-0.819268571541719,0.784253155394651,15.3537263847197,15.9648341460563,-0.870750685891763,0.135877882448206,1,-1.13325857045424,1.22767989850236,0.995753157387838,0.473920569708628,0.601615981770017,0.684067757451071,0.797237714417567,0.566300921178962,0.709584863660984,0.65145579968924,0.576969276392014,0.689584094892242
-0.410315062961296,0.706538760508958,14.3684144481579,15.1865359027909,-0.870070267312501,0.144018813307165,1,-0.811188702909209,1.54139520568557,0.11360165830953,0.674677889164727,0.397173513453704,0.649831605910758,0.778305542379553,0.561819183622114,0.60338523401721,0.624682054739828,0.440226042354831,0.740316180098071
1.52490760339833,1.13096864059225,14.8293116723799,17.6633282702309,-0.921107095794468,0.092301041541059,1,1.56568884204883,1.84950893865758,0.715109268723434,0.666337740297573,0.75593419184832,0.630645057132606,0.65830888636947,0.614713473885367,0.768128164849524,0.694377158615921,0.866344492983042,0.662937302688953
-0.00733661627585246,0.531173791236292,14.7698627399062,14.3496680009188,-0.832097445958782,0.190726664495765,1,0.501472172399504,0.81632704629769,0.751502899906422,0.521030352855181,0.99006619468174,0.444746571170377,0.283345342706804,0.706277213291637,0.0423153285989621,0.622493559667493,0.821583214057719,0.655858344478004
0.11298279139584,0.659353842926025,22.1922137765825,22.7322461595818,-0.882183880578012,0.115472797528121,1,-0.623343028460991,1.34731374588228,0.979405919068183,0.492089880236063,0.974492014998642,0.504970320894398,0.800210777363007,0.696002420900317,1.39466591467039,0.583384257350458,1.1196568961553,0.584484001076432
0.264098670811721,0.685644970211496,21.3649432512743,24.8687171535106,-0.943837180668311,0.0666495580486802,1,0.647323001871236,1.08632614457452,0.886225289444116,0.604820553342893,0.771825627986264,0.694032515991035,1.00624494379126,0.674723763324268,1.01626218851911,0.668523788949915,0.398060740726837,0.715522105792734
-1.17766314022828,1.00866579584776,16.7501141528953,24.2256346845928,-0.938760090133036,0.085956405184565,1,-1.799340352835,1.82563159349171,0.993840841268714,0.786550823336981,1.26912499730717,0.670656004810979,0.780419736410822,0.733760106315096,0.511197092078023,0.869349389041614,1.00699402414718,0.790123413879207
0.0874841920645957,0.362667797846402,4.86313408323428,3.87009692703549,-0.735540573190067,0.246123205205749,1,-1.22218502922281,0.818662280542085,0.380962203427029,0.42468847528713,0.275956467223583,0.485798565401954,0.0630662970675917,0.451146533377179,0.0102301884373567,0.466343133952169,0.368161964101636,0.466947259554796
0.5238849251233,0.467682934068381,6.77165333698929,5.7359320852617,-0.803525850902147,0.151498971922323,1,-0.1119138845403,0.821549997276844,-0.219348197669114,0.545249280290522,0.741954826619867,0.414594326287233,0.650679039793989,0.442627494955018,0.409332910344033,0.573958710771496,-0.263005127717443,0.593147731075457
-0.0119682358515795,0.361982666859915,4.86322572603593,4.27910481330789,-0.640722255835709,0.294172640118975,1,-0.0724136701137267,0.754145704698937,0.227038748818222,0.419956703736795,0.289359275554097,0.495774883190494,0.013032429375341,0.531823729092282,-0.29909753290061,0.644108381143124,0.364585608101882,0.529104825316733
0.286963155419049,0.522844950621439,13.6564050477186,13.5320924859885,-0.904729417035207,0.0924095083230528,1,-0.0731691528517248,0.811779450576533,0.826782155790215,0.494167831812935,0.686478106854107,0.550603267741336,0.48726893726503,0.544678875213773,0.255918823600806,0.591569370591168,1.23361058894028,0.5214070336853
-0.0946589132977365,0.315837669787978,3.99107000763075,2.8981194898315,-0.743973250981042,0.171223596368002,1,-0.507953912045232,0.619060162681722,0.119575069328381,0.412375214530488,-0.0489522171672609,0.418608598739596,0.200890103753285,0.386683174051374,0.143169108835353,0.492016796734989,-0.569857732568167,0.631659839734961
0.272869814022372,0.632415013276241,17.6653106927758,22.113011451997,-0.931840364110234,0.0989262533628514,1,-0.509600469566852,1.37983551304201,1.00248028240894,0.675441857243191,0.930181587504313,0.682573778678722,0.349176131832187,0.739580156020589,1.09190134621926,0.730010500701182,0.242988287616284,0.758318684051603
1.40844330203961,1.40154589496938,47.8629219290591,73.1246916349684,-0.961577736235816,0.0601534544769541,1,0.749066865552501,1.8116045795942,1.23568839007037,0.813416838728285,1.05058466060944,0.779528105577906,1.32310058249722,0.785169433744903,1.23683267283912,0.833225212387226,0.778819193311803,0.823485869071712
-0.870042682833179,0.590196889209737,9.83808894334974,8.07443269502386,-0.764228187420934,0.208831276491279,1,-0.634173864199446,0.98713148833518,0.3649113870034,0.456094083285177,0.850879771137009,0.516100674269475,0.326274680176518,0.488430293221826,0.0702918587108956,0.574663144868556,0.636680918557132,0.473842143539729
0.166846607714721,1.95828764708451,208.30264101392,703.872278479384,-0.989999926538264,0.0342695558308956,2,-2.71068348588535,6.11241515547507,2.33290612913256,1.69648456618397,1.63886157941674,1.56975589663232,1.55544369837285,1.75052486655133,1.85920284639409,1.71045256216777,1.82155215125206,1.71268872392677
-0.136215052434527,1.33269960215877,79.8625293420402,224.12029998988,-0.977667389385645,0.061388525735691,1,1.56261645970529,3.21743283283869,1.53120036627598,1.41962233552748,1.3720755913994,1.36126522744897,0.995833544288368,1.63050209308147,1.54482579450459,1.56516639993289,1.39487802203846,1.24824327730559
-0.325570267252741,0.840866969613479,30.8818733911791,38.1186817763212,-0.932568128801916,0.0850024068731196,1,-1.63844192286912,1.74342320455447,1.13263792679217,0.740144757896093,1.29368341736734,0.639845715557677,0.837054000891268,0.704907303959726,0.607176908924122,0.708176498218957,1.26685673078781,0.767402448980921
0.724882560214024,1.44818141216114,78.8781703361649,148.327071079489,-0.961866373762623,0.0749096451006322,3,0.848201816250646,2.03583088347993,1.35452716090046,0.917625373005687,1.6056003387703,0.969165505846575,1.7334502665945,0.870487133838419,1.23555937411657,1.03046100074926,1.23285177896115,1.02261964700183
-0.0201738262603511,0.427602085073886,9.331803237709,8.32599387405382,-0.857683262420117,0.13065169030971,1,0.0679055578635556,1.0492148087229,0.823581081375561,0.491572825763149,-0.251808914055625,0.502528681965453,-0.058221566984449,0.599748124471019,0.142949315768894,0.580921327776974,0.568764393061993,0.482759601751386
-1.60873074730563,4.33584685284921,349.147454579857,1304.15581440133,-0.989999958031329,0.0354829403048954,2,2.30364244644155,5.96683438221723,1.98585759055363,1.8425582176746,2.44269548331249,1.85813387063686,1.64788532351936,2.00134637646472,2.43112754661923,1.92289923814526,1.6054897017586,1.86916254816322
0.143777886897006,0.395561116495091,6.44018209910927,5.15142398942775,-0.850522352899562,0.114963046933508,1,0.427743230850196,0.706424760720077,0.37187035869994,0.462637859235672,0.0389433451502259,0.475617851400317,0.068093143555369,0.521458009795928,0.898271713498516,0.520158436956341,0.647939611474472,0.421291239322047
1.09967455507576,0.6613308933394,11.8348504376565,8.3124271554177,-0.793015729257003,0.162947038472425,1,1.61796283189196,1.12716039782185,0.354274025021051,0.398604154946314,0.831832942968147,0.452020344182899,0.0836045266227786,0.478891991681627,0.778673713729856,0.432281191422651,0.848256498923799,0.489427384124023
0.165465974364524,0.524227918030296,10.9576961146366,12.7544367066234,-0.826524975850132,0.199199041310429,1,0.73055594035624,1.22121355566598,0.228026464856756,0.573572938107107,0.477678072360019,0.65435375510699,0.00125959708046198,0.87557205887426,0.240510257099496,0.773553611309366,-0.755496945115931,0.947743975315549
-0.153149218282032,0.370937226709416,7.21676618947647,3.98501064325563,-0.305060071901802,0.446686585805219,1,-0.276851066499713,0.48846576090404,0.077713902480281,0.381679768758014,0.123254867779727,0.366976489255685,0.258824428241603,0.426220961559568,0.363443683811104,0.417109916414057,-0.39612015378352,0.418919059283035
-0.510625833113389,0.67105313882504,19.3561477157218,20.3512587456731,-0.896111417092548,0.111318612119103,1,-0.678794674652972,1.02379564682892,0.612762941440398,0.622112573231838,1.04863771465593,0.535440600304018,0.998171049267913,0.632626051639932,-0.0659122042233041,0.701446897541861,0.853157103954546,0.652397094157089
1.32464248944261,1.05931057765322,16.2467615431157,18.2143847666208,-0.941800308463788,0.0638499930375621,1,1.54653191602818,1.85332391608687,0.932906106111308,0.626490072249943,0.828353582959019,0.665792855099185,0.630997196850091,0.705584340370908,0.950609898546736,0.632975146071717,0.95582151006465,0.714986029973644
0.248720823322255,0.315697353577581,4.79883251660583,2.74711455745999,-0.568199219123966,0.27221721551781,1,0.570274211350621,0.55540781540291,0.371127427108838,0.351047504371143,-0.773846830648928,0.495606999959051,0.218880481051486,0.372005713967847,0.265080079044362,0.378770029372122,-0.493388183989587,0.516521851681356
1.83314622170984,2.85268640240311,112.630222037375,303.434483093302,-0.989999975111703,0.0264587975341328,2,1.37971042949537,3.69447682445122,1.62213124484706,1.44709345662856,1.93067032279234,1.36519669556578,1.77564767345629,1.35500037911708,1.5043985479797,1.39856625488692,1.42421708472289,1.46411291405989
-0.487399530457046,0.704892532961932,16.9147992061111,15.0908777381183,-0.807944397570991,0.175738510115531,1,0.0154813812163,1.28830167039424,-0.221141114704461,0.614406672018069,0.776348174212953,0.546833932366343,-0.25397286382497,0.588729875863037,1.28641378332395,0.538034955545897,0.38202832930548,0.556781088457231
0.0422813071089172,0.484247748485354,7.39215522302262,7.03969784259015,-0.888059050241857,0.0989188590018989,1,-0.232495252519242,1.27247487169152,0.575591648287436,0.498437596045909,0.471724251500972,0.499962721235771,0.810827629434456,0.501692143533044,0.347849317614003,0.54078343701636,0.896606260019441,0.649753773369039
2.70103838945515,6.9028672729603,164.170324604002,816.056271970993,-0.98999996359774,0.0492225937552255,2,3.88397051177218,10.007653124124,1.81618187964089,2.48202362451611,1.00758242245947,2.74102600419456,1.91465202764833,2.46079539512782,2.01380381539582,2.56983644454837,2.03513569946923,2.40693455977021
-0.231339175843384,0.394478579339317,9.98885230425674,6.62650672675703,-0.760302244916173,0.179946529590267,1,-0.255614167623892,0.591757354067809,0.492925363084831,0.466423653566228,-0.65347778181908,0.528218534055309,0.226980820066844,0.396729905909442,0.497923424534594,0.345282501660342,1.10162415150286,0.422294075287561
0.33447970806359,0.413628747769595,7.17152461017889,6.29916367034064,-0.740061847222147,0.251962411646729,1,-0.238976019810404,0.720376001442858,0.22011426663832,0.529976195770208,0.600255743377137,0.389967033798277,0.0414096923561598,0.626643113429688,0.758483336529803,0.486697877041541,0.146435052761922,0.554070522457693
-0.145569659955032,0.343807398997283,4.16350415322638,2.88150056966359,-0.65996417858023,0.266521483933524,1,0.379645731513355,0.722517503204414,0.0633899540741512,0.407139877650747,-0.0874366051449717,0.469725627011314,-0.175291304322645,0.477068112020225,-2.0840740677407,1.20185199686762,-0.243951373520285,0.483575823802859
-0.137650411905748,0.466241912074585,10.2226617770028,9.35529414727223,-0.883581896538172,0.125806200171261,1,-1.0202746359226,0.977451410633723,0.727552068878671,0.47353925249863,0.743797066502289,0.547151281679318,0.757765337426966,0.495091527215912,0.197897117157345,0.522264658726406,0.126252993140399,0.673653027454197
-0.181401061293269,0.531302616514608,16.7121871465313,21.2601747946526,-0.909902922476886,0.111225849360892,1,-1.51157926539518,1.28987071005631,1.13727411830034,0.675817624754364,0.364361553349354,0.757924427917886,0.749868405579374,0.646870249700341,0.897325274544864,0.651294450666003,0.294445881496947,0.824686034936397
0.20627073317118,0.295359487204715,3.27447050441332,2.1024124337881,-0.652084346144852,0.196553324053665,1,0.153429317558515,0.604140974922639,0.657804276512407,0.320183921299992,-0.0459052925350704,0.385160578548125,-0.0267734608711458,0.339915596470062,0.181176413338482,0.432910732539439,-0.324898710026699,0.561110873070294
0.722370712020794,0.634455285785857,14.2665370120777,13.7707836004959,-0.798152905096176,0.184898272281591,1,1.35728329892958,1.10403753113228,-0.118459343763603,0.601121791688427,0.466695238550408,0.521498918146392,0.604925078812768,0.518202191828537,0.59686022932287,0.541829739359039,0.35346334987253,0.617129331604623
1.04180096120417,0.939037642417683,16.0742376760112,19.136541069275,-0.906991472024006,0.119380999250279,1,1.85481427058963,2.22399671022748,0.731323442420543,0.633002573341544,0.13409314902301,0.68369134177967,0.469783554215982,0.616980864719097,0.573729491926159,0.722793906565731,0.726422826366333,0.639024082356573
1.36115402108926,1.3007496466822,25.58636203186,35.2486216711274,-0.933850615345498,0.0902404635909321,1,0.921716933946793,1.92714652218955,0.739828196453262,0.798768724721271,0.883518730201616,0.810039956175511,0.510452227291871,0.810286362564437,1.14606664791151,0.64769373198371,1.14498367029283,0.694764410350634
0.282190173699034,0.340753251877541,4.93673616331701,3.46337897848975,-0.723984250796376,0.195405354763261,1,0.640553486999142,0.633167460630273,0.197539209070733,0.398422195968324,0.0338483678911149,0.361557414637121,0.190035678873339,0.490520167911766,0.220688605893828,0.462173583914101,0.182108324361397,0.458905910455214
-0.133041080687069,0.315124674055199,4.84648651132289,3.30162418124216,-0.732925599058176,0.173184904076409,1,0.106594417125306,0.547330822461516,0.225353857536557,0.368147067704427,-0.100336181740313,0.431389504268557,0.0896338682299431,0.500583920270971,0.175625014560525,0.473784164321429,0.210621303860653,0.436664402554558
0.428552046709184,0.788505527389279,24.6578557838507,26.393691707581,-0.945571444660297,0.0590835468218888,1,1.93754118944172,1.7811386377282,0.719705713740822,0.5545965070903,1.12081919313885,0.580341198487699,0.636638470101886,0.618019341030752,0.680818106739567,0.732976005308571,1.32190805685507,0.554719057373294
-0.303139623039595,1.17835251450021,35.6092083629572,78.8576870495534,-0.976638707444214,0.0528397893723322,3,2.18236587946879,4.32188349302485,1.30697256531897,1.11446129685012,1.41833874855731,1.13987732899586,1.18905892301897,1.15213090878584,1.14204379002954,1.19715374138473,1.1558557675784,1.27347284013088
0.137342176984193,0.741991629120395,19.2566274318921,20.7959993180238,-0.884502964016032,0.127621521218707,1,0.709436729855987,1.73618400582644,1.09562416947371,0.611279970910542,0.874756515048054,0.639071170214632,0.902903527756661,0.524734211778996,0.483031620945358,0.740612908615747,0.949270573408954,0.696420345850438
0.00421604805301394,1.14117268064124,71.836810195159,139.054141615955,-0.96103062948616,0.0734360519304033,1,-2.55284949219881,2.69229949993113,1.1679942276603,0.91634841187376,1.18245335563667,0.917763324890701,1.7664175134597,1.00984158886406,1.87055467779573,1.07900060703612,1.42747532004896,1.02452471087129
0.0571682634627505,1.12241637124114,48.5708573682897,111.162728413422,-0.970881136036811,0.0677687201034329,1,-0.480202805765795,2.3133549900222,1.55594926729136,1.12128148368022,1.15297928678974,1.09312271660702,1.2596776159106,1.13927021801014,0.269306723702203,1.28508053671895,1.07518422916809,1.34232987700573
0.184765955025037,0.537706800491602,13.0289652904253,11.0388019082932,-0.849566626335574,0.137565182919525,1,0.1348535474975,0.813200151306895,0.273043814156184,0.451414259986506,0.482110703226549,0.501819175617994,0.23864094236442,0.53498855019459,0.659487935000705,0.538485087747305,0.533851387432068,0.555956946503445
0.20656151435171,0.320367241789092,4.68470725280995,2.79830487656818,-0.797802125919095,0.133633707824323,1,1.02968521016412,0.730321788573013,0.524629915057508,0.316871154028554,0.488210489533952,0.369714252381874,0.394500324606509,0.383178142117209,0.252108647191377,0.486603799103591,0.646215617906543,0.387845369470716
0.398482046904361,0.408963796002731,5.79444027276203,5.73702179622168,-0.73138642015541,0.269546896442729,1,1.25991733970045,0.974384840923328,0.0114815993863521,0.505570047588639,0.359652524384868,0.588916178032698,0.686491600500727,0.543222482661997,-0.203765497393019,0.624161100028625,0.217611911665356,0.617465436552362
0.591904506246665,0.61188586689163,10.2700419361864,12.935707397969,-0.899181869029475,0.128076275403452,1,0.32917421838117,1.03536131430781,0.420263890987063,0.632142317040386,0.484636184941179,0.651269631923687,0.632905262122285,0.712543925751218,0.326201736646389,0.754244879154939,0.451146884882205,0.715861025657017
-1.16930732417214,0.674146622815899,7.74354391011287,6.1796329056762,-0.830391222095823,0.145339227832955,1,-1.20164829223658,1.03011580574479,0.475194366884252,0.449084290852875,0.746450134500372,0.438962615685726,0.10741447201192,0.669992960775755,0.482284346709786,0.512005008564734,0.729923973527511,0.64108220107225
0.0373843675286352,0.435054290970137,7.60114617200912,6.29344827835624,-0.738863747014741,0.240251803232143,1,0.826640374257576,0.957677412574202,-0.0655697441989335,0.549835190481672,-0.00967002492364447,0.471819773231568,0.145842913584022,0.607999545266006,0.726613693993547,0.420070713757231,0.660975185837402,0.47169322969909
-0.0864060709389576,0.613806983861333,19.4548644427611,31.055131099118,-0.810090447458262,0.323013199633721,1,0.665072055633322,1.18552826737851,0.833470940657981,0.722841035125477,0.951033068600289,0.829895153273993,-0.205724591840126,0.952478680280415,-0.191588701664424,1.04068772454832,0.619809670341499,0.737931697963985
-0.485943190896245,0.957825883702363,45.2689746577487,55.7422231633142,-0.926109944670044,0.0848067381231123,1,-2.17647820505513,1.96279945155371,1.15913491930972,0.516694676744237,1.05136319975371,0.649742410392062,1.30590269249003,0.677025289259578,0.796317832845837,0.734258668951146,1.29676648148459,0.715938029822858
0.748052676394261,0.718902957236901,15.0059233936811,19.5447501686448,-0.943417422608987,0.0725735734784117,1,0.150121200251856,1.3859483433195,1.18566219038697,0.65814934997399,0.863959075766775,0.735146772868369,0.958626051018435,0.676447631335053,0.909197367101742,0.803119631341492,1.20794151506037,0.793690283865385
0.122647135168415,0.298886461244418,3.90190501336797,2.94980142639821,-0.656477553581084,0.263938468019506,1,0.671863610169994,0.825399430378981,-1.22515546963757,0.657881187565741,0.306573520701536,0.433862549670161,0.408142153513596,0.431858661590714,-0.49383308398646,0.547192758376831,-0.0203878973612755,0.489280122536176
0.338898036649736,0.314057456164881,3.09973910997775,2.30877922186146,-0.592358997425067,0.307655099874128,1,0.163142700887136,0.647562501587945,0.113724305061568,0.434973468820674,-0.262677225223075,0.484048376174226,-0.0235336910947487,0.411612339969974,0.344707149976717,0.39791738041018,-0.16583481410807,0.596889882875844
-1.93252195803061,4.92672307228811,111.66709143952,535.767707366912,-0.987212471073335,0.0629703561127848,1,-1.46913472483928,4.7637984404264,1.68586303041198,2.46222010984306,0.909740275445136,2.57134409386443,1.47681950927621,2.37698041679491,2.03347014801677,2.44642888006591,0.0253889082738886,2.65802054658116
-0.0532645392438245,1.08355364865491,58.9529752065111,109.278219747899,-0.981004872895621,0.0370824875130984,3,0.218612451468088,1.99322949047173,1.08476536943026,0.990660740890331,1.60784457738952,0.906443734533428,1.38126276210498,0.981335328379983,1.15450847392498,0.948936033735645,1.52496271454271,1.08853383367029
0.582040651400959,0.686421562759829,19.6103907826699,24.9367532290639,-0.94437520748913,0.0664902466403375,1,1.61742064632929,1.18921473790274,1.16708416365167,0.650426400028673,0.486741109608209,0.630067314275038,0.600614174171013,0.691396340464764,0.948016770549515,0.734684045315354,0.6453047365349,0.703290249070441
-0.48216847447189,0.37265775056025,6.99909122726386,3.96656320550418,-0.564010400704469,0.26432698818322,1,-0.589842202369727,0.696967340783122,0.725465281770807,0.286515747490503,0.184309789133666,0.445865651305329,-0.0650429002932876,0.541481978691386,0.235733358284504,0.352907474892594,-0.165159669227033,0.542241513453729
0.0968164012816971,0.524076374449252,12.3898526433541,13.1643625949026,-0.86124654749664,0.152018036377271,1,-0.100567828750632,1.23562419935553,0.147582029090476,0.656914602342737,0.727996126226764,0.54141389489458,0.632540888440726,0.669865029205369,0.537214414084301,0.585743045007973,-0.165153417225432,0.628208735851868
-0.373164358863358,0.472457769231208,9.6816841511997,7.23492544566544,-0.812198503040067,0.161384700499799,1,0.185421438756601,0.679934566018281,0.222061394994006,0.465982832271317,0.381689525220414,0.522836542270616,0.1483777011585,0.49188348191725,0.644738578087014,0.406654181884594,0.536956036209096,0.617569549012094
-0.513567920942919,0.651630194785771,18.9272035924733,16.9683898849115,-0.214995358377979,0.80044260001262,1,0.364536280108088,0.794825059876538,-0.235819534326678,0.7627133254656,0.539125738848666,0.340733627262782,-0.0923274465665364,0.555728199947059,0.65914898035114,0.412033745357838,0.758274137537389,0.683337689940719
0.312854903747356,0.634862837433869,19.962540401494,22.190004756115,-0.862790104125124,0.149800632929821,1,0.931484873212214,1.00074795624159,0.283729059639993,0.718636151515465,0.867837574745671,0.558975470220361,0.773574790934701,0.609129274322358,0.722093214145652,0.603573556473082,0.963610442047405,0.594226245353756
-0.231127091354474,0.508519629982982,11.813556492123,10.3190132538064,-0.832968627457764,0.140586295591015,1,-0.423393224369789,0.726097236847276,0.55311489992546,0.518947468791387,0.31777078074335,0.503320767068507,0.163452733123222,0.545000122309811,0.428525648817475,0.543965622757741,0.812634350172316,0.50009163358387
-1.33062114618545,1.42690958562601,49.2256562862404,78.0321562320272,-0.906732375932782,0.153170603173107,1,-0.908222159934624,1.57734250548502,1.07586897186526,0.812815577101933,1.02386973322612,0.748968465804362,0.299526373667699,1.07498579684209,0.0140343755571665,1.11781595827479,1.13516230843018,0.728923963192377
0.334300434362267,0.68428770344177,17.6133067852204,28.9236566309963,-0.92211522760914,0.13050682269082,1,1.54936132202378,1.91302734838524,0.908796123579853,0.844217658015544,0.772600482511705,0.938801804504735,1.03832557818336,0.827907324440978,0.680615889916634,0.769408472703064,0.966786400636304,0.999220855501235
0.220701831974697,0.500277307604786,13.1971013789092,11.0408333566372,-0.817400677321844,0.165098053986609,1,0.827062414440806,0.931672971997798,0.917205451702609,0.414686778312914,0.151079858710857,0.575637967589613,-0.0232686127291825,0.570081058182228,0.684272329557113,0.600354747663499,0.405663862051045,0.601749167472027
0.426052107573937,0.551215826005433,14.0076489746438,16.9744067024788,-0.86299227127221,0.167085881777101,1,0.383385366818784,1.06014678193525,0.314446475854744,0.774830320214506,0.935313059597019,0.602032271463691,0.48596049250402,0.74842676621469,0.648455052743376,0.658442825498875,0.880934214177813,0.60777124143878
-0.51947696563838,0.738922521589188,19.226485596037,19.7402446373554,-0.838138704090982,0.157115795588688,1,-0.189449456704374,1.23159930054009,0.875247818711621,0.524357937352684,0.558379234531442,0.617657113023563,0.631603708536393,0.551280639021214,0.280828347341357,0.654838953313631,0.933468393627364,0.659345729643669
0.0025851090578056,0.894378678845995,34.7083629478826,62.3135289984922,-0.95336609326594,0.0906151930330257,3,-0.333933686535058,1.87433473546767,0.91432448520942,0.945407464741013,1.11506652861639,0.976811622627866,0.507938431301516,1.0557928050542,0.933954384343489,0.878727635488306,0.454748252179934,1.0842350498066
0.382714033238551,0.479327655051484,9.99407482366788,7.16075810475922,-0.755028477633845,0.213323377599176,1,-0.347799407566698,0.769814983721862,0.519520361284227,0.398936199877093,0.260022058977044,0.494131917828843,0.377888520395375,0.443952869045279,-0.215888917544641,0.510612626341863,0.892424851898611,0.442639158191877
0.11250393225199,0.560397780835816,17.5568021601499,27.1823979969238,-0.929542792017057,0.104996928858265,1,0.227148442596509,0.963918704452955,0.49052223311833,0.813939437301725,0.920508170577299,0.748575601154926,0.98045615090188,0.8340204056384,0.987734194728616,0.79332632591924,0.839575209820369,0.809154270213007
-3.29518225538895,6.71056916825324,123.763230534461,441.721631582169,-0.989999966909621,0.0353388639975645,2,2.3778356007542,6.35721830645586,1.50288187231639,1.75441992880059,1.61992783180572,1.78739130753648,1.86501969197635,1.83330081844046,1.92748781326635,1.91134515120292,1.83371633259238,1.8454320671646
-0.0315188312798708,0.93171813069313,36.9110054993496,62.9944401951422,-0.945441655218567,0.0882608315751704,1,0.918508438844439,1.74297658280698,0.83161920913014,0.812491105055561,0.758175573696787,0.949161752555594,0.776641308861158,0.779926102160835,1.11670929505549,0.803969799998667,0.7738405638677,0.90936854919361
-0.404230625123324,0.860101888077994,30.3534296850845,46.6396787222798,-0.930461208718552,0.113253860829959,1,-0.270673235253827,1.84063625280618,0.541044440275424,0.898570502410677,1.05862933278741,0.786865269426537,1.03145532558541,0.822760378031952,0.583107563670985,0.822125453815476,1.13011943604717,0.823229384699096
0.204321762751643,0.895318791323564,44.8622816390819,80.6396816804251,-0.953346494290681,0.083553225200086,1,0.925881581458851,1.20693693140618,1.27562504840912,0.881444355779289,0.647341036176067,0.95070376766752,1.45193811497014,0.979899477860923,0.965847417325077,0.928741948497541,0.484706671318352,1.02716915158583
0.704327012712506,0.993726906366186,38.1807528232309,59.396489955594,-0.967912798404799,0.052365939950265,1,-1.25164599300591,2.02392592306704,1.45731813231466,0.767347825977352,1.56568741404145,0.824483379420744,0.879280205007116,0.82496734093737,1.08436626935876,0.902731616310564,1.68400884524685,0.790669995587979
0.688029178881289,1.67752555820662,106.573843181945,273.012259265019,-0.989999967561991,0.0253524482917861,2,2.47216290515494,3.88952751720555,1.231415234796,1.28458913840479,1.69595717342669,1.38928907081448,1.62287162733293,1.28428339670118,1.6275270223731,1.37953715521825,1.5441350024199,1.27640453000236
1.13469064095159,2.35217013570476,90.3558586685402,312.457091066516,-0.98002886821654,0.0679931856757157,3,2.0487699484751,4.44921866720607,1.78067298440234,1.74695675333738,0.811265050978514,1.72797843540855,1.43942124673512,1.7265816985231,1.62356474649251,1.83582162416194,0.449529578371892,1.63298968086799
0.69848708551762,0.537380851601556,8.81102257615244,7.46007384590308,-0.747035720996617,0.185226788785208,1,0.614222943873678,0.814867035769052,0.528406784040358,0.431467144791691,0.0669632846797214,0.494022096309973,0.66449016094409,0.539240699980433,0.377382888491418,0.502367550749695,0.707490543584675,0.406068963303796
0.395053725506005,0.342169635355438,6.14609224016298,3.13743605564884,-0.638473203112719,0.2241388992978,1,-0.189295169187779,0.596044724181925,0.41088013781621,0.320806708682742,0.45258116339511,0.286592939789716,0.621381474200594,0.288964946115308,0.165607980068425,0.449711935318701,-0.173365906247467,0.580347778612139
0.181682922595258,0.272372506527921,3.36888359827538,1.92040593661398,-0.552631629746845,0.22016431196234,1,0.805526452536103,0.514284971254365,-0.0150020898485901,0.380473936201747,0.432707140918267,0.281444550857406,-0.582237374454046,0.490652406610991,-0.0814375502274687,0.441839968846848,-0.0700691763094383,0.430868474910096
-0.187597050363818,0.743241432039571,24.0527149950356,34.8740866124077,-0.964911950218096,0.0540273956620446,1,0.682838672128205,1.80512267622535,0.660060406206572,0.749557693569051,1.2356189672401,0.751402526001502,1.16898572144982,0.800377671613794,0.836089514516219,0.823559392576988,0.915739848012587,0.730308733440004
0.276400808147647,0.570280472882995,12.2627655464732,13.5368945463008,-0.78004651906749,0.261734126291808,1,0.38648024693985,1.06240514882667,0.665840983767254,0.637979804493879,-0.287320326858011,0.765872061915876,0.241321966323119,0.752203705315477,0.938895736550024,0.594970186056,0.561947149617456,0.551581198868724
0.27498595768039,0.522062477443582,12.6486847459963,9.86796410016161,-0.867303635402296,0.105196311925806,1,0.232856966085055,1.09535315958507,0.475965222506343,0.434593344027569,0.609198141364659,0.448066480368282,0.573883889377896,0.435142270760892,0.0628438038037442,0.556430497659106,1.26476170326578,0.490039319351129
0.618767692449628,0.591764158719363,12.7142006445961,10.9664922363549,-0.845055690010093,0.120363748193184,1,0.518588297073414,0.948783922245329,0.472537471006787,0.458463423603902,0.457913783507516,0.508651506730994,0.65311430096065,0.477388200923049,0.808235202653635,0.424833916971829,0.706365892963866,0.541281972379347
0.723335960348749,0.725175867178201,19.1751789039529,20.6080092540265,-0.932063369197238,0.076767217908549,1,1.19018626536769,1.07424020674882,0.751306875454625,0.65285772674256,0.867529791012415,0.613685506373703,1.02898157219641,0.607708003991996,0.819087305730591,0.61226538744243,1.26949429053882,0.583330784354717
-0.406149444344093,0.782502630480034,26.4915072234855,44.007005699491,-0.958246930671468,0.0686833870811015,1,-1.75411784396549,1.55447993416765,1.38201792924323,0.860063687275761,0.45730885774625,0.904977498065149,1.31387005894924,0.875517613287136,0.993900968860999,0.851177455632036,0.858121734532471,0.822326164128393
-0.248238780040099,0.602183602685052,16.3795739311816,21.9175972845751,-0.920199620749459,0.103982832650407,1,0.527602100519851,1.07482812623021,0.677273349642199,0.708608657821211,0.456820585544313,0.762433857291625,0.86298561157965,0.640947956750013,0.422387707127161,1.01932371850694,0.472438062326992,0.815574570980485
1.27854553915276,0.920911740218386,15.8996515502062,19.0776560713218,-0.898972549320853,0.133988045064589,1,1.62750608314813,1.58934206605895,0.806608055902012,0.593976771226116,1.00180508194976,0.614442896317336,0.679994821586487,0.656140696254566,1.22233722454732,0.620143585530786,0.481404637143284,0.776726637982859
0.0196344192265694,0.482552635607982,10.3550560731348,9.12063179944877,-0.78705283598778,0.17956583725765,1,1.08080089956925,1.13661796375646,0.472895502197314,0.491079695407421,0.455051140572141,0.550870003536744,0.610963043683489,0.536181961446655,0.968953641416407,0.495651862745275,-0.285995962659556,0.591007228096407
-1.0282365127238,1.19095647866388,52.8145621164897,84.7652120440981,-0.968539352054964,0.0522233369478358,1,-3.08954484003073,2.24553215316339,1.32460467004883,0.816414925857332,1.22940050025043,0.816840495467081,1.39893360017414,0.89689538452646,0.819294495225797,0.918749949011772,1.53379781138535,0.823201933692084
-0.776666325301356,0.720857179424067,18.0873658088314,21.8041240597081,-0.946897971152636,0.0653628345743,1,-1.21298981136165,0.955338756252502,1.00780953440312,0.56310687804974,0.733714777373761,0.702557260791831,0.906205514768714,0.733201770523996,0.82498826956433,0.719214680730028,1.21466054285574,0.613948469780945
1.82719604875146,1.82324987104242,34.3160447408116,67.8698467106193,-0.952679633520029,0.0906060683848372,1,1.2832655723768,1.85441091704141,0.989668142324327,1.04048495794983,1.25242276217883,1.0799735857847,0.741861068897261,1.05450731352515,1.27850407490481,0.861855361635176,0.923589064806558,0.994597936970443
0.165829162427382,0.435981320500224,10.7554913209056,10.0781851560165,-0.861465449784533,0.135584407319501,1,-0.576938307758666,1.05638910271631,-0.218182204279316,0.651769426396723,0.679966315383394,0.572066242435157,0.551570702703974,0.585051688996819,-0.0137969642080047,0.567153706181709,1.01005341760893,0.524172453281217
0.345124344544238,0.345383321007354,4.43276236366646,3.68882570032306,-0.848262600691785,0.1304038888511,1,0.922077778543632,0.774926610453971,0.0952506278096736,0.491947719009502,0.387197532560643,0.487590548067274,0.356814252376394,0.486086384287074,0.354614393131241,0.455246594247213,0.127526818067545,0.487435202303332
0.188893498393139,0.727159483475569,22.0300610193627,27.7407068486909,-0.923425475069761,0.0903514624736131,1,-1.09338959211991,1.77231637561756,1.05670198702084,0.560588585637089,1.02085994261482,0.609581648052091,0.807969216465925,0.7634718066751,0.980882957324341,0.692843551870102,0.519918636967169,0.708072879424616
0.199796336757145,0.570058435521085,15.8011543058034,16.4676487367859,-0.898375314009028,0.116471074933725,1,0.771534164993535,1.09580453073407,0.86598441396342,0.609405211617056,0.583338143101985,0.556885135532726,0.777819090421373,0.524540948216735,0.964975248017311,0.666246451012976,0.488756001621089,0.650999668317371
0.391830354609581,0.475493586497681,9.17316388517797,7.33705408514131,-0.746736701409647,0.187957484335473,1,1.03662917742462,1.0230391648335,0.388692135746938,0.438740356634069,0.801273108465956,0.476572435819923,0.215514603997516,0.41641445615223,0.559365588043535,0.550887478812341,-0.419415766145273,0.880709568256075
0.386145531454237,0.585657889066517,14.8332419170191,12.2857854538378,-0.845362871955549,0.112761019230581,1,0.609420318732602,0.973977997325305,0.603933563192094,0.444601064678571,0.819604451201073,0.524943293761371,0.226290264074946,0.723275107480951,0.922382153162672,0.490528660754195,0.768810763980854,0.416451183371047
-0.376993550012665,0.437338787178691,7.63197747738665,5.34710481626521,-0.862451332017229,0.111774837534303,1,-1.34149472215203,0.92117544035251,0.574429313408312,0.398664876878759,0.828572668059579,0.408671352371432,0.446033924737966,0.480589499945934,0.893248205336195,0.436541056686786,1.04314308260794,0.4668909274832
-0.330486949552254,0.45246783347986,8.27840485689205,5.52414393075375,-0.608698465823065,0.246069600830775,1,0.378660779233097,0.645574211213268,-0.0723717782127663,0.391916015857433,-0.287786061671574,0.490925234932367,0.291117333452331,0.432647012708445,0.641801379561566,0.509493962971191,1.02377024185999,0.505225336013133
0.0395599265775019,0.584828135989473,12.3449289857931,11.2745693450831,-0.845600447265761,0.161352944284333,1,-1.02043136442992,1.33176703617672,0.708862933490684,0.525497845228018,0.3793439668361,0.460897956340078,0.201047165391329,0.649151798658042,0.294228325787287,0.524441198302142,0.575776956254029,0.583261953100789
0.803594712047098,0.497046004205382,10.1439354307738,7.56332194246842,-0.781329308555241,0.188804628217903,1,0.274631021165698,0.760500973414181,1.06477246707725,0.382189535563544,-0.561772121924808,0.56147925495589,0.869396047759777,0.419591869648452,0.729294756361879,0.319935868775257,0.0683771000206242,0.55857326980255
0.980140297275747,2.2904943353935,156.525956175804,397.26864140546,-0.989999977660463,0.0247520817337167,3,1.60126325945898,4.31568153060621,1.46280980519044,1.25298924720623,1.80619562787085,1.35075693646421,2.01426209492783,1.21377285757581,2.05097847344898,1.35840082629506,1.83727127298409,1.27900582497713
0.09747382716451,0.674809078778778,19.3669816208867,31.1188189048998,-0.892280890031402,0.165174142709266,1,1.09198809348641,1.32182843442271,1.01677492679803,0.828021582647748,0.69097744419866,0.763397349569671,0.341023351413537,1.03484681758747,0.133029573102174,1.07923485172686,0.581626686718307,0.784143710102757
2.00661802656844,3.59976269609075,62.6378477196338,210.596562761811,-0.987367462250855,0.0415124576134922,1,3.57297691340606,6.77961016810789,1.51013649153199,1.6763480523258,1.87492611506915,1.71974415454788,1.3134032242281,1.69612693956339,1.58838712444165,1.7003838040199,1.52196146431286,1.66988537798123
0.146715903512075,0.530297331209753,14.169163144051,14.7082153934657,-0.776948714209413,0.253990983002417,1,0.435529140867802,0.763785441469336,0.549492641373037,0.585852801307205,0.00994813655990166,0.621181436879194,0.605745488382887,0.594440789694827,0.346748589176608,0.652034189429255,0.280748305831254,0.690363962557719
0.725698301886567,0.801718653525473,18.577065866252,26.4276542017417,-0.913629678223665,0.123956695553213,1,0.36945366241471,1.40072186673303,0.449839993939698,0.752740870903446,1.0263249325782,0.733712066294887,0.752229775681518,0.797963534901816,0.925671232744186,0.59242754702052,0.496407228557938,0.75188033447726
0.0139433113127722,0.32943923531475,4.76812301139813,3.02170550876907,-0.65458603995281,0.244333391227556,1,-0.106979198173755,0.529052657497145,0.00705984908380596,0.377292172635508,0.435334192681366,0.377550123340409,0.00950499790030205,0.467426239239588,0.334490201276646,0.331800035034457,-0.00230629720663585,0.481142924541955
-0.164054357439797,0.629239865065348,17.398552267617,21.7533476183179,-0.938765238198638,0.069386500703642,1,-1.33706847705386,1.5861685267776,1.11166066949014,0.601502169912777,0.586705625898769,0.669650558742019,0.607782386473521,0.686912800354191,1.36638639084967,0.681089577098146,1.35730818059314,0.684592017960022
0.0270947206535072,0.517858511697835,12.2119879648777,14.6881133652499,-0.912253319423055,0.111926116077827,1,-0.129153797633733,1.25612002927745,0.715041670994245,0.651886734590226,0.553282497845454,0.701210055901476,0.705815725163841,0.706166305574128,0.531229842942121,0.703705012037482,0.893825769967555,0.709810081436232
-0.486047605778066,0.668595148149966,16.2005555249442,16.1621026520073,-0.889619395100585,0.10143670077732,1,0.527470703837545,0.684086051367191,0.610262441382664,0.511080355883924,0.915566617719662,0.521070538166542,0.664087043860669,0.551141617039253,0.313907486159317,0.657931568744362,0.75119110666652,0.663426788900395
-0.428131272579648,0.637727524463091,12.5153200323104,11.9751440922575,-0.891007162678502,0.103193363520489,1,0.667682181840868,1.25082697341904,0.62805746270466,0.594739017211301,0.853581595053188,0.542175020851508,0.745001174192,0.521195796902784,-0.0960170687845878,0.634089948277175,1.08765360124649,0.59528339039562
-0.214416077547244,0.575102248195703,15.6136854204378,16.5141529054048,-0.920596855017813,0.0952882263975312,1,-0.731683085244973,1.11451446980368,0.833275651957386,0.552664224606181,0.809601073465027,0.571468781209642,0.530207092472512,0.588720065496061,0.718723607164011,0.597972587345051,0.580954979514343,0.675489433360347
0.569300934967428,1.15149478832486,33.716987641438,59.2704586999962,-0.957931081817288,0.0766158547417659,1,0.37175989324408,2.15198268292309,0.620536363359209,0.975607584561183,0.810604191270272,1.01334432509037,0.768398368851911,0.919173371397353,1.26668722822958,0.919279386445362,1.71875990553329,0.914983745135869
-1.11041737917702,0.755647328270822,12.7264681126976,11.2750358708134,-0.779352317936488,0.190627293128093,1,-1.42207368634479,1.26842556534969,0.714039952177015,0.480463975806611,0.537820210581118,0.53114171530224,0.531606724760739,0.515883746070682,0.414716774426123,0.482378070349266,0.401207222172369,0.83546365330684
-0.939103223665966,1.06930232022182,32.7228632680918,41.1265428285166,-0.957004762466034,0.0538568953428827,1,-0.502914404614039,1.84749231672287,1.17564952932411,0.6707654536196,0.753222245421531,0.736410334062876,1.0596531296521,0.712905533465327,1.51546902946474,0.650522142759656,1.14861113992559,0.744294060654412
0.862271987512971,0.704321507104717,12.6078954346623,15.4193759369809,-0.916593706237253,0.0979758854799458,1,1.52586591358043,1.35546972162158,0.916114206430255,0.602291916659489,0.931338674330465,0.665250881561025,0.816238514105019,0.630656058919512,0.9915566190899,0.624664901739964,0.35730883308001,0.798469231039134
-0.595350803840506,0.74978128438413,14.5815872893496,23.5266547597023,-0.903935233275825,0.159665452319845,1,-0.719482660991427,1.56616238550649,0.665623203102404,0.80127433237191,0.708728622151238,0.855793809681138,0.636274294096997,0.953451049711376,0.282520371066654,0.87951841358488,0.766928617556202,0.85652944954883
-0.440664049809833,0.716502286458615,21.187709618435,24.4296849755848,-0.909389605599232,0.100246677344896,1,-1.02112766009998,1.51185374968729,1.09984811204412,0.629009236323284,0.674592079971094,0.540330955962763,0.968110290066015,0.594227565309756,0.872019447244856,0.667954642812666,0.859083749568423,0.664528016042554
-0.81637906286665,0.800745566138698,13.2601588436394,15.9185118764847,-0.866081530691006,0.189551417950315,1,-0.501079211579383,1.13181114529486,0.602655122979404,0.658666294934796,0.0561216988955233,0.770231527644589,0.821884183218683,0.730105503506788,-0.100506457068569,0.789776029667318,1.00204274186511,0.597137854376226
-0.401456976610511,0.782322205391634,19.86070357444,26.9857934858708,-0.887524412568502,0.149746187686767,1,1.21162813108566,1.31362472678578,0.500698858047526,0.705417641564413,0.281385939290742,0.690768991266463,0.625462096824331,0.806222073067359,0.735928106185167,0.731401400239514,0.366448858128724,0.631736554791657
-1.58767913705745,1.07892631095288,25.898358815453,26.345660113858,-0.914327488914115,0.0839375189068476,1,-1.50676081364683,1.27115709697516,0.833530978140586,0.582833239727754,1.06589840200727,0.579405635395507,0.956266091081377,0.43440931828049,0.480379893286458,0.631687707171418,0.317025223229649,0.725300024013485
-0.396660671652484,0.978469857548339,36.8254634772126,45.4212346620127,-0.952819547207482,0.0534247831613644,3,0.296617665331298,1.52101547990274,1.29864115975141,0.684041430899282,1.24902453751567,0.788343952929384,0.039419954120984,1.12027223294569,1.20068999959368,0.684144310069058,1.66711561060066,0.603266666703647
-0.454517019429939,0.483779860935572,5.60309020712554,4.35370792507495,-0.568007194238854,0.416135274344576,1,-0.54971207918294,1.03724141670934,-0.0867146955222663,0.557125968853935,-0.434308828333634,0.467902414791375,-0.417464749508964,0.430354411988847,0.458231033444296,0.423967243792537,0.24358332033456,0.468515525614497
0.57297179317319,0.483484091733238,8.26623982879039,8.54579593857416,-0.861477462832554,0.136754536928087,1,-0.426533705045934,0.887595598756325,0.926476758026902,0.488215642553665,0.780190766380803,0.622501686355314,0.0890353136634804,0.737244049427266,0.748397084166254,0.552940755643946,0.250751559148537,0.598618783771319
0.40005118609137,0.405658111439173,7.36500238676922,5.3455407470191,-0.781539661306217,0.185738148044019,1,0.125715153239978,0.788696196385927,0.539806770781012,0.429655909035311,0.130384340286678,0.411745291388098,0.205212512433605,0.443322339513988,0.269998365492694,0.448000927079047,0.844982758050897,0.454267418442073
-0.553705148094408,1.62654579250468,78.0291493758504,213.245146541835,-0.981598122054391,0.0494891887049087,1,-3.53439226069349,6.10294104011991,1.5370868486223,1.35566034069756,1.30101617416877,1.33983680034156,1.79948632657095,1.34316633806744,1.34979146275908,1.4303393959362,0.995469837002968,1.47693592943346
0.260298008930409,0.418740705511171,11.6240658795359,9.49877749838179,-0.788868884759749,0.185768938553663,1,0.450463174214194,0.413011639380972,0.352669857517202,0.491928727036311,0.48036338765293,0.506312626723339,0.206006570189183,0.489178845625705,0.656519503655012,0.407859194002614,0.535171469110427,0.620057773140264
-0.676747528068637,0.587261720305082,11.1818798247391,10.3851756215081,-0.807393072777888,0.175824874303679,1,-1.71177747345274,0.954258716861632,0.389663792281286,0.470059582379264,0.44384319263825,0.524994700274394,0.938816217859389,0.459420236371864,0.117466611149926,0.658490667465978,0.462593384680387,0.582644935736081
0.207184078126768,0.299004442006362,4.08374296487933,3.22040492703882,-0.803106827890767,0.155203951166819,1,0.374037465135694,0.646142148076984,0.538663254072722,0.437382535157029,-0.0185309162801138,0.470503104980339,-0.228350931815837,0.515714923259865,0.234270055789654,0.53303747375796,-0.107667571967213,0.634995691833597
0.593684843288735,0.689478374536942,12.7566271119192,11.8324347762555,-0.913793194815525,0.0811105152688104,1,-0.33082938737043,1.4666681480901,0.992410644478796,0.517445905966117,0.509508691912796,0.486070213427497,1.25712967169703,0.518231647850006,1.19808640220774,0.552396819565719,0.406378296064658,0.677263894624215
-0.1651362040785,0.518708422524909,11.1925550368206,12.1795895122258,-0.883175728943988,0.127679716943723,1,0.311372439791256,0.762926153699606,0.443313292928318,0.568789379957282,0.39257705686392,0.576473090202577,0.635620733555429,0.655967899828378,0.932129859251297,0.549054077956651,0.504436612476653,0.676992299286388
0.0341151035442131,0.538768344539865,13.2529892210281,12.1055089635248,-0.887572199640314,0.0956023292359884,1,-1.35872185844497,1.03696263670232,0.398884859980617,0.483362609046602,0.873576725233494,0.464257432072321,0.785183702413316,0.517243280211253,0.526038509652413,0.530366993410973,0.285354203566907,0.745348460439171
0.292613849772994,0.576699327037688,15.921616852736,15.8233897419128,-0.908652924490747,0.0830366135431879,1,-1.57229272025106,1.36432538541675,1.02519786224213,0.466659919861755,0.343838492128655,0.557962336400046,0.995751250863719,0.53425398171063,1.18680494416012,0.553421522600833,0.224131360039858,0.694728408494072
-0.540184668534043,1.15975827485497,73.5002129077374,103.56769105414,-0.942951249088677,0.0803706973172556,1,-1.11094507167716,1.47348799288865,1.49955360603914,0.727371630827528,1.33535682916854,0.616347316504503,1.47127219468528,0.786186704095559,1.37116139803462,0.943266099555237,1.52361289241892,0.698160311508358
-1.77762556759751,4.55419210177988,417.949181062233,1768.28007859304,-0.989999975911276,0.0421631853331354,2,-6.35701347677045,13.4227058427449,2.05559653378805,2.09997056242054,2.16473649149627,2.17079125172714,1.81991208656511,2.11343469489865,2.34899149051517,2.25254344340855,0.841752709390095,2.16769273388801
0.202585017349097,0.365933699014402,4.13218882932127,2.49464267923422,-0.579063811941265,0.300587571058898,1,-0.264207296982733,1.01619326187046,0.488453479730028,0.354829760040705,-0.0323455749190415,0.388818562378186,0.298030033409517,0.365256182161175,-0.239619701628079,0.527666041809637,0.42739488283664,0.408496843078625
0.823718300917686,0.987455517449507,41.8975047320873,64.7265727125255,-0.938267616640581,0.089858033310037,1,2.01317690855659,1.81446396249672,1.40730331105457,0.673883175033059,1.22490957874425,0.834380299675432,0.532919711479243,0.94637365762085,0.869971747606025,1.0636396614438,0.983056594865609,0.841189111011567
-0.0864572822582791,0.980103839791228,44.2399995142645,65.4127494340575,-0.957335118907965,0.0667360102955368,1,-1.9588166619561,2.78894908000756,1.12024910456374,0.772509225240474,1.13258807138001,0.718210122442018,1.05487926023094,0.825096327580171,1.48128663784354,0.752208779414216,1.33386147700551,0.96341228941274
-0.110196682369773,2.32020203094861,273.673438023333,1068.44054031497,-0.98999997934356,0.0389286705821894,3,3.14903707672855,6.87536081304536,1.92827830326255,1.96866129630834,2.05052026065504,1.99195159496445,2.11952597490935,1.92718804286041,1.81688187774564,2.05581491682512,2.08463678748417,2.0347592177922
0.117129167557576,1.29318526095542,95.5328364084584,281.558805681527,-0.981329177441716,0.0545603897109295,1,-3.58242297634241,6.21145047793646,1.45560127019184,1.45270429956249,1.52341960304202,1.45505641567939,1.5634165248307,1.57434057418152,1.86968790087425,1.59451679974165,1.68665932055747,1.51204078474684
-0.349902908195317,0.484423965338944,10.8719589889004,8.93687963691868,-0.893410725637677,0.0860372106213463,1,-0.774359158351957,0.711661105149499,0.613628079984862,0.469129312428108,0.62417434477501,0.487041059214704,0.444467179569961,0.481716114102189,0.734429465436344,0.441314459394084,0.373209420433286,0.64827903474482
0.396363131954607,0.398641898655042,5.65333907833875,4.67282796680154,-0.740497959710694,0.221689207521861,1,0.0251926752395363,0.880437081259057,0.3717097382924,0.39953247759795,0.132985785409331,0.519659209774491,-0.0809880177993698,0.544809035813859,-0.157948670446217,0.524479445671358,0.00576847913081433,0.598860072030144
-0.408350272378885,0.679910369439589,21.998732252461,32.9363284645687,-0.920747109351325,0.116986496590818,1,-0.278885531254456,0.900935141942755,0.722166676474107,0.744944866696236,0.821388509305102,0.804063893056982,0.937424270838809,0.893630992110376,0.718291541764375,0.837932989083751,0.994392482316668,0.728349022030402
0.864939736698757,1.28085028662385,50.1031855509187,95.7267394009618,-0.966186168405815,0.066404063625515,1,0.676501341456,1.96642992705912,1.52223236438278,0.97230182561207,0.515742109622306,0.982240820075963,1.18413654357884,1.00966652044512,1.65714476057317,0.947787050161922,1.11877114987809,1.02775651975041
-0.44850832213047,0.718272610642789,17.0845381138458,17.14476938603,-0.922912510404816,0.0790393761874286,1,-1.87535614018659,1.70602407522513,0.36578573934618,0.529858107426543,1.00024799902378,0.542634861312578,1.04935621318723,0.540021623778563,0.670970345712005,0.545536972217075,0.716263238129147,0.576638655461837
-0.719720050907572,1.94920705864938,92.5751614619025,251.070783580059,-0.982237050424552,0.0469748290028971,3,-1.66904643155399,4.55238086614918,1.93423565573482,1.37186925769034,1.56716367405542,1.40412863363113,1.39101656208715,1.37765784687959,1.73700029667362,1.35793552764525,1.39377318994599,1.45223085241445
0.0243034755048709,0.453314447405382,10.6578858035326,11.3503615995156,-0.872872848269339,0.14456526802976,1,-0.353130355123737,1.05522456226481,0.867424329179457,0.527669579191682,0.593966727029581,0.594741531981966,0.658122702182323,0.667495752485287,0.99609027379904,0.485971530888285,-0.0558145299534933,0.722401213705906
-0.427805608099658,0.473706649065004,7.17461809497159,8.2796263341852,-0.846332918528171,0.167000232270449,1,-1.20642720109655,1.18485991405415,0.691574505936513,0.544788407872346,0.534914392750159,0.571984346611753,0.145748567793537,0.872219722316975,0.269818168715972,0.763132851438747,0.387025899125763,0.663637779568765
1.31904603294742,2.58804089995822,136.989452771095,433.938565906695,-0.989999973820576,0.0306148649597712,2,2.20099587542584,4.89851242775162,1.88538450822008,1.5229602935867,2.08236901422759,1.64316775418995,1.77490806625671,1.5997429066859,1.58366977469368,1.56801301863128,1.65477444569429,1.63692720917356
-0.466181706749405,0.565874090558701,12.3028168695054,15.7049680555926,-0.910174469481838,0.131673128076652,1,-1.300236230877,1.17871034419467,0.175929203814588,0.673808232983551,1.1152735756773,0.712697190692585,0.546026697772448,0.669975886976861,-0.406361177494475,0.965056139693337,0.534273797326955,0.808536748903501
-4.38513102370831,10.9850815739368,346.980551226728,1647.72365079311,-0.98999997189096,0.0476607559561196,2,-0.735902372805507,4.02692818720963,1.90672413045236,2.37159098870047,2.20683843259342,2.4142674448175,1.85266525543167,2.33187991096145,0.897379329912524,2.57085428768334,2.22000711237339,2.34892210533587
-0.368949960351003,0.437938072116325,5.76466844523201,4.27987730035771,-0.697093935231526,0.239140668250949,1,0.127508864036517,0.91643668736532,0.117833394468929,0.443093983017982,-0.217668740656563,0.532593907545009,0.47437828394088,0.513843169086933,-0.0333790494001878,0.483475959033209,-0.567527311616399,0.671440869790697
-0.567486233990039,0.450561078555679,6.05993712009155,5.14218561284617,-0.629091651457346,0.321474187166997,1,-0.342197435639399,0.709062604877023,-0.222941933696468,0.474779027256897,0.393084279941871,0.44834688207063,0.0333604334424903,0.565735134185812,-0.0877271964480097,0.806317736037519,0.0113643175065211,0.601345178529595
-0.0920216406169512,0.720459218131313,22.1183268738464,25.1470977174827,-0.90652499468098,0.104442445650265,1,-1.12465578562129,1.74849302249682,0.731073984783248,0.660153984698811,0.461799554806572,0.60888600916247,1.05161357166993,0.607199600604328,1.16863187220468,0.578399015398823,0.839369424596773,0.580242454708714
-0.313527188243428,0.780819146380191,23.5610628662583,36.051135484274,-0.921335491272807,0.12363224177752,1,-1.37397980838288,1.47403983489623,0.886550415540803,0.831406938145731,1.12027218752949,0.761564244862428,0.841422688381175,0.903791897056132,0.879607435669649,0.763824550992194,0.455234065204679,0.764179841386038
0.37448122414246,0.333628076263027,4.68120826526291,3.25780753066207,-0.817654126402348,0.132320169025159,1,-0.562646416935639,0.650458677534632,0.561100078630839,0.367749500635484,0.0308299441097957,0.426779273667665,0.90931182060095,0.363581137863242,0.183628712191322,0.426513402646169,0.355477496249219,0.472029455146656
-0.0755020004018494,0.444829647709373,8.39367737567086,6.53951868598818,-0.784636047713944,0.150295843527969,1,-0.149000301804383,0.980745545784646,0.581853625878325,0.488035335331156,0.495304538297566,0.481276306872356,-0.100420798720468,0.559405961761588,-0.30917384315476,0.724123353759436,0.567488047568328,0.597227159399337
-2.55370382579903,5.4960883145639,178.268772170156,678.284179460107,-0.989999950135793,0.0387196838980469,2,-1.46241482858908,3.95728652101316,1.98535219873827,1.92561085320717,1.54880112335316,1.98519436596457,1.61215553569354,2.0544996550391,1.71573600787891,1.96899628831963,2.26697752973394,1.85467474496531
0.408870500285452,0.442472704921904,8.54883816285712,7.23008195287985,-0.889958790837753,0.095776469079696,1,0.00367594139810815,0.882235958791635,0.483939278956433,0.549867056950044,0.786975020133443,0.486834594274893,0.650279877380619,0.412012741693204,0.823075428215982,0.489654943078966,0.789035880809986,0.539428276901455
1.65902294412426,2.24225110983262,61.5833079498093,133.475917311091,-0.966218395731417,0.072097645510015,1,0.48952278768889,2.1182593827833,1.02939129147021,1.09892282106283,1.3325584604873,1.07389231935016,1.04627398427622,1.23495268708268,1.39699958478399,1.07459610506792,1.21642441113294,1.27685127617281
-0.0995825572793833,0.338477428467906,5.20009039671993,3.18544169587371,-0.674385308261697,0.213858580973076,1,-0.525768872152245,0.592902159728739,0.429838432163129,0.312577010883741,0.198939919546389,0.400087665275223,0.330498315521499,0.369130748268732,0.269891035295456,0.405850588287453,0.567981699614139,0.475910737105667
-0.241904034657786,0.386983010648064,6.04700583719057,4.76143683933693,-0.693176040971554,0.264655321112334,1,0.345066621223348,0.628583575839864,-0.77916501566791,0.590133330049271,0.429080724618285,0.415544328851825,-0.142045710560148,0.595010982259979,-0.186394599441391,0.64495382917552,0.447471856075987,0.493494906299881
0.278476652982573,1.29589401968492,61.8554582523933,145.038858646189,-0.975439071167894,0.0595329932482311,3,2.35128298564218,4.4062323107083,0.936799976215383,1.25638299562156,1.20914375723787,1.32329556332441,1.46101025958674,1.18858614960211,1.35977366278506,1.20846287822657,1.39720093107924,1.1635000316065
-0.32310713146823,0.297638756138006,3.73809534113589,2.38388227767435,-0.635558428953402,0.201792358191581,1,-0.832203037409966,0.587400728553736,0.27661654648852,0.4085759506467,-0.14588874790669,0.410876553535047,-0.531223007981441,0.458749495342786,0.0222551563286379,0.446093957947045,0.300815773152695,0.424877941768827
0.130070887468748,0.477002931300756,9.1639674434735,8.98166692273893,-0.865141802530207,0.130685007471819,1,0.470440711923001,0.964086901713667,0.240041054956988,0.593232347316595,0.626413124439922,0.590269096912934,0.289274668098334,0.611627980160552,0.925182479658642,0.497706313764039,0.0156599064073664,0.560027344067487
1.46767904327383,2.26644209744296,63.2354402893921,137.990572937015,-0.978919615239898,0.0474251713897453,3,0.637951657832854,2.87536302757889,1.50070715993741,1.07499183172336,1.31685933040201,1.09074537534395,1.63786708898903,1.13754116721702,1.45553062990178,1.11163243069241,1.69298794495088,1.1572768067671
0.00234605114372146,0.305239772343137,3.30939779013399,2.49361741471672,-0.806654846302939,0.153443349041669,1,0.00485940764146334,0.654250064458371,0.218784764808747,0.400376281945989,0.082629441841805,0.452917018891294,0.157138527159985,0.422454148416667,-0.265880746886053,0.553243092037772,-0.112629005940235,0.494632503508327
1.25522214945081,0.979554712151331,16.4942949553459,23.1133768480086,-0.916592488297582,0.120540037434122,1,0.868999102779301,1.02440415747772,0.88206057195895,0.685716496538473,0.78970468505133,0.770555227553494,1.04929922958105,0.796211566846342,0.758403235218538,0.757300242614447,1.3668793828962,0.850928821508679
1.03596017191445,0.781385788575046,10.7617501331994,13.7752136421943,-0.918474202360484,0.100706321379652,1,0.116671382235668,1.06023871092511,0.879247794589558,0.647388433787574,0.955451626060259,0.69102578386341,0.871108165383657,0.633960160539213,1.11442528943209,0.702360578196008,0.703442182652407,0.681505408165064
-0.400369016570956,1.15012040310338,41.3224607380512,95.2428191551184,-0.967553382117366,0.074628746824938,3,-5.21919875853738,6.64082350233139,1.520410545588,1.17057867925525,1.21576619821839,1.15725598404197,1.30779515475175,1.21265366115986,1.37387794683154,1.14880242872391,0.971340617826119,1.12534934002285
-0.982943595123118,1.13044517694784,39.1956984199745,61.0339338399551,-0.941927529316584,0.0872049203510479,1,-2.60303560761303,2.50183615870118,1.32397567689377,0.847876834612037,1.31044486640374,0.771278723073556,0.944062926700975,0.89372147507558,1.55803198536791,0.777460301743127,1.06663223682636,0.80819087801534
0.393276831561842,0.322061214234284,5.47404509882093,3.7230936345638,-0.662732169131275,0.258168775361431,1,0.648437941895615,0.498650269216052,0.333982605337027,0.351603173845711,0.14687731404795,0.458588932573892,-0.271607320517096,0.499786136262485,0.422954309914695,0.40869737900078,-0.402360215247276,0.585329843643466
0.551082487196261,0.837367099141378,32.7014409626749,42.7439121956792,-0.946132693900949,0.0617269102075709,1,0.920022119650735,1.43046316330117,1.03515147349008,0.696240318249888,1.28530611932994,0.663903699865355,1.50193413938839,0.659799792946004,1.61605960263396,0.750541535826601,1.54509902758113,0.670139270409703
-0.0886915071260865,0.871689324629088,29.1135283444695,37.1482164937584,-0.966318688434991,0.0422573631410167,1,-0.0315307198983388,1.85007950008567,0.765933639058034,0.687598251125301,1.25625472312792,0.699247111381124,1.14970813356756,0.706108916792212,1.11729020449382,0.732670410756437,0.151475746252917,0.863932348513412
1.04871793531679,1.41698159953283,26.9733268112255,47.9404625462269,-0.97440578138235,0.0461980733122782,1,2.64439529087554,3.67952189810214,1.0704565103422,0.950959373668572,1.54254672812495,0.905384630129578,1.02920602321983,0.914054884516952,1.5667211477919,0.908844977436052,1.00954863426553,0.986048450359264
-0.0554102855048651,0.324712590065431,5.18117881125447,2.87404861631914,-0.706988030096291,0.20058045080147,1,-0.711623835148769,0.609221257468514,0.053098764910035,0.382328578273174,0.172972708831352,0.391633029288641,-0.342810451354623,0.486575336221835,0.102212175756878,0.471467586009447,-0.207518732350165,0.483514960670559
-0.308973244983726,0.690597107158265,13.9831369056368,21.6552603198564,-0.955390319934477,0.0690316363942824,1,-0.644232466075525,1.68438607919673,1.17428554055769,0.7757048087165,0.869056242347003,0.787463884220851,0.395935077083873,0.860775751055778,0.346694002806609,0.903586698972059,0.557274976429319,0.896928340262341
-0.107130930275618,0.326414960004823,5.3104272984152,3.64310897395973,-0.728987514883888,0.167155373940788,1,-0.956113859702228,0.730279321425467,0.652843126753669,0.369391865997221,0.399436671046052,0.452943144358184,0.224618611682339,0.389865170599766,0.258402149920267,0.434870354918806,0.97257941427927,0.323759197497435
-0.676253231713661,0.599045849385473,16.3422700414653,15.8101578899446,-0.873240924414718,0.144189774396749,1,-2.20218027612768,1.14878035564318,0.843105425400898,0.522945826184269,0.620502628046466,0.580128097214677,0.688697523998204,0.566782845751856,0.351211343244079,0.641213307062354,0.42233271262224,0.589196664839747
-0.186815099919407,1.38613761407585,84.1323506881586,217.155216600477,-0.964743840554643,0.0912060302217341,1,1.88049399541239,4.0282827341285,1.44925833448313,1.32167498531895,1.848983007167,1.26819778886396,1.38475079206857,1.36211422410754,0.867048020804765,1.35857799070848,1.71407868236664,1.32348894560344
0.162363417466672,0.404509357936314,7.6968745456992,8.351231053132,-0.847520453186934,0.154835328537806,1,-0.137751235973692,0.763815504811438,0.515267235984912,0.647474765173528,0.825953489842022,0.538519751071254,0.0616046431561502,0.69382945228756,0.831647633252236,0.660560839907335,-0.127946146701933,0.67467131447178
0.656193896270853,0.679704641809821,13.9116938851815,16.5865076320607,-0.924948946713807,0.0886532316430201,1,0.0390447426846172,1.20314811614514,0.82452669841759,0.620267485793246,1.16255417738577,0.693279018693262,0.314080802125345,0.664401230003613,0.724892223991709,0.612201271050779,0.97830846899895,0.639840149672175
-2.70963016610915,3.35782428011195,70.5125357212466,149.965701126884,-0.970408043673765,0.0588062833260738,1,-0.621303471539789,2.9726619329525,1.07132214230883,1.07356852699088,1.5336596586144,1.20946349636595,1.43292459796035,1.11703273086573,0.925226781415579,1.20952917405865,1.59543493244117,1.00843030903361
0.862440509632143,0.716436182603354,13.0758413680359,13.7916530004911,-0.933384556158481,0.0749971767990904,1,2.56661454977327,1.65629365282846,-0.0494862205336831,0.709719076121946,0.836432288475611,0.590571653852604,1.09264931145171,0.57970988991353,0.728648847745754,0.580021848853686,0.789393868959171,0.612930093196388
0.365086613715301,0.50994636253279,9.4100496093516,10.7668382979389,-0.834073978411953,0.20055945784814,1,0.30184996921915,1.00951525481383,0.50695366224367,0.596694525116035,0.367511947756089,0.599377911263713,0.465006711209719,0.664203702167706,0.57728573306367,0.721208898181417,-0.222737747261286,0.77723974733542
-0.0367830193744237,0.465466319796664,9.53378288667746,8.70733647473095,-0.851980361411355,0.145612809711873,1,-1.23306686176337,1.08236266628207,0.579365524172391,0.529631068585563,0.576319601021079,0.465793295821199,0.116818593869179,0.528222808139856,0.522901380488041,0.50510880975979,0.689224182327015,0.702346165132046
-0.037569892144071,0.456000266888081,8.00897538254838,4.28557252243503,-0.505682814962152,0.32823273290169,1,-0.95272467345974,0.828915403851379,0.345366492859837,0.398751835688963,0.22736705777729,0.354875407348501,-0.39188571250871,0.523229332780667,-0.36847629499955,0.432388117043103,-0.189652128864487,0.434894587916617
0.508907886502584,0.54740536507486,10.2069027597876,12.8810378091794,-0.910084585070035,0.110978152827973,1,0.0355666917426283,1.06510096927437,0.270514827432113,0.654660014398803,0.901620616093562,0.730568678004159,1.02602390399599,0.629336313992954,-0.120530564158442,0.785746320128473,0.800879587875081,0.629241439071988
-0.752421238017558,1.82243821745498,56.4563684322183,179.172140955614,-0.983936812387367,0.0516811419448978,1,-1.87872796334946,4.81814183189001,1.44094310662707,1.6618705241988,1.08583225666801,1.65029350281125,1.69655536422767,1.63310521161554,1.61931226876032,1.67387487185282,1.06128077559675,1.6291021170412
-0.28394650728161,0.437199166644351,6.93171157290288,6.78215815992962,-0.859569559254542,0.134690062561844,1,-0.57308640152829,0.818721408645365,0.531929664715659,0.5452826011301,0.374478936818864,0.535127717497279,0.646279961494818,0.539546443934217,0.497275717735798,0.479815351376075,0.360340021234935,0.613873605318778
0.757349937809936,1.81532345952745,80.2475133546874,202.078721761085,-0.986133665743612,0.0378448669614404,1,2.50881902863011,4.71577862375695,1.53625280754483,1.33297350649435,1.51197815730272,1.32071676115329,1.37718350063435,1.43254847800198,0.467623122559202,1.40192053560329,1.0733977649299,1.27559119767133
-0.886772017914583,1.09454474710652,34.1530164654497,51.8305783871033,-0.954119299803311,0.0668472863755539,1,-2.00762741376378,2.07543531522304,1.1460280998116,0.758320494391704,1.41307191060356,0.84607429072069,0.614582083935057,0.849935396577999,1.11947167687273,0.852771405877608,0.760309513906871,0.838834685771779
0.12340010821231,0.573812918374766,14.7045567094168,15.8343602728476,-0.885671339690427,0.135955253449378,1,-0.407428077679906,1.09584130642069,0.810354377276015,0.558369496200284,0.835141731270873,0.625697318244302,0.606826766654888,0.590542417572133,0.667924015957546,0.558418723276957,0.754169928481294,0.579657646979271
0.18764964950357,0.474498103762607,12.0670983525557,13.316755740479,-0.901479912044869,0.101382493590506,1,-0.379702287493742,0.669543150785869,0.76461299360875,0.55666956327694,0.431666789735286,0.551826084614292,0.628032885834661,0.576610391109995,0.358672958310484,0.646505895880783,0.913592835385318,0.571071362759764
-0.185890959569879,0.844780058624222,21.4696743084646,40.537079817133,-0.962705361536784,0.0724145274098325,1,2.25435684532016,2.35710722505538,0.743492575919858,0.943466548236261,0.921768544083534,1.01962089456173,-0.0365735145177351,0.995668722077559,1.01280248860282,0.947872961988055,1.13301989325633,0.969489210254133
-0.467104643481294,0.64474332807395,14.7167550583267,15.8927541407393,-0.913080384052082,0.108387841694104,1,-0.699813230055703,1.23212520416016,0.420118113259112,0.634733509506895,0.780558635852495,0.565315939901969,0.516422999410874,0.677674617010641,0.868247064825484,0.660970469544802,0.66570462514114,0.590384777115434
1.23184310889937,2.73719609390219,109.142537472424,387.580373054765,-0.989999939374474,0.0346737262485134,2,-0.603277217838799,3.17119979912473,1.76488803848293,1.76039843172709,1.66701624317345,1.77226778551658,1.41498946058987,1.84451060206207,2.01857231693339,1.78793704479734,2.03607296671766,1.78621121815958
0.0918221506910237,0.957788652530307,40.3319251765305,59.2263189258789,-0.934390745383069,0.0914885720325291,1,0.911389895200888,1.71368095151907,1.0551083657349,0.680674092989329,0.800287299702382,0.803012454806009,0.667110554628279,0.953736734359684,1.61094366650117,0.797840680136683,1.63057777513199,0.778212484923861
-3.19660590519709,6.03135986258408,154.211998810489,521.464473221916,-0.989999865392234,0.0380698100609398,2,-4.76638310297072,9.14658297840217,1.57707983669603,1.70741071929203,1.71674111800386,1.74468516355034,2.25228441650464,1.66034070296462,1.45628912345847,1.84182762562485,2.02035511388563,1.58644208657435
-0.0370281147569865,1.38557862203969,72.9081236093058,172.861208225944,-0.980591018907089,0.0480854984272241,1,0.240346316463491,3.24112387052868,1.10927470749399,1.27426587076789,1.40021774473612,1.1999007941113,1.56528398505113,1.30084365623449,1.66330856392203,1.30137911167056,1.54666527040668,1.22493052227423
-1.55633430297464,1.08457958450081,18.3422201335241,21.9545193640005,-0.945779496665438,0.0724675097526288,3,-2.28513918692257,1.95545050324343,0.737953772505247,0.622935020661444,0.946398658517854,0.644324413187884,0.874127223024881,0.668391809697966,0.659623807715632,0.735536661403496,0.322127626100169,0.760775117995222
-0.106883421746291,0.585725240215312,15.827325650768,17.4806094217797,-0.922067272693687,0.0920922747261594,1,0.105093164496143,0.951080612975269,0.351460325481784,0.622814687103124,0.620493199085663,0.569776892782875,0.764017538300639,0.596667525614089,0.450485441740274,0.639802495724234,0.832722357385047,0.643064200322556
0.0922445814634821,0.54376101411268,14.4800996585699,18.0131561948296,-0.857728007355682,0.187960616205072,1,-0.188756500615428,1.03037034006323,0.656774991004892,0.78795757221312,0.121121803475273,0.76728881444354,0.65257532384313,0.713045541502363,-0.0587364985096292,0.730849192178535,0.186691682735949,0.781165171646243
-0.506381069727196,0.538752778169535,13.2284062653848,9.49613640233566,-0.685728581932511,0.24694415225353,1,-0.664100721975879,0.875388388080819,0.63299741177221,0.459171556700188,-0.0201025690824242,0.537625520053586,0.2264098369509,0.580422781517589,0.59998482192147,0.424464862690242,0.0278890739228322,0.64750066063979
0.250529067614283,0.880228311080903,25.7216634672014,38.379421686294,-0.947800461530923,0.0771092636032509,1,3.39854929745025,2.93255243069555,0.999992816767642,0.792398404624417,0.8006057985468,0.803477375870911,1.2498280293511,0.797297219902021,1.3073428686295,0.814531821049976,0.919930453875194,0.734207076157072
1.37366259125986,3.01285085888827,153.962887404597,534.578182943505,-0.989999966173757,0.0351885540570873,2,-2.6825556877631,5.61399385653023,1.9563918344974,1.75393677105556,2.14612640821162,1.73982073089945,2.13298176805156,1.65921297390061,1.94021796563739,1.81942344901268,1.75582821088702,1.84877798837904
-0.071859478866206,0.619117636858949,15.9811814910461,20.6048863430279,-0.86109420744667,0.181241142765075,1,0.276939064259658,1.22549356772128,0.783749315705314,0.693395708855641,0.446640150505015,0.747165825677509,0.739927058179575,0.618334750135154,1.20320273266781,0.806882967062387,0.656504396886769,0.595308133448912
0.787530835994588,0.644546889680613,20.7355118304212,22.7633564274068,-0.887577913784939,0.122091831622167,1,0.502074600518675,0.894410545879216,0.609085461498472,0.663871440199452,0.772517704085156,0.641953881245633,1.11388003237106,0.592864072134129,0.792263728099568,0.611788136502104,0.88855226333255,0.574807929109245
0.505368589951669,0.338140596127149,4.82706310364292,2.74496002637353,-0.684252951857647,0.183299370376168,1,0.307717111465788,0.511378378696049,0.137850470820965,0.32549121880273,0.205803262505486,0.348694364607105,0.222940939813049,0.376572922800112,0.449519544892402,0.339211552478054,0.104209935155164,0.349355381706691
0.360286260900909,0.546415320836045,15.1613752203945,13.0548472635817,-0.864511216632341,0.129581813671167,1,-0.859010940154371,0.789867201316971,0.803443060921567,0.430186225328398,0.789409730965226,0.446252005196957,-0.200879238511167,0.649093694598546,1.00705295458015,0.524306389714411,0.787291706073015,0.447304013717838
-6.8832810680776,16.7378264517171,291.291780051383,1401.92034524559,-0.989999950471025,0.0476538771566087,2,-11.2452196655341,27.8452451669622,2.28930656809443,2.45353112926473,2.24647662821656,2.49036144691567,2.00311297248936,2.47626864065416,1.78312399665265,2.4046413803419,2.1421173425821,2.34647384171389
1.07146382833943,0.776378918074299,19.242221007755,18.9412495431323,-0.852505180837595,0.132387814614572,1,1.1218352661803,1.15159568835556,0.683754909934396,0.596571056711111,1.01473910859284,0.555721960373228,0.814836911715619,0.584622795475769,0.765359671545034,0.539713535686916,0.520788813276041,0.596199796957475
-0.487125400864008,1.32962612601044,56.3249757313964,162.192424991976,-0.980767035014253,0.0535280035778982,3,-0.850581824981987,1.97340050269639,1.47861176274891,1.4461059009739,1.05393512674808,1.38697387733582,0.793834567706875,1.52505577050717,1.57134088036302,1.54446634268045,1.1459219175762,1.53016248397362
0.0285719641470019,0.482306561969893,12.3832716394124,11.7701100712061,-0.820409859984836,0.175498878067016,1,-1.38187214631459,1.03135189325492,-0.330918625418399,0.639031083008242,0.734828486332577,0.485437377735298,0.720515286716713,0.53143159035439,0.275925276790385,0.629119068863536,0.414371664571128,0.585329379325918
-1.15542372878903,1.05299868123297,30.9872262362624,30.8493816079845,-0.912960386202436,0.0879678914809661,1,-0.56225185331942,1.70194936000955,0.458850989150791,0.60520875429799,1.0696744884906,0.563249831507879,1.04880573739773,0.469012128403504,0.727668868031581,0.606232140908636,1.54153784372478,0.568434635547677
-0.0108927786900509,0.294704976838749,3.37501502112388,2.34538517875436,-0.677937757874739,0.226961596966549,1,-0.267051361343965,0.727038610329663,0.294750226324312,0.448350613867408,0.410514495708618,0.361330450528846,-0.0464632131676476,0.525173809722262,-0.422381814558089,0.589415706145323,-0.048231035243243,0.409240681243016
0.48103574462955,0.927618953584534,29.7251240821264,48.8069098314746,-0.960243481822904,0.0653770150142783,1,0.799795027951105,1.72659600515243,1.28940508756529,0.779000361352366,0.680694084767299,0.888446056361373,1.55561992879974,0.749961321322214,1.68621544277322,0.871861813588037,0.6578643150544,0.939356791272626
-0.0700400469291936,0.452574936839407,9.0981937856095,7.99629675012243,-0.837762275393591,0.14895331857745,1,-0.259523135761382,0.908906681228176,0.278918655027282,0.52853153086914,0.598708720564662,0.470758213776684,0.222736112304762,0.485141469018339,0.722772263118671,0.463967826229568,-0.0110151163910533,0.640451330906096
0.0142748994499579,0.321762381029543,4.86459783343889,2.62184125362283,-0.578206359470329,0.273511346262043,1,-0.290819772460623,0.790604705921047,0.19140222222925,0.408073246013789,0.395326489608001,0.351611492251956,-0.349088956307599,0.476954779332811,0.580234224805949,0.36013799283713,-0.533111789402562,0.402160646515667
-0.718787772777655,0.78160709864552,17.5190728233382,26.7397910087127,-0.904688373115072,0.157374841498606,1,-1.99842458102337,1.66442694146504,0.597633059110942,0.698039872949398,0.836372548124421,0.836800990094401,0.834059251327016,0.797755525083461,0.828539353815015,0.744553104249905,0.780016702376919,0.95772162423886
-0.796110824962722,1.08331098311349,33.8875001914506,49.0851866562386,-0.954988585715323,0.0580684751311892,1,-1.52783292790034,2.41139446104559,0.654495957932861,0.765966666402504,0.335792750425021,0.821909345569678,1.6579728876105,0.898953112115762,0.995707174140488,0.751945220909079,0.788251473958566,0.750985732972425
0.61199444671845,0.371277523252911,4.19743494385713,2.87473250826796,-0.783969311147753,0.142901532616641,1,0.897098629567428,0.696193129929957,-0.0786231250879528,0.401868005217732,-0.071799958823309,0.453168539785886,-0.334799237184143,0.446360500831253,0.587410249865851,0.365714063059212,0.486499769167881,0.385874136326983
0.137347306703722,0.540836750276681,15.2677378159668,14.9262687835935,-0.917469449584085,0.0809657816408205,1,-1.60870991949638,1.42369625618865,0.967436697394076,0.538604822901305,0.48023678277316,0.666596439436617,1.16339320463791,0.506812482034888,0.838035155863221,0.640846813405275,0.727719703011932,0.531009952614919
1.64606964240132,2.97007274124622,106.518092364425,321.452277969118,-0.98999989414676,0.0302667218736773,2,0.349837488172597,2.71666027509467,1.80036893222757,1.50110350826968,2.05438782985263,1.49969815124807,1.21389450037316,1.59389063624769,1.51739995056132,1.50311096333735,2.20551171940304,1.56377631941397
-2.22163220410609,2.99129898122876,83.7309755249189,175.303743414964,-0.981109392920919,0.0390046773263465,1,-3.48269988895182,5.60172197235981,1.44094028554511,1.02478787636203,1.37923850267876,1.01455693886591,1.39038277556289,1.09729824755064,1.37977653575548,1.14797746714435,1.08310459495686,1.1587159844401
-0.337257767801686,1.50414295771561,100.69298742947,243.313535158622,-0.983235621055784,0.0407612013678627,1,-2.10162930053829,4.18886188269085,1.60076899846143,1.18453574524802,1.62412471772839,1.21499916798908,1.79301515497047,1.19125301597376,1.76135280178444,1.23057421117628,1.61529130063787,1.27462502163584
-0.0818801047912622,0.438241154181656,7.28265179896885,3.8122285792771,-0.552699248752131,0.284881237966855,1,0.735486818255797,0.789187698613941,-0.677911040642169,0.429641528175761,0.14505505915849,0.35438999042075,-0.788700441101751,0.602791071831559,0.309503816658449,0.402123217024568,-0.414731312573528,0.550053205500247
-0.844063255414629,0.775969317772947,14.7587860725955,15.2094078519678,-0.797828130870777,0.215386191821949,1,-0.638735774857066,1.25507557088746,0.757364191919926,0.561141577461033,0.229906760810507,0.575438126238418,0.203983958760091,0.605486981812781,0.489684137437395,0.823642065994655,0.343343707947842,0.703117920416687
0.416095065031602,0.816304605372576,26.3921985089985,38.8905892389477,-0.955646664954502,0.0605980414610566,1,0.646136331067521,1.5630912090407,0.973652448962086,0.69063196219165,0.878667019832085,0.880244884165232,1.13888493910718,0.773895707959556,0.647977378784644,0.862326142860417,0.731230612263141,0.78908379708912
0.376043389097743,0.739251374863073,15.1349106355892,14.9642314375097,-0.897082988897518,0.100867944319359,1,0.750441046868541,1.61641976147766,0.683501866254652,0.606188629664914,0.614287511392522,0.580750110708241,0.793327005240533,0.536972337488859,1.01390190591197,0.489091936988011,0.714292959660991,0.619776136584373
-1.81122558205073,1.61705916082514,43.0142427401732,63.1766193824882,-0.938883086908962,0.0888621536227441,1,-1.25867546245257,1.60540115560425,0.747511684569485,0.795160257593391,1.20034787423817,0.702793213205514,1.1717203904108,0.77284847183479,1.41347082762984,0.804760782098505,0.437711642784001,1.05722300646398
-0.173860464709779,0.905684364084147,39.7481238869747,70.9158686813266,-0.976425073501245,0.0426141071882492,1,-2.01070595420324,2.72908591540028,1.08899489006775,0.896080665926523,1.3651311508362,0.907803950695274,0.960025232212364,0.855732904040605,1.16312236622123,0.880725802436528,1.27291713422431,0.931269673770159
-0.95167939682747,1.74451150192851,80.5187188180504,214.198680391039,-0.961147153594192,0.103954633590187,1,-5.89666360411179,7.60104124888061,1.96554598618547,1.333599345277,1.13873326370457,1.31471953696524,0.611981213731497,1.42552776792352,1.78935040952331,1.23709444801268,1.40734072783699,1.44954523744109
-0.107175506405969,0.515213388205481,15.301098768038,15.7889477874193,-0.837973424689883,0.169667550600643,1,-0.322860744349398,0.765281129308936,0.538614218603949,0.546126850509436,0.108997768485412,0.687028485526838,0.904870138766844,0.59455310874761,0.923784527941663,0.496535936948486,0.75437493278854,0.565260833936847
-0.141441588692564,0.441224325603408,10.8083744025565,9.22511012658821,-0.44569041336156,0.490075507446831,1,-0.223390315342104,0.44861773408182,0.529690615986099,0.411070940677514,0.103998802392724,0.701884395810905,0.283528176419886,0.586990310394446,0.362716098892606,0.75893930014965,-0.0732034533693864,0.612642929526818
2.18736044925893,3.49128519597642,98.3635943777477,273.670471847065,-0.989999977235173,0.0276682333875204,2,4.75122189117836,7.99705503598449,1.77415293343631,1.46861989862673,1.6695191834194,1.39093952218007,1.66925390070283,1.3846006070908,1.50079332759897,1.37130239040294,1.45209118697864,1.44002215282248
-0.557862782540968,0.728190490174598,22.0561293840191,34.4194399718219,-0.918302415742582,0.126694816612682,1,-0.141506858975991,0.997641065274028,0.3265868677246,0.883338765863573,1.14876651165472,0.894391732383799,0.918509419732053,0.781005095896701,0.771685048786469,0.764769305774196,0.967842166831196,0.765450167665783
0.228509759652173,0.573880633183451,11.405698985993,9.18418785477674,-0.887426030039168,0.0897235914994771,1,0.203774528324154,1.34095969559051,0.697516374533664,0.460566647027653,0.439320949093668,0.469580462442777,1.07605069455005,0.433408597439061,0.877725681931774,0.422870594295111,0.713556829915607,0.596538623936047
-0.0528397150684538,0.659696992422759,17.0175749507439,18.6160925940144,-0.824995873230607,0.207623883456916,1,0.232801306853194,1.17779016176347,0.397869029318267,0.646777045707912,0.702403671159849,0.652296426999505,0.357750452975349,0.708137658272737,0.716968560396234,0.669304767211914,0.434745287830332,0.623721165123726
0.140406924214132,0.309002278784791,4.22791847476946,3.67879307482128,-0.743743028653925,0.20020147766337,1,0.400545137987615,0.676608782684618,0.081605712136309,0.508121099880644,0.364677565633824,0.510052049332844,-0.0394708519095286,0.478266950730322,0.573039103063192,0.475510991369772,0.558257677750403,0.499293431214472
1.0781591153555,1.3546881758101,58.9197777669345,108.939018354625,-0.965163282204816,0.062462345341789,1,-0.0888190674173342,1.28060130629595,0.643133142694638,0.944863703787638,1.31385247969928,0.936288876289117,1.25433734403047,0.956126427649376,0.748349598543105,1.00340716938463,1.2459046137299,1.04398759504619
-0.771167412893604,0.479066299382205,5.96995806364584,4.20305239096369,-0.689323479199448,0.227301051582683,1,-0.688541312549862,0.792150399892853,0.206679287489999,0.410091597076325,0.326263625390515,0.429057253667611,0.57755164240117,0.432025938964218,0.505500789700019,0.471930890719529,0.0834012262788724,0.613510877259267
0.275546033364196,0.569061107280004,13.3874832840039,13.6948270726215,-0.928851997586573,0.0661619649511748,1,0.164602726517009,0.983234189613374,0.870799514955672,0.513216906457144,1.00355288259982,0.54674973008809,0.717098453594965,0.586124147819175,0.666543287496672,0.568147200502376,0.344699967535019,0.661343757070341
0.495899904649033,0.44079958722471,6.71220979373503,6.38420330692422,-0.84358185855312,0.140764282433348,1,1.31965735171474,0.946148273907278,0.23897335038944,0.545282555272911,0.46470756251735,0.464360053732278,0.824818255311358,0.547136476076082,-0.208045725889116,0.84124791220334,0.187390610812496,0.654599339715638
-0.171609171388486,0.406994951226513,6.49036863269623,5.56561229556024,-0.689824058551515,0.254422846848224,1,0.163060960379438,0.71550152428131,0.108346484279439,0.575066597357565,0.185374972712369,0.46200176945697,0.347739289770645,0.489433670254949,0.279974050853826,0.553441910258069,0.282742161727354,0.532452972474875
-0.215408388759004,0.320136574002205,3.10399715376788,2.06272643875165,-0.505584959487614,0.300884417770306,1,-0.102836568706384,0.665448435024795,0.0109265853872807,0.352667388456464,0.350823614462096,0.331433480807078,-0.597841257191857,0.517305373946087,-0.29376530083146,0.479832909875218,0.64678426646737,0.405074994545489
-0.908500844814521,0.990852629279171,16.9900793582988,23.931663123725,-0.903366808487807,0.135058424787119,1,0.347708061072571,0.933502826887993,0.768097243489863,0.77211030346858,0.616166092869283,0.834433605740242,0.943535131062447,0.645496077927129,0.298783057796996,0.7424624766116,1.23431784533864,0.825453545200102
0.499049408121847,0.668634244226204,17.6628773758967,17.8786700875761,-0.915984336681749,0.0837518763524649,1,0.0737645629380313,1.6076446446077,0.955135598162475,0.496891897930425,1.00446305950299,0.563977743779693,1.14948359018773,0.620948527952615,0.873714434216538,0.507326269299529,1.05369793156685,0.605843066499457
-0.2116206034227,0.582402573417008,14.674783654176,23.5306998671683,-0.862289893352749,0.240905452464719,1,0.308340620949771,0.853154237254995,1.19492851761959,0.755509413873224,0.667810353412137,0.882215953493594,0.520309986290577,0.857074678022226,0.452652320041832,0.93359336832037,0.229012097396037,1.0395936282459
0.263213611294921,0.344602835785774,4.43255556361465,2.39267732282805,-0.720362763016711,0.144213168554122,1,-0.270699959224188,0.74175375822756,0.264450731997129,0.318851290329616,0.305801164423998,0.312120234414105,0.335056625642822,0.330395547296741,0.571101863211098,0.355427923905699,0.151303375251799,0.461137006702943
0.9889902766584,0.980356384472503,31.5325073086548,39.2706179120802,-0.898449202036889,0.12081625570901,1,-0.13251803977746,2.04824954941953,1.32619107924971,0.684504219356667,1.24403287932788,0.689398757332995,0.690115906826663,0.851035838271564,1.23170607058985,0.620713996816153,0.793955753239152,0.726187717578556
-1.73687017466646,2.07003990946731,59.3896699575741,104.304983884324,-0.94548865575446,0.0971708710618499,1,-3.79005371263161,4.16632532921591,1.36832902066949,0.853821077354171,1.54673433962091,0.865336850012121,1.52997651021058,0.908340132394566,0.679413368309484,1.00875581047572,1.32070113593201,0.975049921227017
0.482415618696925,0.828897151554804,17.7426074295012,18.7455959475238,-0.937613605788932,0.068465165113502,1,2.90186488209641,2.67889138580724,0.209467550754769,0.681493309330782,0.446110130363818,0.624056407184788,1.19108939750987,0.59302062102187,0.176143642041154,0.654286324501674,0.639701599806087,0.583576432190178
0.217142260589566,0.681758609893162,14.8449403975206,16.2780528387871,-0.931242810879778,0.0766694743771258,1,0.806783385131626,1.57632563548641,0.901006481353269,0.657191560449738,0.138454483244814,0.634161320095034,0.948844325382878,0.547358989601104,0.62142733597826,0.638607854159958,0.647438666214699,0.595063756831895
-0.506065951215047,0.71049397490088,7.53130817578225,9.14235575703917,-0.802024252003857,0.230202994713136,1,-0.0479574960723868,1.40063413350362,0.0123814498514973,0.564871791561799,0.384512924800627,0.602076464237049,0.0587978953867935,0.771770521034755,0.378740056773268,0.81366359945201,-0.226721286590302,0.755594795915684
-0.00316692599709717,1.34150173990006,100.90575886838,240.522732033583,-0.983137594457422,0.0401955372498692,3,-3.44216268914794,4.80572241630986,1.38879815967484,1.2398652320093,0.90219715712876,1.17041987914535,1.80853173591558,1.2560516984924,1.47139540843676,1.23000500853673,1.86530962919103,1.21358378141653
-0.415519821974332,0.771198443961186,19.8152832212415,26.2692969571482,-0.92135999438549,0.112249744465839,1,-0.664120596927069,1.42763576049831,0.719043725912573,0.741896977757393,0.880335587770649,0.647358197173317,1.23775474921443,0.772806316126725,-0.336240807767339,1.02417092623492,0.967069977716287,0.762093123799341
0.241987175200212,0.472020496174804,9.91111062293878,9.18928166091742,-0.848494273643139,0.153500528979957,1,0.807173359241163,0.857917140600965,0.0819410199518599,0.545079464428949,0.523895335539149,0.522699782359893,0.0564793458805031,0.589892167673287,0.577999904527886,0.46103168507944,0.885792108443484,0.644993500860423
0.0730903057982425,0.639082069122926,16.5405691887186,20.1603094140221,-0.896109522851483,0.133759646861675,1,-0.367535492754538,1.40714134141523,0.540796969748305,0.652376872770746,1.25856204798204,0.66472135265123,0.0993813297258292,0.90003706003061,0.732998762440474,0.675743056759731,1.16407229796845,0.617047719786713
-0.786829642562504,0.866460302912985,20.7084442296003,32.582615605759,-0.875399124654855,0.190283883903141,1,0.34823408140503,1.83779316609872,0.861310853737936,0.795154500788277,0.137322002305511,0.932445575980551,0.804332104969309,0.913182228534982,0.80829739648581,0.993965572633121,0.395502692642893,1.00139556196986
0.619958343905989,0.415065289548659,4.97251903302362,3.8818370297275,-0.850374099348084,0.127041424640625,1,0.587941084258327,0.68037145163175,0.314153433397938,0.412484883851149,0.809062062496349,0.438062286686753,-0.796189407102372,0.696665164646777,0.522276058362091,0.405053572671925,-0.0381148310527946,0.519691042940064
-0.623797476990315,0.737351162124969,15.082772576357,22.246260097389,-0.873434508015941,0.179641392721032,1,-0.677939794215188,1.15296683286385,0.557827509869665,0.592934376421956,0.813656080209471,0.824013491385783,-0.0610275766376233,0.946575548055294,0.713547285388188,0.963576768615264,1.03076332777877,0.781158582610124
0.13786109410887,0.567870096790461,11.4769696184642,12.3910840800999,-0.849417446799232,0.166315230753642,1,0.325307584302888,1.21816777548735,0.437533944323136,0.540965903131962,0.562878305904613,0.616415264529568,0.584987548034585,0.613913174391932,0.457430684497161,0.588314767609053,0.447251379167709,0.699782543097921
-0.567339593574078,0.425403119798117,7.65261312247617,4.38642617098814,-0.544333328871203,0.351758962351449,1,-1.71084627022843,0.902477581438317,0.367668501701853,0.291559503000535,-0.217551637589624,0.400400330862609,0.484798363019897,0.37115305636267,0.652791196711943,0.337947387447126,0.309485328099286,0.460048540452945
-0.394641132590836,0.45571552567672,7.49049117253347,6.90574964310816,-0.820346195070483,0.177098690645645,1,-1.05365432206231,1.19451032276047,0.348511965321789,0.504608566692949,0.635925775928527,0.438007438562677,0.370093349302469,0.609667172004861,0.174426371326417,0.56036320851543,0.169303091018165,0.659933226797301
-0.334307013078361,0.762520915840132,18.535008569167,27.065622758441,-0.896687076384588,0.146527054308639,1,-0.375961654193493,1.30240881533331,0.649398112796292,0.763510285984686,0.40161680673046,0.752244271110779,0.880948121904294,1.0196364608718,0.935348270480927,0.708855354111254,0.873251554257651,0.785804271528231
-0.0985440904069306,0.619037356748356,13.3985916854248,17.7966830701341,-0.928360327597807,0.0969221813573094,1,-1.2896982173087,1.47644318502084,0.621396440068972,0.729763618776978,0.355035119682124,0.682116866872186,0.927530385492975,0.68557492858636,1.09783171980791,0.649091629278723,0.388839766656846,0.715638102154143
-0.417011935806243,0.30500681617969,3.4877587853069,2.43573901473513,-0.640299451292827,0.20366134646696,1,-0.534481782597783,0.618063505428779,0.308217367269417,0.39661851266137,-0.274404126882728,0.433777692782936,0.567126876034901,0.455412959808044,-0.654930943712531,0.659855169867789,0.521853119792886,0.408057522748507
0.272282917560934,0.520297789830368,9.51890103045816,8.67210011386692,-0.905713120528043,0.0880709641974395,1,1.23597022788385,1.35820085191564,0.870933593706817,0.461368164472247,0.815805876808578,0.491954116899378,0.836046155409307,0.534123378897003,0.803021326306374,0.596746279669523,0.482686893353718,0.577657733301576
0.0513899381424826,0.681841233216386,21.5901078169578,24.2926403219115,-0.919704958757376,0.0976218885318982,1,-0.308849926780855,1.3765779479589,0.53427154447254,0.602450640192915,1.26324919861142,0.56934092480339,0.522677342403954,0.689809549268846,0.838890445260569,0.650733087685866,1.4263057593879,0.550229850351568
0.0237675268778859,0.750095487229942,21.8897422042567,39.8897501592793,-0.946538668658916,0.0972049536724025,1,-0.0187331724878334,1.50820048840566,0.750878558905882,0.943789557648452,1.20611761996827,0.900338935482872,1.15325715256196,0.89460699280764,1.13033019749772,0.959098872847693,0.345680241208833,1.02411823616012
0.0103758458049489,0.327923368545602,3.46972362208331,2.39565099079268,-0.815245704438248,0.119785598293004,1,-0.498171440727664,0.770786743672578,0.0279237412691063,0.408685905743289,0.377280719884789,0.39884893741569,0.914998781097342,0.422687985174813,0.16356834461376,0.475490638672215,0.696285890961192,0.576398661942926
-0.450392738985571,0.537232667747536,16.0226897838972,16.0254870446145,-0.632998825100554,0.494436853732068,1,0.117038820728165,0.589659328532584,0.32668506253835,0.650658336285603,0.508933537216307,0.671546255943422,0.728741359201954,0.715416925245681,-0.0152252500434799,0.730538988866368,0.23320344202919,0.880704985305807
0.596019697705444,0.764029248018624,21.2137032327667,22.4017089166606,-0.921647022956605,0.0889191320786382,1,-1.97676736161488,1.80642390505031,1.27471487245939,0.597783142738257,0.486988974233967,0.562220095701302,1.00375816532955,0.565603479869909,0.876897175337741,0.646306045410432,0.592980962938377,0.610757267524667
0.0314748927053758,0.9377752905439,38.9343001548114,56.9486697949373,-0.923487272685703,0.101608317940486,1,0.00769231912244048,1.61591065656615,0.870861981508377,0.673675677724114,0.408066665720067,0.822989945073662,1.45327436280022,0.820318646446474,1.1995908302144,0.909908290862686,0.254744215147679,0.809700687911358
0.750776653235587,0.51756159692816,11.4588927318589,8.71633434627974,-0.855202012175141,0.105691707482923,1,-0.975689520514179,1.04092931079408,0.71835593016102,0.42035477564586,0.434678859594263,0.509084233386621,0.801660173648044,0.422225145818159,0.493578175481072,0.465873044493977,0.978206952254265,0.42238507078033
-0.298726182579366,0.473234158963826,9.79085503064112,6.79252690568558,-0.768413323725342,0.179574552081989,1,-0.374670793289239,0.950959664974207,0.748844997200639,0.358847828489485,0.64125066824423,0.404411526551002,-0.266685410893863,0.601899492404107,0.173351096602055,0.542679953365645,0.382755462997347,0.47335164028484
-0.40630442251582,0.97020567613261,38.916267795485,65.4288566079943,-0.927661683366669,0.134165529771151,1,-0.0110163024499957,1.43158767813195,1.05476747676235,0.971487184473971,0.584900565168933,0.868533042585144,0.708017226222614,0.857152289050983,1.00165987660702,0.869116973469481,0.833030512221625,0.887572942154402
-0.286431147622072,0.785075188116225,30.1530956186418,36.954693039692,-0.940773461070203,0.0770039330585137,1,-2.19957204305006,2.18629479355374,1.28582201569385,0.627275569438097,1.05740755212301,0.723607695261652,1.01915721807875,0.664583101095305,0.81683380899398,0.695710648030749,1.56154844300878,0.691521896700303
2.73364628675325,5.82725664948616,211.132040866485,898.942956584233,-0.989999963468623,0.0400228661787829,2,4.49862817516241,9.10748385261421,1.87029960751483,2.0475813099398,1.97663726110362,2.16244237961712,1.80573097805694,2.09759590670519,2.2942161512738,2.08950931570879,1.7347298598084,2.32434003269047
0.795261242101486,1.83667397395929,92.7708233186509,244.231042218113,-0.986757015120934,0.0347501742086454,3,1.50860661052063,3.13459956438169,1.50518298395133,1.36872811252811,1.68772581698366,1.36877072232671,1.44112704172122,1.41872296902768,1.95370609664455,1.29488756487823,1.9167577411866,1.38250260024738
0.243786671685009,0.295659031365256,3.91077178958451,2.12388404335496,-0.540787394791959,0.245194738031385,1,-0.037036022635837,0.525970218938719,0.325371167357917,0.268959565391576,0.422314282060255,0.345728808023581,0.00846988527585928,0.341681096107756,0.00550162394621555,0.467174874540327,0.0170735801146041,0.40811584970871
0.279214597443216,0.433132298889443,8.27854898248133,9.14680349981838,-0.84720755174392,0.153414758077316,1,0.310857531326126,0.70839563792182,0.713035367567362,0.569025096677793,0.481000159950481,0.560029755661872,0.478457475500886,0.673458719227201,0.709618255325383,0.598735373794473,0.633574381936703,0.606984157539933
-0.963909099777672,0.686729462125985,9.52420601990307,8.97556323370593,-0.862299231811726,0.120753556355181,1,-0.123377850935262,0.684567943781592,0.809565624693903,0.456754992670953,0.399338916583171,0.50549475448599,0.220509137230816,0.564833428964612,0.714244287036009,0.594707914038144,-0.0187013653303911,0.805074759562746
0.0343915427874478,0.860111200945224,36.8350100887921,53.7806814880369,-0.937782748447114,0.0849598758780806,1,0.136217743266668,1.35379033513169,0.740566859398293,0.862479009680117,0.821101775465799,0.738493232228631,1.14185815184056,0.860201202304388,0.708418158480224,0.802058093640375,0.977930445229882,0.826452509022722
0.496744547658172,0.584641913327226,13.2583038374919,13.0453543592391,-0.914399348199573,0.0821430974521886,1,-1.19053865778296,0.812164499113472,0.973559990136216,0.503511238024389,0.80117783155783,0.535750900268532,0.417785003780753,0.563343898769988,0.908010445508319,0.575442678220489,0.687629307649642,0.587355288082226
0.0814291573839281,0.459987878943455,9.49351533049337,9.14164634322179,-0.831658328886766,0.15473205594191,1,0.667143047786409,0.947206131366739,0.274900755120985,0.468329080998322,0.450639853434064,0.543503487220936,0.444119638424193,0.597342786245165,-0.135273950326523,0.842425375357989,0.103705445361555,0.664602880102223
0.249796372816835,0.501547382886258,11.3700217846847,8.24747863123784,-0.781513162699983,0.161665526324693,1,0.560865129863749,0.731324727058628,0.676526137084868,0.384982147498689,-0.0714631415989609,0.53355208812076,0.493504249458679,0.451064643954142,0.48930398633532,0.49455473995721,0.404860610270684,0.51703925983794
0.414367081207375,0.905428794078191,26.0862386498053,37.9194511628305,-0.921997059015688,0.103219413460826,1,1.61264361478118,2.23746877864548,0.260909993225743,0.917349151255386,0.93886404695353,0.734971276070825,0.813779455814904,0.84190948586425,1.1797611847665,0.817110571390952,0.905179231281358,0.805019916667414
-0.562504163063448,0.811768325197415,19.8862320126072,27.9358865651851,-0.935204887338721,0.086517115279662,1,0.38169656374823,1.33293425273602,0.753848838911428,0.69392288564302,1.01609019356745,0.685192391841215,0.536598597268364,0.792164855757688,0.11012638099876,0.97269384908501,1.31453492181948,0.760939246499121
-0.0542795591188246,0.396850001143842,8.33405843002415,6.26212663274997,-0.754161541378622,0.188277194622394,1,0.867719836938464,0.71701003713236,0.206693099527203,0.425376645552257,0.571213205411888,0.432508422461157,0.639578415450106,0.47794366880595,-0.0663293003091546,0.620033125109255,-0.00831889584259221,0.520111123458632
-0.00600460813902256,0.541369402294703,15.2473681999196,17.2576937509127,-0.856729031916422,0.148926327613613,1,0.341574151082305,0.852457551640133,0.653399591618355,0.544868650760996,0.510480431169182,0.662402953892252,0.586980986864533,0.836445949024617,0.460577189589747,0.86664811879298,0.284241891057027,0.73684631173355
-0.228057707568888,0.764116626370901,31.8270244590293,37.0561533733794,-0.819453963023362,0.189720015978642,1,0.609164734927727,1.04749728575151,0.702237761083728,0.646604157352399,0.688383749066939,0.739538776218246,0.36122156320865,0.613331195443953,1.60961303647891,0.643131911178696,0.115206267019791,0.851622305179946
0.918829489668063,0.886330126789034,24.7409952654233,28.7560032986728,-0.913125450790148,0.102538722096204,1,0.408588394021869,1.06197127526687,0.890786916494244,0.559783212699601,1.37395508039047,0.560664529432482,0.997914433047828,0.663669553916542,1.266050872072,0.775242137894795,-0.183623465147897,0.757075873610298
-1.33576934436004,0.793868377987299,7.53268257143036,6.59566246769154,-0.828747703159173,0.148991283341971,1,-1.12871543037827,1.24308009149968,0.316457801333533,0.446385413368981,0.667782832357435,0.513958561748937,0.889256257318852,0.460216579330263,0.120539694928978,0.706693428547452,-0.082246189715936,0.868979546634634
3.97984126483994,7.10278562053551,149.740047763413,546.278564914768,-0.989999952614358,0.0356546352120379,2,2.06993742966332,3.99239001465187,1.61999263222736,1.80207879211907,1.69788859401775,1.85742275640465,1.4528002877314,1.97225963382922,2.15983335911965,1.75321774218549,1.91755253460456,1.88988995530259
-0.16432207375591,0.275971706167804,3.35877370323124,1.96367413086857,-0.742021758684755,0.165031079568327,1,0.230265385920706,0.555919819195946,0.0763479789507064,0.330674343259224,-0.478868392354895,0.48478881024363,-0.159045240972538,0.457623533188831,0.392632621728541,0.390125000186447,-0.773459442920898,0.632384329986881
1.09604872498186,1.63599260936348,64.2823628810584,122.250931024194,-0.977117386551486,0.0440261556697284,1,-0.473686170003553,2.16450938338285,1.55463029351335,0.952964207610283,1.2179759779922,0.954550484307249,1.69997990150389,1.04730441360945,1.36628173812835,0.975355575677311,1.92916147587908,0.942805044208781
0.396798765147658,0.700003371636102,17.1227108820313,17.6456816963515,-0.887589588835521,0.123885452696698,1,1.17594885298629,1.52134118642432,0.598311039726121,0.674023219119476,0.475847303346868,0.684756932899139,0.721337690159343,0.513843798568254,0.960604096150465,0.565330389934733,0.465133176995677,0.634000787930199
0.204688695565197,0.388259040868624,5.62941729367687,3.76129922186035,-0.741932884823451,0.213100096124439,1,1.01034412165106,0.751888627089427,0.489481875783812,0.393741823463612,0.106865720290557,0.478455756641935,0.12566689604361,0.496198144487145,0.389143786535452,0.492111061885624,0.531722043744919,0.511584728613939
-0.545962469076245,0.53628450955181,6.65738351333767,6.32950413480093,-0.849820392376683,0.145923987215427,1,0.516995100932539,0.811173953417771,0.310089101580989,0.516243101211802,0.142686556010507,0.588003460492636,0.017080124491193,0.544170186108447,0.538123370025657,0.488911428886796,0.532268989803969,0.611694975698515
0.673120166526388,0.563640441885812,8.60755418634551,7.63973729623012,-0.919874563109169,0.0703276528178143,1,0.401723717123329,0.94981035627195,0.548984290331207,0.484751362338459,0.63191778579539,0.466917882224138,0.620946773605712,0.520433519855553,0.340331876039438,0.507207929330173,1.03471050572642,0.447590221851359
1.31372957381356,2.19123137782884,121.270933727476,277.674737589136,-0.977467376902665,0.0487755030863502,2,2.01608080879772,2.90748044582053,1.46334694495664,1.1299101260544,1.29293694233964,1.21937090974183,1.61588470005289,1.21384529210345,1.32925789062927,1.16367894735477,1.62705578402436,1.18359459308203
-0.488552841829485,0.729788276867842,20.3456912067112,23.0368124753249,-0.937621736268196,0.0798494750571948,1,-2.14330586742401,1.78263022899584,1.15891202609229,0.669478006834645,1.01929659019291,0.661811085597579,0.195908352108082,0.711040485001129,1.15663551828572,0.648233343115527,0.723946092205376,0.631571711423324
1.02596481949924,0.640816522541762,13.760119174517,12.7269792483986,-0.825967540511683,0.159172844712919,1,0.819680479921659,0.917771760532893,0.491398379115233,0.54228696167641,0.265677182200563,0.401659438681966,0.730973303019808,0.520762294499583,-0.410862662159747,0.854843391429344,0.436801915638341,0.512838952372286
0.323881194665132,0.372562189417758,6.20070135869844,5.37316419744156,-0.838142231906555,0.136219953316455,1,0.208595032789706,0.789780412629942,-0.675686920474908,0.578250623480656,0.224584877749375,0.557558820720366,0.359546207233754,0.597664227726932,0.812950754855116,0.440217185575384,0.36784724233892,0.533580653775624
0.456594986358217,1.07454655494627,47.4150252394268,86.5066467800612,-0.97287425861602,0.0538252202289116,1,-1.43415789230047,2.77164860779839,1.24748581090203,0.963560797609089,1.50966863873863,0.932998968952122,1.6142525805264,0.991047622240618,1.58166505875997,0.890454200647253,1.07452189337475,0.918323732156608
0.65765403406018,1.34620497505096,44.0682437712754,83.8278428572944,-0.976070941946356,0.0470316010541685,3,1.41527452569562,3.03458966745919,0.917647376264481,0.977041285249821,1.11079314401713,0.958372912420105,1.57101512648759,1.00346890238443,1.19318820279408,0.967761937991976,1.47300037601092,1.01959478316923
-0.289668284904634,0.650218636151119,17.7833757347525,19.649408528633,-0.834220411756019,0.196389566489034,1,-0.300372029197802,1.16751793148558,0.503787800162823,0.589884989944461,0.666242488154618,0.579439429118159,0.465827308691866,0.599826160303822,0.671850947845912,0.607464585966364,0.230919955260916,0.742617547772528
-0.0281322914540741,0.613272798085199,18.2806124598632,24.3623390336367,-0.904569511206022,0.127824966202767,1,-0.998342243657273,1.38444019017027,0.740822975511947,0.657477508009255,0.532625241004262,0.807789761235755,0.853946353137126,0.691444385737363,0.590199212096821,0.884850093580679,0.465969254258913,0.878746114790893
0.260675906287534,0.73971558676352,28.5213736877391,49.8827917295859,-0.905535106622014,0.167497706073348,1,1.09493351257429,1.42013408101117,0.280942290199977,1.01955838895443,1.03140579989885,0.981905680747301,0.948278250964257,0.84383876616477,-0.303645684384504,1.07821338671703,0.850926274944326,0.827248682475417
0.859291726357475,0.712834909591809,13.5796586743775,16.3857092082516,-0.934419317308937,0.0727489525555504,1,2.84625479277283,1.65905613972521,0.226762127718149,0.697550219436772,0.629698066115664,0.682990843774277,0.663864054658227,0.659313303337944,1.32111506922947,0.668695569683863,0.449798696016529,0.777923474385003
0.326585566273944,0.318338124807809,4.12215465633385,2.81294300314123,-0.733971265019083,0.225055979677925,1,0.936462362508309,0.826547205206586,0.320049996969773,0.427061218898892,0.555827295554181,0.382464122432147,0.285311426308356,0.408524673908182,0.381609482172867,0.415263019112185,-0.201246440566586,0.527504614468758
0.520421613436992,1.35090314976975,70.5820567131016,174.670705082245,-0.987142905398129,0.0321162141873716,1,-0.668648535967381,2.89576959228943,1.75281650920093,1.2786660424083,1.70009839619771,1.31530652531212,1.26840114331898,1.10714062528958,1.56992023662503,1.16087341581441,1.12785446768316,1.34623513648289
0.374661677191685,0.280936998896889,3.41046175475877,2.90504021897569,-0.673449787482025,0.248463949065153,1,0.431716097614217,0.492533543588643,-0.0556616780945662,0.422325707169756,0.165968266377377,0.581794248231839,0.116766267751521,0.47620228760055,-0.596393015098717,0.636142335747926,0.255603860305452,0.409911682530816
0.411814490016715,0.497508732499319,8.97033785379216,7.05161509370256,-0.822244193572954,0.132854222679969,1,-1.14269915766842,1.46948608091373,0.349781637835251,0.521145995219641,0.788445695384825,0.430299652208174,0.653476346915382,0.503734413816821,0.553028759522451,0.383367046755078,0.782962394955924,0.422216283741738
0.331850251499025,0.687346650184989,20.4541916396843,24.1338333102028,-0.883986151132259,0.117061750690099,1,1.27337388300248,1.21122361755689,0.5682364004209,0.59941441296461,0.305792229661241,0.643778627466803,0.957816078654804,0.694926263102574,-0.294790026663876,0.966420351892958,1.31463782698142,0.661174856177959
-0.185731785826079,0.280212433178933,3.53592491141553,3.01732010624096,-0.660717185560431,0.24830087986318,1,-0.370059800764913,0.597433844875188,0.19323719485097,0.444876327140777,-0.284443652834194,0.539973249358198,0.0943697602463854,0.512023876106051,0.11944494336565,0.524829915313675,-0.0491702243684874,0.689202381082309
0.160186549307753,0.825904816742906,25.9934323869273,32.59678262079,-0.90863924143984,0.111347364682081,1,0.0695528924135654,1.57169866375463,0.650596190697984,0.621230252839287,0.706227743055451,0.677019084891562,0.694010035054741,0.6625258014118,0.810485404454948,0.741609847535321,0.840640513119611,0.909157314677164
0.804077972998038,0.736488364927309,21.2400607253013,19.731963017019,-0.932619626190465,0.0602628577739258,1,-0.191906084975596,1.2219121845101,0.54187312809285,0.539005888733007,1.09708537410423,0.474896445002538,0.925970768595124,0.526942173351788,0.550745099780896,0.584354649068669,0.589940615779298,0.588120754391132
-0.875588447786986,1.05915855220655,37.0053769755252,47.0797258414688,-0.955284589825675,0.0624545010795063,1,0.51772664716238,1.97356742727513,1.01589285191501,0.661833830689235,1.37052920488991,0.657862896261373,1.25068797663032,0.67601395486764,1.04699423106274,0.764273588734704,0.894259487225902,0.78489749206988
-1.5114818642341,1.34552493600532,26.866291852673,41.2294593120218,-0.894334976906293,0.17226189665637,1,-0.718273159058998,1.63349830049345,1.16444996324127,0.775900551222406,0.989373297930274,0.856585252608446,1.15317903719842,0.838826058738266,0.539654502171195,0.771706018755192,0.968605340377299,0.808052109629432
0.761505923563652,0.771628343914389,17.8152575771928,22.1395496297701,-0.851560280808659,0.200796181039972,1,1.58948991218079,1.53501410853584,0.6875842400435,0.598846169307127,0.574018062692149,0.850989306527705,0.693221049684925,0.569008730142305,0.659571795105197,0.691185645164934,0.500933439095322,0.80699743225975
0.748416286663064,0.735633363033235,12.231451331276,15.1636644060613,-0.90155404511413,0.127482721922025,1,-0.0342959208460294,1.32520049689787,0.937963324739769,0.671599762884989,0.575204115717677,0.696691937763441,0.487258835490545,0.748308224839171,0.523303370881061,0.667572533793936,0.641826563295068,0.708462125888753
1.19650746319598,0.581267687268981,8.5697643550579,7.13467633035554,-0.79369748773276,0.188085432653706,1,-0.401276422483009,0.822794689201068,0.247784812613807,0.471955842977911,0.884051871303297,0.382741374559258,0.78777803498603,0.446003348850853,-0.00365739451774598,0.536506604424016,0.469893689243754,0.608740486864039
-0.142615681758999,0.415330875529228,5.04383443668937,3.59355576645678,-0.779782453639911,0.141186431923317,1,-0.223687437671929,1.00783697708301,0.00522999284655175,0.429080534792719,0.380603401150838,0.408049859106906,-0.0177864204969033,0.503542957768992,0.486176130946189,0.42238448567418,-0.239896536005984,0.537058208784498
0.176504010287026,0.477518922756549,9.59750582686056,8.84625299089683,-0.84465399620263,0.136215632738428,1,-0.762976416424004,1.15429364903036,0.0323133445431172,0.577838568802839,0.982562230345995,0.441221053724761,0.558436888338,0.535542800842426,0.28469210123183,0.547604215006722,0.281568621531351,0.587215122646467
1.007672146533,1.03392821498823,19.1132470725829,27.5525720247412,-0.869687344220864,0.200372267880049,1,1.10258335446063,1.85572202581884,0.739128596396027,0.798577371158629,0.806662805535566,0.70657051295428,0.643989195411729,0.824772137296656,0.492887608720216,0.934320430093089,0.185390809566154,0.814354199993764
0.170002956183778,0.634339259753677,16.6155482905232,22.2545606199533,-0.893693897744721,0.141353170259422,1,1.6217679176873,1.55503791973085,0.505962489495617,0.725374154885518,1.04396408824462,0.718462485954597,-0.0177604913670273,0.871968731393138,0.276270725122812,0.808390603015057,0.863767671882507,0.724749043532796
-0.253727308060511,0.64564133612204,21.9579712603825,24.1708312179071,-0.904908753225034,0.0997896852420445,1,-1.13013905996294,1.26358044540632,0.941919632340404,0.545317573631001,1.02554876705569,0.586714672858984,0.196328502535324,0.68758003568547,0.80355217655694,0.706782550408406,-0.0351038057589248,0.935995313848388
-0.117949616034049,1.73574046021846,114.663197285406,324.880690760455,-0.989999977466908,0.0276859378161906,2,1.88310799063684,4.72634134186788,1.62606247698776,1.35350672954808,1.62168426648439,1.54405010293267,2.01537949921281,1.43480599843608,2.09023091938172,1.43523953052187,2.18144821306255,1.4932620018154
1.16123758878242,0.964658841101472,14.8504411467159,18.6059696661134,-0.929462783985506,0.0854868080114635,1,-0.695158812852669,1.25229214592015,1.24557875013018,0.618562079843886,0.425189052692093,0.656417876136583,0.792190395965691,0.677620211237816,0.888630700406812,0.731918885136355,0.605848743967828,0.750141841013078
0.146306811042235,0.393966124283639,5.90039810663343,5.24403096529173,-0.812965530539388,0.170968206030842,1,-0.29498839530417,0.823819781960532,0.4347783998785,0.489099572500674,0.234103966838724,0.556291777244178,0.253888540444057,0.488723884415782,0.203506012029538,0.480100859866537,0.201249523505504,0.482314479933714
-1.38656972537496,1.12996408175183,23.4864668056176,37.8903252071758,-0.950337335257968,0.082691975759743,1,-1.6730858353566,0.964796985633119,0.851644347962207,0.799367417295559,1.73027146594512,0.874898646702507,0.823576160278105,0.959908882394979,0.99418709536813,0.995413054070723,1.23070870642103,0.899632987097909
0.366597154820244,0.388149047289159,5.67403358749105,4.78442423597842,-0.464147086591018,0.58502212744614,1,0.771279368504188,0.770815762443624,-0.0717415394980486,0.54109290968417,0.147831617722244,0.432412410666925,0.569049212143776,0.403064885550236,-0.444220678239105,0.750887746581872,0.118216820955503,0.605969464625214
0.321800571185428,0.45222139263664,9.00163952226477,8.47394417385849,-0.836089825846587,0.166073195865181,1,0.00325026888435361,0.781233818852038,0.489063742077895,0.466080716516956,-0.228083926691117,0.590392942998556,0.758511833177654,0.53247158611466,0.226574399281926,0.567929336642537,0.543557258732908,0.699429030464574
-0.328064490310826,0.378672217293673,4.86618541051461,4.68260875672801,-0.832716894143529,0.164871859494594,1,-0.433763125405322,0.731982291470961,0.48586560040272,0.54518465640505,0.152655227832239,0.636029660588194,-0.118426028483837,0.574648279443691,0.625875164802025,0.507460039372031,0.58789886965146,0.527517686037518
-0.856481008074805,0.745692288832669,10.9770037380654,12.3691348311611,-0.839599889831426,0.160404719865573,1,0.191866101345733,1.35395213111475,0.250603063494668,0.591849510544628,0.736543968140134,0.595180006201624,0.258798294196676,0.702111951110797,-0.541977966555137,0.747377728684507,0.743988897804255,0.71241235849663
1.46607121206348,2.05088794528708,39.5544562314453,83.892027090963,-0.954500569753055,0.100857964676552,1,0.772042318191558,2.64935385926137,1.24110466968953,0.993613674763672,1.13011185367442,1.16460200315435,1.09779327899471,1.17121137821199,1.02246030037826,1.15206788363636,1.02028009281387,1.22953949511117
-0.0594936915818283,0.345358410372877,5.41854329006773,4.42172148579852,-0.745017593661085,0.219376361521515,1,0.0699608715430375,0.747469042457703,0.37952090327479,0.526783843252663,-0.0371234493527293,0.559553707822517,-0.890396196229141,0.638716413203135,-0.119983747056084,0.465790139939467,0.446858958969133,0.428035785616188
0.414789330502281,0.577249733611823,15.2392155892235,17.2192174946653,-0.832686383763753,0.201532288071141,1,0.0857381275485226,0.644971150906288,0.997487244020659,0.661226615844715,0.0460618296184277,0.655043524707527,0.646051440218639,0.632016781868456,0.324574673400339,0.878565752392768,0.397303215789342,0.659102527837644
-0.78093789049975,0.736796437039844,16.1750610447006,19.2958067324825,-0.886635367263819,0.151093321212233,1,-1.29025558965647,1.18986982751503,1.06121028253563,0.634853227056076,0.338240638820675,0.741778823189822,0.792603936068154,0.687744131311888,-0.102009133553138,0.81489581391152,-0.33325736447,0.951411240466788
0.604160866604511,1.85941268266528,121.303149237554,365.334381333981,-0.989999976200942,0.0304169533616613,3,2.26452423708989,4.12912365337336,1.72710334281998,1.54705479104745,1.83833849715445,1.60687959158994,1.84694721803599,1.40912485551912,1.37466433831175,1.3932928997031,1.64093540252237,1.500094409898
0.0843441152059578,0.325137630317399,5.44335228581945,3.21346489104582,-0.596708984271947,0.267472384020343,1,-0.767374584340196,0.623766147842857,0.720872869920669,0.29487283474621,0.214495063044334,0.425968253470675,-0.0925269335912476,0.394843029548262,-0.464686132553408,0.548090887470455,-0.0881773254709706,0.443739936958644
-0.287056384025789,0.581779542814302,12.4366833505038,12.5328330103175,-0.842843965714894,0.134187326312892,1,0.269512735301606,0.800252994110848,0.185976339158785,0.599920853281391,0.701696631888738,0.568992602575286,0.419424603197324,0.772850798574796,0.712308974834472,0.681968984654275,0.736169548380618,0.497650762409475
0.201689380056357,0.290287068108265,3.85318340059803,2.26555902468447,-0.454438206582279,0.394235051438935,1,0.0599484971309704,0.613786970969703,-0.127930264197347,0.382359561566997,0.203438128613399,0.279849457864452,0.0483494652068654,0.476850220415889,-0.104810994525401,0.515375667200514,-0.306168730662425,0.540290219242958
0.0695640639565139,0.425823337979279,9.71508598993912,9.36682542788909,-0.74572121076084,0.271082425869019,1,-0.166771751557739,0.472679919854004,0.591990930275879,0.461420845931929,0.556261462339638,0.500057249122185,0.1613961681927,0.590168154608584,0.408708187589393,0.702439092289679,0.445222671942228,0.567641465138018
-0.0464217724632768,0.453847505175068,7.66730164731891,5.15887605367935,-0.755640861339506,0.146052249927088,1,1.01670484816282,0.954811687325487,0.307934435288991,0.500860233848956,0.645013141275195,0.425400557332328,0.1706813055251,0.585154518464413,0.785333008510056,0.389810057787923,0.97802170103595,0.363946291285206
-0.197698054672156,0.392583504898952,8.10061131608902,7.99118699312715,-0.787566718740437,0.236464509784902,1,-0.104009790648598,0.65156384080452,0.295717290455617,0.603037896275043,0.333134878734515,0.556412953990586,0.244985195735311,0.510324807626033,-0.00701356125516053,0.658314886167596,0.41887396274955,0.562869572603736
0.786320346349364,0.647460214501714,15.1745846514133,16.8052993520579,-0.919569577060618,0.0894610303170885,1,0.438447428602794,0.863586534167537,0.443235861239062,0.584425466337673,0.772767236666823,0.555869546588261,0.428264881447084,0.666536820652827,0.0343554220652491,0.850966858261779,0.778270256512173,0.627652621847242
0.0563002943405627,0.341980809541032,5.32265143980663,4.10556754754981,-0.854192493690541,0.123751991048938,1,-0.282509441363575,0.900379838990152,0.562439247075273,0.466028164239403,0.44978530029157,0.477752326685336,0.508607792372664,0.448993437140026,0.177486896697614,0.398892893672627,0.651586523327145,0.515861052411041
-1.08418626851248,1.32672319566305,48.1903988188143,70.0746300223048,-0.96694880135571,0.0510770279128511,3,-2.77100315841367,3.20595987789985,0.914266399192252,0.773664422433648,1.03222644142782,0.812942202916312,1.48880316198389,0.751294398639012,1.1714193494645,0.877202812358568,0.96627842532944,0.771303222265388
0.251821185708755,0.494410135405427,10.528940024279,9.51683391700312,-0.87512268750682,0.110902527098434,1,1.21695218624156,0.861005402511198,0.256665067963312,0.576012901803984,0.668195501739077,0.520552425809401,0.221358157607788,0.559832413994718,0.450662681683547,0.552461754044503,-0.0879141151565336,0.682564489591186
0.674896000425568,1.08219466675709,36.898293907151,68.9753870048899,-0.971994196948709,0.0505656758361123,3,1.46700657722622,2.1110295287013,1.04235574638671,1.03114479356947,0.743099423220837,0.958079340416529,1.56102540758806,1.02042622489539,0.607935385986838,1.03522288371596,1.18188794616961,0.901246347570341
-0.312688474718944,0.593057725096708,14.0761310923802,15.2114937625126,-0.900920712768661,0.117552977594837,1,-0.515861564419968,1.0121854331227,0.642672239065424,0.504864600631412,0.642865008627213,0.567685563839345,0.593129440604087,0.638808902468952,0.683001404899421,0.555162893124173,0.396242777305232,0.734183795233001
-0.155573053554048,0.802321474630209,27.5736049764243,31.9046196542365,-0.923283466429098,0.0881674106664704,1,-0.384549991639226,1.51084006236025,0.789866908962347,0.633193983728133,0.700704508946172,0.726561764261098,0.77862287134372,0.719946100751027,0.328081110544655,0.726185989262256,1.326537701856,0.613375597488094
0.724007331168279,1.59228622415811,81.6629737520368,151.180842697132,-0.984858376248359,0.0291229528688078,1,0.298414526554689,3.26478857169862,1.92658144800773,0.962396387026218,1.45363023930475,0.935369986890083,1.65055418220012,1.00354361208434,1.70615157205308,0.889493277814066,1.96125890874119,1.04358464381999
0.347579029298591,0.587408023224089,13.3846761526924,10.1442011458379,-0.862312043439135,0.0937017603348824,1,0.075490807948201,1.00296506679893,0.809535405020017,0.337543288403568,0.231506212251951,0.45567322655511,0.296461263670246,0.505518105594598,0.772822852782382,0.455731464846569,0.733072973246536,0.575397330433152
0.309209110139395,0.337388546046122,4.97719051426382,3.14952443942984,-0.545498634160802,0.200969416405166,1,-0.63320692074685,0.563030090133421,0.607704344356172,0.346658385330379,-0.31307230962269,0.433944725122649,0.151829079611236,0.383617392343518,-0.488390131363037,0.506124941282851,0.462891917180248,0.341437035868388
0.187885622687228,0.50508189500466,8.57093032090661,8.24020912039959,-0.817001178445048,0.20095063980357,1,-0.0282395042923301,1.01197534969878,0.174977250001415,0.605879551579487,0.727274645531041,0.510315082053261,0.344249491240516,0.698184441527327,-0.0857683853510608,0.574449706143449,0.259080274803319,0.534927928128101
-0.137065392607408,0.473314270080335,8.11473511868498,8.72658155378196,-0.877923706370326,0.128054551766033,1,-0.128678065621899,1.17241733588568,0.579625178790001,0.583884984507604,0.39579899063045,0.586542585369484,0.874666925598776,0.677507714329379,-0.554503170694327,0.803302193425257,0.922464087856849,0.58370494898682
-0.0852459355237428,0.464201352314197,10.8721893798532,15.0813778242173,-0.884089453981325,0.165561761829545,1,0.00842074413345784,1.03147333993676,-0.0931416425010192,0.813369692891296,0.457495577987862,0.719651668117451,0.714921781929887,0.713008502903617,0.57511639006287,0.683180964383754,0.680945021682595,0.826633043687952
-0.236762923072544,0.45884890266276,6.83909180131783,7.53549908222148,-0.827957274883393,0.203273662789927,1,1.01796615634109,0.840128054820747,0.208288702039071,0.608058370219164,0.464987707524461,0.570222721980646,0.355059224382526,0.724678741404691,0.6774349298745,0.503453633563678,0.778823499101203,0.68180549928386
0.246180826042868,0.466765840001419,12.0879896438727,13.7722298717084,-0.859213336487627,0.180199782423689,1,0.229141336113564,0.621639703333846,0.626469609328073,0.617064586446632,0.759020651627941,0.636208831031097,0.466223848231506,0.615452439375823,0.74763451399484,0.643553451611685,0.0479618596251528,0.691578481134123
0.127723801679404,0.456102463960774,10.3813939482233,9.68868905027663,-0.47504710778168,0.440649092128634,1,0.161013967700638,0.601361873707068,-0.00274404691565952,0.542934848676766,0.194474685478505,0.764582095955697,0.758122486907196,0.491662628050577,-0.573762821904597,0.840864971466087,0.357938105308085,0.449668273700676
1.18484429655017,0.803476521698484,13.5793116643259,13.0577594535454,-0.903725707506181,0.0871644148888702,1,2.45442642723615,1.6586938191452,-0.109742705604315,0.589720159248698,1.00244289568914,0.476942963176252,0.729156542780321,0.596154031644288,0.889872608330836,0.601767075524773,1.09864122135696,0.587003288965694
0.149555709207603,0.452278638087601,8.95406389414552,8.36919079124653,-0.870081214923358,0.11770579026312,1,0.598295493364808,0.959224935588082,0.700813110474161,0.523001792193266,0.415814854315064,0.541438465259444,0.452276063962888,0.428659645839147,0.221338380847645,0.548305483346209,0.315727651887048,0.481951228511392
-0.805107647412466,0.632244622193957,10.2770221300746,8.26051300404509,-0.746802666598321,0.184329686941809,1,-1.05576872764439,1.03423418645739,0.689187918381795,0.465744723298456,0.223813646785499,0.473176372653187,-0.280119981377889,0.53295197080793,0.427361688031882,0.509237745546216,0.346807631959133,0.533799471995247
-0.206873392371247,0.418998484028665,6.54291962885216,5.80880664736567,-0.808665906210139,0.172134320148015,1,-0.282850344239316,0.926422657404626,0.428153409184963,0.473250100288943,0.201766177789735,0.547142579300439,0.296883311756546,0.513812857120494,0.0202616421755398,0.544088878443988,0.456881142457166,0.579288265893328
0.294456991324352,0.425955218841615,9.17802586183429,8.65948622456541,-0.642979912543292,0.325733220565275,1,-0.0620744934518497,0.844307741287301,0.310651956548199,0.507295184992397,0.838398846169065,0.527779271026445,0.420090736560085,0.597182743585508,0.945623349725205,0.580808067598256,0.475768947784145,0.572304595910496
0.191300857569265,0.583895068923493,12.2290753494884,15.2976359803368,-0.896167234563136,0.12622658749866,1,1.0675643750142,1.43018174177189,0.0969093516630528,0.723787640709702,1.00041049736738,0.624899292442743,0.652783616401503,0.7368657546279,0.219544152402096,0.68369066235094,0.86815028146683,0.715020047874526
0.44663009870945,0.356236218418896,5.85958996486228,5.07151244523288,-0.727654410014492,0.235169912943652,1,-1.11344998597917,0.946006928011113,0.552817838877819,0.433586574086115,0.482335800105943,0.504937089903241,0.396620216151533,0.48634963112062,-0.277602349375189,0.557963551894968,0.859518955644761,0.535349285184791
0.380549362919823,0.540656443677099,7.65201477260614,8.03039006599326,-0.84829325528234,0.162145118028485,1,0.669451535966279,1.27519891343422,-0.0480573132236618,0.694343984979685,-0.0413371259295355,0.591966202111757,0.708617262293282,0.530609532131699,0.667802421303712,0.704814787929237,0.626068833945817,0.64169694615093
0.188505312472084,0.317443238416321,4.91574972911544,2.95135373985151,-0.665628132044475,0.239679990536059,1,0.621337735473416,0.550779434332474,0.0185954032406274,0.418772004713038,-0.238596083962955,0.416016849140542,0.0398483018773439,0.334434950386944,-0.0843192008884535,0.368740754556594,0.0889606407374881,0.50371037670479
-1.23107648588519,1.49979645120932,42.0820762979793,71.8838920982274,-0.966494287191211,0.0607471367960715,1,-2.51859478603011,3.26047797727536,1.4968571071732,0.823970810004133,1.70004870847937,0.910911588975071,1.32792238651911,0.912537801984889,0.622471021612614,0.881935129591519,0.460786463463823,1.07692156702887
-0.83942789521193,2.97463933161086,152.191259742117,605.793199916263,-0.989999972242691,0.0386563759023633,2,2.61664283196167,4.58595201875612,1.7814537429684,1.99146583447379,1.61801450280302,2.1377145050701,2.1722948141379,1.94870772882746,1.91102365742693,1.96671700206545,1.80438368760268,1.95111243570899
0.409137626056551,0.326092524288355,3.14975622199173,2.05323522489254,-0.453343555984197,0.39245944607604,1,0.261467355525753,0.647723084731976,0.30649148485579,0.356677599231803,-0.845884028724364,0.595561516053264,0.0420144156921927,0.439145979711247,-0.0460235974632897,0.435001435506477,0.520848239449013,0.421883638792113
0.211271318707184,0.477124821286899,10.5672260391083,12.2588838360361,-0.854790690831075,0.158379968164385,1,0.28313204662286,1.0602426594355,0.0720390755424108,0.638026869214591,0.194638363787666,0.655806160046584,0.613392889098032,0.57447761880778,0.113263834212567,0.718320047294694,0.162116730779017,0.607281913513611
2.0464598760838,4.33580854293021,290.677797178029,1087.4625566934,-0.989999885404784,0.03660927478,2,5.0370665154754,9.04639173749409,2.27225160936041,1.85731355801233,1.97716754767503,1.88606333327708,1.73692837103086,1.91967936557611,2.15364054296764,1.98928934628206,2.2808317369471,1.904649970145
0.584758049780426,1.08756827726056,36.1465165437558,63.1393285861813,-0.970426969127776,0.0519214600509331,3,0.597875401295464,2.12908910224245,0.966092058192489,0.827313211639377,1.23030282410518,0.83710293034994,1.01228389387146,0.88256945400738,1.04069189703788,1.06537078155592,1.67832574255158,0.943876743659977
2.7302803947361,4.10625626803034,199.341892452181,486.960526712896,-0.989999965891093,0.0231948856954844,2,-0.374589360904387,3.22359626383666,2.03899125389681,1.17741389366915,1.86235221877373,1.21998725924243,1.86852547847316,1.22556376323845,2.01125946077728,1.22084891937679,2.2731534018278,1.31147891628234
0.959643251646755,0.828862048386175,15.3433476869327,18.1019014886696,-0.915570543789129,0.100486052447651,1,1.1755280160458,1.35228510949658,0.713585558142575,0.677591766173128,0.61962895800206,0.534627556847949,0.787548944285406,0.657954631607752,0.299353620594211,0.822250192781183,0.965002724723177,0.640103491915108
0.913114774847867,0.512220092129647,7.29582239013595,5.87376131518425,-0.736950095745027,0.224813189967125,1,0.900810725207775,0.689678082776516,0.0729426611649123,0.490236834139313,0.457327954963331,0.375223162099467,-0.004794328135167,0.525929085158261,0.517801751138229,0.445194610532585,0.833605884317639,0.523143496309043
-0.472179450444501,1.15896113025704,54.7527830260681,116.885530692056,-0.968312757259847,0.0699837068241304,1,-0.92888358419199,2.00719037642962,1.24572415589046,1.04851241608584,1.60127672842332,1.07851741714603,1.068153750816,1.16689438556983,1.31163513980674,1.12813979244044,1.36725799594071,1.14625482490526
-0.505274316464419,0.413208889447431,5.12384475937269,3.56562421363291,-0.680791602372055,0.230408846539953,1,-0.677599421276937,0.775831204768629,0.278092199234151,0.383134672430654,0.357924438265626,0.417251854134435,0.371495179605039,0.374142954116342,0.294386027303778,0.592112660671769,-0.137428576151217,0.599068258141866
-0.428533668456782,0.521754941653047,11.4289759200864,7.91436356045915,-0.667390790925527,0.228536443550305,1,-0.283844654195362,1.01411985826032,0.417230667510609,0.425185501262751,0.671330417484681,0.345212786497318,-0.565804115017611,0.730860988799762,0.737413969104293,0.465986184348402,-0.0210615234533118,0.527422481918758
-0.173563895841461,0.564389147750929,12.7204978322658,13.5273426856821,-0.892463177446053,0.118234753908489,1,-0.246374029991535,1.0197006589779,0.731640547258206,0.5277490178305,0.668234056707897,0.548140899568753,0.491815864993849,0.514543856111797,0.692574466328404,0.765790750620643,0.567068314875086,0.588515520080728
-0.75078127512011,0.885509756189162,24.7145759370406,30.2120745317106,-0.881170546699384,0.149264645519107,1,-2.16094983147884,1.96168060428706,0.341944922351455,0.754254909000449,0.946294969870129,0.616393581706069,0.936110325759548,0.681637929893498,0.703482691628883,0.612191670026034,1.09775807043944,0.650857312355978
-0.396676496405974,0.370343776416907,6.16960860390323,5.26853818747158,-0.711575338408646,0.280220800045462,1,-0.247741453415066,0.6991578267784,0.115904113950655,0.498955677510714,0.728252791807369,0.456169579195696,0.359093737250121,0.564181936285207,0.163665123409973,0.666550732636417,0.570327044380575,0.585871198340375
-0.516828198015369,0.501872016978657,7.29353155306594,5.17976829841752,-0.69211563418657,0.215180610626155,1,-0.575389816861592,0.931597137361469,0.645793691088049,0.34289281557535,0.217250392176716,0.477079232202812,0.147095485549352,0.440869977001686,-0.0194963121567297,0.520810760834758,-0.0764048972632158,0.558747893484938
0.123623492220019,0.37247087172927,3.96242528855936,3.15022018933749,-0.794956303520991,0.179348868259603,1,0.476177443532964,1.05395257163223,0.332942314876777,0.46908707012888,0.130017585172823,0.508931185514515,-0.0354126260092659,0.461305174459625,0.0262115352012599,0.632963344176183,0.351142610527628,0.491882193348288
-0.648105061419425,1.37090677618634,66.5981833275396,149.896982439501,-0.963576043498718,0.0865679812434561,1,0.814294798486608,2.04214230133567,0.782901712140225,1.15300369384301,0.627915663393607,1.18252187361071,1.94363101099523,1.19050645947549,1.6459476237362,1.18255588156624,1.1297904680796,1.2556754369945
0.60355195585229,0.7330199430008,15.5239095117366,19.248297065482,-0.916678516900527,0.100027670449055,1,0.43295913201167,1.10429684372736,0.761867828162315,0.656696559854555,0.607651412956113,0.656986150721755,1.1609136227372,0.607748882049837,0.625009632044742,0.773866516754603,-0.477913122660736,0.906303708977392
-0.0633678051274252,0.34617450502126,4.76328410311002,3.00228580487805,-0.738169987659386,0.172412572611824,1,-0.168480373038404,0.713300688985469,-0.0484775751171681,0.436071399889687,0.498713792642023,0.350833639281327,0.0883449991401881,0.476925420800467,0.595600230033124,0.37124164604576,0.112063701114113,0.396471955744505
-2.18636444578019,5.59178962405937,210.626384500161,989.166462183401,-0.989999969090635,0.0468916668753021,2,0.337932018783147,4.52998455825503,2.18531325591896,2.35233343159459,1.44301051079012,2.41780536918377,2.17061492090022,2.46151800034966,2.19856352720007,2.36215993945903,1.66815404080786,2.34813052347829
1.34251088375291,1.08827118332444,34.6029705919406,41.6467468681106,-0.966311483189096,0.0398644330093878,1,0.682798442875711,1.57884010822336,1.56819582392257,0.592603008712389,1.15128179397093,0.639221267826251,1.03257365001022,0.745413021185073,1.42851921560575,0.662849348215415,1.34454617606118,0.718487806780306
-0.2586946641964,0.398306827596444,6.16775842035416,3.0868386986972,-0.596565508484299,0.214351096439418,1,0.06029196665386,0.555620523671195,0.279135830473151,0.30803345490843,0.10043114449252,0.307576424440833,-0.220186264003056,0.417575811810025,0.00424776360900192,0.459095557238418,0.056963444999234,0.411714991738836
0.0782026271219425,0.494962653781988,8.54833856470223,9.01164408854319,-0.930446445023693,0.078890119326722,1,0.101351750640423,1.07220150590133,0.623616671036392,0.55460018124207,0.693389634451798,0.666212897863898,0.336123369687829,0.807301187100383,0.519296200093629,0.611254369081471,0.8211949278127,0.585196109998233
-0.0805869705356709,0.702229631880576,17.5710932281318,22.6805078079334,-0.914997352498191,0.106372474753057,1,0.699841560472476,1.80982726515029,1.10458436265785,0.667224578487886,0.566871582711443,0.709449971204588,0.901679149762287,0.675588672148065,1.09581084059831,0.70980003008736,0.528480719593423,0.790315720080143
0.690604935671861,0.885369022504877,12.5527942132728,17.7008320783718,-0.931128509722746,0.0970348890516971,1,0.998674864841929,1.89999508036038,0.854274882123652,0.770686287854918,0.965647404172613,0.685024543131263,0.952842727195416,0.688866852578867,0.658944678456612,0.735921503715136,0.972124745375814,0.762027850254224
-0.339707074478084,0.838601344933935,29.8762759579058,35.5057806746269,-0.926107197753297,0.0869821217570366,1,-2.08377223415807,1.67185417945059,1.19877630837386,0.615676495349673,1.20958572680201,0.641709203690104,0.49389852449086,0.753159813817213,1.20677020427812,0.691388013051412,0.958210390977862,0.697837116385161
0.223109308500993,0.530701087937024,12.1483071283728,12.5155632875651,-0.867740931257905,0.120125535432814,1,0.643009158807312,0.967136820512969,0.0980090463510153,0.560041589493145,0.763352031923654,0.560085062919251,0.637302431172104,0.617286340667598,1.27490143808667,0.57544299125232,0.585655334550788,0.692600317827732
-0.0185626918303173,1.55263211517421,82.1561384757775,151.271721514693,-0.981929449279914,0.0324890831147667,1,1.00944829572866,3.28463662978036,1.71048523776501,0.920310998930229,1.54313580375834,0.911933689302917,2.21457647928625,0.93480427463522,1.20329121171876,0.991608675358904,1.58570556759485,0.992023688574501
0.991398942602267,0.755812322464275,16.3979628351127,19.421268208839,-0.930219305111084,0.083106999269112,1,-0.09059557722007,1.1954448419284,0.913080905497407,0.597919692326167,0.708982629638794,0.647840164212768,0.631976799060061,0.576039736393059,0.405032128566847,0.585762023509164,0.970865741284151,0.66535385954489
0.279670509550828,0.584543049606357,12.9501692684534,10.9336217260687,-0.872408863798792,0.125136817536591,1,0.171577274597186,1.04753805332979,0.445476229899762,0.491225889963907,0.759528252161756,0.546640184736074,0.824072265195611,0.525140679825971,0.530665164662212,0.522447167949662,0.561613894569449,0.643916520536818
0.185579973691839,1.66577772972782,106.650172147631,335.480636910348,-0.989999979519217,0.0317056115651258,2,1.88814773462387,4.66800873969137,2.05809211947744,1.53572758191907,2.09789269648137,1.62324655643054,1.35125254777465,1.52864552135811,1.99964585827196,1.66603635778416,1.01601649465439,1.74038199866748
-0.262472174006773,0.294790945171797,3.64423270538679,2.00064544638052,-0.283755753815464,0.475471161426168,1,-0.789117178397036,0.612286834971969,0.0238574074690438,0.353035841930315,-0.161284596513641,0.345162505817037,0.146480905683286,0.340602247418289,-1.01957400866454,0.673083372661359,-0.570718046746753,0.547137552920198
-0.211201828924349,0.728642845645034,24.3677202793864,34.2048873757321,-0.942103153543531,0.0788270535813403,1,-1.89139986553729,2.13525309337254,0.858732336515068,0.769814117886789,1.12219472193868,0.702458586012216,0.954856825822631,0.667518650182752,1.42870418093138,0.703871237444571,1.12707632783456,0.86453503517515
-0.371106536649473,0.348771833620274,5.27678294705208,3.35222109035524,-0.680134990940894,0.223107020615174,1,-0.629866449788203,0.663416852156862,0.146559347812,0.44976788894511,0.468300799344795,0.435699567212153,0.37040502814025,0.361620428800874,0.458967061266362,0.513643845148475,-0.335754304934888,0.596309623066795
0.0620505244778904,0.403982943096966,7.50902102704986,4.18045270261632,-0.723808772457318,0.176743687291028,1,0.377901527042855,0.516818011046438,0.594491565027125,0.322904324417133,-0.162530021115976,0.433316686622324,0.645164025191689,0.305246008711007,0.458633780832141,0.439744018229731,0.634451647390695,0.442918192884259
0.173251407998573,0.750567140119309,26.4725525147765,38.3582891984122,-0.860801224150269,0.193420021982264,1,-0.766374586833947,1.21346110306308,0.969354142020719,0.778415175302342,0.520535491019434,0.699778777023312,0.711281130342298,0.709123857815825,0.670962102287459,1.1740797702551,1.17191807492285,0.883718746579062
-0.399201376889872,0.698128663614311,13.7971076623033,12.8606710308429,-0.851110254054809,0.138911662676052,1,-0.575095978107061,1.30868415045528,0.942127940327515,0.457572778089457,0.432049327055625,0.555959322031759,0.981741002408805,0.529996358508268,0.562654520311731,0.655486747744332,0.0829460842847201,0.699014400354405
-0.163904975838558,0.38217396565172,6.25663660455996,4.61687964099576,-0.666239058980953,0.239445176972361,1,-0.407615579197029,0.831984953966634,0.0266906070617728,0.4564567572638,0.585250410720197,0.393393575411767,0.168595642648082,0.601016954038408,-0.442045678494267,0.603224237618835,0.604431340583656,0.612602674745161
0.574327238376865,0.617391839239819,14.658428829956,17.0411666191648,-0.842012818444839,0.182867482445036,1,0.829438463965299,1.06660463417993,0.72271075237159,0.629513346965647,0.117387498832317,0.714263514663028,0.801176404073913,0.640480450999479,0.580301925487275,0.629179296503131,0.185262534778834,0.50496401872199
-0.138468044767178,0.828828906832783,31.2424404501859,28.3717960338196,-0.912015125896075,0.08152084488209,1,-2.07749979787955,1.75886695946356,1.1386970238603,0.541046233214197,0.921377177566749,0.52043891537728,0.987779598925483,0.523673039931416,1.11592670762334,0.473730233537668,0.836403993397606,0.621563999187153
0.0958022284732505,0.314951171139435,3.93075489851581,2.28411408993088,-0.638051442662075,0.208978511488699,1,0.258738317006013,0.677806762857532,0.0227364337846114,0.350822436161331,-0.808887490559506,0.5164341913067,0.294384424469973,0.337075998678206,0.127901928452096,0.455815242940768,0.468292906028499,0.397698974884668
2.67749118612873,6.79122116928191,198.989666090496,902.973767248917,-0.989999964954793,0.0440863928742443,2,7.42268263504244,18.6989172083417,1.97071356901733,2.19042138072187,1.55136075898357,2.12788386437979,1.91446022411065,2.48909194426618,1.83367912872405,2.25969820917322,2.04897691452978,2.24669189864189
-0.133911194134625,0.451501311073508,9.16115547901288,7.52749132991042,-0.835199301782198,0.146763422113326,1,-0.46575647202421,0.928605113248651,0.1577135323902,0.557754112925544,0.636311835033,0.427438664469812,0.469303959450906,0.600987186589539,0.594828296603331,0.451672227022276,0.216065485106993,0.709570049796933
2.03370850263996,2.06830703362036,34.6651394852062,59.2804857514594,-0.950663012278271,0.0850467610008286,1,2.99471873035741,3.18754439047116,1.1803246041626,0.980782024891775,0.853499134303665,0.93112103251341,1.20799221455615,0.846644939520043,0.603235185815103,0.892851244802092,1.33292025553127,0.868826880338859
0.142067488107744,0.604617951891388,16.8357194283146,24.0700952444225,-0.925131406223243,0.104724622597009,1,-1.97977421025615,1.9924998313596,0.900828045182557,0.737145329369947,1.29077415895142,0.672599014569196,0.844495104379261,0.813137800330369,0.59275003567456,0.821519583158448,0.501963417937907,0.791091362329775
0.231459180959568,0.549763503067555,14.3869784950068,10.998073522923,-0.770084186595933,0.187227279797799,1,0.182176445810523,1.09306616095362,-0.702731500193481,0.684573207216696,0.950986338634071,0.479179480882869,0.60108641448365,0.550891059914667,-0.159956911003991,0.640028681386575,0.97308776458361,0.471636358382385
-0.416181313239044,0.586785772754456,11.1197389966478,9.37301770488788,-0.730058065011734,0.248488221683292,1,0.155722500551377,0.96208586588324,0.382327575428564,0.470042933591067,-0.21666808851261,0.649473614473572,0.342763340125569,0.559379412437241,0.521224165287279,0.421115075089202,0.61274433160172,0.65611029747445
-0.778414268440172,0.724912825508486,18.4959408718831,17.9304822023705,-0.907777409760967,0.103321135459079,1,-0.873607872314978,1.11842163328898,0.904133443916587,0.539010939905429,0.753776690973185,0.586790570089466,-0.158587746621281,0.642349002854203,1.05427435639012,0.548218147914677,1.0919403351713,0.519089141764069
0.0976584699053325,0.407969230636975,7.1782852175218,4.97954359152055,-0.685566026457518,0.273806659474995,1,0.0767147488687241,0.738154830546077,0.196505837116165,0.477764004313156,0.234319152718713,0.477120093963517,0.565250538631113,0.393932547499307,-0.0764118554636945,0.653481961152471,0.767744873357746,0.425319894553352
0.190437153903777,0.250871787293091,3.65933221028598,2.09661498999834,-0.320896831222512,0.426205862947205,1,0.3077608461428,0.329933038537468,-0.0204195468089787,0.298296066845093,-0.185944205804287,0.353875890619585,-0.461927884971481,0.479985096045045,-0.127804810327365,0.494109131974462,0.295936781289267,0.403894525241096
0.26672947896178,0.825754288781077,35.7190078632512,59.8544668508142,-0.93093710718352,0.122921359136599,1,-0.513464641180439,1.67780084498734,1.31050258923505,0.829489743848314,1.37859416009396,0.783314842440882,1.08648359682633,0.926669900380742,0.578444257386462,0.967024820447072,1.16550678132833,1.11442549573524
0.227368794577063,0.524914176260043,11.2266727805827,12.3505341095661,-0.904207347942699,0.110265536773417,1,0.490164489170675,1.17115803384217,0.808938495321286,0.609272252642727,0.455863922253082,0.651694805538616,0.731222824110825,0.581860583020288,0.563606021127324,0.726106432190405,0.332572231244249,0.687605631256633
0.765873251877593,0.396233409199739,6.42570616887692,4.8787084456385,-0.782275998960714,0.154036672432169,1,0.470012838440547,0.663480152546416,-0.158076729933228,0.457959262947369,0.369891795770119,0.417534945622981,0.543714574648176,0.38376212965478,0.530055587294643,0.504720370251909,0.186443184614394,0.509504572488561
0.663127409997539,0.507591948365924,8.16185732743148,7.84191389897703,-0.868478780936467,0.118660691688026,1,0.287772247899612,1.03048634786032,0.588292620538352,0.521875889769728,0.668748041566288,0.516963392061628,0.365749148064399,0.522192823091456,0.117157262251577,0.55748500630292,0.673064437562122,0.48387774833738
0.954638510299874,0.786362928122782,8.46483693144246,9.03108256424288,-0.873737874663087,0.174319933481139,1,2.2200796842344,1.89317457192726,-0.223913369103745,0.551620435712895,0.843018709289215,0.553340793052001,0.539821990399246,0.619194723323119,0.262349083670479,0.637707994632928,0.0829177204255491,0.808622830926451
0.490810401228292,1.77130858303192,146.449832740673,477.862450604977,-0.989999978040725,0.0319057305810528,2,-0.99930036130383,3.72794598924171,2.03950603310616,1.63929390114269,1.64433477364728,1.59578979840363,2.01784143697237,1.63076605895392,1.68494180356036,1.66459139344522,1.79057933161403,1.75904410031808
0.276048849221749,0.543698193290629,11.3780655990645,11.6178013452564,-0.9294740798754,0.07215872233559,1,0.534314535743064,1.19858205134658,0.393662779410555,0.611110441805688,1.0363437181831,0.525618217346399,0.780190769759291,0.56706134154162,1.17025716394095,0.517604460822581,0.391055417292566,0.587809541046913
0.143226923806298,0.64732039981533,17.0819514910764,18.6685452090441,-0.916679525028553,0.0872086135997056,1,2.0680533280486,1.5230223258687,0.709556274022451,0.581361091589712,0.887941212359088,0.609023518042468,0.860027739515583,0.554764084027625,1.11667791899904,0.641374009884121,0.941835026571202,0.557028776572771
0.101363762074826,0.335395658643687,4.18589589865421,3.08756404607803,-0.735219082451688,0.189776415317882,1,-0.329755794008171,0.762237812511721,0.11635604800211,0.494958870518447,0.130530034549774,0.4159056408229,0.642093839220549,0.349149361878755,-0.531578222635864,0.572797506594074,-0.384669967354207,0.53916897509414
1.77913922939691,3.43179795133726,137.104548566906,450.94422256094,-0.989999958805492,0.0311118787866261,2,4.7390747109982,8.34290341882187,1.6933149376341,1.62862511068499,1.81424991608661,1.58063050200353,2.00310973093706,1.56371581653456,1.76391511942725,1.78086770022746,1.5054796095012,1.83685708488525
0.437894678580469,0.637048604397446,16.4605845107927,18.6119090778454,-0.880843356639168,0.132450404254296,1,0.326836808568521,1.1559835660022,0.451914126613115,0.620818352385617,0.801719463397226,0.602041598339243,0.0271637008125469,0.672813663518962,1.26973420976639,0.628354850832833,0.454335555987414,0.70270317147128
0.194713646140046,0.543299141590722,13.4002371791614,10.7807814442812,-0.764644740488726,0.251777786001701,1,0.489709899560105,0.841506164836146,0.358050128633094,0.522466767350869,0.534306190488373,0.40699016713976,0.0406704853887546,0.564459785158516,0.359122046667918,0.56345245465805,1.14409526123505,0.60807038648455
-0.780934106783336,0.781662503629012,13.4455911378419,16.4701722648931,-0.867471031321344,0.152505584860983,1,-0.715069858436551,1.20056767822949,0.545006301863243,0.608777905429054,0.455130615800406,0.749277583924283,0.997190420600645,0.718523304619833,0.0569631157913188,0.787084860925501,0.983027988487362,0.660844784598578
1.80543998163496,3.00885744583245,86.4979006803375,244.667546720408,-0.983318756728734,0.0465080625794144,3,-0.750456051420453,2.32606986545476,1.83315420201113,1.39540810084768,1.12050287481201,1.50496417336837,1.89093662000469,1.3948800220369,1.59829444265122,1.50270495688994,1.14095912561328,1.5123419103425
1.26777908325233,3.12320750136906,215.173784056614,871.623117191545,-0.989999944983465,0.0410878009070824,2,2.77398096907983,5.8580342533946,1.94517111659235,1.98984749734202,1.97571917712697,2.08778201557418,1.84296469786532,2.08097071543872,1.5518040529686,1.98110383333601,2.20499941042313,1.9962200888291
-0.572046174894359,0.474736527614712,10.9544852827763,10.0419177534166,-0.850378760656377,0.143850473947946,1,-1.35873886972223,0.775462008617528,0.904719608834794,0.45170022600729,0.116211570084355,0.492467918006725,1.05138166900457,0.522302947569586,0.432388892742525,0.52518953252318,0.564297603803356,0.550842430876545
-0.16050235161506,0.419490722160794,5.52617189507276,3.91683560021964,-0.855490257232747,0.110331487746132,1,-0.0165468549123886,0.801853746529309,0.504237061104933,0.417203533521525,0.0239643277249846,0.466716477315276,0.25076693291353,0.437437810659119,0.604515108736959,0.441734529933934,-0.276372752794868,0.52528668050519
-1.14929584457195,1.52968842517214,61.5893395252389,117.985938984169,-0.982183568857277,0.0341354821646978,1,-0.594788580376483,2.36080181231561,1.56629915222472,1.00356854261045,1.25325834688569,0.97430886065167,1.56491287296627,1.05037783892382,1.42308704701521,1.0816634414819,1.37512964930986,1.20026358297144
3.10994838617106,4.92318654314709,180.589342250147,547.224293863174,-0.989999962280745,0.0293384661596984,2,1.21846661282516,3.49260525834406,1.87678879267611,1.46462469640501,2.32385074482574,1.62929417063679,1.49443192509995,1.58089879343272,1.59744353836683,1.59218850353486,2.36245460306513,1.49508799122841
0.960159087826843,1.14857935030236,25.5223072555156,45.8954104230569,-0.949228073229846,0.0849037857592964,1,0.781282614487295,1.54471894823793,1.02714776945903,0.908877451562853,1.28106221102081,0.953225316648265,0.781659254738886,1.00283051179279,1.24523844591153,0.932839462945226,1.0594242520883,0.92411905913459
-0.881274610827547,1.06797760984345,27.2791299731218,36.4752291084102,-0.90558904333736,0.144927944353632,1,-0.121820960597455,1.22731153991288,0.73495007915211,0.699211469819287,0.710987702236519,0.723456832800049,0.503399247702686,1.04674841694033,0.571720959908898,0.725110360624283,1.20712012985647,0.704045418819649
-0.920487980520745,0.938734226354596,27.0362212224625,34.6538359384224,-0.933630193070243,0.0816177309412636,1,-0.192156788876624,1.09876992934532,0.740844080317227,0.724596506906362,1.01425785858432,0.637630045794761,0.57463902882708,0.837935722529311,0.961323765980553,0.76185143114995,0.527939504190293,0.833940580775038
-0.453448259534495,0.51583099527381,10.1911697130753,10.0599276675806,-0.802879897592208,0.157958671144968,1,-0.211562768436644,0.622587334175942,0.456887839007924,0.465763158317753,0.383144830754715,0.647116917226831,0.843522056971824,0.868147426419495,0.540881688611054,0.592469949395778,-0.198052162829351,0.659256471173395
0.151506313672143,0.490590731018272,11.4588076040496,10.1968390343312,-0.817643561781587,0.167909306521812,1,0.0673692758936374,0.878871167871823,0.454311996373686,0.539294065963542,0.244155333859759,0.47819084417981,1.03102492636749,0.477433139743438,0.823969029528623,0.54921604727633,0.139009884969434,0.647061391960899
-0.987669250958275,1.19569254678821,20.4452796382717,36.4686196071578,-0.908444590855685,0.150045906779057,1,-1.30048041349564,2.0622448767938,0.572170175650878,1.0326917347621,0.909957306710563,0.878169719008982,0.565051326129174,0.844961606983532,0.724293327380007,0.977509736107032,0.734381611673318,1.00366536083786
1.10670108345593,1.40624735377068,46.3543816975355,83.4469854448376,-0.950770672548481,0.0865317805927489,1,0.846147036254851,1.69796596540379,1.54923578263355,0.940102188523122,1.20037712722605,0.915354353713816,1.11039099576234,0.916695362381642,1.13215439396121,0.995135221730053,0.705495877916852,1.05965927457327
0.993759013638673,2.17084342646806,111.012438756645,300.121627715689,-0.989999977312798,0.0264703015767008,2,1.40528322690479,3.29495397825654,1.74200448302788,1.33102661944394,1.48384082017475,1.39630292217827,1.69554151619455,1.45096321657035,1.86312420671641,1.43327721259202,1.53801491419641,1.4825663205318
0.0389863514860413,0.388613485846018,4.69532780763661,3.02785671221405,-0.781209634001395,0.156704025783305,1,1.15073766227967,0.949407958342249,0.18744867367278,0.388082527584669,0.566233802337533,0.367508050772361,-0.871955659843131,0.646435735301294,-0.0605406222723791,0.468034909056011,0.421840218652146,0.388084342388969
0.0707828958025803,0.535311967301654,11.8718229169842,16.9129515852278,-0.861338282814965,0.182917441063744,1,0.750397928445933,1.3700393565784,0.645636812273918,0.678684031056225,0.58918783405232,0.764838687320252,0.502472562618686,0.741727935917384,0.283118379861315,0.879088886817321,0.542105664860781,0.857245725112193
-0.068031123645792,0.449614223916588,7.98111867503582,6.64010603615735,-0.818726062390425,0.144287029539759,1,-0.198337186151194,0.760356541460743,0.163374611658184,0.540595831468119,0.0760271380102521,0.423492459373596,0.70583737086266,0.38831379781655,0.754319155027178,0.384080380534424,0.360807350394815,0.599443851950598
-0.721770758798159,0.606716944468102,9.98498580922062,8.74890708472492,-0.827892519429073,0.167472135613112,1,-0.479444993682271,1.0221864525828,0.651359159525792,0.481719853216206,0.146049585704026,0.486936819074265,0.142732985245532,0.625166978198022,0.68399986760462,0.534754892803531,-0.749748296771442,0.977232906781601
-0.556405683225671,1.09696835527631,55.6141176549512,99.4498658510223,-0.944287690163589,0.109247360693916,1,-2.0229830459182,2.02246507168919,0.563688242239083,0.879377653885362,1.20257292330865,0.944219553848109,1.43779375453438,0.934592932543907,1.27016669193073,1.00866016508943,1.32953943950888,0.91308712426514
-0.581259942605388,0.546427042791773,10.1216244570739,9.92538423323464,-0.810541543014413,0.178231412871304,1,0.118403659741042,0.693035561004074,0.433579395599402,0.614959465558779,0.584113051204302,0.54433051687622,0.17166618719763,0.535363588011762,0.0183642402269132,0.703111846844728,-0.226016262541707,0.648502189246486
1.24499671254035,1.60930123289563,21.0533744550966,42.1737608308005,-0.93872666827937,0.121102974308874,1,2.8714947492439,4.01132832039411,1.28277984205571,1.05462812340387,0.559844004433191,1.07727152434836,1.01539306639163,0.971060579212841,1.04310138993675,0.989591187403101,0.284803986238386,1.02240423169526
0.226676855073888,0.479026760711606,10.3402568784875,11.1940053034843,-0.869559067469428,0.148588358047611,1,0.223929452113334,0.872280856031296,0.6119289065208,0.500721976615824,0.494157420072048,0.672905535876667,0.195267189715654,0.608103966758259,0.564855750849004,0.617569171592386,0.537411105672849,0.592085042640145
-0.27997870745556,0.504125852233559,8.91088519430057,8.03729651319625,-0.748748357692958,0.206185794186143,1,0.208308003369451,0.991087323338667,0.524937786075705,0.442700603204507,0.558726306901486,0.429857143290213,0.121109378452067,0.563195266242682,-0.346653475865164,0.866371735010188,0.52801671872544,0.669384090057201
0.969767231708601,1.69534102588142,85.3892892762562,197.963127379343,-0.932990440327336,0.158298203244106,1,4.10546921459411,5.32297493008105,1.07265188814594,1.10169398507603,1.44945724620755,1.15235794399025,1.05239411350806,1.22941532195791,1.69011357667745,1.25432323486656,0.936371921895158,1.41926477792826
-1.13229677698635,1.91300863632308,72.0629374330308,182.359285126856,-0.986919822229585,0.0331543868274227,1,-3.72281782394921,4.78253410547262,1.56068520969702,1.17107090366211,1.75279938234299,1.28456968877232,1.50312158257421,1.29681939361524,1.77189606989281,1.33622037566705,1.77697841449822,1.42337724398052
0.344207898485912,0.355819634092225,5.76306828020004,5.52721858448012,-0.528113528601717,0.544347374621621,1,0.101787998641873,0.461090978716087,-0.0147966144067979,0.630174794180864,0.160419617987907,0.514905632215559,-0.070988791625643,0.677531536854108,0.107790182055351,0.63175648143911,-0.281642881103426,0.648404406874168
0.2762583387822,0.36631567013447,6.21775847310374,4.56585864237163,-0.804730522936567,0.134118146251584,1,0.33361940701925,0.739959261400502,0.346257910858335,0.463070871674305,0.478066737468562,0.332231117339022,0.51921447501468,0.417132146919766,-0.125786773229378,0.594005882515661,0.787383181974047,0.448190890035403
0.731527511319902,0.368248875223627,5.59769749404266,4.52598402530934,-0.777853384867337,0.184085736762828,1,1.0367299345268,0.635320026353901,0.558835102763803,0.414163837668534,0.396724828004567,0.377773240918397,0.599370445847792,0.456660528865326,0.462934929761303,0.415911389521169,0.189550466956076,0.531836390221319
-0.263172694370964,1.10311075441053,45.3510107891859,103.920796563091,-0.956844750408084,0.100928596122521,1,-0.86476557615983,2.42843954837641,1.25176451397748,1.20171162289203,1.0551920507715,1.18529338673261,0.818499057461264,1.25722301428659,1.56536737071751,1.13476226497679,0.504575030150879,1.183485267997
0.0479631590834374,0.404825787811254,7.22802952025988,6.20096955093358,-0.82197875123015,0.162581779660223,1,0.641634439744626,0.740817866813175,-0.0155502570736529,0.457142356920142,0.148683623716687,0.517199804732576,0.577048718144981,0.475389283594147,0.265045118548957,0.530818134841665,0.566706649062951,0.508495336657617
-1.85007743617076,2.60330159002693,81.3732284247172,190.916155932216,-0.967341305710096,0.0762079534078101,1,0.308112021870207,1.137634250516,1.40026944638046,1.14209944146286,0.989376180051368,1.21643996607779,1.86771584344593,1.21774099208763,1.65049465283241,1.2337144444906,0.283627010575475,1.35934262222078
-0.0442538340377167,1.60958166170317,133.019559341387,374.503662733898,-0.988336650399849,0.0340666140392398,3,-0.246273932044669,2.21798015986245,2.10066956913938,1.4301977542922,1.41349254104257,1.46314171757143,0.73932557006284,1.68914573704733,1.72016156040924,1.45359675905245,1.71476489549498,1.42941957747995
-0.271350998453116,0.317679985720449,3.9160640127363,3.00908222900867,-0.349804794852238,0.684976441152525,1,0.406329079562946,0.535028826578261,0.0917873954967829,0.409494383870725,-0.256964452227114,0.511733834755214,-0.683738303667566,0.508692363830202,-0.0417718804053883,0.456454594544977,-0.58367359102957,0.671391553738098
0.827120566884453,1.44569340878865,58.2902004391122,101.544156946084,-0.974711191139295,0.0458686564256185,3,0.923787802529832,2.26438718973184,0.895095410647892,0.927021041437414,0.950240146977425,0.938082342538232,1.2661587492191,0.976633780150123,1.5401313332478,0.90349312343383,1.57803995696853,0.981422131882466
0.608075914342585,1.34924985407942,59.5006639524626,157.525724483125,-0.956671474671811,0.111619645223104,1,2.62279161369322,3.4031234090976,0.625992250383323,1.42762245368676,0.803322215174755,1.50126965564324,1.17273122237105,1.27513971800737,0.282272394114557,1.50792684998227,1.1159846597806,1.37265383790451
0.0937877885103652,0.297015225330643,4.04493556571326,2.75217270574509,-0.711911274225616,0.214745685960773,1,0.842457297659636,0.627600802465987,0.0818932495100352,0.486001284383915,0.333443344598399,0.410783528487233,0.169342667357218,0.418840607903376,0.456446800970571,0.418757135938235,0.0810836688874236,0.508138885919383
0.0536217128198467,0.192047528670177,1.64001102710164,1.07936835173126,-0.279821571833816,0.539122763687844,1,0.263469185858433,0.375727140849962,-0.394198787331383,0.415586925007644,-0.360583802243299,0.394861990452203,-0.729183527337068,0.484758929692169,-0.0150128485222089,0.420391680970078,-0.155737180731674,0.554329054950898
-0.00362158637993041,0.377463628369258,5.7355124257612,4.59437164889139,-0.775204531378407,0.198021849079557,1,1.07645177726118,0.92062239554894,-0.756009112785519,0.592135800731112,0.260209262343633,0.467058920089015,0.482105579522974,0.594442763710327,-0.388891475458462,0.656035916482794,-0.158843144906881,0.610972995038233
-1.14410159127767,1.74191697817978,93.4379256992632,210.576267686518,-0.974789736327841,0.0565165863590845,3,-4.12026722703263,4.94022984487623,1.8597541572624,1.1514894497551,1.74399847790975,1.14218641527416,1.49799271958233,1.04412877537348,1.70147268565312,1.15411256286665,0.812583732581956,1.36240760531736
1.29988844461952,0.705056737495233,14.5003468999858,11.4224396571305,-0.744518721021706,0.238390284717625,1,2.05134673582709,1.13005851713604,0.465952563840439,0.434048538735128,0.311927671986028,0.506893914079466,0.460728592525832,0.577468843962782,0.601354418291997,0.541550836284872,0.696238206477093,0.483010097170449
-1.35182613279266,3.71710220890496,148.03474438698,615.874009407513,-0.989999956496609,0.0411502107100838,2,5.1830929323183,10.3291549053846,1.41796715374778,2.16132119079507,1.69800757634881,2.04513721188497,1.51946126762979,2.11303760789579,1.17325221275675,2.19893938380354,1.77649523174832,2.0594710747712
0.686151943461262,1.47204406399035,67.7327573494949,179.685355887982,-0.972353442277624,0.0773561304654568,1,1.66531580250721,3.30923115740362,0.989260207124835,1.4146592626705,1.72270164311428,1.33243850381648,1.0861422288307,1.24766489338446,1.05776380532679,1.37891878818288,0.792625519215229,1.41164639186726
2.21813987162338,1.96447235284171,64.9936031878688,105.729644240453,-0.97254711947647,0.0426188612861774,1,1.96116610688837,2.68403492868033,1.21933623378138,0.799559692539497,0.698302528212374,0.898873019880012,1.257922142977,0.794378053818545,1.30364414727942,0.968513018657545,1.47896756943344,0.866755442294863
0.204716227637667,0.521074449038034,11.5129887140362,9.96619145550389,-0.797280290937085,0.190038626837629,1,1.29415937762514,1.16454610833684,0.523399610384252,0.445640136098132,0.713236498672899,0.55096797257804,0.40305916277895,0.732306788586878,0.325224478199496,0.581380889886419,-0.0529821923056501,0.56094956542011
-0.0755821190266946,0.518541238496703,15.6250564599115,13.4138447328671,-0.793221612777723,0.206371953268206,1,-1.4835585645604,1.16469852529713,0.886740216307733,0.460702338353659,0.456912108076491,0.47202619546898,0.340283619679689,0.562195516356394,0.484818211078903,0.515723330759184,0.0556731114938592,0.554823205369265
-0.0870770792946557,0.532216753431048,14.9210520032165,15.6682294035004,-0.79713599375199,0.214235486934775,1,-0.526459403164248,0.818237249870897,0.480281573115898,0.600675085580376,0.935278240948622,0.543017523875025,0.895752240997031,0.666895868737606,-0.314488126733358,0.833440667990758,0.385036145885113,0.645992975735504
-0.157978554203021,0.518352201882999,9.61016249736113,7.69323353254195,-0.871507336948437,0.105186500140138,1,-1.28906924761147,1.45393858857491,0.69859116846045,0.407098328414372,0.149431518157704,0.481503994897792,0.524727747143976,0.456273606513009,0.763052984629533,0.491633790029794,0.247052103596935,0.593199834357771
-0.393741926178734,0.419305412263031,6.60552397854056,4.84248196781723,-0.771062885765223,0.142192438398829,1,0.476742688835786,0.702069364483994,0.290281586157973,0.435297339489033,0.311032642284314,0.437968982353596,-0.242228441814964,0.505985215999102,0.48704801406369,0.435564283489977,0.667530238882689,0.646075467298549
1.20343736605234,0.944999755486638,16.8905956972058,18.5521001660453,-0.878625218194794,0.123861790616329,1,1.11488717932644,1.64277805046553,0.743383609325164,0.585328950051835,1.08724924914512,0.568077418529863,0.644297372770233,0.564555744883365,0.497435111805668,0.702146622169221,0.092995808461495,0.853038526091043
0.138499630823573,0.607472002101483,19.0282624409818,20.9772761572743,-0.888763456950885,0.129340941020021,3,-1.00963746811083,1.1220989064782,0.727552455873734,0.528484223352179,0.766349215946146,0.610284170320571,0.754813579215704,0.626731144336287,0.948600501604748,0.662647859320113,0.491660915717493,0.767437585134922
0.916245401584658,0.809092182021243,20.8062162047324,27.4340167113036,-0.906271497123192,0.11101770022209,1,0.941244651483547,1.11445439229029,0.046110339996122,0.773158208952756,0.596449068838311,0.652077004731623,0.812180419691271,0.78960073031708,0.890738152330778,0.789975622054381,0.714654300520341,0.667021271852062
0.516340223979263,0.607325704248692,9.69609698021857,12.086338004135,-0.841461502522506,0.188074116137582,1,0.728585135909081,1.11577796571827,0.530027408281873,0.673111578400566,0.490033387467242,0.634608006929787,0.367924436249012,0.685889525422812,1.09666598975363,0.61860642270967,-0.00432869357930973,0.807873299575795
-0.169635198091485,0.27484198386818,3.54340273634925,2.26021177419094,-0.483152596688945,0.339813079174341,1,0.231455333230705,0.559766003348996,-0.136738281177802,0.441089443936013,0.223585352204113,0.381670179074828,-0.125950812757697,0.525330322400736,-0.231021378829152,0.545653879375225,-0.00535724800724121,0.375989069275335
0.193886903566181,0.541396778885341,8.00734859059665,8.90359918498253,-0.825414620799479,0.207000330916629,1,0.131894399919171,1.13392244077302,-0.21851561526505,0.643114108602973,0.293774664173829,0.632584315197426,0.712023151267177,0.608194177200804,0.0861679708725525,0.661320473484926,0.671493596290526,0.632307177205093
0.166434291062313,0.437776445539671,10.5842294779645,8.61728261466369,-0.784507019633839,0.191742729260568,1,0.290305023862311,0.624525623087629,0.676881392765828,0.496097688258403,0.548349702891924,0.409159145095352,0.428675986533173,0.460938414695508,0.801215329951427,0.43558226659543,0.127012620830737,0.477490508495195
0.267790488385973,1.70309019523331,129.974501948386,420.44697228044,-0.989999964973798,0.0325229077388677,2,-5.88284609973624,9.76015466226788,2.18460020827108,1.67183442934165,1.9099983106329,1.66318538180366,1.82264624278367,1.66535345599197,2.115311701874,1.62842447932361,1.51796700939693,1.65770760695161
0.084615178404227,0.549391153219809,13.5692604678109,14.0432184741711,-0.895965059303789,0.102919613681084,1,-0.496378118312756,1.35025366527658,0.751599159223611,0.544219502498555,0.532112644730678,0.567667900268947,0.595056894689851,0.630535678582469,1.2907896199151,0.610254260467544,0.579999626207515,0.627682628296241
0.452060169788242,0.423139357671903,5.94137504351764,4.9670419454772,-0.871325027917582,0.120133033975613,1,0.609415866031906,0.784178390594574,0.300459578943173,0.456989408179954,0.364488083040693,0.507865728772165,0.449061096537914,0.467796219172777,0.21300237176739,0.462502806204231,0.528194383741365,0.514647268850639
0.0470020894709079,0.461226449134642,9.11569501649354,7.55407601757097,-0.798686141106679,0.186013428790209,1,-0.511278201873876,0.920272101297438,0.461143366486384,0.499854218230274,0.20092844335613,0.485663163932256,0.0711511564139801,0.527290657644436,-0.463885079669925,0.738354681356598,0.1706316320024,0.529358179475836
-0.349475656312642,0.621649183209754,16.0045162736699,16.3107850763053,-0.896347154797579,0.112089393706226,1,-0.753810115995245,1.33743057869159,0.95412403011324,0.505650348641405,0.174570396430477,0.563272163003369,1.21255340281454,0.498294324566183,0.0462730802376143,0.684824812372586,0.44811379816479,0.655450076876908
0.139002190657503,0.36957318592538,5.81924440360784,4.49672801148892,-0.562836526361395,0.283521442855444,1,0.485449956438967,0.65128157708082,-0.10040365670401,0.473437643872593,-0.0797896504064062,0.454114030335083,0.389801886298402,0.481645972319223,0.210529013974127,0.501295070925372,0.0971177459552924,0.564488641278121
0.972295622268632,0.783609215813071,15.9804246767888,16.5170593432249,-0.875258332436815,0.135708455408937,1,0.319301756717609,0.933885637206466,0.8744737216997,0.537568382778807,0.342036199872025,0.50786423780404,0.642877151062473,0.642113260163285,0.177790074944357,0.71652682372814,0.587903286709088,0.597706906291118
0.889387648373905,0.433027962871593,7.69993679869294,5.52843147586811,-0.757738159623312,0.140461858690163,1,0.244411408961787,0.664532828673904,0.624940651947311,0.368230719866518,0.432207256760716,0.522303432634584,0.631287436148367,0.372572836236566,0.751727845050031,0.442058806826119,0.482830405399833,0.482045595183061
0.0327503611879076,0.429321312292847,8.70832920257386,6.62449187045353,-0.879206225480232,0.102822206743166,1,-0.113192689682672,0.781365967860366,0.468386108050638,0.487116141704641,-0.0879634536155165,0.527028241845107,0.408240351695728,0.348455657336386,0.446549678053235,0.421709032868071,0.766996559704264,0.454073809671122
2.20359943456908,2.89385396788096,74.8361985052167,159.218660171616,-0.96765178690714,0.0729177876107362,1,0.0424602438478772,1.85989015614037,1.61082610874737,1.0178692650082,1.67193768435814,1.09209780775803,1.30164429382734,1.17805762249341,0.884241140714547,1.10349139490687,1.88851883729159,1.10448099941292
-1.25401086915631,1.39495734151731,61.6449600511742,98.5672593009096,-0.933789493417789,0.111437690697258,1,-2.38150663904025,2.12873178497557,1.63632638400135,0.862948877770785,1.43319337538204,0.752365396413077,0.0556883220742092,0.981372557904051,0.854613514526496,0.793421516753148,0.889019368247994,0.91028416999595
-0.518763968339428,0.795813603105052,18.1141441877023,26.766673952641,-0.884093043960303,0.177155983575213,1,1.11087466767827,1.35320797251986,-0.0422747418807332,0.892834947979366,0.866724829529335,0.658427790100141,0.969103553707808,0.815424905374822,1.09712183945665,0.849597636141651,0.621890331686584,1.02881834979145
0.000707461721839674,0.62051361553312,21.5797170969568,31.3163055554694,-0.880260289243411,0.165834309455475,1,-1.07714597559001,1.29198752373414,1.07014128387452,0.737559019294063,0.250154516220992,0.83277981115801,0.804192038710576,0.839298506160009,0.68839744093485,0.778065034302872,0.265524934078227,0.793834427595792
0.371152107284875,0.464891647772337,8.22631756143516,8.06409830762452,-0.82979301750808,0.171388614477432,1,-0.336649896847679,0.84106017982323,0.336942576117533,0.541988795661967,0.726061224456882,0.510749771597976,0.87235995311066,0.50210187080023,0.173036642733399,0.647719529538655,0.833528735733532,0.557133203506895
0.136400232989456,0.505381214342187,11.1972429430007,12.3794121267297,-0.890415855287736,0.110565188225399,1,1.30835619790481,1.12683431516209,0.27577991512868,0.570799498227349,0.533867959191215,0.604224354088099,0.670616089509054,0.53593285287476,0.737954917662901,0.727514585736977,0.333812218179689,0.705816284791723
0.444057363551856,0.978118091214503,38.5202897197456,61.0487150255583,-0.961062172728882,0.0603443891081281,1,1.68519471186107,2.11914527142527,1.26091127470292,0.796284916931409,0.875319022839952,0.848515313536037,1.25954774578924,0.870918104723473,1.50510628932827,0.831680457656308,0.943851664606524,0.887115424105994
0.0309430432293122,0.547849904267577,12.1736026043881,13.9288885691441,-0.876374096991239,0.146373165879464,1,0.213570119732241,1.13145452393464,0.333957733572397,0.607807573648554,0.00119766653342756,0.685425353985719,0.862380289784926,0.611967644086318,0.454602491716285,0.764339138187379,0.606685235928796,0.634031696036794
0.963362226788316,1.13205097651133,26.6099744635697,36.849868750214,-0.953658249852348,0.0642948062984239,1,-0.612127967472061,1.89737353660768,1.07759356490036,0.758006393785703,0.323807703619803,0.771608306173043,1.4149016166248,0.733673958733217,1.23718642390282,0.691394724670226,0.943296903249839,0.813589877145744
-0.792635603667058,2.10386713921277,125.098773273503,369.555857338363,-0.989999973557517,0.030257202114734,2,1.11980800658769,3.91912941684195,1.4964639188943,1.44286611605119,1.8244729401871,1.56975282853462,1.67691028556835,1.46846084469228,1.70134559191708,1.43758332219491,1.62504302616182,1.65392387060337
0.269322057505171,1.41664626616262,101.300785393689,240.258481793517,-0.981032818029831,0.0459535942464656,1,-2.70139521358465,4.12635672379653,1.48581183729399,1.25764813609714,1.18624677119392,0.991737081698933,1.71888026882149,1.19538554310879,1.85356031110483,1.24650250922098,1.32977334145342,1.23214986010028
0.247935419460574,0.34358068682867,4.99297422908138,3.88693926004153,-0.648654569574777,0.290388596979852,1,-0.0439591429316284,0.732189560289989,0.138170021860517,0.395051558749122,0.312946214992982,0.462605871561998,-0.191166187035643,0.509939779044166,-0.466530672306694,0.599796661454896,0.32525666403336,0.478051250468695
0.242371888283327,0.347010306823107,5.66445753243578,3.00273727597858,-0.624566113159141,0.226963397756313,1,0.660367398087711,0.572415913276623,0.330431759313927,0.331221736731214,0.412431711774297,0.352651399529472,-0.132734838091371,0.43733002474284,0.0918800329064202,0.428210027278858,0.589473435022767,0.365541304428081
-0.414078933010411,0.741259249120625,24.3149848239229,29.0720644176095,-0.888268170804609,0.130831607552904,1,-1.66031452855879,1.31847150735285,0.888201338172513,0.783834233509927,0.658737000260685,0.605369181590955,0.795382435816185,0.683773324833398,0.394047492880559,0.68754191053224,0.989321813085013,0.625120503618549
0.566505976968772,0.507525947174621,11.2578232080703,10.3343199351124,-0.866387447289157,0.126008720100398,1,0.300023044043481,1.02854835823825,0.665869104604257,0.482450575232956,0.78932323560475,0.549099895820006,0.546514700692752,0.515425135531521,0.502238134317523,0.595639277525732,1.28762942690278,0.515701921223798
-0.713052117334775,0.881890971145681,9.25563566736213,16.021681473272,-0.889439944223349,0.186355874878431,1,1.40436563975505,2.02970986766333,0.45849572182048,0.827458166241487,0.412733421917395,0.946857157618039,0.765418897883768,0.902776433680557,0.302248395852948,0.88149062797982,0.334123343510043,1.17327684411618
0.0478366306000841,0.470616962625985,9.70436477548968,9.49771670146108,-0.903307304684241,0.0833717930159654,1,-1.36554458799723,1.13479689368518,0.690687578737484,0.509802186939044,0.409319508568286,0.473997512453995,0.591351783517943,0.546177041897022,0.539659542017744,0.654562768419096,0.582164819143894,0.596363112998023
0.214368174370034,0.587979124013547,10.270658236766,9.49614754603958,-0.858644449536289,0.114540347659378,1,0.629159355476355,1.34281026501222,0.912197456239639,0.451187553158482,-0.0567714718090564,0.528877875451746,0.319273750892908,0.56201300613295,0.512217464314314,0.735002950444396,0.898970819650482,0.64462170074424
-1.38095382004396,1.6909973901581,48.2281201399276,86.8251443683424,-0.942205377286322,0.101269778703405,1,0.348459837611511,1.31196922115501,1.12229267408666,0.946281624956244,1.28830026752291,0.979733800243825,1.32905702091634,0.963926060812956,1.02796148741575,1.0065909270671,1.33318969048681,0.872100175723951
-0.102363550758277,0.46420768396955,10.9642225865152,11.7638577759948,-0.809583568835263,0.207460638829038,1,-0.0524376889283889,0.875791644482867,0.575659765658786,0.558547114075944,0.720151670498247,0.557012945454742,0.8533684000555,0.516061390642715,-0.322860753790148,0.791766982639508,0.385588639689795,0.895776057043362
0.0578677150529536,0.307795471411083,4.719029956902,3.11709394965222,-0.72270822127773,0.190853687781064,1,-0.721445425738255,0.545108779510767,0.3573794440105,0.352032341037523,0.108412511280802,0.397966757259798,-0.0805824318254921,0.425947021043974,0.156919946458117,0.411652042162187,0.150022533911753,0.42517836304116
-0.172665927645971,0.5341156746553,13.2789748250085,11.2088738543463,-0.8462909667389,0.149034880695223,1,-1.11000573665477,0.95282316583697,0.336119596183517,0.528541029171584,0.881689651021954,0.439885569068172,0.54023290034801,0.498830064791663,0.572179958834077,0.523259427771717,0.449108922722067,0.648378926868058
-0.314537367677569,0.722312812226301,22.3871924793463,27.1372130391479,-0.902184420427739,0.119627016040435,1,0.460080019271489,0.957739820351333,0.465954347803204,0.643072081539767,0.929097215138152,0.707244771240122,0.863640719013906,0.660975786468096,0.947040670573013,0.715295697372003,1.22140551775243,0.637730604849062
0.464701990135865,0.415457023015391,5.81920356643125,3.9447808625024,-0.730595121529143,0.18621493325257,1,-0.0544357083181605,0.715463683136142,0.0179814719194529,0.458135303009766,0.312956412377979,0.390033243120218,0.331280226533506,0.413927765285494,0.284991817780333,0.439106138923736,-0.040229050539847,0.458693460235103
-0.0277065560514079,0.357114127363266,6.26103154085899,4.08536348659185,-0.656944835739663,0.255358395643237,1,-0.448070097227398,0.764367620310692,0.561810711977893,0.335789240865136,0.146493551440977,0.407374218237946,-0.159739171117413,0.501474794201275,0.316376554927443,0.395688106501215,-0.258050093105811,0.667300611208579
0.430871809720453,0.499246801754851,10.827657949528,9.17735768351998,-0.818969644339904,0.142065374380713,1,0.779484927570358,0.660856027453107,0.272029217988391,0.44771821176401,0.639899909493868,0.442677148229872,0.0948930381094202,0.481983131492946,0.698644336942505,0.448462144267722,-0.172457064592289,0.639328613574926
0.507095966332436,1.07376805868343,41.2953433922171,63.9482922908362,-0.977137077828293,0.03629390949775,1,-0.52255956244724,2.31591458433884,1.4715147418165,0.85906139715738,1.58153761704195,0.740708715232545,0.610096057450011,0.940391707711685,1.48782443858389,0.838731268401253,1.64756437481699,0.834114040901636
1.19796960578997,1.08538446205678,19.4600446257624,27.952038425277,-0.936873612443998,0.0934234848390636,1,-0.612090544633673,0.888097965022575,1.0751681510387,0.727745813599914,0.456572314963238,0.708654696523694,0.544718585818291,0.746575515289122,0.869909249140033,0.771272033220064,0.359505526955781,0.776932859748036
-0.906977192673324,0.889632563521866,21.4296383871242,24.5607842061517,-0.880448012687292,0.145171132639117,1,-1.20414657192862,1.71137061518132,1.05475689767151,0.571614238434712,0.629308249340106,0.626559574096057,0.470683689518444,0.71054876188072,0.767469636308798,0.714976310634857,0.886946253385865,0.760205826759412
0.0252283454886006,0.648045547261988,23.0728979407562,25.1792317764123,-0.84023172320354,0.191279102153974,1,-1.66462647235369,1.17977863472067,0.891134529873454,0.536056707933921,0.200842987752755,0.536289787901474,1.04095276414448,0.565720602594573,0.595443041049843,0.590800958879907,0.696499394902652,0.661165913312685
-0.608229613621046,1.03184356201341,34.159572351947,43.495760187179,-0.903850201631067,0.121292262784625,1,1.93557508142957,2.06542365086476,0.54956247689498,0.789485530179498,1.41904710438268,0.702995756515529,1.47516962883357,0.772570982875168,-0.239488810215933,0.981035474708451,1.40326288875925,0.636644991533007
0.8990785796295,1.03672633492721,37.9870687232466,53.9154683965239,-0.955978311036845,0.0585943088108093,1,0.348737209178445,1.30588665360497,1.27449920780031,0.751319835612013,0.92874935313044,0.701308997842819,1.57818656143496,0.810080879806491,1.42409949563794,0.774877040257035,1.19072860500365,0.778462719772935
-0.513560669318993,0.580240225522832,11.6438501243863,9.92219105359959,-0.894830601554494,0.0964512573741352,1,-0.824181332500742,1.05702304184016,0.648054978026245,0.477280375777772,0.528367912794788,0.485694903790133,0.488358213442578,0.465089997159306,0.77446877920521,0.505942246122632,0.847386491465377,0.535989128252217
0.7295710469489,0.452899441157659,9.43831457294942,5.85065919537489,-0.643788943323908,0.299523697900194,1,1.12460024198095,1.01244197945631,0.321015149525976,0.469503613376717,0.43776325355215,0.349859529993804,0.371235854125017,0.458632939050323,0.150271307471085,0.594375155742677,0.164293113945037,0.58446663036969
0.128569630839014,0.424596943136948,7.0862605358824,4.41567961629364,-0.692889295173621,0.211109128955396,1,0.263283752734366,0.822831248997102,0.110858973929409,0.478739930950437,0.203518788939594,0.428231437167164,-0.0703633204991892,0.438295465338604,-0.166214840311832,0.425500087473548,0.262505563338526,0.407958448789364
0.693980328036383,0.762863203313312,18.3750018161261,27.2480192437725,-0.952536704872375,0.0679566285314909,1,0.015819784290084,1.06243698387116,0.88901044386799,0.807708993477598,0.951956289283162,0.729661474274155,0.972448619457456,0.740342620560481,1.17093031396147,0.79716936688586,1.08388552165786,0.79398883130798
-0.619516228932982,0.577464656528759,10.1291157829445,8.3590365005937,-0.860591616392488,0.130601730170947,1,-0.836502448829339,1.06159369719399,0.447261826317253,0.399433540104286,0.0127157539003905,0.547069941488133,0.637372186106829,0.513818883653057,0.656227801797513,0.494488760151018,0.505000463161741,0.547911770948906
-0.689266747041968,0.624566459634399,10.0708439705977,11.0823886347864,-0.880012238995968,0.141633721974015,1,-2.32371260337567,1.76620037865952,0.630653192172323,0.567177453467959,0.725816656595484,0.552450617640118,0.634419943908481,0.629336668519257,0.836671817537372,0.629518889050101,0.72490698674679,0.794697423780853
0.397879007208182,0.359650728378452,6.72576443802335,4.3339647182095,-0.731191952001837,0.158300591988339,1,0.335392075854137,0.509921928383927,0.354623942819288,0.361279326150552,0.277629840532101,0.383172009563825,0.0929286229420632,0.411009757397405,0.623869131314617,0.470455074531862,-0.0384864047718677,0.499126344201316
1.79411032759859,3.16161187618204,171.323482861513,493.148882086372,-0.982922948860085,0.0480784093445331,1,-0.734114791950613,2.77374694644818,1.84572542527503,1.40872788822126,1.61508870518565,1.42305674099693,1.81694384147051,1.41587934340951,1.44700770427315,1.52047602844846,2.06720656870384,1.48601160075621
-0.56628195654747,0.743191102040308,20.6891342807859,24.0970314309774,-0.878681355381509,0.133979515956984,1,0.517530390020866,0.578088605977085,0.595769714053298,0.601977813276487,0.888080578916381,0.610952134395717,0.904055533003493,0.650124594246242,0.86805844783596,0.673792004577243,0.833153503960613,0.654679502983609
-1.15037591869117,0.943622959907321,29.003584105167,36.7757990353195,-0.912232869806607,0.108780755982957,1,-3.66773603976967,2.57089777357475,0.943455887304936,0.722899106072389,0.70295246373272,0.680601358476809,0.660275219546186,0.747895178202257,0.995165712506929,0.726858512263184,0.699370923516709,0.754768565571129
-0.339001379860996,0.63480624707111,15.8291411332218,18.1567826803442,-0.915656961875204,0.0967991014798359,1,0.433464960911915,1.10362752100171,0.79805534717218,0.556440748688596,0.53227160929963,0.594749942308961,0.601334442986164,0.63857107886527,0.504160590880444,0.63162735045044,0.62268205078992,0.650206100730271
-0.442785256307459,0.49611828244496,10.2176836710792,6.52889816245969,-0.678662850882112,0.206288732915462,1,0.807905338697085,0.819694482827088,0.103200359045171,0.3767071730382,0.212850468753553,0.460710055057078,0.0221930111685667,0.659985276359824,0.481925595453677,0.392796043225293,0.123204431806254,0.523370073395239
0.328369461803578,0.392313550864898,7.26878939077156,4.92074775683388,-0.646125102407389,0.276761405148174,1,-0.390109892539099,0.685567090168559,0.385095099500121,0.382167050470041,0.27118839749065,0.447780413535197,0.321151737966933,0.462406871675425,-0.0667672842778693,0.514243231305658,0.205690419261744,0.591175057800392
-0.0616149784142569,0.45527375925861,8.44810163716823,8.4506551302644,-0.843099260006293,0.159489179734088,1,-0.712562655252645,0.950611506184878,0.644767233942393,0.479437247486517,0.244632407159588,0.543652220797805,0.0410871237419057,0.628206748697263,0.599825029851879,0.611528455769195,0.311104027135775,0.680240016872579
0.0456512690067345,0.503318969961924,13.8942144665804,10.8856726970269,-0.858097288423118,0.0985125493904357,1,-1.05879727961252,0.863168133579023,0.777666783196675,0.366876020941728,0.764628432919869,0.465831950771014,0.895193952772186,0.437291473958625,0.432376071072291,0.5568332710479,1.01700120302567,0.571945899748193
-0.593819848901086,0.92881977912152,30.7117309203542,39.2128427983767,-0.92961494893887,0.0910582528306515,1,-2.30401745780929,2.20997264309268,1.16998983738565,0.653933383090126,1.05012181730491,0.642170729851677,1.02648922727044,0.676784670207481,0.763504334217572,0.694092749069669,0.130152616145056,0.840644526702536
-1.45101415521975,2.66604795772326,182.388095020303,458.547822658749,-0.989999976395511,0.0252180228230451,3,-3.71874443344853,5.66157958365941,1.8374385984592,1.2846810267611,1.95694926176876,1.29233485548237,1.96497144102719,1.26112474320603,1.17491059466435,1.28686777743667,1.83748304871283,1.28523814324976
0.00712264771497052,0.29644693912529,3.16003659795128,2.65629459947169,-0.160126057180394,0.787575598432048,1,0.496403488360546,0.632806504701524,-0.41068865066003,0.635183450682944,-0.278631439297588,0.494057944451622,-0.117916031220054,0.485847059428059,-0.498050182831648,0.421031879504751,0.149691339236575,0.490099488723207
0.351114836847181,2.38242713205387,192.677588781139,604.732632521326,-0.989999979161736,0.0286833962664849,3,0.875780956315057,5.58812350233887,2.4281352873429,1.55247173301701,1.25480613890549,1.72508229875838,1.76979012023774,1.64206136929956,2.16604128438074,1.59280292102646,2.19460959289688,1.54352763366926
-0.201323377419625,0.414163858567692,4.51082122715716,3.16146629127539,-0.376560408576826,0.417859680188432,1,-0.22341926202402,1.06532765755283,-0.494750033806238,0.564736029491826,0.0191970309879344,0.424159554247523,0.0794179749044467,0.354638772095861,0.195364682515118,0.491496219261601,0.0304457146738842,0.424475903958971
0.716633819464381,0.762878927788267,19.2612196383712,23.6876190614631,-0.931504921199666,0.0841860677372278,1,0.261239809791008,1.05630393794797,1.10071304421648,0.591530193263503,0.412793087470616,0.686430154882912,1.08216388520896,0.844909539919799,0.882992547760327,0.674980807470187,1.17286589832339,0.685492342272698
-0.259591746550306,0.586178522200472,17.0965669887011,21.60273772763,-0.888110666184467,0.151846809245359,1,-1.20447157054046,1.22175716118115,0.921996634404016,0.644746632921407,0.994753010348587,0.779073496125531,-0.269967550019963,0.642624991481281,0.711414140352141,0.681670011394191,0.847599760915134,0.662398060747883
-0.191505822083189,0.842435964169312,38.165400552574,59.1482301333157,-0.935352291995474,0.108266384066647,1,-0.610541271159617,1.09352344670517,0.805350218868956,0.823931382007441,1.47570815211637,0.843246296678515,0.757145481249848,0.989067306466487,0.585146783494696,0.854697949771007,1.15061616221205,0.7689820487837
0.0479476002033356,0.562290073760285,12.5427137003757,16.2129679546675,-0.895953448633558,0.137703129492659,1,-0.42388675865751,1.38249887351954,0.691451616599782,0.7090461999277,0.721169562637731,0.700218855823903,0.439208097342041,0.703308295115981,0.573552814736192,0.840814612442969,-0.323067645889951,0.927141467533002
0.449024015298704,0.802814862851312,27.9981068275025,42.4201354539155,-0.964208654645686,0.0588106556136813,1,1.16393437842139,1.87878167417847,1.41051089870309,0.830770269411411,0.71525353014288,0.772803269412754,1.31656470398919,0.742843975634711,1.5482905831293,0.786009294934747,1.08970945452983,0.786969957838487
-1.46395619550247,3.11956445168092,171.31111442397,645.25623836205,-0.98999996975006,0.036107396852446,2,-4.34509098758386,7.91905208534743,1.90589464564346,1.85005636052149,2.26641051232827,1.94680322181688,1.60405724721761,1.8410461550873,1.52566912201262,1.77469207346952,2.17487451956271,1.98655900197786
0.635451737213083,1.13580069613813,38.141415915035,79.9008216563024,-0.964905610496206,0.0701628818671953,1,0.184122952422663,1.65464815379496,1.09582712780007,1.02503136655347,0.924243131107507,1.05875459675484,1.34777241009155,1.09902821231404,1.22211518871173,1.11707886076598,1.09111314914341,1.06011433082772
1.87274879763708,3.53805593607097,162.333893560559,565.953023282297,-0.98942194781811,0.0376652259004033,3,4.13661904292035,7.20811579856915,1.79910949855359,1.73760655163654,1.54985748214923,1.74275839000776,2.08948970924743,1.83531132864518,1.93189207098952,1.76467234103994,1.87750720825258,1.80085644818365
0.440443129713242,0.701477347731531,19.5317507490189,23.4082847403464,-0.927090877034146,0.0993041259407768,1,-0.127208565256266,1.19749439477116,0.696657113281249,0.71680233875113,0.938338154699853,0.642590871073066,0.948939968808933,0.648382468034454,0.96584216306951,0.636459057243492,-0.0497582800339111,0.877703165389289
1.16936136845157,0.922453019895262,25.2159298555435,25.4832876499584,-0.884819569381635,0.123133170035202,1,0.274473842923204,1.35712958597269,0.624334071639794,0.537776485871223,1.09344708528951,0.557982200331665,0.969994707970761,0.557384882797024,1.3161996631838,0.58863797683135,0.55159533707195,0.661273270136849
0.307229149389039,0.405187182654745,6.84395110856456,5.29137534954705,-0.861109390406049,0.106087092146028,1,0.613129700503664,0.845098350541277,0.505794885022459,0.505174306541553,0.492082058539855,0.487415997921061,0.383900571595393,0.438531864582037,0.58373927797679,0.409466897137526,0.896586527303335,0.571038823479081
-0.733734949911741,0.513709065343787,6.28458259835803,4.25063351764529,-0.437729650932679,0.389448743333107,1,-0.125576854103655,0.890522760879515,0.394966873046512,0.372039293633331,0.128194410806082,0.448667586320555,-0.415042209142971,0.584325152858684,-0.0574430317544895,0.452080480856395,-0.22924431522291,0.542210732218386
1.4282122571554,1.07826105223726,20.2052195011066,24.6373283983744,-0.919022282161998,0.111839501804378,1,1.52746014613365,1.71673646173272,0.996113172875207,0.599843643159486,0.524943209145788,0.665799018588905,0.718609234864495,0.645927178126396,0.880564146128081,0.732307153128886,1.05934344065019,0.619666499285534
-0.152283318389615,0.715422739917704,20.5837986049326,21.5885721941514,-0.886976234197967,0.148762103866173,1,-0.557150584882571,1.30342020580908,0.70369293099364,0.720093468476613,0.40617741294584,0.679983643872654,0.174847729877225,0.62498789257677,0.62583901888284,0.64024648679667,0.680785358397544,0.566546625027994
-1.56908279134246,1.24359358034397,28.6761807205388,41.8019141721292,-0.926579074664324,0.113517473078559,1,-2.0527279583897,1.58357515099126,0.807616064924675,0.716724224016422,1.05709846622148,0.825553401977067,0.389407957657283,0.873864979865335,0.736517393313435,0.901919298565444,0.97886022594029,0.736691502383677
0.60573459991717,1.25948277989158,54.6170349912381,131.073541919143,-0.982631116611763,0.0420626293945569,1,1.88411808306634,2.86572710742087,1.92826734935417,1.18322688127592,0.74649858559964,1.16430976090236,1.5378542320405,1.31983380655256,1.19532226228164,1.22784457438516,1.25542495554028,1.22303871106832
-0.402167239313143,0.960961511860924,47.9783269387754,80.3479653822438,-0.954479513056527,0.0768455804458543,1,-1.72187832024976,1.94431915895095,1.29003366519015,0.820554685336085,1.40855821340953,0.89542726025429,1.24113218018479,0.844898342945803,1.41958466055689,0.927463185539707,0.829446598515997,0.956066458385058
0.303762259221907,1.12212925829443,46.393621315239,69.3905397403015,-0.928348463220538,0.11034265886872,1,0.899008491030939,2.08019045850879,0.640407215760941,0.895686927316167,0.934733514527545,0.735225371613326,1.23377492077274,0.761455861291922,1.2380869633528,0.818203756477781,1.1611765544113,0.863415505604474
0.710145740958936,0.609028079727109,17.4074446150926,14.5030664526003,-0.888841389599511,0.107147862421317,1,0.595626318329818,0.799631513383393,0.552726103152529,0.524863655725338,0.973971629905259,0.462805440190687,1.07449826591541,0.523626630787159,0.688162913383635,0.495451437961462,0.491146874907747,0.658637771233922
-1.3905593497562,0.744740292490491,6.84195565671366,6.94767700132785,-0.82281569214796,0.167586459733302,1,-2.11927361179289,1.26063437818169,0.611170153872522,0.566792799175907,0.212682000305881,0.539723023135922,0.352837009893305,0.656324108530126,0.605472389001599,0.510143537209029,0.403815154844786,0.715867097885568
0.221939260797525,0.507365094670598,12.329650788784,16.6675038677679,-0.897536346206684,0.139131728769348,1,0.751087897142625,1.12453118674396,0.715406487085042,0.64337808786406,0.474745909173548,0.81462357575057,0.532123869168456,0.643608421203734,1.00290168789206,0.727908592754132,0.712175140523225,0.88678873617487
0.31126248852879,0.509834572488009,10.0612205816793,11.24028349822,-0.919861345176899,0.102744516340453,1,-0.715071586017252,1.06890509835722,0.882857714570803,0.6182447319254,0.662577273280187,0.558017750026155,0.466160015382864,0.601577045825371,0.927122365175198,0.560784450580552,0.953574082141532,0.684881831043009
0.359481568772861,0.487656383206551,8.15143721778236,7.78347184664701,-0.864138685269844,0.115991541454414,1,0.148021683975957,0.878889613239833,0.775830897333398,0.515118803442203,0.555116207517625,0.480143121230418,0.643361211935153,0.490768194914146,0.853341719013861,0.496732265256252,0.307657921642808,0.612982603984333
-1.82415127123918,3.56020741907183,127.047387635436,398.359421001787,-0.989999960011812,0.0311036959301206,2,-4.75200986489133,8.46671623952828,1.65607156670907,1.56645453921064,1.99486264805743,1.57017519588207,2.03334600606871,1.58874017607508,1.99049024880968,1.58266492081414,1.59328787041519,1.69913912183705
0.233544318504382,0.573089459446597,14.4009413904532,14.5315117695941,-0.882429260369889,0.124778104643253,1,0.662247301530363,0.946501717369838,0.549233247193368,0.64257968725572,0.54345239621333,0.601687025714807,0.747908657682108,0.588210110686554,1.08167027737795,0.544979462765805,0.802560987757881,0.616235305818007
0.218886258237273,2.03811969209988,200.30345809452,780.303247959483,-0.98999996020358,0.0389774316928167,2,-2.29569762947477,5.05044494073542,1.68723923245287,1.98616925928971,2.08055019638675,2.00395122739975,1.95364634304924,1.94425941966538,1.8593728512048,2.01961579687724,2.17071776564619,1.95861687726397
-0.958422750154021,0.974577037174581,21.8411147807436,35.5899184757233,-0.906562062468192,0.141795655607933,1,-1.55620118410044,1.54546747762835,0.840268312691779,0.841151638216167,0.87806929431698,0.784006421797485,1.09668461004346,0.787283998905417,1.09109134899981,0.838180333664112,0.663015775090443,0.822607823193461
0.0468417852493249,2.3572719978805,283.186595164607,1018.09747094732,-0.989999968010881,0.036295083144927,2,2.09729296508714,4.83121400625669,1.40304903023283,1.83003760551238,2.0251462357798,1.70219819961975,2.43167758124483,1.84394745383552,2.24222663856857,1.84923893375363,2.1969309905942,1.74179904629627
-0.173889710074088,0.344841307501376,5.12455695393172,4.02506993497101,-0.633578772601162,0.280045294149559,1,0.0479847010181251,0.561388713797347,0.223352478305956,0.405426323683661,0.64763667993727,0.410243295066727,-0.738879248331477,0.596192476889251,-0.053625070184413,0.616677706533223,0.498719394660043,0.547792792036189
-0.528607741084923,0.662148364983829,14.1227167455053,11.5810082513619,-0.879046357648746,0.102845441498196,1,-0.617565685819074,1.25755281310331,0.779191207953129,0.462379339466231,-0.758852687824775,0.673146057147415,0.688293531829341,0.488847665531346,0.374717873782794,0.571699712475609,-0.161783964798227,0.694174101274814
-2.07052593680412,3.26129448253325,135.56044507366,390.444695297083,-0.989999956384226,0.0289308078228095,2,-6.41971446025145,9.21527096043253,2.19710389127859,1.45994171430962,1.54620185435732,1.46592361502992,2.54032857699997,1.46725290443543,1.25517142379932,1.4757732555737,1.59055098095591,1.49880467684356
0.246721120533467,0.459559328170748,9.70661045808574,9.3338987675508,-0.831452376102401,0.182190085942812,1,-0.149411352600402,0.890298668208931,0.160767414674,0.610727475386336,0.320234425000494,0.491294512639919,0.222561976409548,0.63552623149,0.281862296741709,0.617468732851188,0.793654215589082,0.528157517750735
-0.586204506019466,0.688506711654515,16.9435220980487,24.5376759052535,-0.86441800337279,0.199400506259438,1,0.0700239219737134,0.95443235129232,1.00230108645637,0.769206430344467,0.350176552911867,0.834473131110232,0.448881093111576,0.856666962311498,0.063309858977993,0.811622087577706,0.609815687508866,0.889074098332225
-0.426072312957125,0.937626839697904,38.4352590276872,69.0157833437914,-0.939522998586659,0.0957035362906479,1,-0.12700436710617,2.25255155113384,1.35570986048277,0.989513077420708,0.905182026839644,0.872120728664366,1.00174571533901,0.844895721290008,0.67704557391896,1.09163502814347,0.619749751174983,0.938804702700833
-0.559063582839798,1.20561735073843,55.5499046822861,93.4399579932791,-0.924937312088267,0.134030872771777,1,1.14390062284595,2.50625907393429,0.756348398956824,0.987201851331625,1.17381035061305,0.878381181135721,1.01765372988676,0.780820374882856,1.07435724508698,0.915626340832197,1.10178673057043,0.898773487971578
0.852543647436711,0.686767441151023,10.5278385656541,11.5648095227131,-0.877213298856831,0.139661055166554,1,2.04187012290633,1.63512283995763,0.779382098547462,0.571854168215467,0.431298558401105,0.549672609376486,0.422659836993602,0.742631475419281,0.14081866636906,0.834410720500559,0.844908173091185,0.612740242394695
-0.178346570511349,0.510433742027266,9.74806538580369,6.4770357909079,-0.757694070972296,0.200059447372472,1,0.325503098996464,0.921332649545008,0.478946556521017,0.401794456567372,0.117852744076919,0.383661726328547,0.514365960135672,0.447856362314254,-0.246257153562546,0.664365521617237,0.259394891011852,0.464586451979288
1.56280049840769,2.12563846076009,41.988181558469,89.9100752534507,-0.966798205458474,0.0724549502940869,1,1.13114081697515,2.6561759418886,1.33060018473975,1.05582688288528,1.1065204903069,1.10232157494912,1.07554325118246,1.1690785832605,1.49675894893078,1.1019834018375,1.54517611739473,1.10629931850826
-0.138310531685438,1.68786857307595,137.187081422848,471.831574133708,-0.984248373981916,0.050707495149656,2,3.39648246643713,5.57641808537982,1.76171322645461,1.66082838851186,1.42259895864025,1.68029365977821,1.86576345876664,1.59456268557817,1.82230112527384,1.70429881077483,1.83162264172431,1.85295510933886
-0.131743720220101,0.235649364964808,2.58747341047005,1.57638434773718,-0.41572169007115,0.288732190945632,1,-0.314206870589888,0.395869047520229,-0.0202023169850163,0.338188578657652,-0.442765011226891,0.447716168579971,-0.188922569827047,0.384789648028043,0.145539682197657,0.418496126442331,-0.478702603724653,0.577089013941207
0.309379830470681,0.355900353206565,6.12829548225741,4.12245546044242,-0.618446273319373,0.265461643395155,1,1.20352101366018,0.620887317741603,0.108543521187819,0.3779161553672,0.270653226484165,0.529598071232241,-0.261130727744165,0.486282962583659,0.206966026442456,0.498056189941264,0.492293559530103,0.454603593256149
1.85727683811628,3.32553297985748,97.8184071486139,309.953449748263,-0.982235518807194,0.0574834664693432,3,1.61428748627796,3.17876299420688,1.39735510281153,1.62660163527908,1.56730420146828,1.57712180518391,1.4491060769553,1.68106593287131,1.68907747981557,1.48805423171538,1.11358680621699,1.46618541329904
0.127807629052295,0.27340027196107,3.47180126940885,1.53519441923197,-0.154146682274964,0.416607237388879,1,-0.584060742837473,0.383114107103677,-0.122277094675943,0.33771382770796,0.193607919024364,0.306239165055437,0.129207283420312,0.402098214063373,-0.083607707320015,0.327369295820088,-0.281881563746478,0.429660540072131
0.0595019178868571,0.307339543423801,4.45291699259147,3.02941477733741,-0.796157561780014,0.1209149110707,1,0.18291467036028,0.584599949077655,0.0244474621441462,0.370642845633607,0.328327629500342,0.373825167727262,0.361529898805116,0.410834745511128,0.236056999759449,0.481261096409234,0.355790499589222,0.428419643423924
0.172644791173353,0.602855798226977,18.1919341901517,22.5007686177582,-0.88332727948967,0.139976330955963,1,0.761756612112808,0.938861567539639,0.534407911702453,0.743435198801722,0.370704332050263,0.671802290575239,1.16369541172939,0.652827876581493,0.665571169604936,0.699459926277245,1.23393980779204,0.706612547212701
-1.10537209970501,3.48777403216728,272.606386179096,1552.65744524552,-0.989999940315371,0.057198534789455,2,3.88931719573691,14.1330519203564,1.35437463052946,2.85797960219077,2.34591804806297,2.91038753734363,1.76251143576908,2.9835322504988,1.98308595399301,2.87079607559401,2.25320448540499,2.85707607571494
-0.741108942549439,1.96498728981438,171.680409311309,430.307430909325,-0.988779541007566,0.0283368636859197,1,-0.222409563862802,2.58769439239012,2.13422140993996,1.27866959359339,1.32711809967781,1.27772111873063,1.57816395786156,1.26587527094525,1.37955692236298,1.44978409953799,2.01594015673774,1.22997205054958
0.0245955507346272,0.304615651320172,5.02999944100689,3.27629504331,-0.696377826938819,0.21664676617353,1,-0.260622439137646,0.604622179078817,0.536042232835126,0.393753582146608,0.168234181621663,0.383189996739907,-0.635679347014413,0.612898143775296,-0.543662374952729,0.686852322194388,0.189678585797206,0.48944336791547
0.286607345680796,0.271373774044288,3.60402754888006,2.39435418703924,-0.509781829208641,0.233429845194965,1,-0.16111324595058,0.497036364902157,0.275521030755864,0.342873647442085,-0.82391404840721,0.546512996752215,0.244934663509455,0.551110151343741,0.419708240878031,0.456963118044327,-0.470357652413499,0.530385929708096
-0.0408320133061975,0.317699466659882,3.95009182906814,2.02291372045993,0.0711411243934515,0.614386926953761,1,0.500150275458938,0.602251368169458,-0.0581249630766721,0.372221960703911,-0.518780294847,0.520398706208425,-0.0686116882773987,0.289517101063881,-0.733601344099245,0.528301617029885,-0.129250998388491,0.430182149630019
0.603194219947396,0.692537749148293,12.7492238572169,14.7463424621685,-0.871355875209999,0.154141546306315,1,1.67191225326002,1.5070434076068,0.746674669256545,0.62352715550906,-0.0189750232350178,0.813368561985843,0.2105015772171,0.631719643094955,0.560632070523689,0.622588216777613,1.00947341871401,0.627391620481617
0.0127684507614936,0.704466741323601,19.0956676979729,25.1303294178368,-0.911107765849878,0.114687962742421,3,0.437080960681289,1.50636582575876,0.186367783298324,0.668248484610802,0.58788259918571,0.804626532523292,0.951254328961512,0.72575033365893,0.77887566452575,0.722065476213677,1.11653777074298,0.696984355094672
-0.0677524891028379,0.795198466171266,32.9156522814947,42.1233069730633,-0.908135262096437,0.131575219746984,1,-0.171653481282324,1.08783133051143,0.731323903446615,0.761855506789045,0.813919845964302,0.615869477706211,0.0938853687131943,0.832457806290363,0.914865324734497,0.678029229284318,-0.137581585762821,0.874474497963496
0.575694120425708,1.42732330981854,47.4646820592594,121.170380078521,-0.982475178047645,0.0444589446519964,1,-1.67212785056134,3.11991117517688,1.89766244864933,1.26441968435392,1.25990053477269,1.26163909402637,1.39157349734067,1.35124026164375,1.39455066340996,1.358364118091,1.15996576621232,1.45792283851138
-0.0791442752803038,0.333098621674467,4.22865803686642,2.72325015782945,-0.698553800763964,0.227611230606824,1,-0.0902311094546614,0.681022868065345,0.197550068124098,0.370340083470648,0.109024316925023,0.44539485758707,-0.343780229585797,0.515119198187086,0.715971709660899,0.306666195853133,0.628476604082715,0.528107398644173
0.435239898841444,0.393498441292556,7.39950221895279,6.53935780637943,-0.841922299332104,0.150522872439422,1,-0.241736709785486,0.590110932046096,0.405404392285453,0.492540457520473,0.216574198100115,0.522652838342147,0.653164251169632,0.522981159744828,0.769661642339573,0.522677955918207,0.373705374628472,0.513353923281452
-1.11788745145164,1.49701832641377,54.4674681859193,89.4807232097208,-0.946672835720527,0.0858414971570535,1,-0.0659003621627456,1.71990751088713,0.986497938255343,0.801118281869563,1.23460774906564,0.858149625826419,1.44996063158513,0.923897621554429,1.70454221675823,0.986393071397825,0.636715510785461,1.08048723103309
-0.825307870344142,1.35218336452452,60.23812852746,105.520705143919,-0.954844946315652,0.0851289216059315,1,1.29980054607377,2.16704232821139,0.727091345178821,0.819317701684042,1.18965950525733,0.865472268704007,1.58192732672107,0.948312853503608,1.46539000929797,1.05909713751414,0.872399358461222,0.933448795896217
0.288941825196145,0.617267138642333,16.0026197645289,19.7364713325292,-0.89094315771312,0.128147550883265,1,-0.260154821682551,1.03160996614871,0.822838933271715,0.738581556834356,0.708327590744017,0.780782705207623,0.97926871181618,0.644065029518127,1.06878650411231,0.602482380416319,0.876528609790803,0.597513412492952
-0.241124137080333,0.649104135804175,17.8147471829766,24.8221464517706,-0.932610694843805,0.0985392644162407,1,0.980364229299428,2.00092532019281,0.661799148583194,0.730098465818614,0.639222279912535,0.809714842757703,0.779021667235317,0.881427294014788,0.738107807062129,0.836484446745224,0.771959672578833,0.760054273721397
1.07900025032845,1.79421187714047,66.2996968322922,155.291019013767,-0.98453858014909,0.0362801166786786,1,-2.46463596272753,3.64523609144781,1.31833703237134,1.16457473983821,1.94678607428759,1.23340372099764,1.39649458132866,1.08654115412821,1.58315198441574,1.12862649675233,1.5958892398806,1.26030576655384
-0.400213296503401,0.359826353313641,6.85130869633118,4.95771712265362,-0.716992769975412,0.19008687716638,1,-0.631735246160588,0.570530730490514,-0.200900556529632,0.520194292780043,0.134744954955524,0.353315687022413,0.146163103659815,0.461250585920028,-0.00199569142355937,0.494008757598248,0.457575259859437,0.438966575600821
0.0497670065908893,0.864093986172526,38.3714245241572,77.9354240115819,-0.960407436171536,0.0814663547295916,1,-1.07198932949933,1.93213541529668,1.56422459066872,1.06669664828773,0.988989023263091,1.00454100208249,0.321196016476117,1.15238829506487,0.959191871167924,1.00515473535599,1.58058051364131,1.06742985001556
-0.10206450954193,0.457993913316336,6.74689994069892,5.91186265740918,-0.642059133328996,0.326035281952804,1,1.05530102685267,0.955327290400648,0.199724662985688,0.547480902964331,0.574678159346603,0.474077261640309,-0.152019328829736,0.570191398514194,0.200668457496256,0.556247032205287,0.0908857589126618,0.723500772552879
0.484705645841932,0.640221673632111,10.5944014343426,14.4682267013628,-0.884855050833707,0.150412980040639,1,-0.787949415730488,1.40905822381724,0.824293104168371,0.642816098860286,0.498088106851674,0.69119830032312,0.557713405568446,0.71436733994413,0.378911892405955,0.793708414902016,0.623521112886518,0.750089796432098
0.245876184788357,0.871150990717516,32.1654857354058,66.8755338553691,-0.950476868382398,0.101098532424383,3,-0.0231201676660643,1.89688729873776,0.985370965060957,1.06236698879027,0.868853739157974,1.11187443788965,0.903845177732639,1.12630156328868,0.951550427722314,0.992969603121,0.819956126694048,1.04387347900733
0.327757418681434,0.629534893175629,13.613228400309,16.7044813243543,-0.908367471961196,0.120971807909,1,-0.245856898581292,1.03707182013555,0.734437559713392,0.700813726249891,0.656434145761142,0.631364808455761,0.510664198617048,0.675961101659335,1.09585394399699,0.617154581858845,0.291097554061283,0.779327647894063
-0.770784930551829,1.0370904775944,42.7711368159435,52.6175082648584,-0.937898531953182,0.0755285403814008,1,-1.36523283931941,1.79430465754679,0.999777040279869,0.706307042179574,1.07984493383887,0.612661508319642,1.206349382347,0.63301658498867,0.941366261780997,0.689240986963259,1.54594253524821,0.729638579547453
-0.956573470138997,3.19795401112784,257.207433038197,1126.0208914093,-0.989999961062211,0.0435118422746076,2,-2.60967845442831,7.09741887942597,2.54951043093305,2.15300460420997,1.70398040410659,2.29273121643199,1.21960560642594,2.17858242935783,1.56386541465064,2.43359230837619,1.66422255308075,2.33534708025326
-5.46624303247395,11.2635763659014,107.62183163854,440.869365080592,-0.989999893545585,0.0415090952614238,2,-1.23772617704871,4.43405671609843,1.51746330240193,2.11048340426611,1.88973130211963,2.17231520467283,0.979629868531576,2.09811360253068,1.4514883901287,2.167489745333,1.70435016699636,2.16883268517021
-0.416542830404002,0.609831506673901,16.3641951158168,16.7757746465974,-0.886274026558736,0.12267196131289,1,-1.68529794472617,1.46055476184695,0.808520104089003,0.545439155118382,0.731326774834154,0.594461195694523,0.684354447310232,0.531842221610327,0.799098838618961,0.508209658409432,0.578511009701547,0.678017035520503
0.616626896377391,0.547676224856856,11.0618275611869,10.8442247258198,-0.912243330232236,0.0892908774530943,1,0.599820639624126,0.953759703711351,0.669170631413855,0.636457379905115,0.826142394945941,0.583274380153244,0.727740245186678,0.557960921251298,0.73427216443435,0.509333357665991,0.260046250707953,0.643311976993964
0.639307610964623,0.512185789552395,9.13946578499439,7.72695377494266,-0.822117846768071,0.173879022565826,1,1.30646402741784,1.2876284739533,0.4700290367756,0.557397069724611,0.758158750906899,0.407515000668573,-0.256249548438729,0.627369553014597,-0.0485147373886685,0.532513792601068,0.929017095090712,0.514314263187603
-4.354322378964,9.96943857564253,217.089675284044,963.568986087717,-0.989999941670191,0.0417785762835242,2,-3.21823960066717,9.04758370874205,1.93998268873142,2.15981183792818,2.06441831441832,2.19038759378185,1.37120962474002,2.1526538574054,1.7947004128232,2.256470936604,1.20166731689735,2.28475769660263
0.434924647496053,0.667804854476844,17.8674932974015,23.9464524997886,-0.926864036309989,0.10785993183229,1,1.02656324187161,1.22319127872733,0.687801327999229,0.788799616387467,0.869940241863578,0.762269714848855,0.800491424727969,0.73761428960281,0.539394162734881,0.648430488520756,1.04897895224061,0.744153719354258
-1.38872474908031,2.57781057620168,69.1576478853291,189.028763583196,-0.983733644073328,0.0436089546651427,1,-0.145061093260873,2.77160321025537,1.23570716350857,1.27850189491045,0.9909219985547,1.36289304720862,1.76121559659103,1.45722276909484,1.5217850233798,1.37891615286145,0.619244724825604,1.50404220814112
-0.39679720174234,0.414818821895302,7.84580143411216,6.94602232641821,-0.733272564254989,0.287559263875811,1,-0.104440720412716,0.739336229099404,-0.229054483670422,0.553457366629187,0.52671302165675,0.385407769465172,0.6808422016429,0.515284165481937,0.477218610405888,0.542805644424673,0.292821543697925,0.751672265290991
0.222811706519535,0.502839812839061,10.6722413209632,8.86898384813704,-0.823251694006652,0.160984667584563,1,1.13564312176426,0.916541567238056,0.309229871964317,0.399649384025125,0.640379834830124,0.533077657412478,0.523767084026986,0.473108602750965,0.894978528625882,0.423182764278259,0.763871478285407,0.453973359173087
0.0852605997370361,0.741111546618165,19.258057771178,21.951065866111,-0.946871816038028,0.0623882697990115,1,0.553857347618003,1.59849734151018,1.07602897929516,0.574930481026323,0.516605496431413,0.634968797948553,1.01005473975695,0.6962075859044,0.762033786517233,0.705857554551727,0.719818633762645,0.689898357642619
-0.680344668226344,1.38192849026389,52.3279593166547,106.631791074441,-0.970713316593498,0.0582772017080306,1,-1.04322774337503,2.58720695601345,0.872245664184555,1.11632963959853,1.42906566593547,1.12100941953248,1.45549298495638,0.936437607666904,1.86709512663313,0.967097366373043,1.07980907258625,1.08700338258007
2.82442731735245,5.15924285460513,168.007235502112,596.618525278897,-0.989999961191299,0.0344375546518432,2,0.482606253203243,4.26815379224402,2.1423714906802,1.72032828175047,2.43061020918532,1.77999423903997,1.68605601958433,1.7431860705831,1.9628356970155,1.7795240414918,1.33843361714172,1.77015785502667
0.267201654074964,0.534688199966316,14.6950923068915,13.3343847663042,-0.862754386249734,0.120567686810315,1,-0.489598413867499,0.748660021350623,0.695375880407354,0.474647396022436,0.143220304026673,0.60146603250884,0.937890725080655,0.466598498017248,0.704661225910091,0.55745989571973,0.989252650804235,0.476710946486016
-1.11643236185088,2.06059984240856,165.294476022575,419.177696859967,-0.978144334663375,0.0591106405224937,3,-6.23369846272577,6.93067325048008,2.16852076375464,1.3133327687086,0.885014393004108,1.32486157372991,1.25599447858707,1.18516012606801,2.17226047708097,1.26576718033594,0.834037760217154,1.67194912817901
0.884035829076738,0.8394494855687,20.4147253392844,19.4780336561347,-0.895040738123898,0.0979386011303539,1,-0.655669922999179,1.32037627410589,0.788028412909023,0.495281013701388,0.751856472695981,0.577122974902786,0.374166349952076,0.539081948131038,0.89842890913266,0.510582526321089,1.1036662141576,0.478329409935301
0.796190031313913,0.516864936961393,6.98875642959772,6.00995746187815,-0.803119064047884,0.181855527318593,1,0.725725206057677,0.906483140010991,0.336096255406599,0.485208389661702,0.712482140117822,0.473037810643859,0.257011680791295,0.527599381290927,0.434714336430454,0.581307037586328,0.0714194115595473,0.587321657590164
0.899528284386845,0.808570163784188,12.6150115071991,15.7251985113603,-0.921356017599456,0.0956406276270277,1,-0.985112944377061,1.1310262997943,1.05894734306106,0.637476855180258,0.395665439922235,0.657312645878566,1.00940747607797,0.613133081850233,0.690547388613164,0.724527471415695,0.188887418275703,0.758893542285218
-1.49514261216354,0.737914687445204,14.5550060818199,10.9126268500236,-0.743610880590663,0.199488992876431,1,-2.05933784257212,1.36997054001461,0.915921162878437,0.41101687734347,0.21611845456276,0.516132212400701,-0.412450029430129,0.665581634344573,0.446964597418968,0.551853953265559,0.678202160835208,0.662484633508269
-0.215846923065612,0.430471277590972,6.89143474035018,5.78273579945152,-0.408120804668264,0.710044457824826,1,1.41443554792699,0.804623310813889,-0.140561813759265,0.512711070570777,-1.25972669716459,0.661399298417756,0.201563723045073,0.553401937980453,0.2659953609791,0.542312743435481,1.04674599537294,0.456565976905024
0.333336382457367,0.850522181733226,32.1893437045692,37.7577861045209,-0.909448629682056,0.108924567315601,1,0.769821959760754,1.75865959862277,1.13922973890467,0.64063372300244,0.556319309167303,0.652495585677924,0.876565216704373,0.747385810289296,1.01825518850647,0.626239648228906,1.10428770078519,0.603759296975303
-0.767967571872758,2.40218185210732,155.084667109542,626.149277233701,-0.989999962418529,0.0413544155273034,2,-2.03748300914511,4.2462332600389,1.93399764356747,2.02807074252209,1.8001733955818,2.06292337843865,1.4999619842663,2.13317525899523,1.99802310532717,2.03729913642534,1.60020248371058,2.02440039419229
-0.164197844579824,0.584283055946478,9.47776561961419,11.2329599817962,-0.80953027780275,0.214765910912786,1,0.0837717733504774,1.19392159007641,0.354430286394656,0.604672323357489,0.466581192736423,0.649140770551225,0.295645203647172,0.874918733114584,0.455746569920542,0.654480425087362,0.182500301230542,0.722923144404151
-0.498546758473478,0.621590645019042,9.92162355812337,10.690348963295,-0.770031273141191,0.263361108788837,1,0.32598900604586,0.960596597785847,-0.168114013204867,0.684934125846393,0.685560005888902,0.542941184327866,0.157225441665238,0.598451828079387,-0.601169526246261,0.942464836375548,0.944270164598081,0.627334202460929
0.922353592777828,1.02525217601198,37.5145206533354,55.2495219023103,-0.9326312349606,0.101234401820154,1,0.997968243255656,1.7561368711338,0.996594012039141,0.717173977726346,0.894245135115027,0.809914921535233,0.797786728988389,0.875690561058284,0.25949129683387,0.877951839951619,0.917391721212929,0.853948061033633
-0.410742641452008,0.693742250047859,20.6165744811472,20.9155548995439,-0.908885475969674,0.0970291637629706,1,-0.716279130770814,1.21295674939677,0.205892600930626,0.594783375230491,0.704075329850126,0.549665364559001,0.857709491451578,0.628156398889448,0.595637916947304,0.571495520559724,1.2492829747525,0.606151562721831
-0.517550347635587,0.381614357103459,6.44237112343922,4.14123118037855,-0.654528247466652,0.200141336824299,1,-1.14280869138681,0.775945859878865,0.237839374438105,0.403666767894499,0.0655700205697597,0.482739642245608,-0.0979607277988424,0.441800649904126,0.275355281095883,0.43396281943725,-0.133560024512094,0.608375516241631
-1.36547605556702,2.13742542837947,45.8328998285741,114.778213056338,-0.965289304748299,0.0905636182505729,1,-1.05045622158638,2.40264149848965,1.59035003879911,1.23356658729081,1.60600809098537,1.22159923302498,0.857206525816385,1.24251020839852,1.08428711562262,1.41498266974087,1.56994594908469,1.28982205618537
0.296691672645976,0.466049009281008,9.32986873227251,6.93034587804622,-0.799205643692116,0.152946636304822,1,-0.0802899450604875,0.895403363186115,0.684565409863152,0.37101821369057,0.546637576357748,0.379832687633111,0.77883077088959,0.467347284671318,-1.06987953606776,0.880128931598861,0.669995706812234,0.461456658983153
0.285513119978163,0.396303018151925,6.92084644299729,5.941159988769,-0.684588704975926,0.311266777893005,1,0.207684800526771,0.667238247672152,-0.564170866174045,0.767345964955583,0.229041904762492,0.510975026054688,0.21671882987351,0.579424461017361,0.363575474114439,0.470298616687582,0.170200359568848,0.52135058119974
0.0345252460052954,0.297650012632476,2.71505307073132,2.08668255281179,-0.780512299861377,0.165662793364576,1,0.671362774438578,0.653734396574924,-0.0966025874599055,0.407870698797424,0.10721682468307,0.407377799633893,0.321609051928901,0.478535672168066,-0.281538935802679,0.501094967676242,0.203223059395283,0.496378761600423
-0.671704414735135,0.810287206213837,16.4200058995412,19.8045560421927,-0.876228383871363,0.151558849659797,1,-0.0932486889244004,1.08539586878579,0.813719670576003,0.614623723605834,0.671571421951493,0.566549073769477,0.543721146696084,0.583302512857993,0.683356508480399,0.774406050790744,0.860144097213232,0.700090440561011
-0.292362950702684,0.420039964449031,5.37916929808828,4.55128124427737,-0.534008000887843,0.557444722331513,1,0.84426993241832,0.696918226586244,0.0809755734439828,0.492164255059024,-0.423383908820886,0.615191774089923,0.147838881607815,0.509029582207408,0.168530862046603,0.621743725808983,0.177438871212654,0.647244381722947
0.241942483516969,0.293118758577739,3.89661295342764,2.96027078328219,-0.668686081757271,0.237040716117149,1,1.53648629151837,0.670885410265981,-0.109424158915513,0.481172395026694,0.00206165530730166,0.48456558942183,-0.700751261295614,0.491072514315715,0.210847687542506,0.4219463753222,-0.195559677365911,0.67797042569715
0.834966669938721,0.707790455611957,10.4133485310216,11.8459820222443,-0.888088613367784,0.119958785119167,1,1.10621679558527,1.59550099204327,0.624368627472684,0.618257271975575,0.478874146734734,0.692543045543742,1.16292319877944,0.579235511116635,0.581892852538701,0.596391446304097,0.509032308096234,0.589284046563082
-0.671555374166106,1.19975629140838,30.40432244468,62.0867828164564,-0.950007146802846,0.0981066504304325,1,1.46692585051667,2.73291190465989,0.754614179390113,1.13956546751529,-0.506291129930429,1.14738653006828,1.48226404956131,1.06742051641215,1.32059582549165,1.03582378207428,0.608700577541793,1.20691136911901
0.601736400731406,0.945839601584423,25.1759888162462,33.5314816693695,-0.944463711938214,0.0775897961232792,1,1.13288207144939,1.83505369198032,1.1004843436556,0.675521739931694,0.899702182558198,0.688718031683141,1.34914449676271,0.696628683721583,1.14285713203404,0.745245332186746,1.57737607521345,0.80824839366014
-0.211486849027668,0.44938205806483,7.9549316314416,5.90200685716202,-0.809551691510119,0.167449351006434,1,0.273406556107284,0.825550815988543,0.645920517235786,0.416365611674411,0.309449136529162,0.476040089346203,0.181126608571279,0.533625996432048,0.861280706480097,0.491025039780662,-0.204102300591795,0.682105826391553
-0.0447594072751775,0.29733540464332,3.62525330421722,3.00376271214819,-0.657958526801568,0.298528224330152,1,-0.632058886887017,0.844084412622132,0.493350536555621,0.410679900862666,-0.247886657815161,0.460744609351955,0.250599014251136,0.476763395230259,0.330609240234288,0.492500320768381,-0.134117839698939,0.54802758447919
0.190774980782317,0.820951510584276,35.2807441437946,40.7693214458907,-0.903128577446108,0.127460195272426,1,-0.731238600798289,1.44350534940712,0.967985873847181,0.566840208158737,0.428179102341833,0.790314310901505,0.776186532878631,0.629862599328692,1.11675057586693,0.588828079187063,1.19790267246284,0.588901504074795
6.87073314476704e-05,0.526216265836589,12.8288121793284,11.8207625402381,-0.791926553039025,0.194620257170678,1,0.143921537286947,0.981138152709053,0.953147553558186,0.55053711292361,0.171807826298361,0.555933667113623,-0.669781611815313,0.783819497540632,0.72578972085414,0.479674502211428,0.332321801370734,0.648511157254002
0.500298334568089,0.648178268163585,18.1606556488976,23.7361286554417,-0.90318445205682,0.138700932782086,1,2.50282542810846,1.65039068829659,0.703262435236565,0.687195721148905,0.979561036051438,0.720468422450268,0.557158258100671,0.769724265914617,1.0470456532402,0.560588114519903,0.539037646326154,0.877993825738297
0.475215310369391,0.677238974380713,17.0041713823475,24.6503962860729,-0.857070270899573,0.218385207364902,1,1.36200992079958,1.48459676955529,0.377945504092816,0.841344457872096,0.649163993769234,0.788403214434521,0.533704651278905,0.741370316562216,0.884085324850721,0.825125782267318,0.371711409363783,0.875475031866732
0.208118027636094,0.467008345666249,11.4816876467299,10.1772101177766,-0.87633657450621,0.0996053964141402,1,0.114656004455915,0.755104695966897,0.14481493604544,0.455311727550417,1.13682814980417,0.516683641536125,0.354333852007455,0.575710129017883,0.578642194731423,0.512543979197386,0.640966242390607,0.50584287993415
2.24638913802595,3.43895620612036,120.934569564893,341.719679486529,-0.989999960248189,0.0268901451884361,2,0.618909073292016,2.56693717136083,1.94313570268421,1.43710123355349,1.68098557843928,1.49340116440256,1.22884200104044,1.35190923634194,1.94035041723857,1.37799458364595,1.13436490787321,1.55180367590507
0.334025826017904,0.34153201081953,4.63148590134234,3.4957050623031,-0.695498988327835,0.221236242769508,1,0.677001694155367,0.713936681769434,-0.142084412003207,0.412671450478517,0.402046316443005,0.511820642339314,-0.0832251529707699,0.439647464408599,0.482286040134146,0.395724536591416,-1.92054541791097,1.00603726545738
0.711033586689889,0.656813094565121,16.6764486219855,22.3222437252514,-0.946357405400444,0.076774716133169,1,1.40971509663634,1.24295313380601,0.786032033357386,0.715474319573846,0.592362880243067,0.704947714563776,0.687743721198715,0.754858477035825,0.679177459788516,0.762165065533148,0.80348436667639,0.756524549056446
0.296955666845291,0.516157783412346,9.06844446069271,7.58838211394667,-0.786240750846936,0.174209436054756,1,1.27093862028343,1.2734920866647,0.758896063914293,0.494018657492639,0.267490600994544,0.462574046240715,0.378481926098222,0.418051725583532,0.553183589183082,0.596775286069695,1.26598890181999,0.530398339414114
0.0526831169725068,0.403736311113394,7.82183862411546,6.59184355443571,-0.756185798072689,0.209552927409524,1,0.0921418991801722,0.740789817942825,0.492741774329164,0.460952906998332,0.110457232516472,0.461517872261149,0.448781772255312,0.475362099576882,0.566916739131049,0.448468108036434,0.662621762828727,0.503143757581477
-0.207839418381114,0.525316308850419,11.2557240528247,10.8822459074287,-0.903482990470169,0.0913375720601424,3,0.92451031408188,0.783691226788511,0.58696615855631,0.52061842947856,0.678581644886258,0.564885230324079,0.947511234846848,0.530527988072129,0.318051351899624,0.682518262141853,0.368961146578036,0.626405051360715
-0.320442606172686,0.464798035156717,8.49875232464181,7.20587412189396,-0.690549648034805,0.265002989572313,1,-0.351830378150042,0.732966508588152,0.0655982089851062,0.612738735597715,0.406771235019142,0.475364382094256,-0.298042473229198,0.615484225583284,0.576468759503328,0.506635993972966,0.200097139710288,0.547432649090027
1.49105317583691,0.8158138941601,15.4774358698801,14.7533363690973,-0.923396457623841,0.0749037979847045,1,0.850177983240218,0.852934831879229,0.741311013634831,0.469778042604259,1.10022475967736,0.444052949905492,-0.0926387994606317,0.589981045866448,1.21884474030821,0.576243673418758,0.665989196281091,0.579233364017573
0.0863699970943845,0.5871275531174,11.9795709966837,10.8925697323184,-0.827480098267271,0.141806900023784,1,-0.490651429223327,1.45867854709056,0.746469869150266,0.501416250833648,0.262335654899993,0.541324865008809,0.0737168195061019,0.612900444339949,0.579072057491472,0.706776289046647,0.786327915561533,0.467675092024862
0.849903400364097,0.643985899187779,11.0795575351813,11.7489202877753,-0.848598759872554,0.159814456566883,1,1.19282976009074,1.04649642675129,0.410494474098999,0.631150677138942,0.83133383216224,0.629574946790727,0.993907882256742,0.592070904549557,0.90801684560444,0.543064446125252,0.781056295753614,0.592003608744514
-0.422729665110691,0.954054953957548,23.3619239254898,44.567971806593,-0.932899958988536,0.139970278125212,1,-0.655328532702282,2.11633319499343,0.532069200974732,0.936358467252501,1.08624702528961,1.00016393796361,0.57803726683274,0.968545588961142,0.861711183039553,0.968365071153864,1.18996012658406,1.00264511542473
-0.172406722585634,0.579377729394568,11.3422938668771,10.5057338956331,-0.868150619437184,0.127619070391568,1,-0.481345377639813,1.26532340385087,0.634493323504649,0.496275525386886,0.408573588052113,0.515489696190219,-0.293953769182295,0.647592858895939,0.453873430560611,0.525692922864926,0.348447239326796,0.663898764272872
0.940740570153465,1.81607781212077,93.1685461464631,255.664502545802,-0.974366261021687,0.0709407171299995,1,2.17386713017021,3.72143798314151,1.29470038846998,1.4421267706639,1.68883615107698,1.48003498483671,1.49784783072479,1.44713863985748,1.70230580370548,1.35851636958397,1.39274563403814,1.33960796815738
0.811883080448657,1.5587404813479,45.3116743812629,92.8555397724483,-0.974361692274902,0.0524178100886527,1,1.53026702096886,3.46913466184115,1.5104795499384,0.993676414951959,1.03230367800988,1.08654103016389,1.86217262782269,1.0819811447602,1.13191030494442,1.06199282076454,1.13642192005021,1.13927808831904
-2.75302976223744,5.50236200236129,164.84837887688,617.334184840037,-0.989999971164928,0.0365601166953477,2,-7.53279456848674,14.1884844280851,2.23812875430732,1.85712711812356,1.71455969083108,1.90609702908986,2.06980739328089,1.89425564872465,1.83258987402067,1.86550046998944,1.55706330972447,1.96520202736521
-0.146291139067782,0.46221150379848,12.5298026414378,11.0073774036963,-0.759135071255304,0.17815889062083,1,0.0863216494377369,0.520917095095111,0.158112366074743,0.497242390116548,0.177214293008934,0.50199884921383,0.824920204698269,0.423218908057436,0.621696201723504,0.650309027990239,-1.37535805092563,1.09959739078997
-0.0562993529931793,0.887162656500465,46.3684410018708,56.8323404493149,-0.943518978632412,0.0746349741287938,1,-0.848027983200972,1.48986402965708,1.35422559185881,0.620614119740238,0.749932743826379,0.645783230233696,1.03275101545287,0.72469284201549,1.39729878547302,0.718092280388217,0.866519565555003,0.782558935572627
-0.468037691111955,0.940449352470576,21.5393897796836,46.3831566618549,-0.969791328147689,0.0638092241136774,1,-0.258209618910123,1.83931858456667,0.93306889265432,1.07214311563678,0.326436536987573,1.14873598926385,1.09649161974097,1.06784173557286,0.864084979068249,1.11531732506291,1.36612883275069,1.18460903911633
-0.23119292789858,0.458190496807174,11.5665457429374,7.23848315249541,-0.664687121433396,0.238268032896715,1,-1.22801141748131,0.769688384113765,0.711984065358512,0.293816766561003,-0.0527270112442398,0.452187418122671,0.361723364464632,0.451958428442887,0.643489089905686,0.454760232629774,0.385962623840896,0.617355726633564
0.154856096662784,0.38615657398643,7.89599021201455,5.71615928657262,-0.656226866382611,0.252093214459369,1,-0.267317015255812,0.655383312037984,0.0229005509474891,0.429798472019193,0.629049725510638,0.363677289978259,0.419975909404726,0.354807890358321,0.211109425157539,0.628896060346721,0.909032756215495,0.436017766652684
-0.136250370730546,0.289161943175212,3.30423898249218,2.36057099135498,-0.512801223427733,0.340394719134549,1,-0.16104145257218,0.568428545870586,-1.02938921848083,0.593159698156248,0.130888143782874,0.340505908149114,0.0288679252481404,0.394458015400642,0.0175064021545842,0.509331808096962,-0.346113167686228,0.557141391383937
-0.152541589722704,0.379201785126133,5.94629606107221,4.0817254169245,-0.812652955826937,0.107893564169794,1,-0.962225552753104,0.696011502231472,0.339812176410296,0.422811854140219,0.663769111337107,0.317201457178037,0.0734737333219199,0.53325956259195,0.0732505999290391,0.55014902926934,0.396535342837182,0.578015412193654
-0.0440346403845649,0.504225098626942,11.345785130127,12.3532085551555,-0.881937531828679,0.119807971116045,1,1.08550082042547,1.13288764979972,-0.0956157147426768,0.598425339646276,0.624102442648628,0.570993963039432,0.282579672271897,0.587240128200754,1.15106855155629,0.723181495422509,0.220537489352381,0.846845916732721
-0.0993337576022779,0.718819490744835,26.5949008092118,29.687623819883,-0.916443146117502,0.101603413179865,1,-0.300326121402015,1.39544965293149,1.04168713187876,0.567375392556137,0.799802596096699,0.547557691095296,0.826290569219178,0.550241040643537,0.833059328349911,0.724002319443639,0.478455399524202,0.757416732576856
0.206806611557805,0.48371515776816,7.51128011635743,7.72425231860731,-0.86792868104982,0.146244207617447,1,0.400282457055022,1.07364492791861,0.496313572964343,0.564207824441698,0.129078941710408,0.662781433915622,-0.452254019255415,0.689749692110775,0.645048141599977,0.595468141243735,0.658473721955786,0.647799494726042
-0.296509684197729,0.708945972572906,21.4870761041731,24.7867296875527,-0.926302340872997,0.0789207547676696,1,-0.272974954910664,1.08729821126728,0.874088514704677,0.628607449073822,0.129958930147945,0.706579756128043,1.09045448020473,0.669160172825472,0.951276457301542,0.62350430319153,0.960788532437613,0.640324693276118
-0.0917987606123514,0.667227464576935,22.2814700292251,22.9085598672115,-0.864638966989084,0.132755944212109,1,0.773379039894786,0.981815170641572,0.651834016242161,0.554186100542969,0.825094599237832,0.588636223534928,0.154307153153217,0.721820929574797,0.678188034300639,0.611396491329428,0.755019527830151,0.728030965000571
-0.500452669675214,0.477895515123546,7.11579564493519,6.35119947610591,-0.852126803447238,0.125395498319593,1,-0.543837994598202,0.950792328329233,0.762746282186786,0.469481825229454,0.546443498435646,0.471768556992076,0.114006779842206,0.586620004832927,0.689028923182819,0.585603056976701,0.043820585925519,0.796842821590772
-0.121682016477504,0.643960956184131,15.3707155215943,16.8736686293727,-0.767810784125589,0.238302241680558,1,0.592441913732371,1.35920553587539,0.521677618820592,0.565476474060329,0.665687091602464,0.664255370355076,1.07496511412045,0.452465605845674,0.0117552651326522,0.951072284415452,0.353336726959765,0.780008052324882
2.34351906128832,5.99231192653607,253.78127633419,1238.47617431345,-0.989999966549085,0.0486585198637253,2,3.11128303826503,7.43044468100671,1.80316814635793,2.36641261533419,1.90415201121105,2.45142392670925,1.45543099741527,2.43535408917283,1.07949945096008,2.41341560114928,2.2006416483653,2.4313307716667
0.325499959865582,0.676479290150341,17.8480091833064,21.3329141932734,-0.94442080138163,0.0695363905268501,1,-0.834716929522644,1.37455616429986,1.29462565207726,0.610090339003041,0.471986961195848,0.600312222054461,1.18394666523586,0.626223018695392,1.03397989376272,0.67959931797296,0.354083281090226,0.776353162203208
0.849555934036778,0.993241005177547,50.7682205530921,72.5219416331252,-0.932338147952175,0.110190454746247,1,1.08163182149009,1.15963325050032,1.04943473607483,0.723553858245471,1.03512776060061,0.750568191208927,1.331814115051,0.783357706092915,1.09203336533107,0.847856813387547,1.71739964391492,0.775227670944019
-1.05224322553537,1.48556341723778,51.666812809683,89.0897128436963,-0.961618859457545,0.0658794189205576,1,-4.43864285458908,4.37761757294387,1.43949101264694,0.793002293248429,0.987598848160103,0.932410620536298,1.48620701329849,0.91060999887359,1.03602871608213,0.957145597187229,1.25550104746252,0.79341299116122
-1.06927851657908,0.62271183235134,13.9335179555748,9.101128508727,-0.730286564718982,0.199707013574637,1,-0.904067016048334,0.742049100723392,0.46568766838756,0.450432269029789,0.891364063557683,0.361419980812127,0.59886026546791,0.563270302720237,0.177644038959203,0.700105417727727,0.173785850390605,0.63435060642046
-0.454853271263791,0.570001757867535,11.5166055584342,13.4783963063089,-0.905149098739303,0.102340633055287,1,0.127601353789463,0.967921432675869,0.604424128400385,0.593201428382851,0.565465141436398,0.615624709953202,0.637603140773926,0.670728366578222,1.07282709649351,0.55802413993243,0.353758442108422,0.752898780304823
-0.615167322229967,0.872419060718466,35.1895264320736,38.7393746123546,-0.936988259651838,0.0692168090482843,1,-0.703584394153025,1.56224004234005,1.20173398187083,0.536488907825744,0.84034562287282,0.72616677197831,1.04384026381906,0.575994738168295,1.22296390134987,0.566267542577874,0.916283477817652,0.758694852069841
-0.338425243502018,0.731918715223695,21.6305189086297,32.0511085491023,-0.942335851477629,0.0794201620672172,1,-0.93655109362891,1.47561761910346,1.34108038756547,0.717938125896626,1.02788477463474,0.798253626177988,0.240235939699486,0.819507152962375,1.08327229031012,0.790284877097701,0.858697204058084,0.795374884033751
-0.112940883532974,0.834057454918589,30.4008315644788,46.6035109098916,-0.897781013864323,0.148335466159915,1,-0.151250506930016,2.00149934803049,1.40364421188668,0.811728885034182,0.449700476231791,0.920353592417881,0.915526185521266,1.0719745360601,0.518001000429233,0.885364450243044,0.653982515742886,0.878258091526976
4.32650664548923,8.32084355353854,290.718895919745,1008.35329712523,-0.989999961442496,0.0343176636119735,2,4.09777620336821,9.8489769330998,2.00323662042507,1.72135602453086,1.82670874347388,1.76595684681702,2.25669343058702,1.69004606639989,1.96592849090629,1.73640054481466,1.64793364845738,1.76658856704216
2.99632728680852,5.64613191298754,228.354911301411,893.980611425428,-0.989999961070368,0.0393576398496205,2,2.25402736463816,3.81832339672424,2.18682124117183,1.88532860287355,1.86670741741169,2.00941770798439,2.17693981058371,1.99169577422318,2.01552260199317,1.94415664239878,2.32628736595423,1.92327270395482
1.46927344852533,2.03290365633372,48.5785639412593,102.925832614461,-0.969369859277875,0.066293481056986,1,6.55488472010129,7.72893815101943,1.21553717346142,1.18079622864633,0.911123197654369,1.06385946618269,1.30130382916898,1.14556509135976,0.825711151621624,1.10743844164745,1.16514559811539,1.13110681525095
-0.279581654359062,0.712959441199751,17.4994565326014,18.3359447005682,-0.85303015962915,0.117914504271267,1,0.348724475651009,1.27506588256108,0.477476854495811,0.633054060825134,0.685784982077806,0.446316188067512,0.552549858617144,0.552186653885476,0.601371654038691,0.664073845056146,0.840462140536794,0.570361657895101
0.466381631988816,0.612922071714304,13.2787271690602,12.5359363986885,-0.837015867389398,0.154968406482898,1,0.753192640798877,0.984375636499563,0.282420167384984,0.595039993660443,0.0841407885714606,0.673934799226644,0.418977393802711,0.494911084678833,0.654288183040455,0.480896065037805,0.587371255185702,0.683476251690921
0.279789586968771,0.584294673569227,9.80008778485898,14.8036107214987,-0.830271775236083,0.255240150180991,1,1.09654671275327,1.49114825813778,0.324793134214268,0.820558689276714,0.684968419046071,0.837954211456029,0.131946929410649,0.774117408443838,-0.147279333028733,0.977844406732502,0.400159432106167,0.861099480840578
-0.575225066927483,0.837791271505614,25.5387449629664,29.644786583809,-0.942260705305687,0.0661345093432359,1,0.0560627045836695,1.39818048175876,1.09603440609995,0.624318580231194,0.599405776107165,0.5884104301842,0.704381006765629,0.590274358166258,-0.280613025349792,0.782319821038702,1.19138691548503,0.751755348837357
-1.24002653456996,4.18371023197807,180.209148188973,1004.57801127451,-0.989999947971412,0.0552622024637793,2,-4.62515568359616,13.2090323755364,2.12731673835922,2.78786127172888,1.65857026654902,2.73051540246562,1.52693091753745,2.69162958908748,2.21028571096653,2.89681632431172,1.26586614567288,2.87757065512812
0.338582344239724,0.486918664844643,7.62311958647655,6.34044700658972,-0.783023581717293,0.172215267532601,1,0.77491467669514,1.20887532224056,0.308244516636634,0.412956375210341,0.472134219009269,0.518865980854735,0.164442748763296,0.505754025188456,0.503801177897887,0.48835581637949,0.171917615873831,0.608452866095605
-0.518430179694961,0.414815261092075,8.00720109628802,4.57589420072513,-0.721761283252899,0.173577125807631,1,-0.577785583635351,0.46231205470835,0.31975574965541,0.334096421928251,0.403164188151332,0.332769082325689,0.532360452856965,0.373520650600738,-0.284241783510549,0.582597134483582,0.508783570255054,0.371889175736082
-0.092430614991609,0.569204691992602,19.2200680295434,20.3804238430781,-0.828044112152746,0.1876424286077,1,0.0391441463569472,0.826113795525009,0.987780044103584,0.495796779676064,0.279535665222863,0.830657833995347,1.04106876703234,0.654069604075025,0.161563114294596,0.649159785408958,0.604803859535315,0.55648308948657
1.30172980194619,2.76994630658296,144.004822077407,457.821996965858,-0.989999975222899,0.0328771949963963,2,0.189366654151853,3.205071206174,1.54129219404172,1.63116412866347,1.63308670359654,1.62469539898527,1.05863953130151,1.69239088247693,2.22873868636644,1.59635213363142,2.17084623025659,1.5867534314882
-0.23516742154076,0.86779729072121,30.1845165407756,44.0030336609712,-0.95581810555733,0.0590516709411248,1,1.77738162175979,1.68038472752046,0.9418168055439,0.719527325689841,0.961616873143223,0.739989653292791,0.489425200558084,0.73988945843746,0.816707830433037,0.887550061395184,1.48314913430192,0.8892476055853
-1.14105197273597,2.18950392036732,133.056944262901,368.777744202267,-0.989999972271996,0.028321658877002,2,-1.37094285821682,2.78998009768651,1.90123755201455,1.39434634075285,2.11626524798208,1.40218017310485,1.58343903095869,1.39498456281983,1.62671776537835,1.38074370180805,1.9986293631482,1.49393951050134
-0.511176485127145,0.692151399360644,12.4507116632311,17.4700312348012,-0.903922969698995,0.131871069437885,1,-0.579525358727104,1.14875446397027,0.771628016270008,0.743284461501889,1.0023521911514,0.753932357473493,0.597944010478681,0.72533989464113,0.744238184639825,0.692293378639659,0.808223556106155,0.711125681039918
0.00258580893406976,0.402221436371838,7.63084835670579,6.1017666030576,-0.72292449826915,0.264576560315139,1,-0.415112898538635,0.763910519374399,0.00875065875271184,0.477155335304646,0.337166037140403,0.542590892019891,0.508882285647421,0.306555582518587,0.155517483127399,0.564874503470671,0.587443899463974,0.53924410250797
-0.0199723893312329,0.750844872551629,26.6275487040905,39.5586067458761,-0.936254584450807,0.0901041858866608,1,-1.40125869028363,1.88949692829135,0.84402460628635,0.753937738243343,1.03685441429639,0.865303692986117,1.17515829272459,0.82253376865598,0.66460135334499,0.760801946458846,0.79715918930414,0.815085500890378
0.637208676191078,1.09997494651231,46.1161443224951,68.6663619695947,-0.936257591588577,0.0991238501776898,1,-1.08847922451761,1.27506068622415,1.40150984177292,0.793464992042173,1.06625164458184,0.80282848841225,1.37503338532596,0.898044065702546,1.11743789086249,0.910760347579398,-0.00488651655098888,1.22042388686468
-2.75042804733643,5.0719264153603,280.362401225672,889.770984648069,-0.989999965237093,0.0313634835644087,2,-1.12531662469103,3.41610832338271,1.93294074876109,1.60996774068125,1.42369651881389,1.53163032712242,1.98062230235002,1.67334129140843,2.21999476561848,1.66733846007777,1.81665038573801,1.53076712529097
-0.067883868349184,0.423571452491782,7.35221754392222,6.00000907506999,-0.827433117855172,0.136888393023914,1,-0.361366801239302,0.849002883181095,0.470861723616728,0.43839786534693,0.265784803905932,0.447254207559908,0.556994985175285,0.406053050342309,-0.36581428484104,0.591935327323288,-0.1884385226499,0.608964989135739
-1.46909754573695,3.11792592849701,230.972848433975,718.736952740818,-0.989999966350293,0.0320384911467325,2,-3.6680169197136,6.29649294114388,2.30918494544446,1.60803117364942,1.75502131548125,1.63920430450931,1.5222922136676,1.6405584272839,1.51631051345667,1.48670852387975,1.84896454408654,1.55527704201365
0.330507447872396,0.811346386582705,29.7013889883345,38.514081674029,-0.842616898992292,0.190093757567806,1,-0.5232363171,2.1298778191671,0.475236719968615,0.921821949373196,0.730419378824392,0.805711656070786,1.11108310897113,0.609019305004901,0.579235592857838,0.725903763303564,0.088108981947037,0.829149450323831
-0.130215634495682,0.524400022048781,13.5003679377172,13.0861614849569,-0.908481656220019,0.0978681225907214,1,-0.321802990886166,0.982620813777466,0.830084610698265,0.500911094526065,0.461278389098931,0.525511361953515,0.416692552938756,0.626286479734238,0.349758648053271,0.662842049453833,-0.0934393342670841,0.884384358571735
-0.104530222499987,0.77892881179424,35.2788950091235,51.2376445052355,-0.94763242798423,0.0778130470160602,1,-0.913565553361485,1.40805487521968,1.06918360360217,0.772815052733072,0.90219637848351,0.811720761868906,0.509174091976388,0.845790359791957,1.11458773018039,0.754080817873109,0.969605990699264,0.804454197989543
0.39933626519018,0.365194429974076,6.34619241993506,3.75291465224936,-0.739431854053285,0.152647746358347,1,0.143466748319674,0.755813322035566,0.149186254157432,0.309594160210642,0.557422172028156,0.35917338004789,-0.119497845197388,0.381972381603641,0.40380103418057,0.367340882341465,0.00378360451999941,0.388911299737791
1.55603132855009,2.49164867278417,60.7089642111387,169.279304612459,-0.957348835911798,0.116094752130437,3,3.03467779687351,4.86021226455862,0.878587528433492,1.28007534815794,0.834932620382524,1.3981651622412,1.31895881311635,1.37802807794922,1.74339104037414,1.49081886341287,0.488730231296875,1.48662407815507
-1.39160908614854,1.72945966056145,28.0255107541933,59.7299905163571,-0.947595964531705,0.105354365067222,1,-1.12941072157656,2.41345909985313,0.31058104861516,1.20067109349135,0.98418599220545,1.03036830028492,0.611427904538203,1.23947650417929,1.50364016799205,1.08383205410298,0.456543943001444,1.07322151661922
0.530107361477148,0.990341207831784,38.9042523479855,56.4386182947989,-0.931322399565253,0.104881896824863,1,0.388936820880765,1.70788053400968,1.12453182530132,0.728088998917807,1.06696364915906,0.727929610612095,0.755206512446702,0.782767939915516,1.42212928764666,0.790728008232751,0.914587463705817,0.845128104481519
-1.23361644583076,3.15948436296826,228.039627249505,709.775629946768,-0.989999973755772,0.0302779326487648,2,-3.65986556254214,7.33120683095718,2.10044534910452,1.57973500183213,2.12617587505195,1.4610230332662,1.5825737084198,1.67562708196434,1.9630771383924,1.5946063639522,1.59690938836598,1.72659153382309
0.374789215501374,0.507557700925385,11.2203672741137,9.51507121816949,-0.803158178492534,0.168055712211307,1,-0.0316332579367865,0.800144047812512,0.300759474537877,0.582901288096251,0.415784031516911,0.426364576751409,0.762778780758424,0.490118803280835,0.856229402579425,0.427850161420403,0.320442091443253,0.762911043427024
0.509641286156624,0.702900394196368,20.7161339944868,21.2684861531973,-0.88741695843805,0.131225916411829,1,1.00798918812785,1.3591633809241,1.05713412348171,0.585232379553769,0.223539732705481,0.756267839415505,0.375996033244817,0.564957130040923,1.22746029272245,0.563537602116693,0.564468939037171,0.625391096041736
-0.522379887634673,0.612374764569632,11.2271223602337,12.1623921992936,-0.819275882635321,0.196801071101511,1,-0.17365974359003,0.963583022124488,0.510853442138609,0.472607300178779,0.0641054559305925,0.621662376683466,0.680507547551356,0.677275172079644,0.405198693190596,0.578987994764393,0.650294571428325,0.672880741073419
-0.766823692878941,1.08613080143536,51.6362109099403,90.0516506940977,-0.968798395809661,0.0578169104709703,3,-0.172997678124519,1.60323236069791,1.50338289657129,0.838603206694062,1.57904000234727,0.975324203470093,1.45764031009503,0.81202206329528,1.75050888104462,1.00731140973033,1.36471922967538,0.985702185007222
0.756312940548884,0.578775033902369,12.7814548165299,11.629806028163,-0.881327904315659,0.10326398196444,1,0.950504467885997,0.796962843572692,0.235084464901782,0.478518667268027,0.938280954405109,0.47037102064767,0.857797098022758,0.575184448372396,0.722896969726544,0.487346504560988,0.834259127818649,0.526565903787249
0.0700510140137697,0.312409522738223,3.70475432849556,2.13948536871467,-0.678491346327965,0.184417071233485,1,-0.0802604329811884,0.81591449029254,-0.0481254687815326,0.430100419072115,0.13272925829402,0.372265609339756,0.106468289083556,0.391147563281927,0.489263865945429,0.36055397685705,0.539297863279836,0.348071764781338
-0.0958920192384211,0.622188655005862,22.3637212841056,38.0283008120336,-0.880180098588982,0.208116118083936,1,-0.300581482134345,0.69286401644419,0.662729667137111,0.971963134638336,0.479240757702292,1.01882504409038,0.94419898843139,0.70680877773973,1.22769721520709,0.969074494958437,0.532671040679445,0.932682117303624
-1.53659548242466,1.76419825516023,40.9740673957082,87.0960856566393,-0.961426185464694,0.0833763783997588,1,-1.81542186868935,1.94271306816818,0.951099923961455,1.11521535318359,1.3473401014019,1.14349587122012,0.774843897455224,1.07841810301873,0.887374904296862,0.946725967083134,1.27584446088753,1.21951281841327
0.678768411972472,0.901754777402864,27.2035006679285,39.7539177349518,-0.958851447170779,0.0623302519941819,1,0.772203294631893,1.50573644348875,1.03758477030528,0.799528493361813,0.768263933333561,0.689998086876371,0.972704181489374,0.831834530861257,0.673726812804946,0.834469658054394,1.21766871361082,0.795392934862773
-0.974870980739055,1.23418693942794,41.2208346471168,86.3940436256947,-0.939469754421648,0.129989502393921,1,-1.36517663640006,1.77596444403975,1.08696130632274,1.00160036343438,1.09128874422713,1.10025729007427,0.994612976564458,1.03201780516204,-0.157320437946438,1.52304588329903,0.852414713514288,1.25763224039788
-0.330067960960476,0.844764283099572,24.2273668026946,28.532970137875,-0.92910317255746,0.089325735775958,1,-0.426218458092052,1.77198921827815,0.860905700436143,0.61436496615616,0.764338088948805,0.610595784516101,1.04891567816791,0.68895910326489,0.988547281559312,0.648790607550778,0.573344375999161,0.670084062631323
-0.633789354252071,1.37609823757758,73.9295386684154,156.924591775303,-0.97724212987768,0.0475405558100969,1,-0.112306785589017,2.03138460808627,1.25530931496747,1.10633549899782,0.924094895484228,1.18035684367141,1.9009069068198,1.07935141703828,1.80170522874144,1.07431197786474,1.46712293715733,1.19871740290736
-0.129111204110856,0.781239257599856,29.5680987305814,42.7276752325542,-0.902954792533272,0.143775318502842,1,0.514813653136674,1.12546547442092,0.20632937512265,0.781697461886602,0.588902901490854,0.745354174434156,0.518773752498653,0.734874142387977,0.974426515642428,0.969102929601794,1.02636101949699,0.702483487713972
-0.00146749980193572,0.497970462763542,10.1351259921401,8.64325904759818,-0.810245468405513,0.147849650285115,1,0.310202681345797,0.784102193394723,0.46302914651744,0.476690741002377,-0.296143357624219,0.61725211478324,0.688574795598854,0.498942837571101,-0.0691935411963009,0.695346237976776,0.0263341860632755,0.659477828115162
-0.220656410847734,0.520352891072226,13.3860436782972,13.0611296796034,-0.863910125487451,0.127342263659808,1,-0.140354697648511,0.807954546644564,0.804544223719951,0.512413422388012,0.930430087493631,0.54622986237444,0.902205113518387,0.564004959696393,0.322814100075608,0.730699245434613,0.220735069822125,0.725954085582563
0.340648152215192,0.496880193726357,10.7423851592486,11.2109505382348,-0.870206653197256,0.147117116557248,1,0.233749532245833,0.788295036203097,0.0220044830497928,0.540216448305022,0.531786543597715,0.575384104681839,0.958831455975713,0.630610731180889,0.76037241073787,0.64153517053184,1.05287344739944,0.581657187354185
0.278218582537573,0.708700904472009,22.6789079582645,35.3543774448633,-0.929984445560436,0.114713087311309,1,0.280995312042089,0.996833361907432,0.866325345486926,0.816815781275839,0.867618095386454,0.87133973459904,0.84886887471418,0.836395792776812,0.793978123514797,0.83966213872284,0.97387736739988,0.90798042705943
0.993367437448679,1.01137780317822,28.5283515535127,41.3136550038918,-0.940911412013999,0.0884889032442909,1,-0.0490849340425147,1.5292947123405,1.12676816130222,0.768456373312431,1.13901171802292,0.774103803878335,0.472998665036436,0.824487211324006,1.30254099653941,0.686557036532392,0.733013318921502,0.732174356066652
1.02361080523078,0.875970290577553,15.0519904869718,19.0977752995405,-0.911555301488145,0.12839575694437,1,0.562092728532824,1.72554368138743,1.05922937290824,0.659211808200779,0.319978766245964,0.731332798801961,0.770439709502212,0.726020746674187,0.956077280358365,0.759914932380265,0.132634261579396,0.774392058543988
0.597338640054207,3.29189347855121,437.454960759858,2372.58458048571,-0.98999992659422,0.0537861457695976,2,1.03682052419686,6.13403612826835,2.0656332902738,2.81546452344184,2.6387294178428,2.73360923406715,2.22621402009189,2.73918777646367,1.3731680941968,2.7354378793076,2.79473528887562,2.71267869581262
0.0636936962965553,1.01278206941719,63.9076936559944,120.756083853875,-0.972461722205923,0.0523167729912473,1,0.422294132126755,1.723947499179,1.204022982518,1.02171829742235,1.57312233265989,0.895155594335901,1.0630124469601,0.883810035960198,1.60932864755185,0.970969314464906,1.41821809871568,1.02573002179858
0.140077836284288,0.531435020942759,11.5083216486872,12.8970431524869,-0.758258496611424,0.304863131250928,1,-0.412949749278101,0.990116023661983,0.0662296401488953,0.682585369582686,0.607085162801335,0.590498769642462,0.643710308435,0.6071008936113,0.94807030229088,0.690250022419726,-0.359961709132394,0.853362920390999
1.23820401742542,2.77716303174952,109.430272197515,329.877771819456,-0.983337899118428,0.05000329674331,3,-0.508387154602202,2.66439331066267,1.44110019466963,1.52754922313055,1.29184745383888,1.50748195017584,1.46109029720744,1.4894584612387,1.61764389755305,1.53115763659347,1.54553027446314,1.57763006757266
1.86973734084759,1.42677336606516,31.3410106823259,46.4676691988438,-0.960141375453371,0.0557474617620897,1,0.788281840137253,1.53957705929562,1.1313978405479,0.767480114126061,1.41714989463604,0.755718556061985,0.925615885540997,0.759033562799886,0.841990569376114,0.802882687602187,1.22230264223441,0.867941572741736
-0.321102128247868,0.60783310205813,9.2042955871848,12.2610049659545,-0.938966266836147,0.079285440701385,1,0.575407101301503,1.32949808122429,0.810874659263798,0.6810531277101,1.08147503245393,0.61886857084033,0.573811904229775,0.699521066440096,0.395505432874089,0.775973327643354,0.613163428977567,0.741679949285787
-0.0282041394773014,0.531369467740684,18.411938654413,25.3116629147951,-0.890068590144767,0.158229791066153,1,-0.82971105861229,0.700108829505736,0.766993307853691,0.675372031892875,1.13780874253071,0.731174996623492,1.14671715727726,0.733796871484663,0.685109062236194,0.678970347438829,0.627651450449477,0.719799369590058
0.751055807408842,0.687727163043434,13.4292297046446,13.399353994049,-0.895242745559028,0.114637120242205,1,0.186861678601356,0.857467906047033,0.780221211249461,0.489372647071418,-0.0765143995132276,0.601768382541493,0.400212663587037,0.558203992235979,0.831856521677844,0.59080141288294,-0.899094487385864,0.832544127778228
-0.106458125862344,0.479982523797977,9.04870187922638,6.99711837294047,-0.849104233211923,0.139133629701512,1,-0.348867886455449,1.01576939388806,0.264257146284348,0.455971280245068,0.644062215040439,0.468096040072828,0.292664091512039,0.458649314248956,1.04441103577982,0.421397606563619,0.478424466166576,0.554467377799697
-0.383929190255641,0.522517392301808,10.6174464429461,10.3291798504435,-0.88800819111235,0.102524100530103,1,-1.13054263482037,1.10303763257454,0.555167641014626,0.535747060562017,0.724249571660583,0.527538257283656,-0.0319084436774804,0.701267516392539,0.154861898555517,0.652089407682184,0.422850080059241,0.597457156274909
-1.20172916568299,1.05742306371697,31.2026827564682,45.4654127657239,-0.911860243164515,0.131013953668365,1,0.694435167532185,1.34568324733226,0.822642576786585,0.84489781621783,1.08160962218733,0.70479229403656,0.254498494951213,0.87213357605383,0.842713853654066,0.747455763386205,0.313699785216581,0.85115547228214
0.505009120355323,0.483751880446783,7.31629453792655,8.35899474367654,-0.878418059437016,0.12248616262662,1,2.00131637798684,1.33285812411141,0.179618691113829,0.608608953373837,0.131571733480889,0.61484315406568,0.104278384360146,0.812773299393599,0.249764645676946,0.762241953133197,0.589384485714713,0.55925272423708
-0.54278528216771,0.76278281729763,20.8422787933892,30.3955080840715,-0.913868221615165,0.128832542895576,2,-1.06332886842409,1.23791979461257,0.872582362631172,0.686884446618518,0.469371437870876,0.766938460050452,0.760015920132384,0.767101435079594,0.868792338260306,0.870407690684721,1.31063925449542,0.750516525699873
-0.223173012386698,0.481141622221342,10.9504087904232,8.25426831828959,-0.844579820425561,0.11757378590353,1,-0.094358940468569,0.732280146644374,0.599225977162815,0.395934673024428,0.759813015364808,0.450441529934698,-0.118291122028091,0.544757321457643,0.330696014879499,0.534525167202149,0.423598757502317,0.482537851884422
-0.306092366269153,0.396992142335289,8.02221357059384,6.19318061906726,-0.783010796430484,0.189321486111184,1,-0.408949499842328,0.681133555899728,0.0764600505320116,0.434065877650101,0.589748311455988,0.399767125983372,-0.685084968647532,0.67409779141636,0.201554867430069,0.463037462602659,0.469860704545616,0.462401419772476
-0.991393620514197,1.17585003220542,36.4988989335274,56.940501621393,-0.933192579966688,0.103085856227246,1,-0.280300916459434,1.50364202304578,0.617439783069223,0.759730553799244,1.25140879505044,0.842782891967344,1.49924826871486,0.764291399034426,0.931763072996736,0.856877036680827,0.661929705100087,0.802725523560237
-0.462814971704141,0.349428998275602,5.79293801410974,3.33528686282083,-0.602426971286907,0.27033972724635,1,-0.65563970994912,0.478525620812918,-0.155117235100255,0.352508486131092,0.235031010090263,0.370087058006882,0.327244232199177,0.380716997340176,-0.701534910596646,0.586749751971016,0.095917805348427,0.504327342460518
-0.232450134064494,0.583224355964198,15.6143531151519,13.632662371473,-0.847214692536145,0.147751887125284,1,-0.416636183989321,1.01133272858589,0.52868338988428,0.552153514860126,0.78761842476811,0.477463452090489,0.15036328941998,0.533948041220393,0.876628429437923,0.495644884104542,1.07023609251699,0.580084242903754
0.321530660956442,0.4005822974297,7.8867858302462,6.81017937231239,-0.866088534986718,0.123808102536864,1,0.156305480662618,0.595226983101382,0.658732130733605,0.441043767280176,0.356664049186212,0.465755506987098,0.441299073436309,0.474953916859521,0.335577983494684,0.59949265384155,1.20710750335674,0.525168943584246
0.12940900298378,0.546549890487287,13.586281868939,21.0207224658476,-0.93673103082049,0.0915312499855368,1,0.995577235640065,1.19925455277571,0.671135395113191,0.794649538051166,0.348397673745655,0.846649068931742,0.851342592676397,0.761259555137645,0.492905917797268,0.923526856749883,0.389709779996989,0.959499956574914
-0.464823147402839,2.32679864450327,197.301429399387,597.417998608998,-0.989999956079379,0.0298949156912828,2,-1.42925488201295,4.85394134278945,1.80286836597256,1.57174111153208,1.91954690987657,1.45828255524687,2.41329135359987,1.57019226614835,1.67860360937543,1.52938838169242,1.99803773971497,1.47959565061811
-0.344192030335192,0.504077728629278,10.6717022219923,11.2986500353648,-0.914765210155691,0.101085828722796,1,-0.135409961178034,0.990396050083946,0.161868251683935,0.617470062753633,0.798952262682957,0.545045225960472,0.437084098548462,0.591798947105555,0.697335986810446,0.531168047564622,1.03536150856869,0.596466310315102
-0.136804849412278,0.273095430487743,2.9492946806733,1.86306345168964,-0.806895514743777,0.101333362003821,1,0.342994798655247,0.608449574784052,-0.138611014810741,0.316428586944044,-0.316434609660305,0.444880360510678,0.768205917821303,0.372480951434176,-1.42097410356512,0.582983981709501,0.741483357256492,0.366484809240241
0.34110677496493,0.69831469935642,20.189117051112,31.1621868464997,-0.937090179659253,0.0927432960520885,1,-0.304089854375182,1.28872623512506,0.926878606003065,0.765564580501389,0.911775079162177,0.79078302032776,0.847419249414015,0.761859405331982,0.559624927597015,0.752901261868035,0.950545476254093,0.905129591299999
0.574392051413019,0.546812624874112,11.7459347032727,11.4502135693712,-0.865638695869743,0.141668039735505,1,1.72884719577931,1.22398584446812,1.06650904738367,0.491123566485181,-0.0501530265861776,0.721949107253892,0.998967546180645,0.51665687218631,0.68199152697617,0.547054107750951,0.0105916966463559,0.653787990370001
1.01087226121328,2.17548700377028,75.8688941074397,205.678267758546,-0.989999973198342,0.0270833454599899,3,-1.21065760994102,2.8380542449753,1.7643981518018,1.38291924244276,1.34424418552578,1.32092506751192,1.7580998470196,1.46417703042225,1.89852668772834,1.43337443096694,1.47410432164666,1.49107169836494
-0.144902866644552,0.755043654672449,36.8084800732085,48.3333670025998,-0.934349799553321,0.0868342546206898,1,-1.26380223401135,1.39137493139817,1.13464715315825,0.751508564819218,0.652501727556873,0.731198184675372,0.895640832394824,0.764196489598145,0.679532211406789,0.69504247801566,1.27639450124932,0.725758683094407
1.89836103463448,2.97804638585405,76.4514732197376,217.039608535377,-0.989999977610812,0.028022767642452,2,0.263988842008144,3.29855025362387,1.66614090958783,1.38939959836155,1.59398438614439,1.40336406287313,1.57670466587603,1.44634731594462,1.69665545444144,1.44132035409758,1.74385723101271,1.49665600811028
0.235709414117631,0.687053359116944,21.4950706754467,32.1304493371914,-0.897450959758574,0.159612051849227,1,0.257631829881849,1.31081822477156,0.870298582343196,0.730142942968048,0.340013930279995,0.733933272004616,0.646084815626982,0.770418523949056,0.461144170655004,0.789687502803576,0.578808891116683,0.892538855215821
-0.63504716534655,0.537007873370922,7.68316881901356,7.22053371267305,-0.829950002719869,0.155647056863642,1,-0.468388257805925,0.941095904766836,0.346824163356835,0.475471596768835,0.199863884486306,0.578774523254612,0.212006388086165,0.543195320630131,0.151396150759956,0.625895829249889,-0.00787243217043557,0.67807699315853
0.156549276609567,0.412388400508188,7.17988655277735,6.33499252319035,-0.855633570339796,0.133700752006523,1,0.115195931128563,0.874897323808579,0.389968476279691,0.48774460530077,0.196661956402165,0.539144194417264,0.586679733319276,0.489163249569363,0.024053924770988,0.65356832774382,0.297274710978741,0.555558331675963
-0.275340784286225,0.426625172251849,5.11435723956797,3.47148410344558,-0.706119135507207,0.200797158096182,1,-0.617441291607577,1.18531934224351,0.518593591807752,0.393681230528677,0.259992517306856,0.418745888554751,-0.145777741640794,0.56836621404496,-0.0598118227955209,0.433132887449292,0.173575870400608,0.517603903699982
-1.61209735633021,2.46815976006266,90.7033769192638,234.55000526702,-0.937595319925857,0.177745025438832,1,0.64950089919461,1.95619239438031,1.05033879726652,1.30018887498614,0.590556401495201,1.259776201538,1.77597963540766,1.38217580693237,1.09637647274898,1.46929954686492,1.69472626948335,1.33247645533061
0.393417903215761,0.511743364890937,15.3222589977134,16.6198960588691,-0.845974070813867,0.178832158601759,1,-0.212572621706418,0.839764242324466,0.378956119519779,0.689708014744606,0.498713066211131,0.646389675167145,0.779000575657426,0.632857802121468,0.568809028531095,0.601046498084901,0.891878816363192,0.628670857263441
-2.17402580408043,4.65151815451152,173.966009178999,694.885115433246,-0.989999978597221,0.0398500682892657,2,-2.26731352712191,4.93459352481872,2.31782064390925,2.01973014140854,1.64258339180231,1.96966407285031,1.79604618913247,2.03016550150675,2.0159155076304,2.09015076918995,1.362408461385,2.0174169716662
0.190206166193599,1.17310304882345,71.8888195648215,164.590761686453,-0.969829358282754,0.0714190408079978,2,0.138477654733981,2.07785689856202,1.57615426218291,1.2046795915618,0.910267434819695,1.05296566490066,1.72503782318698,1.217569590649,1.60140635590346,1.20448570601794,0.337201570382699,1.2056788827508
1.17832373279152,1.51228317026108,28.1113693592001,60.733331183303,-0.960415182324644,0.0826991623780091,1,1.8275453382279,2.32941358582216,1.0819781946407,1.08520826556348,1.12062442272386,1.15480995378211,1.37176627598911,0.967463858856215,0.211634171441206,1.19398783819779,1.46713791226333,1.21881346437732
-0.309639456034835,0.310858646139274,4.6899295921533,3.16340927119328,-0.497562456627108,0.380089053118875,1,-0.23375689993164,0.467994872795518,0.0200158909359102,0.41969221863275,-1.20633459294069,0.709780431764627,0.491440191166259,0.406379554782176,0.205102042518139,0.461282793167895,-0.54228529768117,0.789897545092446
0.00991986234363505,0.537558046305901,15.2356953124557,14.5009635707673,-0.776089380214074,0.207648674741051,1,0.593494229827185,1.01832824087329,0.158168565000535,0.582130636630263,0.168335856281009,0.536309864988194,0.760435459266335,0.526415144714765,-0.23044107636158,0.733210006388468,0.922391514099172,0.479567313847941
1.1022751305221,1.11479646645983,40.9377438512276,55.3255837133696,-0.940620577942876,0.0757783156695249,1,-0.797781024155918,1.32611697330479,1.57714933063959,0.699527168865696,1.12997955351223,0.747302336233973,1.24226031148834,0.722379537679415,0.866064037994043,0.759184096676077,1.10023197762917,0.698525784702
-1.32348026180994,2.72683160681911,208.179475919168,593.630793991979,-0.986918163130321,0.0378179327187791,1,-2.30727036139249,4.56753530349964,1.49692913892513,1.48863443788237,2.35498196550929,1.43738027948035,1.86218911347256,1.4783198096021,1.64033226036197,1.46629255832201,1.84443704980549,1.42431095299593
1.27824155117313,3.2433406379675,159.902721168129,633.104154229664,-0.989999977398194,0.0394662204731263,3,3.51821398117639,7.97685584246784,1.97048529908154,2.01052241656774,1.96300172005215,2.03575816086189,2.15857601459344,1.94556625906465,1.35821917593665,2.03735834230288,1.89898173276247,1.95589540022825
0.0301256137477456,0.472745507837787,10.0341363317276,8.25487354968149,-0.763927091680898,0.218110149120984,1,-1.11159357416383,0.978274265177463,0.853708944269851,0.420667698727587,0.387271234291692,0.495467381623277,0.742117413692167,0.371598679857205,-0.2688661201744,0.602955310861874,0.681016411381846,0.51681660729133
-1.1596249446535,2.17392921524599,116.02170975941,302.65211229932,-0.974537862480499,0.0666472659381729,3,0.104125372885559,2.2761247619666,1.47755748632555,1.3076990221563,1.43683282764442,1.36258928047059,1.40829112247222,1.4463033077225,1.59949221013732,1.38921893592965,1.79310394926627,1.3414251227246
-0.351332174691871,0.769771944208283,21.5297117304393,18.6308666554052,-0.877163305645272,0.0995382066577206,1,0.0285701233191381,1.2427471933025,0.875868333214681,0.52718307594632,0.306417308688406,0.469182905634626,1.07716516137095,0.432912551582196,0.884900280248444,0.551755828804586,0.52565961197371,0.656224289242951
0.249419673552227,0.493859856675852,9.30140679197785,8.37038054741969,-0.904588407952665,0.0830839294336074,1,0.0713556775500742,0.98525991022964,0.508584830607751,0.526581018122578,0.546853541855066,0.493856213072834,0.410037792385026,0.558782937712293,0.92816661298288,0.467659206978648,-0.00653920570239558,0.644551835107695
0.382187213048721,0.372988882400446,4.96649663225284,3.61441266186123,-0.775455169935788,0.154643437715048,1,0.88494344885219,0.812923825051193,0.213267704338322,0.429625025610877,0.306849776230576,0.361504582434542,0.177293174740584,0.450662722815392,-0.178430164909895,0.510270023145617,0.547964999674983,0.457572028805914
0.286788865960487,0.221648444306741,2.31599926601594,1.2666537657829,-0.385331378720468,0.343079273613178,1,0.347785870361335,0.424149083647752,-0.376528289800837,0.383698529934877,-0.366100303292449,0.439424255932047,-0.109288317358777,0.36569472892561,-0.297106764976786,0.380008040770434,-0.800531299747071,0.599650738891832
-0.182152969124539,0.575050997172276,11.9616178061813,14.5658693540858,-0.914561024352115,0.111298777687224,1,-1.23179663239184,1.29215320487744,0.643193605200246,0.603477904543776,0.443020536292802,0.763855851532431,0.932618065632386,0.61676467991836,0.708586008231532,0.598124624334571,0.554368567398803,0.64918015404583
-0.170448902885481,0.435802086675676,9.04496624939378,11.4852445321784,-0.816485479309036,0.240187492013654,1,0.317516160214317,0.79926680698689,0.745515980808756,0.658053852141179,0.283636602079935,0.792179531150632,0.0667326218878997,0.813725739713607,0.176620039088583,0.90221290377385,0.378187120789809,0.733697971885249
-0.0937939383592479,0.484957036307824,8.3135787321099,7.70225013647666,-0.876567740418564,0.102609883998088,1,-0.776528019685193,1.38827743040565,0.525530586091077,0.49330786190305,0.21069315571585,0.485107641180042,0.712482775146361,0.556093047066773,0.362671192529463,0.563499376595275,0.628653461859743,0.518740191506963
0.209556322523522,0.546772745495141,13.71812323977,12.4065688700151,-0.889209301347034,0.100109389222542,1,-0.22630377791939,1.22754660846642,0.855861105336781,0.496441272355715,0.844564309962396,0.486141473732422,0.584528543432534,0.524135505732383,0.651360229359976,0.590165000367519,0.630113472390239,0.59501069461021
0.357787350929694,0.44333937963099,6.29865522714992,4.93176153648208,-0.771635427540432,0.19449097319198,1,-0.710619184394898,0.973314612781379,0.539925661698422,0.443499757638141,0.631713008836671,0.416516132948994,0.261084255701094,0.529408098289289,0.64847215659309,0.431995052265273,0.281843516648656,0.608205817120583
1.57255206797672,3.28491684748777,171.980221842747,642.430477538971,-0.989999971533686,0.0384315901264557,2,1.68608192556197,3.76848824365778,2.14061595575566,1.89206612763359,1.95991863304866,1.91172000014522,1.33991846685491,1.90795691244136,1.30409830865975,1.99760916304519,1.94189187937005,1.82219846639953
0.0860572674013858,0.479229820667282,11.8577530170707,10.3110356642629,-0.815961711287688,0.156609301777831,1,-0.0794507185685274,0.636666384425277,0.419309697890348,0.437655550999761,0.207828956912062,0.563713441042044,0.0511046976433072,0.56729021225585,0.386107291308216,0.500576320566685,0.424252167297794,0.561270824031739
-0.0409778856506177,0.385132045637573,6.85097894939117,5.21332044784988,-0.777992328684071,0.186411410240575,1,-0.242820371391592,0.761019174717503,0.354823190856475,0.471050644005505,0.453824810416578,0.435660550820014,0.126538566716837,0.445022910453396,0.435926726505808,0.419247158282719,0.539230828367268,0.456798843073775
0.0622217297664502,0.423404412519366,8.85575914015883,8.75821175358519,-0.869818566795503,0.115199416690616,1,0.874917623484585,0.851027141932043,0.463733281427629,0.523139488284078,0.594036835115614,0.684746467507986,0.253936281175905,0.590371805483436,0.624756528134439,0.499564890741597,-0.0357896290758636,0.673781621504132
0.14815632034241,0.799533851756095,30.7633470599829,68.4647677460932,-0.975982317826783,0.0528649442419699,3,-0.184259022629244,1.71713394538861,1.3062996142779,1.14130141971889,0.98717923389967,1.01974103970622,1.52693346624612,1.0934113389311,1.07496572663042,1.31806517257698,0.732456364309743,1.26013911704705
-0.461178771392167,1.19842239777737,52.5583527675533,123.709889049142,-0.971022362592152,0.0679525375287771,3,-1.70213726552501,2.91849076359618,1.4701588951884,1.19360329509711,0.787451803896246,1.16341859086509,1.60036061090734,1.19929876000498,1.45450589235864,1.22159627810284,1.49675979636475,1.23403521681027
-0.212241987229947,0.436969851923286,8.84363699191862,7.92139457442911,-0.838418313421174,0.167387496832193,1,-1.24273052066713,0.941343826294898,0.905914204665391,0.486820488930806,0.423014228101707,0.570778062970985,0.628985557757811,0.459269962361182,-0.438033986712543,0.682906170121188,0.393228849313383,0.509170255532956
0.195532189481379,0.228363069735922,2.20904493961624,1.51162466017881,-0.469499035965961,0.408895350855867,1,0.903397784937574,0.537544876983,-0.0172300434958994,0.372354021538887,-0.139741962699826,0.432610176098505,0.0523000890677041,0.351517140250589,-0.100305909580747,0.54382413174632,-0.639847927174383,0.654373523512655
0.439908881425388,0.696028985043554,19.8180764478829,23.6997058601351,-0.910526475193723,0.109291030053749,1,-0.469869386401325,1.32460807441803,0.747817706642266,0.650855802510556,0.905437758535325,0.679239464523327,-0.0553615230403885,0.907009250280041,1.03766195567841,0.673184835369293,0.986864305587327,0.512850469895975
0.417293291694668,0.692332959149217,17.5340131706117,20.2334649924642,-0.945339736421245,0.061253640723705,1,-0.0542166699458213,1.21427863203082,0.764704435460999,0.600830329503901,-0.315174884535347,0.856897833758725,1.38244082485058,0.593777389175544,1.18098985659735,0.600564798229174,0.79748709105831,0.589194723523529
-0.631756088553778,0.706284951361983,16.4376923376513,18.072223904814,-0.879899656498686,0.139898440436078,1,-0.273826990570297,0.891855699815123,0.245281595159269,0.571672974402881,0.900680685236557,0.59737381893349,0.918207997749104,0.541865594706359,0.795228488432684,0.619978149690373,0.818103510489503,0.669426666286369
0.00321703832432495,0.41603372151882,7.68325195070981,6.14201393579383,-0.640692509113609,0.28234880658728,1,0.417072027530759,0.812973146994446,-0.225878769031074,0.403497175925139,0.444957222936829,0.392906645483122,0.462610532275916,0.518125646100122,0.385194473087582,0.663644298806112,-0.476802753945429,0.790446573403797
-0.270987009132748,0.568749469476788,12.7956115311084,10.402847800115,-0.713077975762464,0.195618470600664,1,0.578006471539919,0.867995296660875,0.0237670709660105,0.428891295773656,-0.047890805566091,0.423634911822806,0.765135618366592,0.49575008552369,0.0757350224677842,0.746198886610671,-0.0826114151692447,0.52187875558579
-0.330194483850715,0.824018210327265,27.1485526209082,38.0989510922136,-0.908398718847969,0.129947927225671,1,1.22250969360788,1.67197724730284,0.674140742216253,0.737528252151506,0.846720645999171,0.776608231244023,1.01000763401837,0.793507862616157,1.04357478340804,0.874702511998147,-0.30679693886283,0.958760346498761
-0.610232681061303,0.626307680854816,11.6695803428497,13.9492117938249,-0.909721084503568,0.107914788837595,1,0.349679944706356,0.84001732309249,0.52605675844607,0.631639496148501,0.216397665213514,0.72406292239833,0.347078872840019,0.606981469394868,0.940518018095599,0.694712158114433,0.435616100974371,0.696755050958924
0.914137435723485,2.35161218619134,127.44137145002,442.623504576723,-0.984752506419055,0.052945189573862,3,3.55931519980206,7.32509125414941,1.251270734842,1.71813342999723,1.63883558950225,1.73127317366918,1.84330007359069,1.78272168372072,1.98808909363332,1.70265886571712,1.62487523916745,1.7818633811454
-0.713075124324341,0.763259620572052,16.7846921549845,18.5391542844221,-0.878486992795308,0.138374063719653,1,-0.901758552086186,1.52485236870999,0.959431534914769,0.592763886424539,0.734197546191118,0.626638090605089,1.01954680362274,0.588946004496337,0.652438054038047,0.64557932685392,0.932710988322979,0.700902114063372
-0.249364875015692,0.949604005159931,46.1687598122341,56.4040874480849,-0.911223640193806,0.134740865148536,1,-4.95620295116909,3.09708708953652,1.49853690903923,0.647857919727418,1.42215947879981,0.622626324357848,1.13161827348017,0.752409798081797,0.911542147663568,0.711993171812533,1.37238394092441,0.614279354108979
0.66553968101291,0.686055845809091,14.7382911870989,12.4694821550892,-0.87949787520308,0.106313281359956,1,0.0737476898483887,1.32358843973263,0.850149947501492,0.458101178392039,0.919113338988295,0.493389126431096,0.52435945795365,0.540537986257265,0.861290828649593,0.451805490292531,0.738862067857693,0.618491405641454
0.0696187768253438,0.50012036992748,15.2093475615017,13.096653164634,-0.886014502100854,0.113342157483216,1,-0.106534426409353,0.615297947961901,0.681142780407414,0.446139449587717,0.37244856852249,0.544786412430567,-0.214731223718866,0.649283841180489,0.901920999792854,0.545570414297959,0.67114830355016,0.53441218059854
0.192434557890476,0.432512629966494,8.78006462149503,6.71678463399,-0.82157365086037,0.137984225544566,1,-1.09518577066395,0.95556294932471,0.372875464622488,0.418909171631385,0.375437751582402,0.435799602870474,0.368298323149453,0.474784788881754,0.339140614078452,0.51287550111757,-0.186765429376668,0.569585825988931
-0.31856645536867,0.584850249087456,15.8980398113039,14.2001306802046,-0.923563880165086,0.0612789006367944,1,-1.33060634596743,1.00244702577895,1.11428356027543,0.41976578541647,1.14713355715963,0.484421606840163,0.304367072452922,0.569931222210767,0.818367319970266,0.653460674696931,1.23696238830981,0.581473058217689
0.410802571450857,0.690416769712466,24.2574549599769,27.7062853441353,-0.912656247212929,0.0865326459783361,1,-0.104900419270297,0.952160053870574,0.974118288491348,0.523073792713684,1.03209493951733,0.636883342637941,0.224096223268549,0.739788848107915,0.635654861728391,0.580899050817032,0.748716637176505,0.447610890965083
-0.466494810979278,0.715923076788363,23.4697385489013,37.4728225465957,-0.953364255215774,0.0715537643356303,1,-1.9729452463954,1.69559130802662,1.13397635686186,0.79853459461778,0.507862327561818,0.803855782577958,1.04318449269959,0.780582591961211,0.937699235197196,0.886658640186303,0.51587280835067,0.939684649757675
0.181591262756218,0.394652522853535,8.69044201634179,6.77255821921504,-0.821990084579887,0.127152388593399,1,-0.660320680287732,0.671612414709194,0.179811889038869,0.437840057105372,0.612712899327228,0.428287308040583,0.774606605278544,0.405189279053991,0.393199292784772,0.540404441479056,-0.296961127528321,0.617235197860864
1.44666865821004,3.09609521859404,147.254347896623,521.481200352134,-0.989999868873681,0.0354771036993775,2,1.03442822132317,3.95005715719277,1.7116485816456,1.77453273671706,1.1845010072074,1.81750075136546,2.01734444271769,1.84549555631504,2.1698810196542,1.81048967421122,1.70335858693036,1.73494314785188
-1.06633242413988,1.46583992732629,79.7175034355034,145.942948705528,-0.930678150822048,0.125941970114213,1,-0.0693027001521634,1.23192299576871,1.23483981183819,1.01156200397532,1.14857002505109,0.867142624094516,1.4813613689089,0.874239395402075,0.825952934497762,1.07796363873593,1.74988606588988,0.84336216490017
-0.32700379588358,0.620740743096165,15.455725734384,17.8863349463264,-0.886470372464532,0.129105673809094,1,-1.86744659312701,1.51372082174955,-0.22632733257151,0.703815140916806,1.25047360850802,0.593862010243066,1.19560666365164,0.55222820096119,-0.275653693459203,0.870072599990965,0.0894441032847956,0.933373186397842
2.09637474378854,4.09954203776085,112.584263388709,377.724215273013,-0.988049839462265,0.0396568050976802,3,5.35038921144117,10.0440334448463,2.20795991570487,1.69847309681774,1.71168456112904,1.78962474288954,2.12202515056353,1.66768753415157,1.63233455843106,1.72148458050099,1.63020159632338,1.55005100078248
0.0807025585493158,0.468644404486042,11.1269831633261,10.1802757465279,-0.756999629265516,0.217404143339585,1,1.32333157316343,0.689457336606291,0.292294528105551,0.594609547703304,0.00202818221315436,0.685166472005562,0.675288417772011,0.455780350035964,0.158396769318817,0.641826031273948,0.108215596286075,0.577024698603548
0.81633474224276,1.42260678047052,83.0983364154648,134.891550722765,-0.964676692596849,0.0560283854254493,1,1.92827614216408,2.67919479942369,1.48709958870394,0.820714432383176,1.31334418819905,0.86909758337331,1.53729453444746,0.871745756309917,0.997835528625506,1.02010901693165,1.56539452139646,0.885318816733977
-0.846319812063045,0.858246126290573,20.5591287684524,18.7659788610336,-0.906925222742414,0.088157335212465,1,-0.793306894373601,1.24550496821156,0.961920023025812,0.455571421074002,0.0644929324529344,0.624997944544834,0.848715141053019,0.504722827061859,0.958276562828527,0.600334535124191,1.00157304890143,0.639186262538881
0.0135809309855513,0.425712950907264,5.45018803751013,6.40720925123306,-0.908666403056416,0.118040463375924,1,0.880638255158748,1.33877677385989,0.770033062101567,0.65335819853373,0.113359123110524,0.645302037131859,0.757450040820205,0.658684991345101,0.663459615344151,0.597419355482181,1.00066638326683,0.64722395166775
0.221090094113108,0.230820944075638,1.77002254307277,1.13825857027816,-0.279388930784194,0.463939651091761,1,0.589015342617357,0.51679319634762,-0.606408948461886,0.390957322530326,-0.0485306332417242,0.334159459498586,-0.407477711293975,0.439106743811277,-1.16904546221006,0.707020814494142,-0.0398772665326152,0.491529201586831
0.0887140148583634,0.440848575531588,10.4310068572565,8.62496249394154,-0.830122682582337,0.132160745931057,1,0.273393264782135,0.8015864995716,0.214751852372091,0.61414301126873,0.449326102943189,0.487173955454488,0.355148891688552,0.498613862620441,0.567846533230891,0.511026199735223,0.849176438763236,0.566243064537731
0.0378995605173798,0.432356800057175,9.25960797824585,8.22389884008144,-0.643963770736268,0.361896879754304,1,1.21548733273314,0.733260348834335,0.101568964978326,0.602924259908112,0.293135204264162,0.555868397576666,0.239656658192018,0.641433673570291,1.01426232051339,0.575681307004145,0.434315499939366,0.495745907824351
-0.289151988145326,0.553214014292689,13.9967628939239,13.1558518108738,-0.836104897271113,0.155979708357137,1,-0.176926194394518,1.07576543108402,0.268997375748982,0.556583050820658,0.641627393971127,0.519426598333693,0.710117797219376,0.558123276297301,0.790417606134915,0.602496465646446,0.0906332564318501,0.635644641396087
-1.32728847297346,2.82626134752384,236.928984911665,695.707714040602,-0.989999975154819,0.0291411321294377,2,-3.71090649357345,6.13809657126713,2.15326751363929,1.52646383509112,2.12762034844499,1.51898578642277,1.33141760556709,1.58199194427588,1.7626925575618,1.47834084180082,2.20292452458414,1.45142346588866
-0.6090666140482,0.643075541729603,16.0940184726716,17.1954843242131,-0.84379991494128,0.181514030321359,1,-0.866132830555342,1.08529327643502,0.645616989471676,0.591703631569592,0.715339421247125,0.594111946768755,0.681598013617582,0.658960522893339,0.0803355649381613,0.616526176395133,0.553255746757814,0.648996439844269
-0.417066058832351,0.326644733930128,3.42955031385596,2.15511707415571,-0.629995245223572,0.253335157377838,1,-0.76553823353417,0.661321649927716,-0.167231628763459,0.419560399542239,0.58906926266126,0.322631550878937,-0.239500771301733,0.405478317473769,0.0609299931369425,0.434183495613065,-0.869920882856814,0.78009984289227
0.828131548627007,0.89095438914479,21.5076556439507,30.3668224438801,-0.951291359832004,0.0679297063928509,1,0.687220399952794,1.74923708368202,0.953959383658033,0.709559108174732,0.869539393195383,0.75454959901508,1.26449108785699,0.769389741240351,1.32447913517611,0.743626642544727,1.2814022866495,0.760438678136484
0.635502131340918,0.409063478939463,2.92580151184876,2.20703891369078,-0.329535778462941,0.492766286737882,1,0.905422301089184,0.79439857213358,-0.118252766263078,0.451395018803119,-0.00124899011006948,0.510357927598728,0.224897373688553,0.454385928428399,-0.31203394462107,0.532112536501096,-0.236711223252075,0.499640193659529
-1.95463908569487,2.2134390162931,44.9478434193021,85.2821542010455,-0.958289780364529,0.0853114066132057,1,-3.37309049882116,4.26444783646193,1.35169145443401,1.02396492760137,1.25591384313823,0.974591334382828,1.13457323589192,1.00827279061543,1.16864117062656,0.934006456004022,1.55569271079733,1.01315496137013
-1.95747525384108,1.30352851363187,16.8935079942155,19.1743012436037,-0.871732673319442,0.151698932265462,1,-3.15959182511332,2.55976542238689,1.13980143942144,0.650564305401487,-0.00964787026239762,0.747581541531821,-0.939512670290903,1.00734214838049,0.832195220162219,0.730371525905483,0.410374811633899,0.749781255378582
0.820014660060909,0.974948765697258,22.1253980952222,24.8495557143011,-0.855345359271072,0.170911206241369,1,2.91538094479555,2.67940049084938,0.559294564633008,0.674103548642965,0.264327066313722,0.707224579127299,0.237996229450777,0.658739215662663,0.0376482532776622,0.728723471317996,1.01587270163623,0.580858424551377
0.0439148258093942,0.700741962917575,18.1170882282388,28.4673217597529,-0.927658910480087,0.102135705442264,1,1.82015359416324,1.64360152423928,0.841763522401564,0.748329548879648,-0.156702998405832,0.98907407053559,0.989542739165864,0.826630758073292,0.395390813106144,0.967891976652587,0.731197399962453,0.999744489025655
0.14250492229309,0.509908350344571,8.98667616368989,8.89701833500156,-0.859369104953874,0.13761743285244,1,0.415503070542333,1.29053525407129,0.399536907340308,0.504260988921013,0.35388531598354,0.540672582666113,0.340996191468471,0.504887742087037,0.866432269204195,0.544144160479806,0.208816642913746,0.504265744191507
0.965687342298929,2.7684028851707,145.057308111553,582.709071679831,-0.989999945003092,0.0410320314157611,2,4.55950419239871,10.2495128805795,1.84579506123736,1.99385215889201,2.15770882335631,1.96941213987101,1.65035453164509,2.03575020884906,1.61156231277472,2.16553217667739,1.25305485312051,2.02506929299067
-0.391190645772258,0.530344359257674,11.712860869932,11.6288853740726,-0.898644514852799,0.0865377628616309,1,-0.275362876746358,0.845919497341798,0.641701689926265,0.572190965418824,0.521906954668738,0.523694731691938,0.653620844319728,0.487116108037353,0.639827653091122,0.529345880161115,0.827743441871841,0.508953375401107
-0.268048172973037,0.30950315880269,4.12100408525499,2.73442784323978,-0.209804197888499,0.569803945381744,1,-0.186617426776302,0.571111772551533,0.1530999200631,0.402047075498969,-0.0871907493044047,0.486674682255679,-0.166347456238749,0.393118242048938,-0.71943697657724,0.5386368183804,-0.31510691492041,0.704854972856285
1.33614357466108,3.28927358868978,162.617626292652,642.989446381168,-0.98999997650644,0.039354537323533,2,2.86784716782815,6.8618402792797,1.84654318672289,1.90887568772914,1.66369027933465,1.9216822588303,1.43522979773818,1.9955836183012,2.01719538945727,2.00850335695231,1.98920401907186,2.05102406234637
0.0543137437946212,0.662379040070787,17.4135176286051,24.3700526043035,-0.937323718304976,0.0983196490459326,1,0.560996611250003,1.66048338315673,0.612321320557849,0.74400101737381,1.3283298782426,0.695316685067007,0.691965829374222,0.715396959911769,0.623525294995673,0.742413358587078,0.868841429476851,0.740096641728764
0.293965920077828,0.398484538414174,8.0885734939068,5.81527316698526,-0.815795069144516,0.128740392895799,1,-0.347545032749652,0.696794762245726,0.284503368871579,0.43193220646864,0.40413639056261,0.378572124160797,0.719026894163598,0.396556543466756,0.264644945918143,0.469147112725116,0.240677154420973,0.57686342267459
-0.603867484431247,1.09678912745826,38.5281723490174,65.0482202717491,-0.934724647608311,0.107900284446509,1,0.0328314039990268,2.00593393077811,0.528760335021224,0.927906444952319,1.04558315290885,0.899399178114042,0.589419965095688,0.829786263766975,0.876763690166185,0.904678006238654,0.988227450168554,0.950240092916803
0.659941802329606,0.57290192887848,13.908164598385,17.7701656836263,-0.839305168517765,0.232735162347625,1,0.731925478244731,1.0060822706918,0.657070891465674,0.771102559013938,0.851913810932484,0.702515461992708,0.298559885584082,0.77141348461905,0.911783919120474,0.644205344364773,0.970597337759911,0.845770898175884
-0.838051308896392,1.12610617921493,35.362687019546,72.9085958721345,-0.9678791792226,0.069624381687713,3,-1.4583376533412,2.19856811937106,1.51089400156603,1.0365162502073,1.1871678603318,1.14268554097505,1.23848602362282,1.05918454978128,0.618193553281471,1.16352840141979,1.88559221994773,1.06735737166643
-0.760618603574968,0.43565127664921,7.210109572865,5.34538279546415,-0.687452136759169,0.231314918064211,1,-1.22654100424309,0.552790666441088,0.0242846640576692,0.375194939420626,0.201165423733107,0.453242548487233,0.572263315196925,0.411079273427384,-0.140286223307839,0.547159429229967,0.00309522545788154,0.57535941259994
0.309333475603699,1.9507606800886,160.242334957429,690.575214840085,-0.989999965089229,0.0425231955830142,2,2.80211176899901,7.02366603990914,1.84158743164233,2.06299175649859,1.73515227836197,2.18742829290378,1.8434761976199,2.31526533578765,1.62962817070063,2.19258044832766,1.988892792531,2.26178630034903
0.111957720154499,0.293005210974401,4.0559222328929,3.15024861922965,-0.622961631298559,0.309687543548462,1,0.321843083062412,0.561543757782941,-0.124042538321191,0.468837045479859,0.442181992065559,0.36545067430481,0.355111108423219,0.503237460301912,-1.14747377107595,0.864072514604563,-0.143094167751736,0.500656074567012
-0.754373406276317,0.891940511147315,33.3988910709638,50.7200640184088,-0.946738299570111,0.0744197912425934,1,-0.399992356866795,1.38186021158138,1.05325947545577,0.806307610446766,1.20153814618351,0.740728335237843,0.919054974471085,0.869498422711852,0.336940857560117,0.900852478372261,0.702014300918413,0.892579131646989
-0.124283334260459,0.932929229781039,38.4970678630655,61.5139215454465,-0.954009374133067,0.0704717036752033,1,-0.206655507036728,2.08213980457982,0.962065144379842,0.75533623184559,0.146359929605023,0.936550994320031,1.69014876304285,0.824045176504155,0.884163733018566,0.94889124072891,0.893784595472286,0.937985051736532
-1.01253945924219,0.4121694563003,7.28815797575334,4.4662078455911,-0.750644475673134,0.153628648509463,1,-2.62960400351143,0.896132678911463,0.536672646931801,0.349936844238188,0.642406282877315,0.376559319274924,0.25019539859284,0.414999450130346,0.170298806150126,0.46915355745319,0.375760295176148,0.456083359177659
0.441562861160628,1.07222066869861,54.7588894204904,116.708208406733,-0.97667201323308,0.0493036520487543,3,-0.940174252323688,2.2049694592014,1.23348042514586,1.09525992172087,1.20984670266584,1.07581286909158,1.35585070718012,1.04908649167444,1.30377725752332,1.08395820992386,1.46616777874259,1.02261309232377
-0.957674272162982,2.73260073675349,226.970451151023,772.607453365627,-0.989999920788468,0.0336327517402167,2,-4.10175077585559,7.852658630568,1.59180553190081,1.65511657582123,1.90653511732916,1.61921680399709,2.27569539832109,1.72006479039827,1.66735899846684,1.75569221756644,1.44172126073502,1.77105594095451
0.913346581947686,1.1925516697252,34.031548957907,62.4826913259937,-0.937082735649037,0.111983717366477,1,0.903409069282803,2.08387319349085,1.14551726853283,0.939666778218034,1.01596066061965,0.929208121501119,0.537713350583556,1.11608106491174,0.81157463037153,0.91345471713112,0.925326459551133,1.06473686229658
-0.977339766600215,1.05859966200369,22.0155236861149,33.9129866422816,-0.946854634649435,0.0824933241919397,1,-1.2311981407711,1.76956829467267,1.12277987870504,0.810994822135361,1.26993530709829,0.7748628277595,1.29528127170709,0.811782712232,-0.188883127295619,1.3226250803893,0.934372897901781,0.904482888142458
0.502564302679398,1.03911589942855,41.0729370191166,75.8287719287358,-0.959248592645713,0.0765756828401252,1,1.42511074806784,2.27647056393862,1.37440764859539,0.975993634552228,1.59798531741265,0.897354665527039,1.14755296872689,0.983977253093675,0.792468232154892,1.07763659960587,1.53343668327807,0.857823618641874
0.0405763857551106,0.497124286728435,12.1623103661784,15.9065079530365,-0.912627435782123,0.116627373123894,1,-0.416906244152774,0.968825983212334,0.678319710206974,0.724445087514831,0.90250903268317,0.708833929124121,0.621322751414389,0.682996418596297,0.679611565687982,0.652858206046612,1.09440291838664,0.68101155752162
0.18106916590906,1.03318453141509,59.8033911378218,113.577944452894,-0.963376388384782,0.071129956907739,1,-1.55696738254624,2.87189236959495,1.44731455467965,1.03684069170413,0.879892770752459,0.911079628672421,1.1993678770884,0.990206324391215,1.40969661365406,0.990228513563768,1.08544454442065,1.00626546130525
0.24010970598591,0.430211457851378,8.14842585617746,5.89810781127945,-0.777207006993247,0.181870115956246,1,-0.0328727160153547,0.666416350453215,0.581771549717385,0.377231850107866,0.170600352952797,0.532174254076201,0.510012844256774,0.424130308228418,0.187422246823229,0.460182080173031,0.772152659977728,0.419891582694205
-0.370785335867057,0.53951919125413,12.1518215487023,9.20921643465798,-0.80860929914445,0.156700781948915,1,0.456677718837822,0.83594617514312,0.352185861295398,0.458029858537255,0.297798356092175,0.427953992412785,0.613130691834927,0.40441177802689,0.399789988092099,0.532946130172599,0.603497847175015,0.543269381363112
0.164275112926162,0.398187153630475,7.17196667712302,6.67060960076047,-0.917085051625235,0.0800626536502361,1,0.2212029683926,0.754618737317674,0.726717617123818,0.522291483394076,0.510334276686979,0.530014066126425,0.311296525681973,0.538999210189688,0.348044322124757,0.559676366801024,0.516640112202952,0.56225862772776
0.246251455803813,0.547190573403679,9.01369795222573,9.32750840630263,-0.916652233144661,0.0935885542189891,1,1.3570361191382,1.38410510131405,0.622289777438933,0.524227364117037,0.328548226852076,0.610628786450411,0.956237504803726,0.5470938940071,0.413849425626376,0.544884741161659,-0.472211408565625,0.791410497464611
-1.25469155170324,1.272330434957,32.5351191075154,56.8941272943663,-0.954192750013603,0.0758530277178601,3,-2.72616013648959,2.77446394088135,1.29540346072865,0.8699436381561,1.25625296445933,0.850011338406308,0.959701736843266,0.900184000358157,0.988398083253998,1.0153893466785,1.28614621071826,0.934880144130756
-1.32386201566242,2.81131668923541,137.258956328751,412.92464122316,-0.989999964262737,0.0300838119197683,2,-4.02367146088411,7.14160388288381,2.02901225217207,1.52210093362071,1.6345427802495,1.47428436719101,1.99533771965174,1.50317772344834,2.16814441691935,1.54243539981174,1.4360516358597,1.56758653483719
-0.838828946946706,1.38123067802228,59.4401094814964,101.369089664374,-0.97212376214998,0.0471670031126724,1,0.12919181275588,2.14033913863699,0.548807490480533,0.95719004235104,1.64603575625708,0.878323340261464,1.41332826525253,0.842701550153246,1.36327304190853,0.873588246375808,0.919954092057669,1.0230354623659
0.518075708590706,1.10223021311789,28.9419123282347,53.5845134662865,-0.946094925503592,0.0998550607746257,1,1.94284167825769,3.2340185221639,0.854892333823221,1.02680162551615,0.664854293066452,1.03061921954544,1.19841861285144,0.977601060543009,0.63386787208554,1.05888267097941,0.991620765647632,0.953858946891787
-0.211985487643452,0.785395535599955,26.6737977558308,34.8282235003964,-0.934996852321972,0.0887668944765799,1,-1.95145488790442,1.6505100091208,1.44327981886561,0.662832910670832,0.822585832352441,0.652709830822492,0.204331283455231,0.802866237422688,1.12412331654497,0.634217277194594,1.45204726660995,0.707847886854732
1.20265104813769,1.21761732813389,25.0095375133771,44.7574715530148,-0.964568649104468,0.0637626733031228,1,0.678780855175064,1.54299117909604,1.40400441780386,0.885576076284852,0.867930545088696,1.08933448059061,0.83521871094357,0.92893286545982,1.25695753554283,0.930637825610307,1.00446126025792,0.931461090994968
0.178343806859151,0.598572219396474,17.7118913003361,23.1531620499638,-0.917336145066731,0.103292238062264,1,-0.447049042398782,1.25819045821765,0.722442382899547,0.744387567611175,0.586402573435129,0.804576313559684,0.551436441196816,0.727668223068708,0.201065451109029,0.683974482116564,0.587606250133647,0.712616766521781
-0.101833845132558,0.669060638999632,21.7569270393389,23.6328099669894,-0.898596749712627,0.125241681617885,1,-0.178042629134079,0.95592384604732,0.414438866009817,0.633295363360832,0.592534788486224,0.575108129124116,0.627808863216636,0.859311673299802,0.961031164851732,0.717922135037947,0.652196140533859,0.585667405168008
0.172280499426721,0.784493720626931,26.5556477252132,40.6747600019324,-0.941596155212759,0.094725330328822,1,-0.120797735346698,1.23764295416604,0.959470802351598,0.896867497235166,1.19741673257552,0.828551017461016,1.12767270009958,0.817715774130058,0.867474376063079,0.811911828803807,0.767442471391148,0.875063179172571
-0.599870383646506,1.83006880052032,107.023254196273,307.804643733196,-0.98999997741868,0.0279941308950202,2,-1.63582750465483,3.99955573820063,2.10858930788643,1.42504994389682,1.27822382299434,1.50286747812606,2.14664809148716,1.43184629977829,2.20046568319199,1.44558256497334,1.57042771593137,1.56423065709466
0.27426308062246,0.428915066256198,7.71950642452066,9.20489645163725,-0.866649029409116,0.139450802205324,1,1.15887803450909,1.0813468740492,0.347464493545338,0.679118390894029,-0.214502659234039,0.745388079459134,0.715928787816115,0.608171543095415,0.180340257536634,0.703571559278179,0.500933392438195,0.721844936886882
0.430335426511535,0.49358497889697,10.6033538807501,7.1966857659239,-0.770004120398455,0.174482750121787,1,0.803746741235254,0.830271357017293,0.1927647363486,0.433177412377013,0.50054887866691,0.384189710884169,0.691047114266756,0.452053193766816,0.658036729282997,0.426455418046576,0.580709542511457,0.468724323172696
0.297219942005677,0.869870085179191,27.0375445694571,47.5678367692682,-0.950694434098498,0.0879539148245554,1,0.110863007354042,1.92211619263424,0.694911204436931,0.954658941622153,0.872781109493121,0.891901380325992,1.1534172200182,0.881414094654103,1.1133221864275,0.993989103938176,1.0436770603019,0.936344799551444
1.46706456313266,1.14522445110263,19.2385506704544,27.4689119076721,-0.952939593275252,0.0689900091531086,1,0.715713130742985,0.998469872731873,0.812661803079179,0.744553286732575,1.08352896627763,0.740885661335085,0.47651851754139,0.795964643999478,1.09980061357937,0.80099059482389,1.00421660811584,0.663671086929644
-0.0955276312009985,0.283836018509478,4.0116109111845,2.15097047814219,-0.595707033331878,0.223149386669723,1,0.0323263113187711,0.469430152935555,-0.00964327041280633,0.333997631435258,0.140448090327685,0.368694086422982,0.0360609686929773,0.307123209891397,-0.0142887331177411,0.332509901588499,0.24899950881709,0.51472025378498
1.2020577083678,0.97513218090456,22.7566365929491,29.0570618847337,-0.951706948807499,0.0633463224827586,1,3.98069935461887,2.80272804530331,1.45436580862194,0.65150722762186,0.548161573138045,0.68414060542764,1.33761866483209,0.689378115728153,0.860089790396134,0.77008938394301,1.44392897155209,0.790195753102864
0.540692900541723,0.386976117344563,4.10210928222944,2.91520418680623,-0.708513700700577,0.194892531485594,1,0.891111550905834,0.853660026512313,0.053881691299422,0.393017567787822,-0.196231728963918,0.549213376479553,0.280233444533995,0.51787206833742,0.0684431357761748,0.559128132365298,-0.0121085219430917,0.563719938968871
0.548057195019781,0.752663269852471,21.7728121932631,29.9993051293224,-0.911891118246091,0.123985709070159,1,-0.767691548770083,1.19734660730871,0.983566650755509,0.620326214069995,0.781600889735142,0.802095118255603,0.763668698190415,0.759565880300939,0.752125990179574,0.722090783663962,0.71449022502209,0.876204617787709
0.762613088115497,0.472310110156783,10.8244333993216,7.52180794484142,-0.736897879786178,0.218811666015612,1,0.88456739330445,0.694235409752618,0.00776335319009796,0.444570187939721,0.460936136598888,0.374111227278656,0.512571359904124,0.447116216468401,0.438481742173361,0.518929342728692,1.0857833295158,0.456025493562934
0.818678770566458,0.629103919974933,11.008435139963,11.7770926348334,-0.862639896231691,0.132502562608472,1,0.841825412936342,1.12019267141678,0.462308519075351,0.571465255870198,0.226192299568506,0.624793835283366,0.765899445718691,0.516017953185262,0.601878184478446,0.644442332459204,0.781845686231013,0.636790775638221
0.693555467903063,1.78903017784386,81.351148566589,222.336835779587,-0.971360621777693,0.0760989486064134,1,4.43342452692011,6.65440218057752,1.31836820339451,1.43043088055956,1.14772312360952,1.31725910594155,0.736718031971517,1.46132369446677,1.69512799391582,1.27224681540349,1.38141063804265,1.36073798068244
-0.115073354263601,0.442162552240923,10.2276558641604,10.9323950403326,-0.806627479073893,0.211395764411467,1,0.0920723332069289,0.815407580409911,0.408692336631423,0.654240672126331,0.423400903039011,0.596863016110628,0.0605226480933098,0.65038486953117,-0.00970196956518552,0.662037827414248,0.105679167362036,0.668585073829847
0.43685932018623,0.280134570786713,2.72095451837305,1.7051721999413,-0.368066184148717,0.49374020266296,1,0.138703107691993,0.70083730879926,-0.17517178011635,0.427672695024527,-0.0108785761072535,0.373718383470644,-0.244386600473193,0.49539716729975,-0.31386519128053,0.394755699353848,-0.203366440072918,0.379746223018815
0.195186193529549,0.824397781618271,24.4473305810255,43.100288345369,-0.93647297408592,0.108167146605493,1,0.889595648855913,1.84969666924497,-0.0646492963886651,1.05562058457549,1.01216282865706,0.870811551519261,0.223951908060461,0.849514814637089,1.23627765727283,0.855333759292253,1.28235511717692,0.952162048729676
0.583131824254479,1.77511331517775,128.911898844098,290.761164192733,-0.968919409002612,0.0734977797655661,1,-1.03945413233916,2.3906761834011,1.47557387561897,1.09794476313274,1.44133491300701,1.08361513718762,1.71796464560418,1.23074881900236,1.16996324401889,1.22126562553265,2.17045170901517,1.20655706009813
-1.26902815289915,1.00813429249633,20.4834837283507,22.5963520294085,-0.868434636507574,0.159121905115458,1,0.0108371086144742,1.03981389528169,0.710942356469156,0.53850958443241,0.818084716761155,0.643451309703996,0.839820763823514,0.609189643789991,0.825002838779429,0.77775826360087,1.40772742157651,0.606795408886548
-0.139285907096325,0.539462278974515,12.4274380110056,8.60236583460381,-0.778155825258831,0.181406960294123,1,0.502380155418504,1.2676247966529,0.250200082723016,0.432559375170032,0.863246663506687,0.355660547718707,0.873476052632093,0.371426336401668,0.0496287202146343,0.512401432588999,0.885525597514225,0.433874875410317
0.117679396131393,0.344273314346298,5.85245638236877,4.23422762561759,-0.792081453908646,0.155542019661133,1,-0.460196771131824,0.758061149626397,0.255468811023777,0.37356483448818,0.589052526650758,0.400982093246241,0.305065230022337,0.473672143649923,-0.1921411625263,0.593136442886729,0.201272895600666,0.54234215280496
-0.304598352576779,0.554065368437136,9.56394166726368,12.7761800055094,-0.897157971171615,0.133589719607172,1,-0.593211202231165,1.36299172688582,0.736043627577656,0.62118199001463,0.653615167885033,0.695693554893722,0.519169664228164,0.86890677568154,-0.075393198656175,0.817508730299709,0.66295962675515,0.842888626467485
0.277345250126486,0.437860385932268,11.7299926031823,8.01959047809082,-0.520335228953401,0.41034177223253,1,0.968367412429553,0.586422520470065,0.507021820723903,0.325330905754358,0.587015204985585,0.473132521161264,-0.0869998401053113,0.656422019019763,0.405746451257113,0.510218874251854,0.612987284786394,0.660898455483339
-1.80965762277577,2.00639885562283,45.2844345729044,79.7900640372715,-0.929670820269785,0.128181386816923,3,-2.03301101449605,3.21347167068553,1.12375144352678,0.883679157794542,0.692723937940576,1.01153927490301,1.01271473507464,0.879732606968412,1.34631229617723,0.943818251534008,1.0855936040416,1.07711318568551
-0.557124401654834,0.424069901838185,8.2129987314073,4.16547144218088,-0.420159137374561,0.388140577701238,1,-0.267861612877,0.451137585251884,0.489911200670765,0.286498074295856,-0.0362534833692134,0.489968726130624,0.323701244408233,0.342142236505029,0.287719619942014,0.380814672804231,0.335083405329368,0.440447377505463
-0.110663945046906,0.593102159349434,13.9513179071806,12.5897312039782,-0.83870186196291,0.148931634759632,1,0.206584040491573,1.01785609937674,0.829813232445789,0.428039360285881,0.194035132611212,0.490755133988346,0.645921298102421,0.547514115602421,0.705484044304633,0.558595896393143,-0.0462868267566864,0.754240557607582
1.44832633525329,3.00078785082489,244.386150918253,886.796595989342,-0.989999976238228,0.0356017389034171,2,-1.79060376693978,5.03123125152943,2.05815876337428,1.80584725938176,1.87117062456563,1.89722532483252,2.14177843581301,1.79845539138264,2.44836466009373,1.89521651373521,2.3654048862936,1.86528527885696
0.117606946169469,0.721868739454051,27.6177433950165,31.9703410855369,-0.9228922482501,0.0969553039349382,1,1.58561760703119,1.74679394145499,0.33063971910912,0.71298977467159,0.713027142190032,0.606928947212337,1.3504566050459,0.579368491711173,0.579837924648082,0.733779446109426,1.21073184534595,0.57583015494632
2.32919887707773,4.70334633098681,136.07582809274,527.134143992121,-0.98999996666963,0.0378533777483438,2,1.11107519794688,4.41484992534985,2.10021146858413,1.9475561452403,1.76101850696346,1.99434018599859,1.77079660209416,1.96565792175922,2.00455976502012,1.93691258457934,1.80581296518345,2.0278007582482
1.08728188659537,0.791513903157808,12.4375656431487,13.0978728316077,-0.742409734763432,0.280845789369309,1,1.26858868341859,1.04750115305884,0.294067571005598,0.537454508875291,0.482863069953298,0.642511249912672,0.626332030186313,0.599818802413716,0.251344045763881,0.620216408248575,0.484138864800561,0.637543676606514
-0.597707130003149,0.516929577515087,8.15484954638276,7.06145186753016,-0.837106667740081,0.138681650162415,1,0.729079790056867,0.784681539015458,0.0883387619452548,0.498481421024393,0.533807769512925,0.487987338977203,0.683874102260006,0.591530249050811,0.230969951371933,0.536915373836654,0.964869722908742,0.502612384574467
-3.1743385314753,3.2864945148213,103.699953717532,201.264477598669,-0.979782724850166,0.0385838257868847,1,-3.16123698512453,3.67677715054824,1.13152139142131,1.12769235074775,1.64759595257927,0.945798799814422,1.70027022419421,0.999197273256054,1.35945582964512,1.11092370166302,1.33872446910536,0.975629613096502
0.922575276911512,0.931822873829628,25.1916170403686,30.5698088512931,-0.95268069797614,0.0588432840341092,1,0.793837950005157,1.74619722049604,1.1523371749013,0.640403669758977,1.23325853161921,0.654948668482366,0.894758537906219,0.657845379605194,1.27570990224221,0.610410808936064,0.899558383653974,0.706325918811014
0.097920855924415,0.504840903635794,15.0125109085995,15.0486498202784,-0.79795315484048,0.214814270890696,1,-0.399877138586355,0.753642773180075,0.797077803495905,0.443203151344261,0.641669094681294,0.464268276387867,0.520717911067112,0.644631590057047,0.363923428814545,0.570998741261989,0.730508597535401,0.598969972802894
-0.00741785877986349,0.486117432351397,12.3209561456169,20.6969897132784,-0.845847040460974,0.266973502737728,1,1.02991474115314,1.46347677629601,-0.435946983530927,1.0275055610953,0.0605677892554267,0.804091958171415,0.649514679924016,0.811599127835429,0.57008075600962,0.957902291221532,0.614162569333136,0.85244557604758
-0.603905798436228,0.790910885763388,25.9632162523684,34.2515039397536,-0.934854075722013,0.0812447366605668,1,-1.19397934825011,1.61203153035948,1.08016963987715,0.703876943708017,0.876941891788637,0.680208992692209,0.103277428120864,0.789117779504017,1.14240296581718,0.711350159143567,0.257888437337368,1.00020899197767
0.274179620805146,0.343353083955802,5.70420620653609,3.80391712078065,-0.775722357073196,0.158950712678338,1,-1.06441579623175,0.848539818654354,0.725732005425088,0.356466349775447,0.297003638112191,0.370148485034184,0.525838483143976,0.385339527380431,-0.166125181131052,0.509125789218416,-0.215274470589358,0.506578683585477
-0.469619305110852,0.488617198400613,9.5064894096703,7.59534088832783,-0.714818456549181,0.24495536864048,1,-0.348347761867124,0.883209155372901,0.295275061624568,0.444345099519029,0.277754977258238,0.466656530507084,0.654936773207233,0.527377976980123,0.50289265427782,0.701291920480665,-1.32496384934514,1.05119863853404
0.435865394967407,0.392397597445853,5.93479509738004,4.57131325655983,-0.797906489254492,0.156091352620548,1,0.0545900927781945,0.662813613890201,0.492089481438517,0.403280782401517,0.612509095175451,0.411902252574655,-0.977270135946375,0.795903554597985,0.111800837442188,0.457371402044696,0.375946548661044,0.443179780775381
0.0478923357970581,0.723651950129466,26.0153316393403,26.3098572064932,-0.867037458740824,0.138857299466237,1,0.908210850823923,1.15993379097377,0.904692256309751,0.518373861765888,0.216422042938016,0.581875059593875,0.814658294441679,0.569887729655935,0.858815256734419,0.691011985608861,1.47475939123741,0.493373995653908
0.751729051096474,0.636300907245381,18.3925255306323,18.5324838828332,-0.866003302423875,0.13633834934861,1,0.728835330510888,0.867844511047435,0.779070314125341,0.560987812391653,0.728028008487082,0.509283167018271,0.668953744458514,0.688838075501069,0.635635244681041,0.625615970638017,0.437319245497973,0.651043892374398
-0.0296220152747566,0.580556083002184,14.6359423381797,13.0162823708552,-0.888859889264352,0.10813482426612,1,-0.378438528197234,1.02535372809692,0.913287473821237,0.474337993136868,0.447587298367794,0.589370602526937,1.01698457666004,0.489507406639748,0.359534595211366,0.61310518484907,0.495479247750759,0.581570954344296
0.585531855258866,0.562048824632112,10.3791527375314,9.57718458461778,-0.880662348684336,0.10358036967384,1,0.919780168959191,1.21094652227188,0.957471544185102,0.450713317235752,0.0221438422406368,0.607839276531555,0.482045616160289,0.541016251488795,0.482674154339245,0.563949068198399,0.702079269832241,0.504691429488944
0.206743799208705,0.328816477871992,5.31554538861965,3.57498705318327,-0.474349153519946,0.367620180249325,1,0.420604378800133,0.802588856274081,0.508135536379539,0.414082061922898,0.0219996759274298,0.510627540683374,0.767399405003949,0.332898049590391,0.247797830360048,0.434868357510325,0.854696948031652,0.465749913901553
0.295896614982102,0.464087983403122,10.2891280765049,8.54069601491347,-0.878864055127404,0.102666898361137,1,0.384670533227866,0.722070368737995,0.685572544783359,0.434746206901338,0.877381964795388,0.408008067293892,0.649408242886138,0.48971784115155,0.939396946098143,0.56011646565772,0.113041298133649,0.704505005961243
3.12938648601605,5.30526493851009,111.93579206119,366.718927082555,-0.989999973556718,0.0317543577645038,2,3.01122036822504,5.82853734681251,1.61330937412008,1.65246329312934,1.45183300852795,1.67238547055375,1.75263607061549,1.64939520864145,1.94064036429366,1.62216203848859,1.38307546915862,1.73982757490375
0.667900961010293,0.614552909025578,11.6603516528812,9.87068482336049,-0.876655477748551,0.106817457135967,1,0.598944091434483,1.23599065432929,0.305428919708742,0.626427911532138,0.356616854619468,0.510712963062876,0.825329185977685,0.442545926784649,0.812976915535616,0.474568276793631,0.295353822900004,0.581440864353511
-0.0992299387402372,0.349445539589434,4.76680986677548,5.47923562247676,-0.750467578977738,0.277869993510135,1,0.808337580331831,0.843219787494795,-0.220465569203559,0.519867588478673,-0.00446243296577727,0.714542125754648,0.652813851944326,0.591795044827906,0.0674512702196785,0.722331874604577,0.226965692928999,0.766534707066624
-0.422056320674363,0.731378419984975,14.5950256413939,19.8605508113009,-0.795332155760705,0.277336432087684,1,-0.541538048373571,1.17982790899626,0.945095155421585,0.70051392611118,0.380681935297018,0.668304785627851,0.74876089349757,0.76792232534911,0.654929026174984,0.758762801497816,0.256121256307961,0.863365215988351
2.82389932257943,6.44098514301596,245.709997704682,1035.328552742,-0.989999975900961,0.0413764426189314,2,0.0596751233450357,3.4099247478338,2.07896969841068,2.0938339224866,1.66096706444684,2.0739013581932,2.22263756507379,2.23304048465922,2.30184463091094,2.05660728883516,2.71967388223109,2.12326021800038
-0.295383341819894,1.40420556901124,103.125790425386,303.426676273446,-0.987012461702693,0.0384622376006554,3,-4.31556211045866,7.49376779462741,1.99905288551622,1.47049832948393,1.03538212214294,1.44803198937819,1.74395756628706,1.48754648411907,1.52660617784829,1.49211145778407,1.83841928158885,1.51708019754736
0.0302242176323216,0.688495426423751,22.2013761079612,28.8236767919012,-0.935304327530461,0.0837596978717514,1,-1.40235163400933,1.71286250006358,1.02255591786921,0.685019370546873,0.99874865490778,0.686245800994128,0.775691946852405,0.666148316104202,1.22590224289012,0.726207873250702,0.565543203128603,0.756647811292591
-0.223440985468911,0.545319963580255,12.0591139696226,7.94225358274181,-0.595727104485735,0.311160056166053,1,1.19767024622919,0.90838081405709,0.205779916084863,0.35557070891499,-0.629445735225011,0.707148558648592,0.0909483947512112,0.392777372897353,0.193416326081546,0.462098553254665,0.347002847071223,0.475116279934697
-0.496144899749152,0.863186368787108,24.9117916344036,45.2083407208936,-0.953907303306289,0.0866896314055914,1,0.543043158579953,2.53899406585665,1.26342292587802,0.880392979306087,0.477524421124454,1.10756026351895,0.232285837205398,1.06691596594353,0.465716488971798,1.03072080125493,1.07119978733623,0.953252545692799
0.279799792392742,0.681770902423993,18.518389417895,28.6251512900714,-0.930904155071057,0.115906030682334,1,1.79080881660889,1.90008562422235,0.723078936219267,0.907727143633247,0.489061892580048,0.856534236424601,0.887590456818574,0.778543047787285,0.565375297245155,0.857453644930407,0.823201097385924,0.798270192858133
1.27949102961379,4.1039019484849,149.073644324155,730.28647218236,-0.989999962886008,0.049630337035972,2,1.4356915637404,6.05042001513184,1.2754986947204,2.39351964320159,1.47723657472299,2.5093240536754,2.05078010191035,2.51358398728193,1.56194599346647,2.63386142348122,1.83707424530472,2.51443691602007
-0.11569376236246,0.634958207174594,20.1141546142273,25.0131679765875,-0.80100682892873,0.295966198059997,1,-0.494642627857792,1.13966667840322,0.0716474885637924,0.579071641664506,0.713245068682407,0.719294931330311,0.440371391803401,0.827219100531678,1.30318814866306,0.717525143500584,0.967889017895899,0.691851929992001
0.611704331348192,0.589085882913128,11.3455705547956,11.275979107941,-0.912111570455817,0.0877633740430124,1,0.314199962468682,0.954637345779862,0.775614618013955,0.53248154283778,0.447494667935248,0.577937598814464,0.417857280686603,0.559725810078541,0.801470866963907,0.538405483632512,0.913150021790585,0.53238555815419
1.76253768416272,3.08453102360048,77.1383213027494,228.071317361731,-0.989999922340753,0.0288875038558372,2,-2.45331121634249,3.55383764282008,1.36240788535697,1.49330960572326,1.76850675460467,1.47205348169877,1.95813802653321,1.45654768805196,2.01177424162581,1.45577938476747,1.04001315356686,1.57054032896354
-0.223217015014727,0.857037066020334,28.1492510307241,58.9829594302485,-0.931449834508068,0.150295766924177,1,1.2052670892346,1.43076861944052,0.994448183512481,0.991291044959667,0.558242528973357,1.10839703659316,0.988443669013145,1.06760436619522,0.450088447636482,1.14633406435349,0.761804512863224,1.08909777045237
-0.795571318374721,0.502794295606228,9.52317396948846,8.46486997954923,-0.786270019044144,0.185887884686707,1,-1.70089894279717,0.879237150408465,0.561562027571364,0.466051454272477,0.124688845499821,0.547370393764858,0.504323135097365,0.817153433814492,0.525883945452585,0.606438005786186,0.175381367709068,0.737259323071454
-0.666346504457916,0.936241679420394,25.6332697583958,39.0403730591721,-0.944598769232117,0.0834590463521685,1,-0.379658090752679,1.58673355855192,0.794973319021936,0.727330562350844,0.754310534180447,0.803787884944496,0.796832905903871,0.773313078392803,1.20010366148528,0.804326040305389,0.15943404320951,1.02385689033236
-0.482441492492593,0.540454411298531,9.38389120784274,9.15185882635654,-0.832477765963219,0.178698968275878,1,-0.23304406609587,0.927654901130391,0.507937664651074,0.501290806964726,-0.17890936052506,0.650022009145896,0.528131360176578,0.618529110676235,-0.0356705957540224,0.678842942822457,0.860632321509035,0.626358823924917
-0.290454316621277,1.18007202725117,39.7171485517003,64.2438655430794,-0.94243152806516,0.0947684108669592,1,0.265237880291084,2.6661740781522,1.01333846768795,0.866998278771315,1.24084377547326,0.840038868695332,0.359207810037995,0.837580538937734,1.17944845525937,0.867343335832048,1.42753182291022,0.835424644135431
-0.0183600189602814,0.612281527090854,11.6777277584725,11.294499919852,-0.856314359117711,0.135916087486498,1,-0.060437747457133,1.54264278428471,0.493995776628071,0.675945799833831,0.722253422414888,0.536859942520743,-0.218001036106928,0.683767306729356,0.597752820006282,0.49001158561526,1.12050783735134,0.517156266651396
-0.405034490232325,0.347021578983492,5.36164467240466,3.61785834299059,-0.58576032433329,0.304482859014607,1,-0.225917398714106,0.429276784403811,0.0782873931087329,0.386567715026463,0.122258489440232,0.345510980923043,0.143024899844952,0.417333712999199,-0.0275720024900718,0.414000189907304,0.504546564683821,0.495078509761619
0.30830838395223,0.454989332992357,9.26331400622702,8.30554394116202,-0.787809086157059,0.163927432435423,1,0.418072113040194,0.691201726698612,0.884080400598196,0.456757646200306,0.585905471120868,0.610715971377081,0.236658834302518,0.589493906934815,-0.167882776732408,0.532273944565008,-0.117770229081399,0.61538764693218
0.05542367298539,0.346572351581335,4.72291237143422,3.12387235120889,-0.789325702732045,0.143320909018362,1,1.56390867180224,0.680240445902203,-0.466601189251785,0.499019575671122,0.182311267520054,0.395065586494594,0.236514501275632,0.441226142898678,-0.477564871480292,0.55923320001518,0.643386845224539,0.418483746454133
0.532284792292051,0.630941285928906,16.2479297918998,18.7192556509493,-0.866301663043041,0.150326928858574,1,0.52183380350279,0.942091642456572,0.399813310048659,0.710105259868046,1.03070200694167,0.622689252833946,0.226037764486603,0.72710001652122,0.326334286915068,0.679528019885686,0.969740361258909,0.576720093691633
-0.0307397382402932,1.19341778532874,52.7771411747735,83.8672438165099,-0.975481671408646,0.0402540176635088,3,1.44973020930501,2.74167999420144,1.50489064145402,0.750767286775821,1.02379798938523,0.899237688051532,1.33540682257807,0.841766626596141,1.6503341931633,0.871228784519968,1.73915723780237,0.782730230561183
1.51785528037935,1.5884480719028,36.3652899127688,64.9424603716156,-0.964584529559202,0.0654117817353257,1,0.793147322327998,1.99065107250247,1.30597382229054,0.889479047193991,1.41026088692127,0.961216098759848,1.58313973843106,0.911125554240053,0.67295781718308,1.03106604676951,1.43510455276508,0.923979341689325
-0.910866448460709,0.893926052347901,29.3677185493908,31.2700681276142,-0.86938004001028,0.149979557171096,1,-1.69598348675095,1.44004620364121,0.366087360776393,0.564685834919559,0.93599978823631,0.580787408645969,1.15322507421727,0.555506924289517,0.695485895013154,0.607486477821133,0.558418051478609,0.691686983785423
0.262238959489922,0.580391837700875,16.2433249607356,12.6070952673051,-0.704313345881714,0.26115210136223,1,0.702004486310433,1.01473536822872,0.777114580465915,0.456420759919801,0.399373838371606,0.366540539573308,0.680773160790744,0.485917340764688,0.152995117792136,0.474365814593838,0.601379593063793,0.530658318724573
0.73750172426808,0.565999003549579,8.88220484450328,9.85646129320815,-0.891429705138925,0.120933895108954,1,0.697907175869567,0.891745453282632,0.908584571400128,0.579283956155966,0.30040792774294,0.646272668930402,0.417280394143888,0.64961291047588,0.424811632206062,0.591250097244682,-0.089636480428842,0.79640449105379
-0.508778868636517,0.530582771580269,10.7116402665637,10.350337034955,-0.892358903426905,0.114392521009953,1,-1.30188000504708,1.09839747455783,0.630936003446656,0.527354748599615,0.570761897670031,0.544595025339779,0.215972192425696,0.566790886740054,0.697964713354682,0.663091754997798,0.701636473343904,0.674983448493451
1.37577264747691,0.733018183841015,8.5991303696916,8.92691491201201,-0.86101418208582,0.145760948957289,1,3.61453676744432,1.82377336778564,0.0887374564800357,0.583546920657159,0.675355841183538,0.508749901234382,0.163681523459481,0.569755981715881,0.632846020721573,0.642557372063896,1.01741232477881,0.597690732076398
0.669362566487005,1.87532934308742,167.571404642055,363.062354865319,-0.962523467092392,0.0871668136915625,1,1.05157289236922,2.94201400613633,1.87793077642848,1.11931805111176,1.93891571609217,1.02400359374092,1.17608004517336,1.18940465220744,1.50937230479327,1.14633285757267,1.7197084434555,1.12380104171815
-0.333044860050153,0.372875290621541,6.91657620544068,4.28760129184197,0.000840761687513162,0.78248847110576,1,0.278015860378493,0.533922418393681,0.137700918206276,0.338496022370173,-0.158829825369836,0.397849624278712,0.401654889191113,0.416060047274677,0.0941044044169425,0.550421254880717,0.014456415983196,0.639046329012385
0.562485561666244,0.353565976028994,6.01131484194477,4.65543723078005,-0.716590279949065,0.186077004678376,1,0.834800737519093,0.44073434214382,-0.122324937193702,0.488991930996911,0.411720930802078,0.413898372167972,0.46035679438924,0.435922935275392,0.747780165088603,0.438784617018261,0.0140727238222924,0.441244176637154
0.431013978177806,0.436485933944791,8.69839029231909,5.60604130140098,-0.69697889887098,0.196092379932937,1,0.190123977686758,0.803065843098635,0.550971725912007,0.398647094197375,-0.0537956596268356,0.38553111388713,0.527710854141038,0.433899735086542,0.237132066057551,0.428816282049198,0.309375528882222,0.511279105480303
0.195227326573195,1.04237746526379,44.1293502407575,73.5754903868348,-0.95347691552444,0.0817455078714004,1,1.63839014933196,2.70134842740475,0.799830702329535,0.878622102508906,1.1308307653186,0.916029137914026,1.31546697212285,0.90842683252459,0.684476388225378,0.943469501762777,1.27506691956226,0.938378003249826
-0.280270920963584,0.685119043147023,21.1892296449446,21.1430967973726,-0.857875446865726,0.153663959571835,1,-1.59330073910274,1.47535518160159,0.837790353254724,0.474479320082974,0.75123630958449,0.547636697742916,0.948399643282544,0.693153072558844,0.660304969950303,0.657542972097033,0.387758669787491,0.596758341719736
0.24054001605383,0.731816409853944,22.8197455221956,24.1690636693425,-0.799205046168893,0.262485877925781,1,0.604520215010748,1.3312082658099,0.561956851907451,0.686938325868167,0.179107482169005,0.589625014431402,0.702710462713923,0.668628109157544,0.514488094750618,0.672604632310835,1.35009066974311,0.526210108580532
-0.330694565417967,0.509879169791363,9.40104493896871,10.6592712228188,-0.842945355358782,0.189024518906846,1,-0.225437432623492,0.996691005494541,0.556845052606445,0.62901462918482,0.230373590843764,0.528669821075538,1.16438554191158,0.569030078175631,0.00371433990956393,0.805145022310983,0.0641343836195283,0.822681736665931
-0.791644902623126,0.830897017605762,25.936174454783,34.6427936740032,-0.897561455074906,0.12747274678474,1,-1.41591151672995,1.23541953727481,0.897167604102296,0.656781888226289,0.943524627230495,0.628910658233849,0.896228623568023,0.708157069790559,-0.742041462820294,1.10165328107031,-0.0189261652102178,0.803271141916291
0.638876748467439,0.557043464685508,11.0561493867299,13.7792461955786,-0.875631251846377,0.165550990717036,1,1.25681888485802,0.970924245740788,0.760488233819317,0.617733295021297,0.578706103168045,0.699369990776683,0.541548162125328,0.673076515087959,0.625239574924979,0.690624486083744,0.286258552354705,0.793601195418411
0.977384661206814,1.74304849992002,72.6078701616267,178.690102660425,-0.97665043864667,0.059721237126663,1,-0.555710803311271,2.20361354048835,1.54248059042919,1.28668186180593,1.72839484188081,1.21169951905582,0.837470193593516,1.38888462339137,1.73235625088416,1.35741777304762,1.22882636264162,1.31968400771306
-0.136152390233539,0.718422214136589,19.8509604343637,29.2312902092673,-0.926307325283756,0.110767331672508,1,-0.410714345228298,1.55115787205438,0.931955338087759,0.74941215627028,1.0700737199924,0.856137675909887,0.809308626469013,0.769765378134228,0.509274937911999,0.869940415203234,0.691525007088018,0.85833470153015
-0.755515111221197,1.49750651228258,59.4291818330176,134.232073991924,-0.978217655390073,0.0501955581017442,1,-2.6930955400599,4.03789972716719,1.04935901893533,1.18225403195632,1.49724359164972,1.13577652642563,1.6012540217832,1.18315600218993,1.66114642628826,1.2290663992172,1.19317809034152,1.0834177820003
-1.62722693208845,2.55215100847907,68.6696961264408,184.272815517767,-0.975096450320768,0.0670703238853614,1,-0.534202910257517,2.43730308809913,1.63139370483486,1.36561784452824,1.37167276910655,1.38482293645406,1.48345471909854,1.44735784469565,1.43196284619017,1.42072846714667,1.05292654783712,1.35653567883477
-1.32894173781148,3.15505012804269,194.167977451306,670.863371472433,-0.985739963367857,0.047123630768296,1,-1.91208449717704,5.13735827949476,1.19893845406576,1.69598034291593,2.02628310584068,1.73986064439367,1.72428260314052,1.84926646525116,1.84779042876484,1.71535926382612,1.46607813206233,1.72980468342539
-0.524460889164941,1.63268515808617,87.7867395270436,352.783391324985,-0.989999934212443,0.040067032286897,2,-2.28042739113039,5.41149099495076,2.0551436670186,1.9420387046749,1.38564537957502,2.04742574389009,1.70253009797064,2.11804744281908,1.72594224213735,2.09456191100655,2.19037943728663,2.07850858443454
-1.30647152578124,0.894032656903315,19.2596885673325,24.4859618627935,-0.866540512774819,0.161131073756425,1,-2.60777375767515,1.44616437614567,0.989218702278438,0.638541542955384,0.797077407728701,0.744669774678462,0.449291796926408,0.66416607034037,0.892544971313679,0.856668532019601,1.0327033367821,0.770941128082966
0.318280675289193,0.370873405025511,6.31073578499695,5.05616718595532,-0.820611165384661,0.161797431122408,1,0.262034731710832,0.637344043225916,0.767235194812642,0.394619200202438,0.7453578913124,0.40908347782868,-0.156500651537018,0.472725925737881,0.156797631796923,0.509574610405316,0.276572465320584,0.571784434548714
-0.238113309598774,0.353067954124222,4.5857908451712,3.87949357467231,-0.72911558467626,0.235652087441983,1,-0.66294456597121,0.62102890312092,0.2993209656395,0.431153394422222,0.353628403612633,0.499670262878899,0.204039885382752,0.448140015455878,-0.583025566413118,0.889291455210231,0.221826206204779,0.599870908819379
-0.107500892583912,0.640883072504086,17.6083331195432,23.4288444784417,-0.88786982514924,0.134392742492764,1,-0.0984847561989913,1.01866804154012,0.311690909443524,0.702162787238144,0.73878312818659,0.714421171687928,0.646857841641142,0.664287023146048,0.742927162641988,0.753688215831108,0.796142954029178,0.8011165506205
-0.0647164190351907,0.932756868915517,39.1953124398741,65.9571132049304,-0.950669663325864,0.0852850853849143,1,1.28834965696963,1.56459100122072,1.13233718882,0.847851581583647,1.2216509617332,0.910917776888906,1.47446851129837,0.886036274121283,0.796610996821808,0.834627822741252,1.11406123018309,0.883820697902051
-0.32550578151489,0.715917038421583,20.326415764211,23.9363335725064,-0.845404658525136,0.186228181683789,1,0.571778966450882,1.30999136183409,0.79282405343763,0.665536084966788,0.613738983355656,0.711899973885548,0.0725791571707481,0.701951131878425,0.761081101310541,0.575591338435799,-0.0118241953983148,0.699058858137498
-2.99898633930328,4.77732533742845,150.244359342116,413.701130415595,-0.984276422052436,0.041530544980205,3,-3.78549117116029,6.95764859822831,2.16393138949085,1.46486031469262,1.82339489367951,1.34329047654482,1.6888222059593,1.38507705598656,2.1682345042258,1.37025397301887,1.3473880024532,1.55502665538865
0.922254917030815,0.653595424783504,12.4700328741951,15.6155765533527,-0.879509037967085,0.132757519071365,1,0.634665098380405,0.847078119495101,0.561858937128311,0.623508407989014,0.276412560373101,0.803060460081641,0.0119160459812345,0.665953864617356,0.30589371595033,0.74510047863973,0.934251817334026,0.679215224471002
-0.114185013896877,0.710268886099952,20.6490423798871,26.5204541120689,-0.937929343314202,0.0795538911269783,1,-0.563170864876373,1.37622421813365,0.663395043886734,0.630869143088013,0.820445216866537,0.654892858389065,0.706684537242701,0.690863107589364,1.03001842652216,0.733933193545275,0.713326525702498,0.767865621843133
0.893536901718706,0.498681528288233,6.40346640434941,5.58771927498518,-0.864235461330241,0.102786202136968,1,1.18988033973454,0.796026225510119,0.431662106495353,0.451089989064767,0.413233326548349,0.48132150126981,0.356652448214287,0.437465386217071,0.369842864580241,0.517199505105452,0.449277121822359,0.54652419306976
0.448101791026749,0.466357649849571,8.80625426977691,8.80696428381081,-0.807112279975146,0.186261809062722,1,1.03958273197068,1.03241208703639,0.210625293801892,0.666942535119565,-0.00282569876391932,0.585200282901129,0.768901992097872,0.659806588543159,0.365585406330852,0.590120639023088,-0.513653004714747,0.712962005689559
-0.256348306232311,0.878947764378985,34.0772260305541,54.9087563894218,-0.750430210602787,0.478352412445924,1,0.721378165594662,1.24192541318712,0.565534882033767,1.03624003056057,0.928582928880995,0.719652565694378,0.238692513575542,1.01984489630586,0.37790441178544,0.768900649836527,1.04304640910684,0.966292024777247
-0.287166636093766,0.539174509869362,11.2134182843088,11.5842681056252,-0.90755310853872,0.095723985109755,1,0.282140408246282,1.05771640898804,0.311838946708344,0.627807499446949,0.478100318391703,0.598530988716451,0.525308416070991,0.644245669856483,0.623083532392065,0.545444826188963,0.530522945362258,0.575130296588321
-0.0937077952933547,0.40155494000676,5.843236328661,4.76995993810472,-0.68910399550808,0.244290598366733,1,0.64525370759558,0.708593259191421,-0.0303175738041246,0.56670016581504,0.440285729517024,0.427530201473584,0.0796806042375425,0.429995827397273,-0.434093720483523,0.668899726263474,0.177154180397711,0.488280834875387
0.220605039662608,0.332597717869368,4.14511557956785,3.17147040219429,-0.493209674091494,0.483842715456532,1,0.711077038938663,0.73842059462263,0.213273413102011,0.513808091028042,-0.0587921196415821,0.594644362848803,0.254992860277866,0.336888154310559,-0.485385888451874,0.536459356448943,0.522819042702771,0.493516306485375
3.08891435948661,5.65683620519496,135.097264179845,469.470602745178,-0.989999931963379,0.034018871668047,2,4.52538894071959,8.73671382135114,1.80658083947269,1.74618012940628,1.79906357671341,1.6719717799241,2.05258993171287,1.77426138056623,1.92418610589822,1.76266101381521,1.74193417857778,1.80448304296294
0.587498051677836,0.712911805007602,16.0252805658624,19.6954045707735,-0.868104981631405,0.157016469888771,1,1.24532055636307,1.53460162619756,0.694121223805625,0.630967564967553,0.560056048137949,0.659276181641808,1.0695305862652,0.655226466565393,0.144859065919174,0.775028634137668,0.825954558031173,0.739060610455527
0.290604119032039,0.523662332372577,16.4020050086014,14.8746052499114,-0.654816514009772,0.355243967420965,1,-0.122654538774172,0.659407288154489,0.777904663809244,0.524163978337912,0.778350246380193,0.376127097777866,0.370191527763138,0.521210831294195,0.749213211889215,0.551624993299,-0.130272468900159,0.83846350422214
2.19473875419228,2.63887951907843,47.7802081558627,113.313910738047,-0.9736858714714,0.063280313000066,1,-0.115696203494879,1.32486966924387,1.17678602511589,1.26192892884928,1.58797777356148,1.13305138262925,1.2506447951671,1.17492221846502,1.59170046994859,1.19078513742512,1.36911314441453,1.17908350575807
0.838595801801205,0.907301718812356,21.1997657044711,31.8709039502233,-0.939980928885448,0.0957877230574276,1,-0.511993470075727,1.60666360536238,0.758632654274587,0.840121591803098,0.75802287652641,0.868825067804759,1.10044654218233,0.778698513533187,0.91154795276808,0.790871880469181,0.592861673096307,0.73533921452352
-0.582842292625898,0.505599718148476,7.72814403553657,7.11046925028851,-0.894794298707822,0.100468135631578,1,-0.435612378454106,0.852188449115231,0.771148099618029,0.490620141949371,0.406420728627021,0.545167203630393,0.854760351784156,0.522586479898256,0.938876942824479,0.549059469147311,0.983443652237919,0.592613374449381
1.44796923250942,3.33980907518266,160.800868204099,558.305722798263,-0.98999997898032,0.0351452507259829,3,1.93940532240571,6.74054493668549,2.20211075844884,1.76700551020459,1.99836505521984,1.77424242929373,1.83803701097622,1.78952677276185,0.885281130858638,1.62198025151106,2.29663959887061,1.80832610977568
-0.450936480839324,0.629325866711202,8.9502840163847,9.89620664393598,-0.808551794753718,0.209003421870541,1,-0.13013156665352,1.14955641798239,0.566449818287045,0.549594354488644,0.490752190921299,0.586687002223721,-0.168982155718821,0.573122043165827,0.415877344072636,0.59469149288218,0.313059708826627,0.780190982666218
-2.23936670215089,4.20705675096287,231.457161263607,682.319976705925,-0.989999936838035,0.0284192857990917,2,-1.62595543353239,5.5563975300435,1.91833428907425,1.40213728436729,2.14464470984368,1.50661919910207,2.33809724130824,1.44542302684394,1.92814289548019,1.51206641621526,2.6109765146594,1.46417587863562
0.360136152161186,0.378573591475861,5.9901368816451,4.20355108745651,-0.502015055746754,0.376276640339045,1,0.682785626563995,0.632666881903996,-0.202816928998779,0.434743282451737,0.0190561665426728,0.56036870911316,-0.625012207571634,0.610780838224581,0.254229112158467,0.47368508183399,-0.0123077515239472,0.49483270710032
-0.598012410183153,0.567850645395163,13.0913900720794,13.4487517635932,-0.91363667501029,0.0917511758061025,1,-1.65253529126797,1.21136058305447,0.718735052436234,0.528475274495953,0.592499650301075,0.587859874972904,0.73805861093813,0.601685679071568,0.861231062680521,0.600359207148293,0.611141993291875,0.663513773229852
0.347881338574082,0.529544756480045,9.44023004242824,10.7759598954105,-0.900645292250406,0.104168689372849,1,-0.819594394566051,1.15665202303582,0.829949667588825,0.542489761994182,0.737470388084123,0.607226118697835,0.297476467596073,0.664461738950304,0.325138225140263,0.619033503382864,0.385899532466532,0.732367105864482
-1.31331000342167,1.96273022224285,51.4474906495641,124.11561129689,-0.968458064405347,0.0763870555393033,1,0.23854339952213,2.10136713894864,1.2022765306754,1.17034024024455,1.00113309777517,1.3515342980496,1.23221219976888,1.34626059556087,0.94086348697782,1.31717644985689,1.58685591968774,1.28440462349303
-0.361774005647408,0.446844889770936,6.94695664964222,6.27794933875828,-0.810511746637518,0.172908488402997,1,-0.204610737980962,0.718075365995822,0.285420707067658,0.511524611418055,0.290374724479171,0.486484804635846,-0.021283555638576,0.504921283833769,-0.192571916761397,0.540004351655565,0.299450031180171,0.554728677634802
-0.418252717938509,0.385338741395622,6.04200051297333,6.31940004595637,-0.744599415666337,0.317717805472455,1,0.75574620143184,0.835754215186168,0.22426232665844,0.67010403608036,0.0146565528309708,0.542050938970014,0.351575142162068,0.520562667658476,-0.622303769364588,0.892602904591611,-0.579014084997647,0.778059618451675
0.16669363947736,1.06733850614525,47.1028374020135,90.7732184559017,-0.956155985003108,0.088931938687757,1,1.94675362015127,2.67389222325426,0.534816392963168,1.04947884542556,1.14207017639021,1.07177239708827,0.439699651341901,0.953238588758082,1.25108603738342,1.01572076999687,1.67741315686502,1.0120753915313
-0.864631978256793,0.893425849453791,20.7991919304381,23.1412983801248,-0.89232560632142,0.122951170069072,1,-0.819868128500946,1.62770880301943,1.0934595801681,0.572054036599125,0.638353580028121,0.611690549760221,0.645624721538063,0.611612368811651,1.21924203018008,0.574530103805018,1.02188836697105,0.712412692470031
-0.612243304217865,1.00382775760056,32.7257262303866,39.3557952430687,-0.953992091430028,0.057717809709402,1,-1.02460984972251,1.84903354763282,0.913468969872597,0.663198994139076,1.21876394280245,0.676635234164554,1.11839819479685,0.617134259215939,1.27334333711552,0.620010824424684,1.31936680421635,0.66569362330715
-0.0224897578938914,0.276449908480092,3.81216323496129,1.67839770888604,0.824481560137557,0.154372572720143,1,0.470945037634986,0.584743489859462,-0.127164428110668,0.241848561753584,-0.240760627365464,0.311692461896697,-0.19290406017807,0.35009070190518,-0.0133085000101082,0.362196473589067,-0.0325346768956157,0.38608963034273
1.29153317096266,1.06423406958452,22.5675669231812,31.5641783215736,-0.946266741488708,0.075553041237761,1,1.40216738128441,1.6101518126436,1.30860535846685,0.729054646810389,0.91006925396031,0.692721500582376,0.926351733290483,0.729672242194477,0.700712973229583,0.713758028098266,0.330792881398335,0.813071993520274
0.514151362355265,0.647316808050664,17.1640381097475,19.7507461847971,-0.890647896237795,0.122408325382574,1,-0.206910583821864,1.25184880578431,0.854822703485487,0.565833620771698,0.237869144690281,0.596894666125777,0.928831803835922,0.718342839759981,0.765332366864147,0.671936520729901,0.692825109333511,0.704434920848641
0.32080413959539,0.503424700258592,13.449856289635,14.4055625281431,-0.911752965103275,0.091512634305752,1,-0.614046058511553,1.1664584011364,0.757349238650331,0.614669525328274,0.82395015503194,0.538671508343124,0.247068726980711,0.646190837908302,0.897163428055646,0.528225202955555,0.709212743544741,0.592862169631453
1.16038276237432,2.67507928838088,154.316104426972,577.142898586668,-0.989999896952028,0.0377682973617151,2,1.65824865408498,4.7556072332319,1.87838269889495,1.84649191830017,0.71984876586839,2.05484914974165,2.12063184470216,1.93612243198802,1.80731416399361,1.86028359172951,1.47278073198279,2.0007557116847
0.163196206613932,0.464835699413845,9.18522731028308,8.42478875424224,-0.864187058684719,0.120799222619609,1,0.760479662315468,0.92263081277345,0.511068642986184,0.457847453173764,0.714662617352424,0.480562666062207,0.883012494705463,0.532396648157768,0.41132625849428,0.546535747287043,0.573977098603817,0.577511792529363
0.152352939732305,0.375183454803423,5.85385525306783,4.9609837365634,-0.825996438158555,0.155679930418123,1,-0.0361103416692709,0.599106648597947,-0.369125539178227,0.474375287653014,0.431573832550745,0.506025554708314,0.457859827461478,0.488354614565238,0.474552351354535,0.434153240166598,0.582181598772909,0.505316643237602
0.212226396168456,0.440311551741976,9.54990895146286,6.82437250618681,-0.795441002658747,0.136138389988718,1,0.120095345200244,0.779064447558153,0.017789868842994,0.449087173976812,0.586682081672457,0.383638231863538,-0.353903401477993,0.565138580623921,0.515111927949896,0.411932443064372,0.482487827917549,0.440459667105304
0.458249561462348,0.448642074386801,8.11145005844083,8.12290394335762,-0.819351313585207,0.190380158451657,1,1.96266784286259,1.07361692845964,0.0733043899153776,0.55660577274753,0.265172497880194,0.483600514562343,0.281304029462926,0.598553295476748,0.493575306772301,0.498843946744973,0.769654118179384,0.551911764697127
-0.180456095430506,0.54879127437813,13.8293534634701,15.4070870580456,-0.938125907644077,0.072938027379695,1,-1.67799344680066,1.32823752302536,0.526663468021922,0.57551761648947,1.04562630769105,0.605613638974764,0.59526335339607,0.601103536527028,0.88227409218667,0.598944527314483,1.29589473198874,0.623840874264783
-0.168650815202989,0.427385083230574,8.78790209730025,5.83242264418649,-0.647290198897226,0.274100686587045,1,-0.0125081221276094,0.521381099696777,0.289160250886351,0.582899642967224,0.377846766952106,0.447132073661179,0.231184304298689,0.434444481442801,0.303263393969251,0.397368476297481,0.182813990965737,0.493218600094689
-0.779499335802693,0.485742992485657,5.2139890592293,3.75557850393536,-0.703875247161733,0.182421072563565,1,-0.651237681227488,0.796718131945703,0.39055168041596,0.355035418544384,0.265710505313917,0.402774492032976,-0.691864013898863,0.562378850301787,0.123572614705716,0.561969820772029,0.0962520406135397,0.454995473184763
-1.12406556247895,0.949199204047069,21.5640343546496,27.202190125814,-0.918276221385641,0.0922508998990719,1,-1.91083267800001,1.71239707827268,1.03995697545599,0.630234899331006,0.868508114507763,0.645858097529138,0.682959257622813,0.688520283115978,0.743980029325308,0.919118850543827,0.902098914212088,0.821961905901852
0.104929618003296,0.606078295129682,18.3650153714992,35.9632951603189,-0.937401060358197,0.131164525581905,1,0.465771724882226,1.34931758151251,0.967333442179861,1.03409418055364,1.10980355156854,1.02089651846628,0.438490552055519,1.08150520225079,0.250104790891664,1.13377147621003,1.0453687779306,1.07079117083446
-0.404807017655222,0.449362667818181,7.2915888363415,5.63997262388469,-0.762793175742122,0.204566320790218,1,0.118740456399706,0.740732677005334,0.248669532585139,0.472232059116889,0.169701970977497,0.394824901393674,0.762946280260107,0.442636194354506,0.122989208835417,0.547889513093329,0.754068316541161,0.47520279488391
-0.166846310735872,0.510769426926527,14.9685177991574,16.1878077043688,-0.893864303669629,0.116059492050708,1,0.12392875992363,1.0182358833408,0.437991689951711,0.591576603580526,0.499118794744532,0.555791483731237,0.600885286391287,0.49800634843101,1.10579122800656,0.736648758494914,1.1036811677007,0.570172962026203
-0.0785135360705632,0.343435888511411,4.44968068240403,3.39188323576511,-0.799073202363161,0.157060890173248,1,0.182426495688134,0.797259891374348,0.393346368723989,0.446464564686267,0.252682058249013,0.441614327414049,-0.341016819775764,0.537595996906611,0.596552216285652,0.472894199107505,0.0414633849192803,0.551664806558044
-0.000777478951214857,0.384261977096206,4.69771019626219,3.71014021248209,-0.798508061113253,0.138453636647625,1,-0.0401814424509657,0.862647032406504,0.48828683547773,0.4123273304047,0.347492800866134,0.461743645405043,0.235999627973001,0.462445729056457,0.157649074520706,0.635717913552736,0.778478813360257,0.522567967198369
0.119423003630485,0.408053313863508,9.11260832255953,7.91364523973712,-0.844314883312333,0.152880591540358,1,-0.50380377145319,0.647498840773567,0.123913563537892,0.490322629048466,0.435527334483821,0.497858649597738,0.912864151049157,0.441582218878611,0.652040928264513,0.541024768664752,1.27300888962919,0.53077282224569
0.613299096832471,0.635662165757625,12.6754267735701,12.9894970052146,-0.924596317867251,0.0778055601149143,1,0.634633904722154,1.29126697704461,0.870295286296213,0.561368653666424,0.860370333435605,0.533355078844521,0.708663296490572,0.590960496553024,0.799905779401518,0.664623028434468,0.856874381882922,0.498085583229694
-0.102243576761102,0.587329732110619,13.2598892996883,15.1993464198244,-0.892843292557897,0.112624302568936,1,-0.146101819800367,1.00129717020877,0.394490218885259,0.567620032866374,0.687523929830088,0.534951509150218,0.642991760153369,0.642190487256664,0.492618407102647,0.580488197384874,0.514294614643952,0.615249116628379
0.302689674654946,0.316140672733645,4.62678428559696,3.24981748833993,-0.639503965889349,0.288324230559996,1,-0.744060132683845,0.408266153717842,0.235098896799433,0.381739800580256,0.514381329379744,0.426901651175313,0.264766072744353,0.423371838264075,0.340633127181088,0.573811515791865,0.142299701171565,0.494627020853965
2.56561268366344,8.32133506202278,270.456874733392,1677.80761823573,-0.989999962142097,0.06139483672356,2,4.84069545230517,15.6513568379729,1.88061139310571,3.22350138661962,2.42575909830961,3.05784111407095,1.11045167321018,3.13729998102753,2.44202906816783,3.10051983093515,2.19578040151702,3.09779005222018
0.318934860725987,0.610557474410885,13.7780820269783,13.6317852458883,-0.715425639117177,0.254270267858444,1,1.48592821933386,1.44768908501831,0.114987008005233,0.559107867182386,0.443733865418519,0.583340290103142,0.0958229493841049,0.692937755452923,0.998783782313323,0.536985833957907,0.388475425726031,0.705047977553055
-0.282100455044885,0.318162313352124,3.48552703775367,1.90217870926881,-0.468404204481577,0.375651303355893,1,0.143631055663569,0.541697471717732,-0.251344570914177,0.341575672719578,-0.152560433539255,0.386887179583521,0.0434346378068764,0.335475357251629,-0.235449146836172,0.485138262167852,-0.404741259594141,0.550290493366913
-0.0190503268727099,0.669847260206047,22.5741093890224,37.8457095557993,-0.949812683489361,0.0834139523519913,1,-0.275376841851349,1.18778562056666,0.461906167468607,0.808996910444476,0.612637317213053,0.912126488819996,1.08252186747316,0.869769271451479,0.59367669033604,0.822150069319002,1.11391307834714,0.936754817241401
-0.503188914188824,0.741269402575221,12.6262433213148,14.8797994798397,-0.919453964281115,0.0947177922639469,1,-0.307563753760315,1.47383815934431,0.576688205461575,0.673981561685725,0.840636361018397,0.544983907720699,0.287358131906825,0.613901264409783,0.737101036240127,0.587601866957642,0.466952754328672,0.659713043899064
2.15941515565084,2.29900059338766,47.3861499419571,96.0684862342969,-0.984401993412846,0.0320565914039684,1,2.19736592636507,2.43303282549038,1.38744289022819,1.05110335764058,1.80208148463637,1.03972964333719,1.06920370514032,1.22334888893852,1.29327443015389,1.05241507584619,1.20880128475923,1.04472120800271
-0.282580943268068,0.49943028209684,9.71672719820275,8.16090052945195,-0.853314267721665,0.119031909123075,1,-0.274948449392076,0.972318860342474,-0.369470044643137,0.461661945462718,0.482216730657795,0.465011167632867,0.360324368407832,0.506457656168306,0.39645061407919,0.490214840619137,0.533519927405034,0.530109662036853
0.49579838051709,0.431558406967404,5.41655446911211,4.7375731647334,-0.752993366144092,0.227778015631093,1,-0.124839571034982,0.633006909155035,0.498747552945268,0.453672581617973,0.351640187277103,0.502200762211859,0.210524801285481,0.523771420753497,-0.244504811063584,0.716343109843989,0.153919679131623,0.571896234171485
-0.137514584562364,0.594369432934795,15.6642947714116,19.4706812343985,-0.88959597645883,0.14042753285816,1,-1.28715997010662,1.3201938190227,0.711748713882426,0.64260570459964,0.660850928845194,0.675933331661256,0.965534181553528,0.716528996508643,0.0234219290507252,0.709566086711124,0.864649400912763,0.706361584445356
0.197794451866169,0.700476396206828,26.5369862861558,36.2264507025556,-0.932404725583394,0.0887265188369619,1,0.382047399902514,1.10274170013967,0.992024689155374,0.756121416744364,1.15401381139946,0.705754496533265,1.25979708351437,0.713844519782478,1.00792240542043,0.722706732449278,0.558892168124575,0.873059973817152
-1.8750302486954,4.40367724666842,214.163652044786,762.705831049982,-0.989999974014205,0.0358539731031292,2,-0.873958272451334,4.89973278042237,1.68574418265646,1.76225303829251,1.72877802429096,1.78799467745735,2.00876486579467,1.77938929406319,1.90884529228401,1.88359133257874,0.654936870475722,2.03518808799826
1.12512741066433,0.817496223674331,9.62484673588229,12.5817392200217,-0.914736155709014,0.112956393086666,1,2.19742652372889,1.42805958526184,0.638223338630669,0.734842742478947,0.882934357629274,0.67323130088471,0.877290010120997,0.734352966147503,0.309222221626608,0.760992993574524,-0.197909373969902,0.729562887893005
-0.790029477195334,0.657578510059277,11.1998917711405,12.4371234032369,-0.866353637497532,0.160764778683671,1,-0.175210429803947,0.786475539778475,0.663553467370678,0.568170397052218,0.518463017275443,0.585730928767639,0.845507768108025,0.573692265000864,0.320511486080546,0.681271656754338,0.768817466193834,0.628099538567097
0.120333183320532,0.420590664747434,7.80179177505074,6.19088085795348,-0.711397191481008,0.270055320282333,1,1.07224702736234,0.845076134411777,0.210139867946254,0.363109805241507,-0.0627055584959085,0.601058739176655,0.0339881800641464,0.546083509276094,0.587011432003745,0.509692974136836,0.460013886506524,0.543128994495119
0.397799889745518,0.53328150986047,17.5133365742301,19.3913875015907,-0.900397414925041,0.105150643278573,1,-0.878409603091497,0.812873830543596,0.914955481959734,0.607361153363227,0.633599009407474,0.642458059828648,1.30846261446633,0.595900997459157,0.775142339272815,0.554461032665276,0.572959865101979,0.566148322060386
0.0821741534824612,0.366860831306411,6.87146985922925,5.01475019104793,-0.786056291336892,0.162006638966132,1,-0.273621566184539,0.638645833149211,0.0350664776033362,0.473654603957389,0.462569420920969,0.354719992094212,0.36598687788122,0.392118961905633,0.508032294785181,0.485474086812135,0.707376676301459,0.466860868803174
0.34127152945751,0.786482896029629,30.6108919389632,64.1594779692868,-0.943764816712194,0.1158417077998,1,-1.26482810394357,1.95202381524585,1.52114570781052,0.984887899182919,0.503348241998819,1.12628059681279,0.372342627051648,1.08005867928529,0.918950008967136,1.31020918089435,0.773327767957872,1.11602732981014
-2.47409692992715,5.27289515160919,210.194263489542,864.810147987961,-0.989999975039778,0.0406866838914041,2,-5.60821845528649,11.5461816074427,2.1415771024037,1.99570235751883,2.19912657597525,2.1110112454713,1.89265928999647,2.14015866442523,1.51489708584061,1.99913705950902,1.6338691274423,2.31197833026245
-0.653394419531187,1.90289317057172,143.691547209495,379.374629995015,-0.989483863879536,0.0297424845504168,1,-1.30246297380259,3.6379963817974,2.00323355822291,1.33361190032204,1.43955570432435,1.33400831591408,1.62546706246385,1.47165610248269,1.44250963524832,1.26094659843077,0.989198054897989,1.424815835596
-0.944141430547156,0.542457057690425,7.85273460805678,6.02145104417205,-0.678221700571664,0.193368562398792,1,-0.998956189871347,0.849060100537199,0.407181782514099,0.412524794161635,0.483465849694173,0.473309094943781,-0.0656485767515051,0.635988215873586,-0.575610421293477,0.688484993410342,-1.69317794341706,1.1552482866732
-0.473692146268643,0.354752797138204,4.76077358160155,3.66169010033111,-0.524624110436177,0.5201828412385,1,-0.319729590474085,0.465170306295406,0.0635820741454146,0.416147665144602,0.0420055855716061,0.481505841666649,0.178920349612127,0.578384265239131,0.162250078316399,0.665895206460164,0.159405679259671,0.489221427644834
0.590885580421356,0.592517184699148,11.8850120532724,12.266331216798,-0.898123617501617,0.112581561163811,1,1.11745440016998,1.15451379790822,0.316463419788181,0.626540022377495,0.793435740426477,0.518059577175344,0.744240642939547,0.591128394033109,0.161078000147307,0.625578710327627,-1.43978530556367,1.10957995126835
-0.0382416675579748,0.540477583801411,14.1321675160246,17.1030396401711,-0.837258467280554,0.193367351184709,1,0.109379726130298,0.782670839539105,0.630102557331484,0.628674636535482,0.437514468722996,0.691207460488253,0.736840805394462,0.621737129585647,0.188409322028246,0.624003871480435,0.197949485647053,0.760621478825647
0.0586745129575044,0.314863410427662,4.67980228558794,2.71156414121801,-0.66654795450954,0.218165355379762,1,-0.174434352319147,0.497453510519153,0.172609270900716,0.354204535080888,0.229840873672415,0.382564835472118,-0.198881958757616,0.401323529099103,0.0966524185334943,0.396275092291831,0.354922318147329,0.329566145487852
-1.06721533814818,1.555701652152,32.0766016160006,72.9275572368496,-0.973589449753239,0.0586515997208008,1,-0.794677562372866,2.1687297518128,0.862082078467684,1.23131068603782,1.26874734179713,1.15275946967162,1.13847608276995,1.14841571320327,1.24554285918763,1.17401732861925,0.57180093392713,1.37275770049473
0.120241357558493,0.45411882691465,10.5245898755296,8.17473951366186,-0.7550598963502,0.245455786171181,1,0.551941282976115,0.965475860263198,0.581613209540712,0.501194969787066,0.45389851356529,0.509318560939168,-1.19081041924103,0.812631267006714,0.625569725867298,0.434298522105241,0.40145938002056,0.560524390070239
-0.864433246345039,1.33260441424036,47.2335982604791,72.65280358873,-0.929378155831984,0.117901374791078,1,-2.1235121413433,2.79121880496852,1.12489315881265,0.856968043502333,0.968767102728374,0.783277163068273,1.73753024913249,0.837443122605493,-0.134828301661801,1.07119978507672,0.739488345914171,0.89605286723269
1.03451058872626,0.457591783000922,4.94207353108876,3.04336423595673,-0.734840491691648,0.159540416207744,1,0.655446579009728,0.72715563805766,0.0171246871826392,0.468895993945749,0.423154814627049,0.42732469054377,0.0878872946428013,0.379703513283994,0.434926335304338,0.340879383350248,0.267412395224019,0.339353177541958
-0.120101678714512,0.424370691968382,6.60672495143927,5.64992927051618,-0.752091285952071,0.226919969861653,1,0.310950751494637,0.826495391448214,0.239111551919816,0.490919901477964,0.264298923376259,0.433167665116431,0.580639346235869,0.670606531234086,0.635824625213442,0.46292876024114,-0.0484750908637458,0.685562743287411
-0.449672273710024,0.827159986498005,26.78180266832,41.5635549713944,-0.938644295454546,0.100898132379358,1,-1.12352404020697,1.36971569572903,0.733726901710621,0.7841756553921,0.606230756054283,0.776410992774572,1.56364086788172,0.792468161777074,0.860491787503619,0.899081634955522,0.754641934654999,0.918121788812233
0.0551159504158287,0.730219367642932,25.5154745634477,23.8476956141901,-0.885077339682747,0.140682147630606,1,0.586829277970109,1.35983548700572,0.715334921481803,0.541726906414168,1.16238571781778,0.454726787963563,0.444879653173436,0.679393384045139,0.384378033083835,0.719775281402917,0.743128202136906,0.631156340544281
0.451653936151221,0.421188132891634,6.98855413712353,5.31678673985627,-0.78307304262263,0.176456574372791,1,0.471393264333036,0.629372074780807,0.136572752821845,0.406876920268883,0.642732941164314,0.485539839823391,0.175080725455514,0.501512620841033,0.53878770281959,0.429886466224524,0.926357512768472,0.420309498263144
-0.449469163878259,0.788923771298416,17.0349941939746,30.491208239809,-0.909733434409198,0.160306019015,3,-0.62868338812505,1.74906233673213,0.262322180034666,0.87231385150417,0.949788452166038,0.845015816577572,0.861774845630352,0.967723771321755,0.758991136124903,0.954255752762611,0.706837543106591,0.933404627282879
-0.467232169295579,1.0023622599443,21.5048068539475,25.8199375874744,-0.878265828658936,0.126768302116081,1,1.67415535962488,2.19128252499762,-0.537146486024397,0.969481065462007,0.252721408056051,0.774462911188205,0.880941335642841,0.749207208655142,0.759350916400306,0.644670494265924,0.692046421684254,0.823860102887687
-0.888142284985187,1.42482067704958,36.0931539860953,69.6859950426092,-0.929329199381908,0.13437096628109,1,-0.0372616400803285,2.10046055596543,1.05626186760626,1.02311871387648,1.29560573500359,1.07169381468307,0.740191352772432,1.02628189640658,1.4710125559192,1.01478434955481,1.14424928003053,1.08585662496298
-0.488802074034443,0.7998223508837,20.6901162586486,19.0182364293397,-0.935292345480577,0.0601773170337349,1,-2.26045189873866,1.97810227662306,0.939496845666179,0.50954882859263,0.908491205374915,0.513680019956181,0.81685509144863,0.464440716008699,0.905305161129559,0.590904227059793,1.62469880230693,0.533843636810443
0.485309795441106,0.945461042616371,25.6665654809461,46.3535738042919,-0.954072983456768,0.0839610551397763,1,0.93252723595054,2.33323935419119,1.11993175434112,0.884991288204626,0.754205549677215,0.889962577326381,1.17484786340846,0.925115332165308,1.00927961118312,1.01366564205019,1.20852446985722,0.997154570355071
0.212504317976356,0.373467429382425,4.88298578858968,3.12655111875059,-0.808097673816003,0.127379687760367,1,-0.571236698082087,0.788408337740879,-0.481540890727669,0.474813226477103,0.348509200911074,0.361574851614515,0.204546026610806,0.376065144103018,0.459401402224701,0.363636024180877,0.509291568106237,0.467292758402266
0.10336393917774,1.24786097128759,63.8675581267954,143.339986167611,-0.967920432460041,0.0708876201823453,1,-0.21694839993647,2.66489607628466,1.00173220267263,1.23222315524335,1.43836348713389,1.18197939115143,1.43854400900469,1.26150054972818,1.35385840187927,1.1518812140507,2.19564612542009,1.18374558297556
0.483116204032384,1.71817583797706,112.646426931546,342.040891790784,-0.989999965858812,0.0291996328427659,2,1.70609312390112,4.17531304338712,1.51461854483448,1.49896005759868,1.95883771322524,1.5333081777857,1.68986770906639,1.51028078618075,1.76803302551046,1.60212189545879,1.4499281147288,1.59603900498582
-0.231333318276829,0.359230040049713,6.18703461315577,3.15989218103235,-0.512623219174363,0.315912957302504,1,-0.300358844750696,0.515388346870603,0.095821144391269,0.351833337966091,-0.158892190215263,0.389487495057009,0.175554157195144,0.398938274442945,0.345863107733302,0.325689427745304,-0.224888761292737,0.539855888939465
0.175014043827834,0.391458460037391,5.40665697307735,2.97794508900503,-0.546507486711616,0.301929958638197,1,-0.978163898625154,0.812938113261544,0.0801680504307733,0.352635606898363,0.0142169727266543,0.393432516000037,0.094875051332041,0.412580724762877,0.0460461065008911,0.355015463193371,0.505354041229439,0.362099551992485
-0.166639887938884,0.354239164753286,6.4555802713305,4.52164291091065,-0.667788663978104,0.233168992054053,1,-0.294602213291914,0.484226057695758,0.330315965239374,0.393243205411415,0.0238449558422386,0.47916601325202,0.168304158813688,0.494255815268982,0.535875171873039,0.518921723646435,0.522249042282399,0.371408506883767
-0.0602335210402621,0.32439037960122,5.50529187047047,4.19261837037365,-0.359164396907925,0.561940393341708,1,0.31838577927612,0.490560494618529,0.328328081543503,0.397873231965243,0.184999019277165,0.434978055341381,-0.165896314838135,0.587681576889295,-0.303623830483691,0.6521068726748,-0.0435029498764813,0.595763840346168
-0.138792177235626,0.716405853869797,20.5332165374007,23.3416127157943,-0.886165452392462,0.129391495771799,1,-0.185912236106011,1.23552304513791,0.205839357536052,0.678771105581987,0.472111024091917,0.705533088242499,0.77440816226045,0.615411643914037,0.463719868672073,0.666491103765837,0.978769084278038,0.621960384315504
-0.10847823651886,0.360766511430772,4.91588687088947,3.88341735444091,-0.746158482875033,0.226714750565298,1,-0.0933118999396302,0.689088473647478,-0.0358132914273652,0.464606677407425,0.700723946791265,0.440601784577792,-0.0658878359394606,0.567884460044601,0.243943913572255,0.592486986212786,-0.172068028183007,0.591092503018681
0.254501192175986,0.392735500267185,6.78952056196486,5.29281978884607,-0.460501674551067,0.407920379935986,1,0.539320799934352,0.633438745960231,0.273337627565787,0.441192009190673,0.0110602361360069,0.593743116335896,0.308597324112062,0.400331429698965,0.256671326330586,0.464848527215483,0.216078403187792,0.547787482678416
1.06028432596317,2.27845501453035,94.6680101799421,330.644555452703,-0.981973772745632,0.0603717200362264,3,2.00733846633174,3.98047247411398,1.49116721308186,1.73450465850213,1.70348531862158,1.75410322042094,1.02633488671786,1.69252427468951,0.868281438040845,1.92394169717361,2.03676531801697,1.76059132630626
0.569796096252479,0.536266509546789,6.00521228244142,5.76740371933569,-0.865885910722433,0.126563880784218,1,0.749186681075005,1.22171622964772,0.106078887658816,0.528452776300475,0.426859228034989,0.523851173456354,0.268055192269058,0.607524375906494,0.330883942738083,0.582688219979781,0.684713187209676,0.551130448827711
0.427121150429353,0.437595814419811,7.2411958113027,6.44461371605833,-0.73363783946843,0.268391867767264,1,0.828470241672285,0.952978100503208,-0.19999337481241,0.630055928132936,0.465289796506811,0.429641604358063,0.436974286284104,0.521706625571141,0.0516124950919295,0.642750645975232,-0.470116381523919,0.610762398722078
0.447858678854021,0.465269691529275,7.21197986445299,4.81840936854471,-0.782731814904086,0.138064580649364,1,0.523202703181591,0.998830633504409,-0.0177238988021999,0.443933163175933,0.575761949759454,0.385879531052988,0.353544459248127,0.400178703117877,0.0954900235181926,0.463644524546064,-0.0518372215405823,0.527873564212504
-0.52598146806417,0.601179732455337,11.6139848849246,12.5210004121674,-0.908720398701961,0.0969899715494643,1,0.381500462239652,1.13012030362483,0.470633531018782,0.544390225860388,1.00334015969356,0.524155394775245,0.148245586754535,0.635065065904445,0.991470279063812,0.575179987315562,-0.082531507821078,0.8259370551089
-1.45457167886513,1.72978848730123,64.4658116868031,102.682283309658,-0.945214846673301,0.0817897177767741,1,-1.17376506022299,2.56046232221868,1.49436664994342,0.769320937337128,1.1402929450845,0.959305034355367,1.48689559281418,0.824349535153243,0.107948907866084,1.0645612283771,0.929008373436782,1.03260901665451
-0.183840398239688,0.554250278218054,13.7366326974891,10.7837487586011,-0.776261387841316,0.204163513850418,1,0.317252500735288,0.842260085972888,0.277270961191363,0.484790844491745,0.551954750542874,0.508380142861274,0.594373419516225,0.451504303410543,0.294639595263319,0.467755482161367,0.511829748425405,0.44588617419792
0.752341408498109,1.19089644466665,41.6032009482001,66.572519430019,-0.961842965456846,0.0635667344967049,3,0.18704093917206,1.52178146475552,1.3870102410508,0.828574407987088,1.26712568829943,0.759221393942737,1.44024122004476,0.894032310849756,1.61659676960631,0.840481381503647,1.48106605219203,0.837703306367833
-0.0256134178756425,0.501001641594404,8.7937004452663,5.28471574887562,-0.673761757284319,0.158591804359229,1,0.37137737940286,1.09372458886666,0.149693702952265,0.346706731039194,0.122462914790801,0.364785437189604,-0.0435929876292865,0.483636303065569,-0.0813664478708956,0.398413203432191,0.399630317875917,0.410827148575917
0.0681804087408638,0.458150890343612,7.41997996028732,5.95980194433144,-0.866073060322026,0.105299467492025,1,0.856509175693794,1.14067426509882,0.241992301276678,0.562861500719607,0.575550486288584,0.478271996883387,0.106712104702995,0.507738274454123,0.692459204651577,0.472446043153019,0.250365271318608,0.479364792791355
-0.55765742045464,0.963120368575932,33.4533842588598,50.578830876937,-0.965432329747514,0.0524675388846562,1,-2.93181914044259,2.84926148735954,0.900410711745202,0.782928439111756,1.66490887584856,0.776565799144881,1.33614686049836,0.863106689061191,1.04186022456463,0.807195351891239,0.991816334970274,0.934280396095937
0.596442897658917,0.896007276478929,27.6959900243635,39.0052005417956,-0.951508238522431,0.0651235762649882,1,0.516284096234659,1.52589020851454,1.02756299725706,0.698950483822968,0.975535370968342,0.774041763185602,0.580790639343875,0.863600647733966,0.957251143482672,0.722675540989931,0.844400916362137,0.797528830947833
-0.394440027700834,1.11894060984458,54.9731911658104,98.3124338550521,-0.960923836278056,0.0694241304032401,1,0.0888325812345961,1.91846605010871,1.13685466474472,0.979934749711815,1.40095548647649,0.889799018938084,1.53562613126383,0.936234782151659,1.30944471838635,0.944712273221548,1.38918884362472,0.91724274806187
-2.55166920571692,3.00591928712532,111.149445814716,232.765915291233,-0.970143555255744,0.0628168374343614,1,-10.4251940736321,11.0302202731128,1.9478798178774,1.06363302379273,1.66641842230962,1.14722944554849,1.29751722072219,1.01843863765866,1.28629998166048,1.10620637492656,1.31498572782163,1.02777965047139
0.279105134718362,0.345345798169898,5.05440950106727,4.11281302113692,-0.77560421415233,0.198643854267374,1,1.08583908149053,0.71119147758289,0.423609638453726,0.388307083068451,0.487127997767172,0.481953744293354,-0.178386200103765,0.57478313244134,0.416693090103069,0.542680961331271,0.00180416878465984,0.565591258297804
-0.214019470847794,0.386174072012493,6.66935229528637,6.38858061676074,-0.696329061553777,0.30688147770478,1,-0.792135219189618,0.868723162589381,0.486217500463414,0.484102531951408,0.613046406349744,0.518057373979422,-0.145225490588011,0.682300821032054,0.307925779658953,0.708907234502422,0.00467013888873402,0.675885668444343
-0.616964737389527,1.07170145737003,34.7690902144144,68.5334433320916,-0.924794455792519,0.146048995771351,1,0.367149692011128,1.59236314668743,0.3494105095347,1.08189784392577,0.261172208021898,1.08271049080342,1.23479586760762,0.965187090003433,0.988645453616211,1.03997475745308,1.19764106963379,1.01347822343925
-0.128974868633919,0.463846483957206,7.04938101837351,6.50290077122351,-0.861239281748061,0.143351803822722,1,-0.402202287741061,1.13238199489808,0.629107085633011,0.474290048792396,0.317097882486929,0.594911051609184,0.0371933314908821,0.603987678044715,0.711351936722491,0.558293740023962,0.384889222966272,0.580500493838952
0.32304203455834,0.478414975133081,10.3310058757416,10.1278221370852,-0.858081127486551,0.146190008062617,1,0.241310754840082,0.934216061366451,0.581078723633781,0.517543334924209,0.309334470247386,0.569309205706866,0.648609094316245,0.575090264277293,-0.352212220320604,0.656702421373352,0.349160863868399,0.555681760545323
0.269682162332859,0.604809901401596,13.9453943133092,13.9702450139836,-0.881001786174304,0.117136750305875,1,0.291849008343434,1.30898253571851,0.446787850154639,0.52402227895831,-0.437423333652704,0.683166161487157,1.07908750767022,0.605509057483695,0.830104202334252,0.471319056915743,0.298929829556497,0.577952727820793
-0.408584177347608,0.573770991172289,13.0143417356427,11.8090167765681,-0.876390674892571,0.1089589288636,1,-0.61602610895141,1.18312147741197,-0.135299334732805,0.537937423927179,0.687577053530895,0.499614428455622,0.862738810571619,0.522291396116259,0.88891000573745,0.502575249816333,-0.12213490484621,0.644115011154896
-0.274187199820119,0.457332275264586,9.73980403036507,8.05681428964175,-0.804066173158904,0.150565638586705,1,-0.543690082639357,0.576249193364558,0.473390634869426,0.402714385742633,0.819299201795228,0.347704455156414,0.34225868370292,0.483873290658616,-0.297900672016007,0.677956332040743,0.999216760744644,0.534898867254674
1.50256084096753,3.01371572336548,103.939189314961,335.518679537558,-0.989999977273631,0.0335253820361625,3,2.83778995710874,5.92004156209342,1.84391394518583,1.66464335133333,1.80021780721439,1.63748204068537,1.3465702867106,1.68049283150231,1.77563116405085,1.56464456684951,1.96725073088541,1.70014184098801
0.395849718246925,0.721839194183787,20.1849636989217,29.9810749526002,-0.927603944818843,0.107032748184952,1,1.65394398489231,1.73939568204846,0.647858508144907,0.790963432825908,0.193460524381314,0.905668718041454,1.52099586412989,0.725350415797705,1.19727239682627,0.818530175775521,-0.00504837439433294,0.775815498712817
1.03962044964736,1.16184330330694,33.0392725476618,49.3016766560606,-0.928080482286278,0.102254431856032,1,1.73166339081353,1.8073746800546,0.48131427603664,0.793674030876813,0.740202846446608,0.681138992143464,0.659810311585949,0.84984809246619,1.13937999712628,0.761468683390694,1.11094858718426,0.772076861837757
2.14590277195928,3.81202684522352,106.708005745266,350.079431254624,-0.989999851000075,0.0326725193498922,2,2.45805443449983,5.16109636252304,1.83622910127763,1.62003253388023,1.47240625030059,1.74971549735504,2.22191135912301,1.60932413835809,2.19580351103847,1.67833757233994,1.78243051557956,1.62924943061977
-0.0473072756405439,0.382728198237524,6.82482860146608,4.98282926726535,-0.321604399320476,0.556107507759852,1,0.1564231570226,0.599834833388752,-0.082056661614163,0.397880987178027,0.0374353759032088,0.410009468793324,0.278936758280771,0.370695876725496,0.000108183086958457,0.561290152989801,-0.145859142709618,0.624463416372941
0.670791980574794,1.51060738951043,70.2884275232304,178.768753201897,-0.979515658716388,0.0496676232423194,3,2.82550255289811,4.42152683245455,1.73316685511254,1.25013465164817,1.90449894602885,1.29844786559329,1.28767684618199,1.25635396667192,2.16191611730831,1.26198338740185,1.13277912983852,1.31275336571095
-2.26645447873335,3.12755845748668,122.342786592355,255.392240062807,-0.979102709984955,0.0445736735095907,1,-0.0526799199247437,1.72619193049078,1.55564097765923,1.05673761121297,1.02983261117783,1.11833573439646,1.84414626266966,1.01401203924087,2.07686405542707,1.09085885161375,1.2134616103793,1.07901057196236
-0.453947711277407,1.51522969851596,56.6135780217473,156.457270221048,-0.974535187648144,0.0711492429400488,1,-3.1209468243654,5.40439392993066,1.54069864702073,1.40141906473716,1.05009394322675,1.47791063934312,1.58924718972288,1.40523754808199,1.69275406594049,1.38741652586387,1.16231769738349,1.46375651088724
0.391880869302428,0.611583153970178,16.20582255767,22.2576399548255,-0.920040524310463,0.0990235787933273,1,-0.0364512804129669,1.09298776460618,0.775837921500848,0.665370759591739,0.694313727100281,0.725683814870462,0.822419249193725,0.687946002901701,0.803870626412525,0.824652041203423,1.00819321799369,0.733832111222076
-0.843490901450317,1.05072418644609,39.4540133915753,63.6184530117664,-0.963478068276232,0.0559925189896896,1,0.281798313930682,1.24887112749705,1.0342772069301,0.836049019185418,1.43167125143041,0.814573888051285,1.16610507981038,0.941600728114283,1.42889130051726,0.860243322707492,1.15889345011455,0.870095785788957
0.426415379610902,0.517330452328015,10.8324072318233,10.8758173557332,-0.825025188582083,0.179389109095293,1,0.303553183164704,1.05338547057039,0.243042379735015,0.594090459813873,0.599247485947724,0.490338961897714,0.472476264814509,0.576745491750033,0.613045061076644,0.638559768819847,0.669358487461244,0.656354849529852
0.848063377892979,2.46299431181772,148.109177400011,573.358114199437,-0.989398026724403,0.042186836883741,2,3.43880867683329,8.08094706278021,1.79372297443334,1.8725869857268,0.957565867720132,2.01051404741382,1.71922192926503,1.90892875310844,1.88593623186082,1.94814634419979,1.50926559331987,2.02332396329029
-0.82850331011561,0.797423172212662,11.2896916454829,11.9367044392685,-0.818523393537022,0.198739883497641,1,-1.30187149832439,1.37923107783314,0.342919051727779,0.606366368442797,0.764376214771379,0.492199329248249,0.133102431622371,0.568504736047205,0.210506589897598,0.621567922264507,1.03815260580729,0.551419257841072
-0.0235576247629631,0.546181586959354,15.9422578455346,20.8292221919721,-0.722252066810303,0.36884673660351,1,-0.30399983668996,0.832640069145819,0.603258172234743,0.716180709077423,0.680633680575257,0.689413404310576,0.731673359978631,0.678291825306344,0.458652441480971,0.664851424541102,0.347763455554561,0.802765034839887
0.47395143870267,0.433323802414531,9.46164401063001,5.82755145616304,-0.669253797565808,0.2513412734799,1,0.86869780045053,0.699956025281239,0.303914699893037,0.466825158383571,-0.0697635688998275,0.604363388135876,0.533763519988882,0.396045025087294,-0.0167143314039815,0.486537321650475,0.35062334225296,0.387854197836135
0.940953985156868,1.1488693190402,38.845850230592,62.0809517389834,-0.943816178085506,0.0926654373323244,1,0.713508922623311,1.60310259266158,1.02156726898833,0.824950018524794,1.06679190199001,0.865730683058779,1.17813283828223,0.953673316583838,0.843428598680465,0.826790625042165,1.21719644561648,0.823286827496297
1.10072459860315,4.02850657310854,216.587040729016,1232.49311577879,-0.989999970496835,0.0568171024933438,2,4.60911103559946,13.5662714966444,1.93317369504934,2.90843503983169,0.865453613412464,3.12641654380311,0.920905863693228,2.9471664590936,1.97556065345475,2.78135346407174,2.30590974203033,2.85268201952126
1.60568606124898,1.44917235420482,37.5983076234033,52.3986831798911,-0.962813887352965,0.0575726285495964,1,2.33014644639021,2.44192687983077,1.33379296384334,0.638601980717247,1.16170725063565,0.799184292045088,1.31691404474693,0.759024254357132,1.5423743020614,0.671069393462199,1.06278422744708,0.796304519032903
-1.81436586591406,3.65720030229271,159.987866700793,611.524183911027,-0.989999973554685,0.0364818548348391,2,3.90319225657087,9.61497344030865,2.08674512657744,1.92102336819768,1.69671675923927,1.91780416267837,1.38922839769391,1.99092981440902,1.88403028882434,2.02471620976187,2.00750162154068,1.87602408002556
0.151105102187054,0.346390133449163,5.442983273938,3.23306494045725,-0.550030905908921,0.272226163099611,1,0.324295938127877,0.704611720720861,0.143926945507211,0.355486427090241,-0.155518173632057,0.43965939064588,-0.0471399097296224,0.33854527573129,0.393241940258588,0.431526308908946,-0.32204739960116,0.510196343289292
-0.41697374359771,2.00795029538895,169.901362526473,645.316117870381,-0.98999996312707,0.0365627715756645,2,-4.05863188199729,8.09489120357296,1.80216177262216,1.89688049775298,1.49226361964106,1.98958854209622,1.89925882090741,1.86652873646665,1.86145728336084,1.89827222907244,2.15818247497511,1.85271008601236
0.661485955452969,0.933686131309914,26.3916840932437,30.903899764215,-0.899130848460153,0.116066383068018,1,0.637866864435362,1.50392957565698,0.89892412134999,0.615264854435853,1.04422530113394,0.564992547373695,0.602965898413422,0.843743827293498,0.953872384300855,0.645926152781707,0.891467207935078,0.772596247978713
-0.843841467887713,0.505333278814676,8.01807278528117,6.89845991021522,-0.797559441262302,0.196537620866284,1,-1.98998086893851,1.0274578335311,0.730213607360459,0.468977412469104,-0.345945763271506,0.525526601595228,0.272573632480997,0.593971187317545,0.224376811072515,0.526948954541563,0.460757867572372,0.510490418422618
-0.666545312231535,2.27263689567174,202.81661512923,611.129917666163,-0.989999967448674,0.0305415559821994,2,-8.02787197675346,12.6798312139117,2.07836846321982,1.47488438621528,2.35519067896022,1.54335699125086,1.63679950972052,1.51948254582705,2.03358301532927,1.5121102794745,1.49399547876345,1.56957956369604
0.753245941661578,0.551968089375444,7.91602010024532,6.67629330695019,-0.911150225179133,0.0717554082738389,1,1.44649450164068,1.17864830203573,0.125000603931884,0.47979407592836,0.520921063469113,0.486997907067806,1.00886699395781,0.467344290424979,0.978866446484643,0.505184713890664,0.913446553046266,0.487364286372045
-0.000498912761119668,0.492676224112036,12.1308424341616,12.7542432975758,-0.86878623165053,0.154808834583851,1,0.114417081927883,0.724287813419278,0.423254149249866,0.525121386690458,0.84527342546651,0.618535694541955,0.292680288032265,0.726344509535868,0.024162422973864,0.718758126291781,0.386153549260909,0.638027611540751
0.0746549945165108,0.43614985382875,8.1442854125796,7.89797310434788,-0.745013974914894,0.214497133585155,1,0.705680419060858,0.860203877228089,0.201810476332803,0.602758732414648,0.326490970526399,0.547320891647392,0.283661874531032,0.509006704349347,0.373104091049831,0.583245908761462,-0.199128063485424,0.863137060941593
0.291565239731586,0.489844188280578,10.3016379074278,9.68066402897179,-0.898978265977068,0.0895122313995827,1,0.46682116494969,0.813364138216569,0.644861304862529,0.449014902160016,0.575590605006844,0.506393368632432,0.0941887397662403,0.543438412666682,0.281682575143572,0.579254495258398,0.679997992166461,0.529532598651867
-0.518879482296613,0.819705243457906,30.6431599696144,44.0938374665637,-0.934929082205146,0.0899506798152101,1,0.525115586208508,1.32871026521942,1.19090606118107,0.807178380288153,0.94978796531157,0.708244843066707,1.12317188946956,0.734795966548401,1.03927042284994,0.713034343746887,1.10203696554459,0.702508236072151
0.539465411691114,0.424068288249267,5.97696060629846,4.67743227595478,-0.691894247213611,0.250271081115849,1,0.0635333951580517,0.945912800403601,0.263212889124661,0.419728282602095,0.478248825513269,0.460571602685171,0.705529329555566,0.551331524136566,0.0554134009218617,0.482216574907877,0.496835669159985,0.431089287156581
-1.00801159918587,1.33483968410798,42.6105111862563,84.4029449400686,-0.945877516333869,0.107084321981145,3,0.434646730882252,1.55477028289164,1.14485568362295,0.955056524097757,0.667251349257104,1.00370987705069,1.19986986481324,1.06393329103276,0.536668244449192,1.15893356704127,1.12906706631256,1.00909889442431
-0.533588518853059,0.816824998755695,21.3276460380605,26.7842692907469,-0.926248006081136,0.0993330187318328,1,0.0758319418855598,1.27325616016427,1.17657024085381,0.626155994569778,0.938381988407058,0.680978090546235,0.868055071316452,0.738265630838533,0.970217181815569,0.702813589856421,0.65109590732799,0.770709951990472
-1.06298049283361,0.974555380974771,16.4877463125276,20.1830618195039,-0.851402149381792,0.192237574488413,1,-2.72283367986095,2.37742140822032,-0.283066024877301,0.68334246123789,0.813189710693015,0.732177311422119,1.0877519754624,0.577103446007685,0.139449226777427,0.71514636365074,0.7209636938123,0.706782461951732
0.010558848910208,0.359733957081869,5.48518124629708,4.06236701495217,-0.796937187428639,0.185153312006897,1,0.313500085432626,0.850627255451465,0.178941964051525,0.448906495241437,0.344042100402982,0.471057368757631,0.330353852781485,0.439080902723959,0.0893961857791436,0.464268161292824,0.583831359426038,0.439094443143229
-0.357652701039694,0.428763422544174,5.43459100124054,5.04821352686961,-0.740106876820763,0.236019799547061,1,-0.173815311821185,0.827426663619784,0.31417532127398,0.438333463847118,0.10079819885151,0.550343893901377,0.859096032000856,0.443060547328893,-0.777872108157949,0.862932192538963,-0.081120228260345,0.832017619250466
0.219415041330799,0.379126523047959,5.40473051502814,5.08757228855951,-0.791582968505486,0.224182973674064,1,0.727353647800924,0.960849746280735,-0.529904411241611,0.582406364430133,-0.131446061096553,0.489899219247996,0.171748392533486,0.562142355206497,0.637766411992808,0.577545368172106,-0.244757522881316,0.53746622772788
-0.455281097249343,0.829681603136098,26.9843116407008,43.5285751282379,-0.909805401010758,0.135523363937072,1,0.306135061375556,1.04549011425582,0.862387963135001,0.783539087117282,-0.0287084415491663,0.843497248010711,1.02623506349012,0.776778371946297,1.14247101393116,0.813033924983712,0.799228784328797,0.945917355697569
0.561099909145346,0.903939457222588,31.2925650460569,47.3718872449573,-0.958404283452034,0.0638363843068588,1,-0.623881439015662,1.60231793244143,1.07436554782365,0.800951959895651,0.766677878158877,0.755060354397024,1.47693035207591,0.806529303326398,1.4521526312538,0.738091856218249,1.39804942516188,0.832089184821004
0.291861750789076,0.237758399481573,3.14251667918849,1.74686732143392,-0.522593968704798,0.318032092206717,1,0.48893881946152,0.296702148747245,0.25720102513889,0.32579923137378,0.143793208971054,0.361864392954759,-0.45797211512397,0.4522382863609,-0.235843393575911,0.434362237341527,-0.394636576742782,0.458484377891406
0.370255386491705,0.399850144885977,7.24747973635374,5.52355023798708,-0.341092916470232,0.598193813425333,1,1.17145169256402,0.840300053168011,-0.125209845440575,0.482052511800533,0.44818762356533,0.294171975694316,-0.396447058983834,0.667385202112448,0.168687545727475,0.425868717396181,0.148145453064677,0.63593492912555
0.0111149674263783,0.566694751896342,12.4231174454343,16.6410377876753,-0.927697065804989,0.093851998149196,1,-0.361644124231849,1.30639618004436,0.887273186260296,0.701416188954347,0.467614242771268,0.783273017717714,0.576920166221374,0.701971272987464,1.03979779197008,0.695654133229075,0.418299077992207,0.792361957072764
1.25202279338265,0.754457265798592,11.3058773723854,11.3077698617494,-0.898693994416463,0.101792367703572,1,1.28997623575029,1.07840705153224,0.491641874065444,0.535744632981524,0.628170411839969,0.501522714166256,0.612134376228593,0.55422436558685,0.207352346455138,0.68065459285624,0.59919440219697,0.618800068573039
-0.448606178576507,0.557198853161054,10.6442654779204,10.3609641209779,-0.861441440450011,0.136757124620406,1,0.0976849684900429,0.938807988057964,0.774051216979536,0.476176512309659,0.353628510924683,0.58645268404375,0.453563773220968,0.618149726263916,0.784473582719476,0.493823935148761,0.983907323846831,0.551347327983845
0.748303416627149,1.65440788584763,70.6155710900133,144.414324316888,-0.982759284422186,0.0355976594277586,1,0.628966852700353,3.20560109301216,0.964135911387649,1.05983895899244,1.70864944983026,1.10078832994115,1.61125135121349,1.06255742569602,0.750994108399832,1.07098958695917,1.63010334836557,1.03116527039507
0.0416427821972916,0.544252754623211,14.4556495974001,12.7969488254052,-0.906371822181703,0.0799551073788606,1,0.217692232321119,0.906775536011167,0.963388350025502,0.466159052360951,0.489232456246348,0.547706902781706,0.48249879537941,0.556857404943357,1.25134092697105,0.480079898762196,0.502355532601929,0.632890811179261
-0.0470400410803866,0.380402151773297,5.98358571326072,4.98176162388668,-0.712025510701602,0.256516838200726,1,0.152468350080074,0.880321681170599,0.287743477619086,0.470384683185739,-0.0383013463592295,0.478082264228723,0.511999432568717,0.44994510854886,-0.0797778950967482,0.513637488673884,0.228604563708478,0.592025188985074
0.291049367219916,0.53063393001868,13.5715951893782,16.8410069666362,-0.882498938391416,0.156675218785872,1,0.842235000159679,0.956909764508997,0.684223179126555,0.756710274525619,0.538956651724746,0.652866618526257,0.838549394126212,0.693840613243754,0.360868985689156,0.687711628486201,0.774016871709756,0.684657766941973
-0.644957876543344,1.76607313443594,70.5128558647184,221.561035060663,-0.989999968298415,0.0308802499760501,2,1.03108751478048,3.29133246384272,1.47554747043865,1.56887965129257,1.69534604246196,1.57501317686641,1.5230919933124,1.5972149472125,1.3521967758201,1.59707282181858,1.44718291381087,1.54761622647309
-0.209955077094427,0.356458050426873,6.44743436738098,5.05177563980681,-0.810370903270092,0.142582580783469,1,-0.85690385838211,0.617010158304072,0.558625154522105,0.427500921325346,0.50352859750532,0.376423172531969,0.519689214537523,0.437213496393188,0.301625239501984,0.500511200875434,-0.308484905020762,0.598806174868596
0.223286359780271,0.424246822146465,6.10388744387282,5.78473562512568,-0.80134372247626,0.174484757032322,1,0.361771104898426,0.858484658788473,0.579919320847402,0.469075733876823,0.152731472307516,0.551985982153257,0.362069334291524,0.538184818749774,0.223858560994002,0.549130844171776,0.22653595578103,0.571469778954624
-0.0324774754757805,0.896158650247346,30.720793094681,62.0397832032779,-0.979209880358148,0.0412365045353019,1,-0.489566301919301,2.22810491197954,1.5053992509726,0.976134753153201,1.39064077033172,1.02854040972819,0.975328696558702,1.11131374980009,1.43921969975495,1.0430315591003,1.1560808187084,1.17448424848934
-0.27186762330544,0.824761486914712,28.7548566729477,37.0235638429426,-0.920243838260556,0.104535971790407,1,-1.55934612631983,2.08799035383546,1.31388670743234,0.700725683830663,1.09614443490677,0.791532952095454,0.806193147900146,0.667066723663,0.661845347476442,0.87977616807059,1.4323888422013,0.664001859353671
0.223284462191309,0.234292399753291,1.92342574467317,1.31249793152669,-0.425325333102891,0.346988440994076,1,0.571398270667603,0.573520569973449,-0.669176645434047,0.453812597976427,0.032815401551968,0.360952089177262,-0.191117807516068,0.416840118726706,-0.119399013550497,0.390989864675796,0.109749825030439,0.445798275517612
0.480600177923878,0.540855014176487,10.2715515675781,12.2557978159516,-0.920646796093441,0.0959144277557538,1,1.57811074906065,1.32801546586599,0.932692973387606,0.620460351367657,0.379306961591988,0.655743423717448,0.554924591589348,0.628080665734318,0.860358302841475,0.654770078488943,1.07221888699407,0.672895381815671
-0.428765299856283,0.415715019795453,4.93072816391575,3.25224015809043,-0.722420721025305,0.21129978954433,1,-0.377805471486673,0.743865254774541,0.436542188054865,0.352414077361797,-0.0394694667153639,0.438237292689681,-0.708408059798518,0.545185684442988,0.0405840582917536,0.39263283481835,0.120335724961104,0.482962625906126
0.930600037218219,0.881240681515036,24.8466323706439,29.797220972445,-0.863027506976838,0.18997757316156,1,3.59803988643088,2.39398675712726,0.617110298784811,0.598799779402407,0.135603439192862,0.798321147379675,0.662286632838612,0.752544998770517,0.861786371599087,0.66552451994947,0.841782496102204,0.660350133214766
-0.318773908479463,1.2551674831271,73.1987884179848,158.578380088999,-0.973543374385842,0.0545195627741193,3,0.823244984488966,1.37639501897966,1.12772966718705,1.07597187842285,1.76556038008353,1.10739006611616,1.4178870791435,1.15575910708181,1.73141343932744,1.12140694111612,1.28375462385142,1.20296843181729
0.473324091399278,0.537400841909965,10.6514732252927,9.83547482996311,-0.903762094512541,0.0953309286778756,1,1.5284135148022,1.00747030496677,0.66933384105318,0.494221682001331,0.457089717171864,0.488172283167721,0.786405080914194,0.585842712466357,0.549767781081484,0.611960228050236,0.474040034002903,0.569647459874026
0.149492164304176,0.556344409362261,12.5913455383061,13.7109878024698,-0.893703693769123,0.115344526828795,1,-0.216698400160867,1.36028168374751,0.896489388332377,0.548973089482101,0.670953768570141,0.615739069279317,0.0235489773208341,0.668307911902506,0.233160349208196,0.737527812512588,0.581044007659499,0.584699180496145
-0.68729954748487,1.00412358243813,43.0193796627002,56.5039274025006,-0.940900643229497,0.0804267458006942,1,0.0740832636925185,1.60108730336793,1.33340857925386,0.701777996720114,0.941341066140902,0.799482124176693,1.12391152808082,0.672691569316884,-0.315781596623752,1.02294576599665,0.81094382334191,0.721226458665215
-1.56214477541332,1.43050166155667,30.4654706133343,45.6249701207718,-0.916452341668899,0.127257905899464,1,-2.13480309167413,2.06013010952138,0.561328246167775,0.816243874742886,1.28556542430681,0.751084065310178,0.85845999352778,0.763869000152961,0.484184054104038,0.821108147159261,0.46918154110335,0.82014315383673
-0.196154424514722,1.13013307810764,56.2290753341221,131.438465489992,-0.969030370205315,0.0743031393568932,1,0.986284696736472,2.39122931146278,-0.00749043332400624,1.25660518056067,1.53553097717052,1.15726054887261,1.55108760525323,1.21200517367711,1.38265768454661,1.23502594298755,1.27582636408592,1.16196106463093
-0.929874151506562,0.616258621719285,8.68948511787934,6.20633968443548,-0.616350517627191,0.293529151710475,1,-0.227173050330403,1.15197542480104,0.0711471771095419,0.515055192477417,0.251110738707893,0.502769736382243,0.375815488606553,0.514572320974735,0.286054968758114,0.473083481812061,-0.504532503517839,0.696985946032731
0.916481384599849,0.725973118197136,20.8779238257516,26.1346190481441,-0.799844106713115,0.235947185923404,1,1.69562180702608,1.10580349895747,0.504493232595101,0.669846331255724,0.933107128798686,0.724035638972117,1.13098030782929,0.664951691103404,0.290254744638315,0.689241586173765,0.41113273562669,0.796193251484357
0.649272956372391,0.399698246845054,3.91209652807519,2.8320757508238,-0.662631287308591,0.274886469471004,1,1.24966076187387,0.865712349667189,-0.165126416461471,0.456976196728482,0.665555600374598,0.397606920167794,0.275045895313853,0.406979679621944,-0.070974530521556,0.495944551824243,-0.0885560337384677,0.470331266190743
0.122827611992759,0.468223545804015,10.1440285408986,8.39847345244986,-0.817520928417149,0.114089820206624,1,0.448870707050663,0.634854144841882,0.407518999233852,0.448182419484212,0.0438689985677899,0.545074764409448,0.418267789664866,0.410013838726283,0.798216300602995,0.654558533848135,0.648501661489348,0.54769497163711
-0.410511544096001,0.966959253525752,38.9937169813504,58.1852805992246,-0.949421466566316,0.0788673735916477,1,0.906640919730138,1.53970516306878,0.75942276708082,0.80994976463663,1.29889262319384,0.710656191464057,0.843785386147096,0.853196900625955,1.44191506196553,0.811004551258263,0.520868091231643,1.01590868086426
0.961102340136984,0.981496037151832,17.9248794157767,20.8363180233355,-0.919856095344688,0.0942299450390855,1,2.56998018387257,2.49235140996906,0.879385552055987,0.686838189915012,0.547004342788013,0.636415665113699,0.488969284240044,0.667952268601874,1.24784391854647,0.640745303751136,0.655894660561182,0.651180091947862
-0.125355153877523,0.968381543474016,33.8193402595977,49.9547617698154,-0.945666288269612,0.0782825046729549,1,1.56807605566944,2.32126705519254,0.904805670148084,0.81386855559451,1.07070287179498,0.764421274940871,0.832111585538988,0.740512864807273,1.29481602401071,0.859974319086198,1.11274799894427,0.889230357462353
-0.0813258202161221,0.521387264943112,10.6871250458334,9.7126863048033,-0.844230515603078,0.155502301105356,1,-0.877687643047785,1.04983702868134,0.351082665867045,0.502831342361165,0.254925028484447,0.573841880632707,0.370073988877385,0.587192057306567,0.176638172591724,0.5087763296227,0.668168882454365,0.514976368060215
1.05349537820649,0.535405016976616,6.63554939575124,5.11094553103805,-0.807147347706285,0.140452244284542,1,0.796535243006835,1.06609915274883,0.276167761944934,0.418447691197242,0.566315974930846,0.46186928188718,0.0985836303931045,0.560486469512027,0.488485425752397,0.415725482284395,0.75863650637016,0.494775914804983
1.33072728491737,1.71192685582862,61.2658067466483,106.058183609418,-0.956471499611216,0.0775776917687401,1,3.16784902019418,4.104470952507,1.16013859783119,0.882881721194446,1.28559673851491,0.959923191393196,0.981929347057398,0.809058227924383,1.42993110292851,0.853396119770117,1.03526883747567,1.05549980986918
-0.297121975016859,0.6575704900247,17.1523368656245,22.0151189521273,-0.889682297449338,0.156163305755987,1,0.268553077099717,1.25529211919301,0.946645873939955,0.678596370432237,0.410220084251085,0.670413535054327,0.248200336241132,0.675122635091147,0.458206081308428,0.768790459421748,0.0873618294088614,0.703589049866465
-0.142251033866496,0.49528046011939,11.168015114174,10.0439464514333,-0.760934812758812,0.191673554344891,1,-0.770432322968804,0.812226267435126,0.411456265772919,0.431386190534497,0.32048368062563,0.635034276040265,0.474103014843453,0.506964177728585,0.00611824025004991,0.620806444357262,0.905407360433195,0.53865779816875
1.04716040675856,0.604055597880181,10.5585815800369,9.50156760770594,-0.743980530701384,0.226500301688843,1,3.13381762226799,1.48488102312824,0.157767773125703,0.562788253421848,0.586765957816775,0.594135110146048,0.445757246619034,0.592907512272421,0.446829484435864,0.593105438790067,0.128231137566181,0.660093832072501
-1.24583185576991,0.880955719574387,14.2575082885424,15.4397580040781,-0.867705986652134,0.160733514297052,1,-1.09065639120376,1.17596856473636,1.11214586286732,0.636403052587286,0.344852940498464,0.661897974114582,0.479798819458975,0.641956243477401,0.890732341878022,0.591918335944783,0.465401957927219,0.844645530399575
-0.0370660725096045,1.30554452659495,89.1996369244145,145.349226119851,-0.973502103313038,0.0424082545960887,1,-1.0438677862356,1.72437249470703,1.59172993242182,0.845086896908951,1.47496515437984,0.816301557907034,1.16962551313332,0.911214178793934,1.73075300228719,0.805499974289188,1.34532769991448,0.850022420092448
0.206079634445924,0.380182667434024,7.54144143049046,6.7038532488662,-0.751175066343301,0.194520018473186,1,-0.424698861706213,0.407633287434837,0.322809598295144,0.407654515016781,0.0990558921911403,0.621284061404411,0.560555740983441,0.511606971192479,-0.158958841731411,0.541669186707529,0.561536055272708,0.568039861950292
2.36987685774064,6.37450639470559,209.11162388153,993.937940570039,-0.98999996318831,0.0475234241742702,2,6.72326443996042,17.7269115120649,2.13070998836037,2.31188863903208,1.55396081187377,2.45971515501097,2.15540705051763,2.3934072178516,1.9863317428184,2.36027925702207,1.83735944952085,2.46401809965012
1.16695124516386,2.00934908903833,71.3629733098331,175.492784229598,-0.983015851964508,0.0399925746320816,1,2.54868259602785,4.18138763952603,1.55661336840063,1.28728039426017,1.08726635838,1.24169155434982,1.71912699757808,1.22993406772096,1.63958896766389,1.20013090390365,1.41598150143167,1.3563242577002
0.402578776169184,0.84961071064428,25.3522672854899,41.1818910955902,-0.950308487627173,0.0803061656383032,1,-0.00510834292832738,2.2303919385456,0.850338503987044,0.798505508951528,0.764839410803036,0.800269189122505,1.42317275641536,0.87725185317351,1.04624892541913,0.935754198095262,0.544007338405329,0.866702070303965
-1.23986977944286,2.12218199370519,82.9472818662093,239.171459962074,-0.988552418324192,0.0321322086670673,1,-5.08277875280363,7.55742232919087,1.86108612186875,1.43600607931813,1.79339005928015,1.36615842597868,1.74320226696718,1.51617139815769,1.84823820009149,1.4521401426553,1.66475481898543,1.46090296422905
-0.100036530289498,0.592132980641806,12.0532687162866,13.5057640968941,-0.876068894581993,0.149403644539694,1,2.37463070908364,2.00078108540579,0.639294035056708,0.589030295189795,0.612936692719156,0.670675646719767,0.863899743944401,0.621342243287535,0.141807823854115,0.625730379722357,0.610966736097556,0.695688533806558
-0.0799069173948244,0.447598817240685,8.71774406750158,8.66295452028045,-0.814873813896278,0.216597485446113,1,0.429971568701355,0.930035074333954,0.316897803033763,0.556163706464744,0.720108181048717,0.494284727061471,0.149765012700698,0.665952848010927,0.339542864459444,0.652782327195091,0.729329820460166,0.730154971612368
-1.95147745243594,3.03158173207953,90.0823980499431,218.679289709711,-0.980039987339436,0.0502933720498743,1,-2.05447725191082,4.16476587143203,1.55064282812344,1.24492824342437,1.62180447009184,1.2299913169839,1.15457930868505,1.23955535078449,1.70241351822134,1.26161769202254,1.32674770951817,1.28464271807741
-0.428137753824733,1.20878069146734,73.6150008678074,173.216667585057,-0.968283829248313,0.0736308634744072,1,-1.11670258974224,2.27929774694773,1.28146988416981,1.10168007044299,1.94371803849399,1.12045867789408,1.05054627922878,1.38138070393084,1.71731096349054,1.15876328972762,1.85362020097928,1.21513450465652
-0.19112462631157,0.450490884787344,10.8148242524741,8.10112019718408,-0.76220595451222,0.223813777377769,1,-0.974745315619815,0.716207335097997,0.83291378177021,0.329349105709769,0.569935022363906,0.468049750423943,0.428643793892687,0.527081373544683,0.524605714447989,0.664725615826461,0.512840936178431,0.593651708809934
0.416883684701876,0.514570408555522,8.5033699772801,5.66205438007199,-0.842649440583294,0.116813559076916,1,0.469981392727128,1.16989068980394,0.459228106607311,0.406668383020025,0.69183809218189,0.391720043924444,0.128539301779315,0.510576317281746,0.139502092285637,0.489754436144295,0.699214383553245,0.453834894002743
-0.371491693870556,0.439890684391249,12.1224207497786,12.3251565204165,-0.781752786479966,0.208015557521441,1,-0.17310023361855,0.563007312757216,0.299860378935867,0.54506907380368,0.648026258707832,0.538725337093197,0.14455125537219,0.625383919389951,0.449742663541137,0.552641305256752,0.355232962043554,0.726359625281297
-0.0908106823042647,0.465292605996406,10.6631494189418,7.91092609572964,-0.836972855211347,0.13815520063984,1,-0.860311848848032,0.819546870929883,0.531141072231453,0.38399060848761,0.805826804149358,0.409724092546463,0.844664822452891,0.383103076049202,0.690025757058057,0.428634381049241,0.739249464216911,0.562812866506544
-0.820757904445375,0.437565466685485,5.55108969567074,3.68497053012376,-0.595729692983935,0.370252081561507,1,-0.804202018586297,0.605756943899563,0.206096205463024,0.449596855275148,0.229778544860194,0.443170296116618,-0.242790433116776,0.470408922489137,-0.108780940805367,0.590423185210753,0.540568578312031,0.39094180844707
0.655278680329427,0.495279870673838,8.45491958650443,8.83425578656445,-0.874433362766652,0.146183973505013,1,0.522312445661377,1.08884540316394,0.198658465092578,0.596099270832074,0.541114557080673,0.493374537860951,0.419939498334366,0.611205156760699,0.551465022571469,0.539373837348118,0.582478351594285,0.726175893585356
0.195895433670678,0.377418419596048,6.80910640231531,4.84692530044972,-0.672085190591908,0.233131857991598,1,1.23369395951157,0.614248613888543,-0.0253280274469995,0.471647539362077,0.134713721529293,0.383144376898534,0.121032505627603,0.574552336609823,0.0125658570956844,0.637792999199481,0.21610819993157,0.4522586659042
0.838241622281709,0.799410758473408,17.4501286407647,21.2279367044767,-0.883746397383516,0.138515757419864,1,1.13204049923941,1.77485355327165,0.516909802439758,0.687074468067245,1.00707652723709,0.732551603674947,0.482560759642429,0.665214894116779,0.804828584862864,0.760212674372847,0.341007212166549,0.658291982211366
-0.105530133742836,0.415556254363935,8.08943715928661,6.15334171655291,-0.843885080036036,0.110800122314964,1,-1.01989457518281,0.738400068582352,0.450538287428988,0.419410012780013,0.442696923677894,0.428959114714598,0.288366734132701,0.484418074790991,0.339032977280087,0.362878267698928,0.416412344762784,0.484109594896039
0.460135565638751,0.380700986267663,7.27214583494873,5.10158347978252,-0.751368044792814,0.158940875773192,1,0.482139941862034,0.545696384987512,0.160090183768342,0.378981550249962,0.123350145290447,0.562965928251266,0.227718388773955,0.469361850958231,0.0305560177848981,0.509811296724815,0.0920192234243305,0.491905149815486
0.693108243558894,0.441948318202854,4.98726020062457,4.67726287685563,-0.775608498841697,0.228144479622004,1,2.27320144217277,1.25368757616892,-0.0242609562572702,0.564576976448574,0.203383653834462,0.593522712680417,-0.452288790893452,0.684022394784472,-0.241745398263082,0.59514899925016,0.34957877328501,0.71898419050599
0.535412147331251,0.467009766139958,9.48083918859058,6.19667254360288,-0.830816518824313,0.122275783265746,1,0.958959597174814,0.836297872036034,0.884213312523552,0.394143978889034,0.475849071214826,0.409440826533882,0.500896312453349,0.469793995095314,0.437235428228162,0.417334979466554,0.467201667463855,0.447757178656192
-2.7183314903484,5.19378913340357,193.843335616415,683.439297606958,-0.986184956152186,0.0498176665853736,1,-4.77612477361086,8.98032481892719,2.24216348713204,1.80404354000797,1.72225299969956,1.76176841870461,1.30881545077483,1.79988623505744,1.97438829325006,1.79163207734038,1.22515191025204,1.85401943512737
-0.511229563573656,0.715089655507295,14.3200802051144,17.2465123146948,-0.901343058274182,0.12242448767216,1,-0.943020005952618,1.51873129590324,0.766511629385773,0.679593013271062,0.734556483413052,0.672997770684004,0.394202005859583,0.549747552773512,0.651785453316805,0.609971839313639,0.735298423154383,0.712805998379238
-0.262470793367593,0.594181892982958,14.7717043674232,14.033052893562,-0.900006151133363,0.0881458339062258,1,0.638454888907875,1.20277096422676,0.754850303563774,0.619782232688809,0.560996093156918,0.51727674107023,0.65604946714685,0.454521211545296,0.639268148208976,0.665727153951643,0.993448484328755,0.463268746077717
0.295475302132008,0.434337700701107,6.48005065783511,4.38742398300223,-0.753135613668736,0.115417778635918,1,0.427901025682999,1.17487323126065,0.415141369875947,0.409629290748069,-0.00132378521607411,0.509977663721821,0.151911963055118,0.451126407846893,0.643365784109865,0.554754344062573,0.579295652261921,0.388967676692111
0.447785881191909,0.579539865439643,13.0485798767745,11.2714173333905,-0.859844469773402,0.116157565616581,1,0.701459850786661,1.0962895179858,0.242039313279256,0.521419338597901,1.06992805952796,0.414816830935829,0.885362569679756,0.496364713564635,0.426559066186813,0.539887224458862,1.47674935489757,0.446684419704643
0.455025895531017,1.46067035254794,77.5095353805514,206.507620607888,-0.984629452720927,0.0397750572890744,1,-0.490368557765553,2.34958522263358,1.64186747776547,1.34213581563719,1.19587442754109,1.26672441640404,1.3538760295865,1.44886874353138,1.50785853421698,1.34784581883853,1.85846035584426,1.26191897043555
0.483426902361542,1.28192190615482,78.0545611381873,131.210857759473,-0.943348180887414,0.103549550608089,1,0.257172838524587,2.2170286221185,1.23303958220119,0.86772574126652,1.47115356068852,0.879604856729045,1.12309829117157,0.890308619531777,1.2389120926744,0.810261876299279,0.914684170151799,1.06301900590927
0.410030803547631,0.380202212141735,5.47243891659068,4.46293295364696,-0.527768380415171,0.396148359996886,1,0.703052836061968,0.762016259147938,0.0126058325135365,0.578696124893872,0.412780484837239,0.591786492995132,-0.0253444538060343,0.504572199324417,-0.0723499229822334,0.557010753973176,0.208070376407876,0.507221466037759
0.137470132827658,0.329170683511456,6.75852650963309,4.36510451947489,-0.6374277155188,0.304271362224057,1,0.0711234140438907,0.440556994494567,0.633473440238327,0.331530760790285,0.484822299139201,0.370225323841621,-0.346641450134283,0.471263253697697,0.130758581367666,0.524792771035983,0.770690232725798,0.4049267105742
0.462435347177817,1.52866786567656,71.7170427587294,188.063485466312,-0.983824376798704,0.0418940762836194,1,4.33130771329164,6.60621553120812,1.42763359640503,1.30256457895108,1.61900337358149,1.38865472101465,1.61045163192667,1.37589568063023,2.01908434268587,1.238956608642,0.455115701425607,1.6677172461236
0.228410358431695,0.730382332858575,19.5337233041071,21.1006041462202,-0.907143782242796,0.11369205609918,1,0.80054589406629,1.64177344585435,-0.081936034663919,0.685367702757369,0.402347836403988,0.587189987964477,0.830880606290389,0.707637067516228,0.819365675035892,0.547344250326824,1.16868790121422,0.589426454389299
0.59026060246353,1.50511699864003,67.2276052102843,174.884737087598,-0.983525902362503,0.0433620748511675,1,2.9131787407043,4.87599877879225,1.60543478026633,1.31727567840383,1.31258017298026,1.34416709170127,1.41482723979387,1.33836630809188,1.65764591361877,1.33146142477293,1.97531704434569,1.27125693614024
-0.451060501292887,0.574139086943683,9.45631655266969,12.5767738525685,-0.843297888439406,0.193595734006929,1,-1.28272420073767,1.60781929585408,0.322283692313502,0.68466297942556,0.6463231656573,0.842708599586014,-0.00225511126520135,0.752947473096061,0.256013978650789,0.749911748929192,0.172573011726235,0.827833190407453
0.341240832015,0.414219738083366,5.27592638449138,3.8897221460582,-0.687569845287055,0.232289083571709,1,-0.543078234523225,0.979312370123807,0.0582819058695005,0.451398363748822,0.623868326516223,0.338851734575797,0.200409632140365,0.570987920713862,0.45067117065339,0.461491007549446,0.114894526664116,0.554427154966747
1.00054788523194,2.89257882150976,205.884031459912,848.801758830689,-0.989999978934369,0.0416931883240903,2,1.30588261718341,3.91184857286445,1.70554673111097,2.06656678184098,2.04519972682378,2.11767229524376,1.82471461933183,2.02799768160832,2.29627001447827,2.14010219352089,2.22319984453904,2.05630462945256
-0.117359176309164,0.636347487517967,19.0719322853538,29.3932829928278,-0.954738500642495,0.0689854799531519,1,0.667646952578382,1.19188740994188,0.76875265090394,0.778510204589125,1.01262828938916,0.771599401692026,1.09719558027477,0.876209285092268,0.389323590568584,0.834455304263566,1.37756078637026,0.801696031464668
0.729920045112728,0.499790961218759,8.71583397822075,7.24426804426878,-0.687644791883359,0.320392167296194,1,1.72356579729812,1.02971329400277,0.132589789997061,0.4591180946307,0.230299478462273,0.583238784911046,0.0251083090852315,0.471094775882261,0.268430607951881,0.453784303874687,0.49789044593497,0.54023888781698
-1.00657810147165,0.785350746654129,22.3097989218834,20.3624967622285,-0.844802690192914,0.130694770582551,1,-0.168557963792656,1.02526768044059,0.507037751483047,0.505010516640017,0.091490342719448,0.565772556378728,0.434818487866069,0.578654601632447,0.187001970571515,0.628077079720479,1.28625075696893,0.625630054252377
0.174280655592113,0.54279386351673,10.6020361046554,11.205521291085,-0.802386172882124,0.228555064585504,1,0.4342861122482,1.169690392576,0.418364117940957,0.600173716247154,0.322205200841592,0.584589442840759,0.419179873867219,0.68502751586563,0.496174267034396,0.629935959660004,0.881763487122449,0.610098409428118
0.182585055879046,0.425274920217263,9.08930757043692,7.36009877159503,-0.787735087059875,0.176091617673564,1,0.303086852192429,0.821352820268554,0.323488649304495,0.438804072289504,0.688554069501291,0.430967052318259,0.4116858843913,0.548970015837645,0.0807184014246256,0.524660255141968,0.46686951428685,0.506505173742347
-0.133644883961378,0.421438249900048,9.16736686261611,7.61601886474558,-0.757686004450872,0.191936593083088,1,-0.0737794085133895,0.726599801171858,0.499400576326118,0.509297287005591,0.315103369254011,0.466787400630772,0.562555749522616,0.464095554930097,0.718430460370707,0.605286103697376,0.515463875218246,0.638995828028205
-0.173014242969802,1.06326660909364,40.1295577845214,92.6145292083392,-0.96043643258911,0.0899825448282044,1,0.997655204848774,1.91703931573527,1.03525870115287,1.1664926858426,0.666331406214845,1.15632049632549,1.19139303666573,1.17032573106097,0.370755730718876,1.16944105382468,1.35138224118819,1.17881898610699
0.401623666919237,0.388448679984669,6.9539627398741,4.80281206488433,-0.538703804936218,0.369156447398739,1,1.0293409314414,0.738819481138639,0.391890837986968,0.45666480787373,-0.28947164064224,0.538052870139575,-0.334715644689216,0.474247864830004,-0.194895130788354,0.5318506166353,0.740482169439536,0.428694070740599
-1.21560983404846,0.889431551310863,17.6033615622855,18.5263328760113,-0.839550789846702,0.169831657163981,1,-0.280813382627517,0.839073346870111,-0.0995688955140918,0.637281127144187,0.718101059555595,0.519365203270018,-0.083730905957995,0.664606097586046,0.822733712116582,0.671361029751979,1.07434773891845,0.548093898530615
0.667925066763637,1.36591492220126,38.0324950075483,86.240872601118,-0.952678831879941,0.105841435577102,1,1.1736289753795,2.41240102928167,1.16783104614683,1.27394794707049,1.22078327796017,1.05166203911785,0.813942908197675,1.17533961317269,0.611277010643118,1.34739128347505,0.450462129724079,1.10391123975882
-0.177324250095485,0.574742605789268,10.4336421086005,9.65408770367404,-0.769952031327415,0.216583164600931,1,-0.832758015481769,1.68557463202282,0.401822786385894,0.552221177682198,0.710487455579637,0.52415455340866,0.896572633272638,0.457302118750044,0.624512630818141,0.544389810108449,0.622524030063068,0.54561512715683
0.641701876321132,1.69045277102226,61.9276770068043,168.935573219194,-0.986512605075796,0.0372507035829923,1,0.860814828818893,3.0381630853239,1.24579779432788,1.4888464316023,2.00294959144632,1.38439614116655,1.39525761568386,1.38284179921977,1.55211273753701,1.38981881503171,1.73318597978175,1.39540180378078
-0.187028875649511,0.555910941356861,10.72939159464,12.0552160451386,-0.891933124835027,0.114707997042828,1,0.275023492286335,1.27365482332931,0.553722641898601,0.590419957016994,0.511378885842707,0.60417748123043,0.684325455692313,0.693863430179768,0.72456046038069,0.782787729547182,1.04130447243528,0.664665916544605
2.14737448199247,3.33236570925385,101.952758053784,283.134024358992,-0.989999958908696,0.0276876394470871,2,-1.22960624353053,2.91255206553685,1.98372004405648,1.39095804820435,1.50915625827041,1.44108681793393,1.88582550226641,1.37060715613726,1.64756176309494,1.39825052562007,1.58494060139545,1.42429598061052
0.206224318419281,0.456001063202244,9.54038892474425,9.38308267593746,-0.727502710850892,0.290215964949295,1,0.448084758933227,0.63885567886286,-0.304688041630199,0.62448506216868,0.787006783261508,0.53552025918267,-0.180951669758758,0.697032649573796,0.330389429363065,0.702409128779859,0.665744181156191,0.56368728801615
-1.39039528511667,1.38304005184802,44.7302539381244,72.2642660630968,-0.962621743080005,0.060911626801353,1,-2.88491077422003,2.64978848787836,1.08878049618471,0.790094135917837,0.701045068003241,0.835450321858672,1.07179387468892,0.900938823368778,1.31480356970359,0.818669590135019,1.06459369439589,0.917116129247718
0.410085398655322,0.446909936508176,7.32810486435831,7.34777719766288,-0.815688186112976,0.1976102042757,1,0.61698022695566,0.931073094260023,0.425622831179011,0.574100828966048,0.436098214142364,0.568361247759761,0.956070081947967,0.557922305151499,0.420233138357797,0.621287717924957,0.220245976427367,0.642775521273243
-0.111289700941024,0.53389517511845,16.0823651238861,15.2248058349057,-0.851683717881107,0.164867887300756,1,0.438155178737995,1.00478180749297,0.0217051997808677,0.5421567067615,0.158090965975956,0.634808775003061,0.852139961553903,0.465261497995743,0.857954634228879,0.546438040029483,0.856774012925573,0.555082679184232
0.34217083684607,0.444095438914767,6.34703833375413,4.89883157315088,-0.869520763061166,0.100539355722153,1,1.52698527303941,1.12826497895489,0.0578001742081645,0.466005194198027,0.901921488731886,0.428739562105144,0.465947954133448,0.452166990605009,0.189652021824941,0.451154735454789,0.391262708094256,0.628922968785801
0.284300300746321,0.324363857356349,4.49444002132357,3.43284048504927,-0.728750860074691,0.210339465910739,1,0.796843991706186,0.777503980019563,-0.0637577669106546,0.452074015776399,0.174685277859036,0.480025455093169,0.015797521403722,0.434179334528971,0.250505883633151,0.485865511362277,0.484904961091921,0.509030913293222
0.574484989347341,0.886870020202033,27.6743447481754,38.151859364252,-0.96250190416721,0.0510672901016914,1,0.772100463728584,1.74143533827286,0.576437922556989,0.78829256342828,1.03457755574594,0.663144903914413,1.21817740828585,0.732894341382316,0.755730382365848,0.929424710386283,1.36913632009849,0.775245760784176
-0.198682864786499,0.354658339046569,4.59249197449959,3.94342735585943,-0.796627035959603,0.181184651400974,1,-0.419773358291359,0.868626479972378,0.184906976060543,0.497711425815373,0.18378454257671,0.504760217818462,0.573460304733786,0.458607728452071,0.250251522940748,0.534544282963886,0.242327387545036,0.545691780816213
0.993742457084332,0.637483656624828,15.2901982675228,12.8060492339206,-0.785657562291782,0.1793499097593,1,0.762830033436435,0.994644745243378,0.786574439208,0.467206622827251,1.09994454051648,0.444349080230029,0.741772667916109,0.510683463357635,0.324216738725238,0.659896204508388,0.335933619394374,0.470106311035881
0.546105814066466,1.11840255916802,25.8439692566854,48.6477598354623,-0.956379620476716,0.0832546035163576,1,0.970236403925165,2.66582074699171,0.740822739731911,0.986271413635188,1.27115838866685,0.920674087052165,1.26406890437947,1.0169074690262,1.1756705209987,1.18042535189226,1.24334435059111,1.00389644466566
-0.677068295208287,0.509487230092076,9.98753964462053,9.62205292973764,-0.732308549348183,0.270235914169842,1,-1.14612718520691,0.861399572268156,0.0593806960478448,0.507171403552852,0.644544762354881,0.57462467715068,-0.10433265020574,0.546402148656707,0.691374222762018,0.569081124906366,-0.271769461320306,0.814754925488955
-0.893721786360469,1.18938389215772,52.1529790225215,77.212885758219,-0.960359982632366,0.0594030666048029,1,-0.997385096506259,1.61650463409223,0.856860250858802,0.788405544678692,1.25087844085132,0.741943898871312,1.5011968630685,0.751496285766279,1.50978404035457,0.796741143353642,1.7068002682643,0.786744331377216
-0.400327592354151,0.403213030621254,6.41860180592802,5.3741249925879,-0.639121259510312,0.308795698154105,1,0.555261944503577,0.699633787881132,0.355487160435749,0.521425643167192,0.193065789040665,0.52326481472854,0.309322626959056,0.471751875114028,0.0664229942169996,0.658578537982657,0.310139347341318,0.537195918138101
-0.447770795982401,0.561854328866739,11.218541228518,10.2547754564606,-0.824824252964669,0.198870251617625,1,0.671744814196284,1.16663059149422,-0.159372397660384,0.589042138517456,0.610036637272283,0.591826322922466,0.538126344853098,0.401324542203082,0.487809909899213,0.583881165458134,1.17905145209663,0.692167703932532
1.08485524990379,0.538245308590781,10.1517453450794,7.85992900479198,-0.572204830192429,0.411049404562197,1,1.3762294381286,0.871418333274044,0.0608261342552914,0.612400689129394,0.341831663922626,0.437656998505845,-0.160836190236003,0.712580870842015,0.202380671730215,0.508057994746267,0.186495647116867,0.4789856692765
-0.213937618077128,0.497058019007337,8.98219724052755,9.40800259836728,-0.85850405782089,0.158501674837191,1,0.215099608148667,1.03173007479125,0.435689426324537,0.562151102728325,0.487389661542184,0.571613223438094,0.845578580515522,0.606066083622338,-0.00259427784568214,0.708212870019235,0.937669943847191,0.63515070248335
0.343854922346421,0.502896720237396,8.96780102747417,6.52229168715957,-0.754117154032213,0.196954876596891,1,-0.161333813061589,0.867269170666879,0.273135744237588,0.446257954929986,0.323458911924221,0.424090675747765,0.172163600554325,0.504013348325013,0.559226210323839,0.449011070145077,-0.219832229215658,0.555971476435934
-0.462135849525602,0.674249565390671,14.987855596832,20.1592425079166,-0.91111752372319,0.120179276212722,1,-0.255557908838116,1.50823042191352,0.788978472426566,0.625974832573133,0.837242810036039,0.77436912782375,0.683705290077731,0.744660131904774,1.02054246394298,0.680759994510397,0.248379344862138,0.784385595696314
-2.50564931107505,3.56449906239422,64.8150649324021,180.028396770198,-0.979948951257495,0.0555817109597323,1,-2.44384873169944,3.88733911609523,1.29733611249385,1.47711108132248,1.5526137844241,1.55278375052985,1.66748844053611,1.40128129405712,1.29041754355791,1.46985654694887,1.06765884899822,1.4204357505835
-1.41250382550167,0.954814019004349,17.8699632228188,21.7034567595004,-0.915605673880609,0.110925676357713,1,-1.81497027876387,1.49507755614364,0.80772205009021,0.621761773137519,1.0323406840447,0.710417746064293,1.02255188014264,0.704147436721264,0.923774101153261,0.751009808777287,0.79968250202097,0.794397389554896
0.567694457730203,0.531611574971787,8.91533051542386,6.90285256479384,-0.838528655536353,0.136241723988757,1,0.300172582120542,1.01184159519344,0.296979370580235,0.409732124674233,0.620757718323811,0.419505795289071,0.381046248546708,0.466096017371077,0.253550667628175,0.552829783918022,1.0250557776758,0.467965638260637
-0.137587774993683,0.579165720249215,17.3093612895409,20.5639300796239,-0.928641904165331,0.0894966191171639,1,-2.30720524456351,1.78282354080933,1.11883878105486,0.658733565421952,0.958268640816569,0.613344608337895,0.761744867336084,0.545761744560536,0.553330908959669,0.74366369487594,0.192521642140575,0.78170212277982
-0.0481136966437743,0.414025773580332,8.25878402154561,7.10887073176675,-0.870039862367123,0.102873568431475,1,-0.140483229340825,0.748561980106188,0.770716465560144,0.450214806167174,0.807520936889766,0.402443436919209,0.717704986724137,0.535154186751938,0.19276658022123,0.723390422039196,0.553776555129322,0.507559784751399
-0.383408445929918,0.649606312370362,17.3014723819407,21.1737027228512,-0.928992961589479,0.0819093703456084,1,-0.989978805812681,1.31680621927398,0.277640238442895,0.661617699942512,1.00260672847475,0.584745593578791,0.660056995754918,0.620179940977884,1.09860102218236,0.637348859572099,0.817992665726504,0.723895784140345
0.163036196284942,0.365092220308414,4.84285688671447,4.61042379781703,-0.684228312187713,0.301319111555624,1,1.02262269406759,0.797546833492843,-0.185204161017814,0.472973361389784,0.16217646643825,0.478925302538394,0.154455860271566,0.509159608648349,-0.0527811268828603,0.590034310630579,0.557431184186731,0.633318979121791
-0.203280984252875,0.523797209409991,11.4426100377353,13.8936747053388,-0.723646873648124,0.345066711951062,1,0.868834129406721,1.02043064423397,-0.24611024339196,0.695332565288672,0.122060502044115,0.700472266865448,0.310833513840076,0.753742801050261,-0.342673719866008,0.933224424920726,0.689737568931937,0.71663282560788
1.51922790888727,3.48214319153394,139.528072218724,525.883888822829,-0.989999975542031,0.0366273173966342,2,4.36810934610277,8.93828992988978,1.96488344350323,1.95512995290127,2.08947126694938,1.78112481934939,2.03022277659301,1.92409183011702,1.56475773113122,1.85961748543856,1.78786268754661,1.94395015564695
-0.317544768513903,0.619338660744784,19.0409657097551,17.7456629024117,-0.765004784263347,0.214293102360406,1,-0.291815608763094,0.820147423565393,0.960530428213037,0.471514590052276,1.2136500858628,0.421216037535172,0.343839140967926,0.812359365604485,0.814102762328047,0.553080178098631,0.116541957054847,0.817090071650282
0.405468368064405,0.502258059982443,9.80269350953905,9.78875789417057,-0.866473113103069,0.119506476332295,1,0.746444876992315,1.07205993314759,0.005269378004333,0.613056994707793,0.642331168136737,0.536014787060044,0.0225255525188155,0.720944888337863,0.85174372327463,0.577992877446877,0.656505418016979,0.68035210415061
1.00958188290599,1.05376741397477,31.8475369607414,45.5333771385737,-0.955550522439856,0.0620332546574746,1,1.90454049961444,1.80529362869211,0.673422485782903,0.711240824140159,0.973788922850633,0.708193784164173,1.14172455017842,0.731571848392246,1.07956428727463,0.787932978874247,1.51364608974563,0.71209336786567
-0.875759286008919,1.16049784620944,44.4007082742904,66.6257292758475,-0.97202994023823,0.0431112000786563,1,-0.343136803356026,2.00201598504348,1.54019087059717,0.817052282719947,1.74289121647634,0.766944085462455,0.917880762802514,0.827122594872925,1.39977729077444,0.787859562147615,1.35419449148287,0.866988972268419
-0.49360666673023,0.613610343549862,14.1609168104752,10.1071814381748,-0.845104963762807,0.122385698545524,1,-2.14429170242282,1.09665739178232,0.841130253422053,0.436093601332824,0.247280557905377,0.392392286476766,0.663694791039921,0.403950908794332,0.3363473320023,0.453911177938991,0.602666147187628,0.44189815058083
-0.274287376399651,0.345830552072243,4.09135289947166,3.21375108071936,-0.665947983359897,0.273715030248957,1,-0.57950214021182,0.594905821125141,-0.0735288956972497,0.383616106863699,0.219069043635275,0.424587282567054,-0.100496947345246,0.506891140944958,0.418742922743521,0.485483233565013,-1.84989517074541,1.07066187993617
-0.401951207518291,0.643868577692415,15.6548584075051,17.131509380385,-0.79471621384912,0.216980004248752,1,-0.415365868429087,1.06624065744447,0.715769959346256,0.567195067499125,0.716789522488007,0.583912729482605,0.028177950668885,0.716630875396857,0.897409741893914,0.639071888526962,0.224278976144588,0.597904052565195
-0.671769485548471,1.0765286837856,34.0663962586098,58.7443065975758,-0.947262306017002,0.0894996433657732,1,0.803284945745262,1.85276399028492,1.26472541455706,0.933022492243805,0.609993229252993,0.887435596463895,0.619868607354013,0.886282849697551,1.48127955849329,0.877914054330047,1.16225205930485,0.863331505255676
-0.473421644888728,0.965085706985703,24.4783415210455,39.4447875799708,-0.957918787177515,0.071313307334148,1,-1.32697665797981,2.31234219506153,0.758660514578251,0.847586620062599,1.24892952261697,0.791171404262583,1.17905608084045,0.84314325012825,1.19209520764325,0.914213567086585,1.20045365163901,0.821890053672733
0.43674914966356,0.279719169540882,2.67820626464436,1.62125475381849,-0.53278349948669,0.300992458578939,1,0.261100680689243,0.50542250878992,-0.00789842551641266,0.343295774391029,-0.162810517347038,0.398267540677581,0.0976049561504101,0.379663886327318,-0.230805603506516,0.492455520742976,0.379111761489709,0.368037979776399
-0.272958446539885,0.567864530610137,11.435581199976,13.9369380086891,-0.843509350481995,0.174997019092587,1,0.059647838972009,0.913472939962736,0.174700759187367,0.65444073234838,0.242685512496822,0.678382368351986,0.756220602208532,0.514293993079119,0.707915085951181,0.624395554967517,0.509201925951991,0.695179754833771
-0.11685163962091,0.23545218429284,1.60566668294736,0.866871227486015,-0.252748668458529,0.41259661663777,1,0.513690985614519,0.539516844380416,-0.288568222548933,0.343445570743793,-0.181435753578543,0.362331799751237,-0.422106493253689,0.466560688550023,-0.225514228157627,0.503041581628841,-0.176915636873077,0.392955674359946
0.562492312394558,0.488489933707625,8.94157975056732,7.17803993390191,-0.821075724852628,0.153921605428765,1,0.00905415896125608,0.867529018923607,0.636889073195324,0.408258448534983,0.265488056563274,0.437082992137106,-0.310659991169702,0.554557649857128,0.372602354867948,0.449717804975406,0.336476506457371,0.495050453503635
-0.194121940136821,0.539207673615969,12.6728611353176,9.05629556371621,-0.735244990758414,0.181567429061423,1,-0.191906981050188,0.907861878724113,0.393814148478495,0.449991743541948,0.275446505533946,0.443176928646375,0.433530114113801,0.515379980613724,1.14895943451005,0.444475802416746,0.0204259479015607,0.601339578487218
-0.0653886076629404,0.31990854423285,5.82768304063297,3.70221746618026,-0.622890690036221,0.250080707361655,1,-0.497682350134999,0.633956969364304,-0.0128599622912199,0.363110579817187,-0.131202784044874,0.453980455697941,0.71099133359734,0.334928577623255,-0.269664162803895,0.459722929311818,0.0680941362640259,0.433905693092342
0.0769790314235323,0.361218999699995,7.67100864574753,4.51130421803973,-0.685592226561183,0.193319548125989,1,-0.135576945594277,0.638590120981862,0.576884241661251,0.307153209091573,0.00114731366551512,0.449628992434978,0.600217470718514,0.417478856280896,0.295100569454374,0.429059531089696,0.374915661006814,0.461399057203133
0.367933351196421,0.408346970527981,9.64637411035642,7.48617496010823,-0.672505048108061,0.290381339830963,1,0.633320032165774,0.581249621350964,-0.0658418000058437,0.484663914716706,0.363018481562396,0.458232799075165,0.628216522375938,0.474299073939915,0.307999835269253,0.450893594182765,-0.311582826186842,0.609864947237706
-0.0871992555452123,0.894085585098383,28.3693407187429,41.8992624403937,-0.952054534761001,0.067915456690154,1,0.784990708302754,1.64397207972268,0.706611492889679,0.799814261315236,0.627341362814556,0.80259842533879,1.25938798182121,0.725606051968898,1.2228790058388,0.724027195095614,1.3406965237824,0.786822270221518
2.1446094891734,3.78675556416137,141.108858567139,395.512923310555,-0.980455167008568,0.0586225060671532,3,2.00844465986416,5.12853376943608,1.57878961507188,1.28007776950122,1.99145384673339,1.50465333532897,1.64118887416261,1.59683980004264,1.91753952608338,1.3956157403934,1.76616888666974,1.36034994546004
2.75034509262864,4.34143957519945,153.509982568697,455.312068387916,-0.989999903195287,0.0294215206343048,2,1.72831071834716,4.73859139738717,2.21913825065779,1.46972030892633,1.82466723802894,1.47986688531368,1.68631863489776,1.5617643387766,1.8349298849156,1.58016118294399,2.15669104181725,1.58821005242532
-0.0980063431737266,0.529541080557089,10.0996206828161,9.42668001828459,-0.849491729467149,0.124962742745177,1,-0.615698345194143,1.40394912813215,0.579592567397272,0.485142096130911,0.889090518359774,0.503327497314129,0.56608278932739,0.512586180644315,0.236498688007043,0.664010764309131,0.624825314549338,0.547397556648985
0.552200811282077,0.888770657071849,22.4803903247914,33.4559209591569,-0.917593132626142,0.12543491031466,1,0.22129123944687,1.26769236307473,1.20057123780923,0.679372500233458,0.257694389664115,0.80479702686816,0.847978699639133,0.865998643354554,0.802043416325344,0.766186367226665,0.878873773442768,0.835320146368203
0.567792143066697,1.37702296905913,66.3631946303031,196.234809558538,-0.960535958089807,0.120015714096369,1,5.37271679841363,6.91542151821454,0.657054431639611,1.53031185155859,1.66411574535824,1.49021603706878,1.42666315846765,1.49475918482947,1.08486927635153,1.52922977196894,1.43272629985283,1.55626680729273
0.417818295782729,0.314668113835019,3.85638647275611,2.19378311011431,-0.529080140738832,0.290303636727032,1,1.22649566214325,0.670547452067498,-0.00394713620104863,0.335180809249365,0.250711553109941,0.411732207665484,-0.192122073618165,0.385955116181061,-0.131877664641527,0.446643558957042,0.070912674004246,0.555356566314147
-1.03500488454839,0.759487135796401,13.048239155704,12.870348208251,-0.857882931087562,0.166018946909982,1,-1.1554051462306,1.06410600342902,0.56914146733684,0.511803523975843,0.443628801980247,0.559151805256503,0.482163558703978,0.568645904882619,0.843391979824009,0.548086060351885,0.489129113226375,0.650764525092743
0.01658633796247,0.529408979638321,11.0387468816002,14.2505071080685,-0.921634899737028,0.0965763011943936,1,0.62831327223614,1.03395976913862,0.853547285605796,0.608672798453686,0.437511221643424,0.615793375404356,0.19491590212828,0.78451549378126,0.313187656584025,0.759977398933269,1.3974494875676,0.733153266114017
0.164708414961579,1.27860664696626,62.767974357832,143.432962434863,-0.970148486414618,0.0627322886109046,1,-2.38419255651332,3.4524518161679,1.29143292039559,1.17861243619282,1.1311097733514,1.18335299471254,1.24997816539312,1.11184881076198,0.968823423628649,1.17963298149902,1.25862301167742,1.18292365718376
0.411003948079363,0.234608290054244,2.80191635339938,1.63713115530927,-0.51131527373629,0.277644612707776,1,0.9464341062001,0.443318111270311,-0.472256983668683,0.327472211043762,-0.149743270100101,0.409626171877819,-0.0134580992067504,0.40994773270874,0.357127363460684,0.40878702782799,0.126289342695054,0.375480261353301
-0.0960887272505302,0.770034574493516,24.0777970648541,29.5200802873147,-0.91501996036884,0.0964811329746233,1,0.408242249963953,1.74398324174268,0.677219895948497,0.67877651782041,1.21686123320554,0.63260050908433,0.450706578782979,0.827456702206466,0.622616343201426,0.699868404937533,1.46958121394327,0.598157978905883
-0.587824935765369,1.41976421428798,59.7197914185664,119.652157709536,-0.964468742691627,0.0747542219972387,3,-0.348447203623459,2.39444108500315,1.38587304869203,1.11609855337532,1.12569008503501,0.99328325308744,1.08279871670964,1.01864424481015,0.876063515858146,1.1063097530987,1.41352278593488,1.01613992319944
-0.324713903276752,1.79926744669884,129.210961166139,516.432337273993,-0.989999975141135,0.0387086243943886,2,-4.12029573992888,8.87577074063767,1.71899490519325,1.93722065176998,1.85836536023996,2.06827991594885,2.1520518880144,2.09940500364485,1.90256103309023,2.08060837675871,1.64606062447865,2.00538627838048
-0.229726726682251,0.795768337889664,27.4393468752241,27.2900649978143,-0.837058362320221,0.158830040697774,1,1.89755408946374,1.3493414713023,0.870146576760171,0.521872859656007,0.45420572663573,0.621281156212321,0.791694864881956,0.542702634680478,0.800767347590156,0.604380489175164,1.14195323964629,0.466708337504598
-0.962884419770771,1.89712878087065,98.001258533976,291.311956416543,-0.972027395147761,0.0873119868290432,1,-3.47433272240848,5.55940530856834,1.03480287097053,1.47895368473357,1.99748674439431,1.51364056742334,1.55863890343258,1.58206749673466,1.59624715841586,1.46515306557384,1.46010596192008,1.53107184683978
-1.41252286278823,1.87838835856785,60.4563286386148,115.979302748567,-0.947864484156531,0.0997781177761378,1,-1.11612309553187,2.21105393441016,0.311418625854289,1.02350661791676,1.111459554442,0.902008449023367,0.908772686775989,1.15077532436509,1.08472278499296,1.01144378922456,1.37111054476009,1.00127244033561
-0.82575415343091,1.91774743080159,125.432016170469,429.488539197367,-0.989999954463228,0.0338192468626951,2,-0.557070531257236,2.3977756057577,1.62280695131157,1.72281535170624,1.88187873097641,1.68574411884025,1.78530674322349,1.82446968325843,2.08094274586504,1.8076005840677,1.77513892148205,1.82638663432367
-0.667554299861207,0.620483581258576,8.06352614989273,10.2763138952887,-0.814746999369403,0.262521492807488,1,-1.28992918463651,1.169705381949,0.834876651331178,0.653869480104692,-0.336029243058642,0.675427963316572,0.651916782207344,0.818209464291799,-0.536417169896269,0.728925406027098,0.425854057414804,0.83008422676932
-0.0245530388611095,1.01778689115093,42.2401175092229,137.835978033361,-0.967471251537643,0.109632489112681,1,2.55957591957049,5.43994780497756,0.823029765482242,1.79129357532776,0.502353968216471,1.51504661588907,1.80324745277378,1.59014403167595,0.65914401560341,1.6148640395073,0.55703304020077,1.8141103233997
2.39621962925574,4.32972231417381,178.821211768016,608.246768517509,-0.987390218314081,0.044287824476273,1,1.77028030683064,3.75572043393919,1.84595015369161,1.70323568198187,1.81755521836039,1.65388067749346,2.06342712660405,1.79111709943138,1.4387228664056,1.76989818561305,2.22874083758932,1.8304653051083
0.0735565059966752,0.477370930107982,9.28279726579551,9.85121310097288,-0.779950556167903,0.236660439357356,1,0.185986081693212,1.07859450359476,0.540424058993142,0.597791792485535,-0.356596753678315,0.782049972287912,0.393500261070401,0.591965761942078,-0.0540960625215429,0.630854508850335,0.731156453999097,0.578969804263586
-0.0115876136602858,0.591013484634412,18.0641194260501,13.5692064066034,-0.861516729791874,0.125456857169932,1,-0.251013258604284,0.965663424287853,0.911054772781578,0.414071604289375,0.375114940028025,0.471622114023251,0.388380061229877,0.504776797827213,1.05245266380674,0.534797074689361,0.613789016843859,0.671515080375098
0.672359088621918,1.09852642015737,37.8062824308654,68.8869010290355,-0.931764930780275,0.120643164225237,1,0.842741356898642,2.61282466048479,1.16867996583192,1.00954033618644,1.00988653156402,0.892635272566285,1.03554470691062,0.996183188538525,0.772865368129154,0.930307652451788,0.987852488196574,0.970386984411872
-0.040632518871223,0.390861901325885,6.4262934881741,4.44781922039716,-0.751547626115785,0.201870008749693,1,-0.946661833901649,0.78541178510778,0.688833838939083,0.372377738984789,0.243366164556195,0.427058438926,0.0746049919128481,0.443365665874391,0.682683071910029,0.388882974078408,-0.694562122792167,0.658257650418579
-0.653457510893699,1.60133633640378,70.4265954118685,170.741374942868,-0.982900691675578,0.0407560720353197,1,-0.134051509522365,1.67942560628955,1.00272685057507,1.17722139989826,1.39332894658889,1.19752100093203,1.39323293838631,1.31541312671165,1.3640124135769,1.16317905768943,1.32781377852827,1.197729906142
0.166212732375888,0.378541919483724,7.66131797534373,7.38828539922339,-0.738195377115707,0.263861424051477,1,-0.448896243026019,0.613077215913053,0.940396527312695,0.539755749372949,0.561336022044311,0.504285682903188,-0.0436296053953609,0.690810893697319,-0.108137029671524,0.619201047579021,0.0747799587102154,0.641587789360655
-0.400357644088074,0.725065998009485,17.3378555098948,22.102830482149,-0.874813742147899,0.147847205685763,1,-0.295278296697544,1.33410174975488,0.714595484589811,0.626546459189674,0.327899047938671,0.633968988986997,0.764643171669245,0.617389836085479,0.909499531702992,0.683289004230164,0.493645699940897,0.665588215997693
0.338430991603188,0.768957974987771,22.950595549016,35.4503124533105,-0.957337269875627,0.0699124278227518,1,0.857347026851973,1.5731628334938,1.24065924242911,0.799284047935937,0.893323545351328,0.778713064526828,0.947290474595781,0.853692587822045,1.18580587130844,0.823165716793322,0.821479876849237,0.923444414180749
1.13150620750992,0.971132491807823,16.4707205643979,18.9653950852295,-0.922729211352743,0.0891375341216059,1,2.37536909982493,2.04496537715092,0.679619087226699,0.598754493848355,1.01281566529595,0.637620652376946,0.814553007656071,0.589289466405621,-0.0519070865748803,0.710805866002684,0.982883211043447,0.66455750843047
-0.284754660237363,0.396811432245057,6.44697472525097,5.76688023780965,-0.85662033888414,0.119334606619661,1,0.460562221771931,0.623983693396349,0.541082074024599,0.466774747092069,0.501750909094684,0.558638867856613,-0.432610315647391,0.604063982424636,0.677003134883389,0.419237246463441,0.39415611050939,0.592380435874286
-0.392570703219297,0.508831092357898,10.7424780658442,10.8372385711455,-0.716770959245025,0.313161463784216,1,-0.231184478764795,0.730160123842622,0.637672337161185,0.403309306726516,0.735395084404057,0.682972655836466,0.100704097098422,0.567138191033176,0.623138897245616,0.580100637191058,0.458815753366691,0.609823635091488
-0.47358892340595,1.26952943041967,67.4726764663813,144.421891055871,-0.969115962426524,0.0638982595699906,1,0.641805039093193,2.33334120880957,0.733523653730019,1.07285851265292,1.55545383436357,1.05625171723198,1.0594267063552,1.16232214922598,1.23064355635722,1.09661729617729,1.66507568943167,1.17978630747892
-0.323871501835878,1.52326414081233,131.254340851283,312.448954829568,-0.980531358745725,0.0473501848026635,3,-1.1087381446304,2.12531291221974,1.97277851878781,1.22033094940827,1.29526709206737,1.22080981716042,1.74468703266145,1.2400632737117,1.28041166657362,1.23355324137997,0.838673004721027,1.14733086319868
0.616375722361015,0.903150041546847,23.7743777228673,30.4006217204337,-0.902168135920688,0.113558540459579,1,1.36614331176019,2.25789654814007,0.050688294131112,0.819766938993766,1.36118716304729,0.739668549919076,0.849803666979339,0.631084574517943,0.507158278231103,0.775579822055522,1.10259605278784,0.903852543836622
0.268545560798485,0.288825886016743,3.57854048972916,1.96622566817476,-0.558018007992047,0.274213695577708,1,-0.149537457934716,0.533196806413732,0.0644334384121393,0.387636999147463,-0.14039738170225,0.380420255345668,-0.0905054045114516,0.37917244434107,0.352473512333595,0.358357394694297,-0.287612443213729,0.479107975781531
-0.100020198386099,0.502127034882591,14.6877475335043,10.0743577263217,-0.843720862964551,0.0982787045797787,1,-1.15130934809645,0.593105028110036,0.753375827548586,0.355632513764914,1.02827234988287,0.339873827789778,0.883929195452937,0.424029745971278,0.562780064899515,0.392530278803509,0.835520542682828,0.488067661227319
0.251082661014708,1.40023516110275,84.6960733598699,256.266277700737,-0.989999946527613,0.0309098765857795,2,2.88796574611752,4.87989296333634,1.86016312745687,1.57000095751565,1.67709588916123,1.55463234432056,2.13425453117711,1.55862689605233,1.96315526210398,1.60526060985304,1.24225556282182,1.73568797396978
-0.232318402216789,0.379959126050138,5.23631064035368,3.31794240895159,-0.631078263589322,0.237559433582219,1,0.0530750517613841,0.655771929302108,0.330754024219311,0.371276567584149,0.306513802398997,0.398003111112342,0.606072711542703,0.449034877693426,0.317854558681312,0.397254601904104,0.292664151248689,0.464088699113378
0.402562636056949,0.779345849124039,20.5870304926274,29.1417664712897,-0.949281005222062,0.0740434252705869,1,-0.00938621434438166,1.47429277845958,0.898246672711149,0.730246533145601,1.07610243542231,0.741942103486556,1.00932976114696,0.790164391260675,1.36896842882521,0.77771887053805,0.653771276265298,0.871263948277819
-0.362550796616638,0.975509841619777,40.5588623877232,55.2297769293841,-0.9704072133535,0.0424411061224938,1,-0.785766517820534,1.45440242085584,0.938706678139232,0.779651929623428,1.40947328306531,0.816045182927478,1.15216296954884,0.73212173052965,0.71185455686757,0.701761377477915,0.971532627565543,0.77101804180631
0.104687526055595,0.549330105591325,14.1960020912085,15.7205320429959,-0.904597081804609,0.102667089913502,1,0.121755099142469,1.15926472413505,0.332558914427289,0.649111254214275,0.866145098711615,0.641704622949263,0.355823971807265,0.612160601137894,0.313832849782467,0.679310352914436,1.1542151420151,0.620912993147189
0.467731528970965,1.03950631516672,48.4147657624551,76.3545291170319,-0.9564123080705,0.0760596310949351,1,-0.974248434673552,2.14061852952524,1.25770098569889,0.864567928673801,0.929111190033624,0.807557045171952,1.14093777585441,0.996361365161231,1.00581860519782,0.757178337041669,1.16995947562901,0.842257786715745
0.271843679054693,0.65966972628149,23.5554236964202,24.1505037333067,-0.865790680981452,0.125815705188664,1,-1.07794309322281,1.33306885304851,1.12641205005236,0.451291726273922,0.68896095093432,0.581360696654626,1.04657408048031,0.618549980497095,0.647296585022165,0.560039617490473,-0.0551992499838048,0.829263892668023
0.374402925299146,0.38791375115852,3.44108614452812,2.38965019059245,-0.589741249487224,0.365171008537133,1,1.49539060390101,1.108407255384,-0.117929071160073,0.31037455892067,-0.128542261037533,0.411747759325976,0.043462917598744,0.429508757254883,0.262977988184198,0.5187968877867,0.694286544768226,0.374275962949334
-0.136520458315631,0.597814464068388,16.5763953272151,14.8670424264648,-0.884754007401095,0.0958793057842919,1,-1.19212368973563,1.27761261374091,0.806808475460945,0.508176344966725,0.49579914428296,0.527140460798398,0.250986901375071,0.564848051402667,0.969927445597774,0.458177504804358,0.434218939274369,0.556766072638376
0.542331932240821,0.524321941435896,14.158205179008,11.819839818177,-0.848653909994856,0.104636048237555,1,0.56559624292446,0.716977148736461,0.94050386153066,0.458965973416738,0.450005363090047,0.470551996452505,0.631938453688143,0.39935286661816,0.249648957339196,0.546451287163936,0.701224783810047,0.466497476266658
0.000240541456285101,1.14866247584971,63.230112309201,110.603453824817,-0.975177046206593,0.0446519540018577,1,-0.669516412637704,2.09474140724231,1.65467663499937,0.884258484562384,0.566364712285645,0.969164706563563,1.40367007194351,0.883701210742575,0.688100661688018,0.959425383294064,0.886480710875122,0.959251769907126
0.105987878555828,1.53767061044256,71.8580859071663,222.52666170153,-0.977709490839935,0.0706430277407117,1,2.06414590829806,5.26849228341611,1.19484185382433,1.63114500293279,0.966135761804749,1.50006965239062,0.0236632213881071,2.00447929729821,0.862361798933788,1.49087501910445,0.838275438105809,1.56760910830357
1.24871154994996,1.48120577910047,41.727150366565,79.8057112093941,-0.961320041508889,0.0677776807993651,1,0.684012576658764,2.05194688640147,0.984398881732259,1.05018805690804,1.27246953269963,0.914548866871133,1.43630396845894,0.990690068955411,1.37035635713688,1.05463338925576,1.26020109061653,1.03038097654329
-0.0653703802343483,0.553377126983401,13.1636613516445,15.1523760576308,-0.866185971661164,0.147413260857699,1,0.999851756276857,0.9047120659433,0.853131289266538,0.559390404846533,0.399460847674651,0.662221063714982,0.685443635600139,0.573784729270939,0.795574786267622,0.596307730600146,0.64928546401919,0.565960730125591
0.724062620713034,1.25575426412366,44.4491644086109,89.8871626531367,-0.967805107110175,0.0630475650333043,1,-2.15999922555009,2.7682783430029,0.603972873199067,1.10162007734693,1.48293587194818,1.0596955439777,1.37203323838385,0.96994988682464,1.20063927020042,1.0314962233884,0.702271681293266,1.05905648344104
-0.114570149787916,0.404770568487942,7.23164433784837,5.39114661634272,-0.832571849821107,0.126495392540436,1,-0.278941561686391,0.710238288686538,0.328828564859165,0.444059873148083,0.187204075588889,0.40368145466639,0.910359247902419,0.369888396224247,0.137618182929699,0.474202690359165,-0.184815834374328,0.636625166753561
1.9208208911439,1.77334067655987,49.9057265156713,71.5131206193765,-0.971725158193482,0.040685605801171,1,1.54999918843919,2.69741817830422,1.5680975478816,0.784325693438972,0.966117527936884,0.8046128687457,1.43767491592484,0.78754558437457,0.976851978940613,0.754031399930916,0.874666591602965,0.770209617021462
-0.0444105757351858,0.416009444421035,6.27792564945614,5.17475299748804,-0.742975256708453,0.234868990355197,1,0.533623128369454,0.944219730005515,-0.566618221008409,0.604906291070758,0.121354394151298,0.487076908977561,-0.172804841700043,0.515436789282185,-0.0943949484579743,0.566833363067666,0.175615101158465,0.576386521643411
-0.0474677408644129,0.532545375699651,10.1944969049006,14.6686533060899,-0.879800878264212,0.170907732730775,1,0.541067904553455,1.03846372409017,0.415960295595623,0.78038823010188,0.800243247297372,0.882537096547593,-0.194266738611904,0.747331858430191,0.56398534360426,0.771137015171962,0.180213821152195,0.73293977782356
-0.643415300757306,1.2442654089154,48.7126250294853,100.027243312744,-0.976910510387879,0.0467446284753858,1,0.114149547329566,1.82858798638457,1.37540755759408,1.04764256102153,1.34617745725678,1.06686060545984,1.45109293185417,0.931410673987247,1.13386350334834,1.13949109795466,0.814563896666595,1.11513013149876
-1.40672428871456,1.62407909921878,53.0470676971067,80.3778050351965,-0.969676860252748,0.047222732885366,1,-0.813243523951363,1.78572770443601,1.43941664358829,0.7601523627635,1.59542189387664,0.81853132648878,1.12093197136586,0.791455765876676,1.61242894040994,0.76139635547539,1.12350392802281,0.844744531871647
0.788455057881399,0.774698506098658,14.228915980342,18.8658690238683,-0.926207305646559,0.0906301000566926,1,-0.078995518106655,1.9117317817001,0.90890601574712,0.722462905951824,0.469801806248489,0.782733248491225,0.467395163231976,0.681183329072191,0.635028317367205,0.718639732001192,1.07863528968134,0.612434359799161
0.692304720203432,0.637551012382651,10.2564163032238,10.7365901168908,-0.901008360702918,0.114634271973165,1,0.814687337713942,1.14926349470251,0.477824324870132,0.554833751557555,0.857718600101052,0.545691590600251,0.716189788779634,0.575627981836726,0.669313496146724,0.499026895261342,0.490401159920427,0.616320694106452
-0.585848175683619,0.725775647879383,20.969743127881,24.2191414237675,-0.900144186536762,0.120813259575775,1,-0.402451099680145,1.01336203543909,0.892261365604737,0.605032043228383,0.825631850218118,0.651765840024472,0.666514884535999,0.676429240736058,0.299567527016969,0.735020515997884,1.06822687523109,0.701569934123987
0.329075293809935,0.913392441671437,46.4571461232403,85.3864316771621,-0.967771528231785,0.0600647980768628,1,-0.396724728723145,1.69801713526307,1.50385623887828,0.98631066321733,1.19882337011196,0.93453965197879,1.32751006513728,0.941854529761477,1.14080569954195,0.915306552555422,1.10452789253996,1.0179629623365
-0.487126444162112,0.566100478796339,13.3270471058525,13.5897575296294,-0.859378999625547,0.129002508255017,1,-0.151513850984426,1.09493283743937,0.991476490304734,0.518531649544161,0.28551727437128,0.643733855362256,0.930388403908672,0.617622239175692,0.950974978559461,0.60376272798431,0.505307147559009,0.638773066088603
0.374623626294277,0.401257228917108,9.34276559656659,5.60460897017315,-0.739585524081371,0.17880911869613,1,-0.389107352140868,0.795827902142833,0.781646868362465,0.366595576268476,-0.0547005371556293,0.443791376433344,-0.0901515353644477,0.506158728373902,0.366047565593178,0.38063850488313,0.517515799102863,0.466211221474133
0.462508811164403,1.44374300403711,80.2904622662215,189.0479232205,-0.989999941671707,0.0238469791405328,2,-0.617533382854086,2.25778828604381,1.76832367772565,1.16817847352805,1.73907574316695,1.17268627879004,1.49821005483245,1.16736082443797,1.26504394745001,1.22002840903981,2.02102736521565,1.3006403673501
-0.615576984169007,0.742903176759799,20.0551913702279,30.1094256745211,-0.918071609330005,0.135146836832279,1,-1.89178941236473,1.64676324903485,0.963667401893452,0.843684921256894,1.05236089205834,0.762180170572967,1.11607334941127,0.755808060422847,0.503161410588572,0.81079948217077,0.539113922385732,1.02824904849276
0.929033241405873,1.68786896475967,83.4931693179559,169.427427997864,-0.977175398538229,0.045749048987467,1,1.1370914404733,2.85464917291741,1.29157019317488,1.04976094936057,1.81535786214778,1.06637121127444,1.3071412363326,1.05988443989222,1.1252035026454,1.09670867666861,1.45925530266369,1.0989930159125
0.241993176415111,0.394807139348264,6.12710591884835,5.16921235731327,-0.791139089347212,0.174313629056739,1,0.763265586982943,0.881699225149721,-0.170977212581183,0.487588622484571,0.645364308822454,0.486388335124625,0.253455668443939,0.444617428982501,0.279672974625365,0.516352217286,0.51042781258361,0.49101450269656
-0.329330767097248,0.56581822148295,12.6451807136389,17.5445827234489,-0.868469146957839,0.179303550290866,1,-1.24442654021397,1.39802116641752,0.846811532702311,0.737476359900685,-0.304165945804921,0.781419755127066,0.680298880127085,0.724367776790491,0.642789355394195,0.797296221449564,0.314136988770217,0.768909461717694
-0.593998701625962,0.574431321513737,9.44433763272361,9.50402796774561,-0.826828535188689,0.176549383536282,1,-1.98503438971129,1.4359919908793,1.03008196292524,0.56877157911211,0.503564373323135,0.490997577259012,0.594639671827097,0.5674558501892,1.0339804874712,0.472683948943315,0.588957061522838,0.597112476695054
-0.816342013323837,2.72977496609436,233.829725640286,932.766706027693,-0.989999977277457,0.0400044839644329,2,2.68682951200945,7.09916590273938,2.20733621095197,2.01709179898687,1.45301620133179,2.02139403389653,1.1159156462095,2.03519875221211,2.1421161643574,2.03150304090002,2.11703669042668,2.14654912869991
0.516490916704394,0.400443664494013,5.68769476043005,3.8658880721535,-0.24699775522004,0.656725265215381,1,0.754743485979115,0.782594254045034,-0.226338082483246,0.492108750167818,0.0235511588873844,0.461670336364028,-0.5660916703104,0.523100428247322,-0.0648560945653695,0.568438967727352,0.216806823225485,0.456987585969002
-0.518463024093034,0.783554984599515,22.2109415617205,28.9101853718112,-0.928975704391264,0.0883857998096877,1,-0.961845772991577,1.59174213413687,1.03697468639873,0.709182183425761,1.25850815573189,0.613801622589256,0.972287658898656,0.765018106308441,1.07063021553544,0.704030792076213,0.79807404420572,0.822975953867146
-0.970907909746071,1.03569470483101,24.4024882792594,29.6424357488645,-0.903163642270718,0.135387719272957,1,-2.29010192046505,1.95346651866515,0.88753596980256,0.662853350277279,0.281755906960643,0.685486468870722,1.38900346889691,0.673319011950014,1.02063894633692,0.617961147191954,0.648507603681719,0.766515517869927
-0.102124389045997,0.504254566860305,13.5274671168619,13.013200848217,-0.792581059777628,0.232125577768396,1,0.121265751499695,0.824095493163695,0.0889591075045257,0.542841022739973,0.883031458096719,0.568327366303782,0.963882250660079,0.609918276702705,0.627495804329818,0.612105628760972,0.745015665139364,0.723946148149374
-0.464920738274212,1.32493703909374,46.4165877462405,89.1252831524889,-0.967923888356689,0.0621948129728038,1,-0.889951508404877,3.40596137071333,1.40726724241986,0.953229913717646,1.34553494329933,1.06275603597371,1.23887896485646,0.960400855507454,0.878468761206841,1.08107441762688,1.15828259310587,1.03770997117039
-0.826668800447277,0.723366384628202,16.4483798786501,17.1987532224661,-0.892178515038783,0.122047821265518,1,-2.73230941639071,1.80143324328514,0.640800432495563,0.571741896060191,0.871680304435641,0.50556918406728,0.70599330574484,0.551632722977041,0.623361095026903,0.592662940468207,0.727938125684232,0.640025981423343
-0.143688553127009,0.467767446623636,7.12746206576177,7.0438295152747,-0.870630113843306,0.118555533849304,1,0.484825303892444,1.08064238322783,0.643230168883974,0.57133538284838,0.413751210603747,0.590282235325519,0.252560501414829,0.634754967893381,0.985140982737175,0.528030737706961,0.312599145220771,0.600711618844821
0.528527736011481,0.641857519096277,13.587786666877,11.9275036261395,-0.906581363325399,0.0880880078202519,1,0.240948367614974,1.13127202294793,0.656218242078771,0.506506474359405,0.374582631795732,0.532219743721994,0.545319974397708,0.495580179569769,0.726904647436045,0.516178536155757,0.608042365822302,0.544157379380723
0.000612862002882745,0.415362464804211,7.77883813806902,3.75130989948062,-0.697144978340977,0.171545742637973,1,-0.202877871878941,0.779464513461251,0.00810502617017843,0.328844374760005,0.0907642718574384,0.297756823936148,0.636071901064426,0.30580626998723,0.503889195770743,0.338928422738975,0.354803046964472,0.4250374801439
-0.0890403935290344,0.66403933715264,16.2877753487892,19.1373384998968,-0.926632626385974,0.088303074247324,1,-0.0571646811242848,1.41867468223788,1.02781180535259,0.564868653219144,0.462155948224604,0.673800433484104,0.925992784969595,0.642306155877364,-0.0640128532550535,0.719471889221434,0.644935090564826,0.662776884299401
0.48005611316531,0.378606811947503,4.55395659069076,3.44462344795396,-0.832280947854023,0.134932687723181,1,0.545014476230213,0.782092573722399,-0.169193353336129,0.434480564826071,0.289869347661009,0.449661553953259,0.0933377663784762,0.455751147370114,0.384719559447786,0.466244999088311,0.550999648154085,0.391795331765223
-0.704864287986085,0.865148261278666,25.6891790617348,34.3595269709641,-0.908376059280491,0.125809011095723,1,-0.434055580990524,1.06572024552277,0.535193790932719,0.714729580925092,0.675160407563491,0.71627151406134,1.05557019668448,0.716141876599182,0.940338387087611,0.815580051845046,0.663635456308271,0.815840151574952
-0.125791816474827,0.58915580609263,13.0778879081476,13.7105912522501,-0.884498343927814,0.111570508063452,1,-0.587359327952113,1.24652604992776,0.886913786959837,0.623579284669005,0.597873944006086,0.643399529194539,0.719995533375773,0.714153550648695,0.506842833822767,0.603912728846914,-0.139876062730619,0.767803368768314
0.0997260621899134,1.97087388266472,163.214410051226,575.933406180972,-0.987908914911191,0.0438146814866143,3,0.464450015743724,3.71070119305211,1.39149981974751,1.77003479729288,1.70416488715759,1.81412644024776,1.60648670049142,1.86994623800678,1.85818322363647,1.8249230258499,1.55358953144388,1.78493695861168
1.98747511010014,2.82163243587314,103.766837082388,266.00774878772,-0.98782231948869,0.0311584256705734,1,1.57047701317861,4.02733191060786,1.86042214532991,1.28946885374401,1.93858860820081,1.26975083134349,1.62781975939434,1.32476507457359,2.12894334235329,1.3756256187615,1.40652408385656,1.43923885624131
-0.0847748936114923,0.280225406932912,2.33754215520422,1.36452772732392,-0.397140273001458,0.354942759547976,1,0.260972723097068,0.722339996508265,0.177693862878862,0.322648425213182,0.0501750678129054,0.339104362153189,-0.200221921010571,0.478170707844358,-0.00593047825939719,0.486884693525266,-0.430574637492225,0.489734653901691
-0.1737379103419,0.735738533637452,23.3886299292715,51.1483670418435,-0.950083125102207,0.107533507166777,1,-0.893070915795677,1.64960818483004,0.799303108788222,1.11449413865516,1.13042948491036,1.16894463550173,0.63864490568593,1.01758155069528,1.00371186284373,1.17604223105766,1.11089583280492,1.10217861597197
-0.28649335066033,0.488538844332986,12.1453383025008,11.6980314387632,-0.891959298390277,0.112563573400934,1,-0.326657812550199,0.906917817812456,0.45859673578274,0.602927903857973,0.9596950025801,0.426597069207143,0.368107452972066,0.53636720664201,0.727936433695537,0.493444400359445,0.461881303933041,0.72216554947185
-0.333484633282508,0.843155663275992,33.1846646456012,46.3121698309751,-0.938798155620366,0.0892669488937627,1,0.449325008159011,1.12942264130823,0.77797842802223,0.692739672620376,1.11789972141583,0.680525591050349,1.21656067540836,0.783233353020012,0.939201989101917,0.780164420826996,1.20182647857783,0.766246210282491
-0.462685408200273,0.460010592456739,6.57433117572408,5.68378658525038,-0.767431518832071,0.217616703554525,1,-0.458780999321824,0.779639843263627,0.363520935905259,0.503544523482244,-0.187806053074758,0.489870843770241,0.353464886116031,0.514160300634262,0.525718516137245,0.54170851319699,-0.113188181386048,0.678202522501814
1.1458802718936,0.834920913757162,25.9941437350324,30.2669665868083,-0.876948885416583,0.161490037929833,1,0.450858116582848,0.903800927093895,0.987090291211614,0.585342575558932,0.633136516230694,0.677454869681118,0.640041133230468,0.682465340083249,0.767471363783694,0.657923380312388,0.893266724213151,0.762944947247465
0.110922324468468,0.827899751459448,26.1526829575671,44.913244280265,-0.961434054899253,0.064187592766562,1,0.175977134598165,1.61836376948397,1.0987412932675,0.827231568214528,1.47668494622003,0.903001831046439,1.08332028667431,0.889928156887633,1.04562841901688,0.916022708299687,1.11916714092671,0.945077516053243
0.195419244175803,0.896304734304097,33.8980776725955,57.2123973979828,-0.949954989606069,0.083457665146398,1,1.68131254978168,2.29559647501411,0.812496143928902,0.829391910748491,0.896568517365186,1.00866144129177,0.920102974327083,0.927585650203964,1.25060293359525,0.853154342475571,0.858354811182186,0.999016021731924
-2.00555622910626,6.4353149397629,197.924524150641,1135.46859101959,-0.989999970435297,0.0566169807237098,2,-4.00003915956664,13.0347325444674,1.97572898997772,2.79686706307617,2.03970189458278,2.78832821765691,1.89482356274631,2.91738396954938,1.96230832889345,2.88995718468975,1.75115610247275,2.94530318242257
0.257592426619225,1.9597262740775,111.748130673048,320.660115292847,-0.984682156485731,0.044063936975864,1,0.00977617552411555,4.48559186717364,0.630681710636139,1.53087329771549,1.69593878409792,1.42176924504528,1.0942543276895,1.65233696839092,1.84315189079748,1.47936655379423,1.89545653827217,1.54151536323755
-0.768865139501664,0.58947151625386,10.9747174128783,9.24873642474314,-0.81371892255839,0.176265381780164,1,-1.69482539913155,1.12179193211059,0.829730270436963,0.503702493400524,0.555172639843342,0.452491716067729,-0.425020428785955,0.618827596375795,-0.536955524558988,0.585684101729938,-0.0813740874281115,0.601185481934484
-0.0189835552969339,0.432709190107598,6.67332185940841,7.49959653111262,-0.756746728469452,0.242169508904004,1,0.769934426679659,1.11507497153615,-1.22636112239719,0.6972836592776,0.41358096649653,0.576946652720277,-0.394532454357532,0.667196538392445,0.81822395871576,0.715148008166036,0.458122965248926,0.541435928058635
0.547573744192377,0.551174172343368,14.5582454357253,14.428019368675,-0.849002501015569,0.15454847334955,1,0.304719672072213,0.844531844304332,0.367918970014826,0.568894805267616,0.7578665219588,0.527914699128579,0.57006131054564,0.540209132203735,-0.254538013490444,0.618007556384786,0.664890297248126,0.559770951401209
-0.100445762302475,0.472451066469464,10.5779935236879,6.63308391371308,-0.693020445005522,0.269916210826706,1,0.580949587826597,0.570853266807785,0.66627786974501,0.347981783241326,0.228666606300436,0.466629404099733,-1.69792525102605,1.05756376902078,0.714303241669262,0.417068317250449,0.0368572147107744,0.587154883661294
-0.868223078107732,0.538505688844918,8.45329436693167,5.94967279578349,-0.73357204060553,0.232266530682788,1,-1.46447840926767,1.03091245382752,0.105641287914973,0.498460803784593,0.535702788880592,0.401912291404884,0.448532331581328,0.491480544928819,0.163264159745889,0.401972947457335,0.361813513374368,0.597149044180158
0.250174310556954,0.329142276209135,3.19677943081966,2.15245265871347,-0.665031602601038,0.230652079571453,1,-0.109631208384038,0.72879982078672,0.104272771573229,0.44408432811048,-0.192935329886307,0.470127168954057,0.127320758367155,0.354108080493154,-0.175037653779451,0.47060271484924,0.364230650070775,0.441865925574
0.631495886553757,2.84515561806453,263.160260135126,1150.75997241455,-0.989999953864315,0.0448559582568592,2,-5.13505942735634,11.7918246844751,2.58517516459823,2.20661669275697,1.9430973104821,2.02057887094632,1.84160467936874,2.25692932737694,2.45399908256479,2.23741939793816,1.81707527922136,2.22957208440297
0.0256762267582305,0.403199643465673,5.05963592195009,5.79213689775238,-0.814555337060084,0.20401903159773,1,1.22975963312284,1.0650415971807,0.501544285587554,0.569959871679855,-0.142270823539309,0.612770715768782,0.366028355706086,0.665841616414404,-0.0415559059071209,0.700729965820637,0.577477690608175,0.689478021160251
-0.0429219857981719,0.521444429657334,8.57287780294359,9.2990773086178,-0.853495282563543,0.157690008991423,1,-0.30529886842795,1.24728583858927,0.293047933097765,0.649478977650414,0.558757177727965,0.585718214978046,0.267732192473387,0.501546442623252,0.211273964345709,0.692937103433639,0.235959140536398,0.624429310697946
-0.214425378280842,1.08004410105388,52.1141460366997,102.396597671461,-0.973625296044852,0.0516988131693317,1,-0.558810600650631,2.48640591681128,1.27620008788597,1.04822159396002,1.61433065561669,0.932346117388069,1.11716800002104,1.0791599182533,1.43127285886663,1.03540847204558,1.38960741739251,1.11036674928265
0.476691852328899,2.08801646931388,174.178012244932,492.8289947616,-0.989321414695348,0.0303283470344467,3,-1.54982108856812,4.39978394083689,2.15134003170556,1.41785393339805,1.99550455101151,1.48567015024147,1.92101770936023,1.41839141340032,1.2304024344448,1.59755215587773,2.12338048353564,1.40020396323005
-2.11295401610038,1.66987141933676,32.2541945942032,47.1086098441964,-0.927311293831412,0.106413114857659,1,-1.05417116980939,1.6418240873501,0.692134898676003,0.810994376614071,1.03985395026234,0.746830945756337,1.1024202716595,0.813738824654096,1.36576312332311,0.733854218229819,0.467263269360404,0.964697619388165
-0.434174198600293,0.326988608787388,4.11056878250135,3.03426191855077,-0.702174848406728,0.253995929456265,1,-1.61670597617443,0.69741763532369,0.387809827114356,0.385382014612615,0.362681880484175,0.376242996936809,-0.1164552460127,0.478810857013634,0.650882361894296,0.414211620801319,0.05082558692997,0.617881772246972
0.58671847418842,1.05996248190137,24.1188878059652,37.0710941548581,-0.959962504806539,0.0632972303540026,1,-0.622327218215304,1.88772070023876,1.17389517819274,0.804175106270799,0.986904859826563,0.89453556745175,0.951801057161211,0.796714483485593,0.884759719288416,0.85110023467696,1.55037872499768,0.835661971707331
-0.43028192871384,1.3337011390358,61.940506012557,175.240719816133,-0.969755400863707,0.0822845563755633,1,-1.56366824795256,3.51055853272539,1.31498490429647,1.45864556628244,1.84412212226424,1.50118259836114,1.28862380796728,1.48191239892273,0.928175262096524,1.55212941143274,1.35784781378219,1.42263641289362
0.035080547600621,0.786836744200636,30.1646326850025,39.3619472464616,-0.929432586545862,0.0919529942785632,1,0.188345028233455,1.4194511588839,1.26150810887233,0.651141638271767,0.313985422275562,0.634416402727237,0.581812106448838,0.764382127948704,0.538261645342691,0.617467487234753,1.31443043744634,0.712089479533061
0.131082869639778,0.341000116584864,4.5435882484055,2.95989314066071,-0.621403792217561,0.287515527687226,1,0.676473994261899,0.617685234841807,0.420830855968733,0.351565712088675,-0.286236717713443,0.508655358288345,-0.231326463428666,0.484885070422463,0.594865609096176,0.426330782304689,0.28597305445588,0.443655978521085
0.0354484988977707,0.383903939587996,6.58200711918312,4.74639597474217,-0.363050422684948,0.550948361080505,1,0.841145027052009,0.750775226559463,0.718699636305634,0.373473816230384,0.0897750637221329,0.45856683934971,0.0822210367281537,0.562804712114449,-0.23710456918918,0.48273653700808,0.011363295847752,0.610147495402375
-0.358895896959888,1.06684774397372,45.257632211499,115.95182612599,-0.940513910699768,0.148281061576601,1,-0.0946894098398604,1.57656548271104,0.961132173257098,1.30884521371258,1.2889023911688,1.31077218099862,1.18738428794466,1.32814761671024,1.06606522182798,1.29560517953363,0.888459110245309,1.29854765333387
1.31418599490078,1.16706159137953,9.84866672125486,14.4992982037087,-0.923791405058987,0.123587021523225,1,2.99766936501708,2.90838028113238,0.325039437548004,0.797071488149303,0.306641161517677,0.824043853484552,-0.120283042647233,0.82687771070068,0.867769355403403,0.770662829574781,0.644213079153962,0.789706161908548
0.225309886506269,0.401289077077913,9.49007054640868,6.2662532129004,-0.766097449687644,0.168601715728872,1,-0.857455456932667,0.578980987740796,0.689676708042496,0.438584973802865,0.40513818446555,0.344315929650153,0.216937949943859,0.406864097929889,0.462466538507529,0.506133254461848,0.880917747203816,0.382185287628659
-0.274078634235018,0.60594452853252,15.9411688640833,19.4185178504493,-0.885789651683008,0.129906972968692,1,-1.30876646703185,1.41030333857983,0.803372145361359,0.606038468406624,0.0284811816085947,0.755845035297276,1.03552885947096,0.650365991801655,0.612927149596605,0.554521556710523,1.07031240475511,0.675579087177185
-0.748980088722935,0.717424458107823,16.0125201517515,19.2478240679949,-0.88815684900345,0.14165466037525,1,0.323948855926758,1.05542927235053,0.277935361918658,0.688972361912464,0.583957134112119,0.655068068236953,0.889469352016076,0.7696627802066,0.437911275228536,0.739180897470515,0.317035909127797,0.909902580652033
0.608151308790202,0.321475859268367,2.96764171752273,1.52743806306003,-0.682317403661545,0.199891316653448,1,0.67995886109129,0.705575719817608,-0.222076677341619,0.456703323919211,0.24396183782882,0.317744839098854,0.165347720431581,0.357100184936852,-0.125996212714177,0.408759556063196,0.328228698607182,0.314825922835284
-0.91381212643004,2.51244164586416,172.312292057631,526.033859718129,-0.989999963750713,0.0298067326065507,2,-0.322199741103461,4.01138014963774,1.78955984464678,1.53829296801442,1.39389321321889,1.59875531604418,1.55055110047106,1.62550700544771,2.08667378944198,1.50538677038678,0.916133803200763,1.65531674424331
0.141808203719633,0.437127562642093,9.71662081504534,6.51532768250229,-0.726320524594235,0.193834416935852,1,0.0749482218455087,0.754703855446051,0.22742611674607,0.360919957601349,0.387922233403747,0.401628651651766,0.882122720017214,0.323200719849697,0.716921312158195,0.378004034376266,0.160928810650711,0.505163425945782
-0.700268816299223,0.535612724454552,12.2724013923692,12.4871981138711,-0.751351648877572,0.261679076630941,1,-0.106894486447488,0.716823104398562,0.15535350866556,0.518177279175875,-0.0507838899876909,0.677393813896523,0.717813377279054,0.530932083877136,-0.076733228732349,0.696108360741535,0.175153381093686,0.78058386311935
-0.4888576111844,0.545555724457784,11.2162159521156,10.002032260315,-0.834658421526825,0.146104560449282,1,-0.40785496182665,1.10666341398269,-0.160959119858381,0.555960447424426,0.603841001846293,0.467170697540321,0.315508329955314,0.469392720119756,-0.690752925607654,0.886115884896039,0.437145006371579,0.509904551852267
-0.5222261011306,0.797557085709579,24.6062243753659,28.4747727269651,-0.899744535982074,0.117704785868797,1,-1.37671476220078,1.49783856705006,0.643020681524496,0.614703386659675,1.2060454082772,0.602820686652535,1.16956868948183,0.645739733588037,0.878137636107202,0.75444080031421,0.194305013101518,0.755256860307775
0.23117239849433,0.46467111969806,12.3277098570416,11.1284943924311,-0.838074813652414,0.148922761463353,1,0.279639156926896,0.610915871851971,0.755924350197411,0.472077143246131,0.537960375790114,0.547108108591281,0.152126585251144,0.504416760688279,0.680817008084524,0.488251015770088,0.476803653670652,0.559418452577456
0.470282481607352,0.389186577725769,5.56093575718851,3.5909625580404,-0.81638110402172,0.12427968276165,1,0.645866845346072,0.976320417599128,0.567964299627656,0.391707628961188,0.206741878350198,0.39704226355138,0.146590913988293,0.388675578202653,0.593382933001935,0.432068904217401,-0.19477783041054,0.622010134484298
0.423604309201954,0.449097517987395,8.75528471155886,6.97453246141866,-0.776215213962894,0.173836064824637,1,1.43129377388128,0.905590943604021,0.27545071030469,0.448615771792406,0.347720869381263,0.444875581936003,0.276740138029802,0.493655113537661,0.416861992593525,0.487125461344807,0.350016008695958,0.507747239900031
0.0979576317916676,0.468873957514482,8.33803783679934,8.20099027477066,-0.817562279852378,0.206261132209214,1,1.74939855295605,1.17596711932916,-0.77962918819429,0.762212229288793,0.550434168063434,0.514621393988102,0.722969036976126,0.514127269353825,-0.728755155618415,0.878779281439545,0.341228316192744,0.701676052891199
1.78527196309123,2.91402569904143,96.076260837917,315.054273199355,-0.989999970247524,0.03114540029971,2,-0.721423358155046,4.00770820370203,1.88439521085947,1.63288485645951,1.90751463978912,1.60028821205165,1.41981763337579,1.66966535959144,1.94852686937958,1.62821815490482,1.63272187483444,1.65080914259666
-1.54049701697736,1.09667130349759,16.0498159875983,19.9555703355324,-0.915085761784134,0.104759039715902,1,-2.99848959802659,2.33580342091754,1.08061444685589,0.664046563083665,0.787658683595703,0.74280127213527,0.897924750274495,0.671030743270742,0.785991784412248,0.720043424077693,0.0597620698871452,0.959471396512487
0.737837303770608,0.805507285570003,24.5083815777453,29.8678448972872,-0.917404819817216,0.101160665969378,1,1.65549768298056,1.50182757696927,0.614459578405705,0.710050554420827,1.06969808520775,0.64524031684624,0.748784078180888,0.817643304905209,0.0357997292104779,0.686860580056812,1.36226529410094,0.555339663808597
0.818906395138697,1.60410782533345,72.6350417031997,154.948835389276,-0.976781944259138,0.0502750751581636,1,2.07134691276231,3.50556121839566,1.25709666907251,1.02329282156455,1.59191325218359,1.15024356084388,1.23627339888815,1.0700146401292,1.59565604397023,1.05215894773701,1.92653321626268,1.08475536158403
0.810837110197822,2.11774782023227,146.009002918468,534.838207635828,-0.989999943292549,0.0345405970732694,2,3.39909941100188,6.03670813660361,2.06278157252974,1.8315497235441,1.78729572453364,1.80699154264451,1.75390223319664,1.89271759280239,2.05977875627313,1.869701620301,1.65605902917269,1.80558922876781
-1.0105565847602,0.803843258688041,18.129200417723,20.5855958738747,-0.908485194418989,0.109896335703832,1,-1.27523464869563,1.25258013844077,0.753553222383639,0.613271568664659,0.795366516367577,0.622729519038062,1.08424653015892,0.530348906757013,0.804975064554616,0.795957523746341,0.663389923136735,0.771608923169245
0.156845138838087,0.454228644670177,9.62905802666616,7.32529833269153,-0.843301379464361,0.12392633901073,1,0.697594484683222,0.958236101795309,0.662597946310935,0.431985131556631,0.414986761110596,0.461753125447835,0.574705052046424,0.490646257898886,0.531143234228203,0.543891735211288,0.238460800551196,0.647015663861236
-0.293937136130413,0.536858865540181,13.2212179991754,10.3065012933913,-0.744225807427936,0.184897832006981,1,0.00152937567251363,0.784839620806105,0.298753675374642,0.401919339661834,0.636617804695104,0.39674171489064,0.616804387835275,0.53702652708895,0.472586614921063,0.490891853120892,1.198103452365,0.527208601361811
-0.851946592802385,0.933496985688471,26.7897015946833,41.2810674369278,-0.910564865445633,0.143865567748809,1,-1.4074420053666,1.7214712348164,0.921443880605348,0.747141256244354,1.37686712372909,0.870893728218919,0.0726374827926788,0.973629527653218,1.21273492031164,0.723746783957362,1.10600945581808,0.978185602569574
-0.879628743441855,0.829693787687912,16.5479589596093,18.6302748128176,-0.917998238253967,0.0903360682976778,1,-1.80771287074114,1.61466171667544,0.760704695086221,0.617307730325238,1.11513448715965,0.617748749496003,0.463132800017247,0.714787949788293,1.04733431418578,0.616747355926914,0.358815702922659,0.662061042050132
0.31162689273195,0.379433820346965,6.4764781457569,3.86813788085952,-0.688813263121153,0.19641916612804,1,0.0908817369097693,0.579370043535302,0.397883738581213,0.405558157307845,0.256961547447212,0.387552589231816,0.500684290783821,0.35155238608673,0.271467334582086,0.376072803006026,-0.242909754903581,0.542208290124757
0.0204606095170196,0.535892481461894,14.8008299383097,14.683453270468,-0.843042092996552,0.167402408870925,1,0.942786852644377,0.874888744411228,0.215011168713582,0.4824607555717,0.102305894929626,0.536305214524344,0.78543309172083,0.50652686668776,0.680913779302749,0.615857906754872,0.734553895321497,0.637538163730568
-0.384394826982299,0.733376057720449,22.0745855036304,23.6969674053436,-0.912284426102609,0.0969018725361505,1,0.084517752681152,1.55566584823245,1.36547795472783,0.573136212915914,0.569466674591591,0.715467989688607,0.73018727192491,0.685986696388986,1.10882389577457,0.648839391849459,0.961241500246558,0.711953774395923
-0.311631921658064,0.340834976562887,4.84671230682293,4.09464139820442,-0.538078611068325,0.399968187317537,1,-0.637146732114803,0.754338420419869,0.102954388071974,0.458320969322323,0.264022077274819,0.444346045683342,0.190705449131078,0.515565663283691,-0.259528228511398,0.624208024378263,-0.0103111720905935,0.689558674843891
-0.230300059240651,0.865942625926437,26.4340416390928,54.7611386802589,-0.942607630823348,0.119599909281097,1,1.35448518797396,1.8325909121052,0.837721078699398,1.03047244876641,1.12325044125933,1.12945583917963,0.905368807285865,1.03347861477748,1.11410425194201,1.04830175149559,1.25838322873746,1.25096251547806
-0.531988296356302,0.772516159279669,27.3079757312587,28.7944684771788,-0.809939944910216,0.238068874703541,1,-0.130603729198263,1.08448057809131,0.720216620364193,0.582884615386767,0.514212654950374,0.67505857721847,0.799604221089946,0.550795078876146,0.824782201223132,0.70221600923767,0.974456893932699,0.631137294801117
0.891990640582715,0.602032325489319,7.84844292303563,7.18952565958577,-0.782887123695209,0.196818524830666,1,1.51339774214893,1.04137886598208,0.20509885887703,0.605668485317808,-0.153375372187992,0.527540667721377,0.644911060397246,0.452151382422661,-0.00444942014625572,0.570546469529656,0.618036465930186,0.552930412855102
0.191071575558427,0.454886405604353,8.54998521471956,7.67419593877847,-0.79163140033696,0.204056290141063,1,-0.516812073330583,0.690834376247358,0.500960523104935,0.507115076899538,0.654948602746783,0.466442990512568,0.217707386627435,0.499589908850173,0.309209440049253,0.62346616895825,0.304120266224171,0.481896180599057
2.38715518532642,4.99959748719,129.502928619737,529.145144925523,-0.989999972382255,0.0426978584380884,2,7.52923025063555,15.5562708744859,1.91426083090348,2.0902406983422,1.92964003960929,2.02762724815328,2.00921553727821,2.12254151206499,2.07932040934122,1.9890110209709,1.653091371318,2.10379436186891
-0.370208717373025,0.670958350826929,20.7287997724178,30.5786902012099,-0.88194417186654,0.177535537964707,1,-0.355041802855669,1.11909131100498,0.929840727224414,0.695604864487169,0.641548737733784,0.803473850233947,0.229747970285215,0.760727816171973,0.80715917989832,0.72686790492338,0.469762773795853,0.961234431293857
-0.705340170608702,0.832600143044371,25.7134345647426,30.524412649404,-0.842269580753309,0.242264263530382,1,-0.406351424065021,1.40716382771696,0.65367437730906,0.722932714289496,-0.899682993034096,0.942073727877844,1.07971535395342,0.705409274285241,0.423862994432697,0.721193409189505,0.756895378504638,0.639828566292816
0.0582771423600797,0.284229612912312,3.74341238670553,2.59373934930867,-0.461083771047125,0.454258702257849,1,-0.152561037025646,0.6243177966831,0.177346710941322,0.393414369805378,0.0752046186525373,0.435873489305794,-0.0941816827149414,0.3982443002809,0.454879815822714,0.593050417843986,0.0190548726068986,0.426189198095353
0.761380406507045,0.758855036290577,22.1996442280129,32.9327661012423,-0.958344733681723,0.0622879840326933,1,-0.267716850920496,1.10144953050118,0.710545151437494,0.830770325056343,1.04260650935819,0.770705180196727,1.20302639153555,0.808439482565713,0.670269569403852,0.719985940726054,0.573541592797273,0.84744799732234
-0.410662374797923,0.499113896082255,11.1584145478971,12.2174741624033,-0.778929568942645,0.254556731668325,1,-0.0310378730866227,0.518710980559761,0.664756055456607,0.61166030972669,0.679586138776067,0.637702489290589,0.288070535241269,0.635776398932558,0.590596470160749,0.559368315093772,-0.0675592366353475,0.96589044649536
2.67988671359093,4.49516391703675,143.80705422916,455.766641769406,-0.989999976305988,0.0313617227305134,3,6.38489430625108,10.238890074907,1.85119060950737,1.56746115124736,2.00324771177842,1.57367240434925,1.71240585562347,1.61837157002381,1.87789774624061,1.68313086001235,1.45093439801199,1.55296125201108
-1.60421831368454,1.36503278694269,19.6555744569141,33.6648356874022,-0.871361987766258,0.231678950754713,1,-1.25199216651048,1.84752887191733,0.488255672057332,1.03144112668425,0.731215196703884,0.917254918688646,0.910928584040385,0.822303428786359,0.0935639536767787,1.17635007986112,0.393706215113399,1.22331516170149
-0.146999605754271,0.483671199132785,11.9964241721466,9.93814655809649,-0.899125310984224,0.0841346120275874,1,-1.37854666195924,0.873064901224735,0.745981652952471,0.473623059807179,0.611230691997844,0.511226052458172,0.266105507234877,0.502693651794135,0.711892636664035,0.441654998084476,0.568213539312392,0.539804860466461
-0.028631494053344,0.467220118133673,9.2492143335184,7.27548133710524,-0.75674266256007,0.17639014687672,1,-0.134232759872576,0.945805753512355,0.701703953075064,0.340215944242322,0.508238848319027,0.476086335041405,0.271460610868751,0.425684103886954,0.530948633373631,0.444643460129811,-0.328786966464081,0.76270340475462
-0.466895900627071,0.789347353779854,22.4029152004239,26.1661988388837,-0.959164518608862,0.0449220316358989,1,-1.67484330212754,1.68056744454227,0.927350851964662,0.589836467437686,0.973800832623611,0.60961112482016,0.933880841187854,0.668157879294655,1.31349215499926,0.591492469715158,0.929775800812066,0.599293672918935
-0.0765522690602915,0.791324069438501,27.4148585309964,60.3681339763961,-0.971918181631757,0.0610188652543841,1,-0.811862140097506,1.75147062527401,1.54521021654747,1.10512067077228,1.25362645099108,1.2181142075496,0.649441432553578,1.26397674258624,0.661887474936636,1.12736030657912,1.11064034975081,1.17692529045511
-0.659750489890286,0.759563327212965,16.9837293676289,21.686071471702,-0.926939071487727,0.0963669559954216,1,-1.20733473576449,1.56385260808175,1.15757505474661,0.571813652504636,0.310265072643546,0.768432808595761,1.07413289801932,0.840798835200268,0.953789086535821,0.70707497670642,0.319268098856011,0.912191437233122
-0.16354458514052,0.798117010758533,33.0352391628587,35.9316301924768,-0.890947578478543,0.123683152203105,1,-1.40435095960337,1.29212725075337,0.948531692079454,0.505383758388367,0.877133436765197,0.677088469889742,0.609805581193915,0.575681344734174,1.23435188203822,0.627287300733988,0.195040874035767,0.812338688268844
-0.353194752817652,0.553780001840157,16.3156377380929,23.5950442759938,-0.956460749537779,0.0665288258482841,1,0.516085358848597,1.1958874754733,0.516123610421255,0.751140604288086,0.732136581141445,0.769084291148654,1.37891506354752,0.739897500430669,-0.010556241841754,0.924228128284713,1.59488695954447,0.81389796691658
0.00609821272699621,0.354570761569316,5.51216269349279,3.80412133314993,-0.387913011798475,0.437281648002929,1,-0.0519811238582221,0.810276304657596,0.295694679376976,0.515177278610504,0.250161664949456,0.510552128898686,0.0115057328609171,0.499668592057939,0.489038133972746,0.382539661762649,-0.22104648690841,0.588590490563614
0.278584807505125,0.573350968228426,18.4759406224641,16.1898030279451,-0.750168106252579,0.258536797917184,1,1.43224747872686,1.03978450370653,0.290956642156811,0.53908583303305,0.506368099678412,0.475683838822356,0.493651814268985,0.562139105872428,0.210997026315714,0.738931247377365,0.344498517672105,0.514492658555064
-0.688847067604438,1.31056500034496,46.0658826103323,95.0493868444375,-0.960071389116478,0.0864475566464004,1,0.247756934018957,1.8205918219231,1.2862810441042,1.13039392919545,0.511595078707669,1.22787304791387,0.969527181433865,1.01051347121852,1.46721773452515,1.00668854007756,1.16984570225905,1.10407238814208
0.238015050459882,0.430603588318593,8.47580166757039,5.45461424439581,-0.758714256050682,0.164489550900982,1,-0.467247485752729,0.647359959273713,0.00112973135265245,0.399103573501524,0.237789545604861,0.398747419065186,0.0833886896058524,0.433198133292463,0.464818115575813,0.382452877979343,0.265802678247934,0.430060121271835
1.04809479491398,1.86363446394921,95.1923989116844,291.000819607636,-0.965248642760401,0.107911062929336,1,3.21277472155014,4.54282301852029,1.67387185211679,1.59353555609331,1.56468706362827,1.40308237117213,0.964157633790774,1.52838671314667,1.92321693126979,1.62504862040296,1.29763985852611,1.52265157336632
0.5944091225766,0.386474353028862,7.26181843384832,5.09038129218719,-0.811224579427888,0.116813271911461,1,0.248070195908723,0.375859848770374,0.760814101285035,0.355605129305749,0.133961548182982,0.429688599972069,0.452248289497704,0.428722337465052,-0.157275374854958,0.593380031539442,0.348147016682388,0.40768204255478
-3.4460700142547,2.88554692671111,55.2349073381393,84.8351455382229,-0.954065903870528,0.0679519931282101,1,-5.67167059819956,4.81960134932266,1.34947628760978,0.784966349224749,1.38116766514319,0.769196396013287,1.03158970513798,0.791585033741447,1.46701181064062,0.87818116007889,0.69718379471515,0.89929800849127
0.771402471562057,1.51949193531301,65.0880149977171,116.337826654772,-0.947582306473154,0.0953255844924452,1,-0.607209370530729,2.76625833104031,0.961273481799365,0.881887974918827,1.46301394791556,0.957880235440953,1.50992568432117,1.13620998011566,0.988569603863603,1.0296039032141,1.48982135745691,0.898127146934194
-0.26558207605871,0.678182148755337,19.7417725684892,22.4941461882808,-0.925861506509565,0.0820588967311588,1,0.116708507391354,0.945819704199623,0.538344701049551,0.586030216661197,1.08184419100716,0.572076058335804,0.94700298304619,0.79371681482958,0.850824207924715,0.661926065482082,0.566226754979445,0.623382669929143
-0.0745277871876155,1.75185420510742,93.1646781660204,356.67096618689,-0.989999960258588,0.0383633313303015,2,5.39807770357645,10.7898802329715,1.14671063390307,1.88515604931622,1.83746403963269,1.91398929548317,1.58462087329965,1.92020437724444,1.91279894342313,1.94903038248646,1.45945767095631,1.94505035858891
0.359565865081556,0.27948894309976,2.76017714317012,1.54767690897024,-0.629015128071853,0.217590292226916,1,0.543445258587133,0.589103461317839,-0.0855708405232591,0.325352951295477,0.043559103185033,0.333106249575533,-0.211964996132057,0.394662213605876,0.427013094886925,0.366243406627971,0.223788200656865,0.486593868724061
-0.0357048678379252,0.364946114766559,5.98153936743167,4.31145764756152,-0.814496681585885,0.111032411752136,1,-0.136626937635984,0.592027930675313,0.274515660846497,0.354616202238113,0.112447561314686,0.423425374721233,-0.212817750659533,0.540907060600352,0.624961823332714,0.415360668864431,0.133550388236434,0.624420632500151
0.304908333844511,1.39164528378537,72.1411387020148,152.702496066331,-0.97856418565982,0.0461816897916953,1,0.680972065296243,2.70491157300665,1.25878281666614,1.07695191980751,1.55175058711285,1.12045569154346,1.37572316432378,1.09568589917446,1.45926302809871,1.07940815993708,1.35476519910902,1.10655074649931
-0.301243201419669,1.78831626002018,117.821886087493,358.632261232768,-0.988348820198034,0.0355554580962109,1,-0.981657399542105,3.36624669692212,1.57998051243497,1.54390588310288,1.67626101135515,1.55615464061482,1.90350950037635,1.52752143771376,1.7726969444218,1.53604152096033,1.77967608974942,1.57044725722315
-0.175504723984925,0.275951192931474,3.19316420223079,2.20011866017625,-0.596836736398822,0.287678277066383,1,-0.651210197794186,0.572844246988696,-0.376637817773558,0.407053337045211,-0.10578196790604,0.476434589329474,-0.065831901343922,0.481940557630329,-0.0342603880209581,0.441126805156247,-0.344547715173164,0.496203472249142
0.517547406046141,1.25664436427022,66.3834073006249,161.661719998071,-0.982892136764895,0.0396088236722399,3,3.8796890795049,4.60283900025123,1.19888311499957,1.26723959743312,1.09595850988111,1.24034628490898,1.47231543923479,1.25094114325842,1.32620447085795,1.17861072644071,1.77348426447513,1.24775866526277
-0.310274288087096,1.1262811432429,56.4349879732768,143.69625010957,-0.982838033309754,0.0441521878521096,1,-0.157658876001765,1.51134270884821,1.79593475072677,1.22784402956171,1.53682945674418,1.32185154302152,1.25376030706089,1.34614456571814,1.14544951212214,1.25447950068796,1.80949256528456,1.26607752737812
0.0178419175977825,0.655116589916142,19.150306699724,29.3043872291649,-0.852816116395564,0.22951125352673,1,-0.662619156038958,1.6473636547922,0.547384742354331,0.861170010786709,0.528433077929149,0.614909277056287,0.643653846860325,0.77923683319579,0.933327748600937,0.820728139140901,-1.10507663524322,1.14277993928257
0.297943646782147,0.579647172151881,14.9562043075745,16.1139373795815,-0.757693451159981,0.270115606899676,1,2.07855235778394,1.23384410101083,0.325086012784272,0.538694663188543,0.32162787463732,0.569735648259444,-1.00018251632764,0.903565004981308,0.810868716673867,0.635305832336929,1.16526558586041,0.642278294425403
-0.674751324658818,0.671871734921924,8.77974274143393,9.86516854945935,-0.838553580329893,0.176944579786876,1,0.419025004994242,0.934394296768615,0.290866140812993,0.581261557365891,0.604310687620534,0.611749443976347,0.293798158443337,0.711230827168022,0.427626926057367,0.657857248882887,0.300424950324337,0.775617387596131
0.792892380611183,0.505445476944043,9.0470566537724,7.20188762036289,-0.80199029850025,0.157657821971923,1,0.144361963637758,0.885999296063057,0.53529938068783,0.512723679930084,0.415578989373226,0.390355098185951,0.476271225305138,0.473149939224315,0.0901103864503306,0.546391274008973,1.14106072013783,0.432859131273584
-0.402453431261253,0.509534161725987,9.22224551277854,7.47186295683778,-0.836253872715502,0.13825468953279,1,0.554546395265226,0.883810271445273,0.50866372614493,0.451750918218533,0.646974165852252,0.426393328179961,0.0830977090658843,0.600150981138195,0.212394052732901,0.611500512757595,0.429613586291132,0.520120660161856
1.36663245521557,1.46482200671584,40.4064060605435,67.7255148056648,-0.959691886228948,0.0687181986976537,1,-2.43889487369675,2.40222410851023,1.26534078633071,0.889186332424081,1.37502384586094,0.826798572899317,1.14732050014286,0.915116783368279,1.11398274789487,0.874364314753353,1.45958931331165,0.842913337575477
0.56067083526895,0.674511474382149,15.3576519223486,20.2389564407809,-0.815004307039549,0.241324881496172,1,1.48912094834214,1.2908094866969,0.0735047723788052,0.969924439818597,0.682326303616481,0.710955495178622,0.39191752493199,0.728871217859032,0.723199974041038,0.743319298688612,0.528136160159299,0.685475730553293
-0.0409991926326865,0.373382539080582,4.55734673648909,3.83954468610639,-0.810511143798244,0.166123434921507,1,0.0127631674223029,0.966250267176623,0.160864447162326,0.435978491738395,0.252364318260664,0.506068745905407,0.35537980899163,0.543707701238868,0.248591483794244,0.473009330538262,0.0669795307526642,0.740234905438243
0.528988923800573,0.318158545936125,3.59759943340817,2.85064489793297,-0.764268034353263,0.187216100018514,1,0.680367408362334,0.478384130120367,0.0435115122359001,0.52295135878311,-0.176768005451712,0.523272228160342,0.199132567330427,0.451910917941295,0.474486354250047,0.433105064899901,0.572285519919844,0.465363392316449
0.100243368093953,0.318631195744853,5.01561824843814,2.92630575851304,-0.570608861968602,0.248159165453562,1,-0.917462016972941,0.525184468472179,0.114206253143715,0.324488061419782,-0.0967284476339633,0.330039087696109,0.268220371722282,0.304731893605472,-0.241173257526111,0.41848957743855,0.652321603705515,0.458239671424519
0.634417629167545,0.847268029768096,16.476996853229,22.8763212675836,-0.959550640085976,0.0583165850113308,1,0.900224444682847,1.61475389662659,0.950681153038629,0.763631741909132,0.828959970068727,0.807012067629162,1.31397530099508,0.739300612292036,0.72120688096793,0.863293740694272,0.600753738645121,0.916715922902166
0.144470062838374,0.423686143008066,7.04035140721065,7.44651186515785,-0.819878779968121,0.195836275528641,1,0.456873856150623,0.784193654100459,0.104255158025336,0.548890510701812,0.201725308431794,0.546517348068896,0.610087925575648,0.602694167557568,-0.40727977063413,0.877046994670852,0.320967815980474,0.588227313266628
-0.901911235784743,0.947187342472666,19.2068952318244,24.9806092434667,-0.900747037110007,0.135418923177738,1,-0.217859594817387,1.15879084802379,0.573795297757206,0.66922864233174,0.569736280821299,0.744878044409119,1.06514681193911,0.656744318233946,0.615676352813212,0.904301313699644,0.950867117127087,0.725848767752017
-0.347508700392421,0.761565836749627,22.2049997112259,34.0304221308371,-0.954628747741334,0.0686210029711515,1,-0.525037109549488,1.62280487777753,0.869838814129245,0.860992062000998,0.862001538217933,0.801719545519205,1.07582631845308,0.834329509412262,1.32705910057628,0.720459155697338,1.14441622840953,0.752221923296595
-0.0434695058525263,0.512681592400628,10.881215851753,12.776056970495,-0.826485324915727,0.201531506467857,1,-0.734542442325261,1.29615845337936,0.814775488113775,0.5244931599236,0.479326986815182,0.639586517286164,0.45395551104516,0.842011544346668,0.275708947844807,0.900246036145134,0.205742644238689,0.804210312206044
0.272009746081688,0.583165209350892,14.375305306986,17.2015689722699,-0.877834918735144,0.144164363963615,1,-0.0733877691167488,0.843612295553531,0.831362274163317,0.565407569661852,0.189420221399656,0.806897453176067,0.655201021511615,0.800121225947119,-0.333081803669083,0.890124774124457,0.660448630728245,0.698524202955596
-0.0366763352749261,0.634878959452613,21.8476847692465,21.3797585986432,-0.897300778760711,0.0967394110001711,1,-0.246450846188967,1.10522436260515,0.217403224422085,0.51940139549814,0.535031400505249,0.493905180843348,0.858667262049522,0.692850057825626,0.687147113568256,0.640921186324056,0.414797678748901,0.775835230517065
-0.0152075733828658,1.58459909415154,119.361416455588,316.786733665732,-0.989999979146937,0.0254410999198203,3,3.3851638438135,5.12523538061015,1.13890185552118,1.42553411531415,1.92625685250929,1.42295987163508,1.6082654371846,1.29393317921781,2.35045667397698,1.31963199266324,0.984508815777631,1.29642963093977
0.542424353172323,1.4429134769952,61.5702497794848,215.178702844998,-0.983500077913474,0.0545128046860442,1,2.07693752274825,3.66890230321406,1.13128279961081,1.79201784596936,1.51619497551719,1.66719595372723,2.01864443411227,1.79141823523502,1.29000556416659,1.88146568637034,2.2746558538343,1.72456282649652
-0.801732849887549,1.04279446333708,38.7441348473503,61.1152688327057,-0.97088166180303,0.0431431562969272,1,-0.641891561498418,1.55482051492921,1.42649333168192,0.80208822553062,1.27054064129525,0.833897684085337,0.894837862963749,0.830648552117082,1.15909527525916,0.873097372011366,0.976301562451057,0.8242368129878
-0.281157397378928,0.455642441255776,6.8727522541186,6.19043996275488,-0.823909137543727,0.161898770622031,1,-0.306646046011538,0.80494828617964,0.534941438690486,0.501515465476963,0.591896374559335,0.487854337413542,0.26782357979501,0.538137932415693,0.394326436813394,0.572621236181161,0.846543106687269,0.539619359999014
-0.284471934893923,0.540657720644009,9.42219534897104,10.4082223453376,-0.921721045320955,0.08766294728615,1,0.497677084121934,1.29490694765199,0.574106382792918,0.619703350429653,0.602522220220415,0.571721624487133,0.866483591986144,0.631133157356832,-0.0337430772080581,0.740201218232802,0.809338302639386,0.636107140560505
0.443622806025489,0.618726727980825,13.2393451001515,16.0784128546749,-0.909127620033184,0.109812616681036,1,1.474485513354,1.49693315515048,0.849104750829257,0.639298507605248,0.565622846242772,0.683264163424574,0.693162716839085,0.667942279529331,0.588006461194325,0.684651035156797,0.969778883361172,0.71480644999789
-0.335861232067564,0.575391826253055,10.6202035710183,9.25989106161984,-0.905279211823851,0.0796122511214394,1,-0.511208676876593,1.09909754981549,0.442501936681822,0.558574653277812,0.924069184149339,0.464423924505055,0.192589793683738,0.502921887036856,0.352833215050876,0.541100077977048,0.952548667843879,0.537315105518273
-0.212765055437031,0.364656568506534,5.59170408752476,5.98646433795058,-0.709517418791585,0.312836725914948,1,-0.266939019021245,0.683707099977732,0.545866786981538,0.572914391788047,0.268619216418057,0.598806124170166,0.297956717423805,0.544316092390807,0.62181246415217,0.600818649859369,0.387453302533051,0.638095139871361
0.611660855417935,0.879791518214473,28.1013075112458,29.8472727811408,-0.884523611187122,0.134026636319297,1,-0.436058947768415,1.41042111516084,0.638023553066886,0.585081642279118,0.813316577442626,0.575093497519048,0.346157821767322,0.600043000570571,0.92502888085775,0.595583566879979,1.43068371708992,0.590281387006734
-0.111709078862447,0.66668970670951,22.8961201734357,36.3120620474538,-0.892125799434993,0.159855457614288,1,-0.6155591980234,1.2486939058606,0.925146470638519,0.854783450125563,0.349443203226565,0.922506075513073,0.865838304324102,0.785960249885959,0.524047440916139,0.862740913976705,1.03086623354456,0.878725968936
-0.13097544748013,1.1054503039609,64.0666876021948,119.403143136795,-0.948737397174917,0.0939043076198211,1,2.43688084548591,2.60702385590347,0.85555778837336,0.985243389775075,0.958005541571199,1.08178784708725,1.28130820164046,0.972565991197617,0.71127726852516,1.06098536940438,2.0365407577249,0.958581426079536
-0.23800964446803,0.601036696656376,15.3367652067725,21.9617421839895,-0.872230592331974,0.180960466087764,1,-0.27569020748648,1.01939243986282,0.959126844982594,0.690630781234047,0.411770710198571,0.789420514945978,0.593809344323201,0.793138412208052,0.797413144035057,0.703764671624313,0.526954007587768,0.80083446059875
1.40708825225308,2.96497173210769,129.732517344782,507.192718261506,-0.988498308057654,0.0446090785930467,3,6.75388678644529,12.5793549506927,1.55946606553819,1.8374651017746,1.59418151531391,1.95810738378786,1.19081441577469,2.01451252199929,1.91665492235298,2.04175268508281,1.8620000032804,2.00825414551257
-0.698999984674359,1.29089789748378,36.0514611291755,65.0993535066995,-0.954064598285118,0.0853194921848508,1,-1.61737240108757,2.79207099161209,1.13280134259335,0.940221855064117,1.14418849171865,0.977883660667241,-0.0348403080820178,1.02486600702738,1.02099776528098,0.991885552762529,1.21257204235053,0.929686670723496
-0.258861516861068,0.426250237638575,8.84840961548504,7.42372879789064,-0.843152423570376,0.138250000058158,1,0.346689287727578,0.723432795653842,0.298011495897405,0.349219436608283,0.746448041377998,0.46606466361754,0.412614028120384,0.604830443530224,0.00576057784318057,0.656349666170465,0.375211407070436,0.611455925193785
0.195808216221081,0.786394805990367,27.047566614541,40.0064851864944,-0.958302517462731,0.0616635013820015,1,0.132357463064114,1.2698569667798,0.858239777882569,0.787245909190185,0.926240613547074,0.764772846396079,1.04242200475677,0.782864729073316,0.377347522876144,0.765091847194239,0.930388032507353,0.81434784128268
-0.521614060627718,0.732422470450743,8.02071259893873,11.209999489324,-0.824554727242577,0.229815159915154,1,-0.636171234823923,1.58582864049925,0.0357666250424004,0.653173178592009,0.496309639356799,0.730477782641306,0.609378427243109,0.733135281035281,0.537430115819328,0.707916547829349,0.772946892148274,0.68782058026857
0.243809409020061,2.02799148724555,183.412272499419,832.020906553085,-0.989999956448202,0.0438484402910532,2,-2.25306233220797,7.10496901450267,1.96707787807021,2.2374302143688,1.65433674482506,2.24471729739822,1.47643035864874,2.23273145182882,1.91882884272398,2.24750437609827,1.99575940328637,2.21702820004124
-0.432285621422297,0.614314892403464,14.6544464221137,18.8484393728843,-0.870179347352036,0.183851782452953,1,-0.615834433333266,1.09783532267504,0.329706536827801,0.765465612534878,0.616208883235782,0.718690553220232,0.65412231239089,0.726115260539473,0.649695374735846,0.766966807677224,0.490703672518089,0.720322775777181
0.554844574785783,0.953386173017724,31.9901419481264,51.4743740555693,-0.96566855398432,0.0570231934888294,1,-0.629453669332073,2.25979140922938,1.42146585943981,0.806021914742427,0.274298453043014,0.908329322835039,1.27945247750642,0.835766135609612,1.24003692664453,0.83850567472494,0.785075748924451,0.885377610931131
0.0704531934834797,0.463417606641947,13.6588788830321,13.2024199786343,-0.898772844818765,0.0972033601977683,1,-0.613047300680922,0.793350516260095,0.782050380094909,0.540567544672884,1.0159998491413,0.492076388898232,0.486898981850346,0.632374750932191,0.892289043107314,0.490696169971303,0.657661058187355,0.607434818274447
-2.79519908961722,7.79721088992141,186.962355398852,957.89349183492,-0.983418086816724,0.0877282813517554,2,-4.25655757356737,11.8365082527761,1.44430935990749,2.61739148687288,1.93313739315975,2.55928614740028,2.20040680890726,2.44487263513866,1.55629401408249,2.46741692783888,1.27464177073603,2.67127242583748
-0.182528721526065,0.441999362733609,8.58691347099746,7.56135506168761,-0.82995280889859,0.14198013080251,1,-0.57180953066242,0.907091180000256,0.676119134855633,0.441838965808154,0.37545176391025,0.548537400774421,0.695822340374089,0.559744344016304,0.505965107533143,0.61318476481132,0.647286838636622,0.522139359663917
0.162718191681781,1.11438132453603,37.6703891398923,68.5365014889295,-0.976931433408773,0.0405309189545124,1,-2.09589789153094,3.18868184637388,1.60339174418326,0.928902401377274,1.43920749066336,0.968794633378081,1.31253003210813,0.961549197854435,1.31693330730074,0.929886543546341,1.40420355302707,0.925535918665164
-0.293170754120273,0.732832727553167,23.0665940630405,32.2763747200728,-0.933351423896079,0.101061749049936,1,0.230743686704097,1.38443761442217,0.688455819989989,0.745193883396839,0.95255122434806,0.771361052209888,0.342838908705455,0.799030248177641,1.118604101926,0.76273319334479,1.04534336823106,0.811247335416376
-0.54301442877133,0.465831778947236,7.15484156582382,7.28535933758092,-0.802670785678755,0.213411438586318,1,-0.62996509278941,0.747648311831898,0.262625234188159,0.655260389410397,-0.187689133734359,0.589916312378287,0.27720165392852,0.608700201413104,0.213569008107203,0.557639606631508,0.810023161479136,0.52951290122612
-1.53078581227205,3.78037245134747,129.020073119553,486.647521218657,-0.989999943043286,0.0359096014446313,2,-5.02268068276829,10.8792049903461,1.79117821843247,1.86351778742069,1.2043050920237,1.83823167649175,2.06799483874105,1.93723123796107,1.66482708161594,1.95230480969261,2.06750375577674,2.00190784469295
0.669909026545513,1.08053682811529,46.6611499673083,77.4521723447543,-0.958429637557667,0.0716668838893811,1,-1.02198058796832,1.19113290837752,1.46742146419593,0.837372106018382,1.69758997302252,0.874731910676296,1.62928222141377,0.886703626251027,1.46899226079807,0.845597204987412,1.01066441014018,0.903726328121178
0.587042105651654,0.377252933423441,5.22769765353294,4.16039785597404,-0.635378314155665,0.272248395385295,1,1.2642168544085,0.720183643275106,0.152320816088898,0.404445067542577,-0.0863121796527861,0.551093364603519,0.425598786051235,0.426854215370149,0.221841225644446,0.487205448437531,-0.166724595908652,0.569033580837103
-0.377751138910118,0.990240368652739,42.3987811509039,94.2429327807031,-0.96817009995551,0.0680881898582736,1,-0.623859831343158,1.30852258934158,1.26386418953545,1.12596942556259,0.863026372367159,1.02121591083427,1.3334453420559,1.07649426899481,2.0211990106732,1.08510901129032,0.870033286779118,1.16733626592365
0.43744532884351,0.616034546162612,14.5238126621449,17.2375354748913,-0.929091057146473,0.081665299216569,1,0.573178908500656,1.01673577226816,1.00554949050449,0.656716212816461,0.732947195583543,0.679869518331271,0.886629713098046,0.675114868173262,0.948857687804798,0.6975099701917,0.942104750057142,0.631794895054035
-1.36964541110588,2.49928064613341,144.897213881409,360.958539805004,-0.989999976300873,0.0231893938328921,2,-1.09777537009033,3.65831236119807,1.74334417850248,1.23928843079676,1.67436981717391,1.25016273326634,1.81044698621789,1.26045952167014,1.89769245667919,1.33691870947143,1.40489623769514,1.39938812198184
0.38311057125147,0.497286530516886,11.1541539659277,11.8639390853215,-0.921608540444046,0.0805322735666322,1,-0.922777067621055,1.23115418011734,0.534667973836455,0.6258004413529,1.12616541886082,0.508173453991861,0.552284479803167,0.591611728254568,0.580654886755626,0.612986611544913,0.0576297229131067,0.704723709755992
-0.3924946458305,0.448408641324369,10.7687152456245,8.25993045693102,-0.831234922512138,0.137427954811867,1,0.130755767319618,0.436881525801159,0.0885831614491062,0.358515787325123,0.423983747936912,0.4699266660116,0.582389344186328,0.469945817335888,0.0798664737092195,0.540885648540464,0.385255073316675,0.547880740497138
0.861484917412506,0.528763274205488,8.89353038180517,6.92588555617755,-0.755702897306438,0.191264507985521,1,0.64807113080802,0.737707274791338,0.368060200309793,0.452671526317574,0.257199096909862,0.560164325650842,0.333552201909875,0.552939463146025,0.57774997026239,0.427600611811107,0.709474733998102,0.458703809879517
0.840787040585046,1.09107847710688,32.8523441598598,52.3178066274302,-0.944617973559895,0.0954745491385964,1,1.37871971755831,2.56138261291116,0.704363249234406,0.875297508265344,0.674807175501582,0.788422814461232,1.55503548954417,0.853212844837028,1.46551931558004,0.844926753791544,0.588200245583443,0.987285115304764
2.22942331234182,3.60951980988554,120.898708206517,346.378091865855,-0.989999955165428,0.0288376263344429,2,3.73586428056807,5.7800773938746,1.75249924081158,1.42498810515093,2.12532752457356,1.48446644439729,1.90392765156193,1.41140185984269,1.79133975580788,1.54798176035805,1.57614011301816,1.43352005648139
0.0136955359518486,0.487836669388875,9.45216949710794,9.02311378406301,-0.892001026968843,0.0994687285534465,1,0.484557804973008,1.02761782378108,0.214034213363501,0.55484770839678,0.560839238851745,0.526609734072098,0.289611878584637,0.684337223326373,0.583950485521512,0.610354269431815,0.730808152016841,0.557986604607641
0.380150160827973,0.542000859972621,15.1747879417974,11.6366124518094,-0.840855531649668,0.102744210626948,1,-0.281372925040726,0.756598140565886,0.197958018847397,0.484587240621597,0.558060658450787,0.424670674684785,0.538088350792947,0.561973907401613,1.05558815521514,0.4704744618838,0.357815268535938,0.678280779703784
1.16203331407599,0.644440190765358,11.362538257709,11.5589403501747,-0.847813269294937,0.134906297521787,1,1.64982840995081,1.01135595480592,0.164458797404161,0.602640953262368,0.741742880669523,0.53744217644768,0.835447847803423,0.590779734994413,0.743435196164927,0.561051579375603,0.76345320449593,0.58108663757961
-0.397287126947186,0.531398131890471,10.4759751712244,10.82151830378,-0.695000402717389,0.312720677666738,1,0.222568292095146,0.880009988542043,0.336169508112877,0.594659309834993,0.0489198985788118,0.680743190540944,0.448990587177559,0.623992842755369,0.327185769143635,0.572055552377536,0.111367127722924,0.664767552949518
-0.57299294224705,2.03439612070294,108.576890440535,419.074752544234,-0.988573915317825,0.0440557673686149,2,0.985159849780691,3.89398111098433,1.51391859374275,1.96080681992673,1.85428409982194,1.97160622376551,1.82974707469022,2.03330772721369,1.61931680773666,1.85042692774468,0.983271003772376,2.27266292293223
0.097753784485258,1.11959773790634,59.8556448611576,108.897955331624,-0.965071251635227,0.063053722803403,1,-3.14316634043244,4.0179853937266,0.762628207147537,1.01552204607248,1.48539725425642,0.981279621246427,1.30654839935244,1.00898153495469,1.41285203296456,0.956713945687158,1.41913991480901,0.976953003152788
0.660357016656336,0.571242781439006,9.93914394037215,8.58167078953797,-0.845025521915634,0.13325127366358,1,1.08328669873826,1.21464120644078,0.315187136804611,0.508383554661359,0.895748634477391,0.46494755340569,0.114789256929369,0.511996044779114,0.879109722394361,0.456777030585959,0.984059241350405,0.536715086107036
-0.180485636472829,0.382723464428214,6.06415353379434,4.56037241535097,-0.678187273987177,0.287570459614836,1,-0.368952749400483,0.71710342551444,0.303002039193596,0.39339019600585,0.527034843735303,0.401385337802502,0.409341873376081,0.445021111756123,0.123862709729007,0.512752251985966,-0.702718936235194,0.623036237288155
-0.415803829203394,0.421943590759506,5.15459745532312,4.16988570578633,-0.707982736730184,0.27265754107377,1,0.603492263773994,0.820992012594011,-0.0913277099389762,0.451056471871741,0.429440831940098,0.486290349117181,-0.0915496682625306,0.584206221093917,0.619281836666033,0.514744762379602,0.511293138459404,0.739018462550869
0.267115896994454,0.362744487152145,6.53559231182315,4.39227023210795,-0.808305998950461,0.130297785021881,1,0.0872330555914949,0.63739620427304,0.605215569143622,0.328700073468016,0.424356050930079,0.376156473169773,0.474919805212119,0.451034248904192,0.650501980896078,0.436257935192129,0.5984583849545,0.516146169925815
0.107622424752567,0.492732954799536,11.4322316015647,13.0256051293474,-0.841112216620253,0.15810231815224,1,0.327089781934139,1.18365420039549,0.150550427343512,0.656982587421589,0.599811904108345,0.58607665231928,0.143417087345695,0.763442318327585,0.867522968775102,0.638402463962934,-0.10864719171997,0.718907234468295
0.214506913920858,0.475941805014184,10.5418341964299,7.77870402509251,-0.854293751099806,0.105228359480376,1,0.325201952790764,0.788166607578082,-0.027097138974697,0.508449263803017,0.421558097991157,0.435315479641363,0.428608841339828,0.518829764904582,0.717890779041254,0.45709320332707,0.616556154709067,0.494595454459785
0.152546745722699,0.643392077667719,12.4784372684031,14.0305124036306,-0.905108962174324,0.113854625224992,1,-1.41813054870891,1.68991848785748,0.965755472235283,0.570975771508377,0.822840829583852,0.61264437767882,0.60299698192271,0.581934847350469,0.449047093138684,0.601773289043939,0.137820199437735,0.909400640959528
0.0738885117849621,0.711875786698401,23.3513882588109,25.1766452511143,-0.921003342941602,0.0794874583415025,1,-1.5441815661832,1.38585624516683,1.10964108689461,0.517036099925466,0.927387553463275,0.615455649196589,0.806804753663572,0.588133607809588,0.521533365604149,0.648171561994237,0.827695914367741,0.607006303556704
0.620397848950452,1.88136289557615,104.264600324441,354.789959538859,-0.979253803446116,0.073362372203096,1,3.91353609390432,7.42054154137343,1.08392718700225,1.74900227948044,1.67095635229997,1.68018971286167,1.71545481593921,1.73263187427088,0.577537257663305,1.91018801271585,1.20933132932484,1.98158995997737
-4.15577138840659,9.43526247038594,238.056838144047,1128.94027920818,-0.989999946082039,0.0465529874442581,2,0.478789495267085,3.57655624832629,1.81877165136829,2.40814467625792,2.06185338421978,2.41117867349941,1.11834457615894,2.41708900008069,2.44571131065234,2.37966328166424,1.3925083461727,2.44812248739605
-0.0795830200798607,0.877231605729079,33.5152553692431,46.0000354852062,-0.902979741268066,0.128221086759505,1,-1.70799533022296,2.25722516697237,1.30908528777802,0.656813553525031,1.43493868178323,0.889047198915822,0.864002028735948,0.747461932330717,0.669741471614213,0.81205695690919,-0.314731189888294,0.895952082853826
-0.57600026602178,0.71920275718037,16.7311294805397,25.8415903505857,-0.87736404905672,0.165058926168465,1,1.38797503797882,1.43812038104521,0.311772540045436,0.818020480600844,0.120442558745739,1.00059383816788,0.39494176609059,0.817401490583678,0.856543470471017,0.94179243060112,0.532291460596167,0.763781514004716
0.305690519021081,0.344885541405254,3.99502476887165,3.30320717063079,-0.751265652836981,0.190642470427292,1,0.356857264920297,0.644223224119318,0.324949187837727,0.530828317845017,0.2641233073842,0.572215996682856,0.0459493237345307,0.467164832857992,-0.70990448576232,0.549672467282838,0.418244740323469,0.537921887783491
0.0862985570047629,0.396452661091643,8.20067768094828,6.2675675680218,-0.793381572182755,0.163277165439755,1,-1.03659435033445,0.790332399104158,0.646616474109464,0.417156415820777,0.306161183604098,0.481314435610798,0.52518930574592,0.459900171576976,0.555543142403955,0.475522740716549,0.191453855457662,0.612530704545481
-4.3356028914643,9.37086431833677,273.535019865949,1101.37778081134,-0.989999971935122,0.0408587292957206,2,-7.4963995918373,16.2681464995684,1.85642813255807,1.96261289501866,1.96151204862941,1.91832705903448,1.03842264595791,2.2721728699666,2.3027973053551,1.98809294176823,2.29588997436437,2.16158250971019
0.240571740420649,0.437779982044338,9.94854458938774,9.26044795269589,-0.832360024860396,0.174996507249517,1,-0.723865074468401,0.728986900318465,0.336686933374868,0.488280206237826,0.602748886403017,0.437996350157114,0.636759805509344,0.611148044914517,0.388312156880914,0.585403321542815,-0.0518029694900199,0.589892925156735
0.135571787677622,0.541587362318382,14.8286714909405,13.213457204713,-0.88488395424347,0.112810721196911,1,0.736067909434706,0.961993095016765,0.876406394655655,0.445211757068022,0.445838192055076,0.523320398468364,0.793197993919273,0.575179857841866,0.465536974100008,0.574736349984167,1.13702237612333,0.521846432035797
-0.0843289219401127,0.361939232632785,6.07556266502495,3.76289803625829,-0.576576827787939,0.255014799336525,1,-0.272114280276639,0.798899630441236,-0.700444788777958,0.652395930324597,0.191101835009447,0.453541790721675,0.238639825121118,0.351759129054426,0.194663514485993,0.42520915767648,-0.0234585296848127,0.395387655324317
0.1320972476454,0.479068308093664,9.65242173214063,12.2758220469127,-0.833814336349235,0.250530444957465,1,1.54305500724865,1.31954980346668,0.378454934509348,0.786807161999646,0.5548989034112,0.6883698172758,0.239677388394565,0.75004334542436,0.704442589655391,0.707539845218793,0.380167497918901,0.836676340771075
2.31161989397079,3.90137380655298,60.1826623679498,184.167631055017,-0.989999974344417,0.0316345353983849,2,3.01545202094287,5.90282991550789,1.64910248171798,1.61834231428274,1.64263928608315,1.5919749377353,1.22192821830557,1.6166470471151,1.56595281268046,1.58075725582088,1.50543346123017,1.54822828356664
0.0585374949214164,2.12469023410619,177.758756284342,577.596481159394,-0.989999889363614,0.0319735965089454,2,0.44320175052738,3.78890727896738,1.86609567154988,1.67863001210625,1.74544147926991,1.55571995129823,1.69310314235871,1.61772350348893,1.91204097944926,1.69565724299361,1.96075943833163,1.60125220595009
0.25270614230049,0.35004014925929,4.45984812087326,3.23263012051355,-0.758558436926295,0.182900383671792,1,-0.265461258947404,0.844058922715539,0.20118829520405,0.467633771192993,-0.00971326723318511,0.531187435831276,-0.219431106159002,0.49563701201172,0.584201494132961,0.461840117805642,0.642256663593567,0.413563559077641
0.221222250441278,0.856297311272936,27.0139670727958,39.1192821543212,-0.959920779672319,0.0577815971130975,1,0.532587311893047,1.85812045776629,1.1991608791772,0.768122321315071,0.839559160768891,0.79171935924835,0.970403356003125,0.835161440515929,0.821738383170273,0.76659839181187,0.909028722520597,0.734997697034907
-0.768505652831995,1.82596188601735,92.0677258821499,232.069680743788,-0.974852034205091,0.0619830484243872,2,-1.38375817958554,4.13700640586823,0.995115396607399,1.41418116690396,1.21318315547225,1.15533960816886,1.41265253328373,1.18252720660949,1.40606373628335,1.48053190715905,1.14915958764275,1.47326145958142
0.239098116492935,0.825595651354384,34.534337855763,50.8010741055818,-0.92410474999844,0.107104552689327,1,0.967729239866681,1.54648524090323,0.767742891151233,0.734285743826597,0.6129579173585,0.786814567478307,1.2340235530833,0.719505870224971,1.25721775560792,0.806495931215188,1.55306557591448,0.861896243162291
0.286387699374414,0.860944131160726,22.7558818318429,34.5365054540622,-0.922027607369022,0.126845676715333,1,2.83162024971119,2.4025539065907,0.139037699906946,0.788777905155979,0.977682355548148,0.739437272224746,0.64923400463764,0.934911576325181,1.08544706626517,0.865933699538795,0.7740060399207,0.849381199536995
-2.64640536038991,5.05053587175109,90.714920105993,303.202549822971,-0.98999994253694,0.0334340221634317,2,-3.88276554022704,7.80776884585286,1.87468621533669,1.67191047862547,1.32600358129538,1.65421163883631,1.55076599174563,1.67370455441321,1.27513356122862,1.74894952330131,1.62002288879051,1.73148771317345
0.137865383643217,0.693775433420384,19.8936456551639,20.5523808605775,-0.881348229060858,0.121070398064902,1,-0.366047137747237,1.41636070925936,0.823457727461035,0.573421606774596,0.900850214781565,0.603501822648212,1.11294120436428,0.512073767566249,0.153176004856361,0.649947399848357,0.263838156025851,0.645161880623774
0.472522934085843,0.581745633791978,17.4004759681233,16.4398090310601,-0.772082751259948,0.227132565498315,1,0.362691337656738,0.687700584626869,0.295447702079148,0.494131784500588,0.274819085442534,0.585444963075113,0.224371492223327,0.641360237156498,0.609966638622251,0.571224857984969,0.0501057207664823,0.736640531563967
-0.111510444306172,0.632611655888857,16.0572458096613,21.6882567425752,-0.874521639202789,0.152547302065433,1,0.470982245211173,1.22495561279789,0.739480433838614,0.716847395104366,-0.120875461174195,0.715850960059399,0.405976803997908,0.766612676171724,0.396409043932043,0.71798250911962,0.23048456478917,0.714573531540635
-0.557298833192476,0.426989273396232,5.73490948023789,4.57069669970478,-0.80873717948822,0.164862263240697,1,-1.31775184742101,0.894311097432577,0.842758775171113,0.383742682987783,0.133721964186981,0.403013735330225,0.702058849160334,0.468934980823881,0.372430328339751,0.65796410311352,-0.205901474892032,0.706509238802554
-2.8634557533551,3.46456246156504,105.988626868014,222.820369820817,-0.98737274425815,0.0262409375065989,1,-3.48040596990983,4.9456133870781,1.49226380047919,1.08643715634602,1.62941675506748,1.09425763223421,2.07022163883166,1.08677440999359,1.98470316930595,1.03366442487563,1.65322547480322,1.21466102361748
-0.726736657881643,0.734202360023769,15.5463139686933,16.2098802238956,-0.870971852523692,0.154632844160218,1,-1.06462738254176,1.23130995458924,0.316245226851982,0.721471288792234,0.961022664129095,0.591172228164514,0.541587733644111,0.658536307528829,0.469047971642214,0.643672844522521,0.851363227231964,0.511893069390433
0.38261379556974,0.627442883848918,19.4345700800116,18.4738601852224,-0.877608344085552,0.13448796795255,1,0.546189884670214,0.942103933423496,0.804931356715244,0.55771747732423,0.152137763286318,0.662287527985517,0.0854995852917371,0.694863965052565,1.04387193223346,0.523317039547492,0.598673118974497,0.546477948760076
0.302511965306532,0.995647420070474,46.1261184396932,75.4564660510566,-0.967408944583013,0.0517212249430431,1,-0.993195405104353,2.25371050167035,1.34603337321753,0.765823920377177,1.36989662564222,0.844584883769886,1.25876008223273,0.960299096331244,1.12239962351863,0.829791799583496,1.07518561868869,0.987176580651464
0.738967036439082,0.580690535201636,11.4561570008546,10.4488682468285,-0.86544100156335,0.13001195167759,1,1.47639762437677,1.19486433487933,0.56491353267224,0.485865148401203,0.0247823718519604,0.650931609634117,0.265390477444978,0.58652813479351,0.651378845168418,0.526036505002902,0.772477949336733,0.580042340779585
-0.326505877394299,0.567509689220119,10.7865198989793,11.4651292494511,-0.850481640347503,0.163661237977653,1,-0.171716332010001,1.20567058132705,0.63113164854703,0.570854593535203,0.233071654838521,0.531614605767769,0.118122449119329,0.584181987989885,0.847306765513881,0.571681265934287,0.215170340999886,0.743588028223952
0.19074881555418,0.512602258752355,11.6702247061403,9.78518577014337,-0.815804654997346,0.154388013751917,1,0.697280899148798,0.820177025119773,-0.23277257450765,0.544922514325853,0.488892744467171,0.523912130113881,0.826541501680796,0.420523040528383,0.663888870295921,0.490469492994461,0.441490306896919,0.437705070644861
0.0681223920375932,0.463905240103978,9.33681985787235,6.35147378993467,-0.800012005108764,0.134262826221884,1,0.269824989588863,0.908662780880787,0.640398587209739,0.370248545470875,0.709197486950658,0.399108623997088,0.232887390475545,0.448891361755514,0.714235192100416,0.432203732919303,-0.149433425797944,0.61655151948615
1.10347381224831,1.15409563322956,47.3071778084878,65.1384857644028,-0.955834373334358,0.0632546381071276,3,1.1872227667562,2.16125416758211,1.06313616080711,0.710949711904198,1.46058460680346,0.7081779091852,1.16665271644982,0.7310597910768,1.41280837293713,0.751454220725238,1.70269550072863,0.763749264176989
-0.389775070302977,0.43943419382677,7.44431456855623,5.80348731252852,-0.8168950511088,0.162926633480527,1,0.0261051198409946,0.768590828056278,0.241807757144556,0.431480944014098,0.5080160557639,0.40508118225732,0.372986799153525,0.472452808635898,0.489537598116356,0.504868878146971,0.263396052641788,0.695790777452973
0.407880666108279,0.566093533021348,8.58095750614836,8.59852013316942,-0.831179895698325,0.162136487866983,1,-0.398042721597164,1.20631050818315,0.418278634122469,0.481657129949421,-0.0740733224794883,0.562783634977856,0.522663526699178,0.539643102845728,0.612696275400806,0.617642415631602,0.0506860826692199,0.649411270196847
0.482327841115755,0.522106312190868,15.7716161160011,11.5354838835286,-0.82130337372035,0.130335860313924,1,0.439875667156409,0.862206760877851,0.917920436958105,0.364646629844019,0.720999873760559,0.386168772473672,0.591085071235079,0.459486486367782,0.544305054147048,0.438728901187722,-0.418323540531394,0.63484097103028
-0.0375275785496521,0.402595286734119,7.56686490448366,6.74772968453762,-0.716351656708665,0.263194492643576,1,0.678087986591114,0.812825864957846,0.557278742343536,0.48793899061664,0.0012433252588767,0.515363826670558,0.301681417742536,0.598411015451767,0.177239368119088,0.685172828276218,0.212186350196899,0.62918905219588
0.197129094105901,0.7787496767021,31.5070996830117,46.3929086092175,-0.890965730717628,0.164414149384223,1,-0.662742706587567,1.39009500285337,1.19256279586514,0.773769676616667,0.852205267707334,0.747319172218741,1.16815410327589,0.722863292258042,1.04657957866366,0.79133041009043,0.319168332315316,0.950948668282987
0.321606762958273,0.286643386953797,3.73027599876452,2.1420767236834,-0.426622992371736,0.296635864171182,1,0.409425350726412,0.498103843974261,-0.0766268591695528,0.38843169855718,-0.0178004536606278,0.355401274536184,-0.308660862432411,0.469393340512121,0.010831072720395,0.341211598530413,-0.19371705330294,0.336607107744202
-0.127863037980297,0.268129910763128,2.79434939809375,1.9113939725825,-0.621275367961354,0.261088595424469,1,-0.622337945133181,0.700813166451301,0.0362742776377004,0.378742529156007,0.214229535311484,0.394291841503993,-0.111448304246829,0.386828717101418,-0.215388912756973,0.658993498758618,0.310496152835586,0.440842213601523
-0.266514852881549,0.302298593925793,3.36427896786809,2.1061023162634,-0.710643322893085,0.185644605690903,1,0.0979152404136552,0.624044559472643,0.00423300637145519,0.398032757951634,0.29705652756005,0.442022636574111,0.275340179809024,0.439393917171625,-0.0498254926032426,0.460109547962105,0.222277891951708,0.426675793427361
0.663490945746885,0.716229426196352,20.6037634595635,23.4394652255068,-0.931231038626652,0.0762450827704633,1,0.75041263470782,1.1104046735943,0.480257866165612,0.608233918711279,0.737292335035025,0.582089703599945,0.972230742326026,0.587531971670777,1.33831398872018,0.600219655107356,1.14792631094415,0.741546558106548
0.616059545627014,0.465862060302552,6.35825508068568,4.7045490635074,-0.812784899180888,0.141958515422492,1,0.555071233275655,1.07871672976544,0.158311624605172,0.451371422350496,0.300252876738867,0.408550434594844,0.591582623073839,0.470698329897794,0.312570750364087,0.457313077765232,0.327515903348071,0.509529162513259
-0.090185207231808,0.505505973989139,8.0397066682355,5.43260113630999,-0.684304192354267,0.196011612270021,1,-0.168821218658899,1.21633409350451,0.424533135829129,0.359769928848477,0.651473570484135,0.430068337395134,-0.0754887672549057,0.463587981739214,-0.48141592227913,0.553056190799,0.520681383502194,0.452735104529943
-0.0161930530893436,0.462979026602231,7.8093998829126,6.54518954624615,-0.724975737688166,0.215426849256152,1,0.753500980990751,0.992076506430966,0.34358366207689,0.474107161653778,0.108222531262735,0.514027779726572,0.466324991771783,0.549346412329885,-0.30736891482134,0.695452776354033,0.315757627774294,0.481904072351083
1.60526153353107,3.80560438698507,113.43369999188,490.457251340271,-0.989999979619678,0.0420904668502914,3,6.67167032497901,14.6666701798989,1.92488561068549,2.13767778287621,1.98888590767331,2.11818799376581,1.68559459796515,2.27827089018366,0.68211034338781,2.12893493241504,1.975173565249,2.1357483703359
1.23268394397303,3.13368559428758,110.500027344418,473.837256632276,-0.989999953389313,0.0426462298930333,2,3.61039088812942,8.23339924554212,1.70445656048617,2.24571336813375,2.17139722242458,2.14283482588491,1.68775356778659,2.19887512163044,2.17918639492357,2.08953589100122,1.91273409853707,2.1447866493679
0.29276025292879,0.897851424480757,50.5033365972819,56.6402371558407,-0.909708795906506,0.0992050373150763,1,0.299498953031722,1.28342152222799,0.944056068824212,0.542203244952774,1.17244223199299,0.598658291509589,0.643757806530587,0.779526709107868,0.999287148033579,0.583137258790352,0.447193644956764,0.749917291954607
-0.366928318216606,0.639685143826941,14.1935703788379,18.5396260698053,-0.931429672966527,0.0962952973760902,1,0.0856265496712665,0.818237501712824,0.549863719379621,0.705024364083208,0.401774753688416,0.690505027319931,0.999037882433779,0.719981258055842,0.892886348406976,0.683516564242513,1.07188584105253,0.693437569392812
-0.497579008807349,0.593863700944056,17.6553702599612,18.7872891485678,-0.917571096727361,0.087599026279585,1,-1.49362681033848,1.04201258027763,0.778693437551331,0.547446393228271,0.962288208071525,0.583841790409952,0.317072729826285,0.631904523875881,0.923759917243566,0.621153865424311,1.12896304861824,0.616334775847748
-0.0138272881868418,0.462928684362385,7.77846222765329,5.40856532764364,-0.796476705403317,0.146772390174821,1,-0.523038381019755,0.893498031312176,0.241711763181801,0.458937165090539,0.782875768146682,0.387932629148604,0.415423326932393,0.455172508262061,0.419966754423183,0.553924726899353,0.223906286636273,0.516237802108174
0.0512547448494829,0.351754728273215,5.62969109963307,4.60789036640586,-0.699987968080903,0.255643356423117,1,0.516625498203899,0.613497579804239,-0.0155502606533023,0.525386266086891,0.342211129277109,0.472932420683726,0.32864261196538,0.556721084836363,-0.391339700176504,0.641939468518591,-0.705274023220788,0.75417712216741
-0.353927127322637,0.547547534978314,10.9320164241273,9.81284160290038,-0.85453115424357,0.129061486597771,1,-0.27434171089942,1.00211825510767,0.286782109222503,0.544751233751153,0.435073873906878,0.475077781872316,0.5576694779889,0.587871283090199,0.576297473730865,0.508514556244826,0.398207736788614,0.580750370816131
0.577046662433142,0.969355681945836,33.7255891624051,44.3588515864408,-0.971676324190172,0.0375344940569276,3,-1.9182992357169,2.39600472979803,1.44349329057419,0.681668681107385,1.58270036431693,0.660426720958313,1.0007789225856,0.738603414425428,0.659990648744441,0.659837778678385,1.70648681200277,0.723456620337665
-0.0836170419446635,0.985650613233929,41.1044535601196,68.5333965342477,-0.952406026781791,0.0744967389808766,1,-0.00388711084866925,1.90953891500223,0.936425944817315,0.878415047714651,1.36445089386557,0.878137742405116,0.876557322095265,0.929160305996458,1.40677256518364,0.86094707097742,0.692608424407908,0.859803499025957
0.490962759395576,1.06308334167337,34.2656958912371,58.8092970560001,-0.949495119638616,0.0834049383179361,1,0.528376422072965,2.23671830824902,0.88295022573708,0.968478149427991,0.845360687205986,0.797786556355978,0.884205077301566,0.934705753013888,1.12854874709556,0.915498836902851,1.46290509167879,0.929935117296653
0.184395697470988,0.553760664492647,14.0836554430294,19.7726597967971,-0.875647955513923,0.181470552931246,1,-0.620463694230509,1.39603096367801,0.522495935163562,0.706605391881737,0.381564593288098,0.722706234458882,0.674719819534295,0.798739795208828,0.701872010935327,0.834111348214291,0.11660466234876,0.813331943988227
-0.386083768354071,0.832680977385702,28.8602557144373,48.2391556124126,-0.94039924269667,0.10308583258145,1,1.31470692266779,1.93289603980094,0.575465953054012,0.799160029723922,0.962324037683553,0.866900000489524,0.944340088299159,0.974268705966822,0.938652634838129,0.895602073922009,1.13352663465534,0.818354768311589
-3.28436526624346,7.12432828358723,467.486101323307,1834.17079966029,-0.989999959680137,0.0392103566182204,2,-1.33211131348843,4.35762264267519,2.22561839889959,2.03062337786188,2.18010595892934,1.98326413314039,1.8112991556001,1.98402168834162,1.87302719296243,2.07671783802239,2.41208608904744,1.87009641850843
0.145012354648422,0.504609207267802,11.0901031624302,8.22845710649302,-0.801345978227498,0.158437446828254,1,0.672254822066077,0.817603151013573,-0.220221296231286,0.56421402080761,0.471361458278603,0.469886534984205,0.188979221347484,0.451284436649355,0.797309260543632,0.383194297360999,0.110591862387739,0.613688508728068
-0.023370959771039,0.351990108636803,5.51268455333898,5.11643687995859,-0.764779169931699,0.243041637333174,1,0.189581278429499,0.763200517254906,0.224060612314652,0.515928856437087,0.506835838968207,0.55955408413101,0.00010324435976094,0.670322739868743,-0.150065235090184,0.59078825296893,0.587428603959495,0.645660835719622
0.166713462710515,1.02614902465536,63.6172708452502,107.151759373539,-0.976051836126995,0.0424797910547297,1,-1.69222456411602,1.92050083114302,1.55285669803521,0.768161696960823,1.3018736167035,0.885066512664712,1.52391266031706,0.954392919108736,1.5995631981767,0.889255372113079,1.14188960208603,1.09798011598873
-1.14854920043713,3.08697930288282,250.302496556537,911.200748183151,-0.989999966192013,0.0363053599790943,2,-1.57672101156474,5.12790481749366,2.1567808750423,1.84635362463314,2.41032585055047,1.76626207938947,1.87368118212809,1.87187388273893,1.85803687367022,1.90833353396432,2.22868859670208,1.87261691450165
-0.535322500467312,0.592464457827418,15.1004100918981,12.3571723675651,-0.773083322359434,0.166393285518038,1,-0.484163468802239,0.891390364903917,-0.157564780333856,0.468583553296813,0.578198918491084,0.431466548635332,0.357480192013312,0.625020505797542,0.898291782903823,0.511431095456955,0.776055427363964,0.60482051515316
-0.439695622207757,0.690626989995596,14.9579805770805,16.818268271312,-0.891015174713463,0.123013378358829,1,-0.408295500555194,1.3225297445901,0.942461451006914,0.670261466763949,0.917184360895609,0.572840589668142,0.519143990048167,0.680109676577482,0.295787893976976,0.69363970236266,0.833756841291156,0.596628233607947
0.178488622851947,0.216988150610493,2.29586232719133,1.15819350646232,-0.515227460907311,0.263222669563417,1,0.12831753530421,0.372150267002529,-0.010083961686612,0.304138896239285,0.0514002952177883,0.282832795776254,0.145799358621457,0.333899128848013,-0.576999759810394,0.494048861326082,-0.996306602307568,0.689317753373559
0.206499455826893,0.788429062559345,20.5486289681527,24.5710074856415,-0.879383826437172,0.144125104601969,1,1.65206203300604,1.71593509402258,0.564199957665139,0.683464030183843,0.485311092864866,0.720166619255342,0.874718834219296,0.550868660415171,0.839205736821421,0.665442147283106,0.610728206071811,0.756917115984925
0.113835962681623,0.360215107188994,6.70407798572066,4.98240934807551,-0.735783475479142,0.238656543244023,1,0.214307908393185,0.612559684984977,-0.0721141958325273,0.471447931333732,0.894626198667761,0.384641918254014,0.121301430757166,0.596632684251943,0.34688734995157,0.410810230876116,0.519353563616239,0.416335922935375
-0.517397765223844,1.25842343864042,64.427350123151,148.084812310052,-0.96456175201798,0.0769072799862286,3,-0.15132161842777,1.72546336490482,1.3857949407188,1.16583656672184,1.3853932719781,1.15409112547856,1.59606975873565,1.15752165159028,0.535911655097023,1.27300152725662,0.866895648168921,1.30822783336903
-0.751626457084746,1.03934140344934,37.1961560613329,45.285775729826,-0.961895407336448,0.0472627797797543,1,-0.754201647260134,1.50405077403758,1.22158255558773,0.641636900090327,0.798350482368928,0.722448159913501,1.42116211478339,0.591087808639894,1.34475911209268,0.655180756530151,1.16311441982386,0.682337362024264
-0.102107470447789,0.290737138164741,3.49737467285797,2.06637605692066,-0.407408494644972,0.408570954915871,1,-0.124398267260223,0.48024766508399,-0.292416383148113,0.430735818702834,0.00916931598099598,0.344969795492491,-0.387689876096009,0.471507041373895,-0.194092614184064,0.467738739961266,-0.123978795276891,0.461118904443229
-0.285766806072689,0.414490819830835,7.54167466331111,6.00378000893306,-0.885892477840431,0.106112842838186,1,-0.104855017198918,0.828614701520263,0.787920935390953,0.43740046709535,0.17876253671778,0.539335022649096,0.730599420184472,0.557817021985012,0.0727220848872932,0.496550132136066,0.641842898246927,0.452952347622507
-0.539292241117007,0.778606773519992,31.6231680007359,47.53316890796,-0.94624184266789,0.0773492114781162,1,0.00787132898976973,1.24075106798144,1.06601586032674,0.827501549207429,0.854915580633588,0.774331591108926,1.30471684567442,0.783190957556116,0.636393709105072,0.775635146457627,0.658316371439289,0.794968653924705
-0.0972818283719073,0.662211328876196,20.7352847100575,34.0169749675423,-0.948566468242025,0.0884962140161687,1,-0.610804248902446,1.3735892574084,0.927831358845444,0.830960997440157,0.782821826624327,0.798502375869006,0.857895383369562,0.79817165838716,0.868713831027359,0.841081200706798,0.922845245264863,0.916213414660638
-0.0964996379344329,0.87305167718407,40.4834139267851,90.0950713536304,-0.964828571576615,0.076664252074396,1,-0.685659787814043,1.50773818647923,1.35661536465596,1.13057716141378,1.21741578192027,1.14085914730547,1.5943414333912,1.13316422980368,0.871826384927058,1.22278423643784,1.33706758608975,1.20913342231952
-0.140855391606745,0.519475103504099,10.4356179362091,7.71164828965285,-0.788007232597399,0.200534849641548,1,0.26336416228503,1.09178989507279,0.532108417816966,0.396042645179549,0.236219453856693,0.489459639632316,0.343602162296845,0.515432425844061,0.263017720150245,0.465857230154416,-0.49737419167642,0.57810033831298
-0.137914465873993,0.748018013671187,20.071805397199,22.3721011050075,-0.915508906852386,0.0970219312017272,1,0.111526541004955,1.53309678852223,0.35477404790654,0.641410063924825,1.08982204657162,0.589091656117702,0.774827012745664,0.560350805321827,1.39395728494467,0.568567298254153,0.851801647729786,0.673480962054211
0.723164740406084,0.615832140114954,14.4629161447773,15.0080188400736,-0.884741902295009,0.105872771970731,1,0.355724173028152,0.876251310245094,0.668967885881806,0.550239780935455,-0.155729992078914,0.624622533449324,0.852198810898453,0.54731968772098,1.23141277740843,0.639646725321304,0.831479474128475,0.561378727234133
-0.0629039612947864,0.37426696097139,5.23033485709014,3.10198726625014,-0.403297946763138,0.425004834561713,1,0.584745926189847,0.871000374832769,-0.706476839812914,0.517594373909583,-0.05143364190415,0.460591395865435,0.255839163573428,0.389715329965097,-0.163964227762123,0.44383807188127,0.319157369877118,0.38223289684175
0.722333446344443,0.835402458976809,24.9357641496486,31.2747678020676,-0.928810759363907,0.0846351690012907,1,2.16649118467376,2.02156797065113,1.05119485264268,0.620186192290828,1.12929662711015,0.7213212421664,1.31893111118583,0.692802694092924,1.12558498154807,0.782412248005719,1.10926557503262,0.771860934143033
0.572984685357736,0.404808911831676,4.32240965678996,3.67897823359756,-0.726591608823707,0.223735560536757,1,1.10439500589881,0.794630418894985,0.478422829479652,0.458538827917517,0.20203947354192,0.560659689499186,0.20896772048088,0.57651435439799,-0.468110625732958,0.651836713723258,0.0727904616556679,0.500831490151198
-0.57193494820252,0.513903735756907,14.2219972962755,12.1693242858418,-0.832042492216932,0.135720848611516,1,-0.608298046522116,0.771736494887949,0.574254065348494,0.463531163692262,0.632816019440519,0.424145098710636,0.735674297124344,0.497599018396039,0.567163353416392,0.55269338512385,1.14548198395224,0.535630854287369
0.223737625691312,0.440020847203693,11.3726018792413,9.0751694955852,-0.757818654069898,0.195806253246246,1,-0.382951156910702,0.682579438902762,0.0788880525519285,0.489312713268356,0.496892908605976,0.418470625169656,-0.114757905424597,0.650723419213311,0.707281469797151,0.442083920536547,-0.0381126159673874,0.470705825780637
-0.957935315486937,1.31602274313822,32.4200686112078,51.8367322809846,-0.936679972256423,0.104770159270713,1,-1.68075912256182,2.54605883456756,0.535830497991597,0.85394309758784,0.952128573182955,0.813426041758226,0.401325354052977,0.818290951012271,0.808131696332962,0.865312797000831,0.206690411269797,0.99291262989582
0.558657305199343,1.06017520439158,48.5987009181937,46.5051040318399,-0.853283957544381,0.181609521418395,1,0.94476476878768,2.11402447344385,1.06032435563918,0.56560350305915,0.974775289687978,0.557274099343009,0.501044617420727,0.681373939650614,0.935970263114666,0.598073211846052,0.420672372192284,0.705778477754532
-0.753682361539096,1.08256296494073,23.5749940605675,40.788954147098,-0.959414675164388,0.0736575216160918,1,-1.55933496124658,2.41369793622839,0.96483117824896,0.896490735380543,0.609144295363401,0.918277431465426,0.915270941546642,0.927244332674325,0.906445878460786,0.857420889154081,1.14978151423313,0.910184709641257
0.876355631249726,1.30169855341944,46.476770805744,71.226061373787,-0.966948293390204,0.0530702127652352,1,0.935731022496292,1.66058121080288,1.0811672039941,0.839715617563384,0.935405684398365,0.843439341132981,1.20346400755335,0.857193993473575,1.28701577852216,0.801635708680233,1.20805227356192,0.868561961196538
-0.821520152649898,0.439052008839941,6.15755713192788,3.81664141540838,-0.572868205702522,0.266348129705106,1,-1.098334932177,0.783729626594976,0.611307589512178,0.309506605392119,-0.310842840984356,0.452604327546533,0.292343080146469,0.44666905654653,0.361842412126763,0.357138775660436,-0.125352094894677,0.591825118111665
-0.129598179007407,1.28848133091727,78.7479935132029,274.841219906542,-0.989999973506947,0.0345797501111692,2,-1.21319954538407,3.42472096040995,1.7803370726273,1.79383062919341,1.33947001790475,1.71815924699732,1.57322926442709,1.75514965454978,1.90461679593191,1.7896823642222,0.896259056906446,1.79489772861094
0.271778432506949,0.476969992379624,11.905457680156,11.8737675873905,-0.886752872740972,0.111582099115141,1,0.293570512888067,0.886346463256562,0.432063294412889,0.535203344230792,0.190099079293461,0.515063091347071,0.794640106692118,0.491302069978026,0.40033628268445,0.572306762307432,0.92865091026827,0.533811127227796
-1.64584206810194,1.35744063430825,22.6940337542786,29.3385843183757,-0.913193529233241,0.11303302924332,1,-1.69905697436071,1.87723127035075,1.19031164679283,0.633036609135208,0.192907550555787,0.768169434339048,0.338857517787319,0.710450555654587,0.781452957649152,0.723357130153688,0.90533422454012,0.790384020835292
-0.0331849479104899,0.415066521639575,9.90073445522897,7.77425912183173,-0.611863931485409,0.300312572587453,1,-0.288701542356266,0.723337703270209,0.550168982551913,0.521168502852055,0.0150902323483278,0.488658411583144,0.407652118102734,0.501863864813421,0.0129100393043713,0.616746560389248,-0.508613016028679,0.665061620069351
-0.141199631521867,0.417079370725666,8.62536794143249,5.00555287119178,-0.834959217252065,0.108990779438374,1,-0.512522226039694,0.814075379584236,-0.0126057325442899,0.46918907115432,0.651423817319891,0.405263891118711,0.456054963215905,0.377156374217313,0.609461879538812,0.382370949247036,0.693677779347668,0.429515163640762
3.49956229786252,6.47686969065331,258.594796999845,881.52389493068,-0.989999952950099,0.0333579571124421,2,3.38329617591956,7.61813199602037,1.93897930338713,1.69786075373931,2.2427116830094,1.70773560533321,1.56857045828044,1.92451252133162,2.08956252298279,1.76580599216185,2.35449932105546,1.67908429733778
0.355286863170698,0.412414445528025,7.5860332421052,6.40656334495264,-0.828904637486285,0.149740677436181,1,-0.114702836056659,0.882847290868595,0.735819801711935,0.471993270935903,-0.0545310418221558,0.498098886512306,0.272411130538616,0.482164028319593,0.628523833938011,0.485422461984735,0.387678366662673,0.610905705484385
0.682897030815699,0.752640914895555,12.3553114127661,16.7927283584999,-0.94297882570431,0.0787677972096965,1,0.707154201335806,1.6108613529705,1.01311258963692,0.690535465375983,0.638701535896919,0.713216278185958,0.905439579811453,0.70567100265788,0.580901464220557,0.787109028927564,0.906600916420248,0.775870400529461
0.0427360611902612,0.417578807901681,9.26152838047251,10.3799041948045,-0.803770482222903,0.235047136307576,1,1.31902561721972,0.994363406296389,0.00751737674036893,0.568120219832096,0.465213888331434,0.622124052256287,0.239394564948483,0.604288965754861,-0.0888187983064684,0.8973592499923,0.0987159979310684,0.82224984020697
0.31324248268274,0.426691352956037,7.13955078468968,5.60514356332467,-0.77930641181384,0.17153387647997,1,0.400416102968849,0.804623981253452,0.0708529654244185,0.489534354576216,0.115835074111706,0.556163342980602,0.35083180838285,0.55375633694978,-0.836090680985955,0.74155221125839,0.562694333056949,0.580060639907448
0.413517721182806,0.644719186167341,19.079790503943,22.9914036717637,-0.886810387336759,0.146211726814178,1,0.298818620955672,0.968352520804049,1.09464349710474,0.626172256297391,0.61042500479633,0.69310871770503,0.528168124833833,0.782618746693356,0.33907860450975,0.670308121287616,0.589964635938875,0.659497684612968
0.741955372392456,0.901212506748789,26.1438163820718,44.6142438634945,-0.95375339920618,0.0796803908624567,1,0.375962885913868,1.03186920448423,1.33720560136297,0.908125168470163,1.26002326495702,0.795020414240563,0.532181798755944,0.998570014041543,1.08502477707608,0.915210684825541,1.15122340666639,0.912303135814878
-0.0497457874371096,0.42565090283136,8.95286410179354,7.94419738119113,-0.815972641042335,0.161717712734133,1,-0.634669241864932,0.960997104502741,0.12570646805119,0.495534892689693,0.821212589153184,0.494004592448231,0.58669120709116,0.497251410306029,0.438079497404297,0.519735383810181,0.0777065513805975,0.636387348159288
2.02529491566566,3.83973495380634,231.480460343061,672.913826921309,-0.989999970758867,0.0279734616581728,2,2.1585977529306,5.85427777701637,2.35095008931099,1.36742546727636,1.9821051157032,1.50929457781923,2.2041306911197,1.46589491026556,1.12181520827525,1.50957921645981,1.78036074839968,1.52324301732831
1.39463354370781,2.27581493797375,134.159774716779,307.664731434295,-0.966993983358437,0.0729227494753681,3,-1.00710204015292,2.18504610794279,1.37695533017022,1.13846366570329,1.79132796458856,1.3115424903668,1.45263234082461,1.21888090472134,1.65647007428883,1.06469952227384,1.21975541165634,1.19312608033147
0.423846416424672,0.444923716296796,6.97002518217728,5.89253418280562,-0.859880816649747,0.102037552135357,1,-0.39764932521542,0.842402956411514,0.00826477435151891,0.456473175632293,0.462305213192843,0.438407960692918,0.522478008703157,0.529901606849524,0.0451278131944217,0.579652345003992,0.719346877181547,0.50623976170184
0.836443869997565,0.568772014779271,7.77992692502151,7.73374299628104,-0.825135511611081,0.158887091678696,1,1.22815298796411,0.953003251971145,0.205649087178069,0.508439177009062,0.393083453720343,0.552987986618607,0.46406576784286,0.484406780592386,0.497513882136146,0.519527156016732,0.446348852113627,0.511133199464761
-0.593684319237142,1.25485055890834,52.4749001661446,125.80848046327,-0.969306177093146,0.07384713170215,1,-1.47667815892585,2.68381393374945,0.964487552352364,1.23845481580768,1.62914467857295,1.16829925802328,1.08157324486838,1.32484730965368,1.61034594568978,1.15906231599056,0.92601911129395,1.30520320735349
0.703615506836657,0.567412146397902,8.73782021489349,9.35499686273568,-0.75703652207879,0.229819727820861,1,1.45976183727232,1.42626967251291,-0.16526389028797,0.651812301449773,0.547086730894163,0.825148519269618,0.42859143296679,0.816835505472223,0.369166349401515,0.53000998026051,0.609261071497151,0.561435300343635
0.294719627757608,0.438418491211369,7.05065948838557,6.45249506276474,-0.67067355375937,0.260812816678838,1,1.03693588032983,1.18267498088976,0.148925624537719,0.601367344019919,0.670710559175029,0.497114770559747,0.095421379549242,0.500883479081481,-0.0330745565641743,0.690114873159187,-0.452099049439899,0.722227161505921
0.401713688910764,0.513312793804424,9.84268479789844,8.04961595283487,-0.831562324891557,0.139383000423233,1,1.15053794788813,1.02825605910403,0.880176446221249,0.457245102000229,0.299542479815023,0.465830277500185,0.0383207951087283,0.583287822183895,0.608735759981852,0.502686159314446,0.210324555952553,0.515308759634592
0.463612485184404,0.34167734239914,4.70452955041276,3.94311370178556,-0.845634814539397,0.140298264580169,1,1.51976508722923,0.750200595835351,0.439706808873368,0.421605004264484,0.28718671621877,0.513725019065827,0.771347795170237,0.468320518620281,1.03427037202126,0.411385546261966,0.294906360716432,0.653195999125205
1.26331247062048,0.963916286282649,16.4158711158807,22.2484952659829,-0.934357165851143,0.0927431979368836,1,2.4362231355564,1.78490744371479,0.672195338092431,0.722241520112901,0.868637559563615,0.690713115977469,0.602723477248234,0.726007090220239,0.346845626731038,0.770141004214466,0.867144998531537,0.819751235558877
-0.0386464380772973,0.458047439250335,7.87959831210446,6.71050097426781,-0.776988252231826,0.197985759760157,1,0.0510170137774792,0.868157147230346,0.573012110690203,0.46558780804879,0.0867281442501778,0.474592366718351,0.00885778500603603,0.597059089090523,0.999878261380199,0.427620533574837,-0.0197514029918912,0.697337960609593
-0.881121508745586,0.697151868169422,14.3032999078193,15.3204227537092,-0.871403772186972,0.157235875470984,1,-1.73100965878751,1.2905850883327,0.903171621667337,0.541904204800925,0.602936760251411,0.62961399597033,-0.11217646973807,0.75872557334099,0.80603964068273,0.595927400509594,0.667551264066195,0.620096114326539
0.780813890228233,0.971090083836133,29.4910621715256,43.9898753378771,-0.952480450716401,0.069218674175181,1,0.0244523401376383,1.65602800805813,1.20846220118446,0.737064241080751,0.945599257314311,0.782018789604416,0.877002910414105,0.920245692986255,1.05093149060083,0.829771661021201,1.10001449708592,0.786836477513368
0.367994025799841,0.373204153586753,5.75146699201776,5.22969132516846,-0.737582317257758,0.233340047961509,1,0.588658748667186,0.710642850224974,-0.00457544225432603,0.514308856442399,0.265052396912183,0.5173763512801,0.369802728673927,0.511027609722683,0.589020431350124,0.536659262199952,-0.241875647252002,0.684251188467215
0.445679151899862,0.602515171489262,10.6025457396474,10.3734406415947,-0.85032814489102,0.14678202993816,1,0.994973630687166,1.3871617784227,0.622875983399714,0.517228075520439,0.763348241367136,0.552797950781585,0.589338462160558,0.554279425047903,0.686396904860217,0.675833090962628,0.913441667153097,0.614414869821132
0.998162155524277,1.34926568465672,39.2148497366102,78.249267353323,-0.924843195522749,0.149359423716067,1,1.87600054353827,2.57227956393998,1.06650144115017,1.13800170296898,0.725674522608533,1.02930781496017,1.27974824986189,0.956221838034634,0.793373909162242,1.04942443583983,1.53405822529149,1.02238325609922
0.537886844450469,0.460204608935521,8.02060056850478,6.59187309472427,-0.787544058410338,0.201037439489424,1,0.129392068960157,0.811906586502279,0.804747598729694,0.485006631326075,0.514694372661532,0.48855335388664,0.365734847727496,0.524421617310204,0.522913504097044,0.613044652189547,0.709529801229085,0.46323739213278
0.552292420352435,0.35883770338987,4.28128208020904,3.23410956149867,-0.805037934318052,0.156942210574399,1,0.374960744623209,0.573653243662295,0.45879327704928,0.48288939740225,0.528115426017745,0.378610001543898,-0.476831704433172,0.515910635222886,0.0913196357403429,0.527322776561657,0.237785215160074,0.533665877686902
1.09303827421056,1.43623009166433,55.7959225867091,116.182497786621,-0.978806927833016,0.0434884121535169,1,0.605966663751802,1.68494484941313,1.3422792983288,0.997488326073171,1.2724588260651,1.08609360892145,1.77806364250514,1.06598876309631,1.65913922320599,1.03335914839602,1.49190634406103,1.14495027012022
-0.129805288406449,0.42785452686028,8.38209328925213,9.55695071409726,-0.681548285777817,0.341592191567131,1,-0.992294930627246,1.19484206721731,0.27957513564206,0.682816762366609,0.665380760614745,0.56310241815169,0.353737012742725,0.513907614751853,0.357302629100349,0.662764072573143,-0.207285182472311,0.722869316680709
-0.0635859768207236,1.68328178887521,128.720483907465,356.235856973674,-0.973066835955112,0.0752529486669193,1,4.11143604686645,6.45786223743437,1.80175440572878,1.33058572228104,1.28632560360193,1.43720670315265,1.60006601687696,1.5150117562684,1.32216279726849,1.39022837413825,1.81323359440275,1.39793703033842
0.137163521093301,0.340058992529661,4.41006424019358,3.65241173243816,-0.787638490954292,0.149680947493126,1,-0.279066931170323,0.76144105852936,0.586475797162107,0.42625263521314,0.417271522539089,0.492775642207476,0.160796601330224,0.624464144061586,0.256499560585812,0.692298853351793,0.349853603396239,0.48074199423
2.67360801674751,3.17501579895415,73.5923549046793,175.707110314562,-0.982817688618129,0.040209261963883,1,-1.18635296672974,3.1006229545996,1.72166388131256,1.17251958064694,1.23271887978157,1.16040761837909,1.64725285648188,1.1953090888484,1.7689991284993,1.19203980448754,1.2912759139504,1.2796211509957
-0.268708692013685,0.588092726555913,12.0841580435221,12.0662477805506,-0.918376464488927,0.0921826979401233,1,-1.13427104959998,1.31794188611219,0.877501087853475,0.570246170455623,0.977290272231901,0.565445039458025,0.696458626314447,0.535879611588036,0.804093426372108,0.639871650167849,1.00053105461958,0.608131798773731
0.377780445355307,0.419432301212442,4.86088512146323,4.3498992463198,-0.824976698953324,0.157134976574787,1,0.0407997065721528,0.756341597495112,0.307323219340583,0.470069453829831,0.887407136760978,0.485854186131884,0.345585693490632,0.636602781621058,-0.173927281373682,0.504314249667053,0.248301840390805,0.579917756170777
0.0708385873047554,0.376012549015561,5.0509146822637,3.50172085180894,-0.60635292670679,0.171033421699656,1,-0.0258273881466681,0.854365513044266,0.0421847586844661,0.418962208432321,0.280965243908938,0.460720978741228,0.409830447562414,0.414053954323779,-0.895221191476623,0.625593344852927,-0.0289925460334974,0.549517485527805
0.143869991626239,0.695349913294624,23.6439527565492,23.2764794523734,-0.906705534635881,0.0825947875858913,1,1.20270452204704,1.07635139029638,0.818558829721285,0.510532461801152,0.770563045394899,0.591618774273504,0.381084489469416,0.588923340237943,0.98927723017267,0.605987986024153,0.532142893049119,0.65252669852462
-0.563140213074001,0.455919833018765,5.91426834319347,6.035593994626,-0.641755970833322,0.385250863013094,1,0.190151820561083,0.732519489488421,-0.135579904420672,0.592730542706823,-0.211059464524321,0.552622846278154,-0.276226236463729,0.636207168599023,0.337104884957264,0.615669266158675,0.484312419420543,0.695965598138596
0.943926216211802,0.676027559986546,7.24323503762677,7.48673268312359,-0.906387050718896,0.102729744940279,1,1.21800607989769,1.46145895795731,0.0545359149488134,0.638394800976684,0.870866548940414,0.542273188268449,0.694800206535956,0.569597086701308,0.347277270066479,0.537317082178939,0.672421655232481,0.553764264830357
-0.145460587330933,0.725782055679568,23.1539321838543,27.191608382691,-0.922817483725019,0.0933668183370244,1,0.208837592347791,1.10870096500261,0.807527128130519,0.579465601851071,0.416144836106573,0.716575466705418,0.467245601450463,0.673334944896042,0.915764486209567,0.7228727385411,1.16500173981305,0.58258034478076
0.167727986387149,0.365740159679618,5.36201963274345,2.94238386475207,-0.495423108965622,0.324944384640386,1,-0.218281921683173,0.872353948165479,0.0928869202340721,0.349607980140375,0.24868218344448,0.320006826645491,-0.0361948118448241,0.375911472920619,0.304816870080856,0.390542266395939,0.923490607734997,0.361280174351755
0.606457417223509,0.343906110076879,4.722474208259,2.59605417066038,-0.767862497454398,0.14063160152984,1,0.99226744689934,0.547900025718096,0.225349496854974,0.355530092296635,0.241618309400849,0.398389564270786,0.0306401456671216,0.369774279010249,0.089928707690698,0.40771995232233,-0.0493437586807314,0.457212072892802
-0.884435157971161,3.57100223888127,268.599333575101,1131.83488854115,-0.989999978080731,0.0421941954920342,3,2.38665664719031,5.07390118474528,2.08849726127646,2.08052396465697,1.80320246032689,2.20484563447593,1.82927306485258,2.10122115808379,1.92168823927441,2.11601262164793,2.53081930729272,2.17601794829394
-1.76881689057521,2.80124993607282,72.3283307279359,198.432228084873,-0.979962552443177,0.0546699532180374,1,-2.65566172788703,4.28892522525299,1.81662168592062,1.39237842054813,1.74810659649919,1.35428639577027,0.604075102464605,1.46615573648739,1.78067425128031,1.4209393286756,0.441365954023361,1.68665495208837
-0.289805132718147,1.55500025989524,129.198023341362,518.4946104431,-0.989999977488168,0.0396938334640174,3,-0.212989421422636,2.83073069471808,1.63876658828796,2.03195875467183,1.82462860178622,2.12574534488268,1.97617677245994,1.96932452936405,1.50964626711431,2.09520971080798,1.85517244785134,1.95103031138648
1.24718874587442,0.888007613321603,16.2086521080508,20.1363875501771,-0.904564939852294,0.126026539238982,1,0.792800610709023,1.04497462541458,0.919775861399878,0.629706884681363,0.896534348426628,0.630550951404689,1.27792542474242,0.65521960194745,0.433225588330623,0.714186564157463,-0.106962042095397,0.877666961433959
-0.0900928135481064,1.96888720480819,190.267564675173,812.709344952757,-0.989999954392863,0.0419641820428665,2,1.40112288134156,2.64614908490427,1.51860803676676,2.21106896504725,1.82099733869514,2.1755439213117,1.66987233274083,2.10788135873863,2.15582581728507,2.13527539379304,2.12689421667574,2.18268115223007
-0.416249065123877,0.798971997162626,27.769291796433,38.8344292177698,-0.943679066685449,0.0802334149962256,1,-1.12412867366452,1.45942664479773,1.06630277015374,0.782461997884727,0.535176700293563,0.708008016875465,0.865106746135978,0.7535088393672,1.35404117540037,0.807839304820786,0.905502487970236,0.844973422551223
0.525043693966779,0.358000170161808,5.83793253154175,3.64634991771054,-0.70652799987148,0.187963072388086,1,-0.218201380219012,0.527555960808057,-0.00427913421952341,0.366332029588858,0.395488788297698,0.399499702810944,0.442641903442913,0.468922694775249,0.052443276761614,0.405786626054986,0.31304166244407,0.433357140324721
0.175837312901284,0.952918126033011,41.8850281233941,80.9989788367803,-0.963646371728384,0.0747852340152459,1,1.50111750516852,2.51282250044681,0.708521535422086,1.00258991253614,1.11404254093956,1.05136712846646,0.594044649189281,1.12102432413468,1.50369398341727,0.989620508357939,0.948286667236624,1.06746181646019
-0.214697564120548,0.77651637410061,30.7909270337814,56.2246221706144,-0.968171189708105,0.0554956615136998,3,-1.95565633545699,2.12323528734939,1.09120034856097,0.900778744138632,1.19258741753694,0.941836502632683,1.02578233570719,0.919612453977607,1.19247259170457,0.951427356370968,1.08280848439297,0.950653657133144
-0.430476793810391,1.5820789075132,78.8057997031346,231.783712239931,-0.988178633393286,0.0348162448841647,3,-1.41678664866388,3.40312746862581,1.76045967264511,1.44872884462048,1.77037582643778,1.48529526197873,2.07366643794666,1.48638350071146,1.53913377486853,1.47663695986916,1.98425848444007,1.50656884896062
0.375204632806305,0.655003924186601,16.0346289077686,22.2090282443491,-0.908413552783257,0.128046630428624,1,0.506277252966225,1.26360667211731,1.04982951700955,0.75062112010569,1.10860790025,0.709357908650822,0.998700187288109,0.742154688586234,0.847524351652373,0.731851147272417,0.702333850658977,0.819542009041031
0.473898787964796,1.32956669640848,64.0128905187951,168.727343622517,-0.976765397097472,0.0616603219294276,3,-0.149726346140745,2.18555785018388,1.40201911097477,1.38825417850743,1.83353054383082,1.35419271849592,1.18294411347621,1.38840807655797,2.05343964957312,1.2779252466847,0.861580520496531,1.48495433748334
0.921602021220524,0.486151295505407,6.14335161384392,5.33777807202059,-0.838390305611871,0.155534260671784,1,1.42475245159363,1.06442693527478,0.350134182932101,0.455630691131151,0.620438386526208,0.392927708100913,0.28151855266295,0.482409988580622,0.639416765882902,0.57086424023869,0.710673082425101,0.54983642410102
-0.441226900841473,0.49027388998249,7.59626774886896,6.05870515298832,-0.762222984556976,0.229212395428501,1,-0.871425743197056,1.03651299790287,0.589549374094043,0.585617950386924,0.363975872393223,0.443930851228232,0.520998569548534,0.46604218137072,0.0863491968888108,0.48438537969985,0.110504065093852,0.615442146422475
-0.635425778351915,0.811945324670054,23.4168918857598,35.0250172578987,-0.906031426980578,0.134768785745677,1,-1.06158980611547,1.53261288253852,0.710525025243919,0.815888936306334,1.03758987939837,0.888696656649828,0.524301876796844,0.710468774263592,1.21102643531517,0.753966008681762,0.951143849502375,0.796372151855375
1.43754684586007,1.27767494635546,28.0972022192646,39.6340239681237,-0.919458337132812,0.110515484666635,1,-0.878151406375502,1.18438707277209,1.43179335955357,0.710723592363465,0.685697731782905,0.712212196162843,1.19341726637284,0.749041597399207,0.756296217535222,0.679893103118168,0.847767455099656,0.832645766457798
0.337060760375891,0.443683058549263,6.48736680960437,5.21206081835084,-0.743388254347325,0.242175257057553,1,0.706783862435089,1.06855821720939,0.621796512733054,0.484501802137315,-0.0777952860330802,0.505049149238257,0.352433847078889,0.457662689828135,0.625351573324959,0.450949212070859,0.142819461473065,0.455295385762326
-0.153556680142173,0.594252398447477,10.865133852095,7.76407914133307,-0.846497991998683,0.111540452404303,1,-1.30843623713372,1.30803360382747,0.498941371110313,0.415406235509095,0.622849583663503,0.425077834083547,0.704984281667589,0.46914783228744,-0.029032364906134,0.489412110716116,0.264554753237101,0.453970735789402
0.0901752727398405,0.931594972649236,38.1389415743219,62.9202580221897,-0.966582154145813,0.0511426112796606,1,-0.5330635245504,1.96447834857497,1.31170373572444,0.864890694645123,1.08909097669734,0.98190233031282,1.24947281112764,0.740517802919924,1.008000292385,0.879635110809504,1.12805548545462,0.818775398784276
-0.525674750711194,0.446879205266498,5.28792622147629,3.79501391802119,-0.664840830712764,0.232548676697693,1,-0.286321844261275,0.772797229386272,0.0803812081686739,0.43449383150402,0.405339581714719,0.417958626523914,-0.402009546429841,0.506030567397217,0.563740001511262,0.519557617719785,-1.16623912940554,0.795657611057823
1.16799670296698,0.818642356981605,19.4176563886868,25.4651267880621,-0.89644861119664,0.141073817740381,1,0.57871799870631,1.2724623859441,0.798409693107521,0.748259784056551,1.05948403892333,0.731195873108209,0.732212721674393,0.635777860957387,0.705753877778899,0.704349613124237,1.28986037644674,0.703723298733368
0.374098996340387,0.461393753909784,7.73290855867424,5.93134326544327,-0.707307582589005,0.228201419565707,1,0.743699340479067,1.02413952646086,0.080713339974638,0.443316535399111,0.154119463027847,0.503085370353238,0.600226638171147,0.553796562539721,0.0428353053396376,0.553778143128446,0.296982636821107,0.543311323768787
0.413175055465833,0.616375069330213,12.3199838605522,14.9231194087428,-0.844363268819535,0.20024275418047,1,-0.223214208125357,1.02636378603139,0.239827939602356,0.618507613161892,0.609220710475015,0.624243561278317,0.552937389420578,0.733481561384586,0.8946906355438,0.703708882680305,0.565245381234617,0.665885280627516
-0.290149522692121,0.47801176078915,11.5123933911224,7.3025938548992,-0.650410669005461,0.269333377511228,1,0.150518886636738,0.637142305341874,0.620604701876822,0.386522325353439,0.6731535555508,0.377412926439778,0.672259171688656,0.37033263531028,0.0598004669132447,0.482040407011317,-0.284094182515201,0.59359414221814
0.0858727810843538,0.408464522499163,6.82809874156821,5.48664302003113,-0.767513871541462,0.187999174869448,1,0.173681118682302,0.807997111351523,0.46952707593725,0.399358497210087,0.228741195063851,0.549041735189374,-0.201054110621121,0.587793823938663,0.610501294158801,0.411059891891902,0.519009713782915,0.498699929011096
-0.352334036410962,0.659049209148613,17.0281462836526,13.9953567020643,-0.81266026443529,0.132930883919885,1,-0.52659402589236,1.13500395034075,0.754996723656107,0.449901501144119,0.0947965421169439,0.629337559776093,0.508141646083663,0.438191425575754,0.688169102431721,0.525546449949774,0.750837611512327,0.48540708195598
-1.67133327331284,2.1176001537508,71.4606119723334,157.129087165385,-0.958541498817209,0.104349694683206,1,-0.631247787701189,1.95803075361475,1.12486898649271,1.23102544438586,1.22699872971915,1.12260890862083,1.19060056227021,1.28229521766627,-0.761024503094225,1.62772634805821,1.20378126600857,1.26165907544336
-0.589732973383556,0.948049057305311,25.3783381820113,39.9443893307577,-0.946826348612946,0.0848228143744265,1,-0.0517538120004502,1.12847431630344,0.941722791005488,0.812998337204914,1.34852614753588,0.857882633484462,1.32892236996825,0.777147970014447,0.739097874816592,0.899603370710412,0.922065374462358,0.908711234982291
-0.550404600848289,0.524218618019808,10.769306016573,11.5092090702095,-0.750747130400234,0.293467723471078,1,-0.428797054764963,0.874181759106589,0.374289535457418,0.525583881567456,0.298821462108363,0.49630902917435,0.543265410762781,0.66363536121215,0.304170808148722,0.823220245636028,0.871486881219213,0.649213775485037
NA,NA,NA,NA,NA,NA,99,NA,NA,NA,NA,NA,NA,NA,NA,NA,NA,NA,NA
2.25220274514068,3.02675744076239,102.480275553411,250.292367559538,-0.981350973406816,0.0454855788341995,1,0.592554404760311,2.48272618371596,1.59752838355078,1.24847312287926,1.83872883362682,1.20238953112223,1.57144073317869,1.40297822297532,1.93648893143578,1.25011126134128,1.70072594336388,1.27003288751032
-3.57825387804745,8.25282529956893,231.734431231937,972.33356950912,-0.989999958686653,0.0420124156123971,2,-4.88391396644083,11.4440847330606,2.25309726822005,2.0975006359089,1.78911687250691,1.96362576092624,2.75646855591452,2.11413019599492,1.87335320593672,1.99681233569243,1.1036393245217,2.16633878794767
-0.3766909010998,0.644193761536689,12.4788610575529,12.7257728918283,-0.866346581410021,0.140423985206722,1,-0.177135419485995,1.18900639650692,0.8669929572914,0.594553795068231,0.526079219022686,0.61126249418523,0.859565815207101,0.618250585786947,0.696954867131461,0.551627981453624,0.325758652643665,0.618763019583149
-1.01637016521853,0.925750293154553,20.32188891793,25.371958267041,-0.931016534863345,0.0914510952248405,1,-1.8267866509895,1.47171477394775,0.605042658691847,0.677252557560531,1.0172509780015,0.671032912253481,0.772689564079329,0.644375694180082,0.806583625690605,0.673892464148113,0.767329347840613,0.700448616654026
-0.0586805100423846,0.972041866604855,47.1503947592292,97.4121095278344,-0.959588048786553,0.081079033372322,1,-1.77254479604043,2.98901567198629,0.798068075816956,1.13283647315244,1.67824336551955,1.01675381550825,1.00537088424409,1.08577997146101,1.32455736561832,1.08911700902583,0.386730127134413,1.16819873795909
0.340260682828544,0.386606584711172,5.45156065027687,3.77126873835451,-0.791190446023919,0.144632649049947,1,-0.0246989186581709,0.674359903366108,-0.852279784298807,0.584188048459497,0.264138828871638,0.401875040540867,0.174095355400529,0.480029130160525,0.001106517032213,0.420403688165142,0.690385306788217,0.424023693023461
1.59260246912046,1.62953970497192,36.0406257295203,60.0021102788135,-0.94399592743547,0.0834325441804811,1,1.53465033173343,2.15179218722277,0.974241666225717,0.8434030749451,1.21235292682427,0.940104716961366,1.25734763188232,0.799490217487543,0.772884444948072,0.85391704994343,1.31146185599512,0.856819787077031
-0.531454849952925,0.530595621272011,13.3570626113256,11.1467121452886,-0.785039959214885,0.195366008704597,1,-0.260373287591506,0.67165412949017,0.435765543801433,0.521328338055758,0.0624090664506208,0.504478772083765,0.497813798384774,0.416821851768986,0.242985551966382,0.54748999715372,0.346942452679734,0.538534195341893
0.170329606131537,0.744531843465356,22.5128883356508,28.1352667845654,-0.942198784415377,0.0794792863574661,1,-1.26367658669115,2.00521615844681,1.40757361671618,0.665974900536199,0.753368258425938,0.681527450527194,0.0459503895700043,0.837870580728716,1.12123340971225,0.679045981184262,1.32769767062324,0.73992102617904
-0.365743451522952,0.629227623650902,13.5811563304083,13.4836834677705,-0.821898847277762,0.182392162247269,1,0.554757891379395,1.42196576475536,0.449309387700723,0.503884869025212,0.331125521580258,0.691681551915978,0.172264559640113,0.71685821934226,0.496040741866985,0.591909170199241,0.509754756589668,0.52030357771689
0.920021597990757,0.736846072009743,12.8094129164429,15.8356507965813,-0.807251527889869,0.231575078590348,1,-0.0488930893118976,1.40573871474408,0.550043393283525,0.617512539623576,0.711733316643351,0.616908545132191,0.704592290833756,0.734647997481638,0.435215229974637,0.772268820466206,0.476477139566008,0.707108859289855
-1.31495838749611,1.49671297975153,26.0606337771581,46.5456995371335,-0.965575304126566,0.0602793213320951,1,-3.05842023556258,3.44815687520991,1.00333625131781,0.856892933642434,0.968504121835894,1.01483672479231,0.72755260044494,1.00230352879888,1.04675265056046,0.919191021126398,0.996111133623934,1.07080271920805
-0.998376998572456,0.821285579585246,12.5367876852016,18.7124208296748,-0.891086205730171,0.160004988957347,1,-1.8311648652468,1.32145245335365,0.367393319722651,0.799713113561113,1.13209247640222,0.780068145511138,0.840838024967074,0.722904347796367,0.857999626391708,0.780720777515265,0.486423084939118,0.822392325702062
-0.198744221146112,0.832944005710623,27.2212185235517,43.1303245032178,-0.928882221135035,0.112261881291602,1,0.540316665462393,1.56341060639932,0.219094694264582,0.941669488758237,1.02897416845317,0.786444211066428,1.02447133494219,0.790310043592774,0.96868902508124,0.768153746245843,1.3377240482524,0.819467897712177
-0.268189386654502,0.491305087149493,8.68311906863213,9.62543116198119,-0.877342667493037,0.125020741909347,1,-1.03264898283095,1.20079426710129,0.667050594361163,0.584968014560608,0.392901441158052,0.662214648967664,0.402024109947024,0.677447221173989,0.453335673311883,0.556647801992484,0.608208279483362,0.652132340338248
-0.286635143428319,0.795082748392537,21.2461293844133,19.30774647124,-0.85393131893313,0.143127079848001,1,1.33075852530353,1.48853495202612,0.370931608850603,0.529189837368546,0.800108489491838,0.507880784469756,0.167674977193399,0.633903727381585,1.27392108452391,0.555523915804865,0.00436087285878168,0.822068934737716
0.819462638538522,1.1181181209144,24.1539410555734,39.610351788901,-0.964552636284016,0.0602118373989179,1,0.405255102693796,1.78027697649055,1.00600764737541,0.834169767710829,1.21666110307894,0.95717010527122,1.21169606958014,0.822069134411596,0.924411305974989,0.882707357783243,1.38426985391229,0.855707751292257
-0.537053808194259,0.559901427183419,11.1802802086644,9.86465772485377,-0.835618354263011,0.158970635062619,1,-0.627338056890573,0.899397420715858,0.53601479511329,0.449918024935994,0.458711657939459,0.473927092199016,0.461065395953461,0.517817158062055,0.510107109058287,0.60577517402146,1.10533346886429,0.4786673010318
0.824461829972438,0.527518268756713,7.99935403788356,6.53731556575574,-0.692918836662951,0.293612915911049,1,0.586312828483945,0.894017323463823,0.290275933360891,0.471125417864388,0.589821346958888,0.428975036265264,0.0300835459855441,0.576540399618856,-0.00192394744068422,0.504201774645872,0.487972187795457,0.536185015793535
-0.230017180566015,0.675440709207725,18.8066488132323,23.2910879708194,-0.916433791052862,0.111863474341148,1,0.131881125963564,1.25994772289129,0.994468371187536,0.663024725497504,0.272857300660337,0.769434287401354,0.455253085455884,0.629673806908295,0.913478744524357,0.706777638863474,1.6425981794143,0.679650829538563
-0.300119993645499,0.39246628263284,5.79970171464787,4.16503113310964,-0.662686816260974,0.215101720820245,1,-0.134178453574495,0.796908629805528,0.213818896984065,0.421499104688009,0.0831873761956327,0.44411854695042,-0.103584914247363,0.4717696357478,-0.111759556841769,0.573125148861579,0.403655149816383,0.348930589814466
-0.246844009916154,0.384672219220389,7.99819965944219,5.93064904501897,-0.724842244932716,0.226832627712905,1,-0.179829304066849,0.545092887098498,-0.248886491589278,0.512898426767942,0.528596642268292,0.396677197493607,0.576191539580686,0.447402375111676,0.0122509565470882,0.549569867767302,-0.260968579696476,0.6629222655498
3.10053357683348,3.70850564756891,80.3612925598733,181.689963112072,-0.989999962362701,0.021355441781434,2,4.19864922743576,5.90359187690764,2.02065364996722,1.12610215871836,1.35777372204476,1.21107561212633,1.76109574583992,1.10994940921033,1.87186413723118,1.11230418503143,2.0018642627883,1.21357889623445
1.69262691553578,3.28956050421597,198.853620015239,714.618643385572,-0.979422501419201,0.0771222861752807,3,1.43232579558728,3.300128334682,1.87494839169583,1.86960502019059,1.84655961723386,1.85686298907127,1.49872466594785,1.88841754158822,2.215866924064,1.81282343502861,2.02827905366014,1.8154689301083
0.425269293315455,0.833878388572973,23.9557613485706,34.2272111230152,-0.927335522428601,0.107800263863359,1,0.922655164783133,1.90023320408785,0.397637022475974,0.841508367474636,1.05016939987572,0.755041225467328,0.741657567413129,0.843159891832489,0.913196469970011,0.736301806744147,0.911507584251867,0.734239392606461
0.29461810779249,0.584344785374677,11.9137255389796,14.4679126474724,-0.919100332738301,0.0991911251182388,1,0.533281781583146,1.32166308538099,0.124208445338496,0.616713490315493,0.863816794607933,0.647229376349608,0.845122439835424,0.638536377483426,-0.608444860472296,0.805981289151493,0.705371542435185,0.715786907201361
0.174336096298838,0.714818184808806,22.7013752267483,24.5074021104348,-0.913989899463919,0.0929388719152388,1,-0.110729753391752,1.45751241803591,0.741572258448709,0.684496399562964,0.991440920037375,0.562488670545409,0.392754585184511,0.622784221385696,0.142457395380423,0.68822324673492,0.954070806400123,0.57512085337289
-0.82253437618367,0.754520178535823,20.0687759913081,15.2574517981209,-0.804992828040394,0.179051100459272,1,0.282422597730205,0.921103173173226,0.990100044643484,0.39228818904121,0.733442805320839,0.456979123110987,0.969217328760367,0.402296046534805,0.342753116560541,0.69267587962557,0.333028124403732,0.702984117643021
0.167330043031764,0.551660638494004,13.0060833725695,13.5309987984022,-0.917574564747644,0.0834981725716528,1,-0.518200484057383,1.34346608066125,0.732382879333379,0.511676400023069,0.791429230639927,0.55002877584832,0.611284707583353,0.669812617641647,0.997326505836095,0.555089698462055,0.773343345523316,0.708712206153766
-0.0455597507048528,0.888055777204054,32.9308642582086,60.5885338961773,-0.969492156518449,0.0613326705981057,1,2.85913297080817,3.51390961839142,0.289770251163643,1.08166160013745,1.02976668396552,0.881766033344112,0.60717144189745,0.977264754057142,0.847467571672871,1.09526050917581,0.801547771790948,0.894347880826302
0.347782057555042,0.442822308831851,9.48209310480423,7.82014152271288,-0.798650171852675,0.172823891676237,1,-0.591244858852063,0.874478905527004,0.495691436099761,0.408556371103905,0.6687218659107,0.48609958486485,0.552785671486544,0.52928155035382,0.804084112882961,0.421823658107464,0.809036059286219,0.45007673571274
1.1128108456744,0.781784617936566,11.6117732756532,13.9159665353301,-0.886058941302572,0.154149714129109,1,1.12369079031756,0.797508981621887,0.575457488399364,0.615961543476119,0.278613905517786,0.805326754495803,0.376843957467575,0.624560316802483,1.13107859386569,0.649580000004195,0.729190214219935,0.739240782883018
-0.10044675521426,0.383992116152615,6.70099766552663,4.61755471127002,-0.726077984906673,0.208354200489641,1,0.149607898962913,0.687275822802208,-0.237721784609335,0.46533306908409,0.673864675276708,0.399046189035315,0.369216153688826,0.454708947689536,-0.012439813951218,0.467627644524761,-0.248659739221432,0.561669536561919
0.22531463910829,0.499773505284867,10.4418188776413,10.1254356914583,-0.878315287412846,0.124009249294103,1,-0.245550409597872,0.898703764715849,0.71058299201185,0.512684697165897,0.566437483801101,0.554885275396081,0.438830400308285,0.647884739401456,0.732706207075606,0.518157679972787,0.438393628564899,0.607420876756137
-0.395806738452288,0.629724649704109,18.2229366029677,16.6322699148966,-0.816571917834648,0.163512589803277,1,-0.117748592084298,0.828604173335533,0.949338232549358,0.478383444856332,0.698293443177241,0.575435927145283,0.654088232607274,0.585815713326984,0.812822592049915,0.583821837353559,-17.1841478679759,1000
1.92504663441369,3.77730528823495,91.038548685875,301.963921402115,-0.985744752612724,0.0463823042970969,1,2.41395606028538,5.72901631458729,1.94833385168942,1.69053348186979,1.17792597586479,1.59729792985316,1.61858232024437,1.65721713762748,1.46605047293964,1.77793683113519,1.74112653155177,1.78434623263206
-0.462133610627406,1.10326586299993,40.883015859017,79.3086806103161,-0.941431909493647,0.121348088646165,1,0.199960847522729,1.64026031120562,0.688576450414252,1.08213001346654,1.25427465637488,0.994946840477668,0.21552993897822,0.977643081714052,1.38618379085899,1.04386701347302,0.1875856434788,1.15713352147209
0.788037641871752,1.33949886374658,55.439617695211,90.858373971076,-0.966268532258327,0.0545083221662126,1,1.34000721772087,2.53195935469631,1.11458275905699,0.821844830667181,1.34570516728906,0.864673067740507,1.52406451261412,0.818220150523156,1.24712060479257,0.839522719894085,0.950842950045573,0.955787668844517
-0.74871314633813,0.587501459149348,13.2549411450543,12.4665692968534,-0.822457739956148,0.176640496896944,1,-1.11113844634387,0.960482574815969,0.59235767188039,0.572413920968839,0.371353749718021,0.456710870694699,0.474286453930354,0.513875198251076,0.837387279723998,0.488070270029789,0.40969767089003,0.635199688176325
0.996863509304787,1.64454355827423,76.9148960418687,161.664137768277,-0.970418082293734,0.0606393880577079,1,-1.18261240304716,2.34123923592547,1.73442868000836,1.01409767881538,1.61736279151552,1.18771571810454,0.824351046184337,1.04581352322467,1.72987586955019,1.04851318116072,1.52330700366242,1.11705189885847
-0.539668404263754,0.693192888266535,22.3269790081598,26.509343528677,-0.861373514774234,0.15965618182401,1,-0.646029646965842,0.725451215026779,0.767387256780522,0.563008952224873,0.29577636604135,0.617214522981726,1.20812475626105,0.573019348185473,0.436659119586462,0.696683531157496,1.00385424966742,0.707052045238365
-0.165913486688765,0.780426566965646,24.1339102019841,37.8240980045856,-0.925721627260808,0.12888464904614,1,0.464164053903616,1.44724397201295,0.439591663436707,0.840198716178667,1.1738637904513,0.824462763108041,0.83527082936951,0.837960074563526,0.404498298643341,0.864295091791469,0.676053307922603,0.920348843706817
-0.374072549605068,0.50737981412239,12.6015447234825,9.62637435127395,-0.819539775180331,0.132464873995881,1,-0.211335409203704,0.694614691827322,0.229872913063593,0.423766332616834,0.402769827878508,0.401347388179894,-0.0428464615263323,0.47034440046908,0.611325245027571,0.504470321502022,0.205464365659216,0.594007971806967
0.346734597584597,0.324686056530234,3.8293705255719,2.52280413327081,-0.588269677274444,0.25889133803083,1,-0.624124587246394,0.702232191988396,0.306936773365163,0.376522392150093,-0.289264368154237,0.401957477070685,0.0920670930510567,0.43645768086503,0.101236699906274,0.464706412128256,-0.108917233572168,0.387674129741913
0.331260692097091,0.439192741551232,7.96962406771231,6.89621189265254,-0.75976079709262,0.210441505186299,1,0.802156625072058,0.920170205527119,0.427417023366667,0.547633499816865,0.704217320772969,0.476046898573545,0.436540756008192,0.551094393930495,0.113800188157575,0.564277496086659,0.555440395879999,0.459196906913415
0.199679009415571,0.583362132184914,13.6014536323178,16.6225342867443,-0.915160646834892,0.100505480200009,1,1.10744753568033,1.36062926575911,0.0584937154533688,0.705096297158222,0.76078151089845,0.647058988382481,0.548839031946365,0.718500465517353,0.651504973742824,0.692885888251511,0.844150154413058,0.636308500119965
0.69476678484464,0.939235563170883,25.5644329885531,38.1075184169222,-0.952610606363237,0.0701345197526271,1,-0.118895760500523,1.82592215553894,1.00352551761387,0.789638762993208,0.666670764976973,0.871162276807792,1.65967387251258,0.756263302837353,0.958352865221596,0.724121563575079,0.734833281290915,0.809987751771428
-0.275002156754559,0.866559327714145,26.4854994008768,35.097877503939,-0.901175259296678,0.134411497116682,1,0.146947599643934,1.44821368070585,0.342315662820425,0.775721165558459,0.774119239640175,0.706541137977062,0.788915384771145,0.717351643292105,0.609537607368151,0.796410033399701,0.710934329149211,0.779384043096602
0.233288055052597,0.285480384711478,3.91677552033366,2.3940496079417,-0.433614337163509,0.398701693743385,1,0.624992399163949,0.660631581597636,-0.509434958308985,0.425356571883829,0.0356353276017255,0.408420625170773,-0.486615165163725,0.499304454388893,0.182781404113621,0.424287563057624,0.0653774184637822,0.487617977065519
0.153688923605928,0.460951377539475,8.28047150833631,6.46056111172948,-0.867858599906151,0.10129402681919,1,0.3933714827492,1.02359960625216,0.601367771734508,0.407515027838724,0.482990857704005,0.426521372002771,0.642405300985686,0.45753224304445,0.609055230807689,0.480192250448821,0.232026089230154,0.459490691778732
0.191510774731716,0.72238129653074,22.5667903607768,30.9346392357472,-0.948001538972886,0.0717636703353666,1,0.149107561726594,1.39763342002592,1.02563128026635,0.714518483913833,1.06232308122931,0.717505442143706,1.34726787450763,0.703567499250935,0.908082456866229,0.762774795874223,0.779854916391458,0.842364023794592
0.258618613248252,0.539265860460326,15.0007628768642,15.0734603114075,-0.928958662339281,0.0714552482873394,1,-0.812865737067575,1.08037591933937,0.646203864111328,0.465959077970017,0.760990785575116,0.564465950990062,0.930854223630888,0.53179438138801,1.32521446144122,0.554420161912584,0.896016655939059,0.642948987177878
-0.365694329148774,0.573620775800843,14.0207389521297,15.2452552733254,-0.894864373291111,0.121922542045346,1,0.309966736562843,1.17493581511603,0.755983073404728,0.545324981047799,0.43224822025683,0.620892079916721,0.992408161499256,0.556527015977736,0.659678531931261,0.587815631317309,0.855754464058318,0.567203126405414
-0.196358178267745,0.563048509585324,15.6142526347001,17.3444725987968,-0.846760372290791,0.176057969250133,1,-0.185763634638717,0.722040345924458,0.612581260907885,0.592176799904735,0.919111281733041,0.610122427482604,0.78130046107472,0.589100819089063,0.588837574466407,0.695078896548486,0.845144199453028,0.695117169915767
0.151001862525483,0.692365208646949,25.6316452698827,27.1211923920629,-0.874722850296227,0.14591812323571,1,-0.889039796887691,1.02050103894557,1.01752290870396,0.563822051869801,0.251841215696963,0.592903419994839,0.633358505533543,0.609678029280853,0.690538130811893,0.654500145170333,0.69139528769898,0.546788214564532
0.122822306222046,0.402520622987942,6.21944210846771,4.22781092802919,-0.579739422772022,0.343064186088234,1,0.240716262943241,1.12939546936768,0.195288491542346,0.479873991917092,0.0406202222377046,0.489722281365339,0.0587208764814247,0.454070686720639,0.440827946973971,0.392647529504234,-0.175590083060374,0.596774942440104
0.213134127643762,0.376150392360764,8.53918668376344,7.95345238566037,-0.764395813008533,0.261084331656709,1,-0.491057905097891,0.522624898025141,0.736603138734485,0.510610236740538,0.737873264330197,0.555807769450757,0.229692291435829,0.568245512760601,0.230996619448522,0.480450671240721,0.703833920923038,0.630728630745659
0.289759217685791,0.366867819900176,6.04113978327856,4.764680409211,-0.816291160552,0.148012445345381,1,0.883599841137483,0.710842737318502,0.203605139318686,0.448128440613496,0.404168187892983,0.446267020674948,0.696940875159836,0.424617510008843,0.534667080980069,0.53477250600396,0.572227828713989,0.425479208132217
-0.066446694586319,0.70584309088696,21.822005516481,27.4034606975934,-0.887030842641029,0.136421250323292,1,-0.643568398142357,1.50962451251296,0.825780417610689,0.676739316409682,1.2192149587883,0.646920964969102,0.388553907817109,0.737993513817289,0.674980374089878,0.762625945862789,0.358778261336429,0.705581208980626
2.14131206667593,2.05212666248256,41.7068595559328,69.5702905762975,-0.964737276401043,0.0595099527996897,1,4.56803709399412,4.30758916756143,1.07024396810093,0.846024102486223,1.08669429574005,0.849509196671095,1.34012738283013,0.918271620708165,0.586771542208123,1.21035723447179,1.52243262732883,0.94486066320679
-0.0206130656942422,0.357246066709578,7.08927918475641,5.29034062366922,-0.776293726169441,0.150408174835059,1,-1.4674649049649,0.801375016452011,0.340502849976623,0.422221997051973,0.343355604645294,0.402382714047598,0.549704539624786,0.435126989232041,-0.0082715884776535,0.561808105880311,0.391325675669462,0.421447089025338
-0.0110041509480848,0.423400857624413,6.88867946265849,6.73504126765208,-0.800895356228818,0.19653354082962,1,0.338224868678545,0.729726087026254,0.390792594692595,0.590645964521004,0.2905950923707,0.484676676646436,0.672717966386616,0.549426601790548,-0.0343819462884578,0.634819043522424,0.54078565913788,0.595671901259721
-0.144401185425608,0.483528302805596,9.48115750034265,11.0235905386996,-0.90548004178248,0.109998725059817,1,-0.603746805594985,1.14111467269001,0.433678988474264,0.671181968725186,0.571362590227012,0.677102231945601,0.796253210045484,0.576059437061375,0.649221961620499,0.597373516142349,0.812075732189186,0.617175905036374
-0.43499652245944,0.622011250541841,15.3608822111004,12.8712571244516,-0.895942838900528,0.0924575104468573,1,-1.55405195274042,1.63628298656982,-0.134110599119196,0.583160987874322,1.02285670828306,0.459454412589298,0.591689720924975,0.533658595105285,0.80511067890813,0.467391306042224,0.605504485814336,0.475321810866389
-1.71160515514586,3.52868434543436,92.5207551186442,329.643317472498,-0.989999969267533,0.0349071229947999,2,-2.34802484941459,5.63250098551968,1.38651832279934,1.78326055796505,1.82763653772755,1.72996149188905,1.9473868027663,1.86248877516617,1.6400756270231,1.75168926800826,1.6244993160296,1.84207801194307
0.189141411187866,0.692963063536467,20.1679352660917,31.0359801038018,-0.936574490964851,0.101720484895387,1,-0.717276123767095,1.58341997137656,0.68445895778724,0.821584658664349,1.00437977490337,0.768416430555407,0.937764237798141,0.858374069609384,1.37307878945261,0.797042237164323,1.28378422635512,0.795111489966695
-0.442095592148233,0.85722919121207,28.2079129387255,48.9753427275832,-0.941306209283411,0.10699385248961,1,-0.551315706434856,1.80141305915584,0.984959967760136,0.832336388157586,1.08145233176542,0.886804047671787,0.721526502614776,0.862663728141256,0.652551035810368,0.88007083342567,0.593036079493581,1.06243174876967
-0.410449158652806,0.490212320098807,7.45376691034864,6.75547026119138,-0.860826246038052,0.120459043599817,1,0.0153203398241859,0.964155672477305,0.693273172116733,0.453044860207314,0.417754938895758,0.532758595210512,0.324947113737864,0.510071030599754,0.727109426213617,0.569301324594915,0.100761528849248,0.582905205178682
-3.79316614070158,6.78585778988777,174.234926833086,619.995315321318,-0.989999976856171,0.0360599091706698,3,-1.34033199323235,3.49344662041564,1.60693397801897,1.84348408105852,2.46342947399254,1.75418034534518,1.72824628809641,1.87045668184312,1.45212846952679,1.96971887748196,1.46683830952946,1.86896660629039
-1.00813977091752,0.9049621757913,15.4577990454927,13.7131911951818,-0.836366179657557,0.153917979869927,1,-1.27802275751392,1.96423076062344,0.660653621947675,0.460909016404283,0.581171274953188,0.490726791206579,0.429374006206216,0.578524611211148,0.490736040132358,0.66847145295764,1.06205786519089,0.643175139919306
0.425458257847233,0.312898382738303,3.4042041958824,2.18353449988628,-0.513806681166261,0.339992301576207,1,0.55615255696623,0.698652231501343,-0.0734447433770028,0.324612044787434,-0.497346319495557,0.430019808613125,-1.05171906392405,0.629271860319501,0.138363782940029,0.436564124693465,0.526963342208632,0.384977252978879
0.301959069572865,0.45679224946632,10.1031707135689,10.7010197487134,-0.860295818700172,0.141591302442015,1,-0.518905243325758,0.904892982394975,0.581518675852555,0.535763807952582,0.747903705907899,0.519044206128827,0.439027244593278,0.737299020251712,0.890536866202309,0.673259206749128,0.690063232891169,0.74390064100775
0.685485631962449,2.07446612089863,179.87853450829,549.037220568131,-0.989999975296238,0.0296997612671305,2,-0.373180449915328,3.2876824321301,1.32525075234795,1.60830900888977,2.1386799959353,1.51132438689819,2.2806189051872,1.45368572216022,1.17760721824664,1.6065504894975,2.38154121039585,1.5371186983746
-0.127743382128732,0.322303282379043,5.19676049283784,2.803447362363,-0.688674904569908,0.160765150303065,1,0.239233143780089,0.458554797139498,0.228070411513776,0.310818384870674,0.589918942132348,0.347108205742556,0.0994123526505827,0.444023940034637,0.115830499216123,0.487954245685525,-0.405017418459399,0.639015697557966
0.658257603343569,2.10770910220609,135.21106259966,515.873498695474,-0.989999966541061,0.0396663998533154,2,0.68376747104791,3.61665053360125,1.88906215204074,1.9173887055221,1.9285305266348,1.92592950038071,1.45743434323987,1.91445818038355,1.89724658391525,1.99792454964663,1.95298095235001,1.9576022491126
-1.57344428245582,2.66443931973535,96.5716959936569,268.49704380094,-0.961546861274495,0.10708489823115,3,-7.48576916691705,10.5055542215424,1.78181211693929,1.36336572892631,1.50462606616367,1.37960427281627,1.45866643359607,1.47012230982758,1.52293946029282,1.36880114970734,1.24719467976733,1.45050686289215
-1.11256944726744,1.27383093313689,44.5833706387599,66.427888488436,-0.949908766714649,0.0749709480256519,1,-1.4351326984728,1.66964996603268,0.884283890014984,0.786491452867423,1.53590444092753,0.764282422303401,1.14380301876385,0.82008317298679,1.50797927613918,0.827746433442182,0.0949077227763549,1.06114183045356
0.244571834657867,0.448996781689,11.6571401688019,7.86613338987632,-0.853442352080443,0.0944168928382814,1,-0.055792497947557,0.739321708807763,0.525211306015176,0.401782760648652,0.441910695161379,0.412425403449739,0.678008614333731,0.396658878506828,0.596108862348387,0.487469432591731,0.467810446896671,0.474687844865898
-0.202545594794665,0.587397528389025,18.0136703637669,16.8482447856387,-0.774640402355417,0.23561044818487,1,-0.41192447909875,0.960763630955395,0.849658863695615,0.458441830293661,0.164732088319577,0.655466479240905,0.744970503357748,0.550198586888737,1.24827603521488,0.629571316890398,0.767146578719222,0.599363213603127
0.399481325553935,0.287429354187556,3.8958066162675,2.22779994819194,-0.529423388364707,0.337573571320466,1,0.144546522767824,0.557076184457789,-0.192323016910808,0.378801730933715,0.111257323506212,0.417672410251186,-0.11378359046912,0.44488961405164,0.0874867800239517,0.471524981769541,-0.169818124887053,0.503648760893266
0.475454602251906,0.478735583877197,10.5280344024996,9.61275173296341,-0.735681414652837,0.252533097885457,1,-0.301598890946914,0.619386570125292,0.559772611378157,0.478925535193909,0.330807456670852,0.486069843534155,0.558737612793805,0.471834896005465,-0.0768190168131832,0.577439193874341,0.361695059970195,0.42718086002335
0.765067367333392,0.567663146305687,14.3563868598828,11.603523941663,-0.807544790564566,0.139782248663257,1,1.11139081820724,1.00073487010798,0.226864068552904,0.481087161578637,1.0846603272632,0.395307701305264,0.173232797057055,0.620458634275913,0.391718627353979,0.607272407393539,0.69338101115278,0.49244763427176
-0.225960215232011,0.342137635719461,4.85001186699625,3.46888765957001,-0.667197098159453,0.229539263779503,1,-0.7967730478438,0.734050031927097,-0.0463978920980008,0.423376153146594,-0.184441197057998,0.408011671108161,0.841022159513463,0.455591761014464,0.341607810652859,0.504321997013001,-0.245794288566689,0.619359295178335
-0.213511908259239,0.333901166856188,5.32424684347461,3.23981702224821,-0.690814991190436,0.23721047638438,1,0.271341903908176,0.550838114699085,-0.25628601004172,0.44388788321439,-0.173627586609272,0.456902368172329,0.249241340428926,0.452800332244265,0.0885175494311657,0.456906526521094,0.159712754595317,0.444711347756652
-0.765440212237861,1.43608579603463,32.6576358390012,84.6731984026986,-0.920124080801087,0.204604813553775,1,0.614942984673829,1.95351032820702,0.396856074819146,1.41337975767429,0.82036768128118,1.4536763011261,0.76442603754573,1.35232681917203,0.621082195115362,1.10845453741741,1.07826638752435,1.44420212617589
0.275706517784402,0.427716733338199,10.2698098089246,11.9130293652255,-0.825086646619141,0.21249735374684,1,0.375675293399593,0.811154936665009,0.81395422395288,0.622668427530763,0.649329294313499,0.650440886023844,0.46812567482225,0.61589786306446,0.623480661876966,0.651962606517428,-0.331471469426904,0.798847857558653
-0.156403454234113,0.359328648008454,4.60273430338948,2.6927985774124,-0.433897709703585,0.40647412113285,1,0.809267328381925,0.779679010796952,-0.173068172127216,0.409481895514271,-0.346075006196988,0.348964058498317,-0.516861329645086,0.573244571242358,0.177737081945539,0.415840543936171,-0.150178816080757,0.484315338209338
0.0378714079261805,0.383238961849992,7.27145334776077,4.23577894017559,-0.392603254658001,0.535379015441529,1,1.73821645925786,0.966912349257323,-0.511915725880863,0.482887968331401,0.375860461136208,0.406337661008428,0.450375367298148,0.391668973674276,0.249736428393971,0.455005219067011,-0.260750043738496,0.512514826309432
0.794341849570663,0.567855441149248,9.86047899167992,7.4967434988437,-0.802390298029699,0.142426756774537,1,2.11207383231139,1.17328072344902,0.334244840576627,0.383724408947184,-0.19380849287434,0.486474219214092,0.521213852739241,0.436472404394291,0.782838264849599,0.424426730339095,0.806953458498216,0.41833942261528
-3.2175326255604,7.48222475976821,226.725275320477,1065.20907584848,-0.989999963200127,0.0469657103394845,3,-4.11187331917438,9.17029624552877,2.14103910503516,2.31971699207069,2.09324540237135,2.49691342709759,2.1003022521659,2.29717987563092,1.69784173030748,2.52903699991664,1.97744203707047,2.360592508348
1.50921519407091,1.88700922253118,57.3011186142955,133.260983503101,-0.978275898223968,0.0497468565300704,1,0.739587334941537,1.83781526965749,1.57082544027151,1.13127222037412,1.52181771439994,1.19276680497887,1.15307090893595,1.22961594642802,1.61595700519763,1.32081648085305,0.957671183775404,1.26618898132737
0.912364867228993,0.574727046172326,5.93530882089445,5.7490551824575,-0.780378227684048,0.196185581435955,1,1.26986419267566,1.05356089020235,0.34730770807274,0.509066797830031,-0.135014307255336,0.687475630448084,0.534117964927517,0.528451466142087,0.298824856237127,0.558494147668173,-0.104785711851935,0.677200569342607
-0.931372090999748,2.53040519733592,255.949245009868,862.130424502385,-0.989999909378939,0.0323577853468274,2,-2.35687874656513,4.26154507067295,2.28724231384464,1.60564643884304,1.94266628377521,1.70372020632948,1.54827489034739,1.63804446806865,1.17093864812718,1.80232930171761,2.06184734546212,1.7657381601003
0.198413105867709,0.625873471530358,17.7508066004348,21.749292159122,-0.947229529907188,0.0649381079544772,1,-0.221604288247463,1.43893904000209,1.03676137940901,0.616433534779287,0.733046694095,0.635834505119812,1.0809009902961,0.636164818567666,0.944529942365596,0.725889785005396,1.02806406550841,0.657909700441131
-0.473997502887383,0.550792072565819,11.345508615009,11.1139199810689,-0.794862996668678,0.207430334912524,1,0.200669736322712,0.925395813282204,0.296728560779589,0.543182455770578,0.0869828647793457,0.552075550771467,0.617708585891559,0.527581866612158,0.566695391276335,0.595714773625031,0.597608433673763,0.577788221608508
0.29873256761786,0.45169390069069,9.65369180963116,6.9393321117395,-0.82000248819169,0.131154660226235,1,0.681780990648707,1.06344881143294,0.459678518390588,0.470238182032417,0.309008541520264,0.39403821782352,0.737894231918228,0.37560340285134,-0.69902953696206,0.848614045089182,0.210842787498412,0.496272759365088
-0.431157939980814,1.56571296455449,89.5227806183903,321.362579962187,-0.981886263688551,0.0653576218159632,3,-1.30642940188032,3.95163677796529,1.00169807208006,1.76414305947522,1.81180305084097,1.84370614073966,1.9082103137092,1.85575942724465,0.871835316234785,1.92153764113199,1.91198706599789,1.73871269463303
1.36161760385878,2.11443131784883,92.4322289913924,222.743850441978,-0.976551219904796,0.056507739647133,1,2.11772713576491,3.09985523810399,1.25520463859689,1.19925190526716,1.33750170074342,1.20270840447642,0.741938047834335,1.32895626244521,1.7854200463496,1.29824994458343,1.44526629501029,1.1764853225177
-0.0632195304365612,0.436120106760966,8.13541546387197,8.1733610136596,-0.805766598457476,0.195395610307537,1,0.245751428490508,0.769240856066373,0.654691428421724,0.560373902616115,0.387645461073051,0.607842088642299,0.0998521081159124,0.595327457068868,0.701131712191883,0.569706168204733,0.251110034402982,0.576314140442334
3.01131880840157,8.73818041715808,155.652783942659,878.001350671171,-0.989999977796705,0.0575146904920881,2,3.55664058679687,11.523228025785,1.95219802988846,2.84812037439076,1.4996409608771,2.70129931319287,1.87592125011618,2.83429000275942,2.1104846583231,2.83197880948042,1.73435193445451,2.8411507238494
-0.44585869292854,0.440991141916374,5.57304052356532,3.9674952522511,-0.619336226918198,0.233565803209576,1,0.0136095928851262,0.941001131175055,-0.0379054330304333,0.42141745204065,-1.15047051174613,0.706026271157237,-0.120679434851169,0.471665785198942,0.0897518941770933,0.533493061959299,-0.371095201549767,0.737272528831464
-0.417847825962875,0.643186270035813,9.96239913379797,10.446958150656,-0.855771996415199,0.155329968839933,1,0.879818841005599,1.26343646654784,0.375848466881869,0.635621765019962,0.181204175577295,0.646132736249231,0.428116124666041,0.51270190871866,0.34101813814386,0.56699272065493,0.698367961566333,0.639033984266305
0.566916774739721,1.00904030592432,30.5518633695355,41.8143400296174,-0.963194996112149,0.0481782728612273,1,-1.06211338729114,1.99696745290701,1.44550085034566,0.678673983198005,1.09985226227577,0.722044360086518,1.08219123865322,0.755431004653998,0.71714520257824,0.754277548466161,1.30085057065243,0.791165334011136
0.143268718777314,0.393385705871172,8.80628489158152,7.34226155584246,-0.841936307255766,0.155940344540921,1,-0.0488381173413789,0.566769077153372,0.644299060728371,0.378229375917735,0.0758677343487291,0.614011873320279,0.0366787279905105,0.593800083679204,0.506364547923765,0.451590194483492,0.239794741545968,0.508577655839759
1.47373887765892,1.86773551412249,78.5567833389816,173.458128856226,-0.976485812483151,0.0536118039221262,3,5.32364927684335,5.90593947589261,1.06474252171978,1.16535617010181,1.70113254416467,1.12937927671174,1.6584861242981,1.21007047810293,1.7253141217747,1.18409779022583,1.79099850663692,1.07462247330651
0.751302915560141,0.503819768097113,10.299309598421,9.74112179490558,-0.882198577185877,0.121726881171465,1,-0.362134502632438,0.808340427084112,0.751783998200658,0.500295011487925,0.977184579500015,0.500455352618853,0.56003839827839,0.532087458659856,0.512002977803088,0.493732610746184,0.510660143856229,0.596520809363793
3.65866202408252,6.07910645007742,221.248404018842,633.503198288578,-0.989783576781894,0.0292937625156419,1,1.55625091743629,5.68040885263926,1.95879032821604,1.40219816464151,2.20566164514746,1.4467904007631,2.2114368540988,1.43153644698244,1.79365562567694,1.55125064626079,1.99585101268488,1.4584839447896
2.2726682091227,4.25013669020094,75.9159701637626,227.966982971569,-0.982970943993766,0.0521651829391511,1,1.48027782582185,5.24560995900236,1.22204252726447,1.53640850026274,1.73258751233666,1.55921306412891,1.80125234520223,1.44934131980462,1.59203288192295,1.52809249714514,0.154645457326017,1.76492812770445
0.345889309471991,0.431094208544429,7.95423256669402,6.75914577041704,-0.869673968288108,0.11466256702967,1,-0.114036035308369,0.694051853028107,0.554581410483243,0.426058836887018,0.00153134768719184,0.501722505385598,0.205621929628659,0.513216387315552,0.288269805388259,0.498601057927323,0.262084880668838,0.532338539553438
0.32221822422142,0.625008210115836,17.4237833001743,20.1396942412159,-0.86771690371502,0.15100305889446,1,-0.137949932924369,1.05835464660587,0.619740205781896,0.680522937352399,0.801714351709123,0.576453677125636,0.253924608619827,0.612329107803713,0.510903153913769,0.86652689979507,0.0109739367353623,0.866195322066268
0.445360988725496,0.503980066615205,14.7929494641528,9.74497124490722,-0.800542040889987,0.163405467071972,1,2.25245902530887,0.966261131386491,0.831628067956537,0.424467373025657,0.311210536312708,0.436529470258708,0.68407096108879,0.510022260518813,0.38800989353244,0.466014508395704,0.898277496809847,0.508719689574744
0.211277069979463,0.827731534776051,31.4795007038388,43.3470587720135,-0.800199307634609,0.325840731479875,1,0.45894826393115,1.3828209239441,0.620781141613354,0.887779082905939,0.502442438447789,0.697567754255525,0.823015385410626,0.673663979980841,1.06557415620367,0.722871351775112,0.82712147713036,0.791019890048065
0.753292005413544,0.525996068660193,8.26668249099525,6.64314957722752,-0.804206033089351,0.154640905789742,1,0.507093520000091,0.955522920213255,0.541470330216637,0.550752765222159,0.558906849800077,0.411607286586484,0.288332620439521,0.585303900835564,-0.674969608910865,0.737708650010587,0.440769066039128,0.4387676466581
3.69556134031333,5.53450909549385,160.254977082582,405.473811815864,-0.989999968972673,0.0250885280326495,2,2.0199958089747,5.50379133925097,2.04678654171467,1.22022270583818,2.05590375667281,1.25306494584662,1.89948297443483,1.28385934872242,1.16947732977652,1.39487767740867,2.46058775521187,1.29761719097147
-0.062576258822918,0.65315607068819,20.2336413645446,24.4387080919106,-0.805510682853544,0.219757068694674,1,0.343290123157684,1.13511098541518,0.646843313696644,0.625039714945953,0.919033900374423,0.670195299561885,0.428202917434814,0.62294723644162,0.679839081392915,0.695720485434379,0.759543685124794,0.583126759903563
0.625235599898314,0.485956375770057,13.8562898503824,10.189008762082,-0.581792848139953,0.330831750088002,1,-0.624031228977631,0.603139155620736,0.369708445255768,0.390656620339409,0.414829747037433,0.447633066101917,0.357776151912636,0.438009486319816,0.690905608865606,0.52736225429107,0.475949884887757,0.544235236980676
0.676289798195618,1.49969935275866,78.099613143394,146.047249973091,-0.980830161887614,0.0354082767143052,1,-3.21004336377083,3.89767378237925,1.75057549764998,0.927914361545489,1.70401070561709,0.998179703018894,1.42730836198429,1.09209284571284,1.88136385275998,0.977998055472647,0.579699050258024,1.11990422389681
-0.719345826772536,1.54926668986034,46.9639427461058,124.55811289187,-0.98105840707792,0.049572698873262,3,-1.00091936803059,2.87835698922397,1.24864764117725,1.38743672214379,1.58085304444061,1.28143322342624,1.22591924467094,1.43971101506513,1.55841476490391,1.30812717127652,0.689667151413096,1.34954579525752
-0.637986680516477,1.01846423868626,34.5195389896356,67.2244648230407,-0.965083129948513,0.068143260335421,1,-1.34287539795979,1.84185318396266,1.1751178609026,0.996489378913563,1.13676966309192,1.0422857705607,1.00499630284848,1.09033682815163,1.18013204899396,1.07955513466321,0.923699224528142,1.11362599552637
-0.115312904135033,0.723303014978849,29.0345216637026,41.2516657604674,-0.939132371657845,0.0829992383027985,1,0.018894950076541,1.27831367092466,0.638461237956228,0.768616946112796,1.26720349746077,0.774033808444324,0.849351550068756,0.726149387769011,1.19400048386396,0.768504552328594,1.10759808500069,0.791533068968964
1.16806089304904,3.04374887640755,168.318744215192,631.402685745651,-0.989999839526929,0.037357121862304,2,0.533488373158872,4.19930541279461,2.12372484681201,1.89376110521612,1.74894815748541,1.88822896702409,1.85139447554138,1.96567874598715,1.44154750250803,1.86651838508499,2.11906814739727,1.88599256616245
0.436393555825484,0.34275961206344,4.60625222239081,2.80703710481985,-0.699309667501309,0.21334773579459,1,0.948766095282548,0.644468090822099,-0.105545545506438,0.423103108016169,-0.0234102447431086,0.451962190289677,0.0855699861079402,0.454904277154872,-0.190382101762737,0.436565561382582,0.173318784871842,0.413342169294324
0.530905247943382,0.627302311181654,19.1509616855403,19.5064591143032,-0.905932791468505,0.102272511645461,1,-0.0860228088506608,0.829869150948478,0.677328021983938,0.640755040658153,0.853086971376846,0.566095826607307,0.426716319657605,0.646154096627648,0.748278475748278,0.486332568241099,0.525746394523031,0.568460689632451
0.0678991254714199,0.784758744572417,32.7765032614188,60.6540543287402,-0.877882177881805,0.223329985646016,1,1.3414802248293,1.70005622188655,0.986549242542833,0.879787253134076,-0.0948649693930979,0.95019271026378,0.451590593923549,0.96204131626521,0.991113287811501,0.975190767462715,0.146261506991063,1.05187314179445
-0.0051172079159261,0.435385228130262,8.37856571661848,7.11814074584486,-0.705285220895303,0.230168808355207,1,-0.380072510423818,0.922398859378146,0.787613666041739,0.429009473714711,0.689807691153405,0.543079075816797,0.484693646168724,0.429349909695091,0.246378502769121,0.536088608497166,0.105163967395406,0.652519054574871
-0.139764812964099,0.385502357166966,6.48063981083956,7.36573242931218,-0.819916883383645,0.213995911302723,1,0.217528118793381,0.851740436480247,-0.343729862714693,0.724146809221467,0.408976309742593,0.600853736255184,0.271162324993781,0.733557534603256,0.1942695155963,0.660268944978228,0.380076907435648,0.585482197962231
0.461787612587142,0.537276851121529,9.15079060196406,8.6050598088177,-0.848073346994146,0.145243442996852,1,0.62910673106068,1.12337674271915,0.987891511792701,0.478001129930564,0.178637625483317,0.566515937572075,0.89038691713402,0.559056868284364,0.861611918766271,0.557792403310518,0.169023110984229,0.754613183669292
-0.321219684676933,0.539842597955468,12.7171001740598,14.8340471988146,-0.884546972601671,0.136636483375817,1,-0.657748641119871,1.23899582199328,0.529653156262808,0.712412613549577,0.574473770698248,0.640715008730385,0.679191060804785,0.660682099257877,0.660139126981859,0.657186792495068,0.840907623805255,0.628850178593845
0.857810814696665,0.919649704082231,27.3913028959814,34.8552549020645,-0.935548994822684,0.0879792007180305,1,0.0201762401261057,1.4295752768992,0.682282338688768,0.727008625754696,0.97184522485327,0.770005664718805,0.713924692117624,0.615347031786261,0.966270403644942,0.799062682157348,1.52441666187865,0.683054501784532
-0.193795436515511,0.246864285242303,2.76154809358634,1.64551378378361,-0.754994828532041,0.163475249372046,1,-0.222381321911469,0.465970911459279,-0.170479537113061,0.391042421748421,0.1419925381397,0.323108156794046,0.530614287427035,0.382128211550603,0.294908231691522,0.415670982492643,-0.40143474738748,0.442100686833742
-0.782719149484271,0.508335250792123,7.44074055174657,6.07648829621244,-0.805505922304847,0.152574117824889,1,-1.13303661394401,0.830875759788522,0.184043571116055,0.458516787792321,0.104975328088886,0.470898654862568,0.215325258990707,0.541507263941439,0.818678397830365,0.443268419633869,0.420611944202564,0.552936246505681
0.264380685428417,0.906366786371874,44.8711722675741,60.5471455692604,-0.936736851990183,0.0876036655612513,1,1.63626920849863,1.98146746711242,0.726178708428057,0.655355479685822,0.661156040275976,0.830138632112945,1.45482759834625,0.753364364277939,1.3464481903645,0.682864938513244,1.42237453796416,0.771498262414774
-0.919759479416978,0.686833956730292,15.5000039928097,17.6447959876727,-0.825671129615958,0.219286082225606,1,-0.19458256400592,1.21146436641882,0.311470725611509,0.650272435201567,0.476489937761548,0.749655802328109,0.332998708922291,0.614856495839353,0.621846986703123,0.587068735840332,0.592958604167638,0.820181103339452
-0.414539502014488,0.338169111326277,3.20021251509257,2.22504758465782,-0.737585991248467,0.158031670737159,1,-0.773719906976375,0.869022454431411,-0.112310531698904,0.435415899350702,0.410246470560173,0.394797768586918,-0.181680923306328,0.437873086049454,0.371020422830875,0.503140707026078,-0.0983720318579872,0.436013076572365
-0.281335696997977,0.384202881480649,6.17445893795406,3.50246753027669,-0.629699917874759,0.211386102132198,1,-0.710995856857959,0.757446991492198,0.205942356811829,0.343070747637413,0.294380474503575,0.37273926711974,-0.121788305085758,0.424122733715566,0.589158684855308,0.324764223261222,-0.42375387622857,0.712670721938387
1.2421734949342,0.588063665539399,10.3470206477854,7.66053825282156,-0.693753901732149,0.272284325923961,1,1.98041986842428,0.794450339992241,0.481836427107288,0.381713186512363,0.696021503542879,0.524271509250964,0.325586552579954,0.438523560677911,0.697734593038266,0.54940003304161,0.752457540368155,0.510112170864153
-0.557856360483421,0.901511540578452,23.4392250597206,34.8165374474943,-0.952155621982467,0.0705930879087418,1,0.237922067521672,1.31111880490244,0.953030488418199,0.762253526605004,1.15837844903324,0.746444636436406,1.28844523042752,0.83923711471418,0.865283826695835,0.851993065643135,0.658634626513764,0.905312099956536
-0.779150911399755,0.586352915526904,8.80851756712327,6.68384403078991,-0.191532635442533,0.71252231867092,1,-0.843681740164048,1.07934907262266,0.513400722938663,0.553169892873454,0.702497386031496,0.375839518540529,-0.104447862985564,0.642503008335972,-0.314198649473293,0.692759919866846,0.00656876120660079,0.570017987027449
0.757692052192161,0.932632500788126,21.3698383102363,32.8143218386215,-0.957314489608682,0.0665926175853663,2,3.10421760571336,2.8398270077692,0.840081552147301,0.810444932117899,1.13832583031021,0.805075768321988,0.617741375206947,0.894393979344777,1.27310604792133,0.79978274269988,0.879564155689093,0.930854061468487
-0.11379492333014,0.479137793226274,9.62992265031829,7.95670586542865,-0.776250092129136,0.194220014087061,1,-0.254530548991453,1.08602530181591,0.0937354191850584,0.555346790559803,0.723786397054011,0.428591442112006,0.419773463757426,0.461259842516565,0.527152781255487,0.546844776433279,0.336222532599744,0.579346278290927
-1.27212531748456,0.714200812180885,11.5539822240165,11.9005671117898,-0.745383741444748,0.282930977327068,1,-0.308655844350051,0.86595195115343,0.285565885123271,0.616089494226582,0.276819087764338,0.580043761567657,0.378309536661969,0.665140558037291,-0.624671248098851,0.929883992092966,0.635878997016563,0.704471395714176
-0.482684729793473,0.396524667769614,6.41548496035656,5.46235775240098,-0.82086536807137,0.150098787735957,1,-0.976804039780191,0.726803986167938,0.436697565752325,0.427395575643602,0.796171715837509,0.509037121556785,0.29024624377726,0.471861142808431,0.00907897696910465,0.68710621854804,0.191575049458305,0.665613216153948
0.563850411684428,1.45651358911998,90.3678972458545,177.846576604573,-0.974384137735797,0.0497094245720878,1,0.900305760103373,2.42263375429835,1.1185177296393,0.930244458257192,1.8477518752019,0.999728328151153,1.5999972808571,0.995603884954234,1.73495638036295,1.05433172663092,1.50655472316195,1.14545087530696
-0.257733674505942,0.626653994701373,15.9669632048169,17.3105147627286,-0.863184051625169,0.135135758072185,1,-0.883794972674426,1.33276049487687,0.672027040509412,0.597215238822478,0.594912813010961,0.645238012857158,0.506525020764224,0.684229984249184,0.299355271158079,0.612602749656334,0.576722987726531,0.626666145195543
0.257651185685738,0.364374068366852,6.63843397291964,5.72155073511634,-0.766737711648327,0.227849752170275,1,0.54172258575377,0.5690742160718,-0.126972091819356,0.494074368510927,0.415291490712777,0.489711398121277,0.337945471933514,0.517680418030736,0.187135501796832,0.53086130349672,0.116293199125356,0.500820622625664
0.0702068285989516,0.524249142310466,11.1409248024256,10.8184436463798,-0.81464599879597,0.199456154281096,1,0.71100513216088,1.15715032489257,0.283181530905904,0.535274782228883,0.278601103465887,0.605523345608185,0.491531502583793,0.525107685382629,0.80888648230916,0.598041789461446,1.21737423528703,0.628664322788873
-0.4948466515311,0.424437596701773,6.69740991028241,5.13587060683794,-0.754244861413021,0.202375382344742,1,-0.372682594612612,0.677224281776211,-0.507794095057525,0.542161298391797,0.213742574332573,0.54197828568919,0.259036674056994,0.48084639061512,0.391337753320415,0.450493817675763,0.288831561145146,0.505335422806893
-3.0639536249362,5.02255953705379,177.808900671741,565.240303318532,-0.989999972750279,0.0309238263099819,2,-0.532692924510146,2.96841909798323,1.86154045508407,1.7148206187079,1.84379328624489,1.55128198606187,1.98314556552886,1.60700386467781,1.62785732176565,1.63217872657171,1.93568925722664,1.50664841778168
-0.310655944061906,0.548039915770868,10.5052668505011,9.5569986745678,-0.703290069933439,0.290797161787914,1,0.804860526978703,0.823850759849416,0.139300359105277,0.465123047089556,0.534461354727273,0.393693941257695,0.58218971290609,0.465614625218048,0.378874013111316,0.580736617296838,-0.413995836361818,0.676626415758465
0.0621747535982661,0.71447595253355,30.0121285060224,36.3972391728392,-0.941124483713219,0.0785183430858633,1,-0.41303417638367,0.809947894748323,0.898301053211827,0.674779977377247,0.778790110164773,0.618361038397111,1.27851889544729,0.721706634891588,1.0424465912589,0.725363066121465,1.5372523525161,0.722154900728955
-0.366464469062378,0.862323043253186,23.4309314406005,49.7316044730225,-0.951775764934627,0.098594605754076,1,1.35074755059273,2.07256855922444,0.777665602186641,1.02499137846572,0.319477074583523,1.23638787224784,1.30732487774295,1.12023563748243,0.531314258076731,1.31205074536971,1.28019823474729,1.07081972744223
-0.676796993153277,0.671835289768624,17.5901394993773,14.1232176037145,-0.771674666239906,0.205425559681371,1,0.105374831308054,0.629074480028662,0.225367383745335,0.456367690046256,0.495479821450963,0.465662768499736,0.725633736967546,0.421351641770637,-0.464720925834001,0.96087694559245,-0.207741836459707,0.981215108548891
0.0948708724889734,0.618296183277452,17.0730093525324,22.8701589227402,-0.881869388520066,0.161605062573917,1,0.0927369073960224,1.16138670212863,0.73273821093808,0.718169330570293,0.19924147067739,0.757776983023603,0.42409449518444,0.839207989005876,0.756725440390777,0.648223256972471,0.294918383244645,0.691419741730834
0.358299140904345,0.748613983035584,29.0845405249318,22.8246524636402,-0.853787409788968,0.120331687750961,1,0.398093668324616,1.09231020503845,0.690504869558762,0.464492582587357,0.451198104237854,0.571946536515841,0.762844310041908,0.514430301468147,1.38686251840549,0.397117033934912,0.643243039724808,0.555878822087627
-0.236982221061744,0.367546442006491,6.94093153483755,4.29507955077771,-0.519049389912415,0.368193717773451,1,0.0874352935538025,0.342596568889931,-0.352268008670356,0.473544207717431,0.726588427623545,0.363292313362593,0.137742361740198,0.404544631195178,0.447397010140707,0.421497077106648,0.624822834758266,0.325338604843214
0.264469570885743,0.643529689110991,22.192015430176,28.7817683736136,-0.922715265565159,0.109556596632438,1,0.560440610120264,1.02889886854636,0.913773034987088,0.702784850846281,0.577628273547821,0.689772675691917,0.788988254827343,0.768767849988034,0.529962952147117,0.838244507566116,1.07382499961489,0.673402474816177
-0.215510891207461,0.690077178060775,20.0801556878723,22.4444944638282,-0.895529770911617,0.122592995082319,1,-0.38792183439125,1.33601858134526,0.687489769570794,0.572751832663717,0.771945136317983,0.661191832239518,1.03758363930789,0.552204156504243,0.794132954918118,0.66779439771536,0.203753042410285,0.674090192486668
0.787266975707043,0.792934177821906,13.77375910777,15.4690787733354,-0.854526907616721,0.175903465205783,1,0.639965232288522,1.52506137544727,0.699624566489354,0.517554289084798,0.616492558908231,0.635001338304967,0.468087201087671,0.625860579585292,0.757352801695203,0.644136350126679,0.636858094614725,0.614492946702535
-0.0609849844794793,0.676109148123626,20.5062379376818,32.5869390991734,-0.919967214664191,0.123549436828699,1,0.825916749684286,1.63007642229899,0.624031120369747,0.829835613052185,0.973571339287011,0.74358865660887,1.09475329596911,0.810652620825136,0.652252113884961,0.965517996861252,-0.00117734268689428,0.90004174371913
-0.157315292444682,0.428933011783405,6.79246862199608,4.42421495757915,-0.717488375783071,0.190388428791957,1,0.0740496686587009,0.778052605626371,0.478766591591351,0.344670392994288,0.41957386150149,0.418253189211542,0.493938545498517,0.484136469607058,0.0521902174938833,0.481204126514971,0.467187126845233,0.390567385538037
0.0515428096839697,0.48639596068257,12.0106541104342,9.97600858890082,-0.873672555091183,0.104435018303628,1,0.883274669417095,0.9329430039471,0.296481525726108,0.45170632750043,0.283168183252217,0.454837564623567,0.761905543868053,0.538827528170263,0.483093459588057,0.465062347748983,0.657645528068484,0.497853960982568
0.945363964516723,2.3340154008242,166.573650352552,534.504038239641,-0.989999979031193,0.030490030826015,3,-2.26653864299479,4.23732643951906,1.99949826830723,1.62815022701768,1.89915406333324,1.64065604147546,1.88454476705913,1.59043695132266,1.82407072214897,1.64161805757379,2.34454669544203,1.59718396017321
0.0668440082588217,0.424950822811977,8.64062012859174,8.70911601579936,-0.874978028925717,0.125635711265456,1,-0.0799587823660107,0.916822879431092,0.589623986176349,0.482737401738862,0.539972937089317,0.534399589471033,0.728456813344881,0.531690176543249,0.64726459715621,0.604279171997394,0.292054663663493,0.596154159783994
-0.169773374962025,0.441616286199062,10.4665150492619,9.45605537767068,-0.871571495861221,0.118471740647809,1,-0.306621909623718,0.674938305920896,0.776696769825558,0.561048658742247,0.74502689383799,0.549240686000759,0.754827924800707,0.536239587055816,0.392954208656921,0.584765273079853,-0.338992692987388,0.677551324712058
-0.304626135982269,0.510650847335893,12.2611026148145,15.9589975256362,-0.883533464164547,0.161848551441127,1,0.473117845875743,0.952795834052286,0.600474736256444,0.734711488741457,0.402185398130286,0.701243694227832,0.568953912992389,0.739229563219222,0.595249275486315,0.726235845318224,0.575577952939983,0.810776297582115
0.48082004542859,0.43855675243496,6.0605166727352,6.39947036117877,-0.799578443118849,0.273218181589618,1,1.04562891171724,0.804318318004052,0.137724889103836,0.626293962996837,0.384590741244639,0.532641048322654,0.165725138028401,0.530149484636214,0.121609381941476,0.728325870951982,0.788536438102216,0.642788277618256
-0.525213879812814,0.406592673272212,6.712174398615,4.18728423166213,-0.681671977951144,0.180442537810973,1,-1.29463626852433,0.805181314574041,0.4376276782502,0.370663875881862,0.124704134165868,0.447600785370311,0.229365347390388,0.456709383128045,-0.155281805108545,0.706042777717234,0.16396550899236,0.490294158620354
1.86572268560355,2.12095599223976,73.1357580733184,144.673728475307,-0.97093466856237,0.0587762309808305,1,2.01814291624263,2.8870372396489,1.31270908495829,1.02574362395253,1.44637580568148,0.957715437508446,1.49700210708553,1.02769974038217,1.05096721356975,1.02954458688704,1.41678210664811,1.15768087553019
0.042841541137795,0.527678099489392,10.9095503287488,12.2632926937175,-0.880370332625844,0.130091451506384,1,1.00645446206057,1.12687959542907,0.166629128270806,0.648818859202449,1.15894285892512,0.63583088286733,0.785015818017934,0.578006522054513,-0.0870551667164839,0.747763532799192,0.707701105350426,0.726991230433981
-0.299581877664462,0.402946549485966,9.30565936381805,4.88686279661277,-0.72563991386396,0.151445192232764,1,-0.376282858375085,0.423484581898386,0.364895979078624,0.302319619304681,0.51696667302077,0.275141231692939,0.49752265682505,0.372706913331122,0.0076229219084611,0.376392057588171,0.825904535623537,0.429524773599684
0.150109530448688,0.462874877339811,9.00333591355235,7.6812904974956,-0.911062107292985,0.0804102933518188,1,-0.280426635383018,0.876234453492761,0.167171681524941,0.527675365097792,0.389407986325965,0.471944595176312,0.462847800995561,0.546864499859196,0.683282362930358,0.499824372522172,0.532351210600426,0.517861225041492
-0.0359596166457852,0.460318953250973,6.41913904077692,4.24796658315358,-0.72056743653306,0.191646605912832,1,0.239034830856462,1.01933774334315,0.501066444896745,0.38601666991811,0.342360106915757,0.414258790250853,0.0101325921470705,0.554487484008961,0.452347840086976,0.399192460763846,0.359737427836184,0.446443910646014
0.101556090359778,0.31670737312658,4.04419267589415,2.68417902005832,-0.54703720717146,0.304909472267941,1,-0.104631749123801,0.705272478365119,0.327281829323404,0.383970928739073,-0.159619353072717,0.488227055419379,0.102299621959806,0.391867789698877,0.338226568179989,0.446922359883298,-0.0498492632216095,0.556291149039901
1.13365389891141,0.939673734730493,18.5710678340181,29.5893651190705,-0.834262798151595,0.296705222241488,1,2.19380066150996,2.28623605162467,0.507668393141462,0.973114353302989,0.566043630271603,0.894658049997402,0.597031045858173,0.764726960007761,-0.163700882970416,1.22399887729147,1.10321286434137,0.783582043774656
0.0173899754784689,0.710678946899378,19.3462970671628,16.0613054994932,-0.908153550590525,0.0859796460564203,1,0.148773203579441,1.30249015249162,0.739096100523954,0.481783490492559,1.13180430699922,0.462487404665763,0.399930078638561,0.47741673338336,0.312583573054032,0.535443334289423,0.868143260223879,0.515742390021814
-0.051395557189745,0.335733809281928,3.30618044462056,2.51490325333012,-0.790725684406759,0.155587546357604,1,0.379109779333355,1.07886191037523,0.458447656280719,0.485095741983562,0.401030464569401,0.404515886862746,-0.102196787609909,0.437142459763419,0.0929368303646832,0.479913562190019,0.327808528085444,0.523506152309822
0.347792474868945,0.425002969085796,8.75438942234185,7.6123992651174,-0.78492082915713,0.197166034548795,1,0.165032557213221,0.717199208366134,0.559918785728924,0.463748723634365,0.787009339106085,0.444396039623973,0.502514074810189,0.496651733183426,-0.550609987430103,0.650460582575907,0.366964381737866,0.618255106390348
-1.06503515377925,1.92322243557258,30.5256257908848,84.3581695550282,-0.972038458338837,0.075016636771646,1,-0.679859693528508,2.65138232498609,1.04260695730601,1.26583650602771,1.17905404254839,1.35016609368554,1.19570713357995,1.49279225326711,1.47578161114585,1.50947915512959,1.22116682914153,1.37712535847322
-0.505696869023758,0.805459643071208,21.5723940460355,29.7490978794105,-0.942917766194895,0.0774160550334049,1,-0.460548965841755,1.26981315352602,0.723360792707367,0.663038445626758,0.906234333985385,0.648607193147894,0.700435303237227,0.769433955208271,0.859481263761902,0.770133454385581,0.821155559417904,0.770384294851152
0.477323267414815,1.04866424167122,39.9254691127836,63.3970446844791,-0.940175224551497,0.0929065850887351,1,0.851392285552288,1.92289317517399,1.12193182387048,0.810312877968045,0.865323927946672,0.833220666722727,1.13361428528011,0.879572837033588,0.375017340099539,0.97660861003405,1.51369732431251,0.821452982629445
-0.181073221812031,0.33133121526444,4.77535094855095,3.02393040578778,-0.778748141156959,0.153273655094119,1,0.0550844997493875,0.50796388517026,0.166926336540947,0.369836160920083,0.256194477102675,0.382116794780184,0.666425431430133,0.379905488351037,-0.53464911074706,0.67666805942947,0.852239159105397,0.35257214157985
-0.643876715489463,1.12951367391875,37.5951572377893,84.7986670471692,-0.945168600502449,0.13337504172983,1,-0.114739401077372,1.50585894215008,1.13581890233746,1.21879440374101,0.611258424949841,1.22120871180788,0.733882788752766,1.20806930742393,1.38045575558202,1.21240695720075,1.31919403582629,1.07920021540019
0.15894344128644,0.399105855081693,8.68007437150489,8.32482147237773,-0.752694342372833,0.246159344443221,1,0.766791426570578,0.572876444456717,-0.17575699400735,0.510973508557721,0.302944691160717,0.579798502640152,0.496426768362504,0.545887324613347,0.563112105282252,0.477976451583585,0.311584387227998,0.642840695160426
-2.15628079739938,4.45951184841689,120.319468261901,439.969639603724,-0.989999976530805,0.0372084148345575,3,-2.9496040094928,6.50538842907408,1.81221683322189,1.79987432196429,1.57647538977079,1.88700945292457,1.75990934544675,1.8515625199451,2.02653154072968,1.8372008508815,0.871263316865494,1.93887733235776
-0.442129989920517,0.441572672151656,10.6290656565486,7.25256634473009,-0.568648469773297,0.284939106465531,1,-0.95962645999056,0.548538787026692,0.653984512318302,0.331020867412283,0.0633329331314166,0.498433343926886,0.37626944161744,0.370877885932345,0.209630912424749,0.7550032812234,0.605183789875046,0.412162118304409
0.0615011590271504,0.813250779919662,32.1473498863415,40.0887382523435,-0.935066178515191,0.0830494691653269,1,-0.677327046139378,1.44543037756323,0.946405341772515,0.710900969967219,1.35238736865994,0.650775142483177,0.251968510356003,0.797568962910968,0.706398521602772,0.875158918197399,0.949000527745154,0.681984840427816
0.393718160772747,0.43128614130781,6.95551583119484,6.26533407024881,-0.861813903829482,0.118749455492638,1,0.654738281256572,0.92152457473842,0.68867409927297,0.548020192940059,0.664733952363273,0.450117879897945,-0.00170167053727819,0.542122941542623,0.215009255956288,0.590742812053418,0.223490163279859,0.555771124322143
2.60950584135165,5.58838806951882,180.05498288838,769.021819869362,-0.989999959688451,0.0413545228497186,2,4.6412714030338,9.39446527622623,2.1715903823806,2.1221466280522,1.74049864671735,2.16564957653528,2.29766853283538,2.15624835243345,2.08677515494376,2.12920345228109,2.27060334724065,2.09194616123761
-0.0339684761153696,0.789567015311696,25.8946529827636,42.8365597715745,-0.945401418531883,0.0961689206355483,1,0.920580944089261,1.65762840780782,0.679239077513872,0.964509824132929,1.18756528260187,0.971267840677792,1.03594126537507,0.819843592552764,0.763359081112217,0.828537867210085,1.10347570745357,0.993380514677027
-0.583178601958047,0.656225564936877,16.1986693068577,18.492029946071,-0.813850299329206,0.219629510646156,1,-0.810828422225967,1.07670149678461,0.895689547923952,0.614739987783231,0.115974890233249,0.788689269801097,0.212594845558095,0.629673258444641,0.616869772198855,0.641723932102755,0.507042471269455,0.584176538085664
-1.2164826760954,1.1369982446109,19.9008859040669,25.7923006924433,-0.909794750396665,0.126528211592866,1,-1.25281319811013,1.84520957032181,0.359371888411252,0.733026079626209,0.859162105314272,0.681182836178213,0.690758862104192,0.723990088554642,-0.148956653188862,0.937812152742818,0.800639573602459,0.709554947029763
1.3739318292382,2.21993886630011,99.3505211157915,291.478354963911,-0.98999993875612,0.0300561842831956,2,1.02624910592344,3.16526560231495,1.94329531575325,1.46343727747501,2.09820886956264,1.49702868111412,2.095699794776,1.53312107305764,1.97562590706363,1.56159683829913,1.64661525721313,1.46118132971829
0.542491957389696,0.800645776471272,34.6127763394581,38.5238168204886,-0.908544140867005,0.103449434216569,1,-0.580498097454901,1.28112944016989,0.75834169144462,0.652418441762433,0.700855918327156,0.693423745466437,1.37561243724435,0.616545952464469,0.445016076574916,0.640354113777053,0.425612436585389,0.633908787679634
0.756789352350408,0.399777279847683,5.44821446482051,3.87775769240967,-0.761910351096757,0.166240328802471,1,0.861165319103756,0.790763066823732,0.634711203093631,0.343477053680768,0.0235763720158172,0.489247242461036,0.259089739736236,0.543795351928829,0.465181436318889,0.476400386604763,0.0238742847907016,0.442503191609537
0.335218889849941,0.60113359259485,16.1632211272317,26.8046863588515,-0.923761171902222,0.131049994289196,1,-0.0380388876289091,1.46591093582012,0.569157161877391,0.899958454155272,0.930707159267554,0.911519136014443,1.22853350838058,0.845976931779883,0.864779296637633,0.91452897023475,0.323980421256206,0.875188775833609
1.41754803784495,1.6225158983696,36.3113836761878,73.4740862044641,-0.971848143125206,0.0541835059793638,1,0.217461605699165,1.81155401631879,1.4609208506868,1.00982597636026,1.43757373230701,0.993521846188499,1.63445147497427,1.10390319564041,1.46112919698612,0.993115065685685,1.13884237057706,1.12116094239248
-1.07101971586811,1.56244029507378,47.8819001877906,105.887720370433,-0.966327933955633,0.0716015263410751,1,1.32382123308123,2.54978494233907,1.16477833221172,1.08841533896045,1.41162926438339,1.14233582690975,1.11937029735703,1.034690811199,1.22875957973889,1.15195721461801,0.807742091188041,1.15680670241688
0.016957438626954,0.667318113869959,24.087193350842,29.6724334545422,-0.876566072630431,0.1386154909095,1,0.719683708498683,0.997793586036848,0.251958539039914,0.740751868240082,1.28998410585165,0.663733553519271,0.971757914585193,0.656106709689281,0.777542423578711,0.640820538178896,1.17605631619438,0.575506535099765
-0.189919640189455,1.522135670072,92.6024202911311,234.967159440981,-0.989999974234925,0.024760134711361,2,-3.6769005919499,6.35751991145117,2.09689134298591,1.29806246352649,2.02603099694057,1.28759053218249,1.91607625815335,1.24983453392058,1.88615114444101,1.28636850827324,2.09354745597267,1.34046179442647
0.0691526199650204,1.18129933154119,47.9784829297492,92.7183762871503,-0.952848932703044,0.0934332106890702,1,3.96123536933252,4.51450790177198,0.376450210711035,1.00767793400706,1.52798679160073,1.00456282636724,1.03846148139108,1.00827328031386,0.944894778079133,1.11957097538732,0.166101825728571,1.27344603046995
-1.00094196212068,1.85601958447063,43.7047635635024,131.027728936374,-0.96271439860315,0.114667136917095,1,-0.40557175678472,2.27527284958094,0.986878533060826,1.54172883329182,0.894369666403783,1.65496028675154,1.46555050614162,1.55305987392592,0.539625611455826,1.39566248891554,1.77176958758354,1.54963838139864
0.542249638416177,0.533479807913943,9.65568350671652,9.7592105418292,-0.841733559706612,0.160056631157355,1,0.521251589962855,1.00359539456317,0.615804136494105,0.574796544899506,0.622748680030036,0.478877062143933,0.965604451735382,0.656124191652283,-0.86587430842947,0.899303488741839,0.762902866472518,0.501787057206242
0.246791213438985,0.529328717507822,11.969866626699,10.6324617082451,-0.866560617765703,0.115922992872485,1,0.228030194755202,1.0377602332851,0.782132633841569,0.46560483867524,0.301603163178202,0.540028808465588,0.760425422071057,0.494172512809999,0.257963622769033,0.716353288079717,0.749649475777506,0.516479380346407
-0.432259345283039,1.39077452862224,74.3354636990185,184.837988575312,-0.981900313522443,0.0437361900663145,1,-2.47849788446196,3.90381563639869,1.63049420827845,1.20587208954501,1.44883849563453,1.24258092510051,1.14970820988139,1.25195082049116,1.45211069937695,1.37459424084806,1.56941335547348,1.22306678650688
1.53381180502796,2.73878567466498,197.270805762841,604.09990040822,-0.989999975545486,0.0314769821783794,2,0.642138035997212,2.88784931985939,1.87577302516585,1.47202490065451,2.1551526824155,1.55368564544041,1.48048682467696,1.56948189265606,1.61616149640588,1.58359985940715,2.18032840833753,1.4974732264376
1.34515887997559,2.78999661196873,183.479352413372,606.487576555189,-0.989999978911946,0.0323390432013338,2,3.48369135883865,6.03684918855368,1.45296650902327,1.62314912583036,1.92612963993951,1.75903779327223,1.77727524281774,1.73905100690719,1.96478541336285,1.67291093720003,1.90556140591057,1.72086904907954
0.248807402912373,0.884018579324446,27.6367352982087,51.9598218185115,-0.963566956744872,0.06463697854792,1,2.04381187445432,2.4431663134242,0.455132682145021,0.938802982246298,1.11195765440209,0.959637245757761,1.56791072124019,0.984156456740524,1.12370611353488,0.934474331147942,0.551766680495153,1.04352302996271
0.0981693259050449,0.543981646491672,12.9704090098059,14.4250414262252,-0.8794451015044,0.125488733070503,1,0.461015441384793,1.01910264896623,0.679466794843356,0.565426851716201,0.826564361504835,0.668010186198513,0.558953690944882,0.691483618997118,0.816766880887311,0.613427772193169,1.06236844745397,0.673545909184028
-0.396590764428708,0.848204899814881,21.5821780903097,30.7634392748689,-0.892610940855848,0.160057335579094,1,0.378787567025465,1.4563957828399,0.696326603303413,0.716532033345098,0.762110518634663,0.701020031877612,0.910162239248048,0.94364609655046,1.22765554023333,0.71457211272556,0.726711445498117,0.610729504614775
-0.188111378512413,0.570877215522688,14.6554442909373,17.9911562918572,-0.874695374107269,0.159541709871266,1,-1.31429073008008,1.35389035209702,0.877432351745363,0.618417482507027,0.788747247605296,0.662588789650031,0.732446300528013,0.623291386962895,0.228574041769963,0.713076975858159,0.821279522314888,0.820272334315394
-0.235386685213519,0.42143692987537,9.12060790437575,7.33123232036658,-0.780220429994501,0.196694438715616,1,0.57158092047618,0.670481944247574,-0.00601000010679764,0.45062672129026,-0.0231202218505688,0.5563911876042,0.639561825249812,0.45881570559474,0.617561989627575,0.464235064310278,0.635080406039829,0.52465320420989
-0.414625687412049,0.716315351028856,19.632406167911,18.3065823277355,-0.886623237794374,0.108504511613664,1,-1.28763418831255,1.41180368048735,0.792336155643012,0.546979360682816,0.835542116974228,0.438171022275869,0.858492468722551,0.554471616315651,1.3341697296099,0.600887379383869,0.384494343815964,0.698624605115991
0.0394991365888091,1.94960737444113,132.618987829294,550.510688183426,-0.989999968742004,0.0425074324453874,2,4.27778368921606,10.7826875238603,1.96951208499808,2.18567397314746,1.83328833846538,2.15898607988949,1.91595818230563,1.92146442231631,1.51879949417836,1.96262322277754,2.23812363510672,2.09661169691359
1.71531783708962,1.0115459798105,24.2168766008612,33.4674523925925,-0.889373823986324,0.14810558257535,1,2.87111396601927,1.33340556629439,1.00464973935037,0.774667912723579,0.901108206742631,0.666563074218288,0.904183782376636,0.828753582168057,0.621991202042763,0.821124757550577,0.365982001241913,0.764713279695233
2.37602132047115,5.56697013864681,298.325205556931,1152.87928273614,-0.98999997378629,0.0379368315925,2,8.97666295369295,19.9270597557336,2.09458360570148,1.84513514400026,2.23889347703468,1.91762801382561,2.09850547765512,1.94489639364355,2.3463056222747,1.99286301208274,2.76671056890906,1.96512058623973
-0.23274723184912,0.447475731127671,7.82280265803005,7.77178604560474,-0.773817152611516,0.207264623653769,1,0.87078557646961,0.885178653319221,0.26156283867054,0.503938915711267,0.1345906954909,0.759835036123144,0.288646394745551,0.527122342922956,0.0811970328151065,0.586364908077409,0.57427451174274,0.567532397246744
-0.785826978423944,0.75317340307544,20.4764672973882,25.3197113926272,-0.897047814799311,0.126276746660383,1,-1.49889525283228,1.2057130363592,1.04993353422326,0.601406521214524,0.525604552600009,0.645551210784788,0.849624199325953,0.704505050831657,0.541736250644273,0.791093448638889,0.918931275820513,0.703664021791195
0.35374021309484,0.584069828867003,16.1600200466195,17.2282659815193,-0.889966862022901,0.113087275855783,1,-0.224565675251669,1.4156665902257,0.27815855867566,0.657300648773655,-0.0720320131255811,0.716126176505279,0.78384744944507,0.556106954966557,0.982437684568609,0.526935562498557,0.398525069318788,0.718099920351794
-0.511151274756508,0.587491354639909,13.6795181544601,13.0470773244305,-0.870444119430631,0.11994419684784,1,-2.67954935362694,1.76254867185058,0.834354473599432,0.530339013036998,0.792268060384066,0.511088528848806,0.941051728621882,0.60825980972768,0.518111644078987,0.476063402686292,0.398563283973211,0.59569514397268
-1.80441012665412,4.01838036751951,148.610090357077,562.898592237745,-0.989999978419971,0.0363068182799978,2,1.92901167477064,4.94268887707041,2.04837066490481,1.8957300392197,1.79448202811208,2.00468975983769,2.00588712286271,1.94997205646075,1.67232647306293,1.83475200558918,2.20543586740869,1.88342257839532
0.601849889686013,0.722500644025104,27.0157493948384,25.1830446123722,-0.93510932348179,0.0614575460678066,1,-0.66608971541194,1.32934083624867,1.2687408044436,0.482449965676334,1.26764352822886,0.501288211055767,1.41578949494267,0.533135012092065,0.342409332643094,0.619910808362524,1.39847020086339,0.471636673794505
0.0590680058988179,0.340834415094003,4.52307587592222,3.716367316718,-0.727380104866716,0.225079541609955,1,0.213040919250582,0.730126061043852,0.0616121752252586,0.477341002090779,-0.00542137693299979,0.453002605475849,0.32511128727812,0.487464948302015,0.397582249078703,0.549808955597399,0.0502039332125294,0.456572239808962
-0.276532815876606,0.340419581103695,6.58396835850337,4.21191284623897,-0.563927743928174,0.381665323741817,1,-0.219930073185517,0.758147030681717,0.475255947203601,0.474411019453936,0.19537780096451,0.465116375985325,-0.250127493299577,0.488169773299437,0.117332959913354,0.453778643684896,-0.195619006935473,0.565267621428144
2.42922710444495,4.21072155968895,111.494749228115,359.112480925486,-0.978043320218388,0.0688294988203042,1,1.69822546585849,3.82278178157728,1.60062751937746,1.54495993951954,1.75083125179487,1.69773040369328,1.75531222065837,1.53451651094796,1.05968470768429,1.6618036913633,1.90740172144451,1.66715276655719
-0.336334486334678,0.325222956849698,3.78537347706155,2.86632665282351,-0.640367874441485,0.271836368118132,1,0.191911462739204,0.680963705547034,-0.0812008618543393,0.453336839185471,-0.0282686541576913,0.448225586431056,-0.155640051626067,0.593822388021549,0.300197739552023,0.468004508566745,0.639748905008865,0.490354423576445
0.557695203599695,1.14180477991347,47.2824555711587,91.3023050772745,-0.965347480391868,0.068968644316273,1,0.181351001580496,1.73414275463911,1.41478457889359,0.892494739447145,0.75138193802609,1.04448624805503,1.17790583350047,0.992287623256155,1.41387785810835,1.04001069545274,1.44174013193996,0.956418137554728
0.15044003970996,0.57973086959631,12.339131312508,12.087542277594,-0.897763817841371,0.119071375467395,1,-0.745844477375178,1.24600744832537,0.751045808088993,0.55529973715443,0.72844698977705,0.53817741647376,0.594282799543987,0.601954295617258,0.469286420219002,0.552082543716836,0.0384190348582047,0.73583012394109
-1.86249713543197,0.98057061444269,12.853307877878,12.0798467663222,-0.804357006225819,0.185664190567657,1,-1.84584768581059,1.12084256539439,0.335635109480081,0.47398291037419,0.665488486993156,0.461575702293889,0.821928890763084,0.589628392348974,0.790462945618502,0.635402632652296,0.724994339464386,0.581610307375887
-0.0527307390238084,0.630608267971765,18.338949650583,23.5226413138758,-0.897672203860132,0.134452793335959,1,-0.556257065224326,1.16955963774399,1.12596658922835,0.659921619138274,0.256374149958084,0.712276235708353,0.0889485456698127,0.802744945613969,0.578128407757371,0.892990587773023,0.849575624963749,0.684203352996653
-1.09894987063475,1.14904829541802,41.5936165832885,74.3875482485355,-0.954921416465193,0.0861247316195445,1,-1.54328407433849,1.2121510686643,1.12951558702415,0.876756946608435,1.33981239513356,0.975688735428937,1.57595577022542,0.989050689348181,0.973958839127798,1.00934093921765,0.674693930580431,0.988286931398739
1.90529472454127,2.81371525030875,78.6761999361686,186.792463567412,-0.98228949868165,0.0407705848998156,3,0.62228538614617,2.64437107249656,1.56188039066732,1.20380316368918,0.357744114649187,1.38321053170461,1.23378982855817,1.20133888693773,1.29458208449953,1.25207535939767,1.76511795345101,1.29977691751267
0.757345839697476,0.923946795252265,24.5407288754241,36.4941340087315,-0.895135853211209,0.1438472575762,1,-0.00821720054441022,0.990289664609698,0.867201131155526,0.785421360561345,0.480382986396247,0.776018675674175,0.355135275657967,0.85033506274025,1.40918252038217,0.891283941326841,0.676370696569352,0.697610908187914
-0.291160207861352,0.458498198138405,8.14668387163437,5.89599496736214,-0.776087533890663,0.156273715269942,1,-0.0365395337542904,0.89071647210744,0.462633111442778,0.359652536170471,0.0866454418137497,0.417687598749355,0.190864842331833,0.516968764775426,0.313863903429003,0.636952050431596,0.601172238701787,0.488957835615129
0.528220365109015,0.584908098855985,14.5974317830647,14.3784119901811,-0.801163001328475,0.205108573432541,1,1.27673317726495,1.11721788331675,0.465762490698276,0.616429542071795,0.713338031793913,0.517498872052666,0.98453287370913,0.531200878057213,0.151458527478454,0.585597653370216,0.727868505581801,0.564170517541293
0.700279731220459,1.00837780445697,32.6127950341784,42.4001481147727,-0.939152344029804,0.085846663072593,1,0.726910508326354,1.72262007654219,0.949866708210973,0.729348755838241,1.30483449567786,0.637754344900908,1.45063129681384,0.738236827151368,0.714616319994776,0.750879562483962,1.15436805871579,0.717753985063463
5.22075923383258,12.9572543985494,237.124122143162,1177.73704071008,-0.989999962626346,0.049456396185182,2,6.84282391145445,17.017399586546,1.31786864683112,2.57300994478679,1.96465832200657,2.50449673757227,2.5549157465746,2.43873902517957,2.34468442025382,2.45817695715859,2.17660795365918,2.4825758694676
-0.60531889037813,1.41151231667405,73.5928829270316,139.764475296552,-0.976304785314841,0.04227824836986,1,0.470494371243527,2.1195344457471,1.30998643929385,0.981582610797189,1.61069841618195,0.933180008898327,1.2815869128783,1.02013138240354,0.873805583953883,1.13940147043014,1.64408898429585,1.00429190418615
-1.14998155465457,1.74445766540199,84.5784238309566,155.475549313717,-0.968711037720914,0.0590077653407772,1,-0.156714085705215,1.76694713716251,1.28492732751865,0.838605518699828,1.34863895229488,0.955005696110071,1.61614591674211,0.972050344258497,0.558269751054133,1.04898644823677,1.29151480023411,0.944287169770337
1.16769495466662,0.778203847543464,13.5775183978502,10.7836409009621,-0.789863253509157,0.202354213705912,1,1.22993377870929,1.73275420347966,0.0846406243214637,0.469776179809276,-0.587855017084521,0.588947785312661,0.731882461068785,0.462509515443831,0.871118943015043,0.505074598877865,0.798637062944313,0.372438460581728
-1.59989995195719,5.91714174411996,139.960785522833,984.684910836069,-0.989999970780788,0.0689824359694291,2,3.88311642380064,13.9392217378139,1.9593942855517,3.49109704953523,1.48976137493839,3.46859081639186,1.82844584538174,3.385514751167,1.77286081595672,3.70799291554183,1.12883258511325,3.54060422074917
-0.145014885662261,0.394514791528757,8.25647063063237,6.59565205990272,-0.57825151977782,0.378325021234616,1,-0.622916130996536,0.505105368469097,0.506802194402271,0.349638570703114,0.0648880047386804,0.519131826418565,0.25947667582539,0.644823165651509,0.566702549978836,0.554373308402832,0.357807348731021,0.536207461756799
-1.12941213768917,0.989968947706069,20.969690038939,22.5777570365942,-0.934513806576689,0.0770536914120686,1,-1.09355714801788,1.53060035513829,0.902555337740123,0.576629133707134,1.06409819538406,0.534553014280958,0.516459534594322,0.598045552379901,0.769639787235394,0.639112086851029,1.15500918004941,0.561972763976303
-0.472388507211015,0.713811419303146,20.1032419916455,30.6125925974687,-0.912265584378007,0.135705705987525,1,0.411714913374181,1.08443105950703,0.856733816364158,0.785561989097912,0.91549288454828,0.882414767844819,-0.00635415582042239,1.04853835108781,0.862362430174276,0.77031907562556,1.18012034208679,0.737433099762873
-0.386159461989632,0.612777478056097,17.6778338070486,24.5191980833683,-0.924200562929565,0.109617748638538,1,-1.9989811054033,1.7916966789846,0.805662482608478,0.780283291119013,1.08814153836495,0.7669119696922,0.775879805335376,0.741858955733122,0.182532172850233,0.753365838808653,0.786500494079517,0.854306834153487
0.655751918379933,0.783725386502214,11.8195568781391,17.1399132692063,-0.91837632384864,0.110569600578095,1,0.418212421695804,1.10249472007112,0.593734754453831,0.804037429306036,1.2344244673621,0.762710651050842,0.566219696158048,0.70952429996293,0.596295469283561,0.956042960026677,0.156525804710068,0.866373993332992
1.28529388978641,1.14779593132886,29.5844999413522,36.3849922751727,-0.942954804027139,0.0727541358318631,1,0.876338846339748,1.80602854741103,0.975558581373106,0.68675510519967,0.550879546044662,0.719992418670322,1.04210701109166,0.617249454985165,1.11827434922311,0.67415096964288,1.09176666380097,0.632870747079082
-0.613430295153716,1.02296820022735,35.3581453968542,67.8889944531449,-0.941181041840663,0.111039051596521,1,-0.578533094419992,1.84845596393539,0.655145246046863,0.942347562384782,1.13799497988072,0.915944746080817,1.19158285455625,0.99779480844562,0.67420010275773,1.09619254408855,0.957332141575448,1.01862370681207
0.698458065209466,0.439001707683867,5.5080665263731,3.77156645511965,-0.820589432100947,0.130150173285309,1,0.204580369178695,0.647362781798699,0.468022084502285,0.367869515432659,0.485323230942501,0.461699019101914,0.268675179314898,0.47113428136179,0.358082535783378,0.37489678340926,0.248581177744189,0.47676434619134
0.493986901778729,0.643958431577253,10.2139988262829,12.4225367899505,-0.905415303346461,0.118498572794444,1,-0.243144762094626,1.15118597054667,0.908250011162517,0.632196727415203,0.602516768125254,0.628928165985666,0.394733702872205,0.70528571844268,0.597388726306878,0.621543750570845,0.556113448125812,0.671160741106036
0.977739505552427,0.982296906769348,23.3100285002342,36.9360671251118,-0.947334306524901,0.0798373031614656,1,0.237407207839339,0.890468711047553,1.15166994458928,0.797513232239846,0.644403605958618,0.873363547659516,0.574333761710464,0.802534570259131,1.00297121890148,0.750735500829742,1.07915563332175,0.971445910231352
0.384998558195551,0.562878854034987,12.5087161854105,8.21369489135402,-0.735413927948874,0.180459747022894,1,-0.528322336822481,0.956198860271458,0.675671638044968,0.413114442229084,0.586815631211452,0.415179836167325,0.149692738015003,0.461444424859841,0.811147310951756,0.401858596041747,-0.0784697987251764,0.607884998412693
-0.427623273815631,0.979342385274457,42.6176831192849,74.6704890095513,-0.940016469521782,0.0938469060091772,1,-1.27272432665259,1.8931052005586,0.907744336779524,0.835726394891536,1.40426946465934,0.852544338827016,1.18912983206745,0.98246350016065,1.12821993292519,0.914834687288284,1.36860195515433,0.913719921746701
-0.277660121985508,1.08006732645918,49.2124778476416,108.432854831028,-0.955960471331896,0.0989011704933507,1,0.301762976922816,1.47825380384386,1.25077690943543,1.1544776131527,0.796074627392743,1.11930823331072,0.685820005801451,1.18491523015435,1.2061131585217,1.13049030157207,1.14672627555728,1.18416600986228
0.00112668205539328,0.982316336635821,39.29289288152,60.8714785266478,-0.975855143376695,0.0383709575280852,1,0.561571461106759,1.77382361868873,1.24474636940214,0.800851782563955,1.16606958439832,0.803259822875489,0.991148871011543,0.898664496422032,1.22575251261666,0.827079991847306,1.27202910397143,0.890077736416958
-0.515452022276832,0.728749791631351,22.0218138939717,34.0922766265649,-0.91654016581669,0.131670581201479,1,0.172162132841904,1.17223431089567,0.520155607969484,0.831707861566815,0.766846574495231,0.74341470872889,0.93188552686202,0.745354183102688,0.202062680019633,0.924507555336807,0.581664243963186,0.816911771707237
-0.0078724670220459,0.937155718672664,30.5465725857913,48.9678696698981,-0.971348248436873,0.0469124869604667,3,-2.72610361719915,2.92009252746498,1.00894756352741,0.843050717123417,1.34892541156717,0.893962992916311,1.19808955727302,0.767007799794105,0.871204369361419,0.789305999863555,0.87748278055146,0.944585642657682
-0.507691039256682,1.14553398159843,38.8255565061936,86.1732454726403,-0.971833114645727,0.06256688342375,1,-1.53456380206717,2.92861555730052,1.20692057359905,1.15430301550462,1.35533814370026,1.0941216531235,0.915001650806764,1.17627958966974,1.53213097896688,1.13962414495128,1.35516367389746,1.1931925844953
0.790020199717803,1.00435847299912,27.7248968169407,40.9587531568773,-0.943220277555196,0.0850713532770689,1,1.55450435648919,2.12182053860633,0.618368472551527,0.788593928836909,1.09569728654374,0.775280035136205,1.21803641611177,0.770027334420252,1.1484688383838,0.762998134663327,1.06908228918223,0.96330769881667
-1.17564772149639,1.01651868937876,16.3043021601449,20.8775239738809,-0.920285275738336,0.108317992011672,1,-2.28694386028286,2.09625960498274,0.945427807208887,0.678473588000186,0.795987382474969,0.674695759271486,0.753886171846803,0.712497962641249,1.05922142134892,0.711112825740224,0.658572523213675,0.718193878890432
0.907840942243385,1.02202520400963,34.3222763852264,45.7667543238381,-0.934240581294504,0.0912453753185006,1,-1.12607741923956,1.4280262908397,0.825459406395906,0.726487736656544,0.886817364442795,0.70470677033154,1.19715323972731,0.693423748343836,1.35075397828813,0.672491824159148,0.580531738111591,0.782401348437924
0.0823208130793512,0.370911807122234,3.98699549439993,2.94271382052197,-0.747158808936316,0.197829514121356,1,0.805250482250804,0.932223845939145,0.201097814055094,0.4033324131064,0.266374020763105,0.430198849252454,-0.212571383550673,0.547104996322442,0.13986855834203,0.481805410383892,-0.356138279101736,0.506554355551316
-0.0508693962392149,0.59168707960569,16.9924358756103,19.3076402665577,-0.945465466945185,0.0611257903009233,1,0.340366596859247,1.03491123921,0.40360378312135,0.698533329710544,1.05641573805181,0.588072828513849,0.768451330019175,0.640030438743237,1.17549338282639,0.632837045633916,-0.0644397156603588,0.788590448053997
4.12666796190269,8.07904761011923,233.050608629404,864.65714779126,-0.989999978356655,0.0382901637619977,3,2.07679323043166,5.70253606215933,2.3757215892327,1.90177773365365,2.40700412347641,1.86046560474197,1.7610821960337,1.97936451341769,2.19584031552332,1.88289732327603,2.05080063177478,1.81819764311952
0.22358502382401,0.307933639685707,4.20980024046457,3.01495558319068,-0.519374183676918,0.363196919178895,1,0.452317770858464,0.624198677466682,-0.103339952181549,0.42586085555921,0.607177719900784,0.420047977123358,-0.110976662277049,0.506846120513876,0.0422581365617695,0.495280996826229,-0.1693471230909,0.46752441360119
0.35796860214306,0.615461267587078,13.3985978544598,13.5551695881137,-0.908017335748192,0.0901694636880174,1,0.400401579084615,1.01657013546811,0.606378289619071,0.629158800529098,0.504668195625111,0.581206122097266,0.366269443748647,0.58816138451934,0.761525846039521,0.529500092277828,1.01332628472214,0.519308899202667
-0.137972728678433,0.656954824959272,19.5441789943651,25.8850477786355,-0.927616168857936,0.0987080332106309,1,-0.337721785390496,1.05061579821483,0.899585873613629,0.675619240602136,0.595029242439068,0.66177601927272,0.707925975093529,0.689915623635867,0.994407789492413,0.72935214834377,0.872483623900161,0.723720290190362
-0.369634650037985,0.720360290277465,22.7250439937883,34.0937716100952,-0.935906294327941,0.0983278729574592,1,-0.681386412598665,1.26553932715518,0.420950614210814,0.817320132627032,1.32306858727249,0.794048603562156,0.897201671257537,0.724170939183596,1.06517633442424,0.744200756361771,0.0964993774914165,1.07847841735846
0.657925665728907,1.29007772428097,57.3607068855743,89.6036833412755,-0.953152059230453,0.0753024472037022,1,-1.36067571134842,2.18699810184685,1.54689623381333,0.826477004194847,1.50392684830953,0.797528046841616,1.25886801684914,0.732870576807581,1.3432228692917,0.992061586239723,1.61218346039214,0.893926950830752
0.280296729043242,0.401561408122824,8.67788743713755,6.4765911755184,-0.852739435454152,0.120949031625244,1,-0.731181473277171,0.522917213272094,0.769235369440076,0.414038518980568,0.500404917772947,0.412836015957331,-0.278284173752636,0.524951665406143,0.320007098109964,0.418011798567256,1.14447183839572,0.444754924269941
0.808975378816117,1.2603264039865,58.2053650562367,96.8751780731101,-0.953903750750792,0.0766655529978948,1,0.513838919279149,1.74550972033495,1.51770329989418,0.829965214154597,1.20794018559105,0.905987448026025,1.20696526284487,0.860257121805238,1.11149003576054,0.875425962727333,1.1344693077867,0.885964075290842
0.77461374927159,1.00127392611216,33.5483944908741,64.3522721470073,-0.959055611613379,0.0794787799012212,1,-0.488480288674877,2.26177904422929,1.34956833383758,0.949791196420248,1.0314916059658,0.996490910363552,0.622414877693268,1.01333514451818,1.52185937843384,0.999256576503043,0.441348220647086,1.163154751532
-0.559906683824737,0.945884926773135,29.7279234473392,31.0496464383732,-0.844851231684454,0.141490937206232,1,1.64109163161036,1.51986742827556,0.342455871672629,0.516988838591322,0.383257120984487,0.660488432542105,0.727770883326793,0.598742720779946,1.2892093485425,0.526106508161705,1.50002302952631,0.601374140224892
0.340273551927699,0.502518821904554,11.4809094126619,12.5937492726174,-0.856402038641583,0.15156059384982,1,0.116229006030636,0.814583276819198,0.695007101623997,0.513281660423165,-0.102725230793498,0.59888467850129,0.557926098402174,0.673983997324411,0.639004510165244,0.706624067729253,0.648098388580271,0.639954850825103
0.106174822920671,0.385929653377154,7.24489176598036,5.7676149829746,-0.798830945372941,0.178381383523384,1,0.418737829912813,0.696010973227783,-0.228526790119754,0.522884491728052,0.516438100269989,0.435204349155259,0.944131572196754,0.438669914804579,-0.47411297099027,0.751791290799134,0.425292793684649,0.453114520981003
-0.568333747198331,0.497194164769382,7.86688680688295,6.62037451005213,-0.712171030166028,0.209087970174095,1,-1.48239398860027,1.1445866366934,0.821782722293769,0.410592583611193,0.472961961436117,0.438242429683181,0.0870414391917503,0.4903809074292,0.265857343549091,0.534100123262262,-0.422272293534553,0.639702175507604
1.05941369193153,1.74065143643737,82.6213683764613,169.706104089781,-0.977899980418984,0.0466710472530385,1,-0.466899448153134,2.3804327059915,1.68211117226881,1.06899326565702,1.83113520998286,1.07177442917091,1.53606692941202,0.995877532658168,1.68670476592246,1.020956542154,1.64511438372158,1.05934274128288
-1.13325231561648,1.26483672471318,31.0622088256414,48.8148135020212,-0.951654867119941,0.0779433104229296,1,-1.14346058828929,1.94438787456614,0.9161314419905,0.86298385748947,1.12431174051558,0.851611358579255,1.03640858989185,0.788173039394818,0.81517218955898,0.941936388336561,1.3606167980644,0.896129516192462
-0.578674718852981,0.707326011430226,15.8063043094877,15.7014598492887,-0.758773326895782,0.288909626017438,1,-0.837982686355413,1.17124808731244,0.654593641899787,0.549521128954973,0.30349070453278,0.49346114850508,0.513202138397398,0.514415485260496,-0.163878555669373,0.563796917631106,0.597253589672563,0.762894494706344
-1.93823723293975,4.34899094661614,150.226334125403,628.34906853475,-0.988052870565069,0.0498895771811256,1,-0.985398780254824,3.97692943623849,1.90488813955557,2.00731056005696,1.44735693971521,2.06232281718746,1.29169687855916,2.16242061378599,1.45309702446645,2.1215373124754,1.65641788705376,2.18168076884719
0.515515763585365,0.92422714332633,43.4657382585484,58.0622146668467,-0.953241000419242,0.0613391495483037,1,0.21988609735863,1.43550694421507,1.2745715683739,0.646895980934667,0.889435984598729,0.731668390360948,1.17471379968995,0.710073802060677,1.14079043948315,0.688839097322392,1.33354707710365,0.686705167203744
0.169781730822825,0.77359265395664,23.6143201556529,26.5065663892783,-0.934803781837343,0.0742327790149949,1,0.704660556217299,1.43415907847317,1.37404148061811,0.587018562797416,0.353803875824613,0.695734035300492,0.476212543307581,0.628193454998435,1.2512658139699,0.647074842909957,1.15848592100366,0.651195039590451
0.176362057717503,0.297102351897732,3.82249341149927,3.48469806079883,-0.812066206921912,0.187847717892848,1,0.60780953855131,0.757665988971991,0.710998406612853,0.408162520231462,0.0848522076007081,0.493951873945329,0.164428002384562,0.533289541463484,0.0737189879134218,0.577731147001135,0.570884899142214,0.580515605001537
-1.36860035630519,3.44298279291777,201.326507919254,663.596630168234,-0.989999969446881,0.0330384111626485,2,-2.85398653945195,6.94136015774716,2.05089686483111,1.58169595668483,1.70588562218404,1.6719796699363,2.06178755338002,1.74662899009217,2.15287872417879,1.66196818712052,1.35808819589625,1.75422197349539
-1.66344885734668,3.12233062461583,202.161719540903,575.125136980804,-0.989999932745601,0.0282765695887921,2,-6.55056831522283,10.6188086441544,2.07585731309906,1.41164290675683,2.10966153104101,1.38822560738217,2.00648179895242,1.48804495372051,2.12707637625145,1.45096469147343,1.84721135586701,1.51782026012478
0.198902158664012,0.499669695997616,9.85486424068328,10.756805719173,-0.911230736464711,0.0941535687976426,1,-0.621801988639342,1.16609027764439,0.766638554261629,0.610223930061576,0.600254197491316,0.551316740936789,0.262018483216034,0.566546419067343,0.54271963043553,0.67517302977714,0.395998503205493,0.619509767968939
-0.559074427829993,0.644291072480639,12.4083243689443,12.1581920376413,-0.860337262862839,0.147391325908755,1,-1.10820325785124,1.23423546089905,0.522534411332465,0.495326794270376,0.735142099698337,0.528188920779921,0.580622758468814,0.52284289461059,0.525358256666788,0.660117356378678,0.528674618136848,0.569590001651504
0.719907592866614,0.36686526006443,6.426913593765,5.18912895990963,-0.78630772493261,0.159693162002223,1,0.956964172280616,0.536188360353389,-0.293299953618546,0.495101387249737,-0.0386575631664025,0.506381193440286,0.52666464117797,0.408781342243378,0.020518993428503,0.497816497693366,0.22630264396166,0.509051831897218
1.68439075413344,3.39728479542562,120.288993140296,410.730883436841,-0.989999978138791,0.0336425058450383,2,2.54394730832983,5.48121730468372,1.6980422241097,1.70875878537092,1.36820354169315,1.80008717329154,1.65843105314268,1.71478217747206,1.9077623252861,1.60227344846107,1.90965824386067,1.7306202381396
-0.711148775056226,0.660962724356342,10.8141133237577,11.5909553117414,-0.851316712708929,0.167601986169976,1,0.257812703386477,1.02371273791726,0.304252621459898,0.605545401899849,0.784283445517082,0.645026054359808,0.368107112057078,0.739095604228415,0.488740910161998,0.672922770392967,0.758562369602554,0.729141096659652
0.593793003987857,0.724930706384884,19.3902507827845,25.5849445996912,-0.92817561881643,0.103212173207882,1,1.17183379691996,1.25785892146649,0.833334422942182,0.758654542940582,0.908469468259307,0.718155713539204,0.451054904572184,0.73409434525615,0.768440930931616,0.689644173519601,0.366052096398186,0.907273350273141
-0.685083941459309,0.546051647271987,11.4365002100517,9.26842480667001,-0.875553460973849,0.109663346358034,1,-0.40625872700893,0.811075173029736,0.841648990376505,0.477625546010284,0.0690184207488166,0.477770724066561,0.621323992447768,0.491248467859683,-0.151662745447889,0.597932466499579,0.32875184621386,0.567321386814943
-0.145394926247518,0.420696151648347,9.13525767178601,7.01621232426242,-0.77867750459274,0.162310924785465,1,-0.150354702462102,0.699971666072681,0.123378229521902,0.438549019071603,0.783598881066628,0.3935482984471,0.0999987133869444,0.481792852996732,0.512431286612914,0.488413947704891,0.347395239619711,0.579887447703044
0.0571661689103921,0.670981344969666,20.1100070586195,27.4480712123422,-0.90951725963369,0.123674161825487,1,0.0504072539359292,1.10207293462061,1.27087346766816,0.707475504078898,0.710530892805305,0.714779754047415,0.675056210429251,0.785446328640809,0.634004670547223,0.862201475167146,1.0483004457264,0.752793098351671
0.706385785203837,0.704574205762546,16.1149768260152,17.9156188858431,-0.91289344686856,0.10184087589732,1,-0.117652938752844,0.966010473571881,0.793400834804386,0.614080798328118,0.458627770885052,0.652046177892425,0.746179465316426,0.618125098468842,0.146080904915094,0.742423601846476,0.994323450793886,0.557243670607348
-2.53159740218853,4.46339794761277,163.344002805953,519.614879326885,-0.989999959924177,0.0314292054009855,2,-0.428880825395768,3.39394599962067,1.68439477095947,1.55661066331174,1.51048294400658,1.60088272378105,1.76427455017802,1.57780541446495,1.86774894674095,1.60604127421909,1.7594829993786,1.53959150107065
-0.524199911511575,1.3881771527062,84.5283124385294,210.624186121111,-0.968311954158982,0.0832992776630467,1,-0.424069267671113,2.33813772628986,1.5903963489471,1.28182398815294,1.1308603333777,1.3114595716971,1.31143979143437,1.33838337290961,1.92848831898389,1.38323758475908,0.995028042021186,1.24881680360665
-0.655225523140649,0.868282060007762,30.0783509755323,46.2703792491088,-0.899672931155114,0.169482571438005,1,0.526406769562903,0.977036723618132,1.13347685135902,0.831147753537307,0.386571425217995,0.917431941760353,0.548122283150898,0.861100364499055,0.906647860317542,0.834197137898227,0.532902912024406,0.877168121394827
2.47733730859749,4.41663530544121,128.734159055893,421.107440854392,-0.989999945690322,0.0321453715291192,2,2.3587519849995,5.20792256221757,1.84469003312336,1.64952754814145,1.92013530469788,1.67566762021216,1.74888890695871,1.64515532968082,2.08696410485795,1.66825264347604,1.89338173273245,1.72897769903002
0.660863624219192,0.504255557757225,8.39870286871239,6.29746544679011,-0.769262985772501,0.185958562644621,1,1.5036795135973,1.26600586628917,-0.421435738640805,0.611343058204104,0.552610048460199,0.386474701457005,0.647158924083723,0.473635439436879,1.01359965695499,0.406602790785989,0.841924536644884,0.484468323710774
0.403574824247114,0.342147380269436,6.17217914797628,3.76092910300727,-0.507713515801641,0.322830676728904,1,0.455256413630096,0.627792188374299,0.0191815870444138,0.414526444790792,0.212425818969336,0.402490417758193,0.0675753400739331,0.529486782934028,0.301076855965143,0.372983476657512,0.0696435480108826,0.409616540179378
1.0446603258889,1.42229296238136,43.4274746904662,94.6270199759569,-0.950862981687365,0.104595748855956,1,3.41954962077362,3.56009034952208,1.03459196610515,1.11455467117645,1.63065812049737,1.14566313370031,1.25567133354484,1.24274761026114,1.15602526036121,1.11589639410773,0.757955695376872,1.19482321776974
-0.765472761102719,1.90827688122185,102.437464444607,252.642932281284,-0.9662058664655,0.0820178841651571,1,-0.254893215860713,2.77600096681912,1.52288363265249,1.25760276011249,1.54859475132628,1.2635003973378,1.43133777798801,1.33397529612489,1.69108613744603,1.28636953958584,0.591509796116207,1.40058743448309
0.282597699806016,0.290125003978084,2.4552180030366,1.78080408362301,-0.733036183064857,0.173163369678498,1,0.642710038530393,0.725617870401146,-0.0709777052552091,0.401798637529932,-0.374628527558067,0.44102961835779,-0.0234859403603637,0.429657276297322,0.326278959159274,0.428647415306016,-0.0832570796061925,0.382993827703697
0.280893405736456,0.409288581719658,6.21929597627956,4.60285523253496,-0.838110854192958,0.136643282591858,1,-1.16421328713614,0.97343813614848,0.479751182546065,0.464338213988897,0.235330863282466,0.441429499385165,0.428815003791904,0.459274467447057,0.720582898366836,0.418014363106994,0.449876162237706,0.465274997676152
0.410290288915641,0.46939650893241,9.71420223918122,8.80379777772306,-0.820567631551453,0.165092802273826,1,0.567635403870054,0.919011921213438,0.610611160756758,0.491997351206125,0.565619061617986,0.607180286755566,0.362394497370549,0.463037493821651,0.655847650086939,0.499899127086136,0.718264750253866,0.51430233202931
-0.157685606665297,0.553694640244009,9.40396618582561,7.91606085199966,-0.816972936726803,0.174538729300272,1,0.820745584917849,1.45389381734374,0.312535530773429,0.474060236454265,0.316679727804125,0.503934380308834,-0.28300824918698,0.646882161145538,0.761333674849195,0.448424598656864,0.289456723501752,0.692403954518003
-0.295040873504435,0.52927228508603,9.67001786754976,9.55539539589392,-0.900044758193158,0.0998869037527621,1,-0.937917651210818,1.18215949400226,0.460296176026222,0.543528053019032,0.802166093437858,0.505788861351566,-0.822607601115195,0.780154566625551,0.86709330750734,0.546939890398095,0.816690702450674,0.596064802341225
0.762646051409124,0.466933687116496,6.85819164466453,3.85606409106615,-0.581532366423603,0.292132630261269,1,1.7290142917028,0.988259706813183,0.117520676684919,0.506299811168118,0.613405645856021,0.36477502144797,-0.0737703165430307,0.393134600095329,-0.252812355577573,0.58505531718556,0.299732315475189,0.394744808298061
-0.36667068292416,0.511229119047253,11.8097379023162,12.8502016071715,-0.902065672521637,0.111409141517981,1,-0.137620662722624,1.14589722597136,0.265116216955259,0.67147005414975,0.551407565026162,0.530997366489917,0.71403636951934,0.67374286910246,0.911692788806855,0.601976331680032,0.534476047449214,0.712928079617138
-1.11133913209527,1.34754669449816,30.7507721758168,57.1120205913717,-0.962239861495219,0.0677120928007573,1,-1.56831664815038,2.11702659952345,1.23656834603077,1.01888683784005,0.978975888908295,0.995341056428617,0.689980409949697,1.0311001651251,0.973460658028444,1.05139502583413,1.29864764983789,0.990951261226727
0.64374496238469,1.17327962752524,23.6538505886372,44.9934050383731,-0.962200454217902,0.0726888962631392,1,1.19125917109243,2.56059738688134,1.17957059171531,1.04840104493617,0.881479099601314,0.993718973665154,0.908930772296381,1.07192414290247,1.31225272272475,0.966843035368095,1.03599100724601,0.972616709971761
-0.0786328931442262,0.620868096571121,14.677289746833,20.7318051751932,-0.929071375677982,0.102055027865371,1,-0.47335145316329,1.48409248303698,0.686770819851112,0.619311322019178,0.82156510409648,0.683450018571128,0.461735020338408,0.782981075501146,0.630818645128829,0.983712917140082,1.33673806957081,0.654956218680943
-1.08022788520547,2.04276394149106,113.809755370245,287.112331703444,-0.983472272459347,0.0422907342650557,3,-1.20216817387538,2.92775190048667,1.992728404943,1.28552131451503,1.85515186769723,1.37381206889928,1.38169557308066,1.21822328924383,2.00422572150934,1.26091366645546,1.33536818539436,1.29030482476394
-0.117981957476751,0.38448749212283,7.07795151457416,5.42605654066217,-0.809269858357633,0.147153176314379,1,-0.289014632316923,0.684511364096426,0.520051637089197,0.389076274562515,0.539131726522627,0.409287148404188,0.398958314338337,0.450899299899945,0.198037831364107,0.512194464463293,0.734906722167689,0.502262841874953
0.125614493679353,0.881029787851635,31.9620361544032,61.813540826315,-0.960390617253886,0.0784133691428743,1,-0.5416465946938,1.65141336733333,1.29841669590638,1.02336922267565,0.548793761604465,1.122495314757,1.06999869450551,0.974228507410992,1.52118071564843,0.966769482560977,0.522181604661778,1.05212644878637
0.447669473915854,0.246730885939119,3.15159948112393,2.08916151195068,-0.538486854891901,0.389934038035811,1,0.419575164910754,0.591800408363498,-0.187686134692502,0.416967477484216,0.102786811593682,0.43700023893302,0.240946128616326,0.360311068599847,-0.84674707730716,0.6072474446258,0.206769718552142,0.478492830289883
0.350659151146225,0.618237403170015,18.5207801838425,25.8559465923106,-0.89760458747791,0.152079296779176,1,0.634464452995465,1.17594304233287,0.91182919699128,0.713656806636442,0.634788683057829,0.8038992469915,0.918444057534584,0.70271333987513,1.01614960916781,0.753699742185722,0.278033660007367,0.859509686064611
-0.144516529206045,0.402455491693885,4.31689334542012,3.45226906876898,-0.669612875345114,0.260092550276597,1,-0.0452658326655365,0.871196168162411,0.0821117750489076,0.473945193344984,-0.352646391714941,0.547252233616593,-0.327158605519598,0.591685345216294,0.0421389253811837,0.531577505055624,0.276939891959329,0.451934433245498
0.0923813256419151,0.497396560437294,15.8996889499942,11.0824738417378,-0.839950375389265,0.121746457722153,1,-1.68621682025739,1.00754610345478,1.04762623082226,0.376778062073643,0.520465695696463,0.471398544295599,0.320827310079205,0.563805375147653,0.81702994741403,0.469958706365962,0.54691585568788,0.538468476267347
0.105074882624935,0.646287915641707,21.7796419824179,29.2049614756206,-0.906677342811895,0.152220912580291,1,-0.362291404426158,1.06675490320424,1.02816773226086,0.669845957852397,0.747529747444621,0.808123196635737,0.679891194293667,0.83369629711653,1.42359164884035,0.864265328918249,1.4696195638495,0.612071700316331
-0.275894466473928,0.405541851378062,5.22011638971792,3.54728452405202,-0.75175009027447,0.17519683943032,1,-0.395058333598768,0.989365789586531,0.64265185055376,0.327067381473223,0.171397967432742,0.435084223969245,0.582996136880696,0.389977765976621,0.297244885787054,0.470759181728555,0.247226443381543,0.580881396766467
-0.0781134407486857,0.791414776338293,32.2260564579546,39.7867856306619,-0.881410524047016,0.139491356150475,1,0.1125899312109,1.01966550697375,0.717612288792969,0.621478915963173,0.56905101586297,0.605139620069184,1.28862301890926,0.632382174351439,0.625602190106743,0.675892613744357,1.47871768828715,0.719979781048245
1.02880806110846,0.617534223528913,10.2537508503167,8.74024760946934,-0.853093013499265,0.12561588112538,1,2.40612941679156,1.41591948541851,0.163823594240616,0.544029679583382,0.287768565298271,0.487781306266602,0.538554901592068,0.475906270143846,0.553387499226227,0.481626543717065,0.0104314915261394,0.567628137189573
1.03284826303275,0.72643570391746,14.5068162401291,17.1300204072494,-0.886707251831891,0.145326035396942,1,1.2501961949126,0.946781825049229,0.727391789207249,0.691764801304443,0.672699701001551,0.654439738904495,0.893708708703105,0.614452051341432,0.639883533797023,0.727999744913262,0.970494915300628,0.731179588400334
-0.248000184931916,0.391043746721633,6.0545318572741,4.04325362544631,-0.770920107993242,0.166189057348704,1,0.0357756288688102,0.705828511365799,0.336870479781874,0.339598285191018,-0.0416989930057167,0.450235768085238,0.131755035626874,0.445673251207781,-0.100390198817805,0.51128691295784,-0.0492525462881275,0.522659406542058
-0.330744276129655,1.19344542706773,47.5147516754164,98.39092110963,-0.956959133804315,0.0850771341729211,1,-0.771646562144516,2.84389787698692,1.50903736314399,1.16664865542684,1.19226253550598,1.00532200466797,1.283248150603,1.09526317737848,1.26282046770934,1.0301658044214,0.571362960097951,1.15849781758504
0.234740484127677,0.832420603173315,27.342332586974,35.6924696302912,-0.926936371787892,0.0932692563075666,1,-1.05481058589277,1.65749174374792,1.05680153768457,0.68297342084205,1.16095447643657,0.724800232395126,0.797184222653288,0.727396329096449,1.43305879200175,0.687836166118681,0.933665377847223,0.853834705192173
0.253652682640189,0.419054496394815,8.46629983171076,4.96244986170375,-0.720572229968264,0.164137411691092,1,-0.130190924187776,0.817462527797283,0.423302884305342,0.383397900063608,0.686723171797333,0.318756962225194,-0.054263815036764,0.478546521147079,0.8981284412712,0.384749424284341,-0.0385282324851209,0.490773868396398
0.0573030530009462,0.839140893652985,40.3586124653456,84.5150558288181,-0.954835008637737,0.0850812460895843,1,1.03293275656371,1.36915743320814,1.18009554324351,0.959338002762007,0.926750219753848,0.986795108764523,0.397234788605287,1.14855903876457,1.11842985856054,1.23931556465176,0.734255247845171,1.11158696737627
0.221127720301286,0.691641464544285,23.5022709112679,33.0219220412626,-0.919796344958896,0.103123666642469,1,0.532147990053544,0.990596301634431,0.44726666790081,0.817409511382966,0.945865189499392,0.565902998255104,0.916806008627651,0.693283661019089,0.387496007730917,0.944788126116627,0.775280398583082,0.763898026277568
-0.352880489771992,0.867182800019263,31.3173950290178,44.9047725746315,-0.919359703065626,0.108930949913792,1,-0.461660058339203,1.61562519099233,0.276089883131515,0.835962472889966,0.730758774301646,0.694286473259862,0.433390657937447,0.871934898307534,1.39096124098302,0.808786262078761,1.23794069564904,0.799429969104928
-0.329431339328069,0.53844712029768,13.2420476901635,9.71404330931707,-0.675988245616039,0.264797949541439,1,-0.354036763176931,0.797335764599347,0.61880542423046,0.381878974680093,-0.581973859371776,0.557613975761747,0.797897689619067,0.496449955924494,0.590789555285968,0.471647842067101,-0.227779643495873,0.559774851903589
1.70744601239746,2.05472277133748,54.4558080148934,104.291735637331,-0.969067185824448,0.0571470443699814,1,2.19207548887876,3.30398956883769,1.63373642517643,0.980513682747573,1.25358496841408,1.04242986237774,1.20100666231029,0.967953680574496,1.29107286543452,0.912376051223716,0.865902315265314,1.03674950784186
0.213253268166505,0.579562929048118,13.8432890694911,18.5278423808494,-0.842233862402245,0.211533378704866,1,0.216124906226855,1.05018777586836,0.613663185473198,0.683149776474417,0.210250170503053,0.765254908400115,0.57102235751411,0.770036056139731,0.20370872813028,0.962196433453862,-0.570700811057963,0.970824415470935
-0.745063329920903,0.592453491221986,11.0699627544024,9.82280377023756,-0.913512128204077,0.0810019182403882,1,-0.507243235085914,0.703404286425393,0.882148452372774,0.467104563466925,0.26383800157511,0.551307030831852,0.791438920188441,0.474499470406364,0.249010500226005,0.678352362719454,0.640145542538468,0.629949069956303
-0.432119527068872,0.47068874873912,7.19241372984557,5.38956029388216,-0.867491400368969,0.111681389582967,1,-0.471577975175152,0.908277274139545,0.421865643762871,0.440971924410782,0.25850046613136,0.434944707373567,0.62976710086161,0.409541382388777,-0.0273478336942983,0.493439265092229,0.505148364224029,0.433516412286464
-1.01382572698264,1.13358505151972,22.2101997794295,31.3022772356548,-0.925792899024482,0.106224766624307,1,0.0974604291222429,1.84693824402616,0.705871338324904,0.71568900383789,1.03439220619424,0.80919638112251,0.193550889333033,1.0072542815221,0.940708436019004,0.801391344893481,0.281143380919394,0.84284493323818
-0.132085431139918,0.371859361864778,6.04675108016504,4.39585262575988,-0.796768352218998,0.143344811599876,1,-0.52940152250022,0.764980308841098,0.698653817268571,0.390518199797639,0.240675789154524,0.459796369940421,0.513233490636964,0.458713095214804,0.522613485622473,0.404575016111763,0.104445970881319,0.544811141492795
0.24753252105731,0.546163614370469,11.6588386864802,11.5033582152075,-0.850520069835816,0.155993613907002,1,-0.730016395829657,1.04882809071307,0.923392748372547,0.548528164276121,0.258532677256367,0.552092304741121,0.446744676604256,0.583447256263484,0.698923314457411,0.52728140697584,0.393108632958779,0.583646052442328
-1.80189832000402,4.06376368090067,167.467943233999,699.150469306056,-0.989999977725429,0.0419092163590866,2,1.51312095896023,4.13987559370918,1.52610340577516,2.14821361167065,1.73819749683414,2.05405511096395,2.07630164351115,2.15303468719099,1.87542527607303,2.06905329966131,2.00124787332144,2.21964924519167
-0.0858085319438511,0.407870773389694,9.04468582095112,6.69988447430448,-0.867033704197483,0.101142467443014,1,-0.493750101013858,0.772093121271045,0.519057378092242,0.491937429757532,0.431145778534604,0.418104797071097,0.635488465374211,0.378795044909063,0.0750613311302301,0.523197508501114,0.78850826724892,0.387690416864293
2.04282931266524,2.60131200963715,44.4780203849243,103.945705443743,-0.956074014276052,0.102243943095278,1,5.87235780099845,7.01919435575115,1.12463394910793,1.11424671153686,1.29054178373172,1.35574660529719,1.67889514679629,1.18287908465716,-0.122888473727815,1.38625396898555,1.66761991430432,1.1929584333712
0.315022570755586,0.478086847907178,8.88754898058522,8.68457383044601,-0.868958103589403,0.130025513843914,1,1.0307931931798,1.03396277338015,0.278202130598813,0.583437658915862,0.52745993789888,0.601182627597907,1.02323124070749,0.543038983356928,0.217764292113746,0.577959652313823,0.565250399924949,0.538314380313754
0.0852023388734127,0.390850750897938,7.26946305724727,6.65289829432658,-0.850637103634021,0.137888360871624,1,0.229168023191697,0.714609438529551,0.489869268851687,0.461286107006112,0.279457477962449,0.520636583944662,0.815397006672776,0.510124784772985,0.297703821010901,0.576106995123173,0.521826172940981,0.683659414018989
0.516172925639882,0.729658112626114,23.4048051474585,22.5600134169944,-0.842103659433515,0.166877069396415,1,0.569267744449485,0.972101292294828,0.761979061658119,0.510161590272843,0.803869498354912,0.579412289380563,1.04246839860902,0.492572259528764,1.11558437340198,0.582291796816471,-1.1031735664951,1.06219534490613
-0.436545932569814,0.582476050360848,12.0326872402654,12.1723299459408,-0.919034090527261,0.0834497576951954,1,-0.21490338299334,1.13320092230567,0.699564952128845,0.589077443445823,0.776193893704053,0.581065232585167,0.424206478205949,0.537474820245665,-0.0698661304971866,0.708450432080922,0.531982796424041,0.648014591890305
0.0297989697486645,0.400922946430503,8.21621639143921,5.16085348394854,-0.831479037511549,0.0971601524959319,1,-0.819764812614748,0.484914736217554,0.73267972032744,0.364937376400737,0.408052900988289,0.406942739376107,0.0447606931978564,0.452668447806342,0.480468519761039,0.418188533575409,0.698608177706835,0.395361626910774
-1.10770099189394,1.5090885868455,56.0710478508618,100.057193922458,-0.970586200902602,0.0515724678682504,1,-3.55410187875432,3.85443047276156,1.12243929631924,0.999654223741782,1.68227639243974,0.927437215407035,1.61138816419967,0.880395067306483,1.06720557567746,0.928904400639975,1.23020378738922,1.06684185326278
-0.248537582923293,0.57701553282523,10.7789773214342,8.64649676729221,-0.834793706694541,0.1184453728253,1,0.188880834776596,1.40304327941514,0.284968249734961,0.418727788148112,0.344219016196561,0.392152233818874,0.356058783570954,0.444413436449773,0.162960968214485,0.623982501475431,0.370403122168468,0.574087105989327
0.310610348460659,0.556653304572242,10.0520805985575,11.1625851397835,-0.866392267978599,0.151403193983668,1,2.56280112327821,1.60033157105191,0.62494149798096,0.566378727476649,0.692130883703291,0.630712112161281,0.644776183842607,0.56966573837569,0.595583740821874,0.678219518964912,0.256293709788229,0.612292198186583
-0.580335074282924,0.63331512123526,13.3931531548178,15.7993959280107,-0.91574203342059,0.103894530263582,1,0.174496292052683,1.41652289397452,0.669604016699671,0.662084555170761,0.868808644179136,0.619710250654679,0.307745222968177,0.744237002825123,0.455635042573024,0.636068344778794,0.492580985822559,0.713301736567875
0.230318078204098,0.488341761044338,8.16602735252508,5.36974638646289,-0.791374090090847,0.135762355664366,1,0.355945801404311,1.11134138073042,0.177693942063577,0.468805046895571,0.745110051875148,0.351191533078527,0.240802533726086,0.400333465472588,0.682056028110565,0.471374796855471,0.251303680439361,0.441382336977993
1.4463951848219,1.61168712735686,53.1569560485216,84.2279615707418,-0.952750395160454,0.0736266467190649,3,0.0371571772502078,1.88673839367384,1.73887379279983,0.796910816564864,0.755463376184161,0.946852229854652,1.60806457685074,0.800812243575528,1.11416583016157,0.959484103932254,1.38024996404764,0.893313801965982
-0.0690734867084203,0.356685229576172,5.47061319911877,4.14100964941975,-0.788756590870501,0.169125573057587,1,-0.953934524522709,0.768970414338951,0.424231612173914,0.416073154467666,0.218734007263654,0.430740669242851,0.148587013508422,0.41438143181256,0.456315774654309,0.421045928484869,0.149215424866058,0.404904323954918
-0.10531425272327,0.463300140960869,10.5358691124188,9.6680847582668,-0.686294288895404,0.341340570327633,1,-0.0240884629315264,0.986391768800912,0.102069540225683,0.467488218860849,0.417370831306922,0.552216701218315,0.390740768523832,0.645554064136086,-0.610948476905932,0.890802385990066,0.306057184020782,0.53178245996374
-0.223661663559041,0.407801142768881,5.14510697738947,5.71124602391927,-0.883437565240657,0.132876636562459,1,0.37023914689864,1.16967419845957,0.142505773102481,0.577914527043874,0.0188944607965017,0.705270636118319,0.615504001423858,0.596050458396503,0.303431687308358,0.674554755985044,0.409861302494368,0.632928594859579
0.0572367899066087,0.239954415614471,2.99863907269362,1.58207676054394,-0.335184098492805,0.366103155869072,1,0.724234783594616,0.508293878867599,-0.487205712186783,0.396332985494154,0.223975612586119,0.262280096286269,-0.213080754226614,0.343902132545321,-0.128859127887704,0.47125689019685,-0.861477184509963,0.659601008011414
0.678201292867593,1.45004155760515,38.9726009399984,101.47507352389,-0.97331003453143,0.0676528896729396,1,3.11836455327763,4.77731156203522,1.21198542725127,1.34831846543182,1.44119767489383,1.40896119585605,1.22297945205527,1.23671328053792,1.14210716659695,1.3566661370039,-0.222373283897089,1.5283362781181
-0.532486273068714,0.648534212692315,13.5668402330276,17.7568097915927,-0.90575543685009,0.122346554837925,1,-0.340852259966599,1.43918738683867,0.718195384018322,0.676005830015434,0.293153539336619,0.732642647246467,0.882812304001121,0.753241899274876,0.713604544935188,0.668307712476281,0.789072210402819,0.73649086175222
1.23610813460905,2.31225493424516,88.3517026645773,265.72415068779,-0.989999946529834,0.0308791771143567,2,1.23523065129738,3.44518579589038,1.42648353950708,1.46980479605076,1.47787888464242,1.56515291845363,2.09320102499819,1.51886354477021,1.42110310925741,1.55803011401321,2.09847887167216,1.50726748839776
-1.1505833945391,1.95284130351967,114.634949142599,288.167080155918,-0.9899999788936,0.0257065684152464,3,-2.34398794181724,3.56297418624676,2.07611744088628,1.28570593998389,1.39585503501997,1.34361081826282,1.58701489199843,1.28612260454993,1.86301256708409,1.34826660764919,1.42527240652463,1.37718902995452
-0.986081806726692,0.934472805117241,21.8542293172804,22.9354400176476,-0.887197457431347,0.125432913060922,1,-1.50358530667844,1.80810187739962,1.29320560991784,0.494424523002144,-0.227846548996604,0.727505541264355,0.729930599274651,0.600068410408676,0.328498036280286,0.587353287955672,1.19655956143872,0.668680815165335
0.156263073606993,0.999083205944373,28.8510926185524,77.3177213811988,-0.9445734899949,0.144776379308131,1,-2.0935526150894,4.06968453681288,1.34726691767492,1.30352142152641,0.898844929862131,1.33733107103706,0.708628712471676,1.44297141107385,0.938994975057731,1.44084797233911,1.20787780183506,1.33185065732436
-0.333734626241995,0.494935882686129,12.1557923820813,9.92063358923162,-0.676221991056766,0.323413927580988,1,-1.5696969984137,1.03062931000963,0.376499570560016,0.461902601157769,0.291665836101598,0.462971119221867,0.490286342903239,0.515730083970844,0.491270589287335,0.496437974850278,0.362604899683887,0.622991236650949
-0.0361181898430896,0.513178842367284,11.6937639916749,10.5740991677722,-0.900118489991859,0.0995997169907485,1,-0.26204327116528,0.829462684212491,0.782303000675386,0.50847792725438,0.16037599291042,0.611279397861131,0.584988142177621,0.530188733683526,0.70614677458714,0.523180002297871,0.185906340501105,0.671071558839492
-0.141369907044865,0.660011188461741,19.9521458410098,25.3519769834812,-0.903989395459525,0.139435967963286,1,-1.08678864573041,1.171843997234,0.731230566194056,0.679525444653963,0.657320284470232,0.73996618275126,1.0344314101957,0.622691841997953,1.22093055232379,0.685419186383015,0.217786158284514,0.920417087396619
-2.17234747983939,4.05855138143917,124.807184686983,432.094755222901,-0.989999941492152,0.0335041910199795,2,-4.32025048429972,8.13403338092609,2.06961398498006,1.70805411008524,1.65998769130143,1.74323478276271,1.69332989474991,1.73667448498042,1.86681326822327,1.741786540812,1.38762116986131,1.6922250425311
0.943013788453188,0.626684078209516,13.6244915115077,10.5468057825524,-0.765590332861063,0.203694466384021,1,1.26438152963206,1.29191180477576,-0.107947735306828,0.563308579014208,-0.137457810238562,0.550994634233887,0.890373450928329,0.447554234207835,0.12606510981161,0.624571735555085,0.281918645059904,0.522166487665748
-3.6369777207134,7.72409242491612,213.207086398135,812.146121988397,-0.989999978729815,0.0387521008377851,3,-7.04494779244719,16.3129007564356,1.73425326168981,1.985041399056,1.96233417644367,1.89374637217596,0.576512829258281,1.99443548554394,2.10487946370645,1.82965931034965,1.98520099108428,2.11395349295824
0.174531048920102,0.657802463152919,18.3122874533797,19.2563303139613,-0.911879891795315,0.0885504708322967,1,0.596397525906473,1.30624073527248,0.992762298254792,0.558841602439271,0.872920927318952,0.572252678935578,1.11043482392092,0.670770267234549,0.945789660285619,0.538361732999723,0.551391236921341,0.742819705965788
0.549658150563005,0.629116198808582,14.7898951538135,18.034134514834,-0.901733806141694,0.113767785974326,1,-0.955034652207172,1.53795609547272,0.763134181485314,0.614702798746431,0.741660282183207,0.676643510476696,0.529780211906299,0.807417704860874,1.22203244717994,0.671434932428858,0.691769107326509,0.625435246809673
-1.36776588886533,1.52602217833821,24.5999972138777,47.2957043973378,-0.925280650834439,0.148273775809836,1,-1.06976690680255,2.00410274443646,1.32690535191806,0.991291715752255,0.881709351532105,1.02107755382617,1.03362735269022,1.02431621120415,0.0267135942602699,1.22828698785597,0.981355231222533,1.01842744498017
0.100127223663269,0.413605472143815,7.79415034024781,6.70074529639292,-0.851817430112141,0.123498994316243,1,-0.159113884779521,0.877645355992027,0.637607466404212,0.44183789431076,-0.0376121934638067,0.557308784878306,0.21801424131641,0.479055975680122,0.506220479926042,0.542612719136078,0.346689394857987,0.670346035238245
-0.149538245746124,0.404742021825953,6.24730854840251,5.36310008976031,-0.857250294160338,0.120225728509333,1,-0.875165074967906,1.10460390779753,0.184014076672168,0.541402850944941,0.536296930402488,0.404301294981769,0.719094808489568,0.477023915620526,0.919680947166465,0.423575223091648,-0.0615803552001305,0.656516735737466
-0.152916943220258,0.33153432610694,4.21076780406691,2.33820377166089,-0.705565684041125,0.159968838023631,1,-0.267305484813015,0.649921585755432,0.519258441867241,0.281149565274674,0.329657081606197,0.32195411545194,0.0128834212054016,0.348504869889157,0.311168031509446,0.428141855921866,-0.603564044347074,0.747020400077887
0.734989257453241,0.639809691355594,10.5627051407788,10.6070700286393,-0.897682315106479,0.103537065273994,1,-0.660884453401576,1.3346148519061,0.831982072669219,0.53734711668535,0.833974501980759,0.566114822442208,1.24025920035573,0.497376058628612,0.55810547446139,0.61517994469495,0.690385893416654,0.590031086246776
-0.0839927956354845,0.375574531811226,7.20098576561656,5.86525706410182,-0.75975577302377,0.211418005768896,1,-0.138697885462748,0.521815024816449,0.296976621926214,0.479629338010553,0.152354986558777,0.480048336290904,0.329640617217363,0.444945573066777,-0.00692712205608427,0.700641273553263,0.221278064976257,0.56303606288755
0.85878032866986,0.688144626874194,11.277485220381,9.48106315933268,-0.861847757726267,0.11410130465835,1,0.427630650184159,1.18761724546528,0.104552508096208,0.556031052116345,0.646400363847436,0.471990653934401,0.76856491732355,0.486140644656769,0.145825007993262,0.566158818753717,0.669353742929668,0.547516409011404
0.147124174212628,0.716041779112389,23.2519714447812,26.6270333294953,-0.921532280187751,0.0892946829851456,1,-2.76687542071262,2.1851785375178,1.02274961053915,0.617386526190395,1.03808802334357,0.575272248572996,0.948665924095489,0.593779772527984,0.96440786840424,0.612758120437697,1.00169197236662,0.689407919426675
-0.226560046887863,0.929226554927689,40.7506157002662,79.4801063592943,-0.965249044957231,0.0708566310734676,1,-2.1954182629805,2.6876180440406,0.957808788298106,1.10561797179877,1.55367621447437,1.02754685897812,0.894442860666506,0.991721947907232,1.67197865520935,1.00769343596311,1.00545683874502,1.02754220861689
-2.13490896491083,1.71716220576685,27.2217140633197,35.9504259012644,-0.892957573750163,0.137597936746975,1,-2.67642167490444,2.33303033093472,0.783099415035412,0.668216443163073,1.21631646224655,0.687473903796208,1.23388398126414,0.758856065828358,-0.0959144050785119,0.871146419175844,1.26658610464276,0.578039230276568
0.0408046605706405,0.454792016554084,6.47961016453643,3.97528677876538,-0.756965795157701,0.15140536747104,1,0.540661200340822,1.13202487753575,0.299043213376266,0.40381531409698,0.500145599476793,0.376937340097307,-0.369251303500595,0.471587180863545,0.624352879216992,0.428890154526719,0.548679356512614,0.357868128487523
0.170074888538482,0.452150314558402,9.64684842917362,8.47516007943535,-0.762450255242054,0.193704003832355,1,0.0649171387517998,0.519438249642908,0.689447477879211,0.450411358495325,0.371173938570858,0.443739572555841,-0.122089712101964,0.706238979322345,0.276006543637078,0.710875221951047,-1.30131446258636,1.22714712721266
-0.19725325068028,0.294551420290032,3.32153613071951,2.16340370517603,-0.742419638930728,0.156092583044319,1,-0.44115118972385,0.731149676433153,0.513602272515479,0.367353591337622,0.253277475357791,0.375475144904022,0.608063649881756,0.411623431101858,0.331240487302783,0.432133914400802,-0.352256567854247,0.585486722543701
0.571853442467616,0.774021416960935,24.3445554374372,31.0571357130833,-0.948372067268699,0.070618109568859,1,-0.927925220418715,1.37581884837421,0.966402805455865,0.672299828892752,1.02844772854782,0.663627944352363,1.26425249855725,0.686027989277093,0.846263122982682,0.731548453954229,0.950100153515076,0.765524487166147
-0.782511511038464,0.76402072062368,16.3449343494211,19.374864753242,-0.940364363204934,0.0734858339129487,1,0.00466611322692659,0.973307679960614,0.859870800808954,0.629204545986018,0.912332559334203,0.584645789228545,0.835827011550358,0.686543292909999,0.550006214656587,0.74756550994627,0.902001866595502,0.786466336914483
0.480901597285023,0.55561914869352,9.37596387155323,9.13746035493249,-0.894979007745671,0.0932795056369875,1,0.799169329522253,0.991939199170516,0.13965310526673,0.541204176088,0.509319386986368,0.550280190400922,0.734245997139499,0.47232346243848,0.559269055617348,0.522119680066705,0.0392416299568699,0.592757569855625
-0.224506298227592,0.621928975051481,21.5849503885323,38.7462945896204,-0.92725413770282,0.120606176471471,1,0.361104697138632,0.943103591126146,0.79049128309962,0.877858460442636,0.864885572145729,1.01831294864736,0.833960786174334,1.02975030413084,0.863818018159974,1.01367528369208,1.39351761551224,0.899910471723943
0.620928747911161,0.50459122113704,11.7162299034702,7.65929163986945,-0.731564122706403,0.196803610321187,1,0.844834584635963,0.677082658254439,0.491596320946488,0.387527098602611,0.463895324528385,0.388784435692892,0.0909194264341627,0.527306027194316,0.637785975591836,0.407141040332331,0.256014539920771,0.541865600985602
-1.7019493337033,2.48582255024843,77.657202298037,184.449434901653,-0.984595464152456,0.035706865852037,1,-3.87879047014123,5.79092137330554,1.79518389210047,1.2640027492306,1.5601259979982,1.19395498797645,1.39203591360262,1.22165171893146,1.86960609945979,1.21274036702797,0.645969623298185,1.33969288433423
-0.382566623260996,1.84500961227145,107.664776961886,510.47094912148,-0.989999979462126,0.0460707284822209,2,-4.6361685346417,11.596001621162,1.87975969906216,2.33825479681796,1.92774100698788,2.46051464079245,2.20595357598443,2.32925318315108,1.41637536870119,2.16605933109712,1.68861564557282,2.51312911893744
-0.220132662215587,0.264597082973269,3.412433135147,2.18157618206912,-0.281284949545577,0.473960250540035,1,-0.709393681325898,0.532567459569855,0.215198879841239,0.375926278408653,-0.147814552222247,0.367537011935531,0.460968058251591,0.380145052285064,0.0952931991322915,0.49980633945844,-0.326606426900806,0.483373255448905
0.500515883803859,1.96963872641463,124.985922931977,457.688266809836,-0.989999974589784,0.037020837881692,2,0.0519025866004254,3.71494164699233,2.11461283450662,1.83065739947219,1.62164678429699,1.91060140929219,2.10491245528051,1.89111830027829,1.57685909181747,1.93248166286751,1.5684483230296,1.90888912219811
0.656479863662134,0.582740890886288,11.5997890456196,14.0517177991919,-0.925097829920248,0.0833570652336716,1,-0.6186245871987,1.47281897162958,1.08839928502639,0.607516475528434,0.718520648745824,0.742815831518113,0.685256024745213,0.663891249446157,0.908716716647614,0.628691841798577,0.529288310134279,0.688666242308685
-0.742490884531253,0.585810623265287,13.1201930652851,12.5862021805777,-0.706193367306881,0.263406024073491,1,-1.28321472331292,0.962553178488231,0.32223638978064,0.496632951042255,0.191899368405622,0.415850266943198,0.572731303139173,0.594830214777162,0.0973223108239649,0.889339217996761,0.398419243534112,0.613908124283538
-0.0156247780655443,0.490999596148267,10.0469228067601,10.5829752430083,-0.891199773406959,0.120996190638552,1,0.174020092118972,1.02383038154105,0.726383165276143,0.676352352021235,0.0972973956134821,0.608291442446033,0.430288527890431,0.573523436029304,0.427085141824603,0.593778088280219,0.430331416088983,0.619099073274168
-2.2513561265467,3.02608451349737,132.837237424857,302.299204401061,-0.982304555543155,0.0398289526649809,1,-0.765546449975498,3.89315839913753,1.8598168100848,1.20003678502387,1.56500544901664,1.14736724731746,1.84627500103426,1.08425421204039,1.7175414835584,1.12903810437894,1.70814282010767,1.18426374518709
-1.03412574289878,2.27322304333018,111.688534288009,387.009419163704,-0.989999932819159,0.0336422144167634,2,-3.77347360543548,6.73793409291231,1.32069246228565,1.77418090294843,1.59949084356562,1.62488601845283,1.79544867086193,1.78906498014681,1.95397219810616,1.8268956434582,0.829669922899525,1.78186830750494
-3.26456334279212,6.95408333325121,194.719792793868,731.941412983573,-0.989999965585571,0.0355938246415402,2,-3.73865982124648,8.4532998273993,1.48304352715616,1.80497564599576,2.03176237372613,1.89641275875195,2.01581799395174,1.84712238093317,1.32488553694398,1.91411147056875,0.451678482864022,1.95666016570128
0.218700766589473,0.576393315891739,13.8989660697422,14.4133017376042,-0.848314725040609,0.160089261124509,1,0.20385537516941,1.27591114923279,0.266426254281561,0.600117708796651,0.839928035764292,0.500418801762659,-0.201373404183135,0.675272710470848,0.342737663001118,0.676407546353583,0.379732557864781,0.744904914548106
0.0747080315976748,0.510097385261577,13.7744218593518,13.0056642128271,-0.8344254525217,0.174084585271187,1,-0.812024910498676,0.899665665246097,0.502248339675641,0.526013930142344,0.581257045102468,0.564157108991285,0.601081029030451,0.522793115273161,0.282036357873308,0.561908282321461,0.827958612502963,0.606067606240953
-0.561132985201595,0.383711031427673,5.13234430243614,3.69530309387315,-0.594930821532545,0.360389378410872,1,-0.608280411567608,0.685818144014972,0.420784940023234,0.487912072645017,0.108183997296586,0.41627381674269,0.258344844777565,0.48446465316136,0.347434017349028,0.40462162021227,-0.110617696802928,0.535995200799848
