"beta","beta_sd","omega","omega_sd","rho","rho_sd","conv_code","tau1","tau1_sd","tau2","tau2_sd","tau3","tau3_sd","tau4","tau4_sd","tau5","tau5_sd","tau6","tau6_sd"
3.4240056592205,0.952181442297257,0.159080781497668,0.501013965504896,0.714601960549192,0.44845113437455,1,-0.889964391267972,30.3481060931155,1.1981661718134,9.41076102077449,0.653285504116692,0.859191057568945,-0.217476592940523,0.772499694263717,1.14989026966444,0.679179223529536,0.268604887903179,0.367806459845003
3.26368767861765,1.14344781244008,0.690602040957606,0.62274001035625,-0.0980754998520916,0.977959141251219,1,-0.825735532646013,10.1252142833456,0.618660434722849,4.9440609087644,0.797358447031718,0.655746046711206,0.585282890267012,0.48612989072633,0.232572101632602,0.459619649584616,0.612418068241394,0.412880723603842
9.59856274307387,8.37815761828706,6.7169961734747,11.4367739341018,-0.894207116049645,0.202465475119396,1,3.23273237582487,3.30033506200991,0.955097321660932,1.02822873620193,1.34354202440793,1.02963811751149,1.40128677985156,1.04906980919623,1.77125374218778,0.897756941029589,1.36572998102374,0.982123568694682
4.57064859400291,2.16163022919488,1.26347985667485,1.30560580069861,-0.796260263898285,0.206884240962187,1,-1.07068785806454,3.55501471260442,1.31048851845557,1.02876693224084,0.482521649993645,0.764984840221947,1.17209217577897,0.505544947740509,0.400968678817217,0.666184225437235,0.98764491668301,0.557409034594565
2.49070819227518,1.07334631470753,0.12853222442061,0.317958387353847,0.781159953775172,0.201469793729197,1,-0.174893515554957,1.48240684102922,0.471308878480706,1.00032557677539,-0.0947137330155309,1.40636208612617,0.294340268907666,0.583305798007839,0.363987437746098,0.575256590785867,0.202017140378142,0.486589693615544
4.06479900827038,2.01718914803289,0.815763783082466,0.949431407054012,-0.493350334948517,0.628519397432316,1,-1.47304910980544,2.16930599963755,0.889554976797714,0.924657477401351,1.25189244144,0.685971365686358,0.606184027561164,0.724058847208282,1.04831125829415,0.475637273808242,0.420550742891852,0.621092982661292
6.40727926327878,4.07134007777874,2.51028171034229,3.58574502935072,-0.857046754162611,0.228803659911993,1,-0.232661556970449,2.63643774408402,1.43266599242562,0.878686211214684,0.474482767184856,0.810407223669067,1.44679961240494,0.778433608688161,0.927566229139662,0.772527729949866,0.867056212018184,0.66614839250629
5.11746702164698,3.38360172006969,3.02284650463504,4.12542868963759,-0.860568040146803,0.151008925106324,1,-0.846969317211882,1.5806095841166,0.214929758389057,1.12508355344848,1.1178277412326,0.938516284519072,0.98081684922681,0.911787806429733,0.847290386669737,0.68996252452956,1.27053953512198,0.731567478846925
8.33180882796504,8.37083743965536,3.19080937169889,7.04281309217588,-0.890613994484686,0.297348268172603,1,-2.99570953526684,311.80994205201,1.9186676935691,44.6642363330041,1.34302153954783,2.00443770381803,1.3481535405644,1.06031601335877,0.949463503828815,1.0836018508963,1.10622348051342,1.21862152561313
2.96249217140032,0.91413816617561,0.431326211760046,0.344239918181686,-0.228651165821013,0.772244678751976,1,0.545651082372093,0.9409999429553,0.484275098309042,0.509890371172808,-1.32809569838307,1.29622964121741,0.833491941444718,0.365038221408739,0.560850530809502,0.374409897353655,0.729533463136568,0.393411949037275
4.6088535894624,2.30555744833552,0.960919090571765,1.27288789528334,-0.761577024510422,0.338707988150258,1,-2.05708634184065,2.65675828782988,1.376849586355,0.810880495180064,1.2551517747873,0.626611787232941,0.509773215567425,0.639413028498942,0.58396718833688,0.739320119682787,0.602192468788934,0.708983274248392
9.85979967942878,9.66302832389358,5.79711582820041,11.7940441694839,-0.937481087172838,0.111874967855496,1,-12.57172529649,999.086209605684,-5.84049324621243,999.999992279238,3.15169527335671,42.7427712696568,1.56581822739266,1.01994749474768,1.47080547014324,1.17661588671574,1.83479927604378,0.998546976788936
2.82778056163374,1.30477768067877,0.536207975352457,0.707664037949144,-0.253042459588825,0.803238235546826,1,0.501691955122921,0.57191216996943,0.0397326350364806,0.815065377687163,0.439467384134704,0.540012789819266,0.638907802312175,0.53881012355565,-0.299120942802374,0.536526367688724,0.205634032157225,0.60893378626666
2.68788474330964,1.04355598130971,0.457941747398977,0.435042018866937,-0.126785173358912,0.841414036584321,1,0.620698894241736,542.659680755953,-0.436863174455057,839.953248376788,-0.00589561858154799,0.653936454990584,0.559248290093023,0.398788982518375,0.477682088236295,0.474112429520653,0.0323542353263465,0.641532826250843
4.15212831522449,1.38770424828567,0.310243279481567,0.418029474323547,0.0934225386214861,1.04963283020577,1,-0.0588782012679697,2.77417940642212,1.18238943295831,0.893021858087344,-0.43408977694444,0.785775178310571,1.18250115043938,0.434236703276816,0.479072593242197,0.458190740450449,0.0651295331031266,0.803567544262395
4.99483857194859,3.01412859608453,1.97713569334917,2.99050245737507,-0.561886228412461,0.488780482944144,1,0.696713375529989,2.64567364757966,0.179900507016538,1.31345728066376,1.11875205327844,0.818841928582696,0.783563154811055,0.725365370690263,1.088589460648,0.716875205881615,1.09139141520801,0.526003562447902
3.94727321089631,1.52999571538975,1.0338022281472,0.907302264545695,-0.261266315078892,0.939894034879243,1,-0.484124662818807,2.39001197300509,0.783430824532543,1.04181803594218,-0.540761362237467,1.48803677862007,1.01420477601961,0.374782752983257,1.15057160213094,0.454472581200185,0.422793163236072,0.592630344845924
3.62837473195462,1.51516615434298,0.658531527284193,0.565161097646249,0.0371493611540121,1.87014283700406,1,0.877740678683832,1.16514498560027,-0.10300361341368,0.984540846950558,0.78958057948026,0.730438034074272,0.6478789943287,0.428246237323658,0.30091342720969,0.533766007370123,0.504506214607831,0.425551095615546
2.78126690253798,1.04306892821534,0.413383334482327,0.311361940044743,-0.578373862961845,0.381723865314322,1,-0.5384996802526,0.740591801146661,0.53998321187273,0.74159340641666,0.570645255506321,0.652847654758815,0.25675399935087,0.511930087482858,0.317973244694975,0.433640586015285,0.360732133299575,0.414245475036504
7.67619662184072,4.90108403948133,3.39055411197429,4.39268450585418,-0.647637445376058,0.590150913145673,1,1.18722986746034,2.2898814741371,0.988384364305653,1.03305403393041,1.37429782693786,0.518382002458164,1.34517454426504,0.671263559998406,1.40576907728552,0.682971986650918,1.37291431019522,0.613143538516221
3.64771560461931,1.61865975137801,0.731379052688035,0.665595485856662,-0.409393645774291,0.711467618780818,1,-4.88030662220795,991.479134937645,2.0296223786211,130.265957638249,0.34624182358115,0.669007487460785,0.641482782183647,0.489807757261623,0.697454814302798,0.496060005437638,0.284387341991185,0.532859788123962
8.29096838314187,5.63694383356829,4.44063815560865,6.09504915040792,-0.950482103159184,0.0687575013202482,3,-17.2566555080896,999.028521106061,3.12104302445755,44.0686090747966,1.2827785020226,0.817903775071829,1.47529412394977,0.741090203396292,1.77554034082236,0.735585519726271,1.50755796866741,0.70719731149318
3.55877433441938,1.49245572363036,0.633278865715526,0.779900659275794,0.344849862964533,1.81368481459363,1,-0.718447198902609,6.13828954827823,0.923798773299256,2.22241114614292,0.9459411188371,0.675196167384183,0.166834074143182,0.784550646911445,0.297503243274359,0.544486684855327,-0.200108419945033,0.582235148074767
6.55321940688063,6.5389424677202,1.42700138877688,2.6648464514456,-0.863474865067892,0.267475113888518,1,-9.01302050284882,996.003074311586,2.41153658428926,89.3194935870452,1.57835696936229,1.03740084821105,1.09278124718326,1.15083311004433,1.20871797637292,0.926594254791681,0.771528365449523,1.06368786457048
3.90471041978256,1.2518063821136,1.15445684071894,0.887690503187421,-0.478854315743739,0.440084007117142,1,0.353474590370706,2.1231757816903,-15.4375172730026,999.999999999998,1.23026117021238,0.654085566795146,1.10588111313462,0.427030010730897,0.395252780824426,0.503641200212094,0.744926410260285,0.40573934661714
4.23550933118384,1.32629707212251,0.920589929489623,0.870548501799482,-0.320466924228552,0.935150722422238,1,0.632853486828854,2.07074024245989,0.745173626899987,1.018241511316,0.54267548354261,0.690347256149755,0.439159528268561,0.564411664041026,1.17853864154812,0.363813075892892,0.284047510941922,0.5014171042526
3.82241852732106,1.49636281976072,1.07886888186561,0.990983085569015,-0.441349430813207,0.514650768113244,1,0.215566568244776,2.16720516826351,0.169758935836965,1.86052865720667,0.831106551368832,0.665852195567394,0.703358698803319,0.59664539467543,1.05428404873223,0.372971301328819,0.492231722983074,0.511086992396477
3.35646399890717,1.33567587467559,0.73099980344383,0.74413497491808,-0.145167159162696,0.73653133836451,1,-1.15085942719161,11.8157186957242,1.17628574657283,3.65979178907034,0.567133225654475,0.529494437540764,0.572763265309131,0.455041680774576,0.0273271481372908,0.632311142299646,0.673535357409767,0.570256494691024
2.76014996678998,0.846365223723113,0.324038488388416,0.30127443704416,0.0676304315455342,1.00602438329014,1,-1.11549846892925,1.04076124285042,0.504698638444835,0.724302337717825,0.367998716582553,0.858619972016266,0.678379896423455,0.32634056425031,0.320634591456065,0.390665932919246,0.472232129909153,0.329632758531323
5.32310689693207,2.14957284861796,0.767750759456842,1.10941315013286,-0.7301725259508,0.262344504508559,1,-0.254104389888843,2.1313493676551,1.36015098796193,0.637622582559764,0.727831732188868,0.527039256340822,0.401206819062115,0.465013287605908,1.34853396205161,0.497265225653182,0.615268660753897,0.49647936651621
5.221213808387,3.85396687053772,2.4701448735751,3.93443527051985,-0.842164213682951,0.24956920395676,1,-9.68595585983595,997.113971652302,2.57519520022364,75.9194529332576,0.461468419171744,0.767355746439654,1.0281963838391,0.921162478388614,1.09214296246418,0.834849945007685,0.909216653057845,0.822083768965806
3.08243032352468,1.11258565785468,0.185687711098776,0.382735767895556,0.615934784202027,0.559157035938751,1,0.0474033285879797,1.47480774279634,-16.8604962456499,1000,1.18607997428082,0.557497537297589,0.177008114221198,0.71344253272418,0.459218650826469,0.453686111524875,0.523160009586406,0.336936032366253
4.09987112641336,3.16111582407164,0.756816581159136,1.47788447797086,-0.857314367090762,0.228925731738052,1,-7.98771949066729,993.072666996877,2.13434984379162,117.502168542378,0.937262628690153,1.01778648312704,0.915425873173284,0.853388005483634,0.587337263637509,0.809562317013801,0.889172217967887,0.885204595262931
3.55285503973012,1.82275116485313,0.682860451256245,0.787417514872264,-0.702464391536975,0.298947879551265,1,0.339076394919875,1.42234791616275,-0.401876201877371,1.0304559386419,0.869948494024562,0.59669302845351,0.971295454836994,0.48660628811105,0.247608996879765,0.734694514521048,0.832341792672424,0.696986937943699
7.51649990936287,5.63235534471089,2.01769958037097,3.55342736018184,0.960618076886294,0.101488055705853,1,0.00344693845011901,7.97866226823214,1.63157337302272,1.79137832380847,0.954283189469568,0.810741389011822,0.763061067245657,1.14393139849244,0.824427339697053,1.06796888711486,1.97677594768639,0.964693785886668
4.15581063959016,2.40918353542947,0.618401736143944,0.870320225733101,-0.887692159335797,0.16418642956535,1,-0.0830519501409686,2.63115837263652,-19.3924936320992,999.999999999999,1.32753448451275,0.947844700167951,0.957894510314094,0.724031538489471,1.0363889033674,0.523276036695322,1.01476873368072,0.640432773019537
3.03203598528631,0.660341900922852,0.48696162631991,0.321994867954987,-0.23333474394889,0.62032968392122,1,-4.82137027888303,987.704251115632,1.84338786073007,156.334014579794,0.137366695493085,0.557982917736717,0.638796157577783,0.398595322777036,0.771616135984597,0.356307735458685,0.156123553325106,0.446904019750049
3.29568329323449,2.2187979841188,0.461321171480799,0.811621455351873,-0.703366307042786,0.327614666435886,3,-7.33926269960924,993.414512697645,2.15991140173672,114.575929636309,0.393309498707633,0.769340284069154,0.593142339775768,0.875019943204935,0.842662944100826,0.738031634579672,0.436752688412065,0.583725312582446
4.75037444016237,2.04010508314754,0.731573614334122,0.903938194901497,-0.566842911842077,0.483033942830067,1,0.587686046990271,1.42229099008178,0.923973017441618,0.787674846907079,1.12394866497992,0.524215041758608,1.15321558942751,0.537655700552643,-0.0952177469653887,0.692364507694575,0.482715512800384,0.507811160256304
2.18688874355491,1.02696058577209,0.394527650636362,0.388610880490065,-0.244710621837929,1.54025829136862,1,-5.31766969945341,984.779680847613,1.73447053613358,173.807750050183,-0.340939178839169,1.53530240497904,0.744485271003296,0.750926702551896,0.466685961662725,0.589677714113722,-0.40622322562247,0.836286642748251
4.49137284671239,2.7560007850167,1.38908999895759,1.87024050319679,-0.715576826143779,0.300138730688861,1,-1.00431285695612,2.11201716688474,1.01431680834583,1.16937610855371,0.908972063527191,1.16297074280118,0.629847308614845,0.629954234732761,0.759347187984434,0.693604635642392,0.997794825303568,0.592517389826255
11.6628726652216,11.1641733965266,10.9353403544085,23.9485188869937,-0.931287995918064,0.136466513335652,1,0.623609260038859,4.37009852801696,1.73981466689603,1.34478036215214,1.59024552398115,1.10887631910203,1.91086996355847,0.972278977560934,1.56650676357986,1.09357831392013,2.05711816408543,1.04436518444246
4.39164249893356,1.20297261260359,1.71186403749585,1.20266903160481,-0.60067397304086,0.388292832349344,1,-5.65973199942753,991.237703788486,2.01546825312747,132.09035223829,0.818963200385528,0.562569756546307,1.18878989996748,0.261986469562657,0.501427148109306,0.51940562197301,0.852449926462994,0.385009761641962
7.40068955060704,6.94831745019296,3.29617532948407,5.36626664037687,-0.847765146492352,0.399099333104371,1,-9.08900039907693,997.306934179496,2.60994083551245,73.342182509764,1.65089514161563,1.22050246711317,-0.0294297307999013,1.26971594206378,1.5190004761839,0.992573097354278,1.45830682594014,1.00459817753611
2.75071660013804,0.756826682001644,0.320326328051604,0.349763706778847,-0.172447620844306,0.69215867534587,3,-5.8796219277742,991.457092860236,2.02831429461234,130.433317138304,0.636887498666686,0.397864853696048,-0.168868811895634,0.584073382327338,0.191222974117253,0.478082550095235,0.363018604760441,0.441615708252287
3.80822464923555,1.73168332058125,0.720763567704411,0.885852718775065,-0.239576821897723,0.771211052257409,1,1.27178679752296,1.40812004867826,-0.114554833798548,1.17707561184878,0.610871557035873,0.668748280840029,0.440290203777406,0.598566948318866,0.606108142747636,0.488811440259904,0.474517284425813,0.540565764040082
3.48570342260877,1.04259055136797,6.8314665383666e-14,0.000522741486333439,0.855600337795043,0.0991235776003596,1,0.884176682952566,1.43265543226426,0.609585627445796,0.80123369040046,-0.386871986069395,0.817336066254578,0.894303023524049,0.415188521093411,0.303408289831293,0.494004085501755,0.64807270562227,0.391264183987934
3.90138464029242,1.92876282324812,0.851301523565669,0.918135838438315,-0.102396336761352,1.04069912119908,1,0.737459803500457,2.53059515889946,-17.7507511376921,1000,1.20936463476946,0.834405021083819,0.127195571501065,0.639015886723945,0.983354814699025,0.502051607780024,0.814090166430426,0.592133642128004
4.45331101941686,3.22988075825451,1.07896955828271,1.95299098527742,-0.609565787601651,0.645697454539633,1,0.330149207066111,1.65016012496364,0.157388884781993,1.12686822879862,1.24008005288411,0.753584505089043,0.375483174152622,0.998243440147316,0.59099380179767,0.657749829041319,0.945158526474853,0.795481203111731
5.37178391285572,4.82260484539736,2.26641813362686,4.15885075471915,-0.678027795457287,0.612065009862244,1,1.44222941141737,1.67961972824785,-17.6072459934055,1000,1.1130858440581,1.24796876756775,1.27734123607913,0.888280868742029,0.674446007649398,0.905743390743195,1.07853181067739,0.963478347539051
4.78715977522885,2.18194023929547,1.44611005237868,1.7295891484366,-0.595503448853175,0.418673717222506,1,0.84952534186568,1.08925659676849,0.648901071375814,0.644566406019807,0.477272649872538,0.675905404286322,1.17505666765223,0.565253641494303,0.811531162919778,0.549157934058486,0.350851299068244,0.662638127409593
4.70897508126443,3.09366150185737,1.37440624183805,2.01065353714931,-0.400746307609185,0.958570339375381,1,0.20330178042323,1.26000408019402,0.979855953523458,0.621622176893237,0.989363361119653,0.657126279596394,0.759996034625978,1.04798206485438,0.178483525237339,0.699472951823783,1.00610146057835,0.689800608671562
4.87271184606343,2.24206614653041,1.54465737543361,1.5400671301186,-0.653043833848684,0.477448553018497,1,1.12388702099455,1.32369718184143,0.756926627950317,0.80287997379677,0.309090003317741,0.950799117700796,0.959180217963691,0.493752175696223,0.710879546134372,0.445980010961677,0.917202229083842,0.666575578210462
3.20640699682445,1.52853304456927,0.493058647676888,0.493966661068996,-0.427418504253728,1.11093245474519,1,0.43440307573468,0.957776093430808,-0.12455466644501,1.98657984830442,0.878039503164083,0.774450337613889,0.582225963459123,0.692468383567264,-0.380055149427004,0.711913641818763,0.904149926487974,0.571353756984164
7.15256748388738,3.4984899963674,1.67616917649623,1.87018521996058,-0.571114871471694,0.586792660006895,1,-0.845689650373156,15.199029351528,1.48009844560426,3.49725790652592,1.2266465888199,0.589152351146666,1.49188569888117,0.537142265420427,1.18182573716027,0.644630671950926,1.56784338650066,0.552844242102407
7.71368654622285,3.79210521877738,1.43935830026367,1.63580040318932,-0.777835319804412,0.247412591964385,1,2.72403513300592,2.80942338081672,0.784573488426604,0.730049154971495,1.35933931638178,0.491816449988074,1.20287993860168,0.540079904813806,0.875704508929866,0.661908426586939,1.40562663562607,0.594194307712095
6.07848131111009,6.76055465492724,2.43475148409342,5.46703201717078,-0.777096825675736,0.571492297816829,1,-0.770642990171098,7.8978144952574,1.76365838401123,2.18253770186778,0.807228331338023,1.58770231695376,0.972713823713143,1.52687979217581,1.49100387550795,1.09921380615322,0.489706306242792,1.14071479636481
2.66301858103527,0.680670054372751,0.538870151963742,0.381711222217713,-0.244554570465828,0.517029500346618,1,-7.04779853812479,992.845956971995,2.11807725133912,119.402312800151,0.55315980235581,0.536042048307798,-0.144703389615708,0.466865460363163,0.524276589458224,0.38759954608476,-0.0312176517045564,0.598452666870667
2.63113281383693,0.910387619270459,1.20607372369446e-13,0.000694571443032684,0.789223236522095,0.210956162567064,1,-1.63445347906428,2.92868876592314,0.981922966458947,1.05172415559322,0.272554871231818,1.0471551516615,0.522035411176154,0.507497968989037,0.392293134850006,0.578986911826134,0.330825456662445,0.393826156403223
3.80150653677148,1.45827548333016,1.01509840905482,0.952043693386273,-0.689969119421845,0.28213929793755,1,-0.239646337641503,1.0704726682659,1.15162645311053,0.449635568678427,-0.148354011422406,0.73508368958094,0.741959034409495,0.499360351834473,0.691078586744355,0.479940718566117,0.50636011587637,0.566927490013269
4.05567285308214,2.06293784446586,1.00089519430393,1.28686655394824,-0.579129848878615,0.464746974550222,1,0.997313483636584,1.39214037271439,0.598151732171421,0.747678758209674,0.586152631812361,0.657391122042606,0.639801001897386,0.763645260601768,0.668375982627577,0.451526614715036,0.736505937070516,0.680635588910226
2.9410855533928,1.04587607306947,0.313761419760954,0.290049448893436,-0.214568957789162,0.605585474634972,1,-5.72499639733644,986.522539733612,1.79660599389115,163.625626527115,0.878744838478264,0.727404153214451,0.664564341455836,0.373822986086469,0.422134304235659,0.501925577896729,0.536229098750574,0.376685699578339
4.84638410386169,1.8589102290022,1.92443754919945,1.78064240608482,-0.658194156899074,0.289410091719672,1,-0.0165105789778187,16.4480641780199,0.8883269564999,6.08701125842166,0.660826256338501,0.72778557309932,1.01191233028922,0.462325559203134,0.90686336344335,0.447245387925062,0.727813264984277,0.421022136447246
4.00045407008102,2.39396322164906,1.4896895741256,1.93161330901952,-0.743061784546331,0.314646886808055,1,0.395070518683961,1.07526407965232,-0.0243503152276083,1.22148767026561,0.887948814870727,0.674015201718169,0.590097124741344,0.635752755852751,1.08096038705708,0.632694660768294,0.478054508314822,0.730927823195862
2.49012326827891,0.810870730966939,0.287179495265225,0.391819177090444,-0.0109749023276694,1.11263405523036,1,-4.61144946939068,987.014668406111,1.81557998756358,160.630240276899,-0.454203453013207,1.00088106571816,0.573230816609175,0.422662718852594,0.181233451907723,0.399101506207705,-0.261789301140165,0.631080520703237
3.87792907233133,1.23188849916854,0.899129696238694,0.645675773826523,0.0865001266001241,1.41662764690891,1,-2.0572775448213,30.1110104748479,1.56836255429305,6.22881356102281,-0.321292431938525,0.681716064329539,0.885239558832155,0.494324285555516,0.767573154099757,0.423081693380371,1.02708011723206,0.488993297717368
4.13259554198637,1.24619421255803,0.932327338918024,0.732621707754194,-0.289313505441767,0.775330292259923,1,-1.8577222891067,4.14757949050576,1.34312527953418,1.11311997832969,0.868166381598533,0.456749781671211,1.01272161278533,0.258557888986073,0.277531167121716,0.584413672133801,0.360595440598674,0.765659281841902
5.20221593281825,3.04622602199941,0.803177013961406,1.63790081033027,-0.344588870361553,0.875264639893409,1,-2.97214994122424,991.014705461063,-2.28050570873354,999.90650790754,2.00263975975515,134.450588547398,0.726552244584993,0.705578738861792,1.18178109760188,0.868496141983633,0.514061763549958,0.95528217120594
4.76595012528688,3.64701669404164,0.75737827533107,1.16735435474616,-0.661366236658809,0.501415031634016,1,-7.65802531712647,995.784958222062,2.38480511931317,91.7195257644077,-0.295899741949186,1.69832822994855,1.06345978016858,0.733677355005157,0.833338354494492,0.842355396021258,0.646920280066467,0.733642758118876
2.71250663464801,1.19538881238367,0.516466133066912,0.466179196921698,-0.514746762291892,0.518517615505265,1,-5.82939083547985,989.194967944122,1.90914252533311,146.606083964359,0.142439251325985,0.89285686879517,0.0803656677055267,0.492637365908714,0.682238999744865,0.469662722167284,0.512335400487739,0.457778466252628
3.14225013970362,1.32436969657657,0.470812887338917,0.497430763579581,-0.445006810217488,0.60648583716611,1,-0.0745847975552045,2.59182002850917,0.666882423634888,1.32449795051331,0.427788410438796,0.595220234905696,0.713768613201771,0.528298868967934,0.0626521667270135,0.600838766354741,0.612333629975191,0.607839279071257
6.0786083075455,5.00088185495635,1.43688340784111,2.43424481047192,-0.790495273291034,0.540108829059583,1,2.6282021297321,3.52411583074761,-0.0667528658615386,1.57624638983399,1.15989134982647,0.94213385906756,0.811021139487604,0.889953197615777,1.20786323447485,1.00914507982195,1.17284910595584,0.867922114864845
3.0485459031754,1.0051613266798,6.15867497214355e-13,0.00156954451634972,0.889862447279792,0.0938624701391993,1,-1.47572707008431,1.94462415657418,0.00189827817513656,0.565197419653985,0.606711507360617,0.904412467089332,0.786662416861019,0.665263451753455,1.04565095433825,0.391916267181212,0.885906645652132,0.371772168563616
8.76116577910466,6.83490138686456,4.99882163880505,8.7807544663734,-0.95486894414269,0.0760128596911136,1,0.142579046523352,3.47391185523061,1.63645508705732,0.945870597107474,1.33346576978255,0.780131358555807,1.75806061265894,0.792571101301179,1.4032219175378,0.879296536908722,1.69100850805668,0.84490662864854
3.49478345834642,0.922703283915167,0.615349869169536,0.412367662934991,-0.326975678048989,0.576221732545225,1,0.846204735786329,1.2110426737864,-16.6018416379294,1000,0.62208052780619,0.629053841581669,0.292757570621193,0.546404477630645,0.790122616386713,0.341279706933472,0.558338443991398,0.450652487974221
10.4576818358478,17.3662524364103,13.8715216403368,49.4346946642253,-0.895620020121711,0.281050555028749,1,1.31034648919508,5.9102731621058,1.84656960380447,1.32400499328954,1.36904554900409,1.50255229699581,1.70650198710316,1.99905708381973,1.55325698134717,1.75164948053941,1.11144910282062,1.46162260485237
4.00122790215495,2.63224422748082,1.39799611370354,2.0766776222002,-0.745428224371386,0.296433029755715,1,-1.75121998456685,5.72837553755965,1.18477597596909,1.77131922088732,0.850560143249166,0.558893326697223,0.597017018511746,0.85533874949681,0.80694672440737,0.657328836338407,0.797161994369283,0.810821123271937
4.06401962722307,1.59361329310982,0.887370040353254,0.838258865473321,-0.343270830040779,0.854809488035069,1,0.313454790749076,1.83878095178882,0.908669386345211,1.43018952754783,0.743841218171298,2.0656467100594,0.376636372435522,0.561257301851079,0.137813941332646,0.57893353884232,0.783766114804929,0.575092819417337
3.17159097966941,1.1172739754117,0.76658590879073,0.575688359194916,-0.434117721974046,0.68822063525358,3,1.17899027954655,0.812688259436533,-0.317702552947679,0.788604756117195,-0.695599147307113,1.37613471229238,0.845040540581776,0.736716872376373,0.810873671688478,0.490491307931339,0.529296801234074,0.507540533315224
3.47119073801792,1.14026981447218,0.6604585758434,0.536349762606748,-0.162926527391548,0.990959445280428,1,0.460696715330393,5.52271338763796,0.20657909568517,4.60219195309471,0.866516643806332,0.416335040664076,0.593253220440252,0.474126893954526,-0.00540531526621877,0.616803557631615,0.234251394714915,0.69721938874395
3.83065288871935,2.45417465343061,0.829964351580453,1.18398253220362,-0.359854780901925,1.21302854988752,1,-5.57888098358786,992.282036861527,2.07971397657147,124.001957181254,0.493945278508402,0.797986643392729,0.80551725187251,0.719506842948635,0.761224325619753,0.776626882464914,0.439281370099008,0.590917568188605
2.98587244771866,1.18804801876471,0.507672777419176,0.49115822525005,0.158244934118234,2.36278381108735,1,0.349590342532099,2.06100299538173,-0.0111047891195117,1.5125345863487,0.684628538566792,1.00484904562277,0.695168296589685,0.701315936881496,-0.210493689895988,0.653014246728481,0.613968613683996,0.469680802546745
5.53461939119042,3.91096022449709,1.41824900599492,2.20308579128992,-0.330580450044163,1.44089644213952,1,-4.14949836883288,990.395315503366,1.96893439728769,138.265004521459,0.972583577181906,0.729420821465538,0.49908799986067,0.906217173669696,1.25524835670487,0.625475004808401,0.175682178436605,1.05761651402859
2.33848274601946,0.470658895279787,0.427964806835716,0.308640117784171,0.329764487389791,0.685381369824037,1,-6.21857497851161,991.594960970957,2.03655331885403,129.381025193706,0.211566072095072,0.675384783634288,-0.210830480269741,0.375877418949846,0.704755466314654,0.246776462719773,0.133949077335535,0.265079876936288
2.20175086311877,0.718818766594368,0.145262432173626,0.192180002518117,-0.685661765230531,0.166455684091091,1,-2.09774881267156,2.79859424497808,0.891495897804117,1.17620811461166,0.407945800537168,0.406851583343972,0.271052509672578,0.4610619592342,0.416363503448581,0.460669946931847,-0.053383587735284,0.453369916232615
4.14470283472885,1.23017899449897,1.0675794137474,1.05640838797565,-0.310673672371652,0.778597846801224,1,-4.75873633331832,989.500921669105,1.92373729227441,144.526635847811,0.781442222750606,0.362478702356496,0.744548882572994,0.403457036320475,0.906629898937866,0.395244868486094,-0.455580641669196,0.679637404083077
4.00989221942848,3.1099633164939,0.530067896824426,1.08146530105956,-0.454212528872926,0.786486985152862,1,-0.0299203746694365,1.30355611541772,0.894899133705548,0.442258194685232,0.323093134398727,1.02435696167324,0.799649604758979,1.34140158522781,0.743937872426637,0.660258650589072,0.686551401542822,0.916154752256551
3.44483044383581,1.78386223368105,0.801602474791015,0.835323750974142,-0.596420132700003,0.450325601812666,3,-0.324942078649042,4.4155129225096,0.278156185225144,2.64210433208491,0.897199048034909,0.626117147517859,0.556350404720191,0.69036126830533,0.922741218936842,0.514017907549894,0.153741108681313,0.536770845771913
2.47832811135478,0.584611615087685,0.123048872932138,0.295183058518734,0.147555977168404,1.18116369366528,1,-5.34271787314479,991.105933013816,-3.94700355619318,999.996697509995,2.00790367530829,133.100051574727,0.460025088861747,0.407945112181551,-0.00105779339548283,0.556271211786068,0.386993083152554,0.445708818506351
2.88826125329883,0.70161196639419,0.0639212328578859,0.386463545382746,0.800999335084572,0.145360223153441,1,-0.395790841694167,0.920808935813143,0.242942439344504,0.76281662152158,0.107911504835384,0.624138656853505,0.860987587826069,0.393198354565213,0.647741215640793,0.246794491396828,0.448129627428519,0.386714833267283
3.58839509896334,1.47719192210332,0.625758422325324,0.617137875358025,-0.727861271712897,0.238417546187199,1,-1.23560411022687,1.85098163541474,1.31905876274599,0.577149537434333,0.840906013058882,0.442792940811696,0.0396746923726589,0.561083263093075,0.455821281617712,0.555507674869969,0.242951783087036,0.489157444898805
3.44890448377598,1.23341556753856,0.446064169735855,0.440867527074298,-0.301871544107785,0.741105376637598,1,1.62022541426709,1.22841986111931,0.332579829195507,0.572496531989398,0.384943121137574,0.433961178619149,0.581313238799123,0.496962476106569,-0.0952917872234318,0.739593356836,0.465979247036671,0.467577194797988
12.8598181198672,14.3717627895355,13.372175399571,30.0202271429027,-0.954465222005412,0.097270207196547,2,-17.7905470689043,999.07321370099,3.14462465897472,43.0449635678811,2.50145707067404,1.48419270957391,0.410773132261372,1.11217033819965,1.98919341760817,0.985057281366197,2.1876211437719,1.2252242716189
3.56464606626706,1.45022673660253,1.28490386464138,1.14492456291786,-0.39342713265979,0.571396647868858,1,-0.220800211919696,1.0368068529828,-0.406304905844374,0.99875611650965,0.877764884712007,0.483634373554768,0.84480240442789,0.417071815138685,0.545768128685799,0.535082344779073,0.806569311008935,0.381792132755727
4.64096219009951,2.25133681522791,0.884902162849335,1.2195708854173,-0.586632151473711,0.389499122050081,1,-0.0255787013990389,1.19083276700465,0.455868869924412,0.7516669379611,0.48348210963743,0.649187375664302,1.07835536899425,0.403445283242087,0.635891079754895,0.617081203317202,1.3982948069007,0.493251845405367
8.19081561703438,8.09449147800874,6.05533045870334,12.3434144398034,-0.894651348442159,0.218481636146251,1,0.471849339276284,5.93115415278113,1.23642836408792,1.77483229300455,1.45285121715463,1.19715119437012,1.30736920208551,0.883203385106114,1.28851619573727,1.10526406543133,1.57368690804761,0.931828955699792
5.93455258669912,3.06079560816521,1.36615038533779,1.50211031022865,-0.749622085165598,0.288618356998595,1,-5.56490663753554,993.093661579403,2.13588343995391,117.324553172725,1.37315992213312,0.771125335203384,0.569660368915785,0.677483521438175,1.2346821158393,0.573585110910835,1.17132801580322,0.549289248631983
5.85923944814352,2.86407731020252,0.978466314023156,1.16903356536612,-0.632994809276908,0.485772448395298,1,1.85405485001222,2.45067972951576,0.965005712257949,0.940780476911396,0.843253819043803,1.03617105677861,0.155081779630284,1.12380464625365,1.08906059949585,0.530395790028174,1.54728650155483,0.585852291037986
3.68732707843471,1.63822380219729,0.97808528814792,1.0763347706003,-0.163923405582061,1.036295810027,1,0.231520149711191,1.67269176228217,-0.225686094913621,1.96306444958081,1.255052301036,0.694226437032297,0.025788989444129,0.7542655761262,0.604983886158013,0.396450560702382,0.732697042415827,0.429569916374845
4.04888528111455,2.22408002831939,1.32919246788967,1.42007805813077,0.0423240274312065,2.04428665548089,1,-0.467819414689725,2.33155516115255,0.196654904265001,2.40594352808092,1.06783334298224,0.615475155960419,0.647063892267244,0.72751225987165,0.805110885921776,0.490066600277011,0.166157662089068,0.870164574231291
2.94165102473986,0.853866594688237,0.757410555942504,0.724350212605785,0.195376888547882,1.27598538842687,1,0.326077478876641,1.17426129182277,-0.72459335395277,1.08306840763746,0.61562301621615,0.452423411292275,0.410613980663524,0.467533670787463,0.606562918708442,0.435899108471186,0.256752563685089,0.479910651705268
3.07673905910044,1.1675970498696,0.750040294421264,0.890573284912979,-0.191489873306895,0.702314129363845,1,0.15098402264508,1.06929976694964,-0.112513203907082,0.80524596428089,0.608180999768017,0.452476860192508,0.757225406293459,0.452655103044671,0.541859634594304,0.515025170519908,0.524182045067768,0.483261962832781
2.23117698344092,0.591903860101167,0.282709872033557,0.224974114287922,0.157576776715152,1.42956794280842,1,-0.480182905718122,0.660769617203671,-0.0416167422871929,0.568202244519402,-0.0925935100077079,0.753893979699861,0.564416734740876,0.488623317596224,0.611326352075668,0.306271141563097,-0.324229656301578,0.397117876030404
6.875099862916,4.32657729966581,3.53114910844809,4.46280794749061,-0.861503602255614,0.185985030244228,1,-1.14480912530792,4.13782191033964,1.74348867209434,0.85888637868852,1.02397667012408,0.79994976940598,0.745970779400436,0.671847033498703,1.35044271971051,0.740237233443306,1.42095685030713,0.725127933528729
4.33441555817666,3.3048419693352,1.22291036130387,2.04855727453883,-0.618350179475772,0.522312198954557,1,-0.529850651995687,1.19038585037928,0.342804769473266,5.6520448446534,1.39166155202251,2.71493944015962,0.461563558942761,0.765642610298814,0.944881692302038,0.880021635950591,0.830703415468982,0.783374895900938
3.34252637582295,1.06577655874662,0.94636464936773,0.860857964663521,0.00465909943422728,0.923058250066751,1,-0.438822682470644,1.08020902567925,0.861621024067665,0.549008383045846,-0.0812822670418999,0.749056140609107,0.104214687362201,0.469872959908919,0.679709673987592,0.414032728299128,0.983466114825585,0.434277551169735
3.44470450949831,1.32096265809387,1.00007252262507,0.893102179299756,-0.59034397664241,0.455736487053741,3,-7.66496336358786,995.048649531191,2.30374963777024,99.3891150814082,0.039130162761223,0.603736694769423,0.191790438762327,0.6033096294175,0.82352265854637,0.449334571960632,0.445832616679091,0.562195865303002
2.88663815915456,0.793903207969693,0.262636406953859,0.325552309612294,0.783767820351172,0.185687916533982,1,-0.0929717005713958,1.14625822135896,0.397872359886197,0.573037398706919,0.786077395068913,0.409630706533717,0.327971833177749,0.401335081568876,0.272313677045118,0.379589599437044,0.163794289107156,0.31526067609247
2.73854722018851,1.34916795273046,0.371962720171775,0.467246525474028,-0.627946500444689,0.343238688114011,1,0.0910850009446929,4.16404398086589,-15.6394722953416,999.999999999995,0.622176070066087,1.47448076494575,0.73042116623544,0.716056276486815,-0.176248304588288,0.719505868092276,0.747609704627774,0.448004655716006
6.1342139485334,4.32653201866243,1.89932518472888,2.84138650176167,-0.566977150313126,0.726910973499357,1,1.82714580671708,1.90291801034299,-0.235916594778163,1.90828368193934,1.60500503985831,0.769362743505144,0.582710312682291,0.978805161554634,0.672689441414796,1.15329882855201,1.42118188386952,0.852781631786797
3.1996947240035,1.04718701790423,0.830138878245177,0.637841302890757,-0.53082132196027,0.401033151336193,1,-7.7686856188788,992.077430428202,2.06647603321534,125.628216195207,0.910290491578801,1.10394781900634,1.00582606114819,0.35736618121114,-0.242978346095356,0.645822785899914,0.797081108584566,0.463430199905721
20.8429761249516,60.6592791572987,21.0753254894951,119.894447004793,-0.984820428243037,0.0901252964036672,1,6.37214554943313,21.2264818071765,2.08375123104423,2.97509416282357,2.4285605921846,2.86731432265199,2.06746701390708,2.8919746853934,2.61314006645456,2.90329597717421,1.82896410201293,2.98025044122696
3.31347172586246,1.06446131776121,1.03422452020754,0.782782428845542,-0.202326006037141,0.884660260578796,1,-0.118742319599969,3.04131340300143,0.351412796682772,1.73719965143443,0.71954528431993,0.649300358247653,0.45105703564959,0.400772610212143,0.727215043484987,0.441342992036651,0.630037924393056,0.480752393350577
3.48887505434225,0.889423640993996,0.613807111306028,0.423198699835949,-0.491503859764725,0.655220633149879,1,-4.93730570335265,987.308278880672,1.82723889207504,158.815581872039,0.757731891109025,0.606725438314119,0.833229040545335,0.417203980484238,0.880477438029878,0.382715251883473,0.510585118718306,0.371971851358022
4.64831763778698,3.47971080404014,1.31656499271565,1.41325469876476,-0.563964315503438,1.05808355707912,1,-0.514704217803044,0.821403406111868,0.898444512182352,1.29424138583876,0.806178250709093,1.22679766466456,1.06776395850295,0.677794273639377,0.523626927161878,0.900531492035642,0.973824705262002,0.723688222460498
6.83016828348766,6.06511790044754,2.13628055758895,3.99685054441237,-0.838327796109323,0.26630911670841,1,-8.47635965113557,997.362373134287,2.62038296350299,72.5839195994648,0.572346346102738,0.90099191956757,1.4974143804441,0.87197959982646,0.107619724939161,1.11613566963219,1.21679926224509,0.884019265043136
2.98969090514731,0.739790307100613,0.251198656277643,0.273353862566906,-0.490592646482991,0.332875834561524,1,-0.0292521675330289,1.21248400310924,0.275547213962897,0.873369632153402,0.644045200558558,0.439501396793002,-0.0440470644804115,0.563561936737678,0.695219584158348,0.413179895820909,0.241906931024893,0.442184259197253
3.36650177001413,1.44418585496857,0.566836835334475,0.505674759912529,-0.201758886639219,0.600605940640572,1,-4.3870460411634,993.564498727129,-4.63403581935593,999.999394505036,2.17154356633874,113.273350158775,-0.0426342936678318,0.613540319236901,0.530133976407078,0.607847222667025,0.436618191190264,0.415078710734601
4.37267785014456,1.19586603714309,0.489903931095707,0.39780900415865,-0.263532760065131,0.858346462325274,1,0.203625471409616,1.66471822478127,0.43624282517169,0.965918052990119,0.500591115909338,0.670429496036196,1.12508550663179,0.322833538906934,0.826303354081044,0.426144132243806,0.488916756347462,0.381380406716423
5.29499833374013,4.59234289703169,1.76633818040357,3.14355576172196,-0.780084577481202,0.470213859167405,1,-5.77558167040578,991.915934965201,2.05626469605502,126.897196738096,1.08611424770921,1.23890322179508,1.10972042297987,0.927478638630359,0.271280869018803,1.17696201858518,1.62964691341848,0.916557359584317
4.83612715861032,2.300443079844,1.09343973077101,1.21828396533344,-0.740653919130169,0.32182658412705,1,2.897989438473,1.95967537339096,-16.8511190947208,1000,0.859798433940968,1.01566094564186,0.881449750060968,0.682539494071246,0.801501675689764,0.554244021984993,0.958429942600063,0.559730270886767
9.29506287783159,6.63087797036934,4.27960382252669,7.33482966488799,-0.929208978266015,0.125593209140562,1,0.752595387350483,2.95124779806763,1.00285802241265,0.957836255209053,1.70054297559207,0.753418112752843,1.8998913062927,0.748457916871853,1.13218343080039,0.946797127447347,1.63842520258135,0.765839838162718
3.86660581293599,2.31068136282142,0.513684880538959,0.794014197366043,-0.596093261673497,0.603072111808938,1,0.839944757848595,1.24439552001302,0.112603952934068,0.899411749033215,0.621523397095647,0.733282196284208,0.741542352903067,0.772924111252722,0.155624749467763,0.561239676572268,0.575732135629365,0.801782477431892
3.61549806383298,0.839730424506062,1.04275355458756,0.675658658758746,-0.32124782070941,0.511244062897425,1,0.086596340281065,1.57326916539205,-19.425554174246,1000,0.859840919897535,0.632160965159393,0.88866532254602,0.334188843271791,0.660930902104168,0.40925267786742,0.999954884228306,0.318416272796488
4.8411342647034,2.77006322710581,0.972312497854229,1.30771066130629,-0.799527132164585,0.258225540860371,1,-0.100753332724041,1.91068913832125,0.910864617796242,0.881271043238357,1.0310652529824,0.536039629397347,0.386554487955347,0.688667958245443,0.863105158663526,0.520258486079317,0.772313782302358,0.664924275959364
2.86089552801748,1.06139802740711,0.102120126703727,0.327673399942077,0.569007341138825,0.542009727512915,1,-5.14903561037905,991.28697788717,2.01832649080604,131.719983383542,-0.0168788797961958,0.966212609909532,0.629781897923666,0.349243045690557,0.385018917872494,0.392884499084374,0.178810005324765,0.606860997865607
4.01740375612964,2.03079289483219,1.16728344780921,1.23354023123299,-0.645459708625597,0.526315514446746,1,0.815173056655239,2.19303518932996,0.0154099363731064,1.18054864262667,0.52371818078412,1.1898503409477,1.02196646990353,0.808612738741379,0.845600080791294,0.435933592851231,0.204234904842006,0.67911572589868
3.72783164188458,1.05697823882463,0.660761312023164,0.825257996481879,0.623570288052454,0.363039206764569,1,0.0112868160926187,1.17869259688944,0.54630801635723,0.518335970984267,0.772756453312753,0.382959510255292,0.535442038135255,0.518370035494838,0.371253747032559,0.541839260650533,0.596751424230204,0.42954606084076
4.11919979255814,1.14358775119514,0.80021001516859,0.630528113978406,0.306105305190386,1.54597654666002,1,-4.80312297602784,990.837841935594,1.9928545598329,135.056998853388,0.214968584113533,0.483762423698674,0.871778810269697,0.484003454197402,0.464379582300159,0.429632828348016,0.620395507215221,0.367863005330813
5.50829094374585,4.33035462696114,1.82388807075056,3.11370973751294,-0.783688422630809,0.408116119021605,1,-2.16779520760046,2.36357985575013,1.74029720726711,1.1232785953551,0.123019235613376,1.28489536002979,1.34491656994212,0.72527098962305,1.1908992881377,0.681662299494891,0.829582276838114,0.950063955755004
14.5333178023637,30.4546667644312,11.3610130319745,48.3206507052345,-0.976288707176441,0.10101895537386,1,-1.93162152772774,17.2465726995291,1.97274201525535,2.16226777552076,1.54998460170681,2.34018609067436,1.9713566681358,2.55886846264164,2.32455085007422,2.15512319272479,2.12573055299173,2.21263947625566
4.08473052671032,1.608333713513,1.01182170584629,0.847384296581522,-0.678016360660298,0.319990648091964,1,-7.12316737295008,995.295145228584,2.32946823621095,96.8896128340205,0.205891804860492,0.616186205679056,0.679743973222948,0.460594304851457,0.90046864952498,0.577995897856851,0.621766508186121,0.467626757872288
3.62301440651358,0.977372976230509,0.71393546712126,0.499327368328481,-0.657519232488434,0.288185853799269,1,0.829127530286907,1.67452846866136,-17.9863530860793,999.999999999999,1.02429539399224,0.663292616404025,1.03905246993791,0.313495376310293,0.667513329005114,0.393177258105542,0.812121730836288,0.483448444099903
2.72332142607692,1.18743634764456,0.223988856775253,0.439933117749218,-0.30560230970308,0.64284006084974,1,-0.240788065304308,3.27397389655518,-18.082064902977,999.999999999999,1.01400192999784,1.18577565622767,0.91184328863466,0.46826280025717,0.128830231682848,0.768125397335482,-0.513170993415294,0.873774804710802
3.00016557066613,0.712319331424072,0.135507159272117,0.629524975875449,0.816213920149267,0.123379710799247,1,1.41752251015282,1.16201124075411,-19.6679019442464,1000,0.402706615091429,0.907021940138896,-0.357400039504813,0.650378769987559,0.962460707412633,0.258734095242107,-0.0891543447732804,0.538812525167961
4.71584838509829,1.24378122605836,1.05353051606939,0.806505148485822,0.782525075205081,0.223303158132101,1,1.68199673198394,1.23643627255418,0.411105348847856,0.618523433568619,0.600097373873667,0.771628133177095,0.849305678470141,0.598652363722657,1.0356620112249,0.320866831506131,0.802590394105689,0.33488351478759
3.5462211588376,1.56368203814546,0.434580622125312,0.602718073028255,-0.47208276926057,0.398575020575134,1,0.662096192493184,1.72777847467637,-0.251634997721026,1.16680771423708,0.492239209410127,0.7893634002652,0.821609184340014,0.611393051674625,0.903490448780655,0.460020718839915,-0.130185467708907,0.737404984305313
4.52728058968009,2.466217134761,0.940028133481843,1.1895575758218,-0.662097866283937,0.383874336465686,1,0.778098596267152,2.78917234498424,-0.0891546843569267,1.43038856441907,1.16466299192661,0.515051206035777,0.802258299167476,0.683933750318361,0.704419145989269,0.697135052149012,0.61770580137425,0.644764142807155
3.63479636098468,1.55380357323852,0.641615356163783,0.68293021747418,-0.475279323343388,0.615106190545879,1,0.0944127754813452,0.799766985855452,0.00261752209224112,3.10813690039703,1.11478026491521,1.15534341289389,0.299189605484975,0.611754469718509,0.833968260894297,0.39133087754381,0.311309867452571,0.600055897432836
1.97969882461283,0.475690849827045,0.197749181872683,0.227918649931514,0.442865715188785,0.502634080473734,1,0.155622916954034,1.23939504720122,0.064286513026232,1.0129841193104,-0.319341263279497,0.405662618507054,-0.25951553376876,0.395955680915245,0.0726824127662895,0.367271427124697,0.264070928168209,0.273849511752111
3.88400496929901,2.83756304540664,1.36415369582521,1.72266102433737,-0.342751082323106,1.45754239936282,1,0.136547189944235,2.5849268574334,0.716681376616896,1.02031959846781,-0.17736049757858,1.03279518465627,0.919466542310097,0.801515119787539,0.742492647122756,0.78220196322367,0.601624949951908,0.602272846111989
3.85032884445656,1.33651114535829,1.22612062075306,1.0309642289888,-0.216717183944552,1.16058398938819,1,-4.13035347320206,983.934558670511,1.70680522209427,178.529614182572,0.803769544101299,0.842593732948638,0.776339563301451,0.47116313495325,0.783827558689315,0.409240666607237,0.71614349053604,0.434839710932048
9.4372758466391,9.34295138365599,2.7900759559039,5.04732439271909,-0.850927081947557,0.400532500987882,1,2.21261670943412,3.08969367000785,1.27159442881981,1.16068274956596,1.15295136653143,1.34106760523934,1.90124813385812,0.968179727596972,0.848838323638145,0.810978011573726,1.04917552917249,1.19914567805715
3.71112753422467,1.40374623846852,0.501501225723881,0.631958409094401,0.0427353139314332,1.02882721274913,1,-1.74513612169535,2.66145086584329,1.24675305842973,0.769182668545751,0.843128379570419,0.731648140595696,0.0850454862172658,0.611585955362324,0.706339712707454,0.50354572902424,0.962911499187475,0.410603326048042
5.30748826524549,3.20228832457652,1.79091263034372,2.19534831344043,-0.555710089991402,0.653330748427273,1,1.03149238314838,1.77474194296555,-0.140929553165321,2.67026455234759,1.13360128413491,0.718977664880587,1.14066147379452,0.530692165687718,0.926872226065921,0.620646743836325,0.634256459412471,0.821499711606858
3.98125953606231,1.47729005949117,0.681215260883101,0.599990609343796,-0.450595691029032,0.520535204283533,1,0.0783289061164541,2.56358980811493,0.574145160572821,1.39688210186743,0.867518458678879,0.502235361688642,0.591091957410072,0.443816464224961,0.853848628639356,0.474687869503772,1.00911277623101,0.495992949375646
15.9857964173795,30.827154871118,13.9164501188335,53.7186627158998,0.984284365054599,0.066132557211417,1,3.30771560209113,7.26593733365915,1.89315041455711,2.02847096075496,1.31995195621105,2.35873721497784,2.3704717381973,1.86761340057352,2.31075055460724,2.07173708605807,1.85025569833727,2.02226293373492
3.70840767817338,1.13520505387801,1.10198784325696,1.00133635938718,0.0219989550423507,1.11830475886452,1,0.772133869607414,1.12713323757376,0.402012648731905,0.618735262067262,0.354150741708845,0.472123624574081,0.654450739580546,0.453943345923418,0.625352743337669,0.441268887266173,0.305463576875736,0.417479317048651
3.9758904698594,2.3451105811771,0.850590379987205,1.27483424072043,-0.737360608834542,0.356102329494854,1,-8.09857772304437,995.929273409117,-7.66301432238568,999.999999103031,2.4023328694185,90.1383339297587,0.657341917703817,0.921148266484859,1.05684774210323,0.556696782830905,0.797198048249703,0.748185656420819
3.03021666177213,1.70858376100726,0.780117072567331,1.09847016685525,-0.553126827597109,0.559500326156862,1,-6.51761670205429,994.394015627058,-6.17693317862233,999.999975888906,2.24116861484353,105.738484941671,0.23642812441725,0.764063365323629,0.553259826732516,0.649224178536293,0.819495504483,0.618293877776817
3.1610518266745,1.73060148305474,0.522081788188655,0.709474481740462,0.145549767796394,2.40992139788447,1,1.84064292311743,1.97755760812277,-17.6413975447563,1000,0.161317492170953,0.830754803433467,0.530006855422813,0.537898457123003,0.636001642537046,0.618244289635745,-0.116754059140599,0.757964527789954
2.9840259780195,1.29582813827678,0.352189927392357,0.650394240137666,0.336660215288391,1.28480492509785,1,0.833517061321288,2.36009028340007,-0.375439114805301,2.62562578383698,0.219868966525316,0.722765658685826,0.350152991423309,0.533739765038052,0.548671169815431,0.391146438473665,0.704690519621634,0.521266336100994
3.53467495597121,1.21118375790991,0.760702217009969,0.626349151080401,-0.473974809045867,0.461339519471247,1,-5.09842191247229,987.509784191153,1.83539468165858,157.557784947769,0.6332965601643,0.487789987625373,0.740223630215664,0.451255481438283,0.240978239259817,0.669540971128061,0.744610502955568,0.453907701271522
3.97146348054303,1.9681242253075,0.344826990195705,0.53449828152299,0.796739472924892,0.348878113205805,1,-4.10798742369778,983.065695081985,1.67980540204999,183.253701464189,0.512742379082807,0.798120924757255,1.10569780478525,0.434588974361113,1.06712065557047,0.438622549111191,0.559880824719147,0.678910982223497
4.60017676945285,2.44225214713669,1.90875592344233,2.34315699595888,-0.588326500090263,0.369909481984913,1,0.634194369844165,1.34413944077272,0.288113707417305,1.25996911061661,0.603670926421652,0.608008551723768,1.49636618816503,0.496515388406046,-0.186332068251762,0.746095987604134,1.05776677333888,0.588075551594491
4.15433464660144,1.88186027594377,1.66073954741069,1.48449977769413,-0.677390392182956,0.252384067038412,1,1.4023809811811,1.32184046262997,-0.103551928661638,0.788819003569364,0.154469917141503,0.660307056603253,0.911141126609229,0.480959626306505,0.741331459067836,0.704404406934619,0.887815233561113,0.472976672883546
9.41857097841102,11.5157963586139,2.78159627697926,8.68862827342602,0.511383702933134,5.93610754438324,1,2.57172229293987,881.139413207396,-15.2227349016501,999.999999999998,2.29919447394203,88.6560875129294,0.349857927355106,0.848399865803185,1.6919275034146,1.5000049395955,1.18760567158483,1.25297204750753
3.9933658727468,1.33219960046741,0.311174385694702,0.378165215897523,-0.269492109698175,0.528701550341853,1,-2.47457934316794,26.9321077245422,1.51463365808035,5.90043232423015,-0.0179506999197283,0.963877198935241,1.18039728276499,0.388839598286848,0.500211864703424,0.554952432551419,0.358736740824688,0.441171747019513
4.46278201955734,2.81336274593441,0.661747866950876,1.08405228966294,-0.740502096033598,0.398073640520167,1,-0.926924533263082,2.80097418415432,1.00970797717696,0.911355697362972,0.804774064444901,1.01547398922556,0.814355274335742,0.679596414888405,1.13462821125199,0.747550237745987,0.504045426991175,0.620792995889473
5.14818980483688,3.42647757601326,1.35639530057231,2.37287744939195,-0.107026194666583,1.67965797453313,1,-2.5964020870516,990.078267073654,1.95245562027336,140.517760008237,0.500661629812716,0.633233988360457,0.607720499304282,0.627632898463052,0.67182936658308,0.602053768586222,0.932476724082657,0.857961964830656
5.67164207757116,4.02399616653465,1.34876728161206,1.73895625462964,-0.826802997067384,0.419946056444848,1,-8.14273362773419,996.232564614064,2.44127475385233,86.7226068233528,-0.121796828983923,1.18960727850121,1.32927600337008,0.732750843718887,0.696701451613152,0.916327382926339,0.979618597634453,0.829246232324114
11.2909516489221,15.7228038527276,6.66199415706648,18.0061487873659,-0.907958170603578,0.238134419940681,1,8.15895437478825,15.5086010001,1.48458018251835,1.03745097784289,1.07050923094269,1.46090383093605,1.23914873283649,1.4328266651174,1.38703053887443,1.39860729555302,1.74899641882756,1.15186212836865
3.77647143523874,1.74390713869278,0.456650625691873,0.534535974725558,-0.510487242778873,0.417986680893234,1,2.08931049623843,1.56247360224965,-0.87383368345197,1.26916002211784,0.301300947887661,0.516610908126682,0.88189093307875,0.589254675483185,0.201825759369002,0.45164752250592,0.236586689591853,0.522626872381428
7.77296397106777,8.1017993324522,2.67356339578267,5.24739529103799,-0.84991096655591,0.249988126094424,1,-11.1242343541809,998.004662766512,2.76039926680347,63.1413268952721,0.900516658823162,1.23071176518228,1.64369111590874,0.922555434967757,0.644998735271477,0.985124969226769,1.22062251459705,1.24080678974799
3.93737719118284,2.06160290122935,0.47875401716069,0.787005607300529,-0.228891279208505,1.14222317531845,1,1.57630221972696,1.88499820677099,0.39970102109333,1.64037645167398,0.249013412175812,2.57085387665164,0.619052259908179,0.71379292340138,-0.764013950005129,1.20776057631407,1.12325795932542,0.622364280966337
3.98861485437212,0.94278682649586,0.838612184621845,0.51802481757942,-0.549201244360811,0.29107124917381,1,-1.17583557267948,4.51809405374499,0.862419919780045,1.72429880643209,0.765998630223925,0.621158774796336,1.14268824115989,0.418344915485707,0.767106333014924,0.403091648682759,0.831832505742746,0.384574900503413
4.62847546189637,3.31201481834797,1.46579299170493,2.41783627293984,0.0702428080013451,2.19391005290586,1,0.0778606245264309,1.13676371362274,1.13206220105601,1.0022326579771,0.490248571251175,0.803321282441549,0.674964546866475,0.852118909579377,0.87974643556359,0.696768180550186,0.858354997684528,0.672793549169262
4.7624632278958,2.48181353084083,1.46023790167485,1.85414750875331,-0.222808314089569,0.914066170904114,1,0.305365423772121,0.76576860634586,0.446203638652541,0.889569016859363,0.947821939700822,0.928351092450443,0.6476467794508,0.55389512765128,0.892345014164904,0.497512493661305,0.85431795384479,0.54311174291374
4.08389897987477,1.29740623487976,0.588852134105274,0.6066124085071,-0.0728430487875783,0.8621042189003,1,-0.574599568821902,1.00597963854626,1.22968605890969,0.424290375606108,0.505800505737566,0.604972058133882,0.701000050730068,0.470124756189754,0.262643509359089,0.705068625475894,0.611260606401213,0.453463009206105
4.91146155554405,4.36596798822198,1.12579995403421,2.13797470963705,-0.465905231648934,1.42726706344405,1,2.00586943931996,2.4490893724043,-19.3887342184527,1000,-0.117908882286853,1.73598965577144,1.58162078517197,0.98664969293919,0.551890208268486,1.0678651642212,1.19999304879905,1.11416554423339
5.53814076543718,4.05425235000136,1.14476816870627,1.64268352224585,-0.823133325599308,0.382125548861385,1,0.424675308216973,1.3458797505423,1.2678986342746,0.812360045282867,0.0538270973578197,0.856088131310486,1.21068118121681,0.912285421097163,0.730487929807957,0.748595723216137,0.814854844607031,0.587195263003581
6.73264111582795,7.04166937389526,1.07966705750695,2.21858091493268,-0.931813333190578,0.190798623511679,1,-12.3939746085029,997.528790672663,2.65309405662817,70.2592089819644,1.65728296146554,1.27652871941363,1.29136889264875,0.865752536227953,1.3901838732574,1.38283914139653,0.871807575217365,1.14461204739035
3.41828992465995,1.80391705566311,0.897185535700591,1.02458043970176,-0.169086155924703,1.06928331559727,1,1.34601395861278,3.79366013403782,-16.4645611554715,1000,0.761852961525023,1.37000295566584,0.864251904365083,0.526431770446901,-0.0279192056471577,0.712161576419116,0.728880058240471,0.430357156931504
5.09794074878036,2.36692455513858,1.47301043108424,1.55730658201885,-0.793555633510632,0.197267929181705,1,-0.922780607477112,1.11964260098793,1.65921280734203,0.458212678505349,0.847392812925865,0.619608980467739,0.841120468465566,0.564623659504165,0.681384061105664,0.643377003868708,1.04302218975973,0.510616798618923
11.7647114484033,9.41106686511888,5.74122429715843,9.57007353218883,-0.795069446932838,0.327019625094002,1,1.15642829444156,47.0754987051898,1.80200151975903,7.75067741154157,1.84394740079626,1.10490164505914,0.978671476657795,0.887513143979071,1.59533030779593,0.769451752200141,2.59978489786325,0.833917278304886
3.67085695861322,1.62150096518625,0.745089614316681,0.743861287326406,-0.33450438973187,0.573695134731551,1,-1.38193038880842,2.147959737447,0.871260182585032,1.05432880811165,1.24605599208142,0.48557504053505,0.650540018692945,0.761107399642125,0.317623362577131,0.682957652049779,0.0213705563184747,0.795164361448036
6.06910237387553,2.64850466403295,3.57447105591396,3.18726735410623,-0.774186892611358,0.227129046095947,1,-0.589157331657474,2.83027192312559,1.29505448210079,0.8810341979699,1.1322898365737,0.54214707579335,0.13164759288105,0.884968398163931,1.31920053887623,0.563263051688333,1.48003933486262,0.519753208603326
3.12242349530053,0.956938503909181,0.291286491282262,0.494893771694381,0.388453270588212,1.4418302792947,1,-0.860137956801565,64.4719991859312,0.831060584207102,28.0998715522925,0.522844960029453,0.448991065703108,1.02200068503954,0.297231275767069,0.248599885774206,0.34318927214078,0.183640308284046,0.470014688332379
5.99133680087947,3.34618598884441,1.72146723318097,1.75986936600577,-0.88469335076205,0.169655731974807,1,-8.5787796111632,995.218103058381,2.32128874038027,97.6779986202049,0.911911969399097,1.46022385155959,1.59899554954654,0.590127695373988,1.26956492988903,0.631766596696847,0.353418765456673,0.710817414168662
3.88623139172975,2.08165081988665,0.726108426365156,1.07680867813998,-0.638926803270007,0.451257725892999,1,-0.319755128544275,2.68848508023421,0.493501750346256,1.59996347480128,0.824718786772197,0.575703004186676,0.753215523765652,0.546400445467922,0.705125447376486,0.61658768761616,0.953981676914025,0.538985127725027
4.93523769044632,3.39629587627625,1.98018158203073,2.87538216899177,-0.648839377888917,0.422122571290162,1,0.174368204991503,1.26617531580327,0.817288477342434,1.00974086156,1.14790936150164,0.893773919525822,0.433729892019308,0.839997508109796,1.15187389330945,0.835320898684645,0.439269662991366,0.840998906597095
2.59452431046821,0.451524209557526,0.322625738487327,0.249094583090411,0.346212426012551,0.494838297632507,1,0.167095745093074,0.512871515103362,0.426103008274032,0.426003310149791,0.310158098445275,0.380280778443318,0.502193911726968,0.32613771102807,-0.387358253752309,0.445948824984962,0.218536289790152,0.317833518371478
4.53905947052037,1.63243571730801,2.12624156586468,1.7776864198815,-0.540332226968008,0.548044049562953,1,0.472142281686549,0.982756690987506,0.980502452052667,0.394729469737861,0.862188652585312,0.702776632831857,0.738187954441151,0.513724925187815,0.841476877591952,0.541534842344936,0.556155025643436,0.581346964099216
3.59125982617701,1.33680799075186,0.565758720596336,0.586403600652733,-0.126211179930459,0.74941252770395,1,0.355962651015151,2.36103543307,0.180290366246794,1.74427510132282,1.2895975838026,0.429186306157494,-0.463663157660905,0.551710252403948,0.461715155362597,0.486133014194341,1.08212282566609,0.45801096391082
2.99965053897347,1.24998498140273,0.546666447400996,0.557014714802103,-0.418699393786866,0.708580527414199,1,-4.74077976341448,992.252727865728,-5.3296519339928,999.999818788204,2.07779651583119,124.237370304823,0.308975212577254,0.572503971058689,0.583076333667017,0.46746289343139,0.378198700572658,0.532486121427446
3.11050854496448,1.07887781049293,0.797796397872446,0.719438449615804,-0.386737220358037,0.598634219115943,1,-0.277351289062139,3.80169496880497,0.141956298527871,3.05542525157951,0.219843625443442,0.890151629203514,0.791158542594394,0.42731768120736,0.775830980345593,0.421127421143659,0.473264506469069,0.433833764979434
3.58831586994821,1.29202668536675,0.647849232695283,0.964398890697627,0.0165868425786327,0.779395275824018,1,0.442948410501837,2.07383018752136,0.766008654442241,1.09842905590852,-0.181069703053821,1.13217866647823,0.862296371634678,0.574242954263951,0.521196038727423,0.703328810094011,0.343797429839315,0.545400323352696
2.90018261515447,1.08782328458397,0.205651025941476,0.28838380509072,-0.616792917303639,0.319310939668061,1,-0.503218764909247,2.79731821494658,0.898926846531102,1.18057871615454,0.251636766482407,0.507637979626035,0.37939519342234,0.549398079244667,-0.325246814014102,0.659117906201778,0.599835865893064,0.496916552372378
6.30152419604243,4.45293140657842,3.25902551998575,4.403726864814,-0.108273711696061,2.45161881900781,1,1.68211990723483,1.98982717244842,0.249818614770048,1.60208172286707,1.07827047942712,1.5803228545904,0.971035235954495,0.818956395395572,1.05889830940978,0.846565224062737,1.45813354976423,0.688143353333746
2.98185994860834,0.825951552360261,0.35369669992392,0.307750506546124,-0.315760505269193,0.657691754785563,1,-3.22499609808559,973.934403999762,1.45714345011413,226.829875296712,0.834440072485629,0.385883513026109,0.347856279414887,0.366675131279746,0.380234208861383,0.426596599503085,0.557410205366747,0.365068883258965
14.2628908440748,21.6074645079857,11.9202643349065,36.9650117770802,-0.975725619323445,0.0719818924959606,1,0.426420496850873,6.51033543169598,1.26008073360452,1.49074815767077,2.36999134305484,1.6367286770167,2.01721390476912,1.57973003217861,1.92902886800031,1.41879455329953,1.82366648403773,1.57118848036412
6.28960865896327,6.12382125890966,2.03480038709364,3.88760863600786,-0.932267364341434,0.145846263613714,3,1.0976296318627,3.47565114466873,0.794018883639451,0.729386012219778,0.412205054775824,1.2511420437405,1.3574801977858,1.02328837482239,1.48383127013833,1.08708782044445,0.832930496853346,0.966081201327715
3.65626420295356,1.66935127615328,0.590067478957632,0.568694029892137,-0.529200498275036,0.452790518535592,1,0.544558638334491,0.950245304912833,0.18026537265617,1.07875628895666,0.677006351780221,0.605433439014348,0.129704706469631,1.14846804932898,0.438645204077248,0.468437566989218,0.717045984467786,0.617106437977523
5.09480760301038,3.11504595124435,1.8933096403131,2.41721870358194,-0.606913868413443,0.473783337801831,1,-1.97525385162508,4.80523347653213,1.67624499013296,1.23922035566027,0.758830699706825,0.607150735028513,1.19238445431835,0.647468603224129,0.675660717079867,0.641428398561072,0.811094801316492,0.734616378881573
3.10339060717148,1.02021174974795,0.816326688747001,0.610043379821311,-0.605362069770453,0.25712313857589,1,-8.26228550318682,993.440941041213,2.16194230359932,114.346467849904,0.651563719926358,0.49769487028688,0.771804505047371,0.370608852206906,0.441925290850786,0.418451283459782,0.650115190107682,0.386904520813053
9.6312391827794,10.9734679313278,10.521957408026,23.6847183250072,-0.920796369186219,0.153100564631079,1,-4.42555125140463,72.1235706921969,2.26495699775766,7.44785790633439,1.4518479170503,1.25382875585376,1.56374092025992,1.28687387225054,1.48142312805547,1.0781512896771,1.74533856829486,1.07062915335896
5.18398360771028,2.95650850124394,1.37090462440295,2.32077709306121,-0.362237434548849,1.0092510993946,1,-4.68400675438721,991.61706587115,2.03788667717885,129.211845282042,0.505278360353502,0.716122577350441,1.01057788740721,0.683292250260613,1.21141492369187,0.559146786067728,1.07875314871482,0.71309746949895
7.44443918624025,7.51094107545945,3.04549837220685,6.36514685538168,-0.825806733160778,0.285568076558964,1,1.90882743007431,4.91887191183401,1.34567033928336,1.10688751876289,1.2487206565178,0.754123022129337,1.26386361718216,1.22796058443429,1.09986754685964,0.940100925333376,1.5658322771011,0.91943443295243
3.10470813020799,1.59966529365444,0.371073325652936,0.560039442514614,-0.594730437496035,0.443654403895305,3,-5.46168382513345,990.299712267547,1.96390938422479,138.94782064459,0.665802705747409,0.687501264714912,0.415157704926915,0.812085698815086,0.301311733353915,0.732743311987863,0.238805338543297,0.657445190095538
11.1298260072211,18.8091157559994,7.1622146732372,26.5563765662511,-0.931846908376459,0.233667115452818,3,-12.886245501085,998.249119372516,2.82593333374281,59.1515740465201,2.2568935509723,1.68772984716466,1.57601901726858,1.9303535734606,1.94532526452771,1.70338111171124,1.02002036033037,1.70328540435518
4.72594436844108,2.51417731017867,0.921269947895523,1.22191554406363,-0.589514756727906,0.548400235796413,1,-1.32790899304656,8.7696169174476,0.737860700166048,3.79017070503797,1.04656877712814,0.71401001331782,1.1826017382747,0.667564140395152,0.809469950705635,0.71482994697707,1.4012887316276,0.537127706336969
4.28438579466546,1.55871424505307,1.07562511955395,0.929763949565177,-0.626794610697383,0.433435318937563,1,-1.64267949105257,2.09132723690418,1.53568086026734,0.643995832417839,0.476530201332803,0.624957219869309,0.985064021723412,0.513510167097012,0.406373938344141,0.475830958619084,0.688334567109396,0.514431301869982
4.56346378880564,2.45159886583245,1.15346956751183,1.33488712383657,-0.623520040794539,0.45719866488885,1,-0.500465124627913,2.66452872682274,0.834286579551043,1.39392829925201,1.20970272239031,0.654411639164688,0.53930245025567,0.769354822488598,0.858586483023696,0.495531338973928,0.807403175699393,0.690970265519253
4.89701863373018,3.81405100701906,1.57858837982001,2.87741367727486,-0.352910292645144,1.5122911569886,1,-1.0394534974886,12.6497501599172,1.26094598605887,3.74694700473299,1.23927264156716,1.0401419580143,0.467740030424936,1.24779276430916,1.12210984941285,0.680668220527904,0.55988543291468,0.880633048448457
4.09908421799031,2.94011511988435,0.931310407246974,1.58934807915169,-0.230623088907679,2.05567280310539,2,-6.56398120667277,991.031806581943,2.00370029616838,133.626312807367,1.08877586676951,1.16346606143999,-0.483119008066167,1.74816010153272,1.02027059692361,1.03622075569644,1.22128161607913,0.910901409873621
5.04309418956358,2.55502278767355,2.15526563213567,3.07247137750652,-0.183507638570264,0.761416717105055,1,-1.0781762959978,10.3275703810888,1.71573093209707,1.8459379269468,0.691287766733824,0.766082350697497,0.27760548400511,0.630201042810593,0.38575588322482,0.649855609066707,1.12153932155623,0.551150182409779
6.24072592569532,2.52584457586424,2.25469412747849,2.12142498385018,-0.815034248661506,0.193747520159489,1,-0.61849484486399,1.33081320993676,0.521100276051057,5.84193389934483,1.8590519574979,1.60858368943031,0.81458933491016,0.546079117644138,0.858625817011304,0.437903109883707,1.30332656420513,0.441272823608469
6.13286051228195,2.3197113706434,1.21430267457654,1.68576735536614,0.889484775012338,0.169193212388742,1,1.61895320896645,1.85011054009824,-0.0641636438933389,1.3281164175573,1.43246093886764,0.551892172418809,1.01108647816816,0.483881358805633,1.1516306012133,0.503627003333018,1.22949515217407,0.449288142358837
5.6672890557766,4.23551829705446,2.65538417332066,4.02634692773048,-0.865742521168946,0.214645023028021,1,0.0804175895659362,1.30554191318445,0.511806380369783,1.08003960550688,1.03547607958284,0.819634617241182,1.18069893656156,0.769836855607558,1.38773040739072,0.791332430993109,1.00046067253263,0.780652244160239
3.10815590979868,0.854744696553469,0.312551579257167,0.3225971762601,-0.145907083106261,0.714888667838058,1,-4.53942007014988,985.94789269181,1.77529152577021,167.053200817696,0.367324155381896,0.482399073218838,0.914062974008539,0.288034313865634,-0.0513673482655636,0.533368854101632,0.448943828325215,0.472526424288826
5.44398290691091,4.07948268619225,1.27814937063898,2.91524736712444,0.094807020776139,4.41290818710579,1,0.620150211591975,2.63256977291792,0.739039342783204,1.22753440063829,1.56402414982445,0.782150012922085,0.824956341773529,0.900880858700177,0.182746357673357,0.945977523991246,0.721850689747168,0.78733284799773
6.13340141907049,3.02427139058321,1.00242728622461,1.24390645550485,-0.744054312474164,0.296088933998864,1,-3.2091150892207,5.89025671233633,2.02897315008941,1.05680722438482,0.505549592469895,0.680346506131539,1.38073269017562,0.546111406998316,0.757935412581167,0.669670352095114,1.2006441523463,0.629669355636318
3.33698725010883,1.6291067555788,0.268554890549556,0.474060971351878,-0.303421917274431,0.733085200777097,1,1.13907518648273,1.51167227054198,0.511348760304016,1.04960913699385,-0.516491551069361,0.779923507009821,0.634707843962239,0.447912162739534,-0.0105830305550133,0.723751951752919,0.376154158642293,0.563334458584079
29.3022489907743,111.144670885134,47.4701520350647,362.919436426628,-0.989999949298413,0.0784824268922082,2,12.7072628145673,51.4168234884406,2.07849506458265,4.2817083805415,2.17735468450269,3.60054546125736,2.3976088860386,3.61212427400259,2.46594117819065,3.91417310615652,3.007449450298,3.81443258846209
3.66975615634684,1.189692031113,1.1245425955201,0.772285494490478,-0.543529509925311,0.368218916547918,1,-4.72652749282097,988.686981085537,1.88578557161501,149.993545467105,0.432590627088301,0.677758286415432,0.568946195007248,0.424197910989999,0.817245303171252,0.432659158981333,0.716417584397513,0.508984473330623
33.1328820157008,69.6213303920511,86.9765610610873,369.730483161794,-0.968010518733877,0.139707127914444,3,4.80686325290726,15.6711961702298,3.10860311575698,2.24854788966254,2.66163098986222,2.16161887918688,2.5519334142638,2.0978099341568,2.60226014062154,2.17157535869042,2.40802914733869,2.06031323244878
2.48338770362971,0.903195194527328,0.317037376158437,0.347898770123709,-0.150509793504977,0.97778136092121,1,-3.82869385444621,972.985041558559,1.43852026890771,230.868226271657,0.6873958173003,0.630486577307053,0.298620039116023,0.59789233307899,0.209060271113837,0.518098314680039,0.326419135742357,0.414863444100733
2.97712478162402,1.01271418367819,0.297745791352534,0.492736566398504,0.351334980619281,1.76114397872528,1,-0.123832724413866,1.19485368547236,0.297995492888484,0.956413939188118,0.268629631274763,0.713774664897297,0.744625809347783,0.346098723458433,0.324792715189911,0.533004258415571,0.20522829933949,0.545121018381392
6.49035543631678,3.25920353550197,1.3089242469807,1.50995505173304,-0.748334857234971,0.382111277137565,1,0.493876976908757,4.5170164437914,-15.7318661693735,999.999999999999,1.80800851281605,0.822774712715879,0.600233104986631,0.956939477287613,1.4085350580845,0.634290316404732,0.923925155309732,0.588058653003824
6.04733334604466,7.92317277387264,2.31565342676234,5.87534179810393,-0.645177568764253,0.918959490873252,1,0.436175344547398,15.6108966054347,-14.0757782417891,999.999999999991,1.81282227301075,3.01155044380504,1.16694397840131,1.75339639170047,0.784083713271682,1.22178074281982,1.26875486040997,1.34521720956728
2.23765173506043,0.565657696434425,0.161694955309592,0.280066015341951,0.440892704035775,0.804928820197888,1,-0.223449637420986,4.81213372532613,0.711516013326316,2.40120752927136,-0.916811187897626,1.06873052433609,0.296548750533572,0.439283920347805,0.117046001479986,0.412421714558461,0.280536697239189,0.329106748768634
13.0383696258375,18.5625523432327,5.1327826475471,15.5924942637404,-0.9634531910263,0.102691303490457,1,4.01744954605908,7.2200761110296,1.57028215861923,1.44903461275106,1.64198360985553,1.38242954358023,1.95961565492255,1.80008418340359,2.04601433947689,1.25034264975974,1.49569963906662,1.44192696632517
2.87341136243825,0.794987034772543,0.404110685102614,0.284793639176955,-0.438271941794959,0.476848037178293,1,0.129148553699436,0.699198617513835,0.499186606643801,0.577875904121562,-0.174468534633694,0.796860693903168,0.757638135423893,0.458647960369772,-0.440180326992366,0.644184883007438,0.749124529020328,0.315023014995014
3.12459864209841,1.16707221486243,0.630152880087133,0.631977437832267,0.356516815921354,1.7283514586606,1,0.659908226813764,1.51103880704779,0.00587293324025918,1.15255958364389,0.500680517815652,0.776015015017425,0.260758056231409,0.388042036772466,0.1911694542434,0.464903598878473,0.545862423135774,0.432432255907748
3.37770146738951,2.09118675205171,0.751323874338321,1.1478337492292,-0.378683447373958,0.965763034408999,1,0.52227844124654,0.895043148170202,0.0261457023498635,1.55468242034469,0.191675155966332,0.731316713143574,0.946466688627489,0.738276457879109,0.238039229655565,0.718134787739661,0.801637393707756,0.805869155448931
3.53517232387281,1.21398492394023,0.729755015872268,0.503429761467252,-0.0860594233944598,1.30307562102483,1,-6.08524936890878,991.902524336594,2.05542593665313,127.001600622333,0.559610619824012,0.906952842147622,0.405370475373873,0.528785963529474,0.0137698836504362,0.603867302629436,0.719067318155937,0.540715169451095
2.92835535923779,1.15716294051564,0.355854911394294,0.387821974467758,-0.426602793461154,0.791845333017276,1,-0.10847103255961,1.25343973402436,0.745506930614295,0.750409247675928,-0.207138404181997,1.15681826644325,0.734630861657881,0.382757734568921,-0.0639777064535391,0.548364815312806,0.450235866065969,0.567725202599596
3.224397508446,1.44239300809409,0.459216290705483,0.551253937371095,-0.636210316410087,0.461437550422565,1,-0.640195528414334,2.94151144063464,0.891852957773797,1.19045827294148,0.570150937959625,0.466823266389117,0.238570095931397,0.569970089239349,0.498319920045512,0.73928669268436,0.740566092210575,0.490555905136182
4.63066841274476,2.29364083351836,2.10233404721375,2.52918082241333,-0.1115107154891,1.58700291606743,1,0.389316447862071,1.3089857278321,0.841940188483349,1.16741225296279,0.884821619986158,0.714730226895132,1.04016631059935,0.716435224537788,0.522514248269452,0.678597281409679,0.638670274340992,0.613044230661685
3.0445584849097,1.3971269752978,0.508246877371487,0.67853194858322,0.117862675830192,0.629409676194645,1,0.117311738312867,1.58671998614859,0.883439710139914,0.765711251800987,0.271952735414554,0.441205564439446,0.363783213464652,0.557558132461842,0.117678070711147,0.727786183475669,0.196626382202088,0.5324430905335
3.86715654549507,1.52217505268509,0.864617810764548,0.775122203692165,-0.669407616089205,0.372219213148112,1,0.560485088723131,0.731563337864475,0.789046502144666,0.762624523182416,0.832909682803564,0.490517732572445,-0.0665217153311325,0.641405059976048,0.984215845320005,0.47347342312268,-0.145565850018632,0.570543037275522
8.33085951900043,6.44436972138681,6.48515087221742,11.1672831765945,-0.847197453508162,0.226616993836155,1,0.327067221291779,2.16077813898487,1.2786533266723,1.80425250079464,0.647981092206561,1.82383775249342,1.92841242643323,0.879879384844706,1.05183412588516,0.854012139139821,1.63752514308195,0.951781394223142
3.64663431385894,2.20680262316132,1.31652841004229,1.70923122175229,-0.724474358813981,0.459694420519437,1,0.420902193891823,1.41105411021963,-0.180910060193276,1.28974390964333,0.75582484677579,0.7438341233568,0.489523220909985,0.931037381890438,0.379590763690045,0.777123841784502,0.960875037214281,0.704266778830728
3.78070529927553,1.24872929701713,0.654053016596734,0.53336364831399,-0.66227312389258,0.288295644768223,1,-0.37295203332537,1.97224972806972,0.566793327015862,1.07596051704278,0.859912016541225,0.513173310078496,0.975467306206736,0.395288854712246,0.50659797741279,0.444189121355377,0.578026073495434,0.393038807660105
3.9976803076256,1.48213393264157,0.784657489159371,0.592095576787948,-0.652391526983543,0.492657268697687,1,-5.5486397872173,988.782980976892,1.8901162375247,149.359498271802,1.14362904907316,0.51146880051179,0.571504976347198,0.584207088773687,0.858656126081542,0.371629510943308,0.15541556668123,0.685507895960063
5.24189591936461,3.7417554462109,2.51355049373762,3.89443338042838,-0.580928131376668,0.572044159398976,1,-0.52806415133067,2.53043349828665,0.958072301389826,1.0832258575937,1.17053490076411,0.799297263244209,0.766338892517033,0.708653187207284,0.792782862678332,0.72835980380867,1.02045923837631,0.627254362358581
3.15342121449062,0.792389250338416,0.457710323323429,0.399936087318148,-0.211400406147633,0.615196820428158,1,0.736234312030664,1.65390948661182,-19.6439250350662,1000,0.723095380051537,0.692083848559093,0.749886254057066,0.3193287436359,0.433680706264569,0.399233026347391,0.551199273661747,0.399611842726235
3.91025627780305,2.32605629124406,1.18024489843929,1.36563633818513,-0.769350042962889,0.365845456081174,1,0.0492463633706833,1.81780884180346,0.73523765605774,0.72038282565895,0.587179686260778,0.786516199659514,0.717010852486442,0.811354847198802,0.680121572126726,0.684991964765139,0.616993543824316,0.749306014706186
5.32582412038359,3.19985099753896,1.13293989080285,1.53018896532387,-0.802113792696145,0.261401501984215,1,1.04952596881797,2.83948024610926,-20.0684382275898,1000,1.44394631543041,0.819518750533346,1.20773625144019,0.79670731947622,1.17275681019121,0.688549970091686,0.534368856317018,0.668124887897588
3.81271305351102,1.69545459727544,1.27312717982331,1.32357170437879,-0.498990604156706,0.692448923611703,1,1.02263415602012,3.81997087328324,0.0952382703472341,2.60065379224361,0.471113493034269,0.578602562490627,0.181569720217811,0.751657679698166,0.927087069808251,0.633524572936129,0.692995880301099,0.584819297383225
6.25493279608456,4.08251781036662,2.27453066356786,2.7115720610432,-0.78842906455011,0.415734386043,1,0.575344242443883,4.40807828192209,0.79136271248539,1.93480593900875,0.794376392138001,0.783779579860132,0.879006700129975,0.613287741988126,1.37093918893718,0.799772001592375,0.72876598914497,0.812327449225893
4.77078061261008,1.89179177752569,0.855864701662033,0.851149323694387,-0.701168142695272,0.275589344222022,1,0.311566205605738,1.06700197579353,0.783793110543456,0.504690262810973,0.750696320373208,0.615600651114024,0.880984592355119,0.460562612726156,0.598599605607768,0.508731666020758,1.06644784440502,0.466241406186687
3.64609014207105,2.10682419951946,0.86248895668932,1.00397641403249,-0.483076895581771,0.543865753656625,1,0.644739299523525,1.78735296154615,0.472005269041722,1.53626664642626,0.806654344819548,1.15800426369371,0.575115125375642,0.843679970249192,0.202771004328348,0.797797599587045,0.180038383230547,0.762779934490776
4.96080539419989,2.41827858151889,1.07540876376957,1.20244133736162,-0.648909091997459,0.384421619255121,1,-5.58749503497924,994.156418105352,2.22023426315061,107.949453439988,0.376023078831029,0.582381302071677,1.19581958580028,0.426628896171998,0.699547894245069,0.710577886700607,0.46604277190884,0.66035366251622
3.96617259417151,4.4182681284241,0.873157708231716,2.03965898530824,-0.692963999270228,0.622797110990845,1,1.62896417588963,3.00500782153761,-17.0904487770979,1000,0.67571858005957,1.34333573651856,0.250563278122375,1.13516303565882,1.23957617105732,0.989229639478203,0.0872488139656507,1.09841140491435
3.32759589365833,0.845859150613419,0.888246018312738,0.696180874954524,0.496196171696245,0.850080031347096,1,-0.476325650256375,3.10851447237318,0.277453526862651,2.13724978474811,0.365341452458956,0.779719705369477,0.808787697579144,0.545389589948114,0.396905446164921,0.470696131480131,0.484571333249743,0.288571587980386
2.63665103603394,0.913233346231252,0.486022120430035,0.421112100717633,-0.301022846897774,0.713749783531894,1,-0.987930865801054,0.523753144646265,0.973344960785302,0.420410031650918,-0.202871619470848,1.01326985045833,0.482351672498766,0.439845879051464,0.727121791790923,0.441581608935831,-0.86763525495966,0.667796209224841
3.94986203695611,1.88493954668706,1.17455698103784,1.19228984648669,-0.733336763347377,0.270107461600681,1,-0.424869639038887,3.23193762021666,0.998555074812409,1.19475276518817,0.795315147225784,0.475292290731052,0.27948536270089,0.623782854829567,0.922571666588128,0.655304226215963,1.10320023160757,0.600245818968519
3.43311018322357,1.39020770405483,0.851540669451123,1.23805531576921,0.296021964859601,2.3209951704698,1,-5.74745309283215,991.442040264588,2.0274223171387,130.547919335342,0.525285444160688,1.19977221707973,0.305439324167036,0.401644788065803,0.948971681079742,0.483796437677966,-0.00294995455227106,0.660832727656437
4.03131911048809,1.76813446348054,1.08137397166395,1.22576225623052,0.288332304587918,3.03406208291191,1,0.322895768477598,2.37117673792785,0.511741105686153,1.46623863792965,0.636313523462944,1.33716589125695,0.683360155550456,0.894439061394389,0.985485224017353,0.468758487912387,0.440729201236408,0.494587531995662
4.53730334957362,2.46810619722465,1.72339828542572,2.30097780914184,-0.205942380655342,1.46945715667694,1,1.09735450544792,30.087166203369,0.393428597251597,19.8336648046346,0.397440936767043,1.10959520358954,0.919823704537573,0.534979622122796,0.975071575921676,0.768774665432259,0.730911748415758,0.581301735098267
6.81793381858907,5.12992794316935,3.84876939867028,6.36758049611548,-0.649372087605968,0.689373960320775,1,-3.27152148869121,7.73748847676042,1.37434077385009,11.2044642450145,1.97057316087846,7.1348509130367,1.26138047700012,0.725664372440438,0.401783884826959,0.813703357936359,1.31393464281084,0.943952353328767
3.76806074566848,1.35260079829001,0.508555406265881,0.476097123040385,-0.701510350026977,0.249351572326621,1,-0.704679182113587,1.19547246603183,0.898545145603527,0.548273177073291,0.860924992193825,0.423640199637745,0.796029122904021,0.474665667807499,0.675575193087745,0.418146032840125,0.614720430683748,0.469454841303524
8.3182544135952,5.14624080711785,2.46456135404716,3.22574630905593,-0.897277263619642,0.179076020636627,1,-0.209928213313603,1.70885433670673,1.15254726190436,0.827226461326343,2.06942210323557,0.635856858656972,0.868570292584121,0.818805857997564,0.929477344258827,0.801676977051449,1.1764908365845,0.709659564469957
7.38148762929868,2.89778354773084,2.22317740441137,2.01142887343926,-0.336118847216769,1.16558052709749,1,3.01557064022823,1.3132432066866,0.717969946141657,0.616378246208323,0.607709610064657,0.697036065503716,1.32178121116066,0.52464279793389,1.44182886698108,0.437960842096677,1.58445653592008,0.449595938223195
3.19678650409839,1.24754237604483,0.663901279737315,0.684324778973085,-0.60321107166581,0.385217383300655,1,-7.8019296052365,992.703773428699,2.10812969433431,120.578854509184,0.833582395297874,0.491471856330718,0.922923066489017,0.444856991589088,-0.108039364839857,0.588687069380717,0.263061828120405,0.508627873261574
5.82404271333355,3.67286750959916,2.22366093279776,2.7684870482421,-0.904151231020084,0.149389085753399,1,-10.8896485754788,997.328325464981,2.61394403572709,73.0495289331422,1.25381750914431,0.85036289086033,0.984226279604109,0.764901432923511,0.784217505473063,0.71481931775012,1.06215612430348,0.75064863773907
3.73748076699879,1.40729728696368,0.426616690411717,0.485776580631012,-0.304976524445767,0.654403371775982,1,-4.86127426688945,990.668631500334,1.9835761828159,136.292677169171,0.858682181549905,0.622022348789171,0.290713027545348,0.53987186319831,0.539789345349958,0.479729264872723,0.306594481965706,0.406370572883028
4.95924752815284,3.65055493779137,2.34976237156699,3.85890986304718,-0.741374077985805,0.306649693826844,1,0.862649724514212,3.15353636769435,0.672243243889018,2.48226393951635,0.929828689340238,0.899949401148106,0.352068701814804,0.93207983208259,0.963417318403763,0.747221076627608,1.21496664825182,0.814892952253492
3.32989611269163,1.12284847115856,0.531168582031554,0.449272116767237,-0.190399546312724,0.619389330980483,1,1.26188554399883,1.60492870219073,-0.839594400506245,1.52811821871449,0.24326640045217,0.748696686062048,0.475758696637311,0.998951708183365,0.779347445252436,0.352701433250874,0.450723883218047,0.405704606951487
2.99178914801184,0.834029575216969,0.516927966976489,0.420906993873441,-0.252489651860596,0.869981270906677,1,-5.85193376066809,987.028179653756,1.81611098517164,160.547207866943,0.488647986013508,0.589029984081333,0.90936344715718,0.368883896542496,0.69089315573818,0.326551721744469,0.178208340066971,0.407422119395205
4.40489531839456,1.5633701220757,1.66275035765795,1.46058504490258,-0.200981343774023,1.11040205371884,1,1.32876131382248,1.11574061284228,0.375736218465329,0.623370031150229,0.583922167287562,0.451876095959676,0.964062423778343,0.383479102651944,0.877372450039523,0.501591589558272,0.442887775989788,0.511372565278872
7.81104489570685,7.11885483086462,3.12797402357896,6.44639061820732,-0.898588501107089,0.243824170322685,2,-9.48635965610941,996.558888530086,2.48682067231704,82.887987057924,2.03202287732505,1.14616948024348,0.160862544358857,0.907333926137024,1.46416708244943,1.18281328533846,0.758205486677526,1.24449089093002
2.85797502404632,0.812675619222938,0.5296054847396,0.387015812059354,-0.440218978897006,0.590762133743155,1,0.837726595859542,0.60560219602682,0.149136232316414,0.590326975308657,0.0661947678428875,0.648905897059627,0.00431142549690805,0.487717231191729,0.621719407499481,0.380934830569715,0.117572881318063,0.497719301617173
4.28394032745313,1.92235843678364,1.1453089313536,1.24671988224038,-0.426958320257798,0.514535546933431,1,0.466873491131462,1.85843474907398,0.986223632540519,0.795114120618635,0.5513479380452,0.575979825930745,0.835609611127489,0.634415292565317,0.785621941023255,0.612485539712146,0.645275983064598,0.399049706314932
3.99714041886929,2.05046090482205,0.72273318537386,0.738335277027501,-0.492070019128202,0.785421223878502,3,-3.72776694542867,982.769047564283,1.6708953960804,184.83825614617,0.769656820811626,0.733860084187866,0.978311937990337,0.613404111240105,0.471146234808135,0.577514245351186,0.0956235972663734,0.758407632851344
5.69179125024431,3.3730786488884,2.52260301336073,2.87863095379724,-0.47914230495425,0.712382738348212,1,-0.722536017886483,18.2480064289954,1.57970688430599,3.88384135705237,1.02821921394219,0.478539248239085,0.772028189987719,0.618492980541837,0.904684590068678,0.628766180385092,0.903655098973603,0.661929216184483
4.35648702675194,2.35704827673193,0.937750204532314,1.1259125967069,-0.71023586039975,0.429815201439944,1,-3.40229567984291,121.262401064321,1.72120133176665,21.673254736894,0.76393526688265,0.840051310169794,0.984363568608675,0.70166986662412,0.00377040416771504,0.718105231910126,1.05908804063357,0.629594476765793
3.43161950561445,1.20083066746218,0.608292069227518,0.529706263351324,-0.443425644929191,0.571155038391005,1,-5.89183880651585,986.615737938441,1.8001465912266,163.06263758859,0.941821194653759,0.371860345604799,0.820539104603264,0.492172774713689,0.59291376512412,0.409139801350599,0.463821141777557,0.400318610117466
3.20053385321179,1.18502383887835,0.445460597746026,0.424061606443142,-0.30118712764419,0.741297008340451,1,-6.13468275850754,989.216265146992,1.91014516175698,146.462664039093,0.883565388860287,0.846308573398393,0.696521667232248,0.377530568426099,0.521935351788907,0.538577991599543,0.168349048367321,0.528691300975982
2.38996139572792,0.558570979949491,0.242675170788777,0.195582412023733,-0.139382072569807,0.576931196884292,1,-3.72173153089568,976.079647815572,1.50174351897604,217.413350211522,0.563430341237466,0.372655086089184,-0.567561767558526,0.602527972377888,0.799639141163251,0.273583409350975,0.394118493511936,0.3359766020932
4.93905609001406,2.01590674601029,1.14463009000394,1.26135487723581,0.867998983363344,0.167435747063491,1,-2.50682798481341,986.514965311619,1.79631948673694,163.671426632757,0.682176840767898,0.675123068021825,0.80483554970602,0.577001828778318,1.25251269422924,0.410730408800839,0.845956468521332,0.499296808502162
3.96502157084843,1.24189633671258,0.83830184270277,0.678363122555766,-0.438401709851806,0.537778873009391,1,1.9215525350182,1.75261610241177,0.227569375272696,1.07148312641225,0.500747198019707,0.527282777398166,0.272928241931827,0.721860323644698,0.894919990070354,0.515284277086838,0.32713567984516,0.500688710037233
3.20903581583966,1.2219101920227,0.285273505463783,0.405024305587796,-0.334290835291568,0.74627188785102,1,-1.00664692138693,1.38987376774103,1.11591672650168,0.695813752054425,0.199743105529695,0.775704257899362,0.999344257037543,0.374061962329775,-0.00451773503982462,0.521558432948028,0.384894732016083,0.506785711422742
4.88382046351428,2.21604656898506,1.04033457813594,1.2241705109989,-0.654509982884682,0.422624174597986,1,-6.78198714763053,990.501795369248,1.97458909957654,137.500025126118,1.591408106785,0.663695406862443,0.929023440450247,0.544440273120431,0.164296139148925,0.782872555272756,0.909496027297988,0.635618844066858
5.4821885704206,3.38307591206261,0.976908160772203,1.4717086936997,-0.786106186682851,0.305905544970402,1,-2.10348320959574,25.8171951086785,1.58653685097412,5.22381148031286,1.3018581908627,0.81506626992902,0.831578947159655,0.712549884846761,1.00926711912376,0.604105828169586,0.413235135592676,0.674150166673846
6.67874890961044,4.92204961738284,2.10141536924389,3.91635737157811,-0.81838304459098,0.204614247749962,3,-10.5586960629645,998.189451554505,2.80912976628097,60.1488366093453,0.771417877005902,1.00760582009462,0.450236512262685,1.04431645885449,1.39224747234631,0.759512294286579,0.979556231420519,0.695251031086355
4.13872517834813,1.31178540507541,1.09191811108337,1.12253435621702,0.555986225424206,1.18231786733212,1,-5.89949816036969,991.95303831044,2.05859310899352,126.606390096026,1.06635856609849,0.6208415594752,0.748574254741402,0.730610210321458,0.793927302179022,0.489028988371878,0.50790946155775,0.404779314571028
7.02671567903558,7.55128541028427,3.51717177238873,7.47063455638251,-0.834622104124227,0.390949690592429,1,-2.08941213862389,18.4161305578687,1.79404878685201,3.09974305197841,0.16876929319638,1.61418329119122,1.3703011211034,1.34226153803465,1.45672898653815,1.20983571464609,1.03226343355331,1.05413363090563
4.9997365971477,3.26361800319845,0.904696106867283,1.2319620756582,-0.700511139148453,0.48993580818011,1,2.10315743146891,3.74923085902245,0.330461882930557,1.64661197297564,0.567576955362234,0.834857455399087,0.761717635779541,0.877696674980656,1.26447628289592,0.541272881407038,0.744303217927896,0.889038267258573
4.8006372387141,2.8038056067145,0.900035697492999,1.366936010609,-0.343017383672425,1.29059454826514,1,2.13026664372798,3.6605903884154,0.145711819695902,3.09689629088184,0.785931786005417,0.853272852952895,0.553075555012525,0.464986485867578,0.979011743635046,0.723543069907393,1.03488403289672,0.816238302410083
3.60083403748942,1.94691762533574,1.30554215535459,1.41259772109262,-0.530344122926319,0.544997266623838,1,0.318204048752706,2.2801466650513,-17.2756860657879,999.999999999999,0.908737219473589,1.09460146612902,0.945632846838911,0.5312429605581,0.735451753129579,0.677752704449122,0.313565601215476,0.578845501178379
3.8844847539331,2.84338217866228,0.722365911558398,1.25798874076216,-0.797749212589524,0.351918294360284,1,-0.660637297233014,4.44029371669393,1.32873035291455,1.4595859048044,-0.857611465552084,1.73600475621304,0.53873811403928,0.963752562712717,0.936325442587219,0.739616097565827,0.0503309531507949,0.947276637127393
3.08626121921777,1.37111322170769,0.219003492635672,0.359569067969583,-0.319232366189937,0.805234114568147,1,-0.080238920102661,0.818383684572409,0.655229265589701,0.544330348968201,0.689560503110452,0.765277198172131,-1.43619100596086,1.23157028434883,0.754604174889978,0.371109609596603,0.391585285252987,0.461404893975695
3.89438303962106,1.24121574338923,0.901008003869245,0.739962049137605,-0.319423725067016,0.561967005133547,1,-0.378244716712746,0.982781147469025,1.03689007252274,0.819177083918309,1.11534886437569,0.587679355927254,-0.0423393650398725,0.58859745425027,0.827970860465402,0.430034874944316,0.763475605115878,0.445715821489268
3.53135516847557,1.60832806153504,0.388261511264231,0.449103294760031,-0.490742507020463,0.709816792682558,1,-0.303755112767285,0.815876228922928,-0.0368899803237963,2.44548429107888,1.19513048848118,0.839502354347404,0.702245325275015,0.363852901896437,0.590913221885372,0.755389147449317,0.277556228260534,0.735210972600925
4.24915379693429,1.36408693198894,1.35971065240069,1.45353373698841,-0.202743538980067,0.896507533187771,1,-0.200529751325258,0.894511780643433,1.04961622168214,0.592307940145739,0.793736327663206,0.484268536398519,0.320723736878999,0.470660457997427,0.616240123627581,0.453161030057338,0.649978152787451,0.365919385769393
3.24277471346635,1.56434839085194,0.69726477823038,0.864129117490469,-0.49979875156623,0.55432083143813,1,-4.99471178678581,985.281075456286,1.7516006293761,170.942297499007,0.870230201608077,0.486183443204723,0.968723299980336,0.511416061886329,0.186282260966326,0.562882591681313,-0.0749285037893004,0.784079986467977
6.30615410270516,4.21011097089668,2.2849076129476,3.72261550225605,-0.910148588520341,0.115650120135791,1,-2.20661832211061,16.4242525530148,1.66289066927088,2.99362195026987,1.14390586140226,0.901241215871113,0.877235067647586,0.986372034746485,1.03000945986626,0.808659325018036,1.2978242592487,0.712251627450892
4.22693107419683,1.55980955014691,0.751583637292498,0.578609490684706,-0.671872937155577,0.376731647481962,1,-0.315233175614644,1.10172104731163,0.847699480474243,0.70283582987138,1.12941099135492,0.475541247530707,0.610111241542402,0.58601240072784,0.387513242429535,0.46953411145854,0.746827947269868,0.437816065617795
5.19116255647144,2.33300900117658,2.57535441589918,2.61006709004832,-0.683532164964661,0.322072010489839,1,1.23917017069201,1.42926151221016,-0.205127308626969,1.25362891239612,1.17244919580424,0.400846334181227,1.10266545467047,0.591825514178398,0.806693009966263,0.624931408509519,-0.0434826187823894,0.815079072297367
5.13782268944682,2.49799628783342,1.26686256853343,1.41977975863349,-0.560154477472592,0.551041626891242,1,0.932554359192546,6.90109072291097,0.774173727904316,2.77853682666334,-0.0219211817124459,1.57028244174073,1.29044416467485,0.659546910565445,1.04536754249548,0.591011159816302,0.515722870191714,0.431607222200366
5.89192802121502,3.67358930517456,1.89584827037638,2.72376925337676,-0.725603888127998,0.494924763351888,1,0.88128745283186,2.04012506076056,0.292442676984568,1.56698885512929,0.957975631365177,0.890006836652012,1.42600629046095,0.503501970251319,0.674878725744655,0.886207751343257,1.38134571061712,0.687236773702785
5.1048235194258,3.69132780912013,1.5664391216302,2.54389615869107,-0.822620876410695,0.292716855713175,1,1.35537719197845,3.01835165277309,-17.3889889604341,999.999999999999,1.53290887425571,0.936567220280462,0.88996351740819,0.781762372041817,0.337929641776728,0.798029784215476,1.16198992284722,0.719688390601782
3.29010196801115,1.00839916297081,1.09088332963517,0.748721585433464,-0.198072216627765,0.765688733320976,1,-0.160759249698886,1.11405804976052,0.532261946101312,0.796144804500707,0.897974704644701,0.366150554288938,0.616066293058027,0.343122151981067,0.340911019865635,0.32635531664198,0.557102125616016,0.590706980943491
4.27249033237692,2.59130653004365,0.976502169073086,1.16141617059887,-0.652598291336884,0.701079010750021,1,0.139594743574407,0.935588442914563,0.877018907991886,0.805923101946428,0.318193816928578,0.91859152062362,1.00025564435948,0.7595234481849,0.772817550834414,0.595908783740585,0.383392094686494,0.844398974630412
7.87562699431699,7.96160441754738,4.73199010286094,10.0699279614823,-0.928134502181225,0.138726737156903,1,-1.10285472250109,3.41895575364494,1.75475495995878,1.34186899316823,1.22684665506264,1.01306820693734,0.985704041523517,1.25264311441358,1.59142957707267,0.895493661038017,1.04392131409904,1.077459856074
3.78887217070218,1.80203062423358,0.717565303022306,0.823176302020363,-0.807974538799174,0.137998531384026,1,-7.1551335313146,993.786495248165,2.18926431108338,111.30345652084,0.92760810444811,0.501458104008131,0.807919619247563,0.511855283002964,0.847812543827051,0.579992097835447,0.665930783535275,0.570910962789355
4.95661633593328,2.94832560399952,1.8064898406209,2.53255811030142,-0.670842975415177,0.365855126803182,1,0.939649222344361,4.42285673963904,1.04446302259196,1.35095140172091,0.593292868925832,0.678505850280514,1.18546517263082,0.601280698964099,0.789068747399279,0.547739896984902,0.471443173275309,0.654426608426106
8.68177612384987,5.88905546991268,4.00460201096254,6.07785367913076,-0.851262709933777,0.184506505267745,1,3.63192141965877,4.10705643964832,-18.4253732950424,1000,1.73810459430914,0.864224611712539,1.26630290054134,0.664115294548044,1.30971974747923,0.659932182783381,1.49997816974236,0.687198284115036
6.74194832681792,5.20025453942918,3.58980936117191,5.26642410308119,-0.895658115138029,0.183351101886545,1,1.49167563742097,2.01527498277696,0.0918571208782843,1.41186159312786,1.29681734685358,1.10288469289364,1.17373350488424,0.867848952306479,1.63840111938646,0.786118173026167,1.39270650733637,0.794276241935843
2.83957046721949,1.72054655986972,0.511572918216787,0.708330394822317,-0.611069815879366,0.312670537435928,1,0.479843119163775,1.14010141468247,-0.511712363211771,2.42997392133445,0.491854095877583,0.703961030443936,0.687784597444473,0.637202588161659,0.22570430300977,0.615609491131928,0.276696468347932,0.449622309766554
3.83018278762184,2.03330327586325,1.45756076969893,1.91705227370633,-0.69723834025945,0.29223506639177,1,0.473032294982278,1.58957930003108,-0.388007938822848,1.53066873025837,0.890522853737011,0.506136611526251,0.869457966414611,0.534552429853469,0.244654315430204,0.699114844228126,0.906063381116945,0.515372322444542
3.9804485739296,1.58031358163374,0.935545455169673,0.831677743531279,-0.614743558923126,0.517789867631194,1,1.23194994219029,1.89379636541649,0.609053335240011,1.07199362660856,-0.408414073633293,1.26952557232791,1.07729381184356,0.666665686578163,0.659254296674278,0.567685308583816,0.70323883429714,0.543019443641798
3.59165148500692,0.978391678552776,0.633288897466992,0.469852035540354,-0.144182982892674,0.883864227524384,1,0.211474885996632,0.578690851488878,0.629802663218144,0.522184143989734,0.165297902564632,0.671576394898698,0.322345190366762,0.650117339558371,0.68797249673486,0.497712746562639,0.548490639382819,0.543049027402577
2.78176324279861,1.07464312663584,0.269447610088974,0.323930926905492,-0.438731582087375,0.599583987661433,1,-0.357057014551639,0.960711528908368,0.304666563943389,0.66114290433202,0.68377197365747,0.441318114884574,-0.193459558965642,0.625303610472469,0.537917244954449,0.569710981715097,0.693597026895417,0.448041607465145
5.21686872074267,2.12965483942324,1.49611547451532,1.32842685470258,-0.586896938149821,0.454460263939889,1,-6.2258789546214,995.309823277696,2.33104171702598,96.7387695544105,0.705161885283418,0.792569852215759,0.977303888196637,0.559676558169564,0.371816359865112,0.751423559926918,1.20001562528268,0.488175598123743
4.5021420832572,4.1851782379439,1.14699481190487,2.28118894469146,-0.528324835638527,0.958164784163634,1,-0.681968410217256,17.1731223214628,0.887825061853813,6.94326735668427,1.02317878309916,0.777644597720698,0.534519005648624,1.00044039164809,0.696203654886279,0.934449806603339,1.07060951636901,0.940605154946201
5.2829998509094,4.59457141738155,1.99601885250001,4.05465992111395,-0.575328790597899,1.45445881209805,1,1.69738914262125,13.0120591888646,0.97069943861138,4.36849035249129,-0.22764023883778,3.41059017327744,-0.100121683287334,1.90125822645201,1.44625267781551,0.981744942632178,1.24596512701466,1.00617877398068
4.83497323971315,3.71441792657036,1.53071182199734,2.45797802067034,-0.619434308303673,0.623535516655616,1,2.48499283226912,3.04336912559741,0.114947328291062,1.8621684783095,0.106837745525695,0.903007774735481,0.706811411599102,0.78845034399746,1.04388997341733,0.82047517359935,1.21613435012768,0.716611623905708
4.49108392103464,2.49131326796561,0.99966203207912,1.13002060717236,-0.543955200307356,0.631519284305164,1,1.39492595999405,2.73808670207072,0.570976734169563,1.3263159130921,0.832477306902052,0.709426365685624,0.824897491285506,0.666117607685563,-0.599989630552813,1.18628928789616,0.857401086695246,0.607574911037679
4.78547120958047,3.63505055170419,1.55312227461618,2.52977099404571,-0.759593741583236,0.359333552767386,1,0.615988210708519,1.76284414062991,0.727061305929969,1.26021623951876,0.602115928509379,0.858449437495841,0.971080354722887,0.82405320819189,0.938559602420714,0.902318153784621,0.987548789593606,0.806906966847017
3.21392606510042,1.09810890145376,0.250902688905987,0.425148023166219,0.754077391632808,0.291466103161035,1,-1.20925878690264,1.95639594684094,1.0569280719305,0.686643339354858,0.729482002098547,0.53738442646003,0.264805438128796,0.461937598677457,-0.421803455148014,0.62239850150838,1.01892854412266,0.435061060965087
5.57881130863547,2.71485372728639,2.11269785759811,2.023052114222,-0.0416478113002625,1.9511827405261,1,1.40728489003657,1.26009761978275,0.527984811007252,1.10844075515333,0.694442040961858,0.539858716094726,1.46376432975646,0.687670675940578,1.03352008721493,0.422063963809879,0.0782957318823863,0.81813298676156
3.53868393190378,1.89054748655322,0.330585661215388,0.449131634727669,-0.719146019280939,0.293382482405163,1,0.628587925531318,729.989586107687,0.0658632780903706,683.459098562474,0.110756151723259,0.65515603547576,0.817006619716856,0.578072641142083,0.972945449061447,0.553811076070264,0.363803619017194,0.750783332147953
3.36608351978896,1.22473301685623,0.569062740614814,0.547538810689397,-0.300723648192179,0.618508868871025,1,-0.349652855416823,3.04296614425775,0.698442736824354,1.40014923820119,0.830795497439707,0.71074386075651,0.20640259797582,0.521007592862948,0.664910387124037,0.588520629580751,0.693451510847938,0.393656583909488
3.27779111465263,0.87777115128395,0.446376183537665,0.364236578610984,-0.354156455845648,0.501024090186034,1,-0.572693300113354,0.935231548232387,0.620989862259248,0.598616659538132,0.858644859876442,0.420011028497352,0.482504823667356,0.380936572152097,0.32238560367345,0.386631683836276,0.552730309073739,0.524419749378873
3.15125241171657,1.25560270251762,0.689007403597568,0.819341017876603,-0.410514558932542,0.646089909713021,1,-0.542552959898588,2.51367674889873,1.03867628039102,1.08481349808287,0.234900597915929,1.35712852207966,0.343406804485324,1.4075184245781,0.405382386854185,0.415743270553955,0.0823785048200277,0.538006618215755
3.59021527052397,1.4502977988613,0.370980094953052,0.482757977477549,-0.498694817867288,0.623880260460321,1,-6.60409252221399,990.660934377232,1.98315827242671,136.348591920294,0.677371107275487,0.712859054183454,0.885694208058529,0.492402736076037,0.784354499106054,0.523286905129062,0.665786169764562,0.628361498769668
3.52615184212609,1.71561826573906,0.407440974853899,0.428192630778692,-0.499493650096201,0.556549581732251,1,-4.98546703966221,985.006925611351,1.74216542737515,172.514917022686,1.06248878301509,0.481268905877434,0.590282051941268,0.636966651051257,0.617801058875217,0.605301966293707,0.0742177652257454,0.539836319240661
3.43740250530701,1.58875636165057,0.875107441128671,1.11861379062055,-0.230163533029081,0.787681314359934,1,0.128187208358799,1.4389039184772,0.796590475991194,0.49003979288816,0.189848576093361,0.747786233772599,0.0922103071297689,0.674812986094295,0.624235260958008,0.367882452898422,0.951892331126956,0.531702623037888
2.41119797849049,0.893050627578408,4.52793119349786e-12,0.00425578720935283,0.746303514094331,0.201008810822759,1,-5.96245007830817,987.670022678586,1.84197224543392,156.55089273161,0.874714003223862,1.28074815607456,-0.379487971551271,0.68670258193927,0.694099112065701,0.557990835648209,0.359447513531535,0.539824839217541
3.50499957520621,1.47592484516561,0.539249088820236,0.555433312331472,-0.505976902731475,0.618860112168077,1,-0.495982581352399,5.01752820994749,0.865998169317222,2.03681620282685,0.684401958588874,0.63650287922558,0.250571147150924,0.567985724931837,0.258225256481845,0.468516818166538,0.96886096006267,0.38217697245702
3.10957055874018,1.59740374317277,0.690677147065542,0.842093123649502,-0.481345657200181,0.561347850870543,1,-5.1614887834394,984.788778902695,1.7347764049626,173.755793576049,0.999006684776591,0.759556235668215,0.461818231166586,0.380045847738013,0.415080078001985,0.568715483013586,0.639656947763524,0.507046360012166
6.01357049336927,3.29806903643336,1.84781066885908,2.22886814880962,-0.79936993637426,0.215907311740807,3,-7.61133553936833,996.489882372401,2.47684108482033,83.7135618624095,0.840418942656799,0.624530946032372,0.783908142908564,0.62121919629721,1.30244592993046,0.580029415149911,0.794093866727176,0.578366722023659
2.56251715877464,0.757303432643961,0.182446142494831,0.223264557978602,-0.370993745062667,0.511466748207718,1,-1.66532206732536,1.04306546997749,0.336225919767397,0.784076118070569,1.12859589269053,0.361356911437396,-0.0193079256080471,0.455903345816738,0.489038398435231,0.39822170284263,-0.379344373244874,0.667493863563849
4.86899507086683,2.48385497098266,1.39663446137749,1.57067619577729,-0.641659054278376,0.569861828466327,1,-0.533206267863235,1.63167608945236,1.05037668481223,0.969070282868035,1.37641410592923,0.525397451047714,-21.7209426139813,999.999999999999,1.24192250490438,0.497543382889509,0.863799989197516,0.584814623942278
5.25973556745593,4.70313402040771,0.997915365947646,1.9561309428854,-0.763916665721212,0.580146871146281,1,0.399353720364248,8.78133404445023,-17.3366566661635,1000,1.59554667578491,1.9406337132716,0.934713889181129,1.17198561397955,1.29684484231364,1.01971545625835,0.553593051860706,0.957483927025533
4.3776657282871,1.38127539144446,0.991733927962848,0.741827136984962,-0.619282246224099,0.342487892616901,1,-1.58388202650206,3.37025629516327,1.60734795319209,0.848872360423132,-0.0209626584679338,1.40708645216546,0.36638277910054,0.625242536160395,0.980996015445077,0.363241020644277,0.898399712788988,0.423692012776996
4.1332013346792,2.33665021080819,1.96863239605258,2.88679670473446,0.396848863439563,0.761908647212809,1,0.538495109079969,1.60238459398825,-0.120574240156469,2.03604787911992,0.573321037857937,0.71797551844696,0.926208391448648,0.455942792742174,1.04522894046464,0.662129829449313,0.7919383111888,0.913872641431311
4.11648721900387,1.93764881063723,0.993100927135797,1.17226895169415,-0.78768807243883,0.190231716879238,1,-2.17312516346868,4.23830574268237,1.64756495683128,0.91351875818282,0.121260497554509,0.908281107995408,0.777736609826292,0.601482419381511,0.64674530817215,0.482554577345488,0.617863362686378,0.538740404756972
4.09865754688702,1.74130952950371,1.13513641168643,1.20490674075364,-0.653051007938416,0.291882150728025,1,-1.85957204474197,65.5079075797854,1.47986821461288,14.8631663142217,0.431109852968314,0.576714073423898,0.516012581177933,0.635033370016338,1.17320963952819,0.439163377584351,0.808992975546879,0.503330502889103
4.35486498251809,2.47396246341829,1.16818637259786,1.42623515530187,-0.677552794830776,0.468993492578009,1,0.265674140711192,1.42645019622937,0.631919793003741,0.873343078525901,0.97332298216116,0.823616789690574,0.759415664385509,0.607930130613154,0.783277238638329,0.623278196958261,0.979986799136602,0.672951983250425
3.70577501784951,1.09562994237519,0.560618274236454,0.507354470833397,-0.358871342967621,0.667299861802524,1,0.665957003410899,1.62240461679382,0.469131243173118,1.21634917084715,0.483605042048937,0.41613814059984,0.887092341549592,0.424168887728091,0.110731234212373,0.720580001680907,0.763765598010772,0.334829381551347
2.97872207113875,1.40993684071144,0.204975775753624,0.266725432978469,-0.16915839610083,1.1160976075284,1,-0.71112551077333,21.0818776243658,-15.057991047271,999.999999999994,1.23619525806868,6.30636903672292,0.728661374646333,0.565620905166632,0.52181003489054,0.686859662075118,0.178119908486473,0.457937799473303
5.29299742231933,2.62545800693349,1.49067844410518,1.59251455542473,-0.727934799195931,0.268722066008532,1,-3.14845343691773,72.3963382491441,1.68072594974385,13.4660359208182,0.981252368602651,0.576304935586909,1.11686833021711,0.630051754556276,0.838420282579966,0.526663945964862,1.03396516538873,0.537094501939349
4.41768049852681,1.95274151551375,1.82294415989127,1.90145470410405,0.124067534509816,2.07957833763811,1,0.808708776068127,2.62717133160233,-16.4957002693875,1000,0.9874993143417,0.754419999156858,0.584485162738297,0.852718356018399,0.973924454662379,0.418633555104759,-0.0809700198407806,0.589459608622762
4.84098196559746,2.25155364731679,1.61624029605814,2.09529607849568,-0.00486259822411543,1.8746598955181,3,-7.09897027069551,996.372306702813,-4.92322384719786,999.999808316771,2.46027878856785,85.1037414370101,1.31496569715615,0.461508878693721,0.739429868434542,0.678254802595117,0.521668310654964,0.67215496675781
3.26367552985394,0.954338686240312,0.368609232669569,0.262262261510337,-0.173021646219868,0.623967863476265,1,-2.97485296746907,124.455573536853,1.38022316838177,31.2229381621359,1.02912001112254,0.466055971132113,0.259272709537726,0.428614907419061,-0.088486027343836,0.549376680379076,0.83110552039311,0.257558934486889
4.23058059004017,1.28943245736577,1.30263601273308,0.805150897520254,-0.427371441511519,0.509411632827184,1,0.112254103983421,1.57580622825965,-13.8567266967216,999.999999999825,1.22982478581379,0.513105789823771,0.948537932786934,0.42628004803243,0.767210252948351,0.552417356359949,0.64620779395629,0.503615811543983
4.67427653783439,1.37174618263893,0.859033597045388,0.714076500022247,-0.101199778478644,0.983829632819757,1,0.358729069252225,8.50539119860493,0.614991316344063,3.95922890083909,1.10939255567076,0.546936809260192,0.605075644632907,0.521486285636879,0.868734651298826,0.438115378760019,0.988163591615026,0.322791621329184
6.03061480929166,2.20562716490982,3.1193369558947,2.6345298254607,-0.485510680545081,0.308815384676585,1,0.0992218732106713,0.855057822548284,0.801974912418338,0.460668023817517,1.07750745045557,0.513994633277656,1.10580717236196,0.487178629728108,1.04063338016296,0.443272700633539,1.30792413721072,0.359936968080612
4.54547628136458,1.97499741757224,0.795775907391712,0.785760768474339,-0.605098557183217,0.394585518739996,1,-4.99982086919339,991.169715037442,2.01155372837851,132.599451164902,0.380928370974604,0.847929766027954,0.850515612750955,0.449324130021099,0.979250031885254,0.421594980866645,0.913447416774605,0.54695408132872
3.90714231149208,2.05139200679452,0.721692718384799,0.923393334417079,0.0213307315323356,1.27781173134982,1,1.03257569006365,4.06321198326817,1.03448413490087,1.61682285558,0.496242171218532,0.763790855887264,0.349317593958753,0.744361389203323,0.680793951230406,0.551012822807044,0.746973245431586,0.51362359885372
4.1925163774837,2.49829261083032,0.726571019124133,0.996549484979195,-0.610362771151865,0.602230219656947,1,-0.834191398631101,0.942389264381972,0.698076855232412,1.18546223444351,0.998111385839194,0.810236160059727,0.950037871177608,0.70639409200736,0.634664195973954,0.605712578752916,0.327063162251812,0.707504401492728
7.51697952553328,6.70408725728211,4.30721907681497,8.17820904739501,-0.832395918816804,0.434172777565291,1,-5.87314151706911,199.758812263756,2.49884064813154,16.3912659228584,0.214205453089628,1.27310282911907,1.38266726011384,1.02009772931974,0.341085069012536,1.08187807508975,1.75043610682984,0.859701413242162
4.02911039218061,1.20003982750151,0.205755437512725,0.174479144126722,-0.583822188568152,0.431965556819564,1,-3.90394419537484,989.629818346356,1.93001169037489,143.641398925321,0.721790906281142,0.498283447606058,0.730486800309107,0.359057421030726,0.594550681281559,0.463023217332283,0.874966917478692,0.386251208744511
4.71996149972269,2.9167973093833,1.02681095535403,1.73598074361355,-0.579615483090279,0.654001312970395,1,1.17776480514028,2.21534325208083,0.0435076156597603,1.38359101526541,1.1244636008601,0.531501706583024,0.579899274741034,0.922719421185483,0.945965856466237,0.72325008089012,0.828841370206548,0.744103038669345
2.29751858122083,1.109412844545,0.313181166856273,0.374699075816342,-0.411142917572414,0.80550266523046,1,-6.02866192482707,989.043558685767,1.90206984938675,147.624097437168,0.791812005312894,0.522935702206435,0.503171447214821,0.553122848626596,-0.501443936682184,0.714687761184526,-0.332699219598668,0.670449377881922
2.84065177727098,0.937984740530248,0.307242778572286,0.28899106146218,-0.211998236150705,0.697703761164882,1,-4.12326687340865,986.128385685946,1.7818930798075,165.984420727781,0.189014920804694,0.561364480513417,0.112498876682319,0.595191023788392,0.544011104184438,0.441894315649803,0.421129162169843,0.43894062939132
1.52422226630736,0.381922132886427,7.00679087358139e-16,5.29406870887828e-05,0.622391159201462,0.160966284245006,1,-1.43893606196092,1.49484251527583,-0.0530061143740816,1.32965447774752,0.240679324501371,1.08952118596978,0.557839811467418,0.400696862354708,-0.148444544601769,0.472922503297312,-0.158982834771045,0.33938855470965
4.069339429022,1.76173743630681,0.324281264852825,0.521293291303599,-0.664401973065802,0.526225741772694,1,1.21703279493318,3.18080331221911,0.454202631220318,2.07751164060009,0.10360017198804,0.756647647057824,0.688462023552733,0.555303049344306,0.345034096865995,0.712012588143843,0.511334010450784,0.699493336348668
9.06900652774647,8.54468616811661,5.18401531188566,9.53548194074295,-0.900308079881101,0.179024580078022,1,-10.9063234555967,998.340973064479,2.85294288590059,57.5806902321999,1.47808510547437,1.56712861328117,0.791575396916981,1.19508935939696,1.66230819882157,0.935530754909867,1.77936451585134,0.899903310571312
3.87848547016617,1.85974394598329,1.30524433126812,1.34944491384304,-0.133209519208516,0.857206685603515,1,1.6893193430106,1.66494295044951,0.30907258479811,1.25497909748078,-0.245797286289244,1.06015132670842,-0.183322070948615,1.03150716095046,0.897705056710272,0.478206601442714,0.94856140691957,0.566333272424935
3.47679913014409,2.288533390628,1.01518053609976,1.38516179432726,-0.430362443842123,0.636468180246915,1,0.605853882110063,0.719870600769971,0.478612749497817,0.811767563247533,0.340557489898133,0.581994927415828,-0.419486871435745,1.18065668733828,0.549198508885857,1.00036191886094,0.821453378799847,0.706159179883306
2.38006263823043,0.504980707354276,0.127746868268495,0.109464817738869,-0.331136020590413,0.528132204813334,1,0.275588847558191,1.20290724625328,-17.2995800638274,1000,0.46251835460054,0.771903296657765,-0.0928028724429653,0.563342625878156,0.73346151682835,0.310361288623694,0.0598093616915063,0.391109203669302
6.06518912433452,5.36124023529884,2.0918018587186,3.48326358888839,-0.860107275548227,0.265753798909312,1,-1.92190835006325,3.87635240745469,1.75897832096949,1.14055548942367,1.38038539171593,1.09770681403502,1.00715556955797,0.815848335219101,1.29716390202468,1.16898609963772,0.254231361289566,1.00053829713158
4.200561650543,2.20125782525112,1.56217339533768,1.71426746424741,-0.468031973410154,0.606529031930799,1,-6.92423253834554,990.595116141965,1.97959671334347,136.826020740118,1.01734961319249,0.84212771230338,1.34766838862582,0.4560009783608,0.458476604498289,0.747265086606928,0.980739004196314,0.574669550015461
4.63558547154909,2.17148348000193,1.39919555980203,1.79464845174296,-0.137511814995008,3.74411903939983,1,1.10002913162991,3.33059727818134,-0.0686959807611844,1.80930086067733,0.913287710011286,0.978014057589124,0.125663442137449,1.50120237025954,1.05056731658493,0.713076882058112,0.321376097511943,0.798284418364164
8.88066631690861,8.18997395410607,3.89336312809914,7.84998385081685,-0.728284330800384,0.68697013433747,1,2.28729128101579,4.49275080864223,1.39205411344286,0.878142655349245,-0.454787508277385,1.79546374939598,2.14591454520283,0.974287982013268,0.834557707359273,0.690653090640226,0.643166414825769,1.08994786132947
4.89569403075724,1.8101358693303,1.62873659437445,1.43081612720256,0.103365729636975,1.70625562089587,1,-1.79648711965752,1.53134387927861,1.79399869676062,0.564581236325397,0.582780313072478,0.631496878900145,0.863351651273538,0.471306956260039,1.04043759131237,0.448257784904512,0.731866259376302,0.533424080723497
9.89770670042469,11.7501782018508,4.26504189136601,10.2060070729043,-0.919214342416294,0.190194822199428,1,-12.6115498073491,998.596711969379,2.93684154852243,52.9601140907984,0.296376345513212,4.26289612679755,2.03018578361968,1.08675941598231,1.21426355846381,1.30455584422847,1.72940881114949,1.10699405492492
6.26332145180132,7.88483450256823,3.42058070680661,9.51749836181378,-0.555253256509497,1.5341413277344,1,0.588342566895461,2.61260295250103,1.06706205931581,1.73040362186354,1.00471894900796,0.929651082580616,1.53296712511346,1.34106550262766,1.00483603637152,1.60777837122307,0.475622158618537,1.35817975863502
5.11361330326022,3.31385930366669,1.40872423516939,2.02953974543484,-0.74862269374416,0.409392386099968,1,1.44432211096668,3.28970213428914,0.205666556454588,1.56021077664578,0.638921842107062,0.899021771109613,1.30354506589449,1.03351596014401,0.853036670588254,0.658433403149808,0.648177983527198,0.687816860261454
8.72347722299421,7.85886085348644,6.20156402513372,11.530496324975,-0.669199531895847,0.925793233880377,1,-0.313952639748017,2.15343506415485,1.25612328201943,0.871164099772879,1.70268066222906,1.24553015738699,0.949465075318297,0.850690412106572,1.63055668914547,0.967052060370838,1.39532997156812,0.906035969581286
2.88192306034246,1.25317608533295,0.536398363407239,0.576157668285084,-0.683911756016541,0.32163951043155,3,-8.94431779072399,995.907407996057,-9.66990921641001,999.999999983709,2.39963802083589,90.3794939955435,0.744233025511984,0.473395271130381,0.510951927743617,0.502360872306847,0.376452231749715,0.576473015579169
2.48964554881915,0.941025731292729,0.360907320457508,0.360613635957563,-0.470346849231412,0.453337179900581,1,0.11200428957658,2.39884609212376,-15.0863088932422,999.999999999996,0.832742127471257,1.14334330715328,0.504168732054452,0.532078446951442,0.0362100745102151,0.510773574286936,0.950692369347461,0.376282368813619
4.02637621822552,1.60032955113313,1.09377410629164,0.981764314805263,-0.716322720861015,0.1949115620698,1,-2.37052760865922,9.37907573355608,1.60548499668927,1.91014940427592,0.010192287359472,0.745095292438303,1.02844511133907,0.465691848420342,0.563082268949517,0.493645647400855,0.582805060972625,0.528709169089223
3.02222141173878,1.03666884113794,0.454709048336126,0.642529319807351,0.466304276589187,1.1976696799334,1,0.0432018212635981,1.85579984063782,0.286006346410829,1.16952821183303,0.817066274581768,0.456704080992108,-0.29940921587723,0.602758440749577,0.36034615531859,0.577783815463344,0.261370250545544,0.33962659239666
4.51387753337535,2.45189377661774,1.66659045168503,1.99662405682502,-0.691909086816673,0.401295242448621,1,-2.44551280141918,17.8953394896997,1.77484642654865,2.99915355591837,0.195414273411294,1.17494995272312,0.86183567182289,0.735582776874298,0.561845888666124,0.737387567283,0.664286627807102,0.684802122816793
4.87798908741331,2.5151498619968,1.34737820969034,1.65464173039519,-0.62414609805758,0.622107368138064,1,-0.609597673545314,1.25819389579517,0.0529614959070597,2.29619132477643,1.35123825100888,0.961347615129058,0.995005029539425,0.61481313989846,1.00689155927459,0.45639382224258,0.588900722851355,0.779944513679222
2.62396329603598,1.00079739964208,0.513818639351792,0.682351693489081,0.391027355613307,0.606093539630644,1,-3.95793430219434,983.174224620228,1.68310319543984,182.670383450886,0.231927934948458,0.470399746414416,0.0669479909150658,0.710084370671839,0.00578841167083957,0.381571559451527,0.808315363144698,0.404464640526192
4.65416591580835,2.02242781307504,1.10373910843156,1.10623482184058,-0.830408267022416,0.186875576615058,1,-9.19340517840021,995.94197896783,2.40390534343919,89.9976982005758,0.968441093143808,0.527748359297923,1.36481633559061,0.58933623622884,0.752594915945559,0.549537164440369,0.949184495663547,0.545433951070149
4.91569468586814,2.82226635652651,1.78285622864704,2.12650678378329,-0.741902376821243,0.353716088348031,1,-8.26193680153348,994.610769172573,2.26104750226667,103.679798662119,1.12301033542876,0.558978603272922,0.945230682624975,0.783477297443848,1.15470343785642,0.589187953862978,0.370136315053479,0.662730462231665
2.50437638068302,0.858186453791463,0.326404170793109,0.327052368293717,0.0976630838262131,0.703257683153687,1,-5.37562789479594,985.057819730265,1.74390340450052,172.2242791308,0.795877312276472,0.856922180636514,0.145358612496586,0.767175560287244,0.40205692932032,0.603005698222014,0.494684418718555,0.289299615917996
4.47361604552359,2.27211527351555,1.28115759210229,1.67649980495666,-0.598113892911853,0.393713928358447,1,0.563151564490697,2.38683665163712,0.27586659702142,1.14354582035638,0.745326702258372,0.658955956284557,0.889894856747614,0.558332462414953,0.91358260245121,0.670877931753601,1.1184729259887,0.569558745798688
6.38733763343789,4.43722368309286,2.56034765928928,4.23434142433453,-0.775373214511388,0.273131193175252,1,2.00039385546921,3.45763214137213,-20.35404086472,999.999999999999,1.29301261434931,0.988605047085921,1.21065156244042,0.688663379528761,1.23586084166159,0.776944563433034,0.973329811717673,0.816569811178984
4.9246486135218,1.74129429678891,0.868780087299194,0.910867159788962,0.0822432969653608,1.0488383047915,1,0.899420641359833,0.98465190708336,1.01024764626448,0.676106482537058,0.114824215299016,0.812693752347645,0.921279799222511,0.58652004383802,0.785716915415471,0.467662975378407,1.02343260221547,0.528836673115393
3.17999899553042,0.947807387513828,0.305663285867801,0.337835684007525,-0.642855085512205,0.342062856839503,3,-6.56305250477368,991.891411780488,2.05473142342872,127.089074275784,0.730509627186729,1.61434661128318,0.627037160547949,0.469690618072333,0.330729212725573,0.518126014601215,0.195472752297922,0.419040195473595
4.36394635199837,2.36869933437557,1.38565802475297,1.69193498405022,-0.552025859242465,0.900989736806185,1,-0.111265527969198,25.1876611433507,1.10253008634705,8.33783348460654,0.00746183160677862,0.946718715488457,0.999205005981494,0.69968390273068,0.894272794513392,0.686506719297172,0.566095519832792,0.501414742387446
4.3334877236933,2.16232373838509,1.24903469154912,1.61148888966175,-0.327390981767968,0.690277183718909,1,0.886377568913516,2.20056092653872,0.437969301632622,1.1726489099509,0.931978677509685,0.918528329302958,0.144691085709081,1.0006289749196,0.923637667755129,0.718226380528997,0.56663732106459,0.713900335896794
4.75075648932128,5.5091363476297,1.58389856153397,3.59434736301447,-0.666724843896537,0.848772724636288,1,-0.627307704727128,34.1887682479807,1.30053707876414,9.625217424131,0.609675800619536,1.55548290139837,0.717760613997135,1.14450976052875,0.841079549925439,1.16639385637894,0.786951629570617,1.17973200242538
3.67307575708987,2.2303559064206,1.00209510277686,1.74427133127398,-0.430199950027074,0.811767094992026,1,-6.57769334669058,991.644046492845,2.03951915379802,129.004549756626,1.13316184752658,0.569592072164074,0.559863444026304,0.473521891365079,0.626815814074901,0.783619001445241,0.0393950204501791,0.914270213584936
4.94784019806807,2.53144924758628,1.9729015650943,2.19396819723266,-0.512076890760449,0.902424005422359,1,0.379703338762596,0.833738289455336,1.24447450880109,1.01504167494742,-0.244159976789611,1.47444971568995,0.312534183492756,0.822457494544483,1.4799874764289,0.593449730705071,0.85317881639767,0.551095216425108
2.25524454289258,0.658107044393731,0.109355294211935,0.352430535973948,0.776423254429112,0.210177147441669,2,-9.64898134416898,995.865501940534,2.39451263037817,90.8400285032314,0.151700744090967,0.619583302240447,0.254933513654215,0.584923710319087,0.275819805161901,0.500457240061156,0.138016842197071,0.461896703942654
4.19555060217191,1.08208129297733,1.64458640212739,1.01744031900774,-0.736094296704609,0.164516386067492,1,-0.042070744438703,1.2411518778118,0.962626611797625,0.641035967144695,0.637955529652093,0.441061788421393,0.519743767934565,0.408731444494571,0.880340233165899,0.363399687572112,0.871797852118279,0.425820375619851
13.4814730586878,28.7815276920787,11.4534224834775,50.9828117782469,0.867767101184629,1.19756034995055,1,-4.00049920437631,996.837947008144,2.52931591987284,79.4794083687039,1.69067524719783,2.37231819024775,1.85578391978357,2.70975473612369,1.42133442550756,1.78620613960459,1.79823475250254,2.13909108038395
7.60428195058103,6.86888659276355,2.64709594213734,4.92638014380485,-0.859487386094723,0.26287859975981,1,0.42539408377743,1.69422810260037,0.529835952780892,1.32064289888908,1.85292135977938,0.922798857047104,1.10354357882098,1.26871799475944,1.04256150682414,1.10239583228649,1.53336879722266,1.00456779585371
5.42105004738354,2.52524530387208,0.985340898193977,1.12070874490509,-0.648110040297009,0.436293045907739,1,0.296569801265968,1.38766753770534,0.993973512844777,0.874640768579452,0.536824324187867,0.946709207989598,1.28380790532435,0.500985343863171,1.01319947281187,0.490146868448583,1.06001322005479,0.575014037324579
4.90998535060507,2.06957041967637,1.23454942189536,1.37024341232398,-0.678509174332543,0.275545932474555,1,-0.643021058385132,1.14876836893635,1.27366045997593,0.440351773020641,0.869279754286708,0.656746576147027,0.0831076578223868,0.789071653474236,1.52977387863682,0.496278916817046,0.527176868819099,0.520314010074878
5.41889174398698,3.70567404573111,2.60206915775273,3.60219919858651,-0.732147394166113,0.404957120304679,1,0.644220799740102,11.3505339955453,1.13144989701583,3.27209943478035,0.523648279023026,1.77747247318082,0.999431285260306,0.640325497673775,1.39935559170431,0.856397549169941,0.807688052398362,0.753882302537361
3.90485780802563,1.94936729401564,0.576746310412457,0.793570654528945,-0.0115578426179972,1.33233803293115,1,1.21203549176026,6.47422305885463,-17.146026187637,1000,1.05708160288586,2.34987756871788,0.579653715338465,0.561849714893722,1.09395882553303,0.570222290451383,0.443094903151688,0.621805720824708
4.11525373757076,1.35876881810282,0.819521299915342,0.834099803933155,-0.167524828820572,2.09883271776767,1,0.70721382836282,1.60922396731179,-18.4021086027836,1000,1.31086933559464,0.4960280564638,6.25750383526469e-05,0.642170765660883,1.16154488760848,0.419378655668928,0.868511310637689,0.504187858711075
3.09542431769936,1.6540548092716,0.774097923586684,0.92428319615608,-0.561542007344641,0.5209438555651,1,0.535272346018697,2.27336347645132,-15.9342270363609,999.999999999999,1.01153568307813,0.805073513612471,0.317416083009414,0.777996568952798,0.665115490524862,0.620236394575903,0.870801068075508,0.599796799965876
3.44171396913208,0.890857260459582,0.479964560938982,0.356319128768148,0.750868422336008,0.37820698817629,1,-5.86992205488671,990.463653468587,1.97255648230291,137.774368093146,0.751625954537612,0.565581584093666,0.73739027654438,0.56871049258544,0.877626650455508,0.253624560135605,0.119513091393067,0.369033941652279
9.93554816588497,9.4686397751796,5.62768317375852,11.088438801432,-0.956090318997143,0.0849995145259981,1,-15.798341386004,998.977046396866,3.09518928638189,45.2209993193088,1.58037862507731,1.24379318569273,1.53480993902059,0.953447720023257,1.44682362059549,0.966691695418497,1.77714489890049,0.948390040584816
3.49873644886043,1.83432055884776,0.423843584554889,0.919787682025801,0.223276140246863,1.42008773678982,1,-2.8308248668616,989.548048148329,-2.71083159902386,999.954044939002,1.92597539347667,144.522160467832,-0.0786401121495077,1.04476097523253,0.605741347693124,0.56883183193994,0.0357482167418562,0.625053569554696
5.95218624095703,4.79873276573315,1.41044938964428,2.32469247635105,-0.753331467205838,0.376715755082021,1,1.34259671460195,8.11454904065213,1.31832734457404,2.38362262069563,-0.479281883878797,1.43034978759184,1.11605027616118,0.971889711646755,1.36564482848447,0.772881574559632,1.38951871734424,0.877698031283886
4.12275595544882,1.79950004847957,1.05865948259278,0.892115322909452,-0.552133019764298,0.443818202747206,1,-0.138601605695397,1.43660883458152,0.836386549460802,0.581272392784771,1.109337856178,0.45828638616548,0.584798968301645,0.600283020574574,1.00011388460967,0.467200690333631,0.582465306318923,0.4683072047883
3.49343752249817,2.51605456502788,0.489816688417763,0.892890419333115,-0.602742906015067,0.429561861171463,1,0.924559102893397,1.71482468927947,0.524808359948115,0.612108862522623,0.228027943191225,0.679920500325862,0.566588280408777,0.740293723965145,0.259475978502771,0.837561442023688,0.265819244346804,0.705267115051517
3.51513383833307,0.943290273206976,0.646658603525493,0.558384613011194,0.219949100041664,0.860420133718166,1,-3.62799551311335,981.684585092765,1.63954708463099,190.513503436426,0.391706939979779,0.494711199784035,0.677080193995816,0.409614722193284,0.671005286224875,0.450772662364436,0.439166869003179,0.505490894571327
5.18983060635448,4.71961138718531,1.72732692032916,3.15216427311046,-0.526307192173958,1.03668130496006,1,2.34129697539026,3.22318156220275,0.397457574815839,1.1360414683949,0.766705041208814,1.07486502274783,0.873923700627382,1.06967305736403,0.818687516502336,1.13353600477865,0.954533205507194,0.973869167904151
3.03949076226942,0.983393588809305,0.475833874225477,0.522725677451685,-0.271898534658275,0.532797908045093,1,0.174691632895117,1.21023953080268,0.264724727132102,0.968332039711804,0.426065579622961,0.579052249638368,0.513403646656463,0.424763445007798,0.618424439344578,0.490956506611119,0.196498418992987,0.412571584263447
7.78223313135186,9.62580903251191,1.26764169843274,3.5547502616149,-0.888633887875407,0.266814333948459,1,3.51387132575355,4.08471235967888,0.610140586719137,2.03575753135194,0.863573258170121,1.48319129735666,1.20605467695088,1.24321568500886,1.40476743409558,1.34730298451585,1.21344233324138,1.29861466672576
27.6424532693069,84.9647897163671,57.8607299625014,356.210374355468,-0.989999942327877,0.0591139152588771,2,10.7248003690575,32.2854248668956,1.45366398702463,3.12525008483057,2.47864532968906,3.22289289023651,3.19320844851731,3.06903956878965,2.28452114843908,3.17284326561265,1.87784573495609,3.06957173384201
6.43645782087333,5.35256985932272,2.69888185860269,4.82419478222702,-0.905837439080834,0.18217712768571,1,-3.10387992192881,7.04260309269053,1.87116281296117,1.39776934971667,0.925880533919976,0.973319211844693,1.11544047243574,0.757755296585326,1.52266873515913,0.834201808294053,0.873384109773816,0.887620491709619
4.95270070014826,4.55380348513482,1.5777842291192,2.95744780500503,-0.826388734403359,0.391718484850037,1,1.17081433331906,3.59314196175089,-15.6368564668165,999.999999999999,1.12210496609609,1.63680142765277,0.759658675716635,1.12651446282925,0.628537722383168,0.992592131403437,1.36153416714096,0.935236346299905
5.37876053714083,2.95613745984592,2.09584277776501,2.55047252249943,-0.597086648809365,0.707111759381916,1,1.17090718705374,1.95196210904127,0.943464645444976,0.667967874005716,0.957097446933006,0.679061825834798,1.08526694787473,0.626169866055438,0.585117708864781,0.73059993691283,0.953182201422367,0.706149727939655
3.84673810172741,1.52502041807166,1.0380766158929,0.946088230928565,-0.611825331981051,0.424373827900546,1,0.223348360387966,0.734583554705813,1.16245868743604,0.603943402550827,-0.0854036429881836,1.07461516649165,0.374146260510142,0.942188809807975,0.632159853545619,0.50926106733304,0.914344053919693,0.497675131577274
4.04549873284558,1.81211066850701,0.403899392091772,0.683855725562427,-0.0281792528886349,2.11769517044357,1,3.03415652747297,2.98760721001707,-0.507430646383821,3.09381134335744,0.111030458795497,1.00578801504511,0.519477033230399,0.720503572719129,0.605768434105861,0.560245442432597,0.230066158608044,0.492254253518907
6.44012423719427,5.50666064691456,2.27251448063036,3.9835832153144,-0.875032051167254,0.253992136952221,1,-9.05343391799073,996.098186349423,2.42365014831331,88.2521445967045,1.52378506186682,1.03035922181465,0.426099447812122,1.10959057356464,1.60058984203275,0.99705984496,1.10444339793424,0.846572881773883
6.57706921446761,13.4379066383065,2.89116996072699,11.349863606852,-0.706926970121242,1.41409807136769,1,2.69235119040399,6.23366078560495,0.950226767396802,2.04878015279572,0.0538464569034153,2.19655557726891,1.16962591095675,2.10086677172253,1.10597033204814,2.13215058182579,1.10416110633584,1.87539064738959
6.23270594510685,3.74994200733272,2.08446658301244,2.90810804844681,-0.688494128009927,0.504771499215568,1,-1.59732767611279,2.73894663681583,1.27695221551487,1.23153312812758,1.27299780426951,0.985187561359584,1.27552376704853,0.866061578319236,1.45064973712663,0.704745501754502,1.03732408773329,0.645906081530962
6.1183363296348,4.08077230439762,2.41714728681454,3.67659474032192,-0.854478490129546,0.184132159156904,1,0.0782685164526985,1.68478646003054,1.5733593004495,0.745230698678833,-20.6785556156102,999.999999999999,1.15492186023845,0.837247033767204,1.44476096296918,0.758780210272608,1.1816446565002,0.75499966832731
2.4486738580137,0.902514546238202,0.145069771957631,0.146312633648148,-0.552295384857084,0.45392364043633,3,-6.99304303138709,993.259305062496,-3.05027223566229,999.984940562852,2.14813189891051,116.043473288876,0.909017312138652,0.402040546002336,0.130795324780565,0.580519532875654,-0.280395899648668,0.599854291980785
4.62976535045754,2.03723756015798,1.05978762756696,1.16352971845236,-0.555842742664856,0.495966837470563,1,-0.752512317663728,5.2781274753857,1.15229203780569,1.51741234056116,-16.7884135247445,1000,1.26081262703242,0.649082142194449,0.987119916779869,0.465750766433226,0.599563021782017,0.461370521140391
7.44028075312657,4.60269115710183,2.82280448108539,3.76411663526143,-0.869754546225011,0.150753881696525,1,0.861073673149813,2.1618140749861,0.655977179032103,0.870081697446458,1.79090660747763,0.516585221404204,1.16457631793642,0.888026927055645,1.06999087846212,0.630159943475824,1.28994680569935,0.576641857996158
3.51504817145868,1.11640819929257,0.144668898381282,0.222624813967245,-0.72638275804517,0.246587638901193,1,-6.94941346469944,994.669009404699,2.26652417600283,103.11931052347,0.240167394095262,0.647840612957363,0.512721114492143,0.608874151253481,0.405295248463378,0.482812990291837,-0.0124846083061932,0.559245693712341
11.1995901254472,21.765619066881,7.78927164702973,30.3239444592157,-0.946815016901593,0.22095928859361,2,-12.6290105520181,998.365089454493,2.86027152625111,57.1617868509609,1.91365783721669,2.02745760832945,1.59112834236257,1.91831299612824,1.79119804846299,1.98992177466633,1.35516038752603,2.04219360713689
2.37597669566212,1.03410879830464,0.288622148107967,0.343651915522392,0.113104511802476,1.05422267520937,1,-0.328991907663226,1.15695085384768,0.414247832852861,0.571573840138651,-0.175852527693404,0.827238459859737,0.533557492633511,0.576301960465772,0.0243898587283915,0.498963152369361,-0.138718919499025,0.842382879387346
3.37039663576626,1.41141445727125,0.677545956075309,0.555957279555914,-0.534817297558232,0.469657004714025,1,0.0886322660013751,1.29919741939992,0.277907713507898,0.929543844604855,0.464475286099871,0.527591848445734,0.683373611608815,0.397953904537028,0.7882301276117,0.420536245129245,-0.361676088650344,0.729740731728156
14.8805968847373,18.9510977900582,9.57583976669539,24.9750532011169,-0.946601418398676,0.175605609758106,2,-2.56688637807262,12.2612760575092,2.07338237420404,2.07440047039382,2.51685478924482,1.34806520259129,1.65971490929155,1.31035432823974,1.75295932442524,1.38143657295209,1.52267010722253,1.43486165064772
4.01972949947333,2.64692593064616,0.362790195198897,0.55891908685484,-0.572781687846697,0.95901227187564,1,-0.297131539848992,7.76849681768715,0.199680354471177,5.53341818375011,1.23669306996589,0.86282281580203,0.103797876752287,1.46735440007979,0.689744389539404,1.05544760712691,0.438321500373307,0.724031330949876
3.12924837387505,1.11473821748851,0.829476615008739,0.754503257770422,-0.324570426738929,0.586356608248993,1,0.47592078524319,1.16028139432561,0.0268417479351599,0.644726190882564,0.332290678084616,1.08949109348094,0.414667359025784,0.611989276383953,0.586488336972457,0.568596288641391,0.217908959895281,0.414086198283008
3.71742977348916,1.93743488388206,0.762356246781047,0.744928955658673,-0.472095194918902,0.682565262683769,1,-0.836478637543834,2.43921396017634,1.03191541324338,1.12102353678659,0.557719209013955,0.835710334268136,0.705984267046865,0.467290421457997,0.551903233603427,0.549928231031731,0.255479638020544,0.621531321637396
3.05031677839653,0.909748084547019,0.485637164897214,0.312556195661601,0.110000482080471,1.48976084598995,1,-5.78768613926198,989.285805790132,1.91343297825713,145.99185083483,0.526411718463244,0.482893927915454,0.379351059516524,0.494961120045683,0.509488250111613,0.430121941040434,0.690909865775821,0.341023170066327
6.36644219672784,5.71991845042552,2.02940636094981,3.91457850206688,-0.879960645925999,0.196199777483978,1,2.0709358632506,3.45628930541507,1.03721080167774,0.986882137992158,1.01371176788128,1.22407148706038,1.07154394953414,0.899284970675287,1.59080166629885,0.956565942507876,0.094661197406213,0.920461230736125
5.87774037712109,4.28844340411408,2.02461226104584,2.99469975187558,-0.799038853111349,0.394279046424317,1,0.124943575839994,4.10204666625452,1.43665320714072,1.12781351142948,0.460976996658842,1.17097989480559,1.35260820065072,0.906243595717264,0.698881801107853,0.83936748279837,1.3390321700499,0.855914510432918
6.36789181146773,3.68570051901823,1.98475022762799,2.44512160148533,-0.843828797339372,0.228381359738606,1,-7.85239728063799,995.119142927716,2.31097241990474,98.6808988973454,1.48469419128364,0.757848800203934,1.26417088722929,0.808546583825898,0.945257048728473,0.653781853025825,1.35873889317004,0.637242630713077
4.36099820525266,1.33716842071537,1.07386562018104,0.85666656417763,-0.115951958626835,0.750676990299264,1,-0.759463621062224,6.86381350412454,1.3052166405089,1.85524925972997,0.420325965651412,0.525016410016858,0.402955004428654,0.477641766138357,0.851468740690778,0.397263704088058,0.740330689292937,0.378057546078716
2.27101572043649,1.44876951981906,0.456812333014139,0.757282581296824,0.0345736970987449,1.14420747184806,1,-0.392226183340342,1.19717763359711,0.2298920330985,1.00508310686271,-0.42430701881802,0.981449372029356,0.406980561876954,0.791952846049648,0.572380717599347,0.661144421882489,-0.107523733557032,0.69972361066617
3.67688868585045,1.48440489047936,0.646401437924894,0.764559622518974,-0.635794283239401,0.454985548557079,1,1.16781794764901,1.66464256488605,-0.0194453393457702,1.50580828414217,-0.0841154086724188,1.03050412576169,0.766620565737866,0.446086155128923,0.396931109497252,0.585034008638429,0.581391710429995,0.432114378218253
3.8091024863615,2.22170664057222,0.790607797741193,0.994879977402367,-0.250337601311593,1.33827940521915,1,-0.446628500707345,2.51895817421258,0.911439438687273,0.915390003475266,0.836681179927314,0.77595212925543,0.52163769364004,0.753632911429415,0.619256989790758,0.486537693688055,0.723535575527869,0.726189357340796
5.14333151619487,1.83134357631287,2.1420099957137,1.79961138734338,-0.794035283525585,0.254864141327577,1,0.440987415412802,4.3986845644465,0.867696717859353,1.6585742138833,1.01578320420262,0.432258825036138,0.88839737529125,0.498308675312333,0.642073677521132,0.492256590846343,1.30272651926598,0.487268845310672
4.66847272772333,1.82396272571532,1.22763742453081,1.05637307024825,-0.417277490793419,0.619751526244018,1,0.238043367780597,2.86835684549124,0.528019012428464,1.11375397017745,0.773495504322677,1.04964650775172,0.930713043742744,0.519249176412266,0.794284526827741,0.601610283917988,1.19284231837238,0.428645609664787
4.06283394071616,1.78275968821799,0.887891977870848,0.825489442070604,-0.449144869065535,0.496359033346886,1,0.528436701903463,1.03766959492009,0.66537452394674,0.88599927162978,0.523438391793206,0.631163904895,0.50802174971775,0.498539991527558,1.15526149725303,0.467116302552716,0.132861882100036,0.734886449240134
4.02663820924059,2.50409764198511,1.75645187055297,2.2540947958901,-0.794707965347857,0.230477085411793,1,-13.891780837112,998.311034319463,-12.8749671633968,999.999999999989,2.84397776006404,58.0955952317442,0.449525396641801,0.747513022749244,0.696622488466414,0.711284150858777,0.866241927739928,0.71073167642903
2.52262472217745,0.607905505528236,0.310383500575276,0.356444463294471,-0.00255365061495677,1.35093727341769,1,0.714812477540828,1.17293427749033,0.21046671805701,0.648099851301278,-18.991077263964,1000,0.661858437348102,0.329438899261221,0.57266670788114,0.252810847830929,0.0144543979185833,0.489711554660684
2.94593325287757,0.631683066992218,0.342923129202144,0.353869686845183,-0.44000639146403,0.430933051727999,1,0.219998405182013,0.758058106301869,0.496638342522904,0.410134873806008,0.626725431322068,0.36663336850754,0.249328579286165,0.307323637468704,0.18574443371814,0.468517529138742,0.329782454656204,0.4064542675227
4.60681055975842,2.21599426504012,1.40192686421446,1.63774805470857,-0.237927687339537,0.98694420725637,1,1.41238139126446,2.09076533020249,0.526178059184407,0.800412356574686,0.195410200811407,1.25629729389357,0.21732203984023,0.372001382095478,0.670228144322957,0.596639577997795,1.16246011885555,0.623289136105476
3.43135341282253,1.34294511596109,1.17672461857415,0.978836372615171,-0.525854391129201,0.60229932132679,1,-8.6722092888039,993.352961919319,2.15521342102139,115.108332526553,1.12424995239436,0.360182180978006,0.653679786600042,0.583651415949589,0.599320360745691,0.426964169852029,0.877261564430818,0.430257938833304
6.16643146750256,3.07186636094855,2.10556929642596,2.59814385912423,-0.751177195144786,0.279009945795919,1,0.580687551435655,1.87784210907748,1.28690568079465,0.69842473477629,1.07845098910488,0.748671683942082,0.748148933793962,0.544297796932433,1.18298199607349,0.546187695566044,0.872902060868773,0.674660462934027
2.5405780189388,0.922383030990518,0.132247892469228,0.169170944877007,-0.246461344510441,0.682032720358974,1,-6.05659385647886,990.845577313942,1.99328232775968,135.000266137297,0.373766935855343,0.527834314747827,-0.278697943147374,0.624688113442277,0.424005042260684,0.428171013493058,0.149717517173523,0.457189547830053
2.79164721437975,0.878714951420451,0.151943397169495,0.202482209675802,-0.397816022545417,0.656007562678014,1,-0.442363625480185,3.41755987050657,0.946146013541797,1.33414835863058,-0.159272362661795,0.829533286513469,0.527305590078937,0.471124495803347,-0.0149064602198218,0.784511297840129,0.476253506161957,0.407733565325434
48.5566881040199,567.23129654274,151.961107200004,3561.46917795812,-0.989999979056532,0.251636133740603,2,-9.19998142315306,155.463478095206,3.69967739646099,12.1772424875328,2.39679146947996,13.0664080732406,2.7470423241604,11.5628075490035,3.37221474669156,11.8605514041035,3.8276496669006,11.6043307100835
30.6049779114288,164.953260338366,49.3154237626198,522.942014072715,-0.989999977882553,0.109623210094757,3,0.49868613205465,643.301855578414,2.96945098031476,32.6374973213768,1.74419664727285,5.94488068277867,3.1472667799199,5.49424449112296,2.87456287984759,5.26223946361433,2.93698850255755,5.39537302437659
5.04441646262282,2.1276141978106,2.78764636779955,2.51319360360839,-0.64462937363237,0.309945842333956,1,0.876936886349705,1.09434550769178,-16.3961497767709,999.999999999998,1.13584503585757,0.686121111592705,1.24262744425524,0.42105927418369,1.17713678817977,0.60806329674032,0.390171803704234,0.661274402491505
4.36906529727608,2.13631954664488,0.93207942027672,1.02520592051232,-0.678030327381192,0.382813554657011,1,-0.147269206773784,2.13582762089092,0.449970751320297,1.32238617938358,1.25636606136053,1.00711823729495,0.285317290850812,0.713150003413221,1.22936229502421,0.525485934517635,0.682516331462618,0.586347887088645
4.79731762889064,2.56404866284781,1.12018346643418,1.41652475984358,-0.707875915351698,0.328389762338193,1,-0.660587851336725,1.72533286009718,1.32938655659933,0.674843529704374,0.444741964039067,0.551298718182416,0.649222305284661,0.837360355172842,0.503214092087506,0.803892954625081,1.0138861572712,0.539610248306875
3.95746796548201,1.75239655980832,0.530785617883643,0.401757943675362,0.763489871009758,0.474489942071432,1,0.914565370200496,1.22335317869997,-0.142123883521771,1.06687595181753,0.992658003017257,0.731556117549095,0.915665498287763,0.765947265426456,0.229123420883143,0.5506265625047,0.794764606492112,0.410321454516364
4.7186405562641,1.92092276120182,1.32765309594164,1.37447390206986,-0.358869987957458,0.806552930322405,1,-1.02785691155957,16.0850142312039,1.25245372385838,4.4391344195833,0.191763178936464,1.27413612170341,1.18372745535758,0.513556698731438,0.795529807300858,0.425676026534539,1.11389157932056,0.585903202546283
5.19182108024387,2.23194510832403,0.920540489522967,1.24310185182245,0.78265839356651,0.551900627421213,1,-10.4218552005896,997.186584523344,2.58799090103305,74.9595530523319,1.17393438123637,0.667663328551151,0.561100518650117,0.344821424010789,0.948655892857781,0.556100686781114,0.760897843571113,0.458292472398567
3.9027819390688,2.47999737365978,1.1564548744141,1.82857330817057,0.288874567804687,3.05547388801529,1,0.0753747092720803,1.18454754017608,0.48153736961124,1.13531095372919,0.474522797626651,1.24291573686343,0.830809537296612,0.524849091073801,0.54549397758891,1.10718546777961,0.405004120613134,0.849653556103046
6.89985300724165,3.01142341193979,2.82041718826868,3.00746437711669,-0.46032835993225,1.17672974946878,1,1.57812538108958,1.46878412176534,0.875616624861328,0.87011733771244,1.32127505674461,0.56862003744232,1.21463786413678,0.582352567335505,1.02616414445066,0.637588334970304,1.17977283218687,0.519499538644017
3.77009718346037,1.09327482388437,0.540579656986927,0.698821095879635,0.788450837200422,0.234738504284674,1,-1.39233964043775,40.0136466818268,1.07563190438646,13.2268190830459,0.783987690023222,1.16175590243345,0.441789052615747,0.477348561929991,0.662020335702854,0.538254557540999,0.729528250872063,0.440570417807521
6.21638754540976,3.2148719930348,2.97172364005057,3.14095093452752,-0.792166166856415,0.213631981269535,1,0.163985545029165,1.45788113550868,1.4301680235702,0.675498016635756,0.472859439158336,1.05336893884821,1.23214075627736,0.599581771659314,1.22197069415562,0.491496191597368,0.637149676313583,0.660682998175783
3.86948515644511,1.40246547602905,0.640042054097713,0.675553198582966,-0.397777171555389,0.676040360167492,1,-1.07188602477638,0.602185408475504,1.20151919651794,0.368272258795862,0.602710299711486,0.550560922892652,0.685297857118459,0.550883510327634,0.375946727604655,0.573430085023316,0.538748008981805,0.482124399847039
3.48780313203053,0.653251666509558,0.399240820070203,0.472495830987353,0.849100662262366,0.13881383219504,1,-2.8665812629841,3.53686444960853,1.57522117647328,0.676810527516581,0.318168090607802,0.820956212154596,0.742947793012073,0.325956641668022,0.0805992672667146,0.346371846141909,1.07025042996111,0.249318947313636
4.36002972897223,2.20977881565346,1.44127894474774,1.63515641111192,-0.746438477849611,0.273889659942791,1,-0.0139920384960316,1.78062514922377,0.161065528196084,1.19569106606806,1.14455877239887,0.514522805696649,0.417421936345233,0.759546035612911,1.09043137775812,0.564497664730539,0.879085631890014,0.586762315384263
5.83316771288687,3.94568712740015,2.453931831984,3.79324886242599,-0.811132540259971,0.304841947978276,1,-8.77521692564037,996.155865951884,2.43114025123872,87.5990607912035,1.21745812284996,0.757592796112637,0.995985256109034,0.828365154747234,1.28839605668931,0.594510296446829,0.706608443190357,0.850143012724188
2.36893782322587,0.658139998659701,0.152209549156612,0.253084365030344,0.042221499409168,0.751317917107671,1,-0.148663860197927,1.06430918816599,0.176451907119784,0.642269444438234,0.437416010569224,0.486665789074019,0.872893124538617,0.421302111102243,-0.594221683987252,0.647451655370536,-0.429466681293793,0.460534896917544
3.61387587571243,1.96434641510731,0.677767221040081,0.642877743206031,-0.490771273897754,1.07331525492602,1,-2.35435218220748,971.766821331599,1.41504868515071,235.942899079985,0.685167393768407,0.902301908075413,0.794060396285281,0.620790543912795,-0.0616189883645825,0.741689046474507,0.729804863958114,0.529693602905406
2.3583477460175,0.78794243895917,0.271073720610094,0.406297454030988,0.0926358263947342,1.44344273666259,1,-5.24972561210647,987.757203949775,1.84558692704373,155.999087321184,0.302010717606452,0.499042059746114,0.327324432265976,0.517452084819241,0.269829578786345,0.478879763784844,-0.189673730736185,0.500441488139866
4.52422060778263,2.08276087072043,0.897351461172877,0.891104686665954,-0.388561018913728,0.804602473652955,1,0.672085787297636,2.58340725103637,0.788569943076215,1.1695661558722,0.854971744155377,0.781825025381366,0.731849742311116,0.515395705901601,0.0343688969627142,0.655587237687559,0.632798233331207,0.639227824098212
5.59167801511774,4.85752612072929,2.08718585201874,3.34844723657918,-0.657466798075709,0.905666411781241,1,0.571121088696965,3.81207686831318,0.841243013252025,1.49196811907296,0.920983919464533,0.948195543648934,1.23283390890129,0.985797572606744,1.28612555366604,0.941531403497422,0.417852900800258,1.33994305206436
3.18839010275374,1.69812286052032,0.789337833848768,1.16382698625628,-0.247321953114842,0.881807238559124,1,0.442956652614435,2.35126999544935,-0.505613852900992,2.35981836451568,0.659019564640706,0.753930507358108,0.798213733753177,0.596420227037497,0.727407822578796,0.606627770095278,-0.158566486915406,0.939651160445347
3.97720791677584,2.24991296468026,0.361499998239417,0.885785421644701,-0.641892149791065,0.396517377975773,1,-0.0872424871474771,0.950621121517532,1.01913861452472,0.573305865084267,0.335421020092005,0.855896264786362,0.592586685737852,0.727412660348759,0.395008264835129,0.523960280585217,0.739329164107794,0.653273492918027
3.74910529931594,2.05454753922563,0.834746580398207,0.894945630645023,-0.536466886915244,0.582451433032296,1,-6.62334474260648,992.648964009643,2.10434599965379,121.029328829306,0.552740726665417,0.586253709089399,0.85327877889031,0.620299899205737,0.664444817726158,0.580218160553968,0.975492378530637,0.531050113654915
3.86175097026694,1.56282089858045,0.641582837517311,0.799684246653239,-0.660742342473551,0.34920315794123,1,0.989853668938216,1.75194876628492,0.78534128261495,0.81526306656211,0.180423914873388,0.940777526339521,0.502558230271327,0.601646359764544,0.660303409687535,0.483399233471241,0.515870824245687,0.591806895838997
3.68830527451125,2.55491877709583,1.30230127653283,2.11956713464815,-0.195475579443031,1.55833461908994,1,0.602998097470776,2.40512887327006,0.0611810221905403,1.85230872185705,0.966020547844968,0.570108296860719,0.098817713594205,1.40279163717643,0.331912303855442,1.29815662372503,0.0128558710425236,0.803287413611684
3.81246955704168,1.87399823078681,0.71074028551238,0.686812678435137,-0.461131373238565,0.685221974257602,1,0.40736372612275,0.761659464612019,0.174593746478071,0.785450753507499,0.795852270537303,0.636304451117655,0.725631030911504,0.594380858474858,1.05067673396197,0.609783084804166,-0.211991404485404,0.767315912615179
3.61884878344918,1.22523787269492,0.982218438596368,0.721894218883124,-0.35615204501898,0.739376804188581,1,-0.231461263899159,1.1707898372618,0.813551042049995,0.731902959848166,0.549544938972127,0.475535158040322,0.42813034959094,0.467105692959078,1.0678991435625,0.404525283922606,-0.527836327030651,0.80502569236558
3.66751195307412,0.907108273661771,0.516489374964658,0.341533003561936,-0.291834644467394,0.649555219616618,1,0.271096578863518,1.13851043572572,0.698930430456949,0.808873564893207,-0.222546498488971,0.572479921320999,0.972809566540941,0.355810302475308,0.883255298159637,0.392441789846292,0.163199822643151,0.421878226050764
3.51573299531559,1.1885414725674,0.760361347982181,0.649183366756673,0.00364785980957345,1.48718383437315,1,-0.116739331857194,1.54900975205892,0.96896101215543,0.641678711526657,0.0955619757544017,0.778181649248356,0.604935798863349,0.523937707178422,0.78030997750233,0.480924598137064,0.247780980298932,0.428188914889024
2.8562835800137,0.947927322851238,0.495533880414798,0.422599072482369,-0.275791643647109,0.802977607236491,1,-4.34842543804193,981.66678499196,1.63904719834656,190.605314567983,-0.09235273426929,0.817572898988754,1.04344998048213,0.33824319899073,0.431429494351624,0.474913974223798,0.556796765499649,0.540387875374175
3.37728604793011,1.63948621105925,0.401542785500164,0.532812154900468,-0.183600702375681,0.9918451164397,1,1.02321885524057,1.18726192673994,0.660713945345381,0.815645950116843,-0.0408077612651385,0.737480465515873,0.0980492109471638,0.850758512096854,0.615395894947907,0.576259108091618,0.548907069137899,0.588523601552867
3.15454166552074,1.17988557294212,0.649539171745083,0.595200698446081,-0.5026893143145,0.602330025846589,1,0.366935289367284,1.04156857403948,0.0168638958091119,1.04074541952887,0.639807196681005,0.485067406460727,0.414438525896022,0.537924355684659,0.404858967268104,0.435958155356471,0.670607336481643,0.506900998152497
5.15949870147242,4.28596321098472,2.42808157981992,4.53996733149199,-0.850393292162215,0.261427443604323,3,-10.7784220190415,996.658127894574,2.50152725367264,81.6859518185033,0.777638062362439,1.04704051755279,1.20632497900669,0.920184029520832,0.909588213875421,0.912317041513074,1.00878208757067,0.932196353560719
3.4171745592147,1.12940662210323,0.680479354435981,0.652425592026076,-0.276886763901857,0.575145643288599,1,0.307959633219661,3.38670323607093,0.573575382467461,1.49151629185556,-0.0531931911329835,0.727484977044228,0.978810353706527,0.485183121307261,0.0129133049092696,0.581217573182948,0.668193535457234,0.396028295337126
2.54622233441369,1.28893274838419,0.278746275641005,0.42193826433116,-0.600904748767419,0.425010280032537,1,-0.343694072979835,1.9652192255222,0.13858849789772,1.87882960098889,0.489793419656809,1.01578238493722,0.542254687832644,0.533777710372891,0.214070248148602,0.539426778324208,0.0315395480420044,0.617288962262978
4.80734749381851,2.96185187848769,1.51698179631256,1.83133153905892,-0.279271700951122,1.27613898852236,1,1.91257452142871,1.41038505489736,-0.355563408244666,1.29052457207251,-0.384447361196685,0.994145803669546,1.13463134802375,0.891734210471166,0.454782446068364,0.811360927512365,0.995517243554618,0.606447651312235
4.31334312856383,1.75155207893054,1.02741257815503,0.939773073733979,-0.642986085861731,0.389996565021661,1,0.401597336904515,1.57834665061804,0.595765891294842,0.777229981154001,0.809209668120545,0.480868782028997,0.952241358723392,0.520455837512481,0.890061730314958,0.456582410161641,0.262176079348054,0.552575544939581
3.67038292928385,1.51629168340208,0.440255723940358,0.616611513944589,-0.0812349829622635,0.806060841099077,1,0.0210864952889068,2.13173022281574,0.414269263583163,1.1070473175674,1.04699860716826,0.448041687321611,0.19036876092522,0.733474777502598,0.532560972330241,0.518721624853887,0.57807905441768,0.605207392141324
3.18707043445352,0.979819211321606,0.721827702510081,0.532541907626953,0.0137562341627831,1.32654512105282,1,-2.06315882563791,2.01866508854411,1.50775255358571,0.487858094783234,-0.109866940073314,0.900349200454138,0.271461796177468,0.561057112091545,0.496647937291046,0.454464612238601,0.597994335503804,0.381376759135032
3.52154687566549,1.64794409311436,0.98025116052154,1.2017166257078,-0.246593550277831,0.835798108658537,1,0.301891063562644,1.12733957293868,-19.8940628246173,1000,1.0869919036019,0.420917526958008,0.716861620659243,0.676159148965297,0.569952315117295,0.803140040076054,0.473296414265528,0.569647885607069
8.19554241282361,10.7259029584837,5.55307341664941,14.7711377418883,-0.935355267075577,0.190316710397787,1,1.05806062184972,2.32355797120285,1.34117029828658,1.68349055796921,0.858679401852168,1.22264348579034,0.904756000997711,1.2708871142027,1.44387130742242,1.39962743447341,1.75378838932234,1.41101273676545
3.23888940910985,0.867448538551951,0.514815885974946,0.545239427133845,0.45756624975526,0.728481567677015,1,0.120393776802845,1.96934771837243,0.678451867257924,0.709782022178622,0.6547305999012,0.452589667002848,0.172816293218264,0.433480104356651,0.176079671423805,0.437522444231167,0.590560347317036,0.454820360883214
2.96462161236221,0.63903283007768,0.279544447792411,0.277026516231413,0.517937617354165,0.346874322412011,1,-1.5762424979523,10.5994201453489,1.02868839352381,3.72580384958306,0.0472996102616623,0.603345770597139,0.682194195740785,0.355945182475394,0.477257648826807,0.353643724814209,0.416812828857424,0.236676944787024
3.96117954739946,1.73930982457243,1.03942168767169,1.34218295942531,0.198526540230268,1.47991785949798,1,-0.571303912333477,1.11176400021373,1.06990497590692,0.723400659595058,0.445928622629241,0.545693864829201,0.970012142754295,0.388682311726823,0.346040781185773,0.533833273300344,0.621363285165356,0.578598690501956
3.62489396851821,1.36506885122761,0.234986165789623,0.292680580259674,-0.76132344003655,0.219155455706771,1,0.678323589752721,0.880053550145559,0.688878357026804,0.411736061810578,0.253159130906099,0.81907357139835,0.692482022731638,0.494153129672202,0.0812965163513632,0.549604083442173,1.01419184639574,0.398666712008443
6.07323116464473,4.8908253080925,1.96782220854227,3.1922382165245,-0.726981255466148,0.428210845986467,1,1.34373476834498,2.33706431181725,0.848155748231033,1.14382510441819,0.894416791286719,1.24775601240579,1.40529473045803,0.928917018970271,0.283612729222354,1.00771219979304,1.23515856956428,0.790694292890158
2.96371151000642,0.878578294683123,0.508112500162824,0.607356250013216,0.0878248954408111,1.45841520366455,1,-0.355114654968784,1.991181202163,0.139924025104138,1.71186074733696,0.774104423277175,0.559673749437761,0.661906320146965,0.398229939091802,0.104763182716914,0.643216354947938,0.597480895096201,0.422403830117236
2.85080723193056,0.702316497088419,4.31403241720208e-14,0.000415404979132487,0.800346853676763,0.11904864572574,1,-5.82781811171245,985.255797066607,1.75072419214635,171.088023569906,1.24465213370313,0.531982696491028,0.297437095042994,0.579991368429789,0.306573326788842,0.481657937558818,-0.392569228816056,0.389425510948775
7.97043334204403,5.0286666532374,4.74371379387413,6.59330609429026,-0.799124489469665,0.234520553713682,1,1.24059780371092,1.56633175096814,0.591107439996701,0.759615240702489,1.39132487951131,0.687330457442541,1.83154892850583,0.697551275866573,0.81185087957454,0.638611713378979,1.40753774346274,0.739179538275779
4.63260545799423,1.69009255307671,0.267046855944672,0.475641705442636,0.283049970884226,1.42356922490376,1,1.43697678100615,1.33214149570881,0.573653212169435,1.08751645484536,0.839074550545929,0.795367506967931,0.414527546513472,0.412135231585012,0.667764456496514,0.59208816117005,0.816912398269843,0.430020136022822
7.00455866746706,6.24856897877579,3.46594824822331,7.2672929902236,-0.740018838423857,0.53860484720106,1,0.542184913619974,1.63352108012535,0.559343014962407,1.40099988083205,1.37031867411362,0.891456542384636,1.63421206431581,1.22652922895028,0.607210154393074,1.05231040239161,0.985154193815278,0.943711333089613
3.48506351253183,1.66410714813218,0.678340121221744,0.815554972296675,-0.0474969047775189,1.35487385963527,1,0.101981230258953,1.76288104305622,0.0360157539253376,1.90852683999085,0.736618351014029,0.623625561600041,0.58926900687117,1.06071360883674,0.231128802563401,0.653015382573751,0.890895268657077,0.460581854322284
4.17158320885199,2.97018989378072,0.675781553440427,0.937557518646418,-0.725878101145003,0.368349127701204,1,0.65182304250455,1.38235517772031,-0.308233758531843,1.03619288323652,0.895828969330882,0.900465292848744,0.72647713546754,0.766068200885282,0.814796556483981,0.768121567671344,1.08514918130317,0.776038214438614
5.68651981612021,3.06661234197889,1.77670928211665,2.07382603117226,-0.84636838039314,0.149388808806944,1,-8.3904719098032,996.2341641414,2.44148843654156,86.7036952924192,1.41401285716246,0.531354986223771,1.13021672757021,0.613547233874624,0.802055712148029,0.752127347242331,1.27125045496453,0.615094751482763
4.5518288053076,1.59592058458925,1.19268605943275,1.14180665834099,-0.580792402460082,0.547946299201338,1,-7.5041232654602,995.316981218822,2.3318105832231,96.6649868957652,0.515448363327027,0.593661617534554,0.612123690072778,0.535937436211664,1.21902088825408,0.43738825478882,0.318455132759669,0.505739833505486
