"beta","beta_sd","omega","omega_sd","rho","rho_sd","conv_code","tau1","tau1_sd","tau2","tau2_sd","tau3","tau3_sd","tau4","tau4_sd","tau5","tau5_sd","tau6","tau6_sd"
0.923035856200242,0.53964240768102,0.173322206224834,0.255282495351643,-0.480577766097788,0.567482438714074,1,-8.24967917456031,993.449359194049,2.16259064395333,114.273290122655,-0.69427259577172,1.08072739702904,0.506014162208021,0.460665093006442,0.0832436183337489,0.653112524986468,0.47314276778352,0.489119123858622
1.64683391815659,1.41187923818911,0.413986371578518,0.721005731359814,-0.427495861959236,1.15975790768474,1,0.769924241955192,0.824395872494011,-0.265848867944881,1.10787539521241,0.321095835043383,1.31442160730934,0.653564955849955,0.835591932212191,0.0775615563957175,0.907079427460722,0.55284310194544,1.06379862609165
2.10835168607875,0.984456364829663,0.362251054174397,0.381675722078793,-0.408584168106465,0.745483222009725,1,-6.38659068380705,991.93561908654,2.05749863293535,126.742922905115,0.882117840203881,0.635577018987715,1.11352935338959,0.76597999534504,0.499979579614012,0.971556856348287,0.0627591999732816,0.870085757692715
2.44836973672056,1.22549993665912,0.374589813507287,1.08356717160833,-0.566287470519352,0.515765338559192,1,-0.290388317842232,3.4818824410906,0.727345173815451,1.5177361817853,0.932879578762109,1.22688376818775,0.0335452472989236,1.31539311611632,0.344169422500414,0.818671034294453,0.749999894722049,1.05801480379516
9.21154602565532,39.5960000400968,3.27894180952288,32.4903083969445,-0.949941555680142,0.462769396378148,1,-10.4725374119884,998.576214067428,2.92957223786043,53.3811266604273,1.70895179124298,4.28537504692692,1.95713207004422,3.5808556344077,2.10062436779865,4.30332723442908,1.77168250572583,4.00595891565125
2.49558985508596,1.25640855854134,1.69261438734354e-13,0.00082282790116588,0.969560309269059,0.0414914950071924,3,-26.5621542099538,999.323483714584,3.30219582947396,36.7775622355467,1.26773708606535,0.688393931614036,0.979903716625016,1.02330736195836,0.147380446642889,1.99949409486304,1.08535220802522,1.40703075174828
1.502351944798,1.10999840426222,0.448758860942749,0.737360305435208,-0.286108308423364,1.79227388358545,1,0.0614011004485074,1.20609921974384,0.275248390539045,1.53186714625058,-0.0371150393754376,1.12895419246608,0.607569007134298,0.932868792862884,0.4220584814828,0.735489953499527,0.707713207916487,0.75398429433052
1.09061150980999,0.813200889881972,0.543468562309466,0.68679294475456,0.115210749121287,2.10783207240201,1,-0.806674365994951,1.18278509312332,0.102560169671352,1.13745288062793,0.454567702287957,0.734037077904213,-0.395232008973978,1.00820869167095,0.347021928302805,0.654063312206469,0.270660898604648,0.669158152976662
5.18232655013248,5.62185571533592,2.1748350897302,4.73231537621977,0.520759089877526,7.06425062863362,3,-8.9691644798128,997.766201259072,2.70377444453172,66.8056893801202,1.83703632301654,1.40595633470655,0.578443940665287,1.25940943348238,0.61913175271845,0.753455125871745,0.908479728078946,0.902519704665209
3.87217660478614,7.80690419366344,2.08528650361592,10.5050931492706,-0.490234585021006,2.40685114742739,1,-7.28930141029958,993.792671784694,2.18976616488256,111.249233721933,1.61949361087637,2.03131734164979,1.49944983519629,1.50667765263782,-0.307120584885088,3.16756850697634,1.50114847494953,2.57385030040264
9.51253152856779,50.7211234844704,20.8013918274201,214.997507949963,-0.989999974272057,0.114176129876832,2,-2.57797085660061,72.0025830639802,2.18722777249639,8.45407389452357,-9.71804038760757,999.999976193378,1.97549818736484,5.69845447062705,2.57001217538437,5.70513721291162,2.69687987323326,5.36310965035181
2.51113242127081,0.756869121883902,0.686264403682115,0.634697751729393,0.394943608268554,1.34247397827495,1,0.440075611686527,1.08140605739219,0.801263494874359,0.609744397546378,0.758636550392149,0.765764253256222,0.00931759400660261,0.635511401591966,0.50375126109319,0.436035488727916,1.25281602710554,0.645175232436018
3.73294050650609,4.7820435622586,5.72671740398433e-13,0.0015135015565105,0.976018879454944,0.0797163179643944,1,-2.31833330123045,3.37040495912803,1.461338701621,1.67539772610599,1.70778545474038,1.54607592190503,1.34276188030793,1.76147225216082,0.704976824514266,1.17787142035026,-0.255426909586646,1.75117372995549
1.89415902834784,1.21953178389099,0.666205622458857,1.325856537921,-0.0869835357566664,1.33488571887042,1,-0.891187463752525,2.59041432128541,0.941631569406068,0.930466423970762,0.311546980295668,2.02314581549221,0.62563391084656,0.93715026204861,0.438765181101141,0.791162829050266,-0.151790962856197,1.25370145152635
2.41411084869386,3.53128712860333,2.11428812004769,6.54085938439253,-0.687274579843262,0.884637839078383,1,1.22555780751133,6.29295165554183,0.734657506736688,1.87217429734696,-0.443475646670617,2.22441347749767,0.691795215499533,1.08771312284638,0.734687483656707,1.80675321399356,0.669013602050832,1.52152867645851
2.75102247230769,2.87659191558204,1.57368835888359,2.74228872475465,-0.497540949491646,1.19188271660409,1,0.541644312200267,1.2894693746228,-0.279982042458315,1.45174256456944,0.453579096359894,1.25690482044335,1.0356920936764,0.944130536919224,0.755028764360272,0.966472353957605,0.792661615949572,1.20462537348566
13.3885532290174,167.926777655197,58.9175856958715,1541.1971767331,-0.989999977557875,0.236036872230248,3,-33.1914830342565,999.453620075287,3.63706475878077,26.7316678540827,2.1911599493014,9.22205719783543,2.38281088413938,11.8100812717684,2.14322593444321,12.1432798654344,2.2499086103192,12.4169142154963
1.37890475405807,0.438759106824749,0.0746769216783876,0.472509496460223,0.893685184854888,0.310245178780962,1,-6.84801956104248,987.947990215915,1.85358488486462,154.786639618044,0.571849237668394,0.776467757300662,0.810377688418281,0.593638613852111,0.224945666361225,0.65093458504181,0.649889485763447,0.34899005686616
1.46239628449457,0.824011133425241,0.271440609336714,0.429226917079478,-0.175009244671515,2.30171755019528,1,-0.141545081758634,3.03145374542415,0.414922833790563,1.16297030988556,-0.135339390592888,1.01802992291842,0.381973465493208,0.852084307357294,0.0797149138279882,1.01214203805291,0.851793755081494,0.920430578400427
3.95832982173005,5.15933067794478,7.06751327838835,21.7843013081973,0.334712710215045,4.24760578651677,1,-0.821291764096219,12.653218339805,1.0986960860377,6.5593036223568,1.35895948603055,3.70456164495601,1.36509620699562,1.42849400730088,2.20408002523204,1.35895202154033,1.5333677302925,1.44317633180787
2.04585345454909,0.655705306682937,0.372841918707824,0.397712522639687,-0.112834600864515,2.0949722358148,1,0.210614659817487,2.60098632227973,-0.0141595794767445,2.28954209272862,0.282442237950554,1.86867706972701,0.802929034800576,0.563588174324856,1.2022205440158,0.362590825687821,0.758327504711478,0.604903323297877
3.77185681042059,3.57063815402945,1.98538257697136,4.56887935836067,-0.785775177681599,0.577693503418559,1,-0.0565077586042344,2.59736574611533,1.06201972547229,1.82015974534378,1.173288148511,0.845800744332281,1.1120773812551,0.999048562267878,0.754022136103909,1.36646425433576,-0.237474662468587,2.85748525948958
1.86247673172913,2.49550455185723,0.528324354297805,1.29852823046142,0.358642657392888,5.24656386100756,1,-6.91844417082006,994.407941337382,2.2424225279769,105.60780673761,-0.142399366916007,0.821063386041315,-1.36663319496702,9.0156884186613,0.356134966832518,0.790773724153786,0.582411010436166,1.446761880906
1.5535172107439,1.83393440689551,0.109455428479761,0.535113309049456,-0.0431442015833298,1.88787295804776,1,-0.322852749331661,1.6631237183805,0.254681457097274,2.22294904910423,0.382977623747219,0.992569755298161,0.0877241886368039,1.71644442600345,-0.0988292265020077,1.65922066965373,-0.250100132032539,1.1363419501741
3.81444200627436,15.9636680992515,3.11730310922281,26.9371887275381,-0.660812076153406,2.6519316468416,1,-13.6891001063413,998.036884803442,2.76855112752345,62.8421957883193,1.10327387466407,29.5838705103322,1.65676740305016,3.90223366757258,0.914830657144375,4.03951229001137,0.561479166032704,4.55493782674676
2.80865916154241,3.03841919523119,0.8027827844804,2.44778132088465,-0.650888784419394,0.722757380520174,1,1.20154942984343,4.40098206148695,0.867088469680039,0.639427473306472,0.628589078424591,0.697658424278733,0.246728884986534,1.24372571247948,0.76386930939625,1.16674255351186,0.738827979255468,1.70934061147484
5.99981933228449,78.1113785149385,3.34218131833121,88.5691033167515,0.523719946570114,101.522572180642,3,-12.9825495677629,998.975233217462,3.09428050586242,45.7491593940176,0.487175271708851,17.6483044539252,1.22121193485467,5.1639555600464,1.42389749943159,25.216067324937,1.38726901401798,18.7388061303467
2.61756199874592,3.29171090419869,0.434965343922644,0.93365712414724,-0.131808838157565,4.79445548098049,1,-4.93129505356506,989.871293511829,1.9419753353594,141.969640152509,0.506643443570896,1.57006227867333,0.324881266189748,2.21519435263609,1.13645212727157,1.29894505390062,-0.891848406059563,1.55909291162849
1.55691466162694,0.542619636439769,0.540049082929887,0.602522482786339,-0.144364209818681,0.844672559755989,1,0.264204721197998,1.51603754382999,0.19232448607061,1.14944996723179,0.0941065417902469,0.778575351061995,-0.127021071255196,0.889912093345913,-0.783148303183205,0.858981081004442,0.554671511298983,0.515351108702243
3.75036839582066,5.2570378803204,3.74026424363261,13.9109744899017,-0.633423287310331,0.584839966574954,1,1.2852240741987,3.31308128604717,1.55732113310602,1.44789202847245,0.349735769094046,1.64509460864903,1.30351527992449,1.36572868565207,0.975849037133612,3.2773969966045,1.90433509883962,1.21260587329021
1.96006857465272,1.10090571322014,0.273424106230834,0.321728594339893,-0.517344483553592,0.660743409783144,1,-6.86248883670155,992.392177349482,2.08698413360409,123.117026834467,0.157122895231929,0.967960985723995,0.368671847366843,1.19982478076483,0.921965039916199,0.683280715699027,0.252634655492606,1.03021546346312
3.55389218039638,2.99718259791678,2.7180857693238,4.69743288622122,-0.64496602856289,1.14163757630141,1,-0.245534622623783,12.7422242733687,-19.7911262666618,1000,1.62652609151279,2.68621356279474,0.0350172063573875,1.5956816348169,1.34375959555323,0.798152759519547,1.09352898008972,1.23760910607747
1.61853790638891,2.44341434812163,0.638770435829099,2.01426316549397,-0.324630711849887,2.08707389443245,1,-0.71598881979051,2.0142893120481,0.306510785067354,1.37463995337607,0.555209554483117,1.02569303536962,0.342151831419469,1.82848679279331,0.899131350598714,1.51743844093831,0.606588467268699,1.56062821696029
4.11892459622289,7.78380976988298,1.58909966179369,6.3931932776066,-0.920181831844805,0.257304884873043,1,0.273303187509714,4.10367698593109,1.26181866968644,1.74025498069571,1.08420578066901,1.97569213586114,1.54017778891459,2.05068598866272,1.19061438802661,2.08825921411045,1.23457039084521,1.91284458022671
2.50932928113775,1.68169299581923,0.950953956673617,1.43339916497336,0.156846415044757,2.30929508904859,1,0.578925510222674,1.35288998702249,0.150591420288479,1.28622326702641,0.760454368757682,1.26515976634022,0.561325598324715,0.509698151649346,0.613696386511585,1.0019000945985,0.298177197202578,1.24751872792264
2.13112853517014,1.1078612394766,0.238286732892256,0.664339893840873,0.654815852062506,1.23766715831609,1,1.57302823904659,3.70672589004797,-19.4360566942675,999.999999999999,-19.4360566942675,1000,1.03845392286781,1.43093167738268,0.964070704909388,0.681919612758702,-0.313293380100463,0.874917163428261
2.16389075973333,0.611278251414009,0.209017373787224,0.322309728768633,-0.238359502886586,1.10503402055466,1,-3.47185146520914,981.957195814424,1.6472539672919,189.103447767156,0.479448969438408,0.732823138202914,0.455909447949117,0.430263275057221,0.395473914532565,0.762911657304502,0.76837884678039,0.3770651141522
3.33634287344125,2.27625238860816,2.82410469594595,4.86510012208762,-0.81898966563016,0.307507791204994,1,0.262061332121545,3.92811804888846,1.0671027647718,1.05718782013439,0.343412745257861,0.919452440565455,1.53518113885633,0.599553814939509,1.35418405680485,0.913788941051265,1.67729736531604,0.976586408517239
1.79662798278777,0.926565797846415,0.225116264342159,0.389206989847426,-0.0461075630728152,1.70101911049481,1,-5.76867633270551,990.516824509547,1.97539236802062,137.391852347023,-15.9166368882417,999.999999999998,0.498847121898266,0.753858579093282,0.75465299027838,0.821608534318829,-0.0444989892564912,0.502308991487502
1.57075798188906,0.9536261165211,0.500407239498826,1.04088781875964,0.405421910487565,2.73949736265401,1,-5.60832813296162,990.319654295408,1.96495361129835,138.805866254168,-0.456676706802973,0.993668848739754,0.402350675517331,0.693232760692765,0.751299007454776,0.457593972749672,0.636991545279576,0.729235254934943
1.98029366066952,1.75305816796524,0.18058002877433,0.590510653444224,0.708218341020227,0.788964037140391,1,-2.21188457562496,973.048394757067,1.43974387734515,230.602450051101,0.54037672478607,1.24737258188531,-0.124365918772254,2.68417200579367,0.793161539285246,0.652249792479343,0.231631222608178,1.03606117836433
4.55875895043351,4.59667791732444,2.1745535035765,4.36829964721261,-0.785556157146891,0.635744504243977,1,1.85735185159928,9.10492253453256,-18.7048786670825,1000,1.61881647217882,2.3768832334664,1.36080334300867,1.17456886880646,1.1294927683842,2.32744481385357,1.3392097344465,1.15786198921746
1.73388532511456,2.64017346289194,0.318669694104299,1.27517134321412,-0.594015734207535,0.904810300800579,1,-6.82311173227191,989.146629780729,1.90687413227556,146.932078058155,1.18337620524846,1.2377876992975,0.694280223011035,1.37301146831233,-0.0609120141239117,1.81783813810762,0.55818974667542,1.41212986947416
1.86815410755555,1.67162084397828,0.943313374626262,1.76425924432148,-0.499893582906009,0.711363134853453,1,0.179106799863355,3.96715411840394,0.294512022258764,0.54282017262388,0.170432982441178,0.729727363046033,0.639419718918121,1.28974540773522,0.892671800483958,0.728815099608051,0.404763694144186,0.856389557341527
2.31229452167757,2.92311789301619,1.08700668236506,2.88823915416225,-0.829413636495777,0.313936167317709,1,-12.9907998845429,997.410108916753,2.62955073467922,71.9244650672723,0.442138715081637,1.38091390977173,0.896170119767938,0.976717094898505,0.318089019930479,1.5668637739005,0.653477186335601,1.08838604750786
2.07733056537197,2.66807524515716,0.284108080488891,1.01287739520507,-0.700876911115616,0.84838322803927,1,0.0100908497526324,2.12070828360617,0.648103996451883,1.48220501047384,0.277135204327868,1.53729931995741,1.2640392084879,1.28254258686557,-0.25665720574448,1.31930188918188,0.0711256206352613,1.75795821000369
8.46266538469948,11.6969044268277,10.0212188760883,24.8982477308654,-0.941445476196105,0.181818113151835,1,0.821632475425643,5.56574015195246,1.70191660032693,1.54711528248687,2.06458456227745,1.47135991207687,1.77248400875073,1.4033030999134,1.99802868616471,1.33532555269027,-17.1627351211228,1000
2.47499401460975,3.32152477328384,0.571087101998738,1.99268262535626,-0.696695491287786,0.773636126919211,1,-0.839157971832768,1.07238920791786,1.17822862160672,0.982389542184534,0.706050333859279,1.783281746509,0.855281193068337,1.48030354918188,0.316837370493783,1.55176741221595,0.352106702630252,1.74624733722314
1.95944749769894,0.545711816143883,0.131311603765297,0.298748461277441,0.670131293694729,0.410966397622065,1,-0.693363370275737,1.06666399682319,1.04363457163073,0.448383307775879,-0.349426525794528,0.885354771574894,0.862094993942087,0.450777903472359,0.229113886865035,0.509445805285966,0.519651320198113,0.57118853667244
3.60703840602565,4.33789813275173,1.92620972824134,5.33482618058902,0.312681959663281,6.30705286950856,1,0.968654753823685,6.48911442651242,0.670407960045448,0.865156443670859,0.796380731702657,1.57900162111672,1.35125210968076,1.65129172173946,1.31051078300462,1.10828345155113,1.32718891822411,0.89885856332801
6.73098233066934,24.5490515543609,3.92333011636814,29.3923126211839,0.487034568138348,12.9765797372703,1,0.205354142911159,989.564226793958,1.92675627288541,144.157459314092,1.21782849840421,3.91179489192936,1.51491247432725,2.27578106200648,0.857148454784625,4.44888006279905,2.52435993797668,3.75669098348495
2.0841602912838,1.25810245377299,0.784670388898234,0.99080294483174,-0.336095416349839,0.847990776077426,1,-0.383655491897689,1.71214945029594,0.945373191405275,0.952182567002975,0.423110449415814,0.760765292190717,-0.336802343027872,0.839982152734856,0.080745086877295,1.01278906267276,1.09579844762245,0.787258273478937
1.95082853092296,1.52213863116164,0.633420555214055,1.19523197815024,-0.379922155607373,1.36876021897768,1,-0.888696674794748,3.69602754110632,0.938214865015942,1.00227092233113,0.88306058733432,0.660505608870686,0.009767053786251,1.37051379276247,0.0365225854706999,0.845108661417028,0.795398288842416,0.915118619331879
2.030454901896,0.74442577700374,0.240311635018937,0.320461747325895,-0.062889419224079,0.814682339150003,1,-6.0066317080935,986.726500065087,1.80438319182531,162.391807206356,1.1240121203294,1.05287040745077,0.541309203593837,0.660226685348252,0.217952108744322,0.826458481860923,0.839002727228368,0.61887392836678
8.01020044590367,39.1987310902318,9.15396163058524,90.6454780242432,-0.778428498130855,1.79367405490184,1,2.27714395386414,25.3742606092109,1.59664226964964,147.91354073241,1.06902748470896,244.349163515903,2.3079814725722,4.68590987166542,1.00649900546164,5.36118722827017,1.68095565667023,4.74740309059712
8.29295421164666,27.5282516165541,9.94852968728402,64.8775918830427,-0.727024807969271,2.23643276480235,1,3.36757913027088,10.0756300786137,1.2986776759694,3.51529073081413,2.44100023927776,3.38776652279352,0.0100459057454865,4.80122840601174,0.731654327999175,1.53018814011601,1.5413382070077,3.76248309399521
3.31153098156055,6.7741181054297,1.00877165144009,5.01648822596148,-0.792536538164108,1.07490924195035,1,-9.33434924013715,995.889086851635,2.39739045964693,90.5846516408528,1.18845136495794,1.20588248551231,1.31010144944775,1.82456665597748,0.350074953174336,3.64328015251532,1.09368371899341,2.88770501254831
21.9624270926386,154.742244724492,61.9776466550806,894.164887043863,-0.989999966371759,0.13552652365679,2,-9.9883047221047,412.944489314076,-7.39367242892597,999.999843067818,3.80725073400678,11.3044776097911,2.69665040278132,7.09797405237679,2.07628196989702,7.30755134180517,3.41806716571814,7.19945554622093
12.5049328944206,48.81225007123,46.812653430097,361.923290530861,-0.989999967000424,0.082846835304527,2,1.61973980193309,12.9544634732429,1.44819592699775,4.56488741589989,2.70773147383727,3.83863286242395,2.7247318478677,4.21917892879831,1.89723892604531,4.19057951550896,2.1980437658261,3.94121425244168
4.22745178561941,5.53433416522796,2.42768167710169,5.84040187228151,-0.505634161717846,1.27181334752085,1,3.04473035425557,8.23012308151122,0.639059074278323,1.79256267565857,0.1489541892305,1.56232178767995,0.716600734532607,1.4995255442044,1.1892310761969,1.87575179062915,0.515678746680549,1.12321401156244
1.47124070184641,0.653746741517835,0.27257685358865,0.385046812453844,0.0332113146926431,1.20377428112484,1,-0.2645538163253,1.47876993740089,0.324197751941931,0.95610569269641,0.174193712761825,0.928555093954847,-0.69140330814202,1.3057298751442,0.962485171005796,0.543663775288829,0.148074566614439,0.527836318929376
2.46212519192732,1.75403048091277,1.85944705930102,2.88633875059518,-0.456631223045764,0.926676753061548,1,0.086481618917994,1.58258598316807,0.639091912988823,1.10283926823523,1.26705145648228,0.853541939107164,0.0931527786595865,1.41200119905927,0.226629120802807,0.928326443844513,0.594596856510697,0.918055961340481
2.58710294580514,2.26580381354445,0.830365639781007,1.6514552235794,-0.639893539982722,0.937722124753985,1,-1.66679336749371,8.91577485959162,1.38640439402359,2.32570481528188,0.793607938142897,0.942987940021667,0.711002232658783,0.686731490339116,0.918460015498499,1.13301676462877,0.705839480928379,1.22310134763266
2.12456431679392,2.86483655769847,0.826752983484955,1.65243488532861,-0.721549709759627,0.977160468552239,1,-8.66607936033772,994.370753435918,2.23908002247305,105.958845441807,1.11280167098984,1.65711513679834,0.791331349408359,3.18685181671711,0.566065125341614,2.14343269118419,-0.315150228996246,1.68212405626695
3.29547963258611,3.39858922426392,0.667433280386721,1.42312715868478,-0.704102659107002,0.787980361718648,1,2.48475922887842,3.49864535172058,0.947400627082168,0.962362408053858,0.778985678839009,1.19366671794231,1.05271775121153,1.2895230130481,0.359560119098146,1.59094707504084,0.411347205646072,1.25362463309259
2.92181873333733,1.85921544318436,0.516257052109568,0.789819199885852,-0.200694637215796,1.43098758900005,1,-3.53104112214878,992.723342043427,-2.69953169451524,999.967222741893,2.10945398585687,120.69000377924,0.469072205066581,0.776194813347004,0.724671761660531,0.838173741343424,0.880963749370809,0.885079746429086
2.63375623992442,2.3852513144584,0.790087543135405,1.7960403291778,0.045635413600165,3.02885855822326,1,-0.578752734833442,1.49851278721919,0.587224963361746,1.21500135637781,1.23428566471793,0.981735636352662,0.00280789399645075,1.21223432434352,0.677871776430007,1.12132730316374,0.493752964525374,0.836861877580967
4.23566314448804,3.34882372640157,1.5715108991796,3.83509014807451,0.425512725294077,13.1533130633926,1,3.13389825339889,7.06471806156879,0.408968790898214,4.70455759024086,0.910203540917653,2.4961219233779,0.876298134545317,0.883450658311597,0.61796478972998,2.15016910766859,1.70113397881259,0.505735129543344
3.01096665200828,4.92620192338403,0.725894630187902,1.86428519925279,-0.85468731138847,0.407366615111839,1,-9.96253969617093,997.660546223331,-9.45696559862557,999.999999985731,2.68058806182934,68.3658298313771,0.269723251425692,1.91877423405899,0.035519094860471,2.48683166475914,1.29764220065607,1.45953872840117
2.85336032989076,38.1501077628596,0.754764234538916,17.996741737409,-0.48003509758799,11.534084465798,1,-6.40655391215892,994.353817319901,2.23754600212275,106.297656305232,-0.091627379494994,19.604617828487,0.6738720309247,16.5387511316738,0.87535694975511,16.7409157363888,0.802381354421031,8.12329245555186
3.79768010695172,6.46345223571258,0.833844781782403,5.54066961735497,-0.107592908237113,2.64602674418572,1,1.84656409221469,3.8037430990748,0.0965282058072598,1.79828109140821,0.717739327328095,2.0813739007048,1.55555882925487,2.1741016641385,0.562783609959475,0.986226151508024,0.276259352104918,3.33656039747961
1.68023769472368,1.67541550547854,0.79625234998105,1.78436046046029,-0.390726315296727,0.648345327678798,1,-0.670102962337574,4.04832259474166,-17.6839114895728,999.999999999999,0.486519238498422,1.33345626769836,0.949400354763321,0.847564754214155,0.325627917667089,0.75617219288735,1.01208429039478,0.972042138700738
1.51071275979576,0.895718940995673,0.172412984948576,0.178230973238504,-0.187692210501234,0.745090083891522,1,0.341371380131887,1.53777752008577,0.129899831409884,0.89431893461848,0.0886627470773676,0.670315677260726,0.676025466013239,0.51934237892507,0.308296667388211,1.23462607929793,-0.0647721738243365,1.22033045415482
3.32512898160959,7.1685755313763,2.55536479119489,10.8901192364024,-0.56737138243654,1.08404176565744,1,-1.67472405411686,922.356681012639,0.870200841911211,386.362546297328,-16.1113269414499,999.999999999999,1.80854365336839,1.938478189242,0.928211556158401,1.50231485080906,0.823586466467765,1.37146730062354
2.31626728429034,1.62355303685645,1.41830289101091,1.96156215392524,-0.80424128762579,0.353423405220559,1,-1.82672425410176,1.95255807612977,1.15441819595854,0.74194070524141,0.924113410444368,0.538522637757464,0.890359555207219,0.847556740287987,0.979490454091459,0.830196588508986,0.433696006914043,1.03581418167904
11.2503065571407,56.1122577060583,26.1543942068786,279.522649137543,-0.989999978639194,0.0938889919341239,2,-9.80881977263866,96.3263498489209,2.80459884256324,7.14484771330658,2.13666751198592,5.44146214798614,1.68321424623717,4.59402150780429,2.12146620632124,4.94604840711291,3.18125492430086,5.20450580193397
2.28065070945261,2.43371292340419,1.43597727612373,2.82923650902377,-0.0997487413541816,3.2346277384312,1,-0.7031557535002,2.03387193955242,0.924385705059401,1.64983547438673,0.456735989731688,0.962542715649415,1.02143883116226,0.852825672275106,0.181853269521791,2.05434559373469,0.681885506260778,1.42857861208519
4.26243308475926,21.8351244797654,0.809582971695334,9.46597311330165,0.131879039943865,23.316211751274,1,2.63792256892456,12.3196025460845,1.22032680242422,9.5424956192575,-0.290732912913406,9.17255364753157,1.36667157299535,1.96976769275231,0.298777140284898,32.9074071934607,1.69430782879224,14.7926475427712
1.94834070240271,2.09228207408371,0.689861947569097,1.73542789166075,-0.475537385430846,1.12336156511424,1,-6.46573254394532,991.950585120751,2.05843863923539,126.626120433237,0.636042995533566,1.57290780874018,0.280005943793067,0.754851510393697,1.09606809831249,1.02460616678358,-20.9337440809034,1000
2.03302281324476,1.70434937568461,1.15936421591024,1.84413974991189,-0.199070824630336,1.81606274241368,1,0.0549400343847625,6.17847628845409,0.753518214879534,2.45744946535334,0.664093195646203,0.699815518468907,1.09118598494095,0.717468971267006,0.72862184093692,0.938144673984396,-19.551933752535,999.999999999999
2.62309097633603,2.30682062337818,2.73442202577799,4.14090781808197,-0.173107882132168,2.13556898129787,1,1.06712991241266,2.4509712757606,-0.546921938126552,1.52960128866376,1.30468191484771,0.406151775989108,0.479539661116205,1.63265720874584,0.32080436139873,1.80427756927801,0.462224188638668,1.16747204781737
1.87299809458381,1.46912607027236,0.36789479201565,0.72200315369367,0.745672018344336,0.506618000465314,1,-6.02932116110413,987.135059037422,1.82032912200047,159.889111529498,0.805751165986762,1.38372604527741,0.656599139510822,0.66199514984807,0.659333079214469,1.15478141940609,0.187264310227273,0.700274829096085
2.98733725590624,1.57225534675272,1.3097415687268,1.92526301222862,0.730537057297827,0.839392664717645,1,0.450066375609658,1.26315371468747,0.300612511533888,1.37655302029692,1.22366717538108,0.759392614208588,0.0845421598257113,0.802699389013892,0.947467482335228,0.504262672772412,1.81399227331994,0.505112094777951
1.72504521371937,0.509269695808872,9.96531671495526e-14,0.000631357797604934,0.927907266198643,0.0613378338972488,1,-0.52124035518188,1.75942877116019,0.660471471040482,0.846352109961139,0.494792041217069,0.862965766290397,0.137611833700308,0.863397787068853,0.715495114812908,0.60706809750574,0.582772183600051,0.422622369146175
5.47231979779562,13.1963537409629,3.64940895739859,18.0410916644227,-0.909826552844825,0.506858815153737,1,2.33961569603963,4.70060763950129,1.25020885656534,3.8863162515326,1.60660616350869,2.53233874943173,1.67911372097284,2.58267783646746,1.57468696818954,2.48568033753695,0.96093336990366,2.85999778705507
2.1351343584411,1.9939910825971,0.390229341622923,0.872317779085255,-0.601660894598717,0.883187869182268,1,-7.07764080204355,990.035468426806,1.95027085374757,140.818451670695,1.31764174069684,1.20448697538407,-0.18578485095803,2.27661108081527,-1.03215322624315,1.34839971767143,0.34183431513178,0.922839385682865
1.72039744961922,1.51600388402287,0.391015505785577,0.603983805696191,-0.217826704063942,1.99862932414644,1,-6.59216733924408,992.638302791997,2.10361350762858,121.117640615478,0.187416455601342,2.04643351615855,-0.790530725998768,3.38707464264689,1.03624303099582,0.548994893939224,0.532727274988565,0.865932415194631
1.77859503112809,0.643904157222551,0.71299489893095,1.59565003656947,0.579332385662871,1.07794473817639,1,0.119819512238667,1.63678834748816,0.44552881435596,0.975161872842166,-0.0121046274948424,1.35288805690792,0.143803465352712,0.895597729801871,0.00533387335165806,0.604331421139854,0.714099560408433,0.532273523537057
4.65764507948432,5.91231289299839,2.34931233040328,4.66208278753098,-0.510159949782836,2.50826922800217,1,-4.1398300446847,993.253564800405,2.14771666806093,115.965373886104,1.07540026163967,1.60981999092732,1.23469634516959,1.00329855690406,1.23697786688321,1.22625802402039,0.87865408925099,1.65645724336881
2.25858100980436,1.00396993141793,8.19297107658008e-13,0.00181030064645408,0.888057233951851,0.241245253542383,1,-1.78643685050329,4.71589042651028,0.965845549327339,1.24404657167736,0.801902405336516,1.13498826354707,0.748485168290039,0.453334850639325,0.804926914177793,1.23253582190407,0.974614524884867,0.434769902303408
5.3729025374189,12.6564024519761,2.57173407840046,15.6270929719685,-0.781779624131928,1.39915036491485,1,1.71988552596338,309.645116188001,1.20655463706,43.8728441729035,1.8982901208462,23.4745194328131,1.11051909492862,4.00514685673734,1.01840723048423,3.32313137447364,0.24590993599201,2.1066386949668
1.56562288412046,1.03565556250496,0.240763114922601,0.451471846430481,-0.180722046676208,0.781887478971124,1,1.3983547670902,1.91529401016246,-1.021855442251,1.49774617866225,0.447930393825169,0.70280308986247,0.0986959567198524,0.926625802710273,-0.0893872397183209,1.15339468962551,0.287846807468817,0.905018498878708
2.34394315905776,0.788658535552525,1.24564323058588,1.02250714902128,0.565157603793759,1.36056679302108,1,0.463730353935107,2.5371665336835,0.836027830232366,1.22989813352784,0.279720790145893,0.557754670938702,0.723995870451131,0.506417750851673,1.24126847699888,0.456502022902776,0.785556638478995,1.64090735461463
3.26941403573346,1.29280063933522,2.5676130973389e-14,0.000320475465353514,0.927856830487456,0.0653663549267711,1,-6.51918461963699,993.036343969604,2.13170765672199,117.808621785352,0.694747153999967,0.923521547030554,1.08409375529903,0.659349274409922,0.960650442257357,0.602918836615105,0.815796113318363,0.711504911288386
1.10854774389872,0.506102256996051,0.0822756470443078,0.327598860778412,0.40299938651007,1.117268087503,1,-1.32495868092779,12.7012371846505,0.55998578390193,6.58385152403144,0.617969417715771,0.893703954945075,0.593155709513311,0.405382226949862,-0.116097630604572,0.851067762716827,-0.439454302131397,1.40183542095093
0.802080292605667,0.389947648865659,0.040316275981691,0.110654341532295,0.278039152282543,1.51104013518348,1,-2.23975283504684,1.69575567736046,0.782467121187553,0.587185067464527,0.164954038557648,0.913068673485832,0.292864682094556,0.623955170271621,-0.27491472555801,0.486717574177012,0.193966455438809,0.378081342849854
4.70279135649076,11.7102562171651,1.54278237113436,5.87192172133997,-0.810498876156128,1.37985774508102,1,-0.084350327544434,6.67753407135541,1.61871621588657,2.70609985141707,1.37492361730796,4.87834524335833,0.586020339936649,3.3307359393346,1.3036691717243,2.50963051438095,1.1003665717579,2.32113605356815
1.69546939426463,0.725784705198874,0.151651394094952,0.20471345632571,-0.309693974524607,0.94476142030739,1,1.69356726129033,2.00626351676228,0.167470315848647,1.60648268497365,0.433338740879531,1.45189522747802,-0.306106585925134,0.824218809977375,-0.125665047437531,0.648143717410884,0.329569560849542,1.14925469162237
9.03627406454429,20.5685640521681,12.4284424544592,59.2270143608916,-0.731153521887424,1.26877397245754,3,-57.7815778900047,999.894497103326,4.23173324042517,14.5304577674667,-18.3811045910075,1000,1.57693372469975,2.14702986645012,2.19636814079489,2.45332218059648,2.23135917511157,1.99271070971998
2.75190705048298,2.37579897853975,1.45041908730282,1.93822889524365,-0.695776646260818,0.689133798255704,1,1.19857176430734,3.11552599801911,0.247476582484377,1.46872877283991,1.04132880538903,1.33992271809579,0.173305773647789,1.71427778286774,0.908660622236423,0.661167481054393,0.93223235454709,0.923532007486516
2.79979808636375,3.58701263958503,1.76990532318903,4.93257036661452,-0.544029685704517,1.66197468164062,1,0.407181052645604,1.96099451327479,0.361029193216391,1.05832320532125,0.834168881686295,1.0507136851682,0.789272073219898,1.32834690676943,1.26418990211352,1.69025784846732,1.41434594786874,1.31949470164586
7.67663596312618,7.44494775516795,4.81155761902327,10.1162874851393,-0.667372843371919,0.560191547171175,1,-7.84161306542033,998.731780058033,2.98754461903389,50.3516998791966,1.28809806100963,2.26135170694989,1.74836493293624,1.69384155948481,1.50137896076954,0.753749764121494,1.58997721223594,1.17683620197618
2.56113275857171,2.0361726040038,0.882100062611677,1.83895830447554,0.523896402357505,5.89289825431504,1,0.619566662220288,3.86564716522323,-13.4899272885146,999.999999999767,1.32264778857932,1.76132918895818,0.612707179277981,0.826169450354653,0.920813615313965,0.672660877226486,-0.172501637111477,0.977832524922541
2.41686391537262,1.48602396018646,0.927695429252414,1.26933464793374,-0.406043667436021,0.809758442408398,1,-6.23642486729782,987.748515160241,1.84522547896964,156.054276814019,1.35505077791531,0.698145479214315,0.750954944884825,0.766083399147001,0.981888659235634,0.869360018097214,-0.234258624144148,0.749015690240356
1.26060012916883,0.814175336063533,0.525159818979261,0.687863503755193,-0.121865577851158,0.982940494172085,1,-8.66213837740958,993.920920188397,-5.63024930820434,999.99992199122,2.20030172390464,110.097180386321,0.481966902703668,0.961495684246245,0.860771902519088,1.40063345897678,-0.146764658382228,0.657725757123279
2.85036784727346,2.40222930023713,1.6630197449831,3.09545160562806,-0.619926947173618,1.09173861352757,1,-7.26557956373236,993.931349685011,2.20116885204755,110.002512389187,1.09226166669159,1.40072411405387,0.348444477423688,1.20430001044183,1.12948654865887,0.839962110617297,0.957672908701843,1.49556929595937
6.26892543490979,10.5015361121217,7.80694364730502,23.0007424084233,-0.63486243546761,2.6459833267256,1,-9.8438312257741,996.212179845736,2.43856123293135,86.9594174731291,2.37538872581176,1.99496213132637,0.110510343090729,1.71596117912193,1.46208973446486,1.80551028804265,1.09803157642849,1.92015757020178
2.46169254468915,3.09036097234982,0.805378681528042,2.18731216390372,0.157801914093929,1.66895993327086,1,-5.19476252791618,987.686604724411,1.84265794088115,156.446590700707,1.26068111633713,1.00838398470922,0.373359886875532,1.24441114661318,0.833596021750431,1.78641665028641,-0.280720634055413,1.5724977545183
2.21368447536288,3.34935676026859,2.63228687892571,7.06600843982112,-0.315716664218061,1.31123029139022,1,-2.46520815310635,43.4786799877765,1.31671008114804,12.4728061548137,0.155711350150403,1.07316088879393,0.526423266686004,1.31468571523428,0.845710408020624,0.628719948974528,1.21893129897958,1.79742007477435
1.2605429638346,1.23848233958346,0.156109320541972,0.480487193820515,0.303125572000247,2.58825421420294,1,0.390498278898757,2.78125876211527,0.273101761853446,0.636940158938034,0.0550885300567115,1.04674173231,-0.308232775414665,0.642522813311287,0.451802652853937,1.03461608118175,0.0061437530956202,1.01775982124208
2.89214509641965,1.01918093308228,0.557265840873422,0.669870539738302,-0.570141292959543,1.02385319639928,1,0.435898223538001,3.46176728136858,-0.0685215964023861,2.59687858685456,1.11848800575559,0.517337097968196,0.847673577145112,0.776779320578053,0.290333488262583,0.579857390630427,1.09950163942323,0.499209510084105
5.03481979049334,10.0133343868796,3.4082199034579,13.6300127663271,-0.684427536582125,1.81101957610041,1,0.782830353352016,7.87997155584313,1.44193581361366,2.55922816920173,1.59034420622344,1.84756386009615,1.21413228613966,1.47656862891861,0.374616193993374,2.0795908279887,1.78347951379368,2.2049550786976
2.21253896276715,0.645428517365265,0.717906572494951,0.540513124002529,0.598951191992,1.16440803814903,1,-0.0936500336603291,1.33115017264828,1.11107403144757,0.712140249385526,0.24666723367076,0.693417275536105,0.605511231061795,0.37510321202411,-0.238746060990941,0.739154463135029,1.01587461554741,0.734306157930622
7.34046620605392,12.0442838108907,6.66043347151002,26.1055526947881,-0.73340938336284,0.854550775088597,1,-6.34594745578863,995.848417550452,2.39243669263601,91.0359590101832,2.25796421061436,1.70446795400072,1.39121854672497,2.39909388451953,1.73955472613366,1.79160441442423,1.5421715683694,2.09458048078902
3.06658710613461,3.32714563295575,2.36555483727133,5.9880098892156,-0.662306611556939,0.803093281920949,1,-1.44783428611173,5.21729624488947,1.01132858985258,1.76964099210335,1.24636265305481,0.799916961569376,0.80302540061349,1.44907321922216,1.11749296821635,1.4070568528713,1.15850612855966,1.00353879720635
18.1031487415252,122.879829808136,13.7682236187831,187.28719971134,-0.989999975566635,0.126379810069705,3,3.95722306629238,994.4692582506,1.62586641169127,845.586171425874,3.20987340432749,171.068559706688,2.64591740129537,6.08786306691931,2.24357492079311,6.30643400100269,2.85127180352989,6.78791779606064
1.88145068481337,2.41423318122325,0.598697632346395,1.82067674866547,-0.0509705596145379,1.11601281758437,1,-6.69121512381567,991.0810301296,-5.49145267869605,999.999849145426,2.00648930776137,133.262393949906,0.780785925576301,0.592659358874674,0.580793965230643,1.59147489032911,0.725915621570556,1.40471892545901
3.32519910348578,3.01807932111923,0.85137858113626,1.49382256661368,-0.184775261385971,2.13904202221258,1,1.67930099273833,2.1654860675522,0.530106773148389,1.08063723868031,-0.28279827167228,2.06680381651539,0.637474792574081,1.00704774363791,0.633671054223909,1.45408883970166,0.975810073214442,0.89745700391249
4.98674504403413,6.9444852135101,1.84518405996647,6.31583993010996,0.276705895738669,5.63480965447144,1,2.34737886726066,8.49464585556716,1.00595959614866,0.723375752282226,0.104973306569449,2.71580504032341,1.26728181338134,1.40469007794458,0.592544983588773,1.65037673775695,0.871060012421369,0.829936965173088
2.1515161725765,2.61857679365491,0.923478356961484,2.52512194339431,-0.625291929821696,0.921104409451654,1,-1.54681689602578,4.25208839241538,0.691249428936365,3.35479680767281,0.759704730773581,1.50876075123059,1.1895464888457,0.765008429933847,-0.653152098437703,1.52705358405903,1.03082762624744,1.30096505255157
4.55479756175247,5.85598777187206,1.5888208885521,4.36773402051241,-0.783736707495662,0.751936723268777,1,-6.55234918986469,994.708732797868,2.27029423627192,102.735863711241,0.947518241978314,1.70192375166076,1.78152103793175,1.4480765254588,0.815328951279256,1.88480943040567,0.67226414815897,1.35090656060654
1.48838251749617,1.74990090360189,0.289823399207953,0.679035317497314,-0.151092090417661,1.84721567021804,1,-0.152603908287563,2.24354905104192,0.534555906128521,1.3397150312776,-1.20172582632299,2.04018221667686,0.618910332507166,1.00382672043486,0.523477475522538,1.11037807672418,-0.401934014016736,2.14136665477066
1.7876742458401,1.25372114265764,0.618547446498661,1.27359875039872,-0.339686543090629,1.36326077533651,1,0.0783524863424625,3.79356166217685,0.161002575245872,1.50812052584456,0.466205209843565,1.21141199551279,0.62901716866134,0.651288190433901,-0.130936990232599,0.959731605024709,0.751124573531511,1.26976517081521
6.77441899116371,17.3977722333369,5.20462752523814,29.0392642214577,-0.949904571138535,0.334377942829702,3,-18.4972412753015,999.05306306428,3.13385467880479,43.5124547914972,1.63439184978174,2.28226962318964,1.74761148493299,3.06833412905883,2.20219792849722,2.75549198537411,1.14790987976965,2.46585374074657
2.4336390808678,1.36534930271625,0.770954517764389,1.32992334198219,-0.185244871158112,1.41457131374165,1,-0.51111432366654,1.52768014861893,1.22539125351991,1.11309337129019,-0.0773955906929897,0.944815973522864,0.553082371002304,0.92399198261648,0.75238035832799,0.83642730410628,0.942970968937165,0.62409324959901
15.6935523337294,67.8492129206484,16.3545101743987,142.57802117003,0.613395295987082,22.3260813469903,1,3.87476974523093,998.019529477179,2.76413279721779,63.1725939281997,2.47764693517938,6.62453183321101,1.56767294164124,3.51798089970205,1.91785710954607,4.57462033386492,2.22861549895264,4.42298254195163
2.27864532905797,1.05330563243076,0.645778548814407,0.952533584389242,-0.340561631579876,0.611851266223084,1,1.42733528271399,3.19295373069722,0.122853391072956,1.79740867229151,0.364781248998264,0.900377936710978,0.523844442495696,0.37676587829214,-0.445681213825008,1.07959387034886,1.22569863698866,0.498982783767116
3.11469166480859,1.91455405987217,0.558173093413722,1.41455558187208,-0.622001024115881,0.702383273489947,1,1.69943356075324,4.44567490045544,1.04985491899128,2.16605196040695,0.537309551059877,1.12659297146044,0.342831833114944,1.83386222340384,-0.00681155487666955,1.45891192584993,0.724776974608593,0.948026557224356
2.90633109735957,3.96972255569216,1.13952419426371,3.73404940944688,-0.642313591086388,0.953368160984856,1,1.140245702258,5.18082575785614,1.16116503055995,1.08292463314856,0.398123479265283,2.1191172718786,0.549472138173905,0.820989571726316,0.821155911275326,1.46875565740854,0.0820118253161317,1.64726056679524
2.14442440650742,2.61912937238684,0.322465071606744,0.489635090730705,-0.472181588435528,2.35152887463752,1,0.298441958464739,3.09608890067509,-0.265797105058361,1.7922153126562,0.75894573814569,0.784407813635303,0.484781247777237,1.20402191227061,0.535316766917311,0.754529803773911,0.310604177999674,1.59586357140748
1.93519579041793,1.77631606186706,0.607669680502731,0.962791507582151,-0.246173833470144,1.56432655636258,1,0.863789660494616,2.43742210494823,-0.810164582872367,1.73393480093022,0.401317224351799,0.921887500262133,-0.0266159844445101,1.56924875845373,1.09040778391843,0.963320726809381,0.224095808858842,0.764257320980326
2.11215660167597,2.05923227881329,0.512239121112121,0.935732317369793,-0.682472013275928,0.651962920796682,1,-8.20775384404212,994.895742439787,2.28842682162177,100.909207477978,0.617119492892044,3.21452889721143,-0.71783185007832,3.34361916149946,0.630923987412879,0.819932626269758,0.806283711174193,1.2606936992591
2.2210840890702,1.41117249369542,1.3035498808699,1.99983700467787,0.410452493203569,6.24103466786716,1,-1.41389834495039,2.62714050489587,0.67130075073342,1.18994347369034,1.12619675285515,0.925697555076341,0.893198713792429,0.981084239977479,-0.356014514997024,1.22071211766883,0.0204569734124196,1.22614931994165
3.61696509309073,4.13897726603698,1.01403851417176,2.28108516560269,-0.564614384199593,1.75070359766007,1,-1.66188970767482,17.5805221841165,1.71634202083637,3.11080283496353,-0.0015412839122437,4.30130395915435,1.30594690218697,0.994069063668718,0.648137041217216,1.79408232687356,0.884832316519399,1.28839585250623
1.57095905888768,1.02104381011724,0.48543004664451,0.728048180955837,-0.29794160733343,0.700694153651141,1,0.0697968875876623,1.93526989123502,-0.173895347795481,1.93944169344777,0.156191437580993,0.642015381585748,-0.194688978786802,0.743646627597084,0.511544533528323,0.615143561478619,0.683162117609397,0.860103520638181
1.67187869302641,1.78903928852518,0.276160115428144,0.432762727242199,-0.345294745721817,2.57638149323419,1,-0.039951421285871,1.40585980153155,0.614274507350175,1.04118997887386,-1.04708890820013,4.23593909224809,0.527384738189884,0.854841972509702,0.531423758910477,0.906886553663458,0.0325848280324446,1.72893849256742
2.05825168954889,1.66426178941007,1.47886490934108,3.72183643552602,-0.729055509804387,0.455888722630804,1,-2.83381214034008,8.80947871973527,1.48801221845086,1.75943418176241,0.621991973038057,0.90673897639638,0.296146350284383,1.1906970051383,1.09500148176391,1.81128196654653,0.419700018078186,1.37721177214702
6.76114977589102,26.6503808018495,9.52405530898535,87.1278765167038,-0.907641269447819,0.807046450326987,1,2.37189814787824,7.18514101694298,1.46875269700813,3.29622772377792,1.37634089109534,3.91318573265787,2.22432680344645,4.37672031057421,0.791440370567077,4.04400001834792,2.37753811246508,4.2543513827815
1.5130020432738,1.42464184669571,0.70864059694795,1.29721435882324,-0.390253879394958,1.22365870368497,1,-2.7735603863637,16.7270224285047,0.96193493406113,5.69551424776611,0.871085706223829,0.718344792944927,0.787633362333202,0.785478869224561,0.363334988937915,1.34028136867178,0.636300928949311,0.977881365621887
29.8173615058458,256.38874347315,137.462618765624,2383.0529509572,-0.989999963949523,0.161633106650685,2,12.0964981591083,117.267422238248,-23.4036187237252,999.999999999999,3.41376515873286,8.55245283084782,2.93892803579424,8.63779214775417,3.6596773171204,8.56665852250924,2.92434796055348,8.47851305914671
2.81269636880082,1.20066446882145,0.0620528446300751,0.173166186291061,-0.0172580195370518,1.38739645279536,1,0.159178760787185,2.36513662261436,1.21819215605973,1.12113650953913,0.558903796912661,0.714431394169202,0.455441450629956,0.557121435833161,0.214284567506492,0.989955395336013,0.828636772460412,0.658675739360772
2.31276008331353,0.760554669253198,1.50608306982942,1.09740140230299,0.170662041379839,1.52206094567775,1,-0.439741879249047,2.15531409632632,0.465652568009666,1.38841717014598,0.0166856904665198,1.19038592139706,0.914164462418838,0.347178660335829,0.857832154798525,0.543683066970725,1.2575439408374,0.596483753226307
3.38174942594766,3.06817015306287,2.04791817655709,3.29580395464824,-0.840318573795623,0.307272484053345,1,0.944721196125938,2.89780388760124,1.2200089113631,0.822524115722177,1.01961694860421,0.959603426924931,0.442070345717879,1.08218672131226,0.67283263487443,0.994902234731566,1.76750957928821,0.919260522280841
2.10884925884981,1.31180490904696,0.787614268836829,0.839245089340158,0.0763411021432893,1.95705196704726,1,-4.18819844910211,986.662986430078,1.80195111542173,162.776483351675,0.539884005664523,0.584892660785015,-0.240918719870389,1.51982009673986,0.335001852781757,0.714553339961679,0.613247337629392,0.948208765070997
3.01592506473052,2.96677563047804,2.43288149706485,4.88967406852976,-0.890972912994733,0.240737363503479,1,-15.4225424939677,998.380918135643,2.86515851828796,56.8823849468384,0.53482461185327,1.2592165548052,-0.425200850712455,2.14684885905209,1.82676363252673,0.988437500411521,0.850114267385496,1.15566129311546
2.05598545618307,1.71279596915672,0.734256346168485,1.19884608561574,-0.497819291430962,1.42330155161583,1,0.371380330265892,2.54838104405953,0.68598293893768,3.56216328684744,-0.487341666026777,2.36968275061535,0.126119709307595,4.34876286901652,1.23734952200623,1.004489570355,0.374966965917212,0.955182775856939
1.70709685855544,2.95462901355173,1.1700738737613,3.60138299559901,0.341391057804078,5.82070450766095,1,-1.59268132648662,10.8966129505713,0.927055774205097,3.55842763144127,-0.126908269558686,2.04405735759561,0.254896014943719,1.6206337215479,0.575442364766102,1.14919674825249,0.782828436657934,1.2174820002816
2.4477813081016,1.44064052799903,1.17131102009015,2.15186335897847,0.531524791866688,2.99268372736241,1,-4.46600314559508,991.644388852894,2.0395396751722,129.002685762523,0.6179564265603,1.58048795295694,0.562986206766993,0.623704728503958,0.910288014171952,0.972557704042876,0.0407747188374771,0.757540223289964
2.36431336772791,1.0763381739989,0.44115217638662,0.581727086226787,0.769339528086743,0.70525360901208,1,-4.91296106042952,990.934977581352,1.99825738630902,134.342646984272,0.114075356891983,0.818759856929885,0.889009837522871,0.593007030669552,0.851934835800203,0.617291481032186,0.450135086846006,0.817095209954498
1.49740310913073,0.860569276005029,0.131584387546886,0.400818677869998,0.331354163386426,2.14474243886053,1,-4.53502781801707,984.326920438106,1.71946824991412,176.353479599931,0.223005478405044,0.679951490539256,-0.0425010239789351,1.4136071888868,-1.90363566960096e-05,1.08343216340749,-0.237134289877961,0.866532670246123
2.24093816825307,1.63063937069096,0.268190789690903,0.653063226984205,-0.0410477723173265,5.21915906559871,1,0.190840250674295,6.61662256771053,1.15145170953611,2.13229591846516,0.381647631293527,0.749452964173655,0.451291748576755,1.015264433737,-0.674186127892105,4.64225565223601,0.643722947294144,1.2539542537424
2.61240341916458,4.52309261902649,0.367143598835105,1.60584349551772,-0.831475370919908,0.663916923862516,1,-0.207110684694727,23.7325246397629,1.27657989167482,7.19475745398121,0.189467776174563,2.21112159627554,1.22914259583125,1.97342544808086,0.98034312412582,1.8483618504468,0.472438632982297,1.60770171688737
2.52290921670709,1.32143997076434,1.20322465598504,1.38558932571626,-0.557872132276096,0.669833836771608,1,-7.34632374886028,994.186246008661,2.22281562356653,107.674194095414,0.807984449414993,0.774699906198631,1.23916561872649,0.643671002835931,-0.369703121905396,1.82987713451986,0.865673604871903,0.700330431649349
2.11730099131317,1.48241054304842,0.169435814606712,0.472732287694124,-0.285936523291565,2.01790491556118,1,0.203146989736809,1.25973222205278,0.265320429740532,1.15326560412464,0.430915663933483,0.608316086104532,1.22303375932847,0.94419631838442,1.04650350188556,1.32555472720807,-0.553866207096828,2.11180102277198
2.33455923584065,1.16318368940045,1.2491357651303,1.95832961565701,-0.385465081614923,0.691440398945886,1,-0.306823622397623,4.80479362770324,0.900913640531398,1.95724784632075,0.834573318556843,1.26927073158072,-0.620281654016771,1.3844248677142,1.30534217180108,0.657439202027721,1.31234915764083,0.835974544655274
2.80240365441672,2.34407347640958,0.553679496495477,1.48019996001499,0.103185572139466,2.13895475605643,1,1.13044657477544,1.82298799952379,0.748704830606797,2.08874650689294,-13.9588387826592,999.999999999907,0.991634774070873,1.10626691651781,0.687817076631673,1.1191104408054,0.70513562245469,0.680392736733015
5.27100979666774,7.61419489212946,10.9823682522755,32.9922659067953,-0.899356211332668,0.334717120357285,1,-6.22301775917265,17.5966206652179,2.2066731931666,1.84563023868734,2.05177867517278,1.60587024243399,1.53273975541276,1.31282428604075,1.97857686711332,1.48998180775806,0.983441106619559,1.91331851037989
2.60416749857957,10.4501099297005,0.390410003652872,3.059390558339,-0.688195172454346,3.06825371599772,1,0.727774095176127,5.6158667156741,-0.125590178803223,4.5635379144677,0.279569128604373,10.3207434358549,1.2204629995578,3.24728005214846,-0.214391760694891,4.31770389831277,0.715570875968865,4.41702168698851
1.39477763699681,0.712657249891527,0.790016896847737,1.01353547905217,-0.155343863940528,2.38381646427826,3,-14.4743272632192,997.376974846975,2.62316975236793,72.3821393624586,0.805895218438899,0.511018654091401,-0.692777332945339,0.977307939487756,0.795297303585353,0.46714084062038,0.244408221869643,1.04839458736881
3.57715635803333,4.87131983936056,0.747969118699379,2.30801728717371,-0.519849624043776,1.57745253092797,1,1.53172919281718,7.85214115856899,0.707641424403093,3.88314524659561,0.814231436720185,1.05361367462861,1.09618910179432,2.58697100060822,0.970414682486077,1.31398993268368,1.41891786627552,0.963570606957454
2.63098925029085,4.48586600290922,0.869290161832518,3.25727926075862,-0.816836349719004,0.635501626173838,1,-11.0168001193645,997.049724341215,2.5641383051202,76.7593249929167,1.1316833440256,1.41612532800526,0.567926674221903,1.67652562578222,0.345623105925017,2.05827448217966,0.496608930099783,2.0910114147889
2.1056790444859,2.67265183495846,0.706291798601911,1.79963465617109,0.876082516174956,0.349197319157122,1,1.20748343509104,7.36990190871712,-0.411011809252343,2.58598899877944,0.609095187228253,1.05262120262077,0.244899971314906,0.857353627496381,0.375362364471668,0.7371337598197,1.02784178674541,1.48035543631652
4.43958451833118,8.70086438703427,1.86809311838983,7.41367276104495,-0.850582030741157,0.687925992304123,1,-8.45526419427476,995.657545390348,2.36981875119505,93.0939775813746,1.86027736041179,2.32238457631192,1.31526152271331,2.36148647823242,1.10479389578404,1.90030193737104,1.43180124514692,1.97081544072803
4.45890527188945,5.28738543724946,2.21508946915313,5.2748820675972,-0.945292472753463,0.128799332776777,1,-12.4504128211643,997.461138967073,2.63953892347527,71.2137023478649,1.80943510579952,0.966596523913842,1.80722697481832,1.21345281472036,1.3939148620466,1.30592521013104,1.31976795680145,1.23268704767823
3.52455488376013,3.21892193663397,1.11984122255438,2.23794364016768,-0.0118406128882079,2.34390471757713,3,-15.4793272071929,998.915464588879,-12.0119220437023,999.99999999996,3.06591424236357,46.5615755077986,0.620229070379842,0.865047269521271,1.02416255317127,0.920660600330978,0.694419058211236,1.16304211400563
4.09712260801398,7.89652730895962,2.3439207182849,9.69698943513431,0.489549893375918,8.98813874197373,1,-2.10542687188886,12.2946478630167,1.93321278377707,3.15504605945104,0.18289186265768,3.13309315625262,1.03176130886357,2.77926438243841,1.34006663189793,1.52634532882713,0.594003834009386,2.08514598335747
2.42837745821989,1.60416499279522,0.24648060295903,0.683909609942867,0.87821722121319,0.616971037386541,1,3.44972231541227,3.08297268149034,0.234914275463065,0.592834512018798,0.735666023906577,0.902688746876822,0.40851103508995,2.81958092262969,0.622588613510871,1.10323182876821,0.140253605275579,1.82415029464354
7.83841966776836,9.50645268418703,2.95644026735289,7.87837184727914,-0.959999999341107,0.0943207066486737,1,6.46590277853475,8.40292183628725,0.505776967583131,1.75427555108802,0.851958529411952,1.3797579729712,1.66892394253936,1.24590662750794,1.35835504795167,1.09465155701264,2.08077176703125,1.4486564237654
1.82371636381526,0.451198387428463,1.66512397968382e-12,0.00258079366053195,0.744470171803403,0.144552825789559,1,1.79164520817785,1.0492457118508,-1.07628776135808,1.33930162519115,0.648836655951087,0.592727134194149,0.482820606984183,0.362620317361762,-0.759426918727287,0.878194572901671,0.200514603303884,0.422892126073166
3.63554110418536,4.67655842674091,3.10469917086341,8.30561594928225,-0.84226825776197,0.309246727426227,1,-13.4537840027401,998.230985402774,2.82076457309991,59.4558431994201,0.914808889591988,1.00265556896356,0.870313028220528,1.67292410440253,0.677718365942687,1.10066932230821,0.676423112504523,1.81310539642583
11.9460133687379,26.4622079798296,22.5388980608848,98.1295542912191,-0.965338725714864,0.185208983175776,1,-19.4010811741185,999.404954654535,3.36641615006777,34.4998616787155,1.92677020719229,2.66952013827725,2.53635133382092,2.16491905903152,1.35125628740518,2.61846329454532,1.89691264748964,2.74250541004428
2.80113615885507,1.74508156447318,1.19299777857823,1.59690328978731,-0.0891390779200123,1.67139142372065,1,0.783227689729973,3.89753382154959,0.626403628829322,1.07119999618046,0.87716475420766,0.730075632600385,1.14090913521767,0.957124334216482,1.11492409121768,0.755297360633251,0.749258370517418,0.676565332884383
1.47642807069387,1.7140315633441,0.273132455666136,0.765184417610546,-0.207050041881373,2.85409317470845,1,0.446387663581476,2.88779527505614,-0.207568734551667,2.13872839665996,-0.541828263898012,2.23532053152945,0.908229815711233,2.23194809439223,-0.0615643000394752,1.63603079618164,0.90266345647578,1.07113484503288
1.9247895714363,3.63669754211432,0.411040609078733,1.57654446134797,0.246956831236826,8.22558422664163,1,-0.187450786832056,8.83551113186885,0.670516642678288,2.21174872907153,-0.213835924647748,1.34641275553757,0.67168849658516,1.01537017707593,-0.182231176022573,3.51101577763354,0.659056638207697,2.13020057553634
1.56590086087178,1.22378828804277,0.219863545787262,0.432262430007177,-0.639148468884738,0.584308994706341,2,-5.32375277960527,992.533155370532,-5.04467337085035,999.999691137445,-5.04467337085035,999.999691137549,2.09644422051177,121.980458917001,0.152594246097603,1.02654656005761,0.276610700233099,0.794838893488081
2.17188184477888,4.43461680177635,0.258698544234968,1.38597763336721,0.692552167558842,1.9985509785783,1,0.616240677614357,2.37838581312372,0.324369794007051,3.74637683469247,0.984072437564342,2.91151564638318,0.892569614945244,1.24493551498726,-0.736249012735669,1.45011513332174,-0.164846215017041,2.92572316868214
2.21839959517428,3.1659616658453,0.610473012891009,2.27829483940095,-0.573624736223769,1.36165917561467,1,-0.383754340185909,3.95741672726081,0.00710602837444582,6.50506360678623,1.43741838742232,1.01989343200144,-0.620219192361254,8.55495930018413,0.641125056135407,2.21417021234319,1.13510952567482,1.39268743311566
13.6258549676708,94.4661183430788,11.1314719389473,154.562516196219,-0.989999932955262,0.143110598797786,2,-6.75719946963551,271.054430911164,2.95671532472257,16.1822634847245,2.48103522363513,7.36692905902307,2.28556453128143,7.29565781559547,2.89846919710799,7.09329069532247,2.19717966283965,6.87337303131552
3.92010748625477,4.18600849540081,1.98960441488128,4.53882226036605,-0.813947707030477,0.680134398317114,1,0.287063625422781,3.28734592312,1.63562176175485,1.5020825212969,0.828793532696038,0.963245755837672,1.0347978886843,1.59643369097917,1.45117581280449,1.9925677180656,0.784573604229974,2.18941364556194
4.74924477552354,6.23744738662341,2.41661966364934,6.80212477614006,-0.845766435160415,0.4693585289129,1,1.1183601673343,11.4164999210087,1.63248044430886,2.17222940145222,1.36660476646627,1.31764857296908,1.65154623283366,1.41105728678981,-20.6168551211271,1000,-0.103439475290189,2.44899119825637
2.97458741296647,2.20919331259667,1.07824179932364,1.93570174979362,-0.893090886697308,0.173506436502938,1,-12.1754166511786,998.411757825007,-10.1891913674912,999.999999997759,2.87479781573871,56.3382941982183,0.920619372016263,1.2287202896126,1.47414642237567,0.715274401786834,0.538086189077248,0.957712395732427
2.64020781134755,4.5417439399068,1.09214620166604,3.68263596699016,-0.814033154775221,0.63129803683406,1,0.761456427436495,4.39573656023719,0.587273121118291,1.48960746502656,0.951159169448417,1.66286324700604,1.02669737154116,1.68640016484635,-0.076393708210875,1.17873221205875,1.09490798405213,1.61366851500054
3.69101698831402,3.40666048954135,1.90178766414848,3.49376413895245,-0.851763834508844,0.308681406617858,1,-2.85373932848442,13.7147670457331,1.63984282310337,2.42913391993701,1.01880729538087,1.70840209763002,1.33969717576318,0.737297018704992,0.943529322331331,1.02047330471789,1.12829988921172,1.04365226156324
2.74652854920463,3.30874272164386,1.22865484324791,2.8258738617255,-0.798208619972027,0.472641997529683,3,-13.2240038739963,998.071804289437,2.77756403810699,62.0704101341333,1.01913257226032,1.14748087374799,0.657530609571673,1.14267988869909,1.19168469190357,1.20960897794485,0.749919247268755,2.65058050837492
1.6954957538974,0.609000138504351,0.190844341641249,0.666369713075989,0.720662831426708,1.97380652832988,1,-6.35063826397466,989.57017999537,1.92710240107213,144.056062260458,0.49316016344234,2.6230229311052,0.337628938875207,1.33919961882765,-0.0644833600882242,0.557846928773335,0.0603861304136099,1.32242825467582
1.90343612975248,4.44086431796396,0.864873659783656,3.58069824858926,0.518745378192103,8.34655854606945,1,0.0465944181617061,10.6736000643092,0.60317275937968,1.05452552503542,0.108143245139804,2.19876518635616,0.766394275618368,0.812061394279914,0.528756751298321,3.87401467735234,-0.439453107526427,1.88351885310209
4.31268996006014,12.255482674836,5.05504822217618,32.2850609525858,-0.731745835901865,1.06783440329087,1,-12.4186266634176,997.658211644937,2.68008793948261,68.3974731281096,1.56618419121292,2.89568730974776,0.121678834415078,2.47817529022546,1.2363921173636,3.74122021261874,1.79510640509607,3.07915523193558
2.84277460755841,2.90505275021283,2.02840848588452,4.99361421184556,-0.31990921053242,2.69428768325217,1,-0.766200778281818,5.8740415438004,0.773428018160422,2.66201428720426,0.192327480115946,1.77854321806141,1.51361947083175,0.988738652806313,-0.732621466590669,1.51590530797124,1.13684909058127,1.16911703237212
1.11321190828908,0.487423279044398,0.292432728919856,0.360168393449594,0.606993526585049,0.853521252822898,1,-7.11307655342944,990.988528818551,2.00126053874517,133.946830021826,0.181578379115521,0.512208919813905,0.530667031652295,0.492507599306485,-0.253233282545654,0.507467565581105,0.95764607313806,0.607669437606807
3.2744995120598,5.6020931455949,1.75618205724933,5.11501661043195,-0.77226902911331,0.762206604545328,2,-11.412695810517,997.394428859529,2.62652085083152,72.1422854154478,-0.37554870789835,2.27503848498343,1.43551653782515,1.14930277321593,0.157686650499015,2.04984597745723,1.03954252126809,1.81441157320342
1.7828386649148,1.779549825126,1.20449464102145,4.06652669697174,0.618310002115988,2.33029154500522,1,-0.704766633348018,2.70359312914352,0.395998824652187,1.04251348861841,0.524598248111447,0.698476820746416,0.762182552813889,1.02375636406129,-0.0253395450935847,1.39605084968948,0.566545953732888,1.2871549207155
3.01918982367899,6.24351141660765,0.800867029325363,3.87787642384346,-0.132508136389547,1.9646342868831,1,1.88764188314297,8.00527817001988,0.0874281008469276,1.19482678577511,-0.0786684284658332,1.71378145186201,1.40135220702573,2.66949834568475,-1.13939008461142,1.48911516274413,1.08909306662954,1.99616689666505
3.11710971855092,3.37315118450146,0.693290109898332,1.97116543605426,-0.0437016901361855,1.98175694452162,1,-3.05500111439829,991.071300016769,2.00593654734791,133.334564987487,-0.0876006058980627,0.833195042250786,1.23574312822487,1.44593366359316,0.6106882725156,1.62445900642358,0.793973067089191,1.28161705404124
4.48266609695192,6.83436932463401,2.82291503325039,7.44691265947887,-0.881222420790867,0.483765451491192,1,-11.5088700110196,998.063587598304,2.77543153810563,62.2038727463419,0.101151921157677,2.53266151034125,1.53987066311139,1.54978606198913,1.17345189856162,1.1411974460835,1.08685545836286,2.33757433732638
1.53883532963524,0.726147208975212,0.390581977519149,0.546636920631017,-0.56199459563592,0.780985099774576,1,-8.62892302156051,993.066143934108,2.13387440011952,117.557290416755,0.46586478339186,0.655625558944441,0.804595270625636,0.605721450484876,0.433889547172137,1.35583367073686,-0.00864239699743225,0.691016333757272
2.38966389940132,1.96186650513913,0.225953888735142,0.705603405691392,0.0919732938793736,2.36206958437687,1,1.06578293285136,3.55476952820462,0.78750982663317,0.982558595040368,1.10248710427376,1.217158575616,-20.0624549558726,999.999999999999,0.424297207062599,0.64530252210406,0.831719413818834,1.13634403585364
1.30132536339863,0.445844454127119,8.2943745366575e-14,0.000575999115851539,0.851405416479306,0.105360445037024,1,-7.5278940277882,989.18755516499,1.90879427330744,146.656156821341,0.950693167504549,1.37396528221174,0.473315849632789,1.53660574148063,0.125023007002435,0.480548425754599,0.15071566760188,0.500325379348657
2.49493464218199,8.706415422865,0.536717646301768,3.94075424229401,-0.35343127338911,5.39316263751909,1,-1.36398305835737,35.7048194032065,1.02057040473854,17.5300216301864,1.15591563578626,6.17782460085263,0.634235682007885,6.49960413705191,1.19769010992622,3.86869957844508,0.932256103599682,3.14830803141152
3.10836211948376,1.78886652758851,1.87551400115137,2.00926676846694,-0.56313775350394,1.19918427965469,1,-0.816013859958145,7.61327908196754,0.640401878058788,3.13229978421971,1.35925896026302,0.95576981358792,0.693367092491693,0.924728010170463,0.650194597287918,1.07488142313713,0.967781716480621,0.718831244887237
2.77600007495555,2.2001242981334,0.908972013439838,2.40882444761695,0.374830297700847,3.4493191789271,1,2.23278598877519,16.8371643611203,0.487120570085894,12.3854322238009,0.461162377143593,0.869711047138053,0.799675642083563,1.98464465142498,0.557299348247365,1.306898606671,1.12040164107019,0.828770112981189
3.08182842762409,4.64568534177365,2.84190864248125,9.4908220208004,-0.182995052554565,2.83123829610893,1,1.73445463307955,3.44543017439497,1.01069825614766,2.59820743586752,0.047479528642791,1.52546450852484,1.52670079733283,1.15106986803709,0.999056506981949,1.17669170535749,0.644724285330017,1.58923397926409
3.54007251030912,4.68245951014809,1.38786379002318,4.34354856730807,-0.476974455705898,0.911283926873193,1,-4.37309372340409,987.872888524847,1.85042183508843,155.265925747623,1.11230421138215,1.58276731124296,1.06805781850631,0.766382113996346,1.10056860340122,1.44623313490384,1.69367515700003,1.27781489260129
1.4461424472937,0.576709595070235,0.136270307423964,0.218252930858145,0.697602857695,0.544172689218761,1,-6.28706944072863,986.969561852971,1.80249439306986,218.387187467736,-0.0859536380108817,989.039030266791,1.04674628682017,0.430137250234585,0.152181811004878,0.581838289607311,-0.0144782963564727,0.510072845997887
3.85449011821727,3.9355106996449,2.55855831462324,3.67063403402423,-0.731419057757468,0.746379074822075,1,-0.163543232924673,9.78886892934112,0.928513693718796,2.41025798632455,1.57296159306594,0.651742499757323,0.0312863762693596,1.94698796718398,1.04015299822611,0.889641649591435,0.960469101572142,0.719968976416602
1.26749795707188,0.55439341045518,0.331272564571144,0.379616757148754,0.189480956370473,1.4959982453622,1,-0.0293416413017851,2.76741670916246,-0.464253144341039,2.98951208181158,-0.348968833927732,1.23971094239876,0.324810390454645,0.626657266548835,0.750300563120863,0.360083405196676,-0.400235722510426,0.494109570717405
4.12620574259485,5.2002438488536,2.25882614795632,5.98070166622716,-0.42232013700565,1.27074237059249,1,1.32790975913432,3.67002544184497,1.01586777643964,1.33004423672787,0.91220632034929,1.68039377322465,0.609112445315034,1.32997158820268,1.91282080207197,1.26003490427424,0.527892809487809,1.52261934919752
4.76073188043644,11.8608256032994,2.96083344807694,13.8432255456936,-0.936051516392589,0.363479931724152,1,2.55183459830612,6.74378501821278,1.03222439185914,2.75668007798922,1.21565387851073,2.55424763563002,1.5542228030901,2.66369970600965,1.71516805519557,2.50838161366864,0.900849162260382,2.51602456118661
1.93040543471026,1.46228419085612,0.667195815527538,1.17515238813382,-0.521904219409651,1.00843898131744,1,-0.216845214434673,1.36194138831703,-0.30497877503906,1.72856115793437,0.874781276159188,0.653930762300847,0.968311791229134,0.959060405128857,0.648810519945254,0.835180759766673,0.510572590428023,1.03931277109908
3.72051820792933,5.93790944959728,3.81087310024062,13.9834584000187,-0.690814635466897,1.13548139709326,1,-1.2856083450301,4.80239671418097,1.48927117874137,1.25028093946736,1.24599025111422,1.85563165385066,0.881753911253573,2.22719754186072,0.0613488279610519,2.25403252891855,1.45690950892162,1.83754795542624
2.84878512412281,4.30637220775176,0.967125784707413,2.84976743050351,-0.316959927185996,1.78886305489273,1,1.43806197032695,5.34125305004396,-17.19273360458,1000,0.722132974637917,1.1263548790347,1.27546319510932,1.50412769555023,0.846754511451767,1.76628335187827,0.825048463494489,1.4304496875752
1.38518554147584,0.690639164904021,0.175083985450756,0.300434042998501,-0.146964224241295,0.693554052120658,1,0.0410184863932745,0.837273863465924,-0.238273996242391,0.71537253435741,0.462866236439551,0.496783886206661,0.558917261403698,1.14326275628678,0.311997772345667,1.18477140378692,0.404903398810803,0.836722579895988
2.3178197903772,1.42037986015029,0.404457617287434,1.06317888342508,0.556224898301504,11.974234967211,1,-0.356231755208739,17.6661823000974,0.898774946948146,6.41744004558653,0.508534808159374,5.68442967033403,0.219866361929401,2.01401895103686,0.326653860032644,4.81186515271561,1.04100991570907,1.14514943139846
3.50812081871994,5.84282122714349,0.756541850259747,2.94554606659552,-0.8602428322322,0.677470546364434,1,-8.0076545883807,996.553533695055,-5.8854689928244,999.999973418985,2.48603916369208,82.9534847245524,1.5815274516371,2.15634250356177,0.886484993727781,1.89885629943337,0.637728764463581,2.13118158640047
1.65942178686332,1.43600337635413,0.122137957196947,0.359175988924127,-0.495791758559477,0.783612150587045,1,0.281658472733259,1.53439117276065,0.423917195362675,1.01650192748275,0.348350405095848,0.681138651631949,0.516436988199287,0.889550828134569,-1.27108312516468,1.96162543511564,0.512973585880223,1.68735554409771
12.4329974827754,44.4759396410503,9.73165934057976,72.5040852946631,-0.989999978991473,0.0793043696343345,3,-4.17961538702518,998.590013475177,2.92591946701926,53.1305204305871,2.42076399155258,3.37940999480099,1.38219842660952,3.43496979367507,2.81349717785429,3.6332639909475,1.72678026776977,3.99805773633177
4.70636620396632,7.72547810237765,4.61824802494928,17.3923898089104,-0.691950485488443,1.01362284242144,1,-0.998262198528597,3.33256140339543,1.34843379561113,1.7666946456096,1.46896372814413,1.25060782523694,1.70435249319494,1.4476426173224,1.32559131873908,2.28696081140161,1.24735833488973,2.01502356672698
3.99909765599723,4.21613002436532,1.51679262101723,3.53543988013037,0.387679110880736,4.31348078824454,1,2.25421266404751,3.1112876495715,0.773704013246164,3.26960077359471,0.783462027083506,5.27972713749518,0.66560469652942,2.07334854467467,1.86885473957679,0.973962348374052,0.414560503008073,1.43059567326175
2.58752710836772,1.52041222930665,1.05041322393438,1.49088497658444,0.712304800886214,2.4812681183215,1,0.217553980217303,15.9577824373548,0.57808175551418,8.19432033590408,1.40340851701889,0.557951532015638,0.462049080795446,0.945851962616808,0.754793076881147,0.52692658726072,0.724926759800244,0.736215413477055
3.58638135776904,1.47739016617599,0.754952266462296,1.28371708788911,0.936329848250649,0.0987857476347779,1,2.83594943799797,1.93940453560547,0.934440018202115,0.876253180395343,1.12369071250357,0.449029424271979,0.526109523277899,1.00208796388316,0.863925399826175,0.616374032822782,1.25744120906791,0.804290774660867
2.00248215518867,4.47850847594388,0.98944177457876,5.38778239261004,-0.758940922827593,1.38413737528085,1,0.276467034407405,3.89610593146688,0.586906056050137,3.48687691669676,0.688085703668776,2.11873323074005,1.3930704043332,2.51230097178777,0.269432807890692,2.40433646695361,0.24374837372514,2.32101576706432
1.60383902999119,1.53228302321145,0.533337197058803,0.931688884224967,-0.008976000188543,1.52264810606115,1,0.533103243843563,2.71389529676585,-0.966561686649965,2.15740138946127,0.337137348609949,1.10043891484361,0.389448542679968,0.622493299508071,0.00721584527814526,1.17348524714146,0.485730042044417,0.761420670571463
17.4714311390175,112.977185731103,43.2178077144989,580.7257075426,-0.989999970827076,0.132470140467621,2,-9.71434147315599,663.269753560596,3.41171128877617,22.2167295831227,-26.1975392882901,1000,2.77316620271295,6.33939117356367,2.51891882067469,6.72103332456634,2.66211812922123,6.53520781167423
1.54841150771202,2.14509105692026,0.129151898227464,0.389996109651502,-0.241218371542878,1.85758700783127,1,-4.43710985582083,986.244460662868,1.78618356606467,165.293881669789,0.526306741555944,1.08858644555801,-0.640369977218785,1.61596759852836,0.274741636077493,3.66662100166489,0.270438831712889,1.30363246746002
0.926550576285272,0.355952992969289,0.154930866914359,0.246851254141656,0.601489208160182,0.820457530609346,1,-1.00112993150671,2.03704378062213,0.271847504932448,1.44716232927698,0.0913267217188326,1.20763038581228,-0.0146117132752043,0.763274536451088,0.247918417561818,0.463257652236492,-0.233064794996465,0.491902109968753
1.91650670942841,1.42897424880837,0.591982900626905,1.44002864457654,0.348600383468204,3.85392092652722,1,0.279484137876707,1.93650966343801,-0.579926169447375,1.05014654868427,0.348640935817277,0.771937144994575,0.388412705752241,0.844838075415955,0.903996313762825,0.828466789910065,0.47849412722986,1.23118289463408
3.38519109967874,2.13836475846034,1.6941640139447,2.39536697510585,-0.694822483440032,0.73053464757221,1,-6.66130987713315,994.236999347814,2.22723798859801,107.204672379625,0.329025912895743,1.13472188887703,1.16931541962446,0.881815097807437,0.688241862339803,0.83744101085102,1.3674561423331,0.575858328743723
8.45963378222841,38.4213258515692,24.356865568954,223.042153822896,-0.97482868805709,0.227742253760704,1,-16.8972142094185,113.787592968067,2.83897483880796,5.78891424307111,1.47128626736904,6.36607605560319,2.03248465373234,4.80974649842533,2.91259554111302,4.55090898876937,2.07752802390905,4.76144665421334
4.07477125557474,6.77998292681913,2.43853218447309,8.1676754360988,-0.895466529129455,0.351199530622636,1,1.06622679199667,3.45835668833805,0.636696222771159,2.05463437462236,0.851258390416043,1.75565266080031,1.52542969533212,1.62182878006785,1.0472833573445,1.81605042308337,1.16951574871053,1.45711408670035
1.70269711420572,2.50153333181848,0.251324481605674,1.31061900846073,0.115349664642242,1.56858156990582,1,0.503288846263824,4.87027433757647,0.680258242395604,0.84211825839254,0.100234545804574,1.40223043638034,-0.182660091702301,0.90170116454631,-0.59087399065575,4.97997589303996,0.537697394880734,1.41688499584993
12.1069014311344,73.0007215350233,32.774736741317,391.396393725786,-0.972119351955951,0.342954769605004,1,-8.30659751636805,63.4812259750138,3.17073930574843,5.38993877101582,1.11220205041916,8.44418583308268,1.66217892574472,5.82628443996928,2.21703053993978,5.51975006977488,1.90806640509511,6.59905474671833
14.4961537368192,68.0289927892,29.8371303475692,277.621175364157,-0.955710029991813,0.314334694368125,1,-22.3647919134054,999.607132495253,-7.48798708018797,999.999999876923,3.55466103365972,197.447157293306,1.94198116302799,980.71796257533,3.22229866696462,4.73554143861052,2.7436024031416,4.29088798112475
1.98533707350193,2.97960774086645,1.38498825358997,4.0224000638782,-0.643303637212737,0.771684089252879,1,-1.41613521573596,1.79462732894222,0.534441538188408,1.50900510529131,0.880151194011385,0.980307417838068,1.01567189168115,1.01287108085422,1.22256628851272,2.53513320750811,0.858492785008065,1.24783968773099
1.74327117682093,0.822033585989609,0.312341491082236,0.5258324794295,0.620454272620954,0.919053011469509,1,-0.0841223712907233,2.12214613855655,0.775301742975656,1.21912485136823,0.139403687006031,0.38648796205197,0.111550887980701,1.01654477986965,0.144661890667777,0.62004883098383,0.357071981275555,0.864043823519258
3.14675670629828,3.88350415603225,1.79269870667241,4.43810650136074,0.859380372443957,0.643399340593356,1,-0.666953777956797,4.70295995056156,1.4288241642679,1.64867773785924,-0.164909500904341,3.57663542656493,0.832805173433453,0.98635340967419,1.40954268708981,1.59241679856759,0.162980009856045,2.18409806583492
1.95536267932701,1.58343177356292,0.736313574135896,1.80058986563916,-0.123382494415801,2.10563456285854,1,-0.380925916010961,2.50675730070385,0.948629923217266,1.38640049413814,0.098652838335751,0.859203603201719,-0.464212809544894,1.55693546860277,0.517134321784543,0.915481763341809,0.706681296738081,0.955762157417565
2.76757033831394,2.93598175048904,1.35764654152068,3.57766105898395,-0.389017180510299,2.51489620085398,1,-10.789288126276,997.731683157645,2.69608151294779,67.3169616695351,0.812449973386598,1.3958101108179,0.54571643542016,1.40073580232357,0.659960185422749,1.68837388394701,-0.373601296466108,1.57669275667501
2.16949745400258,2.61053578018137,1.44648629643375,3.63005756894978,-0.644300921760122,0.971614191642413,1,-0.987234580210653,8.46555705648903,0.573939346553042,3.04964298997612,1.18669994356106,1.58393805161531,1.07151926247422,1.28779258350932,0.389853200019383,1.63820025941997,0.897044225959299,1.28869153658271
3.344900097704,3.48881874654111,1.11354297952797,2.15161020814773,0.707567548657772,1.40675064000326,1,0.485014441407548,1.628091947216,1.01201635153774,1.34601520187425,-18.6225656660428,999.999999999999,1.77475128377995,1.00078058097675,0.762934231784897,1.29900367797343,0.789908607888836,0.792965233192841
3.04563539460743,1.81410584806583,0.679472301450133,1.16896097941824,0.489870131788348,4.67848183182724,1,-11.9107700839154,997.931246311948,2.74227745158493,64.2905039848234,-18.990302511105,1000,1.30545710217998,0.58261776812058,0.612265072805453,0.993506717827306,1.46415585971859,0.765958174405951
28.3578399236337,431.046974293999,42.3558985441994,1333.05900184961,-0.98999996503855,0.294705430037041,2,19.6472760470637,304.923388921157,2.7300303397194,14.2003145363092,2.55197993113879,15.0810976041627,2.4650028718258,15.5929706677283,2.84335012925825,15.5904089771226,2.41852487112645,15.1534967639856
1.52014204849129,0.658223006063376,0.422590464763808,0.367625981240196,-0.2469746947543,0.618960771560684,1,-8.17860522317583,994.194811316502,2.22355919594357,107.595035279349,0.557130062342327,0.643957165219653,-0.072799658779207,0.744932506393014,-0.132859754321127,0.749138086261044,0.77427042344391,0.418020008095875
6.40694031171955,9.85181158508754,7.49843618582703,26.9241469365629,-0.906841507612447,0.338594679075744,1,5.15556441531059,7.81366915410278,1.35772698573812,1.59447814727482,1.45414449968342,1.850596187367,1.6157766183993,1.53354119687485,2.06584048226892,1.856165740798,0.430159698089947,2.53018145600142
3.71797170617946,6.03960053775215,2.40706995570687,6.65138094259188,-0.888354246396435,0.461915572595111,1,0.787702469899823,2.94842655838833,0.864607386301805,1.6578127296862,0.703100514478503,1.98649687334186,1.38592458525102,1.91875160330991,1.56009927556595,1.51842185176714,0.827109486646578,1.47246752259392
3.07262125386251,2.17025990634507,0.178781767575257,0.259262683212044,-0.777534454366481,0.46052051109078,1,-4.72260931729081,992.660708925158,2.10515466541452,120.933478509604,0.91727574715338,0.874766538477546,0.833801427673869,0.883811014021197,0.652557226520522,1.07879061177725,1.07541361785407,0.689640540631171
2.00285219243938,1.01757238203164,0.646334849192867,1.04526526571682,0.525658426373071,3.25981169217938,1,0.357627923340993,2.02552112375138,0.676839517428,0.959202022391784,0.383431129572991,0.639115338597856,0.903008993483291,0.713988152420665,-0.116398192898585,0.886849244406088,-0.614688894459462,1.15455554677921
4.00133600714804,8.63373348934714,1.40283018723529,7.34621798045286,-0.88690281928026,0.456619345433737,1,2.08632572334651,6.85652839458282,1.06504089618629,1.80543914276324,0.280975385864081,2.20306778788405,0.940425012739548,2.62451818869986,1.16502944178632,1.88758510810383,0.559392742796879,2.05698477085727
3.90534163555452,4.26892459776656,1.27969926474046,3.25116088544436,-0.29080956171795,2.19303497536269,1,4.35926926576423,31.3741919276678,1.05336806253099,12.0329576663067,-18.9372077940087,999.999999999999,0.656414900859509,1.47692324635558,0.732178535348769,0.768365541319759,1.25902287099394,1.9215705625081
5.39550133298735,11.9093093176526,3.76235924548445,16.4737106011346,-0.912599221965175,0.335829142368063,1,1.47977440992989,890.09767749914,0.669332273563054,455.789516440259,1.44329049949022,2.4283755348782,1.55263530890101,1.83541323845871,1.63922330756356,2.81232176023351,1.19392960935091,2.05934438758526
3.67013495122436,4.49337328116601,2.22587702050066,5.00393492216845,-0.72115784753184,0.804013463447118,1,2.25624247934528,3.31180463582335,0.751567964686332,1.76268672797526,0.976071811854987,1.11686815404679,0.611305981917805,1.31597688209548,0.934646524463477,1.24812901226754,1.07591492051587,1.54134214175343
2.37751391874515,1.02310557730365,0.660694484081935,1.0803769127681,0.326678496301078,2.4205306651691,1,1.00254174198116,4.23377970921805,-19.1085086238569,1000,1.22695527688906,1.30304670166676,0.631836779366326,0.980648384255137,0.889586436676792,0.906162680075843,-0.000560439872345878,1.05767205868649
6.14222412748848,18.2018383907685,5.29371580342202,32.3163302300197,-0.925906353988114,0.386535914392162,1,-19.9125878927423,999.324314904297,3.3028110194139,36.7617541427631,1.65805597881567,3.29668247613824,1.50544404845309,2.99870663598781,1.60839871251618,3.39932088761088,1.16615180353154,3.14231654808591
2.51161454205795,3.76593906567524,1.7876658448744,5.79678259533081,-0.532834183135479,1.2305679447964,1,-0.435558980018272,1.60858995426634,0.965582417730472,1.32316593742662,0.583241353115833,1.81489303287529,0.687755156959892,1.11925809664978,0.76159824630227,2.1177040566855,0.41982954152395,1.78077027896555
2.6365841815206,3.24538129423913,1.36715642115061,3.65634779935828,0.235000599917063,4.79522005166707,1,1.8820219084099,4.4030118723923,-0.355347642656528,1.35974226294707,0.83178303838225,1.02288333122079,0.959471537389817,1.34181408309372,0.599223055818493,1.73135598322845,-0.283295028664189,0.906341579163329
3.19288092069198,4.64867741046953,1.25087543858652,5.15825275888711,-0.542244719867445,1.88458787976018,1,0.672325666995161,2.4706989756876,1.00210649488687,1.14903503302921,0.463084041401311,1.96034972565938,0.67130626679344,0.970806948714466,-0.196514019170606,2.38077525406535,0.359702400672537,2.61476353593254
2.31336342696894,4.04305111099573,1.16219941821633,4.24318458840362,-0.592583727006141,0.940646300919607,1,0.387408817860276,2.4926916846576,0.540548824875288,2.61982759483222,1.23781186660342,1.2284610079476,0.538172097398255,2.11132926797165,0.232010807444275,1.98154529052212,0.698590698429684,0.899575692344278
2.83361032809014,0.695091232799508,1.08895691561671e-12,0.00208706196900433,0.919025578805799,0.0482425226154041,3,-13.2791410754672,998.440666922428,-8.22692480318593,999.999999888625,2.88400447185319,55.8233106867456,1.00644270452035,0.820617202231977,0.555629035351952,0.817936704359148,0.524303283554542,0.503222183785765
1.22287472006616,0.769386732118754,0.189063679692115,0.293583299815411,-0.0814155950568911,1.04996594721588,1,-6.36543473727477,989.687446782625,1.93284170524267,143.244115836465,-0.061660130968572,1.82142072256608,0.293123349426865,1.09545537809078,0.156262723065988,0.460582264109911,-0.425349306779977,0.825532782821484
2.3400732480903,4.11843107670657,0.842931717973011,3.19950076487818,0.0595024384034128,7.56875393241979,1,1.81313237410353,3.23503141229717,-0.227353223738494,2.57280711359322,0.152022785800409,2.05774860325854,0.889514155585763,2.36291054573654,0.401803834135127,1.8995867266277,0.0343404460960582,2.20929470325845
2.77009917997422,2.853019043059,0.950068818238146,3.04164392709296,0.161519620447758,4.45542794101357,1,0.476801459792434,6.57175587432152,0.210970058514748,2.46803942764292,1.21736222633591,0.836330563132201,0.585554353308883,0.956906038592083,0.244680674311684,1.20548773653651,0.240722839859696,1.6772794516116
3.23721067118691,2.85491576659694,0.707914583043943,1.22649132714077,-0.636093968250436,0.680939691848663,1,-6.20247125030699,994.052264804287,2.21132260765007,108.905016527011,0.951742450750284,0.609043382851751,1.11062213006877,0.863990069222399,0.217084443737028,0.766843444996687,1.22881329614703,1.33461242031391
9.3544971036121,37.3616461085975,13.7886364186174,106.718173040046,-0.956182373637942,0.367464389717404,1,4.9863947927249,22.9801133417814,1.49955572043528,3.62910589836626,1.82113779535729,4.23192481604363,1.89595198261861,4.01112800096152,2.34472873710756,4.25909309741161,1.66096620388596,4.33965207739457
16.2668515648786,97.5252671842579,10.3760534718273,131.098184837151,-0.989999885647477,0.117853863248843,2,11.7670500339971,81.1264474260666,2.25506486861261,6.17084417277987,2.60957168058272,5.3323694825981,1.15993976412534,6.87479893022184,2.92079866478807,6.8116636526302,2.59353349858947,5.52148631969269
1.8196572618573,0.618845647952959,9.12117740364795e-13,0.0019100971077172,0.398727590281734,0.321486919714357,1,-4.93531086763899,989.408108093829,1.91926618196306,145.16086996197,0.254283145812735,0.979458679839013,0.601890062403917,0.988077084049615,-0.950445667023592,0.682787603543778,0.0241532437247267,0.750246496875873
2.20078501237422,1.43438030540456,1.01111885046088,1.14637407686902,-0.548768683204471,0.711605996105205,1,-0.373323692468604,1.35124113349419,0.638453357929744,1.37524345811409,1.0832970407352,1.01121544056579,0.799730600078139,0.671805410626006,0.498615467135077,0.712889524316724,1.02563991314875,0.730038581276402
2.78689173870649,2.71639930449571,0.883545035068106,1.50057854898152,-0.847334262352003,0.309862442460473,1,-0.641712928537434,4.23193676680101,1.03500347623517,1.95521948846983,0.568571398735087,1.41819930977134,1.41848506818195,0.825519653047962,0.822677172216538,1.05740195114077,1.12210653352112,0.936435783487577
1.74354985456819,2.01149658461599,0.411127165347823,1.25457069091297,-0.589449479686091,0.483127074093597,1,0.168510640826065,1.88688699732375,0.256710733451491,0.903551753898869,1.06855838624078,1.75204560235187,-0.993533360044489,3.87471390282743,0.356441554532886,1.31426874159298,0.0543771744664712,1.04602927525946
5.09008438548728,6.20006667338955,1.91487426241011,5.57755540796237,-0.377751048411538,4.47505923305238,1,-4.31555040583475,995.379427677752,2.33856967207349,96.0226692231208,0.311151311689626,1.92044868246498,1.95351480974545,1.11356959760578,0.680987529598057,1.52216179659565,0.918406831062763,1.78592983276063
2.22091853668477,2.39062812173327,0.747561542070503,1.73370747160244,-0.353482348513538,1.13267599154354,1,0.277227542972288,1.9200902586138,0.319668969193805,1.13346777312467,0.898684236813722,0.993114886226619,0.209649384438544,1.41165709987878,0.213573806168788,1.27805425094303,0.407830909045201,1.56181406755046
15.4049087447906,59.3426547550086,37.7346926042495,288.782808344835,-0.989999968731493,0.0823991383716362,2,-9.34594095025495,433.262684756427,3.16015299296901,19.2095829616079,2.91689616002345,4.21737356770926,2.39466277165558,4.06447296689126,2.65876873517097,3.93742701590973,2.87386279844729,3.73277856550087
2.64295098171352,4.97723023984189,0.7610206175843,4.20562765632404,-0.484803101898451,3.36514073494155,1,1.48414066175606,3.14525001875214,-18.3120051708017,1000,1.0636207619649,0.958002249494764,0.474860759370906,2.69688805822835,0.597614933964144,1.99654046156762,0.115787408590831,1.96953112284469
1.97364785850295,0.656093727055653,7.91034220648714e-15,0.000177880209202558,0.867910614785216,0.12286558039809,1,-5.8950870438374,990.056237339332,1.95132949351897,140.672614285853,0.697255707184104,0.988841619561706,0.773878050867179,0.260613865557379,0.795188448715082,0.403150362907164,-0.0636769987608801,0.823291241160684
4.80614662957332,6.44270901113852,1.94026876212016,6.30419993308131,-0.782319557713885,1.37881829566533,1,-6.18370221573335,994.976297005255,2.29644125194253,100.111471153419,1.15470046424688,1.44778722625049,1.51511699218463,1.95977953303796,1.11521440021776,1.89935347947055,1.28021092197843,2.04518322246146
7.47158317881489,16.3318712740822,7.11422577339205,30.2377195143473,0.0203163603099727,15.3360832425674,1,0.371059331148159,24.688119454606,1.24615822366272,4.8825882631247,1.73759948413921,4.25981545558354,1.70741579999821,5.49068514099544,2.3129870843244,2.31511623559479,1.63147135924208,1.73183100458955
2.14022194276833,2.62582882168003,0.472225278755176,1.48485847069474,-0.0375089565013618,1.51414212315575,1,0.440706501614783,1.65284929272223,0.975517346180498,1.51049528381463,0.588153691483033,1.0577702986624,0.443072264945657,0.71321738593433,0.422542184033429,1.20076359707035,-0.0211069698338026,1.6642201195825
2.87639634642174,4.44419866656531,1.89522178106157,6.42015274717467,-0.794080368438382,0.482877630190375,1,0.750644328358983,5.93980441215638,0.723000088878754,0.943433155351738,0.55886418764667,1.50215853722615,1.19079822681639,1.36163236231017,1.14630042604387,1.29026520032001,0.86121063325131,1.43767386779838
1.58961569063724,1.66522118181527,0.51766818798974,1.17939902358773,0.0335408415454457,1.71111010892098,1,-0.171723962077386,2.1347927350737,-0.00559431327994524,1.48484877605355,0.639375713450702,1.01314847416614,0.736003851788654,0.808505701235568,0.121064671670231,0.865811862884156,0.222655911996485,1.22297162619162
2.68003920581791,5.7702812349051,2.32452144191376,12.0110510528546,-0.703420575296637,0.895130111389492,1,-12.7148195629024,997.302825310979,2.6091744546615,73.39991540477,1.44505092536464,1.31323785542531,0.230470903477832,2.69828360298251,-0.239216691802237,3.30772438721803,0.780228250370706,2.01105673389496
1.38625556778864,3.15573529866541,0.480849962961586,1.9388704856437,-0.347642107060919,2.44515553487064,1,-0.698567749225536,4.77172361545947,0.987851983614362,1.08490121347615,0.382126909550438,2.01108489634974,-0.605642355215155,2.10807704592326,-0.245530753527661,2.03520448339571,0.468392950812158,2.06602465772569
2.32883916890018,1.84077429846952,0.300672692452168,0.546376038384966,-0.749039108421228,0.487800018163661,1,-7.14777317450194,993.849960070171,2.19444534194142,110.735434121389,0.629409030320866,0.672799032634107,1.04491142034712,1.0726145334776,0.507954022612327,0.654154627833359,0.489306487471911,1.28869999631223
2.13657054331931,1.44060386646113,0.536766236832938,0.868057454416225,0.0282482622129535,1.25222401474237,1,-5.92663816360038,993.63887327351,2.17741275547753,112.613803691092,0.306473882878389,0.799335139594066,0.0750294277115255,0.982062842922432,0.822878183873808,1.13991948078647,0.261270657324224,1.37662364426814
2.55424690447488,0.907580436821459,0.596451015696164,1.46362882197902,0.355713498334352,2.6163266120803,1,1.12760553419451,2.92616530516525,0.395554961618901,2.09342272916963,0.516207005342296,0.640424071961033,0.398889358856703,0.798340355929897,0.396999247909856,1.05117566230556,0.375552455027121,3.59791802668046
5.68808716529588,5.32081344246952,2.12520040762035,4.04892523983046,-0.621663812097914,0.930729797162531,1,-0.95204664900223,8.44081697543659,1.4069785982659,3.36897238982264,1.4931328115985,4.75861358947664,1.88746145173641,1.04728100916421,1.18905410286569,0.936141393555254,0.54297932715386,1.15531383072342
1.23734368906452,0.836281679302942,0.0857128129577931,0.24438300804111,0.311974633779617,2.2258898100231,1,0.00655188270465118,1.83852626054051,0.19389225367088,2.13423183533872,-0.583021797138875,1.90749492211765,0.28446426052717,0.788887598409606,0.229183789175538,0.824737953729999,0.27020670797886,0.824457943249609
1.4939361115246,0.79673887262631,0.231128198500712,0.535626884132703,0.478728200127726,1.05394706623624,1,-6.2201457448111,989.233160410661,1.91094234158454,146.348308572046,-0.26309650103127,1.87000337452616,0.603435705008362,0.995210441307288,0.411708875332225,0.556177586005114,-0.145103386191802,0.714087605680143
4.08841995116523,13.8406230400302,1.19345482550162,6.30513102717254,-0.80240777698672,1.36901122788808,1,2.61250594679756,12.0451352037499,0.115600061188554,4.17453712126182,1.13052878114472,3.99377597933229,0.310863023519277,1.60731255345815,1.54129478064699,2.69900882000004,1.01572757698121,4.34983766444213
3.9581221493992,4.89674427190449,2.10167966647971,5.37511140486774,-0.742454034265636,0.742946904295671,1,-8.06124583929417,995.958324156752,2.40593592544192,89.8170844554576,0.139002462565712,2.07532490384683,1.28480266578083,1.34006147372617,1.49020878884683,1.45345114622549,1.32454187044622,1.37309076174813
9.50055727961741,28.7504280683886,7.41635340634198,42.5477126149901,-0.951497715699001,0.34113627827284,1,-0.653308581850426,33.1816100636687,2.33370964986922,4.36444784350856,2.43020279191874,3.25101780580295,0.782537759287826,4.36116956254449,2.03678447188961,3.77739971504508,-20.8270629054169,999.999999999999
1.63858655315169,1.08511587484058,0.561143066335538,0.942578812878502,0.0441001763954937,2.66061474218593,1,-0.145081051458761,4.45991963507326,0.0933327711130889,1.21503782543631,0.199604505705185,1.38914525833898,0.678884086734107,0.453807521086246,-0.169816398193344,0.892019013489921,0.0835534134454706,0.841653533848383
14.224688711317,67.1458400431715,29.2234015799744,282.91734812724,-0.989999947665429,0.0915444932938801,2,-0.87153698456596,11.5143328476453,2.62954250751626,4.66853234600446,2.4349471946737,5.13057360316097,2.25083551851354,4.68614477748751,2.899240749552,4.61261305339708,1.05953354414237,4.92770320242929
1.32651700944522,1.20221405601244,0.548084589482454,0.800949904304908,-0.441918293074172,0.871574974915414,1,-1.41788806739191,3.80211305628929,0.265708396846697,2.32090379093731,0.92584699860665,1.14310974257048,0.577434385237052,0.825459108869923,-0.474252465397278,1.17906897879231,0.60101148420819,0.66787361792255
14.6552839032802,96.9429694284139,62.4786089097783,834.045359889193,-0.989999979330073,0.129214150169855,2,10.8415253923694,70.0900279177135,2.2992978705522,6.23864870132559,2.1708027071532,6.66212955477817,2.33998102143083,6.82044294883457,1.75168007360885,6.65764526287733,3.68472561808903,6.71114298893181
4.42068573691999,25.8266624995068,4.25136594193675,49.1351756732658,-0.500707435440174,10.4435833627874,1,-1.23482039918383,4.41407379546412,1.94276364447076,2.72414101697838,-19.4395844869054,1000,1.80418221505375,7.54533768875096,0.139120020627979,8.1565979885854,0.305361707498904,3.98086262775774
3.06465373068767,1.82606724309403,0.835331276173803,1.22256771732485,-0.649711873881019,0.880112013617851,1,-4.73859237765931,990.830346694416,1.99243973873518,135.112035857866,0.605334533195742,0.883563110977429,0.540329333561872,1.13700819417892,0.880543140957808,0.771843938398806,0.845280194297126,1.10171830652432
1545.07983751137,929.226731283076,423085.440716601,529157.057943915,0.207513104669352,999.999798768493,3,475.604847658736,998.795157773494,7.47646189054355,0.931268538666445,6.38968387415153,0.94697797978447,6.18566866342477,0.859205071287198,7.10949373456398,1.09020839673489,7.60011812427426,0.807166174348973
2.36808501226057,2.3606406648556,1.5036551131754,2.74988111118324,-0.485406053478144,0.980603510968667,1,-0.594966198310296,4.14454852383686,0.633448291441257,3.59567929487736,0.876573736130792,0.521440367770079,0.301693254830837,0.620253461818873,1.33151959686464,0.776720723298742,-0.16195084192138,1.56000960534859
3.80663503110633,1.90761066120928,0.824869092215249,1.1074646116743,-0.183744209420969,1.45265144493179,1,-6.53080351103118,995.114175626551,2.31046009793867,98.7313175486511,1.11173264698411,0.812991401297616,1.35367730722848,0.385866080409206,1.15069414233323,0.683299238848394,0.153977654258287,0.925413227090338
18.8557583186813,121.705372229696,9.72880459960017,121.215710847216,-0.989999974734262,0.126890810411097,2,-8.10460300741958,188.062234574214,3.45965255736345,7.60434535469844,2.64654015972932,6.11243617624211,1.47781514844135,6.8450152848286,2.88875351207207,6.31604265444272,2.90132327507157,6.72945148918854
7.05267317611495,30.4062017725698,4.7439975388055,40.696048287543,-0.961116681097515,0.414084606171563,1,-14.1269530255084,997.974929195748,2.75298100954955,63.6099156965204,2.55531862159049,5.87029483611269,0.970452356118144,4.26734942692133,1.40234394148599,4.71373188029728,1.30395425066846,3.84573570513145
2.62233552223339,3.69744292790572,0.565205993692025,1.36214398978831,-0.411849314358724,0.822666533963806,1,-6.94339494468711,995.329337064118,2.33314064489299,96.5406656752408,0.71504186569316,0.496769235283866,0.400529142337625,1.29115690297197,-0.0988431705352086,1.04884483108867,1.09624819603962,1.73439229269464
3.43229518314953,6.75391896568661,0.635586596620181,3.02514579496753,-0.762545462575826,1.1625735944867,1,-0.288794466972347,9.79573264261613,1.23695973907401,3.84873106968347,1.10842240329186,2.27613452174358,1.08319904263649,1.93051505729634,0.812108775361793,1.69420594096401,-0.244589841393759,2.25020688061223
2.35014588069841,1.35268616382832,0.261735218997785,0.439953585052532,-0.263758325861678,1.72602555162595,1,0.615182545092285,1.26693065459635,0.586611810642098,1.17657298960967,0.754041910813311,0.761474611797211,0.13930011599406,1.04991909917107,0.232118585677938,0.974564356723058,0.740546890320064,0.924416282468817
3.05696663289515,2.11987135151627,1.28071679723617,2.18282708726402,-0.643386474245145,0.600087746790006,1,-1.27302069454761,2.47176997643779,1.32497784481285,1.158612004348,0.826138319795285,1.08201037965572,0.649427046195933,0.834283175039279,0.802989452249807,0.677053326674465,1.0041343819215,0.743416689772506
1.75346677846022,1.27636456677309,0.339175073407283,0.630688377369305,0.546079057711932,2.56451973126209,1,-4.94624056723861,991.095572284266,2.00731648740659,133.152884454489,-0.992801736838299,1.76291108320498,-0.477031281039075,1.85434772210672,0.573334527554569,1.06104275286973,-0.300098304054091,1.46165685697803
3.26386717395403,4.26563997227392,2.06755514617542,5.3732741654256,-0.595572294028194,1.28445707083966,3,-34.9867775231301,999.601072917816,3.5664934157982,28.2440112563005,1.29758047314502,1.6812048487801,1.32901657102307,1.32394205425855,0.98894117711787,1.47912116009686,0.871112661022784,1.84448511781386
4.65901486882393,11.4678170360591,5.77866997907513,31.9068656698193,-0.915865782908976,0.370840249488826,1,1.40742534039026,5.57084200878762,0.472495478645431,2.30035164855296,1.74004307722478,2.16120657411999,1.36819191735741,2.82879649430006,-22.099701696207,1000,1.5176893949569,2.68956324441539
2.00302159536021,2.12806640820185,0.257579415247767,0.421974648303814,-0.682911364771781,0.403201404244656,1,-7.77246478142278,993.59619086974,2.17403641834188,112.990879602018,0.659163589365486,1.65318305219729,0.467143865972021,0.765378889318115,-0.989424793223509,1.70022923356658,0.690992897578089,0.852610357928029
1.373022118801,0.447140413389385,0.337543024493565,0.330315539011718,-0.0571991981094425,0.981784204916536,1,0.789709444294631,1.21619462951566,-20.7592928518133,999.999999999999,0.424398223834901,0.718151826900976,0.385626797809321,0.837826965276449,0.598011356033743,0.552508835507169,0.246158224225966,0.377868127049616
1.43912435623832,0.924129103516191,0.101517482876664,0.255015178192,-0.114632580899335,0.654751305290284,1,0.568962211539495,1.61178404216374,0.489420551347909,0.591007231498273,-0.684307122709113,1.17435881318221,0.626110257360656,0.45275663119298,-0.577962855812418,2.18123710930928,-0.116825222199386,0.792576719408455
2.37353092689546,2.9090867438904,1.17276825138515,2.195749704466,-0.606114194155014,1.30767001599536,1,1.00832551086688,2.95365773016175,-0.236190659101795,2.00268270956933,0.444415111598719,1.47811430274717,0.649199865098395,1.83624645258112,0.795675846665912,1.01749941349613,0.400028930833947,1.17081144638279
1.18911233560709,0.641824779804516,0.214654244375195,0.333339985279081,-0.152289612084115,1.24031495036584,1,-0.901874646871775,2.27962479014184,0.757422202861877,0.849594252800698,-1.15382987177554,2.25231786460398,0.425307874513016,1.26649701720286,-0.796951244474464,0.916827186600749,0.375737388139938,0.838112335862863
1.85923078161892,2.78012804816033,0.279469109504029,0.483834920310168,-0.164759122507278,8.43832487441174,1,-4.70702664498182,989.162508397959,1.90761829546593,146.826541554464,0.1159106350822,2.09148137679792,0.0727966740143951,0.674390351010307,0.334477456023967,0.883281379865688,0.643079743190441,2.12896946096224
2.3064091609115,2.02752651843474,0.897229813039081,2.05923765673521,0.397108423759279,2.77567598609401,1,0.927597987605173,2.68027672360079,-0.400684510945192,1.25718507621675,0.413984298674252,2.25434675251187,0.0557274673989661,1.90784958502736,0.812133732505069,1.33986118654565,0.522725336415571,0.91952244173423
9.37808593075515,12.5302207647385,10.8602768152151,30.3157600774882,-0.953700081359036,0.144445861535278,1,-24.7202589010803,999.393265165384,3.35668051676128,34.8303346332933,2.46400337924881,1.33239066967078,2.31388649121164,1.48191152126235,1.74376928060696,1.49528853974953,2.05859923465778,1.61068132628488
3.58268064059487,3.54437797327417,2.75859136312391,7.07752222732953,-0.741947588658684,0.529616348324844,1,-9.55627731859346,996.263427571871,2.44541104716476,86.367232520976,0.407217948460278,1.39417710718747,0.76800687166467,1.5779281832332,1.11786167026532,1.29307279574883,1.54589915426316,1.21606074242874
3.57682215114438,2.61368844096704,0.889011394927855,1.1893191061648,-0.656669342051986,0.458547651181012,1,-6.89541904897734,994.869515156091,2.28584449225831,101.166662938328,1.2859239580085,1.19230313418696,0.650620058334352,1.11707494031719,0.809310887847263,1.39674231508193,0.942940721902067,0.4594177684668
2.77090225008045,1.25581844124309,1.86535204887074e-14,0.000273155783308311,0.849985312964873,0.233472359013015,1,-1.70756228781413,2.90995056370161,1.72681987437951,0.628875626722335,0.587691338398509,0.992251518334813,1.40179159523253,0.544724504633929,0.21279868995996,1.0068441713813,-0.673816184330842,1.25275428478175
2.56800326483083,2.28294147516348,0.241870634819143,0.553613495033962,-0.699859483110469,0.520777550954169,1,-5.26816125572622,991.744454355444,2.04563975880935,128.230611454422,-0.192263658466102,2.05827991525388,0.348699531105481,0.897700499951148,1.01777808192781,1.41689697844773,0.765493181734207,1.29211087858808
1.59983310318769,1.22874948393177,0.199588244701828,0.472754385888822,0.201131075983726,0.949468556674956,1,0.32991193931901,0.875554605783876,-0.00826593206171174,0.697501325708691,0.336425258746569,1.3427100218934,-0.541299217129768,1.37232681687577,0.377523884647885,0.885955265454891,-0.11922192709425,1.12487068467789
1.57856042912144,3.05046226077019,0.170147351310981,0.515745831200288,-0.487316631626529,1.43033307333954,1,-0.0739288195275185,4.37818295688621,-0.145258923463216,1.70898044220866,0.798307161360798,1.18651531791457,0.039478856685286,3.37563368128264,0.102616477351644,2.02935169530886,-0.51528116676155,1.48986142839122
3.28625708754486,3.22288332038835,0.597256285236527,1.36091171160323,-0.208418751810935,0.96976628035978,1,2.98554504605068,18.7145635269745,0.657294912396666,10.5043235290106,0.755757451837394,1.26438496535867,0.966789236853606,1.48543945670522,1.46488742522361,1.17680126386521,0.607179861783486,1.00993839137071
3.94534114993241,3.56063881777438,3.48818706919585,6.22624837230307,-0.597435732317834,1.04419529018828,1,-0.872111617364466,3.4102341527624,1.42092626953367,1.10714444984213,0.860373368826494,1.03463625668921,1.0230522528021,1.26393062413621,0.843758881141994,0.904826575613514,1.18319724769919,1.24287598008715
1.50564932920111,2.33196086287569,0.444141864029148,1.34492891432538,-0.394623935288164,1.64685549992168,1,-1.39920617113931,1.6080509785411,0.142826747576102,1.23941422138716,1.13939291515003,1.38516038572635,0.628621159691609,1.35454376077075,0.0548727334355145,1.43816518694263,-0.15304434340764,1.76085361573196
2.44728966237409,1.96113747317584,1.38420011640312,2.89453138272297,0.157036459505072,2.34127339728346,1,0.475854899278411,2.02232825991282,-0.0166192799821024,1.17065708465576,0.722488647477377,0.731329787355618,0.469417158432118,0.884042109492474,0.928269889020616,0.841170307978053,-0.409950212377459,1.26957478831344
2.45582710363176,2.48830272036619,0.318004004475925,0.762632485841751,-0.762230566159081,0.566002614923755,3,-7.70231185935906,995.480916961766,2.34975125764399,94.9623069451792,-0.147477020929398,1.17964445354472,0.763148378139319,1.02302840039682,0.650173626452619,1.43757048106087,0.609724040250246,1.1063988523777
1.91841152071352,1.36170043368079,0.653013347861988,0.790416663266996,0.639547753051178,8.6551394316755,1,-8.41372353248433,993.872311377837,2.19628238263343,110.538580378083,-0.196376347513291,12.4262379388236,1.15402528315627,0.856958980775634,0.650151517582709,0.836193444337116,0.459211674366085,1.22634451681054
3.16168969810281,5.25616897158439,1.2169329169773,4.17332400271616,-0.451292078793411,1.8819392870984,1,-5.68116694737189,993.872563814513,2.19630369901184,110.532687293568,0.946007058677183,2.72717708238019,1.15575677071863,1.8542310806255,0.414989079468437,1.93756178010931,0.709223298893575,1.56078296023988
1.93808974916029,2.16167767203964,0.167816345966379,0.610661271701471,-0.0339357879615132,1.37751296573995,1,-0.69099189578787,5.41487718139614,0.848709353647101,3.71887078989619,0.450505455983003,2.97867120643243,0.889645339360125,1.38606017844679,-1.31437892240037,3.47528478916424,0.00776830219167215,2.23378722575073
4.14411192068668,3.59315930264563,2.60871766236045,4.83476561052649,-0.811606713366631,0.346981954979069,1,3.35899116714566,4.05724394814605,-15.3853462067581,999.999999999994,1.10776453676319,0.818011118161084,0.716367686267627,0.916393978979432,1.42084526946383,1.15427487003131,2.15123908055071,1.01900765911261
2.63858307785089,4.24769986130785,0.795887961615539,2.87983638175529,-0.606143236788145,1.86340156077599,1,0.50120628041338,3.11218746120694,0.331534974708692,3.9243080034866,1.28563088312282,1.87020395984569,0.491641923803381,1.42908671623141,1.20991143479447,2.14466169463576,0.395318724698608,0.917567104091237
1.05980156781823,1.37019491013404,0.31870641143586,1.05801554306134,0.0695444439110041,3.22662135363581,1,-1.02877104761867,1.86485834689841,1.00718587515059,0.842408165561136,-0.676647090743312,1.45310772066289,-0.128946200635473,1.34076774378554,0.649839613275533,0.794997449758623,0.00534014623183084,1.53810869591377
1.82279835954767,4.8727034148598,0.470597866105238,2.85942351595065,0.141706845821813,4.22173228795761,1,1.05979665551792,6.4184419350724,-0.308632224229225,7.65310375590284,-0.173471815244207,4.35417890807087,0.290482106127832,2.67296510582034,0.439254930912299,2.97424433121545,-0.141060230037685,2.76175039446223
4.66154482336381,6.00987126015162,4.10189838913752,9.22019406691151,-0.836669201583555,0.637611281577218,1,1.20808224372321,3.38886171619355,1.16147725052624,2.1522495818231,1.17736026863097,0.870170213582208,1.15032873539256,1.627674760385,1.56247244158,1.28725834260164,1.32354769428278,1.52200870901287
2.89331976939082,3.97037605528077,0.285040882157761,1.01293508618938,-0.402934399362049,2.21349563154243,1,-0.129845670252817,88.1751155101069,-19.0928592770382,999.999999999991,1.66008843033451,15.7956436419778,1.07896662708695,2.65286008721708,0.495649528530629,1.49632879990534,0.953823952956527,1.56259551222415
10.1478253351652,36.6203212001591,3.64647127545553,26.6115049969308,-0.944906174357305,0.453406908703623,1,3.09975056466247,21.8967809476757,2.19477186180857,3.66537113177257,1.7859551793558,3.02677470524516,1.71895137625732,4.61424939915494,2.78141686715835,2.90166364274481,2.21880731362861,4.62441605307721
2.13262402078502,1.04950069931805,0.10068204712008,0.585243136942031,0.851532666773599,0.612801431735413,1,-0.188767595916624,4.56138326298513,0.291678891224713,2.70477750592106,0.492604478316695,1.07599179158041,0.261922214060665,1.84545761341161,0.540442368170672,0.841146745475428,0.84206306123929,0.864252535574474
2.85114541669495,2.26731598577131,1.66665986613529,2.5839743010874,-0.574555040765614,0.394702298731115,1,1.07564316356517,2.45532380554822,0.188869843997146,1.19333436036189,1.15402929607285,0.696743118956703,0.551196340241025,0.926421079648908,0.411320526233274,1.11862055918762,0.561539727839657,0.900908318592215
2.67205973967391,4.09107825010351,0.708687193873113,2.04318205655384,-0.676691345730229,1.10892173328629,1,-6.80355142223241,993.18769699447,2.14280909465836,116.525817146433,0.999336916966454,1.84817908070024,0.441475631846425,1.46955147499149,1.13045780740718,1.90896451742741,1.04157304069221,2.04129878742994
2.14729761898011,0.741096801998289,0.336898325079955,0.464356709905983,0.561817546648816,1.2608134905788,1,-6.81264911347031,991.257764096827,2.01663027555958,131.941166008742,1.1532778546088,1.64883390814543,0.918803731340882,0.395342961318112,0.153400205725092,0.571949570967846,0.637387535473507,0.495508762148213
1.58593636151534,1.18238288104735,0.519821229470913,0.701768719480655,0.239147453687543,4.42203829926135,1,-1.14313138251533,6.2122096567614,0.344740709497156,2.87732394547367,1.01493093786792,0.446198169161697,-1.37590753299189,1.1222770298998,0.739304345320187,0.445903013616861,-0.253811704828317,0.902245105571079
3.78993981033187,2.95254002870772,3.54859231480826,5.68206932719058,-0.839240820106434,0.419513412953338,1,0.879800939397831,1.87338041767606,0.962707056893578,1.50745443258772,0.35097874294335,1.20831596413343,1.45475983128137,0.719859676871898,1.13772286719548,1.1358017615627,1.09734015054875,1.07403669605103
2.84146522023162,3.12879388117923,0.558335931981874,2.53311657370684,0.944305301841777,0.144276770740318,1,0.392943571259104,4.47455002924444,-0.253446503858679,1.49518004058247,0.693185703646611,0.825897241854293,1.17474240077669,1.15830424299419,1.06029296948744,1.60760045898772,0.185968096453506,1.9105323020222
1.16239060508424,0.363091722740143,7.03916540488502e-16,5.30628510537615e-05,0.645988448869378,0.254138220770616,1,-5.65304942070028,981.138599350303,1.62444114657047,193.305719750251,0.713746714022637,0.875304329536295,-0.867792706161878,1.98346314886806,0.498885201118497,0.404386759097596,0.401376447880291,0.338143333309164
3.49283610259921,3.91759505241999,3.4554072226251,10.1925485761822,-0.638951903300337,0.633653760733329,1,-8.86821666851982,997.039387169909,2.56238145481181,76.8946201892902,1.15461633590099,0.979455001228644,1.0142912527659,0.913945997441721,0.95492866752468,1.34196008562363,-0.206912173680302,2.39042650426381
2.17809132835783,6.93546305878783,1.26139527596358,8.4141119869577,-0.879100553426092,0.650075588904044,1,-2.01516758886511,3.90679875566092,0.727017102711062,1.58012508840966,1.34661953339784,2.90971813007735,0.524271382548656,2.84969709285506,0.793519674135574,2.98716559376663,1.01053228774734,4.49029932470143
1.5140617534559,0.593287454660733,0.00191143404792873,0.203387514161843,0.8066251842394,0.190389545774189,1,-4.50380565237403,981.068862224023,1.62254188841346,193.659612003826,1.20812986800069,0.31283693281316,0.160563412226972,0.552281540279006,0.3267925431623,0.285380995193926,-0.706308189336236,0.604410683050385
1.31634322046897,0.501591910567557,0.260068260694387,0.651989862970573,0.698798148472242,0.866126617825369,1,-7.16929363874757,989.631817347975,1.93010951057303,143.627710153473,0.915454479619547,0.501022578120312,0.575393997969813,0.597516282047467,0.0637536151684757,0.694919321494912,0.0403808802750166,0.465524643982505
2.11006181773311,3.22049417007777,0.77316576592716,2.41731852159015,0.547868565751429,1.65296682140931,1,-0.228421122240393,2.14434426575522,0.938124674675204,1.48911541926559,0.293351071148026,0.78143450538415,0.695621816257466,1.04077044376763,-0.264447774982015,1.13362096693051,0.876953343850467,1.70788057128004
2.1661983762375,1.59762954683366,0.795952613521802,1.43423423745308,-0.173621765242881,1.70061720520408,3,-12.2533188672695,997.710708649321,2.69146357667095,67.6265872118248,0.548988063059759,1.50733999518151,0.750101162288168,1.0564622131451,-0.414335463855856,0.876073135655135,0.737961114522682,0.840252904636179
3.82469519572024,6.37965721149473,1.56450851240334,5.96730170276664,0.12702826423462,8.59493763280885,1,2.9868678809833,32.2173892924533,-16.549489760706,1000,1.30217441836461,9.26337953654206,0.316409867066032,2.84658986412691,1.02283301203835,1.95818279568079,1.12953438343273,1.91257921171326
3.93852218022793,2.54000610276516,1.58959080842295,3.21052656777578,-0.277201972687365,3.15007772772339,1,2.07023367231648,1.69810326171315,0.493162324915237,1.06005589515518,0.85888492824087,1.27607408017524,1.57990989643664,0.53034087391074,-0.199545498239016,1.98512423449443,0.543493644896668,1.37251991694171
2.22958878373462,1.22477798233203,0.65499112249084,1.14202967794077,-0.339747842495338,1.0496679534481,1,1.09879877251048,1.90758861092426,-0.558047847851389,1.23579139591772,1.03349545428789,0.738384054250007,-0.3640529922928,1.07104384197179,0.476641944736957,0.96005072837627,0.427120652700543,0.57486918896802
7.07205312763414,12.6208311299224,8.57181464276475,28.3305063257434,-0.94165959438795,0.242652860954076,1,0.0409341442274189,3.67525802757665,0.866137666844747,2.66978426889982,1.88339660344928,1.89020528916965,1.93374997154473,1.77439359121137,2.0726229524093,1.58895294355756,2.19290190147165,1.90580870273058
3.14731911440757,3.83825037595022,0.348356160312413,0.916064904737048,-0.807267070113227,0.587162352929174,3,-8.53906916803103,997.183948151234,2.58752041390226,74.9967963819673,0.541603016724302,1.12809456894408,1.10853453714085,1.12121167449097,1.06804403841861,1.49025694061589,0.808250337665385,1.49224271664415
2.8706334474811,3.82627060869243,2.06567693113948,5.43842160260899,-0.67011849141737,0.897494912894001,3,-37.2115633357748,999.67408216718,3.66761466849179,25.5291986118188,0.883156813509648,2.14895288851429,0.340448711443964,1.5321237517548,1.12414929268303,1.19745682714591,0.719430970345322,1.25322865846275
13.5958457429382,140.898477496066,34.2440565186124,745.023072304602,-0.978834481413519,0.416035936180697,2,-47.0025483267853,999.859635491093,4.08895231753159,16.9211863191537,2.06100355541236,10.1385789726732,2.52567988874479,10.1219185211803,2.2085680207985,10.8553428012351,1.34794450900019,9.61439791587796
6.64511479497621,5.56944832808209,7.14994887675686,15.1771785922874,-0.808985417919859,0.459751415748699,1,5.02137180020847,5.3044599164316,1.07414418964367,1.44815216796289,1.77937267019652,0.936182271030927,0.811771482095198,1.70166619514783,1.24246817695306,0.89111775038507,1.68649089536768,0.898146078228828
4.33564117351272,8.53335969585761,3.04999513019824,10.6647663573863,-0.903997055008001,0.389723436779917,1,-12.9178724092246,997.849563867038,2.72285367585443,65.5467481497532,1.67407284493737,1.86054781210435,1.21046049594005,2.30995168573885,1.04764882479465,2.50314660953822,1.59191766918772,1.76514229411
2.1061401636753,1.18772412168345,1.07863797191373,1.27439799686136,-0.752430456451987,0.402834869297672,1,-0.255667795065406,1.74517583498302,1.00100846080934,0.751981237077024,0.0144871584400697,0.906039293059366,1.36315464837808,0.510238626289607,0.775111264336208,0.900664663332771,0.467501770864006,1.05616740062972
2.36749919838901,2.1240462350857,0.478329698154314,1.272729810526,-0.594468853508218,0.537333085288676,1,0.570529246078688,1.68419504256386,0.161496603423552,2.67172467552628,0.716470599061986,3.14484669258031,1.08938705642139,0.789796770959814,0.29697519302209,1.41580771894518,-0.0531155661633004,1.31816630534461
2.42483572730047,3.0244398625648,0.452676353098026,1.15004980548595,-0.0156312917822552,11.2777633114567,1,-2.57523497842468,986.419993472095,1.79273785437265,164.244582853498,0.704849048781422,3.0940909668878,-1.23532983884584,3.25662294746477,0.407830820164734,1.64564355768042,0.554304118136517,1.50532173779081
5.57069445067577,6.98289803338613,9.51177572852207,27.4796861554374,-0.864093080259744,0.396455170042608,3,-40.1414971609962,999.756490156958,3.81342029964878,22.0675439446914,1.08005817741166,1.87975648628519,1.60226091413992,1.29184004433428,1.40892347292226,1.63316697468465,2.43746534019304,1.50499384320332
2.58188357632095,4.07966883718907,1.66240407690429,4.85897064324442,-0.82964154071655,0.496480994306615,1,-1.11299022170444,6.87498294073622,1.14614958505766,1.65970923902666,0.245271779380503,2.07056331852985,1.39532766206503,1.61885986821693,0.518253689142722,1.95350281500725,1.27771050163415,1.32454124408514
1.11597028092252,0.326268555577494,0.0146060298659256,0.159436688574083,0.419730428118734,2.24479429896906,1,0.477144276657575,3.15149546656017,0.0916399141279419,2.67800122876774,-0.137333535473002,0.532718955231972,-0.0111458385890496,0.463432097525279,-0.708384480995927,2.58769500197019,0.100038661992014,0.59314944992875
23.9262842172595,121.79465808398,92.8834964434115,972.268459505723,-0.983736765577777,0.180325814969504,1,7.73904720815604,38.7384665247989,2.51137756783907,5.30777494513677,3.27959301255591,5.05847451135116,2.31110744264696,4.83594640729895,2.3962150720477,5.52581772220414,3.20207491307608,5.15232158066658
1.60852465605584,0.83184728174229,0.102117751468074,0.355688496466803,0.853179305956449,0.232383460719412,1,-9.84634350928713,992.895554054311,2.12159167616133,118.991002155024,1.22911639435783,1.54882382638793,0.79703682411548,0.615036575619421,-0.0179759121233862,0.512512635780482,0.598466686804306,0.591471344008163
1.80984112267091,1.25559447694381,0.661467275660524,1.11819247708797,-0.60091184918466,0.662130466109986,1,0.367723671862376,1.98929828902159,-0.0303108573646069,1.16807967034245,0.527076484870578,0.868289641417648,0.612194191184279,0.778661542454494,0.551180652589818,0.920261735135822,-0.140671505742953,1.19833391533509
2.87521906388268,20.7805491354189,0.458462224391396,8.09340921108624,0.181280702662173,58.0579202807689,1,0.561947531434975,65.6108168016147,0.676421041783366,47.6832913031166,-0.265356785747767,2.3412517471693,1.53875484032218,6.96958414612169,0.626682150610323,3.70617690282009,0.570606773636966,7.67545697545984
3.11237150048119,8.82151842070513,0.722945911750049,5.095600387764,-0.769459159848691,1.66776672098963,1,0.199017475434233,942.255624919324,1.66917146371901,250.250354091696,0.410791258445751,157.189959322367,-0.0569460835182018,157.623402671077,0.529663419643402,2.39105875099068,1.19637515375704,3.06276642894502
3.51476350355567,2.99695737853547,0.975004446885486,1.60713985716297,-0.679248174118488,0.464868054983627,1,-6.78027876588761,993.491518930866,2.16585066877581,113.906736149539,1.36336884117796,0.748657872980373,0.431863434741968,1.05993594488375,1.27000965898185,0.949079554099293,0.765482028860764,0.971579990209274
2.04798268438999,1.39560483097263,0.305023479011404,0.461525228522362,-0.464221834484545,0.783247359054654,1,-5.15700189724126,989.894069621705,1.94311833257397,141.808993264602,0.892713486735142,0.770922690664365,0.138605096677849,0.8263651741165,-0.885482592445709,1.74350591618865,0.86027486084541,0.906770740812792
2.11074929000262,1.51638144431789,0.536743926139795,0.690880276621363,-0.576766574123011,0.91743409250255,1,1.42668124927808,5.25162170771464,-19.2020086051843,1000,0.586106415383556,2.5302401946648,0.364802135392533,1.29611686796057,0.439387531507174,1.07743239490605,1.50579900642037,0.754870924440015
2.08789113966067,0.930179405745098,0.417818854933331,0.547747761616941,0.358982788095312,1.65116773645877,1,0.697347131073389,1.37775135909984,0.0836815501563488,2.58617762292168,0.456532606456924,1.7736958919485,0.533008381148436,0.977256670659267,0.0721814883283869,1.01884984500606,0.712956002591199,0.570751717360303
33.1546305817523,220.256390506706,320.750624954673,4373.24881689948,-0.98645790609206,0.170370128198805,1,9.57273132936832,63.9930237564692,2.40957645099035,7.39421543871412,3.31388868058017,6.91227490958558,3.32735779134204,6.13818722126323,3.11683441995289,6.84733532644446,4.26907081047933,6.75103518675403
2.02740574253198,1.66446176487064,1.05376709703513,1.63772101093707,-0.398474527340518,0.800913352142131,1,-0.743955805097172,3.50053440729752,0.922364203109609,0.791364588903695,1.22659411818091,0.765459835772401,0.592966946086527,0.710070985449906,0.788860545082145,0.657085356511758,-0.487499241379617,0.909849216095614
1.46893493211857,1.00744953692757,0.172671259550277,0.382247364636195,-0.0765257308304051,2.86111547965574,1,1.47044001498998,1.01329228747535,-1.09349700127534,1.10358359069446,0.136225604083435,0.935193481796786,0.353310133088818,1.06827081292227,0.485159340233444,1.03960958603485,0.149782731971401,0.9021074379075
2.93549432526159,1.84314735558363,0.24349506751112,0.304437448854549,-0.315356911289959,0.695626937732579,3,-4.01072546645139,994.290523096956,2.23194361626787,106.707634696741,0.302235288880885,1.2843318900723,-1.06132694785767,1.49288700894331,0.642350722807777,0.697611655881956,0.836741190556168,0.775400780967841
0.843828618062178,1.13088895203404,0.21014453377316,0.618559950702115,0.150462515373382,4.22702131306266,1,-1.23640726067562,5.67285317845872,-0.613290099714397,1.62283355707811,0.136373311396415,3.15869177359998,-0.407758688954352,2.33013946714558,-0.564119600646262,2.05586793732818,0.60358439923548,0.946182060738928
1.98702719222687,1.51239757932786,0.535935507939189,1.256340363877,-0.372102315780675,1.98150028828413,1,0.0308272652376156,14.6803204326295,-0.0502638738980583,10.0827380970094,-0.131479927793934,7.78526354135069,0.78185106522866,1.31821829351652,0.25306386720958,1.17207334805246,1.17879549779173,1.25774298804943
11.6668219324422,58.8429781799144,46.100948674675,447.750970342423,-0.989999978372821,0.107739708585014,2,-4.921037369948,35.2129601128136,2.86009162162055,5.34734327602958,2.08088488264062,4.86792275185521,2.09178149723871,5.08939442012131,2.85352770429199,4.97858264892279,1.6519372988291,5.58075234261107
2.28377233652374,1.44752478036282,1.2399792219656,1.19886575014561,-0.24602599156894,1.21709557625089,1,0.556369100705471,1.29238427596882,0.305538999899143,1.56242230589637,1.10008373504743,0.513586362088302,0.25535958123633,0.554698816745188,0.491034333851428,0.755850046914296,0.72413606502035,0.929128570681874
2.9577160884199,7.95241428001136,1.34120607521896,7.78202373894433,-0.67329250402856,2.94723478051341,1,-12.3996289382401,997.677476995994,2.68423263291777,68.1164224439258,0.60629769123155,8.66496266847254,0.25272125968862,3.41960831632627,0.784574975385785,3.47884259154698,0.539407741480418,4.38093835270486
4.0448021067031,5.11133541515563,4.33966995974225,14.123110468849,0.375657612050356,4.85536333614143,1,-0.243728582838139,1.85265174863432,0.744967332509316,1.4556735445203,1.78918080264088,1.37110249015222,0.974094752796994,1.42822999224302,1.05819005755524,1.70203707837907,1.49570460404611,1.60816962236444
3.48420536444753,1.17347073036974,1.61791792912276,1.50663365058542,0.370828006290921,2.73527864811658,1,0.316656916154898,1.8746845117469,1.33477480046477,0.519107776701327,1.08784299303871,0.599236775103306,0.124712295356438,0.749587067330831,0.509734129695342,0.702046630145265,1.08602944281683,0.652564732198176
2.60023904287635,1.76150545189365,0.304017038574678,0.405755826540988,-0.351947602557262,1.02359218832398,1,1.27434389179919,2.42884028938521,-0.0546012186641515,0.594850702107272,1.07970098107244,0.490970590299403,-0.402492938105471,1.49486308984139,0.756797457972401,0.793492431770352,1.05689377235802,1.13820085850877
12.8461808337436,57.9379888482542,21.0904982847022,205.263354864066,-0.989999972806119,0.0864325922061183,3,7.87040661953308,28.9117565445641,1.80920420555149,5.37370921679549,2.149596628264,5.08615580963898,2.45245350480574,4.96903537055576,2.62222331013384,4.29684195855682,2.45974699565478,4.83338871291931
2.04751727648108,1.62535803423671,0.573070905732341,1.38818873562518,0.212259820354047,2.63634344683604,1,0.281243488963819,4.62542145608034,0.275124853881337,2.56487294305716,0.396201860721451,2.08027520005644,0.714224502535635,1.0683672365182,-0.388586325430567,0.801317292628892,0.514022237170656,1.14945072283924
2.47350255194605,2.37661871654203,1.0878875545961,2.13558174497975,-0.525427109288986,0.970666862412463,1,0.615622881799746,1.88405617883728,-0.792316113949819,1.64366722000152,1.10861883159296,0.846210131365695,0.709689793299778,1.73966224719572,1.36944250130583,0.992008122788194,1.09927390732042,1.02977235260167
2.66254672174334,2.73155318249008,1.31299766808798,3.29931094532852,-0.557070811164482,1.08054745572878,1,-0.745461553840708,2.62306618614975,1.0226205884474,1.11006918337061,0.469965724647177,1.7199560204609,0.767385017261962,1.20923200115829,1.53605397159984,1.13728959703992,-0.190587470445322,1.55372937755027
1.18873496095436,0.983239659276782,0.0658335246030448,0.128295231685936,-0.106809494968168,1.4294975129558,1,-1.06634850990299,4.17647907989969,0.707191837237079,2.62227309094622,-0.287967126742356,1.09347563240815,0.157527209836922,1.5779025520982,-0.191503704453869,0.822281413552271,0.12215419512669,0.903160583005129
3.33131005045457,7.69145951351219,0.197021216293812,1.71268978635313,0.539875504037881,3.38071741754609,1,-4.19152112150604,991.043500467998,2.00435956734224,133.553835732389,0.430353826200317,4.0115518443353,0.998069895260022,1.84780529835104,1.14585783423766,1.95750311505287,0.0140711406855467,0.918941254085945
2.07006710901284,0.88924365001594,0.237614921796075,0.658604066342155,0.710038246304348,0.598539966923655,1,-4.76906821157654,985.924452441667,1.77443999050257,167.191833503022,0.915345061341936,0.730363848430465,0.0454406330277172,0.708713053621778,0.624995722357815,0.836027361501074,0.223784992782924,0.624393210596417
2.1165811956723,2.21651380583088,0.523701959173896,1.40863122917658,-0.476152233070282,0.916514154697538,1,-8.54442312368418,996.038930007324,2.41606918838759,88.918829481538,0.500270861834625,1.3361998683831,-0.19333747996961,0.994623286972981,0.303183309628005,1.24581043231567,-0.138026451690619,1.48010790061934
8.19274016980758,86.3450033981965,5.29367401071355,103.765646388569,-0.967420393364821,0.736135972657128,3,-20.2498385352331,999.462194899007,3.41702330213746,33.0014515009156,1.6362035909153,11.8768842013226,1.85108629025043,9.62116271794007,0.944704417997926,11.3264059758751,1.65587793741827,9.47724824634043
4.54838361952099,6.57928059108381,4.61085433196572,13.0331348479616,-0.92975215065834,0.17799706062534,1,2.77036700396097,6.19699106954635,0.372536956969411,1.56947515610295,1.75095544162016,1.92243124070905,0.63764856068816,1.3914335408696,1.0803177914064,1.51111065525265,1.66208254341465,1.53972428267023
5.33767814420671,8.19228616676784,3.67717515314021,11.7402505956459,-0.931639821947537,0.233511930944214,1,1.62265353247054,5.67567550538727,1.43592272328209,1.49856875979644,1.21648062090458,1.35627813409567,1.90991406319399,1.70533072438864,0.781141764923928,2.03453878976776,1.90032006325681,1.54023894846816
4.09637278775125,21.5917420998036,1.6089097010627,16.8588820814922,-0.895047996866479,0.897774692522105,1,-12.7888414008106,998.426144608855,2.87935638197218,56.1172645418825,0.931802737239498,2.80631128991533,0.559146991660726,4.86324850976394,0.653545569268424,6.22200275157052,1.32587151933255,4.79891899774791
1.91757013951818,1.36029332462396,1.0887732414428,1.40563673271211,0.348521682391549,3.18044044040134,1,0.55255763123524,5.08539510280911,0.715889165632879,1.54884824956883,0.550588820305593,1.05921571841763,-0.0842002054058214,1.16947320454503,0.025279313373096,0.903673438208386,0.318821202518387,1.76254141220314
1.26816718352731,1.05792540128293,0.329819707394215,0.800202526066934,-0.453942911474001,0.925264252162912,1,0.106645056677607,4.44330634565372,0.468775229469773,3.18678865143122,-0.193556561708911,2.89338330345172,-0.313337482614419,3.0395864202639,0.340402192369406,0.983757808862404,0.483204964973922,1.34692775834569
3.40938394365658,7.84514282584977,2.55765660798909,15.6634410161623,0.843350791987427,1.71512260343339,1,1.08491628966762,4.62954922703668,0.893669001009151,2.53972677734413,0.72068438518975,2.97013434515842,0.7882773349902,3.36484770281222,1.48396909767035,2.25391046670162,0.719918003418469,3.05259039774798
1.91219444558329,3.13670029117003,0.143188273624124,0.6938992551972,-0.328669399359493,1.08738594474278,1,0.294112415416839,5.07230590116238,0.290861073284753,1.53475288316267,0.0538209283238508,1.48971907720031,0.520433718420116,1.19502432306261,0.745872343330812,2.04180722170183,0.541177462238671,2.20572799635236
2.35887466078109,2.36892742302364,0.0831770332519016,0.282755812812148,-0.842743047386257,0.272259729877966,1,-8.4801993798279,994.415665104992,2.24311901153216,105.53463468739,1.25226030797299,0.829598486494752,0.849553422766786,1.17070812602194,0.240353389190138,1.50044844318429,0.45857622319687,1.30579701261328
2.04311768163548,1.73781093483764,0.506880490783782,1.48023736606505,-0.46923689692601,2.09646648594417,1,-7.09539185810437,991.752635828831,2.04614169070796,128.167404537963,1.09616985889799,1.13456088087553,-0.658190133399147,2.12400753422819,0.527600779230227,1.23935389209255,1.31875553627302,1.05205774227705
2.64828496057434,1.49214335402967,0.25066144862487,0.736282179154365,0.838174548965351,0.434197076699014,1,0.824145674514822,26.5627885702194,0.968559153710928,10.5204018226994,0.174382658990174,1.02110565003555,1.2391164036174,0.573027883456164,0.653291533273782,0.615670841554119,-1.23222777329492,1.49335383302256
10.0478658450128,36.0333027856181,9.72265278680529,66.4944569369618,-0.950280742226493,0.408062939173165,1,9.52253359511926,38.6354020668963,1.56309606629612,3.38907649600861,0.965004019446343,3.75763485148441,2.24033033979656,3.14593662187184,2.52031739843877,3.9403645438472,2.49649635072365,3.36132498025875
1.57480269875435,0.73753795324622,0.202709897585852,0.279569689544417,0.546000741688982,0.761122930243766,1,-4.20072711819331,983.696408601663,1.69926579862159,179.837254931852,0.175140701435309,0.586387302933973,-0.0822555994158442,0.598187157269527,-0.227162207379328,0.495013751059513,0.44834042166257,0.697932419322409
3.78063265204724,8.36459614080871,2.32615232440693,10.9546093838754,0.474401363555499,6.83751299229991,3,-15.3384141121379,998.303323675371,2.84169457587054,58.2289905510148,1.32801889177211,1.59579514713411,1.01384200697223,2.10759355734774,0.576980030592892,1.51139409740233,1.45417946529381,2.71417867632685
1.3806838665019,1.68436419232897,1.84526048258554e-12,0.00271680730384108,0.446510483286504,1.9774489700969,3,-5.00762224738241,988.453283235906,-1.83802521140787,999.709250689435,1.87508677263907,153.433557717537,0.040704179094712,1.04357011968183,0.520140633485416,0.654174272630707,-0.341591740890347,1.48231628891838
18.1174352758492,159.464154433731,33.5039615983936,578.888565848122,-0.98732960862064,0.209409874815059,3,2.08876126010108,25.2044731924509,2.8150919604456,9.03978857204909,2.03103792179008,8.23819655040192,2.12342160081584,8.44393061138047,2.7154967779402,8.11771476577539,2.48918797014665,9.32779830176862
2.01666640789396,0.964383293145063,0.0265531284942645,0.15880190494921,0.100956860519924,6.02258531572968,1,-5.24419739826569,992.77810418239,2.11330594477297,119.966060127889,0.465324541172741,0.930359395528924,-0.654614870801372,2.10126415267577,0.21370837613889,1.04655329153303,-0.0653977311997679,1.02183222792684
1.34721590604846,1.04977202831268,0.273796630211153,0.63284883692529,-0.321093048620585,0.948003965062762,1,0.0513904762460198,0.899966179189866,0.1605386388165,0.654601423421716,0.632157336404422,0.520687861895639,-1.35242832171678,1.4545193245392,0.377019003622295,0.964144045275893,0.956852159280493,0.911911375633002
1.68934852728204,1.86294622517836,0.2868710714104,0.925924874865417,0.415735272536288,2.48819767228767,1,-7.47430462700831,994.279544259384,-4.38831412841981,999.999119872638,2.23097419596422,106.817723129673,0.268162719999451,0.805170914947283,0.727780134140155,1.7127339434596,-0.420463227935669,1.56753386905348
3.33671089191956,5.56669040504582,1.51809683264741,4.31800678152395,-0.310905142904788,1.93982751410939,1,-0.0166593176012338,16.3986012557482,0.931928345645336,5.53093714468668,0.909186320693011,5.81330200992055,0.583506717404376,1.03851086672665,1.26480023883673,2.4824926971698,1.05013630848849,1.48753231049979
2.82171148680426,2.29502510518467,0.729038432889913,1.24112062831238,-0.0309579968109657,2.443108751278,1,-4.64334135044199,987.530478379397,1.83623936813362,157.42842158572,1.36019683970755,1.09464877583633,0.402207191476796,1.03179628539908,0.298055948197443,1.62072655805872,1.2887910220796,0.899794424898641
2.67299148017128,1.59928089598092,0.538692841631205,1.19174403805964,0.752079230975054,0.559965000053034,1,-0.419315027049206,1.98363132390847,0.855795094068537,0.658773623056351,0.782315606218785,0.734489818039847,0.397739362640343,0.92898904541597,0.510523670077806,0.801007188762336,0.932447852809532,0.764118917236892
2.79002015623183,2.11343755258135,0.230082134466138,0.472143118591373,-0.308760668916331,1.43106853698613,1,0.611881876913784,1.55352580993187,0.253101503480646,1.06462318117137,0.525229615530415,0.869763171226653,0.070171954887253,1.3326243865354,0.946970891526851,0.939158063667417,0.797752532062521,0.84838678883791
3.72986565347019,5.17277286241039,2.21794289392452,6.42196996664598,-0.716600480692496,0.492218457073215,1,0.771705465905352,3.78599321487111,-18.6707151008857,1000,1.40367755028788,1.4399176831362,1.18850800497686,1.32489857425289,-0.322689016167929,1.44320177721148,1.43963398700185,1.48644823196103
2.97481175354337,3.75170813403455,0.848964847914329,2.48634453395033,-0.57851605385096,1.33569885136653,1,-5.28869860115155,991.643708999382,2.0394983683246,129.008028394149,0.890235530093733,1.33152387496941,1.29675063206092,0.919125013260723,0.922424335146046,1.67071735960306,1.15405083351663,2.0034449582083
2.01571649301714,4.9455026214134,0.224424573510476,1.276276520412,-0.546210611483159,3.39796995346271,1,-5.48979847568162,987.47095146997,1.83381292341367,157.801137103478,1.05346538020811,3.40279065208805,0.626415990550475,1.79875501845641,-0.0895897902440637,3.00089623366875,-0.253177859192984,5.9324268898291
1.44915183341369,1.32047937455894,0.231587414905657,0.669894134395938,0.066014069187697,1.68006567051142,1,0.0278574075725731,1.64191539521446,0.254617315975263,0.962559014191058,-0.183415481827877,1.31253260138314,0.183173592563111,1.76785626126565,0.257312106802026,0.990110256303899,0.406727582920845,0.940617831893369
7.19394168853833,14.1018573728324,3.67481739671078,15.5340143605742,-0.982192292180949,0.0875600435495127,1,-2.09644515316382,10.0820468254353,1.25826568314515,2.39332496053655,2.4175455584578,2.48830829706931,1.50420407372822,2.3961463862943,2.04577868678502,1.95413991300454,0.92431770688239,2.4703892018683
3.30450810176147,2.73419914689604,4.44858928565365,7.92105412095291,-0.780177185290566,0.493646734020918,1,-0.781826350189751,5.10173079058372,1.09583954382134,1.02466469945853,1.55485062864776,0.925808671080673,0.919961113687058,0.880725384806158,1.56893356241259,1.21654125595269,0.906400335241619,1.44106499742379
1.89049782025621,1.43398894760873,0.340903113541745,0.736487752965037,-0.0807557881750094,1.37747473508075,1,-0.348682760252241,5.35782450068759,0.77295225358987,1.76368914002751,0.254634533694885,1.52025996833213,0.646858943994094,0.763564201743561,-0.885527983205368,1.24116372993533,0.644970299041833,1.26532672378545
3.41106694959304,3.2958150795884,1.29204413044628,4.04688917062245,-0.538819071813164,0.753602134284074,1,0.419953040320201,5.33561449060301,1.28916901515856,1.64843711924061,0.91514403734713,0.671912577687414,1.0025348820337,1.06236604998635,0.999936003829427,1.57375835655733,0.207380931373111,1.68346834566106
2.58132003349538,2.36676022868489,1.07191306768293,1.59578906269002,-0.515077000462417,1.00438815563484,1,-8.36188006350198,994.820227968718,2.28102688384673,101.650191672185,1.1950833451355,1.30449907813083,0.914102940179097,0.986567861651021,0.0677217485719923,1.52546237583169,0.951584679156175,0.821238526753594
1.73867459652218,2.12689331184222,0.3763273056002,0.749006928930909,-0.422390002744835,1.33904949264421,1,-0.883315684974571,2.00462039226119,0.759935895481348,0.823729703849299,0.122712543167729,0.999792761122661,1.13586780499901,1.05466067165465,-1.04350626255543,1.44946258946249,0.939310086098741,1.78676727672587
3.80413159770933,3.4781881378385,1.95642616300526,3.39211819995795,-0.925370156040955,0.167523965240446,1,-15.7615543511268,998.24537126106,2.82485808187044,59.2131584600285,1.59466853436564,0.966656389321868,1.48468591691155,1.17597612104706,0.811527708033263,1.11820883619555,1.24806256820262,0.85496639279455
3.73086813470511,4.26142657790682,0.807121822021326,1.9656206010542,-0.923606239261411,0.240075547580288,1,0.889523265317493,6.97910886565163,-17.5111857859355,1000,0.834735993054131,3.59462384845323,1.39726787454117,1.38353941778149,1.26166235328869,1.45178507988347,1.35550960631892,1.33892253282816
2.31445179213518,1.12510245773582,0.74716943345608,1.26331804891196,0.214009035326311,2.74610971579099,1,-0.0476058028224854,1.71577125424593,1.0117944142443,1.03035699997268,0.460304298972149,0.493275194805303,0.264617313592235,0.711950429206953,-0.170277914536965,1.35102811896781,0.877678133767086,0.570984805470818
1.55524230802131,0.60462713399368,0.187335920210157,0.183415702652273,-0.356764450164013,0.909877368397424,1,-4.53050886702108,980.211246351263,1.59973164177598,197.954367144105,0.888016402631398,0.463181094986007,0.185702920590202,0.594230969811418,0.634494837063139,0.686134734134852,-0.935530369288267,0.842962387275602
2.30278551991161,3.87501559275496,1.27247474634594,4.7588880265993,-0.475443351376819,1.44872658135242,1,0.732886668797623,3.66210032541165,-0.542096941027857,3.50675731317748,0.126309732559234,2.81348509624861,0.937231929263179,2.14078641484818,0.878049122200331,1.39022463915938,0.948615097987337,1.7253670507452
2.55647685319104,2.36818484068626,2.39045822691003,4.19461143586075,-0.842753057817913,0.288710905898485,1,-0.625396341393145,5.60288158023625,0.164929057311707,1.91214631651104,1.50594823526023,1.04282622419376,1.23850926230981,0.884323753824628,1.36798159454495,1.00837696577594,0.689604841375158,1.3149241163529
1.66015097484611,1.13219287953436,0.429073722960895,0.627168884443399,0.204248629986125,2.53122835869407,1,-7.18504497722399,993.026949460577,2.13102641215051,117.887699917515,0.0879515644290059,1.41460760954219,0.254021682052574,1.54042101468333,0.725768222392485,0.873621373223718,0.721630441617428,0.767325481139492
3.25263748129637,1.81644141507486,0.625749429009096,1.10720756180826,0.433211961553987,3.77515879120102,1,-2.44748002669926,980.458472477929,1.60404184261656,196.725603354061,1.62452574696476,0.736368568711064,-0.2977584723054,0.925935033738474,1.29665027242631,0.548427468466796,-0.366909407269345,1.57457482428023
4.04024534076736,3.70979929512548,3.31840221347813,7.65835592019488,-0.377885935034657,1.44096685658388,1,2.82173494664327,6.78401768263459,1.03406281295728,2.49762835997457,0.752704484067924,1.43637517712048,0.622993223293168,0.970427915416605,0.625985686461442,1.26444707495785,1.37872564717249,1.89827101032102
2.69439879483697,5.26199919635654,2.32368340472193,8.94825004064879,-0.694963525616956,1.13611342465051,1,0.832980036726826,4.11408730233796,1.0337255027951,2.0040591246972,0.185696725660662,2.32251776589189,0.588322853584052,1.74255989942881,-0.581209912176915,1.65130384192736,0.953060767623703,1.97218998404643
2.8157552827932,1.87643590594878,1.46036923419152,2.04171550975762,-0.4565664478077,1.47483797183257,1,-12.7311260702218,997.2221658919,2.59438155529536,74.4846627235376,1.36018901904802,0.75211267604711,0.746573411360944,0.935408552906017,1.05395197405452,1.01278403450365,0.951955615685019,1.05022994298933
2.52064910296274,6.03991342700579,1.45405935651118,5.48058743184435,-0.492636213202972,3.77319464537851,1,-0.782600983216286,10.9331410776811,1.14129867565605,3.45301039109687,0.795362557956623,2.15903878966978,0.585046941293421,2.54563073465224,0.865817677077479,1.87412080384139,0.348163436356926,2.90156038135472
4.59792500374188,7.41815908486188,6.0329309996294,21.0841697506146,-0.792417043315494,0.674381980600447,1,-13.8717861860489,996.88979569752,2.53762275829497,78.8089898180734,1.89178640126385,1.46230863214613,0.652521570544733,2.2817515580294,1.51649494148769,1.63540201124467,1.97129356892656,1.56723296316115
2.83519295698757,3.60064031037756,0.815266023616526,2.26805831324442,-0.598915455240976,1.07831146052497,1,1.42718975900625,1.80477286946508,0.626089688824151,1.5169802637046,1.00615966921165,1.53673421396342,-0.698405652573141,1.40882368840078,1.1648824696278,1.29350286757986,0.244424072745567,2.04521387488478
2.08038886661159,0.820236315139603,0.0274500758729776,0.122664377019051,-0.251900047867696,0.74639592392006,3,-4.31628694571455,989.647153270033,-0.580075174185911,996.766583070189,1.92755438156907,164.483841195762,0.695152605836979,0.536795661914585,0.931923641785864,0.698348678469023,0.38224184516446,0.587563235650574
2.1754397520063,1.23490391050692,0.908619490189265,1.29464544230317,-0.295925562310519,1.2600509363086,1,0.403632310365924,1.67834164780443,0.532066984850002,0.865431160113926,0.51153486954095,0.680116690849328,-0.203659337023994,0.684258732632584,0.79564089177906,0.661366557899276,0.358837976778955,1.00124809349506
1.65806620973035,2.1089456930322,0.364744434144697,1.01257541740606,0.0874419473377685,4.29869654007969,1,0.332171531051538,3.92147704175603,0.319489753445242,1.41437197803905,0.448926250137393,0.756652856936334,-1.20573309843539,4.9761561432563,0.423018761162997,1.22306679691316,0.185378443360471,1.85623515659344
2.42665370835248,3.63163092850309,0.347318489208007,1.43797787666327,-0.419329439384662,0.842165049654855,1,-4.26613654321758,989.987128949307,1.94781481450003,141.159845077699,0.188224157563837,2.35861918209624,0.90547521004396,0.624358039258956,-0.386253023687748,1.39444527373473,1.04179578217171,1.5356961165878
2.42691487529502,4.27705284542624,0.021140347984963,0.223964902781059,-0.740024357788008,0.945171597773906,1,0.608348078716314,1.39458942612103,0.804847376414661,1.37558573573105,0.373145104735226,2.5754626468078,0.600397336180067,3.32930479047125,0.381308370711209,1.611807000085,0.181796124230547,2.56933612154619
17.0310753679339,162.166537590135,20.1828707031595,395.105934795558,-0.983368467823347,0.281573234880888,1,12.8849198351108,154.071938215608,1.54555362060215,6.90483257715999,3.04931111530024,8.9722620195801,1.7897794037186,11.6969714267126,3.00177588248006,9.44058722837911,2.17648346939509,10.1955629753981
3.16540197818825,3.22041052437702,0.498325742048486,1.38756091045291,-0.899371252382484,0.258835164913568,1,-2.59722930310878,144.372992703093,1.80946205243017,23.2224245851639,1.067895539155,2.08255646412521,1.23100490576441,1.85891348151463,0.237502438284992,3.20796841845849,0.358120888968493,1.53747430499167
6.16963544951594,24.8261187406148,8.72622712747127,67.9532253743948,-0.896287046801503,0.714444784815454,1,1.7425010226583,19.2681656820009,1.0685919121284,3.38787226318222,1.80416009465381,3.35432153450178,1.33784501664001,3.35725686903168,1.85956642825732,4.23697150062551,1.78542412127576,3.15542141673107
4.9490345994377,12.065700922244,1.57700765442861,7.55093073349302,-0.785476681870466,1.04972245655624,1,5.68926273643404,18.0399732294075,-20.109481537898,1000,1.19082553545664,2.61476429535351,1.44796516438902,2.2022877487809,0.974980457487944,2.48577126034974,1.24476568879571,2.33636811376507
1.90602089812704,1.14487393258554,0.390614067740393,0.542956596586865,-0.720428506781609,0.313450231993259,1,-7.92645394438957,995.766214701463,-5.92062878599894,999.999969576041,2.3825725143245,91.9224882438914,0.787087323310793,0.817805147237507,0.14871909887124,0.606650179230624,1.09559874610196,0.622738380292741
6.18248482897402,44.515019038119,2.53031884776646,39.5946758781762,-0.659767843040669,5.33377001835608,1,4.54329480465557,39.1426433234585,0.707454592138579,7.1694427576638,0.769647004655649,9.43462776832605,1.64640317486484,6.83492163825261,1.05533738955516,9.03192113569758,1.24939264252493,7.28370747140753
2.98627939469037,3.39331133640057,3.40641866613965,8.92717463202296,-0.919126908615526,0.183825530496508,2,-31.6643131414018,999.531054618829,3.48558668728016,30.6214594516651,1.13097083985124,1.50286324279775,0.643740619559263,1.16077959662326,1.11700168232977,1.42673445875693,1.29813874856767,1.35405784384153
11.7666846450754,28.149353385342,35.0685274072202,186.482710997336,-0.942892557630098,0.289133460398829,1,2.88646969150343,8.32694473066387,1.62722199365022,2.92654766980558,1.63998387635304,2.13317300911447,2.66339206372022,2.58033457286737,1.81260984418507,2.40251333068675,2.37163801189385,2.41802172505556
2.17414638148356,1.14777504595763,0.891117589006673,0.868763767215973,0.119574139249649,1.93611433595721,1,0.314455512954029,1.73158939250709,0.579634435347118,0.936478732592288,-0.288892689057382,0.818757344761888,0.990489653160642,0.599205846943092,0.898564081797961,0.585985938150705,0.775067595709043,1.02463603639119
2.73582003445124,3.10246205605546,0.875557140926235,2.13831879157199,-0.628831981379844,1.43008279314759,1,0.746896532471445,3.43131058599312,0.852788006957423,1.01347220549126,0.930208314127597,1.00552432784583,0.383387948702635,1.48354657379736,0.501791970958414,0.888956933406329,0.497156471513023,1.67702196158918
6.28447542066295,9.48992847876886,1.79607096519089,6.4073794244861,-0.703730822119083,1.20182362583492,1,-4.76840509836448,996.196901873301,2.43653671006464,87.1366630527347,1.99950262281812,2.54974874126878,1.46009509848326,1.7210071156138,1.48374308471789,1.87596264713683,1.72820619996403,1.5618147981346
1.57589152291426,1.10485023038638,1.39686039559357,2.23170650194005,0.0629179264980473,2.02441823704032,1,-2.15972261832589,4.45501056821283,-15.761712064456,999.999999999997,1.38301319008096,1.1405113443796,0.234798206476669,0.797957774612943,0.687865724562334,0.984368927862107,-0.422815955131693,1.31298749375047
4.87697128367034,6.30430497349318,4.59274262823216,11.5567592968414,-0.850503077020693,0.607957920733821,1,1.78936853725778,8.65144144804601,0.668874651110687,3.10694543262358,1.39484617316454,1.87856526800222,1.30396495635042,1.26549527436591,1.37966352922398,1.71743360198256,1.14941266936611,1.61152358847272
1.56307784322189,1.25196737331974,0.354463010475967,0.541923892983826,-0.433042455346382,1.1111953375287,1,-6.43063083215936,988.572970852555,1.88068520640937,150.7433833529,0.746749302175884,0.803427709908594,-0.126475789615504,0.929653646230007,0.86798720201468,0.818742469142939,0.426956892997798,0.955750197376406
8.74520689093658,14.8381188671851,8.40843748188716,41.3704084907637,0.9148486044385,6.77784697265154,1,2.19533220711395,12.7463671420572,1.1013069117506,185.952401361767,1.66261241927148,99.693613900795,1.44255814943722,4.89338831278049,1.48746202816897,5.47501261977922,2.41431903109358,2.02497495056088
4.13524947225202,5.33771754035009,3.10441590514101,6.80363222525978,-0.501461106545787,1.67565005701578,1,-4.20933576267259,995.016396447508,2.30047841525752,99.7141276302369,1.22459228370716,1.50863174572529,0.891074078963923,1.63613563200916,1.22685826735788,1.17606589019422,1.1632060135937,0.984289516228078
2.30945487073985,1.88825474541382,0.442050273116888,0.889724835225383,-0.141254758583983,3.56631145133123,1,0.364412363163002,13.9720589515746,-16.8710389202425,999.999999999996,1.34457850260124,4.14530962874586,0.586398176864496,1.23280926025001,0.64905762358031,0.997869117920224,-0.0487062450082694,2.85589054908618
68.9299192517495,860.786505146781,704.887887730328,18068.5064504542,-0.989999976996839,0.251689721485067,3,-18.2384880858034,928.54756880878,4.64814631950891,14.6669212965861,2.94635985011984,12.7565921280749,3.80873563443078,12.5306375367796,3.67410008696995,13.4358899166723,4.28442733893384,12.7533236604339
2.35250334131871,2.39750121755452,0.950317177237129,2.12031580327636,-0.867536676723965,0.293494718342323,3,-10.8765602891414,995.585784262371,2.36156964361714,93.8562800033185,0.954337696833962,1.40157442802833,0.153319057381883,1.22871297229159,1.12722444837558,0.865835046380923,0.520945640907069,1.29069573692971
3.09215742028027,3.00438438966547,1.60295406498605,3.20795854792362,-0.845052940734417,0.404301940453911,1,-10.2495104564568,996.854943051027,2.53202493710434,79.2481584620004,1.26348089738234,1.29581790633844,0.504608259566333,1.2246832510062,0.122312068423378,1.15570587740982,1.63846419523398,1.06909088609174
1.56453527137971,0.499266780841024,0.217217352630293,0.602431854100605,0.876171676027245,0.864856136175747,1,-0.532867569553132,4.08900076341811,0.443130551863875,3.05478430853345,-20.1457323011422,1000,-0.184984450926054,5.5170528888474,0.824109860308344,1.60928936216203,-0.188943526047033,0.863115343151444
8.81148318669873,63.5581304633286,15.9777945720524,261.573878219727,0.77417960068052,16.4730080819855,1,-2.10298677825955,996.218189741578,-1.52049783771917,999.819603012725,2.43914658116124,89.2909939521373,2.07864799342592,5.64057872240724,2.17075035322516,5.79493231339488,1.74125792806779,7.61619984836123
1.73895728972898,0.942122127107655,0.258744351751358,0.422128179189127,0.424551282873744,2.77165552736838,1,-6.52361209797918,989.56386349572,1.92679150387492,144.095563099656,0.758600958614004,0.816738372340416,0.508811154587304,0.809815037603298,0.199516149476967,0.891565793683097,0.287107496028327,0.724104950415342
4.70239813154884,7.25004353910912,3.45798205845221,11.6977621469874,0.657018568793587,5.19943723624249,1,-10.2403670001083,998.179266472091,2.80631709686389,60.320297452666,1.6284127805216,1.63268405060378,1.58572494962546,1.08999742759635,0.594934373432866,4.97015705302948,1.08565839551762,1.53468061393546
2.16757703613574,1.03899856430391,0.846328769243684,0.848514386819887,-0.15502745151686,0.938783163723226,1,-7.78028334560144,994.838127678799,2.28277121912314,101.474732069212,0.315118040368409,0.610491148230945,0.560434083912219,0.657636887684626,0.39781052900088,0.540594150203123,0.0465235286122396,0.789668191442064
3.82957443782859,10.9803433141645,3.71122894936605,20.5557948454502,-0.793745225954732,1.1774676734421,1,1.08149315357612,6.33181627272468,-0.029085438572703,2.49615721236574,1.19900275886561,3.12682701722897,1.3627260276565,2.83299298028626,1.00663696130641,2.5683202788803,1.52254454872668,3.00420285521164
1.75897784485708,1.30863914055713,0.234857693873589,0.705824256153191,0.355392149958847,2.34521707335696,1,-4.85879683845355,987.821145883463,1.84825372359824,155.594272545814,-0.13425445780644,1.31860536488504,0.690601611783929,1.83327868704034,0.525374979199988,0.97506065429362,0.671122919338699,0.969648481462847
4.31885716722687,9.80551995672265,2.1381852850534,12.4850232461977,-0.873913303187635,0.494904754694272,1,2.40717053209786,9.39841680637102,0.542452156550418,2.22674192847261,1.34401204311715,2.23762180303639,0.885347697983476,1.97463616156578,1.24709611095662,2.17960452833697,0.763384816758903,1.66467138771729
5.50366142746372,3.26762415577977,1.90280649421287,4.66973610437173,0.719508316697081,2.66508218018635,1,4.46522144454901,4.32053318517614,0.548570882820567,1.31381856793705,0.538964001154052,1.402453683973,1.57403472471426,0.807887311209816,1.2878872355291,0.941800425725782,1.2998630488815,0.876456660572913
4.20620057770391,7.14993059205738,2.16642766066739,6.53402238096945,-0.211923927103189,1.12247554290978,1,1.84537635413627,10.2037796269425,1.51753730324351,2.63205709406006,0.00457484837179916,0.972640995046926,1.00436983999843,1.65734600025798,-0.356978905378077,3.23554875596474,1.89883960864858,1.57931775508646
3.07307097341628,3.02840884553615,0.390481258703124,0.858018140449257,0.134973746946958,6.5966422311509,1,0.391951143866502,84.9416889662666,-14.9409111046913,999.999999999988,1.96590177183593,11.1767309540623,0.83419105130095,0.891742202614279,0.00254362803653464,2.72590909603199,0.282130178935187,1.27586043710035
2.1928015126899,2.11139197949464,0.734435745984912,1.44654820244908,-0.238538215178321,1.0606971425601,1,0.126791686527861,2.55369522758669,0.830343314344843,1.283871165526,0.161201543115164,0.785843251424136,0.767081883097983,0.928175530950137,0.990540764549348,1.06073939908695,0.65050738130281,2.13350680664995
2.39256859430283,1.45882805146531,0.559969380720143,0.901561272244829,-0.567180680034486,0.450403172911605,1,0.699554346890155,1.72178697582601,0.100645894625441,0.88773379639327,0.420870891666939,0.888812660524141,1.19966111962069,0.753922408424346,-1.13390352484856,1.20977193913459,0.631695827495434,0.737544103938136
1.5213891606019,1.01812269182767,0.370059151977632,0.552040729038859,-0.492536172529354,0.836280872392001,1,0.419941775504884,2.19680384357541,0.168688894618353,0.74724323235075,0.51731456026975,0.773451562006375,0.370940247375027,0.645684707706234,0.124095172210204,0.965645632471501,0.515168015205769,0.706992927359306
1.48627144618908,0.866152609597463,0.388292303342225,0.536353233589399,-0.678089685551088,0.332795741121522,1,-0.279610748438654,1.54148556762475,-0.192083505817486,1.06532085986911,0.873677510544068,0.595239905757288,0.841183783876628,0.542879644550018,0.0695620724894155,1.00023842845673,-0.0296582333281921,0.698964957476896
0.976794120883258,0.434701880627928,0.0814600618472857,0.112187467799602,0.331120913091838,0.566261296541103,1,-1.30741227018282,0.714643612782569,0.625543433224696,0.495109463239155,0.221726868575006,0.648013492061269,-0.0407314616397833,0.471287053059027,-0.448055748164354,0.771766232293323,-0.463671243319048,0.66829285502067
8.84189537750346,19.5953044504461,12.3999663401427,53.847707363088,-0.9686312525422,0.147495199992734,1,2.0379431516305,10.5427864304601,1.99309667485836,1.79531286627227,1.34983422157355,2.64290551182206,2.03783560427942,2.23108293262639,1.33531843645368,2.58350059355963,1.92175629596467,2.3135059676558
3.14995219627651,4.40375634558313,1.48768150790075,4.1223001920974,-0.388454781348997,2.04676139667985,1,0.532928330196703,5.67699631053328,1.00179737898129,1.41117676791438,0.272959769902567,0.785190942002414,0.759357701753405,1.74162855952977,1.28355922680288,1.94557929616045,1.41801800529194,1.50610730983477
2.78423738203926,1.85534923000925,1.52131374880976,2.83582804387498,-0.694258781894316,0.3908815722506,1,0.438578397721741,1.1344575489619,0.45409362229192,0.912908471312923,0.84160774457864,0.894199880264694,0.994623959186152,0.83146449541063,-0.334862568971387,1.23991341772429,1.17270554061197,1.33734341296556
3.36034425870156,6.92279382475812,1.10437060433317,4.48664630520792,-0.615102699077453,1.26213417873239,1,0.870073463401572,1.50591819367137,0.93135074607542,2.3929993031132,1.17230017524822,1.77296272189047,1.13641936907057,2.31577526076056,0.440419631206982,2.81294311255708,1.76281710870195,2.19834795020229
1.80562795922273,0.798231612036277,0.219399847100295,0.249855313896205,-0.492491147860502,0.613528199261869,3,-21.3729412300166,999.100371936239,3.15951564036576,42.4081802290313,-19.4196941374052,1000,0.445746182720841,0.800115786753504,0.114146830678526,0.686399462953149,0.811421810988709,0.548490966542076
1.84706388231196,2.0834182626935,0.368353690453873,1.40347928491572,-0.364392440902285,1.7871902999995,1,0.174050387188677,2.9764773525975,0.767078946668431,1.70435507690841,0.116109731601725,4.47629637297872,0.504132285245881,2.07352190532205,-0.220533117088016,2.26813821473759,-0.2995389978991,1.24517014167946
2.20331859944753,1.27758299383711,2.05274114225192,2.13751127518182,-0.268232594078279,0.794294271559615,1,-0.0146036680254996,1.96310960630609,-0.225977756703483,1.47338619624039,1.00210272022473,1.27638044443845,0.672023657612426,0.629818189496971,0.601307823713458,0.602762378782177,1.03930052207334,0.586797241405517
2.67398927681478,2.06388111234587,1.02838556918668,2.63327858635558,-0.658474565956394,0.709846315758164,1,-0.473102293528938,3.86942432284479,1.07048443836569,1.78506961978507,0.688422264623392,0.772817038130155,0.943034762612236,0.847936722511891,0.411726112554166,1.34251390794342,0.768378240958303,1.48440099736886
7.5889509247817,25.5374681067392,10.562168491523,73.3428446664682,-0.956488788262961,0.265852802806714,1,0.0576644027694564,19.3994044891512,-19.3478475163879,1000,2.29507237226855,4.58438190058933,2.04670097818831,3.60866868658683,2.15654250931579,2.88818288535568,1.99592417476191,4.0946349046624
4.38826848208025,8.13527504312938,0.699109555138384,3.34353550771052,-0.348135763635441,2.49296645177016,1,0.662442610104789,1.8668646113173,1.1233109884421,1.62871385946574,1.31617353079675,2.83230715347761,1.09799024743283,2.71179103675627,1.78433443439093,1.7869667979657,0.0347187681437487,2.18547441254948
1.85246282330966,0.715491557401464,0.484998955033836,0.592392570047905,0.687525984461656,0.795277649375989,1,-0.778377028298588,760.222484093271,0.15715546284782,649.663651633966,0.272868938188267,0.876591805067069,1.07930800275358,0.543151802213467,0.509257747050584,0.938043072665513,1.02758738914683,0.901492614701125
4.98034382618304,2.81610520622252,2.8120974904988,3.42153584585721,0.296128543305809,5.61372887208377,1,-2.41766434583555,992.955087620172,2.12584545911658,118.492950808537,0.849482819133874,0.581961732962679,1.58044030047284,0.806935097718166,-0.182293982420925,1.22869333509407,1.03626689824152,1.5343098061264
2.41173182688368,3.7932765555684,0.869075488384432,3.17119523071782,-0.763226540780636,0.456682120624841,1,-1.71754901864885,5.44723279087846,1.28053757718245,2.25398115997134,0.132265676768516,1.24525687520096,1.11306734444552,1.68801241637867,0.979165587205525,1.94976336725826,0.615857290030465,2.23932700382356
3.1490151293207,4.07761584846414,0.531733830298187,2.0849220657458,-0.721101536208726,0.724683875459724,1,0.0734977339383948,1.89071344776433,1.74275193399277,1.89859092588184,-19.2684940238924,999.999999999999,0.615530441370632,1.93662691474942,0.857025202169212,2.14428963639403,0.795771408467669,1.588031585978
2.43959338788864,3.22206441777252,0.739203480187342,2.24217081297094,0.243851447116031,3.79100873750294,1,-6.22029498201538,988.19642270812,1.86418553694259,153.195230051842,1.40548379784169,1.65023356868749,0.244485674671355,2.10837598809436,0.698716164121373,1.18123768069984,0.650876609820346,1.43759231702268
4.61037631901715,17.8973321184984,0.571725331829884,3.81261155475164,-0.663516469764037,2.8905548117494,1,4.10006636037292,16.9044655469281,0.816388621892543,6.75205088683129,1.04754266423322,2.4176152296741,1.07893573725032,5.70636891900044,-0.626641989756668,2.50578414059211,0.799579243366056,3.40958841454995
0.842642829159075,0.313571426224737,0.0191736832532699,0.131280215249679,0.136811264671681,1.70077457581383,1,-5.9714817810713,985.47032709044,-3.8912622305557,999.993985727854,1.7582108435422,169.883212617042,0.137268786329803,0.732239034103186,0.151905872798385,0.471692623503636,0.233087696838389,0.40075969792796
47.6207218902509,731.522272509592,225.392688958501,6937.91354927289,-0.989999872498004,0.281124837242294,2,-25.3198670878818,999.93227640094,4.45390045613405,16.1057258047167,-19.9385484984126,1000,3.69171901989185,15.0066109404181,3.87394589388206,15.7013774793403,3.32645407624925,14.6790517799784
2.72863863765938,1.37103078141951,2.30424491682013e-16,3.03594790259656e-05,0.966022330852312,0.0372907394641511,1,1.88348582627724,2.90482758509912,-23.2487796907784,1000,1.19141317724861,0.955593678850008,0.664754233564663,0.581314451589633,1.27159500339407,0.603099613066371,0.242342408903956,0.432703881171798
5.97022935961249,10.1852032067795,6.89338187072663,27.6823393047326,-0.944478290070028,0.188633302933427,1,2.24049892905766,4.94389331596586,1.56418942015802,1.86656471311371,1.40443405265212,1.65339320391141,1.62323055810884,1.78574513281778,1.55887350514832,1.96562874101363,1.77683139351776,1.87541148356517
