"beta","beta_sd","omega","omega_sd","rho","rho_sd","conv_code","tau1","tau1_sd","tau2","tau2_sd","tau3","tau3_sd","tau4","tau4_sd","tau5","tau5_sd","tau6","tau6_sd"
1.43970684493027,0.0526286215235374,0.0787637493660965,0.0247784797690219,0.893419621071552,0.0126973074408756,1,0.228432857753654,0.184330746116856,0.703784739432883,0.0582373139281215,0.751039679607495,0.0548360468308638,0.628277839739772,0.0544230639499793,0.7250205264965,0.0589787034054375,0.767847031858596,0.0690059826816913
1.36514795851851,0.0498134967853165,0.0658630273349652,0.0201127711257284,0.885002364503047,0.0125923282900039,1,-0.096138711815261,0.18635516857964,0.630193048469788,0.0706404514325856,0.72503475883163,0.0509327943541459,0.662344641454234,0.048412880569045,0.708446006669434,0.0527245976919322,0.758955529925306,0.0616035516378431
1.40444558694491,0.0518467700523431,0.0644910256246429,0.0230181534082048,0.900647281433296,0.0108497553609896,1,0.156375489982878,0.187655133215721,0.652799106406374,0.0708075666803984,0.692925920089947,0.0520903615971052,0.764851733478813,0.0514080788671533,0.580174395130592,0.0604050650538009,0.688175207373574,0.0684121943159375
1.41935523160681,0.0517139285565904,0.0319513522282263,0.0207509702970566,0.91314639886114,0.00842942330942839,1,-0.256509885301636,0.188295265606912,0.720595509377617,0.0669450550903772,0.744588154610881,0.0513125463151924,0.777024958186824,0.0480568188494485,0.680475563034849,0.0587467550738594,0.67001908618115,0.0677090001327432
1.34303758583596,0.0492936766812879,0.0330704001396742,0.0173793446565253,0.891201190900552,0.0116962834218548,1,0.0685515747551771,0.182898538770856,0.62534234795624,0.0680326360678525,0.711175620933469,0.0543982937842393,0.574699144636428,0.0542315186912098,0.705323338932039,0.0518010347417056,0.684982802807107,0.061473100957097
1.29605309855421,0.0460355698715298,0.0406168524912459,0.0165493361662197,0.898110917163559,0.0103666968089793,1,-0.306034986705944,0.184362203401876,0.672145746308869,0.0693464760172292,0.69550723486021,0.0544788414267707,0.644264431453173,0.0480306340744506,0.651316616053815,0.0556226425731119,0.585714970649987,0.0598785097107769
1.48653357849129,0.0535883172266649,0.0728632688287394,0.0249428160999957,0.90749590120257,0.0097704064886614,1,0.167230383851808,0.204573754530879,0.780907703164871,0.0669914485653182,0.681525237556911,0.0551566422547422,0.651982866295893,0.0539995078801871,0.757173996010975,0.0563295621313024,0.674178183965687,0.0580454638805195
1.38726758204337,0.0517488823004759,0.0806027627347916,0.0254658520384408,0.889425124842071,0.0124698558394269,1,-0.0644732593105883,0.186326987963601,0.741090973489429,0.0676927543902014,0.637159424740106,0.0524266400516348,0.717082913757159,0.051213471311206,0.721852048993119,0.0578128197605304,0.62820857614732,0.0709405693807405
1.37167749850244,0.0477772086014156,0.0294579642525606,0.0165356656977645,0.898192095199923,0.0105473882188545,1,0.0194707552444417,0.188996825047891,0.662500226974373,0.0702315054562446,0.62781795173928,0.0581437991859144,0.697366127761195,0.0522692622618902,0.661313422920256,0.0523058661135231,0.607691249049091,0.0614370703371817
1.38682280119968,0.0482664824649831,0.0916429670764178,0.0238993304474149,0.900299887342741,0.0115683311957085,1,0.103425652808494,0.191905005107228,0.571308691341013,0.0723249578208697,0.678750456475759,0.0534042831193383,0.706674521982913,0.0501561342333321,0.712227080433605,0.0492215560913555,0.637428271874037,0.0634077985372328
1.49777963486335,0.0530255478211848,0.0983522865796783,0.0271185117627772,0.893328386672844,0.0120376860833802,1,0.128665322947303,0.188427694446062,0.682518417907531,0.0665857399737772,0.670730150941623,0.0545560418443695,0.825911506304581,0.050472491963165,0.764359239921462,0.0582597305688127,0.741377681045055,0.059184439644133
1.41036929380799,0.049684617219287,0.049180683050407,0.0189202918540308,0.900085923106293,0.0105131738639745,1,-0.000197790024315503,0.18927270523667,0.736797010981349,0.0658052890253176,0.673755787419122,0.0571023014513829,0.730793616302676,0.0529609580588954,0.687445757166214,0.0532251520291871,0.691855420933744,0.057867997846796
1.49031468296785,0.0543845653507524,0.0935057068975767,0.0234474488393998,0.886759879826517,0.0132097835527551,1,0.389407750139743,0.186502513196303,0.562678580923783,0.0719632370717105,0.744578071099085,0.0564110913437703,0.631710348176931,0.054463937077203,0.672184249587692,0.0593816470521755,0.880695639063862,0.0513454139462318
1.39116626816526,0.0470986240858489,0.0655940401500344,0.0209038793938448,0.885148770304901,0.0121521209924482,1,0.254421520370606,0.17717917726428,0.717833405359596,0.0666797045414528,0.614771015250639,0.0524676400627924,0.665530963568612,0.047849589713284,0.66513908694127,0.0563790922065059,0.688612087075604,0.066031267573871
1.35377793713995,0.0475140336297594,0.0277417562828822,0.0173856268685866,0.892689585156675,0.0109561854174578,1,-0.184240895277812,0.184419005156895,0.7007688527211,0.0689744921292031,0.713498701040508,0.0543113796509106,0.685170014078924,0.0500143357614707,0.589012533539793,0.0573101737669987,0.580117564213388,0.0637292837255474
1.49139774871016,0.0557975723844609,0.0723161500913555,0.0222107403188017,0.908690272528562,0.0104714350323411,1,0.421640394255339,0.209925650853519,0.667670981497803,0.0762399631088576,0.716120839156022,0.0606430654167269,0.756070891279853,0.0522852845142934,0.7008121904122,0.05810164097009,0.725203781819192,0.0583939114309927
1.34840046249075,0.0493076603018445,0.0684162415307381,0.023619420890118,0.884700517292918,0.0127604914344954,1,0.16877715783524,0.182342624922608,0.564345646378005,0.072842522919147,0.658101166631111,0.0522853482269477,0.650084507615218,0.0521346893188016,0.729319754918122,0.0499234801163787,0.604009813142395,0.0642415577709857
1.3382435980877,0.0506813445638952,0.048412427261963,0.0198908368597786,0.880989416612979,0.0124865732304299,1,-0.100454199289481,0.176813503113693,0.645631166934429,0.0650573929920594,0.710841130116822,0.0523851015442447,0.638985763806276,0.0534063490474009,0.705160597304558,0.0553265088163661,0.516691485720719,0.0711212425656757
1.37094438332803,0.0482269139959656,0.0535823840543993,0.0214665761935283,0.912439544619609,0.00868056306553845,1,-0.282623926137201,0.184340878188799,0.748613567460958,0.0629029651852103,0.670444763308793,0.0542157823340304,0.721160782876086,0.0500957564746829,0.632746145385511,0.0580323496808583,0.666900116068636,0.0572510329698859
1.44832054671508,0.0492794600644483,0.0607826577467288,0.021757967371551,0.90197663752424,0.0103508975846851,1,0.0329827995827096,0.190208062977681,0.688907370972475,0.0647375741567151,0.737179151572449,0.0556959233978901,0.683401509703829,0.0548804983645592,0.760371309967603,0.050247080852348,0.685517389724587,0.0565185185829108
1.33873111045544,0.0468616228503357,0.0346032617405505,0.0182241935341656,0.88588725271408,0.0116761702927771,1,-0.0314349643337384,0.176768036663365,0.679472612398009,0.0585952858783649,0.688472416920976,0.051448540141512,0.649351492125407,0.0545908613286667,0.666990901534851,0.0556155898073495,0.676563027084601,0.0606326228775509
1.34775963249583,0.0478200803642839,0.0330472174617411,0.0165073555537898,0.894787376114965,0.010758634282261,1,0.289464177051746,0.187192057765805,0.47562697730849,0.0732551444801113,0.743704803145373,0.0513833272507063,0.602301004229337,0.0502885484066336,0.655915427394211,0.0546109492911881,0.669900127184867,0.0618204532799056
1.41535525683143,0.0536844687891167,0.0799996270612155,0.0269823182721714,0.909328378719842,0.0100799941608509,1,0.11606244894666,0.202267887273749,0.598075301071343,0.0736796659262765,0.779938040654324,0.0508924610620044,0.640903375276571,0.0568551906637514,0.78152205277336,0.0561318710359601,0.801701268976951,0.0668129839740759
1.42314456567303,0.0505211466848308,0.0765676789022283,0.02150737905796,0.905133340911276,0.010685034083213,1,-0.116224578842894,0.19571355324542,0.75467265102959,0.0678392829549545,0.662789038029973,0.0593992804358092,0.711762797657585,0.0515715696722062,0.821621082996402,0.0499082827171258,0.709154297201228,0.0612203688995248
1.35599456762727,0.0472823977540237,0.0295285595791172,0.0177729346744462,0.895935652531984,0.0100898158360798,1,0.045457810690424,0.179764891783179,0.752837589370694,0.0578741074930599,0.631733021044041,0.0562798070997794,0.549231629491651,0.0565024041560236,0.594312091601883,0.0531055468243238,0.68786782043271,0.0599713828056908
1.37007345818688,0.0478700695307519,0.0500197718014853,0.0200277257728125,0.895340898765429,0.0109296576194832,1,0.111050833378267,0.187367513167917,0.699811579345489,0.0674979857341404,0.586531904381347,0.0592547189925031,0.676141032274965,0.0502986579651078,0.688907056585316,0.0547642793390748,0.773082686596865,0.0591907075430747
1.39282802950025,0.052393533473028,0.0661964748157746,0.0247048697095196,0.901147293962977,0.0101773996544859,1,-0.351567978084448,0.191223439348796,0.795257482013197,0.0637042452885831,0.654660479833595,0.0544736763686207,0.700700600723678,0.052675238662117,0.731301594115339,0.0518433034642223,0.721949868500768,0.0674780587346782
1.38578819980592,0.0529497741057043,0.0879811244058163,0.023255540784236,0.894312312815044,0.0118709801794015,1,-0.274290335104504,0.18556290831126,0.769960165212459,0.0616596367633473,0.695630642072006,0.0558649349915459,0.685429107382394,0.0525741905619863,0.689302966650651,0.0568616079666355,0.660621854950818,0.0652260932012289
1.46086565403152,0.0542975590445623,0.0701234213035346,0.0233397874470645,0.894303671291088,0.0107851725595118,1,0.220305049917763,0.179326268458582,0.715409947939878,0.0590619847540686,0.696585176515759,0.0508951214048927,0.653749427566836,0.053193852121174,0.718686266587237,0.0567467408148103,0.786098321583809,0.0602467678218948
1.34085140040535,0.0506398568904147,0.0482807441832064,0.0201489045724631,0.896084010902037,0.0114100956720965,2,-0.287516612528264,0.192876108378484,0.717794128050272,0.0668765343500413,0.65685129148024,0.0557485633502615,0.707703487415745,0.0521048004885192,0.673111935914495,0.0532344451460341,0.732588377762115,0.06058835288385
1.36644708577251,0.0479859456124961,0.0715015007108381,0.022647060942641,0.895828475211044,0.0112254522350445,1,0.000115332460984571,0.179401145129866,0.630455363875688,0.0654061006113084,0.655600759084856,0.0574304462697741,0.668725425116657,0.0557536654270007,0.60215769094266,0.0572239406904103,0.775107548389767,0.0545744180706248
1.46785882001094,0.0549236832525924,0.0648449485415152,0.0228132820735183,0.906331403821962,0.00991635065429367,1,0.495126453935448,0.208470749093522,0.621653745310964,0.0731096102637216,0.606427011802292,0.0611195479332817,0.724224019710136,0.050267017048744,0.71688352894072,0.0584783678774939,0.694894728874732,0.0653384552544142
1.41519281466116,0.049492618685154,0.0700264154151081,0.0234919227882123,0.890382470276953,0.0128178944092247,1,-0.149630219258484,0.198387531116539,0.803832288059656,0.0661000467415584,0.693273849182501,0.0509950528015941,0.64580215066825,0.0513596227340281,0.685155088083269,0.0523633461616673,0.697255820173557,0.0651512416175137
1.36102051993677,0.0477457195521203,0.0396382341990742,0.0181066295051488,0.894015174134747,0.0100778455194112,1,-0.0242913812333891,0.184671752858308,0.673791710277458,0.0638292507865009,0.646406366259804,0.0510733439683803,0.718736638415628,0.0531400670424749,0.610292935703985,0.056125816556311,0.695938876648412,0.0601572765864088
1.36986752482335,0.0516071232762811,0.0755375017802458,0.0240284401292308,0.896185476019204,0.0116728003964991,1,0.0293171306526853,0.195425782338485,0.621790139458248,0.0740318377145778,0.731614512665941,0.0521757637048791,0.64179075673397,0.0559665739789312,0.718649199143443,0.0542617530205173,0.700364889323761,0.0630987044145538
1.4343683866913,0.0519644241028444,0.0548135136079818,0.0212902272445399,0.898206418825219,0.0102999686977465,1,0.0505979955969021,0.193472106667215,0.74077766854633,0.0708740060484801,0.685413757987765,0.0552365322779718,0.669827249745725,0.0494506072056561,0.62505485134308,0.0557318699456982,0.661610804361838,0.0625271957027834
1.40443001745029,0.0523821720643256,0.0913037508958443,0.0253262218118371,0.88990650550295,0.0125626115720949,1,-0.172407396861595,0.201833535776697,0.690120926687448,0.0763772734944819,0.706596807992223,0.0518958945816914,0.668154129328425,0.0550462452143753,0.70276032984007,0.0531188435880417,0.684579264081428,0.0648586906681245
1.41320990621348,0.0554624829966772,0.0885742845574256,0.024834971040409,0.880424310993282,0.0157928176534422,1,0.0337235378600605,0.193783186523332,0.752868890477279,0.067254462326073,0.655110586717549,0.056551180849567,0.732530528759041,0.0503460981832027,0.687954413871461,0.0575305819133144,0.738458218655498,0.0665791366879909
1.43564559856095,0.0489101797534205,0.0577770174730274,0.0198506076712107,0.895443281056467,0.0103726711647511,1,-0.0732372797685416,0.179670876254181,0.716596386105346,0.059619120233761,0.748328639661523,0.0535791464471366,0.681100202744808,0.0505781691732587,0.771132456159717,0.0542671197965586,0.760282911947091,0.0572813206628627
1.36397243236644,0.0526788206708052,0.0290428853267028,0.017433026944656,0.903978282142069,0.0102572100573668,1,-0.0394615975862515,0.186391652467182,0.7605164374373,0.0587895026515805,0.670504485115716,0.0545920138467268,0.711334643212835,0.0542830879849239,0.647645943944747,0.0586180927610579,0.635277377982619,0.0643454005971864
1.36901493575008,0.0493649849940795,0.0360618289857057,0.0178747280616328,0.901299797713641,0.00918077549021723,1,-0.108126242025271,0.197020981014135,0.725280197708627,0.066042642364787,0.651057037479227,0.0554457479793535,0.721989116977448,0.0514337647976596,0.634829997890013,0.0543114623021556,0.721299573065834,0.0604391254994662
1.42533265710436,0.052646480394578,0.0720988070064175,0.024542915641552,0.903175785993812,0.0106655124628403,1,0.0502542992947779,0.201519413058786,0.742535563573367,0.0627850623544239,0.631868366293323,0.0580819872129394,0.772346004889334,0.0507840298787665,0.739939209053507,0.0537532378553866,0.653105774346544,0.0674021117006279
1.41624915278374,0.0510546314740366,0.0508098207597672,0.0196696608494397,0.900485846356086,0.0108842083559105,1,-0.108121454625952,0.21227126776816,0.764117123757949,0.0760686357042212,0.766231170842916,0.0507698949912937,0.616218108764891,0.0486375154437065,0.738148630044095,0.0537440995623929,0.710957470418521,0.0594858994352846
1.33930782986858,0.0509981568642412,0.061130733940227,0.0208829453431425,0.897798264362492,0.0113233765436655,1,-0.0444907984171008,0.195324975571093,0.710516922965933,0.0683516722981059,0.690644516901842,0.0548561129116114,0.654510400369314,0.0487652519781763,0.677289553534825,0.0558239541562443,0.602073647526415,0.0649984607929429
1.33168929270811,0.0509585596531994,0.119870610074377,0.0228824929212166,0.887579957832936,0.0137821384359371,1,0.0148933265662255,0.201286650766699,0.735871731947564,0.0716624177075141,0.605192329707375,0.0610140448747998,0.678223524739043,0.0519733621340986,0.641585808112737,0.0520804914387677,0.78209057172553,0.0582883563509102
1.4022877110038,0.0497573082424231,0.0539401330813846,0.0228676312537542,0.905777371909737,0.0102146763434442,1,-0.0155084595541029,0.19795507152587,0.794911401660303,0.0657071066331441,0.663009303963186,0.0529606538086162,0.606050008926888,0.0575542737491001,0.694920531516794,0.0586662890911067,0.697818423250913,0.0640421494001742
1.34408877223546,0.0462160682859927,0.0520421790038654,0.0199091560659821,0.891238540139173,0.0112852182666289,1,-0.175177448737141,0.179248354932129,0.701113149091853,0.0655665910277656,0.641933784763091,0.0534849943112495,0.680809079652586,0.0484735451126258,0.645046094867264,0.0561390919083009,0.674855010303852,0.0579719334650366
1.39752627844059,0.0484737648708583,0.0452624278741803,0.0185655643057676,0.900106485146572,0.00971620901415294,1,0.0215422279731032,0.18202954301313,0.729857522147487,0.0657332219625966,0.6782833982946,0.0556341513119372,0.738588905267129,0.052186288141818,0.728416090948033,0.0510265678924219,0.717059117043267,0.0576100156100781
1.33972437512435,0.0506387104333735,0.060293174865628,0.0228863326517401,0.91101440217023,0.00930725198663085,1,-0.268156223116775,0.1908983292926,0.695177422129379,0.0611293532841807,0.659801687495839,0.055556822629692,0.690973611622104,0.050772026004769,0.687808498897676,0.0548698241103343,0.701529016213975,0.0583861002842639
1.37534901313152,0.0487472182749656,0.0435376102762657,0.0205350130987855,0.899269223592048,0.0103773919718112,1,-0.00273359705196125,0.192237013856576,0.717650021362006,0.0593800247854519,0.664682933164448,0.0553740212231292,0.675469005301282,0.0528612741035608,0.667406414151786,0.0545173508733782,0.672179435310592,0.0634640624022876
1.3382947576148,0.0491484200337209,0.0500802296460548,0.021016686498786,0.888254511801259,0.0122392508124265,1,-0.0104300789312348,0.189702541480701,0.659247835809293,0.0669892801137458,0.690673732170529,0.0512027924987066,0.612314865719112,0.0548523731337324,0.715681861635093,0.0541500184898932,0.64364470159847,0.0640696442511999
1.48396571925504,0.0525110844136778,0.0528095388464077,0.023134300024293,0.901564111759043,0.0105171689600182,1,0.107350138162967,0.187101146285672,0.656341328255076,0.0658755933946168,0.809673371342638,0.0527608974661933,0.640786794404246,0.0562335660237434,0.733422354307215,0.0556621796463076,0.774059132570239,0.0699041814966195
1.38208304171893,0.0497222617278974,0.0428196859036808,0.0202597771391198,0.896242644037899,0.0107550062399851,1,0.164577215377037,0.198779234973213,0.667987043180014,0.0702941091440647,0.693948669316324,0.0552449907372351,0.689925979024329,0.0500233410352641,0.706558100495264,0.0541818767973977,0.705358797194605,0.0602086577986563
1.36834950175991,0.0472976219586332,0.0488848633726793,0.0179932342355194,0.890195597413325,0.0111851956303007,1,-0.0644395679351696,0.179962685230951,0.625255422647555,0.0703284743485112,0.679814620239021,0.052220591429306,0.710939193404785,0.0501598663523028,0.717459719808832,0.0526781419382561,0.610265744620052,0.0646278089656641
1.33378806424159,0.047498191621665,0.0328463065079745,0.0155352029363473,0.894681360523324,0.00939925524115911,1,-0.171181556800233,0.182509547366063,0.654564476956634,0.06835887642763,0.619860189907519,0.0589580320234921,0.711693874017589,0.0502278574184938,0.661200167876972,0.0529448347190542,0.631642284991864,0.057314656537919
1.45553885294209,0.0535796153278976,0.0700746753639996,0.020902619607663,0.894998755632987,0.0123664112596974,1,0.396582088302801,0.199632389794661,0.568848301665788,0.0749594439577614,0.723679369719019,0.0566592887071742,0.612945534455849,0.0529687028841962,0.749522659101887,0.0539148604174508,0.613388756511548,0.0595901643447944
1.48806894477889,0.0534213219542914,0.110430449044048,0.0271215746284548,0.899916955521279,0.011359144157271,1,-0.0372233297081383,0.189759942276419,0.80711862584456,0.0655059282306895,0.737930278231245,0.0553152290459362,0.704691212765214,0.0545312609662611,0.759377772208677,0.0529431027631789,0.787795703119593,0.0601013618291013
1.39632424500275,0.0511806243299803,0.0447786808928493,0.0187088784565299,0.899585868466191,0.0103331810858794,1,-0.0140328269573339,0.193332434544832,0.736146330869279,0.0649421925207474,0.694661926396,0.0558891412772528,0.656482016778136,0.0528878417581377,0.696036539542773,0.0591510977099726,0.66278428866686,0.0613185411986355
1.440764873804,0.0537143355604624,0.0537264480523373,0.0191067956174341,0.901948673330499,0.00989793457546517,1,0.0848968774894933,0.189883050107901,0.711672803254828,0.0648320164870856,0.648519394619012,0.056159441735609,0.790762452793421,0.0504889893947794,0.715403927701383,0.0549798087117499,0.612497640129278,0.0683408686195299
1.38552029871624,0.0504976736964401,0.0449744727886627,0.020650017944141,0.899307757559398,0.0106902456728501,1,-0.200435477248433,0.188802819020904,0.710127899155692,0.0652799070542186,0.731793316037998,0.0565482727355773,0.692063197909796,0.0574203988020117,0.731362065352621,0.0547163734078042,0.648765198928826,0.0612038825607671
1.40190505807041,0.0509183564381837,0.0522406860515532,0.0217571098314386,0.903340524218675,0.0105667909588309,1,0.0711562472249976,0.188491062047011,0.719261080945288,0.0684081278388539,0.734309508161408,0.0532476458087687,0.636292151147293,0.055483081957494,0.75910378523807,0.0493731259470655,0.647752851462332,0.0653727967183931
1.42950389093626,0.0525450543041943,0.110650415265734,0.0286764718835771,0.889992153408845,0.0130536798481851,1,0.116775857716093,0.193712497556097,0.749867517965831,0.0642943656034907,0.626812842609691,0.0543271509289034,0.739377202659693,0.0505851715930185,0.685534930955539,0.0574242378698571,0.749412092564252,0.0626179356730936
1.44017591727968,0.0497115287022669,0.0339098994059943,0.0206137611067124,0.903008487862477,0.00957588133945031,1,0.00861478142966609,0.184948561537774,0.700258214970433,0.0619623800071053,0.727179483382942,0.0533603083091994,0.706469243621243,0.0517908998660499,0.74022474608806,0.0532416170985218,0.587272707089717,0.0675553891199717
1.39339605087262,0.0513744082963948,0.0617713120267234,0.0212453916784469,0.894447742752008,0.0114539707868394,1,0.191000608760724,0.185684226299108,0.569908033798273,0.0773023700352649,0.721329592294899,0.0557380514491423,0.732180345254269,0.0507251557583369,0.614161091438156,0.0567776205638847,0.611724036158113,0.0604800393648109
1.45251393821366,0.0490449317189851,0.0504584242742709,0.0205235000802869,0.915730538413049,0.00859150226840156,1,0.195704011696642,0.19875312346528,0.708946726828619,0.0693799374726205,0.674097791386934,0.0567662362383154,0.702655374301423,0.051454525319138,0.770090265335539,0.0505141122297203,0.721776255529155,0.0608097062386117
1.39955196085661,0.0481183747088856,0.0261265442898507,0.0170051769339233,0.902236574201148,0.00947637456939144,1,0.0291018160751691,0.186450197338193,0.587493689771715,0.0713514404476659,0.666142574321064,0.0532820214081868,0.715346960639255,0.0530785400258554,0.730292827081226,0.0513032830293605,0.603836488216904,0.0597308962475694
1.50298980908243,0.0531053370519568,0.089361501178995,0.021182410490091,0.887129788849055,0.0136150606410817,1,0.48584891720917,0.181934742084721,0.713624542404818,0.0649646438356075,0.636005984350516,0.0580492387705185,0.734925850633979,0.0518208438513189,0.749660086274584,0.0536063707570655,0.694382321351563,0.060881306707489
1.43507945275214,0.0509651608178705,0.0333920808021111,0.0158547606396526,0.89674236033241,0.0104792652712213,1,0.300689942141046,0.190720190446579,0.766515286991796,0.0643551961252221,0.674154590460231,0.0551263126694882,0.657337129204461,0.0528994109090458,0.776354946489373,0.0496862417155707,0.666871185669372,0.0658712691515262
1.38680959727655,0.0521549931003949,0.100778074401837,0.0250322389600546,0.883025673084886,0.0137172982399528,1,0.0245002801257754,0.186903581914432,0.630894071923021,0.0658053086350576,0.747695154630958,0.0556267275195758,0.633151947159547,0.0517662423245365,0.682271820860097,0.0553944921680146,0.607036878853891,0.0647663472461021
1.45936492023992,0.0521456053493289,0.0501217178462743,0.0237722411454615,0.922495078297467,0.00794220277132542,1,-0.376109596353696,0.211209664298727,0.867094369971986,0.0652926946134485,0.782549485745965,0.0555319615258957,0.767054735792123,0.0501125547960928,0.698232085873279,0.0508860148408489,0.724719444164049,0.0685421953905048
1.4038280821522,0.0496770076705139,0.0448030264137104,0.0232896530384519,0.907433322045497,0.00934186691840314,1,0.280541835073167,0.188097797875706,0.683040671733617,0.062608606332911,0.591073741543172,0.0594762038141928,0.710134208911248,0.0528625357270423,0.61223599142768,0.0562673658853251,0.705873477943898,0.0564567694428408
1.34187490070193,0.0484179363712868,0.0696026174467815,0.0210920720229742,0.878806419987994,0.0136716760170632,1,-0.144139167300126,0.193430496926856,0.577004431695315,0.0811338267474195,0.668439558327288,0.055713284966699,0.631568229217436,0.056047559698735,0.712631837552236,0.0494392177862914,0.694738456148161,0.0593844508637671
1.33210913056135,0.0488945877342318,0.0552689480779213,0.0213409086244215,0.919030306617201,0.00797340770175427,1,-0.1803862452649,0.18529374660967,0.742351276031516,0.0617717625101368,0.72368513756731,0.0513323180009048,0.659562545507763,0.0528281359000694,0.685569896614097,0.0548499487991158,0.69187634819916,0.0636784120968327
1.40981881401982,0.0502065795299384,0.0602217119627203,0.0204522615430708,0.902658686517622,0.010707998068144,1,0.000133914028155011,0.199041794969769,0.620198031979058,0.077950228990304,0.757539960424395,0.0570893701551811,0.635389899781986,0.0508722468515465,0.727572701398347,0.0525648643261564,0.671427782765932,0.0615398119233301
1.42379054945541,0.0499779354646676,0.0616832886639788,0.022679865618561,0.907550953759518,0.0102492760208073,1,-0.049132203979943,0.189565163257117,0.765484502724504,0.0628265509612161,0.659489503947557,0.0576766551329366,0.755480631126046,0.0514580169403962,0.713253480728935,0.0515387783508287,0.704116483618406,0.0561952456072391
1.39425404570548,0.0512842763399688,0.0447082680031089,0.0199966590344778,0.896553425878129,0.0112773770102157,1,0.141678274648092,0.190738296262817,0.566610857435618,0.0705264552459092,0.705759193436691,0.0569802144272172,0.616988270462276,0.0557824358663859,0.697981737760088,0.0539039654232755,0.6530815245844,0.0615601718396309
1.36761377180109,0.0497915762643391,0.0803674704714173,0.0267708993643244,0.906578444703512,0.0109083556454733,1,-0.390753856768205,0.20721375383275,0.669860331162287,0.0792334949633226,0.698260450022041,0.0541412578966773,0.676723774545683,0.0501653779128912,0.761262236408952,0.0540477693908752,0.678805433077035,0.0608821895107657
1.36564315852177,0.0522010562419579,0.0600236722349553,0.023553811075187,0.89316820725952,0.0125434477968322,1,0.129252200901164,0.192802312788574,0.647060478412809,0.0692481727915676,0.711905316759871,0.0515832818981593,0.713199524579074,0.052539049300984,0.497393648813851,0.0667648238573193,0.779328229700148,0.0603987171661653
1.41095735564257,0.0493480157550139,0.0547354525272767,0.0223833492152283,0.91130397494027,0.00923797663686824,1,-0.00752831116502836,0.201446037536651,0.611273123543888,0.0794911331224473,0.75154242644386,0.0529222749759214,0.67305360152666,0.0499888588121695,0.763136573527441,0.0458549531137197,0.685449324559827,0.0604114489635018
1.36695132624605,0.0515113145421711,0.0287444175130862,0.0186799906169908,0.918295993701912,0.00835530214643578,1,-0.454876125131594,0.219770656817516,0.785070477437423,0.0710696089497104,0.797936626327772,0.0565267390449003,0.71324804399475,0.0548250248577654,0.681222028397092,0.0548949419357231,0.695118233939135,0.0597054760499888
1.42011303955359,0.0498736955575887,0.050597269791477,0.0212613258961347,0.908361925228501,0.00927546113621183,1,0.15002130317337,0.184788643195971,0.799958889203478,0.0607333870952512,0.681771504415055,0.054855666710186,0.684588648147762,0.0553967888710626,0.705635686229818,0.0573589230623672,0.715645664581927,0.0590192780549495
1.41845177891948,0.0512210638847963,0.0658127434937494,0.0238896130705695,0.906754355038208,0.0107492633041829,1,0.102789964993942,0.201938525090389,0.677671953603213,0.0752698100199177,0.685913024342886,0.0602692170443959,0.756084859008903,0.0497982584219996,0.673197347840752,0.0555559043286505,0.715900773902779,0.060876644353768
NA,NA,NA,NA,NA,NA,99,NA,NA,NA,NA,NA,NA,NA,NA,NA,NA,NA,NA
1.33104657572144,0.0505847881558354,0.0605262682776004,0.0199589838104931,0.893710786085741,0.0113456984707333,1,0.0386387823673626,0.189428583072505,0.621523861426055,0.0723150180097175,0.661767177947085,0.0524868157516666,0.647213620866115,0.0533317446206168,0.720527831739446,0.0536396321597165,0.592933737639668,0.0669196214612031
1.37612248651962,0.0480737999874714,0.0479565342098286,0.0213919522942483,0.90524768993517,0.00975075808931498,1,0.136626611164903,0.180818413500382,0.595388944230337,0.0678426939529737,0.767818541200668,0.0541364602589207,0.732173896126559,0.047648161625908,0.734842845813991,0.0494826183931446,0.65158380032613,0.0652504437901595
1.43319427380739,0.0482543984561536,0.0975236707466697,0.0239782997997164,0.895850676200692,0.0109229612053692,1,0.110024735090027,0.177126949952026,0.699167010585104,0.0605047392585629,0.694529395147324,0.0508517851369362,0.632532767337724,0.0523436721076121,0.70342736511254,0.0517059336424099,0.676973479009194,0.0659958368234926
1.35513803868957,0.0496638319144825,0.0806435881644926,0.0210070905945814,0.886669558494561,0.0118922128929118,1,-0.13645686770134,0.187937411266136,0.683526696277501,0.0690874509167394,0.641280678268131,0.052871577388788,0.691972146675854,0.0497945143285828,0.726065352721214,0.0525831872328155,0.635773218530005,0.0655369818648569
1.3669530995174,0.0481134934645979,0.0308651139251674,0.0168043244585905,0.895729033433666,0.0102274151155005,1,0.0694198572601568,0.182246328061515,0.638430870625639,0.0657936236319108,0.713293382698573,0.0548414329331368,0.611871046709236,0.0533753535312985,0.717391696567866,0.0485414568388974,0.573824835500122,0.0636609824923982
1.32469934928867,0.0474090098695712,0.0442746557801003,0.021932231038712,0.902604744449553,0.0105394679738214,1,-0.141201086926835,0.18848101865526,0.694426105113943,0.0672327472989413,0.619166562792775,0.0553343857230223,0.640265329396257,0.0523056345543886,0.759410047598478,0.0538871067378013,0.582712921013305,0.0663736008854312
1.43221760466463,0.0520902656888725,0.0724687972536591,0.0255258629588935,0.910197680301152,0.00896545787234227,1,-0.0367491443147427,0.20293755194503,0.754523562094669,0.0652874829022758,0.643630273719101,0.0568583860314867,0.695686185183207,0.0511575529170518,0.752479239710186,0.0545600249390446,0.707237676022227,0.062767289166851
1.42314016454837,0.049585220933701,0.031176222296905,0.0182882545715145,0.906630376231907,0.00967357115664222,1,0.174359756759331,0.20178697321011,0.658347547249799,0.0708443831712276,0.718348891083707,0.0540923799078885,0.664841008397994,0.0532249223954111,0.745986108706867,0.0511471624751698,0.691747070283623,0.0598549236723042
1.41570538002189,0.0500660758597362,0.0418160681415094,0.0196385404501098,0.898488524140958,0.00960257415587,1,-0.0458365822998076,0.184736291254294,0.741645670555937,0.0662781647661238,0.630852671864609,0.0567425014032847,0.637195547626713,0.0531064925738677,0.754440369583237,0.0516457503667315,0.640542162616142,0.065734891354383
1.35637741834969,0.0502463761549026,0.0756317406417919,0.0227549736360122,0.89576864032327,0.0104246217524747,1,-0.072613844599704,0.195806371127126,0.702823056435306,0.0704690630304787,0.672226354784299,0.0519210915680449,0.693353732759868,0.0507417928164117,0.703029256868145,0.0525749359707673,0.669662549296765,0.0626600461398207
1.35696509282091,0.0507614130483792,0.0683516030823188,0.0217356226035283,0.897786741720647,0.0114048410398833,1,-0.0482835693354818,0.194797889992236,0.744496605407904,0.0666738847546512,0.62262897200498,0.0526082996594503,0.578598716073224,0.0540611263207295,0.741580077749372,0.0552971592111334,0.598568010244865,0.068326363236683
1.40827522856476,0.0505456435059813,0.0292343125939907,0.0196600872929282,0.914444027560607,0.00835041720960324,1,-0.0901775168483488,0.193476177632311,0.754233385343089,0.0643009090023048,0.711484910376787,0.0567792629668671,0.688190880840499,0.0550005665134319,0.677729041275585,0.0542774032731876,0.784742461311881,0.061775536718556
1.35830915098783,0.0469768978569752,0.0412970888025341,0.0190957649192363,0.911336869937643,0.0090897215468501,1,-0.334808847610165,0.18608535807884,0.689114832590226,0.0679523550635194,0.784587682930169,0.0509903924028219,0.671657237398632,0.049814414606828,0.773736734058537,0.0494276103411125,0.63914150022859,0.0654955744581113
1.33784579185109,0.0466625599142624,0.0598843321669478,0.019086991468094,0.882230832000728,0.0123367014522301,1,-0.0157583009170687,0.174558497236118,0.663307348290136,0.065918680692765,0.745285449215241,0.0539825610980105,0.648519416487168,0.0509639740381253,0.629690112176348,0.0524534944566717,0.575175225231721,0.0663989139476233
NA,NA,NA,NA,NA,NA,99,NA,NA,NA,NA,NA,NA,NA,NA,NA,NA,NA,NA
1.35797584742119,0.0526030312398184,0.0767678266759552,0.0261590733631422,0.913462058766362,0.00914466355179613,1,-0.254101240607069,0.208367368327945,0.7079233851547,0.0725624655716212,0.650930384013078,0.060011689335415,0.700487272425547,0.0507420594189362,0.594404596443184,0.0555138395908145,0.766536200769323,0.0601785021638072
1.32773609161547,0.0480701218449013,0.0631146574519766,0.0199580850644955,0.889407586447932,0.011306514554247,1,-0.17499317154917,0.190662386165774,0.719667420637218,0.0706282845384597,0.542264522192483,0.0618682728335293,0.637991886896413,0.0528653199758543,0.721821580124999,0.047750935158729,0.57142787298833,0.0625682547258575
1.40384822457776,0.0504299106014031,0.0575710244469822,0.019547779620597,0.888582366093608,0.0120119269200081,1,0.327119308173384,0.186236279776366,0.59180112523397,0.0718781879921987,0.719527634904252,0.049853835305022,0.635702188342066,0.0562147313615742,0.619367485204112,0.0590910364999788,0.768452507379386,0.0601426188053939
1.45820535803467,0.0527314375641913,0.0955363192637142,0.0292883708805222,0.915579421627005,0.00913285745355838,1,-0.216410627134103,0.212524281870242,0.714992011394569,0.0711126154768751,0.766879847957646,0.0613433684049082,0.779080829293071,0.0509791650456752,0.676589014513342,0.055325440094303,0.686122503159913,0.0641841870699025
1.37612146782578,0.0489426414205176,0.0299301264014361,0.0170903095487558,0.894478239300028,0.0107256003886218,1,0.098695759333081,0.174726075502413,0.687521577814805,0.0661810494669048,0.737838185238387,0.0528858355415393,0.631967356039742,0.0553887029643951,0.665941092731679,0.0518822364115794,0.599828364364603,0.0620845916486378
1.40843088287137,0.0494750498862422,0.0687754939256123,0.0235915867469739,0.904548625970498,0.0102613868458047,1,0.198996656278578,0.186984918803902,0.647831316913112,0.0625308595963126,0.642878635860883,0.0608623414793973,0.707899431853204,0.0488039359433094,0.724470019780683,0.0517837192971814,0.694214894343154,0.06232765609017
1.44239414546675,0.0542044637920235,0.0753341744226709,0.0230514804105118,0.88671727390393,0.0137352129001385,1,0.0948481623413233,0.193844844099315,0.771608583646911,0.0638942840736232,0.572406614898532,0.0590132992938765,0.717491473306495,0.0559076143183999,0.645333213631658,0.0596322348929923,0.715930382455827,0.0594410828783288
1.42668082344146,0.0518139954049031,0.0467469874145155,0.0189214765915397,0.901308759523473,0.00995231432407855,1,0.0285267448538488,0.193514810748774,0.607023363772458,0.069466919736064,0.755330144797001,0.0550790055898325,0.688375100537957,0.0514567190940775,0.654103984645739,0.0577073178187534,0.736656961169587,0.0560181340314823
1.39264463247588,0.0466242639569844,0.016169431613273,0.016687166629913,0.918078022742665,0.00718934897521073,1,0.0646946133097856,0.196808232808094,0.689381566564891,0.0671373089586328,0.656510974309803,0.059638127704096,0.666113258492611,0.0472380586651925,0.690195294778915,0.0531116237139451,0.666253165456702,0.063878049112442
1.43572874889981,0.0562603603784924,0.0606700549950065,0.0225063431622388,0.908020076708575,0.00960488700895397,1,-0.0357200113615745,0.199063571740706,0.809862526294782,0.065811032391308,0.675186041525908,0.0587290142091484,0.672770174353703,0.0524637921089785,0.789728341098079,0.0527344296663985,0.65308280639803,0.0638906613886382
1.47141449471085,0.0561396405973993,0.0665056036325926,0.0236875423968087,0.904069183199917,0.00999944872437715,1,0.117075326432806,0.203774872685083,0.665811293215399,0.0720980488334002,0.754517770602112,0.0530673439240491,0.747375295117599,0.0521595593409104,0.706492355223238,0.0531601459766279,0.688862547622895,0.0630529553840594
1.44941889490248,0.0536170544973036,0.0934177816889559,0.0254207919343685,0.896140306998278,0.0114523673795012,2,-0.226149417909225,0.200894222246802,0.797425619865245,0.067226186272006,0.709142072330221,0.0512198932737897,0.718465599747796,0.0538287059361176,0.701401643512284,0.0560168650366045,0.760804444534953,0.0587508414739592
1.43297623401261,0.0488411014502603,0.028031372173297,0.0169733149471036,0.913722547975872,0.00808374849288735,1,0.235011210799114,0.198780245074597,0.785702303379273,0.0646405869014908,0.766788974737425,0.0517343648241939,0.649610409535799,0.0537467794695488,0.624073834615905,0.0578118066242473,0.758757234066977,0.0587477726605804
1.48483348273747,0.0536310014112008,0.0435055028780428,0.0211270704021918,0.91048080762289,0.0096513256991247,1,0.294818830153901,0.201990562343304,0.709607310009103,0.0686219364670678,0.751767259422739,0.054153532682551,0.839321920954913,0.0478203501600943,0.646325784880401,0.059311875668753,0.658531251899105,0.0610425047004956
1.47117025240802,0.0601232510526197,0.0679658088717082,0.0283891596760895,0.916804973327839,0.00970071537753505,1,-0.506073649159283,0.226118683149528,0.84904445894951,0.0719985156930689,0.869576065323742,0.056153855254238,0.723671213439213,0.0577746749791424,0.710832532674531,0.0605374733104044,0.780626756790481,0.063909575448706
1.3043940851472,0.0488397257653586,0.0625601694055611,0.0204868417716255,0.882469543188949,0.0137630969852533,1,0.0630830284874767,0.183278186051736,0.618446387040072,0.0618743975886696,0.685986790421446,0.0554697169120637,0.517584867788785,0.0578033122296604,0.595135390371342,0.0589898824699419,0.683683902261179,0.0616865127300215
1.45272522643256,0.0541053376562933,0.130846915430015,0.0297333138071307,0.880585541358807,0.014388255521225,1,0.326337406860217,0.180093999852878,0.732892320213735,0.0645889695877274,0.717706233142409,0.0540045716701904,0.659349051386395,0.0523581549056768,0.793351043165938,0.0577615567529774,0.683773802604521,0.0645036939153528
1.50748529456665,0.0523253464049907,0.0710054577776055,0.0216666971532671,0.903477520183655,0.00983438946388427,1,-0.00272779726697672,0.192172237807059,0.732185053560648,0.0650317460820825,0.756408971762296,0.0553158151904016,0.754747619657692,0.0512775820284892,0.796201264633884,0.05300504883254,0.726535667445357,0.0644211025538247
1.4513511934015,0.0499687140397986,0.0647289240209687,0.0210856347666715,0.889772203568932,0.0123410962831902,1,0.309050564586171,0.196698308776384,0.607468165527145,0.0727805270588836,0.697945149937415,0.0552658750135105,0.642848567007733,0.0542488699100292,0.709171692385793,0.0513617372331252,0.775306106711747,0.055322188831344
1.47115461283484,0.0550115844889222,0.12073662311279,0.0299989322451062,0.884475483426994,0.0139655766708316,1,0.21730716281854,0.20181830809557,0.628556521059522,0.0706630808167722,0.652058853716115,0.0564540215479694,0.779487167988834,0.0479296577307216,0.718220441218352,0.0591529320936682,0.803612862753102,0.0620073573412688
1.44225700632264,0.0539838382251418,0.0716158692897424,0.0231811549252276,0.901778624568565,0.0112266107930398,1,0.455581203342572,0.203271489919708,0.60860174346584,0.0650574909377934,0.651488932702481,0.0554316627685051,0.742478442530394,0.050896183764301,0.627363915872519,0.0621664910408697,0.733135303730111,0.0608959033333169
1.44959968433368,0.0520355188047794,0.059779206432096,0.021920084887023,0.888055753080231,0.0123107365563865,1,0.354604833678165,0.183526158389637,0.669597161218148,0.0612211617403575,0.688948776791013,0.0554159504181477,0.588893282474404,0.0566559708560832,0.651318502470309,0.0580232294073494,0.770921717005285,0.0648329569025516
1.34115127403815,0.0484628565233151,0.0412315492338877,0.0192357066926033,0.891055889790023,0.011828620846366,1,-0.100236909874832,0.18308607688838,0.737192845911518,0.0611787582034961,0.646274654325796,0.0559380766990002,0.679468833311929,0.0506272177746445,0.63838860616813,0.058595863279075,0.728817178348098,0.0593338428144835
1.4124558376273,0.05394331023301,0.0660080388629844,0.0217492839188253,0.890044775179279,0.0119814706133256,1,-0.0112064420020982,0.183289052595523,0.613750250473137,0.0719614054217722,0.715415427497402,0.0532679524021316,0.709502766368672,0.0524342594073611,0.583157793002182,0.061271276883834,0.722194500615476,0.0583829609346678
1.50001790557184,0.0560783631444912,0.100274237236171,0.0258401716787169,0.895543259947768,0.0121796398459424,1,0.0905803426069568,0.195387397739137,0.657762167293512,0.0736947719860985,0.873846178311422,0.0485914381723244,0.749658640585972,0.051030574548829,0.70331591207243,0.0592502235445769,0.781707155554932,0.0711835870827111
1.40186434620547,0.051968993650715,0.0403276497301529,0.0206741136029849,0.918065179228526,0.00849738512358559,2,-0.0647225965429635,0.192375483108703,0.646302625317066,0.0654718156021249,0.748185052856706,0.0545003117718812,0.757983344064647,0.0512874930350688,0.721940143218848,0.0567485283288061,0.667508729683338,0.0627422953794216
1.45650921716185,0.050823541754845,0.0517685957447914,0.0209946803107303,0.89877252171342,0.010922051353121,1,-0.0281991833341406,0.194588432371767,0.759320631327306,0.0648441508014924,0.629007804592291,0.0602075661391076,0.745844059330691,0.0557442346395267,0.786841713730844,0.0503723747228037,0.597830785576637,0.0646422741357742
1.4765350666905,0.0554459809771808,0.0309195095424733,0.0186390748662381,0.917448857891762,0.00891828801677686,1,0.0431742494070423,0.205481950748812,0.756216978274742,0.0671406404486891,0.666652931566477,0.0657253656767444,0.739544211775884,0.0568961897354289,0.74783714119459,0.0511082498259434,0.75255140430503,0.0589817470181281
1.55307960724415,0.0574116918104413,0.105555636350425,0.0275463974538754,0.903394557235548,0.0109252738911335,1,0.593356636031675,0.208497465892166,0.581276537673589,0.0800633445316375,0.793877453267514,0.0535148967685652,0.678098231447356,0.055707049064156,0.746407444004181,0.05607220285954,0.883645268651396,0.0563326825323267
1.37843662636942,0.0512801145140098,0.0599080822484705,0.0227421959982608,0.897753300500684,0.0115770109189761,1,0.270424478095234,0.195952149198634,0.627499818401357,0.0691420614160137,0.754951103070434,0.0561184512201353,0.531661184209872,0.0559800420697133,0.672733462594566,0.0523910661426257,0.676875265436309,0.0612223787603459
1.42758163892707,0.0523400770982149,0.0498178959187495,0.0215511647646242,0.910413430294875,0.00880856012401829,1,0.0245224091815643,0.190179821000792,0.665574774734901,0.0670322047222217,0.784276513994337,0.0532507107568799,0.668689156250051,0.0526779854686356,0.724229733601878,0.0537559598641359,0.657795242189761,0.0610424823258223
1.34700055327412,0.0481943350037214,0.0516864447678823,0.0203162396049007,0.896219838346363,0.0115667489785727,1,0.0296997113841218,0.186632879065931,0.679873236694814,0.0606701776032762,0.686465219230484,0.0555152000618441,0.658591700223399,0.0527940486817522,0.664150922323306,0.0554200660505884,0.690784794417102,0.0611324068192097
1.51896764520371,0.0570034840478165,0.0609528624074632,0.0235320590311183,0.906093790089623,0.0101866365882248,1,0.278200704422225,0.205331657258976,0.821148693964947,0.0640456967859358,0.741002009935043,0.0562203341428824,0.679570086611375,0.0556531311177467,0.740482763853943,0.0553847924866706,0.761975951851222,0.0599788049505616
1.51100989653873,0.0539359123278371,0.085685955381586,0.0227429379642577,0.896168707117709,0.0113218701643004,1,0.0848774032591365,0.193395652139931,0.842978498770312,0.0634654854791478,0.669556508056962,0.053579668617654,0.813527876789068,0.049594380150697,0.752144579940658,0.051373649893141,0.59490947027294,0.0696140744187446
1.39452771186423,0.0503812922056533,0.0693435228315293,0.0208811706515545,0.882603924324315,0.0136086400783647,1,0.228486234952912,0.185435851655277,0.623228234254706,0.0728766228365928,0.694515610409128,0.0516580587945641,0.667438217074068,0.051186331666942,0.592211019453837,0.0585812761544946,0.709716615911808,0.0590768729730871
1.51180207215103,0.0518336915053839,0.06441662089545,0.0244021751079021,0.913495750069397,0.00920528657078056,1,0.173599839867131,0.202050979602022,0.641920015425358,0.068513861271375,0.816244705681488,0.0528832403828053,0.732556448500245,0.0506668525461258,0.77636338479534,0.0520296996834086,0.673898068680499,0.0669193795112653
1.28530395918462,0.0448089362735279,0.0508680479263282,0.0185628316327771,0.882585195263429,0.0129579673918913,1,-0.163341714875568,0.187948892520247,0.647818057860651,0.0745650142513255,0.548923129256047,0.060134117287291,0.623541314083864,0.0514117375905995,0.718991359826745,0.0472482431726102,0.740822510678911,0.0563053139641098
1.40628504024201,0.0491741220627326,0.0410687568268112,0.021012541708107,0.906975081258955,0.00923952776324189,1,-0.119117175022595,0.194307255172433,0.776980930675734,0.0640661215337161,0.755782842149446,0.052983995916583,0.662572741772637,0.0506345259049933,0.69226284552861,0.0546971099521278,0.71561148508962,0.0628441746653248
1.37411793172349,0.0525301803609899,0.0832964293105596,0.0232870003524095,0.894947921273659,0.0116501811370784,1,-0.0494050161291267,0.199418458011238,0.748091933750336,0.0641325848288236,0.699549526164523,0.0563412330795412,0.622709902256998,0.0523575457117863,0.648079183955094,0.0531224862675505,0.657160312507489,0.0613489256920889
1.41701919203647,0.050198732818101,0.0394018486095338,0.0197914765177075,0.898087924853359,0.010977616433429,1,0.126727922671739,0.198986209826145,0.735385841440882,0.0656963738373194,0.603639626474623,0.0595766366267074,0.662103939066338,0.0564503613897367,0.752121750341809,0.0555553324612128,0.699916830615859,0.0627073994228613
1.38935299150069,0.0528196471519245,0.0665197114210193,0.0262579537942669,0.911792508381018,0.00946708282693677,1,-0.270968014188802,0.207268967465852,0.76635754337183,0.0704546095132129,0.747851680651319,0.0553750827748606,0.676249495734665,0.0538043222603532,0.77170379507634,0.0550963785857486,0.69532281189211,0.0640865871895244
1.42431900329261,0.0520618378831285,0.0774887497314488,0.0245752264075604,0.90295716501626,0.00967774463172584,1,0.0626446540536082,0.190945243651718,0.660988669587467,0.0675868937872359,0.603382551470434,0.0547530632368864,0.77532080751788,0.0466016356717208,0.678413861392447,0.056797887287857,0.709566994263671,0.0662055439120523
1.36533948605461,0.0474820594612024,0.0365388822923145,0.0174842922663404,0.907859545966074,0.00841265443934906,1,-0.0879955105170281,0.188729838954021,0.728958911577055,0.0640974918249674,0.749968501744495,0.0529130219429577,0.614943842211816,0.0551506699004464,0.792242448134275,0.0535866723069579,0.660280667805291,0.0608546233607094
1.31971524976868,0.0482207915974319,0.0534485094573655,0.0229445779789064,0.911281097988094,0.0087606069308986,1,0.129915004527983,0.183684359677741,0.66680519992977,0.055966839311585,0.672231207614446,0.0515810935568631,0.72046751943115,0.0523401091089959,0.641955522360834,0.0640368989740055,0.679833206578951,0.0711107460645654
1.35582745287895,0.0441932362787042,0.0105921497747546,0.016224741272654,0.905711590739956,0.00951957916102293,1,-0.0532711842062522,0.197917338164636,0.633047819981032,0.0721981537900357,0.666598069460902,0.0547639050659147,0.703948324766185,0.0570384399106464,0.738900526498875,0.0501859648943346,0.700252458015889,0.0550992927527868
1.45414372917405,0.0525828312766475,0.0496841770193942,0.0179960996761184,0.897145904272838,0.0105192755086218,1,0.10545512802217,0.193624523926933,0.693806441681435,0.0703603587034837,0.714163008834677,0.0511729028599816,0.668028813280308,0.0532365182435089,0.771506579201632,0.0542303714087614,0.676388468660132,0.0632575660742696
1.47370272891995,0.0561440850901971,0.108244631678455,0.0274743194078064,0.894958683487393,0.0124802952928212,1,-0.067676123878213,0.194972420130587,0.63835790658352,0.0706267168928866,0.801403721500581,0.0487745323828925,0.690531921246692,0.0527652334159893,0.827182226704615,0.0548005121485623,0.71948406582081,0.062458682766836
1.3689698328958,0.0464949171848558,0.0592987365621888,0.0208488933080234,0.891598116542834,0.0116564141927353,1,0.0722269223948109,0.174774461011049,0.660657095964342,0.0617871693689198,0.687789213219945,0.0526365941092072,0.658915706622023,0.0485811912129852,0.674677273873252,0.0578479787332178,0.701582450697527,0.0612603202993268
1.37753914656258,0.0515409901516011,0.0788502163931219,0.0242635036295709,0.880670042005067,0.0138841274429505,1,-0.0611145714820252,0.17424599924206,0.624260145565238,0.0648045573997766,0.737871534339205,0.0553998410572728,0.70274042491988,0.0509029399707163,0.684998892436692,0.0575178482204674,0.750014615484847,0.063153518751241
1.31495609522557,0.0464634061038286,0.0476947105528979,0.0214582321765313,0.906274183976491,0.00893412547069213,1,-0.0402441742838886,0.189532537329952,0.598421464083355,0.0665788999032064,0.682623556504411,0.0559522774774446,0.633685130539613,0.0527118011702333,0.663445167292831,0.0526070200910324,0.727755467564888,0.0573879930835262
1.48574124124587,0.0545523752256793,0.0736073008592769,0.0243609672065317,0.906339326102814,0.0101812025502625,1,0.00254859159183794,0.199493096195148,0.713455998434038,0.06969427452592,0.820184671254053,0.0522407798440452,0.773520533437484,0.0518537656302184,0.758757227259376,0.0542146269299065,0.603082149280674,0.0693148906744736
1.35331040064293,0.0536996302807649,0.0575821696423142,0.0232547739984628,0.897501850345417,0.0109104411996661,1,-0.173608901592484,0.188174207534881,0.722184317095285,0.0631488533216669,0.594603809890037,0.0549849234178121,0.670792062792049,0.0536646786296179,0.699729841411922,0.0555814863805578,0.617208219642108,0.0655557777189726
1.37885656266514,0.0491281455615505,0.0488418069499847,0.0174434746112763,0.900251707267429,0.00970261335039104,1,-0.0517402178680412,0.188306655566875,0.802495702968626,0.0634590915184517,0.617675215269167,0.0527167730407186,0.682463927389874,0.0520361019524518,0.720462639601299,0.0545018797690553,0.68807432929384,0.0684547057068071
1.40627425426553,0.0512957335851706,0.0560506483568723,0.0201321638010538,0.910451487242292,0.00921587693044794,1,0.222202580034649,0.20398527619362,0.64552235792632,0.0686603487672521,0.753345255602294,0.0532857322731108,0.747579310218478,0.0534617467374841,0.714962650565933,0.0595467151060633,0.603727705478001,0.0670066730451631
1.37785074161528,0.0512682604694844,0.0563914308351347,0.0219474973543735,0.909605956485907,0.00936902850200994,1,-0.0829705135659314,0.204900060887719,0.70455654613533,0.0698114296567943,0.71587540052088,0.0561513219495184,0.653213112929471,0.0509767312213602,0.758574002878806,0.0542864035036732,0.630825553869043,0.0635698372906836
1.4802238075622,0.0590643967706079,0.115065191855088,0.0307994717538539,0.910094521605727,0.0108995665828999,1,0.0931745095547243,0.210599260329618,0.689511678046987,0.0735350944224951,0.739443041939709,0.0511717235202768,0.744199418048456,0.0494884475248038,0.738333865390748,0.0594710152726157,0.711814820692166,0.0698402080002956
1.42026547798261,0.0508573199069081,0.041911063496483,0.0188290748903092,0.898883610985708,0.0103644950162775,1,0.263110535151857,0.184709634649097,0.630088980463457,0.0666275249893915,0.722691371651793,0.0517873140583313,0.709725585763593,0.0494943364813769,0.57774310516157,0.0559039340586011,0.710436100685901,0.0629315912760622
1.38475715658293,0.0512947482939784,0.0765278464445646,0.0217683992085492,0.893768399882698,0.0110846944421333,1,0.156062637090586,0.184586481847046,0.64335875900702,0.0696718544608795,0.591032664468275,0.0573065785025259,0.786435140305514,0.0484966919719615,0.706828932692714,0.0518280948459896,0.640709938164749,0.0648861498978303
1.41647446241848,0.0523137236603438,0.0715937307704183,0.0248559098616102,0.899858065913541,0.0103038176292159,1,-0.0480005022698206,0.191644791335182,0.69916321133203,0.0714759353053554,0.705127068772056,0.0523557405271814,0.667066979652488,0.0523119408860099,0.720422738983937,0.049585585255975,0.636324061137791,0.0738569388797232
1.40616296346608,0.050494321009483,0.0801364970961706,0.0216729139459336,0.900244303119759,0.0103196161773419,1,-0.220976154836102,0.201369037595829,0.777515825123085,0.0643736445469269,0.729969321493361,0.0533692293431589,0.719187815950123,0.0545345060111154,0.692863177196289,0.0559474632100222,0.653866519324937,0.0623579069061189
1.4755768828319,0.0510347183003548,0.0830266450999898,0.0201611015699305,0.886044946985765,0.0120114230988961,1,0.0497501919597896,0.17845889621418,0.737301611500452,0.0620959614105515,0.716551217118718,0.0531023120318799,0.752551183072393,0.0524724105958215,0.735341040090388,0.0528318148515648,0.671983071595431,0.0632791174142352
1.36997337121538,0.0513608298281739,0.037986031171214,0.0219813715477886,0.915842571591421,0.00929713990319747,1,0.0379252593005842,0.218711416478864,0.550474666893107,0.081837180598205,0.653269046531981,0.0584237248663425,0.687443288008439,0.0531585317842399,0.692000067607083,0.0532493152486617,0.733723808948845,0.0554603935082592
1.30663205980475,0.0468735120036689,0.0350892889341797,0.018499116866043,0.892059097905168,0.0110449371999794,1,-0.121837485711653,0.180982903067873,0.63670868777228,0.0678916042702631,0.732964770239566,0.0500285375844925,0.653268259186907,0.0490266757375909,0.613952468875562,0.0565557920930457,0.665561738446154,0.0628014556950328
1.32946530967526,0.0472374785522947,0.0841554999202704,0.0205507436540814,0.872184529582992,0.0133872132841015,1,-0.15855776181861,0.18037109741753,0.624909277559204,0.0690012694813281,0.648477269686576,0.0517090638478973,0.722976613345298,0.0463743931129956,0.646392793182732,0.0534145097326918,0.732731654378264,0.0575107593253771
1.37579162730482,0.0500919934048595,0.0987110880379722,0.0248072730624962,0.877268772464511,0.0138194784895714,1,0.110847191474429,0.174886122236637,0.757719363097095,0.0590100673674121,0.580224953189517,0.0555573125241886,0.65721867504187,0.0532582580718576,0.727087854271881,0.0551763333329729,0.580503605649956,0.0670435593413403
1.52443225079023,0.0552447544368793,0.0819154797065554,0.0242827316431266,0.91300135711686,0.00905640385325926,1,0.529883421971414,0.189203729831193,0.727129135495516,0.0619081378080661,0.751259318050223,0.0509243792801149,0.708379334436801,0.0530039769967876,0.638397055075812,0.0577629504804513,0.709124629603739,0.0683257320769012
1.3889595292026,0.0510581196239085,0.0187322841464506,0.0188886642616681,0.914871220097038,0.00861714608919503,1,-0.114063009451711,0.206927505230621,0.759168912460649,0.0701507137110711,0.648553234673206,0.0510003380121014,0.77284753057932,0.048453061600027,0.708209453445612,0.0571485180974045,0.721117674108296,0.0631001722381728
1.37009931031394,0.0470111350587524,0.0716841371499203,0.0194157586618451,0.874247665263743,0.0140242583463345,1,0.180855468508322,0.182270332841343,0.684134849340022,0.0675120161432658,0.616596922913567,0.0541359567695292,0.672681533209514,0.0526220887468378,0.668913695292923,0.0550841532210994,0.699777459915027,0.0623321742080213
1.39981231236029,0.0496666882686803,0.0620909793245926,0.0204034401037429,0.903539845220418,0.0101418565334517,1,0.112527040603597,0.19034534592884,0.653085430884029,0.0713217895473864,0.571814808461319,0.0603907573746482,0.771774661824462,0.0471622928412906,0.59802900211022,0.0572429473808203,0.724813745969277,0.0588901180389155
1.46852702794439,0.0555094691398755,0.0667498212229955,0.0211935021268949,0.893000132312267,0.0120522417634588,1,0.325148186426685,0.199506203676414,0.699427460176203,0.06912170839374,0.717578069265635,0.0520881637481637,0.597130774253167,0.0562100771401118,0.695124348786277,0.0604219185245653,0.734999481815802,0.05819377508493
1.3885993610359,0.0520777917215516,0.0948590831213317,0.024967233162839,0.886579753495042,0.0127703562372548,1,-0.0852883593945564,0.193051215273877,0.694675461426005,0.0735100072528241,0.627991219432394,0.0592159890342242,0.737064505846446,0.0479167552021511,0.611191106494325,0.0553492954345914,0.714590503037743,0.0634151637934322
1.47171907330712,0.053102057160513,0.075870394530406,0.0240862111172762,0.909741179827127,0.00966308659768985,1,0.270679863530649,0.200089856993558,0.76394035052745,0.0647462121602601,0.597930384517285,0.058661451698248,0.633848967674825,0.0554526562229843,0.693537566758781,0.0525807775110097,0.724748319878803,0.0665024785401814
1.43331599045405,0.0496506306152369,0.0580053634160232,0.0223860996490947,0.908171266769889,0.00986916080718864,1,0.0186201927698012,0.201062775073965,0.691077652322915,0.0680479213130568,0.716490325791153,0.0521823532833432,0.692464716916961,0.0542777991270161,0.684054069061226,0.053932130460376,0.812232945928214,0.0559381082934377
1.43492745477627,0.0502040406686608,0.0559250182895376,0.0211391194019052,0.911454144198277,0.00878916743921167,1,-0.0124107575096364,0.206038382360299,0.801214564518421,0.0677566636119195,0.661293538819058,0.0568899600109704,0.740172987690503,0.0530350650264272,0.658545260786675,0.0565000985096409,0.669639383310004,0.0638824468956648
NA,NA,NA,NA,NA,NA,99,NA,NA,NA,NA,NA,NA,NA,NA,NA,NA,NA,NA
1.40044448826236,0.0522234897534261,0.0617639563250243,0.022861313406224,0.904097984008041,0.00989021919510569,1,-0.136142087781405,0.19566793535489,0.677376639368251,0.066780277592013,0.699125798573056,0.0527931175512893,0.706676652811129,0.0543674494689466,0.661954158767982,0.0573917860138507,0.790444521747026,0.0589778836803913
1.42182485034816,0.0484769757612266,0.0581777985077729,0.022600905145948,0.903933029351615,0.00972394644879199,1,0.383059359519098,0.185917023588464,0.524279056034755,0.068733393672856,0.785057990117313,0.0515970520754219,0.530090281607152,0.0555714694084552,0.759100743684059,0.0516970437084306,0.74380715803513,0.062410975073694
1.34191153430267,0.0506959038428426,0.0557017946842005,0.0230266403541533,0.903470015004716,0.0106244405129057,1,-0.0640427729936192,0.198418393911587,0.599101081409269,0.0738394522289969,0.756188718062791,0.0516472584959558,0.625497158034735,0.0527073187906087,0.732053266885742,0.0541878391158873,0.694501064334121,0.0639583468734407
1.29631776067578,0.048187180225622,0.0509235694312228,0.0182132929978106,0.891137838005308,0.0115521926092093,1,-0.257385561794755,0.1870145149995,0.700405965506986,0.068171315222709,0.578336763002024,0.0569047039688138,0.592551496929285,0.0536361286040574,0.726696812803156,0.0485607796493463,0.646384710022797,0.0597374951920809
1.36763255933069,0.0508902483517714,0.0519747416698863,0.021458312704214,0.910062303558935,0.00966904238625376,1,-0.0324741436301729,0.199517242330702,0.713634947794684,0.0687315599989587,0.623878027958301,0.0550869566743313,0.740761911849246,0.0460757783027183,0.702009246319373,0.0549496937251012,0.658355293013202,0.0655898678955111
1.32894656445698,0.0468700862209866,0.0436175193135446,0.0209727950896988,0.905104267947671,0.00918499490003681,1,-0.000931692395873016,0.180361126846108,0.65919942141592,0.0665352429040624,0.666887000694719,0.0519447638846722,0.65837116007071,0.0490118670917774,0.674011820706272,0.0548385915469264,0.663636313979517,0.0636368879363755
1.41059291350795,0.0513082676188445,0.0786977007215121,0.0269978638119176,0.908272331456142,0.00993370818779522,1,-0.0803145107172992,0.199344119230145,0.662867562936111,0.0673429164694171,0.682872667662047,0.0574045704239097,0.703940687449123,0.0503640938900197,0.720703175927075,0.0554935968779853,0.792747022167708,0.0596862178808131
1.39739500391787,0.0510127704155924,0.0432390543622052,0.0202010150963392,0.903553151745399,0.00982183156918269,1,0.102987124099502,0.193607439214778,0.676309680058212,0.0682125146471804,0.692708093721643,0.0565545715473731,0.587475926075321,0.0551902911054614,0.757824823479431,0.0529199495634904,0.678582879318058,0.0657598439124797
1.40569388410723,0.0510828867954571,0.0411819916964901,0.0185378237421409,0.897269022362728,0.010681707057999,1,0.212171273886213,0.186856476247112,0.61719415598344,0.0625738149901061,0.660420802262602,0.0586972401790781,0.633409473166095,0.0542860981419926,0.661239624736749,0.0518234459606752,0.69718486367827,0.055538239069161
1.30746597845984,0.0461761276809893,0.0253618157561892,0.0151154419568209,0.889944978864105,0.0107511411977775,1,-0.27698087024684,0.196796319089913,0.681634390083069,0.0736682658513836,0.636562115688878,0.0543771552184937,0.679341406251388,0.0436117434991735,0.57577192316685,0.0555876203063342,0.687865601082306,0.0578171485635053
1.4857481492256,0.0543313182606006,0.0652307150569614,0.0239765157672654,0.906847283028584,0.00991744874348839,1,0.0174191444139376,0.190905132447259,0.673751857371333,0.0740707055004859,0.783909527389685,0.0508122997849131,0.738463247002097,0.0540137252068434,0.686073572444036,0.0581246052527862,0.819947464417741,0.0625908800290434
1.48273731931049,0.050058672319849,0.037647035954221,0.0207737339062493,0.912778952386156,0.00901942315509965,1,0.333918674620934,0.183383472867919,0.67895222075308,0.0648514219051176,0.751799343377949,0.0501780897629814,0.702593724864744,0.0529669676031574,0.70756665764821,0.0584918327122769,0.706576062660182,0.060405317852176
1.41306323747893,0.0482424783887058,0.0438389428383463,0.0206187410779108,0.904448713810502,0.010007398368757,1,-0.049125032467648,0.188317144030013,0.714946524825559,0.0712493659636789,0.714844719163525,0.0544303578637625,0.727686984398499,0.0484749064777213,0.649274839918851,0.05430357717428,0.691341856190745,0.0587922806975306
1.41979149033286,0.0541306559891989,0.0843851864883566,0.0263700748846533,0.899158017174303,0.011173276094417,1,0.182833007293678,0.189209603356084,0.607857628645303,0.0683420209837558,0.75250852192386,0.0519835745380671,0.702866546216411,0.0507429755669067,0.642599063562852,0.0603805943737419,0.68964877723234,0.0631750198647178
1.33592074381017,0.0477494562514893,0.0616923355478816,0.0227148626028981,0.884254318178856,0.0129656167915422,1,-0.0686603953091006,0.185890320044214,0.6527238302275,0.0685133395671807,0.604087309706986,0.0556760017636193,0.718460544077904,0.0515167943886305,0.60296349494701,0.0567312104262626,0.719796079919114,0.062801579748327
1.5358971874418,0.0569208318730082,0.140174876017216,0.0296870845446288,0.898562871666372,0.0121632298661003,1,0.119703199888165,0.195752147562662,0.658960621772613,0.0704761143436164,0.822953374508594,0.0538779359953535,0.713897807262427,0.0585782234856158,0.828594898233151,0.0506684624411661,0.70950256987922,0.0614752898340594
1.30589237596415,0.0482250238169847,0.116333814863626,0.0240731222287977,0.876380624898048,0.0140298757053305,1,0.0642627550547184,0.174925373207597,0.612891096872772,0.0694126410903946,0.624162609035729,0.0517576907893755,0.738479793356969,0.0503185196049112,0.61659581070828,0.0551585962049844,0.607126660509488,0.0694955269902907
1.47350200091039,0.052175240346037,0.0566348289319491,0.021136381454112,0.896908942459269,0.0113245918926539,1,-0.117209627463187,0.184293954026494,0.828401222423263,0.0650657156688331,0.722613872360945,0.0528401504314307,0.627726959415017,0.0553526057225682,0.733311921423216,0.0533585287539578,0.605995677053246,0.0629930335198173
1.47652211230576,0.0536305980443663,0.117356324486854,0.0293127155347065,0.905635465511276,0.0108667011761863,1,0.296071124645141,0.206789319305371,0.711497435214668,0.0689279725362822,0.726572390000551,0.0517547245292783,0.730738269275435,0.0510843298000872,0.753917522409056,0.062478657424673,0.774401639977196,0.0613350126469897
1.41813577219974,0.0510168064277188,0.0315572167418945,0.0200869844174304,0.909306991337725,0.00971728332848149,1,0.0757019269296,0.200211841621882,0.710576118434362,0.0679287630509871,0.693351021577434,0.0584181836408383,0.605669046025641,0.0551598096425337,0.717233021400305,0.0544411609133612,0.708907656139889,0.0632757548580861
1.50397718029624,0.0539918938344761,0.0543554622113819,0.0221962949464529,0.915157071290389,0.00831963908179991,1,-0.0739618015053593,0.204314100189101,0.787474183894822,0.0695641240141448,0.798209579240091,0.0545732922311958,0.665722892795361,0.0514084897217981,0.818162668993767,0.0490220494120975,0.644640943695647,0.0622607791263036
1.42466195723009,0.0495994897603008,0.0407719085929199,0.0175793992940022,0.909773235671876,0.00890692671926138,1,0.1716338478649,0.192099295836256,0.633288716848798,0.0737498456173421,0.699709796018813,0.0526641040173011,0.731339690383808,0.0486731750396623,0.768210363602218,0.0499389754693722,0.652489191048323,0.0635193760049367
1.30100344640186,0.0483775151739718,0.0406585786967926,0.0178028539755473,0.895316876880319,0.0104423605723139,1,-0.241358726832166,0.184563402778068,0.70587020338228,0.0687609329377347,0.622416699237448,0.055287303625698,0.685797165418346,0.0489725754432174,0.718415972067691,0.0580257215720733,0.640805186915464,0.0647293468543372
1.46143368828608,0.0529434802193619,0.0413865597630586,0.0215693273981084,0.907620271139357,0.0100115206738416,1,0.235429254468922,0.191390056007097,0.656344345565861,0.0666681347947718,0.793210410154649,0.0522425370122818,0.699632561957782,0.0553410778966367,0.755317224911613,0.052584453035059,0.693455954160346,0.0655172459414456
1.38182131502325,0.0493688552610538,0.0547914987459925,0.022741989073349,0.905353291778677,0.00978450946409882,1,-0.150606629466573,0.199140765939069,0.664458850658754,0.0704113607158512,0.785271308911032,0.0545881870395804,0.677425132163921,0.0530128314280995,0.66815061258327,0.0537967411543643,0.65312535557088,0.0612455802545695
1.46672094206415,0.0528390146347183,0.0323096898618129,0.0176893613947065,0.905630512039286,0.00976776504148227,1,0.223592168401433,0.198270120570447,0.757418077931712,0.0686212013902311,0.749777458236518,0.0525150121578278,0.654230345643336,0.0533402689336144,0.794861629645658,0.0536264018184946,0.599074624714512,0.0661492556904759
1.3498503696943,0.0501070853117242,0.09630661465842,0.0269293589793889,0.88537168656396,0.0140510535459576,1,-0.25491482615928,0.190530617904048,0.738554257555741,0.0680431086946972,0.6259278796588,0.0545663604878379,0.660133017548685,0.0534427722844665,0.722986802701629,0.0503897019471795,0.774585320108823,0.0651274248094065
1.33663334216628,0.0490540593132796,0.0556274457829974,0.0193434168552482,0.891888733221121,0.0127126761202988,1,-0.0262798079946474,0.196219144204243,0.656130898198423,0.07670436870962,0.637210434245017,0.0604550020507243,0.707902056298882,0.0508227662257587,0.563146650749397,0.0567382501757266,0.693256026080147,0.0601699723432891
1.36374950446817,0.0466468855797285,0.0851727250372561,0.0215457444013045,0.884545879829496,0.0127331627933777,1,0.192300169173754,0.176739935863029,0.566536514005621,0.0695980011974205,0.699865124320558,0.0544076586460396,0.69771864537234,0.0524740053107066,0.623656914961881,0.0547516590217401,0.669897761158713,0.0586251836530152
1.36419754844084,0.0515889286106315,0.0533081526369125,0.0216826300045872,0.909261493388241,0.00922726347316556,1,-0.325619505618121,0.199636378945763,0.632783946412021,0.0724481831976079,0.770930276082976,0.0544032262811608,0.721305081461035,0.0482465648159865,0.647975289414559,0.0552888551086777,0.686006001244703,0.0623115602162875
1.39994824078783,0.051235061559074,0.074009347581911,0.0205191515983063,0.902533342867528,0.010214605156856,1,0.119632772508477,0.182907531216778,0.665439992469923,0.0628212253447108,0.678865463838114,0.0564147762013021,0.690162463290292,0.0539898008977671,0.738649111987028,0.0545665372163562,0.670845496765311,0.0614741013563596
1.40170304800265,0.0489275339149693,0.0764533145447965,0.0226642658495029,0.899258629798515,0.0113371204251941,1,0.375252198588585,0.186072945038941,0.761863905255313,0.0626188228714367,0.654899734358861,0.056129612762358,0.709879261812072,0.0506655076571626,0.689752482062809,0.0567722337703784,0.643581707669749,0.064857769920827
1.40563460150524,0.0507890106710593,0.0418116450060347,0.0161560429484338,0.893329464202727,0.011077029605654,1,0.156587900359914,0.178513568550093,0.624522497799282,0.0658056154290457,0.777559627466248,0.0519550877700915,0.689568721861731,0.0561101657931192,0.655890403907682,0.0550053266520602,0.731732542898919,0.0601193367164317
1.42787258957829,0.0548256653864839,0.0715592113319516,0.0229980484356632,0.892547933749129,0.0119855170357522,1,0.0516238130573466,0.187870621176121,0.65349478993965,0.0672390786961953,0.767592541358678,0.0516372667977997,0.650241041080619,0.0574951609671693,0.749150371054573,0.0548501297852151,0.728480772407549,0.061729420867021
1.42289716461141,0.0540348618817224,0.0722767529485143,0.024835134721709,0.90481020184564,0.0104688154579297,1,-0.027800438921037,0.202472647512665,0.646509923631768,0.0703386362189191,0.72511875917947,0.0539495992777537,0.713761305510518,0.0555094809846303,0.719496937881898,0.0593574347370217,0.661304660054519,0.0616463748085152
1.41266386539002,0.0512262216760278,0.0746113483602173,0.0223672470767605,0.884085879487634,0.0132414134272265,1,-0.115318696942306,0.18650432317978,0.643683666960553,0.0674174982822001,0.7463830527645,0.0517005638134306,0.745653763437544,0.0484168803886941,0.730591338837043,0.0575345384557056,0.607944998424869,0.0715545771942468
1.31542441048761,0.0486855867475905,0.0238552212764978,0.0151746757853146,0.890260058724109,0.0107719666444856,1,-0.0854178610639997,0.196439622006745,0.554965493288861,0.0807476060760577,0.724390061932236,0.0526167972938155,0.567460539046335,0.0557421486912743,0.740971565602337,0.0508916505629459,0.62568857255665,0.0605874585361457
1.44051331790608,0.0511748495631819,0.0442507412737469,0.0189194630249569,0.888716597940239,0.0107114207936612,1,0.239378965492373,0.182618609316129,0.633308638299967,0.06767812624381,0.640917085985968,0.0561745081842705,0.661360283617938,0.048530711893158,0.711882364792651,0.0562409204296639,0.627489035025566,0.0713969606745429
1.35314841167575,0.0490256317689756,0.0766112423042849,0.0224198600954599,0.894114611602204,0.011146861795526,1,-0.0883330714186979,0.191939659765046,0.682448017693304,0.0700608210237764,0.681244441097799,0.0585490892455164,0.675707459403952,0.050327700174107,0.661601522902463,0.0532232104821945,0.705246121453277,0.0649064184211131
1.43356007627062,0.0541130048906265,0.0394296630190056,0.0183765474537822,0.901688143243279,0.0106328552267955,1,-0.174405373673704,0.217818754391086,0.778073887706484,0.077516485709823,0.781564185517312,0.053819868303583,0.593263730771936,0.0539416596095597,0.70714502942893,0.0531545703026688,0.684996211653152,0.0601811806062092
1.48283940867556,0.0517784416368953,0.110829766999637,0.0273268097609222,0.908257605369837,0.0104508394453296,1,0.194549629710481,0.195895724201138,0.751009398237237,0.0650558316430643,0.73971836873444,0.0564061711210904,0.727083870203399,0.0547237028130489,0.66023290476531,0.0600527793939636,0.779252037918136,0.0583989085115586
1.31476583408499,0.0477741217359233,0.0527921384627124,0.0183764953751106,0.884767770829558,0.0121925062178693,1,0.0747116352755418,0.18345544969315,0.683882424494956,0.0701142888569315,0.586552659011793,0.0491724677096102,0.66212758208178,0.049706794587045,0.516275173096531,0.0573863746429382,0.741058382748832,0.0648331390158194
1.39312797500016,0.0520051163676486,0.0515587593468056,0.0218340701717557,0.912994254592907,0.00864527725867828,1,0.137739350135902,0.201560299677269,0.731672097572581,0.0677384812681662,0.612184068523158,0.0563521159768433,0.705837779280195,0.0531403184576122,0.630840992659479,0.0614961663032126,0.645630080236428,0.0668620403576007
1.4318651572677,0.0524515077990065,0.0599799491005002,0.0206846982424421,0.888735969716121,0.0112328418161759,1,0.118239893420134,0.183048319914317,0.618512686153313,0.071402861164089,0.722359597744288,0.0506955191448504,0.708211899436056,0.0523859681821283,0.672371427483532,0.0556998613572785,0.73205383838165,0.057042417385278
1.34309724410146,0.0472265632715199,0.0585582417245166,0.0205205518575285,0.898953625276569,0.010315547336205,1,-0.223213719501471,0.186869324344941,0.663775413324,0.0694256959785966,0.756842413813017,0.0520222935347388,0.702231835544517,0.0476362846726122,0.637722005559492,0.0601023648929899,0.637204154209333,0.0606982939674216
1.48168560918167,0.0528662216537173,0.0797354657500015,0.0275079511127653,0.895136172156202,0.011660367511016,1,0.164804413768802,0.194249937612879,0.741570376157834,0.0629520009940808,0.710644281488353,0.0533751349285939,0.619482007548649,0.0569924416764094,0.781632205903844,0.0552944128066598,0.729510561630963,0.0666698742338081
1.34919692360248,0.0474732945915841,0.0261940901124652,0.0168712535990562,0.910649377077398,0.00870661297240435,1,-0.440082217180806,0.185362014711724,0.790604409786763,0.0606374701424606,0.719119520775595,0.0538495984827372,0.725834963444704,0.0506306748106258,0.601645817999391,0.055507644331332,0.687813967333699,0.060261697472464
1.45626891829222,0.0548665068486674,0.073707877052445,0.0220883800058692,0.907048123041469,0.0103581492446646,2,0.264339842903317,0.19877014877761,0.775430489038231,0.0672227868913825,0.635856529554279,0.0580557501269398,0.779433225792755,0.0521065687942515,0.665895370490041,0.0584242645858013,0.694902941749891,0.0600524032936044
1.37400287469773,0.0492684507758014,0.048637800935223,0.0203141414556554,0.907912932623273,0.00859450581000797,1,-0.260702635925113,0.196849844192767,0.739829340622013,0.0688718328249883,0.69304190603528,0.0506345810617472,0.768330793094097,0.0496232564845858,0.635238339401546,0.0527890561671861,0.784982274331338,0.0662421624344471
1.39705325109562,0.0534600023874373,0.0532072944233804,0.0225205170424215,0.909157199730016,0.010061080812531,2,0.0964501026574819,0.206358162166249,0.639314388124251,0.0744844391895161,0.674892113850199,0.0557311459316186,0.738326947737141,0.0516228356384479,0.687920226561369,0.0549649590163551,0.680952459043192,0.0625345791870537
1.40219480477839,0.0473546553418193,0.0688493129736424,0.0207288912191973,0.888973763357085,0.0120746489419213,1,0.126664955083263,0.181897543945836,0.669314636996527,0.0715728326920043,0.70582501733076,0.0475007538960537,0.625177759412934,0.0525221437369881,0.641087628287748,0.0552691680243902,0.735681939181599,0.061360968721232
1.39399384922847,0.047612677262281,0.0477997175841983,0.0214700383524554,0.911947337379232,0.00892335000938738,1,0.128507502566968,0.186658238760479,0.615676094969395,0.0689964804037372,0.702353047755296,0.0508171522710247,0.682722487160311,0.0526904078672692,0.744954735223085,0.0512919352894629,0.724960775290346,0.0601633675723693
1.44326407270367,0.0483669030112298,0.0462164277771883,0.0249347505380599,0.924924288281327,0.00829831515335422,1,-0.0368112573323553,0.200041486537969,0.733900280562527,0.0659691650424932,0.75024158547276,0.0530789515677083,0.7415627084126,0.0530164445542737,0.752720371163792,0.0482182324946629,0.719201422833731,0.0622291510627688
1.41468667218839,0.0548649289128272,0.0860547850600778,0.0281180716455051,0.923832237471245,0.00831981223773509,1,0.0419174697264394,0.211200513882863,0.811227897124342,0.056870969265686,0.63796909826049,0.0559503963051715,0.731123137023553,0.052971646067125,0.679778901468622,0.0628939190901612,0.677615906702323,0.0654773898311209
1.31409945930288,0.0452618935623336,0.0573775227847754,0.0181689236451749,0.875654688148575,0.011749329252233,1,-0.46263250770565,0.179894681591693,0.780701922158762,0.0636758572970885,0.644388780517728,0.0513922709685294,0.682811084063009,0.0471732750595697,0.599568122739504,0.054122518779568,0.60958866146487,0.0654325333561405
1.39788404912897,0.0499211221897041,0.0704931801208124,0.0221083682408104,0.887494884922146,0.0127291562449519,1,0.0968478033908719,0.176267216952612,0.686858957385706,0.0627709490619227,0.682650156073554,0.0520255842348151,0.654816097032391,0.0521951701522856,0.660971995456063,0.0571535319137211,0.696622769356599,0.0622997829576211
1.49013706409958,0.0534970292583994,0.0523581311332006,0.0189511893172468,0.890589836514829,0.0105757406731141,1,0.245516847798289,0.198365272605768,0.692169790969205,0.0699019912772472,0.72749217231327,0.0538090338052134,0.634313195398258,0.0607546385334792,0.712085298447374,0.0541812382456752,0.721908462440273,0.0592717930493692
1.53081340312974,0.0582986770890206,0.0487996983726039,0.0212498015650631,0.912858388171567,0.00897492046652724,1,0.166960811770951,0.212139646065415,0.716802397159037,0.0777708173165971,0.765584016686953,0.0599583797624148,0.792182795957797,0.0506041999120835,0.751816611382256,0.0505539832255004,0.659991099314716,0.0611828079102706
1.35684135019715,0.051328657817705,0.0680705103094658,0.0228392343520691,0.885531283110677,0.0135334879723899,1,0.0195069622293002,0.196120691633341,0.645929614900132,0.0735398741305597,0.666170626331734,0.0552891347505345,0.658264014261098,0.0523328453385971,0.69639442635436,0.0546867832292767,0.746264677755116,0.0602165035760418
1.38956135626584,0.0471168042350269,0.0346628488841511,0.0184427862228044,0.888226993827608,0.0114253704132057,1,-0.0997659652139146,0.186477181793233,0.797003323378142,0.0617300732874994,0.685730348157109,0.0536749084342742,0.659617401157794,0.0522159695725615,0.691291812485149,0.0555211019610494,0.543823036127257,0.0667733629555299
1.41121526484376,0.0481632587908141,0.0474055066104729,0.0231292513538143,0.915624031685223,0.00780850648126112,1,0.107547340570769,0.189410558337612,0.760677355579002,0.0625756324103531,0.65729504293362,0.0549871070560975,0.648182740039392,0.0531432866872777,0.665005224547,0.0576677439245402,0.663721726613732,0.0678843541952404
1.40946200866822,0.0504283844478185,0.0614814493928106,0.0215201177755331,0.909938328736597,0.0099269501935761,1,-0.0431261584723746,0.191887218555693,0.769163071471535,0.0639238163083757,0.776163348974679,0.0518819735941477,0.541737619985987,0.0559723998206151,0.708177711895485,0.0544814561021765,0.636846853138144,0.066185472048244
1.30365253785444,0.0494928225053514,0.0645654731389608,0.0208482967674951,0.887191983326809,0.0126699747621812,1,0.0474375709482209,0.18273338793188,0.540313679781621,0.0701600457083401,0.638735070754816,0.0587003748861735,0.654828423749665,0.0491275597537413,0.626209765629183,0.0522936836478506,0.686846904405952,0.0601781705714252
1.34715984555484,0.0485616925355764,0.0549814089518867,0.0195369530117973,0.888598575701414,0.0114863816304888,1,-0.638697327879732,0.188335044623895,0.776630457812248,0.0661516710364713,0.748505351284666,0.0524977975887709,0.747248574224348,0.0475682187251074,0.633784146871651,0.0545946645151565,0.67204299045025,0.0631356503221916
1.34152592022895,0.0474526787728955,0.0358580205370338,0.0149487856951683,0.903097384843718,0.00887865961933514,1,-0.237530438738137,0.191531420790873,0.574842088179447,0.0801774460580078,0.796686324304505,0.0527460383413161,0.729219651260592,0.0481916181148825,0.631793868178562,0.0553116582891587,0.626422304868909,0.0628433745530189
1.50088046912008,0.0564015130040103,0.108528718063516,0.0282823953756882,0.898763780730807,0.0116742405400717,1,0.0840085914531269,0.198875717274839,0.702313838753069,0.0722233093833392,0.755867914790524,0.0556369694924424,0.694461719824719,0.0538267957708428,0.745730030090468,0.0546732339270453,0.740487864137609,0.0619963434790839
1.49910422626655,0.0500760958684652,0.0589910952303841,0.0234315965651361,0.914491795384004,0.00898595162400772,1,0.113785330343026,0.188474858351775,0.727240872529082,0.0672754038320875,0.785797538408864,0.054208868840629,0.697486373198409,0.0513209478091942,0.74655818731655,0.0522564145230326,0.712751537269014,0.0634679649995737
1.49558755829278,0.0526480645488357,0.0599104800781613,0.0232663399986148,0.918810811952978,0.0083447547539639,1,-0.0745921805738114,0.202386096686739,0.803151573950513,0.0661167459672751,0.737177123485047,0.0569987307079025,0.782225763474853,0.052987896225131,0.717524026205978,0.0553285493142888,0.804779187723814,0.0604129465560844
1.47919920933553,0.0510021491146602,0.0783272804912228,0.0212311150073091,0.884209392456665,0.0138333188046911,1,0.272218304339075,0.193316656973792,0.760481297874082,0.0681294845613796,0.614407021566932,0.0624724250534789,0.654492973322667,0.0537021854941805,0.694691953986484,0.0554268112717145,0.784563369417523,0.0588795887352384
1.3038301420785,0.0500794226227173,0.0849889833458601,0.0235370501790342,0.883782062765178,0.0137118887665378,1,0.00270956915838656,0.188809056190727,0.67027399856933,0.0668740561431077,0.612723402395287,0.0534629936812185,0.61774345493432,0.0514048678628787,0.694684648476185,0.0548435354979701,0.690100290340873,0.0629997873236801
1.34917871743401,0.051608581610637,0.0728369775490233,0.0238783712392869,0.887944210946129,0.0138344453411176,1,-0.0351074013496443,0.190064504551632,0.691404272689079,0.0675257926829438,0.633181937236494,0.0556749081777555,0.589838962349719,0.0568130789472562,0.65698833853383,0.0553798724429255,0.733078524886035,0.0620324496127607
1.45730540977667,0.0525708066141962,0.0479620762016784,0.0201168094569188,0.909282077393307,0.00926180468383806,1,0.216194264938455,0.195136386164747,0.688504436158061,0.0693950691226793,0.726667272123912,0.0515719379735734,0.700115447359755,0.0529469298910817,0.689100861975701,0.0562079138031236,0.588914188509694,0.0681971189053136
1.46176093545447,0.0500600196070631,0.0344126014300556,0.0195185200324474,0.898337159005729,0.00958439499611036,1,0.533643924854928,0.181808305566263,0.627917291999378,0.0635080801027997,0.704496194520312,0.0542381512470864,0.684350681100258,0.0503889274931191,0.713660804514121,0.0532537904377068,0.607250462683131,0.0654299375362989
1.39744512182259,0.0526054064186145,0.0783326758505456,0.0233437799091145,0.887143037815871,0.0118461287513383,1,-0.0949316463748581,0.174225883769254,0.680855812059245,0.0670399410519121,0.702171012155896,0.0520360073610592,0.674634882459342,0.0503842398932682,0.770642014630631,0.0490191895436364,0.707502755787721,0.0682087263145482
1.34412634974452,0.0489770418479676,0.0806780289581041,0.0232600344489235,0.894556220839225,0.0113661516943461,1,0.0198652019276082,0.182064514102429,0.583629094857292,0.0707943918420056,0.662819472844973,0.0527086394194708,0.707773079566959,0.0477259887070638,0.759987942671497,0.0545902649658233,0.699052134198673,0.0651227784232073
1.45050559915312,0.0527734849375591,0.0938759584006129,0.0266895702498051,0.884275033247476,0.0127770214166648,1,0.200569770123409,0.181388891102944,0.784398588317386,0.0584236669633134,0.643855364895296,0.0538153823342145,0.654948663296631,0.0512269004814605,0.719867416496802,0.0563196601484041,0.641851092885631,0.0661201621567826
1.44083053272417,0.0550670480008197,0.0312712005230429,0.0246316342565946,0.9216580639783,0.00793773073041032,1,-0.108173523692268,0.201817206017144,0.728528513826845,0.0702389672802743,0.803522381851428,0.0545522222407739,0.700152279809747,0.0486918023931289,0.729916246541071,0.0552136816368364,0.680784666775945,0.0659792101729633
1.42160726572069,0.0529042812857127,0.0833048284305145,0.0254133076173486,0.885209373344246,0.0135709500455148,1,0.308421914698583,0.201473789686239,0.635455484010464,0.0706766878450307,0.678729313308863,0.0518494147600948,0.686048629045917,0.0490981452793815,0.668762357036102,0.0590028128558775,0.718478693737883,0.0612416318537021
1.40656658493954,0.0516785081856363,0.0530233667212826,0.0225350324107025,0.909201459127934,0.0101225825277237,1,-0.0282257979569621,0.190976665334157,0.763240614609675,0.0622475931556268,0.732283980448602,0.0550397385470733,0.671403052680837,0.0506150781480822,0.73340179072256,0.052896685201895,0.620482904606706,0.0649617269632187
1.38978702984951,0.0537369829619403,0.0442734041135223,0.0199020495085139,0.904045677931221,0.010069867329029,1,-0.205397030495788,0.196919092148052,0.678579389959005,0.0707491077164138,0.758765782891098,0.0533357585560774,0.677844043782326,0.0534421033720579,0.700176029449005,0.0545878595287526,0.698861486184301,0.0570109648746736
1.40247963118825,0.0481331234456171,0.0715250653878437,0.0210877059753306,0.889018421458432,0.0133801514724796,1,-0.0398538854219594,0.203958380746335,0.629201281020781,0.0716552407419034,0.729845564884506,0.0555353360095174,0.581220354756347,0.0580095681662439,0.725444781187006,0.0534380943198095,0.707208402134199,0.0594425377617666
1.46586904831643,0.0565923719489658,0.130256257111752,0.0308901611357944,0.905428767308533,0.0119147489505318,1,0.122460422523069,0.203229765398587,0.812982572005682,0.068641210174885,0.71126674130544,0.0565308406606302,0.690255089840813,0.047072101139536,0.735514038573049,0.0517120697850786,0.771181762937994,0.0639544667220291
1.3480340578269,0.0490222354087593,0.0420132707184844,0.0203789626974308,0.894937829845996,0.0104966358932986,1,-0.010071338311673,0.18724426655584,0.567754862316382,0.0723153361918037,0.607025078652662,0.0532371315705147,0.689499526234393,0.0492696033713028,0.676641817831733,0.0529212654800659,0.653692089287215,0.060928625586594
1.36291070786533,0.0498712121001695,0.0500020165614678,0.0217414940830616,0.901809951948362,0.0102911003971925,1,-0.305150668177684,0.19622340497407,0.733084067413706,0.0722776099820895,0.657025685691317,0.0507862044807258,0.717425011439556,0.0490760081763078,0.696437278469338,0.0534832994468699,0.597719847715124,0.0648447839694488
1.4295753823925,0.0559196478578074,0.0653456477935158,0.0237431131703162,0.894004937530207,0.0128474375408321,1,-0.0533088700292849,0.207266828978276,0.736437170220399,0.0696413402921968,0.764808704773636,0.0523795142929355,0.622227371247945,0.0547024333604661,0.729549527102862,0.0583413195857347,0.651593119396507,0.0657699960128896
1.45813954807577,0.0524244631233755,0.0574406991065557,0.0209214814647189,0.896780852162859,0.0111428855899244,1,-0.00955471584780378,0.196670385974034,0.742673765079246,0.0730593802871283,0.791257487519287,0.0556010337444929,0.73570682665032,0.0501888815262464,0.698100362287724,0.0513888233400267,0.730637180378558,0.0629449514874973
1.3730728379708,0.0504739851900797,0.0712294201570654,0.0232498064883517,0.891456466482432,0.0130803961896548,1,-0.271734473855216,0.198302293366341,0.746258041486171,0.065520789343017,0.710806886576657,0.0546305093439607,0.695972301439875,0.050456911280823,0.690074116309625,0.0537264514156068,0.595162663092932,0.0660333270195465
1.38397932789274,0.0495024312928543,0.043171305836173,0.0214223794276456,0.904004069935788,0.0106163639556246,1,0.100105912587582,0.200478001606122,0.694121495968809,0.070138414964825,0.670981272465486,0.0508463122672356,0.726979002130067,0.052437499703971,0.617922731485273,0.0543812436227967,0.742984945700829,0.0556902839066263
1.51733968761734,0.0545815373684453,0.088587785847378,0.0251077283515658,0.899745040096196,0.0117285905052708,1,0.215527120774442,0.187263944244337,0.695442019267506,0.0661247849510999,0.706421456824466,0.0543772018096841,0.739644829251556,0.0528724632248863,0.723553637355594,0.0564524592224002,0.760712348169501,0.060004500589186
1.39670110617288,0.0479715642753781,0.0293949927529942,0.0152889538669477,0.897255550013234,0.0106122169251982,1,-0.0866880927750932,0.186015903349757,0.778785271919307,0.0622496838272027,0.717215143057234,0.0548303751129358,0.670440120667676,0.0538883873674501,0.627746145766795,0.0575115149487648,0.723532700912388,0.0558883596562004
1.43753732054688,0.0509686119632018,0.0563777806551766,0.0221305125990146,0.89561819920337,0.01130252185676,1,-0.0229902697066768,0.19813143494912,0.747719149460585,0.0615897139710745,0.701424527615442,0.0541518922018293,0.691235436088683,0.0508300557881736,0.731882915446913,0.055138525521654,0.592199134388802,0.0679219976384151
1.40718571357167,0.0486770199100653,0.0721795109675731,0.0234838208148958,0.897930746203848,0.0116842520318731,1,0.278010027036308,0.184625850720999,0.761342963692922,0.0609437618118537,0.623159271807796,0.0565660551503746,0.681869640316515,0.0521480735976592,0.760620620028031,0.0517682967666619,0.625972361139932,0.064123270853658
1.40905279413648,0.0526416078305507,0.092046979222088,0.0264113676370341,0.899499935543176,0.0111469438502794,1,0.0602441950921831,0.180951166046653,0.717967525986481,0.0590566209563064,0.755343288467356,0.0513816572654311,0.709174354763572,0.0510704125795518,0.620488361660276,0.059581019079538,0.682396412253432,0.0663006193898622
1.40429789675762,0.0508638896968527,0.066155817730845,0.0218013384814931,0.89968155102917,0.0110955399312579,1,-0.0166868835515749,0.201000993040944,0.781656698174051,0.0627124139175126,0.664518270377053,0.0594224319979598,0.65850126920596,0.0525834832635602,0.709290139595968,0.0539595014935686,0.715456853746869,0.0669844708124448
1.32272294395708,0.0486443085617018,0.0259698492602223,0.0163050413367941,0.905965005633738,0.00911207266981793,1,-0.0976224019065138,0.195980887306728,0.720311696317003,0.0681124589429548,0.657125461426434,0.0519747092849095,0.719914131758649,0.0515398208134998,0.642125867935623,0.0557377742367381,0.605959852503506,0.0597594528032405
1.46966928713365,0.053732111340422,0.050595882877523,0.0236158742947263,0.910716040395627,0.00917548646901382,1,0.0115811197812073,0.190390890882626,0.694089645014895,0.0654722116031257,0.744993016928203,0.0544826113276565,0.771974740335043,0.0507768862810374,0.731864230347359,0.0542770351551611,0.678333217668516,0.0623500734345344
1.38652470179033,0.0521630704461932,0.0521547371392588,0.0208774902771511,0.902247242545606,0.0106755636374552,1,-0.318933400570626,0.198042490426592,0.807244030495525,0.0621771382093511,0.589808048690768,0.0616082748039956,0.789189211225281,0.0476105419458671,0.667256871916474,0.0535303696167225,0.672799566402707,0.0643965734728956
1.41888706463807,0.047883655164374,0.0473547201136471,0.0197571241708023,0.908542716395219,0.00943502373531935,1,0.137323482240772,0.193087727766056,0.665926658001181,0.0729003920495691,0.661742501303212,0.0527945223462858,0.779538479597204,0.0474304051283988,0.677762067079133,0.0561188721585233,0.676787919884202,0.0606060549707045
1.45623933973155,0.0542002671695949,0.0592528821912,0.0171720367273805,0.900600774928254,0.00945038801815699,1,0.291533512039043,0.175221381716999,0.623867725935754,0.067005242091844,0.685108292905673,0.052263975252033,0.714476300888663,0.0503097835420021,0.724238671540686,0.0529137407143246,0.655514644295679,0.0706977269989168
1.3386569265738,0.0487596255294585,0.0530656433837975,0.0223103008525097,0.897875334221954,0.0114002438566205,1,-0.281625244173346,0.190203945530753,0.700234243876684,0.0696485125387189,0.745981709823076,0.0522314704908845,0.607053422262827,0.0527158818422901,0.679964832727809,0.0528896152739351,0.632196456086513,0.0652461102668077
1.38279218045161,0.048008807436178,0.0608701731238216,0.0173660247903428,0.864016797997984,0.0145424048399163,1,0.200202039453426,0.184150405593627,0.625594054168958,0.0724514228355726,0.593914331669001,0.0530616192209805,0.649586255357013,0.0521704462680873,0.674499331958445,0.0525962698586318,0.709545568237859,0.0595210917394913
1.43885177527495,0.0533136079654492,0.0476890465382268,0.0199199798189168,0.897315160760575,0.0109886328403766,1,0.245807169915853,0.195027879093172,0.619541353897912,0.0722904098520275,0.740936066564467,0.053508783949423,0.735123428113288,0.0499367082986073,0.729398649955565,0.0562796268268617,0.616071394228141,0.0619744901828929
1.48715996546424,0.0516199650382697,0.0504283679318722,0.0201618273658981,0.90557646149609,0.00959258899793142,1,0.183139325034318,0.183749624035847,0.76178830701084,0.0640868517292706,0.728665240146688,0.0516256843962469,0.660511910149635,0.0535491294409013,0.709354969577186,0.05631842431177,0.75647780060417,0.0599461467672031
1.28427884276447,0.0465924916901219,0.053646661353207,0.0220218623531975,0.898413437316491,0.0107425460315607,1,-0.0990765488380292,0.187750393817289,0.717542021617433,0.0668363364395151,0.631164017772047,0.0557514800280177,0.67166769383466,0.053362583210459,0.63000924851546,0.0577820276161815,0.641857802231125,0.0618721701781481
1.47968887936464,0.0529160541714205,0.0659104011212277,0.0218598192616941,0.898493971355384,0.01127429409341,1,0.283268484996493,0.193706954421621,0.766625568563957,0.064462972330864,0.753037011760936,0.0533964672586668,0.723569322286815,0.0546867020749679,0.748323134150181,0.0543799807030595,0.684627830176157,0.0639924605269935
1.47190937175955,0.0540802048510259,0.0745625400800002,0.0249603898570611,0.909837870852228,0.010056810219359,1,0.0957324749453912,0.210461807590573,0.635787817095137,0.0744600441094393,0.756759228108583,0.055241360491,0.700888340444906,0.0542829692669812,0.747307403018982,0.0532684704504989,0.676200001456916,0.0639346323187257
1.46858893712455,0.0490138856374939,0.0467789761129705,0.023157158005477,0.917442624583938,0.00776666954235429,1,-0.12888568409775,0.194373440316825,0.852961818902791,0.0610455593698871,0.706209893785648,0.0521710649709184,0.757575848203782,0.048672354355552,0.762349690218183,0.0524192651214663,0.6187844213948,0.064988670950513
1.38435952045451,0.0503777822769608,0.069248691974064,0.0212850849093554,0.886447590033024,0.0127437643873871,1,0.18244389922518,0.173183848578763,0.675039415522787,0.0618511435469848,0.727544272978109,0.0503256469211115,0.599426087582053,0.0559731728155097,0.716451716593161,0.0609722995339079,0.658342470970654,0.0641615910837102
1.40298361853599,0.0533922671460898,0.0416779781204553,0.0220082745015529,0.913190958712457,0.00883122797298573,1,0.00424123005538618,0.205047390006415,0.59421085662827,0.0737449813051054,0.726428759033525,0.056199683098376,0.726495426440353,0.0502983448995741,0.777701271605991,0.0518319178353746,0.614899526916331,0.0608339286526696
1.38235695087934,0.0486740991735369,0.0427003234860587,0.0206977776774353,0.901030480772533,0.0102337556999252,1,-0.376932177894955,0.189343861656974,0.755173501148914,0.0666946563406415,0.665300149232416,0.0566781549367643,0.695771915996309,0.0472485436221428,0.791553617538208,0.0538414619570798,0.644002347439204,0.065010878531459
1.39572468639107,0.0487602793059505,0.0724089724587544,0.0223783802178067,0.895964604385336,0.0113190545569966,1,-0.0361540571502061,0.186164146516205,0.640837937856087,0.0657036582764476,0.674453061684907,0.0548879774728712,0.719496072367653,0.0476790183345595,0.7826831006923,0.0525835571070556,0.618771529793204,0.068046852300338
1.3642714768712,0.0482318172966214,0.0622008441893204,0.0206920164431828,0.889210905566814,0.0120111149972358,1,-0.474202847594442,0.190464409388506,0.760876313092454,0.0659987903158917,0.708400240817652,0.057314381859135,0.726858844463714,0.0490999722795044,0.71471225338913,0.0527779481261287,0.712110046014685,0.058915631823737
1.42596411422247,0.0520440698909081,0.0766124283184537,0.0194027317796527,0.88955259251265,0.011865887093359,1,0.196503237401183,0.183494644824864,0.604111507487697,0.0728890172648967,0.691475240098941,0.0581144384921161,0.675453994863936,0.0492724003720594,0.653097058342887,0.0513606615519424,0.687953739995016,0.060034609644584
1.47377135196832,0.0512768325363387,0.0526191349748138,0.02089235192108,0.90830378667995,0.00943130857534487,1,0.21075888134075,0.192398606225596,0.712223714130214,0.0688003580406348,0.648857513741523,0.0546329982648369,0.769565053003329,0.0520321582110524,0.659515234481424,0.0574989735949868,0.755073046669376,0.0589561545514485
1.43104678282927,0.0523473204092647,0.0958292720603533,0.0246092584717785,0.880442555779156,0.0142890062430107,1,0.0651767290949156,0.185961839182621,0.609007250593109,0.0705707454666174,0.6983690882075,0.0557061426568392,0.701006000174818,0.0525644197740362,0.679435394741999,0.051331939441004,0.701995401224282,0.0613066600865163
1.40190075580623,0.0524649980895208,0.0863722767190059,0.0243803040670525,0.890972630283561,0.01183756543858,1,-0.230706762446188,0.187036772514344,0.673098661100441,0.0684581204666198,0.690450598654028,0.0565883478921537,0.685106950806464,0.0520273066383193,0.708344157863392,0.0540574904135387,0.741540118607138,0.0669780205251758
1.36931244664855,0.0528307699647373,0.0587160955392773,0.0211955647073545,0.909517969318511,0.00935060612273981,1,0.064226725328592,0.199096985137464,0.729519170978317,0.0658607465646071,0.66951399814901,0.0542894919942159,0.664346395909504,0.0559032634604965,0.701237851159438,0.0580101388434712,0.724088114841995,0.0686391469494081
1.45802285328822,0.0559262122421274,0.0560306090232509,0.0241195701345132,0.911647112750322,0.00869265991476898,1,-0.103242859359953,0.194637305870076,0.76936611286955,0.0665464012348091,0.800637314443389,0.0549567452259551,0.763794146932636,0.0527777963791258,0.728965132149816,0.0559669348808949,0.668577709770825,0.0653592314075144
1.31275686405607,0.0469080391234916,0.0415710010172729,0.01856416231391,0.882255768876368,0.0129021064809134,1,-0.452105751922824,0.198796410292562,0.719131960653772,0.0750854885056315,0.730345550987858,0.0518281617038803,0.628633374823608,0.0543280212458431,0.594948647577692,0.0570272930556932,0.696941788781479,0.0603145062990122
1.41957551986124,0.0529798439348158,0.124473578880842,0.0296686959448585,0.881825446038552,0.0144100266123329,1,0.0790042311087442,0.188088521258048,0.736470855665148,0.0672542154523517,0.572555555501792,0.0570934149629539,0.763907797186739,0.0497740837790364,0.708559848345536,0.05525531443461,0.73350808755828,0.0675575758775133
1.44601286374644,0.0516064972956151,0.0630828914227861,0.0238428349421619,0.888790390808607,0.0116969811165608,1,0.0706913053761151,0.192045554182334,0.678190411712081,0.0693017256602619,0.73985760328817,0.0549296320213783,0.652559345102926,0.0529972906994536,0.727431158210879,0.0545098062837018,0.553683213918511,0.0696898737765317
1.3969443285895,0.0492840281908005,0.0463566003012654,0.0201795252899279,0.897083549849537,0.0109846798664622,1,0.175630631345664,0.182436036217254,0.696531818199667,0.0615111805734336,0.694570373483561,0.0542601199646712,0.644676969750917,0.0565842271524783,0.792461289380208,0.0548107980426381,0.582106848232056,0.0672682498271907
1.38711729023989,0.0489312766078387,0.0561947798559817,0.01846966457874,0.887789957314316,0.0122148956370424,1,-0.00221701067161337,0.180885896498525,0.660183188090196,0.0702107755633,0.746035947386203,0.055634880289944,0.658840085490561,0.051448134427926,0.604029146015938,0.0572918182218169,0.683542852711662,0.0577109121293632
1.36092925852742,0.0496895742111831,0.0493819074463999,0.0195818846128169,0.893038471616672,0.0117196579961688,1,0.212228006331208,0.184170870882027,0.737782467593472,0.0642555288340197,0.522972638142329,0.057829442893568,0.705167865016471,0.0511921385403385,0.581419911945216,0.0541011203776678,0.717263510566373,0.06182767107043
NA,NA,NA,NA,NA,NA,99,NA,NA,NA,NA,NA,NA,NA,NA,NA,NA,NA,NA
1.35111077159673,0.0479971011542659,0.030136942735707,0.0168736613420057,0.908795371154688,0.00930410839862763,1,-0.29814183227865,0.201608511110019,0.79363625713223,0.0698245468776628,0.691904791848685,0.0584835817524745,0.621814821760945,0.0561719371731696,0.682294822802689,0.0520057027623592,0.706789801550975,0.0524545121457896
1.32889962614712,0.0468961745636493,0.0629882562019253,0.0198887582090727,0.894534250848797,0.0116655500975139,1,-0.0550198880973519,0.187482072553255,0.672367255815438,0.0650527444800561,0.637238191478795,0.0519398301954928,0.620829291596068,0.0535460600056805,0.718506710314282,0.0527311925748796,0.714718976938951,0.05514143893971
1.37530507339612,0.0499435658927571,0.0971108477453268,0.0218954151817561,0.852114532481584,0.0178105077398854,1,-0.0538310997654107,0.175328804080441,0.674187843240327,0.0683274398897449,0.730845212356426,0.0548707200191127,0.691256036826626,0.0468437044917091,0.675433863224546,0.0542386714038181,0.577979584637328,0.0706601078538225
1.42368094310575,0.0510668249712479,0.0874804980534473,0.0203644116694219,0.899828037528813,0.0104712632350681,1,0.132135992614679,0.184409078611258,0.653480885353346,0.0688193457550501,0.747324911973223,0.0525723115244919,0.726353431846416,0.0507963918732056,0.677703539749972,0.0612931134001951,0.710577024886043,0.0628355335456578
1.37230624710203,0.0485635843410372,0.0765568229649347,0.0207828749607862,0.891019554153112,0.0106293889996535,1,0.164481684340893,0.178854767493332,0.648236036532877,0.0597739146464313,0.600057872034597,0.0553729014772001,0.688047702225559,0.0554865445656722,0.715875714685511,0.0522235024253763,0.639809797277359,0.0648916408730629
1.4224576328492,0.0487048133653958,0.0803387196671302,0.0190485525512783,0.902277498074943,0.0105237087304893,1,-0.0936165239824529,0.200449087902738,0.765685931860984,0.0693312392251357,0.719361462413452,0.0537250404001714,0.771166862859805,0.048768655251897,0.659628528055763,0.0562426941237282,0.744809554071014,0.0582110427224351
1.36390404024432,0.0487542920660516,0.0464514954855884,0.0212804772382936,0.911802489524803,0.00927640525591174,1,0.0483637401938009,0.195808638603821,0.649482511164776,0.0703315885406799,0.677788279304738,0.0583331508111799,0.749737156075539,0.0507907691957249,0.659527299534858,0.0575983795374962,0.693888046784913,0.0614260372748258
1.38190513701767,0.0472456205155406,0.0470286606564442,0.0198858640414343,0.897152181204709,0.00956364619722309,1,0.216972434204687,0.174297778795418,0.568545536880798,0.069020940597389,0.65359713161556,0.0547245510710533,0.727126938755394,0.0475022205299517,0.734001040448812,0.0520850260344048,0.707532225217809,0.0607280165082495
1.40980926805069,0.0510986508704085,0.0657378647432183,0.0199484162216281,0.884736604536526,0.0125180728224115,1,0.0386152676740597,0.172800570158766,0.676882611123785,0.0645547836313445,0.668763124120413,0.0555458374258305,0.707373564427449,0.051883930970827,0.719872247857687,0.0545304459903649,0.699737731199384,0.0621555085110716
1.47313547802048,0.0536730785912944,0.0651163122072243,0.023148760114413,0.890254043932473,0.012743047384693,1,0.353506839289015,0.182587574162802,0.739845472833167,0.0686187291067894,0.700424420459421,0.0526675090349214,0.69403871797493,0.0545003243996626,0.682556877547972,0.0570592132995327,0.733825716895771,0.0620427587152468
1.40836319748474,0.047805765488275,0.0345028855434929,0.019237684445746,0.911593018187594,0.0086499600779424,1,-0.0962218913144724,0.201172953239898,0.682784534989559,0.0753140564364958,0.708869181045462,0.0522890378490458,0.788851385374212,0.0478094826416518,0.609794296693146,0.0548546301340093,0.787777546154554,0.0633020826121756
1.42598508143371,0.0499172623580155,0.0632822585612471,0.0200054185353179,0.901328457734852,0.00993106652095441,1,0.0560394838257261,0.178838065062286,0.752117537088673,0.0641604572689043,0.6622605756148,0.0525915800986233,0.676058357142329,0.0495391475930121,0.698378484187527,0.0539016184722659,0.682885253599791,0.0614077564410793
1.37512657961623,0.053157507844051,0.0953475651002212,0.0264441157757797,0.8896530518868,0.012198366726293,1,-0.209595622412735,0.190232395823512,0.694640540228041,0.0664043144429083,0.661187991404156,0.0535926810259854,0.69523114334671,0.051711423136028,0.691682404002565,0.0571806061559623,0.6551529011299,0.0651958720404938
1.42722691178295,0.0562126932202912,0.0651156973451658,0.0242932903257092,0.902254710679299,0.0112031957343239,1,0.0783083226184208,0.197115160423165,0.735248863339629,0.0647081103404729,0.688719318438434,0.0571854192328886,0.70864569033221,0.0545734802978443,0.624284066949207,0.0594322067226629,0.748554162832841,0.0635581620158771
1.36677791007821,0.0492982394629633,0.0585993110056592,0.0220134155314537,0.914315213375699,0.00863609935001866,1,0.126610803095205,0.19304121277,0.647497323088559,0.0672114200233218,0.665985054100334,0.0546600129452915,0.66466232077821,0.0528621984574422,0.696226382785397,0.0509881069268081,0.712346510348346,0.0599401276593638
1.3783161047421,0.0490094471205603,0.0448357035607778,0.0168063812570816,0.887192813691438,0.0104739001293166,1,0.0231136034115895,0.169160547070964,0.636934008799199,0.0666087952519982,0.669341230071009,0.05450735875223,0.759346291519128,0.0500410303068239,0.672692703681366,0.0542603785274341,0.699330315833431,0.0658246479493085
1.33499852819451,0.0496366994904705,0.0743559896710911,0.0211324786110891,0.893475070058826,0.0124445520486542,1,0.0682166003853773,0.194199965244696,0.609532574038458,0.0782819390197966,0.708570344306249,0.0510101761320009,0.695457689605013,0.0512522226746328,0.722114711040159,0.0549262321071785,0.690109979663145,0.0673002513041585
1.43585379021763,0.0539241377684035,0.0738663924639363,0.0225648395409013,0.894614871813494,0.0113271215308403,1,0.0261498771866042,0.191457599862032,0.761455632285581,0.0674715532984754,0.675182580711584,0.0564852059602536,0.751753225179609,0.0518845809443292,0.677906924293641,0.0607991611700647,0.560064835588532,0.068503118862129
1.39914984843181,0.047668660457562,0.0393597294737044,0.0161234417506104,0.883680419401252,0.0126282665815128,1,-0.00709448300914455,0.191314785670772,0.796930417177697,0.0673826393420366,0.66362931367798,0.0583323870177349,0.690905784175813,0.0512628454355711,0.626536321521217,0.0547682992416953,0.676519935280623,0.0560001611665918
1.38351754486893,0.0474226654737832,0.0463230048553573,0.0212275321323241,0.906706335905573,0.00958803673473988,1,-0.214323781612075,0.193095247973293,0.753684683724524,0.0646106562986925,0.774190297195817,0.0530588446287269,0.650157029538223,0.0520118280103117,0.729389110428091,0.0523764998778334,0.650116327239138,0.0596777845289214
1.39956040770062,0.0516660085299833,0.0588067416633166,0.0225810623147798,0.904798148972876,0.00992990437212563,1,-0.0713488602510945,0.194277090681899,0.714826272815666,0.070418800415011,0.741165137457387,0.0524889977146586,0.707095612724822,0.0496629276435474,0.691983586021662,0.0526714662070812,0.777417179121646,0.0630049644768193
1.41410230509736,0.0514022595163493,0.0659876343907682,0.0222897455879714,0.908357722448768,0.0101832131819178,1,-0.238388737833843,0.196211843530408,0.700726726252973,0.0702101614539967,0.798762577463354,0.0493828908776578,0.622136959070236,0.0566511903280752,0.683443632640218,0.0544397151595644,0.714233097336485,0.0613968227886845
1.42045162951228,0.0477998451665413,0.044948959066326,0.0195448672390071,0.897932498745479,0.010641443933402,1,0.162484584087325,0.187693111202584,0.705004554889656,0.0694879026324875,0.612030959858238,0.0543747650348151,0.751439716002613,0.047336181746943,0.668998645074568,0.0524213901205191,0.735097640127698,0.0605157902185274
1.40157604521175,0.0504058730235416,0.0652408429221179,0.0224370509251954,0.895606200860072,0.0118212017660515,1,-0.142484606017375,0.196323608875789,0.592155934471592,0.0787569489707053,0.690499930281807,0.0575259733628138,0.734867926467227,0.0514191196240849,0.642770451112439,0.0558534653114966,0.746497734688964,0.0572186562737178
1.4899607036785,0.0529282757145057,0.0686170305592498,0.0246747367578083,0.911931565839897,0.00889111647569014,1,-0.0906316934118205,0.193312592828582,0.822091104553281,0.0650818497967186,0.744981052906858,0.055411216627682,0.751607490846306,0.052991221071079,0.67393788286395,0.0545901398431472,0.770519318882068,0.0611453732877594
1.37882406937582,0.0518170612972262,0.0674761529392199,0.0221384463223093,0.906669746576643,0.00955448036973116,1,-0.0440813518438828,0.186930109106702,0.755688368268207,0.0615673428358639,0.703978909628476,0.0518737069835967,0.674974328653788,0.0490116926775467,0.739002413026093,0.0560148923923313,0.688059504571661,0.0637024150437176
1.41331821145037,0.0522861038534869,0.0670456340905158,0.0197517540563097,0.884195570258356,0.0133751201217669,1,-0.0544709986241547,0.191484171853394,0.722016152442702,0.068318482255979,0.685458506927955,0.0554743486589758,0.662255576365469,0.0570932236113268,0.689640561240911,0.05785897483894,0.718597940309237,0.0575859306251599
1.41600300439359,0.0510481053078414,0.0551496453316999,0.019719885255993,0.896722747384886,0.0111567304407452,1,0.00320893127085833,0.187668133211071,0.777947683577292,0.0607080888796963,0.582694794440026,0.0578857818696035,0.65773755234427,0.0542432933347734,0.763585379867098,0.0535091092171854,0.699431834165444,0.0617580181157406
1.42859446750016,0.0538875412803951,0.0876122767824106,0.0233649089148456,0.90870237330036,0.0105346012725331,1,0.0687400583030129,0.201703985941337,0.718435477424869,0.070652361607237,0.702958239887633,0.0542229309100513,0.691459655787501,0.0503998466090959,0.742948829866021,0.0562747876350229,0.734227794666124,0.0608958173308908
1.3533911509289,0.0501384607532985,0.0461192789177493,0.0198900379906698,0.8969588084737,0.0113009661565389,1,-0.206037539456789,0.190920333637772,0.68756322287617,0.0690879912832912,0.682323651758396,0.0571931368832144,0.701877248787084,0.0526042099043667,0.627208607411618,0.0546245673921766,0.673349798305074,0.0556156356232646
1.42551096098183,0.0505309693117431,0.0454615952075045,0.022852313379936,0.909019098560081,0.00982744066783256,1,0.248896610528812,0.190684200570558,0.701863494083203,0.0629464500680886,0.673791336541185,0.0596083993971975,0.813783429857991,0.0494715968926948,0.689499838340931,0.0548726098682319,0.687204400695283,0.0651625294859129
1.35895919945928,0.047904500684319,0.0869046383315663,0.0219780275159253,0.886818292777222,0.0124363520571039,1,-0.169138139689118,0.170598323340123,0.79023226716282,0.0590617350577681,0.679414701490356,0.0536455070145694,0.602668018017401,0.0531713769586505,0.749833806749032,0.0527112327114428,0.765992115485894,0.0610946975299201
1.27022719239733,0.0421140773733662,0.0374605935813525,0.0173870075930172,0.882924620379939,0.0118347470332639,1,-0.132003560255893,0.171180430422103,0.685982289294205,0.0607033835978623,0.594098901239409,0.0577208269954334,0.596030713988526,0.0519214476343394,0.537132316876093,0.054167590092551,0.736570252830147,0.0606273404998565
1.3572931001219,0.0470352900040423,0.0477791652070899,0.019303285636438,0.893485001297607,0.0110634599328311,1,-0.0376174986838903,0.179965818167092,0.59806431359564,0.0661386119802896,0.752490864680818,0.0520530192626325,0.625610546010477,0.0561686301453751,0.633315910462697,0.0536726781271106,0.657323010464355,0.0582511679827103
1.38577136919036,0.0481845402544504,0.0861924806361493,0.0221110917402077,0.887841507363247,0.0122736019130408,1,0.233868189496784,0.176121644758161,0.709313465663577,0.0616118592644481,0.644381968256375,0.0559234708857443,0.654528186097708,0.0513135181064588,0.671556405359556,0.0602528009038674,0.70262348874588,0.0618401370099151
1.39572103819377,0.0536957936730078,0.0805901434314611,0.0251898578088974,0.907136075564749,0.00998946728246392,1,-0.164540681392361,0.187718432233344,0.653244054828829,0.0642420398864637,0.796577822655284,0.0543947212500444,0.655259064315617,0.0528621385924705,0.728046484908654,0.0546958370880635,0.680778303134258,0.0706408413261607
1.34704313508742,0.0490878807628789,0.028342954445182,0.0176522030567618,0.889327783042673,0.0114120962599646,1,0.0916977341761209,0.181367542125088,0.601432854667915,0.0668123099424787,0.697078015254708,0.0499084208582049,0.651806619196043,0.0555969382658725,0.605554193869359,0.0556111390482774,0.698280584818858,0.0602468628607616
1.45288680344065,0.0517904666464977,0.0527143502424062,0.0194962395743514,0.911990028182815,0.00822414036735603,1,0.288466979901623,0.188841277166633,0.699911219622501,0.0602458984543836,0.687027206062356,0.0534514892642947,0.79011605643793,0.0500552122192465,0.646927924488051,0.0562568440426712,0.646696347601803,0.0602401613519837
1.41247243425108,0.0495403529829871,0.0710040551114497,0.0232528248911333,0.89758141026001,0.010303018269315,1,-0.146644246511717,0.180201788909599,0.852736000674001,0.0583130649448477,0.671616666710607,0.051188235233419,0.620060460418232,0.0546615822992744,0.731476839585801,0.0560507006306214,0.643815835402317,0.0632516692603406
1.3729843142314,0.0505013427213876,0.0309709293671594,0.0181002561857916,0.909069204487737,0.00925196814376802,1,0.157817576155165,0.207020956780783,0.602473773070421,0.0778188104929336,0.645030455772762,0.05824751918986,0.720001071257624,0.0516090721520736,0.742534509218078,0.050080318290369,0.704289054211104,0.0616265245969279
1.36599405538987,0.0496768529734293,0.0700700640197588,0.0221056345896044,0.895771601843158,0.0111761732182561,1,0.156242992956962,0.181204252333652,0.603205710386441,0.0690824983935805,0.690217352979231,0.0525258709891814,0.675992332610745,0.0507426551405396,0.630074275810201,0.058914607778872,0.659213347801391,0.066325160634234
1.44510364894851,0.0543513389456971,0.101076692370994,0.0248963723077945,0.894935502705344,0.0119603057951797,1,-0.00145132225623829,0.188079279683644,0.716051957575441,0.0715988559433369,0.763587762495435,0.0526868330245677,0.719129607956611,0.0521112309163378,0.678730301448477,0.0574581690562068,0.701902729421017,0.0659539450767095
1.39319436567702,0.0506256609975401,0.0582190790832342,0.0213534518722478,0.901321162823537,0.0105150858055673,1,0.150490582168376,0.186345687424605,0.673760404407403,0.0678206157616953,0.720111984537594,0.0537553197375356,0.70995011775058,0.0537805804086402,0.694535754197039,0.0535034443117413,0.710882876516294,0.057877011744191
1.32843987977739,0.0473346127185829,0.0289830631107878,0.017004187244107,0.897447749709099,0.0103629631322107,1,-0.0400360603308152,0.191009113654823,0.611441545826135,0.0720783982522349,0.619454048679437,0.0549552985132562,0.758800911085162,0.0473187663731902,0.604209135999175,0.0569687188336046,0.734873922413599,0.0623290911754852
1.40069037425078,0.0515401276463458,0.0836251315844107,0.0227020254130904,0.87472041288033,0.0140840073826021,1,-0.120305750687795,0.176120863000564,0.765494116256564,0.0631315245991413,0.647294818759243,0.0560973268724452,0.656562303389656,0.0547832966716063,0.702015931841901,0.0560951350987491,0.647162896214464,0.0642511861220932
1.37591464739813,0.052903886584257,0.128531406656612,0.0294232144633409,0.88418688865701,0.0153607575987826,1,-0.022846158137764,0.211104885325873,0.616505375572493,0.0778479704845096,0.730266879925899,0.0551772366001262,0.586145662628226,0.0513384351932947,0.65006549704197,0.0568300788826096,0.728507371996069,0.0598948153102979
1.36323081856542,0.0477617119426116,0.0753457849848794,0.0191932496903856,0.87333105037481,0.0136334271525062,1,0.301950432661144,0.180089291322767,0.62259984760645,0.0665491447281289,0.625069279744425,0.0555336203187602,0.652067787679794,0.0550335756912353,0.717556421840317,0.0557263098991064,0.607372738161117,0.06835098036831
1.32743510835022,0.0465959042374623,0.0260337602166155,0.0195047027571779,0.895226588065029,0.0116435468237054,1,-0.173155033201663,0.195199021207677,0.699548931018152,0.0664473418392477,0.721923299950189,0.0540210401951543,0.652598157303219,0.0495946275886284,0.556010096801093,0.0549729714920822,0.560150232372542,0.0652018563941615
1.42623277416093,0.0509110218688057,0.0629816589498213,0.0197713487329725,0.887043945628585,0.0123483672910436,1,0.138723332880637,0.178994105236954,0.684725279415249,0.0675323985768558,0.647259138971547,0.0573142146113867,0.722522660116191,0.0490484220528282,0.646190285175037,0.0572630175530999,0.659192992023289,0.0603673051711432
1.39163377004534,0.0547337604185593,0.0547712197552334,0.0212402538383892,0.904424128587232,0.0100992092172416,1,-0.188871914468139,0.195543664878751,0.731756835287589,0.0661171946588604,0.743835025174846,0.0555438625316704,0.687353243741806,0.0530692586422233,0.606773586569723,0.0596322331196466,0.674062744026289,0.0646971302190785
1.38449920084924,0.0500267450769597,0.0785371970070481,0.0197908336414404,0.873697746113419,0.0142077143243461,1,-0.00538803953856747,0.180293147044917,0.687622200666896,0.0692219387368086,0.678923418943735,0.0575597439062011,0.655070250840506,0.0503188116185702,0.71449048050692,0.0536359510036016,0.743926325128889,0.0572436104530801
1.40699980398922,0.0501848944384636,0.0422221055959932,0.0193037607139589,0.899244912388759,0.0106280014658625,1,0.115183492724924,0.190674816961744,0.693426076148158,0.0623819964693709,0.685945395636801,0.0540986462695014,0.721283699794767,0.0497642293797205,0.688400998611066,0.0547729320201103,0.72944671405523,0.0626318235434673
1.3211677265078,0.0478970895587881,0.0644532838797058,0.0195107530913513,0.872832189394116,0.0133437530687366,1,-0.0769017399254216,0.17559005987852,0.692176486000849,0.060463744576085,0.683292490974883,0.0496395350601135,0.573643356342408,0.0520379422457635,0.625576686853925,0.0535411090239493,0.70038714189612,0.0632855173163459
1.40191523525498,0.0501605145982405,0.0760697068785343,0.020494252999305,0.890757269034133,0.0119755211671064,1,-0.205085597729072,0.176161966736556,0.661019060549186,0.0675631156282665,0.711291558699491,0.0556358859766061,0.680068018723178,0.0517518649450659,0.728751950608907,0.053287507784713,0.667525763582989,0.063941062366205
1.40653344604844,0.0516160235277585,0.054410987518099,0.0194236154495958,0.899478800612508,0.0113997250792695,1,0.088815293525527,0.198741769723155,0.708096885632867,0.0634032657953839,0.665724245167323,0.0599652651235697,0.655035216385414,0.0555468552544407,0.681764156069062,0.0563884029373873,0.737416208412981,0.0629423250502065
1.33609872836697,0.0493336968214321,0.0411739437740933,0.0195605221081869,0.907039644024279,0.00962439512982817,1,-0.379635652754095,0.202532890232025,0.775621313482122,0.0662999640773663,0.745105623923273,0.0559208851327948,0.58938991476442,0.0553930315027885,0.568024796382977,0.0556969146467877,0.713475903521864,0.0580778337347996
1.45430566274831,0.0492420763930211,0.0488609963743226,0.0211012434069954,0.891485092775471,0.0121251689244755,1,0.13738602081868,0.189326051453076,0.72040042650883,0.0708133533785175,0.69077240824284,0.0574869503920717,0.659305159106068,0.0513481896179168,0.731760671207834,0.0500049349683992,0.717540702113005,0.0655518067236362
1.45666585101029,0.0545273961051079,0.0773683131256276,0.0222429140463577,0.890410929214004,0.0124140328089741,1,0.242234199433534,0.192328972135635,0.560735994538094,0.0763979435849331,0.736647063911354,0.0540632522010559,0.732917124311022,0.0512004719772546,0.714717411121219,0.053373212622604,0.779754863614453,0.0563655733384167
1.44381480856862,0.0560320322141757,0.081437245020453,0.0261552567206389,0.899578000327744,0.0121894452552389,1,0.066450788633522,0.198189888350498,0.695392959690602,0.0693490395051227,0.766386791783184,0.0538337355402426,0.737260946161468,0.0520305341740569,0.671709706482896,0.0555999706779675,0.640813146819881,0.0699580801033292
1.41971850525606,0.0501233479241467,0.0333608949352377,0.0173183993268237,0.898136311566916,0.0095284994830335,1,-0.089473748344763,0.189357888287607,0.80308070852915,0.0688878055889075,0.657815285186009,0.053414206331462,0.671673931242199,0.0518818772399988,0.715192809615504,0.051091170895519,0.725588179267175,0.060478408356168
1.40184939986525,0.0515146633929917,0.0701345936339498,0.0229913335119709,0.893832471227276,0.0113849490302478,2,-0.135698499636646,0.17628340919596,0.748881510700366,0.0615917214705574,0.69179743368158,0.0544703919297044,0.676463031698708,0.0527306505832541,0.706061550866285,0.0563385369278603,0.714568546007133,0.0624444222602524
1.45218934237049,0.0546117553818977,0.0953641846984674,0.0264074095498213,0.896980090858488,0.0117859676826819,1,-0.207233388174803,0.20459027536183,0.739058200230464,0.0709184590500553,0.692276628125173,0.0556942384996563,0.719942709842181,0.0559603149509679,0.705104062258487,0.0588266157473116,0.744849619311941,0.0641806398202115
1.45691346110433,0.0531298721991216,0.0342573827266639,0.0212971891456974,0.913851557641908,0.0086640660124824,1,0.127440441004435,0.193816964656033,0.661820630845853,0.0698621183999698,0.703502085113183,0.0546182913694893,0.715523745006971,0.0498387014185013,0.810913343887164,0.0524843549826624,0.713088607220298,0.0630574020359058
1.32215603984074,0.0479761875155663,0.0403742216081135,0.0190652104878745,0.89694862829992,0.0109541503536261,1,-0.159296317499743,0.185151126839849,0.582520410899026,0.0753881232618168,0.676313568106858,0.0547746780481061,0.642269312443594,0.050639215337434,0.651514305216734,0.0534486483372337,0.558165806458437,0.0611846675895926
1.39326852214598,0.0531315758636274,0.0664475715080491,0.0237821393749544,0.906304106375735,0.0104799260798869,1,-0.0390383302267536,0.186927642084665,0.657873550649994,0.0683293154475641,0.797668388713011,0.0548023687509825,0.65440667987801,0.0549215741293989,0.702634305627241,0.0547014797097735,0.672918229087044,0.0668095913351831
1.39943421386399,0.0514668657496643,0.0722885006178664,0.0226718976007539,0.90941307279779,0.010417704803294,1,0.127784641046767,0.197957797879383,0.69603872585762,0.0670289366057775,0.746438779848527,0.0601375453516858,0.626335140854611,0.0561602718969604,0.667077916129402,0.0544498924773991,0.73980688427602,0.0603653153703296
1.39661594309593,0.0505685822808928,0.0756954910754358,0.0237854014992898,0.896001651811258,0.0119220655708331,1,0.321763667898327,0.196048580776982,0.601521351755444,0.0713967807566183,0.629226160387289,0.0551879265156483,0.722361565323624,0.0510573742677848,0.694450062128885,0.0555759346864815,0.642906971523789,0.0662808610692151
1.33758423961583,0.0502963423282925,0.061028710220509,0.0213673104710133,0.882399965321181,0.0132089369138723,1,-0.0696153419681922,0.182997511211099,0.690167714817473,0.0682658725215699,0.666758406295449,0.0518558032009634,0.656009997742251,0.0511662038155623,0.616849869168927,0.0573946863774074,0.656573300886749,0.0657236730936889
1.41874640025546,0.0538389038235896,0.0219489965705109,0.0165868123679307,0.918902912359735,0.00803084465453455,1,-0.0126053725288625,0.207136517965072,0.769273776878852,0.0697047203961769,0.623707338904073,0.0537718017839692,0.654397429875855,0.0552528908451946,0.749657689416798,0.0553556857366431,0.718294532971847,0.0631694061820264
1.32708352876256,0.0499484042012747,0.0589301349281526,0.0223338209226456,0.891166650892597,0.0120514040055747,1,0.0670287456455403,0.187521840037455,0.530502732288126,0.0693088233081455,0.707923967943851,0.0525923296384308,0.683123226884392,0.052514461709431,0.733355563979164,0.0545105529608018,0.530417491809096,0.0692728364448469
1.36131421933576,0.0484378992538533,0.0635827896843413,0.0231897547052077,0.894657311675588,0.011699555227684,1,-0.0153600584183587,0.194310242597306,0.695187851231103,0.0686155909851661,0.742862015813388,0.0526507950519227,0.711757486991893,0.0515152708853401,0.689630173128144,0.0547011489014251,0.643165524177858,0.0631957257643197
1.38827211891833,0.0538201147410632,0.0960870176690231,0.0241487687940323,0.891684043973175,0.012460812314427,1,-0.0583753990906867,0.187206899103362,0.649856442042882,0.0674163726288757,0.703408293543346,0.0545544624587343,0.758874896289058,0.0554125289389174,0.640403816597591,0.0595811471322808,0.697709812599449,0.0631123606067303
1.50329915472555,0.0546159061548806,0.0912767236692392,0.0230748357964272,0.883556900429588,0.0135130747959334,1,0.14022426198549,0.190454733516072,0.778014502486187,0.0691122801492095,0.699600314807979,0.0569876067804123,0.666557955787812,0.0522251884353238,0.750495068031689,0.0540395480213575,0.747528369674277,0.0602971968977863
1.37083519216499,0.050357647328762,0.0528226079514575,0.0213093952923467,0.892178279245739,0.0117889388588034,1,-0.261083202003066,0.18473957100806,0.720313121119147,0.0657421625966397,0.665934590352994,0.0556837954881833,0.652596119217611,0.050303651130325,0.766996928317708,0.0537536740720093,0.661857574261399,0.0639604639271488
1.44362941097126,0.0508415829101989,0.0965573391687827,0.0279630287946684,0.888784449196963,0.0128093800379782,1,0.052729536595603,0.179148963236461,0.792785384300008,0.0599101674876589,0.620342193094309,0.0552850691463001,0.631547119473846,0.0536781716299917,0.716311982795654,0.0520009124060953,0.628087015864898,0.0636592950461826
1.40265121440289,0.0530477503409675,0.109041224035488,0.027929432502999,0.895912683114918,0.0106841108787722,1,-0.0999175267244558,0.189162784473987,0.768738731277323,0.0662603566938672,0.786278694782544,0.0540930332002697,0.696994974761153,0.0492738483717957,0.674534020258033,0.0598418168061809,0.702143634379983,0.0684609112024652
1.45797505873955,0.0500325567630942,0.0661868128446412,0.0223888090511523,0.902829562978435,0.0106734757209609,1,0.49901381679283,0.179063356504075,0.650920409229685,0.0657363392828024,0.690265941978854,0.0530439062026631,0.716577169504004,0.0504793845114079,0.690396727671881,0.0547836177662792,0.686824680144111,0.0614024710724857
1.36306059584569,0.0494774788758135,0.0659517944798557,0.0233353531391774,0.907424402055809,0.0106778099128433,1,-0.0809322570543122,0.19617502185375,0.653251306456809,0.0709907752701255,0.681689397803385,0.0546276498407137,0.640968739082085,0.0530867945428001,0.707630789477658,0.0524833968366838,0.697321742585664,0.0626403957251521
1.37441512003832,0.0497829643464469,0.0473029806637733,0.0208436073998356,0.904757395363169,0.00989769727065606,1,-0.19532721318287,0.194467882061034,0.790057535408925,0.0680103455896467,0.694211095821808,0.050687918153611,0.679132890823698,0.0489935450814374,0.821370319670486,0.0535847201358383,0.654429208835752,0.0635033478508976
1.33958778416731,0.0479050264596399,0.0526674628832259,0.0175909489698854,0.893235721678469,0.010844581099866,1,0.0229640695567347,0.174440835130951,0.610540787542952,0.0652226661065124,0.723743149114226,0.0510835663998666,0.656081922632323,0.0510976488758325,0.610326894055846,0.0546299459763771,0.651482042660173,0.0688691568367431
1.47843894286996,0.0572876632393092,0.0796352595644622,0.0244882478434446,0.896750990753474,0.0109729764749818,1,0.220036973720472,0.185241257551597,0.664409050905362,0.0656427242274892,0.799823121836033,0.0474088525826179,0.738719524939007,0.0522924826413039,0.610706524598321,0.0620209917245028,0.584169950462053,0.0704572068535789
1.31511882728275,0.0509105901313541,0.0759591388652666,0.0222936801765958,0.872802467880226,0.0145788228037175,1,-0.43981210901307,0.185445820907307,0.695040058243158,0.0667915527779263,0.675731375554896,0.0516254133323493,0.655336899688933,0.0508506229965691,0.623917011548794,0.0578924570549983,0.626499156775691,0.0639618005750927
1.33374780151042,0.0496304259496523,0.0571560603322735,0.021084077793003,0.899734846188026,0.011018308724908,1,-0.236463195199537,0.194528134236298,0.725013938874528,0.0691837922669591,0.602639652761092,0.0540402849176657,0.73199284636115,0.054078326380783,0.732534601826584,0.0523766768953428,0.632311974482434,0.0625530054740991
1.3454925312694,0.0449646292432165,0.0381827643817706,0.0184571215710775,0.899368963036944,0.00970228681284822,1,-0.146589110579935,0.183014599863187,0.671643787333864,0.0672286356437541,0.669963841905328,0.052228319031466,0.610144027303606,0.0504569245183649,0.695626491879678,0.049035014620079,0.633087549483057,0.060328510874125
1.42226986403237,0.0495381488731613,0.0550169153543922,0.017422105324415,0.888167487339514,0.0117878608476516,1,-0.148120661579948,0.183340786105418,0.769617745388118,0.0635082099254194,0.743007760135989,0.0535062242854901,0.70939032756693,0.0503417243169982,0.704242022099631,0.0559759458578574,0.649507547807089,0.0614309760744408
1.39345514318847,0.0490751508306442,0.0801158481338958,0.0240983095955161,0.882970566240343,0.0137802239766662,1,0.0517312259946352,0.183021127827908,0.609771452495996,0.069940545492382,0.685085366250841,0.0538668558036375,0.666940841559331,0.051190733491732,0.715322285959156,0.0526866220006486,0.603025373984526,0.0667208955697984
1.40092025198411,0.0492045667821209,0.0333419148814186,0.0186278854821047,0.895877313535021,0.0110230930319976,1,0.287092727120775,0.188115269173511,0.733392431065629,0.0639151022841504,0.658262763867016,0.0512325749279746,0.688223680891329,0.0500146302410848,0.71756672477652,0.0556294063023741,0.533124182633122,0.0717418110852136
1.45040329791976,0.052622248257563,0.0749386793100912,0.0228391440390696,0.896283153378725,0.0111214931849454,1,0.176883165412048,0.191310866342914,0.705268838327472,0.062773061914018,0.670090734796913,0.0572464355350813,0.72121969420675,0.0497786920182409,0.704949778307361,0.0554164767499663,0.671623679490848,0.0646920111316604
1.39583724720016,0.0534574352395927,0.0988277484933604,0.022198534755957,0.89520363701082,0.011708193562243,1,-0.279056450952638,0.193924165021861,0.655355536735891,0.0763534940862673,0.716213493518045,0.053639707874963,0.698857651945366,0.0487175519642681,0.741577969195597,0.0519788389044644,0.670204131008925,0.0660298009758124
1.36123273019167,0.0494079975519362,0.0655909506472369,0.022478795142248,0.903916634723522,0.0100075716538543,1,0.108313389846294,0.182631432328335,0.6455351242546,0.0634276268806381,0.696379762216854,0.0521898207002476,0.732260346276408,0.0505106323323746,0.687943291545043,0.0540810279990838,0.728230803234408,0.0612417636664495
1.40324165820306,0.0464201477232359,0.0391232329259845,0.0178706729399175,0.90763491331557,0.00971526233199727,1,-0.0365618090480906,0.196106794702887,0.695228622341084,0.0680770008211094,0.728022986125431,0.0542618586845379,0.652697545569806,0.0567229429002682,0.687742467753973,0.0527411869369697,0.666140632194325,0.0553240857146887
1.39735658603782,0.0525108884951753,0.070324854954099,0.0220071380404431,0.908397805639527,0.00933190483847012,1,-0.187012160216607,0.188202917742105,0.769831662161495,0.064672209662701,0.735585442093817,0.0507078016722008,0.733373870540186,0.0496281313520908,0.642472200145211,0.0565681501123628,0.701162094670066,0.0677044557265909
1.39380116529337,0.051493075354014,0.0755308753196582,0.0219346284902372,0.90088712796118,0.0104211506306192,1,-0.466055106652549,0.188635489109346,0.747284253559272,0.0705150846260801,0.79068636731935,0.0486114442003769,0.712367054839476,0.0518417650181923,0.703152736896656,0.0564118255994655,0.686133731774624,0.0674017623717957
1.30721693500844,0.0511487716615208,0.0499427200080254,0.0202357806203681,0.89788820811471,0.0110381095085341,1,-0.558957634323936,0.190279079290987,0.728561976986276,0.0671826664986658,0.663608406007584,0.0573994773681894,0.630717351884047,0.0532372074800947,0.583551334112514,0.0542990146741452,0.765539848826608,0.060735370914608
1.46689435800459,0.0523408905629571,0.0982956801049148,0.0280783011352487,0.883249042808372,0.0141158168795187,1,0.115146304858073,0.17906889663893,0.698378952377399,0.0653108140541809,0.701853679567538,0.052148807776278,0.740057840316089,0.048722323489506,0.737335360198085,0.0580429217352872,0.675033259927262,0.071207946090583
1.34733166850884,0.0481364726732944,0.00438206412059315,0.0154181744904667,0.915737644228801,0.00800038770676131,1,-0.0231834670214735,0.194957839981374,0.688990779446014,0.0661307129419077,0.674030698584451,0.0542575777177799,0.721192924876353,0.0510385473748833,0.538793196598906,0.060681143810447,0.723439001167583,0.0556278347139396
1.45450041359141,0.0521060374970109,0.0619301412319679,0.0207953659554556,0.897379628497716,0.0106474958263856,1,0.16951581732234,0.187610637777757,0.608290747517892,0.0695256457656607,0.767703062085357,0.0565913854654875,0.66489629380911,0.0541717394288614,0.778046408303033,0.0543634639877753,0.691043940600568,0.0603473638626392
1.43858728466648,0.0470019115255024,0.0515467082146981,0.0202619248633049,0.894253552777575,0.0107459432975561,1,0.00675778381020031,0.18269855276252,0.709605724348163,0.0678235550875896,0.63283941339391,0.0535979305278458,0.736128335554633,0.0469067600869685,0.758506916346275,0.0516381561166628,0.742961457401695,0.0557359682587692
1.36220057081278,0.0527936893371121,0.0941163903399594,0.0258807829278759,0.884633323796268,0.0134263744449761,1,0.196201978985737,0.180969593835909,0.684344509732703,0.0613652821326172,0.633261519964252,0.0562853614735915,0.682594209536192,0.0509018826981804,0.607556661822494,0.05555386939341,0.638388588275247,0.0708475547413856
1.44319158718943,0.0533460878394307,0.0586560256938843,0.0247927046431128,0.908568231590202,0.00990131916939632,1,-0.0385689565427927,0.212110025249243,0.724111300349709,0.0707509919114364,0.717657309923484,0.0558233519833152,0.697271327148846,0.0498279058687599,0.723166083138675,0.0556469180166782,0.627360680626985,0.0642965479961662
1.37532196818593,0.0482656155033344,1.40666447679806e-11,0.00752268165059597,0.918915980973834,0.007192623389322,1,-0.166706271297135,0.198054214435683,0.638619571154436,0.0755867682834713,0.709210984092472,0.0585806292206388,0.727466962984762,0.0489153448650444,0.715369813787665,0.0536944307351538,0.644351580923261,0.0623141706591713
1.38432544760166,0.0514220201870966,0.0574221155909471,0.0228767490486448,0.916359651573463,0.0088384397961958,1,-0.22755010267971,0.221657766735673,0.768315743250022,0.0757624234860624,0.732889320792008,0.0543912917288655,0.686377377744734,0.0482421745070843,0.596182409620446,0.055807751796828,0.712973944577963,0.06300780395294
1.38809403197768,0.0536919241363431,0.115382484677047,0.0270991088774231,0.883402556186127,0.0135905666542766,1,-0.37408741485785,0.18892432134797,0.71072992270673,0.0733522294639807,0.739300907335112,0.0514506399968265,0.786419132594469,0.0463291293823674,0.691796253145066,0.0548799245962171,0.641890534774195,0.0667242452535063
1.39440141889337,0.0511603155483871,0.0685530770417259,0.02263439066124,0.903949064765025,0.010032294135238,1,-0.180617443613737,0.194529904418083,0.726485516971771,0.0738118392089758,0.755909458608162,0.0522526555569779,0.59015482869284,0.05718659657295,0.680739235918358,0.0518530675182994,0.79582371767956,0.0631549232689337
1.4524201141429,0.0537964179065772,0.0878871679495634,0.0251572417233041,0.885759923545845,0.0136056498768873,1,0.170194654230344,0.190220957575266,0.7881769532615,0.066438563899337,0.681965614945235,0.0541126184090432,0.67708729214201,0.0500783651039024,0.670161316299677,0.0620439058760217,0.646536931359219,0.0707441979305676
1.35665209754686,0.0503181852122441,0.051802461515883,0.0186669769115921,0.896053002608434,0.0109520993240274,1,-0.28159657610756,0.18797625347349,0.721129447398333,0.0662069498687709,0.636841010285019,0.0547991244890418,0.679498014995997,0.0500354327321175,0.823594026010888,0.0485903838184767,0.568300353265625,0.0663486056447933
1.41024515532504,0.0494883926074322,0.0599731198041805,0.0230123289133488,0.899187332129701,0.0115050756994412,1,0.0901342375377787,0.194648901888218,0.697044716710935,0.0710177543135868,0.656933860271943,0.058677778757438,0.680193952987716,0.0493515643114089,0.712568053053501,0.0556098891272019,0.641905331047394,0.0615461710666272
1.4222722793249,0.0504455941408816,0.0597762782884831,0.0199892353995449,0.902790956662943,0.0106401925162453,1,0.387177699719577,0.192667309920116,0.559344308984758,0.0743961891625245,0.659460289358016,0.0612244395612392,0.698286968639875,0.0550348254572942,0.75458576123666,0.0508583219886464,0.763004620792829,0.0575507629985582
1.42627587353087,0.0544143635590633,0.0736851175243524,0.0254284826333084,0.901695538113904,0.0113028777288888,1,0.199212210078017,0.197025124400726,0.608904941182929,0.0705578532636893,0.736178231388893,0.0534955219060046,0.72813464627096,0.048464991825677,0.749364996736281,0.0553066092841554,0.66236942444751,0.0687554104822689
1.40847455851622,0.0521523386287347,0.0664575167504406,0.0225898997870141,0.911395085233022,0.00877506403237661,1,0.0349276630956659,0.198574211310438,0.72798689160287,0.0657634488935512,0.631354124239225,0.0538105136932283,0.693027602495338,0.0529612818374842,0.685444774880366,0.0568590023993758,0.706028268514438,0.0608810862838721
1.44971431541146,0.0531205188911223,0.0671136646336265,0.0219156552987899,0.888627346784967,0.011724047095942,1,0.320877351520361,0.189650720504694,0.528914068483786,0.0698119661336347,0.695544102560596,0.0563897435893077,0.734590391375954,0.0520389133002992,0.661748053280946,0.0582702854529834,0.680418291052903,0.0598657860148849
1.37828620970343,0.0512219157708276,0.0750827845301651,0.0223052821336471,0.866825121385913,0.0153279866964858,1,0.296726206195268,0.176422579594155,0.663884956105962,0.0693523422645413,0.602005486558909,0.0590853722995085,0.687567737444648,0.0516243161558197,0.646878002965032,0.0606102579146228,0.662378262050645,0.0610754429688844
1.34975387151837,0.0479747856403273,0.0727401231000896,0.02328459365902,0.886977173361991,0.0124452693138949,1,-0.179269826119846,0.19039601634212,0.785868059014086,0.0662292630522707,0.634913649536172,0.0549550313370093,0.619962199366727,0.0536820472173098,0.650872524567686,0.0534018600647716,0.719517392102785,0.0652656117374964
1.39738814216778,0.0496054090748616,0.0569873010732518,0.0238641589818002,0.91285612786616,0.00920120491425037,1,-0.36160018646482,0.202784414457708,0.802126845735012,0.0662910418306675,0.685580109994192,0.0539693741556716,0.73523968843022,0.0503689278004354,0.69656757263929,0.0512695801294191,0.68055017151019,0.0616874963073473
1.42101677524193,0.0515706683054703,0.0432947825867813,0.0211565410626432,0.899410928348957,0.0114831657654943,1,-0.0550593527679555,0.198291732983009,0.796248645904092,0.0640502563001339,0.687555236229294,0.0549027689791948,0.640889678587085,0.0542575048349341,0.66852830174791,0.0564664274029028,0.615953290889187,0.0642959362098592
1.40291635770029,0.0491919453951623,0.079916550541877,0.0237087574979358,0.896350979174266,0.0111910539591363,1,0.0801843758837476,0.189724444270217,0.615145793868553,0.0705883399472791,0.744997601283724,0.0493477451379151,0.738577616554147,0.0518552605348783,0.728358588072542,0.0547593458658069,0.682430923689216,0.0620647859868273
1.36522427221184,0.047514560716822,0.0630567408412369,0.0214762357397854,0.87317129599918,0.0147724781546114,1,-0.0234691980578903,0.181541943382711,0.658775544647487,0.0671966577248798,0.751448914333265,0.0491885567698905,0.690653594920497,0.0518165496127186,0.705036528038819,0.0558772075275897,0.557509343254013,0.0627036413528429
NA,NA,NA,NA,NA,NA,99,NA,NA,NA,NA,NA,NA,NA,NA,NA,NA,NA,NA
1.4497808750944,0.0554312710965984,0.0873631759545029,0.0254318968631587,0.896397485901466,0.0118032269398636,1,0.322130522702153,0.19901051256901,0.729203217833413,0.0620556189652084,0.706024521143089,0.0544100121170224,0.668407835700294,0.0547730514869198,0.690560467635725,0.0558863631571111,0.739989539254519,0.0633623077421719
1.38224537928537,0.0468488800902375,0.0515703584572193,0.0194730068670857,0.898173889667387,0.00993764620375529,1,0.143573491634892,0.184055175884607,0.593599715330273,0.0735317205799687,0.686585694289389,0.0530099411585103,0.729507381124998,0.0481179911646652,0.610018599424592,0.0522313871118342,0.731363635535657,0.0601279292248443
1.38568830386311,0.0537602383478153,0.0835381860002008,0.0228568848288956,0.882343516275445,0.0128343122526332,1,-0.128397196872831,0.191553147789165,0.732199627353373,0.0665173731392008,0.619576849474922,0.05877649694363,0.712007583307277,0.0529242698772072,0.62986405610253,0.0575780337115044,0.774953448812655,0.0609549852070464
1.38081811389598,0.052436508855473,0.0375934354082953,0.0194844558687704,0.909723523876237,0.0090244291573075,1,-0.11576690885918,0.186373138335407,0.686615836267411,0.0641474026267452,0.641468628784815,0.0505165861980531,0.675749675993766,0.0535375766152035,0.717072199855804,0.0573654794575376,0.743034032761029,0.0597181226605519
1.36347138918776,0.049177574775189,0.0355584852374409,0.0206507518183655,0.917163421992139,0.00863993614955578,1,-0.125993697384319,0.196418905390058,0.724125962032082,0.069444139156095,0.666612294351874,0.0550245128127062,0.625026469168998,0.0550786706071895,0.709238258704896,0.0493565670394598,0.701581170867768,0.0589359910512686
1.31861762098616,0.0481465139181034,0.0443892690498416,0.020610730951192,0.902513089533764,0.0102019050921303,1,0.122248976249172,0.187513634496513,0.593060117487627,0.0661040952725803,0.662726344942376,0.0531664557843778,0.673855716656349,0.0499497572162048,0.660523489195346,0.0541189657811014,0.608319280883293,0.061229844407753
1.39129966615797,0.0527373122365659,0.0601117308033877,0.0249120188071731,0.909068833091985,0.0104035994052873,1,-0.220069730367791,0.2010040356208,0.709309046060509,0.0637582205818268,0.730597680349543,0.0529486597741946,0.637731385049364,0.0578603782911107,0.690257954236597,0.0589073528874915,0.719958114717199,0.0658137295338163
1.37134237218048,0.0514387030761732,0.0565559816382944,0.0212881886045098,0.910474361760108,0.0092653934671081,2,-0.209251886084353,0.189177693350217,0.749845787621753,0.0633881370051387,0.641289331671938,0.0541287778205371,0.701876186836094,0.054173550653815,0.638111561670155,0.056676859037554,0.707545995286344,0.0644112228406404
1.37798756789453,0.0519757473417038,0.05211447332919,0.0178730283176743,0.889835423819426,0.0119652693199576,1,-0.0228544853177647,0.186910613303632,0.67641524659683,0.068666410692153,0.676325499964366,0.055337730394726,0.686721967006997,0.0515947422806662,0.714721542601317,0.0529833803981933,0.744110307347326,0.0650990796509996
1.45693676070079,0.0507042940377147,0.106243563105775,0.0281877269123698,0.901866322905062,0.0105712500597204,1,0.012223912813701,0.191274202786023,0.630179325562368,0.0754062684664335,0.802154802194946,0.0509115448474247,0.734427499671696,0.0488547152978323,0.632505397729577,0.0567486957925809,0.642108050491826,0.0632084253262696
1.45165205990633,0.0532357626189885,0.0525264533766105,0.0206435339955431,0.900447953933168,0.0110468235312202,1,0.251605365376824,0.200402480298373,0.780781966369347,0.0672905633387776,0.644153062364889,0.0556463085759426,0.734838435496345,0.0525974848607854,0.623151047387762,0.0553828921984609,0.679969346719595,0.0595236353244967
1.39641912457657,0.0519303497141386,0.0552935158976662,0.0203780911588459,0.887513058148552,0.0124637383481412,1,-0.279332843901698,0.19029310294381,0.743914327604873,0.0705087797561448,0.707765637191498,0.0528787481205802,0.744831335013767,0.0521301079699298,0.624751004150013,0.0553076679511128,0.688144551690267,0.0633560076681581
1.40271428879195,0.0538260629638996,0.0888175391057258,0.0249932649377328,0.88913380542186,0.0132102066858501,1,0.0145254561250619,0.182396316365035,0.664853093521361,0.0668475728691693,0.75070697788143,0.0543857526198342,0.708160324017936,0.053312034658412,0.674227480126911,0.0556509588938574,0.690307958221853,0.0687300179553039
1.35851474090647,0.0470416137104535,0.0292640684611709,0.0175781395443985,0.888588830902207,0.0109396028148662,1,-0.0077580958009339,0.183880084003093,0.592508058886673,0.0720866743539437,0.608225623838366,0.0602010055084913,0.697743826232477,0.0510672898829613,0.654894663301952,0.0498313188362257,0.681975394055428,0.0586057098726478
1.33951817916058,0.0476265087715456,0.00883522893049026,0.0172297329439911,0.906726122181869,0.00883402299807553,1,-0.122682517805767,0.185281299532279,0.702579000182681,0.0607818624174457,0.646916670128164,0.0575249083506095,0.667592651164262,0.0523204806468126,0.670873120455235,0.050643210267568,0.665678729229601,0.0579554530167631
1.38039507906664,0.0509362058691221,0.0573573482340975,0.0241510535455723,0.901335775593428,0.0111275706942204,1,-0.0283751268312141,0.199800975586132,0.704721673612795,0.066585664684789,0.697461076492831,0.0569865701344714,0.626379728958056,0.0521596377057165,0.652897357372369,0.0553643973267274,0.726034913467961,0.0591430547914893
1.44156573097524,0.0508402844980428,0.0562311248887868,0.0234545422053789,0.907903490573656,0.00970365554569829,1,0.175600379701879,0.1987624644595,0.685798543873802,0.0721981136930964,0.681281931671179,0.0552179841310892,0.682430219931143,0.0519681153210527,0.741403070190344,0.0530803918118537,0.645898503850218,0.0685103953752203
1.39715066942123,0.0507915547162949,0.0862929851224635,0.0243427529903793,0.887796732843062,0.0126610720291883,1,-0.120135978602564,0.188400515084154,0.651440832175895,0.0675547931249809,0.690489972554703,0.0559698603549984,0.659396437433404,0.0503111674256345,0.754511077688931,0.050747983512146,0.750062816883925,0.0609819136002118
1.4185463372265,0.0517157428774862,0.105490881822929,0.0224104642265626,0.890438237470462,0.012929081878698,1,-0.145598391934761,0.207309561411045,0.786241939243594,0.0673718617988132,0.689785001955827,0.0576612396132798,0.649400225875456,0.0519402053757222,0.750491270274553,0.0526524603660595,0.787087916252385,0.0560649452230476
1.44200579978215,0.0542211984312488,0.0731270485718593,0.0232941951972988,0.904220829858937,0.0103827255021612,1,0.0647856990602077,0.193799084072685,0.725451501251853,0.0693719869267761,0.73433342792271,0.0544854345655428,0.728646484017158,0.0531102790768388,0.712098443355728,0.054829523301847,0.551832008945902,0.0700888719901309
1.42235562497155,0.0571929309656521,0.0969857479420582,0.0257181636556667,0.89953489682664,0.0112491141141507,1,0.104404988520904,0.191501878299417,0.61411987609551,0.0729064691236363,0.778457957533504,0.051513318030588,0.724459181171801,0.0517964742490599,0.755774642709705,0.0551457389492642,0.67426838981914,0.0680453751516011
1.44525544794235,0.0528000440483744,0.0814570960528846,0.0245251944587698,0.898848759709332,0.0112898399033289,1,0.0404453040288678,0.194315884226816,0.79605645927881,0.0641006318177811,0.698225431254672,0.0531595222469978,0.669916778659217,0.0504083906252549,0.670759098441359,0.0550718338212033,0.765263363553483,0.0620071679551092
1.33997298824785,0.0500772027337244,0.0510140769939984,0.0207597449532129,0.908861917119895,0.00924401990862515,1,-0.0374383774409623,0.192740239876996,0.645186495825177,0.0660626965008491,0.678244597193324,0.0557669115887627,0.714336411371083,0.0527396657126434,0.687784192848863,0.0540194947258396,0.720317786979848,0.0594353875990069
1.44708402082518,0.0476359076199855,0.0341496579172304,0.0194390512135533,0.908940883000331,0.00863655333714863,1,0.152909865369494,0.188582460253278,0.702387313530836,0.0654022268099965,0.710624818700908,0.0519703086574245,0.745885813762658,0.0521335105313296,0.704062435065297,0.0580979337261969,0.807434692401109,0.0588897389841955
1.30018710172531,0.0469482896098489,0.0618713858934459,0.0196468442027362,0.886605902471658,0.0118534224460259,1,-0.0491287364058511,0.173195583749921,0.657245382693903,0.0641504256034957,0.534322404583353,0.054664636820333,0.616656473332206,0.0501282432364076,0.642516855156888,0.0581843382988914,0.689945986260776,0.064426673161087
1.46189461413357,0.0542449441064243,0.0358639717204871,0.0152888646339793,0.908901142224303,0.0087008516334742,1,0.02125365392686,0.191314228839439,0.784952154152264,0.0663245943199846,0.744809108946575,0.0580278760760828,0.839481635402349,0.052387487766907,0.557225897566068,0.0566110033948392,0.676673829186183,0.0653527217781404
1.39539786484819,0.0498402602947119,0.070845041485172,0.0192914606151709,0.884383331721562,0.0133795592904805,1,-0.0183058141426532,0.182789691396746,0.72273864298318,0.0649486993077783,0.708999736778312,0.0574584891176263,0.667346216125888,0.05039690703843,0.709654903004559,0.0548643049946037,0.661245182440274,0.0610026220215436
1.39391667543711,0.0521009781515642,0.0601603529385719,0.021713662299458,0.907047501800394,0.00978879305272765,1,0.0349404485309682,0.20641111952262,0.675012250376477,0.068600972558134,0.692776700770839,0.0573183283673553,0.689921879044418,0.0548254997597038,0.640993015805138,0.0535115859237919,0.742559718652571,0.0571737166655572
1.3844129527266,0.0491412441545743,0.0505866930008628,0.0218965509816204,0.906734815316745,0.0101708899886069,1,0.0557794971758273,0.193392037384726,0.722982909284076,0.0643549131657698,0.607446547805264,0.0571252242996655,0.725783113276709,0.052040029754367,0.608179539278768,0.0550454077992197,0.6820820994981,0.064393847139279
1.30278680306963,0.0459223963099128,0.0744142441947721,0.0203199803848587,0.865482587739369,0.0147598356352801,1,-0.202032731133242,0.17436730353144,0.659345851690621,0.0681192987150578,0.640467748834746,0.0550750444174619,0.622828627911792,0.054041359373185,0.674208443819019,0.0516055651758766,0.722992162641458,0.0606283903449022
1.40838917306143,0.0504339135823807,0.102091562739779,0.0267841800240723,0.899305685107031,0.0112486879684821,1,0.146509448789832,0.191439342453402,0.649527221287789,0.0757825973594957,0.685478365445134,0.0563561966253118,0.676590118347319,0.0493184832097018,0.700055339913706,0.051267657100385,0.691164644992669,0.0659817052391554
1.41774682234503,0.0523771544077676,0.0409468927579425,0.0168872414877843,0.907189011849077,0.00944220165492927,1,0.110353026771513,0.203446115557241,0.540445893745776,0.0819177966104018,0.706992526398789,0.0593078428553606,0.836486453214263,0.0517575477678615,0.714967129248907,0.0542696158307592,0.657524855810439,0.0628636310956679
1.43330533434788,0.049519395513778,0.046825602594028,0.0176307889046042,0.89159561573853,0.0110609967679542,1,0.0239894005269957,0.189054070239282,0.751739987265603,0.0636250448549711,0.709643054589961,0.0543388986800975,0.668638716974437,0.0528214623496197,0.675796456850338,0.0563319800812849,0.689498648949123,0.0595177503627613
1.39056248442232,0.0467762133956137,0.0609057682935559,0.0210017763202561,0.888093147195218,0.011663620160477,1,0.264652499656173,0.182971189807205,0.600417447060957,0.0679665771189486,0.73621459617481,0.05049978176005,0.635298567392197,0.052031973338396,0.648880453034978,0.0553392770760073,0.699688128763875,0.0624717492628733
1.40918992640575,0.0551797307405055,0.0629378497306199,0.0228553161766698,0.914011177813186,0.00934281693492196,1,-0.0256316051150162,0.20526357622453,0.690259191611409,0.0724556229930936,0.616343466479499,0.0630965364231922,0.710241969352343,0.0528332536724472,0.79263853609069,0.053253681121557,0.795842101715289,0.057825241725655
1.34277302224199,0.0480104509904878,0.0662412141344746,0.0226037865602204,0.887865863961557,0.0123353985821694,1,0.148543742375457,0.182193236413763,0.593844100780157,0.0735591083063894,0.711516110422965,0.0510159083058004,0.641505614262574,0.049979941150329,0.690269464131643,0.0555958962855733,0.691282467410341,0.0626382851762734
1.38919447970156,0.0493267518586484,0.0399676345681334,0.0179551181883465,0.902344038875388,0.0101408747377748,1,-0.232584954555396,0.185180123208424,0.703167690252216,0.0683331795619162,0.709972665599231,0.052604188047229,0.734389518709119,0.0510054445625855,0.718198881154015,0.0572428253445156,0.612094495144427,0.0622054500895468
1.40467580349,0.0461260187315876,0.0617755188310749,0.0184397194406126,0.876284445989651,0.0139597160671965,1,0.113169110612003,0.179275952468816,0.658489786793929,0.0678526165951015,0.631508212008368,0.0567541084580362,0.69571057071964,0.0518384761927929,0.681722941974611,0.0489022763794805,0.709445902993472,0.0598988585315977
1.45826705489504,0.0534312199832269,0.0435665927737041,0.0200458653615745,0.902815722855942,0.0101650612653554,1,0.108754290440109,0.196218372256226,0.766653633561967,0.0641543140188197,0.702983353939935,0.057261109331721,0.694874942518417,0.0557985820041622,0.598793236141813,0.0604231101288858,0.715425438999738,0.0625092123820248
1.38338926203118,0.0498716689559491,0.0667552726974169,0.0203237342761321,0.893132650480913,0.011886994157038,1,0.251906138826008,0.189504035704626,0.638387837405275,0.0708649097467177,0.628889205373379,0.0582638814613888,0.662279686013604,0.0509280576921161,0.701642072566063,0.053997081432185,0.785944269171167,0.0530014393019805
1.46857924028877,0.0488039848260647,0.0397817700195656,0.0188277368212761,0.909109786012962,0.00907120773674175,1,0.213657730502377,0.186740817171907,0.774928818044027,0.0629640723637045,0.675888991874973,0.0533862358344896,0.654928965089195,0.0515478837485288,0.753167868696127,0.0535156448388254,0.690267939275084,0.066680785533338
1.40367735866934,0.0507712905608265,0.0943100090054894,0.0253304045319459,0.891059865259583,0.0124858241659862,1,0.0592364957602753,0.187077864324921,0.701720843381785,0.0696762028169004,0.700562355327446,0.0558725811084945,0.62348524800626,0.0508008785368219,0.696676304891584,0.052017274138823,0.732274455302831,0.0589968515060892
1.36361512681949,0.0482855105219651,0.0473692379396931,0.019527188439022,0.892448161190308,0.0108322918040277,1,-0.103046349454445,0.179531236504498,0.663837607168414,0.0663781384262245,0.711595471207987,0.0493177389794231,0.719616076346655,0.049037657413979,0.625463011196362,0.0583895510601272,0.642936987575009,0.0588441641834986
1.32967544738977,0.0482641846171317,0.0301922051129906,0.0175093859142878,0.907183190859866,0.00938341141922916,1,0.0211011791037789,0.190655688808533,0.704583562121059,0.0645597224231898,0.568854020559232,0.0578414732120984,0.681184369046588,0.0510119666733065,0.66532161957197,0.052300200870139,0.692998650371181,0.0542199937735237
1.38628481051392,0.0500400411596832,0.0258772748151196,0.0167447506644399,0.886067278499389,0.0121290665764729,1,0.168711274108383,0.182289278602351,0.67425099522067,0.0623785486372821,0.626834406220573,0.0521683237926661,0.658225566382427,0.0548862697428463,0.706585368222375,0.0553655159779673,0.630213233327546,0.0696926904786457
1.42535935982279,0.0498031755345063,0.0692169818347566,0.0213226348148939,0.894797155739519,0.0111662423645163,1,-0.0229713893692502,0.180035179169811,0.710155533912165,0.0654976396473304,0.729156830166086,0.0505902411706851,0.692197936615467,0.053723332832798,0.712418957359059,0.058668252265018,0.699622139007301,0.0621093335340082
1.36785583719424,0.0489751332132471,0.0345537629754629,0.0202238590158155,0.914095912969007,0.00835201817404058,1,-0.345208820547362,0.20172148176586,0.793708767538025,0.0629612085492325,0.63436713292137,0.0593088415584437,0.771889238957622,0.0488605595868731,0.665136910462839,0.0554138696285725,0.714180945722412,0.0654238339135201
1.36446865029938,0.0440597225754088,0.0570926208937008,0.0184542682375958,0.890907657376609,0.00964571216768135,1,0.0029946501506359,0.172679486306991,0.663632312258703,0.0663425269300569,0.614095558601263,0.0529532031092499,0.721027489242093,0.0482225759391869,0.673841873774411,0.0497622332139391,0.730535582713003,0.0599170606163365
1.4045779418323,0.0494754198146205,0.0450190908823424,0.0198325521718658,0.894453570197366,0.0110588258485566,1,0.225972539769306,0.186601073225995,0.643833761394681,0.0684718984744034,0.573210043547426,0.0627325657090653,0.619951391475962,0.0560194759257562,0.717259681461205,0.0470304892546661,0.719348874571341,0.0615309698570852
1.47359244645344,0.0559604173250715,0.0631187182380716,0.0245808754906095,0.912301520339011,0.00994424414712821,1,0.124409055252241,0.188904902582376,0.714063764053682,0.067392303927215,0.761193404952613,0.0534797271475018,0.69045086068482,0.0543919289884512,0.780117386030286,0.0547913137886926,0.623500875830867,0.0637194025383022
1.41463589426505,0.050378749269591,0.0607741258686388,0.0196643117994784,0.894160864847053,0.0113305051361265,1,-0.219146319403431,0.18784917900996,0.814496573076595,0.064020971814096,0.679954171143632,0.0606223740330004,0.752930370355465,0.049505474162181,0.698659701711858,0.0518495875060821,0.741980248165378,0.0582889566742754
1.39053349630994,0.0489643738850847,0.0912050538842598,0.0250194650462676,0.89874048723296,0.0106172042515006,1,-0.0832247225031249,0.177920150153204,0.685122582800216,0.0670137097315562,0.612986805941633,0.0562074512431595,0.787349306912453,0.0481310866287275,0.797860105761319,0.0501654583598198,0.544273542769895,0.071209547408945
1.36670624695247,0.046145896919107,0.0185296831376472,0.0179159001793104,0.908174309260883,0.00876595301210102,1,-0.129769442280169,0.179037431430194,0.710148354525867,0.0585883895844567,0.651767680900984,0.0561962720860193,0.793784346522059,0.0445918599614482,0.683045860798297,0.053735447790129,0.688426893553347,0.0640232523852011
1.32502742386446,0.0464408237858176,0.0177246158407114,0.0178480848576943,0.907300790814679,0.00906889914080705,1,-0.11610641090504,0.194764841278498,0.743842206920551,0.0636343311497993,0.605331179625616,0.0582235301225895,0.710809377662075,0.0491529021427096,0.682944394081209,0.0544825242914884,0.573500188782448,0.0663203459854405
1.3430100363063,0.0503889261135702,0.0694585685072405,0.0193441668168053,0.88049991140194,0.01268063053219,1,-0.335910443651022,0.192469515535092,0.707495888674889,0.0748504959926315,0.642304062418249,0.0603571311767189,0.656136120917173,0.0508932478972324,0.688269508847222,0.0516158697227803,0.580649119601576,0.062494907674981
1.38119971920391,0.049552742059148,0.0725692555920577,0.0193155561012785,0.884438435269441,0.0128490161595043,1,-0.102525502499338,0.172161580141936,0.711421088681658,0.062949795461957,0.591748044098085,0.0596665793689852,0.800266740352709,0.0473428522561604,0.719956530807758,0.0515719968335409,0.676917729757624,0.0593898078841863
NA,NA,NA,NA,NA,NA,99,NA,NA,NA,NA,NA,NA,NA,NA,NA,NA,NA,NA
1.34037366445612,0.0479270731586057,0.0253132791742356,0.0135099130482826,0.906664682233547,0.00883905767216298,1,-0.194656424618036,0.183511237742614,0.727437090339686,0.0641216801673433,0.647645128144474,0.0530081668607877,0.594169894003422,0.0530629151447804,0.825238993703882,0.0535600858297107,0.569398924251759,0.0674304918419862
1.3220399301899,0.0495708816558688,0.0318303177195682,0.0171720732833392,0.911143303624858,0.00888880895066829,1,-0.623282510298899,0.193989975240818,0.791817093460219,0.0672244694068208,0.759610054770163,0.0534553517129111,0.610054879956619,0.0525015492835041,0.739760255491851,0.0508416839285066,0.648626855929718,0.0622717248240282
1.46631039404078,0.0552434735757998,0.135254494910291,0.0299494771973233,0.875487730646966,0.0161395384982492,1,-0.133189517047775,0.185320427940507,0.753478630361445,0.0648361601781886,0.640587002981823,0.0557088733334164,0.662065591621271,0.0546761554314526,0.785590333168173,0.0593228377667183,0.761186224862589,0.0609864366362961
1.45665327168173,0.052296760991798,0.048883779251428,0.0206020926781913,0.893081195979226,0.0110132754552478,1,0.156825442603251,0.177575736575197,0.632844319268872,0.0682800867873714,0.740132983751279,0.0497671660452246,0.740642805212946,0.0508881908809272,0.62074591448474,0.0578360094844462,0.657312221160726,0.0614428079628264
1.39205531569596,0.0538295460388622,0.049345926828675,0.0224754103983289,0.921375618284145,0.00849466826716252,1,-0.103369318238912,0.200600155437089,0.567550250044047,0.0766686940099987,0.768886140048452,0.0562706682820769,0.700459216208529,0.0511694640674122,0.739437044450074,0.0521927999220892,0.661149243651729,0.0676390267222688
1.34583020085221,0.0491654792175099,0.0640170987097619,0.021668433095182,0.886506589406053,0.0127905373543121,1,0.151304940736687,0.184254026018792,0.50073177503164,0.0708861529934573,0.689978580170033,0.0513332901129295,0.707886684688907,0.0519672101798955,0.682678604668646,0.0544528538975948,0.617865224250642,0.0648402133145101
1.30991904922391,0.0498267925809973,0.0537561770077721,0.0204770468292572,0.878774726366701,0.0126525899573088,1,-0.0717606960412711,0.182205713623271,0.625682351126296,0.0704565120689324,0.628533020751711,0.058291507303908,0.631526861063715,0.0524059994764182,0.625692206059767,0.0557411160446295,0.731189535054599,0.0681285709769267
1.45217813317147,0.0536637488768096,0.0806979475641306,0.0239315664710377,0.910343648704688,0.00946876810273276,1,-0.0349250835801612,0.193034010657811,0.731194155726995,0.0696934946174316,0.69268829239358,0.0560538391862442,0.699318100861052,0.051392994238826,0.705122595333002,0.0589899449311074,0.822958072886066,0.0543570505659242
1.44799138632725,0.0549681265771735,0.0804495925402604,0.0223907175691491,0.902926592533642,0.0105126312150281,1,-0.0891014836098888,0.199977409835267,0.668779204437273,0.0743038272410893,0.741967675883095,0.0520860267110147,0.74328621519972,0.0520110727615961,0.675721510373517,0.0570357337833866,0.72056194504051,0.0627585376815591
1.39331055123821,0.0516628536543909,0.0643795211564428,0.0218857826404858,0.904541066030979,0.00983295220674563,1,-0.387348659906404,0.204882617303828,0.732304639184687,0.0786925126930735,0.677117965674325,0.0532621199837976,0.732319082687893,0.0514272098417896,0.640643722282165,0.0522566365985556,0.67837541776707,0.0606615806844791
1.34515438736969,0.0469465375425387,0.0664953392958875,0.021853083276864,0.89008582914219,0.01202911517917,1,-0.124461701537412,0.189653119000892,0.730784551980186,0.0649340912740809,0.611906006107386,0.0556556943978728,0.685226166577963,0.0487223393328402,0.699908672601807,0.050598234462333,0.643183861789883,0.0632168414176768
1.39740346661296,0.0516783388966296,0.0756067552788467,0.0229791573637926,0.890733422767767,0.0128637100577371,1,-0.0513094598334651,0.199423856348235,0.645981037047948,0.0707872663787208,0.803544853780743,0.0501672960368091,0.676760760247591,0.0481169453487854,0.664694987322863,0.0551687170087952,0.654340288205605,0.063608095395894
1.38094261636884,0.0535566672317691,0.0560194640850994,0.0227060918204674,0.908293358867123,0.00979895392402605,1,-0.00655354156282965,0.191965816858159,0.623959506199807,0.0670005460596736,0.764664660506157,0.051323583087319,0.632441098596592,0.0546236014412765,0.752623814337822,0.0558638074316631,0.678177349254249,0.0645920748342355
1.36595608167108,0.0520923347798994,0.0471385866791868,0.0180211579716477,0.906508019534466,0.00976838814508409,1,-0.360585800138391,0.186388977833618,0.806053865690218,0.0589823111127762,0.699466117291811,0.0557873329920638,0.714544534056388,0.0513929270050398,0.665027856053553,0.0573891826617309,0.576861667087334,0.070717806545512
1.43609973344365,0.0519376532508567,0.0894363706184771,0.0228397938912948,0.876777273191658,0.0140324078370422,1,0.338133233095933,0.181238875392666,0.605494320433255,0.0713199357660179,0.737721175935961,0.0524073428029018,0.749233102491039,0.0492473281195853,0.624799734444973,0.0558136135149536,0.680086666259843,0.0690365078554147
1.41361617912797,0.0497933035659559,0.07501492084122,0.0238631089387525,0.898131115966509,0.0107126108768661,1,0.000326021446479651,0.195002948431634,0.64843890121816,0.0749238743259676,0.781184256441336,0.0489136292763701,0.674077726876932,0.0548918993617546,0.692001712993156,0.0552975426075004,0.704111097541911,0.0580266450107007
1.37036630829941,0.0514042340703907,0.0404586659269539,0.0188798569045244,0.903147491675031,0.00992765393358583,1,-0.476285776935624,0.215306485775286,0.70297955304072,0.0828366359750896,0.731099682459353,0.0507432636165596,0.807864725922545,0.0470719729634016,0.623037178135266,0.0568680212517967,0.705780653313964,0.0611790085349907
1.38010765936093,0.0496687867554407,0.0504823566238096,0.0191081307874532,0.905578730436654,0.0093328509567984,1,0.012368654064243,0.189141391354814,0.676223058101179,0.064735466250353,0.711409546980921,0.0550527559034779,0.708597856104162,0.052838706629465,0.658278723202336,0.0525446360120457,0.716329117145472,0.0603347049410964
1.40246422675614,0.0547379341249966,0.047428426937637,0.021756895528717,0.909873756315543,0.00985564428516104,1,-0.192713189028386,0.211467129956954,0.703138149530496,0.074763379166013,0.636287382301776,0.0587277419696439,0.737362006723984,0.051768993103746,0.72276984507045,0.056706974472358,0.644649110791748,0.0618446908223057
1.43652572570764,0.0534065465943918,0.0784870291810795,0.0251695300995582,0.90639668861036,0.0109008421910746,1,-0.00393720783800669,0.192539425625714,0.686942286825415,0.0655386196084511,0.66906248520054,0.056236526787774,0.749776993492482,0.0491739766531619,0.753368741865346,0.0517645349267987,0.656121650327622,0.0674929190084762
1.37761630755115,0.0506270908174177,0.0604056376090675,0.018229837695763,0.884109593720246,0.0119014673309338,1,-0.0878825894871827,0.185148582937874,0.631563494030467,0.0740778292811617,0.660164974489651,0.0551955035667011,0.707187481121668,0.0538232707814079,0.628185253259388,0.056093658785191,0.680180682649722,0.0611279746531318
1.44683149846931,0.0524046219313212,0.0691083689718063,0.0253243921985603,0.912859676620353,0.00885780752993696,1,-0.137442342426763,0.195053213661861,0.690294653220783,0.0694524835199524,0.671111396884562,0.0541136365937725,0.749709094833772,0.054895256280497,0.745906793552057,0.0533493186854851,0.778837769308069,0.0679659519490375
1.45186370423094,0.0549080005971357,0.0800147369112098,0.0272524478982329,0.902799206740649,0.0112010075899169,1,0.227045954341387,0.197073356906028,0.675259785473162,0.0684537716429701,0.62932457046258,0.0587831276782956,0.763572448008943,0.0473304581259301,0.758036259696891,0.0586613589254175,0.773417227785235,0.0673364939798919
1.51960249251861,0.0538052463954582,0.0774472992547392,0.0219150761751838,0.906715277255428,0.0102712559389848,2,0.221670363749589,0.196721580197367,0.707386390520583,0.0705605172850208,0.719102806033723,0.0532621564946863,0.741121662548906,0.0562818305844887,0.693664723018132,0.0556742326422746,0.750247175211066,0.0605431562303038
1.41738739241872,0.0520992871806463,0.0601463459423703,0.0228879705735388,0.900758477396388,0.0102775100074935,1,0.149418422472115,0.189622633620116,0.642041954370851,0.0668970254547959,0.652607859442304,0.0537824906644805,0.648810236232765,0.0502042833732089,0.77926086626285,0.0516310004275157,0.607061681256714,0.0741557505058794
1.40436549032128,0.0523313199566707,0.066449713506087,0.0221956347412871,0.897183357624493,0.0114698771774559,1,0.0948964752664485,0.192584191128978,0.613430671109862,0.0737896424033909,0.604267295429346,0.0575927300601538,0.678623227145617,0.0540648916397771,0.787516740433865,0.0530580195867616,0.692315650940335,0.0599820266252047
1.45541376014556,0.0505410629307887,0.0605605595910024,0.0192596905502024,0.893998208157775,0.0109472329824712,1,0.340508289068256,0.179459409231978,0.650721637050321,0.0646232811311669,0.660275523216998,0.0547154809915058,0.772188323878227,0.0504814589065923,0.71164376035306,0.0557762903868844,0.66605836088571,0.0631862932675432
