"beta","beta_sd","omega","omega_sd","rho","rho_sd","conv_code","tau1","tau1_sd","tau2","tau2_sd","tau3","tau3_sd","tau4","tau4_sd","tau5","tau5_sd","tau6","tau6_sd"
4.16988455118068,0.647137785854809,17.2524775142428,5.369429746453,0.766198901922862,0.251503107699759,1,0.504929943513733,0.494367094723431,0.874804831307621,0.193608537955971,0.472013302756474,0.291018351875967,1.07946847414958,0.175478269389963,0.827707112347235,0.177787523617805,0.658196641900038,0.294978129258391
3.75434851912825,0.555680914624677,13.3867448327796,4.03511802951361,0.476400500938662,0.471167800122244,1,0.229870946018675,0.381904699253167,0.610844481090985,0.211193555351036,0.733868214158577,0.241463990463217,0.684797768118691,0.197194663207605,0.731990605593532,0.185691483203403,0.951398025350121,0.189828823205964
4.25923274791147,0.689507857039595,16.1373823587068,5.37895054464593,0.445073161233708,0.5733702695293,1,0.376909524860212,0.361083955647953,0.417640264617546,0.294827373314511,0.447795400945168,0.242732503101926,0.615588986655808,0.19788537518798,0.670623398549823,0.20287047222948,0.422418535107791,0.249187615705549
3.04842680438167,0.585664743186098,14.8108531784529,4.99304706542134,0.555425555834589,0.438782319309589,1,-0.266533168262324,0.450988624057887,0.518041745022935,0.225682080704566,0.66125114134464,0.216763960334922,0.510889623288848,0.192529241141961,0.472319828599501,0.222962020806344,0.20855499185883,0.272089015487402
3.1085842761639,0.491098525804793,9.31913291193335,2.88569020372543,0.483547953366709,0.498994186756755,1,0.111658483544863,0.44279630500301,0.474689679900326,0.201851365103591,0.765422258859123,0.179516435083836,0.669771448999413,0.221021091812181,0.735642756001565,0.193630423504653,0.698193678409089,0.196134800344031
3.88008625203088,0.574697928351594,9.82866198127677,3.17320548060161,0.437178579633112,0.7073402496336,1,-0.0899253568434426,0.524258416252619,0.553456172431197,0.3120280030322,0.304369299530572,0.260134242788437,0.631620593149128,0.185833840913792,0.727011024023742,0.1591530780493,0.647330187492206,0.185392058438544
3.38092645547758,0.557837311979319,13.7835538762231,4.54544350682892,0.85482101248755,0.138437479173206,1,-0.744829378270923,0.531248071923571,0.727073886224443,0.196034161289253,0.798262877849892,0.1931221181627,0.92781797294611,0.169608779844953,0.695532540998516,0.22667192235652,0.427383764830949,0.274590288554
3.57137783176709,0.567451039902011,11.9496466595735,3.84868319025758,0.89995513565159,0.0560115364442995,1,0.344685403653996,0.508754009882101,0.672843102148676,0.224021462900638,0.524768986144753,0.226027992743593,0.78131185628219,0.174926433502277,0.814046572768055,0.199922175632439,0.749275408402662,0.192097728148121
2.89235077394446,0.563567569414975,12.1474443529565,4.28465400388527,0.330095948802894,0.559399627914818,1,-1.53015107243767,0.47301157022938,0.906468262544423,0.152684530183067,0.574913861384536,0.232261117054415,0.727177933644241,0.207431812590984,0.311462787636121,0.263628980528801,0.695802870446987,0.233278349792851
4.51328057465674,0.634828819109879,12.0313151823089,3.73305870273788,0.285549142265008,0.567193742755124,1,1.22332876175964,0.700867204628615,0.753821402581396,0.282736786816307,0.561272258526762,0.187597731852641,0.646084855155809,0.178848484043465,0.428028558355322,0.215048245558238,0.786240265332838,0.203371083246055
4.14870532629468,0.752635089268028,18.9407663055382,6.61186448274775,0.705135290728237,0.334179561604055,1,1.08257627242507,0.731569243848037,0.861103495527303,0.231894436233668,0.630890603485405,0.182710653258441,0.940750666662172,0.223465298677155,0.844955463440743,0.228254270590504,1.02941789262671,0.194405395463585
3.3704608636276,0.556333042311852,11.0880799118354,3.61357270356181,0.892729584892545,0.0575437654839417,1,-0.900977918811492,0.638146809034326,0.89517264066675,0.188698765520065,0.798715318534449,0.178835492719309,0.561567646661865,0.221781406924024,0.813218220467141,0.173235808437289,0.612468617042902,0.238607833292821
3.57242226288534,0.615952368898024,26.1993273655124,7.65062131562597,0.634084772796123,0.440311221970997,1,-0.148387438409204,0.468847148276314,0.679500440746033,0.242864806659376,0.876771174834762,0.172335468510164,0.729039915091705,0.183391955948353,0.888190273666591,0.209006107266326,0.742625348746058,0.169411483434684
5.1260860384107,0.845632252063078,22.629521930151,7.97510162819027,0.553362773719609,0.593199309205495,1,-0.410622845215168,0.611168832834831,0.659958157025639,0.305024371913176,1.07914029427386,0.253327243634833,0.21299466503716,0.299745396464613,0.919800054073299,0.174551251149164,0.872661998050607,0.205909357738131
3.46041372152103,0.562192431855457,10.3628117980494,3.23196702194696,0.80540059771794,0.168053301427834,1,-0.55599377139486,0.723876469757129,0.68511637017445,0.218264552813052,0.735014480640145,0.175391900221947,0.793060686339161,0.187253846066717,0.432462728218778,0.215302963825917,0.728310525196145,0.200913591743207
4.37387778227092,0.688280755759116,20.5920585742412,6.20167237964887,0.535163757639687,0.56856410403105,1,0.35141418410249,0.511412175200999,0.656783485309678,0.230533084144266,0.839577847977098,0.215690237944867,0.891570823198885,0.193145544259145,0.280275694593375,0.245244991695518,0.930088549043862,0.160674445496506
3.72535455549764,0.576659872606754,13.1273877394177,4.00415311509686,0.329953814043491,0.54088493231836,1,-0.287116241330846,0.594077531411733,0.819326228377612,0.259573034500583,1.00225586777963,0.15194954692945,0.457181601956999,0.204890598234648,0.724687524673734,0.195819766060245,0.731633719739062,0.211671966577926
4.36960887699365,0.800436625680475,23.8680518282102,7.79845300222813,0.833062353289819,0.154945478732788,1,0.264648290196505,0.632939888483621,1.04656002958627,0.207720466524242,0.983957261102925,0.200926581697638,0.959320061698864,0.235892745704187,0.906235723285871,0.254926720988733,1.00408431493267,0.125417705187053
4.02600437955016,0.624482695724898,18.0120019527366,5.64777483263751,0.797182150407158,0.177870995674944,1,-0.689430560319144,0.634063743618072,0.842068256306307,0.296301318244197,0.781432977786664,0.149180763350752,0.731514283754301,0.187449591959768,0.437158706530954,0.279937991457347,0.818780807388727,0.207476499621811
3.98843852915651,0.617832705816787,16.2395146900339,5.18846917872745,0.556920317296854,0.602884981815563,1,0.460445298837891,0.789773710266623,0.615968532380002,0.376481924794153,0.776040511151571,0.191709073825964,1.05007917362627,0.174698603755603,0.821385386438285,0.169763165628665,0.977683522971228,0.177392864596234
4.13424124088935,0.83991233368238,18.1473174268494,7.07203377785437,0.707052623997282,0.193710909215483,1,-0.311395174477432,0.46749673914982,1.0058237703558,0.201095343956385,0.640937696535525,0.234316483778181,0.731364088186798,0.28657481877597,0.682870229983996,0.224598051250507,0.829724736114199,0.213405389424005
4.00294370341949,0.628781036393068,16.3814995050787,5.11461301569584,0.44781578936371,0.516164954916919,1,-0.04347566568739,0.65749998106103,0.736481996190194,0.173027550749076,0.95586219559114,0.204681836799822,0.238778121349711,0.297046347430419,0.214399346973402,0.292102808161365,0.934100100969474,0.210892479300101
3.74444510626639,0.620602408753142,16.6362750055012,5.22946157954847,0.816642744129651,0.147407836921602,1,-0.354173263482396,0.51603262421831,0.64541489445541,0.235339962844685,1.06657583707835,0.180054586157062,0.553056358605713,0.26185156908479,0.563837644822234,0.225004086475419,0.822141889895784,0.1815955144211
3.54369158063525,0.532050962172408,8.18129124373502,2.64985350209191,0.830845683731339,0.127250860045668,1,0.397682872002025,0.478426587746085,0.710609242633798,0.211939056195413,0.508541407027824,0.2165949626003,0.641930280989156,0.204092023163093,0.60063461475832,0.249049756451989,0.591196499549564,0.192027449688716
4.54357153322899,0.743442956266159,17.6298136311357,5.86577856593697,0.883371692270445,0.0658931583562542,1,0.186827360193483,0.580548140714686,0.913834644128396,0.175307338777416,0.693650756804042,0.187253714308615,0.77896293328245,0.228431374846089,0.893190261503708,0.22307942548261,0.998038967773977,0.218586732935391
4.23185365868581,0.637925374166766,15.1684670507482,4.6277205583108,0.55558521822093,0.602347753460466,1,0.203494241216367,0.580792952369133,0.57687336320807,0.235639994776239,0.592906920037363,0.243092248060892,0.688439063345822,0.226330848806761,0.592414059686766,0.240377690556475,0.953262938208492,0.177422624040998
4.2522798771232,0.684656057524821,16.0592399093915,5.27946488600004,0.845872567259663,0.134131572467378,1,0.678527481223441,0.586917013730524,0.41159417367382,0.282945144858337,0.932328197410656,0.179100236568608,0.761958712374327,0.233460934187752,0.705148917145494,0.143689609726218,0.522794443763652,0.274305496397933
3.68579563106672,0.689637297694077,20.8904837948398,7.51296899465066,0.22368907687535,0.607425092187189,1,0.081280860750392,0.580457679283781,0.433326347306133,0.314410940501488,1.03343781432341,0.240764706396185,0.345220664678075,0.24265567586245,1.02556661801206,0.197904402512272,0.776646138217475,0.21208935916156
4.19786166862562,0.840814621159591,21.204175071412,8.20629482099854,0.232312344893534,0.532716600986371,1,-0.297849607874989,0.539578457867112,0.841435212588572,0.217303188605118,0.979915554834189,0.243162483110565,0.732366367986294,0.298534532466601,0.764808666180474,0.23020234228311,0.830847657663113,0.210612687584168
4.25649175615359,0.578816768758516,9.32714002620041,2.75976507992818,0.583291735304408,0.4223421571066,1,-0.304572104082716,0.452938893549987,0.73510701324911,0.209147099619277,0.905479370695428,0.211726716443212,0.467549499604035,0.217861301062316,0.993464765719924,0.139258540729682,0.806482493108512,0.200236134696416
3.67161359804059,0.600780956920761,16.7386612666945,5.64384518103572,0.437051335207634,0.527121596221592,1,0.333765959540023,0.432168663775215,0.228912383547023,0.253077584345717,0.562376409761488,0.230943892507298,0.884690499031218,0.272174552474664,0.707673241629354,0.209471513881512,0.949124185731162,0.216819651502259
3.77230408405388,0.630601309238827,16.7259031542232,5.53952357001312,0.4820944375614,0.56110034124978,1,-0.501116099238535,0.448022447228279,0.416040309772027,0.244646602881014,0.60514927093879,0.18212163857621,0.912331261356741,0.216458186592839,0.794959991157053,0.188064827558271,0.730145499417577,0.228942355342834
3.72882805905644,0.639578427587674,14.0657891190623,4.58670711653477,0.0795484402569386,0.400294844054122,1,-0.193580398616934,0.388462066440781,0.73363895683216,0.172807453879713,0.795085928180728,0.157840126591547,0.625099499264012,0.262738189238739,0.634252477837714,0.262604242706112,0.681780207808784,0.231337360242982
2.71799776386619,0.468734895746272,12.0909524488539,3.46524509563708,0.660316319959044,0.28002082534546,1,-0.5413306851392,0.63307576320546,0.505595834965616,0.297906920124476,0.656732626199033,0.199684719014651,0.764240645510771,0.168926264802779,0.739385451477631,0.166096804783835,0.632729437564886,0.197915125602189
4.55276561541376,0.743307014938245,14.0564837398563,4.74055389187591,0.500884084043333,0.631783033854821,1,0.198420687398002,0.576258190995267,0.457473432977472,0.278374025365446,0.938865981354657,0.226003387370209,1.06426720547518,0.166204392584611,0.886718468679032,0.174430450178679,0.743037768587117,0.222824872387961
2.67996725460563,0.401052752634616,7.94901921197098,2.37347777281937,0.8049361187767,0.121045818026483,1,-0.729943403272236,0.505611823255424,0.858906411551621,0.14805331032488,0.790227252423265,0.144421013289347,0.631279186041439,0.154319116014698,0.595438036513262,0.223276421061012,0.297113219513545,0.279149461625988
2.88166429330112,0.505468718445536,13.0338084836204,4.05953371392916,0.603137452126169,0.440737873763899,1,0.0894319977556247,0.374355259338834,0.684303586280295,0.177398878556093,0.383836472339562,0.190203198921048,0.932007174016417,0.160774339564584,0.553417786078141,0.233382920637771,0.779250030686584,0.210406839565296
4.48010758158798,0.909618868994076,26.2751864985792,9.53309592249971,0.486639990660568,0.788417624934642,1,-0.616395074279742,0.564499659874173,0.955852735588409,0.200095460610552,0.495748775496556,0.259454627610517,0.952279538878566,0.250970391075937,0.754765087052642,0.223974745472455,0.627766606823723,0.199785347889776
2.93573789186172,0.475684880197887,9.58637010075102,3.04102261174613,0.879103421468136,0.0650385092647361,1,-0.835647952644149,0.583268327569219,1.00978517068857,0.146297605056454,0.853737076444077,0.141513931426189,0.652777687635422,0.188340518525471,0.335188943076891,0.25765143449211,0.686493219189804,0.220777198533402
3.32248008562118,0.546865709180329,14.3514043611832,4.36277879103386,0.389991613885774,0.621764892881304,1,0.500421469854704,0.475453669546519,0.582522601643051,0.209052787361634,0.754682269350022,0.18529366005528,0.651314083267799,0.198514460344491,0.798108087762915,0.169950411437498,0.379289373009949,0.230985010221829
3.53363120223249,0.56643891194102,13.0011729362497,4.00099878473767,0.568549096619386,0.476484407232691,1,0.391810350359939,0.470609186561579,0.847346507747871,0.154191441892998,0.522148788430872,0.20322101791341,0.554832097644509,0.23695573053719,0.934660217212883,0.194253312476407,0.250627125482799,0.246866548120305
3.94583803197201,0.574292236684827,14.0046648102631,3.98786242224742,0.761193472080817,0.201786107453893,1,0.0515287392202023,0.550761336552711,0.800103509345918,0.230454732872619,0.614167042646613,0.206490541579221,0.628330281572435,0.186627315235783,0.916126749537583,0.168597791707031,0.805669157068923,0.143129299444912
3.64054078167469,0.667989048936269,17.8116074583937,6.25952538002523,0.760386541417971,0.241250269184404,1,-0.645096146428654,0.582981726440583,0.967454909077806,0.254658658369673,0.74864394594102,0.194657217539915,0.704337896189024,0.152114695872179,0.919200784021797,0.210205012563529,0.593473243620778,0.31790601480896
3.49442655803882,0.547878869072933,11.596723164566,3.56150071201846,-0.0755506147046583,0.424317623683013,1,-0.391713820447845,0.371715061024969,0.408579464647184,0.308558366843385,0.735611167770636,0.20477598811686,0.41533009218757,0.220032778808862,0.70904361788363,0.177232781728722,0.896572368483807,0.17323108864576
4.44582888310075,0.73688578225756,19.7140945504919,6.51601256724854,0.634313247929038,0.454561480800806,1,0.176122186269807,0.597991364083699,0.434991147814462,0.301283231985054,0.863411909018729,0.200874119126399,0.55170357786667,0.214716056205964,0.6931816495626,0.255811422668126,0.857301770767397,0.213976766452184
4.71766979158806,0.787218371646292,13.1612498020778,4.45019486714364,0.748509302546992,0.467450547353147,1,-0.251810642317722,0.697801631490508,0.96990532558135,0.291936013204461,0.388118936209586,0.227040897764512,0.7776040088718,0.201092784713744,0.590222340439266,0.20286593184653,0.470532096290399,0.249222998555974
4.03500458487599,0.712957184297182,21.0512934676508,7.26584754577178,0.163685072328734,0.315103540660222,1,-0.0175784125280889,0.489446436201364,0.616095441109169,0.247934329964189,0.634165890897377,0.200984686193068,0.429418799776089,0.289729195687393,0.790554358886933,0.209171175379147,0.566379426920524,0.284319601369167
3.58848299991896,0.752023676795401,23.1512795021958,9.06045351884329,0.335011197849888,0.783891505971364,1,0.00958319495157281,0.545111044826923,0.812856022891504,0.226670402580082,0.723035605723567,0.222377525991836,0.778487078115931,0.261364178408796,0.654880059155592,0.289661858299079,0.89749887448133,0.241109727179044
4.12008851403377,0.729485394598638,20.0964156576214,6.49399802952408,0.766691685567776,0.188348724753005,1,-0.195841800050748,0.628182630201658,0.536835534459113,0.22035076532062,0.715315418862919,0.183401611257085,0.994776750197548,0.199729070848522,0.154798185428118,0.356180447956943,0.869945704286221,0.162220854889137
5.07172794208042,0.990825427302289,35.6370186836606,12.9160101601078,0.841533256105192,0.173677701052815,1,0.166059569847821,0.631837914146232,0.874618102922011,0.2893872973786,0.88619253546016,0.212409946567755,0.694892821517462,0.180867216207198,1.0073735600921,0.266540850695439,1.15097389805149,0.178903367836814
3.72886068967642,0.573541039076621,14.0165579821928,4.46122566225965,0.306239837010304,0.550669351919188,1,0.668093521287366,0.519601040095017,0.535220326454722,0.201071872400802,0.761517581922686,0.188021350131822,0.670419634181784,0.223640131869521,0.646759957855196,0.198823505604613,0.6346668593835,0.232474485038399
4.14137774627321,0.740491259339702,18.3982239601014,6.63726426474277,0.845246329206634,0.118997297527027,1,-0.360036374869623,0.629323023043645,0.89847261192294,0.260520641368115,0.446072333535835,0.27532365070216,0.488622628994442,0.21260955643473,0.840947558880625,0.153576635833756,0.711108633652448,0.234856245816865
5.31404733018256,1.00163938853094,29.6134400659433,11.2411275464518,0.106871734280479,0.412391243898186,1,0.407234132398656,0.481975413124204,1.10046674643591,0.210528358277153,0.537269148039821,0.251762471371454,0.910863962776901,0.2029797005538,0.491404506206605,0.278352243660791,0.886905917105309,0.243456637840918
3.63236700531908,0.780054908194749,19.1317249131574,7.70405776712432,0.744119168089103,0.272433202370381,1,0.37413869283163,0.500755542890386,0.590046964153559,0.296976539168709,0.336708682809132,0.304381387395577,0.956889325312235,0.179896352418079,0.86454581490149,0.257829566581316,0.761453342286482,0.25386975725739
3.31600763372567,0.54631321135764,13.4080859534491,4.14603735685876,0.499538550797607,0.68846449314735,1,-0.330644436126966,0.419036021329634,0.51442003174565,0.219783947468965,0.788175041424032,0.142344151824364,0.126268907670749,0.273349795133568,0.727076426797707,0.209799942305762,0.433851005270987,0.24199241354894
3.54930299208046,0.592918480663557,13.5723415065549,4.71742107446672,0.312724814867694,0.381301172192488,1,-0.218778226005006,0.426939173982842,0.742949831279681,0.166675609457091,0.702433992582851,0.227901845540202,0.722929152711297,0.171090779492993,0.447132033457703,0.257496517169299,0.665378886546106,0.249262929767589
3.23294548988107,0.484297167744732,12.0089940134559,3.32985032514843,0.672422942836701,0.337728864249332,1,-0.128236001606074,0.378714612589456,0.676925645964107,0.159491084646931,0.618586442796055,0.176779382507675,0.933459317345871,0.144908298694552,0.697248565625192,0.203257114714121,0.350338440512099,0.257660221294252
3.03790524537852,0.615485267700543,11.9911267566794,4.54506828422498,0.19606344977911,0.443140470146944,1,-0.635031165094292,0.368407970484175,0.846877517571396,0.14425322677129,0.634027467750267,0.168412696559422,0.12362852578746,0.315119179822832,0.278924072189779,0.312573830156263,0.518987453993558,0.283050876906639
3.28967863934099,0.501934730813227,8.94716455849923,2.72643581628108,0.655703172880123,0.389193700380826,1,-0.184947581671097,0.440655708910574,0.678893995840749,0.213916803755277,0.598735277379836,0.195553377322429,0.635038486634883,0.207589023379567,0.62569106993981,0.181094579592688,0.660524362769423,0.211492393631998
3.37027104958901,0.545231822527113,16.6095605536753,4.96116592199211,0.664031279805527,0.274292572313286,1,-0.344305246299824,0.553371637999632,0.912669350028317,0.196609504466718,0.542340068746212,0.241443293246293,0.86138529199363,0.173874140728245,0.869362928569478,0.162749393205049,0.359267166202191,0.261335447377063
6.08015596428673,1.53127959568141,44.3579880000165,21.838616824589,-0.336359823274499,0.38446573789257,1,-0.425708145214673,0.621672802180019,1.02387284021162,0.257517780221527,0.87022390621766,0.261021071225894,1.11303415817367,0.291851356922934,0.947670421746152,0.35051425785143,1.04197730255725,0.294247111898413
3.34140254126198,0.576757979252761,12.6094283515076,4.21925997575261,0.625959796729407,0.368516153053958,1,0.909804668442611,0.435516857885591,0.48800442403358,0.234627862292991,0.501691413736045,0.251225287173458,0.654268841723712,0.199120012144834,0.826802648653502,0.177123828502866,0.695008528323439,0.223702941977396
3.62730528119286,0.586433045419531,17.7265888522898,5.3249126577769,0.487854315508339,0.450755294695724,1,-0.483494485409867,0.463318668893241,0.753330906393994,0.218779710534785,0.809999989571843,0.178213909374335,0.706044883968409,0.223515942754468,1.09236839841659,0.186777985973176,0.874412462452739,0.217322387088845
3.55954678350549,0.569172558012559,16.3988433783734,4.97065649348834,0.0532307884763534,0.220656988643242,1,0.0747470353662926,0.398264957011863,0.586437461392107,0.19392262309621,0.414076021419793,0.196812369366508,0.662791119334214,0.16718339967561,0.797469569789907,0.221539138799373,0.591676976250474,0.219791485768965
4.20961256423897,0.76814580568963,17.7552239990395,6.51091142337709,0.656816622004862,0.455683577944228,1,-0.648729217940284,0.548294327439275,0.927985224958174,0.252186520478304,0.742177565883408,0.18864628597655,1.05822567060912,0.212888622382891,0.653545714995196,0.214535053419253,0.482747999612685,0.2906631414426
4.14433783253758,0.680075320416857,17.8923107559379,6.17961428420847,0.589165900490481,0.593353710112845,1,0.0725270896683149,0.631108698647515,0.62939170528487,0.273540194602176,0.615748334083831,0.18446363176621,0.944971719552064,0.194414681338527,0.49805389544112,0.222586256342417,1.09268268598312,0.251761896330267
3.43759838471742,0.621658059978945,16.8314690849632,5.5981962903387,0.26138783635956,0.574582675769169,1,0.111035392891405,0.496837174361456,0.260955997987999,0.242485212616252,1.16751499718301,0.157407805723214,0.260567191329477,0.329354243172448,0.640641674562773,0.250415851440702,0.506650389276024,0.254037373553962
3.68242612615288,0.600411532629762,18.4033779905906,5.61621218720141,0.479921058968538,0.578451985590636,1,-0.125475674722807,0.450618836994536,0.92801318234119,0.203210665669635,0.702441051222033,0.175610558058699,0.335142569978392,0.233160461035925,0.749662591245992,0.205506995632551,0.853205496626796,0.197588406195996
4.64500651170194,0.967934081862213,12.2632174746884,5.43702392850187,0.903217159771829,0.0565660777629621,1,-0.350221188035033,0.567794255072326,0.628794594250388,0.226514463179668,0.783614878291713,0.222764860763812,0.529763575930207,0.252717071872023,0.386656070760363,0.308593858962679,0.778892152118561,0.248983344215694
3.54392722266724,0.539424599449722,11.9958530724883,3.58598336861103,0.822558054500481,0.167111179604007,1,-0.832323362856538,0.547251714575505,1.1125518439836,0.212794392787669,0.703825558216246,0.162898766945036,0.739436055498518,0.206447987182901,0.760916189065055,0.168646929250011,0.598069977390624,0.249315018641786
3.10215130070535,0.444656360822286,9.05833412550059,2.58410118606483,0.582152219451412,0.257774912594728,1,0.350106411150475,0.448571646745158,0.494792843304579,0.188023819959491,0.67156704084511,0.219470887846243,0.442947427734688,0.184794988868128,0.614203889505457,0.161591961698372,0.688977497814336,0.206156095906561
4.02497055009801,0.647270178702292,18.5982153844942,6.03982828339586,0.775392283373225,0.231803782630611,1,-0.00409519476394381,0.656993224100157,0.756205608309549,0.303636523147463,0.785318247289387,0.218414243244451,0.883981571371891,0.155829123504784,0.71648788237373,0.207479723035427,0.797824516746997,0.179240009148955
3.53034757621249,0.552439756477881,11.2998334776803,3.45184571544778,0.366290407657447,0.610445991308896,1,0.282537651840008,0.554856420428691,-0.0363080793006377,0.394723736173005,0.819548338164151,0.220797630950619,0.714553967981984,0.179633448943019,0.466308406655551,0.184852715698504,0.817401338684674,0.200256177508053
5.48478160674245,0.909593598298609,17.4905619510744,6.1687157740268,-0.315424188534426,0.236142190667858,1,0.144589930846084,0.634629002007202,0.654179222855393,0.308915030602644,0.892778795453365,0.286174442702731,0.869281277248018,0.210458419155097,0.960036286826106,0.170415895361748,0.766603965118501,0.235416327105377
2.51619291209348,0.531836370393279,17.1117161732089,5.65919860606529,0.5382040963912,0.450431606390773,1,-0.279247931189976,0.438463082009745,0.626957264260412,0.204789637688109,0.71288083637766,0.204853665406541,0.292872926345852,0.217600935112641,0.502543874118244,0.264116996108936,0.8017859313264,0.1819461287053
3.71358575517247,0.6706291247041,19.0489063471822,6.20142798135764,0.857872988189487,0.101905556541907,1,-0.318213164684008,0.601007897262923,0.915490476928258,0.204279881648813,0.741850917762844,0.197449386188559,0.493586608914957,0.234011208861404,1.08517051500442,0.17582569531163,0.462121744799395,0.284983667252904
5.48522065224445,1.01597875808004,24.0464374694924,9.18909432214868,0.26935996372224,0.485217096990184,1,1.47855660142231,0.696857834329156,0.112010277113324,0.328081105658251,0.921379053025895,0.240790075144011,0.997274052315601,0.206883786245243,0.729631792786873,0.257702604664306,0.880515908570586,0.238028094731258
4.57265400659231,0.675502821042392,19.7482571013714,5.49717947984363,0.731190377921803,0.263807331177913,1,-0.523194580197245,0.628497733390219,0.868296385160892,0.226077887365036,0.774735637532247,0.192195064092199,0.769146882624688,0.165891688141088,0.811506040969013,0.196673422049164,0.482350440225576,0.215730848967639
5.64773076819623,1.19780900817951,31.6431643050731,12.4697769432405,0.816835354237241,0.212791512946791,1,1.08117541344586,0.680156752799716,0.900581190268201,0.246102713393264,0.655185652952479,0.253414107016318,0.828054952281684,0.258536757582075,1.14556845971726,0.253948494735765,0.810730012156132,0.270640146866841
4.28236491275486,0.739440025270057,19.2456699129901,6.84830864042019,0.884718423949257,0.085826582272052,1,0.647028572627728,0.584610845313141,0.808451832221871,0.244848948495178,0.993997611938242,0.143962633801197,0.807103170807493,0.190741558246583,0.806152529391879,0.232206241474869,0.605638584426371,0.259488764077887
3.51009116906999,0.488123345619315,8.23817931780394,2.5015489464375,0.605100379453277,0.342309534402656,1,0.173475926811976,0.474700819065504,0.826031011192881,0.185261571787758,0.402817920831936,0.195114281843265,0.720510723596782,0.178857262279955,0.54400510572614,0.213803102573149,0.720906077426392,0.226331061082981
3.04398619473792,0.586873819032008,17.1483001795412,6.02634351065431,0.51198499289046,0.416363166309734,1,-0.771913853138954,0.511472185461752,0.938150084751339,0.191184616267213,0.290819114350341,0.217724327068841,0.542006083571091,0.196292564966919,0.105593358165632,0.397410210170531,0.927582445407811,0.249123789628019
4.28738755984192,0.779642272337268,19.3429678091945,6.49889346681877,0.529336194537963,0.627254272337373,1,0.304100693559698,0.542226461374158,0.766439594360256,0.226765122705608,0.697908459882678,0.161373111718499,0.610247963211239,0.261604925625756,0.915679591915028,0.21473702951225,1.08923292499349,0.225138503585338
4.61243442636772,0.945472161260939,18.9474102313627,7.32211033969366,0.855203188913499,0.112630316624882,1,0.223067105433653,0.539965415824682,0.677256777159426,0.224792823531434,0.856566805082196,0.220944136638975,0.722347411230688,0.264498367574921,0.878881956802793,0.235443779039086,0.450499533550022,0.260035716890412
4.50829104197338,0.861606706746614,20.8146353665201,7.7902577103748,-0.186794646176223,0.318303260934849,1,-0.474104020788819,0.514418508602463,0.738635986008376,0.220554172715226,0.726259146312438,0.220284332787539,0.676332478255893,0.242257691735793,0.64952431708649,0.291248898232251,0.611509763553734,0.294571364031191
4.13809045395475,0.727189133067952,17.658890410497,5.77380121724675,0.608978280602777,0.513666118626749,1,-0.725538390913135,0.700527245686607,0.856538746150937,0.270244180250244,0.873977708902762,0.214292713258178,0.559289798241282,0.234402360406765,1.19133261937661,0.221404383185966,0.634003712555596,0.168444356301504
3.84274119433996,0.572691580692404,11.5707771704883,3.44891165589405,0.345489439504191,0.516915041171873,1,0.0990172815462139,0.495054633239464,0.778627045310388,0.181469158047548,0.833551930799448,0.184208679891052,0.768554102793771,0.180359693356075,0.592202835137962,0.205007129009613,0.571583782424716,0.194475440599593
5.89239590665901,1.03032046760598,26.9785074836384,9.54891256589323,-0.294319639627783,0.290937086203363,1,1.34078145664512,0.696692703187319,0.753243494145025,0.261599177174689,0.830896279194956,0.210684967542983,1.21098352143507,0.152524246317521,1.03336882990159,0.260593466212725,0.924813508817352,0.253291926722434
3.24306454628688,0.541939942354715,12.2378339881711,3.80451861225249,0.781811720524253,0.225272790452291,1,-0.198500625408616,0.449098311033199,0.752965513621941,0.163830728599512,0.608360362083651,0.173399557730537,0.644249737145741,0.226955020646233,0.607140318494208,0.202032187495952,0.736323093575973,0.20746153766613
4.74442705155524,0.808207511510577,18.3644630436611,6.34494833453157,-0.339433295446979,0.264635837194433,1,0.0219834158824546,0.629909146982282,0.383743107206381,0.384576016692102,0.930531269285997,0.222213640200746,1.08373228570254,0.174758067670877,0.403605238445825,0.278171415673858,0.91921797248829,0.194816142523026
5.16756185620804,0.964456627539403,21.136820447888,7.94963368979984,-0.292341353519907,0.336082500807812,1,0.557508586400245,0.533162534184641,0.298952501165745,0.321234472371641,0.842651617053966,0.246597844810391,0.806766523558775,0.253910054703298,0.835520437192899,0.240287065488612,0.949621654054649,0.22180569724089
4.12907673085658,0.819141949148417,29.6247117981592,10.6176279872887,0.709490224784546,0.294396965970503,1,-0.554413604974446,0.629360889941304,1.06885202272537,0.220201111198232,0.409395729503621,0.28437516467689,0.269185390045309,0.310049777562801,0.691266965384624,0.202962462767823,0.715595720203589,0.236905316098143
3.47207386801372,0.573942963494897,12.0501847334828,3.99712082970796,0.780393446874088,0.182751840575429,1,-0.207352467432716,0.493629622128796,0.835205232363291,0.188602348348161,0.739714474766257,0.213148351577682,0.537149072952473,0.256441408325738,0.668161855833114,0.222097447771773,0.518015713264555,0.221993884771438
3.76237301967882,0.739545412297553,20.1492190401217,7.70935627007765,0.775506237202149,0.226500433133958,1,-0.0800751229896135,0.730172662992256,0.62213471756687,0.341468711096706,0.528696016266681,0.333463123653741,0.732427262158599,0.232205630680444,0.29509412852675,0.290112857645039,0.955641485905509,0.150628464586272
4.33416310750152,0.775860916494803,23.4906491523596,7.89364047030367,0.747915821962805,0.222807553588111,1,-0.325678762462375,0.544684337172351,0.90694513838956,0.211896504971109,0.895083744897572,0.228356804021968,1.04690257496502,0.162606721063778,0.731119889854016,0.190066715800795,0.720641967588341,0.281635562305366
4.41037500263717,0.915574001671199,33.970074158978,13.9227916504986,0.178271313227574,0.582541254674799,1,0.591506202133138,0.460720407695412,0.837223088089783,0.175068299012248,0.710552459461138,0.250842479398807,0.935089126446685,0.337913661555619,0.502535545083777,0.350813542371641,1.07710777315379,0.245448927815081
3.85293273296824,0.587099726614526,12.3326334564911,3.83492949337538,0.798401336091745,0.109874846334227,1,0.230192549425269,0.450302420932009,0.639202629442017,0.180009894865552,0.878214540509795,0.217552292220427,0.420864584032546,0.217014161624033,0.582694763320163,0.185799265212423,0.349760297489292,0.223185399360747
3.75644215180599,0.662460807061644,18.619334780685,6.44476613015591,0.677650191490178,0.317711136743077,1,0.221140986474507,0.548751069097698,0.61567288261206,0.272317071980398,0.178919010039398,0.284809284810199,0.806900250521994,0.183180413330632,0.775379317790522,0.205104070121087,0.811906883029371,0.183916238890774
3.61292710866908,0.670518187579317,21.1282887035277,6.96403419654516,0.771241751080569,0.232171461957203,1,0.0697165146441825,0.541965283216439,0.490882310803719,0.29573423728662,0.778906333746041,0.228038695109315,0.695209631609192,0.244442405009655,0.712387154504716,0.217988813136686,1.07120952523666,0.15509392910046
3.72553944594741,0.63064012012421,21.0920801844345,6.56250480134787,0.751197075274709,0.268769926301386,1,0.542740877095178,0.649608956533716,0.81058235821767,0.227779571783135,0.700877090437277,0.241957804135993,0.865987987505402,0.182892698576498,0.959138957943458,0.182136289997194,0.847632966515243,0.246675788278946
4.25393794226168,0.583162838380965,18.3826633572126,5.00316265542282,0.11903046197906,0.28833613965066,1,0.088681949425045,0.551675413220829,0.856435018312781,0.22756303048057,0.697447464294974,0.184705252716408,0.986637197634449,0.123241773811341,1.05964141987559,0.157428859911842,0.68492658235667,0.237304437850323
3.62840182049974,0.769583744088857,26.6031047029222,9.88323347344873,0.250664176072354,0.52467567891722,1,-0.169533220267934,0.603976740780575,0.818450755634422,0.30348586227627,0.725115122299007,0.198366303095616,0.576273796641683,0.217333199202734,0.835294709015244,0.231098599566195,0.669096460391791,0.267619914065349
3.95000683259139,0.726865413795751,22.4055957344205,7.7433408884391,0.14863172603085,0.503161339150243,1,0.394601769807848,0.474187062002725,0.472247875982858,0.268281878780741,0.685083736309485,0.218252372740153,1.08507081779691,0.168322184348426,0.835991297369751,0.261130761758593,0.854009633435596,0.265424903049041
4.17795589914404,0.838221862174222,26.7933558755712,9.64289125409683,0.529729474425038,0.870693536804764,1,-0.00712879112773341,0.609053292443914,0.878340176254475,0.209994436875666,0.533273090301625,0.266719529264532,0.848997514927616,0.20632216729583,0.328996669483515,0.338445877377431,1.13600487506951,0.208115816068456
4.97349174419695,0.776943766631715,19.9389950752191,6.59574759385515,0.848040035526958,0.176129894812048,1,0.797049376557872,0.677704499495126,0.560092825339952,0.30207558296465,1.03764967714514,0.217024151282168,1.06847553830751,0.162550340934087,0.490833566488085,0.25527716729262,0.625119371010288,0.259152009717335
3.29763030520629,0.52526920840158,13.3133795945211,4.09143001543024,0.159531468689959,0.353926198910863,1,-0.0668588606003301,0.433767990962374,0.814946582544194,0.212925867330613,0.639044604411905,0.139706642559123,0.630626542521967,0.20309855452607,0.776161826088622,0.21740416115839,0.751926383970796,0.193498969851467
2.64247707443727,0.462517127700403,12.6424271891315,3.9026716541432,0.772916126611643,0.199081554945024,1,0.281800108393487,0.490359264008235,0.944848986190913,0.139802385352458,0.329462224927778,0.261744511261571,0.470189210140789,0.259089454999032,0.539826269311966,0.223677052500208,0.602919245277961,0.174275332520131
3.6615762385555,0.53394737977983,13.2128183906768,3.81557390038533,0.625639209700423,0.433018228090815,1,0.270792215088495,0.465124890900242,0.628199457816733,0.168443494859639,0.581368712806237,0.194178084121916,0.383993940332295,0.216076575533619,1.00810330773503,0.182029490392116,0.49718666236168,0.179264418290782
4.52765859120886,0.986573663271374,34.9496670261247,13.4385205410528,0.837679660444219,0.225827323021887,1,0.306395013869199,0.714903029372122,0.779660242544497,0.272215489548692,0.952769964197978,0.224363236563243,0.782980468741087,0.261521612932105,0.229359922750198,0.347764264791274,0.989982616386006,0.23840789221911
4.86052070654289,0.871797102930416,30.0847057702762,11.1267944309008,0.403172346350115,0.560912305346222,1,0.535359687364234,0.518811621886481,0.548787270511808,0.211125266214696,0.609421430450994,0.209426378398991,1.05769594727064,0.202817083435916,0.66608441089224,0.277872411124589,1.15478517446842,0.212867187361675
3.98627851439488,0.740105755132977,22.6396477983442,7.48055910625833,0.746333562558229,0.266368978043147,1,-0.029592888094124,0.579737023918209,0.375079207813725,0.248744811940813,0.906862807677876,0.181110038158735,0.5845334817062,0.19876943267507,0.817873393314573,0.220740745470009,0.508403165043932,0.264410502636243
3.71372958991051,0.563994071276626,13.7774999712653,4.15567494733725,0.692745164952459,0.410543191476704,1,0.16152556316098,0.623405326702871,0.692135785906871,0.276556445209172,0.6131381687959,0.194134948821563,0.786198533379018,0.176986863331656,0.60017763198342,0.217639231836264,0.754723697663615,0.169057127918831
4.87740780097057,0.906234486604535,26.6907132670467,9.60870247936463,0.439445936265945,1.05718523817885,1,0.316441839779943,0.569800795511009,0.978671940835909,0.214898496683719,0.901760156230112,0.264535486880389,0.952675430971833,0.175422946886539,1.05010517581717,0.200146267224734,0.733841184953722,0.258944262979889
4.32298404999773,0.672732193121026,19.5001777350789,5.95158369933553,0.598353615499485,0.502029667964968,1,0.356743369062034,0.47809842776547,0.800156937200896,0.244785995988178,0.79835346977325,0.224208827302883,0.902931612704751,0.217399894461838,0.804477852765027,0.182327541163871,0.655530446594934,0.182897347465433
4.96689399545945,0.694351956170692,15.1362514380692,4.53094245644529,0.846924347523158,0.105720155710611,1,-0.363328349287276,0.698279145680821,0.515303664886508,0.265623728188996,1.19886762410981,0.198686511301362,0.893195818480215,0.15403943528442,0.898635430786324,0.193867534803189,0.722310927886446,0.163727941828591
4.21862366614994,0.674258039372037,17.3100305427845,5.62870880278212,0.0767494430893925,0.491750844161583,1,0.0498463946096333,0.68757357655052,0.839502582089474,0.275424955829853,0.593240647447311,0.237412465898085,0.597492878203462,0.222279618817244,0.918379781161435,0.176085379040337,0.729867106263478,0.210025712626223
4.16566924974966,0.674628725189189,20.5385421066226,6.49671302771156,0.449477719655412,0.665749525624534,1,0.46463412540548,0.468771490155879,0.449592907100404,0.26449669002544,0.491847646116185,0.223466672869299,0.750645963055635,0.178755502070216,0.584538783298222,0.20161673460515,0.887900616317792,0.192689781906647
4.56400673456196,0.766595110452879,20.4029913753325,7.12745026832996,0.138669004087678,0.628514687282941,1,0.79025942473579,0.458426794752835,0.561194555226591,0.229206377583967,0.936037605476969,0.200322246555183,0.530077506380181,0.278004357011262,1.03562992644629,0.180875839642381,0.893919084379377,0.256489738980205
2.96089680746181,0.442987793725277,10.740875768213,3.04743077122783,0.590338706307045,0.392590638031012,1,-0.433493728469713,0.412027613838514,0.740654712525676,0.173940152848045,0.714291247155295,0.16263797831196,0.210698475663133,0.243826732739788,0.0410616080337474,0.248947814153653,0.863213851524012,0.158514093555649
4.87431209991624,0.805865980617295,23.3758295624463,7.65002369531945,0.258479494213962,0.505630260275511,1,-0.844187511097961,0.576689523924579,1.09547781948827,0.18753494865113,0.978802270267596,0.194964953227538,0.964340371606382,0.193753746838983,0.753434654347922,0.208587145704323,0.764964809454896,0.212189345852502
3.20596953823768,0.705288158952505,19.5243537314945,7.90169091475765,0.726524251762068,0.426931397787503,1,0.144167446997173,0.641386497997085,0.799058129120049,0.224651857596704,0.272602428412802,0.238796722734447,0.638225431213715,0.280237547403561,0.715854472696346,0.242063762635646,0.131757807706014,0.394077216294418
3.87417949893423,0.564379114840525,15.0934280700616,4.45282575581377,0.808873370029269,0.124323210235746,1,-0.0236808399560624,0.448126874251594,0.75325538117472,0.175411690401625,0.680034783574005,0.198278974906639,0.930729610612077,0.160490737943097,0.850451000896164,0.152472085725898,0.650050250884453,0.236816524180442
3.75815934809822,0.533602445781947,12.1871956286595,3.36835910739434,0.497680587915654,0.332186553441674,1,-0.337921431057917,0.411980734277625,0.731972119471823,0.195876335586288,0.965295665229119,0.136194486315342,0.315880848090695,0.269256734589,0.409957447753362,0.264215267874483,0.922531403970275,0.194287511533262
4.81111219498627,0.831331954634753,24.2381272069801,8.25566741061469,0.772045612847373,0.21843716847834,1,0.410705912645068,0.484000976569385,0.724993555385524,0.219996739505956,1.08068012480041,0.217510911263935,0.968464296521268,0.217645728184158,1.0835804420842,0.258008106234123,1.08023638946519,0.19989428025811
4.02655235694019,0.747836010656824,20.3732143843237,7.11505811091279,0.461073806705818,0.596076310638261,1,-0.135844003966379,0.657182486422956,0.802980957615618,0.273716305683719,0.376873907824412,0.244005705628104,0.80013640007595,0.174272783842501,0.828057792399316,0.1656921230653,0.841900700378623,0.211555364089247
4.95969809266417,0.907544410678873,22.8236180949251,8.18439468757634,0.13156380908604,0.521984127965688,1,0.336388813821016,0.493798392026955,0.387380494325056,0.270866202405152,0.736795571071215,0.193608221733256,0.656627994576824,0.225463498008886,0.947783549177537,0.231499770110537,0.684193937634426,0.277305363747752
4.05967437162183,0.614514838423564,18.4017396099612,5.45382247052601,0.761210160630575,0.214660861400054,1,-0.190197598176042,0.487009258971101,0.950704751565083,0.157004671869925,0.860036706626426,0.149857856659899,0.751983422120552,0.250433185881953,0.680511575480575,0.27320511397258,0.751099123271051,0.22576976892209
4.3582309620125,0.658788031932357,16.3060065747646,4.85795379230859,0.627480599086961,0.26617653996896,1,0.280694513273331,0.556062994396678,0.818656116060251,0.167099632333687,0.433627142318615,0.205068223994641,0.9037060872028,0.212446534878816,0.519551798142188,0.220414978444359,0.623162201300227,0.214325583640341
3.97790259014779,0.719084964698687,18.4717096919115,6.48344441930363,0.321370134926569,0.757086922637164,1,-1.04060995613354,0.504484181882497,1.10057328191784,0.124358873061687,0.718710347883624,0.186853064765798,0.72616788086417,0.268646499546772,0.949386946851919,0.250864209142664,0.734753849543779,0.234637472641815
5.61820952620902,1.3166393815258,40.8761409704227,18.2654415500868,0.136779875544213,0.984173362267418,1,-0.850217964656492,0.473968212849827,0.790432958341266,0.265336454527191,1.00353110142889,0.301487416947043,0.648153491478252,0.255981046719945,0.813977062558859,0.290698918534438,0.882685176155553,0.304282547803351
3.51896844215815,0.731619225132262,21.4794659038296,8.38682920835001,0.402678351013502,0.813170064266105,1,0.48896926485297,0.534301233528979,0.823511607452762,0.237887621612936,0.20817102181514,0.319767824028733,0.195557521308977,0.334052885373649,0.756063656341689,0.23637653878332,0.667003563197517,0.213344282605129
4.3788749235247,0.743393774876127,16.9369807235948,5.94077783884401,0.372875436124341,0.60246748022087,1,-0.439539473895137,0.446521048671438,0.796924489563318,0.217345482478444,0.770012729431881,0.228685571282441,0.882978645472174,0.19708764482521,0.596369922678958,0.208955317602496,0.668115768677725,0.235809842020023
4.59108438531677,0.833585905801778,18.5948803151016,7.22942187012845,0.852630882108352,0.154962879430192,1,0.593748852637923,0.756143456724263,1.0025781998056,0.186284056547037,0.895372096469332,0.225681435825971,1.09512988227419,0.230045335990046,0.768031990952721,0.255270901469203,0.569979482468054,0.272910409407978
3.84732996911413,0.606977808389695,17.3192665340327,5.25163393371263,0.506529795538523,0.533468554766509,1,-0.401594139870926,0.468605710389594,0.976726897230561,0.181999881994545,0.70541104400652,0.207594437047586,0.874004644589028,0.188240046873031,0.813260712431933,0.236042852394723,0.685309561168265,0.264344640457923
4.73356949610734,0.84237173864428,18.9822245071009,6.65411055232392,0.9267765353566,0.0606849424026594,1,0.2721841035454,0.745747908202576,0.856129237073702,0.261008968985929,0.910012941890956,0.227127601663435,1.15637879531799,0.239473932002765,0.839751701599389,0.195348753663492,0.891236736169687,0.207530251209352
3.29820512175198,0.583584678671855,13.8269907571235,4.40598888264094,-0.109290289025323,0.295714812244603,1,-0.0287345511376217,0.514488173063807,1.01700366717955,0.171983498739276,0.538697345143304,0.238404070668433,0.76483536216571,0.222671705178081,0.710089247380929,0.226181982176662,0.933699683318645,0.173401741562993
4.97961248708166,0.902317524872313,22.0555852354843,8.01614478156926,0.508540182176823,0.549418892897923,1,-0.253389968937551,0.410270106067894,0.84872199320198,0.22044669086056,0.785705900570399,0.185888272442543,1.00648018925375,0.217507869956153,0.89402360430294,0.228674907729982,0.273386853519386,0.318667976038817
3.19777705463748,0.565163793851435,16.7564938117215,4.92912969444947,0.719163081652449,0.251114301315819,1,-0.201102272232846,0.44579050318694,0.689763497194056,0.208773329447747,0.852068380349748,0.190913604272979,0.541237701084208,0.218023760978856,0.84328655830037,0.152986315584181,0.475482950457422,0.249337976379091
2.87452406767,0.609588235818133,14.9406942318539,5.55885194564579,0.0397353131680401,0.450842054332872,1,-0.375504269193393,0.371977303276277,0.683902384228344,0.185772186354332,0.767866669014346,0.198725286813429,0.740111408047138,0.260342539024683,0.942414024814255,0.250861661329214,0.444665062385305,0.291561002737332
3.78916710165087,0.608494092947667,14.0154039520698,4.16759402604936,0.647803556568629,0.352629593172645,1,-0.42428812665182,0.467324717531069,0.832843882844883,0.169993801376509,0.733201527028266,0.174535902725782,0.805950752800852,0.200189666800098,0.61315172268646,0.203753013757744,0.678473997374442,0.219886355939716
3.37401406495699,0.58036212088783,10.8184593871138,3.65370222053078,0.142657026106099,0.43671897137474,1,0.00518230100890173,0.567417171597191,0.667349980975711,0.185482571292836,0.722819985044206,0.219631621288368,0.46316807664908,0.2619705211019,0.71643944862693,0.216867472777448,0.417531021822919,0.227554374487301
3.59657615089576,0.644387324659569,16.547619875572,5.51720436337767,0.36235490249442,0.537492194197058,1,-0.0827256489507614,0.473311174571664,0.817197786690914,0.185932365163867,0.606726421554291,0.226021025903313,0.230363615182991,0.263640308334052,0.853277628769968,0.207658113058586,0.824416374520993,0.204010905240417
5.68308984592716,0.912014308153134,28.1583943634959,9.16470293508584,0.418054852312638,0.995250173950905,1,-0.147619350335587,0.67243128290703,1.12144402050546,0.259703479472274,1.01428547523506,0.198468478214339,0.976670794021239,0.186979620557415,0.969515290327013,0.22020820435952,0.517278748276271,0.278486844110416
3.89848240707296,0.658381886052141,15.9303107359569,5.19399417475982,0.705217557777963,0.305614491371713,1,0.271393731649535,0.440141125999999,0.578531809254397,0.181496637261063,0.721500832888738,0.225589197746955,0.466693291828242,0.212511509849881,0.727725563016378,0.221079198128862,0.715343083841921,0.237478242056941
4.35600882080051,0.753328469106821,27.472017165235,8.50674758350776,0.669824936608524,0.523821021214359,1,-0.109814232585086,0.724158548028741,1.05853839929308,0.263053931840652,0.876075936818534,0.2289288162112,0.373887629976388,0.301326786834448,0.286192337676709,0.339799096251112,1.02654514150289,0.175823780682994
3.26717480674656,0.553432318733353,12.0960538844571,3.91825700053364,0.599856140604579,0.548465160287419,1,0.715966580191034,0.519953711698431,0.682927457962548,0.170444754018096,0.643512307197585,0.183029755601955,0.564782280290648,0.217672836806488,0.578824654690799,0.246324006863707,0.94746542078788,0.199374236443392
4.3777570502769,0.853504654234843,20.9110285283242,8.14235251274897,0.789163717817745,0.297183477405246,1,0.143633808289617,0.684219348590251,0.638334789549751,0.249999700065749,0.856496618317632,0.211546250851097,0.920827770936848,0.244740186930133,0.629829887760842,0.267749196934843,0.817081226230542,0.259479446189108
3.8510881878389,0.639834936542831,18.3747753437027,5.55298328284724,-0.071428519143054,0.352923542729467,1,0.321549732744994,0.35758010596104,0.580015749770037,0.193409846297113,0.870768345089196,0.19687987664717,0.945894294518954,0.203747717101115,0.774336448860467,0.198199467388911,0.890192256080906,0.206282175708028
3.59546165924008,0.655009964878902,16.95134308565,5.45706809160744,0.698080946527588,0.22610177981904,1,-0.0280136713422872,0.489334247557883,0.502241292063684,0.284328617181258,0.825226309033933,0.190942143591055,0.861769274915732,0.195324355687134,0.594187121953973,0.22621038370822,0.214350555702896,0.213576663606946
5.53985499345647,1.00944632310926,27.3097302863169,10.0733828506028,-0.334284235728463,0.250649305886518,1,-0.17391820485493,0.421786002100708,0.9075508173983,0.218744563944893,1.00424078135727,0.243477582548868,-0.0147379616790709,0.45046827113119,1.00633381455123,0.260241545421052,0.757797673446779,0.234903436921062
3.09991171426861,0.503001987824222,12.2597631574861,3.7046025604847,0.52405755413562,0.270686255481448,1,-0.4508255477105,0.440683731125391,0.818828108516997,0.186953589774363,0.593951112880922,0.157310663505693,0.759510205108085,0.176639243646064,0.572868705024439,0.24099664066431,0.438426328314458,0.268796151032956
4.08927779760861,0.622056087069188,16.0252304458608,5.12546949188848,0.436851893610174,0.503829723873998,1,0.533306562468417,0.396796933642534,0.148823083753527,0.348955187776076,0.744438862887787,0.200094817517236,0.622495825412044,0.197044672694182,0.742940523098227,0.204756451059322,1.11145760667029,0.145057826122393
4.54483988200659,0.78820244565533,19.9267241715182,7.21061880314997,0.861776314851703,0.109228936990476,1,0.0323323151061604,0.651539868377508,0.965517174355361,0.245127370264078,0.776144250359267,0.205012458847876,0.577086116645162,0.23299628456964,0.52464364631778,0.275671838081967,0.58020585261778,0.285123762730142
2.38735934953104,0.586127527790871,14.8627448554389,6.21278574425317,0.853241047620252,0.146691531761018,1,-0.79973919752271,0.690898406195456,0.842687020707984,0.316799177999118,0.597420325730006,0.290572171871615,0.541100682014382,0.204035901331582,0.476217578399824,0.261971941627151,0.714855067045257,0.323903417940527
5.30080414941628,0.845297365204535,24.9297218420926,7.70917186065509,0.519849214880044,0.661251723636224,1,0.887531551698629,0.748350678589077,0.967724026329516,0.268737538647282,0.781898214181588,0.204435102332662,0.839664210804621,0.22931438805695,0.841215436882169,0.220274952623046,1.07216668638461,0.224848108557829
3.62143868012911,0.690351932827144,20.9368394569789,6.85250205916994,0.209071419348812,0.334986367400511,1,0.0745340217698182,0.529391455967646,0.638274991649836,0.207918869509697,0.518881706861651,0.23870536330999,0.915180140838224,0.187458231889778,0.336923432807717,0.235436212263741,0.828636995799408,0.250953168395821
4.40935295530689,0.855437147794053,20.6289176513992,8.30563750315028,0.640862195395193,0.512647505425542,1,-0.240599486510747,0.511124508678659,0.744675419119978,0.268523939269407,0.642287732837834,0.348582886706743,1.14164083844077,0.202257650800593,0.610562501063943,0.258724129424397,0.781854977438636,0.19159423134122
3.44515454569761,0.542488704743336,13.6757954976303,4.11299447057132,0.643692296798209,0.30632449603686,1,0.0207579972423805,0.417781066489889,0.43959297319034,0.252034746683216,0.764677855667642,0.196248374675711,0.395419203817281,0.242530479740906,0.81511221920055,0.144506004628189,0.666355209025483,0.206983244361178
4.59195220682905,0.785512609767282,15.9079253128744,5.625828446961,0.586353877627585,0.494477414961831,1,-0.0312588936570988,0.596686853394009,0.925963325134301,0.224412649344021,0.948389294559727,0.230608283587314,0.183243062949718,0.262844053576056,0.738807337006237,0.249273836964128,0.495029336762133,0.260079222056102
3.414733177253,0.614625512855302,13.0091282190299,4.5688394750783,0.813969932225156,0.250758148863322,1,0.229284075297805,0.63396535101258,0.485490810549316,0.233891635839751,0.622091221515112,0.199312852546441,0.642622370365459,0.247504231527559,0.846155434309004,0.196707420352172,-0.128277475916408,0.365889129660694
3.75829016737643,0.594451228928014,13.9142763069812,4.55923396217476,0.235737852091149,0.409153912976153,1,-0.089870427813301,0.503749724658379,0.575029669001778,0.227191708034185,0.512910618823096,0.175308361007072,0.692408023706262,0.211183382930023,0.587362481387645,0.20131946823479,0.736847691125846,0.220926347028617
4.72087163313669,0.739004373729666,19.8658595608528,6.20290139243586,0.791571068420441,0.275398037217104,1,-0.226571650365138,0.606984070981523,0.69011957551161,0.254325511038068,0.969873627186311,0.239970538564952,0.619052343562749,0.24324956487377,0.894829858718389,0.178289788464849,0.938055981612786,0.159889140159668
3.72257982862442,0.581423662963349,15.4913133724076,4.70495023184178,0.407741951865187,0.472403087940453,1,-0.21174645554053,0.442926641445955,0.803406376116477,0.168410859304752,0.676807324086225,0.161294963422813,0.735892666009145,0.222192289240317,0.394448752672233,0.246691543544948,0.922806065397566,0.184244663283348
3.86428689852368,0.715780841119954,23.8218297638452,7.86275624160412,0.347338958536483,0.428925323659549,1,-0.635985369354598,0.63782587641019,1.11247815275806,0.236091275045159,0.640017457828435,0.232818848740518,0.813813310396309,0.235224962959599,0.653872557859074,0.194149209309864,0.42087052782843,0.240526200704837
4.342690069537,0.763519647447251,17.0384045287341,5.84610839975311,0.0350996166636066,0.422272170844307,1,-0.0938329685555168,0.401130334246464,0.926429672282522,0.193992958270583,0.892274497429341,0.196522503187971,0.962583635779981,0.202387660596462,0.677593706035948,0.269571290877652,0.578920334462994,0.261975276757872
4.06212033201791,0.6403501439957,11.0427904808279,3.64613906305828,0.844368448131086,0.115919661296067,1,0.159742596479637,0.610095875556897,0.653365260238387,0.233876843412267,0.774832295254858,0.180602802858344,0.755696085318626,0.200917995954614,0.497223110041511,0.231233264403281,0.930742341469715,0.251358616980547
3.21361048116028,0.493152673426681,10.5644548123281,3.10480223387964,0.471810973648209,0.42721642565421,1,-0.345716414176075,0.431154053922674,0.687605869426993,0.149693387621161,0.525898278244064,0.178394874553984,0.368777929473393,0.216948564349421,0.634325806825805,0.20112810682441,0.0193341516076579,0.288424102972336
3.11088856292105,0.5496283046768,12.952682222177,4.20849340954099,0.536658369551959,0.499113629597454,1,0.205581546279042,0.420332902539061,0.733712240361103,0.16367012913505,0.577565923507504,0.220994461840991,0.652532395770145,0.218567200983776,0.630556636549559,0.231991361767486,0.926804082788724,0.200125511253304
4.5901911472877,0.579256965328282,16.7302055635741,4.31156619810483,0.0902996886886814,0.370874850910407,1,-0.601672660763595,0.464728182679422,0.903418359333717,0.169409964266231,0.792399032302342,0.181190778078902,0.73562016912649,0.190186617175262,0.778301600837712,0.202760191633865,0.709921034849392,0.196459864575558
4.30179892928561,0.713610415238297,23.0775695481304,7.56507741955169,0.301949429634885,0.892285720960717,1,-0.403496340111905,0.684868998247006,0.931115067888333,0.231750869840166,0.774345152685067,0.158026476421388,0.372860419341955,0.264437681695938,1.2106166172495,0.217303175722907,0.665495793515113,0.227810634607147
4.59046299151108,0.74671146760337,20.3589777783595,6.54856646086948,0.580109433295263,0.384742822374815,1,-0.443896805066041,0.440069774574454,1.00058677204391,0.211208424055585,0.860407074647314,0.179290492125287,0.325444948490123,0.259035857528846,1.04826670800788,0.189505191996611,0.836298540925585,0.283990165452767
3.44267095247997,0.649710427752076,19.9472713558359,7.23468355542997,0.61131141542694,0.413582535052626,1,0.600859736441845,0.392533476597921,0.480985075579339,0.180773373469613,0.526003423655789,0.24876566485458,0.736916131662032,0.219873895381499,0.788321849661412,0.254360114274849,0.634850157953905,0.21818354152275
4.46293949380642,0.751357617514784,25.1362675692846,8.17231441614888,0.865367092124632,0.0881609936290781,1,-0.142897132450818,0.771408287660706,0.934235282466888,0.28905518946676,1.02782278585363,0.188760678823406,0.883998701504935,0.155780437959738,0.863885871085054,0.171135168851993,1.10071512432168,0.192113829962413
3.28970009745561,0.57660247390241,14.7956109274676,4.6952724429245,0.279472648755771,0.42699910080668,1,-0.127104674256707,0.547157514251558,0.664181199237447,0.265388886569656,0.755408559969401,0.196812618995003,0.832272642756841,0.17411150941605,0.548411349563667,0.216467316195867,0.802964118982435,0.201063106698481
4.52151955609405,0.917788812179471,31.9861258692858,11.8479009800562,0.0574033853884444,0.495077169060823,1,-0.630496313477936,0.574894035846406,0.884979263595828,0.263814067940416,1.0134621762408,0.255478937289268,0.855250901566847,0.182707380242875,0.567366311979466,0.274779946101385,1.16729586726258,0.206065592116882
4.80433932330439,0.717695153621341,21.690337272679,6.92764884956476,-0.0464020864063036,0.389276637274378,1,0.460849967078753,0.911014426775332,0.823962629520922,0.403539475301383,0.695799067230145,0.17917906798844,1.19736115519468,0.15467145045469,0.70382835990978,0.207403895601983,1.17245688531937,0.205775154876795
3.3552783280344,0.549167733465545,13.3654519620239,4.35555983564211,0.460133183403384,0.573401754994236,1,-0.68864371746663,0.660212666538777,0.634711665385992,0.298952319809268,1.1505155227278,0.212720968291326,0.874288334035231,0.162932232660108,0.659906678840587,0.213928240276088,0.715184320335408,0.230372719234429
3.22590769410511,0.534810204001762,13.4450002513337,4.22475880744185,0.293147788403313,0.527978632822275,1,0.0713890111786327,0.438099682972782,0.758329593676149,0.180049403533777,0.780030570463573,0.194782692454871,0.689267028446463,0.191760237943236,0.538022377959131,0.205205381179538,0.740280378014333,0.208320255213948
3.18993819611811,0.529509024274788,12.0302333290591,3.85578845533826,0.829051791544424,0.169825422918701,1,-0.715394223813974,0.578755932035023,0.820707350552328,0.191803425157984,0.907322976674334,0.187558270049103,0.38590655221991,0.218821002662399,0.711477025522735,0.176965889503391,0.703439646553647,0.224461630798676
3.91109069096433,0.657168156282157,19.1937990480382,6.13702180314499,0.17276145489728,0.540469027934592,1,0.285476627333349,0.436038978625809,0.498305826882035,0.227516495762945,0.655170671535049,0.204668589938204,0.642504665601952,0.245906492894738,0.740774737474512,0.194017434211121,0.831260634292394,0.15553537799731
4.06640858023359,0.731499850106173,21.2559671782675,7.65118108189913,0.328288076117872,0.404126741479919,1,0.21496302755158,0.432355524679517,0.841715754611877,0.166098281965128,-0.13872491792452,0.31324826648494,1.05275861603299,0.239806617495064,0.567423702055909,0.209013407664078,0.355597891505101,0.265890730118892
4.30718136597655,0.691314599050041,13.3832943950718,4.30016496555635,0.809596453574882,0.186421437526339,1,-0.0127343262772943,0.515817687818613,0.566736840846638,0.269413755855429,1.05169670361343,0.206643922630141,0.538396924310136,0.262695737771175,1.11670516189297,0.153784021221477,0.82960579630935,0.218452691941963
4.99973156626212,0.842364481519456,21.2321509294181,7.43120162045316,0.390548413992284,0.475749451375785,1,0.759785324636017,0.398081172987108,0.801304130145648,0.217663592584781,0.633774729872139,0.221131661462752,0.707364389666358,0.202603847062519,0.458449917783033,0.26252842528998,1.03248200300921,0.204788836459398
4.13633819922802,0.698731901231195,20.2843361224731,6.42948697703278,0.354871214858043,0.614211783650067,1,0.387366188728225,0.482613619088654,0.36029271306136,0.241685147221065,0.906723772743993,0.17464721048796,0.990441631247037,0.206690564068099,0.913952569440395,0.211312296500155,0.916554438017847,0.243919572432701
4.53463952059364,0.633312354942364,14.1162808759824,4.35304324175427,0.247589068691016,0.35759371030581,1,0.799208779544933,0.454100279845234,0.91815173323691,0.202504035170403,0.75149736541309,0.181630273406683,0.827819308597074,0.166691859137837,1.04313160101794,0.183943795289095,0.88102287789686,0.217576104466969
2.80172204901781,0.378045342352374,8.20438186456537,2.12917875220177,0.689064602371867,0.225538382060361,1,-0.413369971477235,0.432488513947152,0.556162910085253,0.201986093512931,0.536303233718913,0.169311312377664,0.543185116450842,0.151734199973923,0.401113538102643,0.169787932130568,0.902316045393279,0.146139069560653
3.28561167031805,0.54892892090631,12.7476020841814,4.05312485267666,0.609450533949312,0.301521965473775,1,-0.355942404290806,0.450562144766109,0.776434661432913,0.181332372974825,0.630856815379891,0.166116270329872,0.696915163570882,0.214938095431218,0.578285992821165,0.203556775761869,0.647423455276029,0.204200314823347
5.47991228549345,1.09543199955623,35.3967826057461,14.1083579754779,0.624499936812125,0.410705239297465,1,0.241499513685485,0.574225853839461,0.779757927162794,0.304265714661964,0.425640891555398,0.313232819415889,1.2067559047682,0.193582156410583,0.582394729391571,0.273694193805274,0.954512807971888,0.266714239710897
3.64856824881064,0.56842059700733,12.3902930932143,4.10659902755909,0.801473707907253,0.187955191356919,1,0.00341229211032238,0.489391802909023,0.778656018910236,0.194944949239599,0.684609024997525,0.175383035704135,0.568064373784761,0.208815678960105,0.324827335695752,0.249120222637009,0.793592796955705,0.202758270244021
3.52940354305739,0.540293991326589,8.55750045929503,2.66851880703116,0.74479763699308,0.179433762661611,1,-0.307466761602576,0.502104024561819,0.808917273562536,0.210551112565524,0.519079928462955,0.244983544359706,0.542883971413316,0.217346520942689,0.942072042743221,0.143933732291543,0.6477540754335,0.180782359716559
4.25379580108045,0.714173199336739,21.6424565796503,7.31390512213743,0.818209791412052,0.125583354929308,1,0.885751506423185,0.563542461717981,0.39889227012205,0.319608654543625,0.673267489899229,0.190723303959586,0.883469560179274,0.174159019383782,0.805019433803486,0.199924908801301,0.650691478903559,0.194984587269375
3.44239059447646,0.520357881308193,10.0109026253397,3.12667471963004,0.729564206733315,0.184190982776417,1,0.219098171320807,0.431737695738863,0.591508738923199,0.173056217202377,0.324704420512778,0.239550856158121,0.672666388507753,0.165116097497608,0.502207800332151,0.216804931246777,0.427873807825075,0.195941138169936
4.17249069099667,0.753538679782216,19.3851231849427,6.69485489104861,0.0993308374099078,0.427971979976419,1,0.0870547703463968,0.496104479685781,0.673234106416666,0.254233475607194,0.902560148584864,0.175072443888912,0.827913585686538,0.243315058741735,1.01901732009345,0.216257204320335,1.03827644419295,0.20537039681537
3.85225577532375,0.573990909709437,11.9580578702051,3.71742659401878,0.344132219562418,0.594328488656262,1,-0.768267817212221,0.45263161261778,0.857640331665706,0.157897365210969,0.85871420281245,0.1687471411598,0.670498166611988,0.180653254203052,0.620476376759783,0.228381170016037,0.684141692931273,0.204672944193886
4.83366191661059,0.746191297696528,18.8849121805598,6.15563827657148,0.29115139989469,0.40927064230325,1,1.05090602336078,0.496849371897726,0.372272308851233,0.318121621377479,0.40717877723939,0.200389602029602,0.819031704791072,0.187549584359384,0.853837200086833,0.191758290197612,0.824641349518602,0.231182490993128
3.72407012017986,0.53679261540262,10.9997112262102,3.23900607194678,0.745311956899671,0.185401169884668,1,0.0379936418524956,0.42401514272971,0.201384066558851,0.231182687188827,0.859591014234195,0.149139026594161,0.532607589577865,0.164166089232458,0.869398952748422,0.193027868803951,0.316817370459485,0.248560202595357
3.69448020442407,0.786202508248378,20.0336252666419,8.11361932898657,0.77055152791816,0.22356335292462,1,0.202545866915017,0.407134372159584,0.71412389694314,0.270079863781617,0.788549459450642,0.216729050246272,0.603881780888733,0.255248370716306,0.594796957080864,0.367357809044469,0.678337431413296,0.243533215046603
3.21993743363503,0.548150825236808,13.1426830562718,4.32030635457888,0.659878169184162,0.322137961485708,1,-0.54564474392358,0.434447928720909,0.580954465594646,0.222193869814032,0.201394782419332,0.203831249180605,0.885531579015697,0.170575937349809,0.571765521568708,0.275576415923707,0.386089838881293,0.224527903406536
3.19981873348211,0.597433776879762,19.4394439791862,6.31178427397829,0.750948743023414,0.316335630209517,1,-0.161589201057202,0.698370485179822,0.999626459189476,0.242241182609861,0.718829571168319,0.17667649695219,0.494994831914633,0.210006821603012,0.755617671218945,0.187093648547396,0.410284244103679,0.28557661075769
3.9974593269324,0.741055088935779,16.8719503195904,6.10574096953351,0.862606906713876,0.104569792895629,1,-0.571873392690289,0.505398558782736,0.842342259236436,0.153226084678596,0.966715168907169,0.209704929260409,1.01300370358926,0.2243932085404,0.468928410664194,0.276641190372904,0.880002074248196,0.234115109267508
3.94714475434573,0.659103140307148,16.5163948287264,5.482385536672,0.171467693978074,0.552088656490546,1,-0.180745835352408,0.55353904426661,0.717061422066931,0.218472567714519,0.412243840480607,0.218010732055307,0.601692712240338,0.214578788856198,0.773766491122823,0.200902215996399,0.934899830473176,0.231450767008947
2.81951589139935,0.5132407150961,11.3539607136728,3.93511650073734,0.564638354795036,0.51818399857484,1,-0.123515828414225,0.456179998133304,0.440244463601692,0.226651998080533,0.747541982142845,0.202438099170191,0.638549681292391,0.207599048891235,0.540011091154894,0.247927249482152,0.215838378489628,0.27469785932695
4.35760194088978,0.882301736244239,20.0570173559631,7.94544897735869,0.88544086035045,0.13033216633702,1,-0.220124597897515,0.619614651020381,0.725868522565608,0.264341683720524,0.665930934781395,0.303229465177132,0.77849726131175,0.266507606565142,0.594370287861893,0.295793891280869,0.706978303587854,0.218965974983356
4.14335828419778,0.695844517053658,21.3538925292184,6.77679474678161,0.770262264073737,0.254164278510568,1,-0.0143222661693657,0.498526937895523,0.784119718519756,0.214947182991169,0.847736591867597,0.219239326428892,0.39223708544674,0.244655187367897,0.821014573839797,0.191126526726871,0.798179608943363,0.208070639835265
4.27611339696297,0.749024361175832,20.5762750827201,6.82258392046979,0.280369174063686,0.568549273198134,1,-0.341530178005848,0.455418521137886,0.803692238779709,0.194414916105609,0.698184150369413,0.21676225483652,1.00903424979293,0.231400427907076,0.648153028664429,0.212369242993802,0.938205032662843,0.237936328814567
3.2358117185032,0.578756973079638,16.3542363656189,5.34508263407722,0.3739276980845,0.580672233303,1,-0.568715412150916,0.448317811064857,0.781577816892082,0.20661941715264,0.635515409619481,0.216658516783006,0.474842511036592,0.262091522877038,0.680956765024055,0.181628143661309,0.832942980978389,0.186853403268911
5.27750082768755,1.13581664001022,18.6278068308385,7.85698130541987,0.853187958843114,0.126308989707179,1,0.552718678019684,0.64956554177385,0.895416044256453,0.255147716134985,0.464170809130921,0.319923760838907,1.21840226572396,0.263226839407039,0.725482931025249,0.26519994525621,0.888811105236786,0.193021663653744
4.21312307949035,0.716478601008426,16.3209267676957,5.63153931080471,0.434255707267503,0.793218135013426,1,-1.43285553186461,0.481786162127773,0.907309348438762,0.183703799177508,0.795137018438794,0.172170517592113,1.01029871053606,0.165727019285359,0.613828259096236,0.255081387327448,0.431294858307629,0.314634219469402
4.01504605527031,0.687659369939378,14.0708289151463,4.83346518052497,0.172768721253173,0.487368567065529,1,0.0283893093141337,0.389103725111422,0.704316581847235,0.169479888392914,0.7430597957439,0.222223140460691,0.763916424118699,0.21924178911599,0.885796393746587,0.213832525310751,0.588622333983979,0.255917534243546
4.36948308924914,0.746579737644571,24.2325540535742,7.78931868008453,0.358525943666551,0.690690510138739,1,0.352085867048022,0.665458354450161,0.363372205208155,0.392167760720437,0.80425073059536,0.211078361306892,0.76024479420194,0.168663307395326,0.892297465306888,0.199355215327102,0.761167717207399,0.223699356792932
5.22444956796914,1.04319836070504,28.5472010410713,11.1762203366321,0.726590029649172,0.347327395171733,1,-0.815254027412526,0.665384700850724,1.27352316143503,0.244360403805337,0.866127783726664,0.224666800221339,0.939750093166478,0.254489239247602,0.807196398698774,0.266318231224144,0.780786035697669,0.267158135306758
3.37455117728752,0.692759581266664,20.2732180485813,7.17891076053176,0.0667738276782945,0.470017834757984,1,-0.590713866586588,0.498530898461082,0.6359248596967,0.242832888678742,0.61157351143166,0.246031155466109,0.53433876392215,0.253469364121725,0.903233371334323,0.220454987401439,0.780834403084485,0.20961661339608
3.88183390371654,0.63048425762061,15.0171694475187,4.80827838488451,0.388677956479741,0.67589293554053,1,0.362475425689195,0.517701172984903,0.719240637564897,0.235566911724429,0.689037352108681,0.189596883533034,0.817953979824068,0.20569996696443,0.366137326736374,0.27530936158602,0.598545438720002,0.242298680084407
4.09580370272496,0.693513817225623,19.3049749704884,5.82082429386005,0.335379313788758,0.565468122342148,1,-0.31961988692649,0.467426383295044,0.709844240617223,0.188781747634067,0.807956555576765,0.184463651467318,0.709637994338263,0.226451527935492,0.611269605452977,0.224934452018471,0.621043019880606,0.221396828701194
3.78611803085766,0.584440714332752,12.6098574839281,3.9385409774058,0.746390625562054,0.253527669979048,1,-0.292042976251021,0.576456313925896,0.857821464225498,0.222367640636626,0.71272919396767,0.225068860979721,0.805737904028143,0.220951914077952,0.801635737715803,0.207094217358736,0.485671745866049,0.207072610379139
3.95275726464726,0.657017757116877,19.3424733494387,6.23060965032704,-0.121606527783908,0.226271824402172,1,-0.854262695429467,0.485080284016973,1.13988768239565,0.137500008422824,0.607923352897582,0.192631015229158,0.414320045413671,0.319261448245138,0.901827270209678,0.227524762692289,0.696998963413288,0.229882624070272
2.69785299091163,0.534264437577669,15.6471617273267,4.99715109893651,0.807818031355532,0.161045507982696,1,-0.708224806435406,0.63199988663903,0.784765831703908,0.186092721278411,0.510655805997037,0.248411108949914,0.580496916276652,0.215861575605676,0.628891597951907,0.189437195637307,0.464117376624964,0.20806912598346
3.48948373053429,0.578203419821135,17.0121412271131,5.19507689764485,0.230873798178697,0.401561799268798,1,-0.0658829243026218,0.631663713919212,0.724699068563226,0.188674615193968,0.260224673109088,0.263170130556062,0.826341459002647,0.191276026945369,0.969347060025013,0.165905761230847,0.57510562421945,0.22764068708412
3.16497685876886,0.567988395881464,10.7243468064519,3.55118995738746,0.857131042580221,0.107879741365087,1,-0.121179223147842,0.600236838136238,0.693454355732725,0.17636099408785,0.573819425071451,0.182439770920164,0.865290580268365,0.211204737010474,0.533012574679226,0.259090450490552,0.0692055449241406,0.275509707901933
4.56415760644427,1.013650397282,31.6506469288916,13.5421506468814,-0.0187732881262832,0.475296344870598,1,1.03836527676426,0.508406766070264,0.607579988985156,0.27849489711185,0.847378180983692,0.236843899811572,0.902348038565837,0.238135656568578,1.45016161730394,0.258875677758324,0.577949135145224,0.310173054075043
2.86675469612231,0.530363795923641,9.17913416003928,3.22643013683087,0.405375078447299,0.589926234140946,1,-0.577708508193004,0.57078479294763,0.837549430254421,0.197021262490703,0.620186244726765,0.185299709257818,0.874531993901371,0.217820222586802,0.627628540892296,0.236089530625421,0.469146807663564,0.2603424581037
4.74562336282133,1.01768424714068,27.7713008354516,11.5639570254965,0.0204151141378153,0.641121489382625,1,0.296922770509388,0.542084379333529,0.784492557045718,0.288516271748097,0.825256805482197,0.240221003428352,1.16834906439203,0.218316287293329,0.57693362165474,0.274193851839695,0.783390038124766,0.288391824050571
3.99064002196768,0.575584878111198,14.8948911472686,4.29195042682222,0.715317735906149,0.227942507494817,1,0.166677599800537,0.592557039990331,0.92431391386798,0.227648004238751,0.957843734204578,0.192750974478376,0.649415672255207,0.190793767342028,0.851873578138601,0.193182328256718,0.586069232819512,0.214407657046742
5.36064191889099,1.39603408516606,27.7124802375627,13.9991615513788,0.0624892728853827,0.661683589897582,1,0.43700096569324,0.788091558344371,0.97259988716488,0.35275522451792,0.872539006826443,0.270339016534372,1.13428808217349,0.25593979241933,0.724452753719118,0.306390150720254,0.648336889444564,0.296217149070357
4.36142096341644,0.856903075373242,24.3443033178952,9.27361453241977,0.874327897181276,0.116719014510502,1,1.11887293593259,0.668200486334677,0.805327302493096,0.158458260790159,0.555899874291533,0.263751364341431,0.713269682336302,0.187657465649438,0.893878944397384,0.267184603240861,0.657630462287717,0.329446503458004
4.7707719292985,0.964786487209325,33.0053993570883,13.8547635212875,0.61234450125481,1.06884061820681,1,0.666820170089426,0.665664157126744,0.787200170323719,0.21572328296453,0.960248419305575,0.22785910077569,0.18580170305851,0.3597654355272,1.21104960031061,0.250638130380026,0.490714369469235,0.412955092507893
5.38539989509533,1.02765115989963,21.5024589797985,7.9553604812007,0.311476240225278,0.867435311903885,1,0.493577098070263,0.663010156820764,0.65506437809372,0.215451972323688,1.09006802940406,0.236280307731728,0.807469395650886,0.253440714407808,0.594281065851354,0.24256653224311,0.714806201253472,0.243027861297394
3.75677395621631,0.775517476470005,15.8767402232281,6.58355774946375,0.34567585613974,0.673028403450596,1,-0.165068183471142,0.476378711702653,0.641875935580376,0.214732408777284,0.684495569067143,0.232785461376201,0.735335826598077,0.281646206028643,0.732861465240946,0.249957633562279,0.550718984475834,0.280359433573487
3.43941559817636,0.640669280678263,17.0053851230913,5.83046623498967,0.214176578322545,0.589507633652959,1,-0.289787691862006,0.412062054982583,0.612393099816205,0.238076578157291,0.74077562266723,0.250357601636515,0.923447846313653,0.188108794901971,0.979960894002335,0.202147578125591,0.467835960906663,0.251238796381086
6.48361683154766,1.59747830992246,39.1582319930667,19.9927582691501,-0.606492433966765,0.191446511977896,1,0.952782125372348,0.55562109586671,1.23277032853954,0.232975623497813,1.29134895256945,0.263728964733571,1.37120851129146,0.288785252335645,1.16762105439335,0.290882830792713,1.12992538429078,0.360772273499889
3.64656611504962,0.67257866741581,20.8315576031518,7.34819253743759,0.373521550275579,0.679551085567988,1,1.4055431542243,0.532059861228962,0.613455287296025,0.250140653433561,0.487647708623329,0.251732211049265,1.07860712781986,0.192734602176738,0.430406051836416,0.301514096797877,0.924816031202358,0.209241537834562
2.78370954087133,0.578691323215268,18.7264191250716,5.99712273369521,0.277938638400672,0.629629990926946,1,-0.726703283628355,0.627935262151771,0.56696229025597,0.309463448317159,0.883678098898457,0.182352530461948,0.630345845960938,0.215208228142039,0.901507718372249,0.179308633155146,0.708230361127459,0.172943565307351
4.759170553664,0.836988019330923,26.6793803641349,9.15382519936442,-0.314729157564358,0.274409938123387,1,-0.704751097761336,0.64125002203493,1.24303540795521,0.213915833876775,0.948642088320603,0.202752716365182,0.725400479434991,0.181803277917372,1.01356592289168,0.233496706104106,1.11993810898976,0.234770505680208
3.8934223700728,0.639158619610967,15.3403768720052,5.05947771777934,0.474733946200962,0.7658546301537,1,0.123069285552558,0.404168297936053,0.748189293288869,0.217733729195716,0.712598614551194,0.202802694717541,1.03980369382482,0.189209870688375,0.725651966683087,0.239519947355266,0.643589702624604,0.238239907426039
3.86232850045833,0.616477924789416,10.3897374914671,3.47644037615539,0.417219025957288,0.45644284538376,1,0.540569762238431,0.396362916279875,0.813240323942561,0.173127246437452,0.81709396156595,0.183787123587138,0.858429235367787,0.199792348065506,0.650994196815444,0.248240873583874,0.456964596668851,0.267771248329641
3.96690813858628,0.647660907301932,13.8759683853002,4.34011973851204,0.592529889949056,0.461031729231698,1,-0.19917167897664,0.556509375187578,0.580962157269572,0.21529594713926,0.496950187498689,0.179048563084916,0.745588446339653,0.200097424815346,0.662983389893054,0.227329142081479,0.756119904001193,0.22616448894868
4.31159723519342,0.687508110663453,14.8362708089257,4.60989866602388,0.0440836201133204,0.564737778940889,1,-0.291015517235007,0.323253715003641,0.634055412869032,0.208712716506505,0.862453431536835,0.202674168192264,0.692382627569189,0.202428914964557,0.44105479831663,0.259597262735772,0.611460417089207,0.263601975460258
3.07028681964103,0.522791682682827,9.97767963214214,3.24562639513408,0.441819855476077,0.687700511677697,1,-0.797133613851964,0.455065260792953,0.881733255266576,0.153564509294716,0.56167859342981,0.173253687385825,0.606355283849195,0.214529708200153,0.543041374293753,0.233763734611504,0.58799667145785,0.20946448342573
3.77215881072922,0.645144335826276,15.5560419254526,5.05385923803512,0.208201740849328,0.350519714840552,1,-0.130614261290039,0.588817574772213,0.389371441326833,0.293714000597564,0.591687261411076,0.27858129136313,0.838515071131643,0.238233746970672,0.497333431805816,0.23705881938451,0.890655072220594,0.133574217512174
4.09320040354932,0.63030964258753,12.9500176876215,4.1427079014782,0.559099413888887,0.634530026980456,1,-0.0298972858202326,0.557205745465842,0.67992088645125,0.246701724926209,0.376292913676225,0.260882693657023,0.627941726114756,0.227891291169493,0.296216225671901,0.267043965025139,0.754791968060057,0.181505341755288
4.13823121492838,0.757127711138667,18.9586803278945,6.5596126904571,-0.198822607093003,0.343365013960188,1,0.853132174283008,0.560118406747492,0.463196246792202,0.323125540250979,0.548761656792193,0.270432634117687,1.00202502784598,0.18850145255111,1.06574283926594,0.17836205151031,0.976546965083393,0.23581223134286
3.76226325572421,0.611762580255985,11.5479797868764,3.76082133184559,0.536706783659715,0.602948403554788,1,-0.447785281720885,0.528961009167642,0.957043875457013,0.145110670231955,0.800408209456981,0.209146904697836,0.538628174051752,0.206518451406934,0.826684784335709,0.194863803505692,0.439149144974331,0.263348231852971
3.55747627837074,0.683016371783587,22.6791331847721,7.67381130599237,0.332360424726185,0.662384920795631,1,-0.568294580618279,0.419639491329834,0.531060249937358,0.216983637871002,0.519116035607723,0.248121692347478,1.0285843940011,0.188714676708637,0.540283708878546,0.22569659533143,0.745974398677352,0.225448677186662
5.27747894117047,0.787879980039143,20.5592199657616,6.54532925888286,0.701957971949299,0.35037554737602,1,0.875322884647021,0.440789504867787,0.669033493524551,0.210452218422657,0.711140697343318,0.184799051288253,1.02552398723318,0.165283816099406,0.316151970957227,0.307148870734781,1.1372727258643,0.222070280649327
4.57661385444742,0.76512388050173,20.4937465462006,7.07102379924847,0.804494554206735,0.171797948013106,1,0.0375220860671296,0.529365546574723,0.796905354250185,0.214615743488478,1.16581610449276,0.189321576982756,0.820287241820105,0.212964026315021,0.753398346232298,0.225687110204982,0.601564679308877,0.27288452318869
5.4128728186402,0.792158109569559,18.5693178161247,6.06930814370773,0.786311605642564,0.160766856028532,1,0.855454208988282,0.685038431665199,0.817206828588393,0.28104163640187,1.01188431555096,0.166909413158734,0.762676477198238,0.179779595556409,0.747754714578091,0.26707826752896,0.911417095311224,0.239987672727332
3.47823347547719,0.516840904389829,13.1451468490477,3.84959563368803,0.49116151752826,0.453386749889515,1,0.334013446524106,0.509856051838585,0.690854893162546,0.157862223556518,0.738943308228099,0.182049391076189,1.0377257828064,0.131935458949845,0.584922705060533,0.225945167886978,0.688833847549734,0.216434090753856
3.9640860694847,0.614433887145398,13.1030095711209,4.26791627547277,0.501697282945069,0.48387504335776,1,-0.242022427186182,0.416389213460373,1.02589626826767,0.133971078897668,0.607768434319575,0.193821325543965,0.662860519057574,0.2407028068862,0.401670831667894,0.264350163766703,0.536691771429591,0.282168635729354
4.49269315953751,0.786597897083315,21.5857062368983,7.09169502069607,0.12985635586062,0.409860303679755,1,-0.530418754094091,0.502622551227608,0.484844929259478,0.258955025838156,1.30882309494765,0.194107681561569,0.791843613038025,0.207879549651957,0.796461761251029,0.197817841329221,0.82173320910249,0.199779094030107
4.26207227595108,0.78542514750333,22.1114006487117,7.61196880353022,-0.189745629708248,0.255558131017912,1,0.0517423970254621,0.426464671939031,0.544688459400637,0.259320264306838,0.535064957347787,0.268201833989897,0.698732894709961,0.224039341560902,0.458043309597577,0.243955393270443,1.16813520220387,0.205197744925061
4.24532560927824,0.70635731328434,16.7047154877176,5.78397087399267,0.56222484528395,0.895382742252031,1,-0.305698197091724,0.7740285385326,1.03476293860375,0.24643606903091,0.559972937737597,0.207425709759683,0.740089722046124,0.199489503883703,0.656783792155491,0.238075614211334,0.559375172976418,0.214335137144394
4.5898398563082,0.783911215095547,16.9710811702786,6.20265608963154,0.872543995029337,0.100412550706864,1,1.06992353189016,0.578585057778926,0.647624979506449,0.166690881489417,0.0903467917096799,0.276058881071651,1.1574982288544,0.234126333484274,0.738716782847231,0.261480839333101,0.800852235316337,0.22641840815203
5.38402340917753,0.985544448013841,33.7935090988013,12.0737175009577,0.168946015888916,0.435117834150337,1,0.0997479389011467,0.933427436166295,0.981103719289721,0.329215264778372,0.966794413814828,0.262105716878772,0.76463404602915,0.227980726426635,0.80011742980038,0.237416640070439,0.952245274944248,0.201124443691864
4.80560822104497,0.862629637011804,27.5360248079742,9.55848914258044,0.320528522628319,0.606567066056622,1,0.0914638022490737,0.895978942696165,0.534636803055549,0.442938359541767,0.783248852046031,0.191060392092205,1.22599974220477,0.17356401102344,0.549997613387136,0.315814049911253,1.15402645724821,0.181879497039495
3.65608022510246,0.553551041380496,16.024546534112,4.72889160742911,0.486855656931397,0.556659884366303,1,0.489534045599944,0.557412193138896,0.608363936180248,0.26082491052769,0.630307845178309,0.22331885147887,0.931481694437162,0.163940657200253,0.589074576124434,0.197683725464953,0.672225164937612,0.195026408466459
6.58643445415958,1.27950879082021,49.3464447278771,18.7985786658311,-0.290054659428305,0.268276177496399,1,0.757398447158898,0.651986043425356,0.156862011284753,0.394335277994099,1.33682715758725,0.204502674198626,1.13789606708717,0.245880527934473,1.05780578068639,0.19729551859905,1.10784010258931,0.29252351803962
3.55496471121354,0.70328245286504,14.4304105157755,5.49342205145575,0.416058161579394,0.543319348697304,1,-0.169193434947956,0.481496617012166,0.441234513815901,0.223054134040018,0.783772562845036,0.177537924734063,0.778033083892808,0.245713089547788,0.801032774607916,0.222535326007145,0.582209433764458,0.285292905824606
5.5747534768396,0.997810474322794,27.4527578946152,9.80794061811878,0.315108174997425,0.65165057648799,1,-0.415301576505578,0.490665325437119,1.11116991077041,0.169986537049444,0.814437041735804,0.205365333440496,0.693733350252336,0.260915810642908,1.11384368543186,0.219637454617826,0.864423458514147,0.236802650470237
3.31542305272988,0.575632811527834,12.7908679421597,4.1304061020925,0.656845671830851,0.368202211105795,1,-0.250136731173233,0.46811253926664,0.59371897194999,0.194546661830161,0.580627914842392,0.205687039327846,0.645068127442344,0.197137541596825,0.495346923111632,0.210937736905451,0.778713332851542,0.175284229794267
4.37971649536586,0.675403680268749,10.9527999117045,3.5407196664873,0.539969330798502,0.552416349345511,1,-0.0146334989697584,0.437073038300065,0.918192226946988,0.207742296342639,0.505289602327496,0.24236729088454,0.87269434877732,0.206878711435272,0.690597278510156,0.211061932361434,0.511913241263997,0.187630975381205
4.54377786696081,0.890838448434802,27.0869576391641,10.7874430039714,0.751649498639463,0.279390567235377,1,-0.177533850642248,0.50583712362782,0.794910559210341,0.244845220583676,1.14215238880851,0.207653270746236,0.728394759061167,0.247182868863523,0.684414634428213,0.358155794103028,1.01747068086485,0.250463284068642
4.44041577673712,0.788873247353237,22.4739207490926,7.31013882310282,0.775845839647877,0.277822630067671,1,-0.659212332717122,0.773771036134705,1.2193545496331,0.202753405549823,0.755678745311435,0.190732078189083,0.675554971481583,0.196640307873644,0.77088870137329,0.233769340101417,0.65480943397942,0.27352138701952
4.66300806597871,0.860905988651065,26.9442032735595,9.38535064681442,-0.29456446686839,0.276337643328243,1,-0.195563454440674,0.495624118670592,1.04586949584711,0.263576078555325,0.96416148942838,0.15854118623203,1.15865177351879,0.200690869878552,0.923559085559449,0.208540391248643,1.22565766129036,0.234794817351047
3.51805276567221,0.508912723814179,10.9946934529826,3.19065754542867,0.644313721712574,0.368584288993852,1,0.337167896570578,0.496461843711629,0.713316841915708,0.209061843021852,0.767523260036248,0.183336933759265,0.784407718848351,0.161991023197656,0.379468303170513,0.225455615104702,0.474070489046779,0.253214986223021
3.63538979829382,0.625562270735533,15.4294992627379,5.34498103247885,0.920610094439266,0.0498934499666925,1,-0.618916378113095,0.836134414748487,0.887670684450015,0.233839728299263,0.767081922282849,0.172403671837253,0.769774459173509,0.208966584395784,0.296964506443479,0.220915950413019,0.759632627525306,0.251059192588309
3.77184506965743,0.607548510670605,16.2129688146088,5.03437552850799,0.808022663339264,0.102312647372822,1,-0.216797981031421,0.494725688154928,0.79227243050569,0.177703917779282,0.759605151594999,0.192351355360449,0.550128218911178,0.197070312225115,0.721663098307733,0.204879731759047,0.73273526204218,0.203759917166833
4.60958192531055,0.679873788855693,11.5950676199365,3.63564360980162,0.183064797599244,0.443603883526229,1,0.145794898572905,0.656073970626411,0.67494042933454,0.266424402737152,0.714484144951107,0.263410923851188,0.668540755740795,0.219808642352238,0.662194575324846,0.203848650053987,0.679859983861479,0.194288161578901
4.16723701794392,0.710153727972364,16.7922081119127,6.03058430830866,0.387032605162446,0.605443652978789,1,-0.0590622028024261,0.465174771613831,0.523917335586526,0.228262125495556,0.830210965292016,0.184135263746572,0.279875888527688,0.280284127145789,0.596176620511063,0.220341591863801,0.436670958925511,0.278258129214443
3.80578734105911,0.729121614068089,17.5000270337632,6.26812860732403,0.29678587742267,0.641103812148903,1,-0.488094457891871,0.563718994865376,0.807890292615272,0.210965421334504,0.984499110572731,0.190625881001561,0.690530666216064,0.234648940111947,0.752822043209533,0.244617434442928,0.7276068347432,0.223736856965801
4.45276322544709,0.831564035326539,21.307740898044,8.06970369287885,0.920045972159546,0.0505410362842893,1,0.0463636591632044,0.663220168021368,1.08728672052013,0.128573495424075,0.876682299516115,0.228830910195396,0.972097743817893,0.247593173539345,0.941259090390412,0.239334686554326,0.938902642527802,0.232825977931464
3.75467950175397,0.555288930148215,12.6300190151817,3.73810195004273,0.285911688653704,0.451361613661827,1,-0.513920724356847,0.53402237443322,0.864749592867303,0.180784691287421,0.727207181974046,0.150635554170976,0.536544496107598,0.23395329710789,0.363867784654182,0.268613999249762,0.178068107841425,0.273146020250306
3.03424871128206,0.503094008717768,14.1578542928863,4.40546252068746,0.513092020994279,0.559193422710944,1,-0.198212604401358,0.480704212053946,0.67169735755795,0.187626560264429,0.577914023296559,0.177559567209133,0.724437170431735,0.172767878993721,0.16098766436619,0.273187208084092,0.84179401796041,0.248871981616809
5.32893688394906,1.09106002045879,28.6581857505778,11.7843074759498,-0.0860044352807466,0.471898017640347,1,0.594929779237773,0.664293900688592,0.886909293647789,0.279923457876662,0.814546104311979,0.231692774594692,0.903670919209704,0.265443783777725,0.747178430795064,0.252230918821268,1.00848434757562,0.207209505061821
4.06417895199038,0.635868558946569,13.3678187464077,4.16949996923488,-0.0717654343790978,0.291373179093305,1,-0.0195616034776105,0.392882967225559,0.653346715662846,0.190321732334412,0.625093588964716,0.21643423026312,0.696334423843245,0.202265485034003,0.66297519205653,0.193523484166348,0.894619445670124,0.202703031689951
3.77130175585417,0.700334185460653,13.6763184134395,5.00674443237313,0.44320375232871,0.752028867902379,1,-0.437280259181174,0.734489764625363,0.767454689195962,0.308793292164095,0.663317133327993,0.166394916596581,0.919172651837315,0.187435744132003,0.667155008512217,0.220296549096085,0.884727057438946,0.205760072594601
4.14157552638899,0.828975075481105,18.5911011944789,7.5959500220858,0.537712375218645,0.56105601432419,1,-0.266858737832633,0.675587291086822,0.761839699675965,0.231407461065012,0.848234455903663,0.219496219821505,0.743840131143931,0.293236943575528,-0.0902111550674693,0.427431198597249,0.735039878076071,0.306250315685703
3.88617550971538,0.689014270828656,18.6619985627516,6.15722266189496,0.0905846070201335,0.483343184513692,1,0.302042455449047,0.526507590218292,0.670397942036734,0.211899479389379,0.902294795096421,0.217541370733468,0.719415803183076,0.24268281671579,0.976047282215031,0.173697777786431,0.764474025378838,0.264262848948845
4.5716953200011,0.907524737380463,21.9120799049324,8.59445346624152,0.816073999543958,0.169233765014982,1,0.71643194884706,0.559430922135569,0.568862827126595,0.188018831631316,0.864232460008562,0.256469797714893,0.765077688600272,0.245268797915798,0.627544863847657,0.293193537834418,0.807046370535234,0.287309881977385
3.91868200946425,0.687921963868386,17.4546402568678,5.8558269131968,0.287793314581507,0.463140474324637,1,0.854187953526852,0.455968387939259,0.588507761488884,0.22122387167598,0.696362682030803,0.162368773639576,0.905512376141788,0.240190941683648,0.756091595681913,0.234121758879251,0.7856296083325,0.205089720804145
4.43934825670596,0.704002974150409,23.149678334681,6.61621027910333,0.750277702160105,0.173934733087329,1,0.0264657011888599,0.528417514265731,0.889338324345541,0.243997843220778,1.08652545857898,0.219079819622886,0.541695125738299,0.194215353568444,0.961736309714379,0.148703717542086,0.875961568337409,0.223136008934392
3.81344154622862,0.727697408603279,20.4633217998597,6.85580235270523,0.715073844481313,0.259592924619908,1,-0.606747508419139,0.561178315002664,0.977523978875951,0.243892680596442,0.364357707759461,0.255621631266514,0.590045592245085,0.237897245604967,0.752149710908415,0.198588992708316,0.850441567903165,0.225860921956769
3.45566374965927,0.619857863318872,17.2080777419039,5.37888811706962,0.386512481307227,0.612347681287813,1,-0.313501744701266,0.526030928788781,0.798298923659424,0.201844901595004,0.533258060266516,0.221220485407135,0.635449938306543,0.185401146829253,0.957625296696114,0.172760619524102,0.74004028105719,0.252710520794423
4.69095777789768,0.816488101071915,23.7205688597119,8.45624786566992,-0.15722897443257,0.392418377695077,1,0.572129519524061,0.78997231513271,0.580676807718887,0.32092471598081,0.848823212088942,0.22885817632251,0.896194844683244,0.210521601449937,1.07631323415541,0.209054145555056,0.770596347452667,0.245302031150747
3.89980498004875,0.669381257770141,18.3485410604763,5.78495824438603,0.773239926539874,0.219421551424454,1,-0.946688682505373,0.522880035939397,0.970973485019215,0.126475377515318,0.686767438400676,0.261554329784817,0.622289328972928,0.187758776922323,0.799126790013985,0.202371055763566,0.651836099972505,0.222234337303418
4.77545386389781,0.821355277795973,20.2309155761582,6.62229025092652,0.823765177519044,0.145852445610505,1,0.333275606042942,0.681863601614067,0.62189358731133,0.247027873737553,0.992849158727602,0.211396856086373,1.02720713677203,0.210685874138647,0.869751961252065,0.240388444220746,0.718573045756264,0.246187574739114
4.08847805630164,0.587947700452608,13.3581797390297,3.92444962520031,0.552856738128293,0.434610651189092,1,-0.0769465591399388,0.487373995413801,0.393427121444799,0.255886498441477,0.808880418918621,0.170794038242082,0.652144411494927,0.179651253482108,0.785330523006596,0.175924090095998,0.902857682611167,0.186025401813685
3.4978795848491,0.600536566552781,15.4537376548427,5.24378111155141,0.212644309386317,0.440464757100888,1,0.398633452903241,0.576228129058108,0.644229085091742,0.28575785144702,0.856171870596445,0.191385966710679,0.614179001582643,0.190324213553251,0.932987044495868,0.192231649586211,0.687721969307725,0.181429636188328
4.74965133838435,0.728172057566794,19.0543992216948,5.65524844008234,0.508907386683881,0.542579303966097,1,0.409064399035617,0.400912692990453,0.689916635491241,0.184889793334537,0.629724662390438,0.182257638333772,0.87576212753064,0.194148399519152,0.516607461964786,0.239765344701008,0.885041220288854,0.214692798298141
3.00147255730515,0.604149145449757,18.730471412502,6.46427552462079,0.83174721281268,0.236278053071119,1,-0.751145319200095,0.724930559896644,0.774300574593349,0.191737000747424,0.792661259848073,0.144090542051158,0.419021236772595,0.255019119874315,0.869620428043185,0.258369151715272,0.437375788825098,0.238848118790692
4.18712847759185,0.650707420819139,16.6307942710167,5.53879534794243,0.763871117105799,0.214747782815582,1,-0.0400904802555744,0.606887335599753,0.632417910156869,0.251428143932913,0.652762744750048,0.225099393574578,0.851828593751667,0.141347516615493,0.439185016614563,0.20655410799193,0.958324791323924,0.262756367466993
5.21018491008233,0.737098328807572,16.8143553446547,5.08443754870909,0.467316212045034,0.472415046162753,1,0.0574209084541335,0.558874038190324,0.71808007077763,0.200273365695208,0.914573112731889,0.212148612210691,0.810810647446387,0.196619223089919,0.804983831456998,0.211059061402297,0.76054819070136,0.217567343633388
4.27453395191758,0.674237000368076,20.227405655496,6.18209138469212,0.761093715378295,0.200889807715642,1,0.0931987379761124,0.518760948984834,0.405570880963457,0.276296076690859,0.863250823294801,0.201438281757398,0.995977246663156,0.178763863337083,0.492469454379744,0.215301752120097,0.937099755867658,0.167526560599116
4.54304680461075,0.818251891383114,20.4291570240144,6.97546080234643,-0.0967115055680886,0.363310783980644,1,0.0172815642543703,0.594806639752541,0.570371399714076,0.188662699887424,1.09702136838279,0.179115294763087,0.929704657503084,0.232199333960884,0.913970392665266,0.21207725872407,0.800085133524588,0.202833596903895
3.4327830596703,0.614945908111481,13.5190694250511,4.35968434436955,-0.0569875882642619,0.408628257625776,1,0.0368741530482911,0.470801517775616,0.542847314707794,0.25629514211125,0.978558366520553,0.161593756942002,0.589271202686859,0.198574948815305,0.751995518227445,0.204419968823417,-0.0507939162788491,0.392412037465081
5.06108239321109,1.08771148960542,24.9096211349954,10.5080207317713,0.00580160087588942,0.510027580183736,1,-1.3456530403148,0.790267938902266,1.10434791080977,0.237322211107884,0.672665360348731,0.249187410218998,1.07402531514398,0.237665033720665,0.776671640256853,0.257417604429934,0.539659792785899,0.284070946058277
3.67971137044643,0.617371500397629,14.4731357454863,4.86154580647294,0.587089637894004,0.260123458805171,1,-0.104871252530302,0.457087041067031,0.587025821222428,0.197825667289528,0.350007414604447,0.253421124290512,0.662925516121821,0.220165071890621,0.791621582791222,0.206473706275437,0.946566338473337,0.176479618838873
3.70277867199591,0.659553372294906,11.5287770834663,4.12366534332753,0.00187046054654441,0.406554358771301,1,0.630657147874578,0.586023224662485,0.132347189278321,0.358779997986196,0.770494100732569,0.210477457699462,0.384223943189278,0.228676701105238,0.863107482321217,0.195435784741884,0.474687972235149,0.240443975803852
3.82879113601074,0.632388220449673,19.8910419440492,5.77206079253805,0.0764724771739327,0.365375283698341,1,0.0291879903603321,0.39081991081861,0.834717135417578,0.167198460152052,1.00586733190415,0.16509307795516,0.659583876044836,0.209303951089895,0.843483109369947,0.200905178316484,1.102945780761,0.182395147179388
4.46638999353656,0.78452210647398,27.8485993694526,9.02010785879741,0.388763040852509,0.46888551260407,1,-0.498877861787913,0.467168439509374,0.869140675710225,0.233160177357072,0.592269315341051,0.274687803664221,0.660916382213811,0.22558763169618,0.54643943800972,0.251453234945992,1.06627599299583,0.189821519502177
3.74706174299536,0.654449233356305,16.3128307817168,5.51133024307947,0.674710053841325,0.385108516702784,1,1.21008430323352,0.560876271178897,0.504090087165734,0.340715177563689,0.486929859434315,0.233708392469331,0.994537011607994,0.163578504871905,0.316674589234395,0.237986473874693,1.20190289529015,0.211325465376282
4.86656484073293,1.11075146024002,36.0605796636541,15.6015141459892,0.219795770664934,0.399426346273781,1,-0.223822927379229,0.591842708825388,0.861574330271891,0.25524904565708,0.987732031204642,0.250994205689116,0.502832324375521,0.320399699463174,0.634322162604918,0.328932900934598,0.541341543299184,0.289590885223505
4.53657498869206,0.782404045387684,20.5455099725307,6.87489240165327,0.146389703765203,0.425008773255569,1,-0.512013960621222,0.478527774932257,0.847975336956168,0.21008314543001,0.938835508468693,0.20316995865114,1.01850806772464,0.171539022411611,0.791312268121869,0.229908775523519,0.832203443527983,0.194051844614377
3.77777200344729,0.612522456425576,17.1817631532899,5.18435544859944,0.437623220537517,0.490161863806575,1,0.102662209287868,0.442436733719325,0.78048161864608,0.222723711538689,0.723908391242942,0.180539478036843,0.488437477864813,0.200709914779375,0.669262649796636,0.187705333539557,0.915751593476572,0.222123812994992
3.13600456466329,0.623798155192163,12.3898198147248,4.46477635550597,0.878644417195874,0.0959781770636681,1,-0.785809441996839,0.637461801016009,0.448108001684426,0.260975456468135,0.672247343207627,0.183588503661703,0.767807786197778,0.209906575275011,0.255388223245638,0.268216149879495,0.0752229636853662,0.267657438148646
3.6612417321742,0.639418289805841,15.6717189874931,5.07158249012456,0.367995842161589,0.583228986527018,1,0.78563504087549,0.585605425567091,0.683912392554426,0.204788936857186,0.379365996387148,0.28109353486035,0.857848495287855,0.24354817221723,1.01649940863928,0.133601624871361,0.784956060595586,0.246814018307986
4.51366719347761,0.744375462311507,20.4569446801566,6.35673932947225,0.794973057398248,0.12305802767829,1,-0.760369815169983,0.527771080951693,0.818185756122483,0.17038689827322,0.718406949803936,0.221376280215184,0.979115998077532,0.19019400070662,0.538388920669561,0.217482282753273,0.792238852305082,0.179258236716705
3.61206457183837,0.645885819585538,13.3623211290157,4.53039589885942,0.702999771918676,0.354275581243374,1,-0.661410597465611,0.521667344298556,1.00417875848173,0.178435098894875,0.628498262326798,0.241449005730665,0.505228364488718,0.238445643304672,0.441648788851588,0.257450468152828,0.45993104388109,0.246813479915234
3.66541236915245,0.561197226742818,12.8811954909283,4.04102207971491,0.747379913561333,0.190292190638497,1,-0.437323123716619,0.564405807511281,0.88795035873273,0.189628430400875,0.727409940593421,0.191993746987989,0.733238590360628,0.202430168886883,0.376408589059296,0.212846066041347,0.82944985658958,0.190547512041606
4.33444730191923,0.801958532538842,14.0379308166504,5.29876823158711,0.828051077123678,0.169454092258576,1,-0.629811604417273,0.75714820871435,0.878954000026092,0.32935391239562,0.76710592315447,0.23028193203204,0.914427684013277,0.235507999954212,0.610990703657919,0.227892756990423,0.348438656509629,0.26180016565287
3.91205615244024,0.842024545302283,17.7556704913226,7.77231360837266,0.32589810312392,0.570794373847059,1,-0.55822510883955,0.462785880015399,0.621518711543067,0.221316947773877,0.522165062559808,0.232830061828343,0.258184557005309,0.348279468005705,0.505309945039551,0.301579777234962,0.354963240180103,0.316009266472911
4.06013671274601,0.780900212643735,23.95996964884,8.32778176160625,0.336873277248867,0.442403806414485,1,-0.303704181612671,0.413507414879369,1.0227334977594,0.180097399112987,0.941308949006247,0.170297630957443,0.930565059349594,0.196056046818474,-0.0442454006970079,0.351165740637559,0.92841578330439,0.217569454222428
4.23399196188548,0.633980399319458,17.6190746927517,5.20649413432276,0.104861152544481,0.38910848633431,1,0.250144604622049,0.518420656251305,0.789477461909465,0.185218447525843,0.736758910684711,0.204162615570311,0.757061684079632,0.173156869105295,0.814376651123898,0.168355984732414,0.775691623456298,0.230347205339001
3.6500632474467,0.78169853742628,29.4935482738349,10.3312070498708,0.329137420478795,0.70240160740893,1,0.110979581697831,0.348090967349466,0.800927698083541,0.16717619003384,0.543582349554741,0.244550646818108,0.674380664779177,0.24185506683538,0.748490348405441,0.281659982185531,1.01259728873758,0.214705207260485
5.36543531392552,1.14783682059637,31.1379622460489,13.3844342370232,0.23261923328792,0.670426401753416,1,0.418374657291077,0.690184522012632,0.934562000058879,0.260061239134871,0.666002617253016,0.24486770768855,0.649911014007079,0.319026993035397,0.572947685850499,0.323578008053387,0.7046007475995,0.327859490773588
3.83207109233647,0.632975493983469,14.5947008407093,4.57095767824176,0.485529093289828,0.640573397014523,1,0.220958326293066,0.504374138516303,0.6538115093035,0.242189167855295,0.60078161150583,0.186284987971272,0.954261802715399,0.198861327714985,0.77970252226858,0.208070749632635,0.899486960809871,0.212514548541815
3.70794755538884,0.545990365941436,11.9771389114709,3.43513688506714,0.781284256046268,0.176188146045338,1,-0.171770427350037,0.455938105603999,0.750691187764336,0.214268416439964,0.650727171060917,0.202805770131859,0.552226248768739,0.206942747202926,0.880663288815197,0.164169521847723,-0.0733635842009708,0.285741876080995
4.47552116462142,1.02746882263472,24.5666892813124,11.4607190730573,0.113980150450459,0.535478192725168,1,0.475654155716049,0.565690162159255,0.613602305241067,0.240465537097268,0.706296559815574,0.284108653840685,1.15684583442233,0.255274038373561,1.08161664110253,0.28233040602855,0.0996104440523277,0.457184611668687
3.56624850329348,0.507807448169928,12.4983414604868,3.37757963893146,0.343128684448558,0.308829976195346,1,-0.547675650990202,0.626390330319111,0.442875846161678,0.339330282524502,0.815318272613394,0.177796351536144,0.620484228829055,0.160020998950959,0.888425879945561,0.175872549066306,0.433413275626785,0.19925658599872
3.60866652389053,0.625726952777806,17.7593833174526,5.51475986602245,0.910371829386252,0.0585732694013767,1,0.307672556306474,0.631184923307105,0.604360472480775,0.243905286503078,1.05092359507936,0.139144150014021,0.754066397166563,0.188195164763321,0.847874181783561,0.222912299740018,0.849933216299307,0.219104754112009
4.76202461530328,0.912527912657662,23.3886645633863,9.16961428435962,0.667972379232748,0.421845907079168,1,0.173760854113486,0.55867187471295,0.638672419464196,0.305471971590095,0.789886048999669,0.195731162219511,0.624885947986722,0.258664362399472,0.65163380225807,0.265978842479698,0.669099092186076,0.24965342666247
4.59504054776886,0.776001353673369,22.4495795902045,7.21778783462713,0.372493476879202,0.58617600497482,1,-0.182060324227854,0.547926048495821,0.835696725350698,0.213998735160393,0.716801156782994,0.239828526537243,0.940930769733997,0.205921633960936,0.837065539848255,0.210885936357115,0.783188986496995,0.235994097301018
4.2874506541328,0.714621903481444,16.354336403066,5.19129253552405,0.188968400588178,0.257507616706323,1,-0.155953256946484,0.615801295491143,0.974749889768042,0.132879640498591,0.555792906432888,0.230071354559612,0.914448647880754,0.19390341586644,0.533478207711028,0.218783331268969,0.350273925909759,0.293515030172027
4.84294728066432,0.854828442789673,26.526797883976,9.64166676983554,0.365499593279709,0.726592346665136,1,0.699970530193547,0.529347641075761,0.762210005067439,0.233176423317385,0.956561540813805,0.236656919262023,0.939609685201269,0.188558813105088,0.63922187300602,0.300351422689607,0.719520111039504,0.242530101309715
3.93067516680167,0.790743280887011,23.1419603901225,9.22282343391047,-0.185635554398965,0.447117920910624,1,0.867702863259333,0.372007060976242,0.598393082140355,0.263959254386431,0.958196839395932,0.256829422571854,1.04744270026125,0.2088598374287,0.907123249072383,0.274702331688094,0.848674992608805,0.235404827533994
5.92622044662964,0.918103370478389,26.1885056368174,8.44122996981601,0.177850523277383,0.53021065885178,1,0.834673320602248,0.64570554320389,0.797689723444594,0.2352644098633,0.685357325986112,0.290577901248281,1.07615219623761,0.206942131932082,0.867356456099912,0.179327883662482,0.923936339083851,0.21079704340171
3.48482863136995,0.655398815358769,14.2549362512055,5.14247296015899,0.748078649224106,0.257929008156408,1,-0.756908361655373,0.689900263234316,0.650647782252855,0.304666664118514,0.716785749621372,0.22616383531843,0.784818859719413,0.212086936066459,0.880858823085393,0.179869578868588,0.664396090453774,0.204023766227847
5.57723382742284,1.04837180647541,30.9513148092439,11.4607807753355,0.725907596231132,0.429721515409912,1,-0.157543095662293,0.630683494907489,0.434526935586478,0.333499818952627,0.979354952516077,0.211730914372017,0.933753727915763,0.296324578123309,0.71027942250482,0.283625793991945,1.06230849559098,0.210149553588397
3.85497631747127,0.600383102239925,12.9467463317227,4.06729298753272,0.800748786994696,0.146782776628631,1,-0.279685118074355,0.494049170757579,0.929442655249504,0.165380330172611,0.633606235745673,0.207551138177429,0.635261879468696,0.208574863649805,0.663075792109246,0.194483505753451,0.594445696408246,0.217364950683387
2.48853283978875,0.484594361180583,15.5255537133864,4.59870779498119,0.342898599285235,0.474326811158671,1,-0.497145412757951,0.40778804676782,0.655672023813764,0.16043977913971,0.755393542774205,0.205523172300351,0.749554327995018,0.187670030250188,0.796756438831127,0.161053673611358,0.529842797943437,0.227299248547462
4.05343994400705,0.664752183501364,17.9173914594075,5.87767645632359,0.420633485354997,0.719635258202616,1,-0.154583785494128,0.55755848593911,0.868271718642414,0.217340713821793,0.798830467887403,0.249823931548774,0.65754380562853,0.203437188781762,0.392281779592257,0.221160068114452,1.19601053355086,0.218443379687275
3.018031632965,0.51394043721478,8.9035107970064,2.96742622517308,0.550859164836685,0.724264418553195,1,-0.182344258961113,0.475773780049263,0.499663955025357,0.203683937513551,0.640468989630263,0.194330321735698,0.268276812593988,0.244727302426221,0.703475350717744,0.211132845147039,0.472998962611919,0.202548088824461
3.03700028300429,0.47384966686487,8.19444096561336,2.50283501738955,0.453927926676481,0.54255201691008,1,-0.633954917449284,0.400559889660242,0.487028177379603,0.188467479491812,0.833143679827747,0.147173449394793,0.492425004163091,0.218704746551306,0.476707655100879,0.23193671137406,0.277622470181635,0.289079616138991
4.30857019244041,0.722090915174003,17.9219333057823,6.11637597075883,0.301545859227404,0.410998674153509,1,0.0246248829190494,0.428435602549918,0.850912567440024,0.245907173599519,0.629149623184948,0.280023361755993,0.750004417681608,0.21986073463299,0.702239823442776,0.268927076469608,0.756688161192888,0.232343439149378
4.19855130057881,0.68429945338413,15.9291527669188,5.33967556436017,0.905360576811412,0.0683169814837321,1,0.182490819876411,0.624079733350767,0.863432983760242,0.21714763108882,0.743700604027288,0.295002899135975,0.829212622872118,0.239966716951834,0.737050916503231,0.219768425032837,0.722860372165892,0.171337383951984
3.43944419231889,0.472990673822513,10.2462951997316,2.9020909093104,0.685454141286545,0.266446345556181,1,0.022712574666912,0.486489313901035,0.75612120717991,0.158956927618078,0.126219495599531,0.263004888772393,0.738559453204784,0.168570220351444,0.950351534708932,0.156618648313373,0.533532758731155,0.19386873382598
3.31326585226587,0.488316644754934,11.1691129367283,3.29086500285527,0.599556050089784,0.476517327563958,1,0.658600178172452,0.531689820965138,0.169460537182911,0.306588112692916,0.665875327693648,0.199517717453557,0.850013875412245,0.170373855945548,0.602567649366771,0.158127348171111,0.476602951382937,0.198888006929618
3.84878133966498,0.648079037201621,16.6609721804543,5.43032256916141,0.0885045565905828,0.422412407644193,1,-0.186224067647238,0.305622163567022,0.636850649761888,0.193399292312663,0.678989146167678,0.202264492186916,0.719843546375015,0.171576520451208,0.71200693215899,0.207396425627628,0.683270691875172,0.233618097067893
4.47099840637103,0.783941702725456,19.2395364868844,6.99412807237668,0.470588777249583,0.860437686845024,1,0.207961433969135,0.492398401938438,0.773709879908731,0.210502650102815,0.909954892853078,0.233104521382575,1.09907618527855,0.178378935215645,0.757318522889614,0.245641407032459,0.803516586842863,0.236735039685941
3.90240146139009,0.575013564258612,14.8436130829473,4.41464659806432,0.786224120209577,0.167515792397295,1,-0.0362309340218026,0.443434561770324,0.654100327350305,0.177444326000222,0.735171778355114,0.213933769579752,0.643150319350148,0.201137429619639,0.675327901883602,0.213904184192932,0.654955275490609,0.178338858279339
3.31108242835353,0.496344882006402,11.2481481054228,3.45101636922255,0.506965527737286,0.535786641084782,1,0.750886182309176,0.393439637191759,0.263852730233962,0.226450426219345,0.657793325751186,0.142609861086699,0.502224583670856,0.203634975905815,0.553539309688235,0.212362522674471,0.649529701916342,0.218528357020329
4.94101832339438,0.69875674243383,17.4048103080761,5.34535532031379,0.889668652899384,0.101677026048154,1,-0.0534635553674642,0.805429323739523,0.937276140432387,0.258695264804509,0.761543385566523,0.295047643564878,0.90669130964455,0.191334991952488,1.16744682818281,0.203443429919339,0.859712046269829,0.161881609549595
3.25285463407617,0.607547710524607,14.7160695888571,4.9042111979129,0.773513160427426,0.229854311902469,1,-0.0831182171201703,0.594968620422239,0.708182377106109,0.169306281669913,0.562601056759833,0.250688319218756,0.680328518761415,0.244967230788076,0.600332597489484,0.218757288054369,0.741359899346866,0.222304452567159
4.29707509709752,0.923287368851659,23.9507016417892,10.2715286539774,0.192916032844948,0.541100537363754,1,0.545677920405721,0.689078390733546,0.519771061687996,0.381286294332287,0.842195134783751,0.269178521306854,0.807493829239282,0.214771016194905,0.832944661153563,0.202662491257402,0.592018098946961,0.302344814439478
3.03301018525399,0.608386438266808,20.2279989519062,6.50551078440238,0.15155732991169,0.419491984725978,1,-0.472791224819399,0.418569914268167,0.745279513161156,0.168167923510543,0.432097116768873,0.221158886967936,0.775991668597725,0.204644115714668,0.613095621051346,0.238509090225474,0.842804806561807,0.187501865620589
3.93286277439424,0.571993680387941,12.2373321637204,3.79085456364619,0.706069936384774,0.21698226828327,1,0.819965824847045,0.463398961798011,0.369729276077896,0.297685184100717,0.994959887921358,0.224095206394766,0.526491523220836,0.190378888398364,0.360153791426361,0.251470216733343,0.78234643715071,0.18462613557087
3.60957460275698,0.595352505838763,13.054174838337,4.3071614606703,0.629171290556053,0.539246072364254,1,0.0624565452338875,0.647776194235031,0.690485016454239,0.289804143495589,0.615908808538332,0.198264491310647,0.615967118729605,0.200718584223865,0.426848045474226,0.219554588984504,0.67568805374972,0.184344312964793
4.06879669373302,0.71576301736636,16.8836841068025,5.92013404288675,0.246583418356398,0.452830357471193,1,0.585023497553998,0.645664858037411,-0.00861032802717534,0.391390092752118,0.860531917002132,0.224151387926154,0.708310425407765,0.172612591240676,0.725008372334635,0.240203050284858,0.878495716217604,0.227464883206225
3.76467866410479,0.607761200315133,13.8990426417609,4.50607701589993,0.363723024557786,0.531957976725194,1,-0.51985862604773,0.378931042441345,0.577846435417999,0.199465994052948,0.982645705568813,0.143000815571888,0.621254034498308,0.231782964312311,0.744049755861173,0.236824325918274,0.354038456561292,0.279498879102168
4.5154871868194,0.618506641381221,12.2898958340381,3.76471687259074,0.633959047540499,0.380271465959761,1,0.603010789928545,0.487062261165833,0.483256088438103,0.305238245998255,0.99553163239439,0.159165485981761,0.483400714485748,0.184883904664493,0.926302393129063,0.18562078441693,0.751309851974484,0.240556112935204
3.84150985599639,0.545562701894584,13.7479060666366,3.87618951176907,0.383627202439542,0.595018671225723,1,-0.583613780795528,0.52179456792784,0.675127831847029,0.231048279443824,0.917523270029053,0.166226982093276,0.638917575490152,0.213063436921464,0.618522282990317,0.173636346427329,0.608103419742543,0.224829054038443
4.33417634552448,0.643246874568481,11.5089963294561,3.71833063766464,0.605055468684903,0.377497807630652,1,-0.47104503270822,0.348100240963433,0.648933735811237,0.224455590961837,0.619318697802029,0.195022442886694,1.09310676542827,0.158554360880919,0.349804947755719,0.214914294759267,0.746223117606533,0.214365584131543
4.45894830934499,0.758172056747906,21.9792076552995,7.37965351572776,0.813415741245267,0.218914045198759,1,0.870972555891126,0.569834975389609,0.468498804764606,0.232431063481369,0.993864015538094,0.213310841213589,0.891846201361638,0.209298591080733,0.715587794245614,0.211503617390723,0.366685245567194,0.31760331838558
4.45547224129118,0.837223429060984,20.5424591220978,7.64802864336212,0.513118174988287,0.780602552665087,1,0.360048367630458,0.61530862353492,0.763159410390191,0.291414728353999,0.886113070422679,0.209797757510558,0.848510145603774,0.283086064820874,0.815969640800955,0.271427886052071,0.677957883299056,0.196670436168099
3.7738341986061,0.618437012796657,16.379198345159,5.01578108519973,0.58925158425912,0.655488760158672,1,0.159834472325745,0.556278621593073,0.531599481035991,0.262250801333546,0.801191958541494,0.214718760252166,0.930840558614386,0.159691714082039,0.725506847970192,0.194187801184972,0.522367387572478,0.236956969108977
4.16658143957753,0.680155919202424,13.1649012819454,4.285781508497,0.181244823375295,0.414997653440997,1,-0.649714244705139,0.420277339961425,1.04327478697282,0.15909385350755,0.507192276982031,0.246356118141388,0.735375241350111,0.178860591569923,1.01250052979703,0.197977431519187,0.521548166787951,0.27130882431199
4.83984124872886,0.913459702655332,25.6968872061792,9.39643496657073,0.581289414422629,0.662144528676307,1,0.605695830622854,0.53959009968545,0.692821076889843,0.245460877944769,0.314448224061764,0.314437055667596,0.971223781730991,0.20178465219759,0.792799261686131,0.267547973995718,1.1162127523828,0.199339186313065
5.50678234742219,1.05683424821288,28.4727283162021,10.6243915870552,0.424560749631741,0.741532066530473,1,0.903158721215879,0.77404353589988,0.724834341347434,0.249911750706942,0.978935150189698,0.181109684106739,0.855257867372592,0.234541278968957,1.31387786442836,0.238868965066623,0.824870627345112,0.242413260476367
2.97859045563441,0.563442290542834,13.5740544097273,4.28798167040028,0.787112204812993,0.179985786631665,1,0.352530900076866,0.534200014640212,0.210248087822563,0.247929124365596,0.957100506435755,0.182576074012586,0.667812008790956,0.216970057257243,0.849100884782509,0.193493286142785,0.746408169842556,0.261700220936095
3.81971350973131,0.773619377602421,17.8529209269631,7.0262777654243,0.370192392812669,0.678410570024184,1,0.655045081729249,0.564930675481855,0.410120165090718,0.251646153647302,0.97515713335486,0.256633272821025,0.702656832431278,0.242141922965533,1.00409337703138,0.19035364861486,0.444532376733445,0.28476006484433
4.51002732273346,0.826820651061839,23.6240294888866,8.22263843170174,0.90646182466779,0.066081505492367,1,0.929131974456245,0.624969003751209,0.948134392343006,0.163427342544078,0.806058430890842,0.232978188358865,0.997131209027445,0.229977065360013,1.17172224633943,0.200566276016266,0.710841331986166,0.282699680805642
4.54818885622796,0.873788978721924,13.7953738261505,5.69504815780408,0.0750184751552263,0.451726720923595,1,0.745897566296456,0.518625076446808,0.421932146905171,0.262252412608391,0.95109301384558,0.263873946122653,1.06486689273071,0.203596573254846,0.605531170732296,0.27202129009627,0.480198083962665,0.313332094682537
4.14208389810475,0.629018412534985,12.9208727117377,4.04040691927956,0.742873722545835,0.308578019905491,1,0.287802290260537,0.514540251261616,0.733028113171949,0.255438644301679,0.711252593938285,0.202429687306429,0.497804109017257,0.187595598148099,0.988801694369565,0.144577211421045,0.533509848599555,0.213713361235911
3.92858116481935,0.681829843249446,17.5191761577238,5.70816420036553,0.311595571148036,0.505809987428465,1,0.672913150610118,0.463182180293064,0.672070846721437,0.195374281818133,0.808736710779129,0.165528412274879,0.459129792219562,0.27871509185897,0.607052323397161,0.243687129022955,0.954780995583418,0.212938798052966
3.53275986156439,0.590537312240763,16.0893934554945,5.04663254589903,0.27520370125461,0.545008976628818,1,-0.200623667669112,0.378691859371579,0.750083520263801,0.212696377972982,0.772364544282237,0.17156348092903,0.862402605170799,0.23091182081066,0.790249967394507,0.204281176759972,0.703827576853904,0.206876412758205
4.51115776852911,0.682359485236016,19.3870234693948,6.18720924493992,0.366506768121735,0.667536956116332,1,0.427285851593307,0.475304125794192,0.614075597953087,0.218524778968884,0.512820556467071,0.241284782436087,0.913238064169787,0.136462990826669,0.780467930739162,0.228273833977447,0.327478467074287,0.294532311925287
5.69950106536938,0.973775930118739,41.53697371005,13.7975897561283,0.382082365878202,0.456653871631367,1,0.0929801581418692,0.726290505303823,0.659378357173526,0.274358096031035,1.04151757044092,0.241307489019556,1.24885792768551,0.218622596930709,1.07755614103374,0.157712139926164,0.992465226561063,0.189789436899598
3.91966349787427,0.610525996334623,13.7828397589552,4.43647394185225,0.872761074306329,0.102523144067084,1,-0.193144455535663,0.622578362725242,0.940331097645407,0.224799279875028,0.134959925235959,0.322485735061143,0.766760597319216,0.205683501394149,0.867721503462582,0.173064687378268,0.685355159886099,0.208606296280399
4.17347787799298,0.823055829084778,17.5394516353887,6.45068246266871,0.298175914494491,0.581075909632088,1,0.0723287155574297,0.486560567395272,0.952558169543304,0.204363319767301,0.605443173362927,0.256220874287787,0.573586104349941,0.273912826550031,0.646580613826332,0.290170315243345,0.848146195990819,0.197378309895849
3.81765704114356,0.662402914818129,20.3290768279545,6.47061874885221,0.418431375930583,0.628111280493328,1,-1.10985930065068,0.52855719743963,1.26365377180149,0.174741204708125,0.402695122793669,0.216493612609157,0.905736202867788,0.202392139861898,0.832949509433407,0.216218946741635,0.82541031845215,0.247979901670637
3.63315019938447,0.720881112574586,15.7105753478834,6.08599889476807,0.245871831175955,0.755051485436715,1,0.249039554212349,0.630873726123022,0.939069430892876,0.222728226579444,0.347566818334855,0.323322926738077,0.328553684952007,0.295166777959657,0.935857145354347,0.241883780429835,0.856235186138761,0.212214185591445
3.68604704504122,0.548495701146693,10.2611588523305,3.18229631850296,0.227897723691094,0.428603090142585,1,0.822661939991599,0.527767756131173,0.326206866074661,0.229365728383636,0.990374013773259,0.1564716200406,0.534862796024219,0.208746492609335,0.628574858760471,0.239466317422695,0.556094257220992,0.230352108604296
4.31548767554182,0.806038778218898,21.3295128108361,7.52927836679251,-0.303511607374594,0.204838618550011,1,-0.130373223214338,0.364248313563543,0.775828906216233,0.202435357560869,1.00354246787132,0.260157503566196,0.827238347602941,0.228139680374882,0.908021087929253,0.19771546972906,0.816568156956567,0.203109396120703
4.3644969379271,0.793819561121784,21.5519747254703,7.16119968266954,0.567080705490384,0.60056027312954,1,-0.445426809614214,0.434576937659943,0.969969445787019,0.165558396633321,1.07629013424402,0.194496023654727,0.712554604339719,0.181170514604718,0.703797441523801,0.241475484726697,0.924347755972386,0.206812186058847
2.69529036722001,0.52155188663496,8.65890007010954,3.1051493458134,0.78466220998704,0.19277763117905,1,-0.327647416078394,0.500555256816712,0.455180460619167,0.177989912719228,0.860874466287496,0.161223984926504,0.489711127890251,0.239338098529498,0.14632829335366,0.301720660044871,0.269839458133497,0.2654767505977
3.76088066041615,0.618593555622631,16.1347566236478,4.8914958627289,0.439123435767139,0.640614329645245,1,-0.0599011383274011,0.48800592799934,0.987399868118998,0.212453594966657,0.551274170878889,0.219796907030653,0.658669586061799,0.189371662308564,1.08317407031416,0.194663340530563,0.498945293124395,0.203434629502444
4.44237577065384,0.776180381982474,23.0893236907353,7.93617928185463,0.147570898135879,0.41351779876066,1,-0.0778240628387256,0.549342377298608,0.599849398854473,0.246090262108793,0.859656718026059,0.195619946743415,0.880358656601174,0.162818886961145,0.709340008636558,0.235142733501305,0.47858325338042,0.242249453843454
3.59983728443546,0.568678031765779,18.3649369953002,5.51215326676915,-0.0876158436204738,0.273865235203179,1,0.0728213514323137,0.472791878630898,0.693480787134172,0.184407169691393,0.971462520460666,0.119467272998315,0.580833788979671,0.182034598511894,0.76305874447448,0.231739363178256,1.04611845866487,0.226661813505656
3.22852693111883,0.477273438697768,9.5897274002347,2.7366712352376,0.224947168245868,0.33448370522025,1,-0.537077151201985,0.568656999816972,0.610298685735458,0.20600390029767,0.636022339567607,0.180852508405381,0.879847938512812,0.173664793885066,0.420645488666611,0.225154359675654,0.515776405372981,0.208595093108574
3.65592761606854,0.607687522790108,14.8624490937111,4.79856817486771,0.234204792706643,0.541760657306015,1,0.0629111535201419,0.535577490540879,0.610969996762453,0.228983836163202,0.78400772617313,0.178837207893015,0.661676023125047,0.19597685005426,0.57191229707703,0.224321420023901,0.584098790980786,0.237697000238531
5.8629545656289,1.3614729408842,34.8329701075753,16.1972228840422,0.717638497409669,0.39599841102935,1,-0.418003662192013,0.662952865767069,0.873474663909174,0.271060515004726,1.08357256162354,0.306619876946272,1.09368410509161,0.228226113001542,1.00439432034997,0.269659447428401,0.808288828996254,0.295220026339861
4.40164677367507,0.661900768870606,19.5052181586136,5.84080431199556,0.502139288874338,0.657668106296334,1,-0.0575457150715845,0.457526393137779,0.773980173738291,0.200645121860298,0.668260288457561,0.202754782363053,0.742358218830957,0.185587811902984,0.737843002367559,0.180150000378238,0.727297196021449,0.201407983039322
4.30397624881459,0.881776281868663,22.2302661653342,8.61167857552584,0.201682471030697,0.436479100483176,1,0.344264166036662,0.480259072122131,0.877351474133114,0.179145711920722,0.474503478450689,0.312569991413685,0.792338516016923,0.251321191211815,0.757575559579288,0.253810063529061,0.684015114609447,0.247447169226059
3.16014880209548,0.550538604851614,10.3836342697772,3.60431454372698,0.0665212030511537,0.448832621788495,1,-0.698229897630934,0.377662905013595,0.805906106539779,0.174291719894672,0.538500984312156,0.224725220077234,0.470686349345577,0.253341398878962,0.696088657599402,0.217174946912112,0.265835609096951,0.251207290368238
3.78335094259209,0.629324217932106,13.0741264664421,4.37674767126515,0.804026459344955,0.120743611775838,1,-0.446291667703697,0.465533184388941,0.915997302065881,0.136345211774958,1.01382532798089,0.188205548874899,0.435450643098333,0.28092089455912,0.453532846605,0.219026809472143,0.677529876044471,0.235758982221894
4.15417751923263,0.720319522702604,20.0611289811501,6.77608009539466,0.756743928043563,0.229334044956776,1,-0.544694807818234,0.646553329485993,0.780973868114548,0.274121184997738,0.689307028268853,0.20781557199215,0.70466411669177,0.268941684738948,0.812450611776077,0.18013340518585,0.657604090416697,0.210260483761235
3.43151202802472,0.666039870456388,19.8469820466689,6.92579083199369,0.615068271500937,0.57712298592458,1,0.0329254443288026,0.704790073033708,0.84623400848385,0.25922169693362,0.527663275379673,0.256411335067836,0.815893705235186,0.215364315687965,1.02674113539723,0.19447645525381,0.655537532871616,0.215226516644933
5.25832745381186,0.949262367137324,20.1520323411572,7.65437581172008,0.224208262538975,0.637867561266983,1,0.170585621116394,0.703227432680445,0.992434530449673,0.230759027187385,0.671610896209077,0.284315532654826,0.455042154202654,0.276137331639293,0.915781950279574,0.192693957249844,0.858808215447534,0.232079039931808
4.23406610805929,0.657128889963483,18.5000791053506,5.70359432732175,0.571005769836126,0.336971098462535,1,-0.0687018525075787,0.331902877430337,0.580833472439965,0.201114882180236,0.786665807484227,0.198777911221036,0.717162918196054,0.194748519554459,0.428082861481068,0.207787708613543,0.648025751714648,0.220738146868831
3.07654734792242,0.507629303134382,11.7964382282339,3.65203299548943,0.418945330735084,0.460348464090911,1,0.0664338186645063,0.464175423592816,0.497803719074972,0.235238031728162,0.615626768526223,0.181898562069559,0.695578848081104,0.204834617572541,0.575636414585796,0.195474816643661,0.756715617865786,0.180771389908276
4.12077423511959,0.733402110885797,19.669923445865,6.64118880385607,-0.144152133196339,0.245266455712032,1,0.0236037054559781,0.389143267477598,1.06579560793751,0.215267749407956,0.66149666994268,0.217647167319299,0.891208327308232,0.209950154780326,0.852474692610805,0.207824215342396,0.806122954643735,0.245707827681969
4.61645404938477,0.631842703073366,14.9367467101556,4.23805973325333,0.238529764812075,0.344131001008342,1,0.368244410384794,0.45143927739387,0.821736248252294,0.196730877403322,0.385918270774231,0.256455607536759,0.846549754837095,0.169026167131334,0.772849626959463,0.164771377102016,0.839626343700888,0.163585393240154
4.56122245351644,0.713627786119383,17.2062197357901,5.5115140961218,0.236110973599139,0.724484263040728,1,0.503291008125254,0.5648695434862,0.596282268071579,0.22651507802908,0.84793590908494,0.202147095938922,0.86026358166403,0.174622578436395,0.59861986507705,0.211555972488028,0.870139125390782,0.224116259587032
3.90606811855121,0.665637125782025,15.6779698563901,5.10869156097025,0.674275860978553,0.322212373279671,1,-0.412428479874812,0.45815187175269,0.769599557890833,0.204563921813895,0.927754454386959,0.227004057213489,0.617146464379019,0.227282940162352,0.388593555212829,0.233029424106124,0.936913632142537,0.173048434431818
4.60515334167255,0.827269973944859,19.0576958136872,7.16155787527439,0.294819436096573,0.458296539626202,1,-0.222502172389602,0.400371816945671,1.06368564097469,0.171672082273398,0.42353039855667,0.235542170452127,0.657376246754597,0.23708593765956,0.658940383680942,0.287477112829862,0.90742628387944,0.250915266634043
3.90527364737801,0.740403207812883,18.1793986218208,6.76029834784643,0.500678686141883,0.505854973087902,1,0.0710624399428241,0.609358915891243,0.713466178887281,0.245220944684042,0.486674518085087,0.224805493895443,0.618317628813772,0.282863620422732,1.09481153010828,0.218513529298638,0.336663374245989,0.29606187242988
3.87362481247981,0.607296625176203,13.4409628798217,4.23757825503849,0.33992418731302,0.590717746561177,1,0.54012154894988,0.451183195473829,0.508993370755172,0.235868367326396,0.508951766716519,0.176479675076872,0.426530538700339,0.271995803896289,0.6096379848056,0.220907599049107,0.715094579546794,0.188680978770186
2.57042641220978,0.430284885370149,10.2646321393938,3.13598179712991,0.564953053100025,0.537976087873902,1,-0.287110741544866,0.47913196213268,0.564357280472052,0.191825649308705,0.74486825949471,0.190236178623671,0.461070521759681,0.233375527453438,0.56343505098226,0.174798154760509,0.784050421097591,0.170929834135396
4.22305084518079,0.646095312578298,17.7719148460236,5.27132518960507,0.734091582654605,0.175758163519745,1,0.348418664251684,0.443224900909916,0.721987729460705,0.159783311099613,0.711878810502421,0.155079869155347,0.683836933976495,0.20760759786479,0.99638731507528,0.18454754910586,0.700736623708701,0.189075496530268
3.91567689791568,0.801801069319712,19.750396988856,8.02539940228766,0.880521406506629,0.0947131959745244,1,-1.76825699156555,0.828742258833008,1.13963241240368,0.234919849665302,0.96532815917412,0.240692321765883,0.624532479997995,0.264997257015114,0.773461346816898,0.242769686599329,0.248480344579282,0.263040347791863
3.51097823841758,0.530363317603876,10.562694811445,3.0357201849566,0.188050338355226,0.408335985077222,1,0.835884019983122,0.472979372695269,0.219901668544295,0.272091218410833,0.72544780782801,0.1662778043956,0.615245678159301,0.203200587986795,0.581505408984595,0.190826438046106,0.773650254191466,0.186078624999231
3.55765447812326,0.631568559395543,13.6008826670422,4.63286749128311,0.855585745757927,0.139586508721833,1,0.226582961885907,0.572868295370207,0.776355962992588,0.196918529630283,0.734954023844844,0.248038934480338,0.70760553130655,0.196543123626432,0.586404398978243,0.21940624419818,0.653118718185073,0.242889453727687
3.66620663892398,0.626219149462193,15.1556112410691,4.77622131009219,-0.100050076341737,0.224618060811288,1,0.226740491425316,0.481499241115291,0.511173940430388,0.202547266191699,0.739399672340861,0.192269595846012,0.497380384981645,0.224256098112794,0.853367264230048,0.166022389112096,0.543852267177735,0.288874948108684
3.88859008219141,0.604446576036965,11.8209924424694,3.83123597009525,0.773717941170758,0.163971083764843,1,0.0250491435280706,0.509564897288812,0.654192487058393,0.202119624492745,0.742332115242949,0.190326270108237,0.735998923155553,0.185066605075995,0.617822159885552,0.255251398654363,0.769040964478712,0.185305494747574
3.99723620581932,0.639955911253535,15.9438254027947,5.05451683340038,0.526507701976704,0.559562570565573,1,-0.554063925300403,0.455313360406257,0.990489339046989,0.154381632442061,0.547409774299706,0.203258664371095,0.644681985604941,0.230151945226025,1.00523200893466,0.210900223900708,0.793296254105124,0.216721130223204
3.80452478418048,0.719986179163147,20.3253293717501,7.19593535168569,0.831017505034806,0.138405732260972,1,0.580379164821833,0.584556606892367,0.715502682457786,0.21674117669726,0.579107611592627,0.256334799906987,1.12856885243675,0.179642292707479,0.65747197150587,0.236993027023303,0.725098424760181,0.248070350503259
4.49054995484585,0.707540577644758,19.760528493578,6.08165537816943,0.288851291172132,0.62231714611788,1,0.158725444139115,0.584226756766496,1.24072502741377,0.129472260319666,0.857146431706304,0.220556293827272,0.661437130782324,0.229830682143652,1.16724164340362,0.156316826576953,1.04701602852116,0.177109746212413
3.7226259144417,0.64714052481373,16.3615043338144,5.36683682305622,0.773334067027019,0.192627048356876,1,0.339907557505525,0.532095663659322,0.515833018209723,0.244806121878718,0.789021482501007,0.168693453878976,0.676819531691154,0.185294419140398,0.787056899636188,0.22636654387443,0.385973814194252,0.296106221555113
4.53123869056258,0.808735758701543,20.5265872092393,7.80413395709281,0.488453263590512,0.58933840730979,1,0.675428656579894,0.533162255351061,0.279833183135749,0.320239940237926,0.550656237367238,0.250784353041799,0.812109929197678,0.267894394914457,1.04333834586663,0.285080419384844,0.988597967537882,0.251067187158047
2.62900958218855,0.457505791410378,10.9524847561458,3.30999901621475,0.184082651759619,0.297217216621174,1,-0.622816886574534,0.432587711541513,0.923373936895738,0.170947954806957,0.451364778100772,0.197595453134885,0.642479748530527,0.155800390162612,0.738519280578476,0.218037348262749,-0.153253654111579,0.322282857095321
3.54864102800379,0.615455642416812,13.3329199186477,4.44031080886998,0.722516278211143,0.289151270541001,1,0.196595913331741,0.459002878728563,0.489880946702941,0.201920124714807,0.83991636093246,0.186981747487682,0.344750337511222,0.216122580154485,0.592254489502233,0.206038132160614,0.731006034074699,0.265011805430799
3.61928225616864,0.586316967857879,18.3749604433734,5.61930848572752,0.469791375129859,0.550565916991104,1,0.22859652219102,0.399073042712134,0.760194910971133,0.155500363892895,0.624972160804963,0.189176180523603,0.699468063404641,0.206652660275363,0.82894615933365,0.223737000182133,0.694310155378752,0.177315133920558
4.82045298895804,1.22574873821945,24.1183915933687,12.1802398187946,0.922682843870162,0.0734744147416085,1,-1.31559410348521,0.872215956272893,1.05463704160116,0.268549160754111,0.862542785368165,0.220706596894319,0.768466438588131,0.279514403595244,1.06049170469338,0.250615430933783,0.88524350458176,0.342591107970705
4.21609403478945,0.655777877393976,13.1751119730014,4.08027412728097,0.644626476879944,0.37742117630602,1,0.110874888378896,0.525101515667475,0.826732418906358,0.257280837182098,0.160197496598045,0.33993283378695,0.966317304778077,0.207301670394073,0.624791301695638,0.182025960909636,0.95425833123949,0.220598435354655
5.26026584231912,0.995314796194488,24.4231798110608,8.63601574281428,0.700310315187455,0.487638395457834,1,0.20334546086459,0.578308983406212,0.759385429177846,0.198676252699344,1.13084907781251,0.210615839696098,1.03385413532866,0.24837882355964,0.536337060350242,0.288373643729584,0.822293143766027,0.22895574510909
4.76430279412095,0.912418313195121,28.1370499264736,10.3035840560169,0.817926128947494,0.136485767129807,1,-0.442216256937122,0.617669797364807,0.910427951101643,0.196568906062591,0.94689539408027,0.252756949254392,0.851368744357916,0.226144106894992,1.00194633907512,0.207154802379094,1.1022210205939,0.215777229456419
4.6016528556183,0.851332508989198,29.0481612430871,10.3637855444505,0.706951368839959,0.271781957902011,1,0.516408626981544,0.396467731955336,0.913639178232357,0.201325081090847,0.992178695302188,0.212482822876413,0.885554080598857,0.167260074032051,0.734986649980897,0.254164267994345,1.43569278292646,0.216449185104376
4.46722539479355,0.766120075448845,19.7866361455361,7.04850110134786,0.459217277452534,0.771231329144118,1,0.271373838086143,0.477164536360783,0.375729963251357,0.299608182051538,0.843956186013345,0.263614640169942,0.838306715936487,0.203925456401596,0.706519152092891,0.284669670134112,0.8685318514606,0.229187910860947
4.64494305263551,0.845347920253539,21.4662201455352,7.9291979359487,0.136078640264867,0.491537811056553,1,0.655870657971443,0.442141201836849,0.62119389212195,0.20195803099446,0.845997844352728,0.224940835562786,0.6259339797102,0.322551355378795,0.845705357923841,0.219394398537236,0.524910405182321,0.240282179271402
4.99513754960083,0.954047893603352,32.9393899674864,12.2817583861403,0.550831942077544,0.702301986758343,1,0.555429964381003,0.535391319293227,0.889695788425704,0.264996373919802,0.943588350043683,0.226077721978631,0.535331673114595,0.23286697819579,0.754203322267218,0.244735272915731,0.957786660335727,0.254259972148362
4.74152323018978,0.768142527029111,25.5038620413844,8.1428928178485,0.438390566667868,0.618095085030708,1,0.642639159956773,0.562642228199907,0.698140224511992,0.247729747588328,0.891579529816741,0.187014712938013,0.949588264006383,0.171623488336677,0.640519509354796,0.250935882469043,1.00968539359302,0.216854218551389
3.53302780258824,0.551679250239753,11.7921576100524,3.6943442459484,0.467578284175753,0.403751501645843,1,-0.0479569351042813,0.501582985551278,0.447795316490017,0.253576765916384,0.649170747623504,0.178361835559386,0.465085664762396,0.204310788401751,0.642621799645098,0.169955644404744,0.652039747002006,0.207952089598708
3.13320542706922,0.484389150385156,13.7293207518144,3.87427098729155,0.857145190761717,0.100759313457656,1,-0.193684078150927,0.512229257407716,0.611489272938751,0.180935169826621,0.926252498061037,0.158417128527598,0.0607096345199388,0.270973998018744,0.889703284009877,0.19565601260286,0.669775094133528,0.177905723273951
4.56762099347853,0.829876902976985,22.7985257175213,8.32381867439558,-0.206007056896453,0.260553541984805,1,0.420922324221252,0.471176379768927,0.907818287492288,0.147292419072151,0.573769809167249,0.22122510911408,0.809392518545044,0.238305943835282,0.764076073019227,0.252636625163144,0.669599027763433,0.267130818572888
4.03830809467438,0.75811581014123,18.9017950205842,6.94054161254411,0.422818287210015,0.670814524785757,1,0.675677199416984,0.427125119761519,0.441820447673551,0.211677181876992,0.895972413524405,0.208374299493098,0.560513804058638,0.241172536564966,0.558172709634971,0.216932662138495,0.8537479196008,0.240318129510672
4.82267598374674,0.936882262333763,22.4057421576389,8.45341948803074,0.735204084215009,0.231236927374342,1,-0.561385577593116,0.623748771027049,0.949568989236449,0.328486658461458,0.885083689594968,0.193043180642217,0.947087071921352,0.215332581621929,0.926087349669739,0.251692838765513,0.839009822614296,0.267858868872983
4.85555813813971,0.811196164069737,21.4688073447334,7.3025423010384,0.634044452595017,0.462272264089554,1,0.36398007459248,0.530837104947866,0.58256381993537,0.278478599429859,1.0693054040552,0.203637440752227,0.882000300734616,0.250335334146396,0.793481450937115,0.25053577749865,0.645239479424331,0.198453793805604
3.96723911804905,0.761691189017528,14.6180571365174,5.43730913048254,-0.126170837619374,0.371872801005887,1,-0.024273857334708,0.524609200972541,0.810939354372245,0.198457042727099,0.394183860926533,0.236844402595199,0.940738900080746,0.201110336105064,0.797296081300991,0.26155219050454,1.03494458894321,0.20491291478172
3.55629946255732,0.542988002961181,13.2574822289005,3.90725019691446,0.640848997658592,0.296193312508109,1,-0.194902713091485,0.449568619896539,0.589285719441932,0.256462751511981,0.513127958250603,0.204356659217909,0.748808967641931,0.150162623013595,0.812318837786631,0.15290590368496,0.557826524614281,0.197399185042714
2.88661263014814,0.443509782394294,13.3542665337753,3.58324245018668,0.573845333659038,0.431334032450434,1,-0.330075830831038,0.39146442070967,0.815309265413348,0.169454041178338,0.593420544895791,0.170832337544918,0.857509082766872,0.131241238032108,0.741912583763354,0.150039980690662,0.941923825912524,0.208887204608463
3.95718745975417,0.607838216037748,13.7344123759977,4.15208715577683,0.457699274315896,0.684849329796315,1,-0.617359997175673,0.525827188718567,0.899477293802482,0.16091430568311,0.50189112623612,0.251664991487333,0.944532334854491,0.173561781863244,0.468226410876826,0.204732213275806,0.844930928329848,0.213626688502808
3.48687032425278,0.725409844865901,23.815211803295,9.36309466658429,0.394796231300063,0.866491895193595,1,0.496331532800366,0.591394555865996,0.711782750245779,0.195582326378681,0.868052949252491,0.186880619875331,0.763978225636681,0.260100123820986,0.725409247035651,0.274789999711354,0.785062537988772,0.322198606068319
4.20155625844098,0.636953841391357,17.6318237376011,5.22308949155487,0.464202549429841,0.548654456452712,1,-0.487095933282853,0.404868497948538,0.929709504341685,0.157223861910122,0.819040779684096,0.178552656086846,0.893280443770219,0.242515327257626,0.778927504598468,0.218754489796885,0.97997302117934,0.175091886638054
3.27950339173428,0.512233769444564,11.3540281397755,3.48260384211541,0.775242010666144,0.20532353595701,1,-0.394522604222161,0.512938601329105,0.586687680889185,0.240279598322716,0.844043695230906,0.17635570348701,0.543034020534744,0.19794652532358,0.595127224581967,0.238614528797121,0.872342303679359,0.189387838677758
4.24422933601635,0.689919908457159,12.4323979164058,4.25133981926677,0.731349532709458,0.242043521147012,1,-0.120032309758703,0.439484152860386,0.797944965173691,0.176396755541655,0.845347415441106,0.23286269859223,0.688940946392573,0.18005037947333,0.537194552422616,0.256445687952303,0.130680369998853,0.317144864058899
3.20496715619467,0.487787460537196,11.3918977421045,3.44505531479364,0.480984640054796,0.676488903319866,1,0.710720358931505,0.517020437172706,0.308187919308585,0.235806400515003,0.801705756166417,0.208197671311074,0.68684179970681,0.186778634318774,0.464986088649476,0.220124285981117,0.754574640048218,0.182903728817425
5.30099710032714,1.16885208903118,30.3232418436286,12.8052825796243,0.931222984034797,0.0617999461166717,1,-0.774064670884824,1.09568045140885,1.27701318052564,0.315795957630468,0.88296533599417,0.330793165904408,0.923716952685169,0.236926456192677,1.01418694477398,0.181167787506687,0.668820749068548,0.284153400200976
4.05403897466299,0.793878417900403,25.5792105790696,9.10226644470131,0.620748013304077,0.464501939077182,1,-0.530348013855659,0.444401339607426,0.985768316150878,0.162551394659027,0.408856682500531,0.323492109367579,0.456018898693825,0.28337617216018,0.894807444483166,0.185352411193333,0.761610183175697,0.218713015911965
3.79872019913157,0.590986221360381,16.9789314429152,5.00620604272848,0.238968546076217,0.484519110813744,1,-0.48370368903927,0.514258060994547,0.862170012651252,0.214126080953924,0.737502587871642,0.193563779386007,0.411270674495438,0.228077219211033,1.14814816394663,0.150783527759438,0.680745876238384,0.185349814947024
5.13951234383838,1.09245377396792,35.6538583791034,14.3294665841433,0.214646052827352,0.405113448976459,1,0.709939982273844,0.675058339983148,0.544930153235298,0.216195973381517,0.624066419152138,0.320509271534618,1.04180869831621,0.200308782246977,0.489242072050654,0.27267904038066,0.555577636004922,0.263859438376877
3.41244224066172,0.556550100612984,15.6191213796396,4.8247457709574,0.769245332691122,0.177034692762659,1,-0.631730038747298,0.507058095386346,0.845660555926324,0.215791345999111,0.755444177521406,0.136147717797731,0.74816532768679,0.179856941741564,0.703380005894793,0.210487163933195,0.760999416307152,0.231310812517785
4.10726870348625,0.791871905081345,32.5938296723386,11.3613466465917,0.0467766927744828,0.337009137990463,1,0.716352537587335,0.546086679367663,0.608975343310511,0.247418886518719,0.409545305612877,0.303895977573882,0.811383575101599,0.247167502116714,0.868265972393997,0.197691781569463,0.778249096240218,0.182819882552725
4.49753158067943,0.669085154774953,20.6812780213268,6.38026589705185,0.221710182201659,0.426167666891602,1,-0.0676985208718731,0.417518700021372,0.560885884091766,0.202956544867845,0.950796668910963,0.149985997582716,1.19113099279725,0.175621682121255,0.484265886231079,0.202914670832236,0.721005224839448,0.219450821256525
3.20789626961527,0.526825417180327,13.4543424866446,4.23206590060399,0.702707919717757,0.413786381105821,1,0.18625323783379,0.587593082897277,0.643142727397909,0.246924169932642,0.428067138878793,0.251683945976322,0.760868013125786,0.218156922502964,0.320699860812395,0.230802756348921,0.82861064912932,0.152913013800804
3.93006447084338,0.805081558327388,18.4880853065342,7.16529608163721,0.662323839427257,0.402340797566452,1,-0.0495983879289886,0.584734452833116,0.750602861458081,0.219229376574096,0.665494582488801,0.213069058555224,0.545705279598836,0.289989516868721,0.967516267394958,0.238457253318374,0.856413435545871,0.253302437688526
3.79003810891657,0.61250489926554,15.457481654572,4.81199584091222,0.267116100495365,0.497715867131585,1,1.02336097793586,0.434142602072331,0.439110897603767,0.22249859154559,0.427887056593603,0.216163253106565,0.765705302864231,0.218033330361415,0.685792542963145,0.192874971305222,0.71672178260724,0.21799669483147
5.3510000451566,0.888053074816977,30.9184625285012,10.179277540659,0.687054134158471,0.335495917136166,1,0.384693509112181,0.480081869803683,0.53473586946248,0.244671581827039,1.2176824848517,0.165419923140594,0.782730037185272,0.166821030571651,0.933224060099487,0.243472810445142,1.10658744166132,0.258198302790685
3.67786455787259,0.674344990231409,13.783095852754,4.94365122564147,0.559841399728899,0.448189309098613,1,-0.736519487729206,0.421534123563477,0.761110951690159,0.17634499260439,0.797131318830492,0.188390927632841,0.593835148010031,0.211422583286078,0.850644636687431,0.252128160287974,0.0647999854161903,0.339451839685514
4.35583597423284,0.615352367617867,14.056532461106,4.16782252799996,0.516319821881942,0.484998358305138,1,0.424961280987156,0.484850914287033,0.643858861846997,0.229316701809798,0.910221079851237,0.219888318875615,0.707465573549317,0.187288211043107,0.516968154182251,0.214292538496462,0.466509731808945,0.219712690162949
3.43938103376989,0.69526793979345,16.8994454964191,6.67522478967337,0.649707188336511,0.412509496732451,1,-0.372186135023597,0.549398819001279,0.584798008972459,0.183376275451509,0.547965973328516,0.249844846819133,-0.062214114850716,0.346793786798657,0.783233561907753,0.236903443235113,0.469073373241628,0.306889659030169
4.43493645731741,0.772930240035119,21.1092247228128,6.97882876338193,-0.0122787613415432,0.497637763840796,1,0.887350452783466,0.529025918121658,0.546666998577619,0.231798990455556,0.627097393713672,0.244873363303706,0.949493493052936,0.198735538284389,0.809543415210216,0.202441874938298,0.861438683031199,0.202235472920904
2.99779467899928,0.471637435826713,10.7936381013446,3.40865437119363,0.595646234809586,0.488284882526008,1,0.723692196651625,0.438772381109243,0.228550685101437,0.250705521717208,0.546405893631688,0.204405506023277,0.821502014892031,0.16742520654701,0.524930616569654,0.169328730417912,0.517798807780664,0.222835772345719
3.93193021043996,0.701900431069646,19.4635662178869,6.84203035258528,0.213472182114076,0.632702627048646,1,0.309915773408487,0.480897603686809,0.907042216023567,0.189568061279301,1.01107832584516,0.226181099538781,0.888118847739246,0.223040841508275,0.682400339559236,0.197382612864752,0.593302535903271,0.215617823359241
3.61370711919349,0.603192296022355,15.1023086969324,5.01192859824832,0.811143047365376,0.217022906665238,1,-0.465740653287068,0.532779543906091,0.73086246506908,0.20618636571614,0.927381469600779,0.170146056097696,0.580600574242132,0.277196360604903,0.616986538720405,0.225684644299449,0.614943323542477,0.235701123818207
4.98995138511215,0.880332981983985,24.5971747663875,8.48751513369548,0.753838877617784,0.309601399750259,1,-0.160496349619953,0.606223536111984,0.86982279516488,0.249019090138583,1.00380121598767,0.190839515012864,0.673238940655267,0.222704656725225,0.742563935382622,0.177362573964772,0.894443592922622,0.228597100049653
3.65713264893235,0.667118022597224,21.1466202823995,7.32830043844786,0.765920911748142,0.229626938294188,1,0.269212713529503,0.446348760223429,0.761022602743226,0.220395050640123,0.248379278990305,0.327589849355911,0.547479236720803,0.212597758720113,1.06459667121193,0.202460216095971,0.63641195074976,0.221939089021532
4.06236482992323,0.731805777443051,18.857204536412,6.55112549010865,0.632812571036584,0.294089596527395,1,-0.228238552203955,0.415377538127364,0.862159853054324,0.209018944354688,0.628997796351636,0.206425964781262,0.733503151467051,0.206657180993422,0.73783489826104,0.229868860382986,0.604402852237944,0.225922511162949
3.79174808436744,0.759277279249388,23.1756420283338,8.4155073826563,0.0777118268400259,0.487752095974932,1,1.04634410231154,0.488605877490291,0.512672575562995,0.241361385252478,0.781536980416499,0.239833157527472,0.764639994695902,0.212131592619588,0.872829639032536,0.231803790641457,0.958304844673606,0.249574531321057
3.87121408298896,0.580252193051123,10.4361199579803,3.45519698603437,0.688252130363453,0.254817495435574,1,-0.763522393209204,0.562873027484998,0.731233655484738,0.25463998087015,0.867107631075148,0.246551435492134,0.668798233678842,0.175446045158071,0.683470537791181,0.176308369547912,0.705973552775661,0.168521127415077
4.95077922381826,0.836386482447247,21.2633414980231,7.31286966426249,0.173342968664445,0.600639065202982,1,0.736129039414091,0.560595238334861,0.647986530414798,0.25033964592482,1.03734246119266,0.150399993977392,0.648847499726648,0.264973831138415,0.741884738476265,0.22653213710505,0.725687713039002,0.239997500759394
4.19976545249221,0.733333435682831,11.9260092534437,4.01033909643342,0.510081366716313,0.831026716310148,1,-0.254898694883381,0.684459413325382,0.460184272033055,0.271444616761168,0.829715348422397,0.19573817940005,0.667038577344314,0.206126708543818,0.815130828561506,0.199363820847687,0.272040767963623,0.252561236882844
3.98868427379657,0.78352349411676,19.9353032278193,7.10517317950411,0.364415544408292,0.520807974141464,1,-0.0810191950226333,0.455944448107092,0.864382058298255,0.221448785764669,0.619936788885807,0.239212609937596,1.15380458932958,0.214525658424824,0.726259036754724,0.192444962835615,0.642834926402418,0.216392269538402
4.11987536031682,0.622476198091569,16.9651227349904,5.5407685786587,0.753515473145002,0.223766927043192,1,0.0187663427170921,0.46401338448277,0.590107511215686,0.186829649987565,0.56025025857719,0.197532261700522,0.829529212856933,0.206004050764915,0.539242462329581,0.304487612459273,0.993424204762827,0.235478034189606
4.44344919157384,0.825538694182613,21.4037925382235,7.8832896377632,0.839997255807375,0.171375228276383,1,-0.645302780627128,0.552304628339133,0.962898388503499,0.19822416172141,0.989401736285629,0.222258831352713,0.709094088413392,0.301871405645152,0.961136057250411,0.253025639639768,1.41018715728217,0.210302166092866
3.54453900238052,0.646930016565117,16.400303253186,5.83395767900379,0.38120152837636,0.653470281586869,1,0.574438126741744,0.628644467018981,0.184475390316611,0.337649834440634,0.493162396168481,0.281232813364866,0.923703850861228,0.190242618337751,0.733004457899073,0.212467068737113,0.881025661459691,0.197592796345514
4.64247494317019,0.918582294311225,23.5928494715612,9.42241726390432,0.228581953334943,0.618149752569215,1,-0.694145795038001,0.575953060348723,1.11029235876452,0.217959207627821,0.900009377698886,0.207467913565252,0.694867815442397,0.195356244822696,0.745969282621157,0.26777081617235,0.909648048223263,0.283293299568621
3.91628338804624,0.783033537785749,22.5133103841745,8.4890098484198,0.339352740429683,0.835867363609289,1,-0.89406879273588,0.9007070072198,1.11638055776639,0.302508188657165,0.803606748872517,0.212389805099515,0.34786500877718,0.298045176081114,0.856301738330207,0.234380761568304,0.727432098989413,0.220957900087515
3.63323126062365,0.68405848896204,21.2901868114697,7.22120358873958,0.382142703279226,0.616255579456911,1,0.286290921985073,0.515368956550061,0.526603704412428,0.222082278626267,0.882162590019562,0.243131891871211,0.615336633210299,0.2446591873231,0.813592355489029,0.193274452015937,0.581228755589378,0.231408298314147
3.77053531765479,0.607852027663661,18.2413973044329,5.40547500758926,0.825570255748216,0.166580838104787,1,-0.44163578742631,0.636892557270153,0.925219476833247,0.192055133931643,0.821728525069844,0.256644969432672,0.653271111146915,0.187614922742324,0.748703442055409,0.132806558776759,0.743096186652819,0.179496914030565
3.90426975243103,0.642620398116962,17.8267762505369,5.73743179997552,0.752703007958802,0.289124012353261,1,0.119569428059771,0.514829904015108,0.565239861766647,0.260692386073577,0.815680121630007,0.192797376496335,0.743999271304162,0.184536668485604,0.624394460759459,0.248790204348355,0.752742830520958,0.249176924658864
4.60529688429662,0.651903537427616,16.633748718363,5.00684308596288,0.633958810572792,0.452914696739293,1,0.514012070556676,0.511881912052794,0.732210518499678,0.228678313871813,0.688114380456338,0.193501932061022,0.790358163221421,0.161323607149509,0.749460022061594,0.222379568741562,0.76131856695996,0.261271596094823
3.26975520850498,0.555944808189293,15.9385096676674,4.68822973700084,0.704502304176874,0.314919862459824,1,1.26063885176254,0.627801086075279,0.494844541709322,0.304966160369369,0.709577490220835,0.196907086750366,0.814808325282458,0.204762023311236,0.671889453122177,0.163398023436443,0.927112887122963,0.188131260442033
4.60066469718336,0.817601915595419,16.3560216299158,6.30946171664917,0.781329739793875,0.223120280824965,1,-0.375011128928745,0.663885245443204,1.02108092941572,0.275130308420074,0.528103581693204,0.297367533285363,0.740562992963094,0.160322902028653,1.01693711925693,0.212375104217773,0.967382047140521,0.300811298405313
3.24235201699737,0.518094449925653,14.0292857227577,4.07671899881727,0.581034727832569,0.385485468315755,1,-0.388171195912354,0.454843776231933,0.585955893069065,0.217504524707026,0.624029608478501,0.243829454268052,0.93437869360643,0.144485280565728,0.388388768990441,0.243495386772203,0.596586340216788,0.218504974414319
3.61290592465916,0.496404231462171,10.2844715464907,3.09354778591256,0.540829813957898,0.358603387080032,1,0.109192735262213,0.361222579254445,0.400040558087072,0.203587330906457,0.686544333451072,0.157627364387225,0.667669863019301,0.231390929326655,0.619070620340339,0.207475318111293,0.764423058593188,0.193431134573893
3.44083919868534,0.656719431246653,19.2506360382571,6.16945370041219,0.616167456763933,0.715802836952548,1,-0.163451027279273,0.592790573762026,0.666592295006308,0.265817534193791,0.651530828173417,0.21125439168226,0.842517663364456,0.182158843692648,0.945969400784149,0.198438793405098,0.269250197398991,0.25003848832198
3.5799883000395,0.637842983309576,16.7824838418287,5.66768824135455,0.625719636811336,0.495283605935826,1,0.0186459088288033,0.491128683088914,0.803097595190015,0.202183000682016,0.240047175618575,0.226857279208602,0.670810156936223,0.18552645624583,0.706925430685078,0.219519643708916,0.401850058130742,0.25472807279145
3.75763223832472,0.665279940325953,15.2027697048056,5.33569491527751,0.764991884753695,0.206373575094659,1,-0.499591327305039,0.541506785941175,0.783119910676515,0.197123641322531,0.810504391619491,0.309505625999991,0.544213216095741,0.297158196238937,0.778945687128396,0.232322123379978,0.835221931636698,0.167057508047282
3.80748142752191,0.64364082570062,11.7217078705523,3.87517939397823,0.462365927725618,0.646755746047899,1,0.202807450916416,0.493083524388307,0.693349779947103,0.233605191228019,0.337250093647896,0.264007659314053,0.82558415607972,0.180943209671456,0.619846586552122,0.205982831806791,0.527254587369677,0.22083763420393
6.05101014291162,1.16103756543369,25.5465617660043,10.4687208983373,0.262344982182464,0.802634487927144,1,0.379028360124714,0.631483685779139,1.03026979001512,0.219588953463559,0.42845046928077,0.246162363991824,1.4577005990619,0.187511333790441,0.990442153597872,0.292875781277156,0.983715754845497,0.29011600076565
3.47520263101979,0.628695113669092,11.8483898782836,4.21340886747976,0.378380591606403,0.671695280007379,1,0.159635974670272,0.381164025007969,0.817580496343744,0.14591317996633,0.661371023725143,0.241425350207042,0.634051924822727,0.242018499219997,0.531840817102545,0.274270633646212,0.218436058086262,0.316120564011542
3.34395181099725,0.455809027219691,8.87525593659189,2.57053212173521,0.779780611786032,0.170379662624448,1,-0.912258768376817,0.587478062082307,0.876790188265266,0.194480497297758,0.751471645049485,0.158504845551791,0.353959729453109,0.265553773910703,0.618702661824436,0.20748081431905,0.637786507612536,0.142796559635039
3.27664541536629,0.566914540755987,16.1361904214219,4.96291693854813,0.325933300507089,0.504486363835474,1,0.0451809081501991,0.394825918899346,0.690924383171074,0.177840014536098,0.565109584231841,0.225589809786421,0.982302277648986,0.176648485104473,0.708956601386631,0.211530326414986,0.969802799957554,0.188291712957098
3.31650129386879,0.570563623294346,12.7500638772215,3.93732294202466,0.333450594649278,0.512692700267443,1,-1.02871552577801,0.529833632611313,0.346310356577172,0.241232027714517,0.731591219860546,0.185575541728573,0.817000993628335,0.142133666526111,0.538773165238744,0.20517326244692,0.714432270072345,0.211099202352741
2.98151127588832,0.640459335833997,21.3761465601934,7.07049524574839,0.607192143551458,0.524092095988881,1,-0.685016512598444,0.775986915790757,0.987445358444461,0.22060203452713,0.648959342854024,0.192249976735867,0.578821406812114,0.202941514325606,0.792000547490072,0.238108722386925,0.69468192661966,0.2394917071586
4.20601445014118,0.85515930970993,25.8245840233361,9.76861619031665,0.116052075493654,0.512823485120292,1,0.211459065221983,0.480097197134562,0.700620374238461,0.266542225529061,0.749437417812642,0.194879904516922,0.846808141144032,0.224790717485237,0.488949050228932,0.300517798193298,1.22198022489247,0.199503575126183
4.35723117750194,0.666511310165502,14.5575059293554,4.47913556018479,0.336794557418096,0.507899857401413,1,1.05696341205919,0.650174932855687,0.65266500181596,0.308310456472119,0.56789941022912,0.244648572809364,0.748661217324146,0.180870366291202,0.993277095403942,0.199929251968026,0.655543799938962,0.178664893629485
3.49790258182927,0.653746134850276,17.3112354405948,5.99061573248828,0.338845415277226,0.881912611461279,1,-0.839816046153691,0.579935398920748,0.63175369995819,0.266923690865059,0.80752480332973,0.189188722955358,0.603090653263665,0.268827475422908,0.4993891533446,0.28645990489044,0.702950396692848,0.242210249122929
2.71499453904501,0.45914420276802,8.69350272324677,2.8554151248844,0.816955232484967,0.141228218081804,1,-0.0379141469704015,0.518159565993476,0.464411168532461,0.168760487241724,0.452067798309494,0.170724665630408,0.160518741789854,0.267686187663822,0.673005286601587,0.158343932873603,0.127322022578432,0.305365003325687
4.94067263097041,0.732740114408885,22.7893067712757,6.67893433105346,0.338205350630784,0.660860991267975,1,-0.797774097823398,0.583229152592497,1.04336165209648,0.228350598626053,0.671973036990394,0.181899586364755,0.800576989094715,0.189948891895602,0.973859146601834,0.181242016717572,0.860619734406245,0.214109302420107
2.48779034643134,0.459978918122491,12.7229594662293,3.89772075731617,0.623113475593852,0.436002991832493,1,0.303001968799578,0.463151372908535,0.628885798950067,0.184533160198184,0.52802690337711,0.213835419836344,0.583175422912071,0.235839064143835,0.51764010733586,0.228305806894035,0.754205331132869,0.228037812029321
4.33936107714168,0.742207611111893,21.1973355006941,7.76565067009899,-0.132954783290741,0.29556971777169,1,0.850356178793589,0.407010919480102,0.630270447277869,0.228051487903095,0.938125276511152,0.185490664421647,0.568844033954678,0.266890444835638,0.874962664429042,0.242766048164616,0.662879022207628,0.293667113115201
3.96154445836849,0.8295708535839,23.3578321086487,9.16228685606555,0.76109595612038,0.26055500181689,1,-0.654028854572791,0.544199152420779,0.554554695216757,0.259801545073039,0.848618630149951,0.202135504276776,0.874851357856093,0.182824788874077,0.0330417376662426,0.413759506745103,1.04578330429442,0.219039234946298
4.38073226929042,0.758354341433774,26.9353188999695,9.01387932237039,-0.217003572238799,0.31446279277093,1,0.220269902384629,0.367019640000516,0.815975387442811,0.220534372740229,1.00249747240271,0.227796050726758,0.669821336482371,0.196882672469624,0.811298032252304,0.20738105125572,0.703217264253255,0.265426680302601
4.24083686506947,0.737041352032631,12.7878786268075,4.49236746476434,0.836443419939009,0.174593677649078,1,0.478328636263563,0.634039940835154,0.703804714464875,0.204352510113058,0.639351089654378,0.196276189127725,0.972418583512459,0.219226574703618,0.289923803915572,0.308881254885769,0.809849030198259,0.213880359226085
3.44312974724496,0.671063231068604,20.7676324485952,6.97805124750237,0.375032094197349,0.755856714323673,1,0.612650836721366,0.533086600331981,0.59558036229104,0.231450262635676,0.742089873691492,0.214650618721358,0.569321905999232,0.236611167674731,0.845458607181011,0.239644108869187,0.548094008659946,0.216052691394249
4.81103067285856,0.763271520772889,18.0195179977041,6.00349941763971,0.350004716011804,0.877570612303374,1,0.222289319780208,0.579256283495781,0.595164900272832,0.282856692181215,1.01268211066428,0.203068419577943,0.811855342399166,0.183954090937406,0.423497625015834,0.267863254608185,0.639345380872111,0.248466545891536
5.05789364444096,0.949218415778687,34.6745600285102,12.469518948287,0.483425745174394,0.639255954847386,1,-0.730105813066816,0.530721060552245,1.1180453870058,0.20085727699642,0.88213944972696,0.25983916786914,0.645419252138197,0.22355780885844,1.0848444305666,0.235520150541595,0.739462272334636,0.292575333908937
2.92340312632805,0.547173570032643,13.5636682146474,4.55774468026462,0.671970321573787,0.413429580677395,1,-0.567056109831076,0.599294736922566,0.92495793359913,0.220042575877523,0.516043980475988,0.195319889969498,0.537766631276655,0.235658056274507,0.684924294097266,0.243942172029832,0.0860390104287767,0.347783001549097
4.44006205560841,0.692408860553845,14.7325379471944,4.81363300433771,-0.016854188163142,0.364081629600914,1,0.263383698478621,0.517114602271141,0.754526460041811,0.249978521444796,0.773500783062869,0.149734440060008,0.877652286772137,0.181719695407344,0.754973903727676,0.227649030302159,0.206271251501471,0.315489788238197
3.32206788851059,0.584854840343665,16.7649622788035,5.40928445373728,0.771346474574082,0.247728397353875,1,0.00385994948740169,0.63428876491853,0.851020459325167,0.250431838005377,0.435065158008414,0.239389533607204,0.950351385268045,0.191605961583215,0.523741840621971,0.181348947737087,0.719241286850079,0.176423819590756
