"beta","beta_sd","omega","omega_sd","rho","rho_sd","conv_code","tau1","tau1_sd","tau2","tau2_sd","tau3","tau3_sd","tau4","tau4_sd","tau5","tau5_sd","tau6","tau6_sd"
1.07860873629618,0.0996023618195945,0.952444864838508,0.147621480401286,-0.0509307572853129,0.110843103120265,1,0.133043572378005,0.162116723762045,0.67952459981981,0.0737179087453865,0.685119793330986,0.070196950150338,0.716123257838329,0.0898838296832204,0.672025686793683,0.109010236374375,0.587363063916438,0.124623487119497
0.875142117598264,0.106656687953181,1.17975756956488,0.172947267773701,-0.158311684175251,0.106665630103272,1,-0.201530176857639,0.205268833242809,0.754339250646266,0.0698088018104906,0.807098306965652,0.0749009928707917,0.691628213304509,0.0914373372413703,0.58319953601776,0.0997510396968734,0.793247998897249,0.126286974095119
0.92347400496597,0.0927263292983335,0.850847006226141,0.120552808751931,-0.132466354682969,0.090726117767461,1,-0.029327587049321,0.166447733564141,0.545352052990986,0.0779536498933874,0.673298311269446,0.0699146048717168,0.589573634705663,0.0851846158228368,0.573002263574832,0.0946365014075302,0.836044922005835,0.103631360295383
1.06415511614518,0.0970618701097341,1.00087249709863,0.152493716664572,0.153771812048847,0.145395393258076,1,0.0657972738857894,0.175320627322404,0.540294146455881,0.0775291066203576,0.702095479043025,0.0773149494733054,0.657053905803494,0.082890735809511,0.736935142450167,0.108443901965679,0.791333955881221,0.105547745591509
0.90322372277774,0.102878361637994,0.954671816319147,0.138221813664142,-0.193596664343588,0.101959988693712,1,-0.0593821998788647,0.216940501338637,0.694830762363951,0.0805758637432804,0.599408269257549,0.0763561411410698,0.714091256612461,0.086382804376601,0.784193518035301,0.0841463580860565,0.650637785468068,0.132287745433285
0.982062642325276,0.093106761591212,0.86842989904027,0.133984102362628,-0.00251949163797614,0.134123821015081,1,0.202276314847454,0.178519030610461,0.661947498396309,0.0733397494362553,0.585124138549371,0.0842976281248407,0.73820051726347,0.0824890339692678,0.718705651876357,0.0946604938493504,0.660784473562846,0.12349087889743
1.14994280408472,0.102592526237391,1.11034573871052,0.164094955581516,0.0131904933029031,0.129531834718804,1,-0.0409381633903235,0.185596553788012,0.641358247482963,0.0849549295345137,0.720008966349974,0.0701340822640925,0.766459948849802,0.0835578852131691,0.79696108398536,0.0962316973055376,0.677352500938467,0.1204287496042
1.01469689177403,0.0951298094161774,0.974646583739619,0.141710402417693,-0.0924721265936643,0.121670100432205,1,0.203611510963894,0.156804685250461,0.795409958383455,0.0727497608056306,0.597463637845192,0.077195626747163,0.672164587919158,0.0922217178608022,0.766128591687007,0.107887576807602,0.789483157447849,0.116725084425064
0.871061184205783,0.0887392921443858,0.830986912058215,0.111583821135067,-0.126693739366308,0.0946363424361426,1,-0.00306631008165061,0.177153597290571,0.669203701129002,0.0693986659355108,0.635793443001349,0.0696295488768164,0.559202770865797,0.0835503652271305,0.738319091835674,0.101013752483165,0.700684645342389,0.151972227311719
1.12260545595243,0.0965014476612164,0.878899247227086,0.124003642117318,-0.0433425285551562,0.114132691805499,1,0.168070426631333,0.18719940248268,0.697921422424806,0.0736559736931259,0.813475646478103,0.0658006269735608,0.689793886814928,0.0831286896496134,0.608594490966784,0.109291136409057,0.845859473276171,0.131542217563803
0.95987344600019,0.0958994291666968,0.908390834381912,0.14067615986222,-0.175554342280961,0.106628427139999,1,-0.417655790839934,0.186865038636231,0.781901517209897,0.0686973656280356,0.761826183445989,0.0740480175225815,0.686565084961716,0.0870417479620797,0.401949481640952,0.134523092358347,0.724664925964197,0.133502787076838
0.924192853606091,0.098534709510488,0.953260533350477,0.141850641659741,0.0183354003541607,0.129176183636705,1,0.189648411880051,0.197000462004197,0.611369853897591,0.070332171890419,0.643134359248234,0.0821470333610901,0.662237653768933,0.0983193290157148,0.655612211910748,0.112812479277183,0.458629196820383,0.129149699379657
0.984899731120405,0.094688204067738,0.769515820129595,0.117851690940582,0.0309930614335118,0.124728557722487,1,0.0480356359047348,0.19759756095931,0.664921896072393,0.0744634139718442,0.687976826098365,0.0742340067080526,0.591648815991023,0.0888321684970389,0.611374115494444,0.109825955251474,0.541418174912956,0.131959024950404
0.849994244046211,0.0891010633482664,0.95705831988115,0.142921343887818,-0.0268451636640966,0.118229575475724,1,-0.0483379049374384,0.161716503305953,0.641560631187456,0.0720580766339842,0.611299068054801,0.0804611737500246,0.580703601037319,0.091153965849475,0.604373742279939,0.103450548713863,0.754476146716625,0.119131926734881
1.04959293159901,0.102065459468992,0.921318364936816,0.133660033134758,-0.0923678960013738,0.110375869322563,1,0.411263176247431,0.19202666567579,0.676632570988457,0.0816632865269875,0.640029129603285,0.0770283606566618,0.741050433942016,0.0835713425436565,0.766065636015702,0.0975560053770062,0.775982764880762,0.115758154962128
1.16275279128948,0.0979430233118689,0.884103602976115,0.125259737791109,-0.314156817266967,0.08670451253822,1,0.241264516651241,0.194977112198508,0.645644763815931,0.0841599454579136,0.706219032398411,0.0746141013185902,0.750351977236901,0.0806628466931067,0.869389213338993,0.0858293551044063,0.774601066463391,0.111393753694988
1.01603777347888,0.0879502627901951,0.816155759646989,0.114357956183754,-0.15093778162648,0.0965770107727106,1,0.17002026162036,0.161817515578752,0.724381293939493,0.0691372702925267,0.548648871913788,0.0743123263401733,0.820015555273896,0.0753989902893684,0.659519878404015,0.111712806607254,0.722820430010636,0.11956422738697
1.01604466103002,0.0913404376902802,0.797962038861608,0.122799131813027,0.00522720300618625,0.123426943270728,1,0.00097305804008299,0.186001378000733,0.687722863068387,0.0735583750895895,0.708821302924957,0.0759471093799675,0.807360580340822,0.0867345569693834,0.5806038506883,0.106005904363395,0.603789539451562,0.114746820231404
1.08477020314304,0.0959062829515852,0.881337543963821,0.130671804735129,-0.0701763265153593,0.125146360675562,1,0.0427492148648268,0.196446259651195,0.605935638286199,0.0826481579127593,0.774912521941826,0.0743019752306945,0.571687532574061,0.0966143571781339,0.711929114953709,0.0888757645459698,0.947778615799214,0.08454872284469
0.904761254283235,0.106190915648629,1.22311313770438,0.186055415907182,-0.0955991566432864,0.122884836689562,1,-0.14254270641708,0.187643546318234,0.678887939056554,0.0768685527315875,0.740038754600778,0.0848455961843865,0.76251478588511,0.0899449456531094,0.602458846688617,0.113760280871261,0.839312103463244,0.120423100871118
1.00782971723903,0.0856898292440297,0.701296733541153,0.109613133041745,-0.0187848055735113,0.129855068717839,1,-0.146017187978149,0.171969085623822,0.710796223583855,0.0696516477196258,0.643222351354584,0.0767276674939323,0.716623388674289,0.0830977495950263,0.643942916472505,0.0880889262666325,0.624946788832856,0.127018291414768
1.14151916586137,0.0989845261460822,1.00900860478568,0.153228024040382,-0.187994421519349,0.124489179029139,1,0.0447862934489289,0.198491091548571,0.726253711199066,0.0787261210940869,0.778746814568081,0.07926128177968,0.825293281955944,0.0788548232764213,0.752599652224087,0.0991627295472375,0.778285331719186,0.114929465313048
0.990350865648532,0.104707714307647,1.25362372461575,0.190617072621189,-0.285777904626516,0.0891803399631013,1,-0.264647111175918,0.178537647921935,0.86009375251988,0.0715597908069665,0.711467304451517,0.083426659194834,0.901132091510361,0.0793088882000235,0.828021478893509,0.102851559808805,0.673111453032172,0.14467885564716
0.870970374597869,0.0928156465528354,0.885566351784548,0.129530060263413,-0.0633926972239132,0.101969189740632,1,-0.195907873005615,0.188090928017289,0.80230594295803,0.0703106239393302,0.517778091866029,0.0819498707461102,0.660057365700678,0.0819184832205655,0.797609460419855,0.101371841907164,0.466028274289562,0.136230884329091
0.856001980797762,0.0927995690058222,0.80552975234764,0.11464411176392,-0.0224458671427812,0.120398741776517,1,-0.443736931856909,0.213295736806659,0.670082230178695,0.0742142559107995,0.667169304230943,0.0736127545839786,0.672859503786623,0.0879372132105683,0.641132564628044,0.0964442966013324,0.582156326503889,0.135187144420336
0.967579293090897,0.0980718284635014,1.07352199100544,0.157474425572096,-0.158779582418354,0.108264287012461,1,0.318061524916875,0.17666309163761,0.766851528599087,0.0722676948609653,0.657109529940114,0.0806851554595002,0.799022204844471,0.0917573885010111,0.835799115728716,0.106868857564413,0.598404933555835,0.134587638180077
1.12045255546295,0.0918360560191274,0.904841000542781,0.136413288142116,-0.0665782372725767,0.122912086539693,1,0.139189137254452,0.158816338250772,0.739878333514607,0.0710390757680666,0.851705010388157,0.0708457568829185,0.733749977056234,0.0959259461903239,0.586434399654644,0.13974633799443,0.655292182699524,0.138360241140133
1.02857432332397,0.106764127619186,1.07947765602432,0.167860144777724,-0.272569261059328,0.103036548322144,1,-0.0402390012868861,0.186400803032549,0.927915868220975,0.07314293009758,0.578577067878653,0.0854420792241715,0.669086955556832,0.0930344178757279,0.778434043234111,0.101729443979502,0.868905478756791,0.144315066269348
1.19197873700987,0.101367403902546,1.02339213271167,0.1562587613328,-0.115866846443229,0.115050622567975,1,0.246096471225156,0.169086075900645,0.632034054163943,0.0782903797996188,0.59699931080309,0.0881518437968698,0.706500139551344,0.0935260923594586,0.834913389808064,0.0892436143915562,0.81427207140505,0.107436434181278
0.987435314472825,0.101386635855986,0.931080615664612,0.145362923375544,-0.0786588490228563,0.120426353782622,1,-0.110029929411134,0.205680198378539,0.565311487218468,0.0940370497534521,0.721034989816693,0.0810886105905421,0.700141768180716,0.0819985177552667,0.683286565964588,0.0975667854304923,0.900540963792464,0.0990585501941867
1.06266475586638,0.0880984332025504,0.713978776747921,0.108284644430676,-0.0330831193906532,0.116900199078919,1,0.342339297423138,0.186491017464979,0.595036063155548,0.0746853178301402,0.634054411731612,0.0737764541651103,0.634648246455095,0.0902338794171847,0.669922313360271,0.0972731492364752,0.542479716753428,0.130150655518655
1.06385690806738,0.092268136612339,0.709668709325606,0.110333069062847,-0.158412711864502,0.111106288390303,1,0.364233476328144,0.190012947948358,0.545777165461651,0.0765433637647292,0.679297359754957,0.0819817967505594,0.602615121806837,0.089768683682105,0.718855122087787,0.093938935129377,0.605396597642215,0.124857589507146
0.972581169718011,0.0987010499101682,1.09753460844977,0.160832902694175,-0.11491680745147,0.104642885429522,1,0.0429628008327304,0.178087130519772,0.631870406691651,0.0778413662572335,0.715705373304222,0.0773573486230516,0.771454755748769,0.0811663969105252,0.601529998471911,0.112224023455192,0.727492321137258,0.123001471004515
0.930273218223673,0.0955953607294272,0.94250685272008,0.144282577522695,-0.110431645869166,0.125597165384273,1,-0.0696074041019402,0.194700900764296,0.667588167046919,0.0710242231838025,0.667531664673787,0.0834009288657023,0.791348150253949,0.0928646101545274,0.509085468132237,0.108494009478573,0.726071657595739,0.123780629857423
0.951114954727151,0.112148333868814,1.38541553989593,0.200571867956445,-0.000356798660059123,0.118500244891511,1,-0.0811972740820471,0.194941040839541,0.749495606025801,0.076145037868984,0.646516686466116,0.0732179074623469,0.80774662795361,0.0813577125980625,0.864877010097155,0.0971053274699622,0.601723427485117,0.144890624316386
0.853483678208393,0.0966886952745641,1.00118121762985,0.147959450161067,-0.160534304812519,0.0992767930727356,1,-0.00265348263412432,0.194641638444479,0.586497804279118,0.0788029447615551,0.768950451721108,0.0713027095768102,0.647597107606366,0.104262217294253,0.626395038034528,0.110434418623811,1.01179393944417,0.0960210457471421
1.06946125232781,0.106296390585246,1.04248176376313,0.154746920460138,-0.187386584409167,0.107943126496966,1,0.147301258958797,0.217632574410323,0.647330311852893,0.0797314979923951,0.617545528250538,0.081311279484338,0.862881761166937,0.0798216573473012,0.666714559067489,0.0986408636955685,0.723751421132864,0.120672751384118
0.975863295981722,0.0997784803619969,0.994180632994764,0.156908262896539,-0.0586447291503882,0.134010258560657,1,0.0505796171475549,0.211273387649701,0.65277595123787,0.0803346034396016,0.597003686913845,0.0818545559855799,0.825686915134381,0.0827182039084938,0.694914120381796,0.097285439394819,0.583398063598435,0.118928648294411
1.00750728945722,0.0986950712267455,1.00673523946352,0.149924487050966,-0.121617001631077,0.114078102091727,1,0.00564349555762494,0.205352899427714,0.674326266382891,0.0775111963529865,0.646028864477802,0.078469990377151,0.844495638611757,0.0753134721697766,0.676647336712684,0.102971645361747,0.635631457914393,0.148074353209571
1.10771028322021,0.107195896431833,1.37644620550132,0.213689606235933,-0.115106917055701,0.115591248211141,1,0.280692016576181,0.168158042220005,0.630008417882288,0.0743200920167446,0.70280065153087,0.0834415000019974,0.784598547843975,0.0799178098467691,0.624107723720361,0.111007514381489,0.819674100603057,0.106807588035498
1.01952548311275,0.100503703187391,0.92801114047403,0.135637327250131,-0.210010116002944,0.100082743022379,1,-0.302467361176893,0.198069119487174,0.715067035573428,0.0761422138830967,0.724510040121709,0.0727925907431678,0.75083893282336,0.0812423080991946,0.755609522958674,0.104943712610081,0.630853568845787,0.119458824872583
0.865519046321019,0.0949074509424353,1.01170676037346,0.146992656536942,-0.0846437791259803,0.117835859706638,1,-0.00609996525727279,0.20779126464393,0.669975717508511,0.0799585654229701,0.71641289213962,0.0749461389805491,0.603952258271931,0.0927711140807155,0.487962349495458,0.106583790147272,0.880939023316366,0.116059850873878
1.05961118084939,0.100953715532734,0.985751031326205,0.143693960387458,-0.02340777296589,0.110626340324335,1,0.130336814646518,0.192321997192384,0.683793005537581,0.0722642219524877,0.685186222169865,0.0803800937744368,0.657416502773417,0.10068995173641,0.832143731632148,0.0940606287504946,0.532040084720601,0.135528409506337
1.03490048316539,0.104593249873437,1.05157051026906,0.169877399012744,-0.115792433911293,0.131576870212683,1,0.0839277742270817,0.167591992674729,0.706745628577643,0.073053699888881,0.689831291242577,0.0785579416949805,0.724138992977651,0.0994162680672897,0.721978515949247,0.111916561031519,0.703890223536466,0.117227873053501
1.0225095255787,0.0995396453150134,1.02307796754241,0.154400771386437,-0.102012635058084,0.118373851379847,1,-0.162836902793366,0.171699852923907,0.757151877959477,0.0680306405711736,0.673696460127742,0.0717446282334161,0.691312024065019,0.0956807922707256,0.568988847748819,0.109741211558699,0.670578125814515,0.118007928175516
1.16255934820767,0.10493294308929,1.05456079859478,0.160007704403495,-0.344501003451836,0.0849057307922007,1,0.0303254030910193,0.185195824617226,0.862095314186792,0.0638386172691957,0.556888727657362,0.0865801485777946,0.769702916514876,0.0885444420111272,0.737219720176949,0.103097303247658,0.824172560380126,0.126746604520135
1.01664073404226,0.0966203068726353,1.0139989476741,0.158042019644082,-0.0180271902230352,0.121526374789013,1,0.0466987408209514,0.183707798130545,0.68277550396361,0.0788907346274932,0.694757043937,0.0744744739088492,0.590470900030085,0.0896198514417837,0.649587755546905,0.103204898440017,0.618118056838749,0.123846941345876
1.16550406228285,0.110400852613261,1.29521212904171,0.195283654849548,-0.0986303689121605,0.12998844359341,1,0.0347259516772034,0.178510087052303,0.724630338784415,0.0740938683543479,0.81820355235659,0.0764169314754225,0.806185686484314,0.0879139157112623,0.675392441607095,0.101014582413241,0.78086681229555,0.123949119027366
0.999711469346391,0.0940198107740877,1.02836767430152,0.161168986769221,-0.157854194743442,0.117904938265828,1,-0.0809185444341853,0.161118351801475,0.679804417903736,0.0667273871442682,0.77757756301262,0.0740795305015043,0.706150550689606,0.0981848680854197,0.652451667417043,0.120615708866369,0.417247888447916,0.159005390197557
1.08958726374649,0.106024244269152,1.15169839581398,0.173989743481061,0.0537851691322117,0.150252259342385,1,-0.131534558354415,0.192506093886722,0.689681427255321,0.08076980659787,0.719745546297798,0.0758838051591739,0.691289394976004,0.0950006394886316,0.668394592773372,0.0980103189831091,0.923853977345761,0.0835249190525642
1.12421335359077,0.0957929128010805,0.944827545321054,0.138598381202208,-0.231075357012751,0.0891070607306528,1,-0.126009029022307,0.171696221715512,0.830255305023237,0.0634494361184184,0.746592003578561,0.0783398313332094,0.590224708120249,0.0954313280549623,0.651964964808547,0.0972530350060242,0.725204714673687,0.113655135896724
1.24452159333411,0.0953948646800464,0.880975365382076,0.122212130305297,-0.103990709765274,0.111051608828431,1,0.180238893955127,0.200086170201991,0.719171574945198,0.076301337874239,0.79167315708345,0.0761835299781744,0.656195102777561,0.0823957618108851,0.679534241398621,0.0873471151451979,0.708553846852287,0.113440762148367
1.01740499409758,0.109349223001053,1.17731710779684,0.1841077250724,-0.11483147843143,0.128417312034026,1,0.212723773963675,0.221401008675357,0.657522437720068,0.0800942189021794,0.703649303355224,0.076688680243733,0.707131561210461,0.0865112934806195,0.785471937303576,0.113004207407382,0.666758463783188,0.134004535803149
0.985067179272364,0.0942624358542418,0.956379513561631,0.142455210908625,0.155206247224288,0.157165020301143,1,0.0999690709237814,0.186252295907952,0.627470369958958,0.0763949842657762,0.671891620131541,0.0716743528060794,0.569427008874313,0.0887700998498539,0.916694647953185,0.0926062676836106,0.605298553140666,0.128629939672312
0.940620594329643,0.116726184729681,1.5703915280998,0.251378393740974,-0.0922154557868875,0.128576106750949,1,-0.146616395160461,0.215518691474669,0.904647409202021,0.071607237777739,0.693919663180206,0.0894182104844133,0.805069540606147,0.0892187646712057,0.793315146256831,0.094829976796113,0.647669051148229,0.133867960434603
1.04614974693683,0.100441087325413,0.982911263532057,0.15600270514981,-0.0501492136334899,0.126013159765989,1,0.0396354345500774,0.173987096515644,0.759130395561327,0.078551073156051,0.728055857150363,0.081164333087871,0.558523926831133,0.0969163244597707,0.698539044131175,0.0945773571820525,0.724241258150638,0.123308333372671
1.03999245330258,0.103272588308898,1.10871508824081,0.16513619192269,-0.00422365754365181,0.120818364505377,1,0.238267551791588,0.184495421449169,0.6871943462896,0.0704348977449258,0.680960658590015,0.0830093563077306,0.703164597809789,0.0939192835627441,0.789450197813681,0.102452569593708,0.720074812550641,0.124722872932525
0.948610882509136,0.0929937646921608,0.825610611846182,0.123979679057842,-0.0634311375736369,0.113167305501499,1,-0.296130834281647,0.207101885826936,0.585069522165971,0.0831634814835063,0.736531302459573,0.0813951266321863,0.641244926439165,0.0776166582967214,0.632725398043939,0.0945729271106792,0.52513831440919,0.112494709119692
0.902855204509942,0.0893394047708673,0.952423976256196,0.138986111901062,0.00210793331373217,0.1136871728803,1,-0.0665571472469269,0.169537547912655,0.724536389640939,0.0706751263972787,0.574259642936978,0.0784276452477918,0.582429128778641,0.089962005067163,0.546429097409272,0.103087515441689,0.90426071133436,0.101348326880134
0.890812049736751,0.105409323621625,1.14261225321749,0.168997362075814,0.00983044284381848,0.112916588087879,1,-0.166311247391451,0.191808082211474,0.694700450226083,0.06917775305447,0.6178825513218,0.0766809407132144,0.590592898271718,0.0932064847029538,0.731700088998985,0.103597704669332,0.520178558672643,0.145888813755764
0.912487474092837,0.0972039123284412,0.916914950333886,0.143374271430552,-0.115394150144299,0.118947129697123,1,0.111881065590169,0.185653115161532,0.671756422435928,0.0766334557088839,0.658670195138791,0.0809041418977257,0.614840599943638,0.104317322868209,0.697451274043308,0.111023279074595,0.690067681351348,0.115515688937249
1.14738189861284,0.1006470042423,1.16049730862841,0.174812283222422,-0.130353427710112,0.124250777629085,1,0.226674586104582,0.163168879315847,0.774973992894561,0.0758567747652981,0.551758007713548,0.0864338995262179,0.768763136025018,0.0980444847559055,0.779980165847691,0.0948077180000173,0.7707158097532,0.0997615757869329
1.25255060649963,0.107048913859161,1.16335331628015,0.190485594759026,-0.188250549771284,0.114491991710055,1,0.225108226636635,0.206996853919494,0.751054401449049,0.0775789940502146,0.768610181715712,0.083515174555985,0.704247860446161,0.0930372837976127,0.569197227740497,0.113426749517773,0.736907370400611,0.109663051922147
1.1066155504533,0.102193315889813,0.98395463850481,0.145900075482117,-0.0565740691054761,0.117663618382753,1,0.134942022308208,0.210085926173621,0.722704265338763,0.0741227990880663,0.730652800055246,0.0808221772358622,0.687673161477568,0.0885368684865809,0.848853768490804,0.108522607772333,0.561353665666454,0.144012698680468
0.904286462227946,0.100710262828942,1.24250589290015,0.197165854172566,-0.224778597111199,0.106282625320421,1,-0.0945906779810482,0.179851683229585,0.657420598829256,0.0773549778478707,0.558626988427762,0.0928992801439226,0.800700739573014,0.100700125964184,0.685559361017405,0.0965331705376012,0.76077188391956,0.105414591207113
0.842998062794341,0.0880594326100924,0.758939070386686,0.108300455299092,0.0208141934306397,0.133011928375744,1,-0.0988072019283023,0.174196689993536,0.629667787441147,0.0713224288988102,0.609164332104451,0.0706729866201214,0.726039891614689,0.0849729908294096,0.7254563836874,0.0994487925099982,0.563842045724338,0.138029120700927
0.93813910352805,0.0922710913108776,0.895761352342281,0.135118882849532,-0.0175802514355109,0.122795305521224,1,-0.0818838552755,0.173702598600448,0.649549062802784,0.0729942017553098,0.597217812621301,0.0800131454652032,0.649586849498498,0.0843539779129873,0.514595051940872,0.113449320317937,0.828729459600843,0.127408475516959
1.01846240003991,0.0952221394808542,0.906703176557335,0.12815141717469,-0.0148157987652458,0.128023113336513,1,-0.0743795112544639,0.189843312423122,0.657490558987238,0.0747567783230886,0.763497162313355,0.0735517933776922,0.744249863227885,0.0860765342383687,0.559904483910725,0.112063487615134,0.655295198545565,0.127465993926782
0.909339486510541,0.0840365602960457,0.725694293148842,0.10614450201467,0.0428538599538656,0.123790706714351,1,0.042859951642164,0.168700499049973,0.572476882594867,0.0735772607755473,0.631856014291482,0.0718607962350576,0.549913167182654,0.0903714057357651,0.604883503299125,0.105123614293288,0.749547082489907,0.107914370151975
0.995765261947275,0.101261702239467,1.0770747473523,0.165885276255369,0.000396350996532694,0.119084815089784,1,0.194159728245791,0.181387534565759,0.791086087943303,0.0677317374941067,0.602680564425162,0.0912824680648441,0.658285865180374,0.100167848606701,0.762639431878961,0.107438932546903,0.568439639166791,0.137721774411888
0.924422844986543,0.099558757925658,0.985653906165337,0.13544659345737,-0.107828671896427,0.104522630994442,1,-0.170231636050942,0.183165234087095,0.619184993702678,0.0726951811504417,0.767008217112365,0.0658399037225729,0.67891616208218,0.0841461234445724,0.694103246056884,0.0976106267414157,0.879878146062686,0.129185247384126
1.21058165713145,0.115545706531968,1.23822222502725,0.194693729827316,-0.436751639263567,0.0752264013457719,1,0.152092588884404,0.193445096393232,0.832969673734436,0.0749028582288212,0.786074109948537,0.0747521152451447,0.880334382178953,0.0875812092037849,0.744188356784847,0.12076513452142,0.713774009877484,0.158881583883796
1.03383030915554,0.0877484903216653,0.818087166050803,0.126673481778107,-0.0921193483957837,0.0994004237477466,1,0.196620048852928,0.167556168318536,0.657016663750923,0.0746345475560385,0.763331478293538,0.0793139115229267,0.570225524672201,0.103060851871964,0.831860169619083,0.0971606324825911,0.628137722680368,0.138370859188304
0.99985239099296,0.10478534013802,1.10692328662177,0.159353206405867,-0.156223551470165,0.10909711551843,1,-0.0290329648788488,0.19842582131769,0.753385768893729,0.0752177394503463,0.661911817084734,0.0760456098202686,0.685730330238674,0.087350328891218,0.699219066371634,0.100499463111359,0.873149253411458,0.117846877463506
1.00111174613021,0.0929115744195643,0.849268431371329,0.136343470913255,0.0618602850375605,0.13036043357556,1,-0.142552931461808,0.179908622450768,0.735476958149395,0.0708455596718077,0.659854696003853,0.0798571219724951,0.669188851560554,0.0871517430705008,0.729408938434328,0.107446103011395,0.574093670007654,0.138863107310373
1.03412834300905,0.111074111384864,1.27948106149139,0.19553705094356,-0.166548782255965,0.119993895389621,1,0.266984300463419,0.206962203277129,0.553197436813366,0.0906914726386944,0.798394093250458,0.0756981655462827,0.808837705460886,0.0819027797290894,0.823783838845414,0.102721200112144,0.749353380627547,0.125778323254298
0.951544332010454,0.0989196343377055,1.01601595689475,0.145791253528762,-0.175187070919548,0.0970221939837928,1,-0.174569921499807,0.197107672321562,0.692577086105998,0.0764761083087339,0.722228879778459,0.0739412528917361,0.675151752377353,0.0878583751916876,0.637632772984299,0.102073405711495,0.765753227411282,0.124152898576812
1.19784476982475,0.10839831868717,1.20546011619572,0.182385870124087,-0.121629685928769,0.123225832096397,1,0.0606524178027565,0.205153215225261,0.733945688587812,0.0826148325425998,0.802271911465383,0.0821019110459093,0.820584668101255,0.0941387488554219,0.856700817133723,0.0960769223896081,0.748530343134243,0.114005514012766
1.01947685889019,0.10688533214669,1.12151235922211,0.166873047713533,-0.113438579818362,0.105092021540099,1,-0.0406231301910581,0.205053735504034,0.776165130736725,0.0784296041813967,0.650150822578109,0.0783669111927794,0.871794018988674,0.0811320466676534,0.692989265579568,0.104474288392384,0.351487941723091,0.15311721053957
1.31840811194003,0.11126239794143,1.05614580219535,0.15485557954442,-0.217719702188965,0.0972356768667821,1,0.39673227658224,0.199152125321277,0.691403090041455,0.0791726956528771,0.688987103933914,0.0773133461352942,0.779207616010003,0.0847335031545255,0.833769310885221,0.10084133437496,0.724699192053274,0.113201506900987
0.860896705975139,0.0855409849374598,0.801583439990397,0.120432772900777,-0.112959198389061,0.106739419811827,1,-0.0881229652045493,0.173998453376487,0.648136246647871,0.0720178512738708,0.728298226892204,0.0731112271951249,0.535694879419673,0.0875248705868521,0.756031396367894,0.113854746900326,0.480957969545959,0.13391242815423
1.19728765529338,0.101177145293699,0.994201085680019,0.154741711461069,0.0438949786968033,0.121045096050837,1,0.195310708676056,0.181766319930052,0.700018268969539,0.0760417959310872,0.597725892567661,0.0769411851397598,0.752225277759025,0.0829560825970881,0.64275227489832,0.0985051942440369,0.851497203637267,0.0967647230705687
0.936088406212498,0.0961930651135714,0.886729670187199,0.139576950822843,-0.10052011894153,0.123063037654684,1,-0.0464745254794752,0.192631310118614,0.738421862853765,0.0786753763323049,0.592537009071296,0.0922059524911147,0.634935461195404,0.101142032046791,0.667289197630896,0.0909101102575684,0.824705561703169,0.115859605231168
1.02843639775735,0.100570854331778,0.932852922166057,0.141997815388931,-0.158334889472612,0.11464683992001,1,0.127832759692772,0.214874412262922,0.662241779162847,0.0768174734173612,0.731538038870176,0.0781629494460111,0.600478186699472,0.0999682202538523,0.757708257937045,0.0931315103838054,0.628152744239788,0.11440154182405
1.04041909132292,0.103661777591125,1.15652763848372,0.180269732035595,-0.0534123609270906,0.125381913202594,1,-0.0615219238109555,0.196335158732475,0.682933848773656,0.0753231125477658,0.749645044909097,0.0820112946159771,0.747618960777456,0.095728042192095,0.735466149096138,0.103064676370987,0.643403426954387,0.121980728028506
0.925611613020539,0.0966075376770917,0.9680157152251,0.141233693146396,-0.193247966324388,0.106567118179784,1,-0.014740285297119,0.18155136713543,0.675284088094649,0.0742162586938298,0.677521899305871,0.0781480817447228,0.67753320143862,0.0948612833409833,0.743610538885766,0.101062428406529,0.822274948359765,0.0998773059697949
1.08597382359004,0.102656628090371,1.10040197992084,0.163987975356658,-0.0441834215506625,0.114420956342784,1,-0.208989997436925,0.179949849299764,0.770004411622552,0.0694477338490674,0.768841222795694,0.0719799378205411,0.70257473291361,0.0947713058387663,0.796982257439938,0.0983699472499788,0.786475146780562,0.114193103187017
0.868443819575398,0.0900569640941412,0.849746632023642,0.130388856227716,0.00323364572273042,0.126482605797687,1,-0.0331247252332485,0.182944966309095,0.638819561487095,0.0790075245907506,0.694433354230485,0.0783972899007445,0.655987994308246,0.0857122441168279,0.618210839044221,0.102507107142527,0.580113984493535,0.130806865706562
1.06539842721851,0.105910120579632,1.21514528280651,0.193827192482668,-0.125982943415224,0.110656404519481,1,-0.108767829619246,0.189307735545567,0.721855297694686,0.0835743213233933,0.637345458414871,0.0791635089845753,0.703115295382229,0.0862563262739706,0.553552909758445,0.11247117898489,0.87352062669225,0.106670463307778
0.970213723962256,0.102161572622296,1.15865027077562,0.176710294838323,-0.142255714178902,0.117999176982036,1,0.155808690070025,0.193613757055869,0.656886854715808,0.0781297720889131,0.676776776454191,0.0749517527200155,0.693951470970016,0.0941241027443235,0.855529452347118,0.114426533055829,0.644269493219755,0.123188671316758
0.967633293695355,0.105618176064022,1.10931339121747,0.170412370773044,-0.0883247316626822,0.128623681151081,1,-0.0569289471701454,0.192313190979092,0.795551126253043,0.070233035650958,0.820206663509359,0.0785207800245417,0.735557261634946,0.100884137720023,0.776962697253088,0.105135574362393,0.784222783466553,0.119283722880828
0.899816366251182,0.0954777563077776,1.00548422441823,0.139259836735386,-0.00470113805928448,0.122910172796566,1,0.0358864726353804,0.190925324556349,0.747454561427873,0.0697526531314817,0.592355954496697,0.0841175982309855,0.55386952200244,0.0970986925965848,0.65657172461366,0.0944871125962585,0.521135542611314,0.125988405998376
0.990607594754222,0.0901477587031319,0.901946194963313,0.131616371426087,-0.0771306014244233,0.10870657455172,1,-0.110277767962752,0.180009479898252,0.758937442726099,0.0704985792260285,0.673633437133776,0.0833403925835764,0.621903259236191,0.0874447699521168,0.620284033882528,0.100113181275872,0.792023047480709,0.126357310922361
1.08511047890307,0.110325097429864,1.20798397791583,0.18934041555379,-0.268687596699281,0.113627152389689,1,0.109754433245801,0.187004266792608,0.6900945154617,0.0782321552485842,0.866940226595887,0.0879542245522432,0.706927412107048,0.0930195004338049,0.924523690112705,0.0971706492494859,0.782410307653109,0.119815401585889
1.06910735855427,0.0987772039734169,1.00671545227442,0.147501444235144,-0.140261016211151,0.099323291109406,1,0.224143492519895,0.168391001252499,0.695978894916213,0.0714496422970245,0.662629168618981,0.0806757839769593,0.73786021933978,0.0886782123560333,0.660330500251403,0.109716054859726,0.695298794609073,0.125125302575515
1.20301215452633,0.106186058942809,1.11329448179823,0.171946129944226,0.0156900420093262,0.137809599050431,1,0.0143135437433824,0.205636510754734,0.692470455993456,0.0796057650478532,0.708119176881926,0.0771582574972327,0.732215146912847,0.0839755656362991,0.773247990988785,0.0936135317129011,0.733142903805863,0.136127168000318
1.04598077095108,0.0998456194622877,0.973655192325129,0.141125973738934,-0.0696268420433391,0.109525688590478,1,-0.0540009700302151,0.184985961299914,0.679487571388997,0.0738799311453106,0.688858669003524,0.0806890421031348,0.615763758660982,0.0843680438502798,0.787271213345917,0.0859006829062201,0.720669572438296,0.102244541532074
1.00158316389578,0.0938373356899588,0.859794235333943,0.12688322023228,0.0501469068241364,0.136284280777369,1,0.12908217096451,0.199976830448522,0.662909514551517,0.0799779115979242,0.73673443340226,0.0761125356122311,0.615905491360916,0.0876330325826219,0.749526239513962,0.0888785001862274,0.740730195905505,0.112692899089886
1.00339700524847,0.0964511715137703,1.09252399318617,0.15928912712907,-0.171352479190168,0.0993287947398963,1,-0.190446277499378,0.172325935374362,0.712911227789839,0.0729314453478991,0.75955641831026,0.0683189275777418,0.727858952061035,0.08636592293398,0.646910088847186,0.109775148974184,0.604488560638092,0.14377876510071
1.08718958239206,0.101878358279142,1.05845980011191,0.153311761437593,-0.12994952148247,0.115437649364042,1,0.0190529489352923,0.194528840734251,0.731594042892451,0.0728655207096072,0.741443728936051,0.0767099313288909,0.765861047861727,0.0841243955596088,0.722552476191076,0.0950778315645623,0.725637018954382,0.118260500112986
1.03873237312787,0.097132375075455,0.904842031054242,0.136315980542401,-0.0750359852547928,0.118556461896818,1,0.189581179954012,0.194399003001627,0.681641733443079,0.0746419248085581,0.675130575689659,0.0829310879417452,0.844152303375894,0.0743118312513371,0.514387133336903,0.115697258193781,0.370483901980459,0.158415041766626
1.05023147724744,0.0873688589057827,0.836718715213627,0.125183616335625,0.0953419606110746,0.117410428786717,1,-0.0890353587510584,0.166042985996033,0.702540976473807,0.0732182610256011,0.750163005007889,0.0724300217093417,0.705111975062834,0.0775549566633138,0.79698568636029,0.0947303438715908,0.66277543322971,0.126945318836207
0.936278663153953,0.107141087236888,1.31355447377783,0.207296161655761,-0.0916674805497099,0.128630151420271,1,-0.0315774377608345,0.175129932611964,0.736614474629503,0.0738632677769477,0.584617737081433,0.092844552502175,0.784108426705231,0.102353087768201,0.63237873704699,0.108098327505042,0.635724362908037,0.138647964578913
0.940991175755367,0.0888053326016598,0.811367613774263,0.122692012709551,0.0272105579092693,0.12339844771096,1,-0.170169788132379,0.176185497628373,0.629586006335312,0.0681628941728302,0.583298733197725,0.0734629195917981,0.851501575142807,0.0708754121157592,0.691988623515042,0.10163437283316,0.387553800178868,0.153055445753158
0.931817609371009,0.0977189846698141,0.985674113416929,0.144772766070822,-0.0473420763202169,0.106008500049712,1,-0.223501971173604,0.198463200366142,0.743116128711795,0.0760225980856104,0.700339016936151,0.0741875382576156,0.499676576979088,0.0873735083506947,0.811164779091534,0.0878470741181221,0.716557383661113,0.108200261326899
1.00390099293059,0.115248371189862,1.28161619023157,0.190611213591561,-0.207745087617844,0.09586147643379,1,0.315739420250971,0.22173234997206,0.844831842823645,0.0756951627661967,0.62300548090902,0.0824921258692277,0.737262669372526,0.0905075150416752,0.587469396020263,0.11028693932328,0.593637044601032,0.136710571701986
0.99723160134625,0.0985261736265348,1.17653827910178,0.194407831437594,-0.128737570405461,0.114661529284667,1,0.0880124353948238,0.191969467370119,0.744064990709647,0.0773097130925331,0.775293493643498,0.0729371280351732,0.609251534854609,0.0969088846111777,0.671801617349709,0.108617652658603,0.761953344475021,0.111263882772496
1.0818696581474,0.110510291981241,1.23528039885454,0.198435136938185,-0.164308671998153,0.113426687853404,1,-0.193238345629974,0.187924575723757,0.734235916345921,0.073227733082874,0.711254895889585,0.0822777847409891,0.798124447952575,0.0913436634447682,0.73819364317803,0.108572694510386,0.638994508864639,0.136816636338701
1.01048777068619,0.102148671921318,1.06511361978574,0.178486613953765,-0.190220251358929,0.120860157376649,1,0.165221421294922,0.207101005037873,0.713094331757249,0.0801754107299502,0.747775192171772,0.0757022365951076,0.777435356632702,0.0945469708570818,0.78862010514576,0.107029951649852,0.684359089331938,0.131585350740384
1.03636837591278,0.0912048908818379,0.828695035928117,0.117596405530247,-0.0841344181488807,0.104573598705531,1,0.102062605870488,0.175851991111353,0.72588383320616,0.0805467419935599,0.656176526168469,0.0782103847419984,0.619300090461703,0.0877839772973045,0.6151085253224,0.0915897760212457,0.846077187560135,0.097812171230702
0.869929991788061,0.0998650517481252,0.990235129950544,0.144192815484849,0.0503622285780869,0.139000403229013,1,-0.241050286523359,0.214511342059873,0.666084651142778,0.0748775036048743,0.681497893846907,0.0730819175434561,0.685043002869567,0.0917496312166525,0.722336504397155,0.115086932661434,0.765220840638104,0.10806972284185
1.04839830081844,0.0985533396352852,1.05119822340137,0.159886230498592,-0.104980071912337,0.11638311169649,1,-0.472670541696912,0.175132527880695,0.910090698674875,0.0654090691427882,0.727577854033517,0.0790836764829248,0.705192712367031,0.0885396908719608,0.567268343122968,0.116435615877175,0.639686199822648,0.133358399314258
1.02320529525738,0.0911317832976676,0.884628798107411,0.132428925872024,0.130872327725399,0.135654606278992,1,0.0114295966183529,0.182294240356816,0.724960324189647,0.0700481566221301,0.642339084261718,0.0729281306359151,0.658294525410101,0.0905603266707305,0.599127151481933,0.105146921588366,0.68435457128746,0.125551317398732
0.90910924734334,0.0932814845128291,0.900983761621718,0.143499418034516,0.163622670799261,0.141970204922554,1,0.194249626403019,0.192209617915519,0.546175459714894,0.0817327513513971,0.608661090241669,0.0705736640957361,0.733749381649678,0.0810813822230463,0.751423063374888,0.0966191981529584,0.568507320170161,0.133290832629408
1.08568566646328,0.108870706025589,1.13728662206127,0.175702806496479,-0.174528493411065,0.108315728698278,1,0.136436016732916,0.212806049086949,0.803911987253603,0.0727992678822515,0.593413170240774,0.0765730238848999,0.719595332433667,0.088582762032796,0.709973509085125,0.103547945800549,0.620964985013685,0.136293877664268
0.919751772372689,0.102979497499484,1.23697111281051,0.174798770249257,0.0745303252827697,0.137551901941058,1,-0.0210532786909587,0.209128740351538,0.699517720155458,0.0735455548521833,0.685257420778753,0.0829875397466149,0.642460943008837,0.0876567345396202,0.687729910911543,0.0999721987281423,0.717941620728159,0.117563917290978
0.913867631562783,0.095679668933837,0.963633310477614,0.155775060259356,-0.108131692371979,0.115513757712317,1,0.0936202469853561,0.172367755426872,0.529682915073451,0.0830751101021494,0.534979601107562,0.0820949402128578,0.797943578028577,0.0805806238233747,0.827891369819282,0.0942502308083766,0.683856264180333,0.107705094388884
0.983908766818706,0.0985422548518052,0.916019553737461,0.14298644959712,0.0045737590721244,0.146264014267219,1,-0.141347449136035,0.188587556818045,0.798602485109718,0.0748084785806841,0.676500554510893,0.0786466275027659,0.574086843158541,0.102136555810002,0.772155355122524,0.109461421437727,0.643612160228915,0.129166817497733
1.17875355784492,0.113991637630468,1.0956921323993,0.168693834933452,-0.254449769315788,0.101968765917312,1,0.373271202476356,0.220457255206697,0.57886977616565,0.0947550237017957,0.950268014380585,0.0804009855205507,0.771432976333139,0.0856305610377757,0.798550235671075,0.0949921828568765,0.713618404066271,0.132939093586444
0.780998159827943,0.0969272507518469,1.00097723076412,0.157089801323222,-0.0308642599149114,0.123966112352457,1,-0.490421469794389,0.182957397000517,0.832824881119776,0.0695015364569288,0.540642281658018,0.082316234381141,0.68027687895476,0.091544015266897,0.505088736123908,0.130696325545179,0.618531739184016,0.137367210588812
1.16993379957216,0.108403261743576,1.05916563055466,0.159969743097867,-0.0781705815661263,0.119979754955247,1,0.714539098926581,0.215048939697994,0.606349098851685,0.0752592236962749,0.832177553821032,0.0745956570625597,0.640636640005757,0.090154941613376,0.588197800441826,0.116460484026531,0.631913975324085,0.122603499347049
0.961153954435517,0.0955088226876226,0.886987326794801,0.130427214083761,-0.0560247773257484,0.106036103885004,1,0.226598236740596,0.19595897632805,0.645179476210613,0.0712580968231441,0.601627141790123,0.0887254929375898,0.638745455892376,0.0852683147343125,0.731884108419354,0.0873324989375499,0.668222758828281,0.121717207133942
1.14710853814344,0.105633472474997,1.18414889541445,0.184721893099217,-0.196717015340252,0.101202959278976,1,-0.235616991753844,0.184001777121885,0.804054014265917,0.0724552176114135,0.723177880766141,0.0775825809605238,0.678307822024963,0.0998520822383014,0.678552592103076,0.115876393686848,0.658788490236764,0.122182625857848
1.18255817574516,0.0953929732665686,0.828373757225119,0.11928553381273,0.0124970862160256,0.123186878973081,1,0.462055232307364,0.189120118353908,0.664010166201045,0.0711614477063161,0.622981350639564,0.0781347134082616,0.61487582169968,0.0906011503840006,0.663432699274541,0.103420180330985,0.825342850671282,0.105746056705344
1.24163643943584,0.112490104557302,1.22089918895096,0.18662991218652,-0.329016087371451,0.0854751589396676,1,0.31051021192137,0.194963478719624,0.812410575832397,0.0749021118561505,0.686989629515561,0.0828073426189343,0.823350424034462,0.0863205831728185,0.937602204649049,0.0955108074461176,0.859734292808322,0.131678038970014
1.19519174565287,0.0984489834869323,0.94893983134754,0.148466926911136,0.0190847242601873,0.134045042362289,1,0.0981522989307094,0.176973819661104,0.789839464353463,0.0697929338963648,0.638237987584231,0.0775662315939404,0.561299086100979,0.103086796325816,0.71791412446851,0.0948950318399256,0.565954233294724,0.113730832732561
1.04238019628153,0.110391433476227,1.34942383745686,0.203780388004495,-0.251412394724959,0.0917993925520642,1,-0.103306224087373,0.195219325626202,0.846728346751395,0.0748241079240463,0.838456752087473,0.0862710699326879,0.751516188600239,0.0959062674042375,0.695016542403722,0.097706715443127,0.66696869934274,0.110435621572986
0.846135000603203,0.0917976120522699,0.991535293505826,0.148523296910016,0.0274446858298742,0.11251648398084,1,0.0481844949513656,0.190182620604923,0.591500626112071,0.0780853242920981,0.670273610749801,0.0733282915455996,0.647399915745911,0.0894809732073367,0.595687648686904,0.116719966379903,0.57015975438296,0.131617117076281
0.992865400096111,0.102529063958963,1.00488725976876,0.141954370422526,-0.106643967481601,0.126940059478286,1,-0.0343606953834139,0.215180957543015,0.577345035559792,0.082946324636219,0.779532299621343,0.0760257381447888,0.830050437280071,0.081924662470942,0.563503571366734,0.100075872318375,0.828571405736688,0.107551456516204
1.1492510915709,0.0991553326532375,1.03792079282114,0.166461983263677,-0.0762008268515001,0.135126723054977,1,0.178863429604736,0.174079142477233,0.706183792868556,0.0816664813097087,0.799935304713906,0.077520020680498,0.750378749767748,0.0953804600200124,0.819110261495508,0.0909089918706653,0.662508032139932,0.134309613749129
0.922697715009775,0.0938664285929619,0.749308460004522,0.112265750068735,-0.0357809836089283,0.119630639102399,1,-0.0740431192814945,0.200452577541609,0.586288614125504,0.0811576009281699,0.712088603056841,0.0696079415870632,0.664570365842875,0.0885325447496881,0.671195931653452,0.0976478470726437,0.674107049757663,0.12245049555525
0.972707229714124,0.0962137274046937,1.06859282652159,0.164224056921256,-0.123804714128245,0.108208593880909,1,-0.15316032316942,0.186553925367839,0.612710379130361,0.0763713971541883,0.59290338267879,0.0856002130350856,0.664197894417809,0.0801421825535785,0.830845910424899,0.0851392760899094,0.750797400961091,0.116145687816419
1.03854693295332,0.101427908040065,1.00100010025856,0.152032954134298,-0.298546211709578,0.0905135241490865,1,-0.211963871977174,0.21492772114523,0.68472421423267,0.0831361996172182,0.703235028147064,0.0807255984088484,0.72519516905519,0.0861745082001916,0.871275195400189,0.0881362147830772,0.778070591521769,0.112504356101954
0.937956795931807,0.0932899306894651,0.842620264543642,0.12804617492625,0.0750616874414276,0.129189257935066,1,0.157030073429343,0.188385384275551,0.694104775412703,0.0735533637510431,0.579523634548565,0.0780256785993543,0.553095781641346,0.0888664387638762,0.803920701953821,0.0981827482156338,0.532672913561174,0.116410690062035
1.20113765032178,0.103849941211018,1.08216979894739,0.16233156151343,-0.17515048522574,0.106613973452358,1,0.156816587210145,0.193447019774459,0.73131166183068,0.0762565706664178,0.641716223707128,0.0830736511139015,0.693060549996582,0.091155604769111,0.699509030234277,0.099493773671737,0.694855135562757,0.108028691169852
1.01788057345249,0.102187820712543,0.922280740810973,0.149251750959586,-0.231860242472526,0.1145872140492,1,0.0693266153116252,0.208862055289841,0.637372792778019,0.0835143921551919,0.788624001756874,0.0801728799871089,0.682637617442632,0.0856113342028642,0.727620264834334,0.104921772968523,0.702396094024444,0.128190847228963
1.10124281578685,0.0959626377337372,0.940011365908044,0.136909024396404,0.0301914798591087,0.128124633089477,1,0.299514735549179,0.178011217703178,0.612210881985166,0.0793734788686253,0.62970317196071,0.0781650712672761,0.925368060903021,0.071618410379612,0.798375908695077,0.0902090079511411,0.782768991461227,0.131332876076776
0.974930892265423,0.0913723780196753,0.792607075479456,0.11750512871284,0.0311283822869912,0.119889420641298,1,-0.00122384500613383,0.185287964368762,0.686870838991233,0.0785105795367714,0.604082698320569,0.0756875451503275,0.642875689330162,0.0752042642246818,0.606067127811349,0.0978785536389068,0.695984070335764,0.116037736982022
1.16437745466763,0.10798792571439,1.19278243955909,0.175159935441725,-0.210626017884184,0.0999870458308606,1,-0.195262211010181,0.181147226679145,0.72722344969884,0.0764662488481969,0.717577710279101,0.0772919916604098,0.702890167496374,0.0934453595124206,0.8341495214011,0.0904275458770717,0.726839703071324,0.128121019278879
0.862053269760757,0.0938539847462614,0.898318684957472,0.128391242868563,0.124481561760995,0.130062769391038,1,0.212594179874154,0.177614710019741,0.637598338806783,0.0754338090161757,0.522202200777468,0.0829743449131459,0.740638193818361,0.0748137198139286,0.673479904012117,0.100956762073059,0.660144369973561,0.114007395718431
0.890709773849907,0.0938516552730804,0.917897164900566,0.133554500241653,0.0252013388094704,0.140276567329823,1,-0.0666501723176015,0.194820750794362,0.582370033949042,0.0819852603385751,0.739237490552323,0.0749761955323116,0.7248646254429,0.0894325604097747,0.580350984944554,0.108213551782077,0.667022835569217,0.117466246874053
0.853143688691977,0.101807480981765,1.15518958654376,0.17365910631538,-0.00136285912893519,0.12781238377146,1,-0.181481840965928,0.200731453207222,0.672448531037584,0.0756061022983956,0.62934712518883,0.0882364175449728,0.713403911247588,0.0861848066897403,0.673939025493776,0.108424328223985,0.55336229315471,0.129570748600941
1.03657289585179,0.101003737509512,1.01981710672193,0.149970133565929,0.00133759269661733,0.125051719416743,1,0.177689061794962,0.197073977946007,0.682774810549809,0.0740133111071723,0.672661589775474,0.0790818567709254,0.751263264072957,0.0828662764519133,0.901370593380948,0.0935813762415803,0.505100404881492,0.153219106752288
1.03843686087288,0.0997409385403115,1.18773279365278,0.179151540099431,-0.0242602115126346,0.106494499174861,1,-0.133592167036807,0.175684233507983,0.720133539854546,0.0698343843048746,0.670580199663638,0.0852687146319433,0.62168103752441,0.094089655163511,0.764471276658363,0.097614012184471,0.908212505038176,0.0946962997504551
1.11644859629535,0.106764176913757,0.991374861626519,0.151440425436535,-0.014327285739407,0.126021546608167,1,0.247580002113261,0.210209646271885,0.619166843665704,0.0816624649048327,0.651615033128742,0.0788742252677655,0.700564498763542,0.0826203907847074,0.634204192090518,0.103551364077373,0.759188009813341,0.11077330575197
1.03256934593784,0.100498006546884,1.07692813131968,0.159025129635733,-0.231089500419528,0.0926986194194518,1,0.352195095001657,0.198585435878107,0.684445450041338,0.0770125542090972,0.701786888771373,0.0775571296844011,0.78656538307865,0.080907380677991,0.836037100957603,0.0989721690862718,0.674625922458503,0.1225929482943
1.14272516730025,0.10093887541615,0.965890853285116,0.1415293830885,0.0848838895748274,0.12134767412491,1,0.0649335693314735,0.177796951358089,0.707769443258241,0.0699546735728822,0.713000189635851,0.0741074959902812,0.625217138927486,0.0861245686682911,0.776867560599443,0.0899903754193198,0.631184075313488,0.120353553416338
0.877079070533095,0.098917571164149,1.03782541840567,0.173261756583364,-0.116222883796584,0.118281654370402,1,-0.361060709169167,0.173507198013939,0.730213334516187,0.0778036751654594,0.693200429382347,0.0799957111418022,0.707079651712981,0.0905524884448297,0.746460486063552,0.0894297885375655,0.487234285940835,0.141104287832853
1.18313912781638,0.0987992127664819,0.924568115662136,0.134449196121666,-0.153328956335827,0.094812577737772,1,0.553367303415632,0.184500031036805,0.782723891594474,0.0679114606483078,0.668868450204234,0.0721772313266025,0.766769879061148,0.0970718270592073,0.805272830416257,0.100911230601473,0.805413987799106,0.132831651809809
0.926436109978245,0.0878010418708418,0.817155595575542,0.127437149839296,-0.104815866408909,0.10081733806309,1,0.133698225592408,0.181095725332926,0.547992845689816,0.0815716407078995,0.536241116591367,0.0793064312097923,0.563792290877771,0.0956121554814596,0.559262590786424,0.106265606316067,0.641281787766385,0.100079594301763
1.04350116589355,0.105509915125128,1.30216585926344,0.190250547278874,-0.117731190443943,0.10439474763341,1,0.0153608140920369,0.21583862710493,0.713389769660479,0.0823116221151149,0.706776777230469,0.0829864096739477,0.739301512681408,0.084363324659422,0.731825102937517,0.0933254245595136,0.65302586478845,0.104682969277625
1.07021912643546,0.0928462889683602,0.805852543797584,0.113057096676641,0.0843772415956575,0.133399292591895,1,0.218346149172255,0.178033709312064,0.673062448572626,0.0742799242662348,0.66704971670174,0.0776938128995247,0.842559671088431,0.0786680455179276,0.588571449291682,0.105644580387018,0.587824677238792,0.11447376001288
1.10698337040339,0.10567691722341,1.04435469059062,0.164096653642046,-0.168863975911826,0.116659569910429,1,0.36927197330327,0.194899050049483,0.641033651662163,0.0837312116816807,0.76359577024674,0.0760165886051226,0.617649268253146,0.0867172121087749,0.667116150357329,0.102559715879355,0.760333853375291,0.127731668349252
1.03315475781149,0.109351230758298,1.34462680278712,0.199676279030762,0.0468636958765671,0.128363377238801,1,-0.0213823636145561,0.20225876094947,0.758343216415196,0.0746943895276376,0.823824619649717,0.0782192094458705,0.655480164038466,0.0922235330325136,0.676470981730352,0.103757891504397,0.825523283380938,0.12076977312524
0.874251680184852,0.094291775328635,0.909116996789003,0.137822719209453,0.0832397604545082,0.135149768543398,1,-0.116755215010218,0.175648514201786,0.677196379708087,0.0720091027470404,0.729463504788829,0.0784251526725254,0.47391430644684,0.101504680251425,0.4894382052519,0.103803924512494,0.573202945728848,0.118078224934944
1.04497085411928,0.101344420507924,1.10358283795136,0.173248916242907,-0.178445992730347,0.0957183770455917,1,0.167297170449699,0.175330052203583,0.730322679567239,0.0726676225018768,0.688997237482528,0.0777141387919947,0.65615513473323,0.0956814979452913,0.684199516072363,0.112078914278062,0.655729532894216,0.153468028060411
1.10026243010479,0.101925897171459,1.0272932369119,0.148260162619963,-0.0976631565901346,0.124690538904967,1,0.135908032342272,0.180845288363315,0.670307516815777,0.0753915817391775,0.72293619611947,0.0738797146536516,0.716561893872296,0.0967528838871326,0.796226940123557,0.0977166604218837,0.772491102486241,0.113853797507719
1.11875561041366,0.090941901237643,0.936571433904498,0.135196462920504,-0.0257538298317869,0.121269852709943,1,0.058473990766973,0.191431434197488,0.77791437415092,0.0757476345652785,0.654517813003217,0.0775875737158882,0.621684597646616,0.0958321157578469,0.789202432824775,0.0936572641909192,0.77886010201119,0.100290455989476
1.03405737676829,0.0888306318679336,0.760249571256614,0.113317914636626,0.160237641731886,0.143248377581726,1,0.255589176947215,0.171170898657991,0.551517963255379,0.075383058894127,0.593477751877915,0.0663758818274459,0.591867813209402,0.088751629891852,0.64248533237891,0.102308098500976,0.650402946581961,0.116145583653453
1.04658007802235,0.0972078292180622,1.00611745288379,0.143354757816079,-0.107281369324971,0.0996846502298315,1,0.189770714938131,0.209728877866804,0.701596442923193,0.0715030474614136,0.788894708271173,0.0704038560209084,0.698228417350427,0.0935756651582522,0.522931044994208,0.115015512960042,0.760207422293242,0.113909706116941
0.979493899458042,0.100388608108172,1.2333399861397,0.179759121764525,-0.186537771199988,0.100006615321075,1,-0.178444183518316,0.159188677909252,0.7739430422341,0.0636526028006444,0.699359592295933,0.0800673311302226,0.676052725479228,0.0845952872593648,0.83728127690221,0.0936542712187249,0.708711882503831,0.144310809357397
0.875794164989723,0.0935440463292045,0.82859002278258,0.126178825874922,0.0698953483185463,0.139637019909332,1,-0.290030561408764,0.2198568865121,0.621128367018491,0.0841586985780685,0.599318594967496,0.0789668803211026,0.563207970062278,0.0875967591243746,0.693246838433405,0.0919571394253145,0.430427713674207,0.143719312097255
0.9990074857913,0.100624493392156,1.02834810417245,0.152329163770943,-0.253995902666505,0.096737292057156,1,0.245305266831882,0.185664257559339,0.744051370592288,0.0707509077570581,0.758896735589213,0.0719242526830363,0.583278802967414,0.0996668609678857,0.734572517568382,0.104999057867199,0.710571462155211,0.103081552053682
0.977115864047509,0.105737426140702,1.04523044375546,0.153731771597434,-0.19669459474133,0.106643884474261,1,0.234320917610027,0.206226029809843,0.586402327430325,0.081183276590639,0.691758683830259,0.0793420359153647,0.699681974864782,0.0856500364091125,0.746181873436313,0.0970716165185963,0.668730951012867,0.135305491884173
1.03512606089358,0.102286820071851,1.16455715550236,0.173531403230199,-0.264808680440631,0.0888242555201985,1,-0.127559812758372,0.184388601659776,0.775724989820642,0.071686597024787,0.829654901740854,0.0795728117031227,0.551144045760924,0.0993406725155712,0.790956194474682,0.0948279712473164,0.729587752369552,0.115167689594163
0.975429250379881,0.0998297309335845,1.1334598803468,0.174146081800954,-0.169493373045922,0.0932122916277326,1,-0.148158204131695,0.176814760550595,0.75352408177654,0.0663189767669319,0.805384031331027,0.0754464714471437,0.597365060792522,0.0982060317513819,0.69419386735256,0.117132353859005,0.695463992663582,0.133105942725535
1.0349566734698,0.0974904350274725,1.12077701608037,0.171163360413691,-0.0258429621854002,0.124137336231023,1,0.0404865445991446,0.180061536717921,0.659234143124935,0.0738914920993047,0.576801052061156,0.0812728362190479,0.591079176314713,0.0942273891325983,0.775301968707111,0.0913897798648271,0.75601690534889,0.114695969123127
1.01784129937946,0.100274334722544,1.12250206142332,0.166493068239722,-0.236774588589554,0.0982882644428055,1,0.124832650376995,0.162134036479694,0.764150188111746,0.0720298051633261,0.67041535343835,0.0742182021237068,0.660501535819154,0.0994071729878023,0.808934917266375,0.107338226512125,0.857427052988991,0.141279439691832
0.866905484107193,0.0816926277658405,0.699903608624395,0.0983157457113916,0.298086554087058,0.125597888047576,1,-0.178447941967589,0.181274456579743,0.635635894293799,0.0749808747255332,0.682628639733111,0.0721372572028196,0.483284990027955,0.0808591248035112,0.691317830022906,0.0863253852409688,0.618292958351819,0.110889170675343
0.766014837255478,0.0953303270497721,1.05330516333171,0.164568573037634,-0.125926748507876,0.114266935479664,1,-0.15819254700726,0.179266575125796,0.724064600396164,0.0708568804594858,0.656810805291332,0.0816749345883578,0.676055189046841,0.0924523443711674,0.678967671583466,0.0941158790565048,0.750420396043276,0.127858689953754
0.944251291930585,0.0967865339756505,1.05156700421711,0.154420438898905,-0.148547799988614,0.103708962327814,1,-0.370711509582838,0.216999397929532,0.680156318284345,0.0774512255630005,0.83575085161427,0.0696691946959915,0.715713298986798,0.0866392293702487,0.896208661507877,0.0926493564615663,0.498375083179879,0.130860542872109
1.08728028122362,0.0996637361123327,1.01524813993221,0.153167450613221,-0.152317287208935,0.102517353721783,1,0.0503589742143153,0.179651638704539,0.664326274544638,0.0786352805208676,0.712090284903342,0.0767472243411756,0.791419383001668,0.0860084614583181,0.789662027176318,0.105895303077428,0.582559645355465,0.141649735108712
1.00557546220473,0.10991079132641,1.26044163738073,0.203921688196286,-0.220600077852046,0.0986988889526163,1,-0.15152416865183,0.215018764043563,0.753829402575859,0.0765630594605578,0.796183574417082,0.0753468078680566,0.797630732721105,0.0861019019706636,0.868929370026671,0.0986538110200558,0.52513699210248,0.155422825576431
1.14932538503676,0.104884145161097,1.26506158744801,0.18186409896505,-0.183717661658222,0.108802598771302,1,0.0531407775379607,0.203230656317626,0.809454753290666,0.0759759320546462,0.733801938709171,0.0846574441741151,0.817693727919424,0.0998133903350889,0.836581496002567,0.102066777099083,0.942865324758385,0.109905807040743
1.019916403566,0.0962076553936751,0.944101336801123,0.136758188398471,-0.141198334319197,0.0982544183821184,1,-0.160630465400421,0.184181526583368,0.729346559628304,0.0757064635376422,0.796038272761016,0.0683956922201178,0.832054589383734,0.0852644626423791,0.861893808043745,0.0842254414653821,0.644999123723002,0.128239198551478
1.09148933900735,0.0991675294582069,1.02295679335021,0.155207603755962,-0.0381249936459034,0.106154876420778,1,0.0188574503014355,0.195967017990595,0.643284828546035,0.0764935697746013,0.823891067737352,0.0690010117194989,0.580638565188944,0.0833013695090418,0.646195674033397,0.116147035646079,0.559949752115881,0.163350042055409
1.12482661812583,0.104378293512277,1.10561417990437,0.16466661767507,-0.132419208715315,0.115296159840258,1,0.0296279668975939,0.202355553046693,0.766795914863975,0.0723057367010935,0.804240662347294,0.0701713808546205,0.699253544885744,0.0948261576310462,0.788173990956198,0.105771486835724,0.650346821128506,0.120891552918666
1.04043209955191,0.104159212071235,1.15761532370062,0.182083853247482,-0.179284950615437,0.116342682956969,1,-0.114642939039472,0.209117188944379,0.739627970329863,0.0768283302180562,0.858101815965484,0.077851135919406,0.744792537559041,0.0929787617637848,0.784344748133637,0.100545309575961,0.689293520152519,0.124510459134297
1.00077850609791,0.100664814722141,1.02355840736666,0.144749036144582,0.00544357104448145,0.122654711100772,1,0.0755552799002912,0.194475687022423,0.712664103748937,0.0764301077924928,0.70585252576529,0.0726418547276526,0.652501562903257,0.0842022220061742,0.759964349488665,0.0944568829322162,0.829212893244302,0.109433212672618
0.940381773716612,0.0885986123320876,0.828749203077958,0.122732096028576,-0.160826845327163,0.0970401107172788,1,0.0614014356781163,0.162442761716633,0.6931289943795,0.0710735706793546,0.662920554083807,0.0780511081785046,0.745769628931658,0.0816671354086979,0.64129114921323,0.105131150854207,0.816568002059555,0.108647439314572
0.869816722429517,0.0940426109052632,0.916150423680733,0.135541767384086,0.0833195915859661,0.119698520820099,1,0.208012011849355,0.20367867223286,0.660867498328598,0.0738958513837523,0.57251302928085,0.0821908690324393,0.649529639389282,0.0851750403719696,0.73565563098233,0.0967335788420401,0.748254316371548,0.0967346728118972
0.995875991176748,0.0918928430179107,0.791595659018664,0.126191767633412,-0.00351537046448327,0.124641748326529,1,0.457537187259974,0.189514887881742,0.537073495856836,0.0790843459644187,0.635671115202838,0.0755227857471591,0.737930141863805,0.0882012270837576,0.497996379667273,0.105191742825745,0.665010045954876,0.117990188106526
1.22099719013992,0.105158240388865,0.98625882470813,0.148883404706276,-0.225264735001556,0.114050614288963,1,0.163447491770899,0.204984082240329,0.720388605071256,0.0803137311748678,0.696604356644465,0.078614940512911,0.767095036471761,0.0779837251111683,0.710861154287368,0.102414375181245,0.900824331364012,0.113371700184012
1.08409940019932,0.102029161675004,0.95717112546646,0.143799226072218,-0.0922445861084467,0.118262419307292,1,0.232754491331563,0.215581211364968,0.680706125456052,0.0710576476880028,0.754593543010472,0.0766189112428669,0.522727531939628,0.109860736216969,0.636215034744611,0.1062601664383,0.85664403237193,0.0978359367333896
0.94602493123152,0.0936065331106159,0.905062701767617,0.136772199575353,-0.00107343749194471,0.135989564076794,1,-0.1269511669565,0.184313027466443,0.673452575378621,0.0721826251467615,0.6297450263898,0.0745246213286981,0.652524327539847,0.0879395111066106,0.500587152822637,0.139150855458869,0.661666312129931,0.135099121681223
1.01077321903554,0.0964798455623451,0.98718322843987,0.137260707939662,0.00616328362890958,0.124012667799063,1,-0.218180614468971,0.167486224539084,0.702199617997932,0.0710522032669698,0.58024850461381,0.0727248010163119,0.764871088351043,0.0740879889312221,0.662740801291484,0.101526346176132,0.72508784497571,0.109592001260703
1.01989579016824,0.108878243960209,1.25534826396964,0.200250336058298,-0.176273063843482,0.106341556133924,1,0.0570464516991018,0.207437414794311,0.706222763424336,0.0831527564046546,0.695996445723466,0.08114066398459,0.718320790687137,0.0850120513497725,0.598816683027347,0.110380052445214,0.624475632453037,0.138159488378045
0.946956033981477,0.100913959313076,1.11806434500265,0.167441703487801,-0.044638260902072,0.120301422823297,1,0.202886001539618,0.19819291344881,0.655521748753999,0.0728139974477237,0.721325503549847,0.080080071859988,0.678730928643351,0.096162127867535,0.66820640089406,0.104472678251355,0.730429297596214,0.132193052440671
0.9063582356398,0.0944743005941615,0.951777928620958,0.143619519392697,-0.102516587473223,0.113983065251204,1,-0.0456692990025254,0.201581491334488,0.717041851750324,0.0713521103631502,0.660192018828292,0.0784891395147778,0.848889055705339,0.082372617059766,0.560780453134914,0.111413712559937,0.501966364007217,0.128012109062055
1.08325618389991,0.0940731286822257,0.954352165811453,0.137232347898195,0.00975983426881466,0.125132104633562,1,0.29391875031541,0.195929371122355,0.637306682413165,0.0806704452802257,0.687661800219421,0.0721933247345368,0.703080503091481,0.0792073057550559,0.785638257155637,0.0987466167208408,0.816379744670145,0.104103644626016
0.832355544442327,0.0873766065447861,0.83348768875608,0.125127391679051,-0.0296719473897141,0.130177664953603,1,-0.114411927838185,0.16754774194204,0.696515594357724,0.0640112210097963,0.613541386979833,0.0793454771100841,0.591159919422483,0.0921945621595922,0.572443975177677,0.125682603541322,0.525411589350731,0.12921464008074
1.05510042347616,0.102655151461807,1.08741379824394,0.166742936627046,-0.126921883919225,0.113484812323825,1,0.2743061903032,0.183778665821961,0.589860538469677,0.0796012773619765,0.825041658072454,0.076450571428937,0.715585129063637,0.0819078987205191,0.61844577452605,0.105166486356612,0.751627329199126,0.146700353353655
0.876231715910673,0.10475487017523,1.27106829080296,0.205624034300529,-0.0259907125225281,0.129584972078358,1,-0.0134238654593221,0.194695050908095,0.639808301671149,0.0775386633832693,0.776475641449311,0.0795602193672868,0.694704761607863,0.103296993503568,0.676918692633158,0.126378022495864,0.569525688894479,0.157616852656615
1.04586689297584,0.100537136478327,1.02813117884335,0.145521496888171,-0.0515856210010905,0.112985410445636,1,-0.0776143738882267,0.19569515950125,0.639794023065485,0.0815241510360431,0.767507359608142,0.0833769820697086,0.556217702478371,0.0874517266862414,0.693922192467961,0.0826293528923786,0.634339788281837,0.105198205870367
0.950926565551841,0.0979837122214623,1.05445176827812,0.162265606018833,-0.253521277419614,0.0901510407752785,1,-0.0335232924070542,0.182165705602089,0.850403507380801,0.0710299553728106,0.796486123291247,0.0746524087526717,0.632074506615238,0.0931928569428448,0.79652822667297,0.104911874813701,0.626884652190664,0.132650820417972
0.939189167117062,0.0854855259409292,0.665450815474253,0.10091342100289,0.0616669206512958,0.128912202736379,1,0.290153411059247,0.168599851105159,0.515074648971758,0.0777022895881212,0.63533019946378,0.0733923489402738,0.583143632912387,0.088448496447572,0.498372030900419,0.118721700319331,0.641271622111667,0.118759509853036
1.07609432223401,0.0927806821657752,0.852809643914728,0.119308935753531,-0.0902141788461777,0.112628187729033,1,-0.0411232469157558,0.176642630719798,0.675368505949253,0.0759982051781045,0.774514175716825,0.0768162634070093,0.798773358705545,0.0788742672224396,0.664014716256545,0.0926472056546527,0.690554002891714,0.104111461412176
0.89297582501748,0.0830781841772409,0.768361287882783,0.118743664488346,-0.0397329093224979,0.114597794235112,1,0.0357904885835229,0.176431689590946,0.607846401064721,0.0738473742703112,0.644502973825198,0.0765586108959169,0.636851316433837,0.0886336202494013,0.813516139830584,0.102894663970735,0.526051439343721,0.138064764798987
1.01721586541548,0.0946125862116568,0.925081734645282,0.142422568396149,0.00144019446179482,0.118183567586162,1,-0.0139184915859407,0.196787697901013,0.571613862864405,0.0791447903317968,0.813215527363373,0.074784112104218,0.674047956605507,0.0833236708313749,0.733788375997742,0.101385858118689,0.724660215803242,0.116059534239852
1.09792157862189,0.107262632353266,1.15453121084992,0.178733702085912,-0.172524147840177,0.134552508813953,1,0.000513763873405925,0.190901811540918,0.792880490297026,0.0720613391442846,0.687147561295017,0.087779244258026,0.645681876237281,0.102574835593081,0.711418037843792,0.113807544983715,0.760527879025594,0.124548261094207
0.907129138979143,0.0954795377433844,0.996304516508578,0.154388794070257,-0.0681029901413884,0.110537790531016,1,-0.0908493773746166,0.162231621391338,0.656227988562497,0.0711529169008749,0.742236318283118,0.0757952522603933,0.675662790007045,0.0887446984569039,0.639505174434546,0.103405171232257,0.897957241262831,0.116158084134653
0.985917563812636,0.096268060477841,0.856235507615513,0.130884613288217,-0.1868187293111,0.0966990751870059,1,0.0702370320612211,0.202699475586736,0.74879597042157,0.0716986290282356,0.600959562644433,0.0801211795430702,0.637805303908801,0.0864898934577418,0.689656808975627,0.107992563239568,0.673268483039185,0.116051646524734
0.926959907190726,0.0939086525239584,0.81424498311187,0.128171640268339,-0.0456123910017925,0.11465447352325,1,0.0365487916064077,0.172119802934192,0.662493076887865,0.0687956013164693,0.628995354546417,0.0783570420279511,0.656865448876834,0.0970321199990206,0.893438897349457,0.0897132766724491,0.55913847045554,0.131132296966042
0.951970848553796,0.114118546778837,1.34949489022425,0.200651007765669,-0.223584665646683,0.0979933361455009,1,-0.32825523344439,0.201771254746467,0.851413393365706,0.0672618671401509,0.706258473905853,0.0802012716206891,0.540968285470263,0.0990345970872342,1.01410933138817,0.105458158655123,0.407863237611761,0.163123533098139
1.02644789459267,0.0957325975934441,0.966666207082853,0.143606042880543,-0.187705844951652,0.0954511239250135,1,-0.283500034077217,0.197619081367374,0.762240307165858,0.0721289943036577,0.691413694901978,0.0722860155118341,0.860730060732481,0.0824820787017172,0.672654662950333,0.102061232342353,0.881816675123339,0.102292107791646
0.988788382537213,0.106145254764332,1.04329626321732,0.15448189875546,-0.197246977748883,0.109863545762237,1,-0.102095186469464,0.196240055819377,0.715884014127893,0.0726314960017642,0.604007557281318,0.0811021944643758,0.851908748285779,0.0788704471102769,0.670693087117915,0.101832316989513,0.804231839378642,0.146669670823283
1.12120083548343,0.100383529340909,0.896334316194756,0.134354995634537,-0.0774698421495429,0.127173871942388,1,0.0308722854910666,0.197673536481166,0.753632723823919,0.0766072896533419,0.665403032685772,0.0800158798574923,0.748288688783108,0.080635154357089,0.696431645584859,0.101736432705639,0.642537717664268,0.149307024379745
1.0740486929945,0.0951150436532206,1.00256314038569,0.150815258941489,-0.0747079884880476,0.122869773617295,1,0.0444098283735051,0.164728827102481,0.714466456928224,0.0720815678232602,0.717054904044662,0.0800334431134383,0.587419083015687,0.0897765898292037,0.695530936666893,0.10810280411707,0.631349063125607,0.113327021130155
1.05213374058988,0.0989130582181586,0.904831984417577,0.133357424173873,-0.0571778741456524,0.113077433556604,1,0.162792550942744,0.19421522007752,0.637010378841787,0.0752883235527646,0.676208955690336,0.080252056427375,0.643914003565217,0.0848941009763522,0.646181981069802,0.0980245380593052,0.512321854800641,0.123907932564268
1.14115324394242,0.114424348119961,1.38187177805654,0.219429640181188,-0.146031889671182,0.113561356953469,1,-0.00159310005155224,0.195892258724395,0.803109942319779,0.0732544263346197,0.702453033934468,0.0845711562272088,0.724203930786611,0.0964239011300033,0.771211608827775,0.0968527901917155,0.636717859429899,0.143077464288939
0.800773753827366,0.0927539107358795,0.894659655572858,0.138448039633187,-0.0464488490308831,0.122173514421046,1,-0.22338178042041,0.18396423630152,0.759666196948933,0.064157607130024,0.598994324755606,0.0732570720330283,0.609721990998798,0.101637032410285,0.672459558869518,0.112271612784849,0.396721765961185,0.148295867330057
0.926055872718659,0.0985358461206519,0.958710889484373,0.152131028018821,-0.059426562354761,0.121152070918201,1,-0.0961457127745585,0.213070184372769,0.683525024775327,0.0817932927878359,0.660350401578558,0.0797472907254232,0.660219442088145,0.0963250342544792,0.455316782443039,0.12080739962694,0.780262185059417,0.122888001311278
0.898883645939089,0.0924700290263461,1.00711833187471,0.149939674687948,-0.139763451902441,0.0965215054023455,1,-0.169808307356026,0.180152915168644,0.736470670788589,0.0683395941756068,0.669957264114491,0.0793001954361436,0.615944252825517,0.0827873501442829,0.657397874165778,0.107442323161179,0.741425438074249,0.123849937542372
0.814183858972195,0.104622722785823,1.27651684447761,0.197081977016178,0.0174497299134063,0.143831045154382,1,-0.0510263954249726,0.214171281899847,0.64470140517085,0.0798571224538089,0.6913947359785,0.0787305429518189,0.734636742995903,0.0824961693156064,0.514526317853647,0.11744282361069,0.775103994754913,0.112990125233084
1.04317875290885,0.0979085812017697,1.09161835241579,0.16588712198373,-0.173185585612016,0.116101103479698,1,0.12734036680408,0.167315831763976,0.769064002901326,0.0745543353121462,0.644614633291805,0.091695093380438,0.798550734068012,0.0895375554739991,0.762796827251591,0.0967467324287894,0.810154087322388,0.11315535946295
1.20935368442806,0.105504771858255,1.05296105762162,0.158581624296504,-0.273224224791206,0.0810970573088608,1,0.405236958413036,0.206964840635953,0.780435706538776,0.0684990618535177,0.755929132656329,0.073163569335439,0.793357958950344,0.0917058591085851,0.842449075084162,0.108893323411366,0.782365295758001,0.140411997318962
0.957407169770402,0.0904237787322249,0.79840287177956,0.121361793392994,0.132926301274742,0.145243296850149,1,0.0502314833975667,0.177134754667854,0.590370731983968,0.0753223886585879,0.614347507872474,0.0736045780017809,0.729101357026462,0.0803752425407069,0.483549406274751,0.10319810569347,0.815319305939003,0.117625388855076
1.02031087996079,0.0942572878300718,0.890179686163021,0.138858120600044,-0.105962755517787,0.107560332100805,1,0.00941591860143816,0.157917435143121,0.674201469386816,0.0715018635730501,0.693236711422232,0.0748782280580601,0.783785417800817,0.0835272449047,0.591765295532437,0.136742086455388,0.817203880914302,0.121119314447414
1.06049188024062,0.0908677195124107,0.790471639890309,0.113795718765463,-0.126107485365073,0.110087544208505,1,0.086112830852653,0.192260244008562,0.625153009328075,0.0781650538725607,0.686068875956605,0.0735674778047792,0.661023690987839,0.0851345529928359,0.645641282643373,0.100326744550812,0.628590691713902,0.117404735702126
1.15775463044073,0.116570432216167,1.35454606513717,0.21347829834724,-0.330250143453522,0.0878663419082973,1,0.012419049131545,0.220834219191201,0.701344148365517,0.0911188322314783,0.903355409637297,0.074293055586982,0.705340096263517,0.0861794136223462,0.907427474995392,0.0913066593291448,0.672716493282879,0.160824746086913
1.05801212936556,0.0964840925061429,0.971621001859338,0.138543445046774,-0.123550819489226,0.105819615880787,1,-0.189638446166552,0.182953266984948,0.69981609125687,0.074245698968266,0.756607760341383,0.072710347509369,0.689448677203717,0.0789979603261256,0.785107849920623,0.0986606217319513,0.692913665446984,0.12037517152675
1.06388085602422,0.0989637378113819,1.01540403916326,0.146853948750624,-0.0631788464903416,0.107230051789649,1,0.383236705776859,0.191475022603469,0.544047796183965,0.0810637035957204,0.663048713211448,0.0773386683225358,0.665567116435019,0.0827156806707834,0.703820840581808,0.0871162984886964,0.957612539888056,0.0977295675715231
0.882365693843946,0.0868438671734869,0.687949763976823,0.10183951234867,0.0284151067109366,0.131416974147919,1,0.127837991443167,0.165916105056801,0.530629116365103,0.0766368142959342,0.585922618700332,0.0758547104282053,0.726915873211954,0.0842405745213256,0.512500814143704,0.111656414929308,0.823680535788023,0.113410933342363
1.06130825697499,0.1027649568078,0.991018831264967,0.149422043656792,-0.185963496142071,0.105032771673785,1,-0.111944386144975,0.197407554620834,0.776280713156296,0.0754629654360403,0.796097179290396,0.079453267883286,0.644143422836446,0.0973666791696907,0.804274323643132,0.103874079438024,0.590295852315494,0.130902303767802
1.01040882519791,0.101883865391898,1.1223817042402,0.164975335827427,-0.0593243280160107,0.116838220885652,1,-0.0494774706714198,0.199423375688912,0.647494694595334,0.079279496823131,0.700741794470251,0.0750312028917879,0.684119763347141,0.0909592685182155,0.725727758068735,0.105781095125491,0.717991465481101,0.0921088373990697
0.999605544453321,0.0999036495011022,0.999871247212624,0.154237208327713,0.0849304357112829,0.116739266705955,1,0.185848785741678,0.190117317755333,0.704974244516152,0.0753524488947034,0.649821296490842,0.0758386319071717,0.533692434820341,0.0884554463053731,0.715343475215314,0.104401756010585,0.503511436266019,0.144310837579772
0.898101723065146,0.0941022349749007,0.856183582622429,0.131042334228559,0.0346906144009538,0.140209210220775,1,-0.0622446710803573,0.186087413222592,0.668739423678494,0.0713788613153731,0.716479035549437,0.0770192079354007,0.6358023766779,0.0899602213476128,0.515740812609936,0.108747831297519,0.660235502884022,0.13555980497594
1.029305727168,0.101031989113107,1.10835414501726,0.172213879265526,0.163177319217647,0.180027005929731,1,-0.185664320585468,0.199843914295103,0.645659676454987,0.0780442950409718,0.909248639383955,0.0662263817616704,0.652194682373163,0.0946159791921391,0.582512845053441,0.1167910938503,0.556990683984445,0.155791604091097
0.946111773361263,0.101284150575368,1.10861042763653,0.161193530619216,-0.11321693245875,0.101288853373121,1,-0.0521496273313847,0.177053253578365,0.723001170514489,0.072125737942339,0.710302303599111,0.0767269911608173,0.653104437128444,0.0954835584888965,0.540780716450226,0.119679024837229,0.763191700349465,0.130796568042271
0.888345307078194,0.097805165809354,0.922629839631253,0.131834257922601,-0.185068114701737,0.0986998743402742,1,0.364448920055252,0.193658545175797,0.682317461538933,0.0784241094677497,0.628227207106754,0.0888606408628469,0.578396912543743,0.0848575265857418,0.602730041987248,0.104805226630408,0.832136993603989,0.10998270714067
1.04523972486665,0.0956125927893742,1.04725023365437,0.160485596173437,-0.202017819683656,0.102785841279847,1,0.254152195521993,0.172957422447385,0.674260836338741,0.0768010096737257,0.815357737124813,0.0760205102205073,0.728551253519518,0.0882500673562287,0.659927147255952,0.110954996503788,0.856607909110854,0.120338197941602
0.789778544910352,0.0929958951306594,0.909267513911513,0.141035049040787,-0.116293668905929,0.121346871636181,1,-0.636114151576851,0.226148695883921,0.867139680168451,0.0738213580531358,0.661072995078925,0.0769534808683917,0.608155741388261,0.104001871985343,0.552561010171553,0.116428129125106,0.50110833717973,0.121069261988073
0.901898589968335,0.103365312611671,1.21969900400916,0.193626254789143,-0.132915331170596,0.110202227838065,1,0.0180974270831255,0.188452752318394,0.785753286709891,0.0792491799480541,0.588842382655735,0.0825539239996983,0.752810620531726,0.0861938624875802,0.738195771864973,0.0821091301701418,0.708373176368506,0.129352770274429
1.03653516438379,0.0994330630194648,0.948878444228456,0.139588042622538,-0.00984281469491583,0.135034947883888,1,0.0418065759148805,0.196567614638789,0.682842156143562,0.0736596724649229,0.678252310079377,0.0732998559262323,0.700105412642961,0.0871693308876202,0.646650842139916,0.105585298939585,0.834417450085862,0.114557542502578
0.988185282010179,0.0988996468239707,1.08677442501707,0.166279882835141,-0.0251756156760019,0.122510305979369,1,-0.102038610322628,0.190118585152703,0.744401778582528,0.0693760178969304,0.702915630160115,0.0845667248096499,0.873783204063711,0.079135075701458,0.754990363298248,0.107193531811966,0.496276680207178,0.134334599151758
0.924451991876082,0.0899583501473956,0.786771684617063,0.114648917486628,-0.115191531790131,0.10277664531734,1,-0.11933570459122,0.203521369451222,0.631728528772945,0.0797898093219934,0.720042580405975,0.0726133675321754,0.683335981603994,0.0812637702693817,0.573358072023042,0.0903481978191002,0.795482803995776,0.105671587679361
1.08805478253649,0.0998799949529964,0.972869444562191,0.132605096581079,-0.0120787070805998,0.110062344949489,1,0.0361778410359759,0.184491573147228,0.678448225468811,0.0779553505939494,0.851067983473745,0.0648526663232554,0.664886699507804,0.0864520638169365,0.734376614844974,0.0904396528607532,0.473964877784075,0.124369730601694
1.08717109178398,0.103115533156602,1.13377188752839,0.17284874169207,-0.0391140037282926,0.111342445250114,1,0.0879402066824933,0.200059969622715,0.649824412016504,0.0877311318754897,0.618331140479035,0.0832890101550328,0.699234345512653,0.0801087771038528,0.671712146487085,0.0803370697481064,0.83256383711887,0.0967743823622652
0.993726286894138,0.0961747578970003,0.92466686338116,0.14172734531925,-0.151065525927812,0.127873702170097,1,0.0521114462230627,0.168734561113961,0.650404962060032,0.0778101371334023,0.680396475538521,0.0812472237485282,0.592337414559151,0.104472265446373,0.764645897989775,0.0938812579033665,0.701883683036461,0.115986073843419
0.895938952057073,0.0903500454853219,0.82303574718559,0.133181110720531,0.106433888428848,0.127428483369302,1,0.00205677139683668,0.189758633785998,0.699016963507334,0.0712011337077876,0.593291727499362,0.0826711361527072,0.657498920858907,0.102117312066829,0.686080317337335,0.106285822711713,0.696817282833247,0.116346440764337
0.79988016490963,0.0843464620243831,0.8377337762652,0.130079906087418,-0.177428605462905,0.106213873932893,1,-0.370929593891682,0.169172255978778,0.722013307755618,0.0705058484099979,0.74156101577685,0.0738910721699985,0.704109371836411,0.0909468149334087,0.739827348488154,0.114247238458843,0.624937469814555,0.143900551763404
1.07396553823015,0.0997974516789348,0.901968536213451,0.136895712588282,-0.162164336782816,0.108226888354281,1,-0.041068642259999,0.182916373203704,0.757973527411804,0.067706329985136,0.804913396375895,0.0761715194846723,0.531544926327339,0.0970130478700145,0.864523382294211,0.103794864745388,0.484709090444551,0.122424647712439
1.18979459746762,0.106385476420958,1.10181721013065,0.176473235929693,0.094607720099939,0.132286020001826,1,0.30032864689383,0.205455089117009,0.705323080282334,0.0753741832397692,0.776409882234973,0.0692495594577511,0.798065161998197,0.0954356881438072,0.569148295832629,0.113766307349565,0.796699400267922,0.132953808848005
1.04259192286317,0.0946529676418222,0.987744694939846,0.146397069306561,-0.0189002306906032,0.127579327991232,1,0.204723903059189,0.192183867258176,0.637552608600975,0.0746227856303394,0.666511720731627,0.0711989195671267,0.592848167027978,0.0862862998488081,0.868392083781324,0.0973937734863418,0.617706208256916,0.132491809145726
1.02170048246293,0.103325768900254,1.11555186432699,0.160774614135598,-0.257728140413938,0.0843278629143412,1,-0.00110978202238862,0.181259701754522,0.767934801637658,0.0718330306040496,0.832957066695949,0.0687080731557241,0.813218981787097,0.0918617347521836,0.706743682963854,0.100896559064768,0.864515087683589,0.131842288668292
0.93752352088049,0.0898465285975749,0.873741139154599,0.130782681625997,0.00898538225091932,0.127074624711405,1,-0.148519584146174,0.18475746075661,0.830968680928748,0.0689213959073827,0.735435173782992,0.0768006473595644,0.601297520538319,0.0904741696838482,0.803735188775387,0.10038408396719,0.661386534563757,0.135847688042741
0.994828774617358,0.109451574966818,1.25257032860429,0.18794345491817,-0.137762424266093,0.120844934273405,1,-0.0487819002605432,0.223600337169,0.839083152121875,0.070294182543935,0.711157855795401,0.0769181259053656,0.832935821027571,0.0987251982735566,0.757096842619477,0.116938996109199,0.605493351638409,0.133452338498075
1.14086883313552,0.0993747890074983,0.863318440016386,0.133906120480799,-0.237224899833495,0.0990933561305264,1,0.080073470928284,0.167437942751112,0.831703266693774,0.0701852889067478,0.568191828461727,0.0848440874289592,0.720892775048498,0.0914910075010332,0.485170777991002,0.116836088608452,0.570941697071357,0.125324228114638
1.08320170822488,0.0985737935042829,1.00673812773311,0.158397550830033,-0.0455230332269064,0.136617408345119,1,0.009069620756923,0.188814342946629,0.741831683949983,0.0724056505752734,0.686132515235887,0.0723465624920064,0.671490288784861,0.0878834511149003,0.633443785305077,0.112662838289818,0.432913579997284,0.152024453198992
1.14797404016304,0.0997007435757522,0.969675779591862,0.153107740997834,-0.108697849564871,0.116901830939415,1,0.122034217420365,0.192006801244527,0.583990085906152,0.0816581521979689,0.644895533199741,0.0824057370783997,0.753010120696247,0.0847836029721463,0.730748659173988,0.091959356726428,0.657824961789404,0.113570261800945
1.0632090135812,0.0987977648619029,0.929122851819591,0.13739303738563,-0.145889070910073,0.113361910366705,1,-0.132115303208825,0.202877200273428,0.757538896586182,0.0785066525952409,0.678094204847664,0.0774667129144286,0.780407846489646,0.0805903710895679,0.656042259193175,0.102908575555277,0.526980668007008,0.120958821690741
1.02262600309963,0.0985894562815984,0.999688167088445,0.152879359810951,-0.0257742971846392,0.119725479031598,1,-0.287885720265084,0.210146175836008,0.655625601063112,0.0843193795672336,0.744039845040219,0.0740555267946309,0.644585396694629,0.0861837394144974,0.808538010577294,0.081664678797526,0.618904096636074,0.113626817880348
0.914704967125181,0.0924793857098751,0.874598329421263,0.1358557818688,-0.119488117046541,0.116324193414159,1,0.0908919086490626,0.200419174927538,0.601161399580814,0.0811379465056504,0.614089557224278,0.0794710207737538,0.751011314707059,0.0733454132642715,0.576461000235683,0.113170269955814,0.714162797045059,0.114541657652582
0.949625848685968,0.0970382045839813,0.96993533285174,0.140127813944876,0.0448001588290542,0.117955104440513,1,0.166154145681825,0.179626956468996,0.712829470298594,0.0720068991979093,0.60540569438016,0.0817853854815745,0.776930705729357,0.0786547230921291,0.680532301730922,0.0956349143995465,0.705285229366917,0.127880243843425
0.99988588506242,0.0901598972205241,0.890915279097319,0.13736558825151,0.390613720234037,0.128693416064037,1,0.0981281901340162,0.169649745275988,0.59681122855558,0.0718307905922387,0.674091235567666,0.0754769838877061,0.643824099447947,0.0792844828508059,0.603439200129965,0.0923563419783945,0.747630600082245,0.114123495138758
1.09136316338863,0.0945571835944694,0.883080066419882,0.114409040968382,-0.0617235152956642,0.115159939388497,1,-0.0270551100455096,0.180999958101754,0.711776185676347,0.075030995714364,0.637836050709078,0.0723028732136476,0.783074933208364,0.0789632477810057,0.829065114434812,0.0888393482242483,0.568950600405243,0.126484026859649
1.06744447242798,0.101234246695435,1.14839027132093,0.17136995613076,-0.0497964441536374,0.12765417056712,1,0.308271678185481,0.184466750487148,0.690625655962969,0.0720380533630817,0.671660082111494,0.0767586597460375,0.72494221682166,0.0851227620503692,0.877829845554615,0.0892579817460014,0.897040148268041,0.106792525620086
1.1124599601799,0.0914787512746972,0.804196078134456,0.115654589830093,0.261840005206252,0.133840451751456,1,0.220403449819755,0.185800606927967,0.620644114936698,0.0724990940698606,0.641595752075678,0.0715144171444477,0.750710325822368,0.0738477902341843,0.703693372600533,0.094586870396997,0.778601694075189,0.112332998074315
0.984099903979817,0.0891513034579843,0.806512554840844,0.115506695215191,0.0209562181820852,0.110360799618515,1,0.0426640390601358,0.181119089085763,0.702805944771683,0.069268462985849,0.638661172431123,0.0658459206702856,0.650760222222003,0.0768673584166165,0.632494510809175,0.0990430096302429,0.683797558025488,0.124710177065949
0.990657030869237,0.0922346978731074,0.898915083514634,0.131962585539818,-0.100492229879293,0.120200033994486,1,-0.0579953039118085,0.179760487508221,0.684051009040101,0.0734475057690478,0.753486397646834,0.075503411137218,0.71782976568453,0.0866297871355126,0.590757193750415,0.0969020637467542,0.609235292564652,0.120096924967427
1.01375481226403,0.0976579773813299,1.04752611877389,0.15983227346186,-0.190800256325981,0.100465830204735,1,-0.120534765423904,0.194961629104341,0.749622506130033,0.0802397201286604,0.696362877975473,0.0797850266631233,0.693861010669158,0.0902513910577863,0.648047214065955,0.0995068872101103,0.791426202037967,0.122974688729676
1.11088004101017,0.102453201332262,0.985548438744201,0.166986114800675,-0.0333691204285543,0.128850216905227,1,0.30654448406138,0.17239010679519,0.680988677053426,0.0689251029864646,0.733655818142263,0.0832125881813161,0.57380412837868,0.114229168913196,0.57647542737328,0.130112447405707,0.804723812514588,0.13664936097966
1.09106161390387,0.0975262898277578,0.903504037194537,0.138088721321009,-0.0277809708110108,0.130064750194635,1,0.182517918349045,0.181736743132996,0.682245796475289,0.0720377092252203,0.614206328279102,0.0794148238129456,0.708637094079288,0.0885794527230591,0.679788239203359,0.120686149698114,0.566189552915692,0.148273512730763
1.10477504940553,0.10049398498005,1.00522041152519,0.155580651370579,-0.0108240334251359,0.122283484796894,1,0.0416778705186606,0.167981846358438,0.724955114752498,0.0676509633328954,0.710600409335996,0.0761688346231485,0.762633923481489,0.080676089824824,0.606309744955366,0.113046578967248,0.707199179360017,0.138692748227814
0.951259387816982,0.101001445630275,1.14968403840928,0.173574253583523,-0.253758423144699,0.107336928451719,1,-0.150686076689646,0.173055805928666,0.835356500000956,0.0690327159163708,0.721727547335634,0.0771726507088802,0.810054089886298,0.0842836934653844,0.711785161035474,0.115400679391427,0.747921151551202,0.143217537866872
0.799608384014544,0.105353007228087,1.30449440662991,0.201829963275902,-0.137360674962551,0.11245523400744,1,-0.607434408355552,0.200332201694108,0.823037856980299,0.0714928511441477,0.704694681077305,0.0774562369077037,0.600151989519272,0.107513253437242,0.692810097931271,0.104512045642268,0.654674913658669,0.123265966667387
1.02453566430231,0.0920744025468436,0.851618175171546,0.120101775052178,-0.0865157079427807,0.0893810841009927,1,-0.00122920217686224,0.18432713581429,0.602582617669283,0.0811888021885509,0.714899063265333,0.0749941014726464,0.516042148657381,0.0935450582689401,0.897078363489451,0.0648306199182935,0.672151587930029,0.116425530683718
1.0361262893607,0.0870945289522022,0.91225699338373,0.136622174994221,0.0617522716951625,0.112233702712226,1,0.111691211537738,0.162260427464666,0.648874308339218,0.0740269862362161,0.614947450266239,0.0745208618966022,0.540267140644347,0.0859034028279636,0.639631814487803,0.120053933965616,0.56424987456532,0.129701753040407
0.985222712548411,0.0954379051781662,1.01414574945938,0.151843200898725,0.0548731771560144,0.114429410731498,1,0.403185910698966,0.181647486931929,0.699214013608535,0.073219290692358,0.627218545121872,0.0793391233350423,0.66183183338351,0.0961773092554029,0.571780770783907,0.0964565844649637,0.785097515808262,0.108214313805696
1.00300326779439,0.103279290306484,1.09741042344261,0.176453362959622,-0.0311273478660559,0.125840969369504,1,0.0469183618340011,0.194594697474797,0.487544308368355,0.0827313597971614,0.776438170318688,0.0810775551897263,0.818408907010973,0.088280618348195,0.456552176787339,0.103860369222929,0.697219650852274,0.11903112624355
1.03923662370102,0.0960495220083936,0.877426048776339,0.121512209259669,-0.185508097992032,0.0966224459857085,1,-0.040928591382317,0.201706013278602,0.716826110965465,0.0714839552745758,0.602152604266503,0.0735935981869769,0.761730360546081,0.0816943890659498,0.659985462433844,0.118367291971596,0.872862796170723,0.106001252597768
0.884015964638813,0.0944473422360747,0.930018793284371,0.141996540698314,0.0752140583598711,0.116600103886907,1,-0.0276734459773043,0.204921746760318,0.617104014974148,0.0750863788750096,0.737934206655322,0.0752994591520506,0.707673428110455,0.0821721838956938,0.756805393690053,0.0973737470902933,0.446856634690167,0.133199173043813
0.990297222546763,0.0910513993083485,0.743353174972511,0.114280231420887,-0.0690918480624063,0.115530248346744,1,0.21901927543628,0.17828889653019,0.566626481683377,0.0749175528686968,0.655168139052844,0.0781908639844952,0.580632440072533,0.0958630741243898,0.701591496196226,0.0898153053023306,0.671467919390581,0.116081597221
0.937942671266774,0.0994274164240551,0.998949420615875,0.155871049117198,0.169499907836652,0.15741111051348,1,0.00449762867975536,0.191383027956384,0.691559367380781,0.0766592342091369,0.63394319510015,0.0724245316112087,0.707351104148593,0.0847280354825579,0.606158656618458,0.100403240762956,0.712582539310233,0.120450993772011
1.14348145813432,0.106170153010519,1.15960953671413,0.168997622184223,-0.0640427303307862,0.108802745654346,1,0.25141676261056,0.204318826256491,0.5794509173933,0.078979498425331,0.654556006665364,0.0796387755185471,0.763104494098109,0.0813020052786502,0.665799364176719,0.094066499593018,0.855244644358496,0.100179868145735
0.974693866895976,0.101490450992785,1.05246097349446,0.172491601480633,-0.141712614655574,0.117692745374441,1,0.0157164487403808,0.194546676262917,0.711646030807932,0.0748992136235503,0.811759371206555,0.0792872502720263,0.697744253127386,0.0964325866165625,0.593655267986444,0.12487060179394,0.635714871789682,0.142809960108302
1.1323163945477,0.101644463717867,1.01274422154382,0.138867872255983,-0.153511752834214,0.108718095053913,1,0.0211341750633931,0.193386548855984,0.707812095315675,0.076907028056906,0.728901826927148,0.0753527627877491,0.642612276992856,0.0881647145010838,0.86030261629405,0.0790937346837321,0.707138984831849,0.124199789918571
0.903035210055062,0.0977911630781919,1.07193350927894,0.164359444539733,-0.0579828911610142,0.125707186892249,1,0.00230166369269904,0.20464674422816,0.681454974720325,0.0748125214457676,0.649832293706769,0.0877532553353556,0.794646884650206,0.0871862565031947,0.720547510597486,0.0934458791337273,0.774207144710389,0.109076882904649
0.867886419752913,0.0970096576064634,0.881725960604778,0.132555702885578,0.00426313704004204,0.122592556205144,1,-0.445974401555103,0.202683404671943,0.697516514847225,0.0692089248464439,0.686678869282404,0.0743618412499628,0.681147890888498,0.0766589938205535,0.777701222175967,0.0980840290690704,0.605243788842579,0.142871322426405
1.00560284810118,0.0945938404595513,0.99445616709465,0.144499151442579,-0.0904822353015595,0.111857867202706,1,-0.346200800816391,0.182338419642763,0.790782873457158,0.0694080400814672,0.638871397237485,0.0789567317693596,0.798158027281655,0.0787792364903283,0.656420186579924,0.112249127477267,0.693288686227043,0.118859309939084
1.09347129321462,0.0987653735225382,0.929790094747666,0.143544031401918,0.0302904812225776,0.140015488749137,1,0.0574892937420622,0.211100191317392,0.72916702616944,0.076565203927177,0.639921787998411,0.0836085291945321,0.725231081625168,0.0906497946326087,0.671677554559376,0.0973563338288063,0.613260516267726,0.120136079690552
1.00040486439753,0.09285671116082,0.861331890031645,0.127557941113596,-0.090354429825644,0.108113030737152,1,0.170050022604655,0.199831460570928,0.721403344649153,0.0760298736517441,0.608385442929188,0.0814474377851971,0.596164409635755,0.0825524118882107,0.736276290401202,0.0922728496781065,0.734606856668458,0.102562990294152
1.02220338054668,0.0960544845796046,0.893068903559496,0.139213619712459,-0.274306371122769,0.0867055452189313,1,0.0652813988182727,0.178313331021834,0.658600988464999,0.073705291303311,0.734194574341654,0.077079051632665,0.768424215224543,0.0956138707595691,0.424408576670842,0.111054312282566,0.731516201411349,0.121579266423981
0.784734141239716,0.096930105012516,1.13590114193792,0.170065955927512,-0.0201390904327658,0.141602580221654,1,-0.162977933527969,0.150377209018812,0.697235200060818,0.068780017450094,0.668362129256588,0.0843752564643271,0.606940772192216,0.0940417608325348,0.782189064935643,0.117238530569206,0.606592967230255,0.151436980624871
1.14868898250231,0.0905467552635264,0.715984995635832,0.104177920185882,0.16650378611592,0.14297599852225,1,-0.0323615328159075,0.197412959176514,0.637115424237724,0.0804065163031798,0.615014382798759,0.0773247768199401,0.546502970719186,0.0852983964195904,0.690104246996209,0.0794698595670936,0.820653181578399,0.0986935676853644
1.02178679159016,0.0892754469265341,0.822814615264506,0.129165639376069,-0.0819411198080773,0.12272134995873,1,0.0190551015226789,0.162469716060355,0.676334323038909,0.0717475549362594,0.775628219100926,0.0724939329440654,0.601203176350636,0.0796049427182869,0.669967044981592,0.101078591200893,0.452822831372923,0.158190802751178
1.00201812536019,0.095084984776048,0.859816963403419,0.120568709724198,-0.286189430860601,0.080585296319903,1,0.0424794493002889,0.199436340759377,0.751525266781071,0.0717637248950507,0.786790437212791,0.0645714551545265,0.699390273449069,0.0863795470745593,0.76949048121398,0.0970752394232026,0.678180518959251,0.127193368120885
0.976010221370528,0.101127641312532,1.05319322797276,0.164415979769152,0.138166371069768,0.161055100661043,1,-0.139603477754791,0.182432420851574,0.779010849511745,0.0698189560058311,0.809933409953888,0.0818043982897937,0.581445334245325,0.0941395083518857,0.681045633235103,0.108566372408507,0.651387028513673,0.137868938535701
0.96442227778211,0.0980747738532607,1.05571046038909,0.154401464474422,-0.23412600189346,0.093576939932608,1,-0.0920095264753976,0.203877009344943,0.703450502798304,0.0780610589071707,0.76079995471855,0.0715418248515444,0.803769791589705,0.0829466556438153,0.783043251072208,0.0893465090306753,0.877395855641721,0.115299987319011
0.982054075854789,0.09561642387498,0.959962572525219,0.14620248271009,-0.0164313558291771,0.125908599215685,1,-0.18518791034066,0.182820001106338,0.811532307082907,0.0686255771185364,0.736177085678448,0.0680704962836964,0.791911358963284,0.0853460724501334,0.463231932946622,0.139046156978757,0.504812732149,0.164824387814836
0.931711334715469,0.0976768880627765,0.94448116473683,0.150955910770061,0.027071937411214,0.144482261917935,1,0.214566191663552,0.196508057826226,0.58738866686046,0.0781312529497821,0.698461354999255,0.0783970815664389,0.627879813942194,0.0952774018720206,0.780447431632424,0.113570658440345,0.660901043322386,0.13707626929952
1.05165000554829,0.102125989449923,1.13126017924707,0.171957894182467,-0.00905411535139859,0.127314216406957,1,-0.154232896065367,0.178142312783396,0.802968265948827,0.0697367765488283,0.583227129750706,0.084251722275206,0.725168424951152,0.0891843676505361,0.629058640299534,0.109383229328201,0.479335566557171,0.13088692426697
0.911722348951268,0.0945450168656751,0.946429773317313,0.148675303823687,-0.127688102948306,0.123055845455496,1,-0.220058205260321,0.171218289588484,0.56797338891614,0.0793230229617822,0.736522999484143,0.0736383956599103,0.691345535285379,0.085355343575233,0.738809483093886,0.106835104213408,0.551667721211981,0.134873481514717
0.96615880593754,0.0957909907369433,0.833688947807455,0.124035187716342,-0.0897289569019138,0.108052936718807,1,-0.206310510423734,0.188264994568882,0.670816935309663,0.0721703830001369,0.744527883397243,0.0706921816461854,0.596074522353954,0.0931440769686591,0.65616025863799,0.0984368775338704,0.733195141090121,0.141860000351113
0.915874189952159,0.0903076723397953,0.856530425703686,0.124042921009158,-0.0419462082690283,0.114402227752462,1,-0.246194618899882,0.2058690840071,0.647081641228363,0.0790196153688944,0.605354789895023,0.0756808233847598,0.720098811631355,0.0821581476601831,0.719384341969386,0.0995907818969865,0.512330502512179,0.121621521438628
1.12012428609513,0.1058873177049,1.18829970675012,0.180188963007262,-0.347309286904359,0.0827812964537719,1,0.0370863162554412,0.177792782975395,0.788301535669737,0.0770739639393172,0.809347189101459,0.0750398720171771,0.746826071256555,0.0911676690730513,0.692859927592553,0.10603128714131,0.724520500961639,0.135564957891062
1.08884280558711,0.0891905031704338,0.864360971671574,0.123157662423395,-0.0547434300119517,0.118413955546654,1,0.195780762438911,0.161709966470331,0.705415019169881,0.0709927727015852,0.637769337622513,0.0855805513160588,0.820442731051248,0.0849004682287519,0.748416691394127,0.0863874885129439,0.765127403502918,0.11432873630312
1.07844786937488,0.108268399772194,1.29261237774848,0.203688331350993,-0.0700676869353306,0.139636507562795,1,0.0524753374068369,0.209521463651765,0.763753773205739,0.0738637816033147,0.830982762279623,0.0736313670133014,0.761957207034463,0.0916855903002167,0.635130065929104,0.13608386915185,0.721633943666454,0.136784703571729
0.962476348077601,0.0985509858379767,1.05819126181991,0.159394230535291,-0.103920739663805,0.117664721347163,1,-0.453888324522209,0.187715124781118,0.767358840854315,0.079539256809582,0.774615167161717,0.0658753041962045,0.69027066541796,0.0872537400023434,0.586704360350248,0.115837702060097,0.632210175697777,0.126540741253079
0.897372389142977,0.092145766060864,0.873921721639496,0.127314084297061,-0.0339399944430137,0.102757301254762,1,-0.157650081022209,0.180687180884781,0.764891028961913,0.0629197024857214,0.755303728665675,0.0747448418625185,0.638151915617936,0.0970597234063165,0.58694052512666,0.102749047954506,0.660107814457083,0.13312233143343
0.955855809217206,0.0955081951169942,0.884865330101368,0.135138382108848,-0.155507036593487,0.110357763072417,1,0.0456098757811867,0.197187652081059,0.611799787159054,0.07491890390342,0.80369811122696,0.066770477315679,0.674421485773207,0.0965080958504692,0.642438742579863,0.106409502676122,0.566636101590314,0.13074753487562
1.02895760439591,0.10489074463849,1.069137072134,0.170948206907754,-0.184535035834249,0.120711508518031,1,-0.121050438783849,0.195013351975358,0.726300965242609,0.0775878298443174,0.738535531521415,0.077933264907965,0.706165478526586,0.0977198638451422,0.756597628724418,0.103428791814803,0.565174674963934,0.119958849073481
0.881445736429379,0.0971909818944955,0.897999034144003,0.128645653607366,-0.128899468600247,0.118813531545118,1,-0.0509305381617595,0.192727854995353,0.616264621294477,0.0805429887108774,0.825417105483707,0.0705702133390707,0.753980232740776,0.0890258709612643,0.677187812087395,0.107928939944003,0.823481013288919,0.113076693580274
1.22279495973865,0.0970909058004355,0.851850905656474,0.122852591156275,-0.159109500829204,0.110510230518743,1,0.314042885847934,0.185106069882092,0.636493096066685,0.0768159299539953,0.667465852150062,0.0752713141564082,0.678982075639773,0.0812304348668989,0.764822986066106,0.0997924124503684,0.744702862461943,0.105031925024264
1.02673806334553,0.104979168635476,1.13018935803412,0.151510879154416,-0.152588644294878,0.0964756166058563,1,0.208745482336644,0.201854008123696,0.639386306586394,0.0743852215984257,0.873357380313495,0.0808425888794041,0.710662311662297,0.0818194967412987,0.876909278366537,0.08119436154514,0.933318545913175,0.117482751678587
1.05253969413834,0.0990065206723751,0.984789137620135,0.150982335499258,-0.0671054363458225,0.119482862225085,1,0.0986792498026887,0.19314396592288,0.685359513586341,0.0765466173252759,0.792630917581224,0.0729545424761887,0.55437011828726,0.0954393924256284,0.537565194459168,0.115893309024561,0.890944732923639,0.108657472268866
1.15264561614273,0.0971636637895677,1.09009551009823,0.159206705200879,-0.203369761350793,0.0840377806395322,1,-0.0623967136552511,0.169803290855819,0.828351523113039,0.0683635602522636,0.776608645608733,0.0653494535736342,0.738341772153802,0.0891529527798137,0.872918021646678,0.0955684296955765,0.77471819923275,0.143110183574878
1.12740732146495,0.107313929535779,1.18915244747186,0.175924584828925,-0.0533615400091154,0.119493386471487,1,0.107719312415242,0.217313367801952,0.609430685065014,0.0884235470116924,0.836887083390588,0.0836650971940688,0.832381524262273,0.0881633205127007,0.709932857273657,0.0945967035127709,0.743728886786657,0.110410258545327
1.27996936346136,0.114468469875307,1.42439188380753,0.208042610350599,-0.0693335155185959,0.112295507233363,1,0.314162382542239,0.23485118692261,0.771316685459616,0.0850103952323792,0.833799367534687,0.0812732602053733,0.733833054600008,0.0802509849431567,0.706559371666296,0.096342185837216,0.778402507751746,0.106342246267255
0.960642240418432,0.0887480520813044,0.869741753626859,0.124499548033104,0.103101574852935,0.105775675295112,1,-0.205205607572643,0.181265681546136,0.76287793132589,0.0634152904931985,0.569049690102879,0.0764089974087656,0.747425010581471,0.0849869721550517,0.542843043231392,0.101923538304251,0.660255140724343,0.120942552053727
0.953281122383391,0.086440774765011,0.833436319494895,0.11819928011308,-0.114070364876711,0.114901141260867,1,-0.115346071416988,0.174291937096247,0.72631314142328,0.0649886677760357,0.68334633064176,0.0784275962361348,0.556999262073672,0.0877367008900638,0.769602161417652,0.0954844798335541,0.72682209145541,0.125906346103776
0.992893482659496,0.0928239344629815,0.944665856912267,0.139822189527965,-0.0700986855690186,0.120357058025034,1,0.0142815197836059,0.152655174370761,0.782005424332983,0.0716447247805406,0.596929214636858,0.0909678917443522,0.733199900070664,0.0879115529265763,0.709273375770338,0.0907841339214306,0.686353042881115,0.119515493897347
1.14815620383179,0.104017497319608,0.946144692845852,0.141446092758114,-0.113568550331328,0.123970359506133,1,0.0730681621528763,0.180174237979122,0.812390421802782,0.0703047999927984,0.816602148629537,0.0735316829722922,0.957428267819591,0.0796681892646035,0.601858485528004,0.118144275810909,0.367434214796293,0.16120430605602
0.919539345559515,0.0895634522222439,0.820961777310447,0.121311507380725,0.0725467275542073,0.124312663602013,1,-0.168304627225719,0.176966597761532,0.718388945293223,0.0682801997232776,0.718438490502786,0.0733550489819324,0.727201198454852,0.0944954143997347,0.581649312091186,0.116053496428739,0.507993796158976,0.144556091949114
1.0705102056659,0.0999839679439351,1.01445384444971,0.162645527281157,-0.0477931700368361,0.120619223328756,1,-0.0897868043797885,0.208748069272791,0.764592575928237,0.0707217923445526,0.698738602406909,0.0773418754853475,0.677209523668915,0.0903928117700901,0.677528697735804,0.0974328041343349,0.637748299945453,0.138160502661615
0.765105489512282,0.0819210997543306,0.577096452465754,0.0849807957982857,-0.15031914524902,0.104217608291399,1,-0.131288943926287,0.171530668929319,0.582099128340493,0.0707053440001686,0.545379129256709,0.0831431191534119,0.581913243995601,0.0912475929355643,0.43862841569272,0.103640014917389,0.737605646053331,0.0985023205644447
0.906359442171129,0.0991293734492334,0.967926795959068,0.148672726262884,-0.104344863069807,0.107422938350613,1,-0.191009512748184,0.175103739820949,0.753864687484027,0.0673862929204335,0.622949721547471,0.0812134142013842,0.847648366597269,0.0894491381248286,0.521165211120596,0.122125216235583,0.66176766355015,0.117056216330439
1.1005765648218,0.101917365719149,1.08664152124064,0.174347219517578,0.0899256638989691,0.122742095889103,1,0.0606694589852785,0.193301033135662,0.652601577635298,0.0742887182616494,0.811093669072294,0.0755945486914785,0.638836113105876,0.0915182184060171,0.61155242969057,0.10994117239647,0.651878483934049,0.118947990086464
0.942804627177709,0.0939762224498144,0.813939217678222,0.122596431971171,-0.0556330453573101,0.125521319609312,1,-0.2252734749996,0.194625181955322,0.68769424367027,0.0687008731957162,0.591659412734896,0.0827163816326981,0.661399659947804,0.0880389002359019,0.508336242290192,0.103518961798072,0.62976180573407,0.115544727505874
1.01872312166992,0.0981982861826428,1.02223600329505,0.153319254270313,-0.057280882192545,0.107554191278508,1,0.22680274776895,0.168557278302184,0.538107385407096,0.0735240714753483,0.646339367708965,0.0784830555052674,0.726869247325213,0.0931676754620464,0.612087851767634,0.106245420401729,0.964904379353199,0.116114166383421
1.04860384724557,0.102444627199336,1.1495265918411,0.175509696905324,-0.0425873776350085,0.109098458426763,1,0.154000664461048,0.191509425287747,0.699837497706793,0.0716760339388997,0.74015531909131,0.0687219229364735,0.797048841864765,0.0823562116767598,0.582355452210814,0.112889750453967,0.710179783425284,0.142642882994544
0.994859550418339,0.0941239090548273,0.863263036630425,0.132629205254445,0.0811591880184304,0.12835446358912,1,0.162143552781937,0.200759872234644,0.61021717006056,0.0806299144715682,0.656027422729285,0.0780227988197,0.668746899960565,0.0915657765143766,0.666215026515164,0.0943811838788061,0.695497582620173,0.105426563527091
1.01437187492438,0.0970923077609759,1.09769740861419,0.156403981084473,-0.00119800022533071,0.134853599938068,1,0.0605116620717737,0.192693925775962,0.646115080413843,0.0800797575937635,0.68930231792667,0.0732063272082296,0.644264272675077,0.088150918884224,0.814453321735207,0.0972026029441998,0.781346403099042,0.119157580315798
0.91321128620838,0.0884822281627246,0.966465030259524,0.156247634005808,-0.0353059119437673,0.126346554092677,1,-0.0933788064372627,0.167091737989074,0.713886514087698,0.0728371453599289,0.831082651953731,0.0774232253484947,0.708942137173313,0.0937329118608831,0.657744802957332,0.109496470702717,0.619721601605101,0.128385640145718
1.23724979690017,0.114140097272807,1.23874651849748,0.189184142172824,-0.12837923889201,0.125429430354936,1,0.305920211054466,0.214547651627405,0.795167463521092,0.073460098423745,0.750901074711378,0.0731602133403755,0.667836784006541,0.0928330017703553,0.677102846603474,0.120577918111798,0.814876669908844,0.105555462404656
1.00021373284198,0.092488755977866,0.813719948970564,0.109378692978234,-0.261122236064562,0.0766357866538488,1,-0.00435562223899725,0.201073151580053,0.736943890660411,0.0656720495922802,0.638233630296131,0.0757759582820619,0.649516319744138,0.0840909014011937,0.630304736870612,0.101769220413762,0.59397326883198,0.114547192697112
0.968478839142403,0.0939808799833084,0.885879966756353,0.129888957089704,-0.0892844603076157,0.103756651919402,1,0.0306171571018169,0.182725329376796,0.669365654416342,0.0762368612016498,0.600046152829888,0.0775052941524652,0.575185561549229,0.0900605205576097,0.666220073788393,0.089173653419337,0.618932292350318,0.11406867700262
0.931397975195342,0.0901491258336894,0.787102076058454,0.125969665371354,-0.0171160128802392,0.126321100326334,1,-0.193452959807261,0.176262447202923,0.796177364308919,0.0658586265524962,0.719375660831748,0.0822493214036219,0.511339982233282,0.0966670196867649,0.680925836793481,0.0873249916918952,0.529446445132961,0.141888583480034
0.929209828157528,0.0925954149532942,0.886499650819382,0.128070183803375,-0.110830126848381,0.103661557190824,1,-0.0515599709504837,0.199536543315796,0.709256509470929,0.074515816700252,0.767221621159289,0.0722996556607256,0.764139933514044,0.0848631484483333,0.667193537260365,0.112216629113861,0.787967244850308,0.135964606072851
1.00530180314871,0.100711955569411,1.06972814246285,0.167428686644138,-0.0803856060275794,0.118720283386088,1,0.0587282118985802,0.197347169022841,0.698003327968894,0.0818476733697863,0.6053498265413,0.0820413999425318,0.428644289906105,0.106326698359583,0.7833712712148,0.0954131401304862,0.824222228175035,0.105058897813573
1.03049548987763,0.10877176133435,1.26342858077037,0.193028797016978,-0.0700195519288007,0.132582938576575,1,0.0376944248379583,0.202313103231684,0.666728804464301,0.0778767366496809,0.73666301823282,0.0788841063983597,0.559611145093101,0.0941296471186089,0.843070205184215,0.0935309076023093,0.871038038190779,0.109759940838859
0.950004582744738,0.0986819030939721,1.08490854879382,0.156632979714753,-0.0823348852602128,0.110907014842833,1,-0.0728383235531919,0.191431543112722,0.652664768232007,0.080136099616283,0.657118071686707,0.0778878317055435,0.661980964144247,0.082538749202295,0.744371396634835,0.0854500926392586,0.693778420795199,0.111647294055819
1.01826697576243,0.103934995787458,1.0669554725201,0.156275073515528,-0.116480914799049,0.107773304602219,1,0.00833606030356657,0.216207031188008,0.710918225747737,0.0683802502505346,0.667812811059354,0.0804036946628059,0.74743875052274,0.0870060723251265,0.551155294312097,0.114972039596636,0.844200351270185,0.114647981305763
1.08866358049364,0.094622929152163,0.914973816087425,0.135385013817806,-0.114267904391057,0.11666531240386,1,-0.070153251891179,0.179415379656916,0.664595917576922,0.0771526462570376,0.717834443821105,0.0766661654952336,0.845566784742118,0.0761199882288991,0.518826235027591,0.105544834265654,0.637015990353669,0.121050873308163
0.891458702575817,0.0924721481196753,0.933429088681381,0.138269699590878,-0.0693415113182875,0.135553528261123,1,-0.207325952317316,0.177202722200842,0.697476303572414,0.0725606322795006,0.714574029820707,0.0760063568373133,0.714382107620913,0.084524974658455,0.613072552382264,0.119077940321918,0.718605386454383,0.128936362845094
0.950435845294831,0.09169291084133,0.781385965444627,0.122562045013096,-0.180226239674794,0.0944092060097077,1,-0.0093700528642109,0.16937300392248,0.7608078373887,0.0714894325816003,0.623915962969483,0.0753040531378469,0.723036079689085,0.0927561648180518,0.799552324120079,0.0949111052007449,0.797470743788574,0.119266896169498
1.01451123928341,0.0979138745865604,0.94419368506169,0.14459806183115,0.00602553276599856,0.120424522200825,1,0.136899549660661,0.201909377661329,0.717451187023765,0.0777769395147777,0.679280230312782,0.0800722959513222,0.671323885579663,0.0883646351423343,0.559384584148048,0.105325709101092,0.784390542387445,0.127038884915367
1.07795808944583,0.0978816083606021,0.997780990789684,0.146810353745743,-0.201156205731141,0.104031548345167,1,-0.103066130630803,0.168870921388582,0.749432090649418,0.072255001391331,0.739347671325093,0.0755338328924244,0.749543347686273,0.0849642585620898,0.71977296233393,0.107345888418389,0.792256919444359,0.112325643154316
0.797655189325042,0.0947114793746838,1.01231493512285,0.147722552742505,0.121179101659601,0.128656563995059,1,-0.252490276391414,0.183879700245421,0.626672130845854,0.0766335790237297,0.554435087372859,0.0758436925344394,0.742965380229423,0.087416206118953,0.633116625594287,0.100287069337177,0.748500170660913,0.117333429899283
1.13853165122248,0.109607348402703,1.26407830786164,0.170029785486882,-0.100056356173522,0.117290240466169,1,-0.211211299745164,0.214102653845928,0.858643833104999,0.0723710740229371,0.85895699042488,0.0718640051546627,0.847340034321576,0.0823125277110687,0.758172278461109,0.101605479059932,0.81177852996928,0.123898475505891
1.08845071945139,0.105675488641277,1.23105696285051,0.185258985037926,-0.11887886649326,0.109653235733008,1,-0.0847554939825832,0.180122128798865,0.734613327954965,0.0768298877059127,0.900787525362495,0.0668238819048848,0.796244954217064,0.0963174021923971,0.719881001005718,0.104272478051173,0.804012647932838,0.118421944846717
0.85491118867215,0.0868220602097557,0.922098398967515,0.13609266835447,-0.0557849044588471,0.11933723769125,1,0.00637858720400312,0.161570174792375,0.616828939897971,0.0765898700563707,0.687228809669911,0.0769548977399714,0.713993925495215,0.0817893717386802,0.729223220540456,0.103281816708907,0.830328163908775,0.10598325015272
1.0218974856418,0.109787706870742,1.26422473809316,0.198208620247255,-0.175384940031776,0.107035665273432,1,-0.476384173067173,0.184464193956124,0.841033722116221,0.0690880710240603,0.758088466577841,0.0787148019026162,0.683408414101011,0.0883138990251361,0.624030407896834,0.104174533886152,0.692589134500891,0.124324795925679
1.02925871274019,0.100325261893524,1.11889379741093,0.159693578312138,-0.185751823990438,0.102640285258452,1,-0.356963618885192,0.165865622220428,0.727392356219033,0.0748571732159227,0.676933760298424,0.0785821502999826,0.759394186633329,0.0736861217547721,0.740754360860884,0.086606405890052,0.714198015601986,0.130026758570567
0.852379718478343,0.0981015511362332,1.01080198295013,0.16382226773947,-0.0105092829861241,0.129993214165865,1,0.0831415830824704,0.193923083456739,0.628449351754309,0.0776735952227882,0.632494751760946,0.0774811715836556,0.754627991025476,0.0934268847413672,0.650384890242911,0.103204382949519,0.696183108588216,0.137108686832581
0.844790529755003,0.0849220143025721,0.678211288206152,0.100922232327759,-0.0090103701138971,0.094332289750636,1,-0.381369638245509,0.188272493447755,0.797262904065521,0.0692617826353918,0.667324545703568,0.0688676528576956,0.613485960616806,0.0889886309707412,0.49813819763915,0.113621725509466,0.788759543063458,0.125801368903775
0.939678152445187,0.101218622054588,1.06262555237787,0.160967203026292,-0.125003904633143,0.10909537784281,1,0.102710887657124,0.200210251497937,0.741509772380794,0.064293766143155,0.669283424414224,0.0812300151253698,0.5305106448883,0.105017750875643,0.687983425206724,0.106261532882634,0.653719660198795,0.135499568086895
0.860693339735326,0.0977773831518059,0.916632301235528,0.135701212368938,0.208630861462793,0.128790306504018,1,-0.0940722209436548,0.192846220608907,0.552155831055917,0.0791414655179772,0.715248815120817,0.0698081404884244,0.604138104603638,0.0866570581843308,0.438445003830137,0.110705254198398,0.648451263618615,0.101914780008142
0.916500209943084,0.0872816361102417,0.731859095934601,0.120114678672155,-0.0970404204982972,0.108665950261035,1,-0.0903498412469438,0.187143941680559,0.756031243090215,0.0671536243376205,0.57528695428875,0.0801796023902993,0.515032614316243,0.0982392768333912,0.581135165781229,0.121492612699405,0.574476381265072,0.116625320725487
0.958433554997217,0.0922750549216108,0.901212373936168,0.1257072343266,-0.225886547088916,0.0883201648881504,1,0.0647232995989498,0.185220565466023,0.72927808695451,0.0658251105920789,0.766148859033947,0.075038818404276,0.630312242528722,0.0837477483745549,0.583807207220561,0.0911035478847587,0.774680714354463,0.106882256111452
0.86679155747464,0.101713906094995,1.16325178063963,0.177547133169918,-0.143928257201435,0.101939705398871,1,-0.205399188047611,0.213499894285219,0.684381162646832,0.0795837532083468,0.728254337871748,0.076748751163529,0.8338490208571,0.0802456346095368,0.714823621980557,0.111886853077227,0.807589859493925,0.120291723793194
0.974306596848522,0.0966074141537673,0.95565911659054,0.135705715153646,-0.0929008647442786,0.10892637650386,1,-0.436100582661917,0.190612584101065,0.719746378410485,0.0745610799774052,0.700471849560488,0.0797342345963561,0.557002111866659,0.0877352635179982,0.690322572181084,0.0920984566505453,0.572907371216786,0.125269118920823
0.983440153964496,0.0985460596498824,1.1336101522849,0.16706552825472,-0.0228461451272579,0.104725176789154,1,-0.129063487007744,0.176135144121699,0.695844320540356,0.0757571155945197,0.697680104743678,0.0800079130249081,0.703807509085593,0.0814200762434531,0.801639510539986,0.095760024607942,0.724126619563605,0.128332195896708
1.0293037710075,0.102827948295298,1.14672028960144,0.171806864973072,-0.235818413885547,0.0970194483538636,1,0.149129138215211,0.202097900338853,0.780417010781785,0.0746527719400678,0.685750491729339,0.0788849508769894,0.92700029140115,0.0803653338178881,0.579146221899843,0.107904505075016,0.51910188606026,0.136143881816985
0.879632131609404,0.0961993345288796,1.0183239016177,0.156553270336199,-0.0675376800336109,0.114458739142074,1,-0.358417440411866,0.180592592807848,0.699177182898657,0.0655640183432829,0.605125027663483,0.0719804499552068,0.693852474340982,0.0962508837439326,0.651901977470481,0.112415861437597,0.430096898475842,0.137529075170962
0.97169963382135,0.100687687461796,1.11926298013499,0.180195042998679,-0.124043579870233,0.125593272985465,1,0.046708393920927,0.178643471655004,0.794342264541027,0.0671094161683161,0.697766429067109,0.0834660475375488,0.48097106187257,0.102358423211224,0.691719584216335,0.112742646489147,0.73478893903719,0.111631456215827
0.935394073275604,0.0972765122152872,1.02691260899528,0.148697479838808,-0.18092965182291,0.0895779465911097,1,-0.026901023338329,0.194126406366056,0.759499580786906,0.0658125039478139,0.666497831911445,0.0726085388834607,0.768250284468003,0.0854789457801972,0.660851758241868,0.108747912011705,0.645413308391428,0.131227719072472
0.985714739465795,0.0979321339085552,0.954430944984215,0.150204903455268,-0.129713603705381,0.115467377158517,1,0.25414728014057,0.192150097972342,0.646098422068649,0.0777830497702811,0.767885853151931,0.0734913357117865,0.719960427857463,0.0952258867346571,0.529234383464616,0.106044114092752,0.689603622566325,0.155819838749131
1.05266457196961,0.0968448111985656,0.943130058882305,0.134227584960379,-0.125174824138696,0.108584720331632,1,-0.0160819034704539,0.18664871162236,0.655584569695101,0.0806499412398793,0.762510369732295,0.0720976380065221,0.567259020634728,0.0872490933351299,0.730804939501779,0.101168541251253,0.776998144597489,0.0982828963624679
0.906653330069376,0.108636749107412,1.18104301929925,0.185248035897678,-0.124022617984525,0.114688398637727,1,0.110103212883619,0.213171369150318,0.605261975119285,0.0812582518184977,0.72168096982095,0.0814187771793869,0.722172712867965,0.08304426390638,0.660549410014136,0.115335222235363,0.865599341140597,0.120373600998409
1.00213201580208,0.10560824923527,1.13699655222818,0.184212814915738,-0.198706345488239,0.114141817091836,1,-0.033028166102721,0.197152535047889,0.711038090920606,0.0839738115007968,0.6019602330761,0.0851867390516772,0.807492640205114,0.0838408505996285,0.708604650502721,0.106303512282978,0.926646141604978,0.119966433528161
1.15732496398859,0.0999727393044584,1.11184655262273,0.165773265248203,-0.152835445991855,0.0968542585112034,1,-0.0858360535784298,0.197464688358008,0.682775364659345,0.0840985962527376,0.870177266944589,0.0721550429917707,0.651738522475763,0.0861020950634757,0.82620998855982,0.0938375825691101,0.806684219445284,0.10179934377587
1.03201862579297,0.096263408150082,0.924492504508907,0.134964384851421,-0.292726772041051,0.0786635376958084,1,-0.082151890888302,0.165857619251848,0.728437684787667,0.0676785637232125,0.709301755375824,0.0680496222295781,0.753591367962817,0.0917821097624045,0.652673390590508,0.107473008708897,0.648273233691199,0.14684549849703
1.14331765230065,0.101537581752126,1.01435968518263,0.159177101003874,-0.0487290607970585,0.115613294456604,1,0.362911303679127,0.201788732811847,0.629733822361953,0.081309653124081,0.636838386093344,0.0721206023420677,0.76809621319473,0.0800357926085086,0.654995598501739,0.107494121060127,0.672476908313845,0.128468654610584
0.987787408159191,0.092410270910776,0.816576463202726,0.115356396658157,-0.0827444412745446,0.120780757977365,1,-0.0508704729204406,0.16164162910433,0.723758453918123,0.0709311693949871,0.694867045896728,0.076176609949565,0.716089872162014,0.0852158345749313,0.640722709651353,0.0985178499909074,0.693293365773405,0.118519329939068
0.964936172874523,0.0990721934862677,1.05065546684728,0.153457251598888,-0.228678825494799,0.100870224073839,1,0.0159773181788527,0.184377442053619,0.721812958400683,0.0723705245643039,0.801635570654425,0.0751707153689434,0.522695640287732,0.102201586483327,0.693923018954809,0.107593614480594,0.645062657436971,0.115843040608297
0.864253055284812,0.09259904352968,0.946545835610824,0.143685486270116,0.0509128394117585,0.122149379809632,1,-0.150561594798508,0.163049932250871,0.652204823098759,0.0804140304265953,0.69770159439371,0.0787374208387071,0.700410143402941,0.0841646126854824,0.643968438100617,0.101253585404628,0.691650334393591,0.0961341954869563
1.04992801751469,0.0873067780470026,0.877656086480394,0.135946262576623,0.0282027464965893,0.125764001159322,1,-0.0725673249426353,0.153210827794769,0.694725270043128,0.0669162918201899,0.644883065031459,0.075036339368136,0.714392882550431,0.0923687803282227,0.593883943392035,0.106810825654239,0.714996407154682,0.127235096253828
1.0615946370405,0.107637692551536,1.29547563761386,0.196595944779329,-0.252454619458812,0.0934739645554239,1,-0.0943820288556315,0.185622280560492,0.840053940535153,0.0703334247565042,0.760404333259525,0.0796667943838778,0.698157795328954,0.101208506390491,0.815565626490356,0.0912844380060853,0.700811614539442,0.122236793838047
1.0065732982278,0.102838877714848,1.13626516059152,0.162798253448317,-0.195909421573596,0.0900816968261056,1,-0.132039202313123,0.187791777645036,0.792450266574903,0.0721924330771459,0.673167556730635,0.0812320655439437,0.865367945700497,0.0809471411347325,0.54711841822916,0.110392132711716,0.663881249512329,0.120810063864193
0.964746092164138,0.0988472710599553,0.988805449226156,0.154197653224806,-0.049496091618264,0.125543061632559,1,0.308390824734834,0.172704469002501,0.670207157979115,0.0738157191657879,0.760271529673134,0.0707422985621997,0.726772919164435,0.0969186406544501,0.682458017312515,0.107486515761297,0.631566877833047,0.131229798762804
1.04686754282012,0.100424935577501,1.14401651313889,0.1619057186897,-0.0899364329399184,0.104213669341195,1,-0.0613296262321813,0.182076069610782,0.705501809402053,0.0752702618482211,0.715626364477488,0.0719707387704418,0.734271427672261,0.0853812723132065,0.837305028308062,0.0932962802012923,0.508682141177604,0.144238938238349
1.00330234516827,0.0944383818136355,0.90450782811329,0.124999808068705,-0.125989666728801,0.109895699176339,1,0.0162726811600909,0.190834201945371,0.736429976789147,0.0708066581852908,0.709290694450507,0.0751850390770236,0.755032506558999,0.0773180303208225,0.735411809231637,0.0950235598509401,0.744074681196513,0.119677019092243
1.06991101615012,0.104985434420149,1.09425735485687,0.168237389426925,-0.100916034041718,0.123688594277922,1,0.217720424014713,0.168016631710001,0.722075250348702,0.0689401151860536,0.711593135132808,0.0820073891157643,0.618483390128835,0.0905858183220281,0.899874715865211,0.110271014776404,0.500173394200412,0.136772712606084
0.974777776938391,0.0989409214536901,0.890079699346546,0.128599744592692,-0.0932104320662887,0.125125141883167,1,-0.0397181097600931,0.21112500599931,0.731879379132336,0.0727260920143296,0.741851608949874,0.0750341709912892,0.613553592346697,0.0998280394125426,0.657563034005029,0.108351275664485,0.689320682375086,0.102414000743594
0.857004793561045,0.0984807123171394,1.07713685695187,0.165699197018102,-0.0893309055099183,0.122956107595794,1,0.029698870038285,0.196547101919096,0.527163063500357,0.0859056003347823,0.765330184076441,0.078552880027643,0.650393738215718,0.0835888104257466,0.63252084960856,0.109803885420091,0.573643438765275,0.11923768022097
0.938338402554889,0.0950430381565056,0.947842533771989,0.146778318719967,0.0946143019236728,0.129071833128047,1,-0.139336058822764,0.177819838582625,0.649800823984227,0.0751660888807888,0.625666976061966,0.078661344635106,0.720429819840021,0.0845405021736652,0.628453902755372,0.110846394280534,0.617208906957504,0.129503258434043
0.967499680457715,0.105999327005725,1.14938983499444,0.178257411084083,-0.0471049696240726,0.118966075166839,1,-0.0313602876790828,0.222182139956895,0.708945570249518,0.0733768277774322,0.685128323197717,0.0778949121408572,0.689652437959963,0.100451564508145,0.644801532406603,0.108430738648772,0.674219015959081,0.126190055129773
0.904229243151049,0.104763504391908,1.20636611354582,0.187254405338152,-0.0429982454251219,0.123393662917064,1,-0.0534889739630923,0.199153202531993,0.713456241927693,0.0714064812506621,0.78350365666385,0.0790373754108621,0.653081558864132,0.107987659374208,0.809494514033485,0.123890031464722,0.651427668013624,0.131213134286006
0.964166534185304,0.100709216179903,1.06357712123634,0.16646561286259,0.0331864777430254,0.137308970076114,1,0.123323747374307,0.214175298928154,0.677109465055514,0.07777278537733,0.774321961374267,0.0732442458947109,0.509311272398599,0.0956495665612591,0.655876811221154,0.102547868732717,0.647039622920711,0.145040745891539
0.960881553944814,0.0903910382969502,0.879803566514615,0.125815552564321,-0.119921559480909,0.107772177844289,1,0.0932138697112966,0.184190296582849,0.699876586509899,0.0712711250881519,0.696124520610444,0.0676278121596844,0.612225707535897,0.0986483515614433,0.634773644707165,0.103148436814035,0.684759716967087,0.12654610703506
0.925057307733125,0.107650785797314,1.16456042747958,0.180582778984651,-0.220573182004773,0.0973174321982144,1,0.178562856841684,0.191726510748283,0.702974048903215,0.078966972221623,0.668680267867579,0.0843696335989551,0.550641741194867,0.0951164491969624,0.800458416197255,0.0968243647191426,0.615166678833152,0.123804787308352
1.20872101876101,0.0967419182386536,0.778852384071559,0.1126379366168,-0.212184674789364,0.0846190471808456,1,0.382929999956239,0.191626629591421,0.728280132211966,0.0685572519415731,0.809275796123872,0.0699091422273291,0.596871938333454,0.0885112637466807,0.761576217921187,0.098883661766491,0.660084724771741,0.123214136660206
0.800416786965502,0.0881366020997795,0.879566456242857,0.143613680630772,-0.0943033747633026,0.10633065225226,1,-0.0977622684562253,0.164247300326941,0.622087748308723,0.0778359096770944,0.757185938600444,0.0773962151365758,0.695024717051199,0.0896795146338805,0.70869203450813,0.109442349419277,0.689458160409551,0.1387080495719
0.952823607951313,0.0880810839346945,0.937672973573942,0.138369964596557,0.110527151764079,0.122690774178996,1,0.0384581253870853,0.162009140027815,0.694146192381555,0.0685955887100832,0.80509878071639,0.0729955225048178,0.746899489831424,0.0920269489790237,0.564482267774759,0.142276137193707,0.670317255729655,0.139723068011855
0.869436620501493,0.0983811931770422,0.999396165131258,0.146221690224663,-0.034647148818327,0.115675052614599,1,-0.190873783369748,0.19854537515469,0.656819526502483,0.077118392797691,0.636787310006935,0.0801506966945201,0.643409028442081,0.0816539630540148,0.656740899958586,0.0904042013445872,0.577223474289481,0.123661230312841
1.10036609648912,0.0951897147582188,0.912615185182095,0.142292874584527,0.0152489713268476,0.12249112384095,1,0.0611597624425595,0.178458901212826,0.604109297322049,0.0764351761588304,0.730560402827209,0.0737777281643774,0.65131785864681,0.0860031273547778,0.740928266243644,0.0984105313578797,0.472819652218329,0.134033904860446
0.958853623498152,0.107937041051833,1.26557786328538,0.186663826719949,-0.253216672927165,0.0999191457627021,1,-0.433898507010923,0.221753152514345,0.764893626307325,0.0806276529609316,0.739232853518886,0.0777597006070563,0.686641090369258,0.0794174873359473,0.671846599559615,0.10103745963606,0.583400815865317,0.13775470257299
1.01938173438349,0.10023853870471,1.0792140073408,0.159251030604593,-0.0512390867449916,0.111882186223271,1,0.174204371230368,0.203456469335902,0.600696801000491,0.0798792071966691,0.63907717220522,0.0905996263359678,0.653730042076429,0.08099091456723,0.776219542911995,0.085672591908509,0.652189598006861,0.119851626865204
1.17891655767773,0.112135194481681,1.23364224093386,0.187628442666996,-0.0550107421153616,0.132400232148969,1,0.183932569811706,0.181257505169031,0.751285142773007,0.0770488993353679,0.765938169869505,0.0791861659093076,0.642306760382831,0.0844138338053807,0.99583908977629,0.092661889581267,0.740489459702587,0.116905851235085
1.03728515205693,0.0942998406301037,0.856313056854442,0.12718757297219,-0.0913612250231113,0.129895030199242,1,0.286547255400492,0.186499144042052,0.649939244501019,0.0812777815508753,0.713427021920499,0.0714534618958755,0.625955989109451,0.0934658776250785,0.705723594802562,0.116182221826365,0.809781861680052,0.128903018832358
1.01429932970695,0.0961029029560806,0.960157585404627,0.136586752619606,-0.340694550045881,0.0805370976466673,1,-0.0494333619062543,0.196524817955895,0.776405838660197,0.0715933899362283,0.737190894191624,0.0660334982806031,0.67235266367139,0.0971390262392874,0.703761995472918,0.0987319425027261,0.88655073295593,0.109674214339667
0.963340196010691,0.0952868222663053,1.00316067055979,0.150923028470888,-0.104404987074988,0.115505443131241,1,-0.00201470035387322,0.179434476385496,0.603303644298823,0.0804107827801504,0.679532400134647,0.0821873438457625,0.803359003849667,0.0758456093553024,0.768494821629344,0.100061126138953,0.45128146215689,0.142184054527944
0.837073740162465,0.0972679759192394,0.984641176933225,0.156869493017508,-0.110885410052464,0.104902918376258,1,-0.309146231482469,0.187210931505341,0.618333450743258,0.0786693405220416,0.564806389420126,0.0826923969825291,0.601293852473621,0.0823474035917646,0.605912978068875,0.104759065315931,0.505087502548786,0.134308276358777
0.917274534481328,0.0883934880216025,0.844352242055368,0.122160813024059,-0.0363730268088979,0.109693713865799,1,-0.215013032564374,0.172305364378548,0.719192902808606,0.072709618756857,0.610575231254676,0.0785341323491581,0.708592906537315,0.0773787349482923,0.587381168943716,0.113531126230877,0.699818083179225,0.123862611873454
1.05281728257403,0.105482793980819,1.06218957545092,0.168265477994994,-0.199960852677754,0.107907530599924,1,0.156175615169233,0.1767374828147,0.689833044905876,0.0812964371157676,0.681665938959012,0.0815545011901984,0.88814765414783,0.0854144225406604,0.615212353268831,0.115935207845994,0.646193840010627,0.142911696810949
0.860833174488536,0.102872964690632,1.05207456085131,0.16607525392096,0.00636056381368483,0.132322284931187,1,-0.0912786457226559,0.219162244237121,0.653508064932187,0.0771515075054436,0.675937297750736,0.0836998452591843,0.609152169875817,0.0896724632265957,0.650739005481654,0.102892683624328,0.618840029739009,0.121477730064731
1.19777280233345,0.104028620685835,0.882240587473607,0.133709429716006,-0.0313330048593724,0.102841068202669,1,0.140621968254722,0.185389680090507,0.682740189065723,0.074743796260525,0.749630442549605,0.0742894987284927,0.519858031879924,0.0922770985404265,0.818430540517802,0.109883764209206,0.909320141404192,0.114747425064993
0.99453309751514,0.0917475583922414,0.936399911289059,0.130207310530094,0.0127050045868853,0.116256368410436,1,0.0207340299915692,0.161854362663895,0.550247999531814,0.0820055319073959,0.651860276700593,0.0807194074387112,0.790905758134985,0.0743658463096565,0.65925741646351,0.0993924259603792,0.809699969737928,0.111904416322057
1.14261688876377,0.0986357438763409,0.99685231746279,0.14985736134684,-0.119349010052701,0.115695285173333,1,0.101433420364355,0.179913267737187,0.62012364956419,0.0782368208064784,0.750500278853552,0.0798122057864791,0.771191678039332,0.0804263046708961,0.665953403250416,0.0997474469541538,0.724300073546534,0.113074722482309
1.13631009277139,0.100519941711079,1.0005504545996,0.14895777642621,-0.111724384291585,0.107711447616833,1,0.0425479193149642,0.20705848838449,0.688363094241855,0.0834714929028067,0.749437256047041,0.0750537659936436,0.647421164845359,0.0825618141524757,0.805837895338593,0.0858522977670528,0.597009631219617,0.117865746471776
0.944544558094465,0.0953510742026685,0.953780048908059,0.147972030479289,0.0430823322713094,0.134681273401662,1,-0.125537206327137,0.180328264047705,0.628174156754841,0.0767564480073142,0.705616104214461,0.0717456715939345,0.539250042353774,0.0913464114139181,0.640232731082724,0.0920091221824765,0.643897265129612,0.132855939511945
1.01303974715471,0.103362236719033,1.09372848472267,0.164213568800488,-0.24748005469868,0.106239399292243,1,-0.120556677668833,0.193307571327352,0.694934952523158,0.0767194364469831,0.76158194168098,0.0730857771731731,0.67957471017614,0.0881230067753599,0.545696388763704,0.121459799691337,0.739077189292981,0.124499667499454
0.956496363073565,0.105668810304117,1.1241394558209,0.175922673425007,-0.037352517833743,0.110819187911723,1,-0.263032016327707,0.202056251107172,0.744635106379675,0.0752326742658054,0.771935993714594,0.0801353212283769,0.658653856504504,0.084303289355026,0.747302402937008,0.0932463010273644,0.596748783442968,0.130347729082052
1.01875656923417,0.105078354506609,1.27235380385923,0.195113889274188,-0.135912962739783,0.105438664447935,1,0.320083508342143,0.19559365276803,0.731557107591873,0.0818805743918707,0.57211968244864,0.0897622624220373,0.645795991761365,0.0886676066883869,0.894127486044134,0.0821384930993718,0.653492760925616,0.124152199132426
1.05654795106619,0.109885376378661,1.27161376780716,0.205211306991968,-0.202685939975972,0.106492527013452,1,0.00280217365103355,0.212056652986461,0.746432285059842,0.0774459884550423,0.800158714826821,0.0836170154207911,0.751156267202837,0.0978592219135456,0.69252304474556,0.103980134603279,0.827190226213888,0.109263695775365
0.926593357335323,0.0901202706615788,0.841222921576925,0.123629055847568,0.0792205736450136,0.128026616308311,1,-0.242827035326222,0.188813460436179,0.504917894124615,0.0851526480518946,0.698701943326189,0.0711428825395589,0.604252431300533,0.0831554495224391,0.517705176638697,0.107309847016654,0.680280148433137,0.100043361980608
0.853730815883364,0.0961097528885827,0.951820325418804,0.145408933833338,-0.205477947473829,0.110629263716091,1,-0.292372949487559,0.185199618523598,0.816641040293174,0.0684737934973375,0.724449337810841,0.0806889434982662,0.601276882770859,0.100723488833443,0.722389027879064,0.102964126435323,0.538017486725777,0.146943812225326
0.835794687048626,0.0865353428720488,0.833137133545059,0.121315925732138,0.00565911008900772,0.112410091126313,1,-0.227453483161175,0.181225686292191,0.6295825735327,0.0780648805899573,0.627971322536797,0.0793061961802193,0.659574181658283,0.0774937308921734,0.707536091169281,0.0862319754224222,0.777484481100258,0.115752854881541
1.11908702866604,0.100725461129208,0.950267407458974,0.143351318740433,-0.122006197493242,0.112117220249031,1,0.247026020294134,0.200567936474286,0.644237634430235,0.0764209255845572,0.742866521856538,0.0747214794379035,0.68650814909663,0.0854393092506901,0.625708564963555,0.10220726299954,0.591926762307131,0.124353948946219
0.996997987462869,0.0891727340266157,0.721072276942784,0.101810012785866,-0.111916054726733,0.107632968341305,1,-0.0822845645351315,0.190328248014265,0.678872631166141,0.0744035133732013,0.655331452333977,0.0746042983568599,0.654351366963239,0.082190401685504,0.883551942246001,0.0828455735014917,0.691450972074201,0.120618592375725
0.972152674183368,0.0935179830506641,0.990874199541689,0.149709547588861,0.0392187482978588,0.133397973865574,1,0.205347037492496,0.18250656850718,0.736768967430037,0.0706904672655038,0.699587682728321,0.0806766823934303,0.566035050397627,0.101603570583538,0.882290602810427,0.0882877672712119,0.586955714327047,0.134948991897238
0.872682108815692,0.0974466053925203,0.974667261927486,0.140150382350708,-0.27659282463455,0.0985206502384955,1,0.0501858640437913,0.173743991093111,0.700880851419279,0.0740500554706761,0.560104928177421,0.0875039952214244,0.881607454260507,0.0823836535148115,0.726300775183142,0.117860087629102,0.713728629001004,0.154449134368356
1.06513567612124,0.107750150343607,1.14264186065964,0.179669365407221,0.0324967472540431,0.137863315732882,1,0.112730621925275,0.196470287004903,0.653708884444858,0.0798540892641801,0.711993358774115,0.0799510658213602,0.606503426874362,0.103773453986594,0.81700342250694,0.0877372381857031,0.699725531618283,0.116346304701307
0.943547524804882,0.0914258332044279,0.894554135132626,0.126718947666471,-0.160382800032067,0.0958823598518954,1,0.142449842642042,0.176210748191701,0.732167802864207,0.0725608192151525,0.609651786453524,0.0784387645905298,0.731831395689752,0.0757781072719257,0.904732168124157,0.088017727573233,0.375514655579852,0.170486926794564
1.0269958296027,0.0911776849273302,0.720132726286217,0.112537959805801,-0.0430043604693817,0.111350509844184,1,0.0211540404163812,0.181315186782256,0.648557477716593,0.0747604564627312,0.619556288352682,0.0734975480189412,0.546191230137668,0.0900084731238379,0.650240931130108,0.109459037107588,0.414171098384049,0.132481494829609
0.889182698214499,0.100323747986355,1.21466023838072,0.183982582600272,-0.0798705112505148,0.118582021690184,1,0.085048774739814,0.173894377737741,0.669068552764481,0.0807647928305031,0.687145647452347,0.0766357901182398,0.757339835714387,0.0812816308798147,0.648275598915603,0.0929728322636275,0.642335406897524,0.131594481186826
0.889964148182099,0.10237976077564,0.985474506732102,0.145757285395827,-0.0719220124909015,0.120857888505379,1,0.0163459630597187,0.198257185600929,0.774404664740013,0.0757671161789896,0.678607196051233,0.0737143803554429,0.662384378345234,0.0894458735312208,0.47484306578782,0.116810747502833,0.75544497712554,0.132621562352778
1.16980164062144,0.110810622879455,1.29638918511684,0.187480083196744,0.0533933858138644,0.142725319032887,1,0.13581393703022,0.19799412255427,0.763839265923918,0.074166151804516,0.708587356998479,0.0793304645402858,0.585238826427758,0.0961002251067892,0.797456709252711,0.0941994393205445,0.736885872331734,0.112648332713146
0.982933579866412,0.10950020915402,1.30634752553082,0.203223205474063,-0.128273508826535,0.12330879531468,1,0.0661664755392039,0.179312829927482,0.714335514701908,0.0760186315406826,0.780650441792386,0.0867808724197961,0.888320384907901,0.084899993124679,0.762066054775955,0.09912679305938,0.730039996131385,0.144516223594879
0.819503787502978,0.0890560448506243,0.757843419990161,0.115222382111387,-0.00755182381680763,0.0993664372493404,1,-0.254357883313365,0.195416328807897,0.688855091599706,0.0716679134752852,0.643698801932783,0.0777390249070635,0.643204494528517,0.0852966828790887,0.814045650692712,0.0870701126449247,0.627116328418833,0.105377635966265
1.17930509370925,0.110243110413281,1.21033330409853,0.186611352598269,-0.122359289458813,0.116879056100362,1,0.0776928415412777,0.2060718674774,0.714497294668539,0.0899719498439975,0.734774415648169,0.0756606906185621,0.716551375200733,0.0784211004626071,0.715185761348362,0.0997562927353903,0.82985755368952,0.10310497254403
1.01720707505802,0.100968768613856,1.30846572732373,0.192093247402645,-0.090501312678695,0.118234613457008,1,-0.0123293401503376,0.176014526362197,0.770929400692365,0.0690031108326693,0.691096932357504,0.076528582187005,0.639518604063795,0.0999693115722055,0.847528015301847,0.088322230911845,0.692156529327323,0.133202565503822
1.07663056815417,0.0974811082035311,0.990414259479378,0.140169619558174,-0.0891073958762608,0.101641181390498,1,-0.0325861008387757,0.176573004713693,0.720993382198857,0.0777807657053753,0.659585806924273,0.0729395221528134,0.705790612306132,0.07666506607657,0.760486430637137,0.0928219374241745,0.66174385967665,0.135950844814612
1.00088600950526,0.0934609557101889,0.880240188464047,0.138568300816038,0.0533749806176799,0.148321858036995,1,0.0367081296356922,0.18500234698899,0.656279774584325,0.0769643678549555,0.568601214757533,0.0811430630518909,0.60814897023141,0.096461960535474,0.655656219866977,0.103638783155607,0.707950890226196,0.130633233946939
1.0299846192908,0.0950589207724614,0.945539463887533,0.140090827848145,-0.00233355317914844,0.123272892148508,1,-0.238269005110567,0.191534221746217,0.629658250938909,0.0785476295175235,0.715534651900629,0.0720451418511754,0.638262917307609,0.0916619017947543,0.622780636951327,0.098966990075143,0.618261914929721,0.124384104497979
1.01962610410151,0.101009762778184,0.999804171063886,0.162108750228978,-0.0666986244107907,0.110757763092743,1,0.332594646189985,0.198950261763533,0.660947180250266,0.0744948054599389,0.70721924951813,0.0816001682098806,0.749194687285458,0.089120924975216,0.766311425345487,0.102472056895871,0.89939924277619,0.118721032362212
1.02564597200764,0.0898142855651348,0.860037888474179,0.131235899536577,-0.170786992858247,0.0900862306567864,1,0.0450323554809244,0.166667073753483,0.59701123485716,0.0743963876477041,0.744610365067306,0.0663122240575551,0.797596188991734,0.080976502845479,0.650590800814478,0.102057521023752,0.588500905561371,0.139843954242698
1.01965267776849,0.0936426941865359,0.962010582331308,0.148640698466192,0.0611398271541523,0.141760416051803,1,0.183311426800613,0.181988033277663,0.584227634531513,0.0786956537431119,0.714622898121392,0.0695295593357983,0.68240655359797,0.0915624993389928,0.555545256245747,0.119566428145212,0.476561063497741,0.155108338043476
0.960575718387279,0.102490379827145,1.25694293688401,0.189565389249891,-0.214862737566677,0.0905009102428027,1,-0.168817825190008,0.174271419346483,0.715356011762029,0.0732587954149118,0.753244670142394,0.0703425371233245,0.746497319956366,0.0833537595966528,0.680642407637806,0.103335419151496,0.702628896111058,0.137173664105169
0.865486469841365,0.095279134598848,1.0052201340903,0.157054727293029,-0.0122767381842987,0.119371658890365,1,-0.000273587569953283,0.181922339693351,0.764885089981365,0.0724676484240397,0.662704271465582,0.0765604396965938,0.686740406337654,0.0967530497610679,0.826269864683842,0.0961806679559879,0.755808431944404,0.115102532532206
1.0361779806892,0.0986419074047137,0.950247984478342,0.146369044944306,-0.0142059394867855,0.122193428372169,1,-0.116889508288006,0.179769889534386,0.761509470340246,0.0690516119173954,0.646044016827242,0.0816094824920151,0.630806307821179,0.0936200104681817,0.816335976493176,0.0968580014160436,0.671333751962195,0.118556413649056
1.11909534830934,0.0953980339571904,0.980450989188717,0.152661378237003,-0.0700600082496166,0.103632089753971,1,0.395273732131894,0.187394771801462,0.553345321844435,0.0875443191355329,0.668389491444536,0.0794013952453699,0.686231068599334,0.0812368375844008,0.783245442112695,0.0899255755128524,0.568842864324045,0.135308170379024
0.977223742661511,0.0851169128810919,0.756863948524903,0.108221563916087,-0.0960393109880278,0.116916689696852,1,-0.00107227805649005,0.154597798423797,0.629992813986462,0.0725037389917105,0.671121533911348,0.0789300057967074,0.626857970038398,0.0806966050009034,0.723161305267721,0.0852898894387009,0.588260389639303,0.116920511904044
1.21666457725786,0.110165773816701,1.3193986308659,0.202581879673663,-0.0863281955624711,0.133995943036255,1,-0.311340218062666,0.199887840106728,0.83478824024635,0.0736747659887662,0.879660034839905,0.0787680940348892,0.736002346955604,0.0977147332865292,0.740839186809624,0.10369915884973,0.619813254791243,0.131768182733505
0.899621311497842,0.0887668735039571,0.79335874029936,0.120431236245124,0.347903822672122,0.144435163984209,1,-0.0679889579137474,0.177773880998188,0.72350942326758,0.0637029950812164,0.665338004355519,0.0760407651677217,0.642101254525686,0.0862057127467111,0.649701219401187,0.106252604818538,0.616425598089103,0.132799342737252
1.36162671596227,0.111362220360176,1.28785232893345,0.198421082182667,-0.0741253376135735,0.131912357124037,1,0.183530805649498,0.19928066562099,0.733546532174519,0.0785267099264198,0.619092971427501,0.0855625609850915,0.752930319458036,0.085073347382755,0.832913767431248,0.0981299937794848,0.890947614243222,0.111417452237573
1.06419897309461,0.100236340503797,1.04613238109257,0.153404876916502,-0.119026024525076,0.119889148399578,1,-0.192328600827778,0.181992690131858,0.725701919411742,0.0771448929722851,0.713285919959608,0.0760606261357349,0.569647975388064,0.0961830679398028,0.696078876216235,0.0966881298199089,0.89820626711713,0.10470843294333
0.99331606578335,0.0935804517944224,0.792965762473543,0.112410947743303,-0.0366832626624969,0.117212511586152,1,0.0018756270043168,0.175524643258769,0.801849301325395,0.0685356407833668,0.683338553797873,0.0669559158847306,0.612092096670202,0.0988542918344711,0.626822231819376,0.106584944006945,0.74659753294823,0.115426613601784
0.898116312956008,0.0920975764115221,0.887587374272449,0.133150720369733,0.226815662650855,0.13485269414122,1,-0.272858797180928,0.183149946353898,0.701493345262159,0.0757335872879168,0.650880469181733,0.0724308124509463,0.545239897643357,0.0928397134469029,0.658939196201074,0.0988455066389171,0.595012260897534,0.10626224994984
0.906237111754185,0.0976747711567433,1.01829884048461,0.158014240113209,-0.164373190253864,0.104896558524367,1,0.133174284991393,0.185148292562812,0.642304657579371,0.075528586189091,0.700460681852067,0.0800496807345469,0.651107506619724,0.0869185717610065,0.701821076658161,0.105857306132494,0.790932760178522,0.129759391830542
1.04531571267587,0.0943365346868543,0.976072539816281,0.13962521319768,0.0209433585314576,0.130319485525354,1,-0.134842621804078,0.178438607632472,0.771888044563443,0.0683674297628025,0.59095444737578,0.0833240851600132,0.808895257349223,0.0854106019701505,0.516507026137106,0.105834568262812,0.601368658437415,0.115334297046295
0.778006999300929,0.0875117278304988,0.840866623714421,0.126243057119198,-0.133049413764196,0.109341545621653,1,-0.214681493023596,0.174592702597503,0.625766102088562,0.0733819827994714,0.702179617608872,0.0713815728989134,0.68983930837342,0.0882746892497514,0.563029960180384,0.120677200060539,0.833297783376817,0.143905812331254
0.959926411080568,0.0889288153229177,0.785543091720434,0.115539026614155,-0.0849962641386771,0.110623151575522,1,0.0578509491224106,0.166438255119605,0.622811582241089,0.0736466196718706,0.740178411471244,0.0637234483225607,0.641591417532146,0.0788896401912808,0.712551736799057,0.0990450499813435,0.697483830695373,0.134264234621652
0.829401201084986,0.0872628156293895,0.791334498361895,0.122553634497633,0.0723691170632894,0.133561384226817,1,-0.293400780632328,0.188928710979372,0.693358038052752,0.0748190282339317,0.52927074933998,0.086197939352494,0.68744239897197,0.0806163919390314,0.727658660055721,0.0847439067458738,0.475276959272535,0.139175190335508
1.04918887376526,0.0930322417458491,0.947170168978527,0.137305498858485,-0.15546419254955,0.092003960699534,1,0.00655776601546872,0.159438317759685,0.692878319271989,0.0714906218863208,0.687115642656793,0.0775724481547829,0.75496578455646,0.0802086738773197,0.654498816764196,0.106662500226801,0.76160019538953,0.127737991106219
1.04614139660422,0.10957998205845,1.27931520021027,0.196983079766228,-0.230567839340206,0.0965062168143276,1,0.0688142956374334,0.201882217713696,0.679288811607804,0.083373672847816,0.748312319068304,0.0787796177633934,0.751280930483025,0.083086870786248,0.760591316561364,0.116649737553268,0.780926175348104,0.125536362664096
1.13024242581736,0.099996981502426,1.03149126716845,0.152048102454903,-0.11730502190018,0.119581544615594,1,0.133999287744885,0.177537598219667,0.779939550567616,0.0753211566860402,0.704471401838016,0.0785240129130793,0.780200577117811,0.0839782366501284,0.805886411447374,0.09462088194858,0.692682378142095,0.121665049232974
0.903640539878571,0.103213093006174,1.17226687780692,0.172599109827791,-0.201854263708028,0.110074056707782,1,-0.0553898880874725,0.159779815403874,0.737437130552736,0.0724134431071707,0.743300245201577,0.0897563666832317,0.759868662449142,0.0966516922963176,0.669658274588305,0.113769655225731,0.789344413011629,0.116919020617596
1.08881369375463,0.102608414941064,1.02690386798533,0.144093839884352,-0.0234210528225311,0.125257525958992,1,0.163129886727857,0.19365111162443,0.71176321599246,0.0791940004220616,0.681401325087921,0.0691900091515815,0.773054823462656,0.0779437404430078,0.826424162793986,0.0888392931826092,0.699856294162424,0.130538604731536
1.07773521582353,0.0912935425353439,0.896623827564,0.136841284665016,-0.134609021074434,0.131628117485979,1,0.167371418042858,0.169945047227697,0.732902539478107,0.0747754315591353,0.660126091942301,0.0784075975946493,0.678737152373058,0.0905161573934205,0.713140257537926,0.103851797602729,0.816377379545013,0.108911103699193
0.943223455240531,0.0934933658955588,0.947175398148311,0.133591484882542,0.0609960289740031,0.120291218762857,1,0.055497643837479,0.19060174079878,0.670189752996673,0.0805144501272988,0.64908086575044,0.0698067718155304,0.767371384883134,0.0839747415144349,0.50760357419817,0.114071924430623,0.646802403501782,0.140570199205452
1.13791672834736,0.103014997502058,0.9968506589818,0.148133956284105,-0.149629835262043,0.110903158318266,1,0.0912447611572412,0.203352075335932,0.787361830056677,0.0741537178845945,0.735883878214221,0.0742760033010996,0.74737044604168,0.0786129170900243,0.787245130358999,0.096212719336811,0.752827791459273,0.131010982117532
1.00681212590649,0.104701810286339,1.0700579864654,0.166963088756046,-0.199523762152563,0.109921460783735,1,0.326000261678668,0.167043980292639,0.655848766768406,0.0709957765098393,0.768724558705514,0.0821877596665941,0.665792413367826,0.0986887364445538,0.641645298641165,0.120686790388161,0.769945876587948,0.127450078721657
1.08741621315313,0.0939801482710647,0.884348697403271,0.129814583319907,-0.024531972768234,0.116277683675676,1,0.313951961326921,0.168755337882323,0.545714753162161,0.0764557851530257,0.72131130351352,0.0790942813741384,0.522724416742975,0.094491255277303,0.829523278013611,0.0898519548568611,0.688367036584186,0.128574322304759
1.03649544702438,0.0973441773553759,0.90256105024844,0.133167294926697,-0.12097945839906,0.117047907444466,1,0.277924049590022,0.202888091720976,0.732223640440166,0.0775051635307818,0.606922634694551,0.0731600219226314,0.691508215837238,0.087415725970213,0.698936360880933,0.0903158742162333,0.62812991655993,0.135715441331266
1.04678037372365,0.0934984030600199,0.881197026508269,0.132304847289246,-0.100469539891953,0.119227395973359,1,0.0442650805835431,0.160507019292142,0.656689078611182,0.0774955561167472,0.771138566482523,0.0668270244168541,0.792726550638772,0.079732658236339,0.696374463765091,0.114653634013369,0.588829219949718,0.135872414711862
0.915957736801881,0.0962233754269732,0.967966724015165,0.143477338980044,-0.119605415574799,0.100820981817765,1,-0.445150531191306,0.198265418474632,0.730350268889226,0.0771802914806345,0.676553976520204,0.0719841324885723,0.59360874057673,0.0922259336972688,0.820632020555083,0.09022609223697,0.95005765554321,0.101244367310951
0.994002133047919,0.0934497468021711,0.957672531187658,0.145239236920028,-0.117140768613066,0.0842597879781386,1,-0.301467363676133,0.184664458445083,0.803670292901,0.0724059733251449,0.748787853244092,0.0709969249060398,0.570761070233503,0.0819628680712154,0.654026365546692,0.100383379031326,0.711004706714895,0.117047496399349
1.10435229265269,0.105219898085248,1.06319004022203,0.154105094066944,-0.00896844507008453,0.131561829363654,1,0.342963082339415,0.201693120124736,0.605241555396219,0.0819151677488614,0.600773078842077,0.0811253907699532,0.747355003820302,0.0914084339218365,0.842087742705421,0.0895511566603198,0.585841161769686,0.13225648870952
0.95185586027663,0.0851906112569615,0.75064253071179,0.113054760956685,0.135242384983683,0.111387785217803,1,0.0960420418458391,0.16842484261479,0.640867972354711,0.067784590930488,0.711404212850574,0.0662939054324169,0.450222832055255,0.0896565963127351,0.651602210832099,0.111119613943252,0.822658813171431,0.108694982395031
1.02967310996345,0.100511411433962,1.02553001506735,0.156237517496898,-0.229957466336432,0.102967896540759,1,0.0150966500257804,0.189841812241717,0.612712878884671,0.0804676819902497,0.75827029085591,0.079147033077424,0.840438693331365,0.0811859302977743,0.768465494124166,0.105465618803404,0.647693076850108,0.112401142568965
1.30238055337698,0.113120060994203,1.19742655597552,0.176841267574199,-0.14334344958363,0.109941573824691,1,0.246409536829517,0.187023415394111,0.802316834096902,0.0768951799749809,0.730195412608773,0.0846674278938822,0.798115438773987,0.0899169717585377,0.766565392670025,0.098991352475403,0.607943065391639,0.126361131794538
0.967345813592744,0.100735540848169,1.08707854801437,0.171617236109436,-0.161983358171419,0.120876844150371,1,0.096700416868557,0.182635175404491,0.689188116040354,0.0803451363567304,0.687719828258307,0.0703229601328055,0.713115241585227,0.105168659098832,0.828247489887752,0.0979012216571695,0.716128501351547,0.121094975260734
0.840843535793399,0.0858193352511887,0.818327766642794,0.129798719105477,0.0588778313959254,0.116859746755472,1,-0.0471785076765532,0.179042699790353,0.603828118597692,0.0728628267645151,0.682583488608851,0.080357861838327,0.600769280417554,0.0899891370225572,0.633059425515143,0.107083352826203,0.63324204195151,0.124627310365029
0.956915796435359,0.0949966600465746,0.90767247493182,0.126887030313432,0.101865616937462,0.113187868037552,1,-0.210805387682561,0.186532822804622,0.741950728139608,0.0685958357479213,0.690772098251638,0.0693079366120148,0.752646804193773,0.0833136719593109,0.728071565929065,0.108210651126426,0.524211137964059,0.13872383761801
1.09659132385288,0.0946896457525608,0.972498256422093,0.138264226317958,-0.0507649868189213,0.0991991028278206,1,-0.00651282186845156,0.176028798327643,0.61720278712538,0.0718816629488077,0.707058635811007,0.0670989795453757,0.734779654923629,0.0882084114407308,0.695460885098655,0.104818900429144,0.807812144302672,0.116301404604191
0.989521032524985,0.0892798776907211,0.835549208946607,0.126553106984548,-0.147813170198287,0.105429833259345,1,0.129202389619291,0.174600678881668,0.548947710696076,0.0811582209216452,0.577101125829733,0.0849075693349133,0.71462696746365,0.0806364289791914,0.64484513711594,0.0854426988778733,0.65779495744515,0.116087036344107
1.1642863969095,0.0937938559549749,0.74349073696556,0.10979512770058,-0.106608020546342,0.109551366771421,1,0.491725517735236,0.19504872813693,0.463107185102704,0.0890632980401997,0.737536361484667,0.0751950588469927,0.665870497983629,0.0780218984966567,0.76368474721169,0.0851764354031663,0.59417084264953,0.116743291661593
0.865346639833428,0.0981037736817353,1.00816586887708,0.145044650216868,0.0622162504371876,0.129572773990583,1,-0.153955413042867,0.177192275582828,0.68370469906622,0.0727999746840196,0.673246478464081,0.0762392556985129,0.700188704850098,0.0818481256084958,0.659562651001583,0.101233586236521,0.793651447677793,0.133017529671277
1.03666208984439,0.109300581326957,1.34072594954569,0.214959437554861,-0.178522710957944,0.106888227091866,1,0.151604958993869,0.194160549265194,0.704476469903627,0.0782528278773221,0.662576655306046,0.0857448317413724,0.709980391427737,0.0902607668384426,0.782027467799915,0.109798739565765,0.547702297729182,0.136336519006093
0.845051245795541,0.0994983344159077,1.04297886214596,0.156279131417226,-0.160747245979089,0.10377581654861,1,-0.434939531878704,0.193152547049156,0.773732288235249,0.0764087982010796,0.653304291227568,0.0810727904425074,0.661759502955211,0.0852613029991906,0.634838948792629,0.0943494147707546,0.776944631801825,0.107956069883655
1.01613634060634,0.111025627451974,1.27095800212921,0.195693920675284,0.0328812127899146,0.131536687965695,1,-0.205549307154298,0.219973519765358,0.667412883541115,0.0839086895645747,0.675272427624493,0.0806237661957327,0.73909724705308,0.078877857741476,0.641369557759026,0.119869656878088,0.701331709407628,0.126486634786542
1.01086402003045,0.103787265469003,1.080995586831,0.168537861646747,-0.109640794532789,0.128056808943187,1,-0.127154376391924,0.187630514027909,0.821684295401882,0.0670302179419117,0.643314469583107,0.0793114984438134,0.583221252587869,0.0868690845537102,0.635115757279469,0.12423081195741,0.64793249741349,0.133074569649845
0.96752928349628,0.100278362950636,1.14314427032706,0.172583330199814,-0.0372067215018664,0.143137158134683,1,-0.0803106091810947,0.20586721958256,0.731923308707084,0.0731189857667378,0.664198689284587,0.0847363320712247,0.865636917168348,0.084540297443593,0.580868640965079,0.122234716468008,0.583777033206977,0.127215480885331
0.912560339208802,0.091595172005343,0.858649476366087,0.129121626230777,-0.102260898114026,0.110094592804313,1,0.192852041618133,0.188751740267257,0.623719893003605,0.077720395029291,0.649070284777916,0.0740973336144626,0.758284463999385,0.0808738889043249,0.624413419011998,0.116112357234647,0.708109969306398,0.117342600089851
0.974290297048029,0.10085007527574,1.09408500639582,0.165629872632179,-0.251347059914908,0.10083894058691,1,-0.382746140375379,0.179373041897658,0.822730305785947,0.0734048517225989,0.753796164936518,0.0760069562938636,0.779631128512739,0.0845775627629431,0.67002560112772,0.11609583908199,0.47874402726872,0.143001137711016
0.968656435788321,0.0959438117972131,0.992853842084188,0.153134059137565,-0.0434070773151908,0.113121761337113,1,-0.187673725626072,0.196443142596881,0.706044233279148,0.0734401622494926,0.55666985281494,0.0784596581531331,0.675266884079064,0.0932485707624573,0.467844167258718,0.110489794125373,0.762265230808127,0.10247220350523
1.0708188301237,0.0989594461522574,0.973212160898281,0.1519932198325,-0.0441067919783461,0.127564166687305,1,0.0433459903900563,0.193775193422776,0.769100260894182,0.0704004867108838,0.725143312932899,0.0760234658704231,0.598117870879705,0.0938463612912297,0.672508857974184,0.103735175088719,0.613109017796389,0.130745903966259
1.17099831311414,0.100007329314881,0.851999532234779,0.125772279806136,-0.142110821096758,0.0924939762912841,1,-0.0741112255476417,0.177051078465706,0.662869056746397,0.0749316003764309,0.74738965611517,0.0733648321904747,0.823009205970811,0.0875730163920662,0.7332146445528,0.0980699609232126,0.870204235047583,0.0859102227240168
1.02988568975354,0.10786760238963,1.19564720828393,0.174868936198985,-0.173706905325541,0.101036062497989,1,-0.0687490746083195,0.196459256213157,0.686149354989344,0.0724209729561569,0.780626621537383,0.0739550103866341,0.737410851747888,0.0806146911326802,0.663279747831816,0.120071526153534,0.58546525374064,0.139863191856696
0.992454342114966,0.0917922020650866,0.901426876771078,0.128299449295349,0.0545596972007362,0.119691245610982,1,0.0711599910339119,0.189893085785039,0.786830802022319,0.0739846543755937,0.596263420832161,0.0736495691465767,0.666464600439825,0.0809742743146619,0.745056679252728,0.0947417447998304,0.753556036091499,0.103613055882331
0.963803573410019,0.107329170387629,1.27743123831835,0.194839482224084,-0.20246123058017,0.0893911809942184,1,-0.0123702219582118,0.202685230665831,0.748542505511179,0.0748439843738679,0.79333016177744,0.0768782018020383,0.699380275869169,0.0930745360316456,0.913692495594798,0.0856166482631235,0.760004879170748,0.128092163246089
0.964970449853037,0.0937169130818957,0.80087204974236,0.121703386620491,0.0156436882015723,0.121079625242373,1,0.0316385771631924,0.2098135261921,0.706228839770948,0.0692871478974529,0.613580119166942,0.0775894759481634,0.660819546571206,0.0863853829378148,0.670668422002087,0.094548907562498,0.594809725597867,0.124880287436378
1.05993375677615,0.0942765432882497,0.927523654658143,0.134961533003769,-0.280158302610841,0.0943214817053674,1,-0.0499919934267036,0.185636246593998,0.760429446813927,0.0702571646035053,0.773186422226757,0.0723413453111929,0.582399304242759,0.0849095534099381,0.58007840482177,0.111265156520713,0.816311934457868,0.12190405011916
0.836872242775768,0.0982943685989893,1.11412485267464,0.168411518718329,-0.0273354886775326,0.135237778521023,1,-0.0344243768898878,0.187775132324125,0.66880565181716,0.0744204375475153,0.659569798560348,0.079077753155984,0.724823481964277,0.088541739989962,0.430716154163154,0.122509785800641,0.645241767314744,0.123724816828865
0.73058190592587,0.0957303990116118,1.02004078866196,0.161470439972647,-0.0329883026896154,0.114033534802927,1,-0.407527382562018,0.21695776278406,0.69378867887947,0.0814875016037314,0.634653905837145,0.0807246569185928,0.566096100892439,0.0948880669999585,0.516237842190865,0.121429592859896,0.942285822654932,0.109075727080892
0.975528373237004,0.093617226813163,0.842345055805357,0.127513727315175,-0.0381198955006237,0.125026000811451,1,-0.0303484274844897,0.174100092694691,0.784587110151358,0.063308135456092,0.604524872666681,0.0816322374774073,0.52771156372176,0.0959903569205981,0.720966616696492,0.111878617123777,0.539485398869185,0.134538695501863
0.959060538522687,0.0933028638809889,0.86016506653574,0.118222624140502,-0.00627637972864098,0.112194917889101,1,0.131803361058349,0.183881306342814,0.650367548908673,0.0737445758326115,0.549233835571967,0.0732470143684006,0.844250739338337,0.0774617209279197,0.507673540858289,0.10632655445077,0.896621009270533,0.0989358107246018
1.0474372449745,0.0936165272988163,0.882387542623897,0.13381511364171,-0.0194165024905069,0.118453782569864,1,0.0110975538985246,0.172056146790177,0.63022265741557,0.0792610892772493,0.787374803426634,0.0694826731258496,0.440676715744565,0.0992267406187332,0.945536655822676,0.0789101898793425,0.598766515665974,0.137304996809157
0.9436003969525,0.101055167779409,0.869805093064292,0.122392615432243,-0.186866776884167,0.0932566508593114,1,0.172625016973937,0.216281885114669,0.676716793857379,0.0706504315490949,0.612189148064664,0.0758591752821448,0.501255231868669,0.086722879607189,0.703653457692754,0.101441407718588,0.69543155109343,0.110040280374264
1.11086839385802,0.0930752741933567,0.782823408878515,0.109952579328461,-0.0860725526852311,0.116193710126412,1,0.0892124292964494,0.186086301192043,0.706143049680139,0.0731500912497494,0.638887384262754,0.0668309493168396,0.809197134716725,0.075720552852297,0.579722232449314,0.0962474932084919,0.506697575918847,0.141260846511582
1.03295451781415,0.0901762506699739,0.833631709255169,0.122244548046603,-0.0514408381096851,0.10571966589911,1,0.215833979732018,0.180464715695525,0.607519953946006,0.0793874319684405,0.595504741140288,0.0794809227239229,0.768036414010489,0.0767018285535377,0.647207907036742,0.0981134923502085,0.614362825938378,0.111905872177214
0.97806660915024,0.0892215754038407,0.853948518412222,0.126342989172788,-0.153798708301578,0.0993630557451699,1,0.100609558663517,0.169878957556468,0.580417642465868,0.0780130185696321,0.629132576860483,0.076406634709502,0.568947891027852,0.0864645520785759,0.64743086040067,0.098062124415065,0.651888730566776,0.119040368127643
1.15823642367712,0.1024894404933,1.00254110904409,0.142275445537573,-0.150002141068992,0.0976548308796999,1,0.0463149670839185,0.209163308000641,0.622019848420492,0.0774174952451631,0.771638551596573,0.0694804570630859,0.751893274823347,0.0749775009506159,0.585376799528527,0.116663108753661,0.76483457113077,0.12444456526546
1.04408477041511,0.107787999219072,1.27401792889777,0.200308252243256,-0.108568089329783,0.113214544468703,1,0.148903454139299,0.203744594147955,0.66448576632334,0.080888718123603,0.780338221531865,0.0765860432130769,0.701179322931978,0.091774354844782,0.81156697290723,0.106383240405881,0.731264964351548,0.127634391427736
1.00487993027357,0.0957861936497765,1.0479598607891,0.163725667152899,-0.131986743051222,0.107402327162603,1,0.178333939894106,0.185483621809145,0.743785357041839,0.077116475116854,0.729022131423565,0.076347866791018,0.649212891020355,0.0857499122066611,0.830001920636558,0.108220503831237,0.582313284149811,0.127713224791009
1.015135705896,0.086082798647839,0.82095062135445,0.117919804342233,0.0502826736255272,0.112805298522806,1,-0.0102134027016234,0.164819584591167,0.710060608913264,0.067218825799967,0.802173116274066,0.0657376528420504,0.638282771085512,0.0852424162180676,0.594467243751301,0.106445100176305,0.463316288280982,0.137033916535611
0.963652095267332,0.103986383039244,0.997381374581383,0.145255159838975,-0.290299724138018,0.0909757960742011,1,0.153814460892328,0.208696881166423,0.767849078941696,0.0788487870895898,0.69491345403404,0.0789405649440132,0.789764618102715,0.0865030418011803,0.70061261462999,0.102428481085186,0.644891768900975,0.134000011267906
0.964416470706818,0.0975785524005889,0.980027594415661,0.142905227316884,-0.0630273653430651,0.113224079789033,1,0.0925213443419496,0.172141265016044,0.718145627848873,0.0702450850417564,0.514096077331068,0.0896568044424879,0.711601985471464,0.0847483977408885,0.842441897051985,0.0972155212442209,0.559187677673727,0.121785515933881
