"beta","beta_sd","omega","omega_sd","rho","rho_sd","conv_code","tau1","tau1_sd","tau2","tau2_sd","tau3","tau3_sd","tau4","tau4_sd","tau5","tau5_sd","tau6","tau6_sd"
0.893502324817595,0.129726108449809,0.0621132301246854,0.0248670126481442,-0.905924064258221,0.0298445065979913,1,-0.218687563988971,0.282696822310476,0.66179329993405,0.190547940862187,0.678834355894952,0.17154866798121,0.625184093709921,0.170102212823198,0.701441737083582,0.191620665676442,0.598382844577055,0.264644684892205
0.889236772785885,0.134008194922107,0.0492116061630716,0.0200541842443858,-0.872929952791601,0.0403676689138308,1,-0.0795585656076038,0.28125653145926,0.64886718881275,0.165849079754224,0.486203343143581,0.178933050165781,0.63705785412939,0.179017778441802,0.663394358171196,0.189485918032926,0.627354460440678,0.244040874393185
0.976094561760349,0.14383415777447,0.0424170383413517,0.0203168862066448,-0.883877087929588,0.0387058837728047,1,0.27989474045858,0.232878369789603,0.722425539263602,0.176139778188259,0.439363755586837,0.172939679944198,0.714099857809359,0.198056661648657,0.197566501283196,0.202818300152711,0.6348710336693,0.226231855552299
1.23784683559724,0.246189311803694,0.0969838920820881,0.0454304580843012,-0.937684759860178,0.0243274559187304,1,-0.30300031637703,0.384844964295371,1.04699214474476,0.223650040932486,0.852739557218409,0.223754680084462,0.908420284867129,0.216012849582034,0.769864477528184,0.255071379838432,0.737398901597471,0.30938409936002
0.804411225141091,0.114403685443957,0.0416201888105327,0.0171708258278858,-0.859389875509812,0.0399569405041899,1,-0.271638021877336,0.322467887571768,0.653172555446314,0.199708551072301,0.463478830263037,0.158214916809631,0.588977885058468,0.180133145361496,0.53707387775513,0.192091863309653,0.301149115609717,0.252739107050442
0.932559732474669,0.141709062179382,0.0469240439417835,0.0189516484854624,-0.882369849123642,0.0382894493195054,1,-0.270900319913726,0.271860616610483,0.825227528833491,0.129138534272818,0.468680711622608,0.178904396454461,0.677483274167034,0.173176295347835,0.595231577951838,0.232190717447799,0.769953757380372,0.239299846455806
0.999896631336873,0.173704127145379,0.0652674124242042,0.0278885984465529,-0.90555948238903,0.0335524479385458,1,-0.304139632020964,0.325237125953307,0.726285236008001,0.210865652105037,0.865128742557395,0.195290420279811,0.818839544682611,0.195446823081742,0.723432162039345,0.222510188409076,0.836858992521763,0.291783117084445
0.970324361434489,0.12255383844131,0.0457608665859188,0.0176857763306675,-0.89984101789342,0.028153275593605,1,0.0879681649472277,0.294125052591808,0.648293720067327,0.178987240542762,0.64144075962786,0.158268394037719,0.687748291642113,0.170209073441725,0.469420884498149,0.221800880883707,0.799204692474318,0.219296943565016
1.192951555137,0.220369835780714,0.0745163495696472,0.0335340690449722,-0.926300565376119,0.0258540234556904,1,0.262967734661864,0.330185807565839,0.716370455432882,0.198340948685102,0.782365278344055,0.185159737912916,0.952901805520595,0.203474168440006,0.493265456414155,0.25920422313114,1.14055702636977,0.235039616758139
1.16786449789597,0.228572470810966,0.0922330424461083,0.0441755709559149,-0.940362560523889,0.023855192072427,1,-0.440652289471533,0.38592910063271,1.09258299845726,0.219560368975604,0.866306123867671,0.204370522302432,0.709568032178173,0.229831038969542,0.776811876735356,0.253159974063362,1.00398349301064,0.262840409426656
1.02212181632941,0.181888240198676,0.151585039785935,0.0573130147631392,-0.923696427251987,0.0264249130232939,1,-0.328921530871172,0.35515508147837,0.772448753943463,0.211949533848279,0.817244248733501,0.198290311185905,0.810959006081981,0.18108406163855,0.895887556803072,0.219985560141591,1.11888558904728,0.218437565365023
0.760473315678068,0.0973694950030495,0.0419513812763033,0.0162230319440858,-0.865148224010859,0.0358416444913696,1,-0.381762653351586,0.267930570312342,0.676961901035644,0.176784250013793,0.45217811117195,0.15399274502851,0.517942161973364,0.160587947732692,0.401482762568253,0.206288244210046,0.727125837437425,0.218035302676962
0.779219760155628,0.120051553381823,0.0412107879599873,0.0184224982675449,-0.824243155611477,0.0584878618932013,1,-0.457122730015333,0.291524460961328,0.768333746201183,0.162593149496183,0.415528544230247,0.170325590959293,0.537860762966826,0.186625652019651,0.339685976369127,0.215999320047506,0.316395910330374,0.253177588311326
1.20224160579996,0.175392460279218,0.0790812318472526,0.0359321093315336,-0.914648916106998,0.0271240522585535,1,0.0988332280587778,0.299010932608094,0.956630431651934,0.171401705099729,0.781242299287947,0.18111404543352,0.598365241480173,0.186268084926042,0.973849569027363,0.202004083317021,0.67648351879744,0.282293846047583
0.915416097580095,0.112616193626176,0.0581457529414548,0.0222343591695418,-0.86413886741468,0.0338501209710721,1,-0.103835093884733,0.219333542684452,0.56887899862163,0.1425297125208,0.581976493078321,0.142809918417661,0.753082782869687,0.161830717340562,0.584382044153061,0.195330578506509,0.646804845870735,0.274930089991253
0.931093886532221,0.153772987749807,0.0708318289236547,0.030562202246393,-0.856552636238683,0.0457489174761046,1,0.0517197217178436,0.261213660284489,0.605443996278542,0.158596635090665,0.470139174810784,0.184235192179222,0.735443727080195,0.19297037553206,0.836547744288889,0.22806050057369,0.347187378658418,0.288350606053435
1.21109677125838,0.213473116506249,0.0800479196320292,0.0363005176040455,-0.92902863601503,0.0271104536956512,1,0.0558301895866261,0.366645768920606,0.958106917054234,0.187016761469181,0.834294354863289,0.1823134860361,0.452255120180357,0.224227017865399,0.88742396182983,0.239184699174765,1.00649909556548,0.242553226087335
0.882542286067542,0.116793430194836,0.0506640272783737,0.0183522444991597,-0.903586371682581,0.0251287608920524,1,-0.756634412366478,0.277565946317635,0.832461798792725,0.15434081730852,0.731948988456959,0.149187795032989,0.551540925595502,0.147366489635822,0.609541661493905,0.187231698670122,0.460650593743231,0.225240024702657
0.976204159699461,0.121633489336705,0.040876160204384,0.0158706426693077,-0.866274037221092,0.0353366813052522,1,0.28901262450906,0.269359244349464,0.563020886719126,0.175822855859903,0.783843906472865,0.158450233530827,0.548813196799239,0.174072694268089,0.380736420872073,0.205234295809455,0.785575216470642,0.204315852936265
1.08636948234208,0.169815307836249,0.0823816707370853,0.0341275066312395,-0.875212645215583,0.0391346664412644,1,0.171856727075219,0.284568343723335,0.655053210768078,0.213824060683231,0.702749558058548,0.178081979457799,0.770177920091111,0.188798554911282,0.809430122518705,0.199301938607581,0.967735066560083,0.239315614407572
1.01868143857107,0.0990189250657145,0.0401984774323617,0.0175799181473083,-0.895851917493944,0.0248261026449817,1,0.266484365906915,0.231028424855519,0.661160598517867,0.144527886949745,0.655278956726907,0.132467988320339,0.472974312560172,0.154278941249136,0.688488473344272,0.182754293080988,0.727418742734428,0.223312086503097
1.02772655311801,0.186221303051527,0.112660324231715,0.0504971233401274,-0.942673382083729,0.0200262083049467,1,-0.452174769645292,0.339622747065898,0.74321896481856,0.213109483628463,0.800180291035327,0.200729630907412,1.04129400647945,0.193664900677749,0.851911501031303,0.21475801744736,1.23060270278331,0.274724594067597
0.959429748841211,0.158335851588472,0.0686368672619053,0.0284139343054577,-0.911821752240882,0.030984541899859,1,-0.108749059002764,0.289798167945635,0.709883040588848,0.192515706283955,0.507310650620722,0.175382305502822,0.558236128738535,0.221295922796981,0.821519707621447,0.195786226402956,0.785673289338809,0.262152639307775
0.933244413867997,0.133353201796084,0.0512620410856921,0.0201438565908631,-0.894327178916019,0.0300420423734932,1,0.14047785389554,0.265421284909279,0.426637482162011,0.170747306745133,0.631529441700382,0.176126513453956,0.775697920073041,0.157753802528206,0.56368702349238,0.2392225412376,0.693389482097752,0.243860242768595
0.948476797128557,0.127617548513505,0.0617106520059401,0.0259350383511572,-0.894590274554951,0.0304666997221,1,-0.266477738819749,0.324892637283738,0.726981391486891,0.169807197452184,0.62595009963377,0.175468199560639,0.67069453688606,0.191603358723314,0.628345730005004,0.196959686225554,0.820773456213897,0.243335308797359
1.19637451072598,0.210986941072325,0.113189164912076,0.0565899068340356,-0.921289726511123,0.0297780260912458,1,-0.208769464473149,0.300842133271956,1.00516099926988,0.180716609526569,0.84625074006317,0.196126759451412,0.950307431326577,0.226222946384715,0.619954308543482,0.248583374228816,0.623235069174699,0.275575718771349
1.16655067220744,0.180750178864542,0.0635768863347352,0.0246081957867692,-0.924446574259572,0.0203841435800141,1,0.272312621760938,0.297018281645611,0.644332156175332,0.182053155677818,0.904106216694478,0.161777988036563,0.927840827850876,0.162480584511658,0.802221383644472,0.187526187330785,0.219893081959284,0.277039030798141
1.03776386429185,0.138705174814864,0.0542713886752863,0.0213811159173903,-0.897114580281835,0.0265868587646306,1,-0.196813944018133,0.302313065652636,0.82503565984517,0.152997692402147,0.793766669724174,0.159878325861715,0.516616042671151,0.183089087403112,0.824464742460605,0.179069248236513,1.03570260425548,0.232527255050925
0.858545012061467,0.109490853257776,0.0470403322320685,0.0186365136046481,-0.83591269558009,0.0476680147472202,1,-0.370013152177365,0.244480757679074,0.700828240408217,0.166513923044823,0.654975559855301,0.143779923791175,0.603311303168451,0.171113152588405,0.435522907085756,0.18969882548001,0.435474100982633,0.233055828120198
0.837089796680511,0.103070144068881,0.0369205026996126,0.015072666204865,-0.891884471936121,0.026869523698921,1,-0.110940577346379,0.289780870269269,0.681062444701497,0.156331378222834,0.334348829889549,0.158874054118785,0.598555720758072,0.16410665288883,0.751385621044611,0.179082044596547,0.150812791840989,0.308552093032301
0.980491219382375,0.152959372067028,0.0612104073070776,0.0274347821519741,-0.898790512142555,0.031778529356408,1,-0.651650520762329,0.312730096063042,0.855122737060757,0.199957224200332,0.713259455781584,0.187959011725228,0.794035543760757,0.173372139187798,0.805995694391688,0.224807008188013,0.461550404250082,0.272846839818861
0.989130552449233,0.167104791287162,0.058729325024733,0.024469162659885,-0.867619502290778,0.0428435276579441,1,-0.124573797538478,0.292707890914481,0.711659389679598,0.18760555302126,0.851095763776908,0.176417686539805,0.67548384648567,0.182884522409013,0.53874710756262,0.229957716191065,0.712733356641522,0.235246737570523
1.12045248950159,0.208464652659065,0.0761047870085326,0.034063419316234,-0.916671744058997,0.0336110815086649,1,0.366954349312991,0.322888718085727,0.478744809209431,0.237542929818563,0.869806614472311,0.232401161940012,0.866350397026597,0.206893246912211,0.678707682870108,0.22952787929998,0.656488556102437,0.296204171620419
0.939918506872564,0.13585852944348,0.0528598934324752,0.0215234962093913,-0.898169309336459,0.0278832373925581,1,-0.0731229807253836,0.271753748993528,0.789190348769021,0.162657879465898,0.582018361423448,0.18282262239059,0.638971289964037,0.173934988607197,0.931368972472814,0.192166350271593,0.285638931726489,0.296166235850436
1.33229036146205,0.278006300715703,0.120374866991552,0.0576139201840861,-0.94064973444561,0.0238629745168456,1,0.0632861602085453,0.317860937778534,1.0243640687359,0.256298761581505,0.796185586711866,0.213675403517344,0.918108136873562,0.212266875230222,0.974238102162866,0.241932208441734,1.1331451992592,0.285905541387017
1.00808564572966,0.166155393627015,0.0692849594181612,0.0310556626412501,-0.892395796130419,0.0375319155272324,1,-0.388864582178319,0.253259522712139,0.924103484396063,0.178321177435243,0.736075803600486,0.189622700296241,0.605046376699477,0.197148859950558,0.640502121330032,0.212401525898232,0.774771855327477,0.265309879623678
1.05074775278756,0.166974090287413,0.0476226899867148,0.0223235648378896,-0.881516443107712,0.0395831420886415,1,0.108717383664231,0.297156987396965,0.679666161793374,0.202736468777238,0.897701564398209,0.180327076256931,0.746369494169689,0.184812727043894,0.350275931694178,0.226924003590629,0.289214395523822,0.270939024692168
0.911787513770584,0.121975944592609,0.0334702688089102,0.0148891147099028,-0.876779474394499,0.0361781298099653,1,-0.529677572782179,0.368465251729838,0.844598591170086,0.180739519327281,0.756782685862678,0.137710515196445,0.35946461097849,0.188996586385593,0.72737111991445,0.188333877335075,0.421753810934946,0.243626733929588
1.02703201245525,0.128141006482734,0.0685619520017079,0.0255646401581067,-0.907745637368066,0.0231383407965463,1,0.0835401964514594,0.252834002268293,0.751375718900656,0.150080962953552,0.614867070468887,0.140024228418375,0.648152599332888,0.168844427194016,0.930867717552679,0.188593521084641,0.565536415734857,0.245216284052712
0.997521789627063,0.171469050559104,0.0682831543413778,0.029697274135227,-0.893896206066124,0.0369008071537632,1,-0.028445348929324,0.290717136178362,0.691989995323606,0.183472519689188,0.680953026116375,0.191583914797179,0.814318840596369,0.199105244839545,0.389603381259928,0.247225751879398,0.755910997113853,0.246741814521542
1.02977150621703,0.145610621277489,0.042912319116381,0.0184214760342851,-0.896402422671926,0.029309267293707,1,0.21568191607109,0.276084692258819,0.628291347849276,0.198926881726733,0.640931220039205,0.171523656389363,0.841663845139584,0.166331922447259,0.729494965156329,0.193960777828778,0.823233591976361,0.239955048956131
1.05967052939346,0.135379298622479,0.0870760761706891,0.0303455803631869,-0.917629807310629,0.0226759743501393,1,0.0648072095015615,0.251838611569891,0.717138952466185,0.157024809246306,0.622523117780674,0.15459012997952,0.936966104827641,0.153166930909375,0.525953249660652,0.211703184516331,0.753552866627976,0.223079112554627
0.980763386128776,0.143155712099603,0.0795209597457263,0.0301903611303417,-0.867329858204368,0.0418877430048995,1,-0.216337947540724,0.258162715677599,0.743216737260141,0.149358624683534,0.667567275610939,0.16069967189979,0.649880538254918,0.19317452477908,0.883538822929226,0.181085296640357,0.399337414996364,0.29879768387752
1.03602552441339,0.152232752021356,0.0397436871455502,0.0175195931684405,-0.920617844700331,0.0237906567451884,1,0.0441829653727713,0.269642423221481,0.814221775534071,0.170099745140904,0.471351129247924,0.181805734344331,0.823196479578055,0.161516783054256,0.645874967541939,0.198920559587669,0.627516629755253,0.275799778946012
1.23541323009852,0.192981794343913,0.0693073022371573,0.0293183798472909,-0.935919008401023,0.0241708616110142,1,-0.305716066987871,0.362992599458802,1.08705905888793,0.16610399252968,0.772861918725657,0.198955319560559,0.88835548650238,0.190106037933266,0.784672302627789,0.202023900950467,0.78518888835412,0.253513159657355
1.11505531757886,0.196780954171085,0.0597455752903872,0.0291952643795979,-0.922631079018875,0.0286677150913271,1,0.39078237902054,0.313190344809702,0.579174929823103,0.245942338478396,0.970511485731771,0.197258044795474,0.85350889425953,0.220201868907888,0.599606005157312,0.251401747784857,0.919134643782907,0.254188719672864
1.07732125410099,0.167679346818929,0.0864804224341207,0.0337550104909696,-0.899835381769904,0.0353377730850652,1,0.228937914107478,0.244094863734684,0.783049859445479,0.190661475726684,0.515340294880351,0.181507600649156,0.816319385279822,0.209249447882155,0.877225019145282,0.20585374850354,0.736826568160456,0.280092102968988
1.08491686432334,0.133662381033104,0.0521470587562329,0.0186068586436389,-0.91581986144323,0.0210708348979681,1,-0.076949741495946,0.252314653236731,0.71001543387433,0.181222389230297,0.92668378382078,0.150085780964455,0.429002187653644,0.185605771435307,0.870075410095859,0.1824034547567,0.930747169745668,0.22297013414424
0.945640066577858,0.149701592921822,0.0490453542627853,0.021035565833663,-0.894353323177367,0.0347540509171422,1,0.176878127681708,0.267674482817257,0.368118639723579,0.189283617783716,0.794493389132613,0.170749444748011,0.507860246467365,0.200212767663191,0.760917302026893,0.210106996738847,0.546569519777987,0.280139684343582
1.12915496279727,0.189781599711736,0.0477995635004754,0.0228274906909275,-0.894785177674344,0.0358439436699179,1,-0.0346329238144234,0.283492443490671,0.916991843809736,0.17680601259398,0.674730866283658,0.161548666362269,0.463015562959817,0.208008185803047,0.651900536428983,0.227962641736903,0.573904479135019,0.273395920015405
1.14938814946338,0.175613499276866,0.0732217162831253,0.0312062856751983,-0.941840022472082,0.0217043031896253,1,-0.0741869357466065,0.396444375586944,0.917903321657164,0.219011769919226,0.754448108483141,0.189874222615304,0.96494365172146,0.191986063186784,0.781070204671315,0.235751597803282,0.792165375017267,0.267408515114517
1.21444311156795,0.192777968436445,0.0817737207601589,0.0346477097970536,-0.906923607318345,0.0309897189033847,1,0.198446982963438,0.325974164119443,0.7679590045531,0.190472213940839,0.947767670944564,0.176310956497258,0.98913430188193,0.181949951023316,0.737567109579328,0.219979384328619,0.839674876626749,0.222368745905798
1.27681841319183,0.217552917955097,0.0952799361976623,0.0424895826683073,-0.935881544378716,0.0212922188618008,1,0.33737119209336,0.320035856649608,0.945102464974804,0.201459719777127,0.83171622553717,0.187477614656737,1.06943872668485,0.1942095318694,0.619691640638214,0.232773255087744,0.762422874527367,0.285797297186466
1.02131470265485,0.1508366042127,0.04974550698161,0.0210330270653274,-0.914562662702498,0.0284895424636906,1,-0.167680622501799,0.286069399363607,0.800664417620532,0.201464630651036,0.773087465491355,0.173880643336942,0.828393467621107,0.188197053243204,0.446473806881499,0.227743986139265,0.832748762287995,0.227213723863297
0.983381751354535,0.13973533946017,0.0688921526499968,0.0291287175695054,-0.869872104044031,0.0360150195025312,1,0.266840461875369,0.251638969338002,0.733140673870595,0.165735606748819,0.600515749859588,0.172244019708101,0.601019566737738,0.18304630464417,0.67061521410276,0.215879719870337,0.890064399549716,0.247501603652117
0.96870670049626,0.142463866077406,0.0582565849707288,0.0276683585702506,-0.888225831171188,0.035464298944411,1,-0.425198683299661,0.268626267913299,0.946111299927896,0.155742731541969,0.524206272666402,0.181335976283139,0.616599356650032,0.177669277064932,0.766611643870297,0.205010989876086,0.826084800378257,0.264569552786014
1.02231538930208,0.15759205405709,0.0760293930208694,0.0298172369707592,-0.905276459749121,0.0287926625868515,1,0.0834568220583266,0.349380331061782,0.667217392087815,0.1807779017077,0.622120346758092,0.178834294641356,0.969470436566056,0.14934583501472,0.446894356381417,0.23129961136357,0.870227214683399,0.250931304665947
0.848635467571756,0.124617815229104,0.0266561229854777,0.0120876678254242,-0.872739171860059,0.0352541170524955,1,-0.157046104915914,0.233302389304721,0.600206588979097,0.165612150263927,0.604756270295273,0.175547303233821,0.543852836710007,0.179659628211259,0.653928556278397,0.187863052943606,0.356490362626571,0.230617100624465
1.60291107892741,0.376383982015254,0.146102253733223,0.0820009347331185,-0.963364361028478,0.016898782239731,1,0.318567599297988,0.438671861595467,1.12753230700265,0.243452112310728,1.02949359725083,0.236985607909215,1.15470323576439,0.265032508650331,0.996081232372255,0.280610271415039,1.1118823003313,0.290765592867713
0.909032432021277,0.138298220643399,0.0440959599766468,0.0198134158161188,-0.87127890476376,0.0388899068083308,1,-0.0595379017139787,0.263622581806772,0.680789592120358,0.161533211854548,0.525517205877957,0.161036477588278,0.456465681473877,0.168475076087976,0.655460035100241,0.204229992263492,0.557572122728971,0.225307714336682
0.927473001632895,0.151492350640008,0.085343185253039,0.0300746336354796,-0.900709864646209,0.0323317033799372,1,-0.64951233654983,0.333399900727369,0.771897022420622,0.199211902847681,0.712781869129749,0.170346961114241,0.825066034038906,0.167352355865054,0.71678611787847,0.187875108082686,0.823584823469726,0.284749904365537
1.15724759218332,0.165208326739143,0.062319638149752,0.0234654570005691,-0.906989206876235,0.0268800884812591,1,-0.299273036216831,0.288526090640686,0.876910441147221,0.185054431284148,0.896647036207996,0.176940062329424,0.84405205861991,0.160348822884228,0.676469313726563,0.236792095579136,0.820118993656776,0.233502038988656
0.895956916355274,0.169175056420357,0.0590211035458997,0.0294298329228595,-0.904679146131638,0.0321941121627328,1,-0.131435122902863,0.285870079385571,0.661906708144439,0.205846976678734,0.708738949183425,0.192133182629831,0.588548453685513,0.196170951884109,0.824551823880025,0.227162962942514,0.710558587746008,0.292129810846643
0.805942856463861,0.0874890827191162,0.028982155501165,0.0116277117263022,-0.83218261875273,0.0422850461179713,1,-0.0718216591331067,0.29592935810338,0.623553818968289,0.170895971991912,0.292511680957532,0.152276516418179,0.45316584605015,0.162102495180766,0.521916415017924,0.163908114502058,0.396830065076411,0.224808412723063
1.08955146828135,0.170401302551942,0.0626228348501074,0.0278278996671832,-0.914277345111821,0.0250535090035438,1,0.015469149988899,0.316802932182673,0.904027964425559,0.16151504441608,0.628152116468225,0.177041868236141,0.631235809982507,0.200654126362585,0.755913880163281,0.209079412495238,0.971008708680946,0.239685866895703
1.08557177063382,0.192803331867391,0.0781831745594955,0.0348908919032807,-0.907465599356867,0.0325927107755126,1,-0.11246017385333,0.296545463027065,0.861531389262928,0.21657662367573,0.796813649167597,0.179106905670855,0.761098333887985,0.214777507614447,0.840572526100274,0.241962203364324,0.664482845883784,0.277973427783353
0.85565254671686,0.114933362312204,0.0498566200184074,0.0214299842977249,-0.834621649893395,0.0502158423191085,1,0.341138955557684,0.318224317452714,0.355136057078841,0.203356486585373,0.4672365783856,0.156433112979606,0.515377499005876,0.177069983752232,0.407980329667343,0.219887266726157,0.621959083584027,0.217577514734754
0.981857108513959,0.13509353484673,0.0658017911547963,0.0313156299365863,-0.881365643925769,0.034655083772765,1,-0.0841029176849353,0.235790372416422,0.794649756059834,0.142386398084921,0.573168488682491,0.181966362203369,0.75814573620219,0.1750504364795,0.637037342474805,0.205580639941062,0.583098114165214,0.2593906817876
0.928991304264848,0.118825919225071,0.0642793400136812,0.0263632782390069,-0.921757558259104,0.0239867818032617,1,-0.171706125215849,0.296694664749221,0.572848645148447,0.181529262199988,0.640161100773044,0.169127492181025,0.882484274107376,0.164442568407992,0.460681949892349,0.257647369917324,0.740409553864793,0.240667912154954
1.04561430726088,0.16171654676374,0.0543022118737631,0.0246705081848324,-0.92700833247522,0.0247911335676045,1,-0.0147444441840721,0.304664340959684,0.840429631746673,0.183146353600921,0.825181190806965,0.190231413191444,0.664831986711952,0.20738699745662,0.702525579140516,0.213324999702411,0.418761312751344,0.253082708644969
0.949208312302343,0.15146582786425,0.0532388670504923,0.0224169640397248,-0.873532106562294,0.039425028085496,1,-0.0664513688100264,0.288951608051221,0.691771211157047,0.178958211985693,0.649152297445995,0.18598474118152,0.6275959259058,0.183663285762743,0.627353986786081,0.195122106985793,0.753780154513526,0.25216505085984
0.985638503251317,0.11097212683812,0.0536463057578256,0.0228487125897577,-0.893746999136012,0.024429443690761,1,0.0684914232798077,0.272549355644982,0.700145530565254,0.148344181917539,0.728564181273939,0.153544304444369,0.606669566458162,0.144881330547042,0.513726045234342,0.184297086248112,1.1073937574004,0.215652151706164
0.946278053367052,0.145340881194917,0.0502044724343636,0.0212063074726881,-0.889505554024501,0.0366950335542525,1,-0.446978692989806,0.31634152740166,0.845079198240095,0.167980827470568,0.663143782725496,0.162187328407614,0.695728775238878,0.176813113469283,0.617469353807949,0.211248640641423,0.365099673471102,0.246736295668204
0.964202598353058,0.13629307212795,0.0428806807457762,0.0170973140948262,-0.848454739814798,0.0406895974618841,1,-0.0643307360173595,0.220403229138855,0.754595140379317,0.165766544198573,0.580870735604139,0.149809809188751,0.701380394664931,0.167484367020477,0.655158530388899,0.239556761914405,0.409767579517583,0.248054775189166
0.920377665626415,0.132912107198604,0.0486160246969341,0.019025607867358,-0.872855561130305,0.0404016914602519,1,0.147985769072206,0.31097412123854,0.404655474003394,0.215598874818124,0.583947482464587,0.180396723117059,0.64545915552013,0.170546394097445,0.756468751965374,0.16728392172772,0.411240749348312,0.246036049977655
0.792748310196838,0.103282135872221,0.0410993005108376,0.013690292755415,-0.835356718135995,0.0473086033063879,1,-0.200859230629728,0.284179250433106,0.590494317928966,0.159079930933511,0.39926079647051,0.172352117154468,0.575929741257725,0.162363316095268,0.520596494383571,0.187072172660233,0.326123412270666,0.213676192019313
1.17748576519547,0.15255191937938,0.0735445932235668,0.030516557750403,-0.90763614950549,0.0266746598714689,1,0.317193281628311,0.322622756092398,0.585409682517774,0.198531411230006,0.86721444601796,0.167436238411726,0.894783837259744,0.177623717327201,0.557531424863222,0.208667374473847,0.816602756942683,0.237863906919504
1.21921242647557,0.196922164898491,0.0761416927186296,0.0314721912197123,-0.934570379732677,0.0228881831154292,1,-0.25673623944947,0.306411915542436,0.922390855447835,0.219492697329257,0.84284597245998,0.173405093890874,1.00033752420644,0.186507060594587,0.785590340564477,0.216706473712113,1.05759669402389,0.217362281039298
1.14836134183067,0.206025689932215,0.110398180006366,0.0493383720923717,-0.936167862399076,0.0225527481845508,1,-0.467113961563862,0.338559055999455,0.955634645645911,0.203651453235603,0.704619954300221,0.187566048668271,0.855866468036168,0.197337079162687,0.973615940293634,0.194489088126074,0.868666615339486,0.274005338375644
1.11140650272742,0.158498555255187,0.0807304495937558,0.0330079444552399,-0.890314988035873,0.0331411087047935,1,0.301529900250524,0.229350051544872,0.622195478273405,0.198701729544095,0.734077642260468,0.183580838074561,0.820044883670221,0.179884466566778,0.698801938419889,0.205750587930956,0.839614750139878,0.233431994046295
1.0105404887869,0.17178537450973,0.0767797134210131,0.0374195164208009,-0.912049755871489,0.0305524868320765,1,-0.0102602352992323,0.300511792395532,0.719371095316214,0.19130770534796,0.786795081213232,0.184936887650804,0.582893826722706,0.211544443989494,0.887767379995228,0.205172527751941,0.728900442171423,0.283833978854657
1.01102455755407,0.154854770457205,0.0546599579368763,0.0240602718819393,-0.896356981629394,0.0330754558940698,1,0.00730389541836473,0.224505980466458,0.683875798618709,0.16279554777075,0.739875832094192,0.178888814439254,0.714908882980198,0.178085636492441,0.756581954686867,0.213461941137138,0.342204625311258,0.27161748949121
1.00041597688661,0.1392896742646,0.0354295252922605,0.0118354843876332,-0.866056141931172,0.0400495695994811,1,0.273641343175314,0.258182978356925,0.666121145577071,0.134686258962102,0.737260236677163,0.153654007432139,0.435225867748237,0.172836753521986,0.232881487616849,0.215352363600743,0.695759820814178,0.202619116546803
0.859899007514619,0.139458371991813,0.0560318273383431,0.0241672501429453,-0.896022927213703,0.0311851245141901,1,-0.473289212938755,0.318569299812917,0.668167579895031,0.199145967771086,0.579154284532397,0.15394984110053,0.718108798479934,0.163170978172161,0.791387251519003,0.191925053373428,0.63103677711855,0.228051031151064
0.925297112671555,0.105765783474242,0.02978725218567,0.0147201093857936,-0.846400634111493,0.0415779365626729,1,0.393457476458714,0.245181310965185,0.580725334940539,0.189684232549137,0.443536517557269,0.161627527559331,0.610646680176164,0.166053330781178,0.348771334660854,0.20492922238587,0.694264871721724,0.219803966010647
0.963318080067258,0.161344980471719,0.0788042997539111,0.0364274038550945,-0.866953131436011,0.0453388956912406,1,0.360204945259416,0.283796458329202,0.369235089216269,0.21656430750898,0.576139843504757,0.192033160892114,0.752728194920578,0.195431376774871,0.501913314746733,0.231613531354341,0.740780442035072,0.260437568812159
1.2353375956288,0.226580256807375,0.112662763692791,0.0465305310496273,-0.932393523901181,0.0240316959002206,1,0.00311883023169975,0.362242401346372,0.736123980594102,0.190946577908407,0.96718533103744,0.200721140278369,0.938812225287661,0.20610495629518,0.810693408012601,0.236265275694549,0.953728583630872,0.248420031696745
1.14244473725277,0.200003915305663,0.0957361006036538,0.0398205829894492,-0.933167334312959,0.0227121940567132,1,-0.300266052567088,0.335933605951686,1.02016917920378,0.171178120357445,0.57003501784763,0.210915069523185,1.00265543967176,0.190201545685375,0.759254360282304,0.249940386426983,0.871124970303267,0.26590236263157
1.00681563852547,0.162849809543422,0.0774928248129717,0.0312412844432888,-0.902997326074554,0.031796047781402,1,0.0970386314273811,0.322182383528045,0.45972319408529,0.218017894905806,0.905973330872425,0.176527959634436,0.688432200730622,0.209045063952841,0.736711510781911,0.204543701223126,0.857806482386545,0.215868508429479
0.915682655940315,0.101634215945587,0.0257730831459592,0.0108953335493755,-0.86163431425581,0.0336131465602955,1,0.105111577912366,0.260532842145769,0.609392671862324,0.153968234831783,0.664911362305475,0.136461432105736,0.243750290374151,0.17845582926987,0.516528222045866,0.182529547680524,0.403713435406894,0.234679033127617
1.52958068907718,0.310944417606089,0.154794577033948,0.0718069671598338,-0.962704432359414,0.01575126536637,1,-0.27649596036992,0.43354911953386,1.06574555494619,0.272220506375959,1.16789259706536,0.227311933657254,1.00616701030299,0.232261731686095,1.0819638972346,0.239411415205216,1.33533061898732,0.264557468672662
0.933111305558658,0.110492015057589,0.0466188439420621,0.0160461983779445,-0.878098003846191,0.030825627030031,1,0.0597213501023272,0.269703615195048,0.741597876493791,0.156456099478472,0.474045194366059,0.144358195539095,0.53839001639834,0.158506296242101,0.606673967242583,0.181712145648086,0.502995202535235,0.226340742133577
0.744352426935758,0.112582303319354,0.0256840602265043,0.0109803778559638,-0.882656855466253,0.0314146197205201,1,-0.45299392704892,0.199905091473575,0.594765824190773,0.188886764034921,0.366457307411203,0.171992052871298,0.642291085421252,0.172312912575007,0.499906824864713,0.192056594236552,0.506531626596391,0.25594247785072
0.9606625558984,0.143118775240797,0.0648485274845755,0.0254493900188311,-0.896837842267804,0.0328589178170835,1,0.0876712049678898,0.313180223681769,0.599387787271446,0.198436284585409,0.649716461593212,0.200880132113653,0.832981725095639,0.188891848834361,0.593640607641218,0.212096697638376,0.428285247195029,0.240872509081427
1.17778543875857,0.176007459883903,0.105782691336583,0.0394996337584681,-0.906904916543654,0.027126020329612,1,-0.103017642505204,0.305825002245783,0.918057652758103,0.164519880031547,0.797748902563382,0.170530350333747,0.768033968323095,0.17986083149855,0.98638372885097,0.197993899339768,0.868954310454289,0.242900649596788
0.992428134476499,0.20879638123429,0.0884023607561465,0.0460640339181499,-0.917756220905019,0.03532950006908,1,-0.418728391324358,0.342456935149006,0.776590555638375,0.222053279211299,0.785054731393886,0.211853606305311,0.721335532875091,0.217224917300341,0.789998838625053,0.244025134022744,0.643408325680161,0.30888003239875
0.822519503184766,0.08519316615624,0.0302059824390383,0.0115836021901925,-0.853919455892833,0.0346174184456299,1,-0.220082943266707,0.237551336037635,0.568847365015773,0.152517177983024,0.539891895229122,0.154645623005991,0.504384662641468,0.143714018940072,0.494353194787924,0.161559275228375,0.487341024898794,0.229279881047864
0.979236500192561,0.122271875075054,0.0460113973847456,0.0178220466278158,-0.876806687955157,0.0286496552278607,1,0.302077162761087,0.24454194398429,0.448174280785436,0.165000691974868,0.719029617638355,0.156239853341038,0.81830366413181,0.162149285320205,0.462449532413205,0.219108075604295,0.566930006596534,0.217592358790307
1.17617349869906,0.199926978270686,0.0837553724024431,0.0356012333382201,-0.929868605386708,0.0239257422206937,1,0.551803934338533,0.348621752585935,0.675297173838198,0.193402836867712,0.770552283661739,0.200141869610123,0.64455559279653,0.200374852713153,0.994850144624343,0.204654465346236,0.867797551972458,0.252998812440683
0.785983972308516,0.111503192133427,0.0342761493557086,0.0163218031463868,-0.860028825563504,0.0393624786262041,1,-0.178454826341211,0.227992550491809,0.583689546762178,0.156591545850128,0.542046992815878,0.158962081509881,0.417656491655303,0.173733419906793,0.386400287392918,0.216995474938838,0.528508637426012,0.236014066157902
1.08786246119102,0.189048303183217,0.0512726910838943,0.0238862864467935,-0.917352598665121,0.0288749907208455,1,0.488336108246579,0.283685261683694,0.481664188585397,0.213652939500703,0.707790585612919,0.202386861979615,0.796643450044115,0.192127854963181,0.885688976463133,0.22268553088053,0.682635086509427,0.278616786768823
0.816427197042973,0.0966941037566457,0.0478474034217044,0.019026702031623,-0.84567613083959,0.0364294526419524,1,-0.0949449727573271,0.335448853610323,0.549007549617755,0.178306101504524,0.538270105130135,0.151892724611181,0.381926484348294,0.16402537086198,0.414542690319906,0.193425530341349,0.269486120061522,0.218100991705595
1.07851079669886,0.19887012268867,0.069453162414288,0.0303008232833007,-0.91687730864736,0.0306807895236227,1,-0.0192364481852158,0.290903034210312,0.843726620256828,0.232017580920234,0.674417063059219,0.211810905495872,0.814615492026847,0.18973797385596,0.695052074501381,0.223407898817125,0.548476004383948,0.286849892032855
1.0971071617847,0.177635222723642,0.0853194458873058,0.0389924806989737,-0.911908022633147,0.030908407342634,1,0.238847326270373,0.32221369514931,0.69547157161523,0.218619509522968,0.819530537177279,0.181230641164847,0.490182183902258,0.221525693976179,0.737072523474434,0.212484098792609,1.06539243162986,0.231004826080373
1.13333460422663,0.201993311872779,0.0635909055926001,0.0303003681333205,-0.92524954211062,0.0274731851368782,1,0.211269680638165,0.302330271384991,0.654439803341273,0.227182497879184,0.88671412647722,0.202532493472372,0.748484423176529,0.17623705118569,0.772096170971005,0.220719940427912,0.672294116652551,0.257580129247995
0.943702806628728,0.159912883752338,0.0560928192518808,0.0208994628970216,-0.911690882479191,0.0281553666282672,1,0.052048439907989,0.307381085660803,0.674830575498653,0.182254460081457,0.554825199367935,0.173707613863628,0.612272920848928,0.202632183502046,0.673110175856183,0.196135145967627,0.410452556228042,0.280633698942179
0.856500951254953,0.135981279597873,0.0620306867041018,0.0296659694884398,-0.911003224803153,0.0284473803877555,1,-0.554059723582004,0.277655137964706,0.8087274252921,0.163022363761082,0.650159169985828,0.186059977578182,0.582863947668902,0.200302486497322,0.687902917925656,0.213631059069861,0.544498857361629,0.283181231811983
1.05317373682042,0.175164329319526,0.118261305737137,0.0482334651757487,-0.924130714495092,0.0250916880102513,1,0.108163216033269,0.368605195368148,0.889486065434703,0.17051810216965,0.804419110029583,0.195564156928888,0.652632292388743,0.188528788048146,0.828300144337675,0.254442377714727,0.635076269956364,0.277348621060116
1.40083853393031,0.249768731994658,0.0820874759569269,0.0382727522938246,-0.945685711623635,0.019773063176017,1,0.280374522822189,0.313318237412343,0.978466396006058,0.232370203440665,0.906672017635055,0.191559000618225,0.888599492649974,0.224958948811015,1.11338900170962,0.228848745716162,0.896641004937885,0.271959362762095
1.0329692562158,0.133246561938017,0.0613049461136934,0.0250156203312608,-0.887497842534642,0.0341774674448712,1,-0.094719761918821,0.286050375277196,0.883462549156632,0.169032777602159,0.556924111686758,0.174431264707651,0.611942994480013,0.168632112521677,0.674679955291505,0.180508953863515,0.487561022152622,0.256538118434138
1.24321977748986,0.236256195123099,0.11691467712273,0.0608158636525826,-0.947427549608549,0.0207953495805319,1,0.0182993359080907,0.335736292348426,0.934244927770148,0.237903129731777,0.838102402250689,0.240191221801316,0.832386483745293,0.227196388973286,1.03465039349548,0.251904734594112,1.02262489350774,0.289976290034642
1.09093668480501,0.181364335234417,0.0615889015753015,0.027243566741465,-0.924300748121987,0.0255810829601775,1,-0.18589356894189,0.325192337656882,0.922552369461419,0.209274294638033,0.520747166108171,0.184594477064573,0.911344422226205,0.20027662971865,0.718632026987402,0.246594927993697,0.765012795715636,0.250895297067132
0.959481342136959,0.111346778263527,0.0351547181558823,0.0147920112666586,-0.904369051088141,0.0214529574637846,1,-0.0903747392522234,0.242058825008255,0.707312489105455,0.158827858146991,0.627631347411357,0.154670318390458,0.553355353913386,0.165179849718673,0.658605347141157,0.154690839282473,0.665242955980776,0.243346894797864
1.07543887502407,0.154173406533176,0.063135564621882,0.0264190834035871,-0.917041454156696,0.0249542162982794,1,-0.411031809517753,0.271985014362349,0.9368530424844,0.171520387040157,0.737168198512337,0.161203020976146,0.851435970289123,0.16394931694686,0.807701224031803,0.210116502824654,0.701574540546466,0.248239881277449
1.13144429666801,0.177149575601821,0.0744833534285426,0.0305640449974981,-0.928241992655166,0.0237030891529729,1,0.0346441370705378,0.301034306611795,0.575254495833808,0.216219030120394,1.02708188595299,0.162629071647739,1.04727731223102,0.181742357526793,0.792433863878778,0.222678018081182,0.55896616541043,0.292866279458413
1.16517032974992,0.223535863814608,0.0857616613578933,0.0409065596192984,-0.918678139456858,0.0324287522957079,1,-0.0928579718701149,0.306107262425863,0.803065239354514,0.241316610532461,0.897775637057431,0.200615490686917,0.897477529060366,0.227990932312871,0.748261401511922,0.246097314568819,0.798465689556691,0.233326145493364
0.964016902113705,0.152142270285723,0.048442746600141,0.0204656805221285,-0.896370048802989,0.0316765753436068,1,0.195656964433568,0.213150381288576,0.50141802676997,0.1907030674459,0.646966339864986,0.187917326834529,0.687456741515598,0.169261598313475,0.647241962208448,0.193571431254868,0.638144974625624,0.240966293220796
0.954937833298468,0.122873178154855,0.0364010644715313,0.0152107057692747,-0.852886491763405,0.0453899820426954,1,0.18961154626927,0.194670585349899,0.563460231437546,0.163551516255245,0.560106589082763,0.170025245976567,0.789377250787172,0.149636471873672,0.232465396758941,0.184730101540388,0.837605127409456,0.22378975609473
0.908033932133274,0.128136209730497,0.0557197374119001,0.0218801633270242,-0.903175243802529,0.0315668452730866,1,-0.473116458511353,0.281752165443109,0.771216866716741,0.172073592161241,0.501467080166412,0.199982532242885,0.826342196484965,0.171152716699863,0.537456110556801,0.213507791562924,0.800025195553385,0.239715756299259
1.04372395159711,0.158483922221771,0.0686051820327254,0.0281358345328672,-0.916074425993193,0.029635812653096,1,-0.0450198083463034,0.294310322687349,0.815001154209008,0.178525841427836,0.739393223587814,0.19845794613875,0.753131585885074,0.18167303167446,0.590240670581711,0.228200582269801,0.799312759397825,0.246133553178294
0.970754040766065,0.13787689568595,0.0465894594766135,0.0214192787941236,-0.903875456455021,0.0282593905134879,1,-0.294611052413545,0.280518580317735,0.82527190923111,0.161294288319899,0.471778063383679,0.19865503313945,0.794808137366614,0.169924613987358,0.637965754028649,0.205118968085829,0.939460094542683,0.244439808464929
0.999804506144854,0.140545155365246,0.0644897942926669,0.0257606844418524,-0.911003169204005,0.0292895567708438,1,-0.103833456387663,0.220513273998016,0.710958370878646,0.176303594115003,0.673326381357178,0.164901937154664,0.508356199588475,0.192950878996727,0.76754260055116,0.186289241411885,0.599447750138305,0.254652190561528
1.15839841499198,0.223527264327229,0.0884781526559707,0.0442594330319055,-0.927365394855415,0.0338340067309454,1,0.00441733453106969,0.346840460057675,0.906720151992497,0.22636219689482,0.692890122823705,0.247397122955933,0.673070240727679,0.271228662171881,0.719375317789539,0.217916693375209,1.1526200123552,0.280468783490098
0.846034642840281,0.111514966754431,0.0244917160381471,0.0114075005828482,-0.766061422351895,0.0672787182940022,1,0.0915274925058602,0.265847989615004,0.407325633037069,0.216995310495465,0.458717799092895,0.177476563191667,0.555574141773888,0.163248544086092,0.437199341321065,0.192537812200643,0.367789558915161,0.21713261028535
0.922790240930087,0.132675244262786,0.0466007770539961,0.0177235906563839,-0.82689468369938,0.0561227201438682,1,0.104741042878563,0.324290335936495,0.57982938914016,0.205082578770981,0.720179171588668,0.159732382555939,0.414310865776351,0.180291769274503,0.691900087455246,0.185634320934516,0.534232601540994,0.240572451429335
1.15915898169255,0.244660422963993,0.142066454336184,0.0692682505843441,-0.929495817831862,0.0308199750194716,1,-0.251061582281152,0.296258860410113,0.960195578296312,0.216134560120792,0.930723148734846,0.229735773428019,0.817235988846957,0.238929077024963,0.940772825262848,0.243221415586625,0.769994225461448,0.292826459464402
0.928514280999487,0.131884457415705,0.0405459844490097,0.0168214629522447,-0.868350166819279,0.0362677696684274,1,-0.163286352165034,0.225881418465846,0.68847353968257,0.153412729458758,0.759125373220362,0.159116247675841,0.679760800891094,0.169549103002247,0.629296997076445,0.205763666341165,0.0361485962660137,0.301185922230652
1.05744030368204,0.155660488477181,0.0478376864147717,0.0206114082701933,-0.885095573113248,0.0363278810967097,1,0.512792993503851,0.305471633933608,0.659835269762993,0.17979440960667,0.546401425232324,0.160755936511788,0.593919916019984,0.197553428359406,0.730514422789148,0.194740849090588,1.03165487110774,0.220243409272123
0.809631148396294,0.0834795270330701,0.0240862612047579,0.0111546163306692,-0.843191843587692,0.0350518729427668,1,-0.398387153949233,0.227494139071957,0.668153168330448,0.148544878362126,0.693423336904579,0.137777591697696,0.523458159249434,0.143453717520131,0.206456355571415,0.191267542412212,-0.0537727019003099,0.317633321216432
1.01582167448792,0.146724651224866,0.0565050196996348,0.0246808783773727,-0.868072264320088,0.039232527439925,1,0.185773277903944,0.26006998604304,0.740854325549651,0.20502114518244,0.534316862531945,0.180391485997354,0.718053325078074,0.162121612827282,0.6411148541508,0.19697704465692,0.530672069583702,0.222723758472155
0.944570140842336,0.134258634112197,0.0565098123397007,0.0238527378487637,-0.875241739813843,0.0399656624350265,1,0.0508092775919324,0.249526162756705,0.640035283963341,0.18865306537948,0.725872003088908,0.18031087096444,0.682728017164249,0.190264211874617,0.603340842696604,0.223280535835282,0.603845601861114,0.235115491881356
1.11969555594534,0.17148720475985,0.0606492489388886,0.0235285599130699,-0.901069273071218,0.0285904575859999,1,0.1780376207968,0.314779882146077,0.637669863617454,0.192294834483569,0.895396726767217,0.1498678997442,0.663457324422778,0.189924372200373,0.841275441511832,0.194732223091172,0.922750695171169,0.267196135792814
1.02392029766904,0.165088223734564,0.0651851963898617,0.02933419440972,-0.903352328713718,0.0337897818800722,1,0.0926660854406808,0.259694820717596,0.823115012985032,0.231351150545928,0.636054295411078,0.181179459111298,0.618579306912096,0.188028612680293,0.947996756825805,0.198869522221594,0.685593293087628,0.261912709788348
1.1111822854973,0.195504555989702,0.070489178173232,0.0311463198476513,-0.92632113619527,0.0265332679502761,1,-0.0054069807278504,0.291862040492308,0.866530782531442,0.211393624532644,0.670634006797825,0.210309808034026,0.899296503163939,0.179891405128223,0.559019178318191,0.235552380225186,1.34866491268431,0.226996226170241
1.09004081226862,0.177715411201125,0.0630369450924809,0.0292159477712113,-0.922725826423036,0.0258716962603782,1,0.155656899511951,0.335252623665225,0.687252327287593,0.18798709012237,0.613507179447715,0.196896311862312,0.663548358467677,0.184067526158648,0.999102578543348,0.20390175910445,0.983572160277248,0.208055382699861
0.911185484319756,0.100929973733131,0.032866948886691,0.0141096251031628,-0.873471473961042,0.032514674483755,1,-0.0529050238416191,0.250821498497437,0.789481697566843,0.159531205634594,0.475452168023936,0.146119272149912,0.434364272069206,0.162068286606191,0.464879751415882,0.19142736619525,0.115398355081266,0.263672048202478
0.875488540641593,0.1423881002696,0.058946567436092,0.0268716524586469,-0.862013016642481,0.0408144127072613,1,0.279318338494222,0.295338839739921,0.393626174145018,0.197027119400976,0.601502642305395,0.174126480451208,0.639246371090638,0.194970690087928,0.31426336712285,0.216954748222046,0.721822647016855,0.230111073436652
0.960617870047708,0.136066121546733,0.0623874604311725,0.026685666701821,-0.895556293324835,0.0319962956897916,1,-0.125861501499569,0.276374939930318,0.558724426503493,0.189919139689179,0.807664492571311,0.151893748002978,0.703119650038547,0.178533089748346,0.598956217565476,0.22707001912164,0.793640637705284,0.255919592444778
0.831304385427941,0.113921049856163,0.0585517558894247,0.0219931758846629,-0.870128809970825,0.0390868422157273,1,-0.460073907841995,0.346486596745717,0.714517956236341,0.184800543625959,0.64067188987957,0.168204366558961,0.619929860981341,0.161140005393741,0.609941870292628,0.184954789389421,0.61304484471318,0.231052557652443
1.21608264471706,0.252560338177332,0.114308108693019,0.0587489853444156,-0.929965637528398,0.0273282383700237,3,0.125146118871473,0.372173023899294,0.78498673986377,0.233008688935845,0.901792701190629,0.21244638305344,0.92463500890916,0.23838091607635,0.887402250429919,0.259671447677346,0.894333366076342,0.297417608016896
1.11102505788451,0.202289143150654,0.0811728429640708,0.0391711611740437,-0.933493690497295,0.0247484374053069,1,-0.0432867674284653,0.334860732268062,0.813875190475747,0.214660880697276,0.860181163855609,0.188875485270694,0.656055340203584,0.228130978613146,0.736973587232842,0.251960091686012,0.997551315813947,0.306932058697365
1.09757821213244,0.149730566588936,0.0595042116974172,0.0223533854688548,-0.904326076177083,0.0282060183345686,1,-0.302216236817441,0.289130013529017,0.985681145607578,0.156204876536481,0.815814358319941,0.171056949924103,0.4967125189469,0.21649874840061,0.74679425880181,0.182764019687154,0.496866542874006,0.253413191119071
1.09827499866724,0.155458601623222,0.0471299277892964,0.0191493386302727,-0.905505957799701,0.0281164823857622,1,0.574975024153778,0.272655970193933,0.64953782420209,0.180567521239806,0.666178465599382,0.160361013257355,0.711625003732235,0.18501734757407,0.740264579262507,0.193045955431292,0.863500681441399,0.224553098108548
0.946437328621092,0.123016916782609,0.0372307712006704,0.0147606218899285,-0.907245342422598,0.0277531819993299,1,-0.143880821531764,0.330545728937436,0.743254824369605,0.168614529605179,0.568247897359215,0.187088591418142,0.739851789439228,0.14715810740712,0.61116345963921,0.197998675274755,0.611123408335901,0.241394164450291
1.28820612539192,0.262656737583777,0.0665329696122767,0.0339879736663149,-0.934642975770042,0.0274417156297642,1,0.734259180870855,0.416879471100446,0.696914291432336,0.236698934577859,0.843896750798568,0.249758253162588,0.920925626172468,0.225544543673351,1.12494786884608,0.235469468832474,0.265117857873533,0.303513978150181
0.854729114785309,0.103854950568945,0.0438604815790585,0.0172986989458741,-0.87253281085441,0.0342926525323264,1,-0.509823010610429,0.26249648146043,0.717867383288426,0.145846950701526,0.644369196367994,0.156441836775519,0.562622801977216,0.153254694182012,0.528822247898673,0.20110486195961,0.613048939332638,0.220302485207353
0.884112318246969,0.148814441499951,0.0637065279591377,0.0253048965276428,-0.907962946001659,0.0293482456850943,1,-0.113713927912685,0.273897113491482,0.790632640069742,0.196109599762563,0.513998744544215,0.171641838272646,0.657501964354896,0.165625592360486,0.689444512603537,0.227164930297479,0.542363352995982,0.279679069236921
0.828878177428611,0.100231123417706,0.0624242725279318,0.0258361528695189,-0.901256482783087,0.0269670026166071,1,-0.311158114807691,0.244834691967857,0.624134265802977,0.168509813604668,0.64641374624164,0.157241889130114,0.450683848789381,0.179527969184263,0.852666221031675,0.198748784460675,0.657572659893065,0.265173343081176
0.75651119897314,0.0906806689639487,0.0237858760586424,0.0106042129643698,-0.860231335730002,0.0373577396420088,1,-0.067145244686242,0.228369219911153,0.221287106716019,0.193616536636161,0.605579490652,0.148076901495071,0.506800203382076,0.162305866365458,0.392342370365711,0.192858988417585,0.382523890112603,0.21955924789902
0.696719143951737,0.104606053471966,0.0463911087510637,0.0158271544862189,-0.803110019051803,0.0628098814889067,1,-0.122058885270839,0.230165501742637,0.473552670149069,0.165753443568807,0.542671645304636,0.161225750335564,0.264696327451486,0.168576881479243,0.380957837301489,0.202500798118875,0.425496811887601,0.231296712786349
1.0151969636921,0.135047400044164,0.0634722411269396,0.0249407213841854,-0.910078865507582,0.0253264310023087,1,-0.0553998938480779,0.255351400331523,0.68329789186832,0.172115675807483,0.712273207832242,0.156252064544495,0.742620452173611,0.172708905682884,0.70233670930478,0.209629274255267,0.877380334131244,0.237694465954891
1.67265586094099,0.366640035171414,0.2066355388859,0.103611003912523,-0.949817400506947,0.0218271585191837,1,0.357407190706684,0.42423530533617,1.10350726144174,0.253779748642569,1.1415768986814,0.227271238341154,1.11781310601142,0.236507998322043,1.44149959283837,0.284375575562428,0.954335553788925,0.350710589424708
0.956636516164043,0.131277940070995,0.0406409369646701,0.0172019173071175,-0.908983911431455,0.0273830277270378,1,-0.103772816687132,0.26673762886066,0.506311432938294,0.183782445339553,0.798121572847127,0.167727170510009,0.694255628421152,0.180782600104413,0.578995505123615,0.210475926523792,0.75559491376796,0.20822346071981
0.892291061857439,0.116335944190053,0.0380736132574528,0.015902115561859,-0.854418419775175,0.0404518353748793,1,0.0307139216839144,0.238763103334343,0.590960523167226,0.186197586959906,0.472074232750445,0.164120806173992,0.471186133535962,0.170539270265442,0.648136288444917,0.200660512141225,0.519826428314865,0.249201122690515
1.04748633780577,0.185939483256289,0.0597752888073498,0.0287652178379615,-0.905985328627057,0.030097379191117,1,0.00998908441675947,0.358777656560019,0.716021029192004,0.217185245432845,0.715282623997792,0.172959204558393,0.642669429587034,0.188827708513572,0.916795993332691,0.196880342186262,0.764933478258018,0.253587074051142
0.9919919739999,0.155275269026452,0.0587750139402278,0.0256324311664477,-0.894516220419798,0.0317766334241714,1,-0.298818851439854,0.266057315002372,0.662526480768096,0.18104691980266,0.836298571993258,0.160351188864667,0.896309750718371,0.183778527207802,0.602157287763763,0.236404855027116,0.460567154774091,0.2727756024495
0.985907269601669,0.122314712088481,0.0280838183376599,0.0125608720015897,-0.900149601210985,0.0258387327917806,1,-0.0229647753505014,0.255064775250647,0.863354200713209,0.159822487052674,0.472002509281486,0.17054711194793,0.634926410560798,0.164188538813949,0.880741519653984,0.166379130659085,0.319972962523198,0.253213344305742
0.886924902524567,0.112269631129792,0.0377431904225532,0.0160521660108841,-0.852013219977977,0.0397419028120949,1,0.0421007061257205,0.236639084805768,0.539035144810081,0.177159382735079,0.625669214110601,0.137379455296112,0.438167783609782,0.180000406124341,0.572540929247143,0.182135678907037,0.630120408624389,0.228738324353796
0.911958503466634,0.134382662593842,0.0619683053708198,0.0220936750677982,-0.853615847871831,0.0416755272449849,1,-0.1866342875048,0.293661081045498,0.708101403588781,0.173607078463062,0.594236577668785,0.181162301991502,0.707044281769208,0.150125338283485,0.396543023048965,0.208604317049666,0.386044995711674,0.242533785844076
0.88684717986988,0.115217620714971,0.0361761439713003,0.0161663920793068,-0.876585984823053,0.0344281531124282,1,-0.126582051702758,0.230677145675316,0.551736133568715,0.182936008825338,0.64228738943089,0.145245720170801,0.487262824027749,0.1797790167626,0.853546411396448,0.177771443394956,0.25167749739654,0.270643685848506
0.77259340992758,0.117348949192583,0.0580269280042662,0.0226955148372177,-0.830693486972371,0.0512871519213849,1,-0.376178573942825,0.263760993044171,0.609783457861048,0.168248919077409,0.494090114499654,0.173849153057221,0.532547864206305,0.179084542486814,0.55684691407743,0.205544644952559,0.534187362892561,0.267713568892819
1.20395726545608,0.190943528872122,0.105646445225743,0.0424300022883153,-0.92614211057996,0.0241635967326129,1,0.0455886111345844,0.302698148937791,0.842490938558262,0.209299053654298,0.770614707245787,0.180948349519888,0.893436753724698,0.183888302797181,0.855499915754447,0.20707744919689,0.783167184796377,0.265988480560319
0.917404154236168,0.130603897767458,0.0539756457880887,0.0222852951549046,-0.889061332193201,0.0388709439491083,1,-0.358183639248804,0.304622694291635,0.857428987214581,0.193680126224822,0.598687426894081,0.185392567920375,0.531214653421899,0.164322707578452,0.764287049411878,0.199696860086468,0.408329298743237,0.270204620211337
1.04932500439511,0.154696920023453,0.0435651354676237,0.0192006616738025,-0.909291703227972,0.0288525880529705,1,0.297786367625974,0.28957905344159,0.714880312911336,0.191684468316043,0.427482639391729,0.199674380954747,0.709600252390777,0.169278719818963,0.892022801363535,0.192277445880775,0.581941042760687,0.249776945031655
0.89999504898644,0.113399600396213,0.0468449685126054,0.0220823065026318,-0.902522591111395,0.0272997220452921,1,-0.00371081642094014,0.284921940744919,0.452478734642251,0.182125961041195,0.570025355004717,0.15650433103212,0.802046238813209,0.161104301552788,0.53036837053966,0.202292427330529,0.727359074021324,0.218359642482202
0.845329053057624,0.116922677526957,0.0492898063532048,0.0183357347160191,-0.876597518742165,0.0336239815726027,1,0.0437645248416057,0.258634304966909,0.427430746509431,0.176022413957732,0.621634915944766,0.151450743735669,0.590866267433577,0.166993218085776,0.590514738344738,0.187174334270232,0.180816185278472,0.29001972080954
1.1811763320714,0.202028689649585,0.0793608544252944,0.0376589036282067,-0.934946885250082,0.0237887927492093,1,-0.254159799939013,0.330345269349869,1.11709770552342,0.190602187390189,0.559029959901125,0.239525192841423,0.856825490030903,0.179175088699922,0.951916688232389,0.200550618367938,0.795499261345991,0.276804068826483
0.92840161526626,0.113211045527738,0.0228014733352548,0.00900690177035564,-0.874092105647451,0.0301735806630003,1,-0.120497736909779,0.236457994291279,0.71655742459779,0.177091999976478,0.662817834341237,0.141429126709059,0.599467355224111,0.149339394587613,0.383929483674724,0.185034434326576,0.627767113903714,0.24771439128781
1.01185834487997,0.124213693390151,0.0557900481827705,0.023681082455129,-0.870680455984976,0.0330241667506785,1,0.137483389516173,0.218421149938211,0.745673421318738,0.150544709790076,0.628867204670216,0.166328837340073,0.552331141861655,0.173633114181241,0.556766669821886,0.176889814028005,0.748010658898274,0.201752913313579
1.19395008107612,0.18068199515624,0.0866693633234282,0.0341488944736062,-0.920837055863057,0.024478201255372,1,0.195921640289494,0.235591071934071,0.781169423870958,0.199190847415644,0.779116514939215,0.172770050353707,0.902529706718976,0.176741816366451,0.902640118885766,0.204083198926413,0.743397273889578,0.24186280987192
1.22872670425322,0.254869882750276,0.09829103162482,0.0479555521634071,-0.951956171134418,0.0214404244838517,1,0.262971676016185,0.33585707739169,0.77882634923586,0.246567940858175,0.818351183316162,0.243637015644028,1.02099790501998,0.225998255414648,0.974171671176549,0.242468457346553,1.2061797929284,0.268413350262167
0.874180155536394,0.117909555539534,0.0483417669540206,0.0190112363060726,-0.887702650865665,0.0328871939237307,1,0.203997144270196,0.232606830702931,0.531259993020125,0.180996761427599,0.497151189968272,0.184034152256684,0.570524184710071,0.182596069484097,0.765049306418184,0.176310009333972,0.297948795531116,0.267927558794007
1.12532972454871,0.158335114673857,0.070278844558571,0.0295496186000043,-0.903632294807836,0.0298810875108652,1,0.170650430517781,0.250347282055425,0.643423016109908,0.198339370203801,0.913418296561487,0.174179969189807,0.724335340400675,0.188928568596143,0.96006772789893,0.175833717473106,0.471213883508307,0.272697141159208
0.918736908098532,0.129499213308935,0.0635151527986044,0.0239721592406373,-0.876373568423775,0.031760413650262,1,-0.3969088420237,0.348377078165707,0.677991275844076,0.199310767282019,0.726997212790007,0.153199177918379,0.733328608906646,0.17485788338322,0.602182457441825,0.200076848327825,0.612030361005157,0.203030804627306
0.812557090973911,0.115066491502277,0.0345265972244358,0.0148176689899544,-0.841965081665118,0.0494160610826194,1,-0.361351756276082,0.224783958912462,0.693785862869198,0.164792740290784,0.463167368506052,0.17068464841174,0.487137005704164,0.183650315844887,0.467043255673082,0.19819733135858,0.701049008484933,0.231294378727279
0.953269881837588,0.127132401346365,0.0803427041021651,0.0260124195146501,-0.908590223700059,0.0270844051207939,1,-0.210430732150975,0.234946806817855,0.680987678603051,0.203551976914615,0.711368261124116,0.152353103187431,0.67317291740828,0.178712400953376,0.931902444300631,0.179558176547359,0.60818816819379,0.224263148975187
0.909516451883446,0.117765009916429,0.0435247463744922,0.0164010289002682,-0.871965234781581,0.0375493968795119,1,0.320188429881045,0.265327789954804,0.544117923586693,0.190298092392797,0.381332021549275,0.179001431070998,0.577178978485689,0.151110666920622,0.724611924128525,0.199742673459726,0.452134503541136,0.245714549768818
0.793621112239057,0.0891625585425001,0.0406461002734099,0.0139730151035972,-0.841865313092374,0.039916146981336,1,-0.509640087037937,0.23316627540296,0.720012514276124,0.151617499244416,0.604138959821345,0.133082557563016,0.556336988959528,0.155551208094552,0.565749384265487,0.164864274255459,0.425490602260675,0.21997394894097
0.843089763033373,0.115341187545006,0.0443809773446453,0.0179710924295351,-0.888983776008092,0.0332317421619606,1,-0.0450119431160704,0.266089600583642,0.461464575017498,0.197160688499644,0.68822438479203,0.161940203280396,0.496467576847006,0.166331454410784,0.527020611346488,0.189197610525977,0.626150190484892,0.273523031145201
1.07764092804909,0.210827193045008,0.105012487565151,0.05144268033888,-0.919298195127209,0.0321866868923822,1,0.168353816106334,0.352559337444712,0.747169050889707,0.208414404451577,0.712684796916382,0.199305217556834,0.694928992111387,0.225805818759075,0.807320127946603,0.260696240126881,1.0752929958667,0.245185651850317
0.862870854786594,0.0969012634960067,0.0334955407050618,0.0131903807887529,-0.871150545557528,0.0292134013067677,1,0.067427723583572,0.238108685829149,0.492834936953882,0.15620558237586,0.447678229788729,0.148493152674846,0.664228250496263,0.128363350677893,0.652750576644163,0.16795181675089,0.830145977917281,0.219268725244655
0.750610955160941,0.115428273075211,0.0423640701245098,0.0190560941491527,-0.851587629143733,0.0486858563278104,1,-0.295970560486935,0.199302096480766,0.376659110976732,0.170975536885204,0.563272437633047,0.182313821961329,0.659533488264092,0.180149668650692,0.558296058822387,0.216370892642842,0.484869908106546,0.245274171300349
0.918013934489608,0.152227669317052,0.062579222990308,0.0251809417630937,-0.876339936863952,0.0432110534802907,1,-0.149633541526731,0.295748681728244,0.514145115240369,0.207439311588485,0.828311551065189,0.174437485141153,0.64624948487424,0.196729138097905,0.514216149276982,0.203513877540802,0.613700751524128,0.231996389621152
0.812650140063859,0.113770855060997,0.0405176607774518,0.0170408388326262,-0.824883164987803,0.0479369680701406,1,-0.174581094546686,0.253407079624272,0.513586018807411,0.178637831604887,0.767805338912793,0.145108221948171,0.468376702231438,0.1858192229062,0.478099606905068,0.21209552991869,0.420731904396169,0.292222006122821
1.0793524104504,0.155078324710711,0.0888641498870047,0.0323816385098013,-0.911400398179237,0.0267301877622775,1,-0.331828797744315,0.333581763682594,0.780780849037385,0.193263742100939,0.822503734993657,0.17182734708396,0.847052273765335,0.179661989420345,0.976658300612677,0.201405205291213,0.68174190471572,0.234672353913631
0.95654434227531,0.136477285876627,0.0347236978321527,0.0154376247016793,-0.898854644247761,0.0272060075362995,1,0.276669098199834,0.248247734540031,0.57760628352903,0.166501704649145,0.672341232466849,0.160436481361385,0.487980729096066,0.185000316177097,0.680792726356505,0.196085628305887,0.500149461072115,0.22876021552592
1.09881648959861,0.246941115250345,0.122406389082624,0.0624939590679315,-0.937412855500938,0.0275381762934883,1,-0.574984593901212,0.341433877139818,1.06376720493671,0.224707447912022,0.782627302000751,0.241500389583484,0.731841859420329,0.243186114888366,0.947188932392464,0.273183405118108,0.908955766079872,0.28216980653415
NA,NA,NA,NA,NA,NA,99,NA,NA,NA,NA,NA,NA,NA,NA,NA,NA,NA,NA
1.23270061935932,0.159581500433987,0.072004344186875,0.0257369734281336,-0.914269412700647,0.0248430586058067,1,0.0662088986821942,0.285935497814227,0.947656463925702,0.13079344461543,0.949085633821141,0.17111360748601,0.755785565361333,0.178994829304486,0.950672782494777,0.172396009195746,0.251316159941759,0.294805747399071
1.37477620848656,0.279349557618155,0.123679547811903,0.0614192677769624,-0.937809496706326,0.0280289949281988,1,0.930015231300555,0.48649668094871,0.744138064761735,0.228962286802721,0.904399009705658,0.245845284522159,0.970077309003404,0.245685678232477,1.11249590900126,0.233998279729355,0.751839743455084,0.305040533198154
0.887159066605489,0.122039215342139,0.0571672296174609,0.0228205989296179,-0.849919469047727,0.0425263258307966,1,-0.0866886704542074,0.250627345176561,0.720266419906035,0.162142187076223,0.543938509230013,0.169860294673999,0.479262765133538,0.177899523696214,0.559792545998632,0.224384664118411,0.462959767241762,0.225813206722772
1.06885683693335,0.188560104634036,0.0723728410509173,0.0295583599949811,-0.907883111977211,0.0322952000532541,1,0.131419299227706,0.247265571946719,0.550702861208487,0.205933839491918,0.944733385331119,0.184088604535645,0.674967772672905,0.202892282885278,0.531676781265874,0.242308751010088,0.642215267209866,0.263883262455118
0.942708591416014,0.151960021661439,0.0577650775655862,0.0253737801150851,-0.876706495472328,0.037872116557817,1,0.235112562636954,0.276027083824041,0.442367087811862,0.183835694071023,0.715641217674062,0.177708660212093,0.521177623566096,0.191081797235927,0.684697257473612,0.189961496380037,0.802010582277141,0.254187250151943
0.891332428854617,0.112101719131463,0.0271594887899185,0.0129886163741128,-0.837982636181966,0.0438723229615785,1,0.339937533022444,0.215596222720206,0.475667872066031,0.152903352186388,0.49032488192624,0.150711094099846,0.442328015266638,0.151180936308899,0.778899759013108,0.19384713215791,0.407091461399387,0.271475106300319
1.15064956201431,0.14959219631443,0.115893096080159,0.0416484959079579,-0.897981161866328,0.0273208423524203,1,0.170982591893088,0.266952511297997,0.832278825317143,0.156467595442365,0.659682423092419,0.155882006994332,0.839217321537905,0.199486362121501,0.843932466912768,0.189454763296303,0.811983761927224,0.257422508818342
1.08658117210876,0.22800158311541,0.115317376202824,0.0575173910740467,-0.928752784463655,0.0304434322831408,1,-0.249509304149846,0.369685551422052,0.843269581952302,0.231554794201731,0.777031899286732,0.206454950935584,0.821729523832692,0.232424142840655,0.995024536265866,0.255958624182585,0.251030020807238,0.310702714140463
0.964256815326079,0.117692106811572,0.032478926227242,0.0127938915002073,-0.868963424863025,0.0397184996650037,1,0.0737385630730987,0.282226001083151,0.654992091214805,0.171081160553759,0.787808024169559,0.160377436743369,0.502768727508999,0.188679723800996,0.238682352855258,0.215420468170922,0.678440821857446,0.206486411216124
1.05777597076972,0.129855858120609,0.0664226151376792,0.0268085982557233,-0.891517182218644,0.0331911020699395,1,0.177573538095215,0.272128393544798,0.44670290721394,0.201973056572085,0.799157154561622,0.161980947095673,0.773849542960427,0.149247955331644,0.747943114863217,0.200821891629742,0.838474996176834,0.21504593270434
0.972069777460289,0.142073922701093,0.0475329036812814,0.0217137068957101,-0.855984576029653,0.0463288632184182,1,0.429885713376284,0.266753884606883,0.547124388155634,0.186027225971271,0.580850936490965,0.157520480876777,0.642792483173488,0.195300923886729,0.586012321255637,0.212427513854583,0.204822774396882,0.288938436629574
1.1532238172182,0.179952384756295,0.0785242298736591,0.0322942713884209,-0.929218178609788,0.0217845470295317,1,0.477902511081382,0.275066351039888,0.524840025002706,0.186179439823062,0.909008315668209,0.16505057959629,0.521102935073309,0.214438501695292,0.905596186056087,0.198848769598915,0.46668332268791,0.279639126195055
0.770386419698885,0.0902285866914477,0.0376900103120522,0.0158211932549998,-0.878679302295258,0.0309369005352709,1,-0.294232755599602,0.191364499106709,0.650543479128866,0.149438132870637,0.482021055081741,0.136313178361061,0.306115326707653,0.184908658308976,0.510887518687241,0.209406942344654,0.685516454557404,0.228393348065166
1.0914058620102,0.184411222157474,0.103799600089997,0.0484233329432476,-0.922932121660279,0.0294870618507511,1,-0.00776052834905222,0.325764236154233,0.70147633646491,0.205288960714021,0.569419553657363,0.215601005677835,1.06262687638213,0.225364860192228,0.589161043895404,0.250546041138625,0.946267416926693,0.245163265942878
1.3367196318153,0.26106822276772,0.0834179428621231,0.0354265537281295,-0.918691311635688,0.0327257261520596,1,0.613670404762651,0.401082503721836,0.536116095404077,0.2575380248036,1.07496586885837,0.201106981932978,0.63992742600688,0.234503981130333,1.08481163360411,0.244169846214389,0.977738283160268,0.279131656161247
1.05062126359564,0.177048344197878,0.0721897974294059,0.029713789867561,-0.915256836878404,0.0294978329522466,1,0.418850208841657,0.251866277126932,0.547525022657037,0.179026336972944,0.670094722919312,0.19068546374289,0.661200958437863,0.190215058782246,0.639499336081365,0.221645487882918,0.8434656973848,0.222827409488275
1.34858183333845,0.252023545243169,0.1505379709623,0.062830043161927,-0.934579554232295,0.0255787484909603,1,-0.221486363653639,0.392241515851756,1.09742669751773,0.20267481221243,0.973604957948859,0.20827509598189,1.08738180897033,0.194442978079332,1.17414565903612,0.223127192031873,0.947944080456767,0.267161561907061
0.95938112264692,0.158829072056418,0.0732422177567742,0.0348146384252032,-0.859714477868226,0.0484549522064718,1,0.336726439859516,0.25492427112142,0.4582676967152,0.213556347307067,0.571140264983059,0.197358483204319,0.732765291965881,0.173743759460905,0.767337724002497,0.201303900036461,0.773728874102682,0.28768294514695
0.986780617150006,0.110854080308915,0.0394269044458653,0.0157304968926848,-0.875321944753008,0.0296706645077179,1,0.0193450331834019,0.200521106747639,0.716481470463136,0.123711090570275,0.589638057851378,0.156600526557696,0.672968913334121,0.154573154289742,0.719820441831103,0.174001764234552,0.943297317132187,0.215036331922489
0.93203308204176,0.0775715031984235,0.0220276363266485,0.00977218164535328,-0.882609184698459,0.0254624763551109,1,-0.242681964267076,0.203006239965746,0.760665795206246,0.131222399773867,0.45886253312167,0.128137256982808,0.599094610370541,0.149317742649617,0.658648381082851,0.170580041406267,0.4266986933481,0.210647419960934
0.818182032542405,0.083194344049387,0.0440357873896278,0.0147518189118173,-0.862555110055622,0.0321382874322324,1,-0.359735309016463,0.242331527972234,0.639190507129389,0.158619154301785,0.519387902263055,0.120820957618054,0.545373532572812,0.14844366710889,0.590243285822092,0.194135233688483,0.408243200207161,0.259052641358417
1.13419585604409,0.181745175814059,0.0657222181321482,0.0289435226037299,-0.930513642402368,0.0238235178910901,1,-0.199209407580612,0.288713896266573,1.02175627228886,0.165478337828542,0.764120908601101,0.208408547969554,0.813859183051131,0.186129708835863,0.801296691553668,0.231158947286005,0.794535471807365,0.257161262303754
1.06879935953019,0.172440830094536,0.0541494690653314,0.0249251611756052,-0.913360073662182,0.0299876637005802,1,-0.269244337556732,0.329503561198154,0.965500780669062,0.182624087054766,0.723640951555476,0.16903268024412,0.701646268943401,0.1968664859572,0.550955896599732,0.23344061540222,0.955474417950752,0.271843054179281
1.17760403809861,0.179585402686875,0.0823362778505784,0.0375582361723287,-0.91461316997095,0.0284491298455461,1,0.448939049418847,0.285203563433021,0.745859897471333,0.205975124904832,0.648491259785912,0.178246269811961,0.801766610540505,0.207664727125646,0.768354179319371,0.227800880090204,0.933580799493595,0.252842938288721
1.23897002412816,0.189893795450843,0.068712351865513,0.0243346248080672,-0.935689207164499,0.0198549263137482,1,0.112739508747925,0.344605560783177,0.908590486744656,0.174979815061649,0.859762757065088,0.166091168803593,0.784245610808784,0.174433688866341,1.09606601465109,0.20235038298591,0.882403867025398,0.254571856416884
0.992758940569924,0.139759635362788,0.0644724710788988,0.0243768853755369,-0.88247775435748,0.0363695859297733,1,0.125913114563912,0.286907035561082,0.632699992060925,0.178507862714507,0.648395465183488,0.152086492486089,0.456791628532626,0.182770780039623,0.726748741702345,0.181834003526524,0.628161173389879,0.211087911913882
1.0383733884074,0.181924951011599,0.0648538389899053,0.0282446247416831,-0.9077624155739,0.0299899911508934,1,-0.187526555850819,0.307016033380824,0.717647312974818,0.197659949423479,0.890665811912424,0.182761571684462,0.687284854203465,0.201719759326095,0.806344198988616,0.208721206328708,0.817587868791156,0.250021613259264
1.08411268226,0.164982803711483,0.0743008242177812,0.0315296099157093,-0.905480446903354,0.0305171588226306,1,0.0492392227431114,0.314086149280817,0.764268500584852,0.196875376181861,0.584139607017248,0.163794279835246,0.916653230605101,0.170471787403056,0.689213240696959,0.215711129446168,0.804255750135022,0.254769139663781
0.851990795723658,0.0855739558688408,0.0248712992989781,0.00901961132896019,-0.805177404886416,0.0437600743316576,1,0.256819529052014,0.230549012857645,0.494805287641892,0.1504865348657,0.353822822898861,0.152942357552198,0.545102712678985,0.146099281670726,0.535694024046339,0.154925271739555,0.302112480971054,0.273141159836486
0.893369859194312,0.152802798604091,0.0640493471420513,0.0277483108995719,-0.919794208076389,0.0275371651269773,1,-0.556224784898959,0.362026676306345,0.717092797343382,0.223042805251752,0.668597332256459,0.180825345270035,0.719432112509873,0.201727834259166,0.8932134639698,0.233374151268995,0.662307579930951,0.243437402089862
0.918029802650018,0.0922334309597345,0.0458495039083986,0.0179845388843314,-0.860360319136219,0.0324166848109885,1,-0.0570457919338335,0.233001954286703,0.652458975534837,0.135555165392904,0.549978060933988,0.12183301735055,0.600895542811021,0.162042877442359,0.786413593494004,0.147452387704199,0.694020809578161,0.277335745350328
1.12430402664522,0.173298733011306,0.0506094032453557,0.018900430745072,-0.906395055610353,0.0279535372520661,1,-0.129653041573192,0.289086808856632,0.872373605751282,0.217900685366441,0.78401319806569,0.167054918296905,0.847161956292439,0.161415508949677,0.727452778639097,0.208894936589046,0.632734521273527,0.21973424308518
0.889644944754413,0.124903371296441,0.0457586762352849,0.0183963783593333,-0.869888482719877,0.0320399363580952,1,0.16774945418727,0.246672515799759,0.541735674462137,0.164774388384015,0.620027641457248,0.156840996718371,0.768265849410262,0.157916736742968,0.733872897875837,0.192321215719441,0.282524878826911,0.296922630501878
0.970191199664956,0.156224355111197,0.0553463108993208,0.0237277713278938,-0.921526576031988,0.0262271390661899,1,0.149689513226026,0.328905413411082,0.568461032537731,0.207261566425403,0.643123728113744,0.19103993775579,0.687601979914293,0.170360629921231,0.695923296168676,0.210129678503052,0.714540300671316,0.236535613173055
1.42423704954279,0.309343719402485,0.142450302848225,0.0659199781661475,-0.949912188843943,0.0234709395446825,1,0.548576125222429,0.423061183228769,0.994618083045954,0.244792032141763,0.867412685575136,0.235442905043574,0.967972044675638,0.234567393258804,0.843196029036297,0.284733035175933,0.926741333659572,0.280754705382512
0.900574015742227,0.127902616549515,0.0392506112487741,0.0172342506054796,-0.844558709852766,0.0443943443117928,1,0.0642816388989398,0.249287733198691,0.616860082507269,0.184899305719639,0.461289996529132,0.164579761244825,0.375810599414116,0.166778737269627,0.6151808545069,0.181504752871514,0.696953122013909,0.23232410390992
1.00650913387036,0.153473841046373,0.0479001263817738,0.0217347767676533,-0.901520367438752,0.0291232345319026,1,0.233483970538054,0.300541933066408,0.727736462371667,0.175129338213831,0.489063578919981,0.191197125797004,0.803967715269196,0.183614456239555,0.61213033714212,0.212821771262686,0.780367551411018,0.224941080563232
1.06653511579848,0.151325163120252,0.0617833158577165,0.0235030236472372,-0.891847679133476,0.0320671788962252,1,0.316579151790235,0.248593375574461,0.546842098574583,0.190591327836472,0.775374501697135,0.152411329021361,0.776231399701884,0.192395348018042,0.566715830350481,0.200978650018003,0.687121839763338,0.251578893003497
1.39036754953844,0.289737993666307,0.168126247142025,0.0751785576810582,-0.945222995994164,0.0235331468736286,1,-0.185691500939853,0.443939823451751,0.970662529419701,0.251086282060637,1.10915436526526,0.212214898024356,1.09109901746281,0.239601854002552,1.16416771681278,0.235832174914532,0.906232769316514,0.30695415957698
1.0027419043631,0.144650683948878,0.0728423370413453,0.0262088280893291,-0.926284797684794,0.0220445473376087,1,-0.214144569429103,0.251778234102082,0.7106129028824,0.157791359061973,0.698759248840569,0.173576331683829,0.966644487528901,0.196450855205766,0.755244218958286,0.189594575854491,0.565235258537036,0.278807167530635
1.15342737284963,0.220494247113499,0.0684367186977511,0.039585301415356,-0.936333952234986,0.0244095628911445,1,0.395669649791229,0.35455465584556,0.721886719167463,0.233704138017133,0.717932444311772,0.227258086510653,0.766693486120969,0.231796526234414,1.15362117807138,0.229806406401913,0.301581363259228,0.324916817341269
0.810994974674892,0.123650800195407,0.0453663579508041,0.0197993538327943,-0.881762995611424,0.037717447219047,1,-0.370441794874921,0.291199243191272,0.76960584064197,0.183633314577676,0.474649340864626,0.175604888040755,0.538184409676366,0.192803453067679,0.658251044296973,0.196135323957842,0.494960569282893,0.285349765421298
1.18493343760303,0.157791234437564,0.0827788048054688,0.0325355601020485,-0.911147306209504,0.023747472531336,1,0.201702617766535,0.284900191586426,0.673427191259113,0.222583026348304,0.919957791783113,0.164181771385374,0.955426943989981,0.149312712163691,0.803170089031068,0.206569399530689,0.432525834335025,0.305621658528901
1.31044035822211,0.252243526321138,0.127398590544679,0.0607263610262321,-0.94541992178869,0.0206784667543751,1,-0.114610022321599,0.379232355265821,1.1290393383898,0.206019810139712,0.941246411260487,0.186300630527333,0.996928674752428,0.230788911843268,1.03245342443788,0.246345787343013,1.08430450973822,0.295113965035884
1.10829760392703,0.188102932392202,0.0505934310397274,0.0233085561437833,-0.905306197290037,0.0350399133576834,1,0.0381873125736583,0.281866578653412,0.745078140392378,0.202719088088534,0.765831970061508,0.196800312809602,0.625912805049011,0.212461270420439,0.811582490003029,0.2035629182459,0.54031675155863,0.252226533004766
0.980670319982369,0.156129124050237,0.0609686283114586,0.0230957002407767,-0.906573644257366,0.0266454940589291,1,0.306636791693075,0.367362071975133,0.477552229177267,0.194817383788137,0.704189739982971,0.174443087869968,0.697930306500473,0.17529586348133,0.408450824029061,0.209353104200379,0.802673737596655,0.229799238334282
0.895245816778577,0.114178733378175,0.0520276799828828,0.0206418697933898,-0.89527087107905,0.0290889564287654,1,-0.306766505062803,0.311763340554162,0.615481314130841,0.171946314447322,0.712452415575695,0.152615782163691,0.796409545111761,0.156402490730435,0.636143283222449,0.199457259516888,0.37448190632406,0.301335170903472
1.04776437863341,0.18658870001665,0.09101028826796,0.0402811514699718,-0.899782736684514,0.0339709901189551,1,0.0831429697231875,0.348202493738556,0.658283995621852,0.215969134745104,0.720985452519452,0.198442867747506,0.538812309812155,0.199080701689015,0.948896399645466,0.219504614986479,0.443960885241344,0.323576596186193
1.25967000381534,0.205952347418869,0.0756077070830541,0.0331714289454037,-0.920170840774619,0.0283953200325259,1,0.318809892845696,0.296139849115125,0.904345192986966,0.217775844869791,0.654919596684204,0.186865519520452,0.883203086984785,0.19474110112009,0.868710440746512,0.217545473504325,0.969812049365134,0.279126636633308
0.785267360620461,0.103555627847262,0.0322765740414346,0.0140787189768517,-0.792658674818643,0.051560652404949,1,0.134970847584252,0.274735936502977,0.412766723380125,0.174335325073914,0.419953378900548,0.162375831288461,0.441909907639279,0.150305084670117,0.487146752392477,0.188647861138547,0.217265699031769,0.238103432305915
0.862635002383809,0.150111078988255,0.0512807141564274,0.0238109103737114,-0.882748864572744,0.0406766999178416,1,-0.0259927747111416,0.261548411956005,0.615905987133645,0.216643705917934,0.367012317068047,0.20852883445988,0.610697902003667,0.196667261730578,0.664703717103936,0.198829803777434,0.713417247506256,0.259832838836945
0.807443331010404,0.110743039081057,0.0713886508718842,0.0247769009309332,-0.861246581870165,0.0418193670352089,1,-0.742237059956345,0.278855764807073,0.878659187082378,0.166708403427948,0.578966266036724,0.164366494658359,0.604943625075086,0.151636743315308,0.871973453541137,0.187457973231149,0.712050704883931,0.31706792116402
1.2650129440013,0.2327969786539,0.111344152638439,0.051654281415891,-0.946488459542759,0.0212015860139167,1,0.0804500351835883,0.327779400192041,0.799856701915239,0.219311248627568,0.865260907088325,0.219428478185701,0.991960645564518,0.223047463452327,1.12017139642772,0.222790587913309,1.04242023267814,0.28924582908245
1.39512724334221,0.300776205742018,0.153411254365516,0.0775718436654048,-0.95004518282155,0.0211768191408796,1,-0.780956887130703,0.433599888767836,1.23447233629976,0.211097489921999,1.12444088353326,0.210754806037605,1.03596288506536,0.238830329431598,1.19641886427049,0.271263177161761,1.02763003480512,0.271732694836583
0.942210393123309,0.11188848848965,0.0404566870979887,0.0174530499553748,-0.852290725152222,0.0414549875082963,1,0.155218100460296,0.253461219093245,0.488071800374057,0.163738573803947,0.689051985111139,0.142173214151898,0.42392440782233,0.161744143469955,0.500311239013826,0.208727319452087,0.757469142226861,0.20202311395138
1.13489469566014,0.208563965701603,0.0963307566150626,0.0426494561724068,-0.941804040386488,0.0195663070722104,1,0.00241340528781963,0.308273323856904,0.934964155220431,0.226579014878512,0.718294687542759,0.195451760537559,0.853036588968814,0.200079705020217,0.734283542320124,0.229112067793017,1.15820651121042,0.264860668034855
1.08656436720919,0.204268903477641,0.079053134310717,0.0350223687681875,-0.931767980636454,0.0244543771731263,1,-0.269594774611391,0.334542400237934,0.727354866259996,0.168230999818172,0.878317385915854,0.204667161613032,0.935115162498637,0.195650002179802,0.845715690988975,0.225168078605817,0.882492577955141,0.239368671880738
1.12580871362313,0.135308158791341,0.0490871629445251,0.0203148616245628,-0.913725810949822,0.0229998034121152,1,0.694282616971437,0.284862207792191,0.47154738414941,0.179470571741453,0.695172824370807,0.164469356780105,0.704933958711861,0.161490091652583,0.819272289225268,0.183084730268296,0.75872970249581,0.22843592770974
1.34941347817136,0.269571167899388,0.0748585553588642,0.0366517152972264,-0.94157563841621,0.0239427973800171,1,0.630600622261038,0.41407181936427,0.74734049754039,0.219625780708312,0.790192779155462,0.206874443487475,0.862994924115996,0.249989745894541,0.737453435808116,0.252221043558393,1.02594213642475,0.239229693271223
0.998564219475646,0.167646982406771,0.0516618661036269,0.0227455070186759,-0.915662447709609,0.0288975919600412,1,-0.0131374647475835,0.313392281223938,0.643538417324552,0.196469431236894,0.569494258857944,0.194370053727573,0.789763958347655,0.189321315424631,0.804411752457962,0.216351929512972,0.630313735164429,0.254618777887125
1.05064020529429,0.187086706596938,0.0986101012501632,0.0403643041939914,-0.900127926302242,0.0376063924557203,1,-0.40047007073231,0.295073752988364,1.03176342893426,0.178425051228496,0.806707898884225,0.196634756857935,0.651619178750926,0.221215583696152,0.669332919455589,0.246132641322945,0.546465004272941,0.286946942416735
1.28083663435848,0.278409891276377,0.122585204222296,0.0600271991214151,-0.953366268349047,0.0204748830533543,1,-0.07473819749781,0.357719735846785,0.850483545998399,0.251353843031958,1.07054473233757,0.243774093109656,0.980360071691343,0.249578730543011,1.14337601689678,0.244492231897527,1.25329532742382,0.297390395550822
0.930517812946233,0.131378295428002,0.0510946883669158,0.0206017936168186,-0.846328264340726,0.0456945679895092,1,0.353154545449361,0.255811867293766,0.438739754807366,0.196143047136551,0.686484489516526,0.157288586946529,0.550934371644318,0.196818795779483,0.82774185498475,0.195360055966909,0.584317432942966,0.26023303545423
1.03635969082204,0.1541976576227,0.0516521454540087,0.0199927858438761,-0.904118214374658,0.0308968829798823,1,0.274128315619554,0.25705768404334,0.713802628918521,0.142327862014319,0.662124978874193,0.181628510075143,0.768041868882069,0.186644333705172,0.437824491946497,0.229833924063328,0.634901460787309,0.245799370205751
1.10949593640635,0.151215060850605,0.0531709375345323,0.022289103630229,-0.908200525292493,0.0262603048001913,1,0.282799542782405,0.284443877183873,0.610558226708745,0.187023164996994,0.786499523418164,0.17673079424201,0.829383943949652,0.175655551244555,0.706451399005335,0.198092422178045,0.737989895976883,0.249666343835387
0.96982633740777,0.130188080989698,0.0518598623345819,0.0207617344322182,-0.894689838961572,0.0272790928839477,1,0.16040276081256,0.271232587149737,0.46361776575583,0.163112480917156,0.710264767377479,0.155276387915204,0.807417466302861,0.1677561631221,0.813250943769764,0.173907421718062,0.509169675109945,0.271544612106744
1.06495950085216,0.167217817905422,0.0732462697452122,0.0296029766765048,-0.918808884378034,0.0262977530834609,1,0.0397391660135137,0.278115780841508,0.533039943576504,0.213159961169925,0.819388079759728,0.191678083403323,0.887555646950661,0.184673661870679,0.699320517354519,0.207486931574809,0.923330014602986,0.226881195124784
1.03298447477788,0.183710004432695,0.0900458998999771,0.0382469326327124,-0.912702731760279,0.0303725098172333,1,-0.363091931348161,0.359059022647777,0.78497627679248,0.168673948526765,0.688484312354368,0.206353745914275,0.839689428986804,0.211480289984442,0.835051831671608,0.203349927240902,0.821763006689563,0.265872662363667
1.21996963825495,0.164211806145511,0.054181373193228,0.0194871879198006,-0.923564228770082,0.0206151844738736,1,0.229886984965215,0.310491733366474,0.92619702513967,0.156546132202235,0.649996094440661,0.175603251334476,0.751676771526632,0.178787415810408,0.814926596404978,0.196150948618414,0.858850159698785,0.223860851883583
0.922341037271852,0.111589862096978,0.0304039985028768,0.0134861709305374,-0.875761677045809,0.0294373896587392,1,0.231334084949986,0.21745218041165,0.43094952848977,0.199382639643623,0.748209575339992,0.138187053012599,0.337826197513325,0.163691098187555,0.581987017652704,0.161116332525868,0.781897668195366,0.209381856217158
0.930063087790713,0.116585318129048,0.0584074998708982,0.0201530083993445,-0.852836178327349,0.0441117564072829,1,0.117731717647834,0.25418385458959,0.624466190525762,0.146194740287947,0.702199221504298,0.158034178058856,0.425941312800667,0.179854647586654,0.560478633680551,0.205157244362214,0.754951618993855,0.203982535287186
1.00677080443535,0.167013925564282,0.0842032364487475,0.0347853640455424,-0.898025946988843,0.0325300502510366,1,0.189128050628638,0.34219786016344,0.666268730191782,0.196093941458186,0.818916011378822,0.165606307851092,0.537657778999034,0.222878078583091,0.98907275488822,0.209146948970646,0.515127983558239,0.297509551063467
0.93540481794155,0.113998458195275,0.0547686715191153,0.0204734374431972,-0.829462060295121,0.050531294200891,1,0.297350877225646,0.268047949859611,0.536614304233469,0.17891769390124,0.496587842965754,0.162244448143387,0.578761489536261,0.170217298165777,0.593586409342966,0.186601424588401,0.58367605785168,0.230949913364523
0.973921229750872,0.156317940836907,0.068003010462587,0.025706564468384,-0.877952772687826,0.0414343700637999,1,0.093035393468145,0.290130236905764,0.612420093148556,0.203810640980928,0.524317712550981,0.184735434164546,0.767239308864498,0.188915273173101,0.68749752849855,0.206367615802696,0.837819104767878,0.257544604497314
1.28728403838359,0.270296795731057,0.133944135131191,0.0658835375380637,-0.931539399167088,0.0305455581322662,1,0.227757179033539,0.36358700346833,0.91750408211395,0.25356894616735,0.86722071478837,0.22673032955699,1.00411884481953,0.228543310679104,0.890958066024461,0.256956409652326,1.04955332013108,0.277193164534274
1.17313160942259,0.17503471694164,0.0982571959122952,0.0403791550070278,-0.917885518636791,0.0268184654470903,1,0.382629679533584,0.33350528961611,0.463831236455196,0.209898357256044,0.808224006891647,0.177675094156713,0.980029986303334,0.180177743889953,0.79465588440874,0.220087027536806,0.998738329027308,0.234277551865836
0.891749955081168,0.118779381369949,0.0446052127464704,0.0181759221529458,-0.912067807617804,0.0270524774206843,1,-0.251332958644425,0.230306518014321,0.661040845169438,0.175635605086712,0.708598813387696,0.174814972378631,0.567994439567862,0.177722266852889,0.721715775268111,0.186580901720387,0.645286602539645,0.247876690197456
0.98483976162094,0.114913543905792,0.0566886417179142,0.0225396697569981,-0.921042205727513,0.022122786300064,1,-0.210145510307368,0.332669867215715,0.728198542709816,0.186693676541455,0.663575699824118,0.16081057592668,0.772955607564657,0.157807257853482,0.804753168680629,0.187962051462185,0.654942005226664,0.213662704555838
0.931739465223545,0.116424216600896,0.0617273844747615,0.0217446718797515,-0.872066689953162,0.03452060509635,1,0.05412358592087,0.277802021048137,0.725594539154055,0.180791010091843,0.519762100481452,0.161710523899988,0.730645208347358,0.177822862272244,0.576056641386313,0.186455317746495,0.670502080290861,0.239686287647865
1.148244191397,0.19136174227385,0.0711928687062685,0.0306349028762693,-0.940698881353809,0.0193952918173067,1,-0.0194628170258749,0.306401973237749,0.791271500799723,0.213648726110136,1.01870554748477,0.193416169525706,0.827727083518846,0.20369087696178,0.646030928195571,0.20383181432526,0.888651679291158,0.252087933102343
1.02933894757532,0.116671038211352,0.0498464860861059,0.020712347862104,-0.886215594039546,0.0319557896050646,1,0.0905466257766516,0.226752972817563,0.631002860242049,0.192915409444265,0.575873363126298,0.167131311040895,0.557640077774603,0.183926293257494,0.682690559730414,0.185278425324831,0.917958984024144,0.217037230042847
0.962362954362215,0.178222328518566,0.0773184750485894,0.031814488363913,-0.882786765532153,0.0386213564618654,1,-0.0240777608389836,0.281852858111436,0.675431028075565,0.182219640434961,0.687889562937615,0.186424653359729,0.658883974271467,0.207581669424102,0.802917014286797,0.208484792244925,0.653158687147443,0.274043381512411
1.27965210455975,0.172169064558839,0.0600989490020509,0.0262084361951121,-0.939845038411765,0.0186038568355186,1,0.135648733921903,0.313623884203975,0.981524083264813,0.166060980439697,0.845450631289762,0.160093309571192,0.759181796360638,0.178202626270985,0.964500224037343,0.21211243245772,1.02044913459202,0.223789461176291
0.95125252090056,0.0986860884360625,0.0520168505372374,0.0195267673042892,-0.84140683599952,0.0395978831560448,1,0.196294486746368,0.299188391644334,0.546765759549081,0.170400317875937,0.505145566133764,0.17542822671485,0.616677512771523,0.161598364533837,0.573760133571121,0.200445969829051,0.52624530325185,0.222339108475388
1.15387426961844,0.239659640712015,0.110290517842427,0.0484445445351277,-0.930329740418217,0.0255728880244645,1,-0.288674531547144,0.323937921965612,0.925636191140748,0.231494783903068,0.927308595771528,0.21245630716443,0.846824075833241,0.233682501901303,1.04086713191553,0.246156031688408,0.823915374026103,0.31274503444227
1.17263910899508,0.210967411464041,0.0840316170311159,0.0330496382140378,-0.92579527154794,0.0266126229359428,1,0.166933071124995,0.324282704465759,0.887526837824503,0.198263441379062,0.74615378879176,0.205947544071977,0.733984706023233,0.190470420689638,0.883105190663679,0.215953691842237,0.682736066096369,0.260559012681019
0.906106113936432,0.110906961565353,0.0336688507062719,0.0151995558198611,-0.877301087653686,0.0342859986460952,1,0.136480985747681,0.256857686005264,0.467042640002249,0.173868857569948,0.458895367412494,0.147721041743839,0.573919026407626,0.1724464359195,0.85245219760353,0.169142772533478,0.510010789584788,0.276280724394943
0.833663265595797,0.121989765372586,0.0345570898779279,0.01580514689551,-0.884324824633138,0.0332674454194576,1,0.226064873893626,0.246411788915858,0.510785282236514,0.16578885017546,0.497762453725618,0.180386319613403,0.46453215738274,0.198765390765954,0.447560783350271,0.181110386063096,0.442352338380591,0.252336763409799
0.823946853287812,0.100875901952656,0.0498769183905714,0.0184482592691683,-0.837013130931034,0.0388474398242945,1,-0.371487531659534,0.243219089952292,0.641045596838743,0.149379884807957,0.585279132493628,0.149758806383379,0.60457704541316,0.170686924356654,0.501523917145145,0.183526879595987,0.617416969536671,0.234089148223959
0.976229151547667,0.135414648250841,0.0627850398090044,0.0284962648950398,-0.893906173832262,0.0324127163058128,1,0.0742015099846307,0.314379877975679,0.549206238925016,0.208269472873014,0.602212570218418,0.148558035347072,0.785777983498555,0.192460400175752,0.869991541399251,0.205310090020709,0.606344731050161,0.271085931340196
1.12195528558663,0.180649059743564,0.108648051035181,0.0454178338348552,-0.922057583770485,0.0271334620385901,1,0.0209048925609724,0.33723806545533,0.869694877614915,0.207653219362052,0.859910321378208,0.168764704742355,0.635190046775684,0.202029180329375,0.825654570517361,0.207835823650859,1.03642229443323,0.24727260254339
1.30411879042496,0.228783222632451,0.101018642997174,0.0499059255255214,-0.928420960608623,0.0257817627721762,1,0.256103113104632,0.339694728900964,1.05446172952837,0.183812778484418,0.416993623675092,0.222567640007013,0.973278845042519,0.195484316876648,1.00161527427405,0.231886079832769,0.979019069032963,0.26026868575053
0.963476527868693,0.130909129147,0.06542283772814,0.0235487976087428,-0.859604782454735,0.0443140422564814,1,0.119738552018082,0.279084109006941,0.627762142982557,0.164329822684931,0.646569735616586,0.169150600996783,0.699255278464775,0.190411955877973,0.562814543975552,0.204785228165043,1.00510462933304,0.20192628009268
1.09240649354719,0.159128548716227,0.0571114195216782,0.0265408356239591,-0.907246851068721,0.0289793148798427,1,-0.00940706857724547,0.282249910647811,0.663487995475334,0.178828887701319,0.740884450821508,0.163688453963384,0.931608578394937,0.18206832231316,0.440019005116038,0.228709320929554,0.336815730487664,0.251856864037739
0.991237297544719,0.15208363283475,0.0798497602542888,0.0336588688224302,-0.900991245090097,0.0305570141447482,1,0.115517667383596,0.229369457534287,0.715597759938256,0.192844676582586,0.638718236854108,0.176567734567133,0.824005572805719,0.206699742263248,0.503942753158168,0.258783523292624,0.562810095812308,0.27874216718371
1.41502925626116,0.25743902413963,0.0965994569850246,0.0406277882609221,-0.941347484166794,0.0218636086821006,1,0.173426798825366,0.320854788767549,0.848146402247482,0.211298911751068,1.21622404714102,0.178653405951884,0.939446115038456,0.207199810466506,0.791985403390484,0.242435438177472,0.761865099690265,0.286679971153797
1.29850619679254,0.213945288660559,0.0974302825680479,0.0414677435186447,-0.949587614506812,0.018279138023334,1,0.0312119476154241,0.29083866634115,0.87714138398009,0.202160939782976,0.955906570904595,0.182758608946743,0.957331044683525,0.216402572681706,0.915850175909455,0.207774639395198,0.857719452354032,0.294276660431813
1.07323646896166,0.161280641091978,0.0848596935463848,0.0345908629791358,-0.90888842808944,0.0324101864357793,1,-0.273623712689561,0.262297645962002,0.913265779831119,0.169259111541125,0.795097116841122,0.181205153227468,0.669979878033314,0.190951931457871,0.819379594388721,0.213583027392753,0.866377278009669,0.249591990245325
0.835417982932738,0.105524276678896,0.0429984416747177,0.0168026358860912,-0.87567321791588,0.0308761819819653,1,-0.191497458398603,0.274030424688031,0.646642503560816,0.166583223503536,0.606663260158751,0.166872353057775,0.391893522667323,0.177334506040753,0.544761771338177,0.172567023613647,0.497863911158781,0.236676627896004
0.919846309105041,0.172467395627918,0.0653331269767341,0.0293175118137092,-0.903589384889961,0.0344920420963175,1,-0.0893017754827618,0.318904009336955,0.60968385152336,0.218084747481299,0.569091103883425,0.196932934745325,0.549618967011462,0.191754973112288,0.744565029721095,0.215416282342516,0.623391673619188,0.24458989889954
0.997891624223284,0.13278193495038,0.0716406475336017,0.0280707110299642,-0.896372054727069,0.0278394486797375,1,0.175826940264839,0.262423055573118,0.536018558881378,0.200035206553033,0.591179902168778,0.165679307576203,0.835687108454733,0.158478502725135,0.751383826971008,0.181222019480631,0.641337283403892,0.241810015261866
0.895530507961498,0.140573248040365,0.0381789389617335,0.0167053586876723,-0.906481831553868,0.0301015133752923,1,0.12757227792847,0.232618353824504,0.542402245621818,0.201410408818488,0.651811811985209,0.175688113490003,0.818362624829586,0.175389174301542,0.618803213631271,0.238188714883416,0.525797502583317,0.270272873050762
1.15693733922361,0.16126295517303,0.0617330786721211,0.0214150898294089,-0.905282776066385,0.0256274810196844,1,-0.159689851055661,0.253240886896381,0.880792487089432,0.204440247493935,0.859334271766886,0.163363221530175,0.85584818205698,0.173795375505264,0.702100997421234,0.175211022868265,0.91273922740241,0.255134672856086
1.25803746897344,0.206312172257209,0.0732339326613051,0.0337762889414329,-0.931858329109824,0.023663659201206,1,0.417686555230677,0.288039855982993,0.87870466663126,0.183039769409507,0.752961671149579,0.189588472319763,0.844104965802509,0.221558655869971,0.990346175935034,0.21489881178579,0.754167702798596,0.267449564085119
1.05092676740295,0.162397476613436,0.062298702607443,0.0257208333611067,-0.891376111676407,0.0334595735960857,1,0.311977580984513,0.313403271670833,0.605042293034754,0.192655604401537,0.854663973646281,0.200628991831944,0.639049234876893,0.17805797006125,0.817155428642037,0.222801238619313,0.68987343740662,0.247549598879876
0.941936498028504,0.11487576293897,0.0284945094310052,0.0145582824523214,-0.873712112182387,0.0348905756780036,1,0.263744336308076,0.284760357480856,0.54383918603656,0.169324746102153,0.543828774675458,0.152796401248645,0.602892677216698,0.159967557014086,0.598360279603329,0.20707200023337,0.523776308204825,0.24377744423809
1.07604032238629,0.186299975841274,0.0864052134114416,0.0378125359400182,-0.900907222726581,0.0348471706180646,1,0.0180244666942437,0.299580337838888,0.854754713066546,0.198710451391884,0.759859569146379,0.193276856079679,0.593903532452153,0.203472838347902,0.7593258863899,0.20387140275936,0.913860543055665,0.24429987175906
0.8659098172629,0.103515005777081,0.037244515130709,0.0116172341972492,-0.8593323691576,0.0369160072368548,1,-0.0354127949371792,0.248515783075153,0.561924927681631,0.165587602828453,0.647162602584646,0.150554904827279,0.521734908797818,0.15621486595624,0.463234387527063,0.20506886826314,0.506478567503241,0.215293185756244
0.80318808939183,0.155217299719788,0.0562155227082063,0.0244365899470133,-0.891324450547013,0.0412386229500341,1,-0.453502687049677,0.291199531006075,0.653414761282431,0.21286122624411,0.761576485743492,0.179649909728854,0.544981298559367,0.199014987518386,0.503673008007233,0.220343689135894,0.390551133009433,0.266558747444869
0.971444465144317,0.15354214659232,0.0483207457593177,0.0209894729082504,-0.871097312782709,0.0400785818877496,1,-0.262907217245202,0.317413145605393,0.763207879277258,0.191706272768064,0.609466329018446,0.1719178584999,0.76139310647045,0.168333304149181,0.451605546203232,0.218170846662426,0.561129285587299,0.236064041053865
0.901500196872131,0.0984341680541703,0.0408344681044118,0.014853380984788,-0.865190688555283,0.0351327150418669,1,-0.583151307756683,0.29651943470916,0.8970035526313,0.151076220461174,0.626829764958577,0.147262375259446,0.50965080651383,0.180793735276491,0.562747540691007,0.195288907528602,0.683086047721735,0.202775014469292
1.30190971331174,0.218636164514537,0.105203055792968,0.0451956970072601,-0.927153264944383,0.0258140516773917,1,0.537593253575444,0.348924144347336,0.755465686099917,0.215751514493009,0.728711886014924,0.216841013733837,0.942649972349372,0.209281787195165,0.897069055438491,0.207414904275917,1.05098911079646,0.237379896243143
0.919874468053715,0.124721158038852,0.0399973871453375,0.0169107554937486,-0.907087864889928,0.0266392276339267,1,-0.331032533586844,0.2792917662495,0.908292003686021,0.162336329609054,0.501972543873059,0.184451648117271,0.571726930242214,0.154758071846132,0.510225103467825,0.192335988721171,0.488782609781918,0.264001375074501
0.997253833462926,0.143474020053735,0.0439433314650939,0.0176484898971567,-0.872839407659031,0.038058757625398,1,0.134144928932845,0.262281506645567,0.633121560240709,0.153089651056484,0.528260037948401,0.182023699899908,0.742856285069821,0.146805546419775,0.332881507871501,0.206371063161128,0.729717330674422,0.211932197738812
1.15990308314866,0.230596927842168,0.0922189618880383,0.0461273351566762,-0.925453715645894,0.0290411413546822,1,0.457264493603267,0.368117634313032,0.591330080085897,0.219251923160176,0.963479591907563,0.208651622789131,0.64878020502358,0.22990661025843,1.06362970902748,0.225245878942926,1.02083070406976,0.292099309005638
0.983518370708265,0.13867605160999,0.0642534672402733,0.0244984956388414,-0.881130032944779,0.0318473611942598,1,-0.128440648153738,0.222885332864996,0.737040559372059,0.12291810022409,0.557846945258048,0.158958030088555,0.576986329663579,0.158731226922613,0.740726876020151,0.197181113506964,0.42561136252838,0.290335438346598
1.4030230344668,0.281721293040719,0.114759157071379,0.0572719878609056,-0.934355027364711,0.0248384786587469,1,0.0781839548313241,0.348451723057419,1.01320054538423,0.206983790404952,1.07004780158067,0.204474756733259,0.843233253566045,0.231554846500523,0.894615454036863,0.251377874344625,0.768281527241929,0.317847203763069
0.952532527524839,0.130665731592956,0.0663305353154111,0.0242626842927196,-0.898763023818543,0.0292670542078185,1,-0.287641794722473,0.32145357015954,0.547842903616925,0.189622003256303,0.928833936994308,0.163309450223741,0.5234594036539,0.200249376153167,0.652455390542373,0.199767785457721,0.49987979663854,0.234615448939626
0.861226344003293,0.128497002392391,0.0409009555153943,0.0177150441307885,-0.859933929724357,0.0458852008071921,1,-0.0766417619181798,0.227210342219053,0.486732569160123,0.206509785513592,0.698088676362079,0.154293611064087,0.495556485579721,0.188397910959434,0.711887929700141,0.200363350789531,0.755212177870475,0.243256763318926
1.03060331171934,0.171505412265597,0.080938855840645,0.0398280292635208,-0.920748905338672,0.025959677625831,1,-0.0590707976768472,0.295566601143789,0.621161457919426,0.217772071793609,0.901536516051248,0.186002426007179,0.663197533341157,0.200843693025296,0.819927018718575,0.224405973260778,0.910470624400902,0.258311061910743
1.11180654708071,0.159346485366233,0.0584817660005277,0.0224405945141518,-0.895875306430554,0.0336013499598308,1,-0.334553122319254,0.332278782824206,0.936245641719729,0.194566157449577,0.654402762391417,0.194252286221274,0.867888053237614,0.159008187536227,0.600336040518033,0.24222093780686,0.808450129618987,0.204052294898528
1.10851957485113,0.176454408125475,0.0599275655369642,0.0253903164458377,-0.923979603830302,0.0246934888315126,1,-0.643162230316945,0.315017623948798,1.0695961844435,0.194990689846329,0.841380987318204,0.174200496194325,0.813329431818901,0.180239306995746,0.703262579002402,0.211888918080297,0.565255441578835,0.283180369119189
1.17912934634039,0.225601287578596,0.0760273021345816,0.0397528590479362,-0.946588534749429,0.0201762477485697,1,-0.862537735590387,0.393612651343323,1.09084842037814,0.189729114495081,1.00655505970597,0.190764455969195,1.06358444907688,0.199893206000212,0.866263249454516,0.270559290907785,0.763972225853096,0.265854083287468
0.789708948480694,0.110130063567908,0.029761848606688,0.0109963397947167,-0.870659480607245,0.0345432259265502,1,-0.41904590177864,0.26370725482207,0.523077628166478,0.193339948009166,0.62317496065953,0.154147148155628,0.384928643712277,0.172134140604218,0.592117101375424,0.174514891825368,0.269602134389801,0.252180735631627
1.09371992130137,0.172497022062831,0.0601309638116268,0.0242037807762615,-0.904988693234145,0.0331970750347014,1,0.503280637259486,0.29366820599008,0.468635477853353,0.2227810999124,0.675360993413875,0.169309479515802,1.04488565722224,0.180143261737043,0.46952552285747,0.259924623792497,0.561804733007223,0.254207486980202
0.819838421795191,0.111108287852775,0.0331852837353765,0.0152995271308219,-0.848387673253277,0.0454038332958582,1,0.299517821192627,0.236178039372008,0.301168273599812,0.214700068956196,0.359943742734636,0.174072539333599,0.493095804281153,0.166556880669274,0.614631788045965,0.191909348176452,0.342241854498664,0.242868001648643
1.05158505002262,0.181747537132837,0.0628804649095704,0.0279022807045614,-0.887193326396956,0.0329876735389765,1,0.0230073306244007,0.267491260755929,0.698556157977036,0.171588571125806,0.832802037652827,0.171751093573333,0.661703338984119,0.191197540117521,0.665796670662335,0.231958514353637,0.928440838814563,0.247234321822131
0.862666994217223,0.117936587886183,0.0461246268080611,0.0199818743250303,-0.898555539620523,0.031557918395956,1,0.22316374967421,0.268470785433176,0.436911469870929,0.187624190676574,0.540051937394155,0.179291421174051,0.844074788089969,0.157351137067546,0.635405678257251,0.198984712029341,0.718521080986202,0.272228411364074
1.09373118816269,0.207683203493641,0.0701555052821585,0.0326610708331444,-0.931937799421638,0.0255465897193516,1,-0.130651696331685,0.379406774957075,0.88330283785267,0.221511564400227,0.675906276505331,0.216179094688582,0.861842288486739,0.20933228390865,0.763233058561142,0.226415658862684,1.0890467824466,0.2430388092839
1.03610998960542,0.119819449598522,0.0615574996022561,0.0235911643995858,-0.90759419699252,0.0235165110916715,1,-0.385795069753455,0.294317882487428,0.915497471896842,0.185178024079505,0.731077391915241,0.162663444347323,0.693660755545359,0.142159036309512,0.858790558963965,0.17503776716418,0.614354732085984,0.230792144623385
0.772901547167577,0.109905260056068,0.0447228317074747,0.0176302690397554,-0.810904273082759,0.0531787359557287,1,-0.260144625300923,0.241901406555793,0.648870717068168,0.162995478541541,0.44916099691813,0.168852620945366,0.386898053727415,0.180648454719468,0.347637114542608,0.183371789072417,0.190136000190768,0.246330432254617
0.952353465735158,0.123956621590415,0.0429952920971487,0.0163342313022137,-0.894394740423246,0.0313744919723115,1,-0.0123214641497703,0.246683818815105,0.664378084878785,0.186214811572732,0.561086837624687,0.175993231151707,0.741870859424976,0.162684633282124,0.667491068334327,0.187197234108916,0.663923939574264,0.229131808162808
0.913430540717018,0.0993290477530266,0.0368566785345153,0.0133289552478831,-0.85464150662871,0.0296977318873361,1,0.00323181009197435,0.259429823655354,0.586535138619785,0.159072987941319,0.564556510947298,0.131276021347033,0.48185569166489,0.148096218474207,0.727835223371881,0.198723273182684,-0.00481106178606079,0.29540297201113
1.1294850467169,0.184827980781107,0.102877064185999,0.0428481701587865,-0.9117960002394,0.0294070770485801,1,0.502301324643133,0.288593281929852,0.410442046169177,0.235246433225303,0.678182351736707,0.200810715103698,0.81208333847413,0.183395797896235,1.02414302709267,0.196742403474506,0.989912152917754,0.25930652024089
1.11305949556847,0.179684339113954,0.070156234652711,0.0305574464862724,-0.91309100950525,0.0278163695263792,1,-0.159296922795589,0.301558661091657,0.92746854745444,0.17432326429348,0.781346001621903,0.17951237695543,0.617116929598862,0.205845541121283,0.758166089109585,0.23252037331548,0.320414921117075,0.282503842808233
0.864929016716915,0.123223371875535,0.0284416862293807,0.0133583330299453,-0.821517313799729,0.0523130225390124,1,0.427215510363847,0.231802952837652,0.305580918959707,0.183957792807884,0.455750688279449,0.178025468145261,0.452314957925669,0.174900560967112,0.470744499925935,0.202970612784088,0.65410364567344,0.223781119033014
0.931156391451255,0.169438308967271,0.0582799858612332,0.0247274961650379,-0.877203556236405,0.0429300727035943,1,-0.559693807859859,0.301499688622153,0.88251103020374,0.190443703885724,0.564260044257318,0.206676882777701,0.569032652882839,0.164172247471344,0.657329468804854,0.211025170414961,0.625159067477361,0.272077109278648
1.1180393501754,0.149061430831547,0.0578277107354434,0.024390446652249,-0.909070255348243,0.0272537031664557,1,-0.0575127617083493,0.243174954891566,0.742572959487244,0.156693112665932,0.996959260286608,0.160143235914786,0.563054819012103,0.178200972036073,0.751241953193735,0.199101726926162,0.950036335998206,0.216020334245111
0.917200753973434,0.122497252481088,0.0346636690409065,0.0144607609833258,-0.911111404846875,0.0259068733006394,1,0.25758048956393,0.246830177470512,0.626499945837959,0.155291035049045,0.319232822775918,0.194453894076524,0.816080849545295,0.157161115261676,0.442803772757273,0.215269113333484,0.610682784080565,0.246262391903662
0.917912998979259,0.147143297488817,0.0416529755265078,0.0202125851379837,-0.90108731924182,0.0294494025556997,1,-0.224584995907124,0.281756108825633,0.645679018826152,0.17995324185272,0.603625193952073,0.166130734266748,0.93874076126795,0.181201784726266,0.566017787322525,0.203010073866814,0.458259679702518,0.275403363074901
1.15894464445221,0.182463701404469,0.0729225590355624,0.0323521612945661,-0.905324467828903,0.0301138276264962,1,0.303010036194701,0.315188741674113,0.635909065140482,0.201121854232015,0.829425421373568,0.175959731320247,0.892089354140072,0.169397804014518,0.767384821445594,0.214274654562606,0.482909301443647,0.289432167443197
0.935680139846846,0.121466809276945,0.0658697652032094,0.0273631060760053,-0.871788942126701,0.0374453405893444,1,-0.0272639612772986,0.307317030817657,0.735052448832577,0.195782060102566,0.638728111420079,0.188254314918431,0.555005668744189,0.171367145855257,0.767541585983757,0.195330611732128,0.523225878526364,0.264146557313703
1.22206055209759,0.218016479660806,0.0996485193008955,0.0469711682332724,-0.936017688016381,0.0251112727119668,1,-0.364811344910572,0.432319285175801,0.90782017205171,0.215804478472364,0.886037678628896,0.229612880121648,1.05324798011757,0.206023429128445,0.835222382493388,0.239826615665958,0.825997949928389,0.296513985968219
1.41168207763194,0.299751053138362,0.132314198188307,0.0633088207633765,-0.948646133134028,0.0223710259787664,1,-0.0377038946507616,0.413486412316711,0.923898336042825,0.266596390766262,1.13910635138347,0.213891857127649,0.724177160181036,0.240473181716701,1.1575809061154,0.250225616129033,1.08978830562373,0.261930037535622
1.00739786133988,0.156534287285083,0.0650985460945419,0.0255397157084708,-0.908118186940717,0.0313760437402876,1,-0.0510695363709219,0.220002936120647,0.772630423542166,0.216254359423806,0.864960692003449,0.149352740366527,0.311447406459838,0.199930626399066,0.716055178926716,0.205040736601735,0.889443936738365,0.2213090663741
0.989574054990102,0.126662615325027,0.0301524092796784,0.0120180156311775,-0.886976055805798,0.0318280189683078,1,0.285068212120521,0.253298885205919,0.563426964329971,0.179705228089924,0.632107737770778,0.154885160144557,0.710842791254301,0.164689412158753,0.493281740716621,0.174856100588786,0.419247420529488,0.251227994291266
1.07470714327082,0.14593880809404,0.0465949642048141,0.0190310561631318,-0.905057172519667,0.0303270179913665,1,-0.339692430481618,0.246338193894745,0.996188357356618,0.166719192402557,0.707492086076596,0.175857552776547,0.765522965924094,0.190348794709815,0.614268898900185,0.228802024084301,0.763329730299804,0.227677908780539
1.03905072051342,0.132609455139453,0.0461182037767866,0.0203276505736362,-0.897324432576856,0.0316156119778852,1,0.688929999429192,0.266174934852377,0.513636473224474,0.157004339441448,0.590647925392091,0.147097093089497,0.606000497027556,0.182470976010415,0.608593263338802,0.178203169092809,0.407766350449907,0.243515863385001
1.05774384976104,0.189025198394997,0.0506667091622129,0.0247104971441968,-0.910981021337838,0.0340388388176865,1,0.0924436604916419,0.36512867888791,0.740220983316835,0.212351529945862,0.544843030966995,0.219661975092196,0.866958450273435,0.206787877491528,0.932043609012636,0.19918756974177,0.110708436340472,0.298206795252983
0.99868127257237,0.131419186396916,0.0511894472602323,0.0184183309999025,-0.885504838902889,0.0325280436762431,1,0.0346705169314654,0.244912342300853,0.719718525017007,0.18491277177748,0.640371168442724,0.155526541946939,0.593157876107927,0.168695371786493,0.718427639475586,0.178371075031405,0.757155693427532,0.234898858624384
1.27187216123788,0.229113594527437,0.0856075163077994,0.0401836771626986,-0.93152462958852,0.0253575632171787,1,0.883819863361369,0.295890353992768,0.505167509551646,0.224176803186024,0.858183481242475,0.208556175260269,0.811548184558778,0.22874901229064,0.762578820429363,0.230183490227034,0.958314532114361,0.243419857308554
1.07798797858405,0.157449362607473,0.0596345689750151,0.0248904922319221,-0.92160129877269,0.024640470122151,1,0.176501374146652,0.286080620236369,0.723601755002082,0.200229904684787,0.721467522509478,0.163412586201601,0.898650931500171,0.176321807030029,0.722817479588304,0.209750997635382,0.819547283815631,0.255485625979873
0.830441393271135,0.0866978132073075,0.0485839462998712,0.0168387314388471,-0.885688169469867,0.0295450887389509,1,-0.0871831588259944,0.223262996067742,0.780070159803845,0.144432246545936,0.523592462795275,0.135042346183204,0.332655111312678,0.172460969379316,0.542812542054723,0.207698434628503,0.581896580052949,0.223838610755648
1.05217974008231,0.153827396933514,0.048790089564528,0.0216440701858406,-0.921506216523582,0.0243034411874873,1,0.282890161669582,0.266390258064921,0.678232742658342,0.186232082150599,0.577950525074803,0.17476581758917,0.825092392380584,0.177920000830884,0.81131919931091,0.200070168042912,0.728480534822832,0.240620391201326
1.06545087726715,0.127008061830946,0.0872877217451329,0.0322172810495843,-0.907226269632949,0.0241880711731371,1,0.332946523618552,0.30500335801696,0.653041272783121,0.171936092737991,0.702916807667765,0.172718759332289,0.923852029139068,0.142905758166332,0.512761534378713,0.226872806910398,0.810949829755785,0.238807885103823
0.947650650629764,0.125948307268266,0.048028966088695,0.0218790464132405,-0.897647728442195,0.0270554075893323,1,-0.179030598574871,0.263443448921426,0.73053512449809,0.17367160616831,0.683590871632192,0.144377552079711,0.597147101362554,0.166284089984517,0.936817569872504,0.205165956914286,0.677203682480981,0.253633520451604
1.10837164565116,0.179941537972585,0.0575951542960419,0.0264566920643126,-0.914611474848246,0.0281586938967809,1,-0.155858639557183,0.281212828693568,0.90878617395827,0.188018836614646,0.846385218459959,0.177952112812208,0.618227920135089,0.194215250447086,0.75752670691576,0.215435304021385,0.640684888411974,0.272101760215951
0.767351049090866,0.0833168482336779,0.0304026808844867,0.0111707313534616,-0.83796716115338,0.0385018100168761,1,-0.123589299594834,0.192443830880703,0.609930355825705,0.142915112104208,0.395746606516059,0.136257389988872,0.435114984316162,0.15352668539909,0.585281268074292,0.177050681854411,0.325406845901442,0.231098248521152
0.99856947056333,0.137897042912936,0.0591683727579842,0.0247777653858617,-0.915797072136184,0.0223142770914797,1,0.0941171780980661,0.343241501216275,0.677444428967425,0.187757525624135,0.68761138662588,0.144443148468524,0.535214330543338,0.182354712677637,0.799444859146594,0.216353700421831,0.711786539197425,0.241280138779927
0.975527212993867,0.160161250595468,0.0497030575304946,0.0228079934567115,-0.860966097615628,0.0430587701139884,1,-0.0710764845746796,0.239027789118186,0.766415596570967,0.194040484424156,0.59951890945792,0.187235914999112,0.758657605709466,0.184375166957729,0.535129336512734,0.233846780450839,0.356312723474822,0.277868429002833
1.17743691410061,0.177524740479752,0.0834878315759463,0.0378104340975071,-0.919660023745495,0.0253021223005548,1,0.299046900376747,0.343272840179214,0.677918223228102,0.20106695538238,0.827684129248154,0.148627498343561,0.803201608138972,0.195542608514383,0.953535275413098,0.185234337990377,0.734307994276896,0.261663547149277
1.01248842091795,0.126799845936719,0.0485090057221841,0.0159416172857952,-0.883517182507704,0.0341470350831546,1,-0.111285406856656,0.277848283344667,0.836874149041959,0.170090926303434,0.5430295878864,0.166077320034143,0.717296312062968,0.154374082298612,0.481577687329639,0.190145873355833,0.945203256827808,0.229937061144943
1.21641878605169,0.272628114669704,0.0872799275613804,0.0431139989646044,-0.918308518903919,0.037314402960585,1,-0.132615202231665,0.346054482314506,1.02867081448494,0.232684894402201,0.75614294676494,0.228834109092115,0.782083342848225,0.230281649993397,0.850018813680879,0.26325048253785,0.894800919007523,0.302161222708764
1.1642839724942,0.151426084360824,0.0543880978958983,0.021655050364462,-0.926985205900836,0.0211677055944531,1,0.35139690443729,0.307806129170521,0.820477113414324,0.198499540827467,0.89237169868646,0.156508277344956,0.559424809969264,0.170402915034809,0.78662168263887,0.178235861262359,0.693741047796423,0.244750254191655
1.36600707983553,0.26251120949213,0.103175439881863,0.0502793216946822,-0.936810637070475,0.0252327554600327,1,-0.00174720434387544,0.343783922512528,0.858765800430827,0.241179061328453,1.04568790279289,0.211036810265576,1.03083898403815,0.221908287194373,1.057265640572,0.243213034146682,0.743918766435495,0.266826613785151
1.00669028924666,0.127648463765332,0.0499595742558673,0.0201338625901299,-0.906372719231288,0.025011173202336,1,0.0269532300345919,0.233237276702271,0.54289393052576,0.161875054520591,0.773190186287264,0.155371136539723,0.51916273566628,0.183408407705377,0.884978810634429,0.177337947750279,0.877486071684987,0.212280452608999
0.99821915981541,0.175241929035637,0.0721371106394153,0.0337148585861215,-0.915233327765375,0.027428491064366,1,0.00284682138695531,0.310840546841893,0.737636424019333,0.186904520680489,0.845143132594336,0.19643400474051,0.621203047824875,0.206315485172484,0.978828049673612,0.22268211721709,0.636091381344472,0.288984485865448
0.906737010610336,0.16130079836141,0.065249995021034,0.0250900510272329,-0.884808773275106,0.0409925204386331,1,0.0413189282873377,0.214225213626495,0.583323198404054,0.173934643285177,0.65580275385034,0.16385642816921,0.610809681903499,0.218865752797949,0.623892732166714,0.209721494122639,0.534063774256682,0.281375840284722
1.00944171042089,0.151759135592844,0.0706727528761091,0.0297096684307526,-0.882185069425774,0.0356729099789383,1,-0.017962930199456,0.273207836905119,0.67750033602003,0.192746808824871,0.858657560970835,0.160412284763038,0.557425419250044,0.207682715169513,0.862946393577094,0.197424961886565,0.652454982823103,0.276947332072052
0.825463082452614,0.134110772807369,0.0433721019616643,0.019375692048955,-0.869793401226679,0.0439983172250431,1,-0.747747038899142,0.343396563715639,0.904074476752268,0.186375105588015,0.587098934753698,0.17809346788364,0.702984129651567,0.168409686522055,0.20106531468837,0.221042357333924,0.35179019143164,0.276084537785093
0.9170987515033,0.113491282463007,0.036176687983585,0.0169464786937718,-0.863396520723502,0.0384765025414009,1,0.284140215605748,0.233935346490946,0.572021489285707,0.176304684751315,0.474555644326126,0.168897505821507,0.538719067418618,0.168006572816387,0.685424557040471,0.187530423957905,0.660332104203065,0.24835887298461
1.16164405156465,0.176936580237656,0.0851326048420042,0.0329904123093769,-0.897009544944127,0.0337865427321182,1,-0.276638501491817,0.282356277372799,0.986500121470216,0.169107692759192,0.821579069138804,0.168647018669876,0.959335208230951,0.190453071708833,0.637387979438253,0.218602613456826,0.361031737607884,0.282335189337553
1.04402982936944,0.175731816207138,0.0784716737606198,0.0322948934646099,-0.93062119985635,0.0248191026137164,1,-0.379742507457707,0.298339057354024,0.973737076044088,0.194995973297465,0.705501031125877,0.187337067858441,0.770623615874863,0.194787401473678,0.621906858449545,0.239271874728786,0.681093876675374,0.255955088558507
1.15658108820459,0.212688652973119,0.0931061660060395,0.0432186425079431,-0.925523463059994,0.0263940003542117,1,-0.131293634747398,0.308828203967881,0.939692504079796,0.192151826431651,0.879221631204069,0.19891884946272,0.786071940423148,0.205715822225017,0.908049386405393,0.208866995964279,0.872335061114711,0.268249770185865
1.00750191328515,0.121258941568761,0.0599724936973182,0.0219217980200374,-0.889386345419747,0.0279042734997493,1,-0.246772805449206,0.324076521490336,0.836025319290593,0.173645515704875,0.717624081453141,0.168098267154527,0.786773895274649,0.160275895953295,0.862410793627008,0.16533515366858,0.864172785406999,0.181090461839578
1.11038670780069,0.164068752911283,0.0682792086697243,0.0310462898951046,-0.904792829201551,0.0329994488702698,1,-0.106381674758556,0.289805272657395,0.914068268533432,0.172573298667243,0.743417472270974,0.191495711122492,0.650690498738098,0.20141729919786,0.477823525496004,0.21746882811429,0.898159812903813,0.223711536851674
1.05269793301324,0.179678270231393,0.0559690607035173,0.0256902135566747,-0.906436856696774,0.0334134227080386,1,-0.251946127795726,0.325635972592479,0.883245582870099,0.192432232018637,0.813612921986787,0.17697530116159,0.683699815439747,0.20890350719855,0.894554171319721,0.203803520229533,0.307712990944448,0.309335804244337
1.20677596249321,0.180549453117369,0.0755479855900966,0.0287435166271677,-0.929869403446936,0.023334818517987,1,0.20868363622314,0.28460863177982,0.804260916709897,0.210209532352905,0.866459512506611,0.175327091875789,0.795725091682019,0.199725790214628,0.698030414943003,0.211476714594785,1.02432202542878,0.23505189134725
0.910055999588255,0.120370740439226,0.0463608730958135,0.0187799874322891,-0.85350922627369,0.0425418501680218,1,-0.0783472157505246,0.243971496119433,0.698673950228264,0.163048742466758,0.614326034303636,0.169567309729779,0.639735154791792,0.166090636259949,0.258128847062818,0.223930912263286,0.747500643661166,0.243788974441237
0.770577821049857,0.122430072747828,0.0432911887888382,0.0179725138623366,-0.876588499281027,0.0378048775244893,1,-0.307968532692223,0.280281722814045,0.710611669206169,0.167333328493997,0.52845773553564,0.181622705607156,0.431058394464941,0.196732782829273,0.44948258328925,0.208710571988672,0.617653961398994,0.252204847083091
0.891121060053245,0.117491964420552,0.0443180789022374,0.0189949431658837,-0.904938884155797,0.0267290227021319,1,-0.0157768012106398,0.265700974198271,0.571452944483551,0.163906250779738,0.55680500670516,0.163324034016377,0.366049389254049,0.206479454162533,0.886527395857259,0.19273272095452,0.411118580292048,0.240675011791278
1.16186585338867,0.157272660040214,0.0732382898197208,0.0337325754915507,-0.903901747456443,0.0302944694920577,1,-0.0696800211455207,0.279953725344407,0.820551108141958,0.172892602610318,0.900757201252965,0.173653483753199,0.714685653189222,0.202807008221764,0.828066650589652,0.191847133039137,0.882558824835237,0.228300914948493
1.18842360471201,0.199851671179266,0.0941786780455959,0.0351598982109724,-0.928876869773107,0.0243380752297273,1,-0.210815088395728,0.306193943016849,0.844801144519588,0.210141158797256,1.00281823115326,0.180426351036716,0.836511645772409,0.194622643825588,0.567258248863001,0.235463538420364,0.913727523802853,0.234041161734791
0.916911564960248,0.118487600627416,0.04299692904446,0.0191351979208285,-0.8679257315433,0.0379580915989422,1,0.105090131086194,0.243917676163797,0.563836378742255,0.181170882583829,0.6573105891071,0.179402796338717,0.502449939639741,0.159904658902288,0.590828536557449,0.210222495920318,0.508465208389311,0.222660876942516
1.2207705790339,0.185385527752915,0.105616834636242,0.0367688257754359,-0.893965736331878,0.0323281578030678,1,0.0800806805306851,0.328826564648075,0.771077901030152,0.198551379444228,0.967455860150607,0.166640251231515,0.954653873867224,0.179719152224098,0.91024901011755,0.21188602094321,0.614324280793421,0.256908393740812
0.947246260111676,0.137257860390567,0.0500635411881279,0.0220402895048088,-0.849288551660657,0.0506717267925629,1,0.0101857785781922,0.316660385903062,0.615613807452695,0.197068527193044,0.69956352682857,0.176950209881299,0.342480695893397,0.201514440199882,0.488788263677125,0.223297502490902,0.640248769791672,0.212638079756071
0.871813151509104,0.138290028956039,0.0531784378284139,0.0274883230246468,-0.865730274104257,0.045821580588405,1,-0.481406717955554,0.358222234702156,0.739837646796049,0.194595588436096,0.672519180217921,0.166163352465656,0.487815809183341,0.19759203820949,0.534500174289735,0.23553845359218,0.838685571789591,0.236926738892611
1.09031203072543,0.154230824022894,0.0618508969303916,0.0259248574480785,-0.907249766320953,0.0301108810027458,1,0.363349632540595,0.285722593614316,0.72496961683336,0.171952564799686,0.676923855994907,0.193850849478791,0.868437377393647,0.17891351030584,0.690151664018453,0.201990789114468,0.897408028306451,0.253138811357225
1.07463022360788,0.183172451743015,0.0560189262665262,0.0247275360690695,-0.876365122800401,0.0436252366326939,1,0.308269162341539,0.256936280193901,0.748057608079056,0.208645431564005,0.745699135338662,0.181407414644612,0.568680159200442,0.22322049442856,0.412434399825238,0.226280250406177,1.09219117558117,0.28030379697877
1.016986582516,0.142494822121175,0.0550200032805988,0.0226872485885688,-0.906119329181664,0.0275080687287983,1,0.423084306971859,0.225818909520634,0.557306678374207,0.190046321913646,0.728503595067607,0.158005822113691,0.604122149860371,0.17634766658612,0.929433556870225,0.198826941708856,0.864255165323407,0.247277934673191
1.04600760414185,0.179158936389718,0.0938148664928002,0.041698794680637,-0.912264584243384,0.0326170346540061,1,0.195130166217977,0.320812947894416,0.644988965157684,0.231213790954721,0.805191212593875,0.189001552957357,0.664433041360485,0.215017506323011,0.877662398345914,0.249630101634038,0.644297426778169,0.282128559847466
0.993270394194399,0.126108038320076,0.0645197597953795,0.026494742347617,-0.879294073682469,0.0325739283841943,1,0.322205675784419,0.245153934718311,0.471283112628053,0.176040093078256,0.725121399986009,0.147838992032008,0.742629442319053,0.189213579775615,0.64571521971537,0.215796442186638,0.82573070136766,0.229588270222082
0.993307940755866,0.17106002818408,0.0859661290873725,0.0372839100916427,-0.902222357300893,0.0340159990824896,1,-0.195870038543232,0.342188633272338,0.794686844845593,0.190153673945999,0.717867191066287,0.172803035642829,0.541974159554157,0.222594635926015,0.783528644909047,0.205357722746498,0.838646752689932,0.290764156304142
0.893525760156983,0.116189487480414,0.0463809805111946,0.0170806486384792,-0.91041690107504,0.023020114086732,1,-0.406143893125006,0.28932179441919,0.784816439383659,0.168630667553656,0.532615404434317,0.157961626496457,0.611866763519475,0.147934284678109,0.865263648217494,0.17207549297931,0.840046096580341,0.266609860379266
1.01498934725619,0.152560730723481,0.0565804958458344,0.0233391169209336,-0.889919161968332,0.0318490654826165,1,-0.151673350010866,0.292196013373217,0.89469420772546,0.166153447956805,0.525182556014885,0.189839357974108,0.721121370874784,0.184805358293477,0.803402272350571,0.219170709103915,0.255754826808203,0.272851236998158
0.844211861520721,0.11780562662653,0.0266082766147118,0.0112211201330787,-0.899267599323014,0.0275570208885232,1,-0.269343927491608,0.246147244706396,0.643761867109998,0.161718296207678,0.5469931510997,0.176885507138757,0.510975058697691,0.18148548524917,0.68197012279339,0.172172119408718,0.610606008638237,0.190888254209766
1.07088472202036,0.131810414362215,0.0578324075265462,0.0219460955019909,-0.891521226618471,0.0325337273713854,1,-0.0235584089752463,0.265567345469876,0.872613057983771,0.181185254703569,0.602610134731011,0.164390296814559,0.635103584851052,0.180682094881641,0.62589708869357,0.205269447426743,0.797196204207289,0.194406112435619
0.925777122361755,0.129189780047882,0.0382507178660807,0.0150999498970284,-0.875870529417344,0.03711802109162,1,0.488892315986769,0.282466489042846,0.301200420450891,0.203671647276536,0.577429275767178,0.156544696210749,0.698595751133019,0.155564336843301,0.72612950514954,0.187781261772747,0.449998194285336,0.305902491363723
1.11651866620749,0.159092285336979,0.0624414849549875,0.0272572449923735,-0.895230440637943,0.0327713529669203,1,0.297413766577251,0.284479453363637,0.732026623427486,0.182561661395533,0.728329875567306,0.162611396012327,0.919130689025908,0.161538540536577,0.428630106029668,0.222038372280513,0.856030986240896,0.226856000441363
1.00687530198492,0.174816173952041,0.0661296565508255,0.0309394087080843,-0.914781584491477,0.0354328261294796,1,-0.471331334409128,0.318790482775362,0.925998364024509,0.188214717691371,0.723501549332511,0.214185747208431,0.825024337770576,0.204198166791812,0.564456323343751,0.234260252740597,0.564473510732528,0.290571381891534
1.04446013659791,0.136800142131298,0.0557098656487299,0.0239309700919961,-0.886688630393968,0.0351049972194622,1,-0.0442283369127955,0.352415780841101,0.76527399335938,0.183353015025382,0.83587160098445,0.148209480668629,0.419870955425098,0.187371999280577,0.617507366039663,0.193217233225175,0.505515356775379,0.260299739628671
0.962848028778394,0.143450559181652,0.0422506473998997,0.0182886892946506,-0.890039695201307,0.0331871579200567,1,-0.0491833143080217,0.274660448252125,0.608776429633473,0.193570894705827,0.817178054529539,0.139129726075989,0.623294435146517,0.185200364087747,0.354131644583468,0.203362617348802,0.931384395889627,0.253914641005953
0.963612728169766,0.120033909736491,0.0610568302503792,0.0228482935169672,-0.923288945728559,0.0221749316875764,1,-0.0930952439179137,0.284675770166393,0.685664917475293,0.189258352166899,0.793436670133481,0.161578858902039,0.580185366480796,0.172571977645873,0.48911622823409,0.213053195707427,0.473718102007711,0.224265508772126
1.06034007638587,0.13444635022085,0.0507224084155933,0.0162862242189561,-0.898158916550677,0.0285177921897942,1,0.308105023280514,0.27730945965934,0.643108753975934,0.152600166676493,0.644117028850446,0.161625080426806,0.620209813202644,0.186019499182415,0.79430909434629,0.162137855932475,0.979932757176531,0.224005936081367
0.904086515737953,0.128826402654263,0.050463636266698,0.0210948406928576,-0.895614730284364,0.0299519634017121,1,-0.0842597408494848,0.279403211056602,0.630129817885836,0.172975678997273,0.709870144819046,0.154963132023158,0.577536988499307,0.18201975854712,0.104753097915885,0.25074210890053,0.669879511989933,0.198950386466891
0.958091367883531,0.115266890242415,0.0523784078767242,0.0207796687345389,-0.878055045671958,0.0335662943143341,1,-0.0376337852160095,0.241642366405785,0.695548923556557,0.146817070714684,0.67963808192409,0.161235329998528,0.673971008296495,0.152149161975489,0.51402693697358,0.177220096895158,0.249604118677838,0.272321287421361
1.13406589827201,0.205951772753232,0.0565177220996406,0.0283654201295529,-0.932367716083002,0.0268639613650171,1,0.667092799786222,0.31919460393257,0.541118218464782,0.252415779558454,0.683947663129084,0.230207924135995,0.753047733396529,0.196631347285488,0.848998380408027,0.24573926862344,1.02167348498547,0.241003726931402
0.844558366561671,0.100032788091824,0.0290789700107526,0.0135915218777885,-0.902791120563889,0.0246558928572503,1,-0.334482522597437,0.226305149164561,0.564801722470035,0.158506854030398,0.659021588207286,0.140858485461918,0.836825160706067,0.148736659685702,0.340361255887303,0.202536141609889,0.320322613892698,0.281276290992812
1.14824422061637,0.174875896128467,0.0865019139637826,0.0296226375003544,-0.910621228551812,0.0255521618193112,1,-0.358266122508584,0.231376067644828,0.939864496668776,0.160583738158784,0.891569717144908,0.163948368118818,0.740126807697148,0.19307684452917,0.665501283705783,0.215830063264176,0.72201638436931,0.2736159911365
1.04827821772063,0.139128917860342,0.05167374477364,0.0200817758721645,-0.887042665589745,0.0325427760541096,1,0.0376092855408816,0.291012239117089,0.759558666345888,0.168653751915937,0.602436452036541,0.174268771557974,0.628128408389433,0.165549706233426,0.773513708312325,0.193117163861366,0.664337943991201,0.253089183032137
0.914503210954264,0.154181354728051,0.0939057624744338,0.0379377344894212,-0.912825189732162,0.0272346534063028,1,-0.403543089495101,0.260066560674768,0.807195652495598,0.210771940198016,0.575019100746036,0.187186814428386,0.743114288664027,0.174689855125437,0.702190443761594,0.229809907097211,0.763148018768867,0.257828748307949
1.10620936168928,0.14871346617017,0.0460406042530266,0.0165019213031345,-0.889398596020443,0.0351240818696471,1,0.273972733224509,0.238659492296474,0.74844462608594,0.159576114957809,0.65904230091643,0.167099483757288,0.443324135255759,0.197354090556937,0.677135598635484,0.213534717278467,0.590173192100162,0.238048800621917
1.015335471056,0.116169471891373,0.0559208598750064,0.0203092912430022,-0.900354290083909,0.0240196716393804,1,-0.171304613051486,0.264187968451517,0.78117137522131,0.145659716605138,0.662596665659065,0.154662234424552,0.846602227729111,0.149138601568836,0.799711371389828,0.18548373729623,0.610020478749652,0.224471264637517
1.13796722405435,0.192700179339891,0.0801202647796521,0.027984861602782,-0.928188982611276,0.0246670820597662,1,-0.450957583373126,0.330359778275639,0.989009351782028,0.202505526494305,0.911849887485369,0.185499123984309,0.86887727166696,0.170308390593614,0.71564138723698,0.218004601904633,1.0557400978184,0.239055535310972
1.06963918512651,0.135563476720079,0.0613308030240943,0.0253225336355449,-0.904733193350536,0.0289752603186224,1,-0.342308496200439,0.280739020798525,0.897094514469282,0.163037803884002,0.860882058629478,0.155356734883806,0.745302084289302,0.180009769284399,0.707702812582541,0.174350108688976,0.708400872706123,0.256997811446574
1.02059165040998,0.15191385871766,0.07633855324278,0.0316876139875966,-0.88858368908844,0.0344122569817252,1,0.12642960838221,0.349974146794265,0.658510941142455,0.202165276928503,0.582669208354238,0.184439620610912,0.83981113479341,0.172194816925084,0.767918171499458,0.215843081374643,0.673145367600648,0.253687640693579
0.940225320316251,0.110609107758898,0.0373720194872597,0.0158425143188465,-0.820127456385947,0.0430824343207252,1,-0.0148713874048752,0.248898430079209,0.706530201599685,0.159575458909434,0.566413506764246,0.141036849279005,0.638574021913486,0.148663353699605,0.631800507232803,0.201905474575295,0.646887887171868,0.24074094762145
0.999394061425318,0.153471079516394,0.038543657315209,0.0133403223060466,-0.893043811019976,0.0334573775428347,1,-0.453835764781598,0.272434830159361,0.883777968278916,0.155110895116162,0.754934017842362,0.164285296901105,0.771597784571745,0.186125655608388,0.884729360933366,0.186564688988148,0.570250910358159,0.279395823244905
0.976851572433257,0.155572202401338,0.0595942898563025,0.0225492955488598,-0.903857388005332,0.0302002308115263,1,-0.0646878963613461,0.280727042957336,0.662031363613075,0.202928399200788,0.670084713872691,0.159832519154268,0.736537554340842,0.185228283687347,0.779410862945584,0.214337241895001,0.68227030800227,0.247134931872732
0.879531139993763,0.130507284555603,0.0526848473466393,0.0193236461349887,-0.884038270334481,0.0353269631521073,1,-0.286451650255934,0.252094753145227,0.749455716862156,0.189300208350727,0.618083520363677,0.18081457761757,0.647035233694916,0.163028327872478,0.389051053912306,0.204913771062015,0.549653128683651,0.274189434081895
1.25777723874769,0.21577167072938,0.136570334056909,0.0627646561258834,-0.930829173861675,0.0234625912304224,1,0.206759015116652,0.282735924311102,0.847765622748462,0.173539755163412,0.961468399462946,0.171089944425525,0.9697609013734,0.191885955494543,1.00907246595885,0.215167573756344,0.582314109464718,0.297128499736092
1.14449493673793,0.187225612469559,0.093971489616458,0.038690476233357,-0.920029784819811,0.0268757223094695,1,-0.0423075673641467,0.42911708603204,0.788895246163157,0.212919216696828,0.739858146655458,0.186838306155013,0.95453849091116,0.172097853453082,0.846461988569891,0.194953280381029,0.656441975278153,0.271189997427044
1.0655686424827,0.196144351408944,0.0754603910652376,0.0302144366213004,-0.930424722810083,0.0262722432097222,1,-0.256670896125084,0.334892752163516,0.863730369447604,0.223066092980939,0.795425598496823,0.198349338055396,0.777613609910768,0.199840069939865,0.806488709815405,0.212951638884203,0.585400393382433,0.261362710533305
0.927290195743044,0.133834370727569,0.0514078487327798,0.0237555366477298,-0.86787279511914,0.042594857116231,1,0.407567886306854,0.247150727472929,0.346308528378077,0.2178909927435,0.55522041191392,0.17689484696,0.726460846952435,0.171865698684304,0.667531264155605,0.204819560412267,-0.0455675065956929,0.311593339711224
1.17941307064027,0.1901194542445,0.06882007741499,0.0291620277713151,-0.899264591832673,0.0374285328675431,1,0.417003641513694,0.315067029267635,0.895900588836895,0.192475966351941,0.620360597907237,0.205191963204161,0.906296992815086,0.20717671027949,0.861874278451504,0.214899916059855,0.821069130229245,0.251899695429083
0.909298357988364,0.117973895001748,0.0326989179346891,0.0122741874893923,-0.854782483596944,0.0370082137879831,1,-0.232153226456239,0.241769548130638,0.751002555817221,0.159141784174785,0.523595528079539,0.145101081592108,0.583718730078954,0.161536800724643,0.425224805166546,0.201074525889026,0.706207506305007,0.228973183020621
0.917754608123348,0.112326915092561,0.0433925799378655,0.0152309703527346,-0.885488923979826,0.0309716926624537,1,-0.120239823662548,0.228969673854092,0.517129647871989,0.159629699138716,0.718280957788602,0.154531997768878,0.8291086147936,0.147263964838715,0.475571420435008,0.200653720243496,0.369024860320748,0.246504784159458
0.987552368152577,0.16404490394467,0.0555417357712158,0.0260375382217593,-0.897524223632424,0.0337614461107763,1,-0.140087570977496,0.284269039549009,0.758577361154183,0.219505313576103,0.672934424403846,0.186033556258901,0.705148263254223,0.189894918094873,0.505018997475436,0.208987503653553,0.686572257417644,0.281017482735081
0.924673846595316,0.138009779305019,0.0497791397075325,0.0203592765298634,-0.886487187255244,0.0336862035657545,1,-0.0664826546975852,0.243144454264009,0.634971533367732,0.197363147341801,0.573451156791604,0.173532443261703,0.61889758410823,0.174068601302694,0.636091348226435,0.206665329084842,0.340125198373006,0.242976138095605
1.05320549317575,0.174810886564256,0.0726358585439155,0.03450255633597,-0.891011652484639,0.0396849488657531,1,0.473537775907919,0.200982859390506,0.493824720496009,0.207441014222053,0.626026982474732,0.192769425081035,0.830960069354088,0.209613073124509,0.799694264864189,0.215197473351849,0.512791292813069,0.32962835382144
1.07113443091494,0.16243740175688,0.066157087541275,0.0285473347624496,-0.912586091706229,0.0253573258764947,1,-0.087866258266041,0.290035425652602,0.824606678900655,0.156005616448392,0.812884711094387,0.171534200764212,0.463475015566816,0.191861689346075,0.968905725634361,0.195510433102645,0.509212206417477,0.282609667503761
1.23169246052168,0.205360319070334,0.137109218558484,0.0575417921216004,-0.930652298987224,0.021672777179354,1,-0.202595023829125,0.271186705627909,0.827905595944082,0.173650587398051,0.903447943326374,0.184727664923315,1.14149604395706,0.200201006355102,0.703923665908892,0.249572237355993,0.691321249613261,0.290195942888146
1.12523423302238,0.195644001132198,0.0720214465870745,0.0327775325190767,-0.907898140874318,0.0303211315344088,1,0.487365048281009,0.304699926116848,0.540127785738126,0.184253996204579,0.658166316394072,0.20866612530669,0.977939607021668,0.170219376455776,0.692119879272618,0.215259761841662,0.824090048462154,0.23186084962815
1.01460639080242,0.174020036778734,0.0677586650171201,0.0282390603278644,-0.910019525617348,0.0341036492108397,1,0.390586595243674,0.321849923583184,0.599260027621365,0.218030080969971,0.619119295738963,0.178451005971693,0.741608579820754,0.198732440679967,0.724542251751359,0.211242504506112,0.594374899660325,0.309966680298529
0.919674314897389,0.1635205722515,0.038290810849075,0.0169852941186471,-0.892837073032379,0.0409418275049694,1,-0.185155184807647,0.285500684094912,0.917390632512488,0.180372776338961,0.59721681359056,0.203238100371611,0.334362955805984,0.204928001283534,0.41999283801465,0.20593371899328,0.811838762122579,0.217088204407454
0.993094108776432,0.149494780143351,0.0649389882360761,0.0274599950616341,-0.884001105065714,0.0326592334522002,1,0.143011061763132,0.254816819993861,0.607029180513086,0.163823770488562,0.785237312638686,0.163110756795407,0.596602358070086,0.180408376150027,0.745910590320636,0.205037281871125,0.441611576266743,0.265021133573448
0.891402626979308,0.103888509905501,0.0328650532349381,0.0140129076899453,-0.880868820856882,0.0304591156964569,1,0.312238209665954,0.246604564242397,0.595426699242702,0.175525327901479,0.461366433080096,0.157046008438266,0.424820852348982,0.164847590604638,0.705958420718015,0.159132641643684,0.549056785090168,0.233920024889676
1.23367092307537,0.228941979544409,0.124774467995455,0.0543181350713373,-0.943678347588963,0.021547236290366,1,-0.33966632490634,0.322233862090607,1.00923281780006,0.195923934193338,0.919232880193379,0.191445327601627,0.896009036218045,0.214044631913499,0.928671356943307,0.219163373602024,0.956726465333558,0.246318687587939
1.03913252662238,0.174810679745013,0.0604209735471488,0.0295939417519463,-0.92997322595664,0.0241866618175911,1,0.68263424711573,0.292227757482426,0.531760093570166,0.203670910396657,0.731608904311966,0.17868807515089,0.451489403316661,0.209166658327852,0.760478200204936,0.219288712520448,0.438595963550797,0.310475936379095
0.995037572475209,0.151455791316175,0.0532984540286892,0.0217005297250412,-0.889749159320263,0.0341372638166695,1,0.292074463234053,0.29660005198747,0.519236628672593,0.208555200420344,0.593761592873533,0.181705842002133,0.810217566610775,0.171418129418466,0.580863719830424,0.20372353695515,0.586730262411255,0.234306204143738
0.867402189218173,0.138613408291307,0.035016154725882,0.0161676720012105,-0.881005935889949,0.0383796375105948,1,-0.0503028546013451,0.318771448975727,0.617774371231185,0.17799845918821,0.543747052076473,0.179037406242148,0.221224122473278,0.196202676408621,0.61277865842639,0.186388787717146,0.671280665631393,0.198782305438173
1.00242856560032,0.18620800804551,0.0734725079069791,0.0350010348768694,-0.901725924679671,0.0346165998818469,1,0.0319447398884395,0.358622986185113,0.731406011082291,0.20458210943549,0.596963721539169,0.185296674790996,0.904135113101352,0.200277447841798,0.790125422450721,0.216592548834198,0.0994139507176894,0.308564836475079
1.03941912281281,0.141987165580643,0.0577847500530817,0.0218792267640892,-0.885332249789598,0.0306606143872959,1,-0.496469668167169,0.349785489929569,0.856833906605421,0.191067332176325,0.850260507707045,0.147063439908326,0.76338525988186,0.172690162025178,0.564902278913848,0.189270264263985,0.718995885460794,0.2330624111582
1.04612816573107,0.165222324612866,0.0616877911363512,0.0251614077870757,-0.904622371882271,0.0325086852241868,1,-0.0244802276758083,0.299943028507556,0.785849496587046,0.210594904480025,0.606434135673784,0.202406480497812,0.764151106835309,0.200544989770483,0.842889852376264,0.188182800668919,0.494545770918045,0.250600513758354
1.34848620422887,0.218603189912236,0.102207137982839,0.0479775335931027,-0.938371364667209,0.0209450209750715,1,0.652590918081047,0.32956600121451,0.855235753549844,0.246727986580385,0.862897152503038,0.185582781164548,0.917734926005075,0.19641425948119,1.01830919391791,0.232599173857832,0.667671344221856,0.250317132816521
1.09875986459005,0.14896107157682,0.0655075226093735,0.0235814089221784,-0.894466825123596,0.0341435070769093,1,0.221442461420811,0.366965823798564,0.683244173503977,0.201650838043096,0.947976156970869,0.166676658258879,0.440652035937581,0.207561328514203,0.831027039697096,0.18683835587786,0.623461889562414,0.23012433599796
1.05872309181538,0.185768369117968,0.0669813779451318,0.0310177398026325,-0.92476566190074,0.0286873080496948,1,0.0572727891041287,0.308458064888544,0.708864441976311,0.215386257898203,0.873401982733647,0.19881090474078,0.591142021200829,0.221629180981269,0.826568035793609,0.218615601553269,0.614220258907725,0.266726211604289
0.967621806625346,0.138073491560668,0.0450878141769146,0.0194464740416382,-0.910179042711062,0.0274565140362603,1,-0.312024800997477,0.241464394235088,1.01296268610002,0.148698760137438,0.563476537134081,0.18870227958571,0.346697236115554,0.201809154515566,0.770347686991393,0.179331995669016,0.560680779945262,0.227991936825154
0.962553756744993,0.128303870319284,0.0478700521815045,0.019323278387847,-0.874844797682201,0.0383878197167188,1,-0.178492412398986,0.338699077083968,0.64284094113443,0.185687589728723,0.671428935424166,0.182885828120689,0.601370201149365,0.165465260697875,0.630771111815806,0.194609571595663,0.661772489953941,0.215816139676873
1.0057789589275,0.126124063902431,0.0457252596806716,0.0169475154491236,-0.875796810989907,0.0314770617850505,1,0.203577649802003,0.262925119016233,0.543603635904504,0.150713520433372,0.867595345500651,0.160958324515396,0.538694948461359,0.167145186505035,0.298359803996741,0.221435148799469,1.03443803247775,0.17366530217224
1.01555439231439,0.162434782075092,0.0906438641937234,0.0312128809576115,-0.887780655938912,0.0383592201141666,1,-0.352634901745033,0.340130431512789,0.882160768786652,0.183175843683806,0.671770466381459,0.193915304803266,0.733697607420619,0.196781321482862,0.598429986519607,0.210125886006766,0.721709317102683,0.219329910872968
1.22274418710962,0.197673202184287,0.0693636116180446,0.0291199580309456,-0.929443373291143,0.0222420337421627,1,0.372128217786505,0.270425018439493,0.694088564430104,0.199188389230838,0.730149549987718,0.178596937816327,0.755183810362531,0.191530056187511,1.06759069333355,0.191031417859385,0.864882836045093,0.259821762955919
1.23306656101123,0.200195011411271,0.0792314174420356,0.0361073931202115,-0.87537914763643,0.0433657678139699,1,0.436851984583193,0.282177130111136,0.701850320084822,0.197428809096157,0.874254892364605,0.176626112006953,0.64138340756968,0.209368715695419,0.757067234242185,0.236629731469536,0.967510328962437,0.253438311134572
1.03740621902917,0.181490804693903,0.101335612120566,0.0398726252976503,-0.921350247483629,0.0275514199930377,1,0.204361908281351,0.354571103088551,0.55417269669772,0.232856279945213,0.740299851188128,0.200579961419774,0.907425779261818,0.176221498505398,0.754257624506087,0.232699698385748,0.84481013443557,0.260005135059194
0.889903786869039,0.132587404161258,0.084246299132908,0.0360153466274563,-0.889002747133285,0.0331101069704605,1,-0.0675196681049507,0.254834458234539,0.540752225983737,0.174715715538763,0.601293676319098,0.171239551037484,0.716654437621884,0.181834891783649,0.628897520440619,0.189147104982632,0.852929389619037,0.226797883532507
0.956241582237773,0.0876733655211481,0.048740304824509,0.0186280660671964,-0.864365112360379,0.0320217791357172,1,-0.539399459091586,0.277951318779396,0.770649904893899,0.145955018933031,0.764453846201289,0.144076990096596,0.606149184593635,0.145517792677448,0.51953736988919,0.160522628728251,0.619944250608375,0.24566800064567
0.992119760056354,0.15418929178812,0.0584990564354011,0.0198427252193426,-0.884684045636956,0.0371725770873558,1,0.231871860882638,0.290737585573199,0.579239356239942,0.189573668609297,0.798035330064486,0.191994996907177,0.561610118421332,0.182961462369298,0.63395998831344,0.200902296713139,0.775858215779999,0.231488441386036
0.984680155621724,0.155570486421068,0.0586653163046738,0.0231966245223361,-0.903218959122444,0.0325787864133308,1,0.0245842774648425,0.317664073404373,0.66143056856639,0.185289787532401,0.763813291982278,0.159455929797144,0.672139146350242,0.186529172097397,0.604318882750406,0.220305472616289,0.710662829039283,0.242288873157291
0.932688065345421,0.130088837096763,0.0398492649340565,0.0151621067883577,-0.885833032718314,0.0330213983539894,1,0.110677765531165,0.255817627120186,0.601175817769345,0.194267360833005,0.427694810742699,0.18212607328677,0.743572175805963,0.137437833749029,0.226922077370352,0.20488556059695,0.520800354443026,0.215452404598597
0.945044582190479,0.136961149439697,0.0443805504130146,0.0185023311516826,-0.857780828574864,0.0415853044127493,1,-0.0611732255863135,0.300073081291765,0.561836418811888,0.205112151130237,0.726264783819176,0.15740522351543,0.755666263478322,0.158702935893266,0.393951391123886,0.223987866625576,0.736866818126999,0.221410252186883
0.956961633371282,0.148508097357148,0.0536784502042812,0.0212146725328374,-0.870032696024134,0.0380086700361272,1,0.159676844927897,0.286690713243119,0.435453219498376,0.205275080789234,0.789290460594607,0.158480038306824,0.656286965203814,0.171741043741709,0.611750247296461,0.196019727951112,0.537503558639954,0.223057706908837
1.16347608872403,0.182662921760438,0.0827257613141732,0.0347204009292683,-0.941247093645931,0.0205216416220568,1,0.306834312642044,0.387717688462476,0.698548865082593,0.217620862954132,0.941643799590368,0.169896673442893,0.775022974495803,0.191996464864184,0.71192223175359,0.219102781236476,0.940752375346555,0.25720885595196
0.915879859705777,0.108874771084759,0.0510934406988413,0.0206173247373511,-0.884221627280998,0.0307570961289264,1,-0.257102624475458,0.309623232703448,0.687995367094907,0.175664923959148,0.748281318533798,0.128380163502491,0.589870851902802,0.178983392409147,0.560631472847934,0.187041012983794,0.984920846658699,0.217332333224026
1.00610603818712,0.15432441889952,0.0553703424604066,0.0238941458576753,-0.889924800047899,0.0358161518269255,1,0.135162035897419,0.270219100505176,0.641275196252357,0.20559046233415,0.51509880792008,0.1730177124876,0.767742315953647,0.185836520962985,0.643385866498388,0.209113996628757,0.958526774831624,0.228108722383574
0.909727126925299,0.124512846630124,0.0472326477641914,0.0169007769724605,-0.832141900738648,0.0433955679779294,1,0.124304278710876,0.234356722668418,0.678861871784673,0.157864284974846,0.530012253205843,0.177037173029236,0.452677483325765,0.158473575450226,0.495872772061865,0.205070199178102,0.539063388382293,0.241129413234485
1.04300676931045,0.192548959036001,0.0834713766461794,0.0356342331042474,-0.916734141181366,0.031822047579423,1,-0.515216949550362,0.351185114089694,0.782302251233258,0.214355201866413,0.964255442948655,0.206686104802344,0.789148370596282,0.201653471913635,0.724142285943739,0.238852380365969,0.579667691467591,0.262526124802918
1.02327294680517,0.143199171745739,0.0694932696958565,0.027074185659193,-0.893875992448447,0.0357230441863806,1,0.0444839821867285,0.340702089288604,0.68382826857126,0.186600525442533,0.577287074571782,0.183734638432586,0.746028884524453,0.199183355776352,0.758761643103779,0.202422743636633,0.600371557652089,0.239180105483361
0.963030320223836,0.155012912046125,0.0394359519039657,0.0181863971875343,-0.863532292689489,0.04938593885948,1,-0.237113292231352,0.285228799440096,0.813172941368785,0.167117739231668,0.708309329641255,0.155843375699138,0.546085905003924,0.202042429238147,0.5823290014619,0.227971130132769,0.311054169564931,0.293690984757329
0.891303101199059,0.122265104618243,0.051260136380711,0.0224763898512761,-0.901899769242311,0.028579662445338,1,-0.245191619725301,0.27377576462516,0.640086242699346,0.175224051582706,0.672366595860859,0.159640711545425,0.607732019918783,0.185101349116524,0.472720089692629,0.227072242833414,0.763282435707347,0.224525856075699
0.871656229636543,0.130752670544958,0.0435057583417571,0.0189478372024303,-0.89711279080564,0.0329736482066987,1,-0.187173345907344,0.264044472468413,0.594307687915432,0.192685383444107,0.566069848935996,0.155234217873175,0.680960990694464,0.199900028655084,0.530290134800578,0.212469452420778,0.73759497826017,0.206690980591068
1.05630218499467,0.162646895084046,0.0550119952718994,0.0242209316446047,-0.938916527620746,0.0189589128293026,1,-0.392294493408066,0.268259662418206,0.841756900735063,0.195026325176296,0.731821213177578,0.184484412821161,0.786123583848008,0.184105894482989,0.752690784364274,0.194519703600005,0.731898643271962,0.253801006607987
0.92656185734632,0.133421167568029,0.0331167675243168,0.0134639375349,-0.858996348739721,0.0370672734317297,1,0.227029565925191,0.272159457993806,0.470672351083897,0.154535161532779,0.617151697591646,0.173535774036242,0.538061425840842,0.163648454359638,0.379099815745342,0.185016887565873,0.522599205577765,0.243464152575609
0.774687052851594,0.116343774332994,0.0369186900781394,0.0137839095006385,-0.853305016229099,0.0471644991546993,1,-0.637412558877507,0.264509796735254,0.69947305606101,0.153342888961478,0.646326689744447,0.169768013421752,0.310371548956604,0.188778079572466,0.588656438125585,0.19203415661285,0.499352529711113,0.223804166327119
0.997800527765577,0.165814824936486,0.0682694040904334,0.0296272014381179,-0.888865580000509,0.0357996192426083,1,0.411878247273822,0.27201342531022,0.499542986777435,0.213552100139491,0.654453417946137,0.181192520787271,0.601443375253917,0.185332410051866,0.416973286738941,0.220895225657586,0.750776254139537,0.246963249709132
0.770883908645517,0.105691837351747,0.0280399139474066,0.0132194383638208,-0.838117691978272,0.0392674832301444,1,-0.476520706133728,0.267144762975688,0.59999908793452,0.157898578211212,0.42407534466899,0.152333927072526,0.546664706557828,0.146297441190471,0.279164201572464,0.160662869329239,0.521205659665759,0.208809205237772
0.990426175985969,0.163081288053438,0.0647290661395529,0.0254643001786243,-0.916111056157547,0.0280920458638104,3,-0.241961550914747,0.282340688601046,0.767579120340397,0.202611508666861,0.721886848743327,0.174422586534948,0.769756043228728,0.191443457591368,0.61764214996106,0.210681712643461,0.640353199157712,0.219168646246099
0.942532320607176,0.151395461962763,0.0498886880810943,0.0235834346946072,-0.865763199415595,0.0404268741092263,1,0.12538010861781,0.315623120095046,0.654874297403474,0.196649663342352,0.64082097459579,0.172749314393834,0.391374900508746,0.222901810632148,0.847630042303384,0.2043106027398,0.646927913016847,0.242979191469541
1.25453248886722,0.23694488343732,0.0998088673583637,0.0405611254192776,-0.917948098187407,0.0293148527318575,1,0.484256402705222,0.395546523333234,0.857725352569293,0.215466190617567,0.814121637351543,0.209445215676477,0.924123588274068,0.191718390767068,0.800866598685975,0.210891905753429,1.00115410403875,0.270663952767191
1.44396158935233,0.313564340646917,0.112264177703624,0.0564201050847362,-0.954498738135268,0.0193240257919989,1,0.0346432309941947,0.433442858523515,0.926189944602875,0.244379349781054,0.923630399765311,0.262450667475198,1.1546228674048,0.246634519788374,1.22839501989841,0.240492389551088,0.704074514492705,0.307136270651906
0.953262053479968,0.149622968887845,0.0438355232191308,0.0191889053539368,-0.904834419750555,0.0326936715348558,1,-0.0019721822963785,0.292301759408038,0.687183020537231,0.206834916089856,0.491514348039985,0.198811706898236,0.607416301211502,0.190381155219583,0.896949563231257,0.200981350715223,0.878161857502846,0.247047155003632
1.15522927836786,0.17799586374044,0.0745084743280028,0.0270697715267913,-0.908739913417608,0.0295017192605674,1,0.136203509316907,0.27379230871203,0.715814420465917,0.209234962128431,1.01185556072878,0.222890906799916,0.625393136656723,0.18751198911242,0.519289578021478,0.210432923361034,0.907429923931515,0.213919410870252
0.930960120697648,0.105153144811439,0.0580142792915184,0.0191262550617809,-0.877568823676079,0.0280543088348826,1,0.163451874047483,0.213657792808162,0.504976192078103,0.155313468419996,0.621244997096068,0.156194426554421,0.553093708887754,0.15429318518022,0.735330468316942,0.17271216459659,1.00584577951929,0.187772523492319
1.12889990531583,0.229656873455191,0.107145977421481,0.0509559126938147,-0.919508034862088,0.0364434573973132,1,-0.3160586930212,0.383476052728391,0.911893930861081,0.25307215945701,0.767582253940163,0.2296327384259,0.917885746318081,0.230460786749058,0.839593812325503,0.242397551642603,0.742013775968511,0.283294401219524
0.821704879579946,0.147383363036822,0.0573137783947451,0.0262760252780966,-0.91044011607418,0.0337629928790008,1,-0.240789562573292,0.294742802660866,0.542453877758746,0.21777439546495,0.450822697546592,0.188899124875766,0.668623698476096,0.205001532266744,0.515138969387741,0.225094448378158,0.924205090514273,0.241831745136903
0.730879317497284,0.083369505549789,0.0237891176842986,0.00994582343526186,-0.845034946064944,0.0384101613332747,1,0.0887348403377251,0.184778914209691,0.430306504370796,0.143001354521347,0.624147859230758,0.131166351419858,0.35526058993954,0.164873363168417,0.120094212715301,0.207314278491272,0.303658143846124,0.225291961512505
1.1346444034259,0.195379509636491,0.0623791998997451,0.0299888924363197,-0.920440011282019,0.0285862544117189,1,-0.0963545958411559,0.320605287691608,0.875843256587615,0.193326824313198,0.861619408019003,0.178053136187475,0.646724777569227,0.20263150341769,0.966970697634465,0.208316219893472,0.940999318047377,0.244032677076689
1.09757880000975,0.161732366857737,0.0538060339058436,0.0218387673753709,-0.913188659383734,0.0250571019479611,1,-0.0423462775222263,0.32199139320473,0.861370866160293,0.180539213965743,0.844121996804257,0.164597842131881,0.817678785050674,0.171257180075274,0.624553450987558,0.214233494247393,0.782749574958648,0.219685543518544
1.09523233165509,0.164877948025285,0.0649056421882043,0.0263695236676997,-0.899857546093549,0.0327714401167145,1,0.32447325316776,0.229592257483847,0.797111414253426,0.178227856707877,0.670904357750494,0.163660093537822,0.488570757231036,0.180820069344282,0.878943256558826,0.210125240204205,0.789869847253496,0.258289133207342
1.00627039043772,0.131328478835872,0.0498759335260063,0.0194698430643764,-0.920410670568934,0.0200540353022372,1,0.0951250305067222,0.213248295716467,0.600030799538314,0.156212180604179,0.811432322485456,0.159515404025859,0.726529647739113,0.150944348698544,0.213028777922751,0.247412018662191,0.590569467588627,0.223020025612706
1.02097746260583,0.149372225870739,0.0691060956227388,0.0305871830729222,-0.898876203109891,0.0304851629558296,1,-0.0344039668056422,0.242288014420624,0.775503204971083,0.158466533557656,0.700846752571408,0.170041358425192,0.533451389790116,0.194994168441125,0.87138523331515,0.186252153613993,0.578074476509443,0.3143987328008
0.962323029897818,0.13559420124249,0.0483873659390498,0.0186666362440068,-0.869572266242255,0.0384594099294033,1,0.230601614083623,0.227227707984169,0.485985816404369,0.170776859419495,0.650083547762739,0.165370864326185,0.538972302533456,0.17669099773158,0.834443553892647,0.171254169678182,0.565651060633267,0.249742263837288
0.963955352750301,0.126560137587202,0.0450294999613593,0.0176430907599802,-0.890753553695495,0.0332412915809336,1,0.126729835073766,0.278304055281555,0.58249686584791,0.183890643654651,0.705671121826095,0.158048251279137,0.636320767906825,0.17765008283992,0.616718150344867,0.188142810003989,0.56220798549827,0.255397490421243
0.997009820243375,0.122072926426109,0.0516454016626251,0.0218670356987057,-0.889780499839386,0.0306200090963156,1,-0.368584658413554,0.299425817988431,0.807237607857403,0.170258966908882,0.855914611433027,0.135615824871159,0.741938435421962,0.176688780544477,0.687282756644254,0.190189206531429,0.526153551017712,0.248033471309395
1.39413695568102,0.281843657046449,0.105609967844183,0.0521717704422633,-0.940363651069173,0.0230206076831266,1,0.281435815448027,0.361243590648222,0.915438755849,0.190919025967942,0.923622833635905,0.226460595683027,1.09351733166587,0.209846235690329,0.960918411566533,0.251758413377242,1.19794163437612,0.271538263325112
1.10415337773028,0.192379924939083,0.0663107783076404,0.0298230453695624,-0.91300724351324,0.0301093670403988,1,-0.0611850728071429,0.317873788848148,0.90558461480115,0.183362921884896,0.592921459625947,0.202699735388088,0.79411281602268,0.195798053029977,0.509525770570407,0.225678756814259,0.861739013411264,0.229480912692831
1.12515923930312,0.144874031214873,0.060828881898254,0.0232491336794212,-0.920729396503789,0.0201536391840351,1,0.374140494310727,0.295824302407301,0.704469869517026,0.157742132548679,0.632209130649609,0.168631208901665,0.713121065202749,0.165477912888472,1.07102033174724,0.171390451927086,0.82314582745615,0.234635178486322
0.921025405465763,0.114085291650696,0.0301925287917584,0.0104901567996635,-0.889638910648341,0.0268201844168271,1,0.0815430401821635,0.305054484248212,0.39825874891666,0.169148343280239,0.785012539073164,0.16782968949,0.591228324057731,0.160000371714616,0.608148121371954,0.197782599819768,0.387420758953432,0.224806715825199
1.0646292227508,0.14384701617603,0.0483245346833064,0.0204686375813577,-0.878431179305438,0.034811172584927,1,-0.362029692758436,0.284575812373548,0.957616128797372,0.153760009133167,0.722909313897929,0.159304487747496,0.74138923582124,0.19020943514105,0.882923878158004,0.170073374191591,0.969922735040548,0.219737278744211
0.927013577474065,0.149385718391584,0.0341182241218412,0.0163967693545118,-0.846843026641125,0.0553749150260611,1,-0.277439800001412,0.293151196500347,0.73250032135107,0.194420930193769,0.734983907102616,0.175840594670481,0.27917253645814,0.209196127705695,0.386451237688957,0.2413981449547,0.447276648874363,0.234967674847242
0.976553020349922,0.137528415679843,0.0350784385907262,0.0166076522673475,-0.898215702424372,0.029506922040266,1,0.0193145552900872,0.245711045188071,0.539924984005433,0.17628249828344,0.797858326038867,0.170220379917945,0.573242296700843,0.193130607053221,0.725673497411505,0.182210801473325,0.025236480425544,0.304811205586284
1.13362935596996,0.159357408204057,0.0713342881668378,0.0297743696173757,-0.925379123218324,0.0255063432505682,1,0.163388240076537,0.334188989727804,0.647706045305869,0.2097095895094,0.950841187226911,0.161571913951787,0.746595177323102,0.170225324816268,0.968474014342396,0.2020233271816,0.851771191487889,0.268159093865654
0.954669812006823,0.114378265479859,0.0590119425400316,0.0218605869645846,-0.907967507989955,0.0251214479565201,1,-0.187854989832292,0.289911691665583,0.602156444012947,0.190843403624335,0.596211312153943,0.173864482617627,0.806614875996046,0.1506416603332,0.857684700801566,0.179557061314982,0.49330616266404,0.264254994640499
1.29690157407678,0.205243309536915,0.0634824452365148,0.0267291637026029,-0.938250706916264,0.0216103864957616,1,0.499580883318712,0.311373671490897,0.950730712328472,0.175516943462694,0.684680712328957,0.199024611742595,0.77747541259666,0.19290439689774,0.739285787968482,0.219490085608849,1.03787525880955,0.237168765405069
0.792245373412476,0.0985751292172343,0.0389576521260887,0.0160843154110092,-0.85907744706075,0.0354636326555937,1,-0.193477798769497,0.202277392517646,0.537414410431413,0.142640378229909,0.749647293488961,0.137989178460043,0.347039598131234,0.173203685685686,0.639049034122904,0.16748414669138,0.506109145907259,0.227131746252634
0.950856394436766,0.114651597218346,0.0377141467376469,0.0139608421859749,-0.887729774163569,0.0276495759793723,1,-0.0916664236477287,0.247662721470744,0.647441093311782,0.184983836232029,0.658748538969247,0.154758798479549,0.752006548009408,0.15625325618433,0.205374141202774,0.205850090570602,0.422959878383873,0.195281304290955
1.00372792436163,0.150052006643269,0.045790577394932,0.0207776098785152,-0.920314013434624,0.025596601373197,1,-0.34883162030049,0.307157340495579,0.746654427608815,0.185409626585257,0.842413923426353,0.186539722929488,0.747849256143478,0.164316033156598,0.649876708415263,0.213630211083037,0.609772551500154,0.261717389552999
1.02215094993588,0.132953879784038,0.054721807872993,0.0243066396527506,-0.887580510249339,0.0313072602563013,1,-0.212130537422601,0.266936313177976,0.822428129399677,0.159429723767231,0.649976351622087,0.162586475746045,0.810290642048582,0.165914463162293,0.541865347347986,0.200332818684864,0.763141205519626,0.270444036410131
0.929541197030187,0.150485151809735,0.0780193963379869,0.0315210657318066,-0.932686284676585,0.023725928256701,1,-0.755932853483645,0.374364223123024,1.01220416309416,0.195273858809472,0.60908394188101,0.182257434445019,0.580282835117766,0.200533909039977,1.04834216706431,0.210841465254418,0.936582456309989,0.285655250890195
0.87778435700579,0.0964599911339584,0.0639366636588782,0.020995935480096,-0.871353458009077,0.0363922664827708,1,-0.272554265784911,0.236573181623159,0.755572695812613,0.16589910971093,0.369758620609678,0.174860117033099,0.66146656331494,0.15607506437374,0.378530340229709,0.189831992517916,0.776535190949958,0.225826707107014
1.44967425745041,0.348002093803516,0.139822549037868,0.0817781927257307,-0.956946517002819,0.0216561166336587,1,0.501676147338552,0.458957847829741,0.896264261146166,0.25419855074596,0.938305292736556,0.253228276151279,1.01470475631771,0.265728852316131,1.08583681410338,0.260506623373091,0.712484781675371,0.313145719859746
1.0029769869352,0.135206980202216,0.0373842240692611,0.0182779169777138,-0.878538855547935,0.0340479752846843,1,0.252583934199885,0.27916724176916,0.703487176237457,0.1538682243002,0.490084336906394,0.155171537836516,0.634367380735219,0.165517969997481,0.51496576465896,0.222039891995758,0.747235052566485,0.23714482770703
1.01581379018358,0.151368864281576,0.0562833409259945,0.0207011199883188,-0.911140035992209,0.025961367027834,1,0.0667925416715878,0.275587027777429,0.654027072662204,0.165260517596299,0.524751745977205,0.166770995971354,0.841114747510446,0.180621395424445,0.755532188799337,0.195307426516945,0.489493974308649,0.253815201813843
