"beta","beta_sd","omega","omega_sd","rho","rho_sd","conv_code","tau1","tau1_sd","tau2","tau2_sd","tau3","tau3_sd","tau4","tau4_sd","tau5","tau5_sd","tau6","tau6_sd"
1.51074203000186,0.0774726883780605,0.0491350494591386,0.0113276026252837,-0.306452425075649,0.0787824833895586,1,0.0607970534924471,0.217504383553181,0.735281440668162,0.104309764004553,0.644242756376676,0.0775510415835244,0.658117310029132,0.0865972979625354,0.649250067157891,0.0816722926785767,0.803714007154022,0.096021182188298
1.50605089743112,0.0752655045598808,0.0607268066617678,0.0127984565404898,-0.258032841452843,0.0894405274487433,1,0.245388041397723,0.164434365867377,0.590845527681886,0.107933694004253,0.663548951288952,0.0902414114941698,0.657440810535582,0.0830173671180031,0.61166392613923,0.0916472098046329,0.548654946920762,0.0964536771710951
1.63485151227522,0.0926967805051224,0.0698012077035346,0.0152464501050265,-0.296375936261072,0.0939630477264192,1,-0.135548561683572,0.352293436071583,0.866534977039836,0.145172644158176,0.772708761818335,0.0854939140993032,0.698800121167212,0.0892322248363343,0.81203105061649,0.0889643238618009,0.626662930994654,0.106311424919727
1.46802432131833,0.0770279333016321,0.0508386617608519,0.0121842556147013,-0.227046665642201,0.0935442748769482,1,0.297799298580585,0.161495643805201,0.46527766548108,0.100988186499084,0.738664554781976,0.0739760909586729,0.507434322933458,0.0858584809812016,0.65414159079192,0.0991941256886529,0.598176562747232,0.102254297810878
1.53037756044182,0.0844895041645503,0.0639709335619305,0.0141867796584362,-0.230712910670874,0.112226658883391,1,0.233140219821241,0.225619891436191,0.699126370201019,0.116340613540882,0.585196499264165,0.0897521837108717,0.717896145090868,0.0846296628382436,0.753070665925014,0.0872509036617358,0.753145502968539,0.0924403147635447
1.58808625414306,0.0881213607904592,0.0629612102918702,0.0129060460971088,-0.34038498969896,0.081039945568798,1,0.288193283038803,0.196793486461297,0.612753055203681,0.101591942151806,0.718941277517524,0.0872136029354405,0.688656174875866,0.0786975903410757,0.68870275206651,0.0825671808432836,0.715702330185806,0.106949911033253
1.50102837985824,0.0743147794854279,0.0667732416961083,0.0142483921268363,-0.289619652927567,0.0771812300549431,1,-0.228216849832017,0.246897117524093,0.715973107359798,0.130651410603646,0.764485154283731,0.0857028840254346,0.722681545497675,0.0704534001097763,0.625782414171109,0.0852592408204733,0.771705887082444,0.0995042154153649
1.60335351390731,0.0829992677091528,0.0919558817151318,0.0191373037349619,-0.342148407147177,0.0846489081879918,1,0.103174583197712,0.223182228061291,0.702727735991927,0.129902652070402,0.858356724428225,0.0800714465592262,0.595583655602702,0.0856458391028936,0.824025563235979,0.0837383346044221,0.826858364561614,0.0917200040543451
1.52861593973928,0.0877913029066142,0.102674434790264,0.0222136185533216,-0.249493914109329,0.113626472798435,1,-0.0146888592513052,0.197473255449271,0.695877314360269,0.0984699718683641,0.674140864648192,0.0780901381713069,0.796108526789953,0.0858203655881905,0.562909400773037,0.0989807909897207,0.77661840883015,0.103551925513726
1.35417747964288,0.076908351541806,0.0515873611855224,0.0130393200268491,-0.195412826746608,0.103052799110832,1,-0.0116874527188159,0.193606998292915,0.57539366454707,0.10897365727081,0.740278713507041,0.0791326048545388,0.560763635745917,0.0913679216601216,0.513110447761467,0.0950250080891336,0.698510134171952,0.0949117967738761
1.36435773610965,0.0753257520131576,0.0481662838707271,0.0111571007123564,-0.2681960609497,0.0761600463635619,1,0.0489745989892824,0.184108897210112,0.558570881501722,0.10561032543892,0.611497348792725,0.085551904737665,0.617666377074179,0.082348575660463,0.607528999462577,0.0930721880349312,0.665492148549551,0.102169643748509
1.47609104923218,0.0794234906063978,0.0437196488253879,0.0118873719693418,-0.21843014807259,0.098311759033011,1,-0.107155480903916,0.193593874510476,0.689745642763691,0.0982846341930027,0.826605352104111,0.0749334890986409,0.556583477036782,0.0908680912176315,0.565346552957391,0.103334863136041,0.656609761548443,0.100975087371461
1.60489920112827,0.076659916938019,0.0510017228207996,0.0121263653377951,-0.152853317075261,0.0995164848280887,1,0.350132143757572,0.188294394265139,0.634084709211084,0.102378487966053,0.736701585251896,0.0806600074952107,0.630827802668432,0.0846385956250997,0.730458796285713,0.0860996886266873,0.890780386889722,0.0885073809602948
1.49184792247208,0.0782958748220934,0.0695458517789752,0.0148320502632471,-0.399774830640808,0.0835513825490875,1,0.121653797541443,0.17184058719561,0.585885236742802,0.101854517011264,0.712091977054784,0.0804705604703872,0.7242038060529,0.0898856595237134,0.673050422981648,0.0909817671392968,0.746849154227806,0.095521573704009
1.43750170167318,0.0752887088987446,0.0665502634080271,0.0129199847288921,-0.30638261858961,0.0843816616927475,1,0.13063222003154,0.187776386942504,0.540580127424234,0.11371542695329,0.766999294603874,0.0741645988906121,0.639630712728361,0.0786752081745845,0.738269225609196,0.0855915307249682,0.69679877550631,0.101678812675432
1.39393018446468,0.0595160232035522,0.0457004090096209,0.0104372803300042,-0.307577529511599,0.0927671019390934,1,-0.0716904549443056,0.19699966923654,0.673771597883954,0.105072116764534,0.588516053525908,0.0792932856026371,0.745914603627896,0.0734255332483517,0.598554080540217,0.100808992556302,0.62135091876387,0.110422074038822
1.45844509088906,0.0830193402217954,0.0623258494165184,0.015219867208709,-0.127837012012628,0.129509209034021,1,-0.147782568126864,0.205379423978955,0.582848904304403,0.125588409658639,0.778402779479564,0.0920106663991644,0.572525102438464,0.0842870537281121,0.718406361638272,0.0897661270843901,0.725982895932311,0.0985425588292581
1.59073791464481,0.0881380363488083,0.101220721464157,0.0211332474564069,-0.446702823891063,0.0704669839262869,1,-0.096343305616799,0.202297818426978,0.83246647252098,0.103139678685768,0.656633289057287,0.0895969837008724,0.833493942171407,0.0813150096270216,0.790255644446539,0.0878567796470909,0.70654093958293,0.103859387963133
1.45499390992219,0.0791641039866494,0.0511258040338144,0.0118561402172622,-0.106181302040124,0.115172337844135,1,0.339807734625846,0.193501273930115,0.419131178164856,0.124522663267197,0.679003280026638,0.0863897485535414,0.694400353020929,0.0772449084817419,0.594554526065435,0.0988772959245975,0.641059691043014,0.102018612967731
1.53653906022946,0.0807173072326462,0.0619335833690733,0.0139180766822428,-0.421965643376771,0.0696161323243158,1,-0.206759664025024,0.210465739221485,0.842576135386401,0.0928385059221511,0.596164987670244,0.0831777881861104,0.837085421119616,0.07998282603803,0.703159370246551,0.0933640189881711,0.732054055237097,0.102295303536485
1.56061659542232,0.0841185819759244,0.0664841544164055,0.014597590090099,-0.342830900075186,0.086123795403067,1,0.129009607146777,0.213125665641155,0.529885391782514,0.128551430046467,0.936304590729546,0.0786785930992718,0.585663617618004,0.09103939650298,0.738505630928226,0.0868711637550023,0.739156251084309,0.108743607561674
1.36732676367354,0.0656749848097199,0.0525155782980233,0.0117276420870971,-0.251512513630172,0.0961794213958498,1,-0.203924448880097,0.189208175957805,0.598044262560822,0.11128184750656,0.74258335004859,0.0723542253178421,0.658427414652869,0.074799555594781,0.748157202485097,0.0837364390490629,0.661463648654446,0.103278338075668
1.53019013901638,0.0889089211476889,0.0791685871962983,0.017546608398352,-0.351063555391165,0.0940649435370325,1,0.00798038046344087,0.218937702474967,0.771572845484875,0.112553357963035,0.755324492303441,0.0871770510510752,0.607693353911368,0.0844848385642376,0.704219044552958,0.0984512397732489,0.691215839895422,0.120638668153402
1.48094088644265,0.0872254082119516,0.04550978906037,0.0122377836277606,-0.246145212985686,0.0928691089996861,1,-0.0689319931116233,0.229231955411553,0.822797571711992,0.1079584548002,0.606633729216926,0.0764341975224953,0.685454527215462,0.0879035264601982,0.644454433862201,0.100780208743597,0.428226826928991,0.116637841706881
1.58768503081307,0.0698045486227221,0.0455295225894688,0.0102483650079393,-0.115320846649939,0.0886487134822612,1,0.465778952234419,0.171550759386892,0.5643579873919,0.109079564297119,0.737510581037645,0.08553037692056,0.597457538507463,0.0986075583697837,0.589787066935252,0.0966577052400685,0.761381606772135,0.0869788517323983
1.58503738964992,0.0806044658333829,0.053540829710479,0.0109721207156147,-0.387346790226039,0.0737074844112207,1,0.0922419326084846,0.184764570222895,0.876606242303234,0.0890979555801615,0.583281640254075,0.087853579647393,0.696380970846927,0.08402506596334,0.712029879816141,0.0864855159652472,0.738372213176779,0.0968880641581053
1.50572949649506,0.0741937925509526,0.0493214471742082,0.0117618559265438,-0.0780648568829812,0.106293717859523,1,-0.241726951533085,0.246349573847445,0.797616071760993,0.116602474469718,0.674882527577415,0.0718682036731029,0.689668549817623,0.0803150139799947,0.64884402495147,0.0944378763512792,0.736950279377551,0.104012405836227
1.52328408652628,0.0800007294046082,0.0592126634796227,0.0125293583480241,-0.361886475253838,0.0735756607066132,1,-0.25300554230305,0.219199603116834,0.784382106155043,0.112135751309291,0.723352772831664,0.0810614541284799,0.664822679109812,0.0798152373156275,0.738871744059452,0.0791740641530635,0.656936340427811,0.096772101326758
1.44758457134972,0.0686677387630718,0.0643354784905354,0.0131193290543305,-0.27397254055289,0.0852071387554493,1,0.200598869278268,0.177890817436125,0.73271875552465,0.0933502415727071,0.451118335066538,0.0891830818253389,0.827829767513457,0.0766790269911776,0.629164786281791,0.0909403359619226,0.905962293460653,0.0831108136828944
1.41808861573367,0.0685672707747979,0.0395596837941835,0.00911230194517139,-0.111544280120548,0.113267433851982,1,-0.362516062691179,0.218349758242253,0.817270848659299,0.106153802787268,0.653807309550836,0.0812773372833826,0.59962470641608,0.0776305875922479,0.664233732338056,0.0873876451943635,0.541184321851941,0.0931684664219353
1.60816097873603,0.0931700349048885,0.0646657924342579,0.0138259135339119,-0.431941330366931,0.0781239178492447,1,-0.0286498037832436,0.18917772799013,0.799147932356503,0.0989900757269479,0.746305192099269,0.0862189563449103,0.592206707125544,0.0978027792859315,0.780244150750174,0.0931549506490757,0.797950988709875,0.0968988464026737
1.6106512341212,0.0862628740094027,0.0808342018402909,0.0165060219807391,-0.317863855347234,0.0901242512501014,1,0.207592922616202,0.194332122500168,0.698913467947665,0.11181205476938,0.720343605935886,0.093113310625165,0.734244318227803,0.0826462951229412,0.842569250124832,0.0947902176403671,0.56298443216014,0.109032246063898
1.60353783905375,0.0862310641267351,0.0716280159501646,0.0154751599048734,-0.253283401598924,0.0943001437420493,1,-0.130344999248112,0.254463447097741,0.723663330717017,0.135181939073149,0.820339455066674,0.08369842321153,0.785184882052104,0.0839457816330484,0.626532311148555,0.0897352309311368,0.839380837280379,0.0935593512764836
1.47128674051247,0.072034053907188,0.0532952505851279,0.0112243370063977,-0.355787356284556,0.0788647946356394,1,0.0301751872756651,0.22697271644539,0.616511402242548,0.118402135844536,0.617477105423915,0.0842643059042615,0.740653043984808,0.0809854533547087,0.595203024206338,0.088213307845968,0.681486380769061,0.0901481492062133
1.55042809832875,0.0821868003602145,0.05675785255133,0.0129990879590083,-0.41275505839225,0.0832127409125372,1,0.104329133417787,0.190189937658046,0.680768181909692,0.103879979231639,0.532003408017484,0.104067644538869,0.745005787081511,0.0783710888061131,0.816281052463393,0.0815959823464422,0.678472307329131,0.101966277989026
1.5529375851002,0.0785698466913018,0.076190173565728,0.0149683776555777,-0.38959835445561,0.0720681515937489,1,-0.299442432648978,0.269330668556558,0.812557824571821,0.124811217834837,0.72304414588138,0.0815600249576361,0.790543134347966,0.0815051600655955,0.697743783088483,0.0868474934796031,0.804414564733345,0.087027676422475
1.60388065669433,0.0915744914137732,0.0794307165901318,0.0186330461420033,-0.418728492242951,0.0764614020907349,1,0.0484173814897134,0.201892710959036,0.768671758630792,0.103108947629803,0.797938187613344,0.0802603776812827,0.683685977965671,0.0825612233374874,0.759382931681111,0.0936186729788138,0.607274075389568,0.121095731963453
1.49194989814131,0.076846663166673,0.0538860641178543,0.0128654526441491,-0.346880133137969,0.0806029649339051,1,0.0679883645885883,0.166558202125808,0.737550779510486,0.0965093293067666,0.617825956804204,0.0770011406348549,0.617989950012943,0.082187154654967,0.798926918704085,0.0915662816374694,0.591768823121351,0.105660838904018
1.58212250868234,0.0765637111749195,0.057204709562604,0.0119345463778255,-0.396876888375714,0.0709721705410428,1,0.0876620964103547,0.217669584166268,0.731259914197736,0.108086737697363,0.790875665314583,0.0794495042229351,0.628243382444872,0.0872659628563946,0.761888596351392,0.0846188875472499,0.703649453652687,0.0947666885314612
1.41634009673798,0.071491755411323,0.0337929417993373,0.00788720194373127,-0.336903509968443,0.0943710518142258,1,-0.174376280004475,0.201166093796629,0.751470592776708,0.101573534052408,0.658386843654804,0.0786572209477754,0.690035816663503,0.083310052469477,0.687802531093789,0.0890221250800042,0.578734404766164,0.106488499594255
1.52533034347246,0.0786117005807381,0.0592703276680128,0.0126838070684324,-0.128381611561649,0.110922347699351,1,-0.221582679122667,0.237957684749049,0.929882697996105,0.10090063674438,0.566010724032187,0.0778932569759892,0.70778061065316,0.0761120992678046,0.610548006264935,0.0915478106875292,0.895933813372114,0.095975780874888
1.45570702159435,0.0752095515168718,0.0589397330413515,0.0138042366367778,-0.284383172731459,0.0864841781845674,1,-0.567331996933234,0.247774981058745,0.996493409111314,0.104536080984391,0.568256282580935,0.0909502016789513,0.648803573038611,0.0838679597507848,0.630551872025923,0.0930889845129951,0.543328907282733,0.101033920854998
1.50816731723527,0.0807877517141355,0.0720696780272962,0.0153278886702517,-0.291199873760488,0.0861874996971764,1,-0.0747927081272104,0.201009306233642,0.634876937640348,0.11046090918226,0.745443660087427,0.0797949764186876,0.791439414677827,0.0783481278631613,0.617266169638687,0.0918897846940592,0.637714521265655,0.105042956737191
1.55759913203276,0.0804656249644812,0.0541431819854485,0.0125396098798836,-0.426158742786666,0.0656551879954593,1,-0.0155700376772616,0.220795821523172,0.822964113459408,0.102045159945398,0.635368490395986,0.0893226852703015,0.874976970203061,0.0709626883881414,0.580018192493368,0.0967513092014956,0.575306644064377,0.113817150615392
1.60059489204976,0.0850427552665943,0.074577224529792,0.0164773452881592,-0.271534731255899,0.0829447575649052,1,-0.0611655186352517,0.205754962253043,0.687919303230239,0.10546022788879,0.786118842992022,0.0775177487805973,0.901784476276571,0.0758855622510336,0.695671647947595,0.101699744353236,0.774767938553963,0.101762486038473
1.61139960771938,0.0845416483226499,0.0614313709334119,0.0134277974156794,-0.393614765250567,0.0689636934469959,1,0.0382755155349113,0.266406650595034,0.738401423071031,0.134963648748469,0.745266971333111,0.0821289211532401,0.662577659086731,0.0758246984990853,0.724490598969287,0.0895637469650129,0.817466610941152,0.0992910369826195
1.48263643852932,0.0751837115648358,0.0599199107290276,0.0121602165254309,-0.373281873675757,0.0707703487742509,1,-0.00838949175368337,0.208517375689624,0.659333543030088,0.112510129821717,0.680857678184443,0.0732519524225114,0.769153790168247,0.076334960277417,0.713626740197206,0.0936498852382172,0.640314270966874,0.114127430063852
1.59128801227288,0.0785740342227053,0.0572723849258917,0.0130655902036111,-0.201870257074171,0.0902569851870387,1,0.446842457229166,0.229084573822818,0.593164452945608,0.114047141072141,0.724649827441554,0.0735167372776064,0.798259043005601,0.0766296159149127,0.760050613625372,0.087535151625063,0.626423303472964,0.113606238453962
1.4923491479356,0.0768727478816613,0.0500355337901928,0.0119994886087715,-0.0805389173540477,0.100525385943518,1,-0.186674966705019,0.185326062229273,0.713588376423008,0.0991610179090894,0.82388805352918,0.0753691920285447,0.687282760827682,0.0798852026748503,0.785914135267556,0.0952457589174346,0.718105051762793,0.0992191505165645
1.50949257980059,0.0694483955446972,0.0347689291248883,0.00845148415142574,-0.351659489885662,0.0761399707482135,1,0.135285941033341,0.169449143253569,0.629247606120788,0.100001800618704,0.63967689207655,0.0835123342637622,0.586255394458374,0.0805895274577496,0.79144277297424,0.0811101676457455,0.618072648389871,0.103449287037873
1.429554438065,0.0744136314482971,0.0448672613633021,0.0101535922363757,-0.225669121466694,0.0990062129610449,1,-0.163315249752111,0.217671986054725,0.72265604164464,0.11032606848358,0.6572731607061,0.0826088551970456,0.61785220906403,0.0880355045085978,0.79546510635583,0.076398568462217,0.656891374605827,0.101190344928128
1.58824101688792,0.0828542013334732,0.0587692361282372,0.0130801130176354,-0.243300308835566,0.0998534560316545,1,-0.106157202955139,0.228917103430806,0.817429012551705,0.108017921659904,0.750245185906276,0.0845342780960392,0.796957147044152,0.0866420026238669,0.56860218321431,0.0962553727964084,0.703301702770181,0.101441070513693
1.41260003441409,0.0702388575643287,0.05531687128591,0.0110858994238794,-0.331912819571206,0.0866907665601975,1,0.0958047035440369,0.171087556122765,0.692177603846765,0.0925104283168741,0.597920143576244,0.0830880160521373,0.563374744565706,0.0805230581817498,0.613637511972731,0.0852252897985051,0.646071920297145,0.104263043828138
1.45632612021835,0.0743066922502869,0.0648485009678103,0.0130325420370682,-0.322966127662986,0.0698931736712793,1,-0.157026964482723,0.189597354868176,0.698089246548731,0.0970390227683132,0.787528080843978,0.0825034281769408,0.70463321879631,0.0824889096001612,0.636554975626289,0.0919097113666566,0.767820464870863,0.0829310494827251
1.39847614269108,0.0667988493691674,0.0563969325581067,0.0111141435687173,-0.210388562317783,0.0933519840724102,1,-0.209986885309059,0.210135331823454,0.743115058325494,0.102599394754905,0.620730291332546,0.072292986291983,0.636261234500833,0.0807876535312138,0.506609967097636,0.0953411775475451,0.747693035946472,0.0923741381546213
1.51113489120607,0.079128099099171,0.0670719490086051,0.0134024834426995,-0.387881206437231,0.0677049504980977,1,-0.511649515860945,0.27032831358342,0.939204058191882,0.112440775506498,0.704754827671042,0.0814071819531631,0.667624338676875,0.0746668071419887,0.763857925727286,0.0953073173356607,0.737068035480921,0.0979342701823828
1.45475777429839,0.0778578576658998,0.0527398976367999,0.0123047273905484,-0.238532528278383,0.102937446330161,1,0.0783798159245156,0.212665537949711,0.59037270897291,0.124609145906816,0.6806659673584,0.0820864110850084,0.756813676751493,0.079304193669167,0.596314541603608,0.0931114737003522,0.688156127956501,0.0941538487825528
1.44651968718391,0.0765379352328187,0.0557672260483877,0.0128666340765044,-0.376940430020251,0.0895963975081333,1,0.196136933194382,0.225383995615821,0.567981345669081,0.120209850775906,0.601630137199682,0.0859663739780798,0.676828817004321,0.0842717730742641,0.66900465098934,0.101193660829356,0.718344493266213,0.0912592040355283
1.46056931611541,0.071860350592556,0.0712037499847607,0.0153306392997823,-0.0880286017561399,0.0933126653727831,1,0.119224470555459,0.20894707717892,0.680991729271217,0.1093509833289,0.587878079821891,0.0839674622942874,0.663155070957476,0.0797991450913077,0.758761658979914,0.0786831283054575,0.717185287335617,0.0961637522171326
1.50819549691226,0.0838437500769428,0.0760767074952923,0.0159498902306481,-0.443452928486546,0.0765248835619379,1,-0.00362661844536458,0.239226204694209,0.731908525121364,0.109877041817312,0.607439121396924,0.0866507702543617,0.711861608009895,0.0884901341435028,0.75001607572776,0.0884929776953381,0.782049539531137,0.0970577550964304
1.48146104833038,0.078380292290765,0.0591994995775627,0.013683279961951,-0.259931447741048,0.0863971134506496,1,-0.00473943947652452,0.203116719597352,0.646819115167271,0.125229431052273,0.686712794839922,0.081506161982986,0.698302601805535,0.0860513180800836,0.789101453573815,0.081557726974654,0.426899943593061,0.113768350863059
1.42733438916367,0.0834932603473403,0.0658038913475121,0.0136996748496311,-0.296705239259221,0.0989688307667393,1,0.0200539603400521,0.220877704852394,0.604628537842169,0.120419091170974,0.699372346482438,0.0899017787666065,0.756153503214472,0.081259739260883,0.686998164569962,0.0926660377174111,0.484024170559129,0.114198040523593
1.59742575517509,0.085435607667444,0.0701089975058129,0.0166303980773767,-0.366074846228146,0.0890918935843127,1,0.247323154387461,0.212031760972913,0.690757514749623,0.106143619985626,0.769217562377569,0.0826491517202306,0.632784288651938,0.0855281441244355,0.665332852051282,0.0945089273631927,0.806872853751148,0.104744024531328
1.51459631814858,0.0837891630429399,0.0486946978402559,0.012581051842519,-0.146021832334914,0.112828426387968,1,0.41686610206644,0.190578457173858,0.538646638511385,0.108745588252241,0.637643460172845,0.0849970172856599,0.688440000558349,0.0837189787989657,0.593767379408127,0.0943573290635179,0.689384377980186,0.11017111699995
1.43046627524198,0.0735772653566725,0.0469685291057375,0.0108459551378229,-0.33496293164431,0.0746494465513137,1,0.00842419607882163,0.182088073596369,0.610030732347736,0.106047581305895,0.7224366236632,0.0788422910202323,0.664997900803012,0.0781905521153783,0.596018834460721,0.0994231744155244,0.755760282698712,0.0964182883030553
1.51193661870744,0.0736519257657636,0.0590171590979974,0.0133639378502858,-0.124659424056039,0.108008096603003,1,0.417378808571592,0.194262386372749,0.445240030232316,0.123777424278426,0.771569493313427,0.0733921087496409,0.62931665526477,0.0802522664260579,0.759283198046295,0.0774190980874831,0.669954882348179,0.103343043085809
1.62151129558406,0.0866877802486824,0.077707730134678,0.0163225011933536,-0.354466881471801,0.0832416645978426,1,0.0459103990480873,0.254888686451285,0.747074247052993,0.124229114417565,0.728340093189859,0.0837038066252954,0.779041090266333,0.0840850255060021,0.858149453372159,0.0890048683452611,0.735394214392173,0.104944310270395
1.5109427692382,0.0827163206747685,0.0567849493977384,0.013007221771179,-0.304568247371546,0.082453653267884,1,-0.0604613226081419,0.224204821125334,0.744069596673957,0.108922134845502,0.662184777529605,0.0797921157655156,0.683239755049279,0.0786318017555312,0.847493356692807,0.0878572315661695,0.575472741160139,0.108033723371975
1.42625194590069,0.0750007850186478,0.0570139980799378,0.0136443258399926,-0.203620382675303,0.0899663467249881,1,0.171428472932066,0.20989258321866,0.443967136182511,0.128263376337033,0.779876820979457,0.0803216885397787,0.638565422761059,0.0800835606360464,0.54024441112741,0.0964623229408701,0.563928961349559,0.0983497146535289
1.53643353444514,0.0686028854873671,0.0464795821130883,0.00895143261746185,-0.289232499856628,0.0851357058607938,1,0.420101966570135,0.202650354975145,0.558324993025188,0.119194899889297,0.683233630630315,0.0817341710023447,0.651737929798625,0.0836404395142718,0.726179556826052,0.0834531597099081,0.626487594832661,0.0858089992573545
1.52038232791665,0.0742615708975106,0.0519356568753758,0.0108399091955078,-0.226818049259409,0.0799379263199813,1,0.051883487095634,0.212748122732312,0.661104312302501,0.111181636974386,0.700354798666093,0.0781403016236763,0.732588691374717,0.0811426619045669,0.674603926969961,0.0874240610999206,0.624921584177597,0.0915810420694768
1.47059906743198,0.0812170127015987,0.0428257097843992,0.00944348113357381,-0.354832486578491,0.0833459887708589,1,0.0140836832473273,0.200433805928778,0.679513912532532,0.107326915584291,0.76474532721422,0.0787095461099238,0.650506367816687,0.0788181415692306,0.674715824118819,0.0912961304934641,0.49795515439344,0.116862679575142
1.51375836402109,0.0846179524089148,0.0667531421474248,0.0141835769825276,-0.30862548346592,0.0934246546713904,1,0.0333407932797682,0.198655425364232,0.611207377390265,0.118171568231076,0.674450235671379,0.0867898051413232,0.739522311908684,0.0843829030726849,0.69664307828651,0.0894851470906559,0.736220184720008,0.0946698952296307
1.56534779845459,0.0764094986762816,0.0628728293174151,0.0148151689037467,-0.245689285407665,0.0888030122482712,1,0.208904835797752,0.181064537513838,0.613738133018715,0.104376361418009,0.637315429719119,0.0810450676324616,0.871208825197529,0.0677705290908274,0.608390648231662,0.101293143996697,0.772343898008015,0.10197426094486
1.46346904004897,0.0835424809011208,0.0570910391229498,0.0121458402093911,-0.260236676163292,0.0992042911960432,1,0.131218527457376,0.221456366197177,0.55587006303096,0.117097681369209,0.737259891712415,0.078171289079249,0.654155648893157,0.0844186566429243,0.736334494501702,0.0841050604924336,0.619320132239259,0.105245337599909
1.55023293421006,0.0881651860640073,0.0516283914115118,0.0114107801993974,-0.40042731122521,0.0814691168321628,1,0.455655546269414,0.187795348064233,0.534585341232914,0.11675639426828,0.695555575200468,0.087013195187325,0.780171959663293,0.0746221203271113,0.686068393577716,0.0924114865981634,0.703755263783798,0.0975020798648758
1.58163742149956,0.0971244622522986,0.0745947135713939,0.0171421787790686,-0.350884108518645,0.090461509554418,1,-0.0950672225391831,0.185892652321991,0.742093264889507,0.0962725627039735,0.694628677047047,0.0850451988028178,0.698383887131791,0.0853563976027879,0.68249280388618,0.0905147910389809,0.755976367080597,0.106713047433624
1.48583187981074,0.0856920374885537,0.0655384067675842,0.0127920664481095,-0.285613682413662,0.0823830061308427,1,0.109599357403547,0.199701409560011,0.572485578237187,0.123731405098313,0.744321158408359,0.0822409912148625,0.710787021132909,0.0780634654954323,0.671649990293686,0.0889734583229126,0.628678620109021,0.106919418891801
1.44040497046188,0.0831448469088147,0.045464250192596,0.0117576486301481,-0.310892205518284,0.0872169973055404,1,0.0378279702076156,0.183880220582193,0.593621527724586,0.120267593910119,0.786868282065455,0.0749219480816885,0.679905736609555,0.0752065587667135,0.553354849435694,0.104612139571667,0.593657641853749,0.117129467525933
1.40136308829936,0.064224726096577,0.0390117164483653,0.00992148482986997,-0.219043715256486,0.0884880193587683,1,-0.0950274637096041,0.228768015419635,0.799898105742507,0.102225552423955,0.504792750756956,0.0838516071612991,0.504220949166324,0.0823619387007078,0.622195164201089,0.0860634270826916,0.616852768062979,0.09776240829399
1.38180178192039,0.0728204288047677,0.0535101005411586,0.0119670250001721,-0.231930045124855,0.0974171952423872,1,-0.024275528059031,0.1843534273794,0.653448997531689,0.105829645213111,0.60039645246064,0.0810450807264332,0.621223004474885,0.0887283205628977,0.71639059354393,0.0878237992186743,0.535475168229801,0.0955673435748714
1.52498957085919,0.0940501406382371,0.0800822494496204,0.0196641557466987,-0.319799800105723,0.0939765974045654,1,0.203087839638477,0.217960499001628,0.533907080826226,0.147809088308896,0.703635897855008,0.090039383419924,0.770998848408022,0.0827765138015237,0.66538328771082,0.102100588117508,0.744735912833522,0.105975234556036
1.32506370354313,0.071208909170054,0.033005918816235,0.00851826676601688,-0.222803465088014,0.0861535397935545,1,0.0898378981985275,0.19394396990474,0.473963391295961,0.108222813075289,0.65166320378745,0.0746983625396413,0.480800781948226,0.0917374435400929,0.622743736353688,0.0843330766548184,0.538679052017738,0.0955979082170365
1.48998638454458,0.0861064924149118,0.0760315878000985,0.0155295348055319,-0.157207384854997,0.113761262453363,1,0.0732729998870199,0.247780952001121,0.643222706110656,0.137548069091304,0.615041728761437,0.0922507187335213,0.713510337049423,0.0789158686649766,0.739768007150949,0.0838117163060541,0.719776882596298,0.0896906159246292
1.39068949570062,0.0662763828804419,0.0428144115689982,0.0101550855608505,-0.279815660317435,0.0889309503656964,1,-0.0270798022820633,0.188552241777484,0.68641304367551,0.0972502793696898,0.581721417342487,0.0835254310350713,0.623403710026251,0.0876602976133258,0.612921742086358,0.0919517385814942,0.729879668178889,0.0896033323259976
1.41991818099062,0.0743678186407944,0.0680516934155989,0.0150327794268648,-0.254854193591752,0.0868811918662272,1,-0.3332019834174,0.200410333400911,0.784952442983481,0.102358854005604,0.707445358707935,0.085611071024913,0.645046321077817,0.0802940793679489,0.803971125975137,0.0822780601100854,0.710954980966315,0.103017337301845
1.49501815571633,0.081690519802802,0.0612453343140873,0.0130844742556062,-0.249616381967345,0.106573834521039,1,-0.027752407038422,0.259570079870658,0.841677787666853,0.107634892618263,0.635083105310835,0.0858022134304618,0.594283265273199,0.0900275847077571,0.775902285489056,0.0868633145746688,0.683149800451794,0.0987108636278375
1.46712709755914,0.0800893469881744,0.0556731493753433,0.0136136996166906,-0.322687359162559,0.0830568331098375,1,0.156618801250339,0.187469715989823,0.553568036290669,0.111307021150766,0.708571447512845,0.0853106935274234,0.563541756894556,0.0851916722034663,0.738456911525832,0.0924819323379967,0.498207207649461,0.110684040842687
1.61558808184695,0.0812521216148309,0.0612259437539227,0.0118859177222386,-0.285392549932355,0.0713962980987357,1,0.0309656421935989,0.210352958084629,0.768629243772732,0.108571755651611,0.697009231809303,0.0877674206102258,0.812834723562074,0.0841436502934298,0.778908506820354,0.0826974201778299,0.689815261031799,0.0892380841843804
1.57102241128341,0.0888668713033962,0.0659564346238206,0.0135716868224021,-0.325528081648249,0.0839272099357821,1,0.057081066418114,0.229647856810755,0.733019237291885,0.123422525417462,0.716718465836167,0.0930365409738034,0.698170555180248,0.08217083387605,0.773687090046328,0.0847975555747721,0.62134991065121,0.106373159150596
1.58507408621712,0.0836274772494137,0.0682244828713893,0.0155448861257958,-0.0786493700127406,0.110647167369791,1,0.0841958721376712,0.210219892127646,0.773609919081665,0.104568755106457,0.768126282470364,0.0835894205945914,0.747663111589309,0.0836441005518853,0.788669720290424,0.0806806549003444,0.684889264365813,0.107701809323069
1.55887936147284,0.0855088053001371,0.0847574960889408,0.0166312113522726,-0.307195206909429,0.0864355793955194,1,-0.100233108264602,0.201429588085896,0.663115706594641,0.122510594366294,0.811971900773997,0.0782346519472504,0.897602248012498,0.0778949259986501,0.737640696698406,0.0979578140536551,0.728820626883765,0.0970663614344555
1.49450606596344,0.0825939516456754,0.0572434685354018,0.0125395369183957,-0.313859887979844,0.0853684349259892,1,0.0755074450901023,0.193504009934667,0.66529695731498,0.098849003068539,0.738808481881547,0.0805847572333516,0.578212089683173,0.0906620971344375,0.805769624130564,0.0835010363273504,0.647499787243944,0.0942415433179208
1.45626089410374,0.0702488599664827,0.0424813509364139,0.0111517368368871,-0.270996871224658,0.0768235385482303,1,-0.231921315481447,0.191535869729821,0.79123114605805,0.0964562309191443,0.734537901252583,0.0767807670967071,0.471388447793153,0.0935093161029376,0.660628072842708,0.0907923318219634,0.671629918282862,0.103255471337861
1.53760092258887,0.0857195859725629,0.0673240813079007,0.0138754523634835,-0.27304074882577,0.112722757885674,1,0.14733367967742,0.251681968192969,0.642620696358081,0.12895755717923,0.787052571854982,0.0897204014031971,0.760448420896563,0.0798509832515922,0.499590600701108,0.0956753326087134,0.770015183633158,0.0968220697775592
1.67181034908135,0.0964048110148367,0.0656488553127784,0.014977930605496,-0.363441747234809,0.0948853449257752,1,0.208608378419692,0.215023138947502,0.75628095368649,0.113125609392808,0.752318558906695,0.0850486094653557,0.888194621306469,0.0783604445251922,0.664054965771204,0.0935326987096404,0.723688332061867,0.115213509499192
1.4259715610837,0.0797538045137405,0.0626384491888967,0.0138247306463408,-0.317181844987696,0.0811240297064934,1,0.0370151334995984,0.218123372749313,0.601646459171727,0.124616408167383,0.640339757193386,0.0850497780971613,0.689359632969949,0.0793669028277029,0.550394399531107,0.10048007541796,0.779467571935161,0.0936086820701495
1.54172060099112,0.0843229543971653,0.0477121995650991,0.0104182793161278,-0.373833521595561,0.0823169823289276,1,0.184728681993943,0.204355880287794,0.540507300201697,0.123190959986285,0.833997404151704,0.0749987341682476,0.738610359879222,0.0882096129248086,0.699787215679859,0.0870076460815577,0.534226917575957,0.107418129432114
1.56098503237495,0.0775667737409123,0.0716793601073909,0.0148116389610618,-0.362221078042243,0.0766308228736352,1,0.333374820666609,0.165247864936172,0.578409866670996,0.111574769343557,0.680034321887261,0.0827292381984597,0.615849409263641,0.0872214338197879,0.720705818029769,0.0921208234114462,0.799335068115339,0.0910675863260617
1.5735039262454,0.0819329684098062,0.0635474931861864,0.0145988011968703,-0.202170071383392,0.103549531161509,1,-0.12389770891405,0.218070353697591,0.782576627527877,0.115825505344861,0.735449768409583,0.0751794775349604,0.764784099388347,0.0804676201421072,0.725615146960122,0.082298515963827,0.833978745651562,0.103764556116773
1.5375028117217,0.0763076816102463,0.0781727259634134,0.0144659303057522,-0.368732677790971,0.0736468237320131,1,-0.0434908909027655,0.198525844893808,0.632111274120212,0.1158014898776,0.748498828374801,0.0824884125570886,0.755058836132177,0.0740645854492129,0.891067295701816,0.0760664397835169,0.507818285041182,0.112202928885586
1.46684436898191,0.0777321008623031,0.0413147842139795,0.0101203515663389,-0.369357831937487,0.0828251714830325,1,-0.128861350287036,0.209247397369099,0.738233212380303,0.111226267432617,0.598697001890589,0.0871124038643823,0.859872519752575,0.0735896758516885,0.469456792082601,0.10576546100299,0.489006973421025,0.101871692208055
1.54607580742803,0.0798319733278454,0.0648706147175437,0.0142392084791076,-0.28476136037174,0.0954822016914295,1,0.0794888190902755,0.215742056583822,0.653955457855885,0.107754007898015,0.76400827501714,0.0800403163337962,0.601412755116014,0.0891839358954705,0.727845662588761,0.0902289044617432,0.680369729066711,0.0979955411749008
1.42697363829857,0.0848521386280153,0.0647195310693568,0.0140096254710974,-0.357176120762862,0.0930064510586724,1,-0.410249605030204,0.219267694703449,0.758558760467858,0.114590532369842,0.719460682867826,0.0840541248255677,0.601496081529002,0.0855020709101304,0.781505286000528,0.0933344056846468,0.574561943121064,0.12039305473074
1.5859609805344,0.0879754956357601,0.0699056128017851,0.0150860427482853,-0.34351676658763,0.0862862949519834,1,0.189345189000402,0.187582295125114,0.784332856157916,0.09127962146805,0.635147294865347,0.0853670104590434,0.720411050893729,0.0869410249954994,0.767808677764926,0.0926447519653448,0.606415198915997,0.107334891115411
1.41634210871126,0.0747436779637983,0.0428463247166206,0.0109114385785856,-0.136511314186384,0.0906756935504177,1,-0.309349462572157,0.241011527503147,0.813157945793548,0.113643978750709,0.521032963571437,0.0823638854152749,0.717128498949943,0.0766440786922043,0.58834651527123,0.0956912515511348,0.732610011688614,0.0943175116244967
1.56046409552611,0.0802991864905927,0.0797268172797734,0.0164274159927933,-0.241615785588604,0.0992487157522827,1,0.256824991233453,0.2301086993068,0.585835610187035,0.109431086659513,0.824213720973286,0.0767266587871703,0.672546328723088,0.089017035398709,0.686890738104415,0.0924431641094309,0.733179545180912,0.0919734337226487
1.56169697458188,0.0813718838510887,0.0897829839655436,0.0180651544898715,-0.320981990064171,0.0896107385672779,1,0.218179381237027,0.191959909928753,0.649153803555739,0.108624875670743,0.748975204655467,0.0762671902884061,0.663271378653364,0.0842298092939241,0.745683054924811,0.0918038752900566,0.663560083596772,0.115825276391743
1.44664334540248,0.0735119302350751,0.0462475614358593,0.00998645462263436,-0.22886643435147,0.0913857791397846,1,-0.252727486907894,0.233610867301272,0.821275401234341,0.113945606799505,0.584199344205721,0.0870085057609581,0.688428725595027,0.0805200773181165,0.613282036697851,0.0891340334125116,0.789566671508585,0.0875178609662558
1.57056406166824,0.0780821071844397,0.0607491263749815,0.0138283804235479,-0.186434925021637,0.0957951295268906,1,0.277125064078604,0.200526401088851,0.724436013638468,0.10365612060699,0.612361868259472,0.0858299034254586,0.663085601972559,0.0921987415122053,0.750252704573887,0.0896455151423163,0.87324605816011,0.0867249871348537
1.43834588313202,0.0754175888702556,0.0549301704330405,0.0135013753679708,-0.0429317357744182,0.107563661633477,1,0.238896682699723,0.243130492910359,0.478309685391,0.138059113230142,0.745912357405139,0.0749376708451441,0.554008739443844,0.0874557191751805,0.734347054290698,0.083572446820615,0.454672860639719,0.120031963239414
1.54408787682099,0.0791411572442455,0.0656209123960734,0.0144333986635426,-0.173772669728522,0.0933828227683804,1,0.010557963958676,0.240585063537818,0.826112198323349,0.105933896433741,0.712188777432752,0.0754453082957348,0.69599644086136,0.0833243632043547,0.70040884431934,0.0898426906600726,0.562469828122934,0.105066293887123
1.41755373165764,0.0748387652166483,0.052691881391503,0.0116598239413261,-0.154338923866473,0.0995468265450645,1,0.355559824219675,0.213274083914303,0.491384585622172,0.126141541997592,0.590469631678024,0.0860391191882727,0.691269228527856,0.0808279316329627,0.5757524495607,0.0888117087394078,0.764138845457342,0.102708178239773
1.51181939039117,0.0819266140303158,0.0665088225118252,0.0152769844441214,-0.279250632494489,0.0930093047078061,1,-0.0759513185642493,0.217333043027725,0.777383113360807,0.103049991163826,0.679641844202438,0.0812066853423644,0.523565589494831,0.0868191866844926,0.760343880916458,0.0933062523175887,0.648467370844304,0.103727397068536
1.49613281245927,0.0746228561856518,0.0697712467112577,0.0154647981591891,-0.242421359522403,0.09599703589059,1,-0.0430905651487675,0.227138841542925,0.726999529169774,0.115415667272044,0.621579572855387,0.0845284167401798,0.75536567182082,0.0731883210773888,0.750153078820981,0.0868993553955783,0.720478358469681,0.100723945124979
1.58859579008316,0.0838263200136556,0.061788514161728,0.0143810293878293,-0.363533081367125,0.0822562718885425,1,-0.186193744868428,0.212016669877792,0.799566789536548,0.107383676281366,0.760078505469763,0.076538706656776,0.678183182352444,0.0901742428849669,0.886053302286351,0.0849239887837014,0.790481204827733,0.100054368846526
1.4452437461563,0.0787002888469221,0.0610039211987553,0.0132690644207372,-0.139134006928188,0.107043175381489,1,-0.149943303635641,0.223141827574637,0.701019718383509,0.110044307757198,0.665305739409251,0.0871967662965681,0.674307920545418,0.0795475786765169,0.737914494281028,0.0870653274192413,0.748719639622162,0.0960015046029487
1.54784742291762,0.0829986204926327,0.0742633449252759,0.0155482701862582,-0.302098039106433,0.0892535373749848,1,0.213021523059818,0.17089755094424,0.489237701170696,0.118088482313587,0.812817261480865,0.082051863331919,0.6289675426282,0.0914774268473319,0.778277413486217,0.0862281001473632,0.711654013236812,0.0994435716695799
1.75225826111183,0.107732795679049,0.0848006159649998,0.0183694544692349,-0.415341665127037,0.0797825727438469,1,-0.290579441702054,0.26269520265644,0.998875125354193,0.116560361141985,0.792808437762317,0.0920184913090966,0.868409110611106,0.0922907660992406,0.724137107068526,0.0914920781954832,0.938164732371073,0.0879544791328922
1.50213888449452,0.0837018687998816,0.0834892204845718,0.0154443514146186,-0.263156667320193,0.0913262683481475,1,-0.27891652622391,0.206969352186617,0.789764198175239,0.102576711589314,0.701961298016805,0.0877356777473096,0.681382584338388,0.0835762656599849,0.694156385030941,0.0852592109392972,0.733092917973709,0.099338497292637
1.40368330867367,0.0744988270742645,0.0439727556789634,0.0102454475941821,-0.367834457471519,0.0831180229404005,1,-0.127996593598898,0.171707444766728,0.722967722255559,0.0943159257379479,0.68927411022755,0.0823118418512307,0.530674596405946,0.0957681745045601,0.575950398732831,0.0988197316319425,0.711845152828094,0.0927060808770286
1.57097727202221,0.0781604506425125,0.0748004530889696,0.0163557422124233,-0.296882321485247,0.100674064562991,1,-0.142199051750329,0.254635856252053,0.71437293351272,0.135723285228316,0.782933183687478,0.0805472785661481,0.692246659608167,0.0802831771281244,0.80815608789424,0.0839431473091399,0.614442115854962,0.0992831831424729
1.42046184711736,0.0750762552970809,0.0465818368527705,0.010327873289444,-0.343140151365075,0.0780319830014799,1,-0.47655580310175,0.266236880199173,0.832308837321105,0.11795531223433,0.642419648338689,0.08597048121943,0.644892676389268,0.0812031703202109,0.654183977433221,0.0825634012215173,0.569365363711254,0.105016958669281
1.54340384369902,0.0903837702912677,0.064114387213804,0.0137821548675037,-0.440439812189922,0.0751037088786211,1,0.204134550755814,0.207432269923299,0.624951836604124,0.119546686795876,0.680328394574589,0.0923178852044601,0.800815853653024,0.0784728750360301,0.805659445989358,0.0839185797619106,0.755922581431015,0.0994831508574064
1.56033167716843,0.0813537620434174,0.0555414899074475,0.011801651766255,-0.382207672664517,0.0731859741945639,1,0.20639001605346,0.197616186174998,0.619828754605445,0.113490074231411,0.798148637957466,0.0718558927329183,0.661372192465694,0.0846936537452215,0.8563176795522,0.083981210029413,0.748416673835673,0.1030058888853
1.41983929864719,0.0784012343723201,0.0704874346201839,0.014493389451064,-0.351766441953369,0.0715735489687848,1,-0.193509589725875,0.248303155886278,0.672058301627082,0.134807854778223,0.660422061034146,0.0848847460341134,0.731917273812842,0.0791447153359093,0.689669557050833,0.0929632499481142,0.711772126628526,0.0912360253046554
1.5286329824414,0.082208538665385,0.0649565944019824,0.0145461043149242,-0.338004241897044,0.0845318989374884,1,0.0536627419520024,0.213429772590929,0.631783430319106,0.126937347511427,0.68022802062797,0.0845553865998739,0.787389706644526,0.0838081935797102,0.789658012738058,0.083500938565688,0.646016782412247,0.0957729178469723
1.52932129436081,0.0821201604534221,0.0732754025809593,0.0164000624757619,-0.206716161059372,0.104137896650921,1,-0.102433267914771,0.175211574159765,0.689166631850898,0.104231029423363,0.755335164155015,0.0810942437765478,0.715647766486358,0.0797435606979412,0.689049956686771,0.0989609234821148,0.678095028740273,0.10796844579739
1.56288490848159,0.0856762705860699,0.0670085968813354,0.015722601968889,-0.418685660388039,0.0762163168747134,1,0.28209092816111,0.182519504917317,0.592433875668568,0.10772278944794,0.726874512225571,0.0878178099638429,0.694437506519313,0.0890012171066651,0.5771110811447,0.096355388446603,0.765349440141406,0.104099322763209
1.36284246771813,0.0760934695228236,0.0672986117245384,0.0145981876257664,-0.261751138559329,0.0956149055703756,1,0.0504043493723502,0.206874212235287,0.528114874870468,0.118507410945608,0.676981584390412,0.0823268011636524,0.521074554118111,0.0880535537871962,0.584353722409371,0.0909140374095568,0.698666828681204,0.0858737780642723
1.56084087325424,0.0776861474147346,0.0543774633294931,0.0130959993316711,-0.410766103249949,0.0807360298115709,1,-0.020849066737618,0.207053340802893,0.754829427756741,0.111078633011196,0.835235360797861,0.0730515211264382,0.621188482153621,0.089146686854927,0.571455195862147,0.0971734452252822,0.611003992517745,0.10496418671891
1.50699929075542,0.0892774272195325,0.0579976548227726,0.012613638273429,-0.419684333498023,0.0725719805758421,1,0.07848205747772,0.220284422763934,0.552476001595638,0.131927733507079,0.711087125361505,0.0875537488865743,0.660832339111219,0.0868684699092248,0.765069341930641,0.0886226501805826,0.776201081810685,0.0989071507786513
1.43897683447039,0.069282598570015,0.0579933055903912,0.0137172312011695,-0.107651549166768,0.110629908131685,1,-0.0684407500574748,0.20468801586214,0.758324638934707,0.0952787187307591,0.644695951906053,0.0820471602459795,0.557808791248194,0.0842566912653811,0.692030351240015,0.0847771514373373,0.738750878416155,0.109853899380845
1.45486271061749,0.0785148229374598,0.0646340687137889,0.0123873361231214,-0.300014667218501,0.0895725943410711,1,-0.339332145673537,0.241121636007936,0.801834026925509,0.117778998068469,0.666770090443499,0.0851015749697658,0.70547185855335,0.0796231011887643,0.549479166580366,0.0878729792140151,0.796795912647883,0.0953843368480452
1.50638363400789,0.0751292937220421,0.0611363051548688,0.0130409498688652,-0.236810194498077,0.0745473523880189,1,-0.140929115040392,0.212776538032296,0.802960093025999,0.0926799784470088,0.714478256643842,0.0715798887241223,0.581495732244189,0.0850694700240834,0.783185725838868,0.0909938202805266,0.506894038109466,0.115254981294537
1.55805646705562,0.079197689072699,0.087575104258909,0.0160625876349604,-0.286254601882265,0.0879578963906588,1,-0.102256270940231,0.23199424814985,0.794065479427991,0.106939071552629,0.61776988334244,0.0879762497247601,0.700837968286468,0.0795969809231742,0.797429575278415,0.0868092770961808,0.826139863939176,0.0960729955267337
1.40562286327063,0.0673961698608644,0.0534630138367299,0.0120829440307568,-0.132151634964427,0.101784496557621,1,-0.174178248384901,0.219458557541726,0.688868800224304,0.121007584277978,0.683489390550682,0.0767414218036022,0.754242443615112,0.0733519848983356,0.552713345166734,0.0949307974097167,0.414760116807681,0.113450005623584
1.46980669510505,0.0780854434089106,0.0641770999548859,0.0140644880956742,-0.287804432990704,0.0848029206854328,1,-0.00339684166212983,0.179807898333562,0.737014969411707,0.0974183645147332,0.566528199727871,0.0911533258142537,0.732003289672747,0.0855156944665348,0.568493793108781,0.0968644196717614,0.617558427252595,0.102752495791419
1.40604279520473,0.080896381698402,0.0517543633025788,0.0105053210401555,-0.133133142723016,0.0941760155481393,1,0.0613219946603975,0.229144470755155,0.599923355425983,0.133331069688014,0.705380957765404,0.0795108161026377,0.582251640753545,0.0816556831454314,0.669707600891372,0.0927040989739901,0.707496447380727,0.0983527000372884
1.46609112770335,0.0752713882339922,0.0415962751315909,0.0104749256484514,-0.17163934450776,0.111238140344226,1,0.112970642255222,0.189049345502125,0.648366367978366,0.108358109790672,0.643265475432875,0.0910044555814279,0.69964293833857,0.0863024250390782,0.56003271856003,0.0933784623726761,0.741070625164922,0.0893866327890844
1.42652416793357,0.0845558069786991,0.0746851606938209,0.0169366078043967,-0.284978033692205,0.105905763423009,1,0.133069232003287,0.238985562934267,0.423074950935322,0.144966003931549,0.678616171522966,0.0804829912031328,0.673279445457154,0.0794060190427187,0.550069752983288,0.102610651435838,0.632073817902742,0.111748341990389
1.52320146636176,0.0833347933448837,0.078832381886905,0.0144826173186933,-0.457779971531129,0.0641473403034724,1,0.297996451004079,0.196306074383426,0.441666007749144,0.133068627424198,0.803600300891307,0.0771724470760595,0.705061375880158,0.0839501564816784,0.783404476771007,0.0873880555111604,0.772596759898709,0.092996249238853
1.34422894416292,0.0622921298223712,0.0267549818010586,0.0075190632059218,-0.217460927732639,0.080075330378568,1,-0.0250829850904315,0.186261552993141,0.668707986540908,0.104948583840731,0.663493719504925,0.0755745700020702,0.49846463201464,0.0909620440816011,0.501145536854854,0.103015228695826,0.59892266836845,0.0962447618275756
1.38424616859617,0.0795609849657052,0.0503774702678004,0.0124238298580414,-0.0939661374387539,0.11120865613085,1,-0.130514490537534,0.214294789243401,0.63347528074958,0.118554553754692,0.664705238306623,0.0830729089379513,0.692326214812739,0.0786191482912214,0.463534106694743,0.111870496897949,0.671663084551648,0.0941311173578813
1.56894364969109,0.0851755543194328,0.0727263630401049,0.0152621563195696,-0.354124644204519,0.0712678461006738,1,-0.0301577541712317,0.173979453194237,0.718843902442083,0.0985948889830161,0.841229110157216,0.0761912187191258,0.697820404538254,0.0904477755004641,0.762999150294027,0.087963335878079,0.867475329985444,0.102244031073482
1.54239153200849,0.0840088373131889,0.0601075659515548,0.013213269246345,-0.311068393851188,0.103560766170056,1,-0.0957293963889545,0.212388885055566,0.654974033166379,0.122849882960238,0.814647547555007,0.0738748373323185,0.646792573541458,0.0844749285612033,0.588500868010301,0.0926254722016556,0.74861433416055,0.098519709552188
1.4254520786452,0.0783704987029666,0.0546169621810462,0.012197569856685,-0.360702326031633,0.0812216054112645,1,-0.582380060784224,0.217203040453384,0.872707727500309,0.104249588974318,0.737405951504981,0.0825718659675176,0.66235102203474,0.0889459582916217,0.71666131807754,0.0879213214576691,0.569372234503808,0.106215997530154
1.57830195717154,0.0837705632897228,0.0713330774755087,0.0140714245854656,-0.381545872335353,0.0708534011421345,1,-0.229488303964277,0.23194500296457,0.811276225759838,0.105452677084306,0.744500509435412,0.0767858607340982,0.899709352223671,0.0837137127350438,0.701723724676858,0.0928381402882358,0.780458351736177,0.0942077694210027
1.50512359492532,0.0792717487024806,0.0572500310339431,0.0144014064464693,-0.148936734267566,0.0955626149100254,1,-0.0243724161328068,0.21738433477322,0.738320585061209,0.113238321689528,0.576512468834206,0.0841977666763688,0.821069779555854,0.0791386635009001,0.627074256477266,0.0961390358309487,0.466144119528526,0.123424937741293
1.51081827599414,0.0784253224261011,0.0776292950748526,0.0152473359307143,-0.269378895518433,0.079992288875475,1,0.0858794778801915,0.219600550202737,0.615361063410792,0.130265722107856,0.739203845391657,0.0760349497957365,0.717931529717449,0.0803205390106831,0.764454765223154,0.080048910391669,0.727812898030476,0.0983523762059944
1.50765079365458,0.0843310316740681,0.0517392584703857,0.0124061163937219,-0.151428067637723,0.11266708461842,1,0.187585101664562,0.213082327256914,0.738611581909058,0.115256557705669,0.655825608281343,0.088271716461565,0.643393205428558,0.0860310889072376,0.611194852455213,0.0890871276786599,0.723192272354171,0.0995037382539257
1.50725983077135,0.0850627138993146,0.0704195405860615,0.013401630339506,-0.195635670649883,0.0883834800748961,1,-0.106253640498066,0.195875300749967,0.771564570240337,0.101602915379999,0.644322991695105,0.0936012411559799,0.779027280455896,0.080545679490558,0.613332994530621,0.0946991428645682,0.731502661923723,0.107861132965241
1.53204913687554,0.0824207671967666,0.0608107466817404,0.014038832729849,-0.168426715300435,0.107645029386659,1,-0.114460225870632,0.250455294922623,0.76806916510562,0.11656839207922,0.677095293719438,0.0865626842702386,0.655284484027309,0.083926413785895,0.780073487100758,0.0897231399623588,0.726154257456593,0.0946321361969832
1.50556472988069,0.0775647300625401,0.0547682878451229,0.0126084340150293,-0.255245947159841,0.0894630560108905,1,0.145983528416327,0.215768274082479,0.58536267610675,0.116742490862596,0.754404698315703,0.078019275719527,0.764482711582706,0.0730234491026019,0.518295891064102,0.100352190275886,0.743546619137754,0.103973712543472
1.42226546207645,0.0735253743578016,0.0588691483488085,0.0125524017272149,-0.301952148150571,0.0684271026591052,1,0.158497528414359,0.185759873462564,0.523259380420943,0.103289048396867,0.738377941289748,0.0688959572612973,0.569638136035021,0.0878477139174828,0.729129108527827,0.088728412268455,0.507583681165609,0.106897049611896
1.57642037666601,0.0803513536296836,0.0351835704201815,0.0101191231088619,-0.355420527498926,0.0861787055334025,1,-0.102198882905408,0.142010771347666,0.897796189170681,0.0779472142566764,0.552651225939628,0.0891632563828492,0.767927612694638,0.0831668270062347,0.75131178083092,0.094680075768809,0.4502046527999,0.116540923417184
1.60208185728019,0.0805717202344062,0.0763840527365755,0.015191686532875,-0.217111737072368,0.0915996693362893,1,-0.172265702307514,0.281397797671014,0.75055456126564,0.133522488321061,0.771581964432543,0.0800836645571711,0.707715049713771,0.0754976881130816,0.79272819907112,0.0878522219392117,0.727225848849996,0.0968283117103602
1.45398284383678,0.079379248416738,0.0501052190493122,0.0113246445130418,-0.257826504797154,0.0917187082315263,1,-0.0811647887816719,0.190483857299765,0.561835850468817,0.113633187601407,0.769457180453835,0.0826298179833189,0.764417733526939,0.0759166493488569,0.554628741064551,0.0996653151539567,0.857636805936173,0.0844540956527762
1.43618132187742,0.0763673612797319,0.0516357348253749,0.0114286892102884,-0.31174131006754,0.0865971075131956,1,-0.277172113637061,0.215969762786243,0.718542351756237,0.108578371281527,0.742628673170238,0.0833946064075812,0.52507272240376,0.0835689202333028,0.670079722505487,0.0901205167437655,0.666507308480077,0.0919663382882925
1.7365722553471,0.10201946922336,0.121593320842974,0.0236487679334748,-0.516013269690746,0.0598993632547931,1,0.178517769503752,0.180275860304628,0.769877954448278,0.0952855982532693,0.855763962759436,0.0798974377811207,0.916655141806313,0.0842684843134617,0.804320042781184,0.0886895023108526,0.76108314342311,0.102443274804251
1.56651126171128,0.0874811794952345,0.0606830847475317,0.0140360572724296,-0.312591658859897,0.0925077557919243,1,0.111073540938491,0.218915664217439,0.718215296810326,0.10749340801342,0.734916460654453,0.0797957052808599,0.76472971724438,0.0788492071091968,0.661940967060329,0.108360433433287,0.521405249975024,0.122048809141011
1.55712709146596,0.0897565859487368,0.0584951976971315,0.0123865571633458,-0.367191495738524,0.0848424432092841,1,-0.0284544762475407,0.197346460982563,0.86562933283674,0.0928540335935545,0.519654884990041,0.0903571358384028,0.769774785732413,0.0876856332284997,0.789410053328269,0.0894652072523921,0.547971071840764,0.103623384380904
1.7344506152453,0.0842756102996869,0.0979109649883776,0.018661361288421,-0.445214423391418,0.071052476476655,1,0.14110639177224,0.180108840914142,0.851515807680268,0.0908171954572499,0.777957153170719,0.088475497117687,0.747593314072948,0.0878968476707172,0.898837800403474,0.0737017810207112,0.770634667547907,0.0950700939392305
1.60407170898541,0.0815265126204293,0.0568416285805672,0.0131050914232188,-0.361879880590008,0.0785690284352754,1,0.0206335262616079,0.203502262756434,0.776099092062273,0.103718794037549,0.756704127419684,0.0759185947506255,0.714510863315226,0.0783300769293983,0.788639204778311,0.0878728274692694,0.68298302885192,0.104755823481282
1.55534185778552,0.0904410727566805,0.0683719736562727,0.0144247846173525,-0.422709271884208,0.0739835476927782,1,-0.0120098485817057,0.209205034048579,0.736654003304896,0.110529872178316,0.840429167080906,0.0826372675587577,0.728798554904311,0.0923484028600489,0.739950454220448,0.0900405618393247,0.64290025677668,0.0952776249439121
1.55351448975133,0.0891865198376777,0.0709586804783913,0.0139970075279743,-0.46230892216574,0.0689652003502088,1,-0.292125690668997,0.191076759203649,0.909922060990537,0.0931522185899297,0.650039606176885,0.0893850616612219,0.605938729388616,0.0941747174116362,0.829764363302197,0.0925931126726702,0.853067015251543,0.0920073007526944
1.48408941293508,0.0749695298894873,0.067757735083464,0.0151370684694159,-0.163877521139445,0.0911923716964642,1,-0.271994990310634,0.234466104775641,0.80397534759716,0.112906124732568,0.754093584019663,0.0739350787982992,0.653125311773198,0.0816926221275846,0.657619831245854,0.0953180616809284,0.7953242337299,0.0935068402129545
1.45554784904703,0.0875310361158443,0.051472779249189,0.0121136969258773,-0.20132160697929,0.0991892274008205,1,-0.105893533665584,0.225433154864002,0.69256147382775,0.118329110587051,0.698166382858748,0.0871242115543935,0.727930249803708,0.082880955439429,0.619370722132963,0.0880872770595636,0.642356574699267,0.101988128600527
1.54643375917288,0.0917403630463532,0.0650896992811957,0.0147788021096456,-0.284396984109375,0.102957805508391,1,-0.228001968872174,0.215671241496534,0.77986453309804,0.110634633863176,0.8464761224689,0.0871604360202667,0.683595870790837,0.0899410234354577,0.681266424914678,0.0960344940295436,0.673374950795333,0.104503440312233
1.5353744388243,0.0783170646323418,0.0617463538791512,0.0142125866436443,-0.440666626384962,0.0644695178453692,1,0.0271065826696799,0.172642227002491,0.635292460704906,0.0953851067584608,0.715398912460566,0.0670025027206253,0.775090876499977,0.083418786803669,0.822980983901266,0.089749189035801,0.564827116613217,0.116847151183589
1.57708200964984,0.080811074793205,0.0595785896636403,0.0122530275712839,-0.260597168232521,0.0769646517675276,1,-0.426788543260339,0.27588595957548,0.856379284390403,0.130025138929194,0.804692515949773,0.0790007561490756,0.70038752701,0.0835901471365804,0.767299730192834,0.0797140333656323,0.759129646182513,0.0858009813207491
1.38622888924052,0.0654221241518092,0.0552133911920235,0.0127365520218058,-0.182544202486457,0.0896379743132916,1,-0.42501950995273,0.222793445491118,0.837993499324027,0.0961943042338869,0.580467763312043,0.0812570419487994,0.60367572315303,0.0770735339586989,0.639534483483664,0.0886589250321056,0.692736813717604,0.101602477063987
1.72003045708228,0.0937114254368143,0.0923589926958265,0.0184219896553129,-0.448346851085976,0.0734850824609797,1,0.310128641324843,0.198638708561431,0.635898197358852,0.114277111797527,0.829142736131406,0.0803876740625444,0.904598114276644,0.0816402305366153,0.810406928626904,0.0932292575161406,0.872549479926269,0.111170775563751
1.42044156991352,0.0716903342231493,0.0473872133622621,0.0103177491260468,-0.328568148859287,0.0856682114390409,1,-0.162437526546525,0.214963306356672,0.814592397067317,0.107979650126225,0.684676532348985,0.0783150997855359,0.621979300708508,0.0748867299784651,0.6442524010069,0.0873276964026207,0.682666897106684,0.105358349799557
1.53069792739088,0.0870836104222526,0.0523840722314756,0.0109161615834938,-0.383623504034742,0.0751105285384171,1,0.26479038796191,0.205932075485924,0.606032567131012,0.112722904684215,0.62833349110164,0.093356757574166,0.700921229102319,0.0861714988664883,0.758613968789064,0.0877565595675733,0.786833761640621,0.0875329776650323
1.56262433260647,0.08447961541616,0.0810878024846519,0.0166694980840672,-0.305785254084346,0.086901573209254,1,-0.204502754788892,0.228372075197013,0.801776642549171,0.111370080011364,0.78725320114902,0.0769372450697371,0.760493930163503,0.0812264328786031,0.671363791279319,0.106645629344289,0.752712488469108,0.0988045603447302
1.49184912851575,0.0724582640381506,0.0523531790344108,0.0107483970003894,-0.240932858247983,0.0775295315540444,1,0.367197252040744,0.163070661275226,0.476819540433099,0.114045759193912,0.66672556413628,0.0806614379644534,0.728792329397834,0.0775875474232785,0.638122276227597,0.0896609792567973,0.60746790742028,0.106704770713048
1.60296396754641,0.0825595918042811,0.0815383286372666,0.0175204957278169,-0.327249413448599,0.0740633257255237,1,-0.185351261122741,0.185879624023213,0.900505467359894,0.095010447907845,0.689607482820251,0.0834047967172145,0.701524547041913,0.0865618046772952,0.784909219579637,0.0857146273320326,0.675776228473364,0.10414728460524
1.44557246215879,0.068185497140973,0.046181042913615,0.0106882089441596,-0.184126102232339,0.0965794742274388,1,-0.437167134945505,0.309340361021013,0.938734895229606,0.119771962197676,0.636459374694763,0.0824490630436367,0.57501454896892,0.0857430371347098,0.525779927022865,0.0912764557208917,0.684533605908267,0.088797887409
1.44523662637856,0.0809550113410765,0.0647054429036282,0.0139132834715092,-0.29784063733458,0.0913179302833756,1,-0.0407424832927849,0.218908222011252,0.697546928293641,0.115163570098461,0.696744736834487,0.0867881850654296,0.604591934987473,0.0821409865727779,0.78906837111588,0.0850471706822968,0.693115437994187,0.111007686272881
1.45057878209844,0.0828874088488247,0.0933820519803354,0.0166278782873975,-0.31495615255504,0.0908681034369569,1,-0.202339409912707,0.265089103590542,0.795035930329683,0.141127036334997,0.51829404716273,0.096103266842585,0.734371096087703,0.0781520145829726,0.736278955330555,0.0807950965595079,0.645839137691292,0.0964540643699
1.47249011426226,0.0835486109124741,0.0778447617999312,0.0155921274979762,-0.202302826054996,0.0949251663475857,1,-0.213196317815172,0.241100267806838,0.663209907772056,0.124672129824601,0.772111795569698,0.0803237606785023,0.60851909027372,0.085522663112153,0.719713238506143,0.0881371128067031,0.724009140261235,0.0985714934010242
1.52125752062372,0.0897166960027416,0.0649101857938652,0.0142628614473786,-0.397100763171691,0.0840487298306499,1,-0.067590521023029,0.205787039570774,0.642338109492364,0.126533665906433,0.781896897783522,0.0854970792067887,0.672238203395788,0.086308239939294,0.772880428774816,0.0834790275488635,0.774699871440089,0.0949715985691479
1.52686365136391,0.0771524761717992,0.0436663207011124,0.0108699599789286,-0.23719765549965,0.084418307645598,1,-0.118681987344913,0.185190562605517,0.817469155610639,0.0902055009122615,0.657935657657953,0.0841334600964566,0.575180953508588,0.0944279494988093,0.667782605433651,0.100656947462493,0.562154005563793,0.100005952437909
1.52608679109282,0.0857033436172372,0.0483407772378999,0.0118629878852802,-0.40480238687765,0.080485919028471,1,0.155476745513409,0.221456536384362,0.687218879187356,0.113429057962215,0.73067334353031,0.0791450442897771,0.587163980420555,0.092688299781552,0.697204328573084,0.0939668727409339,0.644249533331958,0.111230412254635
1.39801812733192,0.0621947737836028,0.0373725736239538,0.00985078625369932,-0.175590587199374,0.0977380358647445,1,-0.016153699929882,0.192014687579606,0.633922797327205,0.112445326573194,0.621130190200424,0.0843408024451905,0.665440599193135,0.0728806643214734,0.637015337050369,0.0812938321646923,0.638352384089815,0.0936069722602694
1.64023455771148,0.0913084290994218,0.0841519139029236,0.0171395448784249,-0.419544469610436,0.0799430137793606,1,0.194435853887287,0.192188422655564,0.650934754559038,0.11385598041268,0.912073716753546,0.0790060942675977,0.753264903652394,0.0894134121976624,0.674384818725362,0.0944191031739225,0.66392562996083,0.117238561740703
1.36415211459507,0.0715938462819857,0.0580634626036607,0.0134914869866213,-0.33951543023515,0.0803142066747059,1,-0.280951313342563,0.185874593572977,0.685879361256556,0.0990804315598311,0.644490481517998,0.0845134202704797,0.643040317198101,0.0797329208617683,0.726346841304621,0.0915615415913661,0.770564645105212,0.0831165856560808
1.56349767300235,0.0925161591577031,0.0780865295681374,0.0181338101506933,-0.310378354863577,0.0951274278769487,1,-0.00902485195097743,0.287439307902139,0.61568888999501,0.159657839829927,0.838490788649331,0.0774102286964997,0.686577823830355,0.0908344500503786,0.68026735176192,0.0955458722168953,0.763861258374153,0.104275795630143
1.46338288155339,0.0841879024171002,0.0547498226504181,0.0133370011213386,-0.193164405828866,0.103220273156911,1,-0.241547245458,0.205748027309456,0.853825432173037,0.0968707188244757,0.469242423440976,0.0859191891972583,0.790648569142557,0.0722637718176675,0.586160115230804,0.0988912736966222,0.612035302233769,0.108881033111377
1.51242147814999,0.0815705755134775,0.0605185315043247,0.0139840149961731,-0.22099689349796,0.0775339480735391,1,-0.0490301124350028,0.22683981242943,0.678258132563044,0.121388655907295,0.824955556042693,0.069059391718934,0.681089655907859,0.0804573101209435,0.631089756591547,0.0958464742768732,0.616119956058573,0.110797015819872
1.59529202244596,0.0837225356862585,0.0552995847206292,0.0124377755315204,-0.224664750924876,0.100414079489466,1,-0.266007224588688,0.194315418933593,0.877960871394719,0.0929974277302751,0.684772838984014,0.0851701574053449,0.847443986796351,0.0810545172064323,0.790411697184735,0.0914114242891097,0.66171957312316,0.105218964952324
1.49903994383637,0.07202210038536,0.0532900187977775,0.0127177723973957,-0.23996695573568,0.080675490197083,1,0.0783093010570972,0.165289408044575,0.55332508463379,0.10423017044066,0.723000828432189,0.0824498953249316,0.762040968292517,0.0787242982335386,0.715421635532123,0.0882544901479513,0.572509336542607,0.0986542771628859
1.50374023148638,0.0841816334424503,0.0671192505745976,0.0168170766533247,-0.330237367222302,0.0910704239022953,1,0.0477864567689957,0.201045685688211,0.643367479817396,0.107566513053754,0.696999638358876,0.0811167918848593,0.703355972350292,0.0836123538211693,0.772784600299627,0.0938574103480514,0.606647675628651,0.121608541881851
1.38327930314868,0.0761621378272243,0.0337737345506454,0.00849523338173861,-0.325811876377853,0.0876964145702464,1,0.15134066033919,0.202290410849037,0.495424464733137,0.131442749612243,0.554241606332762,0.0966828261254638,0.712064774287543,0.0760260778855533,0.585407370576956,0.0913146639256986,0.59767206212674,0.0966122041351517
1.53057278584612,0.0767943554443552,0.0507690681040736,0.0114106831457877,-0.304375393113773,0.0823196253079698,1,0.253942668471317,0.201600905484035,0.557818344620813,0.122467280170892,0.738595604426833,0.0829927301461032,0.640933867008186,0.082287437193685,0.692099286382096,0.0833084837546776,0.683001958065665,0.101661550862789
1.47102805526259,0.0757036116862464,0.0632770587921905,0.0126369894393895,-0.30621756235311,0.0852933143179497,1,-0.0407182943596469,0.178044353808734,0.756176601236395,0.0928873124885177,0.479338108067439,0.0940048778713536,0.733430758070996,0.0790832203550213,0.662601641699353,0.0859661806612182,0.740876870216499,0.0918906608668543
1.39185265842284,0.0658205129972152,0.0292963281031584,0.00786038461811898,-0.0940215563390662,0.0969635332192609,1,-0.281553265222624,0.258244183775125,0.806102371957784,0.121768718810822,0.607936098160825,0.0836446850627246,0.599238049041914,0.0780663361552486,0.726904189067891,0.0792697595554147,0.494685645925432,0.0966510038277292
1.56237630621832,0.0812109510022936,0.0735685291028023,0.015345630256031,-0.384623415724824,0.0702022653609249,1,-0.412973482962876,0.334436056217976,0.952241096195861,0.140012752080108,0.629117526654341,0.0905229127793738,0.818068671636129,0.0742695453743441,0.592305505037784,0.0976820552153943,0.804484215074758,0.0931781569954634
1.52929268395547,0.0802152927430848,0.0632316418703804,0.0131444977983927,-0.426459130649987,0.0788767638937218,1,-0.301565183493351,0.218725708477624,0.785146480361108,0.111543796373416,0.737921276937129,0.082891590920553,0.810472457303472,0.0838785369708212,0.630822497655692,0.0925458304452305,0.672842571498268,0.0930838857812072
1.43893631643778,0.0809356387720423,0.0499359159800971,0.0115479354914732,-0.413675184941161,0.0753462753663373,1,-0.076279766375288,0.183641533122305,0.690647449468291,0.104105097715344,0.616738980145819,0.0829351487822541,0.64786884288664,0.0829948755720841,0.652777358491118,0.0861271226895892,0.614378284336882,0.107418342287135
1.56648905055152,0.0822111195091515,0.0609721407800082,0.0147624334896116,-0.166772506505689,0.125648286625026,1,-0.0170153419708411,0.171111939931357,0.88162595614396,0.082804084185698,0.534474108357352,0.0856537564588528,0.8109625569556,0.0782750293097892,0.663206622999497,0.0938069559243314,0.689747659870967,0.106505341078367
1.40967217573383,0.0728069576941254,0.0396292506910799,0.0100061094493256,-0.336411384766427,0.0927234410066086,1,-0.223135257976657,0.292740663098226,0.79547820337093,0.141835339301072,0.597355989358711,0.0895642451867383,0.769122144571799,0.074606450296328,0.58773862347824,0.0973741371618632,0.58305019028681,0.0948945619011541
1.39404385701849,0.0729845277125794,0.0623099573847219,0.0116044773171579,-0.401599570932175,0.0743704969834126,1,-0.0220187447562913,0.182918968643776,0.591650831975579,0.1034899560863,0.631165418287007,0.0845037672607157,0.67923011428204,0.0839892687159874,0.762646563398986,0.0865454792239015,0.6692820839389,0.095593887991125
1.61735831817363,0.0968068252844269,0.0760748044324736,0.0165866661623324,-0.445902305121106,0.0778447919956024,1,-0.0833117267141255,0.236842104364056,0.890259607356434,0.118700822041177,0.737207789682053,0.0885146850463467,0.676113135890574,0.0889747323945616,0.726780350186574,0.0968173101591257,0.796178859714289,0.086021462155383
1.58479977607373,0.0812724177534469,0.0692406429777806,0.0139915148577776,-0.343583551532864,0.0857827787052079,1,0.246531057670365,0.210647403107255,0.709087245209935,0.106867497552411,0.5723687527991,0.0968714855602587,0.89268641242649,0.0720967927538641,0.721469561732185,0.0941349653335487,0.752294158188096,0.0930478277110444
1.45356828855635,0.0767378437934858,0.0456197615414236,0.010869516995493,-0.20503332503037,0.0861308644401383,1,0.117063318266055,0.196248450207382,0.735878855876795,0.105992804725124,0.542715058444434,0.0842243145564926,0.615663945813948,0.0860950786068189,0.805216438123232,0.0863901593249579,0.685259599014164,0.0922880203730587
1.46140861677494,0.0780330538120678,0.0536657932897477,0.0113183898600295,-0.159184648254336,0.101630170424109,1,0.314465956985665,0.189526109526053,0.47722163132302,0.12681941914128,0.707173823447281,0.0866990178925341,0.677884982944795,0.0891567497967873,0.631955516289824,0.0940036021911203,0.479119719426434,0.101049807085021
1.43467611391343,0.0786529431633774,0.0480080191550154,0.0114573492801167,-0.0981517771048226,0.114049304187973,1,-0.521466021803779,0.24870802591371,0.837648728555092,0.116204418618376,0.75226968481945,0.0907836370101879,0.670101896464373,0.0839975827563746,0.596614948290396,0.0877082590858857,0.782101414963776,0.0910599908067482
1.38519850811664,0.0671529747315368,0.0414752801602569,0.0109759235753771,-0.224515820256757,0.074692786498668,1,-0.190062830775036,0.194836413133516,0.71863253765852,0.0996984139512047,0.647486730256594,0.0790652110597544,0.636448549607563,0.0745568681325752,0.544661414901991,0.0856575325904036,0.735771713824601,0.093672057827559
1.71733952005779,0.0966725039352946,0.0827830718038465,0.0171172414454546,-0.440622061515155,0.0720091529786971,1,-0.143876253061501,0.272620191665669,0.871524501461532,0.120710203562529,0.844348359501148,0.079925289475974,0.785414509674766,0.084142498814768,0.729840922755967,0.0878088113558409,0.823679970358501,0.110831168261054
1.44956822007884,0.0835294431140874,0.0629787274638261,0.0136579879093505,-0.298320056493255,0.0730277311474548,1,-0.293078337422365,0.186790473453326,0.829517511492739,0.0929206397738914,0.558888196955745,0.0887230125383393,0.633554326090849,0.0893298063123759,0.773214028784816,0.0818062046864541,0.616386347430994,0.0972991856496365
1.59508879092496,0.0905720778528216,0.0665803398964558,0.01577052732231,-0.226205886299949,0.101865036257897,1,0.251875303682195,0.228642806712044,0.5168008431126,0.128148985549569,0.854565241847865,0.0785623929539697,0.740732871350278,0.0869648875052611,0.668886966574273,0.100829826629089,0.805854789473918,0.0939725905853757
1.57599521313372,0.0864880178049307,0.0777967676567026,0.0176618160424638,-0.302781668772778,0.0843264934672565,1,0.0731456365651289,0.211847994330701,0.727150420387682,0.116224852629365,0.681168521369497,0.0882291264843125,0.811243208563251,0.076819383879135,0.734955837375264,0.0899714744635146,0.706170552453577,0.106322938285778
1.48709886756016,0.0910602497681801,0.0649826241595068,0.0144950253935665,-0.364627588706411,0.0822223304227324,1,-0.0542913177502527,0.230007468909909,0.627022629522507,0.12716034157083,0.747324816712767,0.0863600428319939,0.650429982800752,0.0865864798135259,0.758012371468466,0.0852768997417424,0.440155435120356,0.105783164735479
1.59302476226044,0.0851575093009664,0.0636540700348696,0.0132258996041397,-0.384973840532908,0.086722324168681,1,0.0311470880025395,0.219531902780204,0.67190303814557,0.12341652202623,0.787317996781335,0.087146131974784,0.738954051225722,0.0843911568744545,0.811146182452858,0.0844963667922786,0.753102868309747,0.100511157252848
1.47654694925895,0.0782639477307574,0.0724126512143417,0.0172386037785486,-0.218658709756901,0.0861180328219961,1,0.1437639673901,0.203130838213431,0.679931936319547,0.111372863836019,0.500618632845053,0.0892284612389028,0.761636639515791,0.0737415203318047,0.583888719576036,0.0972328993815931,0.779601961167914,0.0988066723036711
1.54403465618333,0.0876453858969908,0.068032783792974,0.0146929222301684,-0.403671347101413,0.0748942570135072,1,-0.0522596603628455,0.211446864929365,0.718160512353029,0.0991242698363426,0.640723647347481,0.0807526308759743,0.783567788009139,0.0815027868497157,0.674217735241793,0.0982919815932676,0.865316722206806,0.0928075540728973
1.49485055120734,0.0842095389817012,0.0616287070260802,0.015159558254932,-0.155351555229133,0.119153709611686,1,-0.25257255215967,0.234475504344018,0.745189661743538,0.120310959388178,0.784367307334869,0.081567819299217,0.657291106846569,0.0914571564177223,0.682931297018542,0.0920578085596186,0.648429473425166,0.102041467287994
1.42327511763195,0.0744654988033041,0.0475370370883488,0.0108689108536414,-0.150105516923982,0.103470023887466,1,-0.00876114956097661,0.173320010409537,0.627983463853085,0.11118460400715,0.689492148993223,0.0794293791809867,0.545279720512425,0.0863193933663255,0.550104275888252,0.0943972750829885,0.717864556989484,0.0904522771738409
1.55318415601804,0.0821432867103348,0.0552304498747558,0.0137924836616854,-0.346144591974315,0.0631123802889245,1,-0.324201502837222,0.218259250404427,0.861099539926516,0.0996075167634189,0.783685725778431,0.080077841922417,0.629404070281304,0.0819039334643167,0.796362895235763,0.101978434037598,0.642191321725732,0.111464130934893
1.6939868797904,0.0890894820945369,0.0820516091945532,0.0173266678615548,-0.449548849157761,0.0723892073574297,1,0.293528477668795,0.185284143827814,0.76203535679953,0.100312012719891,0.692594368359515,0.0787789363928521,0.774211297673778,0.0950364507831034,0.814939008539823,0.101100817950495,0.879331920158241,0.0989257741642582
1.48905756648402,0.0835691962038435,0.070166795905875,0.0159810626784385,-0.316094405197181,0.0862488974868002,1,-0.103835111366967,0.203088733549392,0.603137037877568,0.122144910248246,0.762829686855516,0.084068382543731,0.689666141082155,0.0821926192372169,0.619217052651666,0.0913136970199781,0.780910349811513,0.0945704814545851
1.63548805601681,0.0857380517789127,0.0676177886515953,0.0140148762372139,-0.35874807439687,0.0876792122357224,1,0.18544071116458,0.168721924558655,0.773671209213769,0.0885755499716324,0.698100062580542,0.0829887308853565,0.707182787633789,0.0807433817232453,0.794561068687987,0.0868956764083318,0.748293666750687,0.104681199241377
1.37205428575322,0.0737538525932018,0.0480787940606577,0.0107472514924241,-0.215330956429622,0.0923728863373027,1,-0.250683226114625,0.222827732154615,0.772552400867059,0.108710462587176,0.424867570121381,0.0939176823092589,0.739094389500232,0.0744337451078092,0.604157088134977,0.0891975835345664,0.660373556123977,0.0924163247720674
1.60243131735677,0.0843673354833651,0.0600850466028717,0.0129862169632049,-0.338107527779745,0.0799991412665004,1,0.0387914546565598,0.168619853404066,0.770165136925382,0.0926829626015422,0.685904625089543,0.0842554434714191,0.838370994840728,0.0781947795617958,0.624664545224721,0.0901463614134335,0.797216036316219,0.102159363640646
1.55275747710545,0.0760721318257027,0.0717065087896833,0.0128563847844883,-0.38401907145137,0.0746618209028289,1,0.542145716231106,0.159147557578064,0.411006110088494,0.121546678351906,0.785878126383596,0.0797215449478547,0.643971166213316,0.0862367979716026,0.726355857187241,0.0800989508442114,0.791867598428373,0.0874078521760123
1.45625490386565,0.0770458211766593,0.0635999573191172,0.0140994165533042,-0.334366465922554,0.0859736567610648,1,-0.148238769827253,0.205800453765268,0.783144649718385,0.102594901272983,0.645822873454844,0.0813882595763317,0.689706940335892,0.084117512291019,0.715507447250301,0.0878541099435069,0.70775971338957,0.119098529776093
1.63515544135173,0.10247773334235,0.0599513009552861,0.0150115561668314,-0.342124768719925,0.0848816986613193,1,0.147834146938201,0.296979875883153,0.655806061651,0.15588624513643,0.661004630180635,0.0915067343146903,0.868186732019836,0.0868188972792168,0.852929965318349,0.0959793809538076,0.566058734118397,0.105815057318952
1.48513392337892,0.0792677195349505,0.06730637400589,0.0144184561191624,-0.381593789453473,0.0799952208401732,1,-0.0245324443888445,0.216062376339034,0.715666140599877,0.11247964717655,0.821351477712016,0.0770834601486472,0.618673200393205,0.0887951923578009,0.703010704691746,0.0806047108717948,0.601654288566101,0.104742282714901
1.39862352555106,0.0664471835238157,0.0353528211079351,0.00891388310060786,-0.0993055944058599,0.0915474069833049,1,0.123207704376092,0.169202015793594,0.551123207843178,0.107801443552945,0.668058774354075,0.0804825447013097,0.591814107909901,0.0790579740862757,0.64389293387327,0.0887357610511651,0.483557908529227,0.111707636992887
1.5955873193106,0.0876136116887237,0.0869497091763204,0.0179655157742395,-0.238295934460335,0.0953401626839879,1,0.121828226473999,0.209820478511668,0.652039006468091,0.12874928294001,0.759607444043996,0.0861879722893961,0.693498216664651,0.0878243000617023,0.86547931062645,0.0912984031739723,0.690507215144298,0.106505454747273
1.36946074265303,0.0701518201768869,0.0315858895473538,0.00818624319394753,-0.274281872508005,0.089091246947898,1,0.0456618536692333,0.180350394093722,0.610179599942913,0.100633156398975,0.605416204714994,0.0897811926706254,0.566066142728929,0.0881291606446267,0.532383062959621,0.0908149882546542,0.725623895925464,0.0928745778988811
1.44137371959486,0.0715723452513761,0.0455604002752614,0.0112370191443834,-0.255223559506284,0.0903438481010886,1,-0.139179891088859,0.177424081085561,0.723822514385954,0.0838146817081251,0.740172071009287,0.073312836215117,0.625806224508512,0.074462674777561,0.536438444711232,0.0967269456284602,0.471033973779067,0.115965924292663
1.5287692819849,0.0727777657580474,0.0676827551362459,0.0124718882163394,-0.448328434249167,0.0660134445610879,1,-0.152904183716165,0.246906415734107,0.808536773385551,0.113688469183425,0.646190130959051,0.0782496033321983,0.687157097911257,0.0765085731460289,0.699883224157161,0.0835298196205806,0.760429625319299,0.102173793736822
1.48709592901036,0.0909309128476159,0.073259991832421,0.0151809735851223,-0.312884980834324,0.0848907034534327,1,0.246333766218003,0.21541696109839,0.472135179703265,0.125176675069911,0.633677153901219,0.0869077847404943,0.751499179927061,0.0877331857231374,0.673307719390312,0.0998524251407774,0.761352035112928,0.0957658323558537
1.70672401691396,0.095949671692499,0.0971965176932159,0.0195006314838357,-0.290511010371927,0.0929400939719559,1,0.123310521675339,0.261936314162428,0.722982231047671,0.130804477843863,0.877273076110771,0.0767035656312098,0.68181375020448,0.084895252665253,0.835459023949205,0.0902324021967685,0.700412971968238,0.111447999236835
1.40992135206651,0.0629323865391213,0.0381658481270173,0.0105849770079939,0.00462684249318583,0.0802904203202471,1,-0.00699632082578787,0.183954271672064,0.59205795939558,0.100349279397712,0.710495528900541,0.0689425756905674,0.597053809176819,0.0775069628098678,0.528767904718211,0.0964646755453077,0.5344069924395,0.107347862813101
1.43108192220361,0.0856459422376082,0.0532631629104742,0.0129523662891201,-0.179447377319811,0.103119483417254,1,-0.127492358627946,0.227798867172728,0.715484459858956,0.105271870015396,0.576960909175332,0.0909284965508362,0.622174589909278,0.0835682877748931,0.649260927892288,0.0980986325666803,0.531262737518647,0.109022895958396
1.34682833516468,0.0716128057173451,0.0509434501378998,0.0117427907501539,-0.0635138070949874,0.0852726423608308,1,-0.2431351190655,0.218663288047563,0.622367390711662,0.120284862532906,0.723569849481749,0.0771489818486419,0.630014461366296,0.0862637582795555,0.494682282359859,0.103312241118202,0.727063297215482,0.0937852671625179
1.53110455251355,0.0831134604302677,0.0670268446710538,0.0143584850436453,-0.251265426619604,0.0927938549924947,1,0.0771940115348109,0.207167105387614,0.654598589163371,0.106640788897358,0.67614133732785,0.0819999400052593,0.780842625064826,0.0803977836983595,0.698496617886906,0.0951573150033412,0.796767744082696,0.09336534508505
1.43707026422294,0.076753501168905,0.0771115669524903,0.0155523786789508,-0.166450532710488,0.0944386240416625,1,-0.0282119488526592,0.223188954284495,0.58528233066639,0.122039600349838,0.773399718007964,0.0763471370869753,0.664725261562062,0.0813433692303015,0.544032815687624,0.0926861486180106,0.712933103251687,0.0988777508193896
1.35066188580112,0.0659072392607353,0.0524640509635855,0.0119476064724395,-0.131388499003239,0.0919583853166956,1,-0.197186336498909,0.219694407175557,0.638897838110129,0.119475217408064,0.636384126905361,0.0771899394951992,0.635838752333316,0.0793106426635614,0.545761748645509,0.0972305599887816,0.629859052977923,0.0997801504234336
1.45551781580194,0.0724584101232207,0.0593396231140435,0.0129033080901564,-0.281632856311137,0.0831226877042279,1,0.0792930465299515,0.174618564457579,0.715952076161682,0.0988092338019164,0.583258911245183,0.0851502998890498,0.668023613734294,0.0838254757368023,0.748572756293991,0.0875530532252582,0.722118246135231,0.0972802591750056
1.39145090858688,0.0786622379688175,0.0671682152956948,0.0139467140630107,-0.277588305283738,0.0880997392077284,1,-0.364267826911956,0.212729276999844,0.737801677935696,0.113813433362936,0.627412049666527,0.0821026249915296,0.671262293883753,0.0904997321773982,0.710005657939308,0.0890825098282828,0.558914631404069,0.0976052410520965
1.45585835594186,0.0747060799033656,0.0467323998146292,0.0108412277190801,-0.275433410637891,0.09382004894534,1,-0.434216087133916,0.239021249337004,0.834423492264138,0.106365997184797,0.704859556966508,0.0804742179541933,0.661282167475722,0.0839778288683756,0.658442511555329,0.0893205308385891,0.673199115026101,0.0931792618385703
1.39715363867731,0.0758528525643703,0.050217026184206,0.0114185379004659,-0.238251012508253,0.100967518361664,1,-0.0361096088870439,0.201089694147982,0.606220028249981,0.122607542441028,0.671792167473155,0.0778628089627034,0.649535031764581,0.0867582571493992,0.69209526746255,0.0922065253558206,0.634451161270435,0.0969715559659003
1.58064261087888,0.0852379176843259,0.0717073352789928,0.0148255282503416,-0.325684049314705,0.0764547698529812,1,0.0240801853588405,0.198563322129927,0.79172436770964,0.102304296105113,0.63799549212775,0.0887088932980048,0.751910477441098,0.079491104402964,0.823370110262627,0.0859885687996336,0.925041673175384,0.091545185257093
1.70248001603657,0.0910320773307769,0.0962149816528055,0.0182400691618426,-0.481782593723296,0.0570173464462136,1,-0.208430278533689,0.302184165771138,0.879788083720746,0.120324031416574,0.850339602521074,0.075646090526812,0.690787563769079,0.0922002255818287,0.845071564810993,0.0841005041191131,0.810306885029794,0.0992380341516683
1.4034220544946,0.0782638252582371,0.075188816573923,0.0149926106315367,-0.252158708242465,0.0872752091953645,1,-0.202852748679258,0.217358005342509,0.634056370593464,0.119078058879412,0.739930051813122,0.0773761617936212,0.683379278463536,0.0760659452484913,0.578811192222238,0.0908997913721245,0.617031706536253,0.0994241168055613
1.44285631649266,0.0637013516639919,0.0563174103832274,0.0128389472160582,-0.226474354942172,0.110457248303082,1,0.0802099058438642,0.168548795313264,0.708856689583797,0.0919129877068566,0.644908075881613,0.0753315153262695,0.618266900854099,0.0867882697087539,0.531382757259315,0.0958948727351837,0.645996984755808,0.103387109643785
1.65949774331917,0.0953758640613083,0.0572190348308683,0.0124084605415949,-0.370048579799627,0.0971261025621393,1,0.205610613926052,0.234661097006207,0.81501692816707,0.11163048716946,0.616297176907711,0.101825122973244,0.814568984564185,0.0755484549229861,0.897436563668128,0.0885594500340308,0.710320992111192,0.112400321258027
1.59147513076056,0.0874443192841589,0.0847288788313289,0.0176121762943554,-0.172855003896846,0.0965397765364805,1,-0.111571108821813,0.231159832736969,0.761724183324364,0.112785103237967,0.69519388022842,0.0821495157898563,0.64943178055702,0.0888974958858326,0.869951018991789,0.0847621646660119,0.523122079929754,0.104882956918721
1.40868510292844,0.074322147288167,0.0695153480682914,0.0148130667641978,-0.281879478491368,0.0884678636667688,1,-0.136011599656322,0.20103445991999,0.438473805850686,0.137527465373556,0.806046686893533,0.0779852987045771,0.633729866222429,0.0865828713608384,0.703290246300981,0.0874889013682856,0.636577802628695,0.0985317759459828
1.64102583816,0.0899361644536324,0.0765853871345878,0.015777778979042,-0.394999195936011,0.0734713932433202,1,-0.22364892235657,0.217861956627979,0.939994619180546,0.100563264858553,0.624861762527443,0.087890989937183,0.906382547561069,0.0763543452077493,0.680908781630715,0.0968935523780989,0.851737844206674,0.0991629934262484
1.5774501335454,0.0860285491587881,0.05244027236231,0.0109510596641007,-0.247415850060537,0.0884652930267083,1,0.299487297078972,0.263074116382489,0.607559731812093,0.146551545599361,0.759783058879815,0.0791012827655695,0.761861947842184,0.0730572403435618,0.654565770231151,0.0940131121774648,0.705824685766372,0.100849866479848
1.62201780829629,0.0880797287627019,0.091690572751067,0.0178855848280327,-0.414715634559159,0.0786111310608896,1,-0.215513759287697,0.258254831257205,0.859829989948294,0.118451958018477,0.734935618955776,0.0894054469254983,0.723041680176187,0.0838965391244258,0.779058709624472,0.0854463605123467,0.838216219432708,0.0930736775300458
1.57233182189758,0.0811011641187646,0.0745213671593781,0.0163893579770907,-0.236317843461977,0.0957967419411377,1,0.185846774846683,0.22297138352859,0.655707829842499,0.114340643361565,0.775933461602193,0.0755950669638802,0.754712456425891,0.0839870021523359,0.736427079706881,0.0814959885769958,0.628772172822142,0.102243575131863
1.41332153668885,0.0698908092284747,0.0218046095812802,0.00633266822328805,-0.275994706490387,0.0935647112653285,1,0.0368110404650014,0.183970772912687,0.633064678054333,0.105459864527217,0.524233845545294,0.0842340745656414,0.65497571982564,0.0843233175969201,0.633041041055431,0.0942284538232874,0.544098618509741,0.101443143641599
1.64626768712843,0.0907473859451401,0.0652875126283842,0.0144814819611105,-0.428013064417788,0.0789560130290803,1,0.078009442795568,0.204184999718259,0.816890900011804,0.108277980426654,0.65086274123622,0.0819655497576202,0.899612041602919,0.0739791293351856,0.628802690897552,0.104345226479849,0.755361247329433,0.105008269902242
1.36989141766014,0.0787905570650413,0.0596831635317332,0.0115481678128794,-0.294871795089233,0.0942684235687461,1,0.0177719858092188,0.227975047571601,0.531943986385005,0.125846603712646,0.674781020380759,0.099701977944106,0.652986436038892,0.0815815785061514,0.811348203880908,0.0771324061327449,0.548327848464159,0.0997971015953637
1.36552230672419,0.0702285387424212,0.0515108962522245,0.0120849860134495,-0.136905405693694,0.10500242437551,1,-0.114163431475202,0.179975774827782,0.558968044604349,0.101986505516021,0.670032161712208,0.0799498632371787,0.588914386242546,0.0714358721927065,0.642474065190193,0.098187663994229,0.61869683383215,0.101781179440847
1.58448816790105,0.0833092902287049,0.0480096216145247,0.0108695181372599,-0.385495813415453,0.0769959476611482,1,0.242931630836373,0.222948882074019,0.747565890158595,0.112833877444587,0.631778779917521,0.087223419833397,0.842517585581155,0.0781169656232856,0.67252086405878,0.0951921350396571,0.658679132777543,0.096113533628113
1.6504799844498,0.0886812696949389,0.0678342605131831,0.0130845954093031,-0.367734229210997,0.0807946001603286,1,-0.0338373968448566,0.251680521478321,0.842116345605524,0.113822682216779,0.760240388000096,0.0894231558189007,0.617169743788268,0.0915087372075232,0.832239284848359,0.0892904969096259,0.862451056570701,0.0882328250348429
1.539339245722,0.0774644964965515,0.061513128299937,0.0127695613634153,-0.23462380608018,0.0870514147339366,1,0.187109195788182,0.201154762383615,0.788951437997031,0.0981715281378906,0.654733515180022,0.0826686677343183,0.546419690567261,0.0805484332187539,0.767648118215481,0.0855001823331707,0.695396568243377,0.0961532165150071
1.52041941277486,0.0781176753932153,0.0488907327974362,0.0105380347791717,-0.309027242084901,0.0897998608922837,1,0.0376275602042373,0.226582911463976,0.633426767610034,0.118652805049642,0.715749802236144,0.0841655691382014,0.727449660344059,0.0767884614003973,0.634649156220336,0.0894789018656465,0.764264376874256,0.0904271218744103
1.51281670024166,0.0749422388994849,0.0559599708173618,0.0119245015675738,-0.244063927180479,0.0951101480059231,1,0.0561583883003032,0.177473387430257,0.583008028722269,0.110591838608897,0.81147897441997,0.078811046388914,0.717565510389309,0.0774074137676331,0.691189331641734,0.085163473533812,0.800776975250671,0.0926865606149578
1.51393096412758,0.077970444885037,0.064223446518111,0.0135674342471809,-0.210592336531738,0.0903997902933502,1,-0.146515239888125,0.268721657015855,0.796232250474795,0.127463110735602,0.756893763793084,0.078595201172581,0.662581204268505,0.0865624657162766,0.627778268129571,0.0866505502243865,0.772587597989504,0.0915896743788314
1.43949849187928,0.0759061913526562,0.0661475352166588,0.0134472852257122,-0.329800285244423,0.082481804817344,1,-0.0144298084848277,0.211007325041739,0.658071931635318,0.113441274206786,0.631765219361022,0.0911948357625191,0.745825764445753,0.0749015654846471,0.730359647544133,0.0964293600259203,0.636278955644417,0.105469019470081
1.61744016401243,0.0850926842735064,0.0636370787361801,0.0134235429321926,-0.353214753396355,0.074124002950449,1,-0.219683835436348,0.257435359025081,0.873891593131594,0.116423228141052,0.67987081326429,0.0803986796762313,0.774935031151188,0.0794708164939279,0.78936598912978,0.087819390104233,0.905243954498776,0.0909530907962147
1.54645690065183,0.0838696897907525,0.0462876128269293,0.0112480523904376,-0.136398268294221,0.106094733152988,1,0.234480472208355,0.2228938866738,0.507359421925626,0.140177096345423,0.64235918715749,0.085840431170154,0.773645756871049,0.0791314427575242,0.793708962297158,0.080465513159639,0.670210370151214,0.104012000494418
1.34206756730965,0.0766402947195027,0.0475232073937543,0.0112237216822619,-0.245763463159639,0.103164950533878,1,-0.332480240676447,0.188427319630289,0.739994264087476,0.100672708230873,0.684460479269253,0.079946730803299,0.611325823336492,0.0860205445218629,0.509389385102854,0.0870873044956328,0.572340268645562,0.102569614045506
1.45971402403091,0.0687216253946225,0.0458826023673669,0.0101811280647525,-0.231692246010702,0.0916082757777724,1,-0.0249208985573257,0.212390701880085,0.721590790572348,0.107285498800351,0.682902039789492,0.0735537121369989,0.61710171987889,0.0864299405102994,0.77248306372988,0.0813142150811334,0.643950716390309,0.0994363377660357
1.61335733427699,0.0843833725120374,0.0519767375623049,0.0126963200612208,-0.243279685747237,0.0904178394607143,1,0.065036832122695,0.216087010045767,0.77340722166234,0.110389978699177,0.75192203584326,0.0823601261364203,0.846629482464242,0.0711875597770462,0.583612884202993,0.10708673847463,0.761079730455678,0.112135050491221
1.61982465157834,0.0829603827835751,0.0686491975481455,0.0148137493985191,-0.357487379517666,0.0839698432500053,1,0.119090759430926,0.207119756478199,0.693637583378773,0.116401352953288,0.889855824351026,0.077864442930968,0.683952413386457,0.0853904653202173,0.892961491464188,0.0860977695406809,0.57226864896709,0.108504534085589
1.48213575209835,0.0816387939694799,0.0809816088017264,0.015917898516822,-0.365287738023316,0.0845462030886367,1,-0.0564455187375988,0.18047507611575,0.777047906048978,0.101096771551789,0.620846174628397,0.0799860816201705,0.806522662174157,0.0787388832197971,0.654788390190602,0.0954416479544657,0.767359717079157,0.0992475362352068
1.52504571865023,0.0775952914054035,0.0735437465152129,0.0145560672275172,-0.362573214048216,0.0783142594310841,1,0.301660176707004,0.186704074758314,0.505429748705993,0.120117550504332,0.761497879735356,0.0759309836189728,0.636346963251964,0.0917958935257692,0.85389796914211,0.0803850415619809,0.632787298304779,0.107089455948193
1.64644613813686,0.0853105564622855,0.0731914123800942,0.0154039725202051,-0.310837710282936,0.10045763830053,1,0.292188723123005,0.196357308421471,0.66725518889472,0.110670058060359,0.820814281737875,0.0765004366858892,0.740122783377436,0.0775586386247538,0.831783759946981,0.0898984353413255,0.695683936921415,0.106401085519357
1.56569163968377,0.0917180817709302,0.0763722031483467,0.0171930123879513,-0.407873838053467,0.0652164511758012,1,0.18918447462227,0.186273159252287,0.610080232718337,0.109782344689981,0.834597229568481,0.0720049237198821,0.704293454589185,0.0885589993929172,0.613134303865193,0.0935399887909506,0.722224714003269,0.109642924837655
1.47584571834764,0.0802564487268628,0.0544059095837783,0.0127978549564561,-0.35269570926204,0.0808005051136999,1,-0.0986158935126985,0.201912963889283,0.759568901248972,0.0972655773058641,0.697073956120832,0.0738579993934322,0.628370635979398,0.084966544572046,0.653712884354011,0.0993461543512663,0.690332223186085,0.112034210758142
1.52946711663276,0.0778681861123858,0.0747754059721964,0.0142807121724302,-0.427405642581503,0.0666767537778515,1,0.0197740477007552,0.258177070741251,0.689931938885294,0.125394991986322,0.691534023983745,0.082690457786167,0.793537683591884,0.0802212360051229,0.846740806714361,0.0779102528119518,0.665128434304414,0.0906931739215549
1.48419921557385,0.0794640294075643,0.0667028122172114,0.0130880729661592,-0.372574740642821,0.0735389518373321,1,-0.44323122387557,0.225358740061438,0.904082818461103,0.0944602103784834,0.698571404947271,0.0854115670897834,0.593201121450223,0.0809322783895404,0.616772045540898,0.0928290936996784,0.736302215582994,0.0971827872064178
1.40173964723844,0.0791370466950496,0.0538874100773329,0.0109988225178961,-0.369926167855762,0.0759546129682731,1,0.0693453576171339,0.199473563365884,0.595163501032216,0.119371293457818,0.569032643562763,0.0880265109533796,0.716495680007556,0.078019678471748,0.675381644555653,0.0950920672778737,0.63136750575267,0.106202329855155
1.68373759660195,0.0940227594981564,0.0721593730483969,0.0158660578893515,-0.214589955531901,0.105606466500839,1,-0.155394104818263,0.230440100759497,0.807671560617981,0.107419205678166,0.896624982503414,0.0782867593261691,0.768179391232318,0.0796753706795963,0.783979731229393,0.0853105380081569,0.642394858772938,0.0991825431401242
1.59216001672044,0.0852376671395234,0.0555693197393365,0.011832912029388,-0.326999088723699,0.0898285693097501,1,-0.131159668236977,0.227401061536021,0.726206141887294,0.114520893987651,0.799575018260749,0.0857709916964259,0.749785605106514,0.0771731860972597,0.718894820501234,0.0847617335728684,0.546270525902094,0.114528461584478
1.43324571633445,0.0706426050394832,0.0421926357378792,0.0106370248101793,-0.34403009058312,0.0762711260966449,1,0.017104585227089,0.161471885746312,0.681488361827751,0.0930605599074746,0.591430430383803,0.0836275606725027,0.683098595121693,0.0805337128568266,0.633051949738607,0.0879941130324439,0.73838233154334,0.101673696066328
1.65474926243199,0.0994606100480402,0.0802560431096315,0.0173220168140305,-0.408520502901142,0.0887321344208277,1,0.27126403744334,0.226882416855829,0.669408325395379,0.105067115005919,0.763042294531415,0.0843333946513577,0.738405906161986,0.0847293615044056,0.737886242393753,0.0910794984503317,0.723269116519018,0.11012341316757
1.46153042694679,0.0752781652738383,0.0693973025264266,0.0151140638384324,-0.323528336999286,0.0825847246980523,1,-0.130446992892804,0.186227638837381,0.744424355502822,0.0946413285945568,0.61881741439156,0.0815164295232525,0.693728665280263,0.0798327412159287,0.561125111622521,0.0949219777513947,0.68159086591347,0.105943929770364
1.46817005009743,0.070656537074145,0.0417493936434831,0.0101977392457861,-0.164223338268356,0.099931672132455,1,0.222229104507851,0.176284621825671,0.596226485780597,0.101366658895178,0.713886612449133,0.0768503647443989,0.640627863109716,0.0798767801359179,0.737414308931557,0.0849780476028262,0.672229699863146,0.0980274001706377
1.58691095439023,0.0839121395474042,0.0541753392947625,0.0135323915222241,-0.249427739269886,0.099572731069244,1,0.017944725301364,0.22094210585239,0.812935577672297,0.105308979914455,0.642254842366008,0.0846592868744506,0.837679773533184,0.0794142885967516,0.542045471640828,0.104793605739086,0.76081462493384,0.0987016287383685
1.5019869816189,0.078465678679358,0.0635270432381861,0.0125760526289932,-0.29988583735655,0.0856599694729304,1,0.317312038178017,0.235303101005001,0.634615443242775,0.118305116123685,0.671151464584138,0.083039791386664,0.655998166031796,0.0807877775791885,0.684488141253283,0.0912447444278792,0.63174886559253,0.101331149122342
1.53607553376415,0.0839390662268862,0.052640967279154,0.0118611213681834,-0.304647972430778,0.0973890793283079,1,0.116211622541318,0.19524546296009,0.68178143479506,0.10939546414727,0.738269100594026,0.0794932143262965,0.618034976369456,0.0807854787906809,0.733852944827029,0.085252835594611,0.800749580513075,0.095382841271556
1.41716795973027,0.0729204121930104,0.0460173262747306,0.0106672866104014,-0.297180708769115,0.0934999271676532,1,-0.13482983331385,0.20340698530462,0.688090351735638,0.108423379396606,0.593299804091537,0.0856239065314938,0.765111947173751,0.0737495953127902,0.64870927715033,0.0815603378744926,0.578286775716148,0.0963138679941054
1.58874505487037,0.0890510953783057,0.0738260164681731,0.0158292471588534,-0.448143971567409,0.0742771250911438,1,0.0965399411202018,0.246709159164997,0.601308468735451,0.13369213608638,0.802627934877912,0.0813387325723965,0.796092734437266,0.0783298977817147,0.738287063180734,0.100694470194583,0.757216054237161,0.100119997094589
1.53758854574611,0.0745514023025904,0.0770091727001687,0.0149192916105651,-0.327231878592241,0.0789899557066753,1,-0.427352372877733,0.225508431062739,0.961958257097412,0.09595192877603,0.652543309048259,0.0795193798703257,0.732525523187852,0.0749968661819306,0.715632595599476,0.0907038077569477,0.642296355102477,0.10637481931283
1.5422053563407,0.0844544925154878,0.0657541113928694,0.0135380643627763,-0.343621301862789,0.0903140170675629,1,0.350695982804254,0.209181252837113,0.528008337168212,0.122429675158582,0.752077144401148,0.0850322322200889,0.656934696031654,0.0877625465446659,0.803785126499811,0.0865197499589,0.737728526391069,0.0924119238556883
1.48025293921113,0.0862975734344337,0.0611340460410019,0.0136273048994879,-0.127186450412056,0.109701012312639,1,-0.416990585024307,0.253843861325636,0.795232622922834,0.123178468449595,0.725036844569093,0.0871042043283934,0.710342938016728,0.0781054660333576,0.749670831727373,0.0877692810884736,0.546723293462563,0.112665029004877
1.54755164915647,0.0844767176295154,0.0552445520354235,0.0114249591453363,-0.266918576965597,0.0828939703578088,1,-0.0448374653705906,0.176854648461464,0.860510124888711,0.0858013091672474,0.662548333151235,0.0759583830303186,0.726266337125284,0.0786223658320397,0.76812715401241,0.0891165323501952,0.4991598268669,0.112005512736312
1.49630491076726,0.080405203252926,0.0612834396103116,0.0135695554936936,-0.33350490622802,0.0828399790831273,1,0.115269855065752,0.193563200652745,0.641065472938677,0.107828629297427,0.595607958092956,0.0937299461433059,0.683340868458983,0.0832079300796241,0.708234996246145,0.084086726290424,0.835107119684335,0.094776610891112
1.52245855779435,0.0777819311097834,0.0571553318843653,0.0139844959398501,-0.297354702688274,0.0767454045978378,1,-0.0732845156827477,0.236209554643961,0.735854405039054,0.121260456209099,0.71086827022601,0.0823970830589947,0.73593160928868,0.0782291262713823,0.806296304009546,0.0875241257753967,0.761191004503156,0.10469820845897
1.55839070890462,0.0853637368589345,0.0746457699082833,0.0157723305767881,-0.255769327005116,0.0948199663340563,1,0.281708589137022,0.179644044154008,0.524117763367441,0.110002620931577,0.807648132794871,0.0889286214081088,0.72091169215671,0.090133813040833,0.653241745261264,0.0986081710393803,0.693433162350282,0.103419441001606
1.57831116378399,0.0900658864754307,0.0522031499689943,0.0118706618080471,-0.219280642467089,0.117547592425356,1,0.164455714856063,0.222853947857373,0.692859455504803,0.109245742678043,0.593773719290034,0.0887834811421678,0.776560451647874,0.0762962521053761,0.650978950745631,0.0943135923379449,0.658547430404912,0.109554946692979
1.38029599339007,0.06837277723182,0.0480078015412467,0.0108629482716711,-0.288370371251528,0.0853215490752983,1,0.0678098473580955,0.19569322665655,0.685895785994847,0.102877644705245,0.452539936484716,0.088285660081359,0.701886472368009,0.0821860007229837,0.565268636901309,0.0922319818888189,0.620263290077093,0.0876142398473804
1.6012077072875,0.0833438220726356,0.0636474591213064,0.0136179435887747,-0.357338186984105,0.0806787395720358,1,-0.141259203295216,0.270827056984923,0.881798090481549,0.124027218897003,0.701045661982277,0.0855002408678537,0.808877082261022,0.0853895493284871,0.726970784752392,0.0919134815968163,0.711131112595309,0.105013162065017
1.55881539468025,0.0784871576687902,0.0520351902019132,0.0114442069871121,-0.40060514008411,0.0707517240782763,1,0.195411302323296,0.237607726839055,0.723098619511963,0.110736361490074,0.582732865243431,0.0906733977987933,0.758922997542094,0.0797656390924995,0.66878876815227,0.0819102572149036,0.927455431954472,0.0848133459029139
1.40857114486222,0.075901886577554,0.0648440996759836,0.0145727100497085,-0.156986828385412,0.0948619906291911,1,0.0963573720837154,0.184979640638424,0.624066003325299,0.107413672874836,0.539206603704049,0.086598817418794,0.654500184554338,0.0841151279907963,0.608285855312391,0.0858109844226768,0.739053466810598,0.0961057648076203
1.59966011841138,0.0935410996897858,0.0798039907561623,0.015774869505276,-0.242214576072635,0.0812155679469728,1,0.171841011597634,0.211288278269162,0.741829725289314,0.0991140520351917,0.757946699044077,0.0801250313756953,0.775517370335187,0.0844687524760811,0.679811810449794,0.0996074751099158,0.825797237229871,0.104403556637811
1.60136591164395,0.0778558415014357,0.0598401244947747,0.0130717964923332,-0.427008414399751,0.0690606176281784,1,-0.0455303503237131,0.177347376091822,0.939865815380699,0.0828178051621436,0.685020624093477,0.0807576133873078,0.622809265345916,0.094138140576386,0.684575527147983,0.0986066864565064,0.714976979309179,0.107592377435343
1.4653673431735,0.0790471631313852,0.0611593934866684,0.0115103625262177,-0.38553138523876,0.0755716587203532,1,0.0273264931718756,0.195939770503832,0.574007851321245,0.116200227812481,0.788221414976548,0.081262226080566,0.630454854103851,0.0937717711722233,0.733778355188558,0.0855559131719573,0.558690686870947,0.0930570588887722
1.4393377574363,0.0723827219057236,0.0501637072464212,0.0113421595836521,-0.308351140932045,0.0782300859232261,1,0.117802588650873,0.213451183096509,0.573656055260154,0.124917769022504,0.682493933692595,0.0804555996213055,0.734501146809041,0.0719543092328478,0.604843356665302,0.101396478130679,0.652009061655617,0.10560487337677
1.40783735123866,0.0719576999613331,0.059627186170549,0.0140635615991145,-0.352142920185175,0.0762959288720646,1,-0.108559306978349,0.177947344012431,0.616343684259296,0.099264192641012,0.703698229843984,0.0836009607549389,0.637514677243801,0.079017731943939,0.670573137753617,0.0965807034029018,0.610674235752909,0.113968959305842
1.55424528803885,0.0852441318806569,0.0538122130743549,0.0113542177536462,-0.347007173759455,0.0762732213114079,1,0.0850255053648695,0.21088363541819,0.738451089669407,0.10397601126328,0.714634462618173,0.089173640937083,0.704183865643552,0.0875120344679352,0.500374635702088,0.092150269696702,0.728157059797957,0.102835342519296
1.42220017528687,0.0690296900200755,0.055688067421364,0.0118664080906928,-0.394847316507045,0.0813071968202309,1,0.0911121009449971,0.195499049155772,0.578590989921167,0.110101349949698,0.593219936057058,0.0799588584865977,0.707299351764089,0.0726570894013391,0.718743124038956,0.0800718267555933,0.591494937608911,0.101480501962498
1.45774234947531,0.0727469277361607,0.0648760974402694,0.0128471662757888,-0.369219782295117,0.0734435223847935,1,0.0159156948752216,0.213363149470329,0.692032157963783,0.112318497113119,0.684398229768324,0.0787142106814233,0.557479731018842,0.0873143943973506,0.575353056811065,0.0934661012431932,0.725224941915411,0.0996459930287606
1.60518805937751,0.0831945613605448,0.0762437971867529,0.015952904269213,-0.418292065601973,0.0843585545720263,1,-0.503443921463993,0.267066771475157,1.03794464083015,0.1000035290533,0.715803636809036,0.0784899982941746,0.716432084318932,0.0893627498215257,0.625882860978603,0.0983756397846899,0.855877154911431,0.0823940499315549
1.54902878878896,0.0847492635329453,0.0767925249592817,0.017277491266991,-0.27246058233188,0.095659139402283,1,0.00387564266300444,0.200734023242918,0.781181874624648,0.101260418386158,0.745930524287554,0.0795854231660964,0.715443626362394,0.0841848531025652,0.689487071719242,0.0918713856634731,0.673670248989528,0.101335218797629
1.58187572281927,0.0899325710856483,0.0879343521567918,0.0177003682105025,-0.356818649374939,0.0850464557144451,1,-0.161533708607821,0.208519995450775,0.782158295148797,0.107129056520818,0.859676332317807,0.0797698733382971,0.67119689477343,0.0896591205471658,0.8515432564217,0.103414461623996,0.760457614402689,0.104344307895878
1.5111460595023,0.0775410569032301,0.0741229622531198,0.0170257906782924,-0.256738165788515,0.0732209436424364,1,-0.0660264106066405,0.194871496179255,0.593101779374081,0.117523718427452,0.686502470381144,0.081242354276147,0.820397396590777,0.0767012817661394,0.617605405634078,0.0816991168077684,0.668772554275656,0.105765588129666
1.44317926954731,0.0869819192638571,0.0532980948918109,0.0113024041747671,-0.32132230953968,0.100371322727098,1,0.119436345000279,0.220633769004143,0.546009586927073,0.137804294225232,0.640724746897023,0.0954823454572339,0.745348049384578,0.0802817307504486,0.680672725511417,0.0838477328313817,0.716597352255319,0.093485800449053
1.53005407873143,0.0803224720932383,0.0877020731534356,0.0168754211812727,-0.391529117656658,0.0758936815403107,1,0.0351208202748108,0.207191181852674,0.767047031703359,0.118390184629153,0.64986903631582,0.0891981290801498,0.736508971350131,0.0793336955129644,0.736770898618303,0.0865741240319361,0.835908554374123,0.0918000715926122
1.52919050184322,0.0751694400325938,0.0579903201622936,0.0130626467663503,-0.357470097524926,0.0691860753236454,1,-0.0996783029247736,0.212194312622831,0.767895456915676,0.10996326612163,0.748742448290278,0.0819717652596551,0.726521054252831,0.0855501370389483,0.582486296684234,0.0935174416757014,0.786829291356658,0.095976496140764
1.56897072644782,0.0871215359677321,0.0661802129153274,0.0157772520065152,-0.342563754631134,0.0846355949847344,1,0.00142765090098098,0.214308906683141,0.710995518533375,0.112189891228847,0.738500631651036,0.0863313141837984,0.792398835205211,0.0847458457378702,0.73088881470468,0.0917446154357471,0.50073814043252,0.122079054662828
1.43255355751252,0.0857498787814387,0.0587490147889293,0.0127105238501152,-0.277256317674431,0.0845168365755179,1,-0.260750835825,0.238716411613656,0.706044646536688,0.109315720117336,0.684043876887619,0.0830607350901976,0.685442058548607,0.088986646035704,0.754466357752037,0.0863457832903323,0.633843132990919,0.0984103146071365
1.62878511835799,0.0882304767190527,0.0728978508402319,0.014819683771297,-0.342361363961766,0.0846203703686325,1,-0.146425498936796,0.257885792587541,0.819834641976674,0.115627626353192,0.720764565290476,0.0948443976135593,0.828294193997668,0.0752403263607284,0.85436789560556,0.0844816011360408,0.696691816994543,0.10002087036221
1.58934949104918,0.0831142340512096,0.0648000362042701,0.0147216433231578,-0.154796376722379,0.111012277946234,1,0.437154209274525,0.220023109753807,0.527804895425479,0.127028830229274,0.77887345770218,0.0824671204638127,0.733389970175937,0.0746058411732565,0.633600267070156,0.10040524821652,0.935344553663864,0.0926942953234543
1.55229589258647,0.0816112807360238,0.0754618731341354,0.014709138448109,-0.269607943191784,0.0899812939693433,1,0.208890424497832,0.210811675362901,0.654989236241508,0.113291900639742,0.679218332974732,0.0846784687223094,0.774602197932178,0.0741940788500283,0.628427288980892,0.0920812920150445,0.756679479210524,0.0917787427752644
1.63430011585815,0.0860489638769126,0.0589122571212743,0.0130723882763321,-0.290968637396769,0.0957866136265832,1,-0.239534652364332,0.268531475552047,0.812589453663084,0.129147032035072,0.783205945106433,0.0892134007856034,0.838812848935358,0.0847392999978102,0.736965098386286,0.0882642501003966,0.82901856445409,0.0952412651366869
1.50383360393531,0.0772704213213274,0.0504856992695247,0.0118529205364632,-0.242726718093845,0.0892371471421725,1,0.294797526431201,0.231170542904732,0.61855402209332,0.121636555984007,0.733922276791368,0.0821921585535616,0.628335501393927,0.0859380456667083,0.669810151260957,0.0902474243749745,0.637802968860406,0.0964106088482412
1.47859769186894,0.0805253614281714,0.0573543035460739,0.0122151870399861,-0.35275048035711,0.0745525445826885,1,-0.329442471394827,0.257030649000812,0.865236813510205,0.112211150197542,0.654604819805156,0.0834867032056301,0.64189047392793,0.0833803632258723,0.816130728020962,0.0850522871067057,0.549707071798589,0.103577490521862
1.4848117482392,0.0791201295118019,0.0655391334287516,0.01313780535931,-0.389613592406841,0.0803872950581847,1,-0.0342481589658705,0.173400717226815,0.746646022914789,0.0946569550178112,0.769227674037891,0.0853974762688805,0.546433995117347,0.0967310414171698,0.685873546104158,0.086931257962118,0.682246532148267,0.0872946374387518
1.53548957316555,0.0904001787117496,0.0802699370770751,0.0158149974981122,-0.379452971878538,0.089029487190537,1,-0.152392284668776,0.222715401250507,0.818487256157738,0.109219010260073,0.710615204102397,0.0888815911343404,0.802741398341863,0.085478284278227,0.675324510175665,0.093071855344477,0.63329921248399,0.104868903045789
1.59641014836234,0.08604240864635,0.072272359635028,0.0144198222694673,-0.346033658807918,0.0939156445933234,1,0.193883316843586,0.239734409759206,0.535330360656593,0.13615206317746,0.810062877446049,0.082814829046195,0.779305659554001,0.0853856034470966,0.631498397780823,0.0908370510614042,0.901229959906015,0.0879769553160876
1.45073199825528,0.0813933032919619,0.0611596544135698,0.0142158673449175,-0.322213902292756,0.080476976863705,1,-0.252438321162547,0.19300869431149,0.760920790269084,0.0990616363380168,0.750130199999841,0.0789403321916757,0.684380641419842,0.082191832564354,0.554275026982868,0.101073069663388,0.846123844583698,0.094332279357427
1.62041410530769,0.0940478765099537,0.064625836783515,0.0145600474841162,-0.247665246843712,0.100994426670003,1,0.33840337755921,0.225866473832181,0.613803857631068,0.11987409135341,0.694300285519215,0.0901761448953528,0.822827706388582,0.0828107766389853,0.668603908689065,0.097763677235372,0.830140307143183,0.0895354787776761
1.45882636641208,0.0736261585484422,0.0362114372651293,0.00981290596756612,-0.231811702053329,0.0872924815997558,1,0.238181263486359,0.208189636190725,0.485924247098447,0.125810771623237,0.777384196713379,0.077465693524742,0.674224794159965,0.0779774207529706,0.572022121411962,0.0922246228108492,0.652363588441417,0.107308810318397
1.56661916216725,0.0932408241898228,0.0658951167361327,0.0149147655531078,-0.375867503419744,0.0872542534947886,1,-0.200779923778003,0.208080950657685,0.769243358276132,0.117023857860454,0.727002306197881,0.0938981078552081,0.809536026679251,0.0838228765348734,0.770661530025183,0.0838542801798925,0.737699866932422,0.0968651655411186
1.47919664849264,0.0735079497652559,0.0635131209002547,0.0131060999180549,-0.188967500929927,0.0983861459708755,1,-0.209976103545877,0.216790053662474,0.655769935531398,0.126048444745067,0.708869154753195,0.0811274631396643,0.811112350243214,0.0715301589545043,0.605006235943134,0.0886811243539142,0.663862182754651,0.0917527614291766
1.55050993087226,0.0885908148162276,0.108598501149098,0.0227056892106432,-0.345509615581355,0.0945107848518267,1,-0.147020829341369,0.196519723248172,0.774071859526294,0.0994167588183176,0.718119445799289,0.0906338161142969,0.852457312346526,0.0829146096583391,0.561243759245787,0.0946933511908814,0.711468624444429,0.10440315132769
1.52217224252191,0.0770467192323324,0.0616907359681351,0.0126005488154526,-0.224446330836547,0.0793479742361268,1,-0.233588068839482,0.201327518076299,0.854149487255093,0.0999584428059237,0.67866361281683,0.0865634620448685,0.703033795771635,0.0821537315708057,0.637080581859568,0.0873295156030953,0.767996332536877,0.0985690734101303
1.60215206354745,0.0873463723712515,0.0731827857296437,0.0152377907328751,-0.376164487044368,0.0855806712274805,1,-0.195363953562474,0.216942580449913,0.811103639841614,0.123208030169894,0.67508829281632,0.101288666243371,0.799518586726321,0.0777604401911715,0.79888743761605,0.0890667186712488,0.755331796514935,0.0861379263224725
1.55603499949799,0.0790820704267723,0.0667641075344048,0.0126961785391917,-0.333631644601121,0.0832443028523906,1,0.245710853615039,0.194250367245557,0.637584552345513,0.0982819046005358,0.758320259628657,0.0869165297983598,0.741494810607001,0.0825163470245036,0.663017508834482,0.0856678406743292,0.854426913031825,0.09142665407885
1.32047147706123,0.0657784875892701,0.0468797192974379,0.00962611772955486,-0.208400116990986,0.0945543904952425,1,0.142651545888647,0.190889476114968,0.495108289916356,0.11539915520358,0.674036702105269,0.0845917692972999,0.430418063186337,0.0896338336081413,0.610390486444791,0.087458437784464,0.580789500642918,0.0950188469451498
1.56699987461676,0.0913008475364749,0.0698090657565446,0.0154864925704904,-0.308123729598618,0.0798807910314519,1,-0.0556533349430564,0.228424604152843,0.773764839247477,0.120031590297875,0.794919911857652,0.0815855259912548,0.754062209722688,0.0811389193701621,0.683774811907005,0.0978586286778785,0.671110304254872,0.103669387580668
1.61670812541434,0.0903260433356183,0.0657941151061219,0.0139854545013474,-0.366153221430555,0.0845301465502165,1,0.0842625888197751,0.236309246033545,0.663252076938214,0.135811498682485,0.792647775982265,0.0891641166929038,0.863412059769448,0.0835254664918,0.754706066520663,0.0929556444137654,0.531087623948759,0.108542389260866
1.47081537451645,0.0807169609961544,0.0468096783836433,0.0115703288232665,-0.172237082731295,0.0892451322719208,1,-0.201654770448548,0.198355193599927,0.744770098505138,0.0978393530093043,0.825171198935414,0.0867035457932782,0.659460718998372,0.0867624809577958,0.669584535543359,0.0865517922741338,0.524184689736065,0.110057449734363
1.45513789877945,0.0824876396313124,0.0595906741926496,0.0127445681634729,-0.321085433511308,0.0856615225166476,1,-0.114323405281406,0.194173990222047,0.70390733319143,0.104855054927393,0.700198353992661,0.0827455293132767,0.636580031780313,0.094038028860574,0.581839804568881,0.0998806923402943,0.788565339716432,0.0990760049897924
1.50795783759527,0.0756123632667435,0.0579612387817697,0.012434961380497,-0.291177365117494,0.0774765811722164,1,-0.0617784709850891,0.173925521883729,0.793517290856757,0.0985362882189696,0.572639932790552,0.0815402431480825,0.714913722250986,0.0759689996118103,0.704788010297817,0.0831083660178605,0.640600468004946,0.10457788063341
1.60720430980158,0.0882997151669218,0.0812705177024605,0.015852349007379,-0.271971283994601,0.0866789283321975,1,-0.0347719800398203,0.272687043734423,0.776554824565597,0.128344639185189,0.798991109427071,0.0847650387961531,0.728119210954265,0.0770194852024078,0.683844187919258,0.0870292964470005,0.710615823070978,0.100200318161801
1.63457882382976,0.083619149929236,0.0771562174641395,0.0155641709185942,-0.207589295566179,0.0961646082688977,1,-0.00750824507108793,0.214777258728963,0.739911330692187,0.108137031407844,0.87282068021779,0.0663081880796678,0.695378848402611,0.0815177482152754,0.738920890614688,0.0981690197241993,0.695802111358925,0.103927870036096
1.65761266273427,0.0840655790804945,0.060822626684614,0.0126886299715402,-0.340923291923139,0.0957304268027361,1,-0.060290232333492,0.274123279370745,0.892589076684181,0.125668198557433,0.702514743307288,0.0842959800926303,0.785820575155886,0.0812889400189946,0.662367422857672,0.0862832971926327,0.880243962766962,0.0982978537666602
1.51422717354804,0.0867140769357415,0.055937234477799,0.0119065403358852,-0.353096005338432,0.090158862295883,1,-0.148841939917956,0.248533974724874,0.77488301072672,0.126002330392283,0.642188536169789,0.0919506294714633,0.816605600882944,0.0804873225590876,0.592777210770161,0.0997537395190484,0.641262419170698,0.1044150665087
1.4727404152218,0.0704354898035457,0.0455342778108673,0.0104304522335242,-0.145391805799283,0.0997212129734473,1,-0.504822777498475,0.250328350868403,0.906269723563027,0.104521754072598,0.634375965356644,0.0860239508487557,0.758092065106787,0.0748040350009594,0.576031763892994,0.0907508446679634,0.622380781073585,0.0899175701120737
1.45012065194041,0.075311865375161,0.0734271173018255,0.0153089653751275,-0.332446569282297,0.0809022097092895,1,-0.17988214462154,0.303148212576724,0.789207610811874,0.135903060936411,0.574769624862274,0.075896205041964,0.735288654688636,0.082437479658148,0.61010539381103,0.0900005484329773,0.735601356184583,0.0921462365037124
1.57988666752639,0.0821571218730712,0.0692332782053766,0.0142107799241611,-0.404852169733265,0.0622736567454692,1,0.1833286750745,0.209299928401357,0.623094051047061,0.114045867584491,0.80831276556918,0.08060547854033,0.779237046772802,0.079057705557529,0.540114267567566,0.103310101900189,0.811539793253095,0.101848131705366
1.51452015679126,0.0774257805998392,0.0521524426697698,0.0118954833755739,-0.346387732322635,0.0812536184716537,1,-0.0463028801200815,0.260571398259993,0.76698366643698,0.121792513658334,0.706462400666595,0.076921356485709,0.781937179520416,0.0802986846679469,0.668167574332131,0.0982784838746973,0.794925355745809,0.0894629795672159
1.58812310517901,0.0883206225538185,0.0601607266529166,0.0135306803659762,-0.442716990540334,0.0753351965422465,1,-0.0097235657209056,0.217798910515555,0.698933349554803,0.117729051192997,0.782156892429666,0.0821336711502471,0.792864367635638,0.0799192313537575,0.721671748745477,0.0953487057797574,0.630964993122459,0.10672654798785
1.53544731147869,0.0773031649678185,0.0737718962657251,0.0147470489635059,-0.391702737710598,0.0729543754805164,1,-0.0458889918705188,0.221469583620522,0.786783413173488,0.107334087512215,0.775704673686572,0.0840018783189488,0.636016949255029,0.0836634749823372,0.59169681307988,0.0968306710496499,0.716477624577604,0.0968691803515972
1.61146375147207,0.0944952449550316,0.0763263686584303,0.0161928694185489,-0.389872717183266,0.0841571840731511,1,0.0177453009010081,0.25240760689656,0.80999524331101,0.126171050353441,0.63737761786928,0.0918032946349437,0.748787110634731,0.0940091072980279,0.724920023907571,0.0919187231014576,0.821688997613788,0.09268329820921
1.4497307345385,0.0765183181248468,0.0538800192342799,0.0108751578502676,-0.275095049766044,0.0820583383810774,1,0.233699923540301,0.192252574657574,0.510281731206357,0.103580650283583,0.704523266949875,0.0776087411873864,0.584318098112159,0.0946562418082345,0.631598442337932,0.0838906559247414,0.755429648902816,0.0921179219746618
1.53310889009816,0.0774226500247474,0.0711725312957306,0.0139071018240979,-0.344734689764345,0.0802572087980624,1,-0.00810037399445064,0.242143323336045,0.773078352871528,0.121650776138948,0.563280448037907,0.0912126400371036,0.705574631036695,0.0831964555029431,0.702391218885,0.0854878119577047,0.716914487678681,0.0986763274323644
1.40483773684015,0.0702975148710117,0.041820041722746,0.00981322017321585,-0.160493611023906,0.0912249860216369,1,-0.0828777604654508,0.18849398361295,0.710986451869548,0.103383739928866,0.507981171913494,0.0925146843827372,0.738101247998863,0.0744120633659859,0.687389628607632,0.0877581467512862,0.541220146112661,0.0997100527708817
1.48290403025835,0.0776143363802351,0.0561679491839361,0.0129414982607756,-0.122904995531131,0.105498588475747,1,0.24032877678999,0.16917696380033,0.543314558910433,0.110343779088524,0.627254966003862,0.0948819261194155,0.712829075462712,0.0810905689949003,0.594966695890481,0.0874975368502306,0.768027774290131,0.0885987999056646
1.532120199802,0.0776842060825229,0.0699653777407162,0.0147812883949556,-0.270809984213532,0.104304444293151,1,-0.0234730268597805,0.214782912566522,0.743236451628092,0.110680634283502,0.746101819466548,0.0807046557358578,0.693313191771422,0.0839415144903088,0.634013300510097,0.0829395681240351,0.711507452705768,0.0984097036205156
1.38092215264007,0.0688169461701592,0.0378101877283792,0.00884704948649243,-0.221909082116141,0.0815342643101055,1,0.148639222385058,0.196116758191233,0.463565694444287,0.124132360483033,0.666804036018661,0.0865924618002723,0.584082320758558,0.0811924579813909,0.579549858835916,0.0866693747273453,0.647529909737949,0.0897797010609849
1.46238757204969,0.0733177006565337,0.0587542958320088,0.0142257652378378,-0.192553803657315,0.0925255520641731,1,0.0839462881893604,0.17247251572942,0.609296967755895,0.104503512207485,0.684112841158354,0.078342883783789,0.699684627822595,0.0821646292586969,0.748312831589826,0.0876645583669493,0.594036266558377,0.116235328926736
1.53198057012642,0.0864404533752252,0.0675870435291612,0.0145624848732049,-0.286155594488559,0.0905556323301424,1,-0.0367258698679955,0.17997428784661,0.865388901586403,0.0892832439141704,0.537907877461931,0.0876778440222703,0.755856123227968,0.0856648849108318,0.713751464772614,0.104403455788973,0.619246306506845,0.111760371460884
1.51230975779074,0.0788535120119421,0.0825364165929393,0.0161372910111136,-0.21676780937246,0.0894324459654194,1,-0.133093762199084,0.189247636227299,0.754469104505517,0.0947697747551388,0.704866488969342,0.0781887977801699,0.73797689640682,0.0816655402893365,0.608540236381092,0.0915514287255033,0.815739364473448,0.0908511217766781
1.45564878765048,0.0809760743292953,0.0540983775831914,0.0116143747305535,-0.373251588479517,0.0803053147529628,1,-0.14621352360518,0.213173886468796,0.752204976564198,0.110796060341472,0.655125233663397,0.0843696375120565,0.737731858966147,0.0870564985307986,0.677565055890388,0.0956709528576956,0.608088808452365,0.0918618334722509
1.67362835394306,0.0970641366466486,0.0628882045237702,0.013991590623463,-0.368213222513109,0.0867863856669379,1,0.309180148837303,0.181263095216745,0.697899104123251,0.108639291603656,0.768904780695025,0.0834579964873682,0.937374509912345,0.0794866573278162,0.657516892867401,0.0981866385874927,0.851595966882514,0.0987209967709718
1.50701517146957,0.0836035505752368,0.0616126612916656,0.0140038388291871,-0.194981257727946,0.0925420790137799,1,0.189909033168427,0.199567715509315,0.663845179226312,0.109998868936447,0.654779477063427,0.0839395356088317,0.683502312735938,0.0848398559630006,0.7270052476161,0.0872335833604687,0.812616323121563,0.113257290350788
1.45761909321817,0.072170781948927,0.0475534992882163,0.0100268810171154,-0.2256653007156,0.0856799919385769,1,0.136948567205409,0.236410128773312,0.605888349394991,0.122445514309434,0.571153770384737,0.0857280217736535,0.774630240216896,0.0762779481581259,0.621306162255381,0.0808580470629529,0.7022365543299,0.0888909705214207
1.53479136101336,0.0819591985270647,0.0573689387577414,0.012427431357879,-0.358374131811822,0.0756166596559367,1,0.2576075895906,0.191656771664361,0.584388406632064,0.12438577198174,0.660850649925157,0.0840897835361008,0.719878898200496,0.079083606592775,0.773452303820726,0.0922970296369547,0.837911224401602,0.0986735139774841
1.38308652990346,0.0739167399288396,0.0501703243475598,0.0121081553431352,-0.213445204840152,0.0912616902503244,1,-0.0622022488899568,0.188698042318929,0.512465250256871,0.120528562443493,0.623104027297493,0.0814804324113159,0.783806885049046,0.0717181009560145,0.594894410481438,0.0989837758719103,0.480799487718851,0.109691285750131
1.5646340940676,0.0860287759538804,0.0526870722285962,0.0132190236326605,-0.343495577428061,0.0788259232399738,1,0.15492654306337,0.247017666721032,0.619773489231253,0.136505042664877,0.75952734085137,0.0806943589837636,0.759627669561648,0.0792720346138799,0.612466057345795,0.100839809642306,0.586855901390804,0.112935666708907
1.60630463102434,0.0879322246629329,0.0684760182954601,0.0140945115311875,-0.526485273933448,0.0572829896798681,1,-0.176875125210083,0.206084266563609,0.822140892220483,0.114072631627826,0.712499733498941,0.0859014305625306,0.72918884491225,0.0919597316690165,0.733659358133501,0.0898453630500944,0.841065273346145,0.0839168430790104
1.50504622043226,0.0831673633453553,0.089083854004659,0.0176829881998442,-0.209890770996392,0.100492897654843,1,-0.22165807482957,0.222100350455777,0.743992575645334,0.107587555633796,0.674355511715071,0.0922036913867172,0.648015089085582,0.0797075557058536,0.855442002320824,0.0903069406941709,0.783103175527127,0.0981506042899475
1.40838801757356,0.0765873296932698,0.0570658370488926,0.0125517774119609,-0.494227264666079,0.0559477109474424,1,-0.42494036265774,0.178254444588937,0.692165536500439,0.100675281264718,0.846848867135176,0.0755127038561588,0.636570760201842,0.0821271792250742,0.589638125483008,0.0855627284542576,0.63280452247123,0.0978407131697843
1.56893937966604,0.0782712317534292,0.0643017857355333,0.0128105575127772,-0.353775084457754,0.0770670334027123,1,0.187512149908669,0.287004588090976,0.6788318219978,0.146112350188339,0.651739003232663,0.0831306636529666,0.781954980517986,0.0722359588081712,0.523637916821319,0.0873063429961979,0.752685304785129,0.107280093068652
1.56153576042528,0.0782332772292288,0.0571396420868003,0.0132340227711026,-0.425987985113439,0.0680455555951601,1,0.00572607035410966,0.204816588652055,0.806572412724067,0.10273944270882,0.616234614048464,0.0878658468801516,0.792464655901084,0.0797893076349131,0.874543596340397,0.0956850506019232,0.311035117689392,0.116365010043183
1.56078212241015,0.0859255417070505,0.0560508455235142,0.0125313962661093,-0.235091559991494,0.110488377921968,1,0.0236797857151458,0.223273096385941,0.787367803018168,0.111397696865946,0.758139378759928,0.0771290683503184,0.626334734484508,0.0851289577008639,0.699622241025455,0.0944297519996277,0.832434603676931,0.0938869155809546
1.41474782132248,0.0706419957077873,0.0494885344945702,0.0113245600347402,-0.327539173986503,0.0738544994044524,1,-0.0107054769159616,0.166666800021942,0.594423681397697,0.107467666976666,0.582778738305771,0.0796706102621305,0.636768133578786,0.0817805189628082,0.541231075409318,0.100743568762448,0.640450091199993,0.095789767621072
1.61261780166804,0.0813445090648931,0.0458001826056499,0.0109556509472283,-0.353258129593828,0.0933990786451238,1,0.0615784996822846,0.223314519335162,0.827648854904027,0.108939172531349,0.55720105629325,0.0876858509442742,0.883308376611688,0.079017080270906,0.709653220566444,0.0932646375625173,0.714126496189906,0.0973068456511069
1.62662528453249,0.0906861432633231,0.0854926292906807,0.0174559663372347,-0.301952037823985,0.0934713426156338,1,0.280988432285367,0.244929135752545,0.738431437502422,0.120388510741801,0.621414602999761,0.0904568511947365,0.776151722613004,0.0754887572493752,0.83135065752647,0.0833292310305564,0.725179759928961,0.108312866211735
1.43501566155038,0.056769091544493,0.0443357910897941,0.0095218436138044,-0.0700118577833829,0.0932209388748604,1,0.0917697834166101,0.212541953443859,0.577243238301449,0.122804227076126,0.754335767686526,0.0755343352754795,0.65384922027613,0.0750482418911898,0.596850686074072,0.0859164525360816,0.523184781241972,0.100570933233146
1.52143848571299,0.0761857620584546,0.0654523336791457,0.0137744279665718,-0.182145201270197,0.0828198007219589,1,0.328603960880182,0.160018515670735,0.485151604468466,0.114375648752631,0.655413181697432,0.0854402659451844,0.618303446082287,0.0861021174664632,0.789786824167998,0.0806818576650387,0.652298897668132,0.107232460436398
1.38400468114371,0.0764641305384651,0.063578289409673,0.0134320251450453,-0.296853851306976,0.0815638489245561,1,0.127793162167578,0.186885290512709,0.43596115016054,0.123599058050734,0.726527418084844,0.0747360279136512,0.710820809705527,0.0852831551430532,0.596802982016948,0.0913651749787333,0.727757773715616,0.0949650386875554
1.47746733936304,0.0837067316347878,0.0761849462200949,0.0173810395455708,-0.29093034360941,0.0930311614957623,1,-0.169906528829285,0.201365750955991,0.828977861872568,0.102710565069323,0.682445296426114,0.078731711747841,0.703883254529877,0.0910658855458236,0.67404189712846,0.0957250607171075,0.603537115995677,0.118686744375552
1.44183124866868,0.0810252962003875,0.0602462434579751,0.0128106278173815,-0.310461170574903,0.0848900792988121,1,-0.227695323109658,0.210779808313483,0.789027503690383,0.0988689695665499,0.633664124751335,0.0821753854799728,0.617741478184412,0.0828958958410333,0.759912619347846,0.091278644704343,0.62398018740053,0.108950711947327
1.42301589184201,0.0683412200247121,0.0554278936807343,0.0127819794964847,-0.205456606919354,0.0892887935081273,1,0.0237286580142263,0.20259859404834,0.591316556072639,0.117699098954017,0.650865855157514,0.0810964197072185,0.659499492908331,0.076346250003912,0.7245031383307,0.0843463972481965,0.642208636855157,0.0998194196959293
1.40350299767358,0.0733467179560391,0.0718232664606183,0.0143820468063687,-0.392307396351954,0.074098233241183,1,-0.196224656140971,0.226743404977111,0.685975400774714,0.123389273127578,0.616076369600188,0.0960110738633928,0.736089615957572,0.0788863690609488,0.579806106482932,0.0857612698087859,0.559900918920224,0.10157998934357
1.606525556379,0.0862048130574356,0.0804251092808698,0.0177633299991073,-0.39593132074847,0.0853533438039762,1,0.0471806973375299,0.231448900224665,0.744600479790327,0.118325965947737,0.710294497723239,0.0817898723733607,0.571328483961538,0.0871067324093943,0.870338941371183,0.085199432904152,0.81621432947885,0.0948658274252338
1.60855337695597,0.0860748493589859,0.0601638331656491,0.0117623498618081,-0.444177992150048,0.0768292192554562,1,0.18810306547279,0.170807451970803,0.653691307415754,0.104616091310317,0.647955441264807,0.0859389051551226,0.908508704939983,0.0781891978390994,0.822482025713063,0.0894440023183992,0.548678998778088,0.115049180808965
1.69692899290302,0.0881599784789169,0.0681522277665814,0.0143941767992116,-0.261535261888456,0.0887935776880268,1,0.19738384653134,0.249543312444693,0.864441989332409,0.110746788017051,0.600940488100089,0.0856864373367234,0.730306784884445,0.0832945237397206,0.824383347621225,0.0872533683156466,0.794919917220058,0.105857442574228
1.68696662202505,0.0942724771759342,0.0679426184701718,0.0141641729643033,-0.447157409426248,0.0669849605971994,1,-0.241521775133741,0.252232655292081,0.877424273318543,0.126147244524569,0.86435237535568,0.0869177840442302,0.821986520283048,0.0780213445952972,0.763403339500051,0.0858725664047732,0.694305138846741,0.103002787627182
1.41028110411142,0.0723694491253051,0.0541400419805202,0.0111144944008738,-0.353251528666885,0.0764819944371775,1,-0.0755743572206921,0.208163780303973,0.623934835371969,0.117416010934519,0.661982307399106,0.0905173973617012,0.543603977556956,0.0794549787617598,0.783246023435649,0.0776466051584474,0.711470739684986,0.0870789288675435
1.85250869685457,0.108253738824999,0.109586771377601,0.022070052453902,-0.536727431035106,0.0699261486998071,1,0.484160580990876,0.245119722534798,0.656034739079245,0.131386367436218,0.878509435496239,0.0842334397179745,0.908199544349967,0.0742991681630138,0.905469956816296,0.0937187496510746,0.894247549223413,0.0942420784507126
1.45026143508963,0.082964638659919,0.0535826388691577,0.0123775202110097,-0.371545476766972,0.0908855398122719,1,-0.317837428822539,0.216921724236079,0.855383065330252,0.10940109405471,0.617644735963401,0.0840919588349213,0.603427561340152,0.0818270941608178,0.680040843786599,0.0884988028541654,0.587133508567354,0.111403095931704
1.31185809566596,0.0734865759533138,0.0456479474843493,0.010571316696607,-0.238121298928456,0.0946930195508242,1,-0.117292662062888,0.170235644198677,0.57095040724577,0.0992983421055719,0.576755438143232,0.0934421032430793,0.472792009537608,0.0950591230354642,0.654493413927023,0.0893359880721277,0.755130520069213,0.0867433759015083
1.47579588411283,0.07686942644178,0.0777368711575298,0.0147454957300601,-0.22017798780584,0.0923345928166205,1,-0.245976999518485,0.241613645288996,0.72878155280738,0.128748544018905,0.764275521654073,0.0758883263475674,0.739454939165732,0.0750494704655835,0.773534110381317,0.0833013374247412,0.805823356741611,0.0943396653834893
1.52810001105461,0.095913396165923,0.0729002319793586,0.0174139282598347,-0.192933349078193,0.117808294434058,1,0.00219218785017587,0.242771539562436,0.639927954842098,0.130948661309465,0.761187456789813,0.0819429015910721,0.612273067323884,0.0918853140918128,0.825358911539231,0.0871070490022715,0.62500262033609,0.109029191427343
1.4865565225157,0.0770908046673527,0.0454252284225352,0.0120694706212801,-0.174500409560241,0.100936634752889,1,0.0875788282426615,0.183976888165683,0.596677095128267,0.102593687863336,0.73186026590676,0.0744308575433429,0.66075533086657,0.0830142283563182,0.735740937125916,0.0907896868617074,0.502533315634376,0.113994565843157
1.3573300063245,0.0635057322610095,0.0406033949779253,0.0103518553346178,-0.262449562092666,0.0916531495284542,1,-0.144250563436165,0.191835413954586,0.616076768114414,0.10979977298722,0.699193012012922,0.0730045316504368,0.521741654523112,0.0800850516051985,0.654560573234448,0.0885974115148073,0.538435633794508,0.107412709670365
1.45624840372963,0.0674828978966127,0.0477446399782318,0.0100287683111359,-0.313414625930313,0.0918596726272511,1,-0.163258009873453,0.192075401723713,0.764860908124458,0.0983376777417183,0.604369003941376,0.0917919968748116,0.835993678521231,0.0722272550758687,0.612036211935389,0.0878300996750844,0.736568687381323,0.0983198645617923
1.59257057869497,0.0875524404093382,0.0658208904045659,0.0137482650007051,-0.274978445071442,0.0979276510297021,1,0.0257817849794374,0.235117050501074,0.652599631522781,0.120257382287287,0.741489879676682,0.0740653589684259,0.79984455291624,0.0784448102384136,0.770692809789154,0.089898021855144,0.726132395359068,0.104082649263691
1.61477594134423,0.0840962848560232,0.0780277044044371,0.0172228428921243,-0.354701743227778,0.0763793357287538,1,-0.0848477925502047,0.2013750598899,0.781529456606407,0.104424493220608,0.81135092125915,0.07941989883764,0.767173914253501,0.0816892173389914,0.901770929499212,0.0924903152719255,0.601328108703933,0.114089647497543
1.42340375434698,0.0781875577602811,0.044502096939742,0.0111998916858631,-0.226952544676885,0.0807084819080941,1,0.188981061714475,0.202891992672878,0.516485338894368,0.108200547996002,0.694389512384382,0.0795731143999541,0.629597566494333,0.0818871407654971,0.753887888644391,0.102443230610025,0.537189676617501,0.118448185445351
1.44773833597804,0.0774016031987754,0.0572545825474014,0.0127500818161285,-0.293058997541258,0.0915586200356106,1,0.190695285063064,0.207057213227525,0.617855122091468,0.120143193501392,0.598333730485256,0.0907199188374629,0.658361024826626,0.0844775838475105,0.629630015032743,0.0857170267670672,0.623892366272138,0.0935708913399046
1.53382379338906,0.0840734930524196,0.0621848860861614,0.0143087243883425,-0.337025096459875,0.0888847093620004,1,0.135656093755229,0.169114797124644,0.731720041450095,0.0922818375650841,0.730217725086431,0.0808007208468317,0.590040394945808,0.0934342957148508,0.768055475290874,0.0937278335080487,0.782715496217064,0.0991646961260314
1.44107795721518,0.0730121201798331,0.0417799683490983,0.009317321562831,-0.230721343108406,0.102611307376421,1,0.0377239284176637,0.198325152352759,0.649696918969758,0.11850244666221,0.525839695448845,0.0850847185523692,0.645172832397068,0.0794023877310839,0.742836787697811,0.084001505858445,0.627236610531181,0.0992361970609362
1.57080861999178,0.0765153949893616,0.0722316336400452,0.0148436527979062,-0.280620729997052,0.0874339380910281,1,0.234755311685022,0.258927936645593,0.701565127399684,0.129569769379677,0.598113313006881,0.087204061459849,0.662467919095431,0.0844480068210715,0.788589713946285,0.0830747631377762,0.872830486835722,0.0845525207346155
1.39942335430883,0.0702038538657773,0.0411452633325374,0.00960164437195312,-0.173350470469758,0.0994426579680406,1,-0.593011734277582,0.241265642915453,0.938305116807303,0.108801840360679,0.512464156645822,0.0916868413417724,0.554054028197135,0.0909149613355893,0.694701252563945,0.0889581067540819,0.630753317112675,0.0913211746640573
1.50551639718213,0.0810288773437866,0.0508573813344411,0.0115564500133722,-0.284161806421602,0.0901863337286028,1,-0.0487988544608935,0.222957115450171,0.799236377514887,0.0996056267325519,0.655011885722087,0.0888059771364483,0.75166099874673,0.0805563497962824,0.709723644694201,0.0864359140432591,0.679364645077353,0.097813319284853
1.52558686671844,0.0888922907952104,0.0649460759709024,0.0124026173945681,-0.307808912512196,0.0948550523674203,1,0.0814300253442127,0.223146958259283,0.632025681421192,0.140553482822898,0.817398024704854,0.0867369601584605,0.559034422106206,0.0881797534907441,0.801245266493724,0.0814695929053634,0.627582044200763,0.102631388654625
1.47524005395116,0.0773202212210222,0.0531182472735953,0.0121973389421594,-0.230515352328805,0.0942022496322345,1,-0.0565322630762448,0.18476125472688,0.638585054187873,0.100221480914974,0.761731942854274,0.0761036008714946,0.591557453636049,0.0843332366413961,0.822499248991616,0.0939332777486831,0.677806006058047,0.0943632910380027
1.63055224380226,0.0844160126601732,0.0611471952158282,0.0131483589011724,-0.324229745013918,0.0830279157014297,1,0.18932064284218,0.195802358845135,0.691517078058141,0.095366519202679,0.868585357085602,0.0749638584538835,0.683781822485378,0.0807341517717593,0.732456533174923,0.0943556598210278,0.75465702329991,0.105814767416414
1.47980791428606,0.0778570830206567,0.0500517036877334,0.0113738796244153,-0.232811835086548,0.0882379171087508,1,0.199166015154433,0.207509966759325,0.613705911053557,0.119498111289068,0.566811797276588,0.0900199734375599,0.671320803710083,0.0820493648355426,0.720753896759119,0.096145277945386,0.749204739123175,0.0921505411283756
1.44076896930762,0.0798257986508209,0.0632405160054604,0.0145047265430331,-0.0632872508319875,0.111601480793846,1,0.053859749421706,0.194921033733296,0.581784268106755,0.117682565240377,0.672814930919115,0.0829527972168999,0.765230287118283,0.0727704047813508,0.536953155630107,0.0966488161568072,0.719262656944647,0.099969219157381
1.5415398466949,0.0815788582488967,0.0528361379019393,0.0121678715603244,-0.14228193152582,0.0998512674643171,1,0.0674956558309902,0.201199468230466,0.692225055115627,0.105751952599079,0.700213441604505,0.0781956530886054,0.644986128948569,0.0870086808826373,0.703044067546799,0.0891220821313563,0.821727733737057,0.0951466278204946
1.57779205109575,0.0916334498146707,0.07904508901329,0.0164866752472348,-0.385012031338332,0.077643453802056,1,0.312604197406622,0.203442951297268,0.629704758280042,0.105734128676746,0.667023787982134,0.0885135150211239,0.72666776693737,0.0812593950784221,0.767155937420926,0.094937110330408,0.811740772440914,0.091638163860866
1.54812727154308,0.090084660107872,0.0702545933298618,0.0157745646334514,-0.306186914634789,0.0838726595204866,1,-0.110005882439426,0.226007802817853,0.683749855923702,0.125898885531111,0.775223097006461,0.081210376170194,0.715031410399177,0.0854339538343915,0.777236451670823,0.086190270808561,0.806310996125507,0.0969250309010364
1.45719535233886,0.07289039368225,0.0445594429576049,0.0103784213768907,-0.216727891968033,0.0805757498591186,1,0.238562996179635,0.19602824375383,0.563910810770917,0.111746220180509,0.689088999454214,0.076193600890536,0.669206463935911,0.0822474713565822,0.641838700950213,0.0960586346365738,0.733339802968533,0.0971125313663321
1.57758547614409,0.0778957664671699,0.0637290045163477,0.0125445463774815,-0.340749385587996,0.076675273362409,1,0.110196568091941,0.283202683610745,0.776445402837106,0.133392183485535,0.69185979506413,0.0811402286317465,0.683919126313011,0.078956311826349,0.698061021337976,0.08634834042679,0.655352605564019,0.103377692558867
1.59125542695123,0.0788993259019184,0.0824636587082674,0.0158085511259775,-0.423233624236815,0.0589285679637046,1,-0.0715834552109177,0.186525982925224,0.737150808700517,0.103571526783932,0.826584113852255,0.0766894617343034,0.702353245458377,0.0791854066741868,0.779408622409744,0.083763675831511,0.719886229879975,0.0884249969982172
1.43174211088377,0.0702545762225284,0.0411824467497115,0.00856433893819612,-0.235133366125708,0.0748449568367884,1,0.0827241729714047,0.200933763355335,0.616176117102324,0.107324795900593,0.699693387540965,0.0834969505610937,0.707772839615976,0.083896211235725,0.550101636479575,0.0853841135387302,0.789002180107913,0.0872063180768468
1.62550107799437,0.0801825491991384,0.0816017282737087,0.0151816998586462,-0.407667405267076,0.0628678664995286,1,0.246010235918947,0.219695981365734,0.763577503537187,0.112897235911767,0.685137637270363,0.0843000596972693,0.77068897284763,0.0796225476876691,0.773548231775313,0.0770831635904355,0.804421516580621,0.0977490036825517
1.52053798782992,0.0688816945742458,0.0586012891669781,0.0106530064051412,-0.284781259911238,0.0759455594673951,1,0.0670800296866038,0.227275361977456,0.694321967559511,0.122562878536383,0.587658107142794,0.0841293457090243,0.667734753957104,0.0777735605274771,0.80066898999818,0.0860599731198962,0.676995994105924,0.093858278900964
1.53805953213214,0.078167097980538,0.0621903083998183,0.0141218022760325,-0.281509643497471,0.0886639389484681,1,0.0319550776042346,0.212172097190106,0.640396602019589,0.129269319538695,0.685814725487835,0.0932402417075087,0.791964615932351,0.079966817593721,0.707378884524042,0.0833645161188661,0.855963155455057,0.0794257489037066
1.58332913030912,0.0941240386485773,0.0757756498682192,0.0173482832005798,-0.35019374333777,0.0942987445020998,1,-0.235745900354927,0.266412657872205,0.904715455967808,0.115126703560424,0.67729120942266,0.0943748167083193,0.738672384769129,0.0898488796410027,0.700376310174145,0.0917504935881249,0.714795218179053,0.0998541155705294
1.44649075368635,0.0734676056626829,0.0669760532487449,0.0131615903969796,-0.243326476555706,0.0978293128456288,1,-0.0125014532622388,0.177127160141408,0.7170693806027,0.0987727841674033,0.517255788210395,0.09014246373075,0.635380254963896,0.0792483464179557,0.811999212074986,0.0777136732960428,0.780803644420352,0.105252088778311
1.53024951262355,0.0830168157704186,0.0565854727305561,0.0117625933556331,-0.305429876673762,0.0943886599087014,1,-0.117088667912045,0.206043984937336,0.821254094192224,0.109207734386213,0.753670919361845,0.0821695547824226,0.710617515609468,0.0802312172425646,0.851894242879812,0.0834869273479363,0.67828859838114,0.102442525850602
1.47801663093819,0.0815805475419062,0.0544947040317175,0.0129574265318045,-0.227301551166711,0.103601810588389,1,0.0668348628289026,0.221641661103173,0.642580031665925,0.126559135018338,0.6492164959417,0.0924193306845904,0.748495583421803,0.0893090894508557,0.557827601047064,0.096253755733739,0.744881829569381,0.105820664595726
1.62017101416769,0.0868721158481172,0.081584066953014,0.0161189648320458,-0.385581552219607,0.0777040451549088,1,0.0839326698436822,0.277174862870818,0.765338607593916,0.128725805127944,0.642379865343469,0.0869071973077307,0.836969774777463,0.0808967125541361,0.675189559204559,0.104382565791111,0.958680092271462,0.0938121343387659
1.64118118054762,0.0843848757912697,0.0677493690548383,0.0147150950954911,-0.294820205112405,0.092449965922074,1,0.173322999298127,0.201427405741601,0.694881667522257,0.106645275288453,0.723388409903232,0.0876796270279154,0.812814115529582,0.0771266955231709,0.743167787431356,0.0853136771268228,0.817908020829336,0.089157976669815
1.44852007176984,0.0645744063761691,0.0387081608751499,0.00928129814204316,-0.200222836294334,0.0895599633299812,1,-0.0470538893668563,0.214572175701546,0.722311719734967,0.114630104097671,0.78860627580004,0.0754235281818744,0.614614064411152,0.0820403010773979,0.626764831285212,0.083635645057518,0.454742296912745,0.111667929927362
1.60255557009966,0.0915762933074488,0.0823386817560268,0.0157900316854097,-0.463334276754052,0.0775951245434244,1,-0.09830101122123,0.217422034790998,0.726141054732309,0.116588479480458,0.761133674458421,0.0877539436847401,0.809506117276253,0.0850336762134606,0.727473213453197,0.0893407145715977,0.746561269820911,0.0965474933614831
1.54949526838673,0.0784094553345056,0.0584444696104134,0.0133472976674941,-0.250048202647641,0.102699778725556,1,0.213832834790768,0.174502541242985,0.746295189932763,0.0963375545823102,0.510575438522203,0.0946170136168092,0.625703829545259,0.0817460504635294,0.800822292424725,0.0886574933458976,0.76409744664034,0.110046113106665
1.46803522904171,0.076151322169894,0.0687037945690894,0.0133727341206641,-0.300311144261099,0.0870742317853729,1,-0.238140546296782,0.21672155018785,0.831474945824152,0.101973845512338,0.67231583476789,0.0852795500095589,0.740772133244471,0.0756387682936388,0.569366413857875,0.0832650670822307,0.664941153770978,0.105387453336272
1.44620521503667,0.0817837904818465,0.0534203723491154,0.0128791959608441,-0.272463594312117,0.0904548148692783,1,0.137288741791507,0.195353918543609,0.604640427592156,0.102009961425521,0.580671254604609,0.080724313782941,0.617159455858436,0.0920917854453822,0.746353582989375,0.0902832292208056,0.69951104752448,0.102260259018499
1.51398823323916,0.091873854737252,0.0883201770611661,0.0178251859836293,-0.320185328939716,0.0864718781584739,1,0.228185615454155,0.197665853790105,0.590340090651852,0.1172704436605,0.681848851973399,0.0838766999839952,0.75462148222898,0.0981749738882786,0.720153741582191,0.0956098773675788,0.6646504356373,0.0943100475996503
1.49689036264507,0.083211791477314,0.059479250396066,0.0135871041307512,-0.268123347227072,0.0955488659204199,1,0.171220294278161,0.195158001418828,0.639388710290688,0.112436544419354,0.656913528195962,0.0845733635736195,0.685038189048694,0.0778520510885905,0.621995882601175,0.0971541448362185,0.648728987645001,0.104172324250124
1.45510149570616,0.0741584422491353,0.0542375674515705,0.0138640399427244,-0.162316910670427,0.112766894329399,1,-0.245568733114368,0.20338018435941,0.758187434979654,0.110337197650492,0.706924557224405,0.0757179537802158,0.629117016126103,0.0898888036620832,0.665873874128565,0.0904809810922525,0.715461211185293,0.104325336027097
1.52292415226953,0.0717624792456603,0.0612819072853482,0.0139136643110709,-0.111517401128869,0.107844041503278,1,-0.0344492374510223,0.237223370601592,0.759722264615899,0.11748772985085,0.627988107229409,0.0888853040601613,0.700107953799615,0.0813745909002717,0.705232528744671,0.0831286047119982,0.684322427026064,0.0954877643100757
1.45120101448507,0.0722340605876135,0.0463729898238682,0.0102549751390321,-0.427084902474542,0.0642800164059985,1,0.15496858622761,0.200764706318895,0.66868721046448,0.106202523327098,0.642512498666505,0.0918291798535069,0.67236348689719,0.0784544574972093,0.534605861063818,0.0910384249150176,0.747842212106541,0.0856089051579253
1.50446542379495,0.0743174605167304,0.0387151064178744,0.00954240015194865,-0.221125599594663,0.0975211080272355,1,-0.134093085289901,0.20812761652445,0.806934017060893,0.0958334423319121,0.721598020976543,0.0797331337573024,0.593835068517521,0.0817414327557728,0.445230401040361,0.0952187339759343,0.818200754012384,0.103721834109463
1.60352215780585,0.0866395734342102,0.088701678584339,0.0161610803160611,-0.403751634920889,0.0753337428288829,1,0.0259532363358244,0.229860328942408,0.658089597416049,0.126006908612291,0.726542336863191,0.0844832964971513,0.835260743443919,0.0758564091692014,0.78780759138854,0.0825514726297735,0.709495177928323,0.100427079861829
1.41602950504016,0.07411967639139,0.0443628037824473,0.0123078489804065,-0.134539740496449,0.100181746343329,1,0.192820656384135,0.184697556367675,0.502595124481287,0.115515525864498,0.603447469100781,0.0793867614570346,0.693919051116041,0.0789912228858511,0.464055984586919,0.1042284358975,0.631981502818565,0.105789012409788
1.53944744986981,0.0846747711520449,0.0810460095752404,0.0184635775514524,-0.167804713671815,0.103450804668023,1,0.0926382757021448,0.204826805099097,0.781971408944484,0.0978227984590107,0.610313107492111,0.0810157412885827,0.563632620466079,0.0914974072298027,0.724972915771572,0.088046715018585,0.713299567607524,0.102640342275696
1.59269964802556,0.0888735877132275,0.066377086244833,0.015205227675822,-0.35329065234957,0.082248115936191,1,0.234680027180595,0.213580561436908,0.696730758276769,0.0949839243870089,0.685295734742516,0.0747656764350967,0.798872104360564,0.0855557477266039,0.706080411407895,0.105008413310409,0.615244445502554,0.115155377611866
1.45603388689257,0.0798222593368292,0.0655183286450761,0.0143276615419436,-0.302864547302153,0.0863553574187301,1,-0.262760013528175,0.185060020427425,0.699541687140733,0.103651003711011,0.780862083626042,0.0761807268143843,0.566874184231902,0.0893240006777978,0.712597347382042,0.0913572259026996,0.724243828535077,0.0917583890757101
1.48426262673816,0.0715598929640242,0.0592484781293346,0.0122865372858004,-0.189631830929946,0.0888655361151031,1,-0.104645847857692,0.224449883439441,0.730027773294505,0.108968192163186,0.794408140565231,0.0791937381221746,0.579096067804722,0.0872323922817764,0.7866517563211,0.0840916868618436,0.536086115918783,0.0997076058653638
1.36844432720101,0.0762877186606044,0.0652701738493283,0.0137590468157002,-0.262439714989197,0.0870102438777205,1,-0.180412166255208,0.198224601237113,0.616050845638208,0.110316241355484,0.70379267621055,0.0775148801363969,0.691466738153972,0.0812582392479511,0.572080488177678,0.0883000720720377,0.489688740687657,0.116467408492798
1.57754988666087,0.0839343921040764,0.0645280217582165,0.014414693863183,-0.124813491445066,0.0974996683923269,1,0.131482940968105,0.176981221037619,0.766873488230438,0.0939688963589801,0.701487568324796,0.0820023814395277,0.621544922589786,0.0813759097761412,0.712100296941353,0.0935573719880615,0.890171021796955,0.0896301255836125
1.52448322900631,0.0825774869371144,0.0653673611496465,0.0143204427826337,-0.224691395980897,0.0891974924230663,1,0.0132868145223486,0.206377467546441,0.6661105414307,0.116641025643228,0.754187032589571,0.075747970003637,0.572855145331748,0.0895785472586437,0.739849121046701,0.0849793351410124,0.571666612875188,0.109741558836021
1.65951752438931,0.0892967502382124,0.0802350787388931,0.0155656186969435,-0.396143290889075,0.0736025602790446,1,0.325979620147706,0.195246019264996,0.73304085101554,0.096235057854253,0.675429805590534,0.083746065775503,0.857052871036309,0.0726788303477718,0.764230985612293,0.0911106583502,0.751511122435798,0.110531584241194
1.45284351859822,0.073239484374797,0.0647758937292113,0.0137954507764706,-0.269694559407759,0.0941059214703548,1,-0.155432109059588,0.210977378375781,0.71044730065741,0.105687242326342,0.649910245417224,0.0796031526487152,0.581943930223646,0.0883855593255491,0.697544649304796,0.0841942301799564,0.544831383172664,0.101699299859842
1.5708051548814,0.0830544313899942,0.0595238076033733,0.0137955741375316,-0.388466683783374,0.0762628242053297,1,0.273783555562764,0.236734924187929,0.666094246294353,0.122423702086328,0.717411288360516,0.0745390171157792,0.758781848508099,0.0743255310548706,0.696732747762042,0.0952724801545819,0.704416931753143,0.122943681384297
1.50318827908272,0.0776275933349103,0.0598850046562611,0.0120800657679423,-0.164786315335415,0.109948041407735,1,-0.267908533876283,0.245601880483955,0.814075795698594,0.112563302551346,0.733252273339083,0.084933596347601,0.616979244688273,0.0876433322432312,0.834784094490519,0.0819513803091289,0.672550954737002,0.0887577812751744
1.56289088562965,0.0883463507642355,0.0606266750500792,0.0144670943425817,-0.299877803248706,0.093590345666821,1,0.0848879272614842,0.249983845170908,0.606547183184465,0.148764093993085,0.713979864259348,0.0851728591888242,0.956168370415405,0.0866419014156942,0.761226929815656,0.0905109977758617,0.660094221323614,0.108136191394388
1.4298972229775,0.0649784143076533,0.0457274196132297,0.00980866161975098,-0.199098518515524,0.0898376757988684,1,-0.149789422027679,0.208942189206124,0.61941842962966,0.118124645714536,0.726520776851037,0.0770147215401814,0.642218500557931,0.0866288648696722,0.695556086312483,0.0869703404724359,0.686379557100421,0.0847995453394673
1.57413500037263,0.0768872276265233,0.0508612795086446,0.0112336681849595,-0.347163614033244,0.0834791507504043,1,0.053410828432929,0.22958854387129,0.76168647417684,0.114653823421169,0.648468351130114,0.078401789291326,0.810005577486484,0.0802862613147171,0.759480800652434,0.0950334183058639,0.578440584802125,0.109832350168537
1.56344270235978,0.0838029611315511,0.0663485489804007,0.014858008868015,-0.333003150882876,0.0778398150761974,1,0.392962462526706,0.212021677950437,0.601066067993933,0.124125456402055,0.58344184709626,0.0937968797452118,0.890696881061613,0.0753617815272471,0.778394920268872,0.0933994844620752,0.707567973174039,0.0922740263941777
1.46002059472141,0.0741905851355332,0.0756014442617846,0.0145636492874755,-0.333475784712353,0.0872544739217459,1,0.0502105093995687,0.186211579305115,0.667456165403942,0.109456251981794,0.629436310421795,0.0862241949966373,0.772506642960169,0.0727241065674254,0.719930614017532,0.0847523337873506,0.592667477001342,0.107367404085752
1.52346527972263,0.0840061388167805,0.059392682013347,0.0131461665225152,-0.177457805208908,0.101943219679139,1,0.125592373781629,0.193435344655652,0.659533606769207,0.113241063669555,0.719319037227974,0.0809759018295141,0.72305063957794,0.0822802821634166,0.578632775840701,0.0999183507764683,0.806465141173472,0.0982735798314712
1.43106782819768,0.0723325200995974,0.0640457441792809,0.0133815942356632,-0.311292852417827,0.0872701756744994,1,-0.03082296941588,0.217611428905148,0.636381649357568,0.122605704104411,0.631785531316169,0.0908188816172185,0.837609921226649,0.0814695855091038,0.583768336283634,0.0890755667077286,0.720455096851405,0.0877126490149257
1.52082105753387,0.0856630429277114,0.0680341813318281,0.0141779668410362,-0.310366350684702,0.0793454812975649,1,0.074118053873383,0.186212845434825,0.742502818269478,0.100400874788113,0.66352893272271,0.0900134862949958,0.67520838278043,0.0890420929835383,0.678904855469213,0.0916367031626144,0.700535712995212,0.0850370828863052
1.43322972737006,0.0766136625319721,0.070860594185981,0.014592301356793,-0.286062290271276,0.0949984185134727,1,0.391116725256155,0.170279073310824,0.470721029754064,0.109611166423728,0.584927230669395,0.0806779851447098,0.620627267128707,0.08014793076675,0.65116911127944,0.0993661626060645,0.594292050065003,0.11709355279533
1.45465555341593,0.0751987098252299,0.0516124500478365,0.0115123064206871,-0.0164166275403949,0.112260741861381,1,-0.0196735078049879,0.238166909211877,0.612725253300202,0.136900561492293,0.651349179964463,0.100958778293645,0.761296127717437,0.0797616123501608,0.761684501480582,0.0778571005978473,0.591960473370268,0.0964248283511411
1.52571624095428,0.0803457402577125,0.0580515830667014,0.0133487083742847,-0.268638667843665,0.0867899757020527,1,0.079821449372768,0.223982932747644,0.62982429529904,0.119645477737446,0.693718721703428,0.0738339065706244,0.636966460916917,0.0799837161106782,0.779303459122935,0.0876938748045665,0.772859744798566,0.0981795064768391
1.37010717215346,0.0718770242269952,0.054361535632483,0.0118535342865268,-0.324278381301561,0.0786839736109302,1,-0.431205088897385,0.21642824277459,0.755216367206732,0.115994813474288,0.674233030643519,0.0728382410341157,0.659039305128877,0.078611919978859,0.648511648847949,0.0897022386567799,0.448392763071346,0.105689607634235
1.48254295347588,0.0755367056489066,0.0559705962076295,0.0120176716257263,-0.31626178559095,0.0796215718657429,1,-0.170287695374841,0.201238475115628,0.764050760241214,0.105376523485265,0.721573741645336,0.0787255074658644,0.68116817236623,0.0847290674901817,0.749322613788481,0.0903935320558653,0.558475297802465,0.10056780798398
1.5365141975532,0.0728781834340988,0.0520360183200066,0.0109660776159105,-0.285358379181447,0.088406187320021,1,0.469749969510752,0.230330832263179,0.480567356264202,0.134175437371402,0.716814434076207,0.0831093113958052,0.724483506979456,0.0772099748656232,0.682324654988638,0.086375995788795,0.884453593125934,0.0859606905148011
1.47259794266549,0.0746458634669546,0.0549344985276492,0.0120123402150504,-0.203220197923524,0.0862070758452466,1,0.300413192215842,0.195283018673837,0.534726288696898,0.110470430559187,0.674654020604447,0.0791035538931264,0.528967037524687,0.0929461964979611,0.626638107771605,0.0890921186352885,0.802841795016098,0.0846798897090374
1.57167497220948,0.086519991946861,0.0801428551408474,0.0166347598005118,-0.437988235986648,0.0699803929612418,1,-0.335780451074218,0.30885844743106,0.879536571169262,0.133262234542374,0.816654997960633,0.0762623322651438,0.615882277268893,0.0900148518416166,0.636303641761827,0.0917899161244636,0.706283254555234,0.103008503971782
1.64939342392251,0.0941204586308631,0.0878251249111497,0.0164846308963638,-0.260458787169271,0.0793564143133082,1,0.171542906972704,0.232051503731761,0.821974009980469,0.100116226691086,0.738107400527552,0.0743236827661026,0.74895067199083,0.0803829994670349,0.8041735305559,0.0974074150768108,0.875168292463532,0.108863481540264
1.49083806705876,0.0815387526111206,0.0741545841010193,0.0151951810820329,-0.391429438409699,0.0851282529705418,1,0.0513915503681844,0.271002341662805,0.579716811394129,0.138658774001329,0.683222406362273,0.0866195693628587,0.695895748546901,0.0875747194584734,0.74217410276926,0.0842600078536411,0.645372469260153,0.104021719376093
1.41428099639006,0.0670261254312974,0.0456675415500749,0.0101466354697696,-0.361149837938637,0.0741463823220301,1,-0.648308601054767,0.216971395677234,0.817849587410234,0.105828111557059,0.706792266122246,0.0814995696711159,0.809523562567509,0.0762583510756753,0.545529496272536,0.102954226669635,0.861235315622457,0.0894906976264494
1.58076883448964,0.0953475034237723,0.0627380902497709,0.013671994890264,-0.421358874066607,0.0822473245223444,1,0.0178511294836219,0.207153628569418,0.795959196810274,0.109656953689648,0.729548328505405,0.0883995165789633,0.625093896950374,0.0981377072721741,0.721004428369651,0.099335049950367,0.709653218856791,0.0947392002626202
1.4890653336958,0.0805400678612464,0.0630432814364697,0.0149352412032007,-0.208217723511018,0.117746167799935,1,-0.265541740365562,0.254018648641947,0.852313143626205,0.11399298500703,0.631968197085098,0.0807456496632991,0.731598231521306,0.0871838915148606,0.629578960112522,0.0990220134603012,0.645548693828203,0.100900999242161
1.47626760313195,0.0768305531348757,0.0699188010338518,0.0149362726037115,-0.223259896217742,0.0820803956656073,1,-0.148375523258857,0.251469710367282,0.729302463060594,0.12817225417699,0.656853743034059,0.0803715809956225,0.710561995694649,0.0809792248524918,0.594281644023556,0.104562660373563,0.730084732433279,0.0902582585593939
1.71749599116729,0.0935244559574839,0.077383672109413,0.0166653009440616,-0.436236188337552,0.0731356821247003,1,0.206414088871186,0.214110324647126,0.720642572445484,0.11054941356004,0.823887182893822,0.0817510923827395,0.807659098226253,0.0866561741165186,0.892295277904599,0.0942805817860919,0.712062661275449,0.112889801412321
1.43722435667965,0.0767413087536533,0.069681843231024,0.0137486274534956,-0.346258134381096,0.0813846718557315,1,0.0060354277427944,0.221374393627763,0.612183543043925,0.113876281847688,0.591548582285868,0.0873162137219822,0.712960624698893,0.0808015060303828,0.541061001519124,0.0811745090276331,0.597820455647021,0.110962521197175
1.37744472284818,0.0771216069179576,0.065266240634128,0.0133160296601722,-0.306950296087436,0.0890222547400448,1,-0.178759419428799,0.214492422716884,0.59455340025469,0.12128320697431,0.797501732005133,0.0759543268172705,0.57394346372169,0.0865972063894611,0.73448932057872,0.090044956631979,0.561992408804247,0.0990842894208748
1.52675519193711,0.0870232478547196,0.0574654960480126,0.0135605284532585,-0.303915801164144,0.0972749254272829,1,0.21290876207368,0.210291290039652,0.544841648217215,0.121861055596225,0.688025527529798,0.086361158833736,0.808833528504302,0.0867145056984565,0.656066965012568,0.0912724009082302,0.803587332579141,0.094266850838071
1.52007207420432,0.0831379663526352,0.0560211827435451,0.0126474938541153,-0.19882619389252,0.106047241352127,1,0.0103538207884862,0.189848460680342,0.726033007357128,0.104290065878082,0.558211749272987,0.0975090642637184,0.805368570909707,0.0738217270763556,0.652548989836456,0.0888002072575309,0.611592331752232,0.103863180018577
1.50784245789392,0.0860464150893379,0.0746589393801209,0.0161054452445414,-0.352695067636166,0.0841307970244537,1,0.21245442615571,0.192544280905556,0.476670691969238,0.112450479923197,0.797490515793547,0.0751407195211588,0.747603201672751,0.0852583064584969,0.762485918091314,0.0832072669409216,0.809512584648646,0.0952083053308587
1.50279355698611,0.0771507710066497,0.0550465000962978,0.013358619416304,-0.23392635066689,0.112764169015672,1,-0.224678983345186,0.167296795742162,0.773469317307007,0.100085562264006,0.713108921973628,0.0876938720333097,0.69680756270016,0.0814108451118394,0.729995546534111,0.0809320978143921,0.67652085477445,0.106769214742535
1.57186078771024,0.0872934882271245,0.0903629426014322,0.0178416872109268,-0.407173907886317,0.0792403097343065,1,0.281224210360374,0.226862639107467,0.692193354798573,0.120299841342765,0.642860347475597,0.0857495061543404,0.711280226583255,0.0857809503367926,0.768423288240991,0.0960852114695794,0.725414090184702,0.110710748531315
1.34228922680166,0.0761672527238388,0.0526204330843684,0.0115293582553208,-0.257715430741568,0.0952080917486444,1,-0.350160099597917,0.192788189563262,0.787533092012267,0.100074241402566,0.530784165958647,0.0820687362017175,0.59221751885601,0.0863708462245493,0.694530555795218,0.0892934169014137,0.714384612538563,0.108498878895724
1.5439915807473,0.0933246998184431,0.0761294502536259,0.017207600264897,-0.349599557532136,0.08696072144087,1,0.263431892932842,0.188605703254577,0.705950724690211,0.0931531673691295,0.59385112253241,0.0959290097240096,0.865726434219387,0.0820068378675,0.786344672399838,0.0976260850148653,0.650821168386627,0.104127725335554
1.75087796116301,0.0958089343889595,0.102563410877772,0.0187383974320102,-0.348370460864296,0.10063068068208,1,0.408524971598783,0.260629204574116,0.755320486635813,0.127172151840854,0.777930676449824,0.0856098883789802,0.920508214886606,0.0840085955140535,0.696251433538838,0.101912758414352,0.920648372442728,0.0980161007106353
1.49804039662913,0.0864523834910197,0.0648217636319927,0.0144926160240854,-0.276273283087794,0.0903709627182602,1,-0.212795560789934,0.214212776428904,0.761568584301702,0.113238303742581,0.791760695568627,0.0843597938495805,0.67395589325197,0.0864882285734358,0.832224076825478,0.0859352158665934,0.549897058423724,0.108866856556061
1.5644983534681,0.0727770706415225,0.0627019025158368,0.0132292993699957,-0.229995492897753,0.0903765851758345,1,0.00674755079231526,0.201621583916827,0.806002002179864,0.0994842047823167,0.731366781029547,0.0777609768814744,0.790194812726953,0.0801477466694876,0.554942045380106,0.102798091814181,0.640520960424942,0.0960635625238304
1.49807442201306,0.0849897110239898,0.0649627191480413,0.0138205172890611,-0.411505529970986,0.0734542293725038,1,-0.100602627599626,0.226591669157403,0.699058639915369,0.125054542532347,0.787475056844973,0.0784196741238997,0.711047350788521,0.0784267164398856,0.704073554395748,0.0926915687021913,0.686056130222396,0.100175053994386
1.65907850830431,0.0895174332307971,0.102207852405393,0.0193532529829358,-0.351060965787367,0.0861083923712753,1,-0.0206727944023963,0.206697785082102,0.795721775689842,0.104346815615083,0.806645508631881,0.0750807262302739,0.869871610110847,0.080059951497905,0.791155526798448,0.0891805936798168,0.793755022466294,0.109299118119062
1.56599464842528,0.0818006170091574,0.0614396111790498,0.0129201414681053,-0.328123778767444,0.0824170264864178,1,-0.280562947203597,0.207821104560816,0.835315851324827,0.095802650065069,0.758134584592217,0.0819131347334085,0.685958652346664,0.0890874480737294,0.664660360645209,0.0956642925428869,0.790226150651826,0.0937821064018743
1.50271905216589,0.0875730396041309,0.0578357116071907,0.0130530108238139,-0.401578499893095,0.0741123242384695,1,0.0864985875170311,0.196122954689347,0.659646927465643,0.11309589608504,0.72729373279666,0.080128591287079,0.618830402407066,0.0894571143151055,0.667072724423723,0.0889397511203502,0.908073599806421,0.087046038003811
1.43510674853342,0.0696311696494433,0.0371110924342558,0.00966374716201814,-0.152758455539368,0.093756933217759,1,0.442776978257507,0.203076249196241,0.427111691743141,0.12607530009158,0.651029496759346,0.0784174056418486,0.643920134167317,0.0867020110461482,0.688124434723654,0.0883975723948848,0.640869704812477,0.0900580657526189
1.55601750136578,0.088728640751634,0.0687273901594346,0.0142905501524405,-0.43251247112019,0.0783441958912493,1,0.00619229032822883,0.200347739868093,0.803709939851682,0.101771516303131,0.643894795572162,0.0873593332903589,0.671238753823211,0.0868797395071851,0.702595631042633,0.0832941874779889,0.882627271545293,0.0979828082901193
1.32459262383041,0.0652462749703264,0.0467899410916379,0.0101975813089613,-0.209498306561374,0.0911088665170292,1,-0.0342725282638054,0.210608181132843,0.559063733120917,0.128476651334088,0.638643987730993,0.0834658242601678,0.54358198273187,0.0851999831035576,0.618448072524699,0.0858800602329556,0.577262917982239,0.0996357482767247
1.558530638294,0.0993269546895742,0.089264918598617,0.0194400680579906,-0.372119570549418,0.0836306768532316,1,-0.173766066192354,0.30946550509211,0.841489461447216,0.126680588278335,0.672828326524292,0.0879638458729379,0.790773434024114,0.0806913008588233,0.797164913277675,0.0960136365731395,0.543354198478463,0.113821401563667
