"beta","beta_sd","omega","omega_sd","rho","rho_sd","conv_code","tau1","tau1_sd","tau2","tau2_sd","tau3","tau3_sd","tau4","tau4_sd","tau5","tau5_sd","tau6","tau6_sd"
3.6189183256622,0.294597656381147,17.8454789721185,2.66004912008724,0.874009474774817,0.0372712855457525,1,-0.0679865282553841,0.255982258671791,0.727930310885452,0.0953905832168403,0.771180779382896,0.0958428779730186,0.770007604393388,0.0971124329149548,0.591161371679518,0.104835060846667,0.743405811246649,0.101598670887632
3.60701916133118,0.276307452642834,16.2378869993446,2.42697064675661,0.924237208121914,0.0181051898898717,1,0.158125534027531,0.281202311793581,0.760973132777404,0.103440084208492,0.572574215592272,0.0995512819650602,0.70151401129684,0.101702357027518,0.754299933753525,0.0973898881451576,0.774177921714063,0.0996274124188499
3.34293100577069,0.249825606091415,15.333015441294,2.18162171643469,0.898955178078783,0.0305096260712513,1,-0.0603675560266514,0.251315189946234,0.630290773508319,0.104498665220141,0.707560092363364,0.0990742909622316,0.7132494075882,0.0953596120827739,0.68304719549541,0.102152359316939,0.631265345712352,0.0931672517266276
3.49256345093058,0.26660155849039,14.2192571627177,2.07929290784816,0.888662439174275,0.0391850199578406,1,0.198986301482398,0.244417839991965,0.536687847862848,0.106329545611088,0.595501630718897,0.0927928599905664,0.558115215884771,0.103457862424371,0.647615048231943,0.101548444629764,0.578509482866902,0.110782197498994
3.41518193212768,0.24317224291247,14.4950149573847,1.97944087333177,0.920805797220286,0.0209798415394598,1,0.332168892648205,0.253438790913287,0.768213943503345,0.0989761229968484,0.574356899008566,0.102770572804692,0.695196160426728,0.0942298658693837,0.769178473255171,0.0814955716228109,0.75754343395046,0.091873166443578
4.42210267339571,0.373036974750646,19.9272370210093,3.29576857014967,0.901146163211145,0.0255430500900183,1,0.475609384946527,0.295918979060646,0.694381024345999,0.118002842817225,0.829634530658828,0.10358242498227,0.738025047764076,0.111396855456463,0.809814760507999,0.109423789938517,0.751482699367815,0.114100694318128
3.68914675243854,0.262763236902607,12.9327403844175,1.84293637315402,0.908890334388589,0.0218841156902144,1,0.276022821779406,0.253295225213311,0.585514735837347,0.106745297782586,0.730207748110592,0.0875726947876812,0.582280756641273,0.0944110018064203,0.656103009123623,0.102420240722418,0.628317497256315,0.0854942426372515
3.84941785853708,0.2870018332466,16.8949378543987,2.5831501708588,0.902593728010337,0.0288182474298569,1,-0.0330792390786277,0.256779164626583,0.773487350630291,0.0986763663831429,0.629793937487016,0.101117937033863,0.813406001005412,0.0939882794055082,0.64614290207952,0.11007106636152,0.710977907812292,0.111765460267798
3.59134041295983,0.293036439183341,15.3896351160589,2.40647386697485,0.920209102576771,0.0238206044316324,1,-0.0832168570466202,0.276583414686594,0.757385013696102,0.11249055820392,0.637429106653592,0.093090619964348,0.635928700845092,0.0926660256666898,0.628613997603948,0.104775467867007,0.749536571961926,0.116671933980381
4.31167336410373,0.350364316804742,21.8512855510278,3.45782733347335,0.897968389220652,0.0246989262112598,1,0.12908039053332,0.280718940179667,0.820798723823343,0.102977007263196,0.837031049724486,0.100480005432159,0.834216302379614,0.106823473120598,0.709070533882483,0.111628194634109,0.715100520235105,0.113331848906359
4.02438469717281,0.30319003946395,18.8551149100247,2.79214547737395,0.913515385446042,0.0233725096154698,1,0.160664930474648,0.27780504235824,0.614030029194313,0.113633551850611,0.831980926867128,0.0912689772301824,0.783661236772362,0.093683785923861,0.733231946978768,0.100693454663657,0.727645543966044,0.106444274275727
3.42748090322737,0.239309250168611,13.6449738743049,1.90001926993915,0.894832364742203,0.0306546959949136,1,0.222504856831463,0.248459237053904,0.504157590747641,0.103282353635498,0.771720913020516,0.101279551724455,0.642803624305517,0.097096913707756,0.732683101297143,0.0929862316823485,0.520411705851766,0.108166941773149
3.53022401800318,0.269054972208703,14.8437384852185,2.1710681327359,0.886735810803201,0.0355822762096486,1,0.249372997419422,0.23839937498251,0.670706706152598,0.10962142922892,0.730041450129857,0.0844564942578209,0.60295396937887,0.0919925029981952,0.794017294539865,0.0924760320185095,0.611214444188503,0.102644619372183
3.71562578401742,0.321610303070269,16.5697864993211,2.76162696168356,0.922032586871391,0.0196887148657892,1,0.468780064279733,0.272387774253756,0.553011372086766,0.111148315445446,0.672878274062662,0.110178521694952,0.668191869270738,0.0987291645063323,0.682576323029106,0.106215336846009,0.66133761126899,0.122237275340489
3.85271711409065,0.309439271733038,21.0826146099562,3.28467862102291,0.914822396010983,0.0218109634913464,1,0.244951713882146,0.281535175647767,0.631768445008874,0.100718593500966,0.832298677208954,0.113324938796814,0.7086995998322,0.0915715943366992,0.804545498840188,0.102406508154773,0.864013622711728,0.105521705425004
3.85687937800958,0.309816885380018,20.4051760631198,3.12011021928636,0.908126367410068,0.029019913721464,1,-0.204527411670824,0.265201536996251,0.826592655529575,0.0999906592017875,0.787520130424588,0.0917392044756906,0.800156707214118,0.107673015338813,0.751857928554408,0.0969862204259971,0.643357923664003,0.100316835485176
3.54742025034409,0.296424472177591,17.6458399186276,2.83714021543522,0.93334665763935,0.0171909159188517,1,-0.0548197312431166,0.305150156765561,0.730948013927922,0.134045009247912,0.711540457872363,0.092167979775251,0.711624942236978,0.0967707568213344,0.795495543728087,0.100155263309793,0.577268918775889,0.0970941115711216
3.67369932778104,0.286451107386154,14.5617592316461,2.23183912755129,0.923254717958437,0.0208510315311687,1,-0.231459828737689,0.262144138441824,0.658275294341668,0.105338813092538,0.744088952974574,0.0850289865582241,0.836117940106136,0.0923233457642856,0.473864893314501,0.100843868792696,0.670401921101079,0.117638591243028
3.63371946496802,0.267728410187917,17.6554557995407,2.53331438344489,0.898264966997806,0.0297851429867511,1,-0.0228442543918463,0.250777838551824,0.705810825994474,0.100720116495381,0.748878569846734,0.0849671569563063,0.755161327131886,0.100262158331255,0.798587217681137,0.0909581841948475,0.58554309701242,0.115641048023288
3.12523610799065,0.202058643177067,11.9832832762713,1.46531137746339,0.790684039298356,0.0749991393624285,1,-0.0766235345997373,0.206806423356725,0.627645125465724,0.0760076527944683,0.686665025069665,0.090865843243758,0.523249105857383,0.0858182486010557,0.622671863945467,0.0914271013947821,0.574790863115899,0.105245100110295
3.69822494800417,0.287004610278252,16.5472552321195,2.44797481630067,0.897190987879294,0.0276061058115895,1,-0.561236021908615,0.269324306801837,0.855071241425307,0.108021961513945,0.774853409763557,0.0877776425490941,0.491714958263526,0.108336144326805,0.648998269657064,0.097116948255757,0.672250101078753,0.1097424109819
3.520605117793,0.262377106907689,16.11935844883,2.26677492306595,0.857603391005758,0.0378607081414701,1,0.0929746956079118,0.210908600843842,0.641005367589743,0.10065873366256,0.776659231376266,0.0876961100143751,0.6825729257588,0.100506477857774,0.806202702231452,0.0827507379910212,0.699988195601356,0.0995346176188365
3.84963766411489,0.26728496315249,15.3321944444036,2.12776400645536,0.798479467114913,0.0777820272247483,1,0.55436813400588,0.229607587118355,0.559630474807877,0.101156691390532,0.704028691823684,0.0875493800748028,0.503373314001176,0.0913714793891492,0.742350400338144,0.0825790020137936,0.612680591211712,0.0971872788322281
3.98627380768597,0.300555822558817,18.5529273656978,2.74958575132701,0.903523082717717,0.0261218531203535,1,0.222144648868676,0.270840804172714,0.755579978484142,0.0881221585781848,0.766727293065971,0.102122182127098,0.63678608675379,0.104810178164009,0.656201857059774,0.105932495914946,0.801367174817243,0.095635988755989
3.42267877476751,0.266125902326445,15.0404332672867,2.20587029772124,0.871563422427739,0.0387197308987714,1,-0.078134513802704,0.256381265080798,0.567878489483313,0.100824381711502,0.681480861032884,0.0998771903081213,0.690332297086844,0.0897669571790188,0.458896288712566,0.104341770031347,0.579584437266541,0.103461629465484
3.34666528101481,0.250050414792506,12.7955417057652,1.78165784136327,0.875450009192176,0.0442882745053351,1,0.0172695334198437,0.251258975821696,0.66491757278061,0.0955592032260567,0.699300934755659,0.0928278731897364,0.699266476110709,0.0859762984826341,0.713056205211643,0.100148977217309,0.597629068913327,0.102563961912266
3.83043811986039,0.284673100558406,13.6599907821176,2.0666708805048,0.912546962604096,0.0238127485773936,1,-0.280374498990059,0.267590816473194,0.689358235522602,0.0971088271439859,0.795501862637347,0.107886517968357,0.70533756397032,0.0919733127736525,0.743770004932773,0.0956350191968805,0.64286816429509,0.106380206574527
3.51832758984706,0.260131670443782,14.9484579153413,2.11912761179551,0.885346286660828,0.0365189806254764,1,-0.19198575591693,0.253158674595483,0.759977958419427,0.11589914064297,0.654484520167479,0.112047499528953,0.601011108674648,0.0944188589130307,0.616413617637262,0.101490561778265,0.740594700931594,0.0968269853887471
3.8519999195738,0.304102544652742,19.7208199391224,2.89638696003717,0.911926545472148,0.0235153051436061,1,0.0123723878608005,0.294389246795246,0.931336925287848,0.111837118567149,0.734199712127311,0.097002232320355,0.837737906719658,0.0825817036232315,0.607483574226098,0.10673065966898,0.819822701043112,0.101451756546679
3.0605731115965,0.238602646809529,14.1542619679972,2.02079365786979,0.892039473134602,0.0299884567315928,1,0.00419141064080859,0.267283920472773,0.476901563519668,0.120237719686082,0.482766949558226,0.0951316656534264,0.713400794045704,0.0999937687781051,0.654825744302068,0.091701515047661,0.532072438487486,0.0940092035093388
3.34175887496753,0.23042428346699,14.5559576097614,1.91464330403127,0.878776811157039,0.0316233318570042,1,-0.169325944244558,0.262620051474555,0.702778209193903,0.0962298668049965,0.823163139788905,0.0852916653338405,0.649256553172835,0.0939822959757239,0.538402403091233,0.107229354619643,0.542772856870747,0.102656149767088
3.63822314603193,0.293758584431199,17.5853988833616,2.71633263208126,0.905691422483031,0.0276002054057678,1,-0.185046675506622,0.273105619208858,0.807855273167709,0.110205564159536,0.703484390095705,0.0922919470238035,0.615083592057806,0.0975279447198111,0.734870557398573,0.105927587094722,0.748191183804521,0.099831058754149
3.79643983130525,0.310228116296377,20.9041973740956,3.34337494794103,0.934069581711788,0.0182828613350195,1,-0.0961336673987881,0.285943431443003,0.665980418571957,0.105979681525297,0.743267207399641,0.0938062117397105,0.72970474320903,0.106273060516533,0.764619866472811,0.10527370886915,0.832868949548605,0.102168269984271
3.37385014751115,0.259647302928334,15.5728961125405,2.31596737373279,0.909464848530992,0.0279577946470804,1,0.0777965914092318,0.245037221991968,0.638003616716644,0.102968023914885,0.774480459502771,0.093950714822846,0.570345992725436,0.106200924151095,0.654607008879612,0.0949637620777702,0.642888431466108,0.112796005649224
2.96228581508763,0.242315183546296,13.7189921657845,2.01541819637204,0.875753474385214,0.0380462059415286,1,-0.295551056344347,0.241528200940874,0.702110190930198,0.104931756082643,0.615164968427742,0.0862555206473675,0.660200183726307,0.0942750692520429,0.538320814916179,0.0999614678047002,0.637499679853078,0.110317074116867
3.62669311487033,0.251935989047804,14.7918365035911,2.00320851205323,0.907960314138615,0.0245395140303928,1,0.0751719865731233,0.23962909202274,0.674173075675668,0.0965789103791916,0.61297245042999,0.0988980579832264,0.705045144927819,0.098638490647078,0.737432757918422,0.0863957106991534,0.624854658273743,0.0906705128495063
3.59023190403723,0.289668067475338,15.6230296963956,2.46095298261145,0.928327073965205,0.0207484374838501,1,-0.104197040157828,0.283504126504397,0.823025058341471,0.109672512285534,0.685315335255206,0.0987799218605795,0.839340786718304,0.0987297401479456,0.796284787871016,0.0975335184392014,0.637996183556867,0.108886310228127
3.81419831629348,0.304809901993893,17.286169103511,2.69934162991592,0.929096329017304,0.0208208606558651,1,0.363733267942372,0.291743642876519,0.608350190541184,0.101294593459354,0.802720194566436,0.0909552476865521,0.799000765017191,0.110608195400693,0.658016596126133,0.103228385600715,0.81938195199841,0.101967448810492
3.92287381523003,0.308583109738307,17.3788975253265,2.6773314916443,0.906735773127402,0.0295535923353834,1,0.0874881712190656,0.271252465281017,0.582422705637752,0.127116351985682,0.836169712397295,0.090443773752174,0.765466347784973,0.105859570845668,0.583426942176784,0.0951135908487387,0.713912027107186,0.105434047139573
3.20422678265128,0.244692125449893,13.6491256443468,1.89955074175749,0.863057982128398,0.0408182428418035,1,-0.0521426906357658,0.228856816130165,0.604502107231231,0.0938373592484999,0.556731571854129,0.0953612898683885,0.750378102554669,0.0925838631216937,0.504976008336725,0.0985452589224645,0.623163618478717,0.110338297312878
3.14665483419512,0.211102416250332,11.9770640703251,1.58302433063084,0.910022530160278,0.0223126334551695,1,0.2113046808597,0.248025265930124,0.612897741635083,0.098442668345318,0.621817889581402,0.0916270629093667,0.615872171743078,0.0856301107829165,0.679645462340871,0.0907731076220139,0.570737537349497,0.095230574177923
3.53457574152973,0.268579136542844,16.882091221475,2.48854353938369,0.909754141513015,0.0199878140403613,1,-0.090739609634604,0.244619509537569,0.813141970372601,0.09686699413291,0.76544281086061,0.0976302151454514,0.71458469362756,0.0910804027547369,0.683722741185182,0.112756513599171,0.672724392259814,0.101090191163112
3.88632619855878,0.305855245930128,18.7525088103621,2.86943321228596,0.895284355420043,0.0332033904310472,1,-0.0361592130823985,0.253311949239387,0.768962929634804,0.107771848863443,0.664971289964633,0.104750771841051,0.77271235747836,0.0940593923638776,0.69152000043329,0.100899432039201,0.669720443307385,0.112760271478994
3.62260329425644,0.26277300906028,15.5527137965119,2.24652155360067,0.818602215447651,0.0579136911663549,1,-0.0824962168695658,0.233976336637866,0.801883171647211,0.0999588058377206,0.422042404624096,0.109672683106724,0.587003592075907,0.0960963329881152,0.763933227080586,0.0904438639381853,0.500257050309534,0.109307132604215
3.61451881386042,0.286329689297989,14.2656518040342,2.2125956722697,0.919885858024623,0.022551743746663,1,-0.111961690038893,0.269879177788593,0.617354122963724,0.125999122222687,0.658785439722346,0.0929376921006191,0.751108871375072,0.103782174109975,0.636831559556206,0.0964963989940934,0.807804209793273,0.109175760875821
3.57206929857716,0.271030364585373,15.1300270436352,2.24512363905298,0.849795418412925,0.0465012292499965,1,-0.187279392749532,0.23462698768196,0.739487224856731,0.0987033086940037,0.672572302723876,0.0931472735939051,0.568078214016099,0.0987782564140729,0.707763839027284,0.0932923270869208,0.574102698686768,0.102969925387997
3.83312495492002,0.273881043088955,16.8519248966749,2.35883787186253,0.844953888683711,0.0573166043233648,1,0.285363234559372,0.227398379236236,0.606921775577264,0.106189162922526,0.667204672618459,0.099969806481325,0.771253317680499,0.0948813513524438,0.622253937430079,0.0967484884215006,0.795961810606037,0.100532238926217
4.15682017602117,0.318292361205419,20.974955969193,3.1413730395846,0.929055625920272,0.0186957516485595,1,-0.234424116106905,0.302982238973154,0.995274163685564,0.112736720953107,0.659623100129961,0.0961332469161443,0.686340190508615,0.100687022660659,0.856993004657353,0.0852686754140648,0.819150023296962,0.102649705824733
3.71478578358915,0.277219402235818,17.2575812873951,2.48504406418987,0.882731873603881,0.034180152362086,1,-0.185189137629837,0.235837060623341,0.794493614225885,0.0922141622966038,0.661576640775413,0.108013683449821,0.721825340133742,0.0919937684637559,0.68131748758405,0.104383979459517,0.85164031221192,0.0967946404902107
3.84945784561955,0.333790385950219,21.3512725440131,3.54050011250281,0.912619727805906,0.0199449222357711,1,0.200331199601745,0.269757158354894,0.739500270488179,0.104246986811906,0.642900300325528,0.104885065178681,0.858660598181963,0.105764404625557,0.886422133678868,0.112050871098708,0.854056647654738,0.108443393242355
3.60182213022519,0.268715249332151,16.291809989158,2.34489866016513,0.881334046635869,0.0404005147329475,1,0.0167972350424789,0.259102928016741,0.522194821568794,0.110066498766798,0.615861772092356,0.0948900316565666,0.807066190166712,0.0800185867541356,0.644679604040446,0.101460079861317,0.652001264506277,0.107612732648333
3.9249986986001,0.293903371700988,19.1850834480218,2.85238753484615,0.914487024386761,0.0257238179462731,1,0.179419556900356,0.286174030118172,0.787582424395976,0.111985055405503,0.765740369753171,0.109935843408558,0.692607679583519,0.0950340243181715,0.823022233914951,0.0861518736607601,0.681828847209689,0.104605822178674
3.53565945090528,0.233420536341925,13.7518107405023,1.78860711736789,0.876978030129338,0.0355883581264599,1,-0.206827892952882,0.229109675079763,0.628132218240315,0.0972921310999294,0.663860800678969,0.0849967979964153,0.587620671231566,0.0973098227291109,0.662203026559986,0.089114281205453,0.678231534261767,0.0902147453500994
3.59353900525759,0.264082455399234,14.9882817842925,2.22520809127392,0.883718217463495,0.0377943406653602,1,0.33644334542474,0.23632126511301,0.555051200139702,0.113782742851807,0.749104844500331,0.0983628301030727,0.699178285658731,0.102157090866826,0.567519781099875,0.0897632770174826,0.777567849108737,0.111178328737346
3.3990615183456,0.273434018955494,17.5427835186206,2.61806743597863,0.901178162500109,0.0301515017908471,1,-0.49392245994177,0.271522438963861,0.763070566802197,0.10031363263346,0.81583724921568,0.0992615891170502,0.663844536882018,0.0963402375494793,0.654206346326686,0.106006561724296,0.599735292734678,0.100740292590667
3.71150897278011,0.314310913349279,16.4778440888527,2.70985507644201,0.919731004486054,0.0246553761882999,1,-0.138533896874509,0.279434536570265,0.744845828643624,0.116287115859596,0.619671366862122,0.0988782766962087,0.921200535484058,0.101034748689177,0.645664476012054,0.104994579800893,0.616669213174287,0.128115587584374
3.38009622184622,0.244086407015296,15.1595885831751,2.0067981901998,0.861683099349566,0.0397338976922463,1,-0.378762408672708,0.23871699918892,0.826294824084441,0.0939877495705596,0.530466855407941,0.0916856855073652,0.705784683018829,0.0841573165458107,0.631793271074932,0.100635949630696,0.747550724400986,0.0976214505813542
3.34157049761883,0.268207237556412,15.1310381585136,2.22558837307804,0.905787103535128,0.0310683284152939,1,-0.556182728632971,0.269565668485292,0.699246485404119,0.100366234182581,0.880348718472173,0.0965832555005996,0.652221001590974,0.10631191802228,0.742885731789831,0.103457242785401,0.705672013088087,0.102443601628344
3.94529335765658,0.282354505920793,16.3478689824889,2.31779937502524,0.862033193685829,0.0440097840571247,1,0.175147182950936,0.243249141068244,0.758427815280613,0.0954219183820852,0.624360893895852,0.106435084670437,0.722851008208741,0.0848396343030547,0.681089315606876,0.0979017846452214,0.762568697523682,0.0957297035093924
3.63077662982942,0.267033586992831,14.6632736496175,2.06116696438399,0.907296712217609,0.022440453322405,1,0.19919679972465,0.273777165913657,0.599891396900245,0.0979067576161888,0.779922821142885,0.0908203322337264,0.806999228739958,0.0874818376503327,0.709697823389894,0.0934107351560713,0.590946216617825,0.103421904558951
3.52444084843834,0.263560241691704,17.0425697615708,2.40245948151432,0.885382819607325,0.0314656558484792,1,-0.174123099022993,0.258164154181122,0.662995641638244,0.0957090455923014,0.617823663210608,0.0822377523471644,0.676799768740078,0.0973238711261818,0.696046886906809,0.0985882147675582,0.639184483261125,0.108975386680359
3.64688269261487,0.290053216211737,18.0583102453828,2.80474399164048,0.875718733870921,0.0414218155858604,1,-0.0590553794525075,0.258290802641258,0.593898132537102,0.106647075945689,0.714221383808081,0.106439471390959,0.764117581642159,0.0912986241011879,0.803191833526555,0.100792434495117,0.595512467310519,0.119211288790006
3.74221947874033,0.268164647559711,15.93149766913,2.22472584950435,0.9106052704953,0.0253703273181053,1,0.240598791436323,0.259980898649159,0.703755382729859,0.0896448106749621,0.763167119551094,0.0833993441613126,0.513271026153763,0.0978002580421349,0.810430228964331,0.0986495704342655,0.690659527535194,0.0999850794955548
3.73348446761185,0.299498278603888,17.6016247807955,2.64259685462726,0.916236070537918,0.0239473198451642,1,-0.188883024711078,0.305959348587892,0.826826657828517,0.115306678999346,0.695439973676125,0.0996471927309946,0.727427771277786,0.100976952827286,0.776527941452298,0.0870743653465024,0.918140909490907,0.0926072753462127
3.52965310904877,0.272309536157141,14.3386629623489,2.12727914278134,0.901326457815417,0.0289389167873405,1,-0.163667725521275,0.254183583355546,0.660430916237606,0.112671187506442,0.756252002852734,0.103671216771412,0.475204211012237,0.10431008939789,0.659422155505925,0.0936978751066933,0.637024914331034,0.106689757029287
3.57279248857244,0.254808658104338,16.4859662061693,2.28729724779136,0.897668525708378,0.0291570443706554,1,0.109251702023905,0.270603246565924,0.758119047199291,0.117340381354585,0.679996319653007,0.098705429696869,0.731714924389572,0.095188404499652,0.672501611001209,0.0851318659025909,0.66622249330029,0.102412691561295
4.02382526031372,0.31635031004611,21.6340854024673,3.20847805691567,0.938672734592155,0.0180146720708379,1,0.0238785234124577,0.300783597408229,0.756163080101114,0.117272146570961,0.956243076068713,0.0863576776912557,0.902309524396281,0.103691798815236,0.835130717258052,0.0905404473584411,0.791169297207186,0.0901442282336239
3.5887564950522,0.244631258509605,15.9867679971877,2.19156056277358,0.779325341625194,0.089081777721246,1,-0.0720945338784818,0.227419883620032,0.756670972673765,0.103589741345898,0.659599779438038,0.096509338571351,0.69990974186015,0.0920536603679067,0.797471003253187,0.0876010386474874,0.730576465607864,0.0962626363664717
3.6235779916755,0.274486060950596,15.7273099909883,2.27179346976906,0.891635415528418,0.0252394628907593,1,-0.0263455368131541,0.252744603169391,0.859816860617094,0.0925277492710281,0.596661870126106,0.100107346070633,0.706574684428322,0.0941763399892822,0.838612542276631,0.0801532526701765,0.657298498953111,0.103006073391751
4.04523500754551,0.348173726643772,17.7055702760327,2.88158617601832,0.921563763765686,0.022455297361125,1,0.580132573345822,0.308212638576676,0.710738910147177,0.111843737019205,0.829061461935445,0.105997861268938,0.684811195155926,0.106191046880357,0.850325847063868,0.0988135842095176,0.781543152284099,0.120596081744
4.51127560809228,0.405103261722991,24.6070056540453,4.4810103094236,0.934569702465673,0.0202240133400947,1,0.281059142311107,0.308156169549598,1.03148294458115,0.122057684501851,0.662205571542733,0.114585995417079,0.677600360388378,0.111651574455027,0.729204693788706,0.118098033664195,0.820018486344545,0.106822389655119
3.6348739360668,0.283746756317968,15.2196158653529,2.33294589484207,0.923483819532725,0.0208596214907282,1,0.103372766169206,0.283550547277997,0.594436859481009,0.118263553151456,0.804240958666468,0.105362736031991,0.713888653898567,0.0946695997908259,0.707228842107649,0.0970934807676565,0.714303108431089,0.0987242890899562
3.41123869123226,0.255904573646099,14.4433601676888,2.09987162074816,0.915961198133184,0.0229785593056141,1,0.254353054775627,0.253427328622416,0.609972290995092,0.095075717987826,0.615290594275673,0.100576033528097,0.616255748562767,0.105488554472921,0.697589386296829,0.0973610463907496,0.629065402570295,0.0971066403707034
3.81074719165465,0.285036770045638,15.4392533751952,2.23957725276613,0.926536351074464,0.0179082351412828,1,-0.256086842160309,0.259430116755123,0.764721144401413,0.101815152478189,0.760555155570797,0.0915628884493587,0.715704105983081,0.0943785025773584,0.77646104213398,0.101358518250453,0.61140029044298,0.098547439518751
3.53472801754409,0.267245270357572,13.8764098793522,2.07312214781133,0.898378634575756,0.0296933725580086,1,-0.0448619693037423,0.255734646992255,0.666230277173013,0.121224613460338,0.594399987068658,0.107835503210566,0.640208945695635,0.0949235068203267,0.670944047458793,0.0897246001984335,0.698938457409912,0.0970359556438445
3.61559378683177,0.249638336287703,16.0884988779852,2.15483440864951,0.670145464904385,0.126802630546672,1,0.32171650599371,0.201776930722371,0.623314332086525,0.0966333399957028,0.58322101023279,0.0957135776503493,0.670577049785674,0.095634650869395,0.561010727917102,0.0896838421402143,0.568861931903618,0.0966879473701814
3.21954445024782,0.25171287869978,13.3001244080433,1.96268719909293,0.890788048453675,0.0269133724462094,1,0.0762099966452634,0.25647030476435,0.578519681004249,0.0979591442384998,0.573508819673149,0.120000674816067,0.584871708145926,0.0942898098461853,0.664291419736814,0.097561562887507,0.653870223939124,0.100038129520823
4.22556431181581,0.310641139447558,17.6331654460745,2.65590762762015,0.897761474942319,0.0314511500042606,1,-0.0257676604892923,0.251905087435455,0.727217939044425,0.0911761455389578,0.826505440222092,0.0912521510525264,0.78923877176436,0.0912222733666333,0.805058536627438,0.107859634721209,0.791145043878884,0.094868491424814
3.67147275521496,0.291923862975716,18.4046172170014,2.79438707906894,0.924501621551817,0.0223520965753071,1,0.0826279311871489,0.276478231221504,0.818814146854309,0.106406059867144,0.780767501217716,0.105737048488335,0.670126497667243,0.0919979215827061,0.846546806185757,0.0893346449295136,0.761214672149496,0.0996229624848728
3.83899722608842,0.278415595663949,17.0433503400806,2.42340584415703,0.868348614309296,0.0378595503374188,1,0.43507286907336,0.239329961424533,0.589939423445328,0.103245818590602,0.664118540369496,0.0966411774396879,0.651069516508744,0.0766081331550277,0.72858203331681,0.0930211258377981,0.74233776544462,0.0924968403958697
3.56630441345031,0.280282107827932,17.9805346482687,2.63215483311332,0.900737114073374,0.0296681262959529,1,-0.16318929128067,0.266376106212704,0.563609039468629,0.117766765131665,0.741285518905506,0.0974792595042961,0.769194976003028,0.088614752021072,0.798931303544711,0.0972356178289192,0.686218732235875,0.104374138671813
3.39132298898414,0.236098522150699,15.2021153547811,2.02691265726359,0.827562600087277,0.0453948834032186,1,-0.0386885677172678,0.223470686618909,0.687907528708986,0.0977665692988449,0.584377313981331,0.100054389585584,0.618533567844065,0.0873193867221298,0.63784994670329,0.0909090537495108,0.697944280803342,0.0976106551721806
3.47913848478228,0.273544157138557,17.3915896649568,2.56860644881609,0.907898364238052,0.0231418345609882,1,-0.126235944813253,0.291310768391386,0.680383280047429,0.103372594250518,0.65998572161986,0.0863935411931985,0.806138227627187,0.0956957945690411,0.552927781379028,0.103919661698397,0.699898485381852,0.0972600026910743
3.10057987439328,0.221283553388323,12.5600995582235,1.70695982312494,0.851789398578217,0.048462966087858,1,-0.076594531929705,0.228524661980375,0.653448949770648,0.094320092189015,0.530763819973193,0.0902916982767009,0.579410599090277,0.100530053298514,0.725259667950711,0.0831677771663531,0.511747701286151,0.0983322959238214
3.33352370728881,0.241879975744613,13.9622270466654,1.90109958589199,0.837406376744359,0.0531823817099823,1,-0.106242262741557,0.227938812088076,0.660834481674491,0.104097470676934,0.632035277638668,0.0880812587709835,0.626125797914067,0.0855637135549945,0.49681544468888,0.0964450883904886,0.48918345338642,0.112263526982058
3.50299370861097,0.297191301138703,14.9224494662439,2.43239444028354,0.933377151815658,0.0163068349729908,1,-0.142111529159757,0.27659291715771,0.767724154867834,0.109140126463893,0.641701850457619,0.0976799630521327,0.862592627513499,0.092354739764835,0.594672019280247,0.104384667537546,0.773237787663195,0.112204406662993
3.37554012553324,0.247123194265919,16.0448471892388,2.18034472289365,0.818728181999514,0.0671679113141505,1,0.0465768333862426,0.227342290895906,0.569787598655809,0.099095144146263,0.649286186657448,0.0897027137681501,0.796737160680246,0.0899904605467554,0.759964747649765,0.100785434077476,0.720541076389228,0.0940493853212297
3.72503253091231,0.275780024304774,16.2493594510654,2.34957355108426,0.870750088745747,0.0352113794295987,1,0.404319048501242,0.26947544829887,0.498542976638761,0.127343700576837,0.715544762047832,0.0880106262633524,0.659283230887701,0.0940547839147062,0.757747126514453,0.0969993223142986,0.626216263977643,0.111846163196397
3.60330016772111,0.285695818880733,18.7820137884581,2.83375962995176,0.891061637045995,0.0289745324511023,1,-0.334961595821749,0.252919488071177,0.730160510780561,0.109042988305192,0.791417277165295,0.0844773082650877,0.759609978979245,0.115139786087177,0.718619572086297,0.0972532304011055,0.738243081172308,0.0956928272626109
3.58528996145013,0.271345448161995,17.3741404020761,2.52763793947287,0.863896209811561,0.0448160610478113,1,0.106037576956306,0.237150875936728,0.699026770115486,0.101481980729572,0.695660222001726,0.0791730134589503,0.627800677134844,0.115127326969155,0.660435965612533,0.0970393614495299,0.664657072752758,0.113732331183506
3.95004005075177,0.321639774133916,19.8819180800138,3.08574342368541,0.915815261391121,0.0220267971955108,1,-0.167593020793683,0.279256618267799,0.630752155950523,0.114682142968662,0.727349119417353,0.112742609028262,0.71816901127026,0.102522692017657,0.835358674900806,0.10158687962966,0.763194756526333,0.10542683568864
3.9220978382219,0.304956638526396,19.4114289916231,2.91213123714026,0.888082720531464,0.0284733471106496,1,0.0253629590681823,0.27886834991567,0.864034754815171,0.112010754202979,0.697624150176739,0.10282444779617,0.621010142106219,0.0933980374703542,0.688738776370164,0.0912573031734275,0.814893360402644,0.102430617141638
3.89229302386908,0.320180840589416,17.7142981181319,2.8548759563522,0.912559437232597,0.0246577879074522,1,-0.0627556933786981,0.281449578386605,0.781724106690346,0.104082970609093,0.62262706753072,0.110649974196515,0.625507350410148,0.115147889690656,0.698903319707615,0.107747559664217,0.705123176501518,0.10299276523262
3.45052312294092,0.302192633926898,18.3063530426718,3.0034754984041,0.87208327884934,0.0422364635134368,1,0.147926362386632,0.231301435140382,0.630326711435401,0.104349455371735,0.757411137042282,0.0994403152768997,0.461394468693055,0.11279393089955,0.696058307578468,0.103219349103177,0.711435450294052,0.116401784976216
3.76406991051139,0.270363852436091,14.5013909639884,2.10063313092012,0.884307280187809,0.0328966159093258,1,-0.0156672645372383,0.247364285707266,0.590577208748342,0.0989399991128572,0.571143630578782,0.120864717004232,0.731849156679245,0.0880382034110428,0.567267540147349,0.0913231667790415,0.632117669193578,0.102183546620517
3.5362433544066,0.284160031913066,17.0996831324727,2.72744525901099,0.913430262487703,0.0271500616194244,1,0.177123354475883,0.264624169929293,0.568592522003405,0.111321397561818,0.709899597428973,0.0943469282119579,0.623734330006138,0.104746473392429,0.975770196887596,0.0934334022901235,0.606341160187737,0.112730962119812
3.36335470109568,0.253667264861269,14.8825673331686,2.21227878121397,0.9140442044911,0.0218561411090902,1,-0.246823031205053,0.249719284926651,0.696991388026973,0.10231222447064,0.82937236523566,0.0788658836891855,0.704361541081489,0.0911301460381422,0.518164627964891,0.116958760686902,0.603716420034104,0.113607694314291
3.90154963267755,0.307929093261876,17.3704964049268,2.69730548555257,0.890103789172666,0.0395017258321641,1,0.434831283500408,0.27807120974458,0.732792171572755,0.0995519829733822,0.80693336471529,0.111769071934417,0.681529342579712,0.114315381321137,0.764855914811252,0.0942214417323921,0.564019215042725,0.114644489563931
4.08428425590056,0.32996328866863,24.30692220927,3.86149549197735,0.91073950689355,0.0263229729239953,1,-0.0220169985655514,0.276323705177605,0.747827930189283,0.10217003744749,0.648926754166887,0.111899751327274,0.720591879137827,0.119458179980373,0.977619679635407,0.103979396733284,0.647045721147787,0.103798280914028
3.74859561024623,0.28724617488333,14.5988600840792,2.29064394757633,0.87839375461701,0.0331055113231037,1,0.307872326071838,0.239944436533099,0.498625888558177,0.100000246052084,0.694235674914956,0.108990346133858,0.646364940900446,0.104739210486529,0.61505208371591,0.110646058220906,0.858335057760847,0.095595149917649
3.93206686631617,0.303918231780773,18.3730610041282,2.67197701647974,0.936942957054437,0.0165504156884736,1,-0.350267198470906,0.304092766733108,0.872127200122848,0.0906525923298372,0.7645512116104,0.103056613171915,0.832344133765655,0.0945982793765253,0.882006420469451,0.0888162540291569,0.620803466222264,0.091582352869456
3.50874385407592,0.251703851503851,15.9708416877497,2.26375000501587,0.895490076756788,0.031553416570768,1,-0.0376586456100126,0.242186165150247,0.753898145653262,0.0835568479946039,0.727829179288538,0.0927845020673503,0.618708073133543,0.0888154746976447,0.670318069706361,0.0948437277350078,0.615330544299768,0.103792711673809
3.66745795370172,0.266561279538288,18.3477251398452,2.53457727492089,0.90504402909887,0.028435651066995,1,-0.086763542259989,0.259948691603111,0.686336480027374,0.104399386014426,0.750936285633812,0.100756476300998,0.654864231164626,0.0826340274752908,0.793423643834907,0.0878678897368222,0.725589078260212,0.0808527121643796
3.87963542840749,0.298862955560456,17.8420730287964,2.68464743669164,0.924022916199695,0.0196322899033934,1,0.159367610021112,0.276803896726393,0.840619050413424,0.0827197520624919,0.636580559248139,0.0994408540962112,0.692637879844197,0.103746902821877,0.745875602070189,0.090411565235586,0.776927717096467,0.090811812896686
3.35613526672151,0.239627452695086,15.3976750007215,2.03488257302904,0.910944745190007,0.0203998671958625,1,0.160907875281963,0.249606978696342,0.777569609724903,0.096886461457005,0.741663700228936,0.0933901259502476,0.639337651893255,0.0980859860692477,0.721704958670497,0.0857835973787075,0.824580351813479,0.0933337399214225
3.17120248344632,0.245869665528521,16.0001406290219,2.2820412426716,0.800778044713312,0.0652931524987614,1,-0.0463316174555475,0.226670570900179,0.555162383282978,0.11458063537816,0.576599428210934,0.102555369224064,0.746266767980451,0.0855306446892374,0.559118214491387,0.100287822273544,0.592036288670794,0.0953372183753008
3.4617266589087,0.299870371564592,18.4425658455632,3.03977401575105,0.906010737967686,0.0272135700011186,1,-0.183398083126697,0.270362867854155,0.786329701831796,0.0986105490877945,0.778057335574016,0.104046060181369,0.621501458151789,0.117474363598313,0.650815462176938,0.114351961879931,0.704814542049713,0.1114245302394
3.64325365197157,0.265833567702902,16.7122125701995,2.40218146129638,0.874588228800712,0.0375801993415935,1,-0.228103197652883,0.239926966106728,0.657083278643134,0.0968951698366608,0.861396586404905,0.0831109139410276,0.548857769098878,0.0990742998066633,0.77998145708763,0.0915169037808908,0.735766121342969,0.105617893356207
3.50441215481937,0.28488591688313,16.5460553387737,2.69491659237798,0.921189001325886,0.021378571342661,1,-0.0142332696650416,0.283154571261812,0.726879758157475,0.104950316344677,0.615384163196119,0.0982304460881697,0.779248058042875,0.0933316450320492,0.507547419956224,0.109931451517708,0.683782096977395,0.131309177354801
3.52544211570265,0.300050024939377,16.646179885986,2.81711732667615,0.908583345859998,0.025952194313528,1,0.152767395071948,0.267266438942876,0.699104460751949,0.100623692257873,0.595586935737507,0.116624046554245,0.829363740375043,0.102291747677883,0.669440225662598,0.11189965356632,0.749642596097876,0.107776388555608
3.66841567348708,0.281072073143437,15.9677524131925,2.39355583070479,0.908203285731376,0.0262269096979319,1,-0.368044723704935,0.288555294862636,0.75940275161708,0.1245476823236,0.812407486122576,0.0938364771098352,0.647812035587616,0.0991267545661207,0.67927112767865,0.0887175446461701,0.670800995687196,0.102513964754855
4.00934617749686,0.308675264827449,18.0089455213552,2.7240603975279,0.894195913223372,0.0332606792198325,1,-0.26732536267519,0.287067849764674,0.801918103821986,0.117025284309914,0.719839074327568,0.112055980463587,0.703932767045004,0.0990496011290954,0.761558707336229,0.0931326838137908,0.687091830006584,0.0994232021852419
3.29922383003897,0.226639356345234,14.8602719196028,1.96786443107854,0.915132569330997,0.022314322266546,1,0.128472145030435,0.249549651316955,0.646757601046317,0.0928040683847264,0.702024881669346,0.0948706830687573,0.688489210296928,0.0855590988708086,0.667805257251608,0.0806868488021302,0.700414710428318,0.100634342239667
4.14368860489342,0.322501114491244,22.9028954814821,3.43172143776468,0.863129471113539,0.0528907590610886,1,-0.0661000552253842,0.243259402888383,0.699245261256804,0.0991093136630342,0.681994961956882,0.0947737433969221,0.837839247027694,0.105942261891966,0.785193771774272,0.113224055908663,0.718082413093449,0.0935841394153928
3.9603368946755,0.278744280661535,18.4189268601889,2.52584085287777,0.913613917261755,0.0204440883861155,1,-0.199432409467117,0.287141520501925,0.856342559436468,0.10869314113126,0.691918650251337,0.091605089847888,0.710545565564579,0.0806342761958785,0.71167889763025,0.098110931769349,0.876719836853621,0.0891739176476266
3.46586433261579,0.241313232295966,17.3880205763969,2.27911161895117,0.892358395139941,0.0299393068956801,1,0.00638942621588286,0.242302711660394,0.653605295356045,0.104296155422479,0.750338322057628,0.0956927846945347,0.71426426344191,0.0845625955214645,0.690325505454486,0.087760232390235,0.744412255534917,0.0894467057938603
3.6720252955051,0.319158476098288,19.9613955315474,3.35095301421101,0.876309915246507,0.0290156305426651,1,0.0333553168184685,0.229189914387994,0.715348158537798,0.0999274866228691,0.573394808447474,0.0953175021032421,0.736733651585143,0.120081616702051,0.760564260951988,0.115867443222612,0.684238939493314,0.116437459641128
3.33089998266591,0.252911687813924,14.9616255982254,2.14260935242456,0.883841692180359,0.0327715322212812,1,0.249084339689019,0.231697871941906,0.564087573859954,0.102103519535599,0.599464948058829,0.0979443046214541,0.638471540341632,0.0923717319188612,0.732653665675812,0.0900190128030092,0.526115749235006,0.114700060026752
3.32225801594555,0.265745460785319,13.9362962193728,2.12444636893219,0.890614444926908,0.0277217401974431,1,-0.391896454132867,0.245656261699833,0.755681152669759,0.109744894632495,0.63109458557992,0.0897801875566197,0.572659364992149,0.107991928104447,0.690726087386195,0.0956271051042193,0.707403599997429,0.110761895469934
4.53417386104552,0.422435515226963,22.5990454615721,4.20078093691532,0.93554866557391,0.0189867783512638,1,-0.188537465033369,0.329539898494229,0.948026587444308,0.120689916263114,0.756291812147665,0.116091910953798,0.928161469719848,0.100094009474518,0.765779788538959,0.113761561013987,0.735784382666613,0.130071719242432
3.76396890820755,0.293144683209512,15.7712540486612,2.37782469701291,0.914696805537372,0.0226767534718866,1,-0.166349745487378,0.281937758230807,0.728380646880623,0.116161647104637,0.747910836749218,0.100461986130837,0.714419522274914,0.103966860595436,0.813346459122876,0.0954974579706108,0.696302968137692,0.0895627113887912
3.69930563469633,0.248131332970379,16.2772190214357,2.1308227994557,0.91150001055372,0.0242283725472513,1,0.0883566534670674,0.27853127218072,0.56571863929682,0.112272242160504,0.767274012981296,0.088931179427047,0.7307241031621,0.0773511945710758,0.700479863649101,0.0868661281658329,0.857351048296149,0.0861752915243498
3.84809639101876,0.324238740717681,18.4649990343499,2.94076484583551,0.910207661560331,0.0258438320544659,1,0.144293138114715,0.275749475198069,0.701162253987191,0.102837853904715,0.813891708117766,0.10844547899462,0.884946246018317,0.108153145314083,0.606182058335616,0.111914799633847,0.943707736624304,0.105224964061077
3.67833312021277,0.271216596510433,15.5608019088587,2.26633811555442,0.871565831453071,0.0375107422025292,1,0.339631247522796,0.247379095960323,0.598606058882105,0.0901649020572311,0.689449241862045,0.0858891701323039,0.705597631011233,0.107155977489412,0.925303780805722,0.093629289898264,0.647748936891092,0.103644454241727
3.4680105602552,0.265158042750818,15.1859394788958,2.22211288686044,0.842961537792063,0.0511352577127363,1,-0.160428238195122,0.254099010451819,0.691704301405741,0.0977029873360864,0.787700959260954,0.0899803706174579,0.677859136826715,0.106708279496699,0.468081780692728,0.107636147821091,0.658379929928809,0.0995402520554779
4.33869347771492,0.378670221916324,19.4125449774749,3.28466752871995,0.955824388483905,0.011819158269487,1,-0.0740538205178989,0.339643997122391,0.924467344617117,0.108934106596771,0.893407581243675,0.100973456729021,0.733136174609304,0.0944198175055642,0.783513425746861,0.101717181704444,0.852765225720211,0.115799455454635
4.2583322365398,0.347020951241961,18.9707407277655,2.99630377239407,0.91239617021666,0.0249427382613017,1,0.331956303394167,0.273627451183738,0.769332270313289,0.10588016493017,0.772867591038773,0.107411293052643,0.723024575194746,0.110716243697616,0.905317425104229,0.0980765575887877,0.845055627435103,0.0988230655726708
3.55416824776331,0.263970529545757,14.1522466085952,2.04459192214741,0.897455579455264,0.0260201530486406,1,0.0194369492509397,0.258653447277182,0.572823920148031,0.105208028763045,0.609730957683377,0.0958116503772495,0.689754210610251,0.0832559689944564,0.549953987683443,0.103578519081573,0.654701512102183,0.0963848030470078
3.44415444719606,0.28959085558429,18.8901236574083,2.99409921693781,0.846733325168299,0.0466310240251497,1,-0.270714601831862,0.217607000505382,0.690583392893933,0.102723041835332,0.60558320240636,0.0975189154834689,0.727945652942164,0.0928524297014154,0.546940832842493,0.112170172303487,0.752906202364117,0.106190567663204
3.51474662565339,0.238608276932153,15.0482551778435,2.01878085623695,0.902867351572501,0.0274765321191358,1,0.0439483168655807,0.236514494063256,0.733407253905584,0.0976812678179524,0.673506849436306,0.0889693105076917,0.614284859330734,0.0914558956432781,0.576762007418388,0.103069386863499,0.781922722093329,0.0878959968039662
3.61865338003764,0.270096243003707,18.1660695784795,2.57172273812899,0.914396356820812,0.0216269150437321,1,0.0471511072122151,0.262788300646603,0.73149940038408,0.0929346896590762,0.694781982942222,0.0889831015079415,0.805967893637803,0.0841391727744097,0.753638071423206,0.0865726760247085,0.599884294715679,0.112077865960124
3.18661377437406,0.246022544556895,14.6776133022247,2.13858988611718,0.898025516041621,0.0281789510495171,1,-0.524966677909602,0.259694210246056,0.598976493000903,0.113981365767802,0.876976054907935,0.0876123792038217,0.729441511189985,0.0904989527028952,0.606098762928074,0.0925545437651688,0.549144365868121,0.111464619142842
3.48596116368086,0.244973154646395,13.5460501777782,1.89002186179219,0.886475863406615,0.0319421579718306,1,-0.194724827966689,0.248846485043767,0.715464038842757,0.0914005317624634,0.494500971468869,0.104848885425907,0.635702134580291,0.101953927821922,0.595216574328783,0.100798947882561,0.601308766930244,0.100044538235396
3.68654996757651,0.273660343993813,13.8576779432735,1.99953312451694,0.903181032011888,0.0269376437370717,1,0.486154530203948,0.261399022451258,0.475907343726584,0.114202035351622,0.768779439093649,0.0847604945310106,0.637270173196889,0.0993333345550614,0.701889892357354,0.0998470173108631,0.598469775468171,0.101761062284659
3.44976722053836,0.255171373847378,17.9077489523752,2.45280294065197,0.891104434370416,0.0349037540908817,1,-0.387640097109151,0.278746763200585,0.717447817399971,0.0924251204381824,0.815812495631837,0.105826566225056,0.614589194202308,0.0965224047369864,0.647958174064276,0.0915440902940442,0.642229919707388,0.0994949923923499
3.6859512615763,0.266291933253992,15.8123933685101,2.21948062709575,0.829426757013514,0.0655398099656422,1,0.389821579408371,0.249518120118605,0.683910634846741,0.0974988800120532,0.461216105504054,0.110673245661027,0.685927052564888,0.0915436209443156,0.524129580161488,0.11133819290476,0.684537427846639,0.0960974916444916
3.50898755641325,0.258896245454187,15.3006380554129,2.1614830228114,0.852068412388569,0.0477846851631596,1,-0.142678340323807,0.243516199039309,0.774616259984687,0.110498858447085,0.758543629087925,0.0972268627522921,0.521495062288559,0.0987648006119935,0.668264746119436,0.087778206478041,0.461460607691739,0.0984575988508786
3.48155918320152,0.27274255962762,15.9248842631805,2.33982556114908,0.79003854026427,0.0714989949993571,1,-0.00646543793492382,0.23268791560555,0.263398632751275,0.137708766709025,0.61882222303743,0.101190259734608,0.687698390109901,0.0779891329928016,0.552945020253996,0.106140276438226,0.589872293200774,0.104331536985406
4.00519302947386,0.294599832075947,14.9071158128909,2.15845718761998,0.931667324143834,0.0192064591924711,1,0.0852378843581285,0.293831963576534,0.753049338124503,0.108660121964504,0.79471952971564,0.0949002239223962,0.718588249956877,0.0928690986039897,0.854471008305709,0.0977741498439096,0.605720155910013,0.0995889045079822
3.36797211970539,0.232738599267675,11.879078940912,1.70401813147043,0.855324469579493,0.0426371437690202,1,-0.121800416052407,0.224179751025441,0.58879867557283,0.0965578210969303,0.505501238191463,0.084089316149293,0.499419646492843,0.0939855661311519,0.620656989412627,0.0981794939887911,0.641516260472161,0.106167366115056
3.31456872719675,0.285016586696412,15.8343753085947,2.58020039038812,0.896061171619297,0.0311821838773639,1,-0.210857485419724,0.265473871188145,0.778812750391655,0.115457206029282,0.611364971202421,0.104159535189578,0.784372213091903,0.106743393606389,0.616664298572426,0.107829742143583,0.624526251470705,0.100735913437507
3.63772162429037,0.249037890525461,15.0782216606764,2.06949269293119,0.855485520776726,0.0425652164690134,1,0.094601395190276,0.236090605957639,0.711020203386025,0.0947530427157626,0.739685439638681,0.0866093960493027,0.559356634384202,0.104616163941146,0.616037458394352,0.0940282224911454,0.73254190921071,0.0964972705386543
3.36390630765023,0.242799759568797,12.2174196065254,1.78176630338446,0.885696227873843,0.0359081554555524,1,0.127167224172013,0.253708613629079,0.499787564675937,0.113646493273071,0.702839524925747,0.0948308873713845,0.538527409910494,0.101479898285633,0.501733600542773,0.113960421208021,0.701491389843706,0.0871245470769662
3.84948879212736,0.329639256542781,17.2351720059533,2.86630267011793,0.909890369837959,0.0270149529639176,1,0.413125941950987,0.272057097912082,0.701010824300076,0.116618170936627,0.778457051667596,0.0914711557281674,0.756523035265278,0.114385905540964,0.700304384128315,0.103555354263892,0.64479582636469,0.102133772889846
3.40947358927794,0.259684408889024,12.7862715421038,1.957772814883,0.933895522079033,0.0176970304195762,1,0.017443599669235,0.277441678258301,0.661207816463742,0.10756950664821,0.693147741686136,0.101210952606854,0.572398167172742,0.100027701789608,0.694736397579923,0.0916969847720174,0.6618752681505,0.109508921807636
3.88846775220919,0.31438860445227,17.1141466820637,2.65113265280416,0.895225390366436,0.0294966450087544,1,0.0111905389381022,0.264386209750303,0.698916168839807,0.118542063564559,0.75043789990723,0.0818700593962539,0.716404730013317,0.099426148265516,0.781615954259514,0.106388573782477,0.782447080348129,0.107750112610474
3.80771494347107,0.287477694879298,17.489671694866,2.63519264681169,0.904013307370248,0.0236316227966337,1,-0.375280302750805,0.253508577828531,0.82146099237184,0.0886871813477235,0.78759448162113,0.100298884373728,0.685169117454168,0.116168981512683,0.709950299142825,0.0868354319518572,0.87614706865005,0.100840530647242
3.24396400525266,0.252683431721071,14.7300147958326,2.1304586080698,0.927583103067999,0.0195539151261106,1,-0.103575040146844,0.271134589406486,0.804307293958125,0.105326974099753,0.681133064827848,0.103194258684389,0.736500702064734,0.101915945465032,0.635910042355273,0.0856443289359431,0.630956758798342,0.0937419396666695
3.71100855920536,0.315054100034392,18.6151291846626,3.02560692548803,0.91580131583983,0.0281044546150051,1,0.405634163101416,0.285074791106102,0.617591497246164,0.111293056796923,0.777773647064451,0.0998191871797061,0.739785269443895,0.105808477302088,0.777429498074945,0.105271922862827,0.731747376477089,0.109156010751883
3.84922463289604,0.307334853433689,17.9934795623665,2.80083687535016,0.928739095579144,0.0174070150173518,1,0.0531339329470522,0.303054013403549,0.823805163135318,0.091034242212106,0.690742260222742,0.105254710586339,0.872391752401978,0.0902251188425076,0.672559279880479,0.104432331521211,0.867042134271698,0.105392267377471
3.28412924872521,0.219656164619095,14.36724821881,1.86117939709275,0.893388848949663,0.0328300045095802,1,-0.118015880482092,0.242320756444151,0.626969008261058,0.110942461128922,0.634045685628527,0.0797533132309427,0.580521652571409,0.083091546619519,0.642510893242641,0.0743890357053548,0.674586445891729,0.0987605268770431
3.36304693357468,0.277615389830463,16.3776918734494,2.48665439709986,0.869837725657678,0.0421017660061481,1,-0.147544540218323,0.262926515502479,0.541622814197652,0.119677637109701,0.726645451960135,0.0897652977291368,0.67111820791456,0.0991443432602753,0.746909313832551,0.108081884446929,0.6506984795507,0.0983073233328002
3.6147657722542,0.28619524414536,19.1853701862405,2.886149949199,0.884426050334371,0.0304551463697201,1,-0.146544090811579,0.246995870868462,0.740888745474192,0.101519055864438,0.554991335738479,0.0999493275956412,0.76461897712237,0.105032766579749,0.794038423550726,0.10231125874486,0.756147131026154,0.100849215817518
3.41937956614721,0.270750930502493,17.3842288530453,2.56561535060428,0.895624251707226,0.0300976335162201,1,-0.0279177180882474,0.243511675440795,0.636063078280515,0.0886098912266991,0.716035360351205,0.106478098029691,0.744298322790769,0.0992709781966408,0.655348229845219,0.105409523495858,0.715940985912392,0.0958136574737201
3.39418105685185,0.249745031723705,14.2786047771195,1.93345425086566,0.814547214881452,0.064099445035347,1,-0.0146138757004957,0.241625293665936,0.479663387738028,0.0970868907064939,0.681943807142069,0.0877399924009669,0.591084805979964,0.0917617469756497,0.573455537072591,0.0851646588178054,0.751496456824687,0.0979268343743344
3.28799771191112,0.25647729929885,15.5102497706466,2.29054190362947,0.920899724547003,0.0237583139293584,1,-0.184614290082771,0.281209088687858,0.686517263402743,0.117572680456365,0.779570699789758,0.0976810490042645,0.726907019567857,0.0841365176609376,0.645784927635159,0.0947482673999391,0.58085838664727,0.104125630362534
3.9228572199348,0.307753277951077,16.8337531900248,2.59708817533455,0.921166051221717,0.0197506438439,1,0.177012417982833,0.274966176429234,0.710726523340976,0.10416767259468,0.696074907479843,0.10578112750376,0.708090957107035,0.0906683729120369,0.674049182599774,0.10310881499109,0.86390780783236,0.0953599739797738
3.9883385179879,0.332143088804419,22.9854378060599,3.63646999582578,0.932781129341249,0.0166187647663275,1,0.190258878569351,0.282821098006865,0.726021576589192,0.106678276743037,0.694658966087202,0.0940101208176008,0.91207443985117,0.0977720570187375,0.697041293882392,0.106479214546632,0.786262197775773,0.106035013363959
3.5863497636433,0.274935366074675,15.4982271648448,2.29549697924909,0.856869122691481,0.0385930947475766,1,0.17068646131741,0.21458641688285,0.656907216874393,0.0981196314239631,0.772489325587213,0.0933868565226687,0.672443075843831,0.0857739314347691,0.611301223071072,0.111768877166724,0.65694572512282,0.11370605488162
3.60366568708641,0.240696943199837,15.1747775494467,2.00945333258607,0.856910558366862,0.0447329602967226,1,0.0207115345383832,0.23976044405876,0.644161491198552,0.110273715118954,0.714151282803699,0.0821714559440482,0.714555321786742,0.0866344679428004,0.586779131741674,0.0959356209272643,0.796161485972639,0.0865853143331876
3.31112463751602,0.258788729365262,14.2661790037182,2.08539766418226,0.90386865413034,0.025123020351892,1,-0.0427478780043894,0.247707769091525,0.567704669874237,0.0980388074822192,0.598259110901291,0.0859206411474388,0.805318040589342,0.0996711000750845,0.624017333985094,0.100379204737438,0.703706753286169,0.11399715055003
3.24548650674041,0.238000757758583,14.0916942881329,1.99697762214617,0.885331547317373,0.0299131961081113,1,-0.281338028114259,0.229129947925504,0.780432743223612,0.0945141322510432,0.705868515269428,0.0978160525452855,0.459610085295022,0.0981509093438329,0.586447942847712,0.105642932881156,0.706017864215788,0.0840355923428226
3.72450379445423,0.284720277773496,17.5136067430012,2.57210520002922,0.916441651516596,0.0197198625926999,1,-0.550490556789045,0.273786621430084,0.78983567375971,0.0913405139666419,0.703580860512172,0.0920849772708646,0.714707936626118,0.0985866419244372,0.783727950424486,0.101465158027982,0.744944088322426,0.0964493690115152
3.83684229679077,0.282779491724984,18.0599641977057,2.54549702537086,0.919494077402189,0.0224651727496652,1,-0.192551136903594,0.275250384253796,0.63961379544078,0.116780800544814,0.83242925874653,0.0898442456614032,0.741213132542809,0.0874071290714552,0.706142893849875,0.0882544008874842,0.694575507157509,0.101462714902876
3.62082550674988,0.307438956019426,19.7808705554707,3.08070924184874,0.900028220497165,0.0284075725907265,1,-0.1570411427094,0.271983800094936,0.714717141266273,0.0973617135095935,0.727116652044763,0.105861033262781,0.584193532281534,0.107303078455777,0.703220529408785,0.103608576610328,0.645637105714957,0.105641138940497
3.87438717515228,0.321217804642105,15.6929161091418,2.57263352062431,0.90795260115534,0.026577235517127,1,0.194535139176095,0.25465344739834,0.72990128354003,0.113840673524425,0.60792118847369,0.0931580002799586,0.678337261785854,0.101115375156524,0.770369091688498,0.103199234471521,0.703170998325103,0.119302178972762
4.49622173541628,0.371502348879617,21.9510424908913,3.65081499607808,0.918631982692204,0.0271935135109366,1,0.238507662338321,0.332342310673087,0.987157912394171,0.12491188361964,0.851155294240277,0.102315527740188,0.691763206296457,0.0885096896120253,0.656458937654843,0.12007507145729,0.807384573319291,0.107559606147752
3.76759712658102,0.286855275527005,18.47491039873,2.78358711956248,0.915190760430892,0.0230453068927617,1,-0.202253875659805,0.291723174956789,0.887192596114956,0.113363015655051,0.626019938551054,0.0911094703833516,0.637693267949183,0.096391248189496,0.73031175952203,0.101915163075354,0.700174073699041,0.0972215038441699
3.78599008284662,0.288741812508451,19.6716188778079,2.9982856479001,0.922212207825398,0.0203295747869336,1,-0.029900109996595,0.283309362140033,0.733668272332566,0.108547304841863,0.738385789168952,0.124945941393005,0.717433607869921,0.0960098574363579,0.685903643937531,0.0897349940539609,0.658104683856902,0.107017373687594
3.85366824079433,0.28571272974483,17.1037836193135,2.46500976381932,0.925449110482769,0.0180462886720513,1,0.021435744003467,0.277974834670621,0.800693404620832,0.112722297208539,0.71801814066239,0.0828714003514958,0.750341990823226,0.0959207528963123,0.571687616905757,0.103557944109381,0.815181484323224,0.094379531307718
3.47302660621062,0.266849816958905,15.1808714963772,2.26658137810255,0.892443783551783,0.0290352701409204,1,0.108620170014756,0.238556603907902,0.546672862327536,0.0913729984934977,0.701037784446977,0.0925381073618691,0.781242381824372,0.0983756905000221,0.638414522583894,0.0966337708321058,0.735457275086591,0.103956713396279
3.44859900410992,0.267096742092942,13.3907398812702,2.00655743934125,0.892505736134687,0.0258516241537075,1,-0.261443555415656,0.247618007254666,0.757874765332961,0.0835553226792561,0.924261646511956,0.0912796708465078,0.458156453147034,0.122404335406476,0.464363612445576,0.103845582024903,0.605043867684121,0.102640351010768
3.81532487910509,0.310730611885224,18.7582006802385,2.96595654812413,0.907365315143171,0.0294483434134446,1,-0.0641763510403178,0.253833809659238,0.625579264638975,0.106994073529693,0.877928443168108,0.0938844944144609,0.665061042423741,0.110178906253174,0.761104914219671,0.0954049524667177,0.702913122107514,0.113338530554486
3.76205037024763,0.325141736582528,19.7145710150203,3.27611051940488,0.857145668340727,0.040312346560895,1,-0.427775589383963,0.239910459974251,0.815003627273043,0.102732179403014,0.617866225180306,0.111372661825317,0.893736202195458,0.101799585386537,0.778856778474136,0.103961519186574,0.632232383024891,0.127876941016186
3.80750421170781,0.292116454076431,18.6746267330655,2.88137168064467,0.915096935798311,0.0235314173104006,1,0.40808989040992,0.267955892092121,0.707202946844779,0.103813526483153,0.818745527321783,0.0893614904451873,0.724215939595214,0.100253485235624,0.783045120455027,0.0955906758656556,0.599559772381035,0.108431422470021
3.45695002981091,0.270500879062299,15.9938330478033,2.41508208756603,0.871117622362054,0.0436060833433738,1,-0.0182888057424426,0.240064483388955,0.632056530654156,0.11825544893556,0.635822474058296,0.103444094156869,0.571409708007003,0.102033735951895,0.589398187532283,0.103526770886934,0.780559493106988,0.0986181071620889
3.90059020858374,0.322163231703448,18.9017749372106,2.98807472909734,0.912495265762035,0.0247008139098242,1,0.47921708942052,0.283977358952282,0.741775000955701,0.110204877848048,0.767082853274533,0.108032045239084,0.785433935570152,0.110373486020164,0.855224210984211,0.0988709747947733,0.712223589723232,0.0927810353884559
3.03339018728272,0.209404621455591,11.7807889363,1.56295394521245,0.870715402749353,0.0455653961042596,1,-0.0174966141379347,0.226663475985035,0.539134722024511,0.106112995803871,0.532863351223728,0.0821702809542407,0.61259282275157,0.0842141976928884,0.548568440880659,0.104464805935363,0.666049612849709,0.100583167175507
3.91394261605269,0.290422816165966,15.7675685881595,2.362908398127,0.871901338805737,0.0350213763244429,1,-0.0454314466505678,0.227013220363154,0.803171066338567,0.0944272842798103,0.872872756330197,0.092616114582553,0.597168393513589,0.0951613877717015,0.704075212174959,0.104798940172876,0.729458939576747,0.106375219947705
3.93782448994167,0.292185919477398,16.7262431481579,2.46409589612139,0.866648638216111,0.0469350591781399,1,0.261253483866755,0.257171196238348,0.620063242842899,0.120236696604643,0.758510096462571,0.0930452857345056,0.752169603103434,0.092675708066535,0.780711670275096,0.0928422161333263,0.724219490814176,0.108865830986232
3.6137592340753,0.300160048953758,19.2727251780402,2.943298768496,0.897678955081555,0.0279298006229016,1,-0.322348284635482,0.271641895786519,0.770067030428859,0.0949941479357298,0.734976733037905,0.106900446177167,0.673581855000306,0.0883190935065157,0.691231768384087,0.0943340258491006,0.636487141092252,0.106562642565261
3.63517387771303,0.280246487837735,15.9124255954054,2.3671022024609,0.883017901676153,0.0378823957211159,1,0.14989178169802,0.234101468091842,0.635356173332292,0.0922196582433218,0.633773192567888,0.113925068194754,0.781490235776859,0.0975445891193201,0.675716239377676,0.101955005981463,0.73918605287923,0.0948990611310118
3.73187551268324,0.276446712487151,17.0022523494868,2.44655550612227,0.896492009064494,0.0259945264219122,1,0.0506749113318829,0.259589372982701,0.741746077233401,0.103674000305794,0.710907374744796,0.0946864846799532,0.554238925331476,0.107848852371544,0.722674584885758,0.0837157269065412,0.703901670188942,0.1009166201355
3.50459294950401,0.262077184809358,15.5640564967418,2.24827845220723,0.869987743480475,0.0342988379498694,1,0.248634394273421,0.234953756570283,0.605237633551988,0.102218619530267,0.725312965602118,0.0909977708736485,0.716280878781303,0.0872277413321684,0.670519849417993,0.104373503909906,0.618019574004664,0.113190612131512
3.67684300056829,0.287395850839199,18.1253722221293,2.76689025252191,0.919263325669021,0.0173605178224084,1,0.0578185721910527,0.264805789366808,0.610548936453209,0.111867746794359,0.791776288513868,0.0893182795296626,0.694041361030501,0.0964227176285423,0.663844163560978,0.0956657615226454,0.868026044390043,0.110537183911657
3.63966203374027,0.25962594523412,16.188794771231,2.26611420248007,0.895142188726964,0.0281464181707547,1,-0.0576822139605086,0.27234967712424,0.749730319338825,0.104157360344438,0.605723354945519,0.0912908379522611,0.774900139260806,0.0964799974156794,0.614496877696908,0.0966049523957827,0.844206811666959,0.0855336880213409
3.81832639715304,0.287174576169707,21.0380405454285,2.95608130665117,0.895781961078586,0.0258756895435873,1,-0.190000973691337,0.244402075214766,0.690777333058266,0.0984999153344971,0.773767008728657,0.0919851061867964,0.592605116368794,0.110510359993595,0.550396919022974,0.0897156207078435,0.778442928873463,0.086126717141404
3.75361187055998,0.241131511979736,17.797289591342,2.26132662663636,0.90325707395363,0.0257709627195967,1,0.703462450204859,0.255725917856686,0.688486281256613,0.0930824852140963,0.674292467726589,0.0918623876721826,0.786184459546738,0.0974048246079328,0.721843072756376,0.0799009938564701,0.663806877961978,0.0867576429235351
3.40701309485348,0.271827614868454,14.2483860882084,2.23225637407018,0.893100766188709,0.0327583469372652,1,-0.00708277209516065,0.263105964602307,0.752172697705528,0.11880371942194,0.633266443464601,0.102274436338944,0.493474044257716,0.109791350275922,0.617779061984378,0.0956627272771881,0.714476622715031,0.108329584595332
3.20171382602008,0.217151961927126,13.037434993949,1.77361448807746,0.883799890122521,0.0340842920378389,1,-0.0624572959027668,0.24705495700145,0.639725780229822,0.107633486454229,0.624310171066402,0.0883153681829803,0.674571175552427,0.0737474531174029,0.761128304105724,0.0944927041308241,0.632835973118265,0.10891382567417
3.81614658607922,0.256048857590434,18.3620266188881,2.33509281587095,0.842477614866877,0.0559480357871856,1,0.13163393696375,0.227931275869406,0.745615921437089,0.09442939969435,0.582651908009844,0.0936395654010875,0.800439521052219,0.0834076326293625,0.774072987024669,0.0884800868546099,0.536682682397641,0.105741944418644
3.75439146197051,0.282659670915559,16.0071713760366,2.3593618473111,0.824814894835581,0.0572078935315741,1,0.0221725134220494,0.227993649466466,0.704090677795851,0.0952603209423769,0.594570442233077,0.0982877208837994,0.65154604775383,0.108538042844343,0.638535910814164,0.0970090462221229,0.59410441519635,0.11357545376349
3.51447679382653,0.247160287897077,14.4662942901231,2.01329883274402,0.910983579827083,0.0233474853679694,1,-0.110742919509842,0.272492159054704,0.695551713442303,0.100969095335516,0.721680270945968,0.0835345894050813,0.674477924201757,0.0876345347483318,0.483235300139246,0.0870584851077296,0.732682680814035,0.101267502936784
3.71705539019197,0.265222493144047,14.643643590989,2.06992552035675,0.882405916795092,0.0321073703954094,1,0.320562332800884,0.261669196700109,0.603619359152504,0.0979437952256698,0.793344670317733,0.0968370543683905,0.620891032710192,0.100686003695,0.705679762152117,0.100318211795879,0.669118461268459,0.0826672599797579
3.50035441054655,0.251493519248984,15.0730278799538,2.12482728936712,0.880184682746515,0.0358393862571844,1,-0.135612100960042,0.235813487509571,0.669783340880957,0.087879169020931,0.668574945147651,0.0874643775560542,0.766579991793965,0.0909989212447849,0.628080092318816,0.10213490084169,0.63932810561993,0.111939079401094
3.48137381118835,0.260468300880086,14.356332658616,2.1265374140784,0.901147593909401,0.0240095815568682,1,-0.0278547670067121,0.251984654576102,0.80101640111706,0.0944861982856038,0.563587995543892,0.100225262061067,0.675098174717157,0.0914006001183705,0.543068704202122,0.0989091269453162,0.785440386924809,0.0989257277375149
3.59808123520027,0.25820232194197,15.0261491433286,2.11637681852053,0.907774439887537,0.0255523411939525,1,-0.165732179137249,0.263258230166466,0.625442269467423,0.106023268921104,0.903881053849866,0.0861723825618319,0.66300807516547,0.0856615683752742,0.631801639964914,0.0916137662052338,0.650231457424185,0.108955693603411
3.55365827259844,0.268682885110142,16.4569630820781,2.44963253450781,0.930534799432398,0.018176883969186,1,-0.442959384154288,0.301561293233743,0.715800054667057,0.109475453154772,0.731689526726743,0.0922262308086014,0.76216691061526,0.0904903015103004,0.808577288907687,0.093700372359095,0.816519934819287,0.108184825899157
3.79715439876958,0.276250892892809,17.0866809790026,2.47683336282636,0.883917584357361,0.0350560594315114,1,0.20186035216499,0.246503589331193,0.625937769211347,0.106395433246451,0.711783332719071,0.103654100799987,0.703975711283869,0.0905143426628269,0.739864984438592,0.0935915719309174,0.685440230283729,0.0981039070874232
3.46992650505855,0.27122605175897,14.7495314912469,2.24089912922252,0.926450373664349,0.0153264997944169,1,-0.325368617625674,0.263328665227354,0.666911542015623,0.096310068171993,0.764536061272939,0.091478413985683,0.680402172596819,0.0911331035005859,0.567800506796234,0.101293995011207,0.640181769886933,0.114871172392483
3.63994272889531,0.262763611024042,14.1922514997749,2.0492622398887,0.907369709095335,0.0226601409731317,1,0.39090782360138,0.272531489988272,0.713010015032765,0.0992693148582839,0.811915101082543,0.0842930588569307,0.59329771324131,0.0924598560807317,0.663385269999325,0.103499477645551,0.683438245041036,0.106965381538352
3.63546180400904,0.28864063102688,16.2836501591867,2.49644383478396,0.902590987333676,0.033213240223367,1,0.629530758346121,0.257627728431796,0.569357635314535,0.110465003875607,0.741372867243434,0.107353129209916,0.765203795204967,0.0834836279516366,0.679996734808712,0.115708286263907,0.736343748735961,0.10922931417552
3.30249239644362,0.247940999695595,13.252367603788,1.8779607697812,0.887679780391744,0.0315966793686312,1,-0.167646242143611,0.239469768723056,0.748444865449272,0.0908018194979004,0.670628337733723,0.105085766059273,0.449633581721,0.0868263776241197,0.618476548664291,0.102042783694697,0.554083822350373,0.112474880406602
3.51815280956538,0.253803240047726,13.4528562169345,1.94372414381984,0.915763041313791,0.0200379073717689,1,-0.183971931405586,0.254192071554512,0.743704673290593,0.0864783711270822,0.599304665628101,0.0877170255253924,0.713575662889798,0.0906656252135997,0.706991306888362,0.0931090343070639,0.536266573985168,0.10450671634252
3.9186168903201,0.315530555899112,16.1089474069872,2.56269886645624,0.915045336320312,0.0207868923226564,1,0.264492090739788,0.295059606526218,0.746709760978591,0.109812512752895,0.628228433597416,0.106425925988087,0.592957741539033,0.108488382108411,0.695498063798269,0.0973961798974669,0.674983167199617,0.106279519536119
3.12950343611501,0.240645696079078,14.4102891019938,2.1264434635083,0.89974982495022,0.0296405217598827,1,-0.192412050056552,0.243101087915962,0.732944444695139,0.105206235090982,0.542920052626088,0.0961764648265639,0.729991232709677,0.085460959433713,0.676608406068904,0.0960169628563796,0.44655484514842,0.107656672317257
4.18852460414287,0.345905145162871,22.5403313274456,3.6542234953912,0.919746014326198,0.0259129861360349,1,-0.00828438908397871,0.279277560625005,0.707473390929468,0.104067855874988,0.892425251024317,0.102398892760924,0.739210888466067,0.100090290117156,0.842368038060448,0.0986224632820782,0.844564666332521,0.125929147380126
3.40410618871125,0.245956365802634,13.5662611413192,1.88858117868593,0.883267749114736,0.029659287051655,1,-0.177342546954502,0.218075000957617,0.775266827402076,0.0862912498932652,0.610298730763318,0.0818624743836381,0.765241714989113,0.0853398036675879,0.673301364592275,0.099911494760016,0.610683327207276,0.0993269914072537
3.42927755452877,0.251468379634529,15.7384743368091,2.21506608899416,0.799220814348109,0.0648124548219069,1,0.304871303649626,0.213798045917037,0.519601261239442,0.111162109102391,0.529698451156199,0.113294549415087,0.654788952272713,0.0957566637497217,0.735400801999862,0.0808300280419946,0.630765932940772,0.0995214638967161
3.30625537568415,0.236529975690874,12.8134200174927,1.81414220406208,0.891022478748116,0.0259468500191197,1,-0.110421100654565,0.247478797974028,0.644673016572119,0.101343410905525,0.616083547025307,0.098174366490649,0.53790983422174,0.100661321418417,0.750197474155133,0.075792132009051,0.70779395946247,0.102073155982377
4.01792888981863,0.325513948045225,21.0979293158361,3.30250884490849,0.912647691497248,0.0276337848456401,1,0.375376380016112,0.258992228674101,0.731946066974769,0.0925131352564322,0.643209090723118,0.105491496272806,0.855932277983319,0.0895891293707378,0.708400058556909,0.107266246934566,0.712438336967748,0.113934009553161
3.81572304283676,0.296649987338931,15.8911519529102,2.43126923148225,0.934220800020327,0.0182218722837162,1,0.0012123029115678,0.292233666764436,0.75433510127976,0.109122437925365,0.734685788295531,0.117063643395505,0.736932180170221,0.0863676109150787,0.646762890915136,0.0939682287703979,0.79598336600215,0.108057890306015
3.37536815504358,0.233401077098825,11.9872459181808,1.64916648162878,0.899481418453758,0.0262954166757633,1,-0.527780857804183,0.248095775506556,0.724682725596961,0.106173125388177,0.634823672437211,0.0882455258945722,0.757255586411369,0.0830426717162371,0.644380690702761,0.0870776330448463,0.617778866378527,0.10092229055657
3.72337229463769,0.285997994524309,14.7194623109938,2.19079136453379,0.894658926254455,0.029687052433003,1,0.0828364956603198,0.244803797399609,0.837970815816013,0.0965398789208611,0.58800035705098,0.104767102604154,0.638944210105801,0.0950328119734721,0.70636543198658,0.0942850051426277,0.56666103284732,0.110383844131634
3.46178410530316,0.254440898267458,14.1297268465097,1.91733180097021,0.867101994051207,0.036245568834356,1,-0.0130110271062887,0.226571306782045,0.647155570788064,0.0929108853823288,0.674745498741713,0.0826639967234031,0.639579573355396,0.0910744318748328,0.731440132370388,0.0885589382012862,0.761510718364061,0.0994984013387304
3.29504407217179,0.254446295975735,13.6508789459188,2.05546637460437,0.936675164148574,0.019007743496094,1,-0.590570534331444,0.321259074231098,0.83474124999964,0.101033006732231,0.743506177378408,0.0979857997302467,0.626244914195753,0.108530232348416,0.592507580943477,0.0890271309253294,0.682799863499122,0.0997603219100574
3.89071029392316,0.27532378679917,17.0489451881637,2.40115980751452,0.906655601298745,0.0227665269891002,1,-0.334974553959323,0.255233147165143,0.765815845457834,0.0985625263579685,0.755543478781185,0.0983079058121124,0.681810756317183,0.0842819342765619,0.81952717921676,0.090785877793864,0.841051307699946,0.0940999210705379
3.58441423051735,0.263202791839033,14.42672224859,2.12152027612528,0.920770280856466,0.0189584424038122,1,-0.355637992266729,0.280164372343033,0.838149322868125,0.0841206350812189,0.593432647908799,0.102272125169662,0.91640941870321,0.0909901231225591,0.770248192300116,0.0968897890491076,0.490241860039261,0.130048215893574
3.42542925863436,0.257819325556955,15.9526825984661,2.32132710819793,0.866925087099559,0.0453744846624967,1,0.161074503405923,0.260199284718353,0.578342268571088,0.107610843936468,0.600722248125264,0.0915508225419553,0.738351090345665,0.102217661658591,0.740904453319523,0.0895219012893399,0.468767506501219,0.11257852259903
3.85600115319061,0.29983845206469,16.7059245307228,2.51987611416468,0.901507920409591,0.0285142144214235,1,-0.118830174548223,0.270001033507635,0.724805200224717,0.106039712931388,0.883197697070404,0.0773533221341104,0.838657386550786,0.103863318492834,0.643848261314087,0.101138865237133,0.757967203034358,0.100424455414055
3.49385148161086,0.26985617266525,16.0547006555266,2.35290196238356,0.847790704850517,0.0551504663739085,1,0.130012793769246,0.249338034908648,0.598209849153723,0.119254440637254,0.702409548262312,0.087943180864233,0.796209424082908,0.0949397482062296,0.693340255883526,0.100884505955491,0.643373521358897,0.114068398968843
3.27683468440749,0.262566722992864,14.8408055395566,2.26708296158157,0.877106350674072,0.0388874615636609,1,-0.463285258714459,0.250972490116393,0.880608829331185,0.0901588799443025,0.539639194081477,0.113651537171102,0.660692202051283,0.106812222448139,0.634911679558218,0.10231271167807,0.707115509001206,0.105231924134359
3.57736362409115,0.241441929984671,17.8446556773994,2.29749026918955,0.81441705867945,0.0545418744482568,1,0.173008288611044,0.207472465885059,0.699806048347632,0.0880922320993137,0.752004281466381,0.0819676098334031,0.731369947757279,0.0878402669418731,0.640889719969418,0.0900029718935159,0.727981621163899,0.0971619132000946
3.69166767975428,0.248280784209824,16.4184724162015,2.10217692093127,0.776888109707807,0.0694087876520036,1,-0.121028885491301,0.226664345518061,0.723700756002101,0.0885883568703908,0.645706005040742,0.0937910010114985,0.700276444264724,0.0969934164507797,0.697958357500476,0.0881810267805312,0.725524646830355,0.0946619781019026
3.43115491976699,0.235517136572753,15.7735919479205,2.06639337696854,0.914468968232544,0.0218956066088479,1,0.104261113161969,0.266618481018671,0.635029582288685,0.108570985452568,0.716389379535688,0.0911492719795416,0.808337952810671,0.0691518842487278,0.683836953399913,0.0844679815181303,0.641974791714112,0.0919202297631525
3.3454230305412,0.24798371278815,15.0767186383103,2.14653330490385,0.930388446783434,0.0175936720373003,1,-0.239095743478767,0.270325632237367,0.77506096107013,0.0869054129938649,0.737284929698376,0.111560441141608,0.708961300673546,0.0891243876241542,0.845737819031165,0.0973791173677825,0.594410462014014,0.107117955931263
3.50851961749878,0.271237427225134,15.2819985794713,2.29881870382531,0.902343734929389,0.0227747850089345,1,0.366146292065749,0.254508595250506,0.671205649693142,0.0983243569705675,0.522533921785586,0.105692788402931,0.698102199554267,0.0919585049360805,0.663769290888495,0.101149711674075,0.61114038881807,0.10587783790958
4.00579333167397,0.298251449745935,17.7450333339983,2.56460864107617,0.89770697176673,0.0297300799612475,1,-0.0353329602422381,0.261911433962168,0.81377479864966,0.103211281393603,0.72168635847642,0.0868285561280676,0.751448006840646,0.0806001036715971,0.562314872180949,0.113970767801593,0.773729900206023,0.100470319065087
3.78988272175291,0.286291928567405,15.9114720595779,2.42234686075512,0.922326701596436,0.0197059631539613,1,-0.163712349852405,0.267436292896796,0.815228231465277,0.10622365691043,0.766618654390785,0.096394648351331,0.683565963859568,0.0976941981675061,0.644301823024995,0.095739592868034,0.649021508287932,0.104852414314911
3.23640010736169,0.222776638485715,13.353348960054,1.79279323216346,0.893894731685168,0.0274657199326098,1,-0.106756683994486,0.223434535805312,0.473215576303439,0.0939786468037505,0.682997833567345,0.0851583166478006,0.6572992851605,0.0975185785066172,0.670873423289089,0.0909044277892654,0.653513255542216,0.0851982326681053
3.5668088204521,0.244689302470236,12.6084043857339,1.7444297613631,0.912976953175374,0.0258594286376812,1,0.107823380722669,0.259466370690893,0.709453787869072,0.0981537003331052,0.554433870488672,0.101145913018212,0.676735895981935,0.0833996379984198,0.697034570211652,0.0892828932021053,0.598450631719211,0.102509175754347
3.44556836714934,0.249651696745655,13.4197846762244,1.88933676192024,0.863449739305456,0.044345590188882,1,-0.258286684980996,0.253252240585419,0.869044293615294,0.0994801621767563,0.459830935340702,0.0936167377903899,0.609824727615484,0.106352340564416,0.659807795268475,0.096696431418564,0.581348963662157,0.0938303515432884
3.76723138898161,0.275131303418678,16.3442492971985,2.31305947113747,0.883156867077869,0.0362082789718808,1,0.24227136718404,0.246246836094383,0.690115611166611,0.0927397051783569,0.639164015103603,0.0903267457504667,0.615897774328986,0.0974659299985858,0.750407869957641,0.0962154351789724,0.803519102644416,0.10267543131657
3.6326155354486,0.263603531243005,16.5188392126353,2.30205250165236,0.889455279921155,0.0323271952213478,1,0.00831001374179786,0.247177374175825,0.68340759198579,0.102947479186369,0.676144587474904,0.115931204931873,0.674317921489292,0.101044482589831,0.842391864812276,0.0845395672021862,0.789584737198847,0.0868115565998065
3.6724772801017,0.271909502320632,15.0884338888576,2.20289545487906,0.894759899044841,0.0282174305604378,1,-0.475681539174656,0.256062147477816,0.794401234214708,0.0893429654761373,0.791037168985071,0.0899862326055008,0.701577494863511,0.0844340632467155,0.778703494505087,0.0940465944205697,0.793690923646812,0.103364451841703
3.90755323213865,0.314624389833445,18.912622169018,3.08105264203993,0.869651790264607,0.0396132977506309,1,0.434988756183926,0.247429991930115,0.504180346329895,0.120174549123329,0.708715746886884,0.0883758772937649,0.677782179846122,0.117310524111837,0.627636351226072,0.117013787026242,0.69108797938766,0.117626105926214
3.8068974820001,0.297177241942478,18.797481845865,2.86439006461953,0.898944967279261,0.0288315147876513,1,0.166571738670144,0.260365427290546,0.612965803217116,0.108752187644268,0.688153129821891,0.106358979310093,0.540794540073327,0.111120472597473,0.85708181417206,0.0980353954460407,0.650132522627206,0.099238194974908
3.84407210508334,0.30823333781034,17.9712271140207,2.72709839614926,0.922256611094409,0.0207188384128304,1,-0.403496731947282,0.28009211559046,0.795863647541863,0.116093756127968,0.715780516111523,0.0962934961264186,0.831062277120282,0.0821461468709065,0.708206862524823,0.0991142606923972,0.857265720816999,0.105595774312604
3.56142214416334,0.273500967870591,18.6889350614522,2.73795765162802,0.897591639357138,0.0252905406856056,1,-0.191871102591691,0.247566444103053,0.845026699178562,0.0930894373643942,0.762203658481209,0.0924448177001375,0.748142362770911,0.101960240798815,0.583023912926486,0.106791328828816,0.637939687668918,0.105453591793479
3.11346022102319,0.217914296861922,12.0932701385655,1.63078343386882,0.900650178222974,0.025486360706439,1,-0.368675185745328,0.258897582362323,0.79618299831394,0.101990438141508,0.631425418907182,0.091692119555352,0.646842893486623,0.092750704249118,0.63634004043374,0.0972919311183047,0.725918807319696,0.0784240412451361
3.4698075449928,0.269590343745635,17.6079169177196,2.61204082558957,0.894985813218597,0.0266157031822606,1,-0.131793457858909,0.27637810558862,0.684119426931871,0.117740631688852,0.775199603915705,0.101444972463809,0.695451166199117,0.0999931634443714,0.782419876751656,0.0899572038097164,0.799642211542075,0.0992159986931171
3.74839182418874,0.294533640314359,17.0424764022868,2.62276596783335,0.881882346878772,0.0315908653751924,1,0.366569787263326,0.238412242593804,0.650442958419605,0.118514156245933,0.769788395533664,0.0999343262540684,0.651549369681509,0.0910211402230735,0.639634837099409,0.0982742288667361,0.624523396958531,0.112863809175381
3.27428943732437,0.25768371283769,12.4930253712633,1.94397008815813,0.89356614653736,0.0310825878965878,1,0.00500786688133907,0.240027773595994,0.612557564554575,0.0996229621647299,0.514870008666166,0.102345628791331,0.700307945858228,0.101109446028283,0.770036033308561,0.0866463787732989,0.792760468840159,0.104142894306619
3.82669387470033,0.267457012940539,15.7265388833175,2.20500891399435,0.882171250167792,0.0344278309786954,1,-0.0972593544230345,0.252373146133838,0.845682164876396,0.0904033279161006,0.7049080455354,0.0981860458321705,0.703285876929111,0.094843573908174,0.763493760035109,0.0964163781109912,0.68191631959285,0.0949065355335437
3.46096053560032,0.257842644784687,16.7916137691895,2.37622235701066,0.931872269349422,0.016862989623154,1,-0.247753729663714,0.266284277822482,0.730922957411007,0.0945680777664114,0.723269033594693,0.102027297844056,0.803491553617147,0.0921264097780863,0.62834935324931,0.0996679037849014,0.744347171571995,0.0993855766576671
3.46277536628891,0.244660838557771,13.7448483252093,1.90218063941371,0.851915286866401,0.0528538538038794,1,-0.126242300392772,0.253139270314979,0.714747732436669,0.0987456392088903,0.608741638384171,0.0956254171624891,0.635906860456903,0.0800230589127981,0.64050531137811,0.0894266318186623,0.494882532159596,0.104480519706596
3.35155004204476,0.247747164767859,13.8327966629157,2.0336500381446,0.886102056507194,0.0354088727763166,1,0.492398823737484,0.243955621676072,0.51472977557878,0.112241570427347,0.644897839183749,0.103312098947699,0.621293321204737,0.0936710053012968,0.575742021048929,0.0870569911739796,0.727606669774896,0.105213897127204
3.42045874551854,0.258755134333278,17.1816144609918,2.46115812496966,0.857634130796075,0.042506701384847,1,-0.191327610015214,0.247759527029637,0.613269049488983,0.110625152944111,0.652362155860979,0.0975015099677113,0.707609610531221,0.0914267622440079,0.698003230661182,0.0955049160894829,0.709324891319005,0.0986487483445968
3.50809578527175,0.280763526245418,17.05144261702,2.61674526343935,0.924181484305038,0.0210563142865985,1,-0.201533296650078,0.29039430411479,0.840807391115274,0.0945895598320007,0.869039256700783,0.0890820578248,0.696378982215396,0.100508407639945,0.639894140729657,0.114601371447302,0.665885693078197,0.108292999943859
3.99856352062958,0.292390321956169,18.5375782656887,2.64636084060655,0.891754702183956,0.0336134531722898,1,-0.194443727355497,0.286490375411432,0.746545682173621,0.113734735799999,0.721815166306072,0.0936430741533531,0.728845679389307,0.0969075847525138,0.767782282667612,0.0978209723084831,0.755602117661906,0.096920607944848
4.09574098090258,0.343353562510681,18.7935618886987,3.04545156333236,0.928714054422374,0.0213996135662175,1,0.185032098847194,0.293728145545658,0.760599471103501,0.116563085367687,0.695705933959226,0.107030111337044,0.685811827293531,0.09953085312439,0.702281553341368,0.10325295115671,0.935921657211749,0.105462816494278
3.43312078536053,0.270927323126979,16.1569402952026,2.43013862859218,0.838873912360056,0.0474994582139683,1,-0.349186688489997,0.25955294161031,0.770117552063043,0.0994789442063515,0.720490859664551,0.0899732017922805,0.597092132313165,0.106525142318474,0.522441833037743,0.101071041688232,0.75266610177833,0.102954530363416
3.81836539368731,0.265580916814854,15.5047204536172,2.16349037760463,0.842759942219807,0.0454317666800382,1,-0.108798768558658,0.240478096701469,0.826116103596497,0.0995998035101254,0.629989435701646,0.101506491563468,0.866117444780802,0.091915457308457,0.618951877516757,0.088036118037395,0.760582905064427,0.0963286370931353
3.73478731848196,0.285548135268335,16.0332978721169,2.40250840642654,0.915209834178134,0.0265022836788383,1,-0.0686057410357534,0.273362209082559,0.759661206031273,0.107937507398383,0.655956034484628,0.10276213006176,0.793895821030697,0.088101511862411,0.788603746035611,0.0991794180174414,0.684507117731361,0.10252415969575
3.63237264705649,0.265237499839854,13.9141132415439,2.05844238398208,0.857767767886233,0.0486907922341476,1,0.197851461753036,0.226760397618989,0.573323308544056,0.109185045457707,0.613832001802043,0.0980587071647249,0.700193303333436,0.0982515180091507,0.767615561338396,0.0968218123093763,0.530886765117675,0.105257948652071
3.1991490779432,0.226385017050045,13.8597606157911,1.83928811411201,0.782201488455848,0.0889491041768318,1,0.152665575910341,0.217684865795011,0.610267052783543,0.0934831198045065,0.60053689611088,0.0941984213435782,0.683875691009695,0.0862838916066727,0.653580363024989,0.0930913521038954,0.621681952762476,0.100043821597073
3.46990936839846,0.27598742093838,15.1924017160011,2.32728092053527,0.919613911972265,0.0204429013782379,1,-0.0449968602081472,0.26035073568655,0.7362076391167,0.0971922485535764,0.637573785826623,0.108369854653674,0.578607467372713,0.0984670443037379,0.531639857994982,0.0994944489944663,0.676867435638281,0.107509967608047
3.65759219822755,0.261034919389687,13.5813348137634,1.93984987626576,0.91211004930035,0.0189237743988027,1,0.062677732138727,0.25496311925526,0.748496635962602,0.100566505445509,0.606806478960324,0.0972504268211179,0.6075966042299,0.0970889269373572,0.574536400744866,0.103196548704596,0.757858892677821,0.0879765579949644
3.36937958863135,0.234208735314691,14.1111796607695,1.9047816642584,0.896294912812234,0.0268138453347689,1,-0.301080216380208,0.249068295056495,0.689937472531761,0.0897685231518038,0.769034908117576,0.0963777408206911,0.707232651523956,0.0904736192154143,0.543535958989277,0.0946970461730394,0.712515830618522,0.0967218271277282
3.84142873653489,0.302594940630934,18.5881048804697,2.77101357627756,0.892972841920671,0.0319780818468231,1,-0.0640776743873768,0.249150589399202,0.699569459974751,0.0971827562816913,0.676046350850948,0.105833617245751,0.663464735080509,0.0983484867411475,0.795836947981347,0.101075433086992,0.688526726795633,0.0961656033020075
3.4999794206853,0.245522484383719,14.4802911544421,1.9342174228708,0.870079601513204,0.0419647827449465,1,-0.20075267081343,0.2558914015277,0.828020563831974,0.0938343737093121,0.711365825151389,0.0701028302456855,0.423737735696519,0.108573842682291,0.5825182792544,0.100331932154169,0.73256975873422,0.0986271877592444
3.42113328762906,0.254708083660779,15.6310545232421,2.23944872116387,0.892789669349814,0.0269914229099351,1,0.198103792458646,0.252959911087723,0.650660063942057,0.100041159717454,0.617380252579279,0.0947204065510877,0.598030375107899,0.10291002769662,0.660557125889447,0.0863834927341784,0.640315441384064,0.103753460164627
3.4981110201646,0.245490870942967,15.2439139192415,2.11402980496663,0.910327007668691,0.025194280800303,1,0.198189837203394,0.274545071257806,0.784335440912965,0.107035941037702,0.581860875987914,0.0910443878761009,0.597944302256465,0.101676945541608,0.783953344271914,0.0823460017024419,0.693836266892274,0.0857825828493561
3.87436409718146,0.340037459385829,18.8950381323747,3.0766747774847,0.938757918802186,0.0146336319290197,1,-0.302634395131692,0.347800547863991,0.800945546078098,0.116926998253027,0.876304912650308,0.101185580504457,0.91474401830325,0.0960110340504405,0.763818756712479,0.101902330147928,0.80360449558234,0.113293847916938
4.05456874052597,0.333550665299587,18.6354056110913,3.00557381580391,0.911520002745268,0.0254584060522207,1,-0.0666725006663535,0.27326052932706,0.751494824755241,0.10244302918944,0.72124804906129,0.100054004561765,0.879192794196783,0.0844900968142497,0.700489585685035,0.113413393760591,0.740499266120368,0.114162095457116
3.75309065662133,0.307817144848106,14.4528377835289,2.34798918408813,0.933011283739798,0.0187812662317112,1,0.370453948316938,0.268319735282092,0.670062365670903,0.0958354008668003,0.792508099012354,0.103591600375123,0.7356445672956,0.0888720798504254,0.651529212247941,0.111407756860818,0.732936007355795,0.112672229422849
3.83647112137831,0.31290433836023,16.6487505863479,2.61241349062624,0.935242430555231,0.0161836543886583,1,0.0757315168428685,0.292645347776067,0.729688365038313,0.100779320940703,0.843828907298632,0.10147486426662,0.711152353397931,0.0963207928879965,0.72242583866956,0.100269238493427,0.758584245500937,0.112558357748553
3.7129534312854,0.298482690305078,15.8466498270423,2.54883877360566,0.913220082183067,0.0250241754669217,1,0.120636941741538,0.272612494565394,0.687804677667428,0.120015698726227,0.682347806059318,0.103809806468431,0.674388368286984,0.0996749773531437,0.678172892492727,0.108747984493342,0.638250403281288,0.107656588815323
3.35862370547592,0.243324858217004,13.1392406509049,1.84136942359471,0.841653670849034,0.0531183934555556,1,0.255286512698439,0.224316634011798,0.478672186896197,0.104214265121027,0.569167864563632,0.0942190761914814,0.611442940237863,0.0842605727335202,0.474077532793113,0.107160702089724,0.531279971620294,0.104840536874949
3.41269338048298,0.261624876085315,14.8420758307592,2.15037505120674,0.884666477495898,0.0328445711145649,1,-0.0506328571607929,0.237575129385082,0.63558670887215,0.105611458419843,0.594655167364946,0.106097503761971,0.773738273584727,0.0927680926785219,0.583390098070731,0.101591764919506,0.860822012854264,0.0922639126988423
3.37021939289466,0.261860316401307,14.1169254961161,2.18590584041746,0.938052564827862,0.0166477760395307,1,-0.438994027882785,0.28927943398737,0.621297126931127,0.105411609693429,0.824259466003513,0.10653135245976,0.722614040241098,0.0861773915679654,0.58145399097586,0.106396292701882,0.710075013296749,0.0975797351073891
3.88771494283232,0.275170351242723,17.163645900565,2.45754742964295,0.929081332604508,0.020275791452138,1,0.434154409167916,0.292725241070068,0.661081995656357,0.0972032913774793,0.866325809907649,0.0858881353531383,0.784000363336509,0.0875058476974852,0.722415602212879,0.0987611393987147,0.803493640264172,0.107590651742392
4.19733939280452,0.364518654285326,21.535709827578,3.66497461999857,0.925074946298534,0.0222222968526839,1,-0.247547024704682,0.291075671900899,0.655916242722872,0.124760833560445,0.833827173901412,0.097111900074066,0.857193749701504,0.105699303818949,0.850826381729044,0.0961154318984539,0.77942206867541,0.122478620269723
4.08811751353607,0.281850284994601,18.7355054937095,2.53510087783949,0.893356227693502,0.0336649589263372,1,0.087335189908374,0.268520968503936,0.716286793882058,0.109795793778098,0.761744537627525,0.0969699037340874,0.786810968617668,0.0929489519790419,0.726516825328166,0.0976542136275411,0.815835249367135,0.0777355428381814
3.53500382051298,0.251548604195549,16.4224852457564,2.23075689599356,0.878296353553326,0.0329159022640324,1,-0.355714557731049,0.232488488401575,0.812022996728489,0.105755970912148,0.811703245660307,0.0770208878951602,0.613322771317556,0.0875652108091022,0.859195797031038,0.0872978280936771,0.666715573345009,0.106335704909352
3.54878541908872,0.259611096713987,13.7265434595737,1.93213218600286,0.869904539105633,0.0433400105050511,1,0.305087481726118,0.24609166539442,0.568820280693631,0.093773340069076,0.764899561408332,0.10299356815691,0.500657288656981,0.094333594198059,0.639271450522502,0.0903418994924089,0.802554643382705,0.0899211900755226
4.09658023931413,0.276143808816532,18.3121834281633,2.4546480392508,0.918626662371636,0.0185022572346218,1,0.0016932391333896,0.28020101386632,0.789180774275858,0.106793734371253,0.703758687255231,0.0907351646634737,0.845869649945913,0.0762520852174273,0.514763976963965,0.1089822523944,0.750564146836262,0.0878224413738553
3.51355908569024,0.249314283983925,14.919469595134,2.02965694662552,0.889154483711644,0.0312838527340014,1,-0.012194199161424,0.238248853373416,0.598082916561509,0.0983259452675219,0.767453257797711,0.0923459443937136,0.609924505240028,0.0936936525518581,0.673265616869506,0.0886323616686832,0.654521937261083,0.100144402205142
4.10141674810578,0.34001256950943,19.7380568006302,3.19515720009798,0.935381028873329,0.0171359477059954,1,0.138489432257123,0.291454708241755,0.83184387290956,0.115815943340009,0.825227129023507,0.106655513735662,0.796394253499829,0.105368695946595,0.776457749074281,0.107431826029444,0.796706204802023,0.101352985155233
3.25656586199433,0.209805004927943,12.4490370491434,1.57750357720988,0.779496117547824,0.0682257807353198,1,0.0866943469989987,0.223270311947877,0.665374495173212,0.0992477613113869,0.580271803995941,0.0854337678080772,0.526413778041322,0.0813680462459159,0.71303116465738,0.0834411323012578,0.62375988007942,0.0903465616931552
3.50273806848373,0.255090976684301,16.8545682888416,2.37812019743732,0.905092870318113,0.0278661993633647,1,-0.107353522256673,0.244389008337017,0.806501158447349,0.0970104665881713,0.692216026713319,0.0941262188771014,0.694345471574582,0.0935975812936039,0.75959065416404,0.0895135143963169,0.762483250662013,0.0996216267080547
3.93363409833942,0.255880502937247,17.7815594308734,2.2421778900695,0.912085618197691,0.0276995982611089,1,0.59024351434427,0.266204471162236,0.703349226884719,0.0875449962670418,0.759125108681871,0.090169174916851,0.527822894712433,0.0994349951414309,0.895385074584816,0.0784444967355182,0.736948511086733,0.101303033675301
4.06019590646492,0.281996744657906,19.0993056484869,2.62936771629787,0.867556329578796,0.0463241520303239,1,-0.121916466916388,0.234885190601292,0.71459822800965,0.0969501623226826,0.676266975150784,0.0966583624966613,0.801746173673027,0.0932381596729933,0.756002453955845,0.0922231418861108,0.791111791161737,0.10159004465179
3.91501562118373,0.324469916458121,17.8392583901194,2.88922526967294,0.913655425265774,0.0243603597705427,1,-0.208801418618329,0.296064872695433,0.833585484376686,0.125457467083985,0.616887269811837,0.115414755254294,0.7388227005938,0.0885583275895064,0.84809263693247,0.101893612706603,0.766644906866062,0.107972296335185
3.42269147145476,0.232415090593006,14.6650778168108,1.99621448081214,0.893858900604925,0.0274989331412664,1,-0.344749741710233,0.265187068112988,0.747704362581802,0.097338752370362,0.722595529229017,0.0782043255806269,0.86004764963592,0.0940815053908847,0.687919936328291,0.0972070851310868,0.724167281012878,0.0833670641812261
3.55241776824747,0.252965327394421,14.2563689985835,1.98048617724475,0.862027136836315,0.0369341136006142,1,0.332315246909802,0.235067310754577,0.478478425610402,0.109986364649173,0.819350816839843,0.0887272242893698,0.657753455983686,0.0943188368831579,0.807149063409521,0.0864304672017666,0.655473254708779,0.0923813190218048
3.38264384200234,0.275957544151842,16.2374667422261,2.46108755995435,0.916711181962232,0.0232335560507657,1,-0.191098413844267,0.267982893214131,0.650184314681362,0.113049298102495,0.785933622106926,0.0986378855894888,0.819091379060047,0.0944292939845822,0.737780328177815,0.0890274556036576,0.687514664833185,0.103205623382441
3.53264831646006,0.246845851074279,14.0050879810892,1.93517924660586,0.796061150580914,0.0730175353565134,1,0.0840913470974298,0.209977873885647,0.487409952705647,0.105102133654526,0.718471084917922,0.0979982704336096,0.578983150134783,0.0955856400321422,0.673866015491604,0.0800480890817065,0.611731899382424,0.117816590963435
3.72995407385672,0.282254927573585,19.9723168657928,2.97761846896948,0.897802766136087,0.0249686250736238,1,0.231065287880925,0.251505535025332,0.739235581294944,0.115504818948648,0.730024758269985,0.106970037029874,0.64250410173301,0.105677253210916,0.663884728295255,0.0866302659753284,0.852521421786842,0.103425612782034
3.97280951156718,0.301327258068658,20.3743524736819,2.93338739626869,0.869079200049615,0.0391178834394365,1,-0.0567715035887111,0.239819687605245,0.704453648009883,0.0978788671522172,0.87512219568249,0.0932682578072323,0.646148113686283,0.0958503420109451,0.872054895349755,0.0943438758488648,0.761271027721319,0.107244427986894
3.37883067463495,0.265661626180292,15.1070558229849,2.25565934402801,0.928215782014759,0.0186482263649483,1,-0.820835097266825,0.298105605314561,0.91952005683006,0.0915226443845489,0.695378299363899,0.0954568017163753,0.758921015845408,0.0898728593538066,0.631938067787433,0.0965016471913215,0.683614470956185,0.0971112828377177
4.15761137568995,0.320738836505495,19.280897323557,2.98290641201748,0.928497938020516,0.0225896359165661,1,0.358297185138861,0.272751993310358,0.756486712913072,0.116503933844994,0.819274121449633,0.0954961831665592,0.814455942688718,0.102775797173433,0.60248956362137,0.0980557460192792,0.741023839023433,0.108150481514747
3.22657684266686,0.225207098116382,13.6602309051249,1.78730557653784,0.801734677195839,0.0775289384572169,1,0.428916211803441,0.201730880159246,0.557961669070763,0.0996256047829572,0.673541671596743,0.0852153557579054,0.631260950604317,0.0931087113360744,0.755145908139791,0.0816827822535909,0.473894807732629,0.10373205392587
3.98422751478767,0.289714874445415,16.8445794755341,2.43173710551572,0.9117686868207,0.0181788384577187,1,0.222729821884947,0.27279210698615,0.599494016796733,0.0836833996746492,0.942394212916822,0.0962279255595011,0.823850781377701,0.0973541754762519,0.741006742965946,0.0935039178103814,0.690191641993669,0.100831417725813
3.62250519648834,0.278044352963234,17.5114410642051,2.5678995983819,0.922258551381598,0.0200551338460078,1,-0.358072999470428,0.298302730768731,0.8298409502606,0.113112959140527,0.802723247790812,0.0851310739377689,0.653928166362987,0.107154498273722,0.84121708742262,0.0925459170604162,0.794080011017549,0.0862434473489253
3.4616294917436,0.260265422181467,13.4895630506492,2.03166808274537,0.862723009741543,0.0412242998597506,1,-0.146498135380902,0.235944899799362,0.637586703660356,0.104240680170702,0.567251103514151,0.0953912375469333,0.544243710424009,0.102212025379894,0.788769212184774,0.0958927992510917,0.610708370694092,0.119017945530971
3.27274142051614,0.23895609228204,12.9041532109632,1.84285241711632,0.887388739933954,0.0275362520406869,1,-0.254670157462221,0.246456766513862,0.719289777789368,0.117206853826297,0.620700232510954,0.107709788847649,0.605456853526917,0.0887956128126922,0.68498061505006,0.0834117710464184,0.459731961742815,0.115700662309228
3.32314942878985,0.237029096180903,12.8269798212568,1.75769366528165,0.867719377404155,0.0379650690198299,1,-0.404503583127484,0.248749060075748,0.765052997280453,0.0935374127175863,0.762325103631684,0.0993231853320824,0.773269838243431,0.0869634745580156,0.604283313102423,0.094099402850853,0.622530193769346,0.0913478937347644
4.08444372332177,0.311002823320706,18.2042118662633,2.81933156031655,0.917564125988727,0.021342224925465,1,-0.149136561241865,0.270759071464255,0.874756325303816,0.109928905026542,0.764689533860097,0.101391879700666,0.839077081187231,0.104479534158176,0.918679033656435,0.0933948330644567,0.805584327439669,0.101054601781973
3.67657922681199,0.27131060707091,16.8050461238518,2.32361365213629,0.853903621658902,0.0464039824150819,1,-0.106614061828332,0.239040894370853,0.715710645106776,0.0905783222931687,0.75464126512944,0.0817545754397884,0.769232524992551,0.0886707221652057,0.386683115376434,0.110897780791984,0.734449917403427,0.0965591297704342
4.12397711406346,0.350533072690328,21.4429829777889,3.43069701702891,0.922144425797729,0.0205879770760647,1,-0.138515111707556,0.287945083829629,0.745109483745813,0.113592216314458,0.845777754942941,0.0950919299732239,0.801724057755871,0.106524701193777,0.90027576063481,0.0908257727924943,0.858297364822984,0.102633208172657
3.90772894660462,0.30083916372394,18.4957490723742,2.72413870757077,0.935694436925927,0.0192747666047688,1,0.162923550243571,0.315124081037204,0.772197875339385,0.111931293388181,0.855114743526157,0.0987387670741954,0.825808095510969,0.0888705436210171,0.745309799751418,0.0982733052512909,0.668299522959604,0.0900866073440147
4.07870955003907,0.308714104019465,21.8971256059434,3.21762449084476,0.876070914828526,0.0297876756556853,1,0.160907650287638,0.25611619272592,0.708654761360377,0.0984479148592423,0.942254675226437,0.0918386147681998,0.783593228287659,0.0909631042242006,0.80870858396671,0.0981016325138047,0.706236847412479,0.0970017599781568
3.70091160714223,0.286873659159529,16.796094247462,2.54017334088055,0.901040489091497,0.0283786586584668,1,0.0173472826122138,0.272893880651156,0.739001743704707,0.111271288978666,0.668319596431237,0.0940187356652527,0.892554166120971,0.0862764984701171,0.693022862369122,0.0948721741437152,0.682077541819163,0.105073617798436
3.708758735219,0.282114784296705,16.1526256064308,2.45886785219812,0.90900861864538,0.0266625675142931,1,0.135300753907873,0.259386931034637,0.593266737889485,0.0865443424029765,0.643316574883953,0.111500590268649,0.80199364651418,0.111731970296419,0.78124196849,0.0891716891949887,0.608095081318582,0.104696906017641
3.44413461633272,0.260132245224753,15.0642397371009,2.24324117444198,0.925517490793183,0.0187320021542279,1,0.123980270781071,0.267992237555521,0.595161914781272,0.0906973595103126,0.714370020260446,0.10220441722872,0.717530373147506,0.0858007580837184,0.567556956010774,0.101278604652368,0.729384255423372,0.10024613757128
3.29543569778363,0.25662784065751,14.0049419941253,2.07548946133552,0.859696911036593,0.0468029825892242,1,-0.105742212096634,0.221192482238781,0.604562927172771,0.0942122926315523,0.810406253452339,0.0909488451468063,0.653293709229636,0.106753860547861,0.796903665913548,0.0950919341647206,0.487292905972426,0.1201386146498
3.72763977199142,0.258064374428187,16.2837449331986,2.26652847206408,0.928234554750032,0.0175604280601523,1,0.193878892126715,0.26811819604126,0.735570514694223,0.0987408918963704,0.721951962201662,0.0896754759331841,0.663970077745728,0.0854486708051694,0.615453947298387,0.0956980456518773,0.739105696935651,0.0860859574781697
3.45947062575739,0.269387909720983,16.0859487907254,2.47739165413711,0.909244588057081,0.0225237999327779,1,0.255404173772019,0.26707581417172,0.715038738696888,0.118809861387319,0.791144112367846,0.0688418532701623,0.639800360504702,0.124305601782246,0.747964368358676,0.0968152768105401,0.786832972864277,0.0998397332620582
3.68561022372542,0.291984682446621,17.2353198360841,2.63628685274305,0.88857426090108,0.0301126680369791,1,-0.0854172667092695,0.231754203126926,0.617922119231693,0.096444940393181,0.784784650066515,0.0927006562953797,0.851568846163174,0.0972030841381716,0.628470401760368,0.112132693713338,0.545151617197285,0.106240388940865
3.35145385837475,0.260841036313682,14.6058455652552,2.14408692244348,0.847714543750988,0.0463058401472332,1,0.0230881143718694,0.220698808276436,0.548502306854636,0.110239361231505,0.714930596321102,0.0938152570537028,0.551015468904031,0.108770155152068,0.57724496693501,0.100428123392259,0.692699813811989,0.100032362427562
3.67217358092255,0.273363058672477,16.787267420525,2.43944405489251,0.862552707774646,0.0504529161140614,1,0.261960554425609,0.227222644189602,0.706999465513397,0.101184972116284,0.636749854388488,0.104861496189251,0.650714254918311,0.103593471844532,0.480966640810103,0.107649388593676,0.583747103725901,0.101742340314585
3.59707759758365,0.234806977239952,13.9673601708528,1.82985134299118,0.791365948584252,0.0957068756806132,1,-0.17925842447944,0.243354576062556,0.620586159448179,0.0945517997969969,0.719693508419729,0.0934655864193438,0.675055715021471,0.0840401225772481,0.744174438587396,0.0827043660818255,0.7231819633337,0.0883144059933124
3.62545487338283,0.261430309731463,16.3223896321287,2.33980351510261,0.890815940456139,0.0303721098105469,1,0.226766096600915,0.235878802297929,0.664324795600866,0.093594395965827,0.627198471380104,0.104453110660033,0.626243680440187,0.0896842226396036,0.722940253766542,0.0866502327498987,0.720361945424581,0.111242192527349
3.85311661467905,0.287179170550667,17.0619457972554,2.49044737128334,0.923635345623617,0.0180384225151031,1,-0.0244576028724442,0.27001080890691,0.742830734084329,0.101208611840177,0.680567013328288,0.091735988835082,0.656778361947434,0.105737696017896,0.871675736912439,0.0888276453686375,0.746918310393178,0.0893802857843922
3.39151771599376,0.252161595416036,16.1052435303192,2.31378929117104,0.890565419793703,0.0294536634134554,1,0.0102649635701788,0.222161657373672,0.598135934951089,0.0936679540347004,0.821857547510116,0.0851990580453462,0.636623980553163,0.0797930905960965,0.55788760136295,0.114269653740548,0.787943635638908,0.105507479318882
4.44013218598239,0.384607030930351,20.9771462550091,3.584141925303,0.948111145807568,0.0146716383938282,1,0.667930274112222,0.334039423026739,0.850112009670415,0.112647944437222,0.584795181894732,0.117764953005576,0.911392593677519,0.0972385951792647,0.672900314178654,0.107991782765381,0.945564035777193,0.108786922191521
4.26769549618615,0.338888735389006,22.7682458860227,3.60559348069314,0.903840251468525,0.0245582731187415,1,0.0155827134641225,0.250612737625068,0.853660778063266,0.0882638528909691,0.79677363192873,0.112667702778686,0.811541010207639,0.0934679924813751,0.81990627095627,0.116014089538862,0.961181469945126,0.107405839159926
3.47421001829548,0.266096488442099,13.1641099281127,1.95484797921774,0.890355059926372,0.0305943392606965,1,-0.204199719633536,0.263731372196483,0.681290097201949,0.117114710749975,0.602901636760109,0.103569852123882,0.733456049375826,0.0860653773181424,0.717709970644888,0.0903979521568411,0.73975714277414,0.104279524868707
3.05602948610066,0.221021509553688,12.6782891344573,1.80626055391058,0.883612400730653,0.0381699734191123,1,0.169594009224923,0.238504038451413,0.542822213360781,0.099975733969496,0.571530156599852,0.0942551482623422,0.616786891134489,0.0919239178753025,0.575517343475861,0.0903046466933334,0.576401948520308,0.10682178114304
3.73985938329837,0.278766428044814,16.6289388352865,2.47666964294907,0.895157980042778,0.0326196507512228,1,0.299973259782632,0.261208412787335,0.654004383697546,0.114549118803425,0.646838455459175,0.109555841657943,0.659205452744028,0.0878065286595112,0.780664958433291,0.0911194610447492,0.475306510005883,0.112203053866235
3.98565440569601,0.317977677786423,21.4966834301992,3.41424139457227,0.942617487964733,0.016206070442964,1,-0.0925903318227476,0.311401820117948,0.78493294554702,0.116901006602143,0.927584435078443,0.0970522783031531,0.815127966926235,0.0981354754201708,0.674229358383281,0.0944836538027128,0.814162160240486,0.105144400985417
3.64904802573287,0.255621427500376,16.9789670553293,2.30345903406368,0.850706806645142,0.0456657222652428,1,-0.0372903672348181,0.242456758442705,0.738368041473241,0.10011390919326,0.563178628589705,0.0983946213550896,0.676468918782461,0.0859003617735919,0.786442944867283,0.0832660054954276,0.626997705034509,0.101040966827998
3.78304158612217,0.293530124568565,15.9794300931545,2.53245632333055,0.896277673619072,0.0268775991668368,1,0.146728810554357,0.241772601091958,0.536986897743029,0.113724049595596,0.725753294614754,0.100221226356056,0.668389714616812,0.109343800786062,0.843794300918677,0.0872886935536614,0.511402291719534,0.115386943540949
3.37053954641473,0.254391217779015,17.5385155708977,2.50754718168226,0.839459191113793,0.0463176543551813,1,-0.172960349516671,0.216568168574458,0.782458489135057,0.0847811979958707,0.568384771838102,0.0927342737005982,0.666144205168008,0.0981318005190166,0.6789904131419,0.104198276822115,0.568832234668004,0.114820417246512
3.57842201182288,0.264584256772935,15.7518964757944,2.2063995938739,0.906984992287132,0.0253330957541229,1,-0.152812141076012,0.274054453561388,0.668786482177254,0.104936817662903,0.708333904083444,0.0892597111706404,0.68750982674638,0.0979179277376832,0.644862268506756,0.0902348611072861,0.844981893858134,0.0839521454781109
3.44407317276928,0.239359627927146,15.1318889657293,2.02327301642994,0.868716040542335,0.0381825345001019,1,-0.510129394172206,0.250944371073814,0.8070355893515,0.0985868131786868,0.697668626797592,0.0910891126731435,0.782180819494902,0.0799963713815274,0.772172742723789,0.0872437682815626,0.571922166580889,0.101437872067802
3.76051752207837,0.3091681828848,16.9095413475295,2.68890394569497,0.909027416405948,0.0267753248979232,1,0.0447952740323424,0.287331868772739,0.761630677886239,0.104934747405794,0.71712946225533,0.0955930883265809,0.709646375006407,0.0956784572347081,0.710572049712749,0.105143805214113,0.544706235937675,0.116994474478511
4.28393071012506,0.35777210331676,20.1693277326173,3.28138500309296,0.923775311334883,0.0223468088885162,1,-0.0398455755398217,0.291459061832546,0.7250517894343,0.123724021351628,0.743931801339526,0.0983131794729342,0.768148591558947,0.108886644198053,0.70098233323457,0.11695904200266,0.822736168098067,0.0936429151205932
3.85538620275364,0.305737969428338,18.3601494703555,2.81194017015809,0.882416080334674,0.0336028646601999,1,0.37328926634565,0.245092858702243,0.645688416527631,0.101208016148871,0.684963283435725,0.0953331368022427,0.76905029733485,0.104442539575776,0.694167838370146,0.101628272706092,0.691451983883416,0.0906318789967676
3.40076945965765,0.246258175060055,16.3083574626845,2.28864707522084,0.826374432853205,0.0490892825058485,1,-0.333427578350533,0.222125941949344,0.694858986437278,0.101281226356686,0.675682196987017,0.0839984970609591,0.548484459331403,0.102758836206138,0.633352774407989,0.0974537608181946,0.668528222514126,0.108782531341347
3.50558806270796,0.260891294660085,16.6069134575111,2.34559532232484,0.902584198574192,0.0208220804653796,1,-0.177049577764343,0.241265187671045,0.832563417959362,0.0826038830156868,0.637232833054262,0.085243909884133,0.72585230307419,0.0965832950248097,0.659550194570687,0.107750998286182,0.600077870282574,0.11500337840206
3.41028793631305,0.274764254894682,16.786404857701,2.63334462250045,0.908624642605707,0.0214404487511455,1,0.253751544363291,0.272771509533317,0.693753139427057,0.104606469238557,0.760836825158383,0.107498439529455,0.642984159611694,0.0992510106896741,0.815883376757578,0.102041642919515,0.576901326931474,0.12187401768233
3.86632885949768,0.274111555333153,13.8528117358299,1.91111125260863,0.893889290904049,0.0230796529651994,1,-0.205889094156267,0.277141758077961,0.835537866375522,0.0884947989075962,0.616700335328166,0.104720656515725,0.792086395204612,0.0808394270816406,0.640192346225997,0.101122146353307,0.803694575820172,0.0902756773096258
3.50873509260752,0.256032435040735,14.6723468870283,2.08125123091823,0.925772671503242,0.0193873327567288,1,0.155850877699596,0.261804001965861,0.70940139404331,0.102316844902955,0.695504479805503,0.0915414977530502,0.588216896456848,0.0871687666402901,0.755844837279156,0.086645443114257,0.632456810971302,0.0979316998177734
3.71775574638424,0.276647493355978,18.9698895565799,2.71834987176299,0.883572559094542,0.0312428002659584,1,-0.342319282101436,0.264725579854614,0.814406089977223,0.0942673813010282,0.798010107812764,0.0913157849450805,0.785706615440746,0.105929144473554,0.737576039056634,0.0992786943582906,0.811767696375538,0.0966520930442882
3.59790710736073,0.261452567422598,15.5490824840379,2.16445221113522,0.932855220638368,0.0169575350659823,1,-0.278871447969643,0.305986772055044,0.804311287599865,0.109631425479846,0.761610876192169,0.0965484039103203,0.564385586157477,0.102910797064679,0.720812911393851,0.0792472806994958,0.575522542223059,0.0932044692151089
4.22764137183515,0.343252991655315,20.1390668023591,3.20220022519938,0.933546343780996,0.0180884000556977,1,-0.580397635417689,0.297152366986777,1.01100264732257,0.0871578184381432,0.797836501041837,0.09486496910334,0.734790963711384,0.118004748130757,0.802202821477902,0.102435954615086,0.939177369683527,0.115839726529052
3.73091601277085,0.258413921190957,17.8119249773341,2.41970659240878,0.880249598368573,0.0396440215224067,1,0.0730374018896831,0.283418368431144,0.714741457741811,0.103483034747254,0.806867949539561,0.0919405197615845,0.517836087872893,0.0890131488992747,0.831188702811315,0.0779819930359263,0.656024604223705,0.101844884109603
3.32233975504898,0.249806822742924,14.4076172224676,2.03438254163845,0.858310413420485,0.0357545136457146,1,-0.15102256285271,0.212697179021748,0.728571072694104,0.0999561850895794,0.398000189763594,0.10524696501371,0.806696910506668,0.0863949411639976,0.71538324562388,0.0895314999002924,0.705507580252309,0.110325102342598
3.88329986983365,0.327960534679075,18.5050460516733,3.04906255681441,0.860189784798718,0.0417500463386635,1,-0.499090412025974,0.249402535482799,0.726034028938653,0.0953827379245194,0.759136739985718,0.0982243244002775,0.686653975861606,0.116412870991135,0.818588989136808,0.116876268029425,0.589041172356237,0.115252816057261
3.3318578162849,0.261394453214028,16.2981972194162,2.38572507942569,0.867766085758892,0.0421227753223496,1,-0.0519032654123945,0.233601902090102,0.732436000417866,0.101372841471253,0.517004815523448,0.106982559259794,0.728652740891226,0.10533483042087,0.570754936566082,0.0938718057628031,0.680885992660367,0.0958853387709667
3.81453617348322,0.302482329396273,18.504515890798,2.68459199970186,0.91520667255818,0.0227459306216908,1,0.0553581934473986,0.256715014564029,0.682446016995254,0.0885889836138569,0.78332575933389,0.106792384531195,0.852260379400657,0.0955964531276841,0.760991075433105,0.0903732788454987,0.831409801811327,0.0928040761969869
4.02049082734102,0.299808500473,16.326204418664,2.40278227066121,0.900568448788212,0.0275737500023431,1,-0.109631093246491,0.276023400035525,0.860075789329811,0.0978516964377774,0.790591330072412,0.0999779135496481,0.756042594911594,0.102588646013435,0.813556512863296,0.103608716530246,0.725674484217377,0.0927514033800795
3.51515472625205,0.270271210168909,16.327029172938,2.36193949815168,0.888699431712828,0.0340929281977864,1,0.069950478209944,0.239708306911125,0.721742869345193,0.0955572003819027,0.696850266752366,0.100153139828877,0.778997212731553,0.0879834753287619,0.552690957578864,0.100280529751513,0.525211513527914,0.115784686354625
3.88714968387668,0.301844452159971,17.8563298478563,2.7515295814703,0.885788019738785,0.031893377918057,1,0.0842553670677055,0.255903191163347,0.596843401015511,0.111163536021826,0.690347928704734,0.107659931613166,0.685734694507784,0.107013786871298,0.659346243249186,0.108804272107415,0.754154743575334,0.0924192361846634
4.01440791269979,0.30601142651666,16.9684926941486,2.58249422280198,0.939903090684104,0.017902957586999,1,0.0923059367455085,0.304228968799189,0.739672158024269,0.112283759005837,0.76103419745502,0.0972894939944875,0.775969970734343,0.0937453486641593,0.86745823084358,0.0951322524272976,0.755149912723135,0.110381668179655
3.57563923651623,0.273825783647417,15.1331267544254,2.24155621752584,0.841035842497516,0.0534877420931262,1,-0.134099780284715,0.239056295898567,0.645908027126995,0.101926141872271,0.450416126818257,0.100147510402779,0.6516821374083,0.0918209164867174,0.706723386479348,0.093673835258935,0.690324715504739,0.106041814465222
3.93687245971326,0.298001340163115,18.2607115780718,2.6679655927075,0.862844264835688,0.0479097447117584,1,0.35149776240085,0.239762307656088,0.591312383695495,0.108224237708732,0.67275288627364,0.10921103465393,0.767238870811738,0.0914691999519008,0.76762676358735,0.0992738117139985,0.651666677077304,0.115821902340467
3.64427501212062,0.286393587079901,18.8979818117678,2.85201347496564,0.905208439840799,0.0266419800117531,1,0.207140852983083,0.262084197204209,0.612933090199303,0.113058404067594,0.703338713291369,0.101218752509316,0.647143504318099,0.0983894837468205,0.877072269968107,0.0984716497668742,0.617314321492369,0.10741160193533
3.53377608495461,0.276696534693827,15.3588607626697,2.42600571012548,0.9272427935986,0.0201575689444556,1,-0.629540014150601,0.284281500923964,0.707972109532014,0.101710739880588,0.819039692187782,0.0978441668509024,0.686639759532194,0.112537313623989,0.747715461143854,0.100625684198891,0.612966359837317,0.110451408030717
4.51066801576097,0.341626918602397,20.7234886896872,3.17870923749712,0.90600142910807,0.0295758712934696,1,0.676661043663546,0.264151615984961,0.807805370161293,0.105575881277805,0.871248243361457,0.104644788903664,0.877776447229615,0.094641643098178,0.833053321973401,0.10575157671976,0.739785737358275,0.100002335611297
4.1389303729635,0.35664477587193,21.2969064051114,3.5218067683885,0.930775224339249,0.0215345644007048,1,0.101786837052874,0.291569740870519,0.766695111289874,0.10939888787603,0.849823513749993,0.11454299890416,0.788684927626545,0.108490575558042,0.955028926259838,0.0996260189404668,0.787480487120032,0.101079570860691
3.30272291492684,0.252594992347519,16.0224632648338,2.30469562556779,0.872150216723036,0.0402404938966088,1,-0.0807778004788521,0.246222402913546,0.728672854425613,0.103775898393265,0.664460430731973,0.0972379989382328,0.583861845487973,0.0863322817990878,0.613273938961865,0.0968537479232095,0.706820466757063,0.0986293415404134
3.29228800456132,0.242575693325155,12.1071972449407,1.7398300525377,0.90670364845697,0.023132230685374,1,-0.1081174786351,0.256707748285057,0.703919308337611,0.0927548968044521,0.434299521356816,0.109670859391352,0.779925134094571,0.0810209199240932,0.47651817750413,0.104541635023213,0.589732808943776,0.104883567868583
3.92184424516913,0.306357709805763,19.562561595211,3.03168968491465,0.877442804988521,0.0397905301669014,1,0.397615710812873,0.265926166502382,0.610084313895343,0.126317100980931,0.528395932251448,0.123142288264327,0.784182480061855,0.100311993980165,0.670360792457532,0.0938567136226373,0.718198685183469,0.116409786923822
3.13847982235386,0.243973392016463,12.6967723986159,1.84976396792611,0.914445968104359,0.0244302598650042,1,0.255990217952116,0.262347157635807,0.478293515104552,0.107640912233342,0.710334241485996,0.0829053005297938,0.736980965482927,0.0986690984704678,0.582196276729289,0.0958798472754425,0.540169372264594,0.1155425245092
3.85674954748208,0.307408561472854,17.2335327463467,2.66884621362237,0.920191559527383,0.0238400174057572,1,-0.318333285888246,0.278520388780688,0.805778804892597,0.105273216615726,0.748668695065893,0.110362804930553,0.943090454191765,0.108469802137877,0.626811649045299,0.126201940180522,0.57630894886495,0.106931675383082
3.42568614039577,0.265880349848929,17.9548215555727,2.57317151475718,0.861087001331406,0.0473359341224273,1,0.163610355167684,0.230372816311626,0.615352857771468,0.099814115114982,0.647425531057647,0.0958678779439927,0.860071633983641,0.091945855960483,0.605579295945365,0.106930095672614,0.710695843945781,0.106054025987669
3.77940816687732,0.286876193397846,18.1978305270137,2.73352735371668,0.927834076318978,0.0160951893397102,1,-0.070228916292988,0.268345546534132,0.79058836325046,0.0879296026379924,0.711470829141386,0.0981088099827802,0.748444486902398,0.093398233840997,0.772769745483346,0.0919516587052111,0.758465907942538,0.113134009224842
3.58774213336155,0.271764770479232,16.4701172981155,2.42770360571574,0.917939632697255,0.0230179180737683,1,-0.204790615778595,0.270708895069072,0.701176682716564,0.10202824295385,0.718415564191957,0.0943544361087803,0.694690496497444,0.0928639238996346,0.660624941254355,0.0880490352040189,0.740149452635742,0.0988811974947684
3.70882559833634,0.274523916246701,17.225326095835,2.47755267581985,0.892768785052929,0.0321271028062156,1,-0.0455537720882153,0.262317441358607,0.770109383638667,0.11205908090086,0.609345509554303,0.110268654162801,0.521236254753087,0.0863415105772373,0.625642931038362,0.0913980653129879,0.618526928040398,0.11848037190274
3.933075849478,0.305279162994723,21.7098068396603,3.24033296032358,0.852421975912132,0.0556575071872386,1,0.193805677166055,0.247264516991965,0.580099362279292,0.0980928420626332,0.625600628145305,0.0967179580965098,0.803860982501043,0.101579739625243,0.712475577521193,0.0851681529677441,0.600811800727231,0.13718344361795
3.90149251745162,0.32181733779362,18.4185383604807,2.91511004320722,0.902063987390372,0.0267165000089903,1,0.0159908925080359,0.259496515994847,0.725003448552658,0.109163799337662,0.870853410936618,0.106387293856832,0.722788304300233,0.090075669810264,0.669371601431891,0.10089900510442,0.893953445787796,0.102968233239554
3.45352817329483,0.249249385543469,14.8408925255034,2.09473764490363,0.867331948412982,0.0375927869914364,1,0.204459581178957,0.23015125010755,0.523802331382254,0.0965173023298562,0.697274896394899,0.0871019927015177,0.609332548224145,0.0870048748764599,0.623106566670041,0.109860449712255,0.740176745707927,0.0936960805570995
3.61486971110437,0.28014662643752,13.7129033677798,2.13830894927945,0.896300340694557,0.025056258002252,1,0.26311403263281,0.241405355612785,0.615153409720485,0.107346949586112,0.77062015663272,0.090642369767802,0.70460927631292,0.10783379860269,0.518326113062974,0.114447727208977,0.590148303329675,0.109631057253315
4.27235877701602,0.316274306407049,19.7938372195634,2.98069666821772,0.925507256977877,0.0210336774890826,1,0.264468414941728,0.302139318445487,0.714235348443192,0.107852066727198,0.68106459065386,0.10006767726033,0.851644664012439,0.0812534220780092,0.871114649981954,0.087380942018664,0.779011608903879,0.113998939092198
3.70960563471027,0.306035192241145,19.5316276440294,3.14084937071951,0.877224083074998,0.0355765899530654,1,0.450820424527322,0.254413091482411,0.575629238793258,0.113291365043975,0.735114288820898,0.104745091731932,0.747193101889678,0.0944622660505883,0.676757038187485,0.115128025875153,0.714878393653903,0.104697379554934
4.12055893861912,0.361152738607868,20.6958577518574,3.51936505531195,0.945287781185245,0.0138847892367386,1,0.587974801430523,0.300438168755783,0.91170866724205,0.120714516107675,0.818410471057293,0.113150843375861,0.767848736079984,0.110703014123657,0.857377301955266,0.106502701675489,0.82765737200278,0.101516832477264
3.11070898446755,0.247595680533851,16.0415958125832,2.39466882418305,0.905890569569453,0.0283523308460136,1,-0.147991074229586,0.269672180700061,0.670566169204753,0.107985396059518,0.635223914372497,0.0966345655228386,0.529544588224494,0.107270129377687,0.640539177808534,0.0917151991973073,0.665571273374666,0.10739053624153
3.88288260889732,0.334836973735248,22.2706326313755,3.66073412443401,0.91287528969387,0.0284279117893536,1,0.274790434564493,0.293778773375975,0.771838084264884,0.113497941834882,0.620458754998631,0.108571383137278,0.712259882146716,0.111875111102534,0.860821949881808,0.104495513524288,0.79241946784402,0.113039427875997
3.47594293234343,0.297991630663214,19.5006888129424,3.15573944010521,0.862476161703899,0.0460810053583448,1,-0.0839475976163561,0.230066560751902,0.599510844171778,0.0957240501814694,0.679439815981715,0.0994499194090322,0.633927948252411,0.104013324839144,0.556217857102641,0.101952434216654,0.60966444093649,0.116865057058564
3.43574545298753,0.277105188657536,15.0117722386072,2.35670265705359,0.844718798545691,0.0593341171818017,1,-0.182975707410588,0.249784903889443,0.709843557768998,0.101705580320919,0.689034201281253,0.101482934051663,0.684821857858053,0.103280274249398,0.494669457073974,0.10504074061034,0.669245673481922,0.120075944759748
2.9983048019462,0.221908098652237,13.2738163714887,1.84174215496265,0.861808487590117,0.0433817935085943,1,0.110930908472187,0.22899073161214,0.589192548296383,0.087955751915165,0.594986145033784,0.091515208894681,0.541759246409142,0.0984424600706207,0.6771957722356,0.0958122849700643,0.599455336722925,0.0948662347017492
3.78839551211246,0.261929206461368,18.0503388111447,2.45799829420764,0.91564698493591,0.0237029256639798,1,0.142969281551349,0.265533863569087,0.674427673880296,0.0919952104889493,0.728001060554834,0.106675714381573,0.660028736367284,0.0985766656086133,0.751584332784683,0.0860306288685288,0.696965885702698,0.0918653827167297
4.01458902920796,0.317485743846206,17.1329467026523,2.68488804648636,0.908074215962955,0.0291257120352184,1,-0.103046837561876,0.279253224599329,0.795856396501619,0.104678696442255,0.7775378945586,0.0977889446735888,0.914382905027837,0.0877027985881337,0.648669977328688,0.116278674380714,0.778439986333905,0.110721811659954
4.05788800496409,0.303827935217836,17.8977639854991,2.6795739783151,0.927459982681285,0.0162914618078701,1,-0.145398497157939,0.282994084711135,0.80065099194604,0.104224323281807,0.677879285654397,0.0952728045033721,0.760432143917437,0.0971547874307855,0.882185672131097,0.106662602013883,0.87852927958779,0.0929446175179609
3.56286460089129,0.263202365841771,13.7438167097292,2.03319044691426,0.893686227963075,0.035808957690903,1,0.0999746316159644,0.239095378596415,0.602193098883532,0.101758642915135,0.616502685698212,0.101267746378892,0.650757812718925,0.0883892919518254,0.699895379518423,0.103178623788807,0.608653516095233,0.100793336169244
3.8553068929799,0.316179501267992,19.4537782130126,3.08490752019684,0.926249720931624,0.0179515376363611,1,-0.226668082470842,0.260052478332471,0.785804951638234,0.0994014500533442,0.899826803743987,0.0984574227524881,0.724879804438362,0.110936153343653,0.78064114045604,0.104194971303964,0.599005534391132,0.127739677700204
3.24421223592191,0.229883273765668,12.8922971645801,1.76733030100634,0.866454705762649,0.04019316829903,1,-0.175834372592787,0.22499059316746,0.74130346246462,0.0903269765781804,0.673555771751663,0.0840593991584636,0.516842584400388,0.106745693061761,0.704416947891101,0.0952749530963407,0.503305216083253,0.110282997281646
3.91407476449446,0.348056759679386,17.3331314157047,2.95754327661277,0.926184319892589,0.0242832625929554,1,0.0862192470914667,0.288187466788197,0.597857370847299,0.118326495969226,0.7395555619562,0.122938868379013,0.740895962019406,0.112303225884432,0.717213999252276,0.099896156824984,0.74178301175057,0.111406040960174
3.46034177055859,0.260123020046986,13.6998825217096,2.0075454681303,0.887890134870563,0.0279709520144748,1,0.302160625158388,0.26608117475031,0.60560131079654,0.112225765660436,0.633655558972989,0.0819450457323923,0.636615599611051,0.0917489441464494,0.579672461325877,0.120095935032494,0.473361904063622,0.114540240571951
3.89841851357712,0.282413730497412,15.2093142622821,2.21808537107562,0.873707113693809,0.0402722292858593,1,-0.0988281365927251,0.23018980036331,0.677838089090781,0.100176529261781,0.842005777877101,0.0843739804157543,0.581106354979362,0.10651347702087,0.746655857697171,0.0950118886852482,0.747585430056005,0.110090087799318
3.32928183825121,0.245065836238345,13.1945059665565,1.89278506193276,0.880038200353865,0.0342445794850758,1,-0.135997591200332,0.24349164011943,0.702400662486255,0.107938569383122,0.635247620194771,0.100146681999314,0.631267338631329,0.0991757935851233,0.719775874205783,0.0909841667524582,0.69878982220643,0.10034066501105
3.45168119827463,0.258099320072337,14.3743580433662,2.10018530781034,0.923605436755458,0.0231050655941986,1,-0.387684598045858,0.274266375835348,0.723787266027699,0.106279921888044,0.72399733537858,0.0957755023183262,0.679391402270211,0.0857691794926804,0.545331199754903,0.0999679716621726,0.738365038754754,0.0945991227045152
4.22972059598512,0.323508436664318,20.6101568844243,3.10474525436807,0.895004373346543,0.0318943375115229,1,-0.274445793334825,0.270399011210413,0.843875577233286,0.0980121086548743,0.476786887440762,0.110444340217618,0.940187391932156,0.0948729860019658,0.776332134356932,0.0970747368592954,0.852983209120128,0.0996591461017492
3.57616965803171,0.287005330157113,15.9846475777279,2.48032824161956,0.901068868576303,0.029115324804531,1,0.0605462359800575,0.261692982559953,0.649951511169629,0.119786018126687,0.687705077620087,0.107814426082248,0.533800067241766,0.0994260585556797,0.556543221309294,0.124263036848776,0.686559069239389,0.106084503648211
4.08113121140131,0.315539809268203,18.4772324535335,2.86257312099251,0.916205892311039,0.0254852745993606,1,0.13802803124057,0.286902022946579,0.643538613595559,0.111820180983647,0.909951473180588,0.102342844190246,0.723573111968008,0.100204469305581,0.601947988871709,0.102320247871855,0.906056362367741,0.105045536903713
4.63397257454012,0.385047735997842,21.0836714406752,3.5528783261864,0.926071112557963,0.021514359595053,1,-0.0272994581656238,0.297292032904716,0.847214962842018,0.0928160831946047,0.783218472068313,0.0959014282061685,0.77898436958043,0.105152528601455,0.826463331195124,0.125637355017166,0.660050587892368,0.112434565768035
3.77842479350601,0.29264790018317,16.5437774398824,2.53789191665379,0.89640604526287,0.0288103365731117,1,0.351921696376983,0.240407616837667,0.681177313208632,0.0943106606486866,0.691944555309528,0.0989701141115822,0.627129579667239,0.11026087261999,0.694461023577163,0.113663847890121,0.689699145014981,0.0963534476880276
4.19888301013756,0.353527784985701,19.4818951732743,3.26539226891754,0.919170580987632,0.0249462719664133,1,-0.0925578535121399,0.299692737108536,0.5798074827332,0.138609717362264,0.845152696167211,0.0902683238832522,0.883182250157384,0.0947178983393177,0.639478446544246,0.110231114839505,0.81869543827323,0.117483906337775
3.38688682108774,0.22867329499784,13.2366686442501,1.72135322340288,0.852300304783902,0.0439637206285511,1,-0.525243460831389,0.225841698542343,0.789552893596628,0.0882395768542001,0.553639195314864,0.084559712174124,0.561499695097024,0.0933687407220708,0.637505230330174,0.085586760308938,0.632461581151303,0.0932994555493741
3.48625246491304,0.249654622668959,14.2258186327074,2.03145718430192,0.884629989623215,0.0393152777382619,1,-0.0303160825166153,0.271414222922913,0.672014769416999,0.107371876652289,0.649957881518968,0.0972507130842588,0.643793767315714,0.0928996615136187,0.639254002313237,0.107065521309378,0.49215521237087,0.10977702203956
3.64393204209588,0.25930402366054,13.8160034279346,1.94634800606752,0.907104221622416,0.0257658028949402,1,0.11808081219,0.237772593671222,0.491509999383008,0.11143966434707,0.752732104839404,0.0816740131663305,0.648118884642513,0.0943709726579729,0.598029881904764,0.11080240591455,0.823978736048665,0.102172707156189
3.42398784250117,0.27068231195863,15.2858639625932,2.37764734182703,0.874960758639152,0.0320447048338108,1,0.143060336875132,0.223515345300725,0.56860988467362,0.0998909839359159,0.674324591976762,0.0950524722464267,0.599887628689212,0.117523625021996,0.774741923141548,0.10848924720284,0.741245424148424,0.0979136271481789
4.17045677062451,0.324996070742172,18.6801214765552,2.8826394560169,0.871989344998772,0.0385760425451858,1,0.0915105676152911,0.259447195187548,0.560942450869588,0.115872689853535,0.748711685052978,0.117815403066963,0.947883434525909,0.0942885179108856,0.693396050470408,0.101881310590707,0.979856141341961,0.112945277101797
3.737239384389,0.288462793049745,17.9852735216024,2.71407814611559,0.846225839687527,0.0529078689719806,1,0.263374965559818,0.243029048722947,0.621759158732624,0.115173488398025,0.596960714136778,0.100951030085731,0.758600376623492,0.0991884826518688,0.704112144184456,0.0945254895023039,0.777666490400026,0.104054844522928
3.89297021239182,0.297063486835243,21.1938403651511,3.12916592625141,0.906055471734179,0.0278696283475151,1,0.105881729317143,0.277269901553245,0.823754929686466,0.107601547323858,0.685192331262317,0.0981202655027776,0.693397366343024,0.101708880702852,0.846212202250525,0.0920323655915848,0.654842984499638,0.11056895992236
3.60265141148456,0.251829600331861,14.6172988796427,2.0357358724521,0.900756518914417,0.0234815862914668,1,-0.406723889516872,0.26014397851755,0.710874998186084,0.0913106427548335,0.761792739314525,0.0968655268356251,0.644575856364426,0.0886991926694613,0.617298031983618,0.0943977568496098,0.731547431298902,0.091607377298862
3.83629326637299,0.279403129533891,21.7646520919522,3.00699101251937,0.843483221120721,0.0537562837722823,1,-0.125802278260704,0.241347658295823,0.708468679614839,0.107425691026174,0.613312339806934,0.100559975540103,0.815730480679427,0.0800730180714088,0.752886753796093,0.0988478672242477,0.699647106384002,0.114265620793714
4.0935638883088,0.324687077140728,18.8704515954203,2.93885588479446,0.92185058751705,0.0248960201370513,1,0.232268484619205,0.278006464812267,0.657124460203851,0.109476384248278,0.63381901379841,0.121667629602929,0.679159296132133,0.105926225103545,0.681991609243415,0.0960132900270916,0.662386437435582,0.0994385546185188
3.31127613165956,0.249071492498362,16.642424105375,2.33099771179508,0.888900713942793,0.0356824843372249,1,0.0521254034436132,0.235620673124724,0.624780112328736,0.100588148285651,0.707300711869202,0.0972489598024491,0.712143577843945,0.0915577650062577,0.726614077131254,0.0927714639922193,0.589755843995455,0.0963363842459198
3.12095079306487,0.234058965503546,12.5399785056938,1.78916150603808,0.851850861636654,0.0402788807601973,1,0.0612518944242972,0.212078293268981,0.639923878315126,0.0891468646121644,0.666339160927698,0.0998975052119166,0.49637300825038,0.0863161037167193,0.604730394537388,0.104075797085428,0.53115686444594,0.103947045717104
3.69617190238861,0.269139539856451,16.3548332257733,2.37932029677137,0.84515052086156,0.0517263019281491,1,-0.0634882390192641,0.232485113046041,0.715686730112605,0.0968629449423708,0.696302149268835,0.107470263997749,0.701411103498437,0.101010157961498,0.706758146460745,0.108420596737371,0.797472681028146,0.095603349889135
3.6748489137814,0.269619989621768,15.9210315629336,2.26254719244272,0.88045502498838,0.0360298212432386,1,0.120118662588214,0.255785320689679,0.521472214359135,0.111753296753,0.753274034366544,0.0964908202081596,0.675330360916711,0.099191720041751,0.785942588321029,0.0966995162395381,0.581428652964113,0.11048026678406
3.58718495291385,0.269004075025712,16.6755640380489,2.41854236127165,0.877779091742806,0.0363007575863591,1,-0.459344797005476,0.251104293698854,0.790344040866648,0.0977953606912955,0.571179878162616,0.109198364098184,0.551655267597888,0.104381766514407,0.706841031901144,0.0882365330331889,0.770100207013596,0.10003317681047
4.26778146104759,0.354178973146994,23.8423160826255,3.82576327667367,0.917210101613508,0.0233585910474004,1,0.190150578083157,0.289712223821144,0.833919133652398,0.116388538333944,0.732306942094049,0.112613095587255,0.859137038633826,0.101824816754432,0.847454252677962,0.104391296835134,0.895873193132758,0.107381996572353
4.0912269708449,0.288361234605836,18.5865892891296,2.58245593851058,0.922582029308926,0.0190895793056314,1,-0.320418740395091,0.268972625031304,0.801624469123872,0.10961611670039,0.880909745687993,0.095188761565481,0.698849579103039,0.113722629346745,0.701168351922195,0.0810548388349162,0.73393003590728,0.0818626060640302
3.57972254032652,0.287733586398432,15.9641159675797,2.48329261125664,0.928993330594947,0.0189457575106067,1,-0.149471785191914,0.272398482694806,0.663913540848159,0.120884831865015,0.739020115988526,0.0997281660661966,0.797360468888973,0.102387538013061,0.797914822507275,0.0972396029007796,0.616251336266334,0.101749864236142
3.75135867203004,0.310558546270421,18.3410433268783,3.00773152152718,0.930065453534018,0.0176633185303809,1,0.158899592537365,0.257960852957215,0.789926382916135,0.0966872076410779,0.628775970469571,0.103061955497621,0.790548913336961,0.109683535300069,0.663665701491219,0.0967690615929893,0.701470182130355,0.122304888564695
4.06233117817956,0.3269497237165,21.9667631561924,3.41154720912502,0.914459720167252,0.0250630358523857,1,0.0674224029455512,0.274302956539775,0.52021140692092,0.107595561439397,0.775961954581712,0.0961371624895189,0.831453662365881,0.109085592311122,0.662972478348387,0.0942334403487809,0.79516478221011,0.115309202445268
3.47537737482745,0.243404177445985,15.1043348792212,2.08726835818228,0.855946262619933,0.0412680567136656,1,0.136098917372998,0.222017047550776,0.74736938412948,0.0897541994371416,0.600052377762369,0.0817690528058481,0.680890687009684,0.0933047305732187,0.616426225222705,0.0957263960647882,0.698801704937583,0.106635661815879
3.84357977270924,0.284436899578633,18.9447009439057,2.70752339377973,0.86504120579477,0.0365781617804836,1,-0.410532072617741,0.234832936062766,0.822949409636704,0.0907038722008104,0.831763444127259,0.0921423181542855,0.592549038369095,0.100942966189085,0.890440975138785,0.0830062202431253,0.343308246071807,0.1289980729573
3.88359828608668,0.308830916025689,16.9908948109388,2.65060405684192,0.918341140418216,0.0190342114005245,1,0.0494480893564528,0.278030410846798,0.737417058240464,0.109729069001677,0.599925465395056,0.115135957051947,0.695934044134425,0.100419243289066,0.730414688428799,0.100899215335233,0.62125357035094,0.0995481561977823
3.59866995325284,0.273660995023285,16.8304815060547,2.5788555503604,0.921135153482608,0.0200018966974468,1,-0.197991203238102,0.274609987159636,0.947344827639867,0.0976472727380248,0.719681611142385,0.100690531352373,0.75782563901939,0.102436279702832,0.702194800542915,0.123760832533252,0.623957319305665,0.103097615469808
3.34273313011906,0.265648899350657,16.8555288129784,2.49080367615077,0.902957170872798,0.0271082284700661,1,-0.0520978849598855,0.254435919977972,0.596929325957862,0.0978417886757206,0.810373587227511,0.096851837725618,0.691066734319908,0.0843019517912847,0.518198618179856,0.0901725709306239,0.802672583680046,0.100794050371722
3.95429138323478,0.313179527861876,20.8420438278824,3.25649602612511,0.926395730877833,0.0223687575561034,1,-0.130608124528888,0.307016178026169,0.870091457374595,0.105322283716444,0.675527004856364,0.097811336625878,0.786768279982576,0.120932241473232,0.844524659932013,0.0880457590139231,0.748835243817437,0.110924618470737
3.93543383614363,0.308747297915581,17.9309969216112,2.75054081913743,0.929654093970466,0.0161627938499778,1,0.20049506235918,0.300925067109675,0.618277907053909,0.113075184493921,0.867208212645396,0.0928543321614432,0.805583615702651,0.0964242844099485,0.614932879628875,0.113494389649252,0.772804028244331,0.096691683608935
3.39855395458036,0.245285749046607,16.7812077692841,2.28070355330882,0.910095096487765,0.0234290880158771,1,0.241034288642363,0.256265153175492,0.577660661259814,0.0999766821273492,0.707214289662183,0.082456478058437,0.599891136147053,0.0942396538918237,0.648664068599994,0.0895908912572332,0.695712170915833,0.0983336959082308
3.85570295542999,0.325068304806446,18.1609426016006,3.01889176497258,0.931411967404458,0.0184578714630972,1,0.119520486642626,0.291894094203306,0.514801429052985,0.118639090298518,0.695800078849065,0.0970830596226507,0.828979750277853,0.100794236196228,0.766409067698615,0.103876823559299,0.783681474620767,0.116402527219645
3.2188787090126,0.247390030487428,12.2413233010914,1.82134375032597,0.884618428625379,0.0233591390102306,1,0.0104127817746626,0.255039450722712,0.657636497655816,0.0997945120885186,0.606809182316671,0.0948077988032854,0.647073886905385,0.10130998374865,0.59710731205861,0.0971975934325539,0.515480855250267,0.113015329099733
3.82725277554578,0.310877059441553,17.6757345561781,2.74281103913204,0.873520125341741,0.0446674338101729,1,0.312392536425422,0.238097478757949,0.627485187622239,0.113021973857924,0.61043428350884,0.103890653274726,0.758202922473028,0.0886574910318736,0.714025673496015,0.10757484149773,0.674849420982533,0.106477880470465
3.29922110827611,0.270070995295734,15.1950313529735,2.3158492200387,0.837470078939281,0.0580681328835919,1,-0.052847531992725,0.247699907988118,0.620867566799205,0.1107389958914,0.600114844406046,0.101224621569509,0.754931757749837,0.085396919118235,0.681689837745066,0.105286253667596,0.524354248571747,0.1057966996295
3.47049696037849,0.235153125629991,14.4700407570761,1.92192214680042,0.820083950203583,0.0421064280259217,1,0.173241200749313,0.230750502828904,0.492482274678399,0.106973306544803,0.568582178491575,0.0946781278363334,0.588438212136831,0.0904447809168488,0.633161345253037,0.0893706676321155,0.803294489758547,0.0813026127390271
3.40066493343001,0.253766298311527,14.7537860066813,2.1009327560196,0.883953328513147,0.0335715308430311,1,-0.170138998072477,0.234149506969768,0.761449960237581,0.105088486979059,0.797676243361832,0.0908054683997967,0.741730394529436,0.0871302080404844,0.570782554388808,0.101673387054339,0.694925979100316,0.0960616978849677
3.71235893262869,0.283642268035348,20.0062778347895,2.97761779686313,0.925253285510899,0.0203867348790361,1,-0.334332746343505,0.276158865663564,0.825335227272905,0.0986404001344947,0.727432574602023,0.094520348646509,0.742759850408101,0.101942407017101,0.749391458992628,0.0857845236570372,0.673595057164983,0.109282184851452
3.54690036963403,0.273302707765316,16.7436488579256,2.45710348519041,0.86780776797768,0.0442774626275038,1,0.348369801627408,0.231338832628406,0.578063309934703,0.106769807215876,0.679674435804988,0.100400309300833,0.588656970417693,0.101034623607214,0.722214768290516,0.0973064022398251,0.798757921077532,0.0985590676101077
3.5067660870678,0.244440044942389,15.0941952890801,2.05339471580518,0.834950742691685,0.0570772403253266,1,0.0914712480666637,0.226568308705177,0.677480243622492,0.0884998837541718,0.599110695408858,0.0971383506217584,0.586439521482417,0.0835857863464946,0.592554203231999,0.102915045366502,0.544988060070484,0.10680837271722
3.50734445798066,0.237829981548389,14.3495869691908,1.92222116636325,0.863873184273797,0.0452184220035013,1,0.285608462599514,0.269368207768974,0.532574142009536,0.106510593845059,0.507888569133823,0.0884810696365383,0.571248315244554,0.0999114010147083,0.806677083695074,0.082728114528369,0.659132651296779,0.107313047626669
3.39981359097553,0.250595272262323,15.0006028212655,2.08770274175342,0.851665172854171,0.0396253775109319,1,-0.0698350255728797,0.225784979281934,0.558456429769099,0.0968788409408185,0.71128501063584,0.0868949260090994,0.599099617901183,0.089931874431426,0.811257072958751,0.0999112596647271,0.530324692465447,0.101640697903801
3.55866123520536,0.272393041742462,13.9461091649605,2.05797548609377,0.905981616288003,0.0288406570633095,1,0.261689295868303,0.249926549606874,0.669326048990373,0.09008623531204,0.71501608350679,0.09803345957175,0.758384725540177,0.0869773682015243,0.734143168769577,0.0968963760530694,0.515288681187434,0.115719285293439
3.42385244152235,0.245446894959418,15.2788649560583,2.20537090862295,0.868484363033384,0.0339463611159064,1,0.367529745207473,0.208044703709154,0.732322311647803,0.0928522147371235,0.638412408879418,0.0936237395139705,0.603047592296018,0.110158985406267,0.660515286553733,0.101618639956046,0.641761596744954,0.108888454403557
3.62989803816963,0.26063699993317,16.3690495978797,2.31295431912906,0.896097492187605,0.0296378021087435,1,-0.286196790924026,0.249933034499101,0.740912061628945,0.10250372392976,0.620002134230009,0.0983792262028096,0.735532813815423,0.0745677600382996,0.672443943346782,0.110700098967118,0.696785573956247,0.0984560235649825
3.48428695285674,0.258486435645199,13.9724421490619,2.00558013604514,0.882695736686642,0.0323118765148234,1,-0.386280056995164,0.240566960390812,0.749257615616703,0.10822971722719,0.733186186902778,0.0959529382311068,0.596757023058777,0.0984728736421299,0.657287116935428,0.0979669862037053,0.645905354364371,0.103396279998616
3.50747421330968,0.24989673397372,15.1461134030361,2.09607546786698,0.892897060378803,0.021730393691383,1,0.271243450742186,0.238046715536525,0.573806180551968,0.0955895184063766,0.730882732756707,0.0965898099679739,0.615008188364873,0.0891125301356875,0.64719302547898,0.0908628215577161,0.726534581262078,0.10291979520287
3.73541224100779,0.270168477786467,15.9930916571883,2.30130557638273,0.917311693286413,0.018864281450218,1,0.111876471230989,0.270255469705307,0.631229713953127,0.115288290042473,0.710613276165297,0.0919954250999994,0.716685224238326,0.0888446125692696,0.6778478557208,0.10630071397286,0.813558521998233,0.0882558568118045
3.57225367608881,0.298751202190227,16.291668567122,2.6254711796396,0.92857488481979,0.017318528597416,1,-0.379917387244374,0.264337698091891,0.746785509600538,0.0884232155980385,0.804416992561237,0.103037199788002,0.642750166831182,0.106959074964558,0.754606625754217,0.104103793111066,0.573262564611441,0.114773790625508
3.58182129850623,0.270882062125337,13.1457194900888,2.03291623415968,0.904003265361709,0.028861750083403,1,0.124748190901689,0.254879830486705,0.563557693523207,0.105069914812791,0.778232085226806,0.0969093740285991,0.611800609107379,0.10911407989773,0.638030368261597,0.102832500309729,0.797145684659406,0.104056076808341
3.72065645456461,0.309100555495532,19.333493505675,3.08476821020301,0.890738145465693,0.0336404705982434,1,-0.0697185313875319,0.249501734758291,0.604469133588574,0.111588559705036,0.703514646713298,0.0970608772827501,0.699542406990229,0.0946257959580727,0.637732587774637,0.112354506655558,0.825719620964203,0.0999595872829318
3.85279863079059,0.297983381717896,17.2002062566231,2.71360585005292,0.924020735042908,0.0187903501172419,1,-0.0460420710235452,0.276828025839357,0.775664219118957,0.109245154839218,0.684769219426625,0.0942190462616738,0.72146486203589,0.121103602247059,0.928512853648599,0.0995722331688772,0.501354375548329,0.117744187385396
3.3570180095644,0.297258354704214,16.6320670748805,2.75831934846547,0.925565832693523,0.0189279920242791,1,-0.40504041567351,0.271990479651424,0.66361650694743,0.0822919793981709,0.615253420643801,0.113894871356706,0.764394058209025,0.0962787999463886,0.625676827905958,0.11958823694696,0.461180878055982,0.121419720225508
4.28590299239139,0.366362726595272,20.8001447724733,3.55096330696623,0.915221334747043,0.0263046688450405,1,0.130376572500115,0.298750379476996,0.832922729732755,0.114651066720143,0.683263698616914,0.0972668098597043,0.694317308179401,0.116953978523179,0.794418920422346,0.117867869521805,0.675809835577955,0.110008873378259
3.79049943365003,0.292171505090632,16.2933218615718,2.46196120756383,0.926945462412657,0.0220772365219575,1,-0.0760958383426437,0.280065872436662,0.823555585535509,0.091953511974563,0.625085623551393,0.10429792077731,0.783866665339942,0.0971033633017343,0.673161288350353,0.105451217135075,0.756938563271219,0.10469834912521
3.44469665060262,0.245717363347854,14.1650463217513,1.9763097956294,0.877731347456074,0.0306629168947802,1,-0.180830114894966,0.223615816062672,0.741760052076686,0.0852570275433956,0.664925275032627,0.0861766818100735,0.668343141768038,0.100137002792518,0.591421944071898,0.10115074184625,0.7263120297875,0.092007174710647
3.52717484850083,0.27218355928281,16.918627927768,2.41791140771773,0.908063146138746,0.0271642646275741,1,-0.0428240882608307,0.236878432898114,0.670711129575799,0.095926804093834,0.732452794191913,0.0958256590032254,0.836336993916539,0.0908132998412394,0.568471911560703,0.105375585055261,0.663963028787644,0.105004076563261
3.59488748425234,0.295229476338124,19.2745802109954,2.96733768621201,0.864259669505457,0.0476525944264927,1,-0.402773645186544,0.279616658350779,0.813679657535454,0.120998707513822,0.727665520222969,0.104966901862916,0.765890897526393,0.111315758231252,0.569185384639808,0.0911723545981515,0.661111225001143,0.102764004071764
3.93662549221317,0.270179767080749,15.9398957761949,2.21601306373781,0.891329378178914,0.029335742698887,1,0.0706582958081926,0.237385657768673,0.823975443456542,0.10048462706194,0.700412807307282,0.0936245242943328,0.54686198521564,0.0976875460598716,0.739834525812443,0.0992213527163668,0.790572402334005,0.102242037728146
3.53564753554195,0.278873438609619,16.1986700834161,2.44959418964301,0.90778062110561,0.0220449289901876,1,0.0485527461999688,0.250760829360421,0.739369882012588,0.0894105982412915,0.755733829815437,0.094260711809762,0.642434110610843,0.10402453908485,0.691602712324763,0.11032425565781,0.637249595579115,0.11303868370166
3.6597866670706,0.306646742643128,22.005878251022,3.49634244811025,0.945559569767617,0.0143811978638693,1,-0.993063671565924,0.351681016504507,1.00714108217632,0.104129833607679,0.819062121966642,0.115500255293673,0.862532652248014,0.0975959312188563,0.840052166845664,0.0972445910660549,0.907873733907077,0.107748473297175
3.91704839166279,0.259289601405479,15.4562295460863,2.12055476916322,0.922938459231464,0.0197463661981295,1,0.278687706055783,0.290672014789569,0.728665285660906,0.10763292716365,0.804063817820314,0.0901124062398576,0.672127934276816,0.0969023018623841,0.797590831371634,0.0910698120653186,0.775333337776321,0.0902088432192289
3.65286982134782,0.271797682365296,14.9323880761562,2.17596381523904,0.940721826787641,0.0145080161736258,1,-0.246014413409245,0.289046450622472,0.763893610431005,0.099048571752973,0.856177305177203,0.0954044345448814,0.839044710591561,0.0847547782366393,0.695139052773926,0.0920534891432666,0.94604223530969,0.0954519835772407
3.69001740736475,0.267630435206477,13.3190757809225,1.92235458390471,0.936998804514221,0.0171487990603542,1,-0.324329366286551,0.31058134522291,0.782686196826312,0.112356269749687,0.781674469754394,0.0951766687723907,0.831536613868775,0.0934650198039998,0.682814165711888,0.101278366664261,0.665494511124715,0.1116079308227
3.56554480793718,0.260720950949846,15.617305174483,2.14620385161512,0.759934526686906,0.0983283137347685,1,0.00782844461974019,0.217982447504645,0.601280137651424,0.105262871857636,0.596195555786519,0.0983879620476342,0.687492778141788,0.0809756362434362,0.734640805617826,0.0935814688152297,0.648795059700892,0.0937536320051523
3.65478383123589,0.243614291959166,14.6910109261109,1.97144535698655,0.905362297331731,0.0240688605023545,1,-0.100251972333733,0.24102308964109,0.738067603902902,0.102218122633005,0.768913400786704,0.0978047824115215,0.582677397396495,0.0856275594650774,0.752440179713018,0.0788292490176279,0.690371255239534,0.100823444831254
3.66004236575164,0.277468855549552,17.0204586068132,2.48387183662257,0.878908558688976,0.0351767981380153,1,-0.334957663848094,0.257706222003652,0.716162652498523,0.11727763215803,0.759456044127572,0.0959890598144093,0.680538374711985,0.0967058811364675,0.730494824148189,0.10292871166652,0.8159726534768,0.104797022556503
3.58246032792534,0.275435114149437,13.8783480342983,2.10023260286109,0.899412957606843,0.0308113640656498,1,0.0585714425619926,0.243598162483438,0.703542495989013,0.0882331212362669,0.700800742325745,0.100419901359431,0.768392189195883,0.0999644137876594,0.718506742671306,0.0981735250515306,0.607072663596354,0.104740863680815
3.84892460329731,0.322733598280459,18.3209535398967,2.96028574237041,0.896845730331391,0.0281395205153824,1,0.148518063288746,0.252815025556475,0.604444178923002,0.101541979178373,0.65354452268852,0.101085176598551,0.680172778510573,0.107396481718652,0.827576267085008,0.0959992218103934,0.756022445013746,0.118399553101288
3.5054008268186,0.288428559677907,20.6639279995728,3.13194730548635,0.896211354544486,0.0246102912022803,1,-0.0361395310829734,0.255036679137389,0.65777566824556,0.0895500627052148,0.828910821937975,0.0802430595193134,0.563039109017731,0.115244892078713,0.679751650127613,0.108531430503023,0.673794296572098,0.112836496305507
3.70400766897094,0.272237000842375,15.7431625347001,2.22421969924016,0.867392341355198,0.0422914565734919,1,0.149162550141829,0.26386719367662,0.652896565374947,0.123704573766911,0.587331422772647,0.102030645857762,0.635679553474017,0.0941111279303755,0.609505309939218,0.0999750525959679,0.747189986422493,0.0821885126262557
3.43463261274034,0.267034148859366,14.4420406690549,2.17760296907856,0.895149440593777,0.0283639079229011,1,-0.250388973036568,0.264528016126987,0.683222216614459,0.103751769595027,0.749669289397522,0.0909553064857754,0.657637308235999,0.0970462838779163,0.659771733871972,0.102659220808968,0.740395064541718,0.0907747350667836
3.45255685857363,0.253642224483437,14.9578543860195,2.10093164887903,0.808812919242485,0.0620969828258631,1,0.169228549328928,0.214640495193346,0.514957766195714,0.0995722127352892,0.503463008943801,0.112553847737172,0.612108393613978,0.0995417922281332,0.556687302353509,0.0946493823253272,0.773779225505564,0.0955946865247988
3.40936259309765,0.277603712014554,15.2263614653635,2.39539458969077,0.900343411384248,0.027733197751835,1,-0.344452094138018,0.229970348681368,0.656570743045954,0.101836819040861,0.658916406934634,0.1008734599994,0.63656523540447,0.0989959278178085,0.745988131989468,0.10181554721347,0.631126263449504,0.110719762856584
3.76599548333227,0.290550781700487,17.3557778811796,2.65471025892064,0.929034419313049,0.0194530778904861,1,0.122922834161711,0.272313607447405,0.728354640919098,0.104252239191624,0.879606813948033,0.0953306103752929,0.537069368132081,0.0994782073721524,0.759043608736865,0.116538834699937,0.651150627283228,0.115072167654482
3.73575535083793,0.276228821144901,15.3624766868654,2.18838830449057,0.912728013563255,0.023831403623157,1,0.0363744479951512,0.281787160014515,0.726800150567102,0.0993204141070022,0.746947114862372,0.0882495784134199,0.709152251374232,0.0884589487842158,0.677853884284924,0.098892901421297,0.786737305218137,0.0968354302232483
3.40761820811054,0.247646915238972,14.9896360264489,2.16481691216182,0.851864813371482,0.0456055783776908,1,-0.0382695030189429,0.211690391400668,0.661574567654537,0.0988896350831142,0.663279884931977,0.0975148905192934,0.71928038135348,0.0959444433302078,0.667394195236057,0.0904120243075856,0.585694590550014,0.115783298089504
3.82410639245104,0.281336407978365,16.8718221452529,2.44572777409704,0.8992560240361,0.0256520671931724,1,0.315895607087408,0.256024555491165,0.661978056669218,0.0857667428131587,0.71411653739674,0.0980843262406869,0.631107763977429,0.0980786995263281,0.57198410339497,0.114994209213273,0.648038996347473,0.103846648976482
3.78209981214808,0.299212033405125,17.420148887606,2.74086625143377,0.925665666829022,0.0221349946172094,1,-0.571345867554221,0.288030110307088,0.821081915738143,0.108412604460883,0.788010228424625,0.114734394936701,0.726633133102922,0.0921545003380586,0.846125838685275,0.100320254799057,0.708724784963906,0.100106492327105
3.71739818497117,0.248391083807444,16.5787177472173,2.16682302882408,0.908005481662473,0.0253698849276324,1,0.210192937961823,0.267620495232345,0.751721375415353,0.108902625791744,0.632389551209422,0.0857524224137836,0.690448392326124,0.0914236233074446,0.622333329452102,0.0887104624278825,0.694628966298662,0.0917508006330612
3.57543378369482,0.262691008731744,17.4964241766662,2.43413689820174,0.848875126306735,0.0502919334546988,1,-0.339684816484861,0.250600862111806,0.710688280267991,0.101073963622992,0.722569844476822,0.0870346127661104,0.635588521007075,0.0912021827626458,0.504158437655553,0.0994520974501744,0.722863410911978,0.0996488412797302
3.67121497594425,0.293185787754129,15.8993543966083,2.40922664155423,0.898754109936726,0.0308658463934668,1,0.0526632478462261,0.246935956480144,0.680813040574997,0.103531546748217,0.618430851651775,0.0975162541463535,0.685425400971005,0.0954757782123047,0.844167144653328,0.100424268330173,0.677083047561198,0.107400220512202
3.61162817176896,0.254143800748751,14.7186651948067,2.00429227129753,0.84563578353063,0.0383221249734885,1,0.412328373333331,0.242157113703076,0.668424809871583,0.0954681901880804,0.525969046456494,0.0888892560790277,0.710756363131148,0.0823205390574124,0.726802774832692,0.0940610890972569,0.638415040324556,0.101071437955064
3.88778790197546,0.305265095123905,17.8958131049896,2.77345463535905,0.932247756186703,0.0162132940839512,1,-0.359935711935326,0.321772214212651,0.753537986869568,0.13727983674189,0.85002955910289,0.0946470801625894,0.792850478424692,0.0847534816885,0.839682333072192,0.0899620455941926,0.66398108238686,0.112417453751532
3.34597803940883,0.285680777328261,16.7376609766507,2.69910946697366,0.931931869266338,0.018112982577125,1,0.0454439185543924,0.280254022714059,0.691767051791764,0.110517623456396,0.711189113139955,0.10955858023067,0.626502477070369,0.10017486543873,0.6664773147886,0.10353208871958,0.711319225823265,0.105798807752579
3.7528081658031,0.284804631549101,17.0902474816862,2.47597104780983,0.897382651651624,0.0299095507574999,1,-0.584287796284525,0.259019606003131,0.851136954281608,0.0990349806195293,0.668513290633755,0.0998310861809854,0.563080117105771,0.101224555176833,0.731371906198211,0.101946271115383,0.653115055391679,0.1020767442406
3.53690687855356,0.271853380064532,17.7582631028882,2.62147460624569,0.881565459045218,0.034799921048315,1,0.33341078767821,0.26591024779034,0.505480081801473,0.104950966033805,0.67307876536773,0.089464049592981,0.684357284125052,0.103210702448172,0.694516483890647,0.093451874715343,0.806350717278482,0.0898858529721416
4.09708792646598,0.35821404785169,22.5520081267512,3.85198291753825,0.941949499467729,0.0169133599969128,1,0.202117122221983,0.312452305437442,0.879037602131677,0.112727394165199,0.778389196343618,0.0960045805759392,0.776896389682192,0.115290490787763,1.01214192779799,0.120214821271831,0.847820851688842,0.107641504982722
3.36016662316618,0.24155323533276,14.346645367908,2.01177382877032,0.869274959675506,0.0371633404666446,1,-0.429606306788534,0.236264736792707,0.744978404309036,0.0952751043966533,0.673791689687977,0.0929010198205871,0.559194680656384,0.0909856052426008,0.777995491490374,0.0826972186194697,0.643625626877664,0.10953970658165
3.9777386428226,0.344354755980729,17.3650994703421,2.95861267344924,0.934327619221868,0.0180011070357314,1,0.388309491222548,0.298449353890814,0.726229713595149,0.126326759261809,0.718265635911806,0.102953615279273,0.875314638890577,0.0999064475229661,0.74589576219087,0.104483510591515,0.8443062272574,0.10253745766769
3.70081426821047,0.295887050487736,20.7667653225734,3.09525814442699,0.90098775348358,0.0286170547703704,1,-0.415402432463205,0.27809754681989,0.831837205734514,0.103906265357198,0.934174332581576,0.0915863579318467,0.773016569818067,0.0977055746605065,0.754511129901643,0.100413616509369,0.832571197806926,0.100590983726123
3.66416301766318,0.272836114969761,19.2656151212306,2.75298836394721,0.889676941963414,0.034140038662989,1,-0.363536809640164,0.252888308054307,0.672269457352392,0.104678069972635,0.700507842748737,0.0887148357416762,0.794123868700286,0.0949474650457897,0.774061323196931,0.0973428235799967,0.904773101062099,0.0867439440277127
3.57728489979792,0.253468328363616,17.6575475031168,2.34288445678939,0.88019072041546,0.0405884343356113,1,0.0564504103956251,0.249640455780779,0.63763150582618,0.0983436667012413,0.680512999239379,0.106880238463648,0.588796869875279,0.0880437797294628,0.749744808073924,0.0772114006529644,0.775679007746479,0.0958186118553266
3.86906679172502,0.311782656321488,16.9767096235969,2.73769028822956,0.935779188605283,0.0157363510253676,1,-0.0965813555894306,0.282981130868437,0.78354099722477,0.0933868026811939,0.804190126650072,0.0919025558109505,0.717407268787003,0.104842171213524,0.79834854810909,0.103317956955617,0.656338625148018,0.113326558960302
3.8058208525816,0.265927257109986,16.9612634681879,2.31860352283719,0.913114028607091,0.0210086191447972,1,-0.107922667537338,0.250141996342276,0.705650833856202,0.0886661841410573,0.765567635323591,0.0854345305839984,0.802410361259216,0.0940980536845005,0.656222677903634,0.0965216639271624,0.628065345787263,0.0993177749299246
3.76058277621593,0.293616868688353,15.1567045781373,2.33517002966774,0.8855211331816,0.031633640162276,1,-0.000769847084247669,0.243835441419515,0.58916288575418,0.107195412739433,0.767964763187907,0.116542258358984,0.607787370051212,0.103261563266848,0.859492421174715,0.0921021480755099,0.760232770385068,0.106041794707035
3.07997261662252,0.220028837148806,14.238682485015,1.89834414650162,0.857414254787722,0.0392075805524865,1,0.0706026614024819,0.228049294098991,0.563540424010889,0.0972030934508683,0.541822856042603,0.0887122452972131,0.671661822596718,0.0841222289785027,0.789539092330851,0.0868354613664922,0.670006495685259,0.106968599590562
3.54131844079843,0.30865857471366,16.7354828723367,2.80366553569132,0.928483619331188,0.0201145759779721,1,-0.0271841680894019,0.294702366408894,0.743089476759247,0.118394946701417,0.670236953257276,0.111060224121952,0.886392356907683,0.100763330409528,0.786510094798835,0.107846347016798,0.792612472873951,0.0970308356388214
3.44118338130539,0.269870136551794,18.0266182600455,2.61387021936387,0.835841170415924,0.0546736727559299,1,0.050589409714932,0.250270923346768,0.677743521661473,0.105971234381828,0.646594484883374,0.103437066940958,0.669374509912012,0.0915062251284268,0.613848310184746,0.10699329507033,0.746654890532521,0.110491750773694
3.67306156557177,0.265386392493539,19.4224570696182,2.65435341068359,0.861753807413905,0.0400500290583461,1,0.0605313019272919,0.24874838250351,0.806358003817723,0.0860283455993677,0.679319725239065,0.0895931477905141,0.833909340790239,0.0702489951198196,0.597630085061885,0.103130386499447,0.664522442594537,0.113765572316809
4.28511223441339,0.322258843136814,22.1165106917509,3.25356798626792,0.917024524768183,0.0234843757003824,1,0.374016024566176,0.273919204158297,0.768977314301956,0.105135017979453,0.842299209570075,0.0861470981422702,0.894228315382565,0.090470920714008,0.763289573844879,0.0998415477167972,0.797493154538543,0.10747110470294
2.89779167584059,0.212160277484933,12.7200006857756,1.64283798540273,0.840968900868454,0.0417332987083645,1,-0.24262332649163,0.205508945396858,0.508216020579872,0.0905318943380228,0.721283725741665,0.0763035582755924,0.630842487044139,0.0850677320457726,0.581908415200798,0.0875856880929128,0.427476015927152,0.0997083762259798
3.54934266836126,0.236353173470533,13.0524720021215,1.73414506739059,0.855050652034541,0.0491289525458047,1,0.39500714734747,0.225026532663515,0.543646165956807,0.094887745173368,0.632499240382262,0.100405456042271,0.640204909141214,0.0913511726041645,0.587533102497262,0.0931131654623439,0.59822967456188,0.0891867839314991
3.48240868738037,0.256644895389825,15.2908165159524,2.18905055054115,0.898505412684152,0.0266289911944064,1,0.238823435174513,0.241835695672192,0.582291489071765,0.118936773128203,0.628105352187433,0.0915404814355061,0.736216965817709,0.0833619466467685,0.716673526206446,0.0958172902952068,0.775053588369278,0.100676002367399
3.69922258766625,0.322948243982109,17.4213977797358,2.94789135761948,0.904634535535983,0.0303627471480262,1,0.211244515045652,0.25047263932594,0.788002097665328,0.103183644705023,0.617084596717109,0.11678878384206,0.863588676017285,0.0974507819711388,0.876515136511264,0.10199837928075,0.707246907053606,0.116732564933517
3.51105879627957,0.256669649461539,15.8961197501127,2.28793589126108,0.903329244442603,0.0261769231559949,1,-0.154534275929139,0.256099189756448,0.696741279627786,0.10327647226434,0.649873905793768,0.0888202767776996,0.596991214581819,0.0916256132770233,0.72276359352474,0.103900801848407,0.554551240569284,0.10735393200933
3.49610357903734,0.24764801674483,14.9977114465142,2.0735147543059,0.889345258049663,0.033493967001757,1,0.330841576149178,0.231745296934351,0.6184575695325,0.094428085280087,0.66907480150556,0.0940008522082983,0.721344311236695,0.089433040448252,0.829540320312625,0.0916828572123503,0.705018311774584,0.0996042000208085
3.51860475155321,0.282334898303778,16.4893891785647,2.61878465905974,0.923627470451162,0.0190729148449886,1,0.304288246114731,0.277211444376094,0.749422188632826,0.113946155078707,0.514179433483178,0.118972720655003,0.832642738057022,0.107864792729181,0.804729876446439,0.103748825106882,0.599348059814748,0.100416308349885
3.74048498951427,0.301219387748255,18.6990446253149,2.9004235304779,0.915921742063281,0.0201136802115464,1,-0.175319431793462,0.27532080563687,0.73102013012882,0.114939653285797,0.803521747445739,0.09189428213681,0.620976108685835,0.107415895405808,0.768227425667999,0.106231730342634,0.743868712950952,0.10682439654531
3.64267125744537,0.265951805147041,16.5094362346752,2.29343401215231,0.904513051656727,0.0252871564710439,1,0.230786490728761,0.263818362954231,0.61857069591859,0.111433567291531,0.61578662372248,0.0862791976569934,0.80714190542388,0.0850858124288352,0.657551688499375,0.0880054623319809,0.679388894357865,0.113153788385743
3.8436203475138,0.286658657375198,15.3270085950738,2.23984484175805,0.885775423820024,0.0370533104883657,1,0.197954713128895,0.254525594832672,0.662688211352749,0.105794651474364,0.629053528614637,0.0993211654025781,0.740216800671755,0.102338831595404,0.622988554163932,0.0948856384563556,0.673117976269998,0.101195886056843
3.30638552996226,0.249166990218625,14.0505046562,2.00432532267519,0.896041467553929,0.0264116903578796,1,-0.326948948024997,0.245492648855528,0.750214708284009,0.0908874275003956,0.694733466894009,0.0976270783686046,0.629782753719099,0.0975325510311868,0.579164917930315,0.0945637300764578,0.69605999606771,0.10567132665737
