"beta","beta_sd","omega","omega_sd","rho","rho_sd","conv_code","tau1","tau1_sd","tau2","tau2_sd","tau3","tau3_sd","tau4","tau4_sd","tau5","tau5_sd","tau6","tau6_sd"
2.05819089238117,0.0898473970721759,0.0464979519687079,0.0109480573119514,-0.177211983282776,0.0984976906388118,1,-0.186532299406427,0.214287434579118,0.869652506438689,0.102553092851335,0.610818736515502,0.0803569734728099,0.606100916189998,0.0791845099046951,0.808248627040382,0.0770570647088633,0.56893376999023,0.0914437666084249
2.0741640417268,0.0970290766450225,0.0379093418201644,0.0101079941597317,-0.264439724524085,0.0871437024575333,1,-0.272446826862804,0.278632705326186,0.77599181429515,0.145885249964244,0.72388756111583,0.0832200699424942,0.719253717532523,0.0741900987605883,0.630861051983524,0.0759115168491213,0.733231061248158,0.0844169347524537
2.11811391289857,0.0982559472326404,0.0556199495647946,0.0129289785571364,-0.41563257047487,0.0681355349676183,1,-0.685379543530028,0.257429938301084,1.05451275010956,0.101415726842825,0.58869626019075,0.0860035908062561,0.707015456284919,0.0823818587061564,0.715804307233251,0.0843053555637461,0.761745389786147,0.0842463226145589
2.24405990140056,0.110847572394507,0.0752031850615607,0.0163443448145302,-0.385039695800438,0.0743741177148012,1,-0.0684528242266276,0.24206842267654,0.883109389862841,0.110400616993593,0.639979158204181,0.084344142690498,0.784372896195993,0.0794828395872083,0.733323094688724,0.0817438638225757,0.840522200087328,0.0830793961679868
2.14463600417222,0.103189992757704,0.0822279220339064,0.0186069746421527,-0.230688594365937,0.0893287610223009,1,-0.0617493158944363,0.223801185795314,0.719685590232054,0.12045679475389,0.698239908043235,0.0833833599294295,0.670437152783156,0.0820335603330778,0.762303055647718,0.0781751823410353,0.51110075610545,0.0956829503133007
2.15165292693783,0.0958121012966719,0.0723196335292457,0.014719843534436,-0.177280876498671,0.0895169519183711,1,-0.112893473530975,0.223114675640839,0.775833748883857,0.118638409296847,0.727688981235348,0.0809054337393011,0.647472506128264,0.0758751053793541,0.677286270374905,0.0849626651413063,0.774425510152557,0.0808422294423628
2.14272612612217,0.104348259328887,0.066050327811066,0.0140272444691213,-0.314728175803191,0.0839456390065997,1,0.13720232724986,0.215593350849738,0.592351896729464,0.12858287339016,0.774184072010562,0.0785609054055599,0.709745440109213,0.073640026780106,0.675551128681645,0.0817509749231544,0.638637227051504,0.0931248172839976
2.08898871750536,0.101247985145224,0.0532235713808104,0.0138408695256983,-0.215389631426961,0.0912892599012839,1,-0.203899253567677,0.206748633904812,0.715877867959705,0.11558152333964,0.790116733012377,0.0804170031321252,0.594855153645097,0.0772731939896424,0.760261950326024,0.0731907403556041,0.574532010115393,0.0918085676036729
2.07219387299478,0.0911948762726484,0.0565022776098077,0.0113799392941908,-0.303426032900714,0.0817359611733737,1,0.0645092937180598,0.258183371090011,0.626221026637052,0.149447153544662,0.704738993177921,0.0827723686358387,0.648892967950132,0.0781542394180967,0.742072757444363,0.0719477128316937,0.803887872474658,0.0769711126026992
2.03736731878217,0.0993639371683951,0.0472612323203153,0.0108225045216639,-0.296539165864878,0.0954839631609365,1,0.157377962606589,0.237857083199422,0.592904131325749,0.140212851349265,0.650264830323634,0.0928847720203602,0.630384473535764,0.0904647635379774,0.768758175430578,0.0724041789573257,0.731532816801083,0.0823833848933289
2.21792958934644,0.108007960309557,0.0672588783139046,0.0141090288133993,-0.291466061119458,0.0845863934665076,1,0.00249334726586853,0.262496796183186,0.713759705475925,0.133337221428627,0.796205352870283,0.0907536671633601,0.765254116729542,0.0782350039900044,0.739316058653306,0.0807133522449141,0.657139603882143,0.0832543016497684
2.15612528074859,0.101736671059942,0.0657852991971691,0.0146023888744939,-0.277977482743245,0.0760430471675005,1,0.26147737844236,0.191277747039914,0.578027115424048,0.117268457912227,0.665042112697195,0.0913121303544981,0.802966913769606,0.0692441261060918,0.722682366267507,0.0766621143203933,0.718945171681955,0.0802975028102372
2.33413182457359,0.119777580294967,0.0723332251373234,0.0138573441368047,-0.350015687311371,0.0830724238417007,1,0.0535601197550484,0.204406735422515,0.829942090371033,0.115104206942245,0.723111327172835,0.0916276743900777,0.84584345847097,0.0773913207972774,0.749881771072528,0.080483008019811,0.601509145986986,0.0908017399682597
2.05217622448592,0.101561534354729,0.0529723458507697,0.0123819975774432,-0.23607929712311,0.0842853403492836,1,-0.0889341737266989,0.202539689004941,0.695568988742189,0.119493571394081,0.729796139911412,0.0864161309766085,0.618302495850591,0.0796194483363164,0.644386482191349,0.0804527531576954,0.692332775379964,0.0909930753214577
2.258948545864,0.103600770661357,0.083023551800853,0.0169417978314953,-0.280898495161349,0.0904063564302443,1,0.182922584254312,0.240499339271983,0.717809489859514,0.128175633339066,0.74811603339891,0.0782948355499314,0.61729243419593,0.0793386255510968,0.760738651104812,0.0734643466820192,0.831273879002722,0.0825151075396206
2.16688864284753,0.100924014913067,0.0803691187744932,0.0168680137394949,-0.14979501611744,0.0934489644974136,1,-0.0745483192579503,0.277056188240409,0.806672133094188,0.144148561089384,0.723047787239513,0.0832214366717908,0.711356527411124,0.0780129549383938,0.738902292011376,0.0772600848926433,0.656498757566564,0.085248348066098
2.16865665068789,0.104230270287148,0.0623753883765105,0.0138826211766053,-0.264567171609176,0.0874720437070771,1,-0.113234724231527,0.248416003391973,0.902829100134776,0.113073135455662,0.559567883576721,0.0890501080646059,0.739466450714753,0.0692672441164156,0.718802289394845,0.0852210397554795,0.689126357174754,0.096191997611635
2.17303957533588,0.104543905453524,0.0733256085838038,0.0141034140306459,-0.379701622291533,0.0763051962998082,1,0.314850992598544,0.226027123825119,0.583504052747679,0.139795023991063,0.764526762187258,0.0858705372231012,0.522006465456776,0.0899512050242013,0.794551378093618,0.0708235645843322,0.79569764085638,0.0780126726128085
2.20422568223377,0.100512356369013,0.0643974279004259,0.0129349648892864,-0.312572435094516,0.0790583644184416,1,-0.104703042650851,0.203686314669701,0.871092619751591,0.100995534566786,0.671319007074086,0.0827421590667231,0.643524664416362,0.0817037589713777,0.820001126994466,0.0738616898693804,0.641040317534829,0.0824682008784119
2.0415695998248,0.0954202960347216,0.0598483286889456,0.013132497730438,-0.300433119532572,0.0868415890365961,1,-0.296929791266311,0.228049337732836,0.85370392916494,0.115008793794264,0.594668452833481,0.0855346033578838,0.676667014520065,0.0788126929086145,0.731137903265556,0.0740848120089529,0.636262066068871,0.0895329276646008
1.96940593671385,0.0924183238883519,0.0537717020195679,0.0119408185395002,-0.344009459667436,0.0858578628077127,3,0.0274786750866127,0.238014089374306,0.591075694378489,0.13923150607374,0.499699969297233,0.0989832106642003,0.853100738531422,0.0674860916568565,0.56511697500175,0.0774814094736727,0.617804833362458,0.0825534554788858
2.1136191612171,0.0913822343277906,0.0530329676687746,0.0116471657415662,-0.179889697006838,0.0890165604607079,1,0.386676508973262,0.190173168155935,0.622358183275291,0.10734548016975,0.647045635718196,0.0847828594205971,0.698953627044467,0.0709077607954544,0.683198362186022,0.0798332263533351,0.704723395155405,0.084623998759355
2.17332877234808,0.101495093163054,0.0837569210281798,0.0156500385805643,-0.305827235412354,0.0964097418349133,1,0.067096535159954,0.280301878496588,0.616663671732611,0.158328104218283,0.776558390002651,0.0823177668340187,0.778728284619362,0.0782392913255966,0.621072249758314,0.0814499295792785,0.655418744607495,0.0810009328611885
2.17149853422974,0.0977549025138403,0.0588613005218086,0.0130774394197913,-0.240073013444311,0.0891382052364365,1,-0.11234151436171,0.211185538936792,0.720926597126313,0.117048202387628,0.751609065670369,0.0779552033120263,0.736505743834619,0.0734851252843904,0.70835822775856,0.078167475988492,0.66464373135372,0.0889407309514453
2.13413727959211,0.104455672326185,0.0576140333403208,0.012524245270112,-0.382646984140842,0.0776518587841214,1,0.0729753093873511,0.22431505800197,0.661760337420833,0.127497693823847,0.699906883939871,0.0870551693108839,0.607518459839199,0.0777744705366686,0.791567616881692,0.0808969842569774,0.724112966309599,0.0902240304619753
1.96345753497291,0.0968004587824401,0.0768206913136389,0.0161502863694909,-0.217385359483689,0.091663287806059,1,-0.266190709671157,0.2811157411879,0.756810393760883,0.141992784911509,0.656651225138725,0.0846846703372912,0.571557461050264,0.0813685075038753,0.656495926713458,0.0791599035924253,0.542306438304774,0.0868554773644353
2.05163164161659,0.106856079290836,0.0663920791089739,0.0141860227862297,-0.376375545485651,0.0839964880760699,1,-0.219569183091706,0.201150649570436,0.766852593334984,0.11629878560695,0.667437098552804,0.0886974540927151,0.721072070339584,0.0794473382619882,0.606359615717875,0.088557338465221,0.745935364477401,0.0852212913221833
2.02464556996623,0.0906884588990786,0.0499327180602603,0.0122598183123614,-0.193781931286989,0.0937846610589543,1,-0.494273691056905,0.305872551574953,0.889930809403993,0.130160612359074,0.690410666621363,0.0800759988374314,0.632578049001532,0.0750652967299877,0.758600117155248,0.0711536864067174,0.640115994686064,0.0836366323316737
1.88804655047011,0.0847048162491516,0.0306462912100371,0.00939886532701252,-0.123333186162011,0.092822243797849,1,-0.182458639484182,0.193671097041488,0.481507361133166,0.128738453951487,0.684696178068194,0.0817928545472174,0.725676874060506,0.0726686563198249,0.616249399326975,0.0758198316850455,0.589966419982754,0.0892576152792167
2.14052629623259,0.0999669718065443,0.0683805431065674,0.0137158186779233,-0.250621107019834,0.099470984398762,1,0.0104427726182402,0.19300130659024,0.771251287479542,0.105151084641751,0.617161955368014,0.0893806361130349,0.683478616149677,0.0748149704622729,0.753621698706155,0.0759275682675223,0.669044910082591,0.0899171939483643
2.07456694742445,0.0997259619726249,0.0461351192211066,0.0108751089376778,-0.280613412698377,0.0891795636784662,1,-0.0682302560105463,0.258856042827581,0.652106521047794,0.15653007257624,0.760201521940305,0.0870888996012554,0.71011099147643,0.0744884738167507,0.626959683055015,0.0877026369617143,0.666817856604389,0.08645822763518
2.26763898930094,0.130034826185749,0.0742391039777768,0.0171010105716698,-0.413616254933264,0.087848813022944,1,0.311669807953887,0.262575215320058,0.641089985479255,0.136692067271719,0.771746077828418,0.0881009498937409,0.734038421515972,0.0829052465324141,0.830529749946957,0.0863219820137153,0.744312043827168,0.0953346589337082
2.09169534624263,0.10732004411722,0.0630948034294313,0.0141202113422286,-0.203118417248626,0.0971447681476702,1,-0.222254968919596,0.298849974075328,0.629265855195416,0.169133522087305,0.84062985692849,0.0838354597488613,0.719160375877234,0.082130490235916,0.671802713191545,0.0784503106119942,0.637323836754074,0.0912166109053632
2.11094136031315,0.103971120860329,0.0496856474996444,0.0107643448378225,-0.276424625949478,0.0932341687358448,1,-0.0509056326426361,0.258016121511788,0.763232011352844,0.132147024176147,0.66472873643912,0.0904077398573428,0.761689803708077,0.0827644472636375,0.479814133333106,0.0912844807623897,0.775638888759709,0.0779283093844973
2.1772071446006,0.0971713367110906,0.0364546662030612,0.00973952177724189,-0.353361029520783,0.0748051408316835,1,0.177552028011937,0.22592423220733,0.675321404248705,0.127781758640489,0.648171365005993,0.0844432820142801,0.696249301414211,0.0771984625750178,0.791747153656748,0.0746588709086006,0.779560535596695,0.0748153020483916
2.12156001123989,0.10081426895369,0.0661418859342221,0.0150971794829825,-0.349206696229524,0.0744818379121161,1,-0.160223983056714,0.219445949461942,0.72608033959222,0.122386787589819,0.82673033069446,0.0726687406684105,0.652556565928297,0.0861482920768906,0.659792571999075,0.0827309729819092,0.704077253426838,0.0880051738058935
2.02298337323502,0.099809636012187,0.0544983866718719,0.0125090944922664,-0.186614306637762,0.0882052227001317,1,-0.168423505524584,0.225326914187483,0.683222030378395,0.130940967986173,0.830559239361255,0.0789076826400585,0.506763768210928,0.0885879624647848,0.58499111312101,0.0843776864477541,0.734071893291867,0.0801604555282916
2.40719860718504,0.130062794554472,0.0930815799907241,0.0183923806935772,-0.429196419069929,0.0824533174635784,1,-0.0217900437486729,0.232794424861472,0.82095529541306,0.123705600906955,0.749210928004401,0.0887960510375559,0.819186296387816,0.0852857236050598,0.843408046830321,0.0878507465687662,0.924686308780009,0.0785438151092068
2.0812265737452,0.0982295843669107,0.0701885149730605,0.0154370517842528,-0.222999978250124,0.0988621836227094,1,-0.0947402804896577,0.221863262015895,0.788020883377956,0.11103868369723,0.561927704953964,0.0912958335433303,0.767380241798372,0.0713392990111239,0.63663952744518,0.0819602662626792,0.630388837514682,0.0863809910563949
2.16450532423473,0.10698164441686,0.070564134146782,0.0152787354596121,-0.218123068443693,0.0919100796864564,1,-0.167115967731444,0.269176332351783,0.773643019084746,0.137650809683737,0.829740913588763,0.0766064193217435,0.69384394303835,0.0859697236010881,0.679518245437749,0.0899867684921364,0.739098771206402,0.0890967137579394
2.1982584561261,0.117522182328775,0.0633133631684808,0.0122897658302965,-0.287146058064093,0.0928599061422525,1,0.0641665465934942,0.222020443892968,0.79253150115134,0.113055184398924,0.592564232489903,0.0894134126133864,0.691022178759265,0.088857306091724,0.802543980949008,0.0759897400586558,0.694017920505057,0.0888595267812634
2.15463513078014,0.106738756968337,0.0498877628516261,0.01090819253061,-0.289834029559121,0.0911731268505366,1,0.0696074877557566,0.239828310136363,0.709356013968197,0.128613680454215,0.669000121443866,0.092265976489102,0.732114027560605,0.0805028019571743,0.735399165174114,0.0744297870188258,0.774634971010469,0.0782960273545886
2.18696742409029,0.116282999725169,0.0706946199730979,0.0149621082005023,-0.351743477399724,0.089123469186821,1,-0.0508567313067777,0.234448454638287,0.729797690751396,0.12296415676918,0.798594795374693,0.0920842710041221,0.750593681763176,0.0771739956920813,0.761578731827499,0.0810459527433283,0.530764931088837,0.106463083723735
1.94312032095765,0.0855884306190929,0.044008674921297,0.0102147908648008,-0.149598380329666,0.0940474850001503,1,-0.0452889861656278,0.191186416194393,0.575064758270436,0.121056625662616,0.648014462263962,0.0826662600557661,0.634850185294371,0.0723456466084509,0.72215886488015,0.0696446772360723,0.515941289452282,0.0860959567110859
2.23522450728418,0.104165718912977,0.086194702428675,0.0163134019903438,-0.259350684402906,0.0839819239300787,1,-0.032124636224007,0.234482021128159,0.855349691570902,0.112660691142921,0.690231889101311,0.0819051476539515,0.754263480526709,0.0743417745194639,0.672532933924426,0.0762225573161995,0.735715646178916,0.0822238670769633
2.07216817474519,0.102654078267802,0.0566290753298892,0.0133628540028582,-0.363179430404135,0.0800142267845949,1,0.0131744415302446,0.229626662624594,0.740793460990691,0.117715578105175,0.631514381501384,0.086936969554394,0.749167170442713,0.0756052166923791,0.624503798997952,0.0809641790435565,0.702143147236108,0.0869087391497385
2.1558161119827,0.108669222594389,0.06616705247945,0.015218568938697,-0.382476409545101,0.0832464856716792,1,0.0172855278494895,0.211717907748329,0.672545317130117,0.115679481435216,0.874187823402771,0.0739808340988085,0.569659863473893,0.0824209891218664,0.755853493597422,0.0762274208588925,0.616854660539313,0.100158371922309
2.18422415658491,0.0992986193292414,0.0568150140018559,0.0117445315942688,-0.2817437801897,0.0816058178792828,1,-0.00823780818380228,0.174373348288328,0.806407939975932,0.101245253168729,0.616625271017756,0.0948569194291763,0.714424885934206,0.0792727170135467,0.727759207913265,0.0699142232465848,0.768261477941234,0.0817224620035175
2.10342918133013,0.108763471124616,0.0759019995076985,0.0174863602315626,-0.306187725082783,0.0829589966939734,1,-0.00691456047357478,0.177703411636908,0.62956533465855,0.112645973773937,0.803068444449296,0.0770306545974029,0.589786911597816,0.08223158725842,0.783992185088492,0.084233264221655,0.621407285650016,0.0971942394703341
2.01608977290119,0.111874994025531,0.0701538207017418,0.0167837564709694,-0.373517243458269,0.0795936419986256,1,-0.204516585058592,0.212920845471179,0.684805183407275,0.132887821964092,0.635446914525289,0.0901555960289345,0.692459734135773,0.0835994645523257,0.727809588155156,0.0862774900013581,0.655465225676162,0.0948840643131388
2.10017722916759,0.107362019910373,0.0929108893659495,0.0184009236491959,-0.358558788587579,0.0799641146113053,1,-0.559473777395615,0.257792591927749,0.839595747003757,0.129071916610755,0.729698659999443,0.0936559316102915,0.816420343563048,0.0704990289976712,0.600862810675529,0.0854511929747697,0.72779662635485,0.0905235019984378
2.02586805841478,0.101164217420051,0.0550448446561002,0.0133750342216055,-0.249538603594986,0.0884743851960831,1,0.123718214073876,0.184715863634519,0.577134657882899,0.117576541872471,0.741973180322383,0.0834164470958064,0.624968162605649,0.0774796000215905,0.618112578795962,0.084165434400849,0.62493396041069,0.0905585847775197
2.04720205162089,0.103054032493148,0.0578846191262584,0.0121415385744552,-0.242995438896489,0.0847402144896251,1,-0.25397715305935,0.197959017884445,0.804281716879025,0.102723378868483,0.771258363366345,0.0811879072353731,0.537476449538696,0.0846170955222166,0.613361403834589,0.0821848262356969,0.736989896450221,0.0787445185219808
2.08952061804289,0.0942171755806034,0.0615559369780437,0.0122665663127655,-0.354116127953458,0.0743121018408386,1,0.143629885714867,0.237847117237349,0.614994051933414,0.140805770316915,0.688579748553685,0.080970971311462,0.702119213230944,0.0792271923835701,0.682065706832989,0.0756241170935386,0.80023221721284,0.0788732635210265
1.91581716461435,0.0831612756574348,0.0493473341061392,0.0120372610907471,-0.235163305395105,0.0893804033538875,1,-0.398894857617098,0.221450954217325,0.710751103831768,0.120750519768031,0.629882610534746,0.0867773642636145,0.719986045123783,0.072061543915383,0.521990479319409,0.0834844546106826,0.604582456857671,0.0821624112194763
2.04456958805175,0.0957385741325434,0.056070946695679,0.0137951409683741,-0.294280419900522,0.0854348373339169,1,-0.11337170701171,0.197434693048639,0.787522168121759,0.0998354329402005,0.624628404629107,0.083208788479601,0.662620908050178,0.0758492566494259,0.687044399642763,0.0814530346356696,0.570001116783984,0.0908881235053281
2.04682508987007,0.113562083546347,0.0727274569081827,0.0128946322265157,-0.365530562427118,0.0780038256454828,1,-0.082237540002002,0.261457077539336,0.688916400671385,0.14518057776628,0.546727309807484,0.103045351783688,0.793462698221645,0.0803708292886474,0.671468427476533,0.0817079664212437,0.688271630423133,0.0855247762529515
2.10911705320703,0.0967911077443319,0.051745015197516,0.0121549503921353,-0.317978596759045,0.0909209861512432,1,0.0728312145468408,0.233982982665071,0.654981162596408,0.133226691683309,0.625476314927268,0.0891599878077564,0.825168352826272,0.072107053660898,0.631423498214674,0.076150741110692,0.624300883374498,0.0885713561710342
2.03831476461817,0.094967244749039,0.0485493624813306,0.0117789569141809,-0.326802614259717,0.0768704762141261,1,-0.0446543729138739,0.179211858368825,0.662478230891995,0.11451012348873,0.695740193496579,0.0804949230922129,0.661181900483329,0.0751576881810239,0.601314462841983,0.0837356438753699,0.686191993115787,0.0839198523040807
2.25455493103289,0.108890259702674,0.0662904301717483,0.0127530096509268,-0.422939733690623,0.0754208839567545,1,0.0433521171877665,0.227419502493536,0.697277202629653,0.135266657582582,0.785538337812126,0.0886904459435211,0.693322522820574,0.0807460466258497,0.788597676060977,0.075963150517626,0.789391897476382,0.0789236074261863
2.12372779321576,0.108281841708617,0.0627493645688032,0.0144836477655457,-0.274859013523892,0.0976335900472884,1,-0.0335467744612102,0.211993909798675,0.72371967765653,0.111991650654864,0.708905837440531,0.0784814963931108,0.767025061903101,0.0777676932685041,0.568314537133653,0.0864404035041053,0.803014857492714,0.0877454889771463
2.18933659255735,0.104678725652332,0.0602839940605395,0.0138405367704531,-0.352900021635666,0.0752229601043615,1,0.263431978187472,0.187905595589279,0.583117328824217,0.130127022394469,0.735440253011409,0.0953910697926948,0.6873086572075,0.0794602553482669,0.650193927098646,0.0803811898401797,0.843505928265607,0.0810384263017965
2.0685832039717,0.0903728710219396,0.0584837547915842,0.0135632679665563,-0.264972865826874,0.0774228075549956,1,-0.137917236185576,0.200771647750855,0.764307513949071,0.102141204242556,0.613191440295684,0.080611143995383,0.750304531416897,0.0727215839210438,0.651194515027972,0.0769152409308669,0.813338615883352,0.073728666565193
2.19739877368002,0.111042160258284,0.0485540714925479,0.0125477261282302,-0.322959709206483,0.0834189807821376,1,-0.0798858669502156,0.240297313740163,0.80151152354509,0.120828839746091,0.768353722044994,0.0786947882408248,0.645751068370716,0.0759831652008922,0.780196329454936,0.0838944329042199,0.831298419152851,0.0943287130725994
1.97805865433584,0.0842019265894381,0.0594542717904517,0.0118748340869608,-0.270552934722323,0.0758549975051644,1,0.0507451786997802,0.185580487503193,0.551746752057584,0.118280608810368,0.677449083804089,0.0852016920711959,0.589972728597414,0.0770512669543249,0.662962665525753,0.0746226922346328,0.572385170730734,0.0800309545984907
2.06698413114478,0.103999789571863,0.0743812686822811,0.0142668751488525,-0.387613250303498,0.0760362122722805,1,0.128500955288795,0.226941732965617,0.545461842892902,0.130463752521167,0.681947016838131,0.0847698392088105,0.702776318676374,0.0753556104119568,0.696740882354733,0.0783540192765044,0.665721663301819,0.0929444580051453
2.18474200111134,0.101195243260129,0.0726056446690865,0.0156404035823464,-0.221287293402939,0.10114064729392,1,-0.112424558166344,0.243568503096653,0.816708256046864,0.118358015834897,0.787391020028842,0.0815834026782244,0.686975950353287,0.0743567652000266,0.605976645279321,0.080738340908164,0.741934191886759,0.0822468387648513
2.05443416836994,0.103668232117063,0.0611900474205828,0.0146673500469534,-0.326967938448528,0.0952525095238994,1,-0.484576648298202,0.243128238456336,0.913687867826297,0.113098647614422,0.609837558628634,0.0957856159686892,0.595135313888516,0.0840270303213809,0.702060800260313,0.0815424004288279,0.755211083851153,0.0830123973065342
2.07190237354049,0.11610208156672,0.0639161052705591,0.016257243763559,-0.247994155567881,0.0939444843543828,1,0.194757518468167,0.224733011706309,0.571940695769612,0.13074454988513,0.686016202118569,0.0893254020998842,0.647928426247271,0.0853491486550331,0.604413546509454,0.0902994785708076,0.743034084170947,0.0870427681990536
2.02006816622966,0.0938907831081198,0.0475772855499922,0.0112521848446581,-0.284231766612276,0.0837803209928313,1,0.197926793567646,0.195181296909118,0.478982743543712,0.131567081666263,0.803928968251668,0.0854015426279574,0.661888485761353,0.0764883377238081,0.636644697755778,0.0793896920068893,0.611219193700865,0.0836434018377319
2.25256361519371,0.106479981127438,0.054432120875726,0.0118409659476618,-0.251809174508126,0.092937037185418,1,0.0291063036262324,0.218880888084022,0.771448513576783,0.114317768788996,0.651948543359529,0.0834373410892742,0.792965850916941,0.0818534277906746,0.909826944651198,0.0710989602811457,0.628401311820755,0.0873837878111043
2.28920104560942,0.117102518936,0.0640346421374714,0.0138927763361007,-0.331955693021988,0.0823895487782787,1,-0.0517730995972405,0.204235464033686,0.920178505774516,0.0996955002628549,0.713858995442734,0.0871865882769969,0.679093502997205,0.0806520213876892,0.776144989215965,0.0819478262367977,0.799890774939061,0.0884183131045986
2.12912807962941,0.104481727963218,0.0822995623990339,0.0154030412781172,-0.3143384201698,0.0842801850133763,1,-0.0625770913329519,0.225208643368896,0.642813903672656,0.131159972114119,0.722463711146072,0.0932665756893089,0.815540731896326,0.0725345140574849,0.629660633350273,0.0801303285457842,0.712885280532175,0.085709241770392
2.19601135841824,0.11076574608385,0.0597832936524083,0.0122775253279724,-0.255088102814262,0.0996826339387839,1,0.00557315847620566,0.236354418922965,0.857947028617918,0.111493128514241,0.674908038644797,0.0936843589003866,0.58159758026209,0.0874276370956849,0.747188790375119,0.084668999083176,0.74886260446506,0.0821459830283966
2.0995240196863,0.109980844476879,0.0595008209124094,0.0140673253665435,-0.273492468440329,0.0885159256083336,1,0.117647299641174,0.237574732139424,0.62137066092943,0.130227179323674,0.782209532735113,0.0856433317796128,0.759978486125241,0.0795349261640522,0.497359571480673,0.09038559677948,0.72721325140443,0.0849235156462934
2.00969869149325,0.0946023260277306,0.0506114450530442,0.0116694323555876,-0.138664688322711,0.100829427887268,1,0.0394423836572235,0.223947962489274,0.513144689844535,0.137592721501878,0.666529563408443,0.0855558765525555,0.725253117136715,0.0751011547700646,0.709501776230572,0.0766337371313103,0.72833975029305,0.0761291795275844
1.93849060134838,0.091800913494057,0.0450486510385048,0.0108286783299868,-0.306628545657226,0.087635218102192,1,-0.257310810985295,0.226604209733802,0.683818132533812,0.119270042600268,0.583751156768486,0.0886857567566262,0.639071884481321,0.0772703194236209,0.646115565162035,0.079148564061107,0.59592540916067,0.0837070970986536
2.21905617341542,0.104658824236927,0.0694816136002236,0.0148840630136746,-0.297986120125797,0.0838619401177138,2,0.243505063229248,0.204750166797772,0.692590909249065,0.10704864290626,0.614735595072596,0.0933331492322037,0.745439443476628,0.0751157494333088,0.763814413266167,0.0711209998704473,0.750951289672357,0.0831098292422001
1.99744525038245,0.0921221139214625,0.069021241549162,0.0143658062483952,-0.273252865033413,0.0830903316929248,1,-0.124366718698094,0.266237354821987,0.734338380456336,0.131275154669588,0.640375949681463,0.0834797334844447,0.507641383180883,0.0801604696133604,0.742055534727528,0.0722376279697275,0.613570275137371,0.0833641837691773
2.17431437188423,0.108565009556616,0.0799278451423183,0.0147115027099929,-0.380996076674167,0.0765537736060316,1,0.177231228044034,0.266188849471285,0.617084012976818,0.147761502477493,0.733402132761542,0.089813366450159,0.704226751628863,0.0771153361350765,0.70499738972946,0.0770178805410419,0.749086059549757,0.0892126777373443
2.13968641871095,0.0966921799665328,0.0735751606645811,0.0149602804350875,-0.218154499459341,0.082223742572049,1,-0.19447912933664,0.245074154568184,0.781967784771037,0.122841794640311,0.79023519989406,0.0765948192392628,0.659036302373556,0.0771886843962526,0.612619512794942,0.082192772297293,0.742951095351955,0.0804937173571285
2.21456566820482,0.107891222637904,0.0745029707304113,0.0158823833855171,-0.341400164275029,0.0744568486652096,1,0.0202567720431788,0.211322640280448,0.73585768821766,0.11120937000001,0.738930666171206,0.0819492121095579,0.685425202943178,0.0747805217863673,0.795800086979029,0.0801595783113996,0.721019254671109,0.090446141177531
2.27932732479629,0.1023973088876,0.087622107346748,0.016567565326313,-0.399680761117242,0.0745798360667057,1,-0.166849484357012,0.217075796969489,0.83196799279148,0.103248492327102,0.782184357776151,0.0777289157078064,0.740264418758254,0.0711039532520345,0.851461378843102,0.072705794310837,0.749223932352685,0.0899491484032102
1.96124040604784,0.0834819237918572,0.0654603780855163,0.0138694285949549,-0.17153455369587,0.084370570450137,1,-0.113032841433991,0.200030644803135,0.67634363599345,0.112275691712713,0.537758053277236,0.0877963116911526,0.630649779363302,0.0705940862925061,0.787682080604377,0.0682314834588546,0.511865934781924,0.0860839383246394
2.17629313651326,0.107837868513844,0.0868557220731236,0.0177851276976162,-0.349959739018222,0.0828961851791279,1,0.467967572737553,0.230310343511984,0.360063982579446,0.151116286376132,0.750304513575308,0.079626563963946,0.798504050414704,0.0742709795855457,0.744533056648947,0.0796077343259544,0.692152276270842,0.0807308382365305
2.11671415440733,0.10454978478773,0.0564886523270919,0.013396845517254,-0.329153099061796,0.0883310868702633,1,0.423841162051497,0.212952376504447,0.497197499129138,0.128646439621217,0.70569585692891,0.0841423262528685,0.59440691880265,0.0868084717117996,0.78633395377648,0.0788596376197992,0.64591038899121,0.0889114327990648
1.93987657641191,0.0948966789776398,0.0501678401524159,0.0125033482394549,-0.178531439280156,0.0875243359190401,1,-0.327303706128306,0.27819865464498,0.772601822238637,0.135526882036722,0.646601849494295,0.0841254157131997,0.594876985563525,0.0784936005525981,0.556093728472248,0.0842862835016737,0.588329189967843,0.0817931841999588
2.05699690286675,0.0988770642626772,0.0663266955593247,0.0141661943723394,-0.257834479224515,0.0862157784626161,1,0.0809764305495626,0.196169673508273,0.613340860830123,0.119750037211443,0.705097187923485,0.0832568145247921,0.668212216921923,0.0778257666417256,0.594661338968466,0.0800440356232512,0.736101277417007,0.0778887361080353
2.28434136607022,0.116071062062026,0.0700577247175115,0.0142542081474689,-0.445986306437594,0.0707859876598121,1,-0.334312756097224,0.210429836489109,0.923334294031195,0.109303743247185,0.77618297404915,0.0851155141637538,0.737662281857762,0.0893494036692402,0.773662957588833,0.0791953188059061,0.808258362350316,0.0839712393956203
1.9975757229211,0.0926819282338371,0.0527859904808594,0.0122227956760228,-0.225973132761139,0.0813067973185338,1,-0.133885882391673,0.176711715192184,0.681516959315289,0.10247979622249,0.640282993171796,0.0886175902652074,0.576625934519725,0.0844806652679242,0.702849738535427,0.0742988192152253,0.556056822455677,0.0836699834945759
2.0151016595942,0.098173192136443,0.0514008909786637,0.0116487720568982,-0.279960911512434,0.0883590338952463,1,-0.287304223208417,0.224692754500678,0.897189804761881,0.102677048137355,0.542179386222305,0.0888677872148168,0.593672401413323,0.0790664196836724,0.681605259942795,0.0789037393001544,0.656692613418896,0.082821486206868
2.1135176111639,0.0952798051918297,0.0577776449043182,0.0131751647732773,-0.302688679414142,0.0873725744482041,1,0.349322218458757,0.206790741895661,0.641034907574152,0.122875182516116,0.591021191930357,0.0937299317901746,0.627878572523741,0.0816783731429891,0.784896146003,0.0748308148140364,0.753580046330946,0.0831775447025976
2.13297095467569,0.100499880700501,0.0674492579501667,0.0144122234812169,-0.254933682979082,0.0724510446271545,1,0.10952658291784,0.173733138228233,0.653745819070899,0.114506734340197,0.634840584928527,0.0939583825888878,0.717476702459607,0.0776092445951081,0.808630902958863,0.0710571325074135,0.628664386875482,0.0933171043407015
2.04485385635679,0.0865307923943702,0.0628382476998591,0.0128226936285,-0.274606504903105,0.0913655498124383,1,-0.0112825026095168,0.239006426622194,0.679895177120457,0.126232421212749,0.548910606158286,0.0894782886553858,0.729692436467214,0.0769361288890968,0.743078551808233,0.0737388450217857,0.650191210171723,0.0810223200805652
2.22435945572003,0.106918161041874,0.051534493828584,0.0112230875386103,-0.300471801702455,0.0827013349296288,1,-0.367872712631713,0.239321810333981,0.813666636614995,0.122598673081004,0.871154161285286,0.0812509593352914,0.776659251820636,0.0780584604139155,0.750362355808408,0.0813445948214065,0.681121647162088,0.0855317155172942
2.10404416372112,0.0966295724094689,0.0659989101890339,0.0131057483098438,-0.307773770254032,0.0771702789050844,1,-0.199039391126019,0.189996563061786,0.770141828628717,0.107907243014574,0.764448062762573,0.0804468700958213,0.67823497772742,0.0793750881871824,0.692858689036383,0.0775287842400084,0.646953453974997,0.0877182959327678
2.05364476821276,0.0937187742968019,0.0689873100403959,0.013725345081583,-0.275953900254245,0.0890582457903425,1,-0.0239986402300933,0.237720712218312,0.563586919445228,0.137700788814877,0.688895092116637,0.0875479838282915,0.75397600517259,0.0716222872564987,0.663443486876915,0.0800104970449718,0.678999984242143,0.0836646259891843
2.12424904157458,0.0970614408286092,0.0625629292812761,0.0142048542805626,-0.364009349922017,0.0752070596437013,1,-0.207733419062108,0.328796726437493,0.756393543952377,0.159202815202797,0.713688125178395,0.080922345998731,0.726802715221454,0.0739117242960879,0.723178601934999,0.0749336837880439,0.713685335689813,0.0834299874696069
2.20517904181287,0.104903235329645,0.065946034829151,0.0138458519929282,-0.393378498598736,0.0770086611409626,1,0.240533236989727,0.204048341534046,0.616407235179205,0.114617120427718,0.756251361681689,0.0779486063728074,0.574695479024623,0.0873292239301956,0.814610199886412,0.0769485054462573,0.78143465357324,0.0865870544071347
2.2234990093473,0.100763104740745,0.0544415471772904,0.0124870341879398,-0.270883172547011,0.0847110177651472,1,-0.229342476322069,0.258954497998896,0.815185502572508,0.125944233464621,0.85245187192402,0.0793087434175415,0.66216756662515,0.0800681843448032,0.712040937088176,0.0768130258332851,0.764941605352841,0.0823131053388475
2.19411467884392,0.114061162854353,0.0683090527677469,0.0153387271722976,-0.431800797222043,0.0686215668151998,1,0.405005949510115,0.200803368524082,0.249703193579226,0.15433348517673,0.877302563135806,0.0789668096051746,0.792469046212659,0.0787531912747487,0.663649742637896,0.0804286025525913,0.828351828695956,0.0836430473220506
2.11696246658429,0.101647840960588,0.0676651679550563,0.0143884621513576,-0.228463901805951,0.10173169420581,1,0.0813333253934294,0.25150899033551,0.613653302816366,0.147472009578814,0.765898646867985,0.0825912041873304,0.763170733704164,0.0691639180665636,0.627773591193031,0.0823505529444773,0.680905371967625,0.0860820760331442
2.2324669117593,0.10365225497179,0.0652520520119431,0.0134726459123686,-0.427751488570443,0.0747520177955511,1,-0.200457542818207,0.257635876505558,0.926814059584165,0.117523009539242,0.671914145099227,0.0893519440664526,0.842188744440112,0.0707097775736392,0.588207534698141,0.0820474056954189,0.747578052725002,0.0837885034457098
2.08719981205912,0.0971253665238752,0.0795919795027052,0.0150346160016948,-0.296558247257831,0.0887446064169874,1,-0.227427801408226,0.286534847742382,0.848277064132299,0.131091295642332,0.651805199170703,0.0850431546600689,0.724701694781447,0.07944427882372,0.695301741709105,0.0772928435939047,0.795634981657247,0.0873401165478336
2.07383356214106,0.096316017225295,0.0543138220697679,0.0110842472016505,-0.363342302501142,0.0785143401010932,1,-0.221390412887665,0.18940826108652,0.820008641926865,0.103446864423647,0.675028139018216,0.083942745622539,0.656237137663949,0.0773363599466289,0.48905413544767,0.0821688833197196,0.871363319850725,0.0801412806734551
2.3759256468633,0.122383078028144,0.110600027732213,0.0211568745920944,-0.462884187937027,0.0754365692554925,1,0.0725014456185033,0.348947408777422,0.874058642857442,0.155999411764872,0.689804427242489,0.0912790680369617,0.915738147064963,0.0744860379299895,0.764338488195685,0.087398980432394,0.74643000732255,0.0884689766961858
2.10071161748292,0.0977222280429137,0.0543410260540218,0.0122220790635126,-0.296683675325204,0.0798244280009439,1,-0.215685246753393,0.26542824786781,0.883272710818136,0.117982596308107,0.668508831775518,0.0828159162262324,0.648369493273038,0.0737406079056725,0.738763050438743,0.0714321373224846,0.585765066879418,0.0909595786551049
2.19917551388941,0.101734571206919,0.0604154979390684,0.0143765453680499,-0.204570470157161,0.0937316679073485,1,0.144438071571917,0.223693320758588,0.618713578820137,0.129551649412526,0.705539530290165,0.0883477996879816,0.770131915091804,0.0660685588014448,0.62098320673114,0.0812150810703338,0.674536213768687,0.0850690467592067
1.97645722156487,0.0988282059956083,0.0467643199301651,0.012086369907415,-0.163617768606479,0.0997714353416032,1,0.0275338198181207,0.207940751596905,0.521268325800315,0.137355308905898,0.749054003894136,0.080708180485086,0.546493705478631,0.0817936427067119,0.603748720835188,0.0799145844725192,0.774199029306081,0.0824181266068991
2.09276019680511,0.0871844461468594,0.0557616939217065,0.0113733061879526,-0.27958586891569,0.085298842847934,1,0.0553600885432993,0.202728820653914,0.586292458513484,0.12094429682771,0.758720658148758,0.0787642172225574,0.667899410512532,0.0759395997242576,0.703071079343038,0.0748101649880751,0.566108051892313,0.0824593679839054
2.18106256777129,0.0982829564397619,0.0550466103199397,0.010975622618618,-0.300855656144272,0.0857803269547311,1,0.252758852947674,0.220164338400364,0.537338264970041,0.14253871349892,0.674132251507762,0.0843537690670892,0.831091038269133,0.0662099018468475,0.635003334912357,0.0766921131535835,0.872045831552085,0.0723015931972664
2.12552426588308,0.0906143198658214,0.080596340268566,0.0151920211297134,-0.258255508042342,0.0823467582173793,1,0.337824589038557,0.202594596251837,0.517902200013154,0.129515252132025,0.716450365259389,0.0832124986089944,0.725504086876135,0.0723408648045133,0.624714997844862,0.0781383477157004,0.654673930199025,0.0838710670757671
2.06817166148105,0.102912825460298,0.047596293218986,0.0115758135855559,-0.196231981644419,0.0918269464419509,1,0.131896105326918,0.206815925515233,0.421328777206006,0.151471555429448,0.815248586838179,0.0761463790839848,0.585017644066748,0.0879228929218692,0.696191582846525,0.0808955942759609,0.735746858507405,0.0785940203365548
2.07808863383607,0.105979706518013,0.0683384436133046,0.0128298042461116,-0.324258574760865,0.0835125532075527,1,-0.049529584242179,0.206871077373666,0.80828436119287,0.104464173999458,0.645680367682417,0.0902746098254249,0.613348855491661,0.0860662552651727,0.685007465054583,0.0802511053808867,0.630946830082113,0.0932451598407266
1.98486456436897,0.10057838674396,0.0487059699405527,0.0122816649290005,-0.373168558801072,0.0784257970879811,1,-0.102027023076441,0.218828958150758,0.581308778619246,0.13185397959743,0.728459278766316,0.0881693650917195,0.663721164882878,0.0744846930576107,0.660886034432386,0.0848881316484892,0.601082864579918,0.0915555831334068
1.94265484145123,0.0918460514867921,0.0504339530643932,0.0120302319229438,-0.250750606320652,0.0859656904410692,1,-0.0307051895715589,0.238287183566423,0.705521231029276,0.126023646789897,0.569987836215511,0.0867834615168505,0.630701898067486,0.0799039286419398,0.583636836484556,0.0778243724422764,0.554757485992021,0.0911828548272884
2.04525612397343,0.0977845457323563,0.0478381213285765,0.0105804184227278,-0.241034056629339,0.0922644568607332,1,0.050848207297836,0.206932665837854,0.584820991448544,0.130637089467078,0.751189366182637,0.0887011651573506,0.595472620997737,0.0775855900383075,0.682872666054818,0.0828655954733029,0.730429019622456,0.0758981240892795
2.23094318579607,0.0962128362423681,0.0809770512026636,0.0148157990028256,-0.451913505588182,0.0638298218787606,1,0.0824465172719479,0.212287268205004,0.682966627987318,0.12423536478968,0.846606169313973,0.0754270776156854,0.720719160788638,0.0784704590457104,0.726388893029119,0.0792102907791457,0.672643709942702,0.087568779007563
2.04298748992178,0.100779374308573,0.0655347705964468,0.0155548038039625,-0.213467106949384,0.103585071687433,1,-0.123946340982305,0.257496809506242,0.678534008939908,0.130142250904369,0.784924039936235,0.0750742701548228,0.491624958667298,0.0910421368104705,0.772650859234915,0.0785946441696569,0.786733677580102,0.0847669801113177
2.18351568111562,0.107758238456035,0.0787767742393386,0.0141784560879484,-0.283028125219694,0.087143695479358,1,-0.662148830674221,0.250024941573565,0.973750606766191,0.108091965946529,0.777670638347608,0.0809924342907426,0.754445084512844,0.0773204019648719,0.718961518754053,0.0798286952064857,0.67216943764877,0.09164379858129
2.11634876336675,0.0981164862810221,0.0601269466449441,0.0119538697239175,-0.305455787500654,0.0799628678560513,1,-0.393664998335701,0.284662957728144,0.882068880692227,0.132514865538367,0.625758327344499,0.0982560747820918,0.721832353261452,0.0768348066920502,0.659777960770442,0.0784132794071155,0.76784058588701,0.0780211405698138
2.15829866569751,0.0973435037504959,0.0587310357412977,0.0125975561419264,-0.294996118951266,0.085199571712794,1,0.0587429401848005,0.204386201239647,0.689113686808111,0.114602703260722,0.675051247210341,0.0854354167217724,0.79080881865281,0.0759847895340124,0.702363294981093,0.0773583175988438,0.648528985293885,0.0847570579760468
2.09650830115746,0.102297435787582,0.0575318533427964,0.0119389751847354,-0.37298671645631,0.074256992833149,1,0.0594278789452647,0.243128560508202,0.570562358076958,0.147986311615081,0.726235464090035,0.0953405352327783,0.787770958594343,0.0727592067859392,0.696007386497512,0.0775657316516967,0.653855301390377,0.0880181212188328
2.27731455691051,0.10828118208163,0.0768824310823565,0.0153292979951931,-0.314165632040875,0.0894113019224149,1,0.203515088587678,0.255437250343366,0.631108774717026,0.139490768781861,0.805131514421699,0.0860583759699145,0.773116383009285,0.07728558374556,0.69388304841439,0.0897615376642255,0.800917038992462,0.0798276063147371
2.16479047946494,0.110725338668507,0.0769389297714039,0.014688592767784,-0.400992027531028,0.077933418054013,1,-0.0211582067744647,0.224703341544763,0.657722529666688,0.126773132376412,0.792051320350852,0.0854827681273796,0.798280176326737,0.0788301731315589,0.659184919137262,0.0815745057821909,0.606481091293655,0.0897949046349026
2.2079731512752,0.118913047004741,0.0742945932185798,0.0162752051655395,-0.310392496487819,0.0947594221554566,1,-0.168803889740396,0.205538533641098,0.796580511449851,0.108981715422587,0.775489287680256,0.0924117747263796,0.795114039237766,0.0762780019292612,0.675213699666668,0.0914406493436069,0.856362321649439,0.0794566948083025
2.20548936507208,0.109141298743272,0.0659565725125349,0.0143120459734697,-0.311846752739847,0.0888970186425221,1,0.152748180739621,0.260490644289939,0.719812563004417,0.131680547642386,0.800140876575148,0.0831187055901749,0.641308569513611,0.0838397260834887,0.694694032157527,0.0760338964641558,0.861457517083876,0.0827285587041159
2.17777797278603,0.112451277620245,0.0815441709283913,0.0166101505599932,-0.412410942254194,0.0714587616329257,1,0.26796084466499,0.172059144472154,0.588951658761783,0.112424568368332,0.663621069563546,0.0922297836714924,0.772917101992123,0.0762753171543542,0.669997955089205,0.0817516383772816,0.711323191554854,0.0898185173108931
2.15892156563397,0.105787646993997,0.0469861978799672,0.0123920468213409,-0.258006372804975,0.0872293196752569,1,0.253969049292361,0.224912379875828,0.615203738361817,0.135918445191335,0.753119617824544,0.0806580433998598,0.689605127170547,0.0791310542769841,0.67612845911361,0.0847726193507098,0.718208165843457,0.0906171478646898
2.11174803743082,0.0978908279505965,0.0424728031412633,0.00955058459196718,-0.312276394800147,0.0751207384599352,1,0.11159420606394,0.198728653565609,0.541462148720061,0.12417876666596,0.842470066861895,0.0765467376150755,0.624670192872842,0.0804278402510712,0.681667029871133,0.0796244572418264,0.727831792014825,0.0790986484288347
2.17796781036742,0.104857311782989,0.0611715525091851,0.015693808443207,-0.203607748415693,0.105442452955997,1,-0.117605198745003,0.229720421056481,0.85363871719633,0.1088155237299,0.508770460328983,0.0962998027860592,0.902840739173823,0.0664661554538169,0.662129963991307,0.086898996629163,0.752129780558142,0.0883190349327843
2.03259073112772,0.107188001927776,0.0531656648063126,0.0129691270598228,-0.301861787056528,0.0838456753471784,1,-0.0827562439065784,0.228639425823892,0.61955686164718,0.125440738574731,0.762521794508133,0.0811893649130126,0.764599071574357,0.0733135748174384,0.619895452129588,0.082013705491808,0.558444776256547,0.0968331936385664
2.02519527291398,0.0984655883934097,0.051666685630437,0.0112637412105611,-0.184844616526407,0.0951458243597321,1,0.133484691302458,0.209004608706949,0.574185490151423,0.120014048823696,0.619617820256847,0.0828371130165948,0.712272872341585,0.0750638123147176,0.485322647089579,0.0823637072990235,0.800039497554652,0.0836942265889817
2.20304634957167,0.100738728439582,0.0560608858682233,0.0138762782215602,-0.279834650453356,0.0797288285089269,1,0.134890641312313,0.2041801932973,0.574105993282082,0.124749709520679,0.81582405588799,0.0747653309483175,0.872527675748406,0.0688923940378015,0.486138228700893,0.0866748944185036,0.747320385748151,0.086302950783303
2.13284491968568,0.0995874534020944,0.0723997386352621,0.0148885150595956,-0.428341256115847,0.0666264523574607,1,-0.0291527207371279,0.197801529769627,0.662161775707997,0.111190380425584,0.796937739338295,0.0814770952431758,0.596018906702643,0.0881688084714754,0.732210582132774,0.0712828731455161,0.7823401810234,0.0800297739005569
1.99577872930678,0.0923322914636795,0.0525456321348289,0.0120027004302403,-0.229090079369839,0.0926068733958598,1,-0.224839209486351,0.229075012929994,0.75506144116497,0.123956845200298,0.7025090771855,0.0765678590009186,0.587467795887317,0.076789161385564,0.625871400984351,0.0808591281248126,0.680890509644327,0.0819900731125077
1.94695521266273,0.0844600740908828,0.0428497765611596,0.00938590128703729,-0.287420493361152,0.0917316365837963,1,0.000107292876410867,0.215676525619124,0.464773083292258,0.147728155756379,0.801731160814951,0.0797165371895299,0.531738105480222,0.0773069387233832,0.700260590858748,0.0706525679057032,0.647689304979532,0.0792807021506066
2.06866423563696,0.0978213311623417,0.0570634367161555,0.0117465390596063,-0.204250228392994,0.0935016857555926,1,0.216938535876603,0.240413163201808,0.552978008456949,0.148668191612777,0.661304281656213,0.089195237019007,0.72643023868334,0.076135959152668,0.598672947139087,0.0811656178305322,0.729832364507203,0.0782669877282824
2.18362333804212,0.0941326770097696,0.0713765549223582,0.0161302633983983,-0.320539675948902,0.0798612354101924,1,-0.034802179960595,0.212272890969785,0.687878920786333,0.118126215962901,0.753363104408655,0.0713251395937675,0.83912520287171,0.0734948624423579,0.704681887222821,0.0789739457774256,0.697066680504196,0.0914255044866029
1.95062210210777,0.0970459093410104,0.0397409035674217,0.0117485176139798,-0.209141335786357,0.0878032833352317,1,-0.18602539615559,0.199824831241144,0.63189989424688,0.112887653508096,0.717691489513743,0.0848834532444446,0.623889897706915,0.0797972916599725,0.625316501342473,0.0833849029182382,0.520951910764789,0.0920682097842895
2.12200656466345,0.100147195351132,0.0599858071066739,0.0132976317383081,-0.29453948315205,0.0878679689754408,1,-0.672279634962689,0.358467078184878,1.05290498383971,0.137698140684698,0.676832062234287,0.0784611719275577,0.565395302293671,0.0846476897437421,0.816494149436507,0.0717458166869507,0.648454215679995,0.0823672748052164
2.33915319249311,0.115633467915211,0.0788796874408759,0.0157764296834286,-0.415320628284354,0.0743324221731448,1,0.185473561566264,0.22795748195287,0.66843092029601,0.133649927184983,0.785297731622844,0.0951165912780862,0.918610715024114,0.0726702301402862,0.712280179534036,0.0804333509423966,0.791202957709731,0.0891131410226169
2.06708552900723,0.086897952585195,0.0667303207629412,0.0131938909305047,-0.332443244491817,0.0793099336141872,1,-0.0250636626534464,0.209784307959478,0.621924616202391,0.132386912701332,0.807494910220616,0.0811607402998247,0.67615143504254,0.074647820740516,0.711118248822188,0.0740376569343232,0.56464520264672,0.090798845957522
2.02941704430049,0.0945677796327099,0.054874056713817,0.0121714142273612,-0.287951792878455,0.08308425944932,1,-0.179401634395338,0.228594750961155,0.756480559734899,0.121850292363079,0.669098536899424,0.0859242324649842,0.639282409862105,0.0781401231873786,0.782334566258292,0.0780450797459037,0.504770559188022,0.0879814943453703
2.14782432003901,0.0995692029992058,0.0867802546264736,0.0158834084626997,-0.319903839419013,0.0974331090122572,1,-0.252657126391677,0.273624729128566,0.787362611946408,0.135184874148351,0.69402756430453,0.0898600022910013,0.82206294834242,0.071285105725408,0.581023967841764,0.0807116307826177,0.709705427416626,0.0828948912362924
1.94626599662763,0.0950827522330642,0.0545062588260072,0.0133337889399865,-0.125577286597036,0.113866019515026,1,0.0177628491102918,0.230756519211007,0.529279720618184,0.143430506765886,0.728445869595953,0.0775946176993497,0.627871966472336,0.0798830913803904,0.485757543250316,0.0900486267782435,0.641430634085644,0.0855085065714341
2.15332273173322,0.100874959320199,0.0629251735027751,0.0135661505270429,-0.275115080390656,0.097219854216746,1,-0.156449496943075,0.298019024475512,0.847313321697395,0.139028434321082,0.724777232437819,0.0911222159075395,0.63385193188802,0.082271425632914,0.690848837513327,0.0772620815205261,0.731959704006036,0.0845167677632155
2.24427137309233,0.107198473145194,0.0618452388580518,0.0143675114444847,-0.250990017945308,0.0941757019578752,1,-0.188069063688431,0.199677467354582,0.8499565078017,0.110248072314541,0.795798437358576,0.0819060199426712,0.713709314341032,0.0794432206777454,0.672734300877245,0.0802044059505928,0.698712917937347,0.0823901408888022
1.9882827061345,0.0890427324878286,0.0638340258561956,0.0125462761742315,-0.273738816290606,0.075336663007065,1,0.171561789620584,0.195836334753424,0.481778247357774,0.128231229827893,0.677154773969742,0.082063601261904,0.714654979102253,0.0726658466268976,0.678350453887069,0.0773917480853912,0.641183805258186,0.0856664878349136
2.29305421149471,0.115066195668827,0.0629484754061937,0.0139315098739817,-0.398116627330134,0.0808427717836146,1,-0.135148681349596,0.230636193168979,0.876206707544637,0.116007743942026,0.810173528847357,0.0746818514340578,0.694981419200446,0.0850424043461268,0.711579559840657,0.0874096189339716,0.736958882884286,0.0919649199293527
2.10960018592978,0.105806981559279,0.0677024080594632,0.0141635954708684,-0.408858218511045,0.0806522876450292,1,-0.231543587048087,0.260862527658176,0.83630764120243,0.126692706573892,0.544536698334302,0.096380005245427,0.763922661348106,0.0784447561064292,0.713337209932499,0.0834171379449696,0.789955586704727,0.0786041192336094
2.02898749867141,0.0911738503980868,0.0661464252434022,0.0121601210004286,-0.210786099881504,0.090878873914546,1,-0.308043231452363,0.237844809406893,0.821816333353774,0.117197664998248,0.651393448373547,0.087645326609487,0.579305600469777,0.0795698376508752,0.716034254989027,0.0719810980789549,0.725674493920835,0.0827048775873887
1.98222533879418,0.0955638389585948,0.0482635351993232,0.0125942425610605,-0.201287697492011,0.0833737530690529,1,0.144703134618626,0.17399694577119,0.575163313986874,0.107515551540851,0.622196306595551,0.0861570830102247,0.652249184656022,0.0782342638150664,0.671402933427727,0.0759017205715993,0.619926739093466,0.0852915130872899
2.105068516189,0.10020508427825,0.0729485837488042,0.0138761401677005,-0.331895566879633,0.0782334116090957,1,-0.0441639367192848,0.22834274259321,0.740450736741429,0.117403777777643,0.581930219495563,0.0902705584015697,0.77339383939029,0.0742563626138264,0.689015569953087,0.0768879828759269,0.618970483959984,0.0840871060420261
2.19555700908784,0.107654656778476,0.0707613740968354,0.0155197132760118,-0.313068377235532,0.0823972272379639,1,0.112108953363472,0.253584695504809,0.668141817435368,0.137401296992469,0.802746999687339,0.082460521728925,0.663529778124082,0.0796789836920208,0.709334711425023,0.0753554585570132,0.943525461911857,0.077851993825497
2.23407192028962,0.0968762789293737,0.0643590354291775,0.0139128714426328,-0.325359157916127,0.0835583972360871,1,-0.0200694081806562,0.223741551061594,0.599131201180843,0.130708107659567,0.815769282497362,0.0809158297422762,0.881399317948986,0.0697073813265025,0.753387547128203,0.0767832146942404,0.565962087634968,0.0890386282270757
2.10709868514287,0.0935090307905743,0.043261291794206,0.0109212054908578,-0.27299474412612,0.0858683289629674,1,-0.262955076021963,0.199615117606474,0.842231140663898,0.105207535597886,0.671867937577659,0.0858949804695911,0.818866370914566,0.0715579276532792,0.628668314323072,0.083376580073498,0.698046065150946,0.0787678340758639
2.33252719555677,0.117402888893383,0.0912403004353542,0.0181210705328277,-0.33956837040322,0.0891633333686685,1,0.207575890349913,0.254893047714619,0.691573229499369,0.137821108499336,0.866128899167814,0.0788287350979098,0.765958726003591,0.0755703983243719,0.81498602278465,0.0808076149744477,0.719363496617975,0.101742722766388
2.18888106860252,0.118396373472439,0.0874230085936503,0.0179447280296939,-0.367510347321072,0.0786291299996756,1,-0.284858283937108,0.261847389297704,0.886221932591483,0.120379046858261,0.722146906743692,0.0888102936019753,0.665154141151711,0.0839786998048219,0.693455000546763,0.084124712506659,0.776315379004995,0.0920501987969683
2.18001608111238,0.101839702685245,0.0440962764309394,0.0114001426863271,-0.146173330718114,0.102377340578484,1,-0.157979185080783,0.291056120659764,0.848201369513747,0.133163922369439,0.742428040611304,0.0810187739996217,0.650560356413098,0.0799899278482124,0.718462459824632,0.075920635878182,0.666964175756988,0.0824443686229669
2.01277553237484,0.103151724524307,0.0495089758772764,0.0128487213271122,-0.233183255205587,0.0982046456484139,1,0.0487677842680037,0.215250287125242,0.572185164374856,0.131947274464537,0.727546738890732,0.0911811375840974,0.667124290740088,0.0729723518822127,0.565310694389879,0.0870370637951502,0.671463555515545,0.0847647452293624
2.038714198792,0.0961019013350392,0.047041787469192,0.0110717899839867,-0.273790564773902,0.0792593260312891,1,0.25154752927902,0.177466483970863,0.586150801929639,0.107913412315822,0.578304709012519,0.0901059694479019,0.739397863961183,0.0750970495759628,0.630054743402451,0.0751361920846874,0.590744508649378,0.0911168979102615
2.12526504908493,0.0982239111807348,0.0667513641716133,0.0139779597035828,-0.301240915360602,0.0810836910304521,1,-0.0897794678361555,0.212033910190668,0.717460599288321,0.119101187306721,0.716504991661705,0.0852243407343547,0.704464905402424,0.0740591689591081,0.802269646722622,0.0735003851412961,0.742454443504815,0.0882253409424361
2.11813604845987,0.0954502271249217,0.0634193151947207,0.0126645512153094,-0.342601035106923,0.0769001476419242,1,0.0220491059122924,0.18564422981166,0.75664849735012,0.104799245870839,0.624688956612169,0.086827499027026,0.725829301679714,0.0784872232624952,0.825808598277239,0.0723838244612871,0.649242259040142,0.0905947110750773
2.1760855050204,0.097180124418616,0.0526190046172668,0.0135327786795477,-0.196928364498088,0.101555622033279,1,-0.0777739682867765,0.202725262676472,0.802112623899913,0.108176481158737,0.683270719925378,0.0889602160598108,0.793797627154306,0.0730439610324284,0.71426346593803,0.0771424178373493,0.721562481133807,0.0858226532836605
2.09654595778684,0.0923566589365762,0.0512443702096142,0.0108478198397056,-0.382646833692126,0.0679970558111984,1,-0.00551669029315124,0.252993155458467,0.627696617821843,0.143277544325083,0.678906608048361,0.0791802758942945,0.71045753208857,0.0701168327413056,0.806355967328892,0.0742810822918432,0.690860490310721,0.0858318296790883
2.02861736029999,0.0912472196218551,0.0514852833696473,0.013347258683901,-0.19365740047942,0.0756332935700742,1,-0.234713670575473,0.254710666595613,0.79344884939845,0.122791178578969,0.617367654298952,0.0800914686356138,0.714046851341925,0.071893829907067,0.592001536719332,0.079433658764755,0.601526730144494,0.0917128441547827
2.09123467200931,0.102950243175856,0.0651540910479009,0.0139721131352727,-0.24689417583738,0.0914563261427088,1,-0.178656906766619,0.311982671374287,0.692665155834827,0.161291579792499,0.697217469958067,0.0912780454588113,0.757462742273158,0.0797324473417188,0.611960642905365,0.0804127462713666,0.702864672735459,0.0841312525378033
2.18152131181585,0.112881588545736,0.0961395046873073,0.0173749973148636,-0.313976497629733,0.0831258338704295,1,0.256227981727381,0.192706443747744,0.641149445856791,0.113043810393238,0.676129471008505,0.0949691658635149,0.723334469792027,0.0867692120744941,0.772961658016341,0.0754901263117843,0.63826874351465,0.0840940888646953
2.11431076897008,0.0936593398551891,0.0627485404484181,0.0121933748109037,-0.312597745472213,0.0747136495226105,1,0.0841046896978327,0.21608572317711,0.639174847792008,0.12745665225082,0.737764709144797,0.0862698754048666,0.606312264567411,0.0767257490614828,0.719414464768785,0.0763205929615174,0.732465132704475,0.0775344013251746
2.11461443146352,0.115892866359207,0.0688370169377704,0.0152843488311783,-0.277686450371384,0.0914521222993754,1,-0.0816955865587573,0.214245960834255,0.630255773082637,0.127615129186876,0.788293662289882,0.0902451319541664,0.728838388324612,0.0833759747190455,0.653212367680057,0.0754868629682811,0.709239292108736,0.0992049769976971
2.12727761273587,0.0990180358227596,0.066703876869938,0.0130707103800389,-0.23506905245293,0.0847563167217401,1,0.00311328728525707,0.222417843700487,0.661330509449744,0.125916636689916,0.702181929208461,0.0803548685774581,0.654302264114535,0.0721016207290065,0.760315850278779,0.0759906532214097,0.772796889241573,0.0811577394342877
2.30894340776117,0.119324336998662,0.083823742630145,0.0166390036554577,-0.269820637107702,0.0905783821852327,1,0.435837604024301,0.252034406008465,0.581037464115108,0.148461421425388,0.727739850595972,0.0942846640483283,0.849558045078109,0.0799447819848531,0.704233676242336,0.0831640102934418,0.856099531053267,0.0878723900093165
1.99557002746365,0.104918476739522,0.0383842585123052,0.0107403456380396,-0.223952900972625,0.0925709235645334,1,0.148158314746924,0.251597704748579,0.493545384687319,0.15047777815537,0.762335301271837,0.0865844972624788,0.591255993919426,0.088746617692606,0.558867836256331,0.0834027682141061,0.582309826447504,0.0855758752774208
2.08917531928214,0.108182863547479,0.0850450204350407,0.0154520385239357,-0.238885944068629,0.0893369005529427,1,0.112724107161624,0.234729948964497,0.670687237628582,0.128253604893568,0.682724943368597,0.0926900640653148,0.654211726925812,0.0771139045876049,0.572595914080995,0.0840810470186888,0.836990207710325,0.079265612960254
2.23048931412126,0.101887571407566,0.0810476662261025,0.0155112411228665,-0.293577092419025,0.0811816573914266,1,-0.100494708813019,0.246521988781191,0.760244574845584,0.131713843582177,0.799037985925233,0.0760698489862372,0.781989663547027,0.0687761673230699,0.660404804241976,0.0802991915259468,0.672415617646985,0.0865561565664187
2.25384449587397,0.119400596095611,0.0737055961145785,0.0155241815239753,-0.33339630357224,0.0897226413558645,1,-0.204520558276612,0.224412434907795,0.84640382085491,0.114356162175332,0.888620011424507,0.0817574326692775,0.601985252847021,0.0891196081668315,0.811914108818366,0.0813336645623779,0.769467679123745,0.0903276761226532
1.96913677039201,0.0845622939789437,0.0565812282638824,0.0112935356914038,-0.235407098882498,0.0972013493949601,1,-0.0180288399551477,0.26943341394799,0.651679010623229,0.141873704698867,0.694587201987682,0.0819849390327884,0.435107344282006,0.085485817226647,0.758768748676536,0.0677979018085026,0.712358727590701,0.0746713337417283
2.06145902493878,0.0974337784414065,0.0547736433657743,0.0130882348829889,-0.17811234525023,0.100305751736192,1,-0.105883615388993,0.200553578976329,0.651506229916832,0.119971937177382,0.759060519717083,0.0872093673221539,0.686037087346221,0.0783225385239922,0.652331908897436,0.078462734686696,0.614922289860858,0.08536631745178
2.22470169517435,0.105941749917829,0.0657886654413626,0.0140007471983342,-0.455616716561677,0.0713321954398401,1,-0.209856989439891,0.262373588211343,0.81449495571842,0.132952774154405,0.766434193929552,0.0892778635928518,0.798803588851267,0.0788050054429272,0.712532683267473,0.0789890487360803,0.769884292260024,0.0848104660646526
2.09415816211053,0.0977152268482507,0.054813958853416,0.0119807079312188,-0.316173466183983,0.0804663863385492,1,-0.261951241937994,0.248943387349884,0.913775003485265,0.111977208253,0.459429122607039,0.098448954005597,0.802573318058604,0.068723828613842,0.743150054948212,0.0768416855236944,0.682742834798237,0.0900645263661776
2.04620082478326,0.0997259014407626,0.0642086763984946,0.0146294473608271,-0.175772422293646,0.0950909275468826,1,-0.237741059761818,0.296706360759104,0.742785136057662,0.147660978039756,0.698032741765115,0.0890404189457484,0.734437372785665,0.0741618330289025,0.589381915900801,0.0794855878079861,0.649674058202738,0.0866042452762142
2.0775494118932,0.100681532683922,0.0389680307007375,0.0107847382165597,-0.286112019495019,0.0833903464651796,1,-0.153164846294406,0.186480170110967,0.692034925731582,0.110578611178881,0.770494684977248,0.081033642090252,0.60266548744064,0.079077932339302,0.826486508954059,0.0750271908123239,0.677721850214925,0.087048519387598
2.04623717814244,0.0992376290193867,0.0596711190960125,0.0125371150299169,-0.290559385611687,0.0893444444617609,1,0.0146388217119974,0.185622654992356,0.71414532647807,0.115491299703307,0.623022003651678,0.0922978225023856,0.563671077291967,0.0881661555292038,0.670149902416986,0.0822971573412876,0.823102693942534,0.076042540687556
2.03451740597924,0.0952995333162475,0.0527277258308692,0.0124248624964659,-0.147387859573767,0.0969326247461081,1,0.127813228076143,0.192065736250552,0.616881836356555,0.11712841368662,0.653070557160513,0.0868982740890667,0.623268317563604,0.0749313460987842,0.633344513659503,0.0774169058490008,0.627351708793157,0.0870795667927755
2.09948812715137,0.0982001367053905,0.0460429277265132,0.0108697133460951,-0.407612236190782,0.0631787809778909,1,-0.0773826910692592,0.236006851196763,0.681059103972197,0.123614642079706,0.794598896198191,0.0790997230293242,0.66811129972878,0.0793562701468984,0.738660294643285,0.0811301431183625,0.663812623321568,0.085315349321848
2.20546261445405,0.0989069730650691,0.0551392328341843,0.011385864574583,-0.290572041786873,0.0965724472575619,1,0.122089433572691,0.256451590505329,0.78611373563678,0.128635937359865,0.559208607250706,0.0956170343896069,0.92437165727637,0.0706064522746837,0.551537298988357,0.0860706563909991,0.850105496269863,0.0721354980458672
2.1204510934562,0.0942696717078609,0.0624427583563792,0.0133618030611508,-0.267165404583201,0.0840806859581848,1,0.302666148393544,0.172248062346491,0.581689691260627,0.114559873580446,0.654996535606906,0.0903150376077744,0.67943271647584,0.0768342180138685,0.792503342095234,0.0729627716863928,0.643911218758106,0.0889445096961211
2.00614034193437,0.096203106734744,0.0427708804884342,0.0109789160425888,-0.246285640631419,0.0942672044460202,1,0.0141261986868138,0.237661165855127,0.539341010068077,0.147396771324704,0.809198165137485,0.0796078193035744,0.567421627448778,0.0828858477069819,0.688833143672934,0.0831596770473525,0.703046188431772,0.07986505870606
2.02520145955129,0.0855569674526224,0.0487777844327241,0.0104462212776079,-0.216449721126492,0.0986424963902087,1,0.150346972460457,0.189110819727425,0.582237885716698,0.109976889270437,0.648143909377396,0.0834629824561715,0.568763966844498,0.0810141028635385,0.652131561972044,0.0725275207316239,0.711624469411695,0.0826230607935872
2.17705171912466,0.101316791605246,0.0579148348578822,0.0131405990228473,-0.30109882975479,0.0856320828876025,1,0.250348104973365,0.213544414864854,0.54843829536751,0.13776104519022,0.807766525713927,0.0903578178854008,0.730439237038765,0.0761682367029276,0.611796192652191,0.082754844525548,0.795780567321791,0.0753177746838041
2.24267392734209,0.11627155327285,0.0684453525266094,0.014992900845895,-0.35843988372696,0.0854886543772739,1,-0.465278045526238,0.362460429857987,0.891596979673032,0.16207446629828,0.790494002493573,0.0842742325678588,0.815963656547144,0.073879543872624,0.701450853142074,0.0807496700892406,0.838110333598098,0.0848533965179191
2.00630048223164,0.0922950910585403,0.0428723021053027,0.0109693319591115,-0.208908180415279,0.0899259634952214,1,-0.341029126835691,0.254718393514688,0.874754613266353,0.11802728663508,0.586254364964194,0.0895815656668298,0.632781856628868,0.0781815428307944,0.653346993529405,0.0807099847618689,0.634145949497861,0.0785293716603627
2.03075903600687,0.094814622206432,0.0539799869540462,0.0122152979967889,-0.331665345080979,0.0867059369621885,1,-0.0853556494532327,0.25332852010958,0.56055140584836,0.150284750062559,0.643960141159593,0.0973294433324942,0.76581028455279,0.0777810522216661,0.690082354803824,0.0769810736890612,0.667452330641562,0.0819753088017086
2.26755075157705,0.112666672922514,0.0840588296062955,0.0161545130200868,-0.401099989518831,0.0823831794599626,1,0.296996247219945,0.213693295665721,0.679792418916496,0.121671250668957,0.763800376031336,0.0791358090186514,0.736414598333938,0.0844929085505212,0.812670456452652,0.0842652582221909,0.720956964377468,0.0935316013532333
1.94312809102858,0.0819163015660815,0.0472998602604097,0.0108668755947365,-0.180788172450263,0.083968850384563,1,-0.163878318402005,0.188845218063826,0.605319017336723,0.119745245557067,0.740192278567012,0.0767639149741761,0.598619056912509,0.0754618326833644,0.610645364098311,0.0759428453199191,0.620472394496731,0.0896486617138196
2.08137897242044,0.09682023636528,0.0465974333406795,0.0118693339631903,-0.182732768111019,0.0913215014321822,1,0.156339407300923,0.201103237277076,0.531328620548877,0.122237521137933,0.758833177930914,0.0837434087481542,0.608335434809308,0.0826879277912348,0.692932727904953,0.0756071518878431,0.696301800697208,0.0834447008964589
2.19865363000145,0.111102453374301,0.0571816742354074,0.0129186621244931,-0.444162405318476,0.0708521470510473,1,-0.0556819390318571,0.216374497373102,0.837767203156464,0.11201531768512,0.730700975465306,0.0883723572510163,0.70799904528845,0.0832530487444346,0.64564569042942,0.084641494499293,0.841646673377058,0.0842528985841921
2.26398088951266,0.118556981632189,0.0744106504263383,0.0172159904816456,-0.341310367084312,0.0755456788281949,1,0.114476852347429,0.223542524146323,0.747471419525154,0.119186388838858,0.745637535439102,0.0883896214639811,0.760315470252207,0.0823908406613242,0.718401461575146,0.0843306311134224,0.712329054158131,0.0961984110602853
2.17535827088079,0.105964596925238,0.0626741398752503,0.0132585957632861,-0.381712235911554,0.0813745069942068,1,0.179117736017131,0.181012384012073,0.719013927761624,0.102196760963419,0.66839132726462,0.0900382428323913,0.766215430851428,0.07945984358186,0.741880684256304,0.0825825364415609,0.729282675385626,0.0906971471358884
2.07078273229282,0.10240757821191,0.0545249320029321,0.0121526878516513,-0.332450883424796,0.0843455084871143,1,-0.111850976228971,0.266670487478929,0.696453579380899,0.145403098196467,0.765092962133271,0.0861224320859152,0.713543049378426,0.0832650377940422,0.671952936877725,0.0747262943701639,0.555786333829004,0.0896814772598948
2.21703676976651,0.104631780173511,0.0729032256214347,0.0157040102965854,-0.358945151015323,0.0835188976205454,1,0.0955374532672431,0.248277270354016,0.650514036808332,0.133033231484119,0.730792724794768,0.07763900026022,0.772983835001513,0.070201991899718,0.776050509787766,0.0780535812242184,0.761296715391563,0.091373158146721
2.10984775335344,0.104093356306506,0.0607173343915325,0.0144428351559047,-0.30693065130049,0.0852620591928126,1,0.169431473689808,0.208508251428289,0.605658084241875,0.129266885314341,0.728873858496394,0.0835439147330642,0.579092977288002,0.082734454187133,0.699648567072082,0.0751398406042239,0.810545037597664,0.0788608865426518
2.13454745974906,0.0883635023162775,0.0544469671661859,0.0129073120791673,-0.230475697475031,0.0862930640004212,1,-0.0228217829652804,0.233887537122542,0.767530143932332,0.118346756582918,0.737076874499713,0.0759687875397804,0.734315639301665,0.0730299722336159,0.709756254931409,0.0721444037933637,0.673717945579659,0.0879441982873105
2.05475465454912,0.09408778312501,0.0443703696900961,0.0101686916853967,-0.194881260668345,0.0984492496768141,1,-0.222800776301206,0.314712974222794,0.720720718050165,0.16355070393026,0.705292391659428,0.0817443472620521,0.671725952918164,0.0776357775807943,0.750182629475643,0.0752999523928946,0.660738488816798,0.0855548747743637
2.01116112692782,0.0934981075745882,0.0320681006419741,0.00910361374623876,-0.204158627850298,0.0884816130607681,1,0.155126933357585,0.195241692859889,0.495454586072377,0.124033237623039,0.67475512931333,0.0823129199505073,0.667946104352285,0.0813015023496646,0.680780793769058,0.075414421356797,0.704020045460353,0.0830965437923082
2.24722990423347,0.114379068395522,0.0873686747474995,0.0180011863015589,-0.437662755013254,0.0724170177085232,1,0.0917693478862151,0.288636861538752,0.789891532700611,0.140588840615662,0.740729884786309,0.0856502982249944,0.780702584113244,0.076076372044723,0.732392052844131,0.0891860630641237,0.684699576775882,0.0828099490378951
2.22015961076622,0.113298110121731,0.0879341686019155,0.0174554764549393,-0.334513927386771,0.0922489831584612,1,-0.122434751303126,0.241940098027612,0.804345721999983,0.123550039580965,0.743009073043125,0.090245782505916,0.678491707207744,0.0884037771168105,0.751659046315309,0.0802435173708021,0.874154268008101,0.0800161291431505
2.0454257850792,0.103494705691414,0.0667662988679728,0.0153515574184486,-0.269678899541194,0.0948703685829305,1,0.0290002641688054,0.240194089781213,0.558189806213299,0.147468005721655,0.795715193880837,0.0831341035765824,0.534823598227763,0.0827331406066864,0.634237461817634,0.0847783154438001,0.65426647007797,0.0842442248829207
1.98437544851549,0.0835383621681356,0.0479347900678639,0.0103856128185263,-0.229194563782087,0.0846424860369807,1,-0.0769211460030566,0.278975713408496,0.59912051654807,0.157113984186798,0.782531211022654,0.0819324653158955,0.637949928169934,0.0771605265659112,0.512959508650648,0.0798781912713845,0.716478679485016,0.0775862945982156
2.14370457024844,0.0888946113643358,0.0551975872374776,0.0125300368915192,-0.291128735213726,0.0760874472449658,1,0.104370602092848,0.185912084910303,0.764128602665912,0.102738802325231,0.607600635394586,0.0896993937659428,0.667742451288129,0.074476352367703,0.715604799593462,0.0765119297845087,0.632072269118339,0.0846819873068108
2.04722070218358,0.103619580560565,0.0587213931668252,0.0140019110373017,-0.16038807027465,0.0997274039669179,1,-0.0405845611778723,0.244289600112597,0.600303416362173,0.141458179970836,0.734995891182444,0.0900588629525341,0.643312830816346,0.0777564706189049,0.651052287659708,0.082412471626739,0.733207784154923,0.0840990846323622
2.00246197580758,0.095102960123398,0.0554070896053275,0.0128893684631791,-0.291423047465982,0.0953974805111973,1,-0.423626482973785,0.268129328304843,0.686424384361602,0.147206441368577,0.771764774354024,0.0928049957197071,0.669325859620746,0.0798650984232651,0.634737468389998,0.0795741709592923,0.619851117237643,0.0810701641669606
2.30617241458436,0.113031868268691,0.0823600469988696,0.0172905403543152,-0.311445112450297,0.0872604279391753,1,0.0916072826114684,0.243759948462031,0.795737303144327,0.125989496155648,0.764417130951584,0.0792410522711552,0.706515065619344,0.0809830045066978,0.790917557115036,0.0802506452696953,0.769104964084302,0.0885537610630228
2.18724778201263,0.109704381484613,0.0715827014040465,0.0154729310526419,-0.317523072127286,0.0926341312935847,1,0.060928546116844,0.251528963705705,0.831477751420686,0.115956106630609,0.434152117155796,0.103957797165578,0.916440363914521,0.0761714578988792,0.533733738763724,0.0939371460378752,0.753479181131652,0.0856046731153745
2.04554924957985,0.0995581853278618,0.0498333394944459,0.0113372416943481,-0.360594639320691,0.0809998947835118,1,-0.473208524575825,0.272747465765391,0.86952329017803,0.123553006993918,0.679351559774661,0.0897963886338272,0.674183583054959,0.079370913827816,0.70399951189823,0.0740748854764777,0.474886743160495,0.0969833744179409
2.19565381636465,0.122097152785698,0.0738008181162433,0.0148934279850451,-0.43155580272322,0.0805847175012922,1,-0.490212926214503,0.278817186436348,1.01084095599971,0.117619128974061,0.720951908676066,0.092764009313163,0.736839047094288,0.0780138580364307,0.780434464735758,0.0850295309048694,0.614348451756433,0.0850992152280813
1.91787813785072,0.0847750239136015,0.0539192434215279,0.0111062062237969,-0.295985120909931,0.075521743901759,1,-0.427695521814608,0.186699293333128,0.801141190808332,0.0964621190820084,0.561543609617508,0.0879473743634541,0.677903653713052,0.073488505163625,0.581450633306979,0.0796028723241569,0.645872654806545,0.0828951486726833
2.20616935370791,0.10012406411662,0.0610319982871455,0.0135845914035974,-0.246687206227839,0.090283527792584,1,0.384708102619437,0.206467731488476,0.455751236377335,0.139616826013309,0.809189969407131,0.0757795415954328,0.765061715019936,0.0706196624335302,0.711152638156177,0.0815800317415397,0.8409482030546,0.079453835514055
2.21597079549556,0.106477134102598,0.0790851833555088,0.0156628115654592,-0.348904027306342,0.0811345557875244,1,0.0671083058746252,0.226658359349455,0.82804299426264,0.117010158494022,0.618367790860021,0.0927424170083585,0.838356617934996,0.0780221750725612,0.590671435354311,0.0900524471351826,0.792878715102396,0.0863740248537272
2.2040212397182,0.110486146482657,0.0698311170762613,0.0138865336853351,-0.374146190388779,0.0799305207605931,1,0.377743473401953,0.209368259513325,0.596287755548089,0.1323131993074,0.709829396716989,0.0934312058717598,0.667655034602967,0.0792581033900061,0.692016735431318,0.0902986248563255,0.767462412511197,0.0813024132116277
2.01727824803629,0.0979495773855601,0.0504781298091348,0.0126289979214882,-0.292554638921913,0.0840466045632934,1,0.0577446569614775,0.247055786258472,0.63297490453171,0.133542546374765,0.592070998971034,0.0873781527725154,0.678248860298865,0.0835282241486715,0.716068152127065,0.0780479746464821,0.56794148547185,0.0881260414840493
2.05005222596951,0.0972554606818434,0.0566382719835392,0.0126947292992383,-0.380034576671423,0.0741422309400907,1,-0.358217749878167,0.240781567437449,0.734002712636359,0.123928080337407,0.762237757606352,0.0724969157854734,0.663377636212313,0.0819538024644974,0.662527361319055,0.0892607822467116,0.675413711374949,0.0844111637067522
2.22831686838333,0.128322012270663,0.0867497829559795,0.0183417030055239,-0.360633852988686,0.0829488825081388,1,0.00161943526335491,0.245978406523399,0.799338261722176,0.13199300093546,0.675081991947031,0.0929245133794382,0.779977557277927,0.0810455040639211,0.653424254243136,0.0884137548383058,0.758605344077967,0.0908197834668256
2.18325492161496,0.10353787029434,0.0753868174065932,0.0152439511414352,-0.185548463622378,0.100024262574792,1,-0.138684657882329,0.248920668992867,0.773126886137319,0.123563164266855,0.664296961479356,0.080678664783727,0.804103509166508,0.0729255606075597,0.784606454584884,0.0737584530124964,0.638513726371018,0.086945249608697
1.96925860713183,0.0949580752656538,0.0428226767697306,0.0109949124509922,-0.283161610173295,0.0921215289484934,1,0.0326210700843291,0.180345340592926,0.427466583976178,0.130118099131127,0.799398283838909,0.0778785645256431,0.563387481195601,0.0752580185683543,0.646918318141459,0.0818166157542857,0.64910306668688,0.0835144530138218
2.18468157575943,0.0980850788363181,0.0616243977069776,0.011591905671772,-0.434461901771487,0.0711959743643994,1,-0.0708619274317339,0.211717198548929,0.756915937411408,0.119062082220163,0.714820006340362,0.087803461856604,0.757094423702038,0.0714124233491675,0.725688845217642,0.0787144161094384,0.758908567009797,0.0790870419954208
2.16128425200991,0.10029965714247,0.0801073804240664,0.014342565601239,-0.327455199926935,0.0818253817525331,1,0.254453651401202,0.163979373150296,0.602738840587921,0.110287289838916,0.677689123195766,0.085584248226755,0.652859614491153,0.0770099823921724,0.760341861765465,0.0768911455851723,0.6967727747689,0.0865174560994196
2.08735389200175,0.0943378396641404,0.0589289540943527,0.0144217760450402,-0.146280322026003,0.0933819946925715,1,0.146856438415507,0.193422499040491,0.675035443237412,0.11120819839431,0.525229866324294,0.0906544955102547,0.727116151342251,0.0787579344886549,0.751401324454065,0.0709180188880115,0.78201057850065,0.0828134100356005
2.05487550138578,0.0978766092062224,0.0734314056977273,0.0165689656713948,-0.194021657152186,0.0989658375200756,1,-0.113074958119768,0.201013387482106,0.699546812025958,0.106969118000535,0.657103142526212,0.0856855423361791,0.722106073333596,0.0744788915436937,0.673525160382557,0.0776669486901577,0.68188308697993,0.087491303414979
2.16443954132883,0.111389698276248,0.0884611545098929,0.0180452203763188,-0.276137422069032,0.11144987216514,1,-0.0262655140022787,0.268969283309033,0.754833091880609,0.140233303733618,0.688837825354156,0.0865298491452882,0.786263513271144,0.0808295145717783,0.690384770527008,0.0840815370329858,0.748772203694468,0.0921646950540584
2.0549553591117,0.0940580478644663,0.0583299278738433,0.0119181812038882,-0.182885791100461,0.0921612065249827,1,0.0268277371324205,0.207488267897991,0.702850757743955,0.113640765120713,0.673682956897874,0.090948105771557,0.682663806484357,0.0739109008210111,0.604290601746613,0.0773055899401403,0.65692036839942,0.0855312565519538
2.0386209853605,0.102173704178051,0.0480508318620279,0.0122615645168862,-0.182117109227861,0.108637384458256,1,-0.0603802515883215,0.213451415001088,0.711555341781347,0.121475093435148,0.658708857394659,0.0907928858476577,0.621115926863175,0.0781592927867024,0.8223840728793,0.0739907681463029,0.596328665319904,0.0958155552405857
2.11406790448293,0.103461699921326,0.0642665162100293,0.0144909511878788,-0.407472024332144,0.0740375843346381,1,0.307282797339742,0.213046106156404,0.618657039771121,0.129421677231784,0.655579460128694,0.0786820474232295,0.751502899434399,0.0789165694966253,0.552493139357769,0.0929719563075015,0.715995085500223,0.0835141811456084
2.15926650255627,0.103016974438265,0.0696201657164299,0.0153999282461246,-0.28206779421471,0.0840842945273525,1,0.0332801787887564,0.192225188367311,0.617473477432541,0.119464543857356,0.785942858388031,0.0818618837188893,0.731046630064612,0.0771173286685126,0.693093423365157,0.0851656150019411,0.691083895017259,0.0823027976975481
2.21991254643565,0.112472921880256,0.0431168281469948,0.0108880381566015,-0.377151262389516,0.0884442574584447,1,0.118125491134226,0.295900128643331,0.67786990906344,0.156039221406956,0.712863155659918,0.0875390731040226,0.764827292743839,0.0760460730343165,0.768293542648877,0.0789740136203768,0.744708283997901,0.0835863140855303
2.11554150427196,0.105341457776609,0.0696329682488667,0.0140035442990645,-0.250008107487443,0.0951222923634125,1,0.114091675438074,0.221086916739389,0.614220503556346,0.13671068286164,0.687965941280567,0.0858361813808109,0.74879813439838,0.0741727494330339,0.728818029922488,0.0796038915887136,0.677705131180701,0.0874028082484212
2.23598942120921,0.114537570104603,0.0634214734143089,0.0141499707510529,-0.324659298404558,0.0919058255372872,1,-0.181666818242725,0.217720292079536,0.843410824118573,0.114792862328313,0.681947503673655,0.0935774530602024,0.796333501785841,0.0741082242239795,0.747912820690905,0.0808790422618491,0.76417898162647,0.0862256199395104
1.9670432045326,0.0845543508316961,0.0426128531450202,0.0101822612098397,-0.23777812043368,0.0789542906206636,1,0.248152635095648,0.168999718298858,0.590989326731972,0.108416456208954,0.594471505538026,0.0879788444133762,0.643612794026612,0.0800877586105486,0.559105229395592,0.0759886374907179,0.59131707352882,0.0898643829517949
2.07172089815371,0.0906383239315493,0.0534831089790307,0.0122409462276005,-0.299866425254626,0.0814948475848028,1,0.0784969365614566,0.273866924660016,0.561843209681866,0.155859910035806,0.703964760532475,0.0806509700827805,0.704688355607087,0.0740918986679621,0.705592718816324,0.0777003807366025,0.605180834942218,0.0845748562375765
1.94936346017873,0.0920919398184512,0.0514292980669186,0.01146143625893,-0.223828688019683,0.0995788925377423,1,0.179400518094763,0.185895197102597,0.391144570657576,0.127612962729246,0.673307760862315,0.0838107463217832,0.628782779750059,0.0808393893755569,0.696074494252528,0.0765379113179289,0.728532990974333,0.083106168090993
1.80790452683632,0.0840255122112205,0.0442595629244084,0.0104747230728365,-0.330985736854668,0.0845402059994006,1,-0.00430142318378357,0.178915173435305,0.402927109516685,0.129945441102338,0.657591015349708,0.0816868086160075,0.547132289276072,0.0779198360588815,0.583005273096039,0.0803741939467073,0.520187493927333,0.0885273924604892
2.10105416271898,0.10934881773584,0.0638632686552646,0.014170093390172,-0.241352137155556,0.0966026176257784,1,-0.0796021019026963,0.266363290642286,0.777735796505916,0.134814981346434,0.73588300404735,0.0868415003386853,0.543751519570118,0.0854425078489156,0.668794810819688,0.0840546098347154,0.783513613926325,0.0821126282835014
2.0288836054249,0.108921057731554,0.0751826723077373,0.015395858525472,-0.334815211843684,0.0950502908159452,1,-0.12070526679172,0.228406727852228,0.725528789474396,0.130178069979713,0.57468811432855,0.0949027248331473,0.779867742038404,0.0820087513478729,0.649811519375878,0.0829659519330895,0.547951580830632,0.08993570384678
2.07173651961275,0.106924567845355,0.0703930561692027,0.0142632631008441,-0.298601578875835,0.0883025016476958,1,-0.228109713018561,0.251780849361816,0.63238920125321,0.141246953251683,0.756247575552076,0.0851005726005144,0.742740818737249,0.0773548406061147,0.702109315470257,0.0800095998781,0.718003727735422,0.0861306203589013
2.22781037170815,0.109133426338913,0.0832984588079309,0.0161532381892908,-0.342935065768054,0.07985198443809,1,0.217174373057456,0.199245706058471,0.591305501962044,0.135058467389025,0.848779897547097,0.0792950961011057,0.698555585458396,0.0808175276616893,0.706236903075342,0.0823183019776157,0.854015414517984,0.0803393694978164
2.12645744006917,0.0929463122852311,0.0662513299043789,0.0141341839861156,-0.285536596722352,0.0798340519363704,1,0.542292448055911,0.205029099959391,0.511350003465568,0.133317470573494,0.670884032371141,0.0869371587258615,0.638315264267742,0.0710078703328388,0.708994819481839,0.0863935408683864,0.767077613451185,0.082185266073645
2.1306543530422,0.0955507940555481,0.0729603694570106,0.0145050498993348,-0.307951388382076,0.0891233497565941,1,-0.0272863143872554,0.224181873633999,0.622677877066731,0.137713526581493,0.881678543989531,0.0788944887781439,0.688729291376449,0.0714067660972075,0.632841325501948,0.084505452221962,0.596257607225638,0.0913145732755072
2.11241152496415,0.104195320749449,0.0638559723284096,0.01364427046205,-0.18601661686529,0.0827545974530054,1,-0.0320813190153443,0.210816104768562,0.710291284934313,0.109144194790242,0.690647039750672,0.0859243360682733,0.715976521996716,0.0736421199839892,0.616508568364293,0.078912580832401,0.673614911492538,0.0875819470396265
2.14833214519565,0.109000907513922,0.0680949716423244,0.0144394814380945,-0.330341822315453,0.0848115278496245,1,0.0246769986277091,0.227069249655288,0.690920400238521,0.128063825523785,0.688464958878016,0.0890955173197234,0.789876929407958,0.081282975064791,0.658045967711684,0.0787362069127508,0.683244500070184,0.0845730560591308
2.15653256562767,0.102276506642218,0.0757251940014661,0.0142907972388783,-0.429679467236291,0.0699622348235218,1,-0.134029599011635,0.272182257290875,0.890870605852052,0.128873030893163,0.570465452894883,0.0933218888487111,0.76302048576014,0.0778889422280363,0.740325160271256,0.0735989162681323,0.639225013260287,0.0854572469788171
2.14305613203837,0.0991774673118035,0.0773685607150204,0.015694675525719,-0.378290807257068,0.0815717431718575,1,0.114794501716309,0.204853163231099,0.730342002746928,0.105684155695565,0.679991221851881,0.0869355903737179,0.717574822820732,0.0789479389818542,0.678851807757322,0.0786858660891603,0.745630331146975,0.0834902878128371
2.23521295775968,0.109094234581574,0.0808991587840931,0.0166734115908255,-0.280201192685423,0.0892882630458297,1,0.216884854109691,0.221023251546961,0.710007570586536,0.115599603140258,0.764210689002928,0.0805679943387971,0.74245572385575,0.0741817442034459,0.771084005733961,0.0828600170247688,0.735775584351547,0.0865421336409529
2.11464367358558,0.111075689138867,0.0741909661066345,0.0156456373896577,-0.354908230298639,0.0852247895679302,1,0.107184247989221,0.23293363673881,0.556772635208357,0.140873713095165,0.743111222666353,0.0873101215713605,0.739143651739291,0.0776145097446118,0.795616508283937,0.0774565429100815,0.588550023066153,0.0930868186377236
2.08798988164718,0.095235160721532,0.0719273858280425,0.0143156894455421,-0.305001727501602,0.0799369934193728,1,-0.506644751090625,0.244344132149836,0.918750265798892,0.10886779343786,0.679184397780198,0.0790927700188646,0.706460509248709,0.0731461209682858,0.726614590282145,0.0749590015953105,0.711177380678665,0.081753681487795
2.12086623392136,0.0997385712266802,0.0452676312103471,0.01114003893341,-0.264790908611802,0.0932773327643211,1,0.00259084147287854,0.211900901746259,0.699862893553671,0.121346465385788,0.63803307642832,0.0921434091382151,0.662402393499474,0.0795344465002012,0.731753659947197,0.0762683414213218,0.746504710048883,0.0775672438684463
2.04193000486169,0.0882547041617138,0.0582104323178233,0.0127960489343837,-0.183888527839359,0.104059815067965,1,-0.240746484941178,0.234622819840364,0.699004925118094,0.12471704093131,0.773008681434445,0.07870062553044,0.656288163717553,0.0736323021929413,0.657027225687686,0.0796705764909037,0.675142482802734,0.0827061009057222
2.25955821104004,0.10395123458166,0.0724682882631453,0.0152684165923837,-0.244884538952953,0.0848795664174544,1,0.569846307580441,0.194297352415418,0.485002914804265,0.121991233780858,0.769025759755102,0.080022328088586,0.722987991260848,0.0695475655169667,0.757337114954467,0.0773891145864617,0.709716034044314,0.0843600916499378
2.07021392248653,0.102586485040512,0.0486620383867212,0.0120069964074307,-0.311310887406676,0.0843239817872478,1,-0.326858657704173,0.249617307824473,0.821114567607549,0.127884513761902,0.711213883859833,0.0857690808398405,0.560770816238101,0.0821025519816272,0.736427844867521,0.0817570051991456,0.636014184590036,0.0897480771747998
1.91473732585721,0.0927247429842077,0.0489392360250398,0.0120058890756419,-0.121862630162107,0.105079597984315,1,0.0651559467576276,0.236118132744989,0.50171783439441,0.146128147650661,0.569499631630595,0.0946925292661822,0.625112857520117,0.0736458766453126,0.566983280622879,0.0805838892314167,0.695893406128296,0.0746111028978268
2.04846469639023,0.0983261656178748,0.047309395510231,0.0127124200418499,-0.200777603002387,0.0908858221307781,1,-0.232227239049901,0.208651027718748,0.809928971132654,0.106466661158997,0.616490573933787,0.0869371266260535,0.678080482726842,0.0787686929364714,0.726703617676784,0.0779660490792141,0.610999107622366,0.084121214265554
2.06831995845231,0.100368893575983,0.0570527220989,0.0120586099569018,-0.281289766241407,0.0953876576256151,1,0.21088471382349,0.192494843837805,0.423830602074142,0.142736109074566,0.80146130459381,0.0820423118033843,0.627137885475288,0.0808142525658285,0.71937491218628,0.0743486412862996,0.767558320471179,0.0799382226074846
1.95759238958556,0.0891209924687173,0.0403759868592705,0.010308023639417,-0.253245603833875,0.0915597266371024,1,0.0650430594983263,0.185643894834463,0.671917766492199,0.106794288671429,0.560913386559511,0.0878137780630552,0.59873644787552,0.0747445944843549,0.629695390138402,0.0776152736176598,0.692646857677555,0.0862283041540882
1.92439865079579,0.0922710072250629,0.0437097107720007,0.0113282128128267,-0.213209348171646,0.0956006528442806,1,-0.0842718506410064,0.214423846643444,0.679518818505913,0.119176544028382,0.489086322834166,0.0917873515693626,0.572548748762686,0.0832756565432368,0.746172577226027,0.0764955160433817,0.531282708114299,0.0910438214346253
2.06922033802299,0.0991385869053295,0.0671786083921926,0.0127215629031985,-0.431114374941079,0.0667886425754182,1,-0.42230230045595,0.246263360629659,0.878874600683427,0.112445321989489,0.752752603299233,0.0805087991754561,0.678046520727677,0.0740818636136677,0.653982736052326,0.0847024588660192,0.642423891047264,0.0886201673394796
2.28693647700581,0.121723122437608,0.109726970454315,0.0214771959503415,-0.258853446656657,0.10191208787458,1,-0.0810404677810335,0.267903293426908,0.844439154517065,0.125818417116573,0.619510010863776,0.0952074568012776,0.834194592036574,0.0717762949602135,0.715173294209925,0.0836713543477778,0.828638554208943,0.0844234373101349
2.10914253132018,0.100183413330265,0.0628997614836758,0.0130063953820004,-0.285554380212116,0.0883533155918122,1,0.0828418073198473,0.213892031475588,0.670456306868368,0.119898492756277,0.712376949094855,0.0849963388691712,0.738222025136898,0.0729389373911644,0.56132071365752,0.081629498557822,0.679154863193171,0.085346437028971
2.08622952953383,0.0957599823404321,0.046710839623022,0.0113453667894732,-0.270962398764493,0.0840119804019925,1,-0.0567780393281333,0.167107069133346,0.668993493464202,0.105769440528664,0.814475743648734,0.0761485866315757,0.609898338146973,0.0786916116049608,0.621591658621426,0.081371314267395,0.634604513537395,0.0815809792539365
2.16567245236112,0.10648634874672,0.065012153403213,0.0137742674789134,-0.287422239015378,0.0994034109251681,1,0.133746101080759,0.263081955599742,0.70818289644261,0.145076530818704,0.588018521042205,0.0999421306647085,0.702361903847529,0.0815857503491166,0.766850157100129,0.0851191086881321,0.761854063196054,0.0780636739265255
2.0972411220372,0.0877041134475758,0.0557663018617422,0.0129908911201711,-0.172852426058269,0.094531029743266,1,-0.0426762800882678,0.252913106110712,0.734984783232189,0.12572844915765,0.667007482065155,0.0779524586982344,0.642417118041653,0.0751656956263528,0.766463786226091,0.0681461786731749,0.713673075033013,0.0808720192143481
2.15277712588655,0.0996572290914838,0.0676821472455209,0.0134437689856056,-0.274109604062558,0.100221079007675,1,0.26790685619126,0.198663730581927,0.564522058020094,0.124978464107052,0.68885248987494,0.0841063918900639,0.788206542626763,0.075278337634511,0.824529902598377,0.0748259960845719,0.697711224390529,0.0881560811041328
2.23596894911343,0.102793093709098,0.0887548594209266,0.0162134797501798,-0.360113447106146,0.0713819720409752,1,0.0310252031533422,0.177730222696083,0.885207987847833,0.0966292171791236,0.667595900109535,0.0869385507052572,0.674353382581622,0.0792878995289385,0.692632744238401,0.079672707266208,0.737500018076166,0.0751446143206018
2.30602143747087,0.123121305481345,0.0817515453901125,0.0191819664751596,-0.434950692288647,0.0728145031477756,1,-0.15557412178262,0.251532225983287,0.826230620538819,0.122937686641988,0.700293720454039,0.0918306060327417,0.905401396895335,0.0710081390372879,0.83769539080516,0.079816232696971,0.677336199655832,0.0932301038015811
2.10890340204581,0.0974691698160858,0.0612512173928936,0.0132560648936326,-0.197156043130768,0.10625316713286,1,-0.153467304687449,0.250075466593385,0.753048128816359,0.126420239749824,0.644161000842124,0.0936286359539938,0.739822103754235,0.0796341713700049,0.680939804359576,0.0823707607653108,0.749257104603914,0.0820332424858185
2.15391974553403,0.0984739258836463,0.0540269852228639,0.0122125796175829,-0.267444994007287,0.0919490079051785,1,0.124399505318563,0.191138390817494,0.755181873052258,0.10252890400125,0.647266819151186,0.0827806567152914,0.698559256265036,0.0765625258828867,0.710070417923294,0.0754708570829153,0.746423252002793,0.0841878406282248
2.07554783662504,0.108920625588934,0.037725919746808,0.0103643280760862,-0.38421390957215,0.0814336780208562,1,-0.227592927186312,0.200050217092059,0.684681037847623,0.134641790231957,0.738149651062303,0.0875797671545005,0.765749435886775,0.0831208426271624,0.594244320559483,0.0863803008059545,0.690074985830855,0.0907368981789792
2.0961076322685,0.0997568728244819,0.0449299156678478,0.0103130309727954,-0.437155591685751,0.0722521366026072,1,-0.32290359414084,0.34622595829185,0.847074504890672,0.155514637942628,0.648950017728195,0.0858762531095038,0.733886937462643,0.0730887102581295,0.578519840121515,0.0850362258139328,0.648742621915477,0.0878050252763257
1.96594442262222,0.10007408483488,0.0484016537478377,0.0114384119501696,-0.229524853552632,0.0875716050316172,1,-0.340457625472259,0.254659745258964,0.789790737389764,0.126638910590458,0.598714673435541,0.0924307450350239,0.718710878787302,0.0761082049745413,0.62738117514169,0.0761415511679092,0.710620213232105,0.0816662360378356
2.07179042352756,0.0892694550901734,0.0633948941233893,0.012461643507884,-0.412815233626012,0.066718443710196,1,-0.412008342378085,0.239686052383679,0.830812680600126,0.116495258854597,0.712042582961462,0.0884879410337479,0.800020099375887,0.070324628969425,0.598112586515919,0.0777330433714782,0.666947683515808,0.0820000743885195
2.19692348046198,0.11619598448266,0.0692218169123415,0.0151981814707592,-0.274244356634018,0.0909790257113542,1,-0.11390099084668,0.206976843729429,0.794738367717529,0.118538421370411,0.735178310761164,0.0823812074871076,0.74847738707613,0.0796891447953912,0.695515508253515,0.0780165776697711,0.643589549599534,0.0913420874570372
2.02534057866474,0.0891038372890217,0.0520368247191203,0.010444018150339,-0.186578238541128,0.104965756434407,1,-0.0251375422506527,0.205527597843102,0.579042112934489,0.129166158560565,0.779004954785451,0.0851884503325815,0.655002201709219,0.0726532201723268,0.465963465573235,0.0824677288126261,0.778328218104024,0.0855670603587532
2.02593024945326,0.0935335671732607,0.048722494275576,0.0108537086597141,-0.281728421496904,0.0798021216320009,1,-0.139241857262784,0.222032406561971,0.668036335129986,0.125429284445607,0.698939316034977,0.0843250555051468,0.59568255311989,0.0813638161438969,0.69551280644673,0.0760826684284669,0.737586911938372,0.077366925170095
2.06377222190291,0.0999947269736196,0.056422704934934,0.0133340911057899,-0.318126701356605,0.0774200231811154,1,-0.219759852915213,0.258966256612304,0.691569082866934,0.138083401971838,0.763381923432877,0.0839207685902311,0.714738022738091,0.0727460202926261,0.583511274146985,0.0870622341972941,0.687554382137811,0.0860209635442052
2.06085321940158,0.0851193430194615,0.0466673804550207,0.0120400146860124,-0.240005720378791,0.0788641504406154,1,0.173649592788988,0.200991739951862,0.643643650993191,0.115642563471219,0.706397376127581,0.079749627049254,0.452952609616899,0.0870680761116825,0.667704598296457,0.0776457140111525,0.766320292196098,0.0743117356299925
2.14458760209277,0.102778827829727,0.0674376716508076,0.0134523149977431,-0.290457221963674,0.0863497577061533,1,0.127825691876924,0.223959070769207,0.688546651479065,0.117119696367306,0.748539996444427,0.0830884090461779,0.761641666368033,0.0742666552872,0.644568888822048,0.0861232964320045,0.791739118411666,0.0810643798251482
2.18849364589408,0.110472423431529,0.0690674631982815,0.014955320248437,-0.266465689827295,0.0927195465041733,1,0.435867032361671,0.208440420805053,0.466995810768222,0.135245199020366,0.690671372666409,0.0879851809006991,0.844283586060725,0.071698281041536,0.631371492444513,0.0841714006216659,0.840002061933681,0.081364450964003
2.19915411846955,0.107703303618746,0.0868752679185698,0.0163589832400147,-0.30082585364935,0.0705778798681588,1,0.172360354895406,0.214191513408569,0.817422889656981,0.111747944673365,0.671193568308658,0.0862196440826182,0.713195758944716,0.0710305877975553,0.649006641592302,0.0781429877380781,0.679228094628534,0.0859491474772145
2.03166826469891,0.0888859913731451,0.068895178290858,0.0144271413013408,-0.247786775965001,0.0899113069480953,1,-0.181462506197724,0.17957336614439,0.80418673631733,0.0970439052209093,0.566019550093133,0.0867507102093482,0.749411367263886,0.070260348404897,0.632479056777411,0.0770296621366389,0.706630765334077,0.0834198510106129
2.02089076025298,0.103756415851287,0.0407665781064616,0.0120807875895854,-0.169934035520671,0.118090116391231,1,0.0628979898818843,0.220529961872624,0.732038867023315,0.118524544414789,0.557302203169399,0.0973134400535845,0.719383293574789,0.0742198235246914,0.537800600617988,0.0823476357831749,0.554997445640595,0.0982228133516531
1.90556755980961,0.089312059368586,0.0424649301191447,0.010634062766236,-0.291888338640516,0.0746209978786983,1,-0.143172849282176,0.249645638520947,0.670671799609497,0.126014574042507,0.418742885109188,0.0941049520236157,0.680919642522522,0.0734709635122305,0.660354922401069,0.0747832762793824,0.660002979869498,0.0836761537485806
2.11878429723858,0.110979129305452,0.0517726324940328,0.012292959601102,-0.274666275598752,0.0848820940542749,1,0.0591041557124186,0.178176810089841,0.770398730561243,0.110668852800671,0.649469928527599,0.0898471642570616,0.694338225427577,0.0834641238754426,0.739040287735329,0.0839828243758211,0.628874846191917,0.0953608703019109
2.16567258101754,0.117360069350798,0.0739570077455124,0.0157401492071341,-0.323148819681047,0.0901360089396994,1,0.0675233193210198,0.255330258824853,0.632299075890788,0.150950889112329,0.785323222088729,0.0799583065234877,0.718747897723457,0.0848957585657487,0.70324507870069,0.085444745830059,0.651405342960619,0.0895613589959135
2.20719836098531,0.103897058951368,0.0910716256236777,0.0165295540166688,-0.39040987116629,0.0669362299818689,1,0.154074095466149,0.216615535505422,0.57532628535601,0.1362079509309,0.807703439898702,0.0819018194547308,0.707143708716822,0.074147780965198,0.886397813513193,0.0746965758186212,0.73717021144608,0.081090898190026
2.07220887701986,0.104833980875392,0.0505205932911736,0.0131023581962963,-0.304651567819587,0.0876656288212753,1,0.296953982734763,0.218004901436905,0.476076918988637,0.135597764561181,0.843286058646487,0.0726588305988917,0.544448680630682,0.0793127033498452,0.626098259052294,0.0832980528851927,0.633621407891921,0.0846664306777477
2.04313895180037,0.0904204931186787,0.0577889850960077,0.0133281807867086,-0.0817099913785379,0.105714667509778,1,-0.14257940541689,0.213611378836371,0.777651667489246,0.109757029386945,0.583688692343706,0.0878732883579914,0.679045828507117,0.0743370705143854,0.678532982469162,0.0710169189836732,0.667046046434336,0.0850069712682679
2.30676429424012,0.112588844427522,0.103993860093005,0.0189978614544425,-0.378479393738072,0.0808973409050488,1,0.402161523145033,0.21505630896042,0.587390097335671,0.125913782102892,0.792282075406025,0.0837021932528294,0.815233232817138,0.0813559704250182,0.832703933028005,0.077744569591215,0.791639162193448,0.0838435774738925
2.00904146970725,0.099728671224868,0.0555228503345766,0.0130763847239904,-0.25349308828202,0.0835859070803716,1,0.120066530157213,0.174465254426376,0.499945640994203,0.115011224367275,0.799171726234961,0.0764562089287014,0.618637681784441,0.0786711584201059,0.679350776525721,0.079020197750773,0.585746170197468,0.0925529877191436
2.2256385758751,0.112577487087206,0.0564428575651136,0.0134573719221589,-0.30844998312647,0.0833097615445963,1,0.508557195359827,0.204461414918845,0.524546761056857,0.114386841620003,0.72596400902874,0.0830398697128645,0.783516668064831,0.078188680195344,0.637922067597351,0.0815282660040279,0.7516620201598,0.0892459339109435
2.31678583075669,0.107739102670374,0.0608688987199919,0.0124951253202962,-0.430719338957964,0.0748352125285031,1,0.322498924105872,0.257319698559055,0.777631169798945,0.127504502088392,0.675137909594696,0.0909892504379466,0.728443215184449,0.0814884829071291,0.849449622549047,0.0698068992852304,0.738046589426858,0.0814365270069917
2.15578544143741,0.111495673983877,0.0644933055558691,0.014109062265671,-0.395389859015192,0.0715810862694214,1,0.210597849498728,0.294347199366947,0.607492152097825,0.157022294752522,0.734912157814034,0.0861545284253516,0.613525464546556,0.0870992349115788,0.746924845395704,0.0822074544579133,0.80441841312,0.0824968677130624
2.10499705168201,0.102890174759832,0.0641398459436106,0.0139581572367644,-0.141715040568713,0.097974594243285,1,0.116880151544918,0.235229806769375,0.621678748828759,0.134585779310059,0.686974799720292,0.0871454463791071,0.690987378670037,0.0765063678243488,0.718634043862792,0.0766803168598767,0.597085390552972,0.0877470125607272
2.2164738170042,0.100107273330942,0.0805648006651181,0.0159898122266798,-0.284882975123934,0.0867890570003641,1,-0.104140968524041,0.226372542104812,0.862614331405581,0.110178493428667,0.757182531618909,0.083084050109877,0.603311324488654,0.0777866320097523,0.807991940407509,0.0729378541776042,0.814370186174076,0.0815511408189917
2.30508963512333,0.119521984129447,0.101377709261708,0.0183728097877211,-0.322162979737507,0.0838515565388054,1,-0.355184305207475,0.267065445924048,0.978303718805324,0.119893231463247,0.730931543586693,0.0890433336167884,0.772490107984194,0.0815276841067554,0.806789078220515,0.0751599508446468,0.712330872863028,0.0814399173914321
2.06307435429757,0.0951949593063186,0.0649918217693785,0.0119787096430379,-0.303718695582082,0.0793810595183932,1,-0.116022949354379,0.192647048377226,0.72968543731851,0.100934591169564,0.752563194524181,0.0791799325362701,0.650998314942572,0.0779267261467958,0.722092234411145,0.0747888399665196,0.698550441976301,0.0834800728488161
2.23612123244202,0.100942961890234,0.064892549511165,0.0138945529997748,-0.269144747884779,0.0817720839278495,1,-0.0498316559517222,0.248838375693199,0.870523683285199,0.11418471361724,0.675642531917727,0.0789687897475859,0.748031734633551,0.0753689746060665,0.78962852499779,0.0776225334805395,0.70842055261416,0.0829516596669353
2.19394226784995,0.102938691822073,0.0526540266548346,0.0123437105158535,-0.306290618855085,0.0954376969256668,1,-0.306920271407366,0.190317104269464,0.863415615646184,0.0960049239588392,0.839297172170927,0.080017444319354,0.640122210998015,0.0867751521015047,0.641884227034541,0.091142630338,0.794501398460399,0.0816167140405403
2.1852159832634,0.109960228408662,0.0780643743141537,0.0167036060271925,-0.316610235667444,0.085584615286206,1,0.258258111260855,0.216592513202694,0.625460468349047,0.12698215268192,0.69006357313618,0.0894969702402462,0.763017472722064,0.074496530207423,0.640540316534732,0.0878998888362945,0.790808238803048,0.0887759366465604
1.9347060661552,0.0895679163761756,0.0498435844379049,0.0122810049684217,-0.190553350995833,0.0905755622286245,1,0.082966732074738,0.239734157117189,0.574035655071678,0.138826276702206,0.592887936597326,0.0851884474569844,0.543036744227134,0.0795838897931518,0.728197540676583,0.0764179876204291,0.624366151249377,0.0892341717872079
2.21345321151616,0.110523300991003,0.0687435165954859,0.0146219294701011,-0.318103539130113,0.0864254984156074,1,0.212781836880694,0.199907962836495,0.602269305127838,0.124099084293952,0.781286276317868,0.0825526176827108,0.776547828601802,0.0728070718001751,0.677259119268096,0.0835215554889295,0.654399548899819,0.0966587649533784
2.02460291041401,0.09475969253911,0.0585625895390625,0.0124900726094365,-0.335461288910312,0.0826626971030223,1,0.0764960416520816,0.19027846702491,0.642010539230351,0.116811780257024,0.494553155855037,0.0988303864849631,0.721010629847559,0.0774572630603579,0.651679698626631,0.0766630331856719,0.550467631998396,0.0869242913697888
2.13884414468638,0.092011672755077,0.0501718724611508,0.0117632858776571,-0.431435477061447,0.0657357338039303,1,-0.104139992809142,0.184353460154068,0.819930530724176,0.0984438554042626,0.637329521060695,0.087233240391093,0.782253289963159,0.071533087073227,0.785704819441613,0.0736299459096003,0.617458909207772,0.093958768368135
2.09405667228957,0.0952580225283702,0.0501532215956484,0.0123163196609511,-0.208728596517056,0.0893542008037522,1,0.0364016113254694,0.200870156851991,0.6144127091246,0.122343339929875,0.714379195916178,0.087158074457483,0.772722987432323,0.0747752603639955,0.537470342319627,0.0902101679165707,0.718030368821429,0.0779673081652939
1.90301253421435,0.0924651017696431,0.0553639449914307,0.0133993831244435,-0.284870876334248,0.0878121976432722,1,-0.54593175769431,0.259020373801055,0.781427011305742,0.131553172525495,0.695141783218349,0.0746203490760142,0.642913211754528,0.0694588417297425,0.578980551010242,0.0842020394123638,0.524968617145871,0.0910346926802131
2.04982188772757,0.107215894210207,0.0519534520349257,0.0147159184734211,-0.229039458638011,0.0982934112351562,1,0.12373232988759,0.185838720993457,0.597016709351505,0.103717936273701,0.671111248547924,0.0840949781043446,0.710881209915149,0.0751740731286212,0.687267103990511,0.0865821746414901,0.488385775941972,0.100364996372547
1.95413741459749,0.0933587130875963,0.0508202913579605,0.0112556750223129,-0.226410261605463,0.0848246056229605,1,-0.0427921565702261,0.197882777609541,0.652449834210116,0.117567124310016,0.66160716230206,0.0836778395048779,0.622476349623204,0.0827365877696355,0.567463644827985,0.0793324178642399,0.597748913662579,0.0822524583635113
2.04163208135429,0.105365128777068,0.0696231948994062,0.0154509264279438,-0.346919993073629,0.0860420611566433,1,-0.126645041103345,0.259076935123083,0.641392027078597,0.144572219661338,0.774660752653648,0.0845170874063489,0.585824725652106,0.0860033738685515,0.713192198106509,0.0726957889599245,0.513487774639277,0.100973385218675
2.0698725805268,0.08474452637774,0.047968029872638,0.0124474991923172,-0.117904565071943,0.088223830998156,1,-0.0682906629246861,0.254677218067558,0.741213817890396,0.128214900726028,0.681759181733316,0.0808965551503959,0.666547353261683,0.0673128113234871,0.622937003289216,0.0717814548413934,0.643981191850771,0.0855873370690989
2.19488065675386,0.0994792473229463,0.0548918786789857,0.0141135627194384,-0.190330044808006,0.087533114003408,1,0.106852648481437,0.221652031592632,0.658174647894272,0.124909138860205,0.743743700401693,0.0777290388930885,0.73798849436573,0.0737748222380376,0.712409755230352,0.0817347824810309,0.612688121379227,0.0919495428317327
2.16960062012847,0.105221036454646,0.0628881337634101,0.011677179904821,-0.29664001716923,0.0796077044116459,1,-0.0653819195696992,0.236710285503031,0.822280952604643,0.116704530099768,0.685172063900622,0.0884635872593232,0.79440470106215,0.072967911008477,0.613823586446832,0.0815249760764429,0.632300421605157,0.0808262329885736
2.18492459528981,0.116111813148998,0.0826639798177733,0.0169234998223316,-0.329624258702819,0.0954670849134733,1,0.12299866850788,0.289214603476253,0.722750586165621,0.151848210820967,0.753320200418246,0.092811696398164,0.548000257177407,0.0872615039683432,0.8896422790022,0.0792634637236776,0.653217639430158,0.0923077766757345
1.97366403353677,0.0912379759994977,0.0562089362064119,0.0127825010248549,-0.198133497524591,0.0898119468590161,1,-0.0757631972046882,0.235991992125179,0.760362128571045,0.12134030550569,0.519953776585752,0.0861405202153262,0.504216302026556,0.085040201222819,0.716348594597634,0.0754865403344794,0.753873003295879,0.0753064381612616
2.07081484580198,0.107190184389553,0.0477487468929189,0.012223805635634,-0.373361456243433,0.0801778283892307,1,0.0848832693756985,0.249342392283748,0.580742807178969,0.144057145221625,0.65520185012402,0.0899985706841172,0.743207108201566,0.0764755298245272,0.82787591313052,0.0804432326189569,0.508383124476217,0.0975131489102744
1.90352982039069,0.0887381692607822,0.0301426178073472,0.00807724451825981,-0.295959160137573,0.0799223448997289,1,-0.107559820602353,0.204604085054685,0.643368109798422,0.118836749409902,0.648334100188175,0.0811652056410124,0.501848416743988,0.0820891487075077,0.747191652677672,0.0702776512435701,0.595540396393739,0.0831819389615031
2.14950656517389,0.107309387630262,0.0686248168373204,0.0140346696273938,-0.368204429761373,0.0749610636507777,1,-0.233518185473988,0.267426509184975,0.835841578219062,0.133777138111972,0.647539752888138,0.0851652295436209,0.784131732006811,0.0752180577388099,0.711654340487495,0.0831566012517435,0.750604754881042,0.0863640679578239
2.03225526690972,0.102928778117176,0.0609994586470962,0.0141331480274463,-0.302192477768002,0.0859596457818332,1,-0.251164493702933,0.221164169219013,0.761339126956556,0.116435309596409,0.674831669310807,0.0890826980341173,0.691808545782414,0.0787696092077059,0.656456200254483,0.0829051144832915,0.607358260651991,0.0898322818200158
2.0699550975854,0.103454853912171,0.0641498975979717,0.0126629042311983,-0.392730945744547,0.0890246921446249,1,-0.147543434466329,0.277284370262039,0.735705913662841,0.139823073620582,0.718756773653173,0.0897409075311701,0.689752925321028,0.0833887232631284,0.735082553378881,0.0797667493086903,0.599528641048064,0.0839264287352212
2.19684535652509,0.107729066831519,0.0690128681585362,0.0150132839851767,-0.302942643429492,0.0806438641477398,1,-0.328944023015607,0.305623871713114,0.972655710263516,0.124310373825627,0.676053718841883,0.0828701867768512,0.73818249510009,0.073308562151563,0.766452021963237,0.0785490490446675,0.684979704563227,0.0851246722489433
2.26431440165854,0.114902482424122,0.0806399284923244,0.016174909479941,-0.398929845278147,0.0769878163578873,1,0.0990837962080867,0.194163744461138,0.709035504829433,0.108379281117693,0.730682411883929,0.085120411531871,0.790089868495224,0.0790164514594721,0.706634977731586,0.085703298660648,0.761260818970264,0.0854793078337016
2.23160551939447,0.112423596403077,0.0741057566309931,0.0156822225822791,-0.430852026863838,0.0741857635252348,1,-0.00967478984101454,0.216698261181568,0.783340545156917,0.120087795751633,0.675789046997171,0.091821259989186,0.776361091137419,0.0777894295529429,0.831436378996605,0.08017631366053,0.675867594761316,0.087123540173714
2.05956876514246,0.111852073720412,0.064077348321742,0.0139313234881346,-0.325231743485515,0.0851755805316164,1,0.217312214848754,0.190910506340401,0.560687490939566,0.119823245968933,0.628966940496158,0.0909040792630717,0.613144586182323,0.0868926225888819,0.812954241101566,0.0798603199101293,0.739766676809793,0.0887057733821868
2.16673574690019,0.114778312255495,0.081320190879487,0.01655641526212,-0.368051346952305,0.0880448045649071,1,-0.101062297394693,0.342816256637333,0.892934579386317,0.151869636416225,0.531979148768419,0.0919298820408938,0.757075841582942,0.0782221863990653,0.768413558488726,0.0797189785922356,0.577703841220977,0.0920185926205995
2.1924525324816,0.105161546499541,0.0648069702716775,0.0133296602645139,-0.386002930949527,0.0773651155301037,2,-0.211427034618318,0.224267444806592,0.750783021982204,0.119281029975119,0.906120410505628,0.0737092113616351,0.563891831952004,0.0857214918295536,0.836585161457852,0.0799132585456658,0.757968634335911,0.0862738286585721
2.14089810784294,0.100208128226982,0.0683927677759462,0.0142478336951215,-0.335718580749537,0.0736901805883457,1,-0.0387241428474565,0.166956182516323,0.803118317351543,0.0913678570517971,0.599464833297141,0.083220806687871,0.774522653755885,0.0737573460626183,0.720542911667823,0.08045400595532,0.762483226020025,0.086367793622165
2.06569021824716,0.0909195240365276,0.0452616578632146,0.0104848464558579,-0.229283821213136,0.0813803841296582,1,0.461948237910122,0.211861109727493,0.530163588561709,0.12836028064354,0.603773705188197,0.0870982320202929,0.65248824082219,0.0768239980004359,0.611169093424327,0.08266039730758,0.737746392632801,0.0774444494657224
2.17942200268265,0.0840773716346598,0.0644700772271256,0.011621262810531,-0.381885513139686,0.0687813258603922,1,0.161578471521774,0.227339212253756,0.723224041965198,0.118555135546489,0.630416093615078,0.0865136951672785,0.773108179826718,0.06324665000472,0.716510839296662,0.0756703351639945,0.79981043586624,0.0734593573185911
2.19927224401871,0.099766124918985,0.0648986664076566,0.0130941163668841,-0.404988965350184,0.0749302866944836,1,0.213678106307359,0.225716688238566,0.767432594704677,0.112913800993433,0.575837694523345,0.0894866909870747,0.702159232558296,0.0728174454969233,0.738432557677003,0.0840828177589367,0.806728310600887,0.0814911122468097
2.03300112199588,0.0882188063847092,0.0469080633714373,0.00971067835049185,-0.294929900502077,0.0760879189098661,1,0.146966318577094,0.226399981246394,0.541669241614277,0.137597925022557,0.594933245527985,0.0889664716662769,0.679689816958385,0.0719670142576748,0.749160111994443,0.0722605300679433,0.75630929696639,0.0774395489592393
2.18907712319681,0.103810873370305,0.0557348204804302,0.0122730478930379,-0.381189917605986,0.0743703127873219,1,0.229113739880708,0.246848098286408,0.607959521911672,0.146774844512934,0.747478132310749,0.0844447544227536,0.678458871821966,0.0785200086027502,0.741721911549714,0.076833254761394,0.732839532128768,0.0793305967099906
1.98718335904121,0.0872208503038252,0.052156418762002,0.0117798825303912,-0.297067850099184,0.0955114263723309,1,-0.0325976839171647,0.216042182112626,0.645462307268786,0.124849630346514,0.617371888623169,0.085235607954253,0.659590142042961,0.0768284663238315,0.627228712882443,0.0818146506176134,0.642862504729518,0.0814835413409477
2.13815726828519,0.107940831702582,0.0694548593286881,0.0146474512942148,-0.374311720544763,0.0789231287045739,1,0.469255851301007,0.202312600683256,0.455060884128622,0.138909994772212,0.714255634253995,0.085033011634722,0.650031142730789,0.0859659537856662,0.797635213639614,0.0807449234381026,0.682717886899135,0.085501795645102
2.17390193374865,0.107113416385122,0.0781245550333234,0.0176160624033426,-0.237935979622991,0.0908681054511962,1,0.172947613611719,0.247164164203462,0.599797365304013,0.151804467253476,0.77633144313281,0.0863491090991847,0.62082908184113,0.078889003944614,0.607852972438078,0.0841357627130647,0.862853252857569,0.0736877443686032
2.08145313268287,0.103962483604472,0.0600787716215821,0.0131344558144047,-0.347822694234014,0.0822326080430531,1,-0.744431559513274,0.339205970313184,0.9585113393668,0.13424126516483,0.716966363975591,0.085242340277473,0.753056779670703,0.0745583968488132,0.671649481347714,0.0799046818695869,0.766314950028668,0.0815675813509275
1.99388380311428,0.0894853211429927,0.0448480013061267,0.0114574457329064,-0.202379471938222,0.0948074118423323,1,-0.0906000079754732,0.215957634963499,0.636661827799444,0.115571225813188,0.802623699653035,0.0723199921058741,0.5943651079205,0.0779944499479785,0.675639237722175,0.0754668418266526,0.572145895774554,0.0891390022645724
1.85438554796049,0.0781562814343188,0.0393458917490225,0.0104623059836578,-0.116849579068627,0.092481707381514,1,0.0133335569429553,0.167987049341855,0.586600590961082,0.107083490397375,0.495887014691527,0.0889824226881627,0.582364683122154,0.0701980831871085,0.512890759882207,0.0776491253393274,0.691994012975808,0.0820537839646369
1.93742529852951,0.0917786085703033,0.0358612062559087,0.00982592657469484,-0.327441150978633,0.0711033220468808,1,-0.615584357189329,0.227842260838327,0.902521402540253,0.103531817599901,0.539056832823947,0.0846003255448392,0.706091283612533,0.0758636323095727,0.581712021686569,0.0789191522338313,0.590873561808417,0.0846751144783509
2.2124583146757,0.105375824388605,0.0843792470951055,0.0152775562186431,-0.387587603530963,0.0718866103692059,1,-0.198096487427344,0.19641459027825,0.871028568292707,0.103080381300848,0.669784870783882,0.0876557246453628,0.653622104724988,0.0760330119500818,0.940460009586253,0.0676573901640966,0.667143157395507,0.0912776520762756
2.17074105114341,0.112145657950129,0.0592356251430073,0.0150698685463528,-0.242585183662984,0.0950966189869722,1,0.176154661526039,0.183691686571543,0.641632342772217,0.10618723867853,0.741769576979319,0.0829060838635925,0.634559157831754,0.0802578395947268,0.608922913518341,0.0875737383172861,0.775923205325307,0.0895170618402316
2.03235791853526,0.0978332418924555,0.0628607395851932,0.0138491470236753,-0.248726620179989,0.0856940931214054,1,0.102220574214194,0.290950860959151,0.545443401674938,0.171101219482993,0.716673105846293,0.0817660152655923,0.680047218700565,0.072927700981242,0.615358593764989,0.0858684702194891,0.640620186916989,0.0889566497447573
2.2296061177009,0.110594892755316,0.0707727322983325,0.015166237078209,-0.43457344611364,0.0784230825481364,1,0.140170612116266,0.19136918663283,0.634482899837667,0.117347980051695,0.812819165498633,0.085329816517666,0.72156495882263,0.077888229332561,0.732727922545873,0.0839962026869577,0.725498404216806,0.0890625226815907
2.16862752129777,0.103997569290655,0.071397502007992,0.014886024041679,-0.372929107609745,0.0775092571910415,1,0.147258925642185,0.16020165503787,0.630894283493915,0.105297310564251,0.775072377079561,0.087580862927033,0.661859961266755,0.0802277909680278,0.681636920448583,0.0803075405974565,0.836219528798537,0.0784840417689451
1.96852038601766,0.0849783909435816,0.0412618514111786,0.0117140707788674,-0.0469240956275697,0.0859777176792077,1,0.0794908125715038,0.203704358240346,0.601879794431359,0.115128625676705,0.589036786386696,0.077744102202062,0.616462091079387,0.0808110662410445,0.586698869402864,0.0767126918794922,0.640652275497497,0.083429153499921
2.32842706772024,0.114962390804007,0.0809367845815049,0.0189381133678004,-0.338497038930385,0.0835039691878114,1,0.192375520353905,0.264558980046181,0.724380924935411,0.13385742080654,0.778367277988465,0.0782203214777201,0.794864310534694,0.0770341104949104,0.7762218228247,0.0811313404725986,0.690660648970691,0.0875542717972531
2.08307069135142,0.0895449989213419,0.0562016531043986,0.0108574439617274,-0.321968527265538,0.0749109506795745,1,0.154373130037217,0.225562030849847,0.536075800813626,0.13794152232958,0.754359534900375,0.0788733571627459,0.694209555025594,0.0802713162351046,0.593353249377954,0.0800000827970258,0.641907227358687,0.0867149398620558
1.95485203882042,0.0922703072184732,0.0490339293999265,0.0115580819286105,-0.230374591434898,0.0908013731737605,1,-0.141821643717572,0.186793161904225,0.634583073549159,0.113509810199312,0.670737569562237,0.0801910654993758,0.662009644959453,0.0738029204137595,0.649154913624934,0.0766493936944274,0.709793859310549,0.08661981977928
2.18300745369214,0.104727892726817,0.0727783168602657,0.0172875226581044,-0.304528477834002,0.0988710902248209,1,0.109984440194227,0.189724904284887,0.744874023174894,0.101782256233492,0.605236567645704,0.0823285182434026,0.765913742164346,0.0767110196367267,0.59336159238745,0.0861775031067378,0.961773160638361,0.0822763346373111
2.13840740378613,0.102011547561024,0.0612815899380535,0.0141401439244414,-0.267780142862873,0.0733220025963851,1,0.253582244662869,0.19528704163481,0.520739649205762,0.122060979229688,0.730834583003716,0.082108050035454,0.838670369084796,0.0654452877723228,0.494316582556636,0.0909981371803423,0.787496141429247,0.0901666882656767
2.0813178214551,0.0924631610784407,0.0548164499122085,0.0120060306753714,-0.291680691775774,0.085459422082931,1,0.0325293941847393,0.193083084128365,0.672309107268316,0.111424615820889,0.657555039281489,0.0950950213634818,0.604249148626127,0.0807994577248418,0.731543421288255,0.0724112641921373,0.828066213182825,0.0704172569783857
2.10123307293121,0.108444338725511,0.0497631919044829,0.0126970534235785,-0.272056347455439,0.0836718036066831,1,0.168763212174299,0.194848173579942,0.688443884598143,0.111579854334409,0.585426389574599,0.0873075197049895,0.713201318710502,0.0780909382870697,0.645334010412639,0.0801734517764749,0.741904020380433,0.0832737346454616
2.20848009322661,0.107083178821532,0.0657486256694924,0.0132498537053873,-0.34108838237032,0.0823149570259123,1,-0.047477843557631,0.228890439014105,0.713910275038966,0.126916707294109,0.828828464963766,0.0879035942703203,0.702024713322091,0.0796812814808307,0.717579276524194,0.0818466175088208,0.725217515616179,0.0809270334038421
2.31962998478635,0.115563561378455,0.0932008189592801,0.0182166968395618,-0.341424764425372,0.091854792715702,1,-0.0108110866973115,0.23847275869871,0.790565157420765,0.117742856542157,0.829889782099278,0.0791382879876992,0.826020458232577,0.0775408691416482,0.746642814228128,0.083793807114218,0.762792112595335,0.0834123748395501
2.02449065854497,0.0919530440790196,0.06505783221135,0.0128559155291878,-0.279703493292763,0.0819594140995988,1,-0.26785916425841,0.227903639986063,0.789496961275508,0.110018995888625,0.700405787485266,0.0781846550658442,0.646193033918826,0.0776204374087494,0.628285415796494,0.0783435473272733,0.649160687212488,0.0781388462479306
2.03784661920463,0.106287402241194,0.0491745736619318,0.0128264235319589,-0.265734316856075,0.0958228223277806,1,-0.39285445702665,0.300717934732361,0.827245062822236,0.139318405674427,0.730823824020817,0.0839527202749725,0.535122883585594,0.0847053246259351,0.667003334289826,0.0872799566640892,0.83060739634358,0.0829519701930826
2.01860949108787,0.0994375602725414,0.0559853468360268,0.0136101052510663,-0.226832710772348,0.0959641193869336,1,-0.208460970623311,0.275034931416972,0.644642631138673,0.153215522562922,0.731203626530188,0.0942395207292475,0.660956627469846,0.0807228533526619,0.606083985774527,0.0772296843746,0.763187292505998,0.0853698611362886
2.01116583042465,0.101347941563318,0.0535406014993004,0.0120553588335319,-0.314524666498642,0.0826461817936359,1,-0.0293162868627533,0.225345804957838,0.627000128713796,0.130919883706443,0.653984167618825,0.0869996863851352,0.767063204281594,0.0739873506912103,0.576602170229365,0.0784149982294927,0.663802003260868,0.087025790811145
2.0172582432381,0.0986358702416529,0.0439806816040078,0.0111336445681284,-0.340808673683118,0.0839616228575745,1,0.0935604067149158,0.202354921715233,0.678909966752816,0.119127096868393,0.60812888031159,0.0903605384993723,0.683568233170532,0.0760037385145739,0.60232053077121,0.0873920831363558,0.60988521146648,0.0894846783420465
2.09727133718327,0.102119995578159,0.0659447341708128,0.015159503203981,-0.212970635715525,0.104045802753049,1,-0.211144602071726,0.21879070151481,0.825126678059808,0.117453563098147,0.616330135731709,0.0905373380085081,0.732372743550331,0.0799723766195763,0.692538711451425,0.0792928718185081,0.633274713027604,0.0860758478122452
1.8928222970379,0.0865683176849948,0.0416534204971072,0.0100666685374696,-0.282106005837543,0.0881694211017097,1,-0.00767693076101754,0.212542293016915,0.665862340910604,0.116976859625636,0.628337468009589,0.0823292142193595,0.540858860131809,0.0837061646788595,0.666467175193298,0.0797267148745739,0.528084274077409,0.0892351370232038
2.10995991095109,0.114300436605321,0.0676968548083308,0.0158967270354101,-0.355027179011851,0.0809980189301162,1,0.121675720599233,0.278075930612144,0.671712114838035,0.146868150211351,0.733778065604342,0.0874062760515005,0.655036089242361,0.0778554588093897,0.620524310618697,0.0822810845627374,0.760244854790758,0.0836501760208095
2.17015253758031,0.0938226716030513,0.0530394030243464,0.0130227904240416,-0.175298160396335,0.0869033224430212,1,0.277142115165197,0.197940036099241,0.538866529424283,0.124486056083864,0.795641567902985,0.077623788520165,0.756144674788332,0.0691854959143346,0.649113477397254,0.0754466256571842,0.839110615752354,0.083190583229168
2.0624811640041,0.097210618833107,0.0588765285888994,0.0129598590873695,-0.220782719649216,0.0854973826981244,1,-0.194751163534266,0.213545086291654,0.823034933547289,0.10221167531334,0.56474089751588,0.0915272128387573,0.798329530389399,0.0727821177557017,0.650913287780894,0.0792182618086098,0.715062824012548,0.087911750722355
2.05243886772856,0.107700905305198,0.06009246186714,0.0133668241552117,-0.256922405151473,0.0925550593817962,1,-0.244082029310951,0.229505223182982,0.727216437083422,0.122197123278884,0.719991686512325,0.0930941423337489,0.649648131034987,0.0791665932564072,0.834755731187566,0.0796860002812989,0.685730655743248,0.0827218555648293
2.00562768528804,0.0840938090059993,0.0580235156657087,0.0119315603346554,-0.156786956871452,0.101301940353181,1,0.101145508733438,0.194013129586683,0.577620691502806,0.116936496874365,0.639022925911815,0.0883713444030655,0.678966708918957,0.0704547004967034,0.665596036464897,0.0776009065179112,0.657016227965963,0.0849449883874137
2.19996146279792,0.11044828476333,0.0711083265026787,0.0146098471771164,-0.319592725488651,0.0861249590207684,1,-0.157921111384714,0.232058413573138,0.771957477662576,0.126143859394608,0.770730965342134,0.0810814233727511,0.758928907745776,0.0761720712132085,0.722228077489959,0.0799812552572922,0.812038498572625,0.0832303853695192
2.25230025692044,0.098102796167631,0.0792919242763424,0.0140180851841557,-0.354643847439741,0.0771255649809449,1,0.200892974039637,0.176299093420976,0.70891325997435,0.103251815941541,0.702713659009544,0.0795051603423732,0.740513497798693,0.0743694059996999,0.829099380125913,0.0728324872545105,0.79880549901207,0.081526836658083
2.2307928952879,0.112786090612627,0.0820370529282227,0.0164683780865696,-0.315191007488801,0.0907401533932443,1,-0.141562057585204,0.230086274601369,0.841966859940468,0.112312748021793,0.763466746334118,0.0827948468632646,0.74609385767535,0.076241650507301,0.647653679056186,0.0847461037154294,0.740202270094839,0.0908915295136596
2.15823963336872,0.102747101349215,0.0720541246883151,0.0148351810675593,-0.297153998763754,0.0841999770619671,1,-0.17789583980138,0.236384729750454,0.890937549700627,0.111440232274996,0.574218762482759,0.0864766473795269,0.777677348924767,0.0731491251293472,0.797791394532497,0.0741797958268172,0.715408120319527,0.0946311055192753
2.08697309677416,0.100919658578202,0.0475061277754638,0.0117159398011935,-0.145043112789177,0.0884642947084696,1,0.139842564567782,0.197683268338631,0.708643050774695,0.117000200885684,0.621813311335253,0.0884526439692863,0.672563880183732,0.079940188222846,0.687572684868703,0.0761499742908333,0.703193588508344,0.0816254560536397
2.14729764253563,0.101549572018907,0.0593826393902081,0.0111092428475625,-0.375579375487777,0.0776615736796253,1,0.251094209699201,0.212926661092269,0.647480545290906,0.127533611926101,0.653034767526217,0.0880785146132375,0.768533738473267,0.0678661009995076,0.697939001593048,0.0779105086487722,0.775380976797941,0.0826989056586803
2.23004121737118,0.11132264757181,0.0651339889252747,0.0141274009789857,-0.394444026930981,0.0809344423189148,1,0.0094444153891251,0.204390486580614,0.644195274152674,0.123452922527544,0.83477883777434,0.0872082688903079,0.711599510391541,0.083991179627623,0.652230059952821,0.086218674868399,0.830204648695572,0.0801846059094939
1.99951655119045,0.0974899340112148,0.0608438931323892,0.0124398620961845,-0.285573979460669,0.0834475263792033,1,0.0514683732476372,0.196798024648499,0.65957579875578,0.111357489657693,0.642171501491903,0.0782221456794717,0.582675976944793,0.08336338971723,0.701926494093421,0.0743688251108486,0.781463724644762,0.0753394659982694
2.22756749078356,0.100479151281795,0.0655203436269836,0.014824758005584,-0.394422082416363,0.0765234029693324,1,-0.187934343856765,0.207069848975905,0.833308115808992,0.101953668462608,0.829628236646637,0.0785882725635885,0.72808652519804,0.0785601574593837,0.694017739078366,0.0765540511891765,0.705375880375025,0.0885073428022036
2.04329901451213,0.102434810786122,0.0529442182969598,0.0130959301788743,-0.307867225354404,0.0742516445253034,1,-0.106277547603133,0.200155133547593,0.685519545395197,0.107919968368365,0.608989722865013,0.0884413528704486,0.687989065251186,0.076799481862816,0.607210835882785,0.0781152897696483,0.70332251923657,0.089699450569368
2.07414590953401,0.0994042228473971,0.0704845206598069,0.0147351844253617,-0.25649677186833,0.0923949132937745,1,0.314212732921111,0.213984541202778,0.464448108555968,0.139269694777799,0.753789324471177,0.0792520407229914,0.678434371972801,0.0828731988392837,0.771317897812858,0.0795158303390157,0.611846608506184,0.0881960876230168
2.1584884844425,0.114559961111716,0.0733858742454415,0.0141022120066693,-0.358013249734229,0.0916584497116971,1,0.296618457263909,0.218537554283239,0.53666519962776,0.13792569065597,0.80124501221373,0.0802534831812989,0.736941707734764,0.0883731145621537,0.624527188313103,0.0955734078621627,0.65966507685122,0.0889241090223285
2.01471800088739,0.094704189112363,0.058800852354876,0.0130750017506604,-0.158080110928768,0.10639835105845,1,0.304620681402726,0.218136780671809,0.3136361920464,0.146392547202383,0.641437949389445,0.0872830799109477,0.694966527732909,0.0745525279016773,0.787918779123305,0.074478765657708,0.602742779165211,0.0821867793667943
2.2120168715267,0.106354483888594,0.0659242199238564,0.0144354932135902,-0.254647836628073,0.0826695683054252,1,0.404512166293556,0.208773744587768,0.533615328441867,0.129896950287013,0.770919300244616,0.0856076761040185,0.724255888920575,0.0779700627430643,0.649549713619834,0.0848085567831524,0.783057562972708,0.0862298346680928
2.0266951153535,0.108627433065805,0.0546895436722278,0.0122140182045752,-0.229063526267091,0.0937371389276701,1,-0.332475265888105,0.250213270291359,0.77260375813104,0.122519214355505,0.562564857870917,0.0965663298381339,0.622346331681622,0.080601210394024,0.725653351630471,0.0838689047659934,0.729271903175238,0.0880059646111542
2.08160170171677,0.098902449870759,0.0528747246465389,0.0113956233300658,-0.406520063718931,0.0729224744630936,1,0.0964420500580016,0.219741605659089,0.604513982650885,0.133236284660071,0.666075100119295,0.0883530141586834,0.793105299709213,0.0667030240418941,0.680691056611593,0.0706038405874936,0.768812275608796,0.091334448075531
2.03466908800041,0.102106385027708,0.0619658471067467,0.014242954716499,-0.272607085761065,0.0909158879624939,1,0.192207743671361,0.232318216780937,0.564548601855973,0.128808240676236,0.666146921264609,0.0829488935372986,0.776658405544901,0.0760299328606612,0.548730931025863,0.0816427998162199,0.643710087544378,0.0892946935562442
2.26208009286626,0.11650388878034,0.0598233771660537,0.0140786402666676,-0.262880323409317,0.0912013125302221,1,0.393124834637572,0.188051846802515,0.61199081974211,0.115294597038846,0.733674397592692,0.0911090336089904,0.849152790348433,0.0791081474857583,0.632134253071993,0.0883355974841364,0.762986503375572,0.088867544281286
2.16101087783652,0.10679565260539,0.0597400926092921,0.0126201118668269,-0.41105501618327,0.073747892722453,1,-0.152871330706972,0.198729076194211,0.79513227813456,0.100217494676989,0.710804262097647,0.0830292065315256,0.733190339014833,0.0763904673924021,0.747095995767286,0.078968208997672,0.764939291770146,0.0836236844810909
1.9172620730677,0.0898242224020778,0.0496932930480127,0.0121513980523253,-0.417954627129903,0.0637943226371018,1,-0.091888394579554,0.16410410630077,0.62995441278181,0.103795899259128,0.58488240427865,0.0833752720664789,0.671412199888378,0.0754409225916193,0.63932267347482,0.0801001238028834,0.506031695914611,0.088659691944604
2.19127719664951,0.095262493213561,0.0772797160737476,0.0157851901953372,-0.461145230875588,0.0648596910260571,1,0.123609659728419,0.217293266704835,0.750067575406463,0.108151031875558,0.649275084765288,0.0864582550373687,0.77828964892143,0.0771601347006955,0.593784426844778,0.0822051406212622,0.917269248066696,0.0778714530922457
2.20915007962049,0.111903456975908,0.0747868528944664,0.0154879836484437,-0.346069846256721,0.0879286407833718,1,0.0798474490199939,0.263162689007272,0.686463165262263,0.135345771862095,0.723299282637239,0.0806331729926908,0.705271635030523,0.0756776249809801,0.735416568508197,0.0811049432016237,0.684220528277888,0.0920825186706375
2.18874821774864,0.110777082524252,0.0757630265127023,0.0153662922970314,-0.345731155972278,0.0825521945563104,1,0.289308324983381,0.234087891023533,0.683078973739782,0.122999980677698,0.692958928018299,0.0915331199483879,0.789391098304286,0.0764986670349978,0.574129275983678,0.0872390872433241,0.775764435243141,0.0870094937894496
2.01953921356115,0.0905915459786947,0.0423819189020775,0.0101732025547927,-0.298031993984001,0.0764472794694834,1,-0.0476058931624143,0.214693373180713,0.616773389144608,0.129447686402477,0.719413497843301,0.0842041900440551,0.661135363068377,0.0752433449575118,0.719797709712588,0.0691353286380082,0.619206159976813,0.0834392212904084
1.95732250057103,0.100638395010146,0.0567702540968772,0.0125652627939947,-0.222846253576372,0.095052328797645,1,-0.332516955035104,0.234293080883253,0.794989652338893,0.116306340269683,0.629559901209587,0.0845958534521168,0.556778897895111,0.0806034564558682,0.697163412789826,0.0792235316976626,0.569659858252773,0.095965808597178
1.94940065606698,0.0893987591181568,0.0422504086307307,0.0108604156053056,-0.203336122135181,0.0928808914785897,1,0.0902624250919551,0.196734497726482,0.47247880941457,0.128562972788649,0.607165910278331,0.0879729963731923,0.663930843354447,0.0719890271806567,0.707561110939629,0.076345083065949,0.680046093429042,0.0855876080496307
2.09157470118032,0.0905358892132416,0.0744591413085175,0.0138584111304037,-0.356476418777206,0.0775099420959374,1,0.428095766178958,0.236251854826619,0.412426900924762,0.156926128716856,0.654619702922792,0.0902453761033721,0.740402522247663,0.0739841977397035,0.719254383450348,0.0790923332495343,0.658032023024169,0.0862831621333295
2.15071566260882,0.107523979915235,0.060497028458753,0.0119451193546779,-0.292914849173292,0.0814571524071552,1,-0.683765515712655,0.249744018058711,1.08444947408272,0.108180686501388,0.699556871812188,0.0860804490328275,0.477392550243297,0.0928579146798153,0.800219325012066,0.0750874909701921,0.813367259108751,0.0837437859557402
2.20179334372929,0.116197797000808,0.0748673612250163,0.0171148963405371,-0.287936196897713,0.0981499316813744,1,-0.133965366066672,0.237730704711548,0.780959419471278,0.120818208324704,0.659734662006735,0.0879580059474791,0.781194766216599,0.0834595452241629,0.712958266325409,0.0843963102167394,0.944436541783535,0.0855268532523491
2.22038739627463,0.102533208157821,0.0636357325386534,0.0126495846504147,-0.413389926090001,0.064580907926782,1,-0.023228016921967,0.215762665641219,0.763816172862442,0.111052726889847,0.763557864638903,0.0871839284489773,0.806109910251944,0.0736689117633775,0.775176198456099,0.0773612253560163,0.733370694728011,0.0813703074781172
2.21332212389758,0.109738109196263,0.0580842223143045,0.0137957731514438,-0.399618816978884,0.073347915284069,1,0.140870448966042,0.224299884301949,0.76520741884916,0.112539784287499,0.692530783203175,0.089451813179869,0.666360236141683,0.0831282143624563,0.771515293819519,0.077504054098231,0.744176668577728,0.0878248199868273
1.99437472912392,0.0886253077125518,0.0529589623936457,0.0125612566152387,-0.0125235389081652,0.0969429225287053,1,-0.172433440349969,0.20988458611034,0.798958625968624,0.11681428689006,0.672779272115855,0.0847646895615604,0.561896946765499,0.0760968088495279,0.51117486601925,0.0876397256847132,0.695026692029768,0.0789519187127987
2.04601190155047,0.0927089266287649,0.0640302738826772,0.0133876705280374,-0.335014410645888,0.0752352813561276,1,-0.225201313212814,0.257282724170799,0.70775782127505,0.139304399809658,0.728184300967674,0.0759171520436716,0.689646995639989,0.075448480199904,0.708317146239014,0.0799808465712244,0.656673299167971,0.0865415990521695
2.30619569356246,0.109357980894831,0.0678898941002098,0.015611135759615,-0.274026168581882,0.0919654100812992,1,-0.0936437792269159,0.235409062794869,0.78739530733347,0.127131329959828,0.810411664217369,0.0801573869982098,0.842621319779891,0.0758998068598448,0.715513699944789,0.0786432561699439,0.770656906556563,0.0876317283719528
2.21075030149225,0.107630963302863,0.0787246693269331,0.0152892996999216,-0.409156232660634,0.0720584458738265,1,0.00859485414433307,0.227502682763321,0.792651101267431,0.108687145010359,0.554111811003741,0.0911145383756311,0.847437328375525,0.0740497770558357,0.680091665470446,0.0825620964795535,0.750512499367248,0.0821087777233613
2.08263777148414,0.101072404761301,0.059044573210393,0.0126523694165921,-0.311410747784473,0.0804334380082461,1,0.187304498599062,0.223015252734793,0.607699457046765,0.119615298533733,0.657192821962482,0.0853432380764236,0.656907661861828,0.0747613945947645,0.769162922172084,0.0776194242432586,0.698552469397387,0.080551414246937
2.15750019257233,0.0958463094677509,0.0608717531620471,0.013601822272068,-0.28222347804358,0.105021624204132,1,-0.151236028310111,0.271250021086481,0.844659773579612,0.128829488003724,0.685086559242145,0.0883412995835888,0.765611715661626,0.0721396751583302,0.6293399677549,0.0790656560277201,0.642635967221444,0.0919301306579774
2.24398118723863,0.109397823882428,0.0634531430243376,0.0157135056593883,-0.258964951547817,0.0931195431629827,1,-0.093270317091573,0.231307518734631,0.752948493872704,0.125919817121195,0.864932426321593,0.0714734445301792,0.711419566684051,0.0795805489099694,0.737881039321042,0.0782588376538102,0.750202576847004,0.0898882023327787
2.08630157764287,0.0917907337825959,0.0693639334072269,0.0133219241736841,-0.338798246646068,0.0821441258591231,1,-0.151099665581482,0.328197953569303,0.655546628009914,0.175126099885189,0.825058203456228,0.082055684934087,0.66903445099587,0.0719527043536135,0.61905556495023,0.0747909826276863,0.632234691875796,0.0908021514757399
2.07040222794743,0.101096266100683,0.0554325389995271,0.0131315022024745,-0.382006422398866,0.0786987775535199,1,0.124071139640355,0.202745745156354,0.463834589129429,0.136474598852864,0.810309438494772,0.0828896436938451,0.620009703594835,0.0842902253950272,0.756007742910779,0.0772705061884884,0.668353359223274,0.0887253137072048
2.08502183835258,0.105311855143489,0.0706033692434462,0.0162384892163802,-0.260819847448549,0.0962972103961117,1,0.336973169622253,0.217985137694915,0.426337544830959,0.148031735340187,0.744938057145693,0.0934640689355553,0.609221542083895,0.0826286187663992,0.640103862286577,0.0832264145584697,0.687766925267736,0.0842337756612455
2.12307096497833,0.0888514429628951,0.0694216519839331,0.0123419775334475,-0.254707217916397,0.0794497927440731,1,-0.00943338166272908,0.239435822341555,0.792193059291054,0.110925119684877,0.624294306399831,0.0816779414945931,0.731463204238237,0.0710044181435168,0.699427686487546,0.0700126842416411,0.727552797792749,0.0825373022409517
2.32902285894324,0.11217989501978,0.0650489843128926,0.0151318583175274,-0.33468265513438,0.0829739163969671,1,0.172133606907074,0.195409681379198,0.788169561792944,0.111054660752488,0.733362651947496,0.079619790460151,0.738021286654591,0.070034182394253,0.725773017811234,0.0789588853388019,0.795685368407797,0.0888434569554419
2.27037297039112,0.117209597516076,0.0912326399993423,0.0180321647394499,-0.390090690348869,0.0851012393399314,1,-0.0324407196840539,0.214990341696372,0.753825929629435,0.121014661331905,0.819408349758729,0.0820913836600632,0.687522356397251,0.0848920928645031,0.838203676425999,0.0786192557075676,0.72298121557165,0.0893548462622837
2.0863202791801,0.0967538748196195,0.0641583379025559,0.0120186911299372,-0.373755004656905,0.0792108630883479,1,0.175856004010118,0.229528234925008,0.498173644872155,0.151107930492805,0.786988516436288,0.0781271357372386,0.72073895472032,0.0808602059261152,0.530082955278507,0.0841788979989088,0.716944394062553,0.0778793422007533
2.00662100486429,0.0941819992470434,0.0521940358040481,0.0128151911697508,-0.288113835632885,0.0945585671808435,1,-0.0984661869170716,0.219079392989784,0.541276388289621,0.136883354425914,0.749712427313055,0.0831288459689436,0.728653964746615,0.0737820518094366,0.558995216388998,0.0912424505261978,0.64565936247033,0.0789041136205751
2.03994035474459,0.0972672581518812,0.0565063205111419,0.0132789490508976,-0.244237660241084,0.0883552736867344,1,-0.223624249186975,0.20286036282804,0.707274618399643,0.115405644120988,0.734115727800387,0.07989506243323,0.644027766117169,0.0723531533373404,0.709406962955516,0.0788027865337723,0.510343758146379,0.100267796397703
2.04796094654968,0.0977429785483462,0.0458089985799326,0.0121274512887936,-0.0381055069958366,0.106755849823122,1,0.0418051541995968,0.183365144252889,0.546335884022948,0.122767272038135,0.748072636031153,0.0878020847751861,0.661892202934663,0.0754104754491335,0.662272143206585,0.0753354385293742,0.718851412045456,0.0771740124501857
2.28307710086156,0.107245118263295,0.070453115282537,0.014943147262807,-0.350242194715717,0.0850589194072335,1,-0.643057713637408,0.345053204323812,0.958765880386924,0.139288382925906,0.864251365528432,0.0826986947602185,0.671158411279627,0.0859758291389232,0.81954900667286,0.0737133233351076,0.693650061795913,0.0867044657898167
2.13546652261164,0.122033035137232,0.061573179085001,0.0157111449157756,-0.293095338410006,0.0930275503071709,1,0.169523762487861,0.257782833601901,0.649659976855838,0.128284424543296,0.723145888997919,0.0887160594637019,0.65536083564889,0.0810869830499168,0.76107893581777,0.0812169466057155,0.559056034232165,0.0980899630454882
2.08468163773549,0.0972240218798244,0.0623250554123928,0.0133939233286799,-0.321605556305756,0.0823955084828253,1,-0.723923430992056,0.2844721360351,0.92115826580093,0.131429495158962,0.753317064573985,0.0895891693466775,0.768802979257131,0.0721714598017893,0.634028563137422,0.0782074878215558,0.601100764094431,0.0858097462835433
2.07157879811787,0.103049864880958,0.0578334903358017,0.0123154025661857,-0.349889926925038,0.0801682418544113,1,-0.134170055659375,0.24414336280194,0.63606175648843,0.147273388678879,0.821007492924398,0.0777440627028154,0.588979684625185,0.0795775809033503,0.762979148396934,0.0779614554576829,0.562937548936639,0.0901522460460135
2.11770235369027,0.109921030164937,0.0569773907229265,0.0124067138141589,-0.457471733737677,0.0671031299542035,1,-0.253543263755182,0.21743868945698,0.711614090813531,0.11695471108067,0.871248678752208,0.0838885368554703,0.703534758608428,0.0798711905295228,0.611303573609233,0.082148315127563,0.730150260898138,0.0894147042023366
2.12569046730475,0.119792131516671,0.0658540603394371,0.0153530760322702,-0.291143707403184,0.0904179017489016,1,0.173776110620889,0.209536794232156,0.548992987692622,0.135211284311368,0.705755990927364,0.0918502871986911,0.750135135062021,0.0863960248657413,0.714440176557267,0.0869849071611638,0.664104946137788,0.0887487070306762
2.42883045531777,0.129858611148316,0.0803559916482413,0.0168500242166842,-0.44681538463499,0.0764615309352073,1,-0.351424083118809,0.337054886683113,0.873468396953833,0.156225299496628,0.858844507450756,0.0998797814197956,0.850601489872818,0.0766648842995145,0.901906717687827,0.0760483362918389,0.847905881950018,0.0880873017888734
2.04407488551719,0.0876070306546202,0.045337977461752,0.0100667336619276,-0.348036214251782,0.0750180432513089,1,-0.0919692496894289,0.201161675585572,0.659435400983664,0.118383199187107,0.66964428109038,0.0836186127619821,0.814835954898509,0.0640649952938083,0.567933331425911,0.0819350192392154,0.770189469681415,0.0808341886944963
2.1773322097545,0.105137435184319,0.0657468238426626,0.0132302276939099,-0.313775625257305,0.0789995930481629,1,0.346445540535722,0.195533165513145,0.410650592548569,0.131802154552533,0.826777059226704,0.0814351877309559,0.724990286305692,0.0747421266766868,0.683906698468082,0.0775000355839223,0.719651224057435,0.0838202461280418
2.0072521195804,0.0885901143159421,0.046856189887781,0.0114927380863748,-0.275203541092102,0.0768894074562022,1,-0.15512379058937,0.250071983319545,0.766917086426675,0.127182217553519,0.535530713535334,0.0930428628579341,0.71048018931636,0.0717489161490338,0.733795112544607,0.0723990071169582,0.629000375354306,0.0819245805153208
2.09181724811447,0.0968479776994386,0.0582410715381459,0.0132233928000978,-0.385175060493992,0.0739296448614961,1,-0.108184966123826,0.215044498176026,0.714960730265931,0.111643513713671,0.765202305283579,0.0753510381252936,0.679125338920976,0.0746839091085711,0.664672787859403,0.0845860291485847,0.664477587739434,0.0858178964935191
2.03780288833615,0.0991664642544319,0.0610192830276608,0.0135105349955336,-0.247737984196468,0.0859047512366098,1,0.0745446521610644,0.184446819893205,0.537802616424124,0.123179764830298,0.796761741725421,0.0829060503699598,0.633549219066647,0.0820539629411525,0.736029659183361,0.075146336378662,0.597977406449455,0.08910704614366
2.10064576475242,0.0925370572976014,0.0722702565192856,0.0152778439920083,-0.260861775693704,0.0818522632445837,1,-0.0800957742666312,0.213708380784452,0.719077690212712,0.106551776349122,0.762070361960778,0.0712785053639056,0.656846064071241,0.0710389291482685,0.715503718910581,0.0787544562035055,0.713952056622642,0.0879635207270344
2.04040527770051,0.0913648162662482,0.0571651125964201,0.0122990593421826,-0.2263975011888,0.0854892669073965,1,0.0383935639903918,0.18646358084729,0.547846750185433,0.118394759038022,0.709140448533354,0.0894613957897174,0.693207006700752,0.0775922300949199,0.547872986078174,0.081116554793481,0.791882069961502,0.0803577418378489
2.16270810774783,0.10533457198108,0.0563197074655596,0.0123125678813936,-0.271499386034357,0.0942601244719977,1,-0.127235743524689,0.282599511675074,0.755680328610972,0.149451307604285,0.797065671794377,0.0877873674342452,0.679950753521201,0.0793535414001545,0.6436822589725,0.0754518058287514,0.810974194287378,0.0818296927549061
2.01897514900204,0.0933712667813898,0.0543617309467323,0.0128328698339769,-0.208203220211856,0.0828720400053583,1,-0.113186225295846,0.211423205593411,0.672474203342341,0.123580351730694,0.666264350500942,0.0864264195556742,0.639579871569634,0.0711022943821236,0.651925921447331,0.0794365083463147,0.616088761836675,0.0809137614931683
2.07842241734684,0.0955731766962638,0.0735503973261937,0.0138128097806459,-0.274067360672089,0.0854782818174183,1,0.065775294508332,0.213913283607892,0.656648045719775,0.117987576001202,0.754802565578629,0.0749289248200887,0.611013733601163,0.0810186979157133,0.574634028898541,0.0842090464776177,0.651398436976941,0.084065002480845
2.0274958557427,0.095352431736018,0.0713593556334433,0.0145235274453231,-0.295973349344037,0.0786145790954024,1,0.319045037830958,0.221376676804331,0.538341571452143,0.131409287622377,0.516542932019374,0.0910686310211696,0.712230190200839,0.0705823064916048,0.737961426358384,0.0774703979743734,0.596355671535031,0.0904843398665292
2.09099060339904,0.11043844911666,0.0629058446075313,0.0141293687377092,-0.234235718590172,0.100764366647605,1,0.103100612772885,0.22123922270073,0.54562993977078,0.136298178981385,0.767541136956993,0.0864995905789775,0.76815080959518,0.0742405911061682,0.745298871252978,0.0780778940845794,0.63953588428598,0.0909105218820953
2.14699319726896,0.10434830656323,0.0505407659203485,0.0125799791273257,-0.386496033052554,0.0807529920813385,1,0.0633996348933137,0.196356384820442,0.771640704565957,0.11285568636026,0.679078694880635,0.0901095474796423,0.743180497405161,0.0800541152766432,0.619942469077205,0.0826172000776759,0.689777812470902,0.0873069178123513
1.89779938894667,0.0896006372532791,0.0513957925604556,0.0121275906835034,-0.349806381352437,0.0834126234484058,1,-0.17713647302435,0.217093670876164,0.686040501079054,0.112886587839042,0.564060491639617,0.089675841597747,0.640599260855224,0.0736835523129218,0.586874332899547,0.0844906776705132,0.616412979320006,0.0843237905266548
2.24443972990285,0.118772862444829,0.0643784360393698,0.0141450023521705,-0.444809668963398,0.0744052778295738,1,0.199460190140259,0.220681479427447,0.73876104275613,0.125619816764133,0.706860962456905,0.08834083147837,0.822584994139124,0.0777206527928026,0.805252003360289,0.0831982818177155,0.510962620986839,0.0982905157835943
2.06162998585718,0.106850308501822,0.0639259600314111,0.0144881414547085,-0.177821465459284,0.106345491024998,1,0.171015673723624,0.198810456230703,0.588225207244297,0.120562109310102,0.73637736918722,0.0819415796120651,0.599974935546404,0.0837143509034545,0.565562352037873,0.088056547939744,0.62045823104349,0.085721628966622
2.18508477580185,0.0988571505495294,0.0634908143769175,0.0137374017985513,-0.23377179871156,0.0995171008107101,1,0.0205808198113892,0.192475514909646,0.726510528638788,0.105940429482675,0.726056806952105,0.0832413089224696,0.783106991377861,0.0724869478409223,0.585088110623838,0.0883539020578394,0.790255709442351,0.0745541927197905
2.12760718996305,0.104847754169646,0.0629301709502532,0.0130443367918875,-0.272972534098847,0.0831939712102966,1,-0.0179044211056899,0.243084055715896,0.617836037422837,0.138088697829135,0.857316865569488,0.0772039032310062,0.611469142069231,0.08457511945431,0.667350237877209,0.0837904975087125,0.778580462341058,0.0758330066874877
1.92026800730083,0.0847425935147224,0.0423475724826859,0.00995298971039091,-0.192245681668537,0.0808815258772289,1,-0.123412607737787,0.268466835490186,0.70030891098876,0.129371467107777,0.571735720691853,0.0829595228912231,0.626043964966094,0.0718080446628129,0.60518844743473,0.0770585559310972,0.632724254640266,0.0894908205256642
2.14656110276489,0.105890399575681,0.0758363988814536,0.0149795508622094,-0.222831403874203,0.108044095322068,1,0.533609640695645,0.219379515980552,0.356408087299612,0.155732738448133,0.831490797307054,0.0793791324093047,0.594995166935002,0.0875982545598971,0.758970762423122,0.0740847370210077,0.695448546699995,0.0853733207215726
2.11042223745301,0.103165036802351,0.0522993961540591,0.0126026790359562,-0.312982064286168,0.0843235625649023,1,0.0600641486654309,0.248677869500146,0.680731366265265,0.128140357230715,0.710173999899157,0.0832192631039691,0.813957544962354,0.0702693905087359,0.647992355366535,0.075997039490709,0.593394513934009,0.0935182717088534
2.1007143118468,0.0971680472928358,0.0753805828482979,0.0152496377353443,-0.257119479910351,0.0948134623052582,1,0.141044034225717,0.203882759123879,0.556970952701019,0.132299522180192,0.738393646027303,0.0934602266060266,0.706294162858233,0.0822143456543086,0.744820430828282,0.0766009287151892,0.689395436269524,0.0757372276340598
2.17859070667131,0.106709662810488,0.062307813776014,0.0135671880796594,-0.451458987290502,0.0750848234893744,1,-0.226152034434716,0.246485386574681,0.854095107856987,0.119867506184736,0.754624269528424,0.0832287285493046,0.711895158316571,0.0810841176131826,0.674394074831257,0.080218188773447,0.855328898305689,0.0756903587282906
2.24635534402305,0.114798537442381,0.0845585673454723,0.0176410703580152,-0.355364753664861,0.0807467337796486,1,-0.0200952009451998,0.203032993709404,0.751021416490851,0.116920736015164,0.8178426987789,0.082692418563121,0.771445732060409,0.0782928765643103,0.716165866446708,0.0783042590041438,0.744257818544017,0.0855346862625772
2.15454135120704,0.0997189676410115,0.0474840611668129,0.0108401249061039,-0.363221057331672,0.073746372918737,1,-0.279777247306257,0.261167380908577,0.791056185254226,0.131352446647404,0.734032866052227,0.086793740245276,0.735115396258082,0.0827694327561351,0.677386504075188,0.0824336083779514,0.749025412801362,0.0804173844989251
2.10026708974766,0.112971890104275,0.0555141994689755,0.0139518968616333,-0.349375174855232,0.0880196014898667,1,0.244535910927287,0.219613715521304,0.487420924073059,0.145106235761957,0.788794115761008,0.088684982406997,0.656068755890935,0.0836696574782571,0.638523462749034,0.0815589243599546,0.650857114909779,0.0927156323485584
2.05568087192241,0.0952081335714283,0.0574664286408214,0.0134133889173563,-0.188289473932278,0.0916805669425156,1,-0.241880267099194,0.202068670569911,0.785587360335013,0.107116343773621,0.765129349412894,0.0779594773050563,0.559598637224403,0.0871234958976243,0.665768143385441,0.0746019106795693,0.707803502871325,0.0812024034995642
2.19450859309844,0.10473311006309,0.0720529065941676,0.0143896982094549,-0.283240333567191,0.0849290445144536,1,0.297683182826351,0.192218176991254,0.601910270405578,0.108987344734754,0.760753772135191,0.074156123649746,0.712400950388099,0.0790980785138315,0.670851757775113,0.0808282881045755,0.832740641739876,0.0780361406109178
2.25145452835643,0.126851614594095,0.0758122873419115,0.0162403289051395,-0.315431956308679,0.0837113861394224,1,-0.0581328995450887,0.221367045621376,0.777588946586762,0.121058953123019,0.752183537041694,0.0906318617464091,0.818828919931329,0.0878019841692294,0.809157397644347,0.0816767927799742,0.720972390772245,0.0949406425605547
2.14597118673605,0.0993297164058791,0.0570381712539396,0.0129256539903957,-0.312921878558048,0.0886800344940336,1,0.193038756048428,0.214350715743419,0.76794401138345,0.122022507013168,0.653281225605681,0.0909579621956611,0.602000115005525,0.0804197978390984,0.682138823621965,0.0785177932280111,0.717243052487769,0.0835911787171173
2.07093044949011,0.103231773389848,0.0427672493727216,0.0105277849375555,-0.428202971184777,0.0674324224900789,1,-0.122879319558313,0.239294777425497,0.728288526610846,0.121739225912801,0.697499071335634,0.0813724088035947,0.623712588578436,0.0836274879993223,0.714509689472137,0.07972938204608,0.698812229229309,0.0860691066082513
2.31279467538316,0.131711838011809,0.082948310710612,0.0162169573491112,-0.362086905906693,0.0898194218317996,1,0.0717725491773083,0.23452408309171,0.651216525282396,0.146815361726552,0.863970814681222,0.0839152270619865,0.817084808224238,0.0814522287671515,0.807321771134341,0.083323725411844,0.774429894740553,0.0872238094894918
2.14894166424416,0.101662319293372,0.0727396978138531,0.0145048755627708,-0.391459670383725,0.0719446425639171,1,-0.0885502044402609,0.179807290939562,0.717024886531916,0.10432159569622,0.604169640540835,0.0860566943797754,0.781725537591542,0.0713042095013988,0.776663999478974,0.0812248420885835,0.627491454180879,0.0948045067979336
2.00565159797342,0.095491303641707,0.0692242871204972,0.0139862723205213,-0.295510606696848,0.0829814009489508,1,-0.183828491914078,0.204311214202416,0.657070421124093,0.118646404153989,0.673093767427279,0.0839139208945231,0.736849496512921,0.0720825858748058,0.721370466208538,0.0784934014847786,0.604619131517048,0.0872929684931269
1.96136354484187,0.0946211336046877,0.0511491622465647,0.011748307738538,-0.232444777707778,0.0911049205054453,1,-0.172386745620477,0.237360224608978,0.718828879579666,0.12254044215894,0.596026647012816,0.0889531514466499,0.667137902512065,0.0767797319258697,0.710032082139233,0.0774911146757801,0.675089385327906,0.0841390082307986
2.2457529349031,0.121903381729494,0.046428687635567,0.0127662249809291,-0.319677524435204,0.0830129454881052,1,0.479947938680159,0.201769926454384,0.551039335998714,0.136001948474656,0.733537913903887,0.0846664565744925,0.752306388648686,0.0821803628897376,0.77885263173983,0.0853535016345062,0.617802338931101,0.0958814032997808
2.07349955258083,0.0972097676600848,0.0570031904713111,0.0122429667673788,-0.331493565725395,0.0755780986895362,1,-0.24613491524652,0.205631509438105,0.817604290543573,0.0980986220183501,0.626159862236192,0.0859982439248694,0.73491453027678,0.071462350659374,0.639902963893427,0.0835706392167958,0.620873374427064,0.0818691191712593
2.08534299881691,0.0965900215716501,0.0492294595558337,0.0113089530036929,-0.205276967518673,0.0925791635355384,1,0.045968862450876,0.235408225075151,0.684490191487913,0.12729521149234,0.653116402609698,0.0900296780549663,0.761766560435177,0.0718516704320103,0.682791737720509,0.0784042121405963,0.572533453098049,0.0892724403460926
2.02842966731847,0.0869137646291093,0.0649147729474612,0.0128389432995245,-0.299079739640579,0.073708878515806,1,0.0623325679021765,0.21375557545838,0.518860909925629,0.145780108394401,0.715698184061537,0.0811241631747601,0.643618823432631,0.0734896693040076,0.699769909830766,0.0749171948375702,0.580540574462616,0.0869679845282696
2.0719904106094,0.101977803273765,0.0488770315739505,0.0107664917086973,-0.315078428168732,0.0840111389761793,1,-0.380683917514023,0.279842450460351,0.8472440934627,0.127192531953783,0.740367040850267,0.0814697658135093,0.646676883224687,0.0848958136911765,0.584863744423712,0.0790256592077744,0.687701540037884,0.084944819299056
2.13933206539139,0.0998379528611519,0.0632025661492991,0.0135893421942594,-0.366896811834228,0.0744848226873404,1,-0.268150182782698,0.259424311387612,0.788248681465759,0.13483259269888,0.733198934150968,0.0770827333012365,0.761808959045501,0.0751592796139234,0.712614452840358,0.079022093763202,0.768804004123723,0.0801997596209383
2.21295532698498,0.115368035409301,0.0648687209350518,0.013471693422313,-0.438218756392572,0.0772555163849065,1,-0.00998991404381494,0.209041466761386,0.820846068661649,0.109158984298494,0.753449318482535,0.0882263174569885,0.686230311700051,0.0845909473007221,0.802075490610631,0.0796361911348632,0.780137823258778,0.0832194427582664
2.24222711058493,0.115922386381402,0.0648438227141256,0.014368267261137,-0.365471576443127,0.0839117399407011,1,0.146969060288168,0.269016410719352,0.807813938714516,0.132108264250923,0.610108857712692,0.0899883273837748,0.785681563124259,0.0813140307638549,0.695553926404292,0.0826650957018977,0.764871417023651,0.089785498073062
2.21427340829463,0.102130815145983,0.0699146381230701,0.0138500988530707,-0.299535965323792,0.0786763442143537,1,0.215365010792961,0.206057786227124,0.725714650904605,0.117877569178646,0.676507432960409,0.0868489420004239,0.783304574751385,0.0754889597735465,0.67690115183193,0.0785114881367478,0.787360222617436,0.0820629957867669
2.21801339144406,0.110270663665969,0.052681670297322,0.0135618808633305,-0.218420662372237,0.0910354345613949,1,0.152243241541118,0.246435251312611,0.734714811140615,0.123180758711012,0.71137867208948,0.0861689236533639,0.768319390520218,0.0784228981388952,0.716526546821072,0.0787872799430986,0.683529039206857,0.0914170821264314
2.04996802072883,0.106524315436047,0.0568800703706685,0.0121520959689466,-0.325511308456874,0.0818487546882359,1,-0.0214338476862569,0.202423622245953,0.732950360371503,0.108585664336294,0.629222461806455,0.0868498675925103,0.751556967358787,0.0744762882746408,0.606532390004864,0.0862658774890563,0.664810902070457,0.0922777592660389
2.06351792209972,0.093846034362104,0.0620484512309581,0.0129030491266131,-0.38855661289669,0.0678376488932373,1,-0.210746388484984,0.252927320108358,0.678643984766373,0.137253169247239,0.772076251669439,0.0729314675641872,0.691483678360122,0.0768886667283983,0.665867593914295,0.0756250254645876,0.736488413240527,0.0816970348110191
2.1764799040508,0.107973068671716,0.0795587812794507,0.0170278504817694,-0.252270884832517,0.0934597249455513,1,0.193249084330136,0.222271411176475,0.759794551421079,0.115160156743249,0.585429043114342,0.0950415181913382,0.67580047858741,0.0824669154294056,0.742398534219404,0.0717593631611227,0.725151643777095,0.0831289229352412
2.225719564992,0.104182722810717,0.0585884292612694,0.0130882410486276,-0.336702363741874,0.0833785573161202,1,-0.0274464172007918,0.237108846342243,0.786972896101689,0.126722151336877,0.643948968658015,0.087555767810636,0.840327119656404,0.0707907854454778,0.741810951453671,0.0777618532891196,0.683033462413986,0.0849990508300152
2.13215025590921,0.0949857273503729,0.0495155869830471,0.011695672972291,-0.298575854707944,0.0798651074042953,1,-0.296280864204617,0.235530261698387,0.971971612750936,0.0989228726249159,0.601971004655371,0.0837544618889142,0.679040167215961,0.0772458164502127,0.774700221309937,0.0743302135109886,0.597607663385217,0.0903582829110042
1.91230249559797,0.0879672594968971,0.0504414015042165,0.0117456695911116,-0.0408643462616486,0.112825692883942,1,-0.214432022996266,0.241847396056047,0.590088594961184,0.133531749486711,0.659181215287763,0.0899071813859203,0.700161694098997,0.0740324661977837,0.570591687845161,0.08431056433982,0.659944073595631,0.0810047857125091
1.97570369546067,0.0976936518239383,0.0432778456345863,0.0126033691699154,-0.226722809809349,0.0952036233746357,1,-0.157929576869236,0.204045587970195,0.705132432644621,0.102018024745196,0.45213339883561,0.0945286539901661,0.802495770318304,0.0745182363294445,0.646230281926454,0.0778984332055786,0.557974994448685,0.0941361171652037
2.18194647418003,0.102252776572756,0.0598163984283624,0.0126086127024697,-0.341944147301436,0.0774917386146003,1,0.0910578277171499,0.184833363500006,0.765807253860693,0.112641074353969,0.635515575845652,0.0918691696477553,0.756423816906727,0.0784388811774378,0.75883737507321,0.0784292525492488,0.736066873118232,0.0831170098040481
2.22065822443881,0.117288395671717,0.0787729862989008,0.0174080462755521,-0.362171412005324,0.0791554224251928,1,-0.0949435761693357,0.22662221399456,0.751372461846567,0.121046252293236,0.801361452634456,0.086007235827975,0.80190437597613,0.0806192501409185,0.620507123375753,0.0839261812797323,0.801901988932664,0.0865417905093035
1.98432668999223,0.082346176228901,0.0383432491639112,0.00926879756123586,-0.124729381978424,0.0849884886006322,1,-0.00114142993347314,0.19282258989223,0.555820087747385,0.110149187586377,0.738826680671358,0.0715339165682918,0.655224925143709,0.0692266190322902,0.702870890870562,0.0777890567502895,0.722427059950374,0.076279897720417
1.95419391468861,0.0872849371199555,0.0439655406136246,0.0106613462004462,-0.102192701639368,0.0930642787674661,1,-0.507751736121196,0.316746680304456,0.893629367298495,0.136838793075037,0.594344762047317,0.0875698894077546,0.634486899864538,0.0761977482408447,0.576496466302141,0.081113502821999,0.707197296399739,0.0787695543296049
2.15607308783276,0.105024311824396,0.0542881222797128,0.0122339038513377,-0.335494867938978,0.079809524820326,1,-0.105299102739862,0.255573228324729,0.811089620783414,0.126013827375568,0.644242944210346,0.0909822928152117,0.823131024455915,0.0766895463493065,0.662996307940495,0.0814047728549953,0.739842964911751,0.0791770424309634
2.09847887571379,0.0930810559008431,0.0531391688411189,0.0119410874585093,-0.277065041109093,0.079423249672226,1,0.057698200376182,0.229412417144807,0.674660740790928,0.129557969317334,0.691741960799526,0.0791029870510802,0.620639492342525,0.077538506777294,0.631519725086665,0.0830073089863917,0.722291534781438,0.0796042399839738
2.27529937536433,0.120329471759055,0.0840497911636945,0.0165799777938936,-0.383400259848185,0.0866880253990953,1,0.290151102835716,0.208686772571919,0.747647920669419,0.11941921058793,0.731691458226681,0.0874492559697169,0.74648294549421,0.0836166390889913,0.715952167864199,0.0848422396162454,0.770684942232685,0.0941780661557799
2.06052415722946,0.107684502798716,0.0502344036122331,0.0119464852336604,-0.316368843976315,0.0934189062660212,1,-0.13469393484153,0.259174581617543,0.770343989383259,0.131143530172552,0.723705541651654,0.0883035608976884,0.569094710620056,0.0861712708626866,0.603054296514602,0.0843810433363006,0.76294502600029,0.0860944627436071
2.00694667182281,0.0925385170759868,0.0294557414642398,0.0106789235270254,-0.267593823913265,0.0829756123242214,1,-0.00648496364858746,0.168718697788186,0.462636505722738,0.117708840420295,0.886947752330206,0.0643116483837972,0.611686145790755,0.0744034834238769,0.466284835002671,0.0899877465468731,0.608070405664836,0.0973079804831062
1.95533548867063,0.0974484620429868,0.071821837629954,0.01662451691498,-0.202873790235889,0.0936063424803995,1,-0.260320673121164,0.222870428240986,0.713490530106677,0.110234899565021,0.686965651767861,0.0818969393023996,0.627704715120521,0.0748135607129745,0.574368845829644,0.0779797202949847,0.582869298609216,0.0918661170194595
2.12215807226184,0.0905229451616082,0.0703050888786245,0.0142754866450652,-0.249640805821023,0.0922257040924204,1,0.0087832990539301,0.239947372432202,0.72044439847686,0.123189140281615,0.699766471336227,0.0877006049002461,0.576543258736747,0.0784904993782202,0.779701400667193,0.0689354237607228,0.641900999255367,0.0881201377658721
2.13587376736919,0.107348259045028,0.0713266145634363,0.0145431912948009,-0.377976068577256,0.0927374809848932,1,-0.141006222397604,0.237325830827279,0.696128109884744,0.138290417308612,0.82739600397319,0.0881081913898872,0.673020570873539,0.078042001563096,0.689665446762474,0.0796875662570783,0.710076454939637,0.0859823605998122
2.1712260006091,0.103232206094904,0.0694825506754665,0.013847716088902,-0.327788685261662,0.0831611147819563,1,0.254131840496365,0.210479236471661,0.70077329710638,0.115054558387507,0.592381380167517,0.0901168032924826,0.696014066707959,0.0761787368719417,0.702759539323769,0.0844936830422439,0.765385495952507,0.0802998415137596
2.13427470250737,0.103339741495238,0.0568206860434795,0.0124064474849954,-0.313471469558358,0.0923362015861521,1,-0.33517044411614,0.232789364872675,0.911083323902889,0.110428222756883,0.560632924035409,0.102145697130766,0.758942931014711,0.0809763455133543,0.711306051340929,0.0803600626752705,0.602049002712543,0.0878776401696344
2.26150773151258,0.10233554297138,0.0763362889684154,0.0158988486667411,-0.206985337305895,0.0877718140432722,1,0.299142784212039,0.221108317564674,0.713541848027891,0.122408158165236,0.852088201541501,0.0839454230320477,0.685112893487055,0.0770562092773503,0.713331309737479,0.0788386335247998,0.757040960375745,0.0814501680441431
2.31650519893293,0.121590505630423,0.0765115826105049,0.0155531826716459,-0.363448670955358,0.0827978600786398,1,0.184667167518523,0.253006950500259,0.618731709370382,0.138300329065623,0.849322883159258,0.0854849244189665,0.756977244981311,0.0773455450749913,0.79901294990462,0.0770334838885301,0.827901677395037,0.0831973948643769
2.16746687885265,0.104482122801945,0.0637654050647336,0.0129809092481838,-0.488328918969506,0.0634117141184764,1,-0.390907048757338,0.258328759649455,0.90876570134542,0.114035336943777,0.735093456530315,0.0914066837982296,0.727101171793073,0.078305504154811,0.757001588203479,0.0786133948939583,0.826494317842863,0.0835686703501862
2.05966280691036,0.0940358018432267,0.051392234483569,0.0125968973968769,-0.214952176503286,0.0965477978024531,1,0.183080865463324,0.203470849121388,0.644458467734518,0.118346034145451,0.61074295816114,0.0897465351898473,0.768402601729957,0.0684668005864264,0.682055481293375,0.0796856754702845,0.631235009340553,0.0836648494416666
2.23934582859985,0.115907873867422,0.070826347855902,0.0151934632742305,-0.424044776542333,0.07807440287675,1,0.0649001408084131,0.244581964164086,0.717024324056178,0.128004083928261,0.80875187383856,0.0878011629625753,0.725757317425693,0.0854901122465277,0.721572976133661,0.0848303416693367,0.739606247544819,0.0829769964415743
2.20392221571035,0.109150230936841,0.0704881821672303,0.0168852098031219,-0.190561809480355,0.105910532443525,1,0.0658455267552317,0.306421660648836,0.800605766028482,0.146377683674699,0.701244441506824,0.0843954057875131,0.669769073880546,0.0786159977518589,0.625744958572527,0.0852618711007761,0.84711564957767,0.0782551355006683
2.08659235021023,0.102138891894464,0.0674389878614901,0.0137951916637624,-0.388150496304826,0.0752636826633627,1,-0.478182934402421,0.257258751092913,0.896389828899265,0.112741310934388,0.72785353440144,0.0797205901363866,0.630633960336523,0.0871334110864297,0.698245942671909,0.0785948946671693,0.745785937532752,0.0861449632551689
