"beta","beta_sd","omega","omega_sd","rho","rho_sd","conv_code","tau1","tau1_sd","tau2","tau2_sd","tau3","tau3_sd","tau4","tau4_sd","tau5","tau5_sd","tau6","tau6_sd"
2.43899382244042,0.389822763007836,17.6657794781834,4.30460056099301,-0.522562273160998,0.0979690957834645,1,-0.0110534534258917,0.25662626535105,0.553608496278082,0.145405015917524,0.709957383480692,0.13053680197944,0.770503031797458,0.131334736981285,0.366504105984798,0.152884327602279,0.714137692894295,0.165676654760281
2.98592373121013,0.447578004576678,17.4956632155574,4.2402450372896,-0.675158022762484,0.0775681642201998,1,-0.399812602487801,0.328055617989377,0.816472848463654,0.135970255380012,0.704447091336524,0.142955271619433,0.682025844546353,0.144844586207281,0.768989261433894,0.142360519130002,0.933725213083427,0.144321164119101
3.2490933960677,0.466394148435661,18.1235271884117,4.56647134910965,-0.610399155728462,0.0989004329304732,1,0.192567057664545,0.382834518899154,0.67934380430863,0.15693837718614,0.746791080136718,0.134950696241322,0.647776309211126,0.166202595719261,0.576905461237232,0.166918541155305,0.944776735368935,0.150030832179024
2.81630716232207,0.461185106000498,17.4578984520891,4.70199320866673,-0.729243599063821,0.0664394609107887,1,0.270116009262858,0.364308192810052,0.727805931565961,0.148150719071318,0.739747712044154,0.161395795298383,0.759575204563086,0.164564469024081,0.880078363490736,0.14557463811293,0.762638835349292,0.170244034320599
3.30923505667579,0.486572256102657,19.2563505737588,5.0615520116342,-0.625672749446444,0.0919698182823877,1,0.667425360843737,0.348436528467739,0.581289659428541,0.170246914073557,0.677816484816194,0.157635713325173,0.627744507754121,0.158490967464894,0.960985703872369,0.151071274228669,0.742006501397001,0.165687644422637
2.93062658205004,0.379797418937539,13.2443808407832,3.1357065075777,-0.545306267432438,0.0911582751181344,1,0.0769406731402402,0.296903135106239,0.494047391401853,0.153559206738565,0.542188215583783,0.134184458177578,0.590867197463636,0.131999438812216,0.724150090254016,0.153560730498061,0.496157485850142,0.180931568563332
2.06414681242426,0.281085891200813,8.45744777050467,1.87143564746,0.0477863221502708,0.152372223974031,1,-0.0313821792706281,0.198273855821015,0.451095852995459,0.124285849231097,0.52126359482213,0.123611297615207,0.428383294345884,0.146692671410054,0.316067763077084,0.15833121887058,0.650543226008926,0.121174103833538
2.61206571828972,0.372112177279343,14.8455417390176,3.52274372126094,-0.564595581266691,0.0891247775107162,1,0.673339026183002,0.266185389520944,0.501033224790839,0.140027502170989,0.76774957080225,0.122972896848024,0.894594933558321,0.142816362751919,0.71265296509794,0.150406297567241,0.593700513561684,0.181491489192271
3.09273938118044,0.430110822793822,17.1179399589566,4.0089105196946,-0.610933110056456,0.0781348521029989,1,0.105572871394413,0.318031930499654,0.414340125384862,0.150454077697341,0.814788156462416,0.15879985018974,0.596854567931311,0.15568764148167,0.798890942846459,0.128678819911303,0.782176689680946,0.162081437362341
3.35012248991926,0.468156037311512,19.9917776249895,4.83324124133214,-0.549483976497105,0.0855528653279911,1,-0.10887138351761,0.339201061083121,0.658050329951889,0.143982753456195,0.899160753024517,0.115522180625023,0.529975635376085,0.173384435003109,0.947193484191341,0.152521105233805,0.824371496922916,0.157494416879567
2.65754681842783,0.407427342097136,13.3632467166087,3.30494383497234,-0.637778733183035,0.0886103179047925,1,-0.732359213810653,0.357454561985364,0.874079145063704,0.147758915780124,0.689914765204571,0.161124068549717,0.766625044877862,0.140380179773311,0.68022955365793,0.136236314270743,0.448934391140194,0.159683580177515
3.03715166434275,0.399773845515359,15.8246923376887,3.46885526481411,-0.64325378992965,0.0696736739499648,1,0.386767672486176,0.322761991201186,0.793453718158385,0.132269044814159,0.668996685945053,0.140422801869425,0.659430908866123,0.139102486304393,0.846356352878349,0.128562887110764,0.715789443788675,0.137364002918691
2.25012584969655,0.357799891411835,13.9057667540648,3.26725258733892,-0.555178307508173,0.0898837732132347,1,0.174755387798728,0.237183173533344,0.318429510340759,0.150798995774679,0.451550891841344,0.149674266127338,0.58669176342978,0.144035571957237,0.586888622032037,0.153259296906097,0.663019918686593,0.156537578823823
2.35882813933488,0.332964677295478,10.4366986850313,2.35626165049616,-0.459011020541036,0.0998981711562841,1,-0.156328173139181,0.259294416980335,0.5211214111608,0.135567266697936,0.545633438189135,0.125115091459577,0.666186741175583,0.116907502842007,0.647365029043853,0.144116566014191,0.512661576860303,0.157102259790772
3.01890403949191,0.493331895726367,22.99508409694,5.80715703851455,-0.718288525912435,0.0696581213396038,1,0.71048244653082,0.36517844135141,0.698694541831985,0.14437580896793,0.700052805573347,0.175280438805521,0.98204030824395,0.133520225145798,0.754496933443941,0.160204939552101,0.607776501719707,0.18803699655207
2.56231159798765,0.407139613945644,16.9711098317398,4.11273764015225,-0.693716874537449,0.062637974433957,1,0.117903404164779,0.318470598206161,0.770351472902479,0.147895277477061,0.68317758522204,0.167130324526502,0.763352896105529,0.133545990673611,1.09236818170282,0.132248179488935,0.835434867978654,0.163343465600498
3.08043129795535,0.54079160172869,31.2248334902527,7.79977702342755,-0.689693622773317,0.0656817884082966,1,0.0692155045581206,0.282412757535657,0.800476314145042,0.145764989856831,0.922358199753415,0.136771485123047,1.00210510844269,0.151585307089805,0.856658030105074,0.155042554857699,0.777043768534263,0.201503367135449
3.79290052615578,0.550183836597214,25.0046541180718,6.07379150963748,-0.62946187578136,0.0728361322159295,1,0.0647261223476064,0.35080283380051,0.675125447541952,0.189758736180341,0.883690195433662,0.122472580358052,0.99486025987425,0.129008014076151,0.632681326697491,0.158754037763761,0.978595628615193,0.16015804622871
2.80863730598324,0.396532334685406,16.15504156041,3.64427643355204,-0.726034944533517,0.0623940043819577,1,-0.129385910624381,0.350761410772243,0.826168378000737,0.143461224478994,0.680368406044576,0.139942805151152,0.855295520299418,0.134607190903379,0.757563469514647,0.140975785889477,0.799225058549986,0.152459792385717
2.92404321972331,0.426146777331952,18.1064436620063,4.42073932743763,-0.650154979640424,0.0803527966657708,1,0.487185547639255,0.271328659926671,0.725204456433151,0.134235987612155,0.903009944267469,0.129798959533543,0.928024229246559,0.137817774837005,0.516689834664495,0.17506762626535,0.732609557677254,0.161758780718597
2.73865479258096,0.373688839679019,15.550545482354,3.52126725822025,-0.567185854946421,0.0956226198178534,1,0.0949480540595835,0.296026979603831,0.643458540679686,0.160274104399871,0.775773791070237,0.130050982692395,0.806598660522062,0.0982564283196559,0.568152660303881,0.141053284459522,0.480176045579784,0.167459268736204
2.46520202696559,0.373321666690713,14.8456052539545,3.41672018772607,-0.532714994548176,0.0821792230410924,1,-0.116879279262297,0.271511203760597,0.462860346063095,0.144036137282695,0.595721935207792,0.138333597863615,0.559986650282067,0.174208859743182,0.612559278750895,0.146059769472819,0.714656836681994,0.124014544111574
3.68362973009701,0.531032083351283,23.0568131790795,5.95975058870123,-0.646630607829282,0.0876614283074995,1,0.726820135057242,0.341773085210927,0.6917259023385,0.172187536899964,0.831149008397531,0.134671051356301,0.782865844897103,0.162986196106549,1.03099155635714,0.142493931724106,0.784397071369795,0.162455584014177
2.0993053754385,0.378619716534801,17.4143477008586,4.20817658442106,-0.561390890168124,0.0957585366807399,1,0.22687016930666,0.313424497437438,0.68688765209798,0.139314275375114,0.761206857847691,0.161070438363686,0.687106421284208,0.149191114373845,0.634521785879352,0.154700915477089,0.775153172047994,0.153375697240085
2.45080745009183,0.454497667431356,18.6150885784516,5.1745562101432,-0.66172663181023,0.0837015425491233,1,-0.468710081568869,0.384497125642989,0.566658165752058,0.176937289959332,0.615454477339341,0.15767305599326,0.929700028398216,0.13533788673113,0.355172787398369,0.19180280726556,0.642272866548805,0.184639421030558
2.91843168274025,0.41884053691673,17.4861337017241,4.17076920795565,-0.594892286313097,0.0964799078355185,1,-0.0194984318848212,0.255285958999352,0.504288103031602,0.163424743220486,0.524564666349946,0.14810194407832,0.583806628108195,0.163198981278916,0.559787237958493,0.156998874666274,0.751363025670694,0.131428925022589
3.141119238187,0.385112539661002,12.7281289208913,2.82512422273466,-0.588658012766466,0.0772729237225538,1,-0.254075721845479,0.350794766436806,0.927772730148254,0.128333442841223,0.798675448858874,0.112384274031497,0.695688136649758,0.126784766559199,0.790889228232312,0.136170479745618,0.601509507411747,0.167360328983374
2.71360842124922,0.388537074711724,12.707112553183,2.93834079703389,-0.587110777353649,0.0864311553555484,1,-0.107033464275338,0.305265069585269,0.680483574493973,0.139174681583006,0.871192491131382,0.122468625883369,0.631436166091219,0.140574206161445,0.669261321051531,0.148712577006802,0.634181417154607,0.170643644078892
2.30828071940354,0.35213814866743,13.2463293011033,2.84323042665591,-0.525550260123893,0.0727193118634803,1,0.0505458691504373,0.28931054492426,0.725943495849861,0.122005743042347,0.494245742935156,0.133248097389105,0.68392726582819,0.142306154419343,0.560010094581902,0.144223857897314,0.56303902761636,0.144060819627611
2.92670494601974,0.473250437098731,18.4788992676943,5.18398836290513,-0.5848039412865,0.113841189585709,1,-0.117740050676908,0.296354152863039,0.580993787920186,0.161905325235045,0.908804549074137,0.146158232698697,0.609162056717704,0.190123682162763,0.536097140065009,0.189234162125003,0.906400804798026,0.170086135389103
3.31180855910467,0.385548236797916,11.6323699603709,2.61103336258153,-0.545052260277895,0.0823285428939805,1,-0.265693037055894,0.320387196264825,0.633572126188748,0.148252655028981,0.797863101396867,0.130076994924845,0.5940446482345,0.148044058877099,0.957918150098504,0.120056091970585,0.367050106392237,0.175184798402264
3.40010623543307,0.509853771363289,20.4751351821499,5.46848151632582,-0.657596108103888,0.0944942952159873,1,0.615117650362608,0.355884824892104,0.461117867839756,0.184542731281365,0.848935406145522,0.156379437242086,0.537287211123109,0.169767277209564,0.798692091268402,0.143467521540159,0.718104499571115,0.181718488611709
2.98928634543752,0.475407374563878,16.6568334486484,4.39528467404452,-0.580014148095583,0.109290843862046,1,-0.0552352672967346,0.285608168579506,0.686952722905085,0.14875502316663,0.531701677257594,0.173953874143141,0.409707178739341,0.198216786008316,0.391377099632355,0.186817040770434,0.737769013469657,0.156284966678326
3.0377660934642,0.394452404998159,15.268220074507,3.28235893365866,-0.680883746052135,0.0609837766176976,1,0.0860999105952837,0.289762410704954,0.658774246788998,0.127897570287594,0.78400988316431,0.127139494007,0.599994988846529,0.162369754964149,0.870586714687313,0.137660658522972,0.982308128867532,0.129473537454455
2.5182239223455,0.386416651197671,13.147465326569,3.30982965039379,-0.584670064136436,0.0894879409029263,1,0.239478518480757,0.317788151165566,0.441120961590873,0.157951004104168,0.567960811620964,0.168365111224024,0.488708334377595,0.17000870799899,0.537769547916039,0.156056032715996,0.85632263657184,0.129371712745079
2.26858033934618,0.376887581202312,14.5556318834174,3.66051979811864,-0.549081740210795,0.0834039475962909,1,-0.320196086169935,0.277389556324689,0.611457145149605,0.149322967439349,0.860788747554556,0.132253870876114,0.445394229142799,0.169315694974198,0.435375861946203,0.154412287187163,0.674471861828105,0.154026527851815
3.07761734319271,0.445468580916997,18.5080761028788,4.27372143153969,-0.728854148269066,0.0622669891289312,1,-0.0530706119974773,0.336538013298526,0.708935293549703,0.143570858959858,0.740947853443906,0.125569638196059,0.717986478597893,0.1673863469507,0.830906246076867,0.153398483797313,0.824643573686786,0.159240817961411
3.31508791464748,0.532377880306852,26.1984781049161,6.75766808827707,-0.670787705107308,0.0804144632470669,1,-0.269194490404776,0.325804941980221,0.898256237319062,0.15329801779453,0.766058489520773,0.159176010090692,0.875959854872739,0.159648218924035,0.686137712690277,0.175452171192753,0.793377245946705,0.15887015928009
2.97964107101679,0.396353841677873,14.3159012634284,3.43990405196072,-0.647639122990924,0.0844776501062956,1,-0.350562901871679,0.27113805774536,0.80830092795772,0.139715527742666,0.69545526283318,0.134877203905933,0.682751118290716,0.138497220267465,0.775116697477194,0.152157379121083,0.410393259375377,0.164157820763067
2.48790996917263,0.372578358727419,16.016257072614,3.45066041792395,-0.524052132072951,0.0934382475719754,1,-0.341075457829151,0.256658865683276,0.750171742971988,0.123464254572681,0.47445252710681,0.128388115539389,0.965452890479134,0.110917427707252,0.665087325595651,0.154938733420784,0.68765092456115,0.145854552461019
2.79261028856013,0.393794912642604,14.1925969337729,3.39542950657671,-0.404202823716915,0.14795423302718,1,0.478880311163115,0.285596093910456,0.62474774263293,0.140196865448806,0.47787311574518,0.164989209460934,0.527195693567443,0.152772965725792,0.542024847894484,0.150090668818985,0.601992726297065,0.163721476062209
2.81521693222759,0.402811948680098,15.2240681732788,3.85888987456854,-0.603662477396479,0.0961988772809863,1,0.392687699896492,0.304751582921357,0.556489522075059,0.160257570214039,0.668188353942042,0.135370248284633,0.679101271387502,0.138135647521888,0.677039916445188,0.14492859677425,0.651118597285428,0.182278949573702
3.44150150510374,0.53359833414721,22.3803755389198,5.9504381431774,-0.598451569433042,0.109211312743751,1,-0.135925173583075,0.398184410888039,0.6134194636978,0.175863107897446,1.05390811462001,0.143949360109132,0.609862137704211,0.15058632031406,0.927755439667008,0.142002481401253,0.886665548717425,0.181309490117818
3.18060115996556,0.461683012002035,15.8891591390047,4.05593104938475,-0.64303887409852,0.0819902564703502,1,-0.0542329423007032,0.37506609808203,0.67593266311963,0.151549621931649,0.746596492053198,0.146927303775897,0.984891574488923,0.123595447125311,0.614722705105523,0.168059591150888,0.896264391967349,0.17804395449915
2.5917089134618,0.346454831202094,11.5840461410441,2.50834568099242,-0.578345741683345,0.087694959488428,1,-0.373209350139667,0.293480674084045,0.872545540530133,0.122327233878772,0.578058550631899,0.144653269162136,0.568104197234597,0.131063075676423,0.623367160287781,0.133378951560858,0.464691029871545,0.169337829337136
2.43346595264032,0.356069750826115,14.1478979488937,3.16324823893301,-0.547813140009739,0.0924814360124311,1,0.220194671375739,0.296047842648955,0.486448446590231,0.151154573342443,0.6461293707742,0.119993128114429,0.790526765950502,0.130818622742428,0.647975927427962,0.125742413866709,0.734640180311039,0.157616441673453
3.39984711847406,0.461601334662035,17.4143848975698,4.19212779781049,-0.685318411059914,0.0686349042428035,1,0.112738589817699,0.28282559834432,0.714990540744764,0.146935267002091,0.703260465430364,0.146073788071197,0.667009238763591,0.149504342070587,0.764001737475052,0.15684244383321,0.815043705744294,0.156369869501103
2.37894584708358,0.365951078255121,14.1244358136695,2.94910173458288,-0.526656316899189,0.0989142044579197,1,-0.542306586996795,0.361310161305035,0.606973040637671,0.148966772279296,0.705215394782183,0.134681962048629,0.716563980975676,0.120490691825686,0.783975109333333,0.141850000142895,0.489410375958335,0.140729848136276
3.23040794562561,0.382426771456606,12.3017411781458,2.65079570312077,-0.495894275459604,0.106381768916038,1,0.448794453466682,0.286485745696171,0.480712737863533,0.159431584057397,0.813378706805517,0.118250615964381,0.663706571241331,0.122136229353273,0.70506376083657,0.153329192134471,0.783673731335694,0.138886624655073
2.45706722085019,0.359012123962736,13.3179722021569,2.88639006934028,-0.626614048355958,0.0667936441682736,1,0.395212940488925,0.310394526729326,0.42044794414826,0.154245582783893,0.756076267482913,0.135110996632044,0.578357160851695,0.144232346834831,0.526502995946153,0.139843385844143,0.777074496951383,0.13803888181905
2.58955858103289,0.380544092878891,12.2938094221108,2.88754663894363,-0.61382808109599,0.0897402708993452,1,0.0256251338661425,0.290466763877256,0.630982058670713,0.150460172435094,0.742182717852999,0.142039115009705,0.62866784849584,0.142499088900294,0.578714784674623,0.163914493546979,0.409608788656375,0.161924667782773
2.71566087550729,0.441654410781478,20.4099951082382,5.30806318993452,-0.636930657292817,0.0750222586685519,1,-0.228687261135965,0.332547428661157,0.790250900172113,0.120817988396448,0.624790877840651,0.142743936063251,0.824989854737228,0.15607554663954,0.626553410261375,0.143922654059399,0.699447752664297,0.177213573833417
3.01555653807131,0.389372677221406,12.9517044528716,2.87305794709435,-0.563398366563891,0.0807407754744461,1,0.261325016851658,0.324818277058214,0.524153448702372,0.155917194144034,0.717098571468822,0.118985492179748,0.648821290883664,0.136576554168572,0.825950805626898,0.127397891638914,0.587538928950541,0.156583558652906
3.00828902671344,0.39110736109991,14.5163463930773,3.19297173830705,-0.673664636513819,0.0682696926156846,1,0.556279743383344,0.324370922968892,0.590689006120342,0.142293432652951,0.595596460396117,0.146515928324192,0.992515383853991,0.114487253407108,0.76721441339082,0.140142366924821,0.610852166244183,0.163159511056539
2.85413288962925,0.357631643761222,11.4201381720911,2.49210609217321,-0.624094735924844,0.0729508697663452,1,-0.449420932540463,0.318659793999524,0.754472633880139,0.133016515292251,0.774851810287154,0.107309588413582,0.760633535427272,0.119423530396684,0.49410498438427,0.147710722626333,0.679251701585714,0.158877260022169
2.62323920944293,0.357085881196057,12.7270354831312,2.65976316166165,-0.480845853234164,0.091347163190363,1,-0.852415512396499,0.396732014269219,0.906231908037091,0.13489576475008,0.71525074666061,0.121409807952988,0.609871913814412,0.150601536650071,0.872454187975151,0.113919921655579,0.539662161697939,0.14633950258858
2.6924340345726,0.328728371330414,12.546871595642,2.6435323758466,-0.38834226958774,0.129675484948839,1,-0.0484537660758544,0.287409795777288,0.346505264962447,0.155741244354282,0.764640519877176,0.123985564391513,0.666992206346867,0.122581574151292,0.620280472194437,0.130701669091656,0.594567293470339,0.155229491624007
3.04951961754785,0.38743527725225,14.6555204339227,3.23318392763181,-0.61910289027136,0.0693090913964851,1,0.0193964500003103,0.272541189568867,0.670608476883049,0.135381070118353,0.770883459410662,0.120848866162039,0.794082330003823,0.134708312393078,0.643026843643043,0.140547821884966,0.863257649548734,0.148348313235883
2.82763593077592,0.504650572458386,20.0844981296863,5.95078685718884,-0.699411993476266,0.0957386817503188,1,-0.151481873199285,0.314475818036839,0.819028475043073,0.158070330492293,0.917189561538119,0.16147752117443,0.453881734754864,0.211951385849605,0.426731886513303,0.208092993670687,0.473467625494721,0.19591290969419
3.03318744233692,0.4912970714317,22.0057764699012,5.85262467234437,-0.793250366352973,0.0501204999756903,1,-0.0570404357498041,0.382338467015213,0.841048588778585,0.156392244837587,0.767599130564024,0.141197769026505,0.847706002504271,0.164729864312047,0.694431961087035,0.172744962376801,0.884617720813051,0.14187969100171
3.0587364678762,0.449909935343222,19.4001703975268,4.54725343400287,-0.610032554469651,0.0743212181216973,1,0.197093979270834,0.434883019819069,0.579761423692452,0.190463976844591,0.969442266305843,0.124808336387994,0.786106939650484,0.124409639163169,0.96335132700001,0.131859970573881,0.876159326940117,0.148435224255268
2.70994762142625,0.474758878732938,24.605865505813,6.22430646396919,-0.516840901919544,0.0991497948300595,1,-0.151006313860149,0.324958557550023,0.703656235342533,0.156944674614576,0.743256295581255,0.140457519793284,0.703587351050884,0.164100033416529,0.907388531588654,0.13282319167532,0.661946411021931,0.162578381778727
2.76592613911809,0.464884501386078,21.1164479432554,5.73185995284902,-0.598642636592337,0.103702754728943,1,0.0370302560206039,0.28000405621186,0.719998380099945,0.16095801612551,0.682330900338988,0.155625997495769,0.647615344135683,0.175426718357689,0.815093973119994,0.16111465712646,0.601660331267369,0.186125280490042
3.11331670907078,0.505521561862047,26.1394091506803,6.36000619330523,-0.579405581730272,0.0974363595200402,1,0.179057628599179,0.355662933684321,0.774645913681371,0.132283069809249,0.739410951467107,0.165324996470389,0.728662529918135,0.13503155657627,0.92438054942691,0.136792258615772,0.742639927204031,0.170386383030497
2.62988769943586,0.387883277639001,14.8467230513207,3.57458301477798,-0.425139153921284,0.128162940132718,1,-0.168925358948559,0.260167251023906,0.739979844686961,0.12872419679447,0.61329357843823,0.138464498997236,0.711653512249032,0.153251492005887,0.580085928681492,0.170587407794988,0.636495417708835,0.168536533453445
2.60335313947779,0.372726473945868,14.899511806999,3.35752793884126,-0.585130070687979,0.074961600616166,1,-0.00793893038798645,0.308893918366982,0.758700510398391,0.128718660118598,0.744588833708066,0.129107770760591,0.702698946892006,0.137088162122245,0.552275542620935,0.158476888927916,0.821234475375402,0.12525276078283
2.37614447144908,0.351751159852698,11.8683086859858,2.75160350583115,-0.63277471101762,0.068828553149665,1,-0.321622616973167,0.278874043264677,0.711125690412135,0.118086297569319,0.723742307349254,0.138590393596672,0.703351835676469,0.135513809050578,0.653692535205936,0.14144360259291,0.710288288227282,0.158543573472966
3.40660991990528,0.502759164887745,21.7921074071632,5.50260721461519,-0.68012022664015,0.0668054031891152,1,0.113541529238642,0.321978034850618,0.802707498647412,0.149275048190016,0.607521115822126,0.144138646401891,0.799890700625096,0.129126605530495,0.801267488646687,0.148478121828964,0.906407320131752,0.168778913223418
3.3455799457301,0.470666107700111,18.0140838883417,4.38445787855285,-0.71589248138488,0.0596451088261661,1,0.45832104890538,0.326395498881541,0.900760781344274,0.131006701881703,0.814598015742148,0.117532876675068,0.805246404909504,0.148995934025604,0.73296289184261,0.164907629144489,0.642090743318667,0.179472458697398
2.69772110778863,0.369536697297628,12.3142239447584,2.88845803058344,-0.609407676501771,0.0938046813981565,1,-0.184999992584299,0.284080812691622,0.653190529354497,0.142288180769118,0.778119600736862,0.156811814165274,0.575850901444799,0.146769018431555,0.534521611911815,0.147489949263406,0.645523431423348,0.14876122385927
3.06251374859945,0.44811305764217,18.9631744839535,4.70485092839645,-0.651683666335039,0.0718535073108897,1,-0.540871428191718,0.365886599928049,0.896576818304772,0.138174559083156,0.803656232167976,0.142963841718103,0.689945299193756,0.150509835989141,1.1494409736939,0.125868524338846,0.702019104000565,0.175161004544444
2.85482158637614,0.407978521777363,14.1683644875012,3.29815671449569,-0.599326143551567,0.0939757974173149,1,0.0676294558801499,0.292945141272605,0.661270214867721,0.131303556673648,0.680083932292451,0.15311214403781,0.727757068320408,0.166792599785096,0.638734830378384,0.173251055052877,0.464137806075821,0.167649304670966
2.99934477421229,0.451019190269108,21.7672621831902,4.85666162113154,-0.556926447272272,0.0867486686305199,1,0.449256228319764,0.334993098924933,0.632464929025383,0.156892081397057,0.761706633264761,0.163680163875381,0.825909617127349,0.125620037554347,0.871328437269203,0.120765688383374,0.813482752119053,0.146078487540309
2.60091794543459,0.383641178972395,12.2225630396855,2.97019525152329,-0.541737959660172,0.101686477501792,1,0.455499525558394,0.393940223512571,0.472728321198795,0.165017650160341,0.880227554026358,0.121487597186139,0.372299767425438,0.183522709405065,0.427132711254017,0.147423095709986,0.703852524849801,0.142088032566933
2.65204553907243,0.380564923905002,12.9570656676736,3.14236797367543,-0.579517101565326,0.0836914903584025,1,0.100008803897613,0.329749726942602,0.50383630907823,0.157277677594292,0.595309781618263,0.121313824129487,0.786935268651664,0.132102557011133,0.470480633292252,0.138096450525807,0.563167949793914,0.160733522600179
2.50591922530989,0.384483250478736,13.4134551455577,3.3161581402646,-0.598813977500642,0.0833883589739523,1,-0.597235966472868,0.267373777221186,0.601356851915832,0.144007384401098,0.72642130423237,0.128198634600857,0.609106359406123,0.148051113711681,0.715138140881419,0.147792460400597,0.658507176502012,0.167831679525369
3.43330463292152,0.557044176584784,18.2011928473464,5.24884004342126,-0.689012710297149,0.078157347679748,1,-0.78854139137745,0.376766401923995,0.915986341621649,0.14793201886429,0.837328351174506,0.150799208316493,0.974953129350785,0.157620423168689,0.669048814198897,0.170842962169734,0.859271276795809,0.178811120053389
2.54444648058732,0.467003203544089,20.0569037843903,5.40265941246321,-0.689942241287862,0.0785551235151324,1,0.625993595104057,0.404556559969444,0.861054340971913,0.149244844235039,0.895054987597198,0.15083709141262,0.598778446635799,0.187938904862983,0.947567522224773,0.147011723524008,0.984944728194199,0.158413011368717
3.30270213247707,0.546939593869106,29.6122574792104,7.87332727886168,-0.721610735882294,0.0677859018168369,1,0.510061370533217,0.429098993016631,0.596721646042651,0.192667575833433,1.04151635241763,0.127761871379518,0.749437795588174,0.169572736304046,0.959431631661696,0.181170061135502,0.637118490666972,0.178544276604679
2.6046278471514,0.428296936679027,18.8444677755006,4.96367049616566,-0.673151656513903,0.0762859671340807,1,0.454259614870722,0.250234331597137,0.723226082906498,0.165568202199806,0.262451504790395,0.189432969953822,0.744827635430551,0.155720416644206,0.560883883268294,0.166214223040262,0.952425891905286,0.125842283151281
3.08560192762586,0.477438779316234,19.1098965821846,5.1039463202856,-0.605095419354783,0.106600553074471,1,0.478279231362799,0.355115397506565,0.705535010329058,0.153225749389883,0.638756179129736,0.159142342205584,0.485226812554048,0.194243445930599,0.777526049419684,0.168743315444638,0.739384129757296,0.170993017341898
2.35350556924478,0.348218724155522,14.3120819780746,3.14030755223365,-0.607846664717697,0.081104413018298,1,0.380211105289343,0.262646891763903,0.407446956038479,0.133312147903763,0.714402972322998,0.126237496455747,0.409116341455643,0.171859247924218,0.705461190669046,0.143901530198436,0.51618967995866,0.156094679034286
2.72254925481302,0.424923556571728,17.4021241560462,4.36999638577458,-0.647209839482917,0.0910533527121486,1,-0.37216766735018,0.306191282161857,0.751380817802238,0.146972361142362,0.716173109307537,0.156950104156139,0.734642570989176,0.17045262553989,0.514385186298858,0.158791586527743,0.704336890039524,0.169090836613768
3.1778078185631,0.468079700024847,23.7798397910906,5.1848549268847,-0.681534874597975,0.0720615601226358,1,-0.267161362766854,0.269329273513364,0.735006180053206,0.146558825822851,0.841572809918799,0.116879380247189,0.882879050988213,0.130949299314549,0.630521883585822,0.173530992224923,0.856873224714536,0.141661704869062
3.03260942072943,0.450325986796519,15.032995146632,3.88231979573061,-0.589462485278944,0.0919628707002967,1,0.436122062137812,0.352635807678331,0.667289586615617,0.139416685183365,0.79443951101237,0.146157888755737,0.481172807127769,0.203112637205469,0.787947358778041,0.156520036133257,0.603446109505306,0.156038545043174
3.04627259059199,0.428474025328723,16.4282735651623,3.75903636206825,-0.600643750261291,0.0929199010860591,1,0.147839255107999,0.288125874134053,0.887689809179554,0.138780512003848,0.541014801290202,0.14724124155225,0.817290788223209,0.145516895044871,0.7899803935413,0.151105806360068,0.84642579400513,0.145121791411249
2.58945181093586,0.364127605790953,13.5423955605164,3.0805027469096,-0.548223017352037,0.0998411715627848,1,-0.0650278975449319,0.240267224664945,0.896726105151193,0.123921015169514,0.710313457831797,0.147719648757971,0.609787945865785,0.152293197095262,0.830761547267701,0.12374358868735,0.913060058165348,0.158599973976417
2.75410874424671,0.355338821109512,13.6578569391234,2.7277399776881,-0.556946313046271,0.108959898498584,1,-0.38656315745121,0.271603362881531,0.793574206443364,0.124141424115921,0.710224289766733,0.118664971620909,0.88322224324133,0.128656589458396,0.483482348593322,0.140624829118703,0.750042838239835,0.13469219414334
2.80535504208324,0.452067170680612,19.8105866395643,5.12980371845913,-0.529197266513188,0.124277956002043,1,-0.146653649136693,0.314490286280879,0.675008963901032,0.161074951187554,1.01229171166217,0.122690445375075,0.330220813390326,0.191113168981164,0.732335790639567,0.15264348936613,0.86678195516906,0.164724016293176
2.83141219114931,0.396994723839583,15.2157839581223,3.82045142064054,-0.298887343179691,0.171123686835844,1,0.317700346746083,0.321011238015889,0.398858684013323,0.197029645915109,0.900659135395116,0.128834358616125,0.602605386979385,0.124895939437555,0.546813446912636,0.152101326162878,0.501479111935074,0.178759432323881
2.71390357923958,0.378285696291153,12.6849112244859,2.9887421382937,-0.60562717656869,0.0909369755914687,1,-0.147599261824294,0.283425756428421,0.652133932327596,0.139528610773759,0.74612193094775,0.123034232232918,0.629697577220385,0.138394467563754,0.654483101359997,0.133563413136444,0.476254453510017,0.165902996508471
3.52153360108168,0.521048826435332,21.11753250421,5.60847608690898,-0.683139979911642,0.0783301013234601,1,-0.107270349002664,0.32416014425248,0.842024921827293,0.152736863803564,0.789877332048391,0.16275757431215,0.715847713962176,0.155277176088287,0.950152825178011,0.141762118436794,0.765732238581428,0.139324838024914
2.59744698577121,0.404890588459537,14.4250392456258,3.63090791689604,-0.628382425793405,0.0844289906317954,1,-0.243420173925386,0.361375307914549,0.661630493624524,0.153677095781906,0.327192855057945,0.173656456505579,0.671858120424791,0.124700360921711,0.512066454554325,0.158210743506151,0.675900938267361,0.149446126129057
2.76307672987497,0.394151544290409,12.5434567704577,3.22386175756883,-0.575854091325566,0.110369567259362,1,-0.491550829639747,0.235776280455218,0.910539626870159,0.134415484256713,0.405046419068506,0.151712327610174,0.676654705173542,0.142359253765368,0.52446243381655,0.149083872501883,0.607945510248342,0.173402728642652
2.38459428013026,0.389737920060181,14.3221149732808,3.54237058566184,-0.523717306316733,0.120522060219577,1,-0.454407522752248,0.354016311722487,0.548299948894369,0.154239610156428,0.735750305084966,0.159077780621675,0.680298281327417,0.154464763243729,0.729449467955614,0.154531562650429,0.524449331683861,0.162341298075552
2.27059200032436,0.345345422861107,10.8084038010272,2.74570343178573,-0.513700705608802,0.102838934501372,1,-0.0863127333214727,0.319602648741496,0.635310096345645,0.150865374595268,0.36987299839882,0.169709689533578,0.699838232409986,0.130913529092893,0.745838011374962,0.140351530522548,0.713922604367283,0.161272567583221
2.74852797946379,0.385597350261724,13.2663856922355,3.16732517724721,-0.599690375283153,0.0806905318671202,1,-0.294137479506526,0.293720173145665,0.778005770391301,0.127267068513714,0.716543050368077,0.142519826678258,0.645333250883878,0.148110883646369,0.85897664569518,0.148762763651207,0.514106392270902,0.168429131365329
2.71989351019252,0.393930614683658,14.2414589248452,3.31406918609313,-0.573528957105673,0.0860949360632615,1,0.0759576428461981,0.310875772552934,0.630170183123052,0.131786424110415,0.537760091799145,0.160844528672019,0.716835555846294,0.119441760538109,0.633359176638638,0.156170141474869,0.686515665979548,0.160338878130719
2.76009673474402,0.487267249526754,20.5716188749208,5.74327163913017,-0.610477239117357,0.101956885767599,1,-0.270867702094719,0.303274082790441,0.839520551554018,0.14682892836987,0.675988245939129,0.140548158263365,0.867074513021449,0.184074730159825,0.626876181608574,0.183917085354261,0.752356781014609,0.212214875583314
1.79479045690802,0.411182985459812,20.8330000839429,5.4005843159291,-0.504025174357704,0.116241667850981,1,-0.229187007569568,0.347427693399945,0.803750206065864,0.156375882563259,0.73064801467347,0.154847879407657,0.870574192838681,0.144884239031942,0.633098777646201,0.168909079686591,0.741611966996483,0.163449279052236
2.52834694351078,0.376421034338792,15.9987231441454,3.7006227901745,-0.52880937091292,0.0721039774369958,1,0.168262734255174,0.306518038965129,0.689946073028928,0.134678350330854,0.409973703957679,0.169612109982158,0.693326432840364,0.15306685306295,0.688422129059688,0.130253176370077,0.685025635904953,0.152144598166242
2.36884924957394,0.395854239735341,14.6654309171134,3.87844240737046,-0.673948060367064,0.0731256274122055,1,-0.249293148432736,0.301758110277212,0.666563139909612,0.133756794462465,0.699717062928053,0.151249566542849,0.586101049425669,0.157529491877994,0.704984350553918,0.164591689686895,0.663512120587386,0.180505461372106
2.48320051420634,0.397699677991436,16.3160874942964,3.7676411152479,-0.598154474899815,0.0792080668057559,1,-0.0266695522140456,0.272836610982227,0.697667579818238,0.128840163292231,0.650276930618573,0.133865306677657,0.793615011076804,0.145607208082572,0.8863455625339,0.152165236392868,0.757535374928605,0.159264231260095
3.06377118521316,0.424872643016633,17.6107388751054,4.24666474926528,-0.588695396759459,0.0869929296612704,1,-0.128451856454859,0.277055476028972,0.823577496595134,0.130971818759789,0.6094353929429,0.14195727561269,0.730366327738977,0.142024968896613,0.851859851944738,0.142319280256612,0.757333747917779,0.146103896121156
3.11261920475115,0.457406997242512,18.4693749240949,4.72707833323254,-0.653209323486492,0.0762808253892272,1,0.18070778286812,0.354855470337129,0.71558714070035,0.136863376571395,0.530821759194575,0.174871431678034,0.954778793793105,0.13165320461311,0.769389385751322,0.14523936354236,0.586499490900103,0.180833783690587
3.19581702038201,0.452272373985421,18.8202751071596,4.44643344147059,-0.671044354326088,0.0693769630061019,1,0.0396407287417515,0.306678266632863,0.931840848171951,0.135387156924208,0.569992196868098,0.148127547705348,0.665529483951134,0.160562208054979,0.988024507861232,0.145362514293381,0.410935963074514,0.195340169536347
2.23886556126419,0.360044202834883,13.6802228391828,3.33255296190373,-0.406509650898568,0.159880205047572,1,-0.25972713427148,0.30100235240028,0.758344649465109,0.13668011810855,0.608184060886825,0.133146341063133,0.574663624339899,0.136797155367026,0.735493931839216,0.143524017647759,0.440919083179217,0.187656470290834
2.61228035851342,0.39090194704861,15.3345048916643,3.56420814465844,-0.629818501717906,0.0885981992883694,1,-0.500035262436911,0.374667522250697,0.909672358378509,0.119184630937958,0.457466069324367,0.173779381280986,0.359069304534208,0.18344243887628,0.685774951652591,0.120605832877346,0.523097755150019,0.152919028364128
3.22873859583184,0.488837263511351,19.3161631485328,5.02273042031207,-0.659210989876264,0.0949131538263855,1,0.0859134629537894,0.321135669261867,0.740276246977987,0.156144913556376,0.704830292460032,0.139009450753899,0.667942989077088,0.184958744275162,0.889218130794326,0.160254560530718,0.598069724019422,0.189019920236596
3.22010750159379,0.463432026767751,19.7684178802919,4.6762167153908,-0.715535752444837,0.0614306834798355,1,0.140781747148241,0.381221239157343,0.706025779911936,0.1505350969732,0.811968438940982,0.156963209677894,1.02075669501018,0.129993104074153,0.904728579845913,0.137220104044766,0.809957651564443,0.148538445229961
NA,NA,NA,NA,NA,NA,99,NA,NA,NA,NA,NA,NA,NA,NA,NA,NA,NA,NA
3.12869953637557,0.583235289389244,33.3669694537432,9.45573331173918,-0.741311604124848,0.0651979107382295,1,0.350324634453525,0.380900012065745,0.864089618884664,0.154822105648726,0.868085732115532,0.146606250944795,0.839422968823672,0.154265056580103,0.721749386786071,0.176067046829002,1.02091169950951,0.186907245104731
2.40932639811074,0.382561486121672,15.1325322810068,3.77197400801027,-0.677299548805458,0.0700340083877584,1,0.17051343147526,0.269872194921645,0.658259674651929,0.153422793590243,0.749754607139523,0.149262690914015,0.893584674400109,0.128183715258835,0.841790663346976,0.154003065186994,0.674194399428603,0.171449576926999
2.55373458965734,0.455753537608392,21.257739084601,5.47239430931744,-0.674536497022556,0.0765619154528345,1,-0.0645266951734734,0.264513691163265,0.605322870362083,0.153057330765968,0.675129037446793,0.130026220773285,0.765277945410183,0.163087750112894,0.649270252138804,0.156282492448381,0.767380386590316,0.158311509419907
2.6510747751107,0.419052352900325,18.4385679897394,4.6272704127563,-0.682230143481015,0.0690196369358352,1,0.573446920145594,0.319445740837573,0.647288670480061,0.142935016167484,0.490675461180439,0.149922670128068,0.765763571320951,0.141030135602004,0.857931121560481,0.145312856829214,0.656002401123879,0.180836458148356
2.90247040788285,0.447792945100764,18.3187723870467,4.52090988281911,-0.741663133591199,0.0607591892916105,1,0.045592229592612,0.364840612934105,0.88823033492656,0.141481546737363,0.573834591094608,0.171224625928931,0.929790761518918,0.152308903974401,0.905705160130552,0.145949998810551,0.794383019193196,0.153693915023746
2.92382626754303,0.407026722299688,16.27465761825,3.73669189007635,-0.493155593977818,0.109299310296513,1,0.00619463401366447,0.356291742112836,0.859553713967464,0.113516862563871,0.551794768612758,0.137896096331349,0.776088824345856,0.161441018187377,0.56623716213348,0.181483692511369,0.780050665294838,0.146955728283397
2.8167126746027,0.392559297230026,12.8152056525116,3.16004930043413,-0.587321699393835,0.104631309669391,1,-0.210360625190339,0.319827237866581,0.601560366880265,0.157913046273918,0.937909515432929,0.13531853837079,0.553052015378591,0.145019618464466,0.609701485804657,0.142663295619645,0.538176803912213,0.162089001219529
2.67401532832201,0.485855105231914,23.1413911807675,6.01885364060127,-0.640191237993694,0.083565553166177,1,0.636629453970713,0.406736676211181,0.759346116090972,0.148390413035636,0.5737173886618,0.176896337240349,0.832686449869312,0.144305296601397,0.79352781753909,0.143209400326226,0.594052259196165,0.167966223818152
2.73389773832298,0.41489026679778,17.7930639752093,4.41527441887941,-0.623061665588338,0.0789065033349976,1,-0.047260496694132,0.324772037386258,0.722179396092587,0.142501041750396,0.822338849288574,0.122345396165584,0.699051336776932,0.146797311944056,0.394046076307731,0.189680764061664,0.775130998329539,0.173687518504848
3.50954940849296,0.510306763944281,23.4668777331556,5.79231114987871,-0.615881648592608,0.0885877475427727,1,0.21159411936807,0.420553770587257,0.726421769711597,0.161405307526411,0.805294716756677,0.171314504143245,0.87790534752793,0.135015989961203,0.785193062167342,0.139760034521835,0.763730191522244,0.161715853256202
3.5575135748826,0.524345930282876,19.4978869285633,5.22495821181725,-0.54521964832548,0.127925113659469,1,0.145475045556285,0.384070869675841,0.63421175478535,0.189103423868021,0.412058117177841,0.164883960005304,0.706561364649025,0.157665589042832,0.748468385771226,0.170127530592634,0.874274638833432,0.164678176776684
3.53353128539648,0.464359037744685,20.459123015676,4.61863039511069,-0.545851974262483,0.0929610459771758,1,0.258362394634409,0.376186216473699,0.784031193902382,0.145148953506218,0.615152520925506,0.156302278407193,0.805537334337986,0.131178867991075,0.625642697492005,0.154312950775187,0.636846589013445,0.182135683983932
3.36533598232856,0.454504286805822,18.7188292792337,4.35942663009759,-0.513414884039517,0.128527625450057,1,-0.556353042046943,0.2833845572224,0.830189594753319,0.141145203321089,0.700310338206378,0.130518629753791,0.945883766305276,0.130080790243526,0.865681033539017,0.134298861013588,0.378549173572272,0.199804093867698
2.73428626876143,0.429212829087353,17.5282068538359,4.41547949018136,-0.594840471526642,0.102299386267739,1,0.0127838374174787,0.332016249902745,0.564315853736436,0.164454059977786,0.475626013635177,0.144624200720058,0.831605968815462,0.148815986293237,0.668893358209981,0.146785137990787,0.621271908905041,0.153150406477409
2.43679804001617,0.334508502665631,11.6229425947114,2.43124058781319,-0.578676325468387,0.0879062726996869,1,0.418108918365626,0.327654376491224,0.279271246678785,0.184370758349362,0.695676118813233,0.125211502883378,0.703696642658749,0.125839460520182,0.605741840598043,0.13659079463448,0.851891169461498,0.120251695490892
2.58702798223893,0.341723106652402,11.7293657166732,2.66614375833181,-0.331928067049602,0.153457835515933,1,0.236369544599865,0.318240113354993,0.438561201414524,0.150284435021099,0.567408868795792,0.153050329472666,0.66338445569333,0.129366960084877,0.271825929178889,0.169648051160069,0.82169799727353,0.137068810381033
3.10356548621838,0.371946126637538,10.7296951095129,2.54111685965515,-0.624156807206419,0.0825832019004395,1,0.133892574349905,0.28095324193188,0.487744651511393,0.147068445124716,0.723079225977641,0.125059500463832,0.715098205830623,0.127644376930657,0.662956683820409,0.17127299703677,0.619565789511606,0.163744125733636
2.99150587882005,0.3954670704509,11.8351904428717,2.86940516498358,-0.611883558975182,0.0852423365947453,1,0.0711810145161226,0.267575251931595,0.832234687500848,0.135289531257455,0.829916984352269,0.138076396439224,0.421777006609022,0.177797544557027,0.754303026702592,0.143000402567006,0.760529527230499,0.149420340785865
2.75282875114663,0.428062678025376,15.488659905013,4.03069036296369,-0.60052920658617,0.0941813190903482,1,-0.132956513115849,0.274690974285943,0.702204655096975,0.154505589289203,0.586107691114484,0.151491620287806,0.768089811006378,0.137171394724057,0.632690440409596,0.166658138653697,0.720673948009939,0.165764173705199
2.95086815657986,0.367845197545687,13.3261332831087,2.91979337288446,-0.228361098875795,0.144561121577109,1,0.200891614910292,0.326489507786481,0.297995133495571,0.188252673054917,0.62108961547698,0.138840192177594,0.624824991172109,0.131981761823535,0.536986496395061,0.126858007061162,0.697830984826189,0.124441838431993
2.76820863453358,0.467682556442102,23.3670826434491,5.54428504676439,-0.709037173947323,0.0669660171492575,1,0.13754050498202,0.302181041262231,0.819809178776452,0.126665037801753,0.80046562885762,0.152042473530826,0.844883679026479,0.129995724183564,0.947971759793511,0.15519070202093,0.438115583090706,0.19711200775281
2.00390323253464,0.297553897683757,10.6184155216268,2.30464280565082,-0.53909060809386,0.0863595099250768,1,-0.681281853990391,0.270482619951512,0.751635954094395,0.123927468091604,0.506854808143453,0.1295015399947,0.53733001203872,0.148787160836363,0.643140067878344,0.138794001000434,0.563572752723697,0.158236877853142
1.86068697910114,0.294988337508411,10.4327086467971,2.2270385166465,-0.403299286509914,0.113836323190086,1,0.450190840734535,0.300127493377835,0.581838428824859,0.135304837730373,0.710204270025709,0.117178976606339,0.681055769466701,0.12301318167807,0.502782811835493,0.143904716943068,0.517261954058499,0.143901830400976
2.75534819854014,0.330274289060515,10.1143212706335,2.06439112758513,-0.548679780231387,0.0977024998505701,1,-0.215426594126435,0.295993713730071,0.638894525215523,0.135147223395694,0.630929747108311,0.120769420894544,0.626041401748253,0.133548602762941,0.444138587649533,0.139481883990118,0.824907243475144,0.129750763998751
3.15903530709898,0.456549704879589,17.2637985477734,4.28374553226669,-0.610709606125389,0.105970262628169,1,0.28222417764321,0.452348645445775,0.808490148161336,0.161304765319899,0.384871909979631,0.196798374689132,0.689734400836614,0.169613382196264,0.77305390819981,0.147749430226559,0.858811881530491,0.132388945285869
3.01381994798137,0.419843455931523,17.783663430321,3.91867853415197,-0.71896963907601,0.0567562411212651,1,-0.0118101052439102,0.314752702755088,0.871795954799584,0.128858971058719,0.593730349833017,0.142348903412273,0.739814937053968,0.135235742216614,0.812207218899147,0.130725693980219,0.997987815756695,0.132005725818379
2.17602384862347,0.360581104609004,15.1381093750176,3.47496313071162,-0.699086195247272,0.0619323340189967,1,-0.30262063358303,0.234477679102664,0.682212749710642,0.126688510979961,0.827334576498107,0.125883649370846,0.355108126349342,0.181483445256334,0.648742888078591,0.160350531742999,0.718559723554158,0.159023740313348
3.20151707998075,0.461338847016608,21.248106944165,4.79245179408349,-0.653972868722808,0.0781284543550347,1,0.0688143793466048,0.365509859784273,0.971425667688438,0.111529059912754,0.825808753636552,0.137693243058067,0.798440998940496,0.129604080575469,0.813314509051828,0.162473333885719,0.701826303605383,0.170738728373583
3.08977941417655,0.486091642143593,16.4887400728058,4.62218497192955,-0.663788280610409,0.0900668855664423,1,-0.269765444441544,0.262504297696171,0.719590050149009,0.178438387431126,0.545233115564587,0.157507105170411,0.818656494524633,0.158807496700019,0.807846967371352,0.157552741068463,0.667328108021904,0.159664174415912
3.08794249607562,0.466771281037381,17.0833754881871,4.36611522895887,-0.570458832064989,0.119073236219493,1,-0.335251195115757,0.367760046267113,1.04092818082327,0.132782013003171,0.807046590302445,0.160050654809209,0.480006045856134,0.153078783065762,0.802145785971347,0.155762464970366,0.260363930520811,0.218421701845799
2.91265415398281,0.388052131206243,13.2227466644947,3.06490889966312,-0.611847151474149,0.0852378860628342,1,0.206075074202982,0.280209149019982,0.641327195619134,0.11984468441203,0.69962784407981,0.144394398646591,0.709189489351739,0.147502187368039,0.623768037132631,0.137946895386674,0.531716315853086,0.16916252628479
3.05170536057162,0.405676075668416,15.2523942737894,3.68399673938264,-0.646219278049876,0.070901508376104,1,0.233658843573018,0.329314353102833,0.686701408379463,0.140580519970407,0.690271889226588,0.161026045464438,0.385261330416533,0.202042754310428,0.763590299835947,0.1222993027548,0.795506390364805,0.134429013344365
3.48076146841993,0.533475994932202,23.6056121974742,6.40804244471714,-0.710553886610067,0.0828759880833336,1,-0.295702427008406,0.362868942774122,0.75413230209711,0.180799437539722,0.699270928784129,0.174682468239241,0.971301922537021,0.157986532332246,0.975027657825055,0.14920136197534,0.91451999642416,0.15771062817135
2.65329004165123,0.386555872822234,14.8233485772531,3.31370393227719,-0.538759050923508,0.100437095717758,1,0.387565340104041,0.355502494582828,0.370549014338405,0.150650731726507,0.761502040864818,0.124267900817412,0.718996190475172,0.135121034734986,0.333094936135167,0.171053449778332,0.8524102202283,0.133456764685668
2.6711855568824,0.414526916426662,15.3872263212113,3.85755851246528,-0.638896983097315,0.0828865225412913,1,-0.323438618652296,0.27598182779223,0.801397611877113,0.119975362836069,0.520012185227271,0.158059687410747,0.778519548529242,0.150299320013636,0.515217634140093,0.186063111055191,0.664129151094025,0.169566595796515
2.18660662057488,0.346567138606702,14.721209504061,3.27252811126358,-0.595981971092955,0.0829038590474146,1,-0.247784453217895,0.28889584947358,0.756622110506169,0.146986106023616,0.534938099095927,0.154149031485757,0.387824862454411,0.185547691526946,0.52394490303,0.138684339963231,0.809138728111787,0.117582302046009
2.40755400091906,0.40791268377888,17.7233608222765,4.50213421955219,-0.513579080005374,0.130966622957291,1,0.460750240348395,0.281550559001186,0.744753014612917,0.144033497548029,0.73662324668808,0.176603377654613,0.720676348537253,0.161880228662353,0.528394593050877,0.192523277861854,0.915374496439605,0.141289335084964
2.99084764527098,0.397005213098082,13.4517791891369,3.11302046250153,-0.576370771136444,0.0857041740763258,1,-0.185551455430604,0.329798121040864,0.720917068548841,0.144190244160527,0.818430190492198,0.135575946508245,0.45675805981705,0.149293625325961,0.65283260988299,0.146000572376036,0.553781308077964,0.164841708566816
2.16817129744478,0.32505349007895,12.6717349115572,2.68889828591152,-0.554268201833794,0.0881794047656162,1,0.307233045952987,0.265422728230807,0.470859033944873,0.137082372135897,0.616707270718866,0.12667870600605,0.659621172620692,0.124802914401214,0.545513373750868,0.137178869636359,0.789120668827318,0.152526377706723
2.41185662473609,0.398453737188924,16.660807081393,3.95952895791213,-0.6078095343394,0.074463911289302,1,-0.264244959904809,0.30797737807887,0.81533774852254,0.121503573557399,0.715944497825552,0.13256459678926,0.562798103108784,0.150412378874981,0.629469659201667,0.148899288929452,0.789629776622068,0.1462336310878
2.76236416721383,0.509080827317694,22.0116443263704,6.71496227093026,-0.67550136862683,0.0986509734658908,1,-0.168341423033925,0.357629944887554,0.9924612950393,0.152512467707959,0.950138137573439,0.180177181810879,0.58617734269418,0.223228736897425,0.943861389898463,0.204839462861009,0.80711236831507,0.199769068402808
3.17289143124378,0.4678710820496,18.3964275013468,4.65627372231456,-0.621831330170405,0.0832548291534051,1,0.431511003930756,0.280807417127875,0.525385666325896,0.156447357492729,0.798853764099349,0.121671199126324,0.629469616070695,0.173942827389333,0.790095594573151,0.16366520044874,0.75551902356437,0.176922377485773
2.98602623921797,0.424755780510001,16.7359615458693,4.04558463765971,-0.587171216132969,0.0994949310367789,1,0.0950505766372401,0.287304164729752,0.591895042047535,0.154038987735674,0.698552194689986,0.140666973687623,0.502713314184075,0.15675970757719,0.751361789828409,0.136204621439063,0.840486720046189,0.146584573195942
2.9846878123678,0.450193957691443,19.991758458013,4.8056048552941,-0.598254253580042,0.0818527806636767,1,-0.306336149734611,0.322871464729685,0.959670091382187,0.112522057104913,0.803529833882848,0.127546782790254,0.617345999056336,0.140435881457019,0.781438545897582,0.152215105992251,0.878839238990641,0.178674702271588
2.29052712161011,0.342548053890947,12.7315071375713,2.75649042096628,-0.482943783746039,0.0969170172726005,1,-0.288408961815921,0.307779023503315,0.465468702853954,0.150654819647914,0.635004193445254,0.123085516495199,0.492691035951705,0.139680734041029,0.775823568360843,0.135710710861864,0.515751355061606,0.169483144621391
3.92210658335658,0.595770767489652,32.9660797410326,8.47552111806176,-0.677156371842379,0.0689396788088826,1,0.0392405618906068,0.336676038207861,0.719237752837629,0.130814911978511,0.822810990963869,0.152893326052705,0.890881005481244,0.15294478810141,0.860574279943733,0.159581831708714,0.667577181386162,0.171513477262526
2.14796312722233,0.393910726648265,15.2469198819348,4.07046697140431,-0.429676348556084,0.1472203218306,1,-0.625605866121948,0.337494166889847,0.765110652199899,0.144518739488662,0.861327507517664,0.113544741701497,0.682546411305409,0.174570178769805,0.417710286018552,0.184813775562061,0.234762902928692,0.22602005693113
2.75009362615711,0.459940109876799,24.9842628246189,6.27837049723731,-0.59570472914709,0.102203506747439,1,0.507409823877777,0.331394130803547,0.660589293452514,0.157505674236992,0.811797722540633,0.147507601746116,0.892947400775819,0.135200413489698,0.996490122031311,0.141204120448768,0.640694774383314,0.179712942499676
2.19514148023916,0.368430436898682,15.1339184504944,3.53501266897308,-0.643934835137647,0.0747818227616955,1,-0.0472922638737109,0.269115980876231,0.613462079252978,0.137137614449288,0.715325014369163,0.127220125616405,0.812329395671135,0.133573911654333,0.305807216848615,0.201632931147819,0.746762346307469,0.16173658241433
2.35345994905259,0.284296783122556,7.90273180191711,1.617613486993,-0.319654963412067,0.137911015122682,1,0.158823517336825,0.268717828625818,0.494206083766871,0.130825229416747,0.580566645816689,0.123602083130416,0.544657139143678,0.123812280795936,0.735210832451233,0.112281125480683,0.660292430204554,0.132257621775122
2.7675881768301,0.4282560317951,16.8059379378419,4.50388852686857,-0.715321788247277,0.0645891608818302,1,-0.111287231729146,0.298644744081983,0.827353735505927,0.154178428620895,0.777201561613177,0.117315743537211,0.866405461851738,0.157081025415911,0.603392959395467,0.171487192342152,0.810058327683584,0.159809075931644
2.09324743420954,0.455965360680383,24.4401033451861,6.64838108976981,-0.671741578092336,0.0793532622849499,1,0.277437376951164,0.347555028240121,0.81668559887164,0.1620210484753,0.680201837600749,0.169099521970057,0.702350331026759,0.163417227107127,0.725346271459947,0.159758419605858,0.704071553950066,0.181445277698542
2.89869206719376,0.417359024219894,16.7172647548449,3.7536087376811,-0.659080983441905,0.0678551026394304,1,-0.0347026940253889,0.32140270559914,0.660761390605788,0.147813863093195,0.741353761101588,0.120170858271135,0.569190309985169,0.143224039572265,0.673980274668306,0.141110228606437,0.528974830019357,0.177916064206287
2.60297965818464,0.346798884333708,12.2870998579137,2.5463963284947,-0.499133000037344,0.0864853085649028,1,-0.121189604892956,0.319901351188826,0.53881725703188,0.143051964698435,0.658991088713119,0.125460714533949,0.808681853053562,0.118378520035972,0.57901804389907,0.120003051934086,0.561197838374788,0.151929196575992
3.26776690745549,0.486885929911059,20.8699670737067,5.42877792279739,-0.521555033862596,0.112714007201458,1,0.516326183730048,0.307231220833874,0.587968237158857,0.146405588531995,0.56129681975951,0.16690267343963,0.53197371727025,0.151544015927555,0.733917029461196,0.159449672830742,0.577296630656954,0.16155287254134
2.59756420725315,0.366849300700758,15.4084596222686,3.29200338286059,-0.586458922653834,0.0723974100820791,1,0.465680327869567,0.315097504390969,0.561629116764881,0.136754409667475,0.664305213730559,0.138621659436879,0.63932719297434,0.141063742044177,0.840782409492503,0.134941936207319,0.669545419119164,0.125961552024236
3.59877677362283,0.48283482492347,19.5548776725711,4.66694867511002,-0.684904183386481,0.0694271674800954,1,0.165898366615402,0.323126076930949,0.563284475240427,0.153778944994776,0.585012847152194,0.155341605184657,0.962175515476461,0.131028177811134,0.734554589819362,0.147504912386953,0.797493230346036,0.148382491291081
2.7269090293108,0.433137481647672,17.6985428213719,4.48078525606419,-0.61250898684829,0.0968643923847609,1,0.26222704061255,0.314828586295872,0.788391735200722,0.135148532054248,0.536767148207862,0.143135922068877,0.84951695436194,0.167344237065486,0.307553100715583,0.206412158939275,0.600900136042066,0.187324635641831
2.45541801070854,0.339318606899315,11.2774875307688,2.50497145733321,-0.618494258803073,0.0621324814932679,1,0.300634989016261,0.361091726498855,0.454946453508843,0.139638294066965,0.739297644683524,0.118386026707879,0.601498606138325,0.143170562386356,0.702316092286002,0.139164683778778,0.4786524378503,0.136385840837685
2.25936349913809,0.35008779403255,13.6164525737414,3.39894397382573,-0.586876939137321,0.0869315428220218,1,-0.408264630492855,0.318884290298771,0.709611255201612,0.137164634485687,0.613217005184388,0.147385081327477,0.553631723350207,0.161917668859254,0.597609309333243,0.147517842195772,0.766014218121847,0.154941816905297
2.32718117132782,0.380191825381898,14.8398986722536,3.57424440244384,-0.553000510135943,0.0890863659638118,1,-0.0387339141042055,0.258835819299461,0.698675690432095,0.133492313883756,0.634489051451921,0.144984860412058,0.426332184855351,0.165937889652206,0.470428705079584,0.165416675160729,0.53807957812145,0.159040436265095
3.03036429366968,0.411654588803049,15.1848433953752,3.20958499146219,-0.595109775927507,0.0800760033739951,1,0.0128097711048345,0.373280685453762,0.796953642751314,0.128279927195738,0.844588995989079,0.135805027943506,0.682903434684427,0.155045440225998,0.886864683521132,0.138728893903823,0.712651405916541,0.137351712065288
3.17654938580174,0.438145864062863,19.6930912466625,4.53628306046458,-0.567880170362664,0.0893922279387801,1,-0.00313468607526027,0.318043747573409,0.333428914110305,0.181445344983835,0.629095919696312,0.139181840267767,0.805131002537241,0.121574334497823,0.564639189072726,0.144474586020646,0.592709932344095,0.1475867424373
2.99016993409984,0.383221515703867,14.0710793639739,3.13505603059831,-0.500924426871425,0.103662723134396,1,0.356025473016591,0.287975847179135,0.701538334657117,0.14721971061428,0.790560937942078,0.131154373998612,0.617619265047353,0.139747092934167,0.616410133687645,0.14941401594051,0.609782293976172,0.156396347914382
2.98109910572343,0.374747608077405,11.6860500359349,2.53212219654176,-0.503237703761501,0.113399704873962,1,0.408780206044414,0.306443761238229,0.546402364298104,0.162472820348845,0.769362158910129,0.121085560083165,0.645338414994916,0.14721007054325,0.727147214740865,0.139149391082876,0.431069515755028,0.161997206911715
2.63833054742827,0.39773184944008,16.854335536251,3.83047991017722,-0.725988340239218,0.0606241843070619,1,0.0836988736742504,0.289064127160067,0.899060427317048,0.120836174691497,0.584955966469727,0.149697366430039,0.829785756260916,0.139345934757693,0.793372117729476,0.150029261552354,0.868276759492056,0.157653422500397
3.37996338836817,0.417439320567471,16.48640832116,3.48390128717708,-0.610526535371883,0.0876979504368578,1,0.513642317227076,0.277255829827202,0.819042486046258,0.144644168234228,0.472954269059501,0.157276763344402,0.69421783948286,0.141770659282486,0.813718541358762,0.119588099618459,0.893334641640736,0.13601187484524
2.90297654015597,0.342280415287729,12.3779385484284,2.54121747116646,-0.616585441899168,0.0718873579118939,1,0.291656227054093,0.328317801145553,0.773586800466415,0.114497377914402,0.615029033030879,0.128012239315529,0.532872558736001,0.132486927288052,0.678266562114891,0.152597599049866,0.940589360859559,0.127204022832357
2.37288514641258,0.363284893171393,14.5769008735592,3.46819861761641,-0.676423343852611,0.0653587486677762,1,-0.075024733084244,0.378658847433826,0.845093604044184,0.155032552569781,0.500936653536798,0.16520015729263,0.679921781252139,0.149176778147226,0.814123080926056,0.122510217592509,0.825676492777407,0.125859897456948
2.9780262350607,0.408713316666394,18.8938562530831,4.04215669341505,-0.658979143552769,0.0600219561552289,1,-0.124402873063717,0.3077058475385,0.698580373369795,0.126631107331266,0.759451421655124,0.135857497135867,0.493783386949411,0.145771513831829,0.867756281447106,0.138947893674386,0.630693208671552,0.144899577772143
3.03847384911451,0.435033188145337,18.7923885750206,4.37642774204322,-0.401343289940435,0.1476301549223,1,0.1391466617654,0.262481826988965,0.749192695473632,0.139607900696808,0.513238562296498,0.155891645105527,0.545047080697874,0.158681559147354,0.821884978026609,0.155307463084523,0.873152600772424,0.154812027925741
2.68610615432446,0.383288303379059,15.6319094230843,3.73246616630652,-0.815851288743107,0.0438626999129405,1,0.137992787285771,0.353665587763141,0.946063277384393,0.136103924392257,0.796790610269053,0.132715265784187,0.757726222984446,0.165883382715013,0.810032631233674,0.160228419739277,0.895948842002679,0.164949489703089
3.1960793978771,0.40960922892353,15.2059930974939,3.62746840965137,-0.614326745943125,0.0794192978480339,1,-0.148118326178314,0.310636874543767,0.862235342110741,0.130470101553895,0.850581154786236,0.114904095387212,0.736195384437708,0.152564868492382,0.738574286529138,0.14581293282368,0.878340296058604,0.144737102021074
3.59255742911152,0.485577329978403,22.9883739109723,5.43816207512927,-0.756284342644162,0.045500811135418,1,0.978286430162823,0.417895433398508,0.653933743328365,0.175470544416128,0.762556852348997,0.143487948378627,0.86767608588067,0.131635532582158,0.761776640606234,0.153481745918216,0.849283587082597,0.171779334298697
2.84155638064791,0.37076879920753,11.0958212216336,2.64486194560527,-0.605077073983981,0.0803493790996435,1,-0.16066293770347,0.256678222214599,0.849583250686857,0.116560149610018,0.739955701929546,0.128586269980395,0.380003863016335,0.160778500460373,0.605932693892873,0.16138003397309,0.43471087228944,0.192330078322562
2.82511474862808,0.499991261228448,21.2845068827653,5.84775265783073,-0.49174419623095,0.133679354548891,1,-0.37717593970053,0.370521269631304,0.956093061524662,0.146102839271806,0.715921825998112,0.165355958478109,0.557968560725216,0.155016447474552,0.403649909926658,0.180884840949348,0.849474356590375,0.171086739194553
3.8575769354099,0.529919414390577,23.0538992677735,5.63964095429356,-0.531967590936802,0.115762940575804,1,0.143728799782104,0.25663422323259,0.786519243073668,0.122713037118701,0.772218950349198,0.148433199687502,0.81867413577755,0.148840636581905,0.726337246565098,0.174410239622287,0.900549422736333,0.155037877314911
3.01591211293943,0.3794820532462,13.5358556780721,3.03797895962154,-0.651414667537508,0.0783369540448293,1,0.316743716571119,0.359123947963315,0.743616240957383,0.151916770646269,0.757778753315274,0.149628503648656,0.748852869965389,0.140657207966771,0.788917805845968,0.142554114702402,0.940496934395321,0.129619629668031
2.65771704435133,0.425733798453468,19.6643888621976,4.66416833420338,-0.66816645824329,0.06633396953936,1,-0.381439476300138,0.316888939106058,0.766533141117295,0.10062254500573,0.782421847296785,0.127592710214,0.666098073825135,0.161655255683966,0.533326301428854,0.185978107268629,0.727847622728542,0.161452234892392
3.39813273393671,0.488272776875325,16.7077694182403,4.22512029473456,-0.633088749491789,0.0865085275880498,1,0.154544365547431,0.256929769949208,0.606437799695427,0.157412027647314,0.767561101395329,0.145376308373179,0.582868064436981,0.144176170264081,0.900375770143548,0.145241309565079,0.791037710062666,0.179928738577776
2.2858668628092,0.342764816054191,11.0153176879618,2.55358058687706,-0.648082236219425,0.0724543722146561,1,-0.221353121635972,0.268545902588181,0.541100146470983,0.126728666146824,0.779516591814105,0.124519955865986,0.635517908516609,0.140109272567829,0.575457864634221,0.162329072150521,0.619726588123386,0.14916294330259
3.45037925300569,0.449284502623212,16.8042263007006,3.73586602707885,-0.642621401890956,0.0721610474876271,1,0.363107294063999,0.311132786561457,0.77549901878189,0.136609407195891,0.732617928079123,0.157079713833295,0.839948929890139,0.146734617125945,1.00420958669833,0.126066081005196,0.44521446537537,0.177566169661694
2.1312899113649,0.320363965365208,11.5049600183058,2.69594415279924,-0.644036818505709,0.0659794732070408,1,-0.58270843428031,0.288055251686113,0.639487602780462,0.127678290519747,0.856618269828924,0.107067234708991,0.643870926265593,0.137685667962057,0.663241584415338,0.165105699905739,0.553275700648242,0.197117709856113
3.01085971063136,0.532878950096235,23.7420407602728,6.69487281300829,-0.714746896460449,0.0665622729248519,1,-0.37433789253314,0.288983691300353,1.01078518777145,0.136899389932097,0.854636637706721,0.145982208273954,0.855558081645494,0.15407759167152,0.792698956532765,0.172471350228711,0.924523939854541,0.176822486631834
3.07831467570112,0.427451303170429,18.8113580713296,4.10343887316306,-0.667250710394093,0.0756174821189354,1,-0.0311979586240302,0.28072805316069,0.796039814965743,0.124928296754591,0.770300829326741,0.14688149576975,0.497809238815197,0.165349020902959,0.996165672011032,0.129831806522982,0.843195823108724,0.152968279482162
2.62881214930789,0.394989067507351,13.3931653006811,3.1504072257029,-0.540947096285035,0.110924114368287,1,-0.0504399818276462,0.297312298367145,0.597728759847052,0.145255026997652,0.664783090106066,0.129324480780155,0.664686407077688,0.13290194126696,0.694745738846635,0.147694006038378,0.645901963538405,0.175050330752584
2.83458744044095,0.427878881686509,20.0210179903346,4.57111187672897,-0.514241481967883,0.104677711645213,1,0.0580721357976522,0.28287009784489,0.630343467614934,0.138304415392035,0.677610749151496,0.140399944852765,0.699399517602234,0.154308750314086,0.875205814515064,0.131113038173733,0.674124997175414,0.150209820387712
NA,NA,NA,NA,NA,NA,99,NA,NA,NA,NA,NA,NA,NA,NA,NA,NA,NA,NA
2.35932946106345,0.383228777114028,15.2641440513083,3.71303605805911,-0.62406044093311,0.0804500421163325,1,-0.0820661040039506,0.311608203487462,0.678144702935189,0.12101888673408,0.882507476886025,0.130872806256557,0.710591172349,0.164020532016571,0.594975226369742,0.180971460364372,0.73852950553099,0.174741712943412
2.83483719183791,0.355059930871406,12.4830271982859,2.70831778651798,-0.534427007835462,0.0884081983869152,1,0.28699504934421,0.324059585504247,0.531476888107557,0.150884675786818,0.705449174053008,0.109015804532513,0.672341453096764,0.129083094011713,0.721909288995527,0.116020192284492,0.628841725087618,0.150088645011779
3.46531582378,0.409892766867023,13.8360322274577,2.98964582105907,-0.462048352368995,0.12053672917064,1,0.153976348047754,0.356682970165362,0.735678688894561,0.14004123011569,0.839079652796005,0.122366369627586,0.730287215996039,0.159035819125238,0.695843226631981,0.150967340942875,0.711746863996538,0.131700083391764
2.27329362992534,0.381815313640421,16.0999640328803,3.7673827923948,-0.573956285400316,0.0881424406543734,1,-0.395133650911956,0.267809246137247,0.729759880362912,0.138266358644108,0.439216047521404,0.157812852511795,0.745816320815908,0.125750623438584,0.338697785457668,0.164570287037505,0.760266462149784,0.124394414446527
1.77984067272995,0.338031891096696,14.7124888996963,3.37628603219083,-0.518170174717866,0.0978091943305666,1,-0.250432524137836,0.323619353945323,0.643392278982042,0.143267338569455,0.691489239147491,0.11525393489709,0.812949583360983,0.120807293855812,0.593225019611163,0.135333160862721,0.54710114423364,0.17624135621824
3.27192332899363,0.469729030284858,16.1036772453154,4.29057911373671,-0.442143207207045,0.145558264381336,1,-0.23478167177204,0.331938951705173,0.810206015847579,0.153873616292784,0.725086773056969,0.137130691893668,0.448162492234011,0.185067294033786,0.530655608500107,0.174287774365804,0.774396196306232,0.157877351936341
2.24237451488873,0.325290262647171,9.68415165911149,2.31264252652015,-0.474895771488712,0.117144657277106,1,-0.503487352209237,0.251781048002225,0.700909708362611,0.13020737962162,0.771634721880079,0.109913499865744,0.58730540069147,0.147683974131821,0.525395492341996,0.144398938006704,0.191731541910098,0.206984293530662
2.75170246018997,0.432980249679324,17.2750070173625,4.20210371877538,-0.461634682769279,0.130229721591011,1,0.200116295641519,0.294696092111321,0.695695729341943,0.155579604841979,0.785637691689089,0.141661296885888,0.677792355322724,0.155950401669206,0.747150191205713,0.140808544264783,0.644029279004257,0.161204290067905
2.61991841407979,0.359344861927306,12.5556401488138,2.77573502893411,-0.556414586003422,0.079272377287333,1,-0.166767063491592,0.311229191243703,0.619485382237525,0.155526881911295,0.582726862555612,0.152293385756488,0.714373184953147,0.106017634322702,0.579119109161863,0.137789751103519,0.609500626491296,0.140084990941094
2.13429266357365,0.323032609905129,13.1139104489782,2.79552994086949,-0.581180581109622,0.0777038141521702,1,-0.235627364804616,0.291505687330859,0.797254422091769,0.111561104892074,0.477976847811951,0.136366877115891,0.882235585891023,0.125285299841237,0.66375544701932,0.140696944574268,0.814301550667169,0.125477520679897
3.50292494884229,0.463265873623176,16.5586650643337,3.90978723744064,-0.636483323426811,0.084596316734637,1,0.530734761545013,0.419754566971075,0.557535513292743,0.162991229781337,0.614417204500594,0.13423354541903,0.601742053714872,0.143445752018916,0.904406894376453,0.143869208460104,0.65442112869581,0.149331988235586
2.50772695859974,0.362539047117285,15.8291945930869,3.32227208758667,-0.606907250501611,0.08747140272974,1,0.103480659396863,0.27607435659271,0.60568822460751,0.13897165817623,0.689947876160109,0.118631294200498,0.730262080233124,0.136301509188225,0.654330490109089,0.154551135049424,0.766924294683208,0.138728590456183
2.32229019197597,0.336743318843036,12.622054091383,2.94387876213925,-0.448369016445366,0.118197983966415,1,-0.233333303172293,0.243310459095365,0.463920813366693,0.14736742479022,0.882765327331125,0.104136231788188,0.717086974176325,0.125462843930385,0.413977654486552,0.158005834177399,0.753909570483754,0.144933062398388
2.36198201948676,0.378363442921643,15.4507146362664,3.56132672759724,-0.638490936240442,0.0720183082365778,1,-0.270511976660427,0.368642185290503,0.88013107973508,0.151335559628718,0.614648071175297,0.137609014976037,0.77297275465758,0.136342828260643,0.588045872976862,0.146657735596664,0.939611077426877,0.14739457502216
3.75232614424591,0.477956737063458,19.9944508960751,4.62298775657485,-0.649995890170534,0.0663717803824045,1,0.386449631113243,0.345884973914732,0.504860295226994,0.160006563744785,0.803484490196776,0.14149179691779,0.806206619662101,0.14052996750433,0.796835489914999,0.153980353512788,0.823750343496596,0.149450862261058
2.56787528597428,0.384015098286624,13.6626969968098,3.29733638491004,-0.484096971514133,0.116374796891936,1,-0.117602714372356,0.254371628976075,0.760539462410872,0.132733729233474,0.598053857275987,0.158417756282748,0.929687903194746,0.138545182616432,0.588788812379674,0.166522727815712,0.553703468362716,0.156236986020359
3.07159412411726,0.425105517996846,18.1075871943034,4.07509921289906,-0.647900226175945,0.0732685219338633,1,-0.32025652355849,0.325136132488896,0.826554909849931,0.142060778073567,0.534564159966105,0.14434907440478,0.744035567725643,0.145249675072562,0.79143912734207,0.127472015092939,0.685099331044958,0.161200068937342
2.57802609302544,0.379445028405894,12.2538766305398,2.96298326369339,-0.607885031284073,0.109239001441555,1,-0.566635492555401,0.34613875634177,0.530368693701313,0.170428013874042,0.836181724260816,0.12203871461547,0.708244043375124,0.123587814447187,0.495159596663838,0.176005415624932,0.615680916093411,0.17572177056813
3.14689085227732,0.437427583528766,15.6070759560769,3.5828111326671,-0.572177958058408,0.105579318143497,1,0.210116956675213,0.276892626315539,0.337889008722779,0.176194786961925,0.765929252534107,0.142744116513228,0.584428830763906,0.128640775022644,0.714279621235709,0.147966179232866,0.761060204278875,0.153612104209702
2.94292834467723,0.464369200223342,19.309579519117,4.73602275978571,-0.558874435243594,0.116509367200029,1,-0.138016242767369,0.322455100378335,0.728672682194527,0.160886327380425,0.759924771015196,0.150202726077124,0.674155511302625,0.151334825970507,0.829387732017046,0.13709822849302,0.91639161866068,0.14934704258445
2.32342044508902,0.346998232450547,12.9320798809992,3.10312972718148,-0.340591998393223,0.161436469943418,1,0.352113628054974,0.256833428541372,0.607957892142693,0.149112208749489,0.631915850953687,0.145677694534056,0.408111749383921,0.156997616122218,0.537804284643638,0.142705340354797,0.70275231869581,0.151275990424729
2.44299517941509,0.398030976608402,16.6462995716691,3.88371559176892,-0.535266695658194,0.119992317280272,1,-0.32462375654747,0.292433744246019,0.645702631264702,0.138584169939022,0.957370551317001,0.131910886779127,0.732896844783421,0.144866560070839,0.504644372197853,0.167373818762751,0.624117173815415,0.207143242964818
3.1410859382491,0.483364686677862,17.93774622204,4.79667436107844,-0.588954474646613,0.0991116691046947,1,0.148491814071798,0.386320590199173,0.818870457393736,0.142569708556423,0.67876580339109,0.153619519779099,0.687030849341666,0.149717954833174,0.811498831376236,0.172335140386674,0.606990804310446,0.185688303026405
3.52217418348713,0.543747946564227,25.1293969596893,6.52701830952816,-0.751172047424208,0.0548279641061723,1,-0.168577443535113,0.343299327655337,0.915537035490149,0.130445481857014,0.793727270025019,0.13723605812276,0.685631838969741,0.180538851948299,1.0214152061759,0.162384226296236,1.03027639762079,0.184491862469666
2.80826397044514,0.366568551545477,14.6016336761292,3.13393088475264,-0.511084009816542,0.0723230197865929,1,0.123649426340255,0.266243842429276,0.598077278373653,0.126900717910262,0.606653867054696,0.124487351342459,0.51469331304689,0.147340125391333,0.50416485300026,0.140781866493193,0.542003822219704,0.164434914794581
3.33495740169814,0.448892297171268,16.7168110957975,3.9694955142623,-0.646025643189352,0.0855360522765351,1,-0.114031405410659,0.330430396246295,0.845473607976546,0.147367193439521,0.819128347271544,0.156011057156435,0.885860708018898,0.110830794470649,0.478898770956967,0.169482646942036,0.820531173673251,0.139491265494408
2.30499938422926,0.359036698723629,14.3357854671976,2.89493880531684,-0.654895699048867,0.0640426621238316,1,-0.132344990887897,0.325816273719077,0.740984369385375,0.134175487774817,0.803065225239747,0.0969943339333566,0.852188507816367,0.115862074626919,0.639003231584806,0.141430175456465,0.673246565629575,0.166242644423646
2.2760636176589,0.354586993582824,13.9851242495359,3.00386279001024,-0.621281195624744,0.0686210731092517,1,-0.0252059838527091,0.293636385235968,0.727726815119818,0.133447261224561,0.690168473719354,0.116333714884631,0.788932583920033,0.123373972698419,0.654385679054309,0.146677656668966,0.590655728066658,0.166978893428535
2.71572316024071,0.392007426319465,15.6265925614215,3.14188823513209,-0.447150287908743,0.127787076115669,1,0.20411481033674,0.34313086328838,0.630685781818266,0.156511673650784,0.64545170848251,0.134867286107067,0.827477692509223,0.127935789369647,0.759685962556327,0.146342946650857,0.675032568787286,0.157517026821015
2.20537055733066,0.362886270388246,13.3800688520488,3.04729039681523,-0.464715821991852,0.122940760835455,1,-0.368247444243981,0.311978644084542,0.603031738471145,0.14479319058078,0.677807230484537,0.129739507164482,0.689841016198232,0.139200371102888,0.401178438476051,0.155964236321484,0.645599243539543,0.155117875019723
2.92809299177423,0.382240697883098,12.941929005664,3.05126838864082,-0.612580848881332,0.071464145987361,1,0.582939825220197,0.356637803130955,0.719578973844918,0.143021407249454,0.645503437922286,0.151161217573114,0.589145737449596,0.157733283166645,0.711585120616437,0.152096329197062,0.850956359115287,0.140578374579373
2.55359910724706,0.371842328595274,14.4590972797586,3.22481593346595,-0.490162913923206,0.0940264651731371,1,0.196808700308556,0.302871209165222,0.594580395013397,0.131879805509075,0.692487979300315,0.130080761871105,0.283196823217671,0.165750322374423,0.683291472781471,0.132425111151324,0.750387460812494,0.139815417310566
2.64694888090057,0.383654446779535,14.8492757982387,3.53691006268896,-0.634181498180101,0.067760531898848,1,-0.48035978409772,0.317619025495376,0.58176438053976,0.140202296967849,0.811736910851416,0.130798790174183,0.642743862153929,0.142478361299213,0.721173427450029,0.131118105626573,0.671656775124865,0.171160141681781
2.44050020778306,0.389251182918204,15.1972074128805,3.63611346304674,-0.697030030526977,0.0682517500890822,1,-0.627933339034052,0.364500848832304,0.719058890492494,0.168913287546043,0.852779145554185,0.124746508421802,0.90420067329276,0.126806384761513,0.679072725610397,0.144648206771934,0.696760192456814,0.157466325244304
3.01903326564993,0.446663761725533,19.5909475943569,4.69578254791375,-0.549026084815267,0.0928936066030323,1,0.0600697560298671,0.286972568440626,0.824913304093221,0.114562038900848,0.7213566019419,0.175666566664841,0.794426520134978,0.151990210060194,0.983370116336706,0.140907376787961,0.58538831617792,0.156163499603344
3.46318780277533,0.492250089344355,18.0336689962279,4.65050566993779,-0.576252816487203,0.0910683658872331,1,-0.120432690444648,0.310449753243656,0.715964195385382,0.141850972997553,0.687575594970039,0.138155137338506,0.921772503725986,0.154102506928311,0.61809371360693,0.160224772034528,0.556990993534911,0.182709594853529
2.75737201444921,0.401894212202602,17.9400576828078,3.90939141011345,-0.655727082042454,0.0668097632072818,1,-0.31203772504011,0.408924036544306,0.876872729761163,0.154706794173347,0.818054539655031,0.139699147784767,0.965992256929107,0.12632404923302,0.675936224753413,0.123774169467494,0.744191187065182,0.126368014711366
2.51341861567512,0.419436814863355,19.9117639435126,4.70649719190443,-0.613774685925593,0.0802663508368416,1,-0.151043593934741,0.30747593303274,0.711066395617737,0.118244543534194,0.818924289741667,0.122598418531635,0.523713184433581,0.165804382442554,0.672014281545208,0.159607061315407,0.686083878681924,0.16207133133585
2.52587558095288,0.366148965706145,13.3524768697281,3.00203345354538,-0.46926644181252,0.123584643374339,1,-0.772729487772542,0.291034093531103,0.925276341251651,0.104055478878553,0.681287759330632,0.112402834823753,0.551282546179237,0.146469375189456,0.35532091683793,0.158643660752452,0.611748931901517,0.161360134118439
3.01151058834928,0.382227461939603,12.5914786746287,2.75973426875988,-0.640430188458054,0.0750116123004375,1,0.0923443454494096,0.212390558098188,0.659025992015933,0.146975429382091,0.866685416701407,0.137641064588504,0.518696393705222,0.154645241379187,0.742326138694413,0.128454110039919,0.85511994757479,0.139485788266598
3.3597579257298,0.546473861510889,23.0866566755499,6.11341219219508,-0.741760150034861,0.061880794586778,1,0.23080716344165,0.423820615081808,0.788686225253224,0.172827952911459,0.843376127834886,0.148295102513847,0.851371352889035,0.164039063725645,1.12859123935315,0.158111272279857,1.08076195774519,0.146098044381391
2.80385631789856,0.382451572171014,12.9189126320712,3.05797895897137,-0.500265687640039,0.106921207200707,1,-0.000722648715697661,0.285247882461007,0.622079663088815,0.132793100657023,0.271890489184604,0.171773969086289,0.785235606884169,0.144137434294136,0.59511515870918,0.153446710569414,0.836061076511986,0.128250367599506
2.56208216774901,0.380540680381872,12.7297232544981,2.94868471233676,-0.517704046813847,0.10921943786955,1,0.0245812211112441,0.328982844968368,0.455646300320003,0.165509991856694,0.499117798119328,0.167980165878376,0.661547465260857,0.156602697965417,0.593070163287555,0.139823257632673,0.786238410939296,0.114580678447867
2.95064710957409,0.498418966295908,22.8385217150692,6.18546152157236,-0.62568637018225,0.0865366830722673,1,-0.2401360500857,0.347252700647714,0.781799891419306,0.13755070924504,0.864637708929995,0.133794753059897,0.618581495096664,0.163021258550352,0.831092003814613,0.168389467045507,0.644751362459572,0.195815549902858
3.132707485819,0.457418809255879,16.2470542057309,4.00344067451808,-0.647049895945723,0.0740358255402895,1,0.377668177582014,0.398058845125999,0.444103805013424,0.208354144474897,0.850243806093626,0.132612139123246,0.741267200566353,0.144980641182779,0.581536738783905,0.147057040605786,0.912461654468255,0.121159319201371
2.73361875653619,0.398100386174352,13.1513386880475,3.08020966985518,-0.706890284452203,0.0609817462972313,1,-0.169533765794672,0.353283307608669,0.679854526764036,0.13146782128215,0.637042642460044,0.134679906118604,0.650374225506592,0.151205940597073,0.882364016995868,0.138311844741451,0.808778386349286,0.147801348623678
2.98697868448594,0.428024726390031,17.3678187112479,4.36795549563853,-0.669496840395732,0.0720894862301135,1,0.229938571829394,0.300361326173443,0.753744328974581,0.162601598074386,0.898152301312048,0.153517246664067,0.785957420946791,0.142159706657754,0.6311609368104,0.12287337394704,0.877570271363368,0.157222149549998
3.41356183059948,0.459107880733636,20.9981092669243,4.5713168502458,-0.635345971067904,0.0629533243263873,1,0.162723821746064,0.275670645440665,0.937976741938083,0.113332149846373,0.636200107322238,0.127134070018959,0.615411051988181,0.143708991679064,0.617096884260412,0.158905747195946,0.827653689232046,0.14550519417744
3.19135123313451,0.454730746020885,17.9409959312791,4.31044618111264,-0.5750080630217,0.100390624592644,1,-0.214112602739456,0.317510034689132,0.71991996135941,0.142668160862706,0.706888534862179,0.153081609711138,0.81433861570764,0.136461752182641,0.698990327071842,0.157851392797904,0.574219202288756,0.169848073822587
2.70168978137188,0.416131752987294,15.8488813426201,3.90423099522542,-0.692188607930873,0.065148914495768,1,0.296624945191013,0.337893945843149,0.78741328125911,0.124901929986916,0.818852333598307,0.132556265118678,0.894913133114216,0.16211890501675,0.915539710832091,0.15086018866703,0.761374040188107,0.168373596888957
2.81617412926195,0.342956859386899,12.6457867838633,2.64134952537942,-0.715877971365266,0.053006144142176,1,0.454633139191115,0.326236716955742,0.678985441708913,0.118212961980381,1.13083450954391,0.109961822231791,0.778395546472513,0.119763355594033,0.554612312177957,0.162849797422316,0.353359215421088,0.194138775897619
2.89568927657083,0.374450263119267,14.1280509238218,3.13134376059586,-0.534848630823759,0.0975857307866054,1,0.182514517394322,0.259594596363762,0.724451121551883,0.117747938567963,0.69375610580126,0.128126379068327,0.90893380028188,0.14072864420849,0.889920285677154,0.132119015717111,0.601215510403388,0.15883672890395
2.39849307364972,0.370081112595535,14.3914022952653,3.4074367821123,-0.614360263922308,0.0881718648857854,1,-0.566048477841811,0.356608094016053,0.830306817612799,0.131457020062078,0.603292654880589,0.135233578033982,0.814629763927146,0.132770417662608,0.768629080638178,0.136046722561663,0.434409313007537,0.167643954631744
3.03449720788794,0.470572393010503,21.562188636197,5.15960650598162,-0.693800658681193,0.0655912426089083,1,-0.547442946787134,0.313504937768711,0.831886027068511,0.125048965245072,0.818272944504933,0.132963803458182,0.846776373377361,0.133820137950304,0.887199982234453,0.140618713994879,0.633422420074222,0.171789279718197
2.99282677919855,0.475925394237881,24.7489698611563,5.63346917348044,-0.659545683083281,0.061611459525541,1,-0.333273875209608,0.381320853635811,0.794348212040222,0.137332529504971,0.949547094860368,0.131870656892113,0.719403548753321,0.130378457867015,0.901528954300822,0.117283162674993,0.780247854895585,0.201662529568468
3.37588250953015,0.484727806941673,17.5457069914624,4.58950304418874,-0.51172011213443,0.134105154171363,1,-0.0557238767749855,0.271598058028576,0.750431624679946,0.137917377239368,0.56800114362172,0.177129506457192,0.696232659354031,0.174069591038802,0.6115607078484,0.177781719422131,0.823132138811538,0.14413080956863
2.36960520923847,0.361522553556158,11.0941821035863,2.70245440254867,-0.598934732441469,0.102793693633372,1,-0.304948453299142,0.312083117378679,0.693050568566375,0.156660779045136,0.615281453185649,0.145963822007169,0.51739130136883,0.153639675395618,0.545724921023618,0.152991469322048,0.340891310493398,0.176314605784292
3.70348718999702,0.449411940418939,17.2201339477025,3.81149673022185,-0.578154980440569,0.0794545150241129,1,0.618400088965314,0.334517885074574,0.691661326443028,0.118153214795259,0.883731086590935,0.114528935782522,0.578081290987054,0.146701717222181,0.602988234512772,0.164440533039097,0.754364941718736,0.149010364521581
3.10789398515307,0.471409660838784,17.2836356311023,4.72579349803081,-0.557509001561968,0.11480599032852,1,0.14817445974003,0.29918741913879,0.631251771590706,0.143511538969401,0.617603811211408,0.139226741083557,0.960800757035399,0.1432571414518,0.922705586653046,0.17419785617133,0.301670955510735,0.213054717928307
3.03001326405377,0.423781274200658,17.2002349484782,3.89242693669463,-0.581141294635285,0.0887539168941271,1,0.325824418639123,0.335871695448643,0.586749284584486,0.137874047873671,0.556139190277662,0.159405623076795,0.606386316964847,0.133855950830278,0.740406262954859,0.146393588866509,0.838511168946296,0.142273569160113
2.86588567319366,0.474827094044042,17.2257329059672,4.43817629566705,-0.584728262335648,0.108438753293549,1,-0.236677789743327,0.351789954595948,0.75759175063862,0.133400140158953,0.679156804516887,0.156960021699174,0.863297442667384,0.159996341114879,0.791940776799325,0.170250218532494,0.683980637412693,0.164611116623021
2.56520899926848,0.376734707498025,13.741211167673,3.46384095887945,-0.47276430865257,0.119401515972229,1,0.257372020807305,0.305645625050002,0.416379908486317,0.179259819986083,0.45070125472326,0.158982706925895,0.57134267862243,0.14553781327406,0.558687536802315,0.156597785965559,0.458526765523057,0.156039384445025
2.88299121474493,0.383612116326787,15.6126562301105,3.28066990687191,-0.655356664959272,0.0748768059719267,1,0.444095140094046,0.335615791103308,0.765888407151736,0.111764114213083,0.82244943462016,0.128186079861364,0.489189503166458,0.167584094699439,0.786618894775914,0.132002316189459,0.893869503155564,0.137984757591108
2.58626687217884,0.448218448620201,17.4487556068271,4.86933662590563,-0.624286848532389,0.0881311245594575,1,-0.106475082648167,0.331130929378592,0.835562174509748,0.113755676834663,0.959217775162736,0.129248067248986,0.866699485320477,0.16156464915049,0.401249316248721,0.239018233481475,0.62467076830941,0.238018119949407
3.10639085316335,0.485546480888403,24.0494042712474,6.18004846030176,-0.604111070893397,0.0808869405242967,1,0.641838113789261,0.304426625552185,0.361775667895982,0.170526078421617,0.820333434406467,0.148588718986123,0.543392163583391,0.15967252666946,1.00643132770126,0.145499920273381,0.707651783199555,0.175787125623869
2.78126542550679,0.401611520720669,17.1447161068876,3.9266550137703,-0.49446406429441,0.116818565522976,1,-0.59168496971544,0.265491277360701,0.73605374601201,0.13422756640908,0.621691019843838,0.123504390104178,0.601786577312723,0.144591694242022,0.843971835429617,0.140302460870513,0.534194881697705,0.16671506814667
2.47595704038577,0.419755779286925,19.784247457709,4.65835294676666,-0.441192798130397,0.124590283232255,1,-0.205493906427199,0.323345190079583,0.611162366027337,0.167125908257397,0.728923340147472,0.130151507749499,0.704368544420669,0.138362578146904,0.697389462342526,0.135660053129814,0.553924180126968,0.175001354749757
3.12446206512606,0.46279760187647,15.4422695952064,4.12499006076354,-0.423258350413584,0.142184850328239,1,-0.144292385072531,0.304725877499166,0.799508421659792,0.133367426330544,0.546491791587392,0.167789182315087,0.694865116645748,0.160906195574886,0.341453920389959,0.17432490751946,0.608670602051039,0.153520301690403
3.01339078735338,0.439818328707304,17.6163931474848,4.30512360753468,-0.558619322331531,0.108280591660851,1,-0.0374745939625492,0.317951932599244,0.610549600294918,0.179195453653209,0.864717500498325,0.143070834683935,0.861117930176006,0.127084261305551,0.828138435965715,0.150338740789035,0.752513839006569,0.166654269678528
3.20025000619133,0.484983072569735,20.5949441165755,5.25986677228896,-0.654492480500354,0.0863200757606393,1,0.128796182543271,0.338870514433378,0.596517629502309,0.154388923198289,0.939970621225232,0.122730274478436,0.886509417313143,0.1338243706048,0.545899137465336,0.202268526997601,0.711942541689208,0.193447640896031
3.01552001495395,0.430186841771726,11.8994278258515,3.15328083807992,-0.494023229054514,0.118082701607686,1,0.435136124359313,0.359000991545345,0.502297792057951,0.170413153567051,0.621498056590404,0.171302931814983,0.579065375175701,0.156005904304737,0.740581133476092,0.138592992513092,0.561478225093718,0.183338679566525
3.52692117549586,0.514594283596956,17.6010125106611,4.72570986733013,-0.570555494226039,0.0980957546099951,1,0.59567286246684,0.334197209464003,0.442073504443029,0.161144336009691,0.565819450672643,0.145067584967603,0.703734204633114,0.16446936964795,0.607323946415933,0.188668275859543,0.730910215068484,0.182551048039842
2.63790945647419,0.359355928521995,10.0573809625097,2.47952732438445,-0.444785374641995,0.130086122252,1,0.125693723513869,0.311562750925067,0.463882174430326,0.162790249248569,0.644492095743897,0.128435843607193,0.5406013411533,0.13132663488948,0.625669273119733,0.148399357221702,0.624755999154962,0.158469421209452
2.61372237734408,0.360657510727442,13.8710152348004,3.02693955869952,-0.514194453231405,0.104831220227866,1,-0.31336478981059,0.265860466110726,0.807126834199557,0.132648593648487,0.724774226610035,0.12791500664123,0.742737815932197,0.114102316484922,0.868464689756615,0.12192653990251,0.600136130658415,0.156313322505918
2.8381294010421,0.347598963433172,12.2946288195066,2.56278347555572,-0.199836964033266,0.126646030738569,1,0.264642279423123,0.284394256644385,0.516261074634402,0.142748077996997,0.666610396095167,0.131284498616046,0.588056339129875,0.140333291284116,0.534416260127642,0.14233086963866,0.705673834446595,0.129727637623011
3.09482382462633,0.51567986878893,23.8489935452477,6.40597298135412,-0.628542139673224,0.0894950618358267,1,-0.199566313071822,0.336701806494945,0.829769813744243,0.126405109075372,0.831264884047698,0.142814341806269,0.755180945894116,0.165811751182775,0.831007436966686,0.183186908468176,0.75101050365971,0.174907061269226
2.84478225032777,0.425150130585759,15.4965231807699,3.87994082581976,-0.545195134420624,0.0957153218373763,1,-0.490166107807577,0.428066139411445,0.721911002779785,0.166920892627398,0.562628707447572,0.144681700452379,0.671420578592834,0.13809778514854,0.715341324731858,0.123155915631347,0.453114149636233,0.160368965765694
2.22467186731317,0.324982300033697,13.2939052535455,2.60393411828683,-0.541340242684798,0.0894184461896172,1,0.0018933215104393,0.267071558513483,0.720155047774247,0.128209689898936,0.695926041903845,0.11205899780573,0.64920591556582,0.13156912533673,0.73311278127437,0.118451750319105,0.652646831445442,0.126163615478185
2.6824897298345,0.400470982499386,14.6981020412504,3.52234915440972,-0.611345251414361,0.0931787482532674,1,0.27224040036409,0.278261010187735,0.677591175606311,0.140335419332319,0.694828113322913,0.14722419336856,0.698722731827919,0.145616969486548,0.55249368024209,0.148809753394787,0.561930849156099,0.179877383989781
3.35416616696418,0.455335815958752,15.3143923980645,3.76041683065409,-0.569084331959846,0.0861866560183492,1,0.574894510791277,0.32849710482855,0.807411968649794,0.122696524480792,0.832119783953886,0.144711312900948,0.534016495126212,0.167591861513429,0.62096421102067,0.173310593520781,0.694833982974579,0.14515531046591
2.21971917851548,0.395839074449206,16.8873673417416,4.24232134980904,-0.383058135259742,0.157941450952147,1,-0.226943460306229,0.380219424124069,0.837724448814589,0.142405550447634,0.729260348822635,0.143013679929784,0.741813165318778,0.124880814578257,0.38801101795473,0.187243724412125,0.685575340032899,0.151275293251385
2.13687038537468,0.330519363257903,12.4388403526758,2.65066973476773,-0.49156610533188,0.0944675254696266,1,0.0642898982465331,0.337461769648722,0.459162211803591,0.148800038969845,0.855982432569564,0.116058829273467,0.592731700499529,0.130147333940994,0.600929207580366,0.14379637464548,0.596895019405574,0.145541428690942
2.31296457289172,0.350540409530713,13.1308236221936,3.06851289141961,-0.503313064918483,0.117234065504199,1,-0.245728635884643,0.25877592452497,0.460121647563996,0.156109776558413,0.515905600427917,0.15179168085528,0.766135948264182,0.113447597774438,0.439458370917739,0.160330819098575,0.782734379074924,0.133754126587504
3.35447655474168,0.563159207212349,22.3563244983866,6.43538042523905,-0.655555268418052,0.0955072917953653,1,0.223591204665021,0.421887159034965,0.627495124663751,0.18384539470159,0.783902128573379,0.18227769315986,0.85980342403386,0.175248179657629,0.720411718748304,0.167693647654676,0.816389454610085,0.169380317002572
2.21628961565343,0.323006651831281,11.5031592706728,2.67677500755435,-0.46048131093201,0.106040407000169,1,0.0467130734930565,0.266050806692214,0.607045852853011,0.129092597285361,0.686428984399651,0.136373765610283,0.592448929808716,0.151918583627191,0.462847862366281,0.155607330310766,0.597806571851807,0.176120964153769
3.21612280445544,0.458292773857379,20.7695687435254,5.00385551361113,-0.509818433845615,0.1067568939367,1,0.225741013649584,0.273541355693781,0.4909998010516,0.148749238554312,0.711143424310586,0.13998332570408,0.78459574716598,0.130174090455679,0.760225029622846,0.156519287512105,0.98947834275517,0.163963143841468
2.97104157635651,0.419501692643171,19.591575687493,4.2782095027674,-0.584417670923508,0.0978007467148092,1,0.125552373379585,0.30501231485565,0.622270449578374,0.158323252122396,0.707494586159896,0.129596638418841,0.769374695434764,0.134457455064179,0.611310316750086,0.145800222278609,0.651400690782255,0.158461981431186
2.79720291220382,0.341515791974428,11.5993318192502,2.50602803068583,-0.410044717585652,0.0990724088406253,1,0.261728767006681,0.232934964621133,0.597002307836167,0.120601989443498,0.580533450193762,0.132227777430945,0.645706532848306,0.13114416208923,0.665088316760732,0.12958433199608,0.693510974162633,0.127718677128928
2.61649476006459,0.356243301374678,11.6695097163069,2.53322001358216,-0.506526849278519,0.0971972595485179,1,-0.0292980990939006,0.2783492740223,0.664389346139539,0.141152437009955,0.630186878792336,0.128330344995766,0.706007867989634,0.127426783543064,0.641362538691761,0.137007081765107,0.620575899372231,0.138707666963416
2.82755254933597,0.378622808049524,14.266162421569,3.3127684185285,-0.624790660715104,0.0749687784509739,1,0.210250645279188,0.343707756744089,0.909686358250006,0.128414975017331,0.443835607581387,0.144487978836574,0.815191052570024,0.136482711717967,0.754836367541757,0.161623123086969,0.53745183910985,0.173656162291469
2.85833704047305,0.401020002508933,15.3365150650052,3.39632454442019,-0.666940619463381,0.061050488020054,1,-0.255610252805628,0.29562594730604,0.77666071936923,0.131636927488434,0.746449113400019,0.121874920496888,0.661070213019577,0.141593833868441,0.793609640635309,0.134594544605873,0.671949971663487,0.165118066547137
2.61372936898825,0.387576577561392,15.6207766865736,3.55668611131174,-0.514224748740734,0.106930199530339,1,0.0249657133281064,0.337895836674921,0.718582765577776,0.140942403426879,0.660460961610079,0.130542071305368,0.514449666164435,0.156142392348951,0.421529827761878,0.151975313923079,1.01071113739413,0.134717469812247
2.83953733462315,0.42119968497653,14.4234169897119,3.70248415475188,-0.452744078876919,0.145530669625695,1,0.188271439954633,0.289998632043685,0.547186120955005,0.165891863487876,0.652797154739751,0.152980362378803,0.458482347629215,0.168951312806673,0.700866553182661,0.144871513072891,0.704615461266889,0.155408207141841
2.27703823429312,0.32197206729107,10.645983178314,2.3320920254975,-0.634231052210218,0.0739586758192994,1,-0.0472603282830928,0.279339667879316,0.471978563810115,0.146561249734533,0.629260819813768,0.131882672763397,0.667883955628508,0.119616683831101,0.743289811449193,0.123034710246011,0.642566339067134,0.157803917312583
2.36393952818863,0.374270220929558,13.4913609776502,3.09064666862512,-0.624382119326869,0.0730874629455586,1,0.0210382898030801,0.385237346959117,0.713910755436367,0.139331725578953,0.677103462951148,0.133642987631476,0.640271604242822,0.124953595210992,0.621459367174546,0.16823444028905,0.659846034329707,0.172557591091435
2.48063075438479,0.340449591966379,12.2442259532976,2.61330132645668,-0.563189516592153,0.0843830188658351,1,-0.302862534984459,0.328901758267843,0.70769619449942,0.135427269318043,0.556642334134043,0.13466211743542,0.594687156419967,0.124703618168072,0.645195463752394,0.129228457986375,0.680482070566314,0.138705065946763
2.7162214964752,0.365406044916545,12.7587191581204,2.98601237135563,-0.533853157269441,0.081024358003575,1,0.309367113457528,0.299137696519667,0.586083921744606,0.138000479239828,0.455638625647442,0.155777768776161,0.742679359745974,0.111032062055622,0.680269621682326,0.130865543742115,0.741265769984018,0.158846216661553
2.55020201241574,0.445266655825548,22.1747328874314,5.5313960877374,-0.567485194252396,0.0875966151327598,1,0.121947494611189,0.320169954369429,0.73110205258335,0.166980725948856,0.698909929797313,0.150223083191182,0.780359029611198,0.135527513576267,0.54610061597973,0.166116460682034,0.670474625451451,0.153358344788592
2.58595847169806,0.37354002777627,12.767874793365,3.00742437301275,-0.555944935589218,0.10498447502775,1,0.27034608193686,0.302861638226012,0.827986910530891,0.123964016391404,0.545724981936117,0.166655479724031,0.589371659221772,0.172897645664173,0.527676509611626,0.168803604176756,0.759430565698705,0.146152099106839
2.91704737182588,0.454423961054691,19.2950432968604,4.96645909754436,-0.675347867936953,0.0759978689939772,1,0.0141301536612274,0.362277392787344,0.754300980411609,0.144275173032729,0.772959553705592,0.145873693864018,0.753617948034115,0.15565738965221,0.732554744638818,0.149836523028519,0.751818449566771,0.169629013548248
2.56053665833475,0.397557785694698,16.8068895224466,3.89858941106601,-0.538289127572251,0.0986905423523088,1,0.0324392251335763,0.296920267587569,0.582872617862659,0.153383584997089,0.699567066107651,0.14004070887555,0.737991029484105,0.136160295363548,0.686380802970697,0.124164855018002,0.876498712872741,0.144457879435037
2.61316061354564,0.358794944206258,14.1117466062619,3.18605988138458,-0.64596249168862,0.066396106533029,1,0.554683171295108,0.29050587305967,0.362967557456097,0.162146239162182,0.690450739248565,0.121898866074016,0.551204238659668,0.150235955097693,0.79711557810385,0.139439844003745,0.618017535965583,0.15686456929608
2.47863302904513,0.328553615198551,12.7113212776909,2.60411925606382,-0.690758783447052,0.061567266995241,1,-0.248770087400088,0.257914446600156,0.720382315632811,0.112229724255882,0.682171096030117,0.123076666979213,0.44574291036307,0.140934126991933,0.958325259169908,0.120875406552374,0.59123124333389,0.150330860938059
2.99152607484497,0.45933544411903,18.4313897134013,4.94949557795173,-0.432371469193227,0.134577290307769,1,0.385787776127095,0.282523220562045,0.553074529933506,0.152373444825787,0.45515457141198,0.149089189141304,0.789141314405421,0.136534205806098,0.594040311376694,0.18014651754908,0.672464221171729,0.169551259155393
2.82183148713449,0.384707514332241,14.1768543658196,3.15620900081099,-0.559269948102659,0.0941582680240231,1,-0.235812372513597,0.377606247585091,0.882039257964949,0.118785678626113,0.613993405371096,0.14604687832512,0.520061552237551,0.147926126563231,0.599328849284464,0.157183952376019,0.709857144603984,0.156342619149714
2.65740271132111,0.432962712735438,19.1460640283238,4.79824362557419,-0.575041680581112,0.101773435409445,1,0.258487156911434,0.355024478364628,0.620746399175387,0.199477274109486,0.873684974280461,0.141899275730287,0.715334764647018,0.156556846607639,0.58505775894416,0.150796893018022,0.875741334137804,0.137922134265639
3.06706794111008,0.423038221883142,15.9125934380324,3.82115740019364,-0.700793847486438,0.0600972349437207,1,0.262680813541934,0.36773978888889,0.717000221489979,0.120737860800237,0.62257556527902,0.161028697744603,0.725171526256926,0.134647677281749,0.665331964434278,0.15570467392993,0.968882319903,0.158572035906844
2.94225741081574,0.343265985968899,11.2641718427389,2.28424616816753,-0.565232750261971,0.0713791703181779,1,0.433441011158571,0.327365856885816,0.700753333815822,0.122030977276203,0.46897630178525,0.149821154992286,0.848821729313908,0.12713312224252,0.675452052977547,0.147953655010856,0.870489035860045,0.113467271198619
2.77200034097506,0.382463645297636,12.3960924436252,2.96875309907606,-0.502304724855582,0.11476957474849,1,-0.367312780311514,0.267405379530891,0.800447737165578,0.124921234465587,0.519587589480225,0.142674639155758,0.575433149495099,0.172895974434382,0.814730984927584,0.139405366184927,0.629379450117846,0.171973572321287
3.01313713861841,0.405670102783558,12.7209801911062,3.03275748013628,-0.597949725183081,0.0961953276730527,1,0.396022477301071,0.328163232992459,0.495550068595839,0.150699721797127,0.813178852880657,0.121588293123437,0.681564765719864,0.132680642303465,0.656015699452824,0.148220546739822,0.820344380255101,0.158353127274525
3.14632325923918,0.458865242213936,18.3528919589795,4.54413778755365,-0.665278904467683,0.0732868071142561,1,0.206599543553901,0.348357276584608,0.862815692526538,0.150635089150299,0.514336700369774,0.160030522109164,0.755026352583552,0.15524440071755,0.817970597030156,0.162153681809081,0.967841047838424,0.140576721934638
2.68027515346506,0.353916736971945,13.2634748776482,2.78063212918912,-0.557742706850368,0.0962992180809375,1,0.197886961798938,0.260189063513861,0.671958138282748,0.134213951747186,0.49220796745017,0.142398553050372,0.748826776454909,0.130075035642871,0.752980664706664,0.131680726719987,0.652868750452685,0.150530535219028
2.99268479687639,0.442574210904547,17.3289931165457,4.45192227745496,-0.645168626763711,0.0775595094897061,1,0.421061279756619,0.355244853410321,0.628442201063777,0.149132821114379,0.879197631368901,0.144787302209078,0.617580272856517,0.175328299164949,0.459606465161263,0.17837557221158,0.947804483499915,0.146181460986311
3.20007582672903,0.46285375307221,16.7933167604422,4.17119989541892,-0.683969233127599,0.0716154460705328,1,-0.119449976205807,0.306045932706106,0.712640936330198,0.148983637192071,0.906792114700979,0.133807135516117,0.743029341434627,0.138776720891039,0.993917469144196,0.133318183636765,0.629691185982085,0.180187998562159
3.29712025583185,0.51101777145798,25.2892896146847,6.22964395256485,-0.553823612225434,0.10691462950878,1,0.448195292802147,0.298424159872944,0.804373665887768,0.153742829362353,0.766286528997819,0.142966017908598,0.548446353366548,0.182707827761307,0.680207854647607,0.16677898565016,0.942529565721854,0.134730223259619
2.88036124438087,0.418337648271725,17.9868754710557,4.06453766285291,-0.594141620338943,0.091470261905246,1,-0.624144850272309,0.276032588953026,0.945727750087611,0.125186252497621,0.72604986806758,0.137669952790606,0.540649249894482,0.146581608601385,0.794961556975709,0.127235438854024,0.560455735048006,0.166902985560078
2.99954105742415,0.436468171973911,18.6511259397285,4.4024652991439,-0.71924793486248,0.0568202907728398,1,0.0219636671766341,0.340481537655698,0.758533764107439,0.140699946178224,0.560955888850254,0.170383146921308,1.00438801370763,0.120411998830306,0.730683502480742,0.141319041261303,0.887855787254087,0.149266968118079
3.20319181043878,0.477063897102232,22.1054702899923,5.53275881401157,-0.542320431205833,0.102608638584403,1,0.195722316551833,0.30177586024096,0.724508582766598,0.145832667916079,0.934615653511856,0.145696199129058,0.607616677253377,0.157380271386113,0.900272599317953,0.149355544399508,0.646555061763772,0.163873604082779
2.50398428291797,0.36240030998871,12.7455477600657,2.88018344295756,-0.523340579968214,0.110135665367573,1,-0.179345804035067,0.283763445552628,0.377689816559284,0.175831950073534,0.817951275135461,0.124652365194589,0.505675947470775,0.149432306015896,0.593086025861326,0.143091526729928,0.483593489573526,0.141814708186463
2.69709101165828,0.424299987585289,14.9604336145467,3.92621239426463,-0.599714276797191,0.0963849432570639,1,-0.266782071592555,0.342684124130426,0.71264762103513,0.114364874021252,0.658095009778355,0.139084805312104,0.641419389733246,0.163180061137696,0.286474374562573,0.199449356300917,0.426524140432748,0.205020113580069
3.14247903908834,0.399416511314514,14.7373935974903,3.36477866230701,-0.535652680889798,0.103410924769794,1,0.176896120189029,0.324234074756779,0.580760736702261,0.162749070600389,0.50477244626786,0.137915253912078,0.786186723289286,0.139523743798702,0.700482764835772,0.12868259286089,0.894026673518534,0.128439115833065
3.51500495963931,0.496098134064926,18.8268640782114,4.77378933296422,-0.629998126093338,0.0913553051490877,1,0.229284861636261,0.35214017717551,0.867666653535654,0.13593661116666,0.823371723041703,0.125298103177391,0.735581559756066,0.147152165396266,0.952773451592182,0.15372441808291,0.743131674168745,0.187051740283289
2.11123181742872,0.328280891274944,10.4757267177808,2.59600043191328,-0.464782490858266,0.108055330841966,1,0.414682503318898,0.262610322448919,0.342604000376336,0.16493049000943,0.622678605604185,0.134696602297063,0.635227601650506,0.130957476964032,0.297204930824252,0.174778269899439,0.583235207034559,0.154341206135003
2.59577674773516,0.434099829980258,21.1372209195743,5.22419911509224,-0.504685357048168,0.109248867292625,1,-0.130692834973884,0.295250955319745,0.852020747427323,0.142955805751583,0.518743970094315,0.167498558051691,0.812302099763314,0.133509022480972,0.533091263361352,0.157443021127188,0.911378707389524,0.157489478100361
3.39652962798959,0.483970879974537,19.1139227537911,4.82137161319969,-0.725889087089285,0.065356331411099,1,0.0979410369793703,0.317565569340966,0.646962663723873,0.155554017577404,0.972963169183819,0.114328161084804,0.814900900071591,0.138817513232138,0.570687729350072,0.189208553778834,0.697882083239693,0.191448714931896
2.22855705820891,0.359400995644706,11.5202053510217,2.70474556434794,-0.508369574941525,0.110476147148199,1,-0.0860575617204942,0.34951004005327,0.49181651223806,0.157653961829451,0.699572937696214,0.134769163378011,0.514355372257819,0.142854950123947,0.559935572874795,0.177122200081937,0.486156320328042,0.166024968626144
2.34372298505801,0.358904745676489,11.5913067681739,2.6689426943788,-0.480626462543106,0.107888320800228,1,-0.211400572732751,0.289419309531578,0.639465659279032,0.131237885874583,0.64452009015482,0.118686323864255,0.587138224095484,0.138437968639868,0.226302351059919,0.172665160605249,0.537266676513678,0.150852579599257
3.14372948520582,0.458698112169467,20.0066234998321,4.8448231118746,-0.648267289909113,0.07632609306024,1,-0.242093705802915,0.280286002542526,0.766553035586495,0.141088937834529,0.925755494433359,0.136896711364562,0.437078950875717,0.177298762445704,0.676464961930747,0.163212954451952,0.838339726320853,0.163832184846719
2.14849939171059,0.332505763601803,12.6927603878904,2.70913506872612,-0.70545355994565,0.0591441872368815,1,-0.204006051097921,0.279056618081439,0.747228197671096,0.121405566503347,0.709649814811075,0.13094842058559,0.46055021721667,0.154699970424927,0.67377995196079,0.140952313104353,0.489140291391383,0.175112109210195
2.09131260067721,0.334654880879715,12.8986604013747,2.85474596617402,-0.639799241949363,0.0713463291999132,1,-0.266801571946424,0.275507927414586,0.731105962119515,0.127286667762586,0.798106270713113,0.120795779941544,0.705820250877253,0.121447595557561,0.765723384348487,0.144128417461908,0.775586522973336,0.162484096664201
2.86502824225219,0.435105289735684,17.2706968455564,4.07092582366683,-0.604726896702135,0.0702929658646968,1,-0.622710465956759,0.393883659074728,0.920966431388752,0.113704475185626,0.810858570384504,0.114515722574699,0.655988466664238,0.163185581977164,0.97135636791641,0.163178952174247,0.401818195674781,0.201133996014812
2.47829019232811,0.426256673588403,16.698007893659,4.18840042380864,-0.665874618346512,0.0816044712796746,1,-0.418142632387425,0.395897906715587,0.959470070828888,0.134263313875411,0.778717182838625,0.152761553747962,0.794258381790747,0.137268285465819,0.617930360761269,0.155799432553603,0.984575366078856,0.151796631969113
2.70745756293721,0.380288398271284,15.5515795805966,3.57850472116074,-0.648805419670877,0.0726633902169602,1,0.0759510632481179,0.265064205452747,0.913129510257881,0.112763817987982,0.612806464645411,0.140302755057158,0.419625615226061,0.1709468169227,0.832771571614124,0.118495267611426,0.654199712299195,0.159857044644597
3.71973287481515,0.541805601708768,25.4599970074345,6.19600362362661,-0.694728350808303,0.0774982785847932,1,-0.508779420006112,0.3418018876246,0.937686164430565,0.138618082679808,0.936922283504587,0.134570181725942,0.689727634981083,0.161940796523023,0.815291309881578,0.150617817993601,0.986460209414224,0.148472084878572
2.96108780352166,0.393737626081246,14.0687507364377,3.136550903437,-0.552661840228331,0.0918776382789422,1,0.487182807473248,0.392612628141863,0.421198628587892,0.19368968568584,0.733915915106494,0.137562599082169,0.597955577147151,0.138547227775968,0.763557009590511,0.109043976576393,1.00227780312718,0.12801825659792
2.35819744324981,0.337677434340121,13.1383659766204,2.54192390294218,-0.438367589396762,0.0957434907986466,1,0.213924558392622,0.29076018630177,0.643648935530686,0.132191591461973,0.611575806064654,0.127188713372011,0.780642724270071,0.126167535241212,0.580106998189656,0.135393346506665,0.729802355427899,0.119788801409574
2.73443003328474,0.422174325874088,14.2889678361475,3.63029168655719,-0.613915271203557,0.0838980713408015,1,-0.750233706350385,0.331339102096312,0.650355798416675,0.145812833252846,0.848416684688548,0.143635029059259,0.672835030124425,0.154444228130425,0.553493477645333,0.170370848034005,0.701379708818377,0.161597847672866
3.00666522020222,0.490268773625371,21.8560452467185,5.80391150066424,-0.722665797558544,0.0719675398183225,1,0.395937258660079,0.346807256545134,0.737888074472018,0.155093890327639,0.716016888686759,0.149747706672222,0.805228580326804,0.15155706470803,0.895293423548149,0.148283865242935,0.711586457499242,0.201081566128134
2.97622500964807,0.464113645282595,20.0569287107855,5.22759541393542,-0.53559433886755,0.0913660087820698,1,-0.180478272811856,0.284293823672279,0.721975760699821,0.144525015785965,0.90838541629854,0.142954965097089,0.62322336422371,0.167864401422208,0.535251470699532,0.181421071813198,0.826518317987482,0.157577615940801
3.11407097191765,0.416747798017204,13.667567825243,3.31386484488647,-0.624183703834326,0.0776889640576255,1,0.432159766541193,0.303829456274873,0.663595515157237,0.126982596469348,0.682913976329664,0.138540857942219,0.767461063050086,0.137162619018687,0.531207853474727,0.179440890377459,0.680893401498167,0.175245492163292
3.4406888830298,0.442535227591585,19.1960402360157,4.24851080393769,-0.685256275506247,0.0666925095783737,1,0.0172201924358825,0.327841945447236,0.593338900655161,0.15255345771591,0.76359575162301,0.117729518427958,0.917949189440305,0.127648721621156,0.525506673768125,0.161527572139251,0.617772325331103,0.165301744173435
2.91556305580837,0.458749701167726,20.5088732803006,5.09135745822058,-0.613643744031686,0.107219046124729,1,0.286046546868461,0.294775694158262,0.591400605253533,0.153094882729184,0.571138494625565,0.147675780510831,0.671213606747214,0.158807489796788,0.771982693049023,0.136190740092564,0.889753180343484,0.163825678860062
2.95436725170779,0.419106270258615,17.4145220354924,4.02290331147902,-0.510826065798168,0.0961178127831305,1,0.343747216083721,0.314734132921354,0.51043454641834,0.150108319252612,0.875872033056552,0.120553280749509,0.331054903907193,0.164230821949348,0.805703582730978,0.144611957931827,0.816516826455001,0.144952417545215
2.84399188621062,0.422287340181432,16.2022033662556,3.96548769530739,-0.70588129897773,0.0624595014954027,1,-0.0283197029644373,0.302091184616288,0.788537236016841,0.138657554558556,0.609965355792326,0.152651734006249,0.690031714750211,0.14330226425595,0.748163308258945,0.145732195853402,0.841558872921281,0.156984933877225
3.02041464332701,0.455207870404095,18.6092479723914,4.60981249489581,-0.632516566909557,0.0782497092654601,1,0.438503836369069,0.334209163067106,0.678004774895588,0.139444158080837,0.784715942355366,0.140386394096179,0.904014548282887,0.149298437727719,0.480631170778395,0.190434113618214,0.652802342893705,0.172374475173378
2.36107569877328,0.430275134666547,21.827636693538,5.11836154636068,-0.575164232293608,0.0972367395546085,1,-0.179083720906921,0.341420502527558,0.503928651911456,0.172087319601107,0.872024818089241,0.142429648321416,0.406528299386536,0.1604804183676,0.956906332918457,0.113996798137089,0.639625695152479,0.161705494861706
2.52568219403973,0.389908026314945,15.8547628175286,3.86383595857673,-0.582665975267769,0.0869186993287937,1,0.226227351449879,0.304937221434945,0.601373527429252,0.146005376193567,0.712578612345822,0.129889660573288,0.802391111069322,0.132733747947114,0.862073827979651,0.146487326772754,0.536596822031453,0.172681328198216
2.81213666274956,0.394599126173314,15.932304316837,3.62884101983077,-0.66490310449333,0.0645747388891871,1,-0.505004875546711,0.287522455500876,0.973197737736237,0.110875652566065,0.836058067261197,0.111146199185367,0.535351094747417,0.139952875482618,0.482394734019293,0.177614182403354,0.769705469453085,0.155121214987208
2.43153668553458,0.416124724592827,19.0489641138082,4.56203981311048,-0.538191240978505,0.113191497732403,1,-0.0563462882795498,0.303210293111802,0.634426310250766,0.134955832690687,0.755316244721022,0.141237604784717,0.632524253421373,0.158904420857869,0.811353652750477,0.136190730894059,0.66130772735261,0.162665881812751
2.76610032459559,0.40935415998697,14.2867408315487,3.48858947857676,-0.573058381206378,0.0983237993596735,1,-0.0733784714704703,0.377470051390451,0.85238207302013,0.148335836179463,0.854861823183771,0.14032221864942,0.609778456240462,0.132127801984526,0.605679082374145,0.149126556981105,0.788546145949317,0.146513191585216
2.79768523230402,0.40077713246722,11.8999062193521,2.8660378373116,-0.655165900206242,0.0755127260923109,1,0.0340322224439139,0.371837856241039,0.588180655447645,0.152020597578246,0.72970306951047,0.138243585026548,0.85547997090526,0.119850579152709,0.806064890890793,0.138603069166223,0.734131359961602,0.157326206710218
3.03541967325461,0.444033326787125,19.1270390062052,4.48958474914834,-0.724222093138458,0.0616802130707059,1,0.0272503103646581,0.280574312167936,0.779633943172781,0.123622742737893,0.796796092152631,0.13046457854664,0.709503135126114,0.132183725158692,0.743212852496041,0.144375486551761,0.916499449247742,0.14910959785244
2.5733119826748,0.391951550372074,17.8804805792199,4.04812645152175,-0.708876298811182,0.062232848211357,1,0.175133492246239,0.315733520804437,0.828505227245358,0.150688467610036,0.83429036126916,0.132877909345702,0.80762023868024,0.117334809510636,0.800443260418675,0.140507743523047,0.868478939951245,0.150674954674017
2.74079189704375,0.427495731778171,17.4704543374554,4.23354533773342,-0.492352655621257,0.110390157108523,1,-0.213784051227278,0.331395012784118,0.841212028990263,0.151347629224546,0.515009389336702,0.154253310432353,0.733132440584892,0.142525092003399,0.752228925063594,0.134770630931652,0.644828756467519,0.16256170561228
3.37448949535084,0.458959855684392,19.903945807135,4.61040518290442,-0.743785194580932,0.0563913580180685,1,-0.389454979922567,0.357812305364902,0.925602576067041,0.14165552960916,0.859685373591919,0.140830652172883,0.815692997211194,0.143100540324287,0.837622063705619,0.127728993505428,0.573945171203838,0.176512001121389
2.81844797737044,0.370350630427755,12.7763250583307,3.02314730743575,-0.406695686708239,0.106358677265714,1,0.406070280749725,0.27359095625873,0.675405350914866,0.124074167475032,0.672597388165503,0.125741818845537,0.660387755944095,0.15528736056993,0.465254782571342,0.177137778246295,0.371416725804951,0.190168380551413
3.14428350615512,0.463818386573967,16.6300154942099,4.28650083789228,-0.343679922317155,0.169706249134145,1,0.00624630116083684,0.367287246245559,0.840129684508089,0.145000983710948,0.416545773020153,0.162229947711158,0.550712545981415,0.148955234614945,0.775410339187053,0.139174212940375,0.505961370798637,0.179746717654842
2.92101769559208,0.437587574639786,15.5861126163143,4.1888729254114,-0.495261962313774,0.134222088236397,1,0.475878269372949,0.300101748588571,0.521791818579494,0.161394424407862,0.567959175545675,0.165732490704234,0.60817210038528,0.161668176744424,0.717721675034377,0.144996777556825,0.596146821340491,0.171473726726296
3.179664062298,0.487663630335355,26.9707402536849,5.97065060856366,-0.687049097771467,0.0725372167260417,1,-0.0921876837404138,0.364334797957808,0.703586624051088,0.13652850712147,1.10866011886632,0.137452747108832,0.632160470466256,0.163852264887133,0.655699295280645,0.164822441786084,0.97677668336226,0.11163708222769
3.20077072728173,0.467233360925137,22.0222003414648,5.16741811179962,-0.647631023812107,0.0782658120879638,1,-0.571137960280296,0.374503227418486,0.962469777960636,0.127989427577334,0.810655211681843,0.160811264466717,0.930332665392167,0.152320116358631,0.871966898527057,0.134380669990555,0.543783976902545,0.185848888975626
3.26303274508546,0.437649643931622,14.4022593573118,3.60866227626859,-0.515891831322301,0.120025790231132,1,0.725751836489404,0.327776711011282,0.480800273712062,0.157160315182156,0.616152061289534,0.162496040732957,0.675521157474628,0.143949988737574,0.626956366803769,0.147348334161746,0.623045995051525,0.163472930888585
3.14024457592943,0.419630958323595,17.6851054055108,3.74978093172623,-0.741897021166371,0.0532721363457999,1,-0.0477788748705545,0.319858715946541,0.836440422836541,0.141810038802361,0.839525608505127,0.137897792706538,0.737796891540649,0.14345919262908,0.979182251173524,0.126201631291302,0.661251302837094,0.138776662196633
2.09911574954712,0.400501655549296,18.6443001528646,4.85669562657309,-0.532213145637154,0.104717253256342,1,-0.0533726854183128,0.341969626613623,0.445029810329668,0.147482033503649,0.736459128299921,0.148328939373121,0.515434624580562,0.139739631345279,0.575581472079124,0.146467744452903,0.49213398172067,0.192134058844694
2.64600651348659,0.37655658850405,14.532405923102,3.42278315229174,-0.524816343347122,0.110582515334028,1,0.29579453062033,0.297549776277399,0.473346504671547,0.140202833900447,0.556304617100704,0.155368395617684,0.488191788768872,0.157053959926911,0.795731820704019,0.145242847030834,0.380983103392235,0.15036155474545
2.64068074835935,0.392423163541233,15.3130704089709,3.62365464623621,-0.709000580431543,0.0625267420328866,1,0.0728092601731692,0.310612002045014,0.689412358308246,0.167080489256586,0.702466899353617,0.128793716508549,0.692671476655256,0.13260624882564,0.809438914753179,0.126427430395214,0.759494352659059,0.142854225931097
2.95642619972316,0.426026158065887,15.5066139652272,3.90287655206853,-0.563892335352822,0.090253252113732,1,-0.0935958134991153,0.341488083332747,0.775596759963571,0.156394648242742,0.607762330693535,0.145757622847121,0.533638456957651,0.159910894134869,0.517051071445627,0.175149375565286,0.789520136055404,0.143225011598517
2.41966014051167,0.322438705694028,11.4779207609064,2.36390779787432,-0.6208902581594,0.0658603461998997,1,-0.356958082563947,0.334050554331268,0.651236511804805,0.137764438373322,0.692413965919879,0.117769292567759,0.671805486196274,0.118397894751291,0.589464755977222,0.122059285715819,0.637395374730218,0.132966193378549
2.91307376244749,0.439063484850709,15.7011960610349,3.95405819124031,-0.576881650660145,0.100661783876654,1,-0.0668855774606516,0.305978882961759,0.685555269498841,0.145401555424009,0.835325775587195,0.146854015108783,0.762439005565216,0.163816888418006,0.675181085050494,0.148407991741288,0.560039638140643,0.175419094968179
3.2882665564477,0.436330556678336,14.9546378443902,3.41965988087568,-0.540302156312549,0.107765134364977,1,0.229175430934349,0.417455866711873,0.723604474474687,0.157907753145179,0.822577541604581,0.137599453206455,0.622496371329858,0.137906683329916,0.751860694187579,0.144215486321479,0.595706743856272,0.16075052901787
2.66325102939125,0.37912264154858,12.0558028231692,2.92082561500666,-0.449656973529269,0.122246614450565,1,0.227928905919373,0.373689492111817,0.488120884465741,0.163401790134557,0.645139976835669,0.153622521751233,0.787801983909653,0.138648120030074,0.239132287428407,0.152905916719867,0.96441147213635,0.127437094837932
2.75667120532189,0.416259174472483,17.2423701726847,4.27031080428822,-0.620706438294606,0.079805002929722,1,-0.245718708518288,0.264115690224125,0.844388415814409,0.153462352601641,0.788009657742112,0.14413840500792,0.839615619115666,0.144820478705398,0.860700826322621,0.146013642594288,0.709104504942488,0.164766821005101
3.24379051591041,0.462482481506841,20.7209180055117,4.91913145570251,-0.624279070790042,0.0744706459229607,1,0.495571994064259,0.27237228682221,0.663341437277164,0.142759470959875,0.831343747366753,0.139090544757337,0.741009803047332,0.151189804138719,0.63591951738785,0.155094293712297,0.644758254522393,0.156228010067195
3.08255130934129,0.488925982974291,20.043692458974,5.22783605119893,-0.705770030551912,0.0722496096977566,1,0.0969788789569225,0.335932887166736,0.706702537082468,0.131783488244382,0.721152038831957,0.156221420358776,0.781448251390914,0.158792313537842,0.793824857756215,0.161596710406358,0.659345939827454,0.1885493321998
3.26212579489878,0.481756730830241,20.9312213072455,5.13730615458992,-0.699707347307709,0.0680712389847491,1,-0.107520979002202,0.389358022447971,0.792229113894441,0.168179540047137,0.841489985022218,0.156410532812878,0.784002371659045,0.141195306581931,0.88456536572292,0.141014227648202,0.619131598080868,0.164570174763451
3.09321677400653,0.43469555456789,16.3437000755937,4.06811293301039,-0.49355092240515,0.118787129579433,1,0.0697896915385265,0.279949499279758,0.688152764635933,0.131318845090273,0.723958460264563,0.141382723345921,0.738279409025499,0.14107310958873,0.634170599936577,0.174877642248308,0.795415599143099,0.16472916044011
3.15510801299631,0.503301388594402,19.7699772333474,5.27780438694675,-0.636435382244917,0.0924360074745622,1,-0.0307902001912005,0.409522071933246,0.704089666833437,0.158909314557833,0.503368988571665,0.188944491831916,0.574317003145989,0.172792931945238,0.670687582528333,0.154733417112716,0.724899854464483,0.150535238185167
3.09402420711897,0.458944683707241,17.8829258049905,4.45804610623567,-0.554498881594069,0.095197228390429,1,-0.232670270074875,0.413231888613315,0.896679540712901,0.168558496319595,0.681656584250462,0.170716529282725,0.691736390368486,0.141274789245914,0.64814151278694,0.152161652592544,0.632273569042195,0.156485935906843
2.56181401426951,0.363153143859346,13.763581773105,2.94070367115128,-0.400097931576488,0.14599546423355,1,-0.291703398591387,0.302976443031975,0.637178262576349,0.149715078584114,0.667845794022185,0.133894526659037,0.628930565155756,0.132215335393489,0.716695304822765,0.125124611098289,0.784091900209355,0.142139753538528
2.87270565590115,0.387650722045844,15.0568908830612,3.43285374450518,-0.625197044429346,0.0786582876149596,1,0.144559807505394,0.242454583563468,0.601586368044318,0.128320678014747,0.804411559939873,0.124298023674053,0.840053243486514,0.132391199567573,0.682411708132143,0.161270656893746,0.801627878259284,0.153120727156688
2.2145962830436,0.401352130492775,16.8614098722817,4.24858193858857,-0.509218512703066,0.114612686575108,1,-0.172214073195633,0.269459070945873,0.65338963822926,0.146438334537145,0.745697744451454,0.145469239163393,0.556069505856578,0.177601589262762,0.688375002328581,0.152625889331727,0.545895499907023,0.171778142286224
2.31233739618819,0.38421073604732,16.7712880337239,3.79487750391248,-0.692382273809864,0.062752076142536,1,0.0186473931515996,0.330173399184375,0.778559281339476,0.126777175875701,0.782003660842786,0.135507246143544,0.636423912909704,0.157193610379712,0.819798307791544,0.135807353464019,0.740179936600756,0.147954164775766
2.49657787868967,0.403069332345806,12.4021602867414,3.44372934558876,-0.553166192885486,0.119217149271541,1,-0.678618577435496,0.308903516880812,1.03020634047257,0.13509951772121,0.114435853521536,0.188424803105375,0.626455975676028,0.149571212797725,0.807528801835251,0.179372050493114,0.420699410381965,0.201848742930582
2.92628300342283,0.46183875808285,20.7271649301005,5.38256571117531,-0.555166781394794,0.102243213899417,1,-0.0971322901215681,0.345418103144745,0.73711757558625,0.168478643823372,0.741627324104018,0.145134564199774,0.55580867993916,0.157846700591694,0.681816242409873,0.156823031770047,0.74069546800715,0.144345379780962
2.13993003016425,0.313889518799567,9.60521073882303,2.21673305117536,-0.506117663643792,0.0909648798135454,1,-0.191268935426366,0.249760685273043,0.44210670339577,0.145198132201181,0.313400019726698,0.164503653860036,0.500149181165473,0.146414827816928,0.65513223812919,0.129629784132721,0.481665659138308,0.150410673223413
3.67712977455437,0.512101043737956,24.4532547756787,5.92361676710753,-0.686065180259858,0.0721508180102171,1,0.0508040680042497,0.306949086041649,0.970221940736311,0.112278181998349,0.918570242054827,0.117530582259232,0.553296172578818,0.183207045030305,0.83975098042454,0.153619006875967,0.976626565773628,0.186774317452468
3.81342646403753,0.540832868052158,22.9888631045284,5.5970894607683,-0.641040765775026,0.0818148426493536,1,0.0710714149393349,0.378923793081791,0.802025602115229,0.167614729075839,0.887508873475945,0.148227468635251,0.855270118907096,0.156877349152517,0.615628330900305,0.15518656973342,0.749726786792253,0.147484599309968
3.15927016818238,0.44647887041343,15.6218000889757,3.90308160206305,-0.530925338007835,0.102865967124421,1,-0.182650449295538,0.311410939789875,0.693685024005935,0.149770574449746,0.738314334077114,0.145532644259035,0.775172950685885,0.134472562218445,0.731362772723034,0.144500575147594,0.511253270762051,0.163069155316665
2.96052010716016,0.410669020531254,14.4735784099276,3.43004947548188,-0.54355318768547,0.113506293013928,1,-0.125767700514843,0.317657059091529,0.773234912200978,0.144911776974625,0.697040688393539,0.135241568712462,0.643256671134092,0.137803553141876,0.760705388375308,0.14872218717946,0.590421821812027,0.165774380408346
2.5256269390146,0.427583952338389,16.5077690051753,4.53007721031329,-0.652147185831461,0.0805867122187216,1,0.249505254080527,0.275206644079599,0.516896622968237,0.165417392669163,0.540842261607274,0.160538493464724,0.644650833225081,0.14961981280017,0.515320413064493,0.168151530350818,0.854167307837499,0.152124405777939
2.85165000549677,0.384782910581162,14.1090529429978,3.10672833323615,-0.675606459039768,0.067220625326073,1,-0.30741734950138,0.330939575022512,0.664421119392629,0.152843992453705,0.966402148835717,0.111000354150484,0.743110269706979,0.116674654593024,0.693404242261973,0.13988012306032,0.519662772567414,0.164051326218376
2.18613799842854,0.405522456489721,20.2315301778313,5.23445704412323,-0.637519631013412,0.0844531706040482,1,-0.14214628943356,0.346223062712435,0.457198674234865,0.181518942638159,0.863437231099964,0.149184285820499,0.579899513096336,0.16814763939481,0.563937264156003,0.164250593953053,0.792340354999243,0.17033358276535
2.71227086183179,0.389169158681063,12.4717169205168,2.92078629954379,-0.630362008680977,0.0728080221903679,1,0.0872522574786275,0.31379935049642,0.62459440168531,0.129030975605914,0.856972421427059,0.122827092807801,0.707952931091368,0.146571225912358,0.710988994102533,0.155771525618083,0.540919270195315,0.181334693953275
2.87758979186654,0.419986552582167,16.1262862751065,3.69599241461441,-0.651745104474518,0.0784388743967128,1,0.136400790529173,0.336199844774169,0.523995430841602,0.178112540726751,0.807463099563567,0.137498767244493,0.739532001550992,0.148762304793375,0.696236934447019,0.132881948736004,0.819080862299884,0.143260281135842
3.77446751763202,0.472865130439583,17.5437404555948,4.01462845606516,-0.498008541811127,0.112413759160802,1,0.361434152300402,0.35928484773715,0.374497178360796,0.168300917694853,0.694494883552401,0.144692511912488,0.705131148514066,0.145461384618969,0.758958418003857,0.137660796379759,0.8113290645612,0.147162174972961
3.35477327000611,0.48712218277524,21.7099203721274,5.26253474475817,-0.735359185836907,0.0569443435921112,1,0.291220432722367,0.322552145632858,0.805913311157757,0.129822321430226,0.674398517113982,0.14524316730586,0.739780922628076,0.133709202967858,0.717455513181559,0.165243514749842,0.859063064428159,0.160866425740065
2.78469148077403,0.382720550445078,12.4578032433694,2.9232520900736,-0.485057470400775,0.117277527091438,1,-0.242440733893456,0.327512815830537,0.690481536123846,0.163622049970205,0.542737015459156,0.150982935563911,0.651151434901454,0.130925464742635,0.678189623143303,0.133297380922128,0.763151474038671,0.137717547179199
2.30739383909302,0.407603766402575,18.0516174092804,4.55110903386527,-0.576215019867419,0.102300423056376,1,-0.282940946514464,0.263498489420079,0.789458996095808,0.136236256563356,0.512092993607566,0.157208533141632,0.777669209405254,0.142637768563897,0.677701667428883,0.159693173104938,0.568220841582806,0.182157418906132
3.03082242624584,0.397176767647276,14.0882967547165,3.35905749901987,-0.625572358597687,0.0687685573026424,1,0.230024362762344,0.275514309325576,0.648620098015504,0.13201071194906,0.663536069629731,0.119577047383913,0.439626454094193,0.153255899600933,0.673320035575322,0.171756043819755,0.599652754340527,0.1651091296044
2.19768706104222,0.333407191665905,12.7457968660893,2.99467288276062,-0.211370556377347,0.163201917024229,1,0.0732133735898784,0.245170634604637,0.652920144542516,0.116956389030966,0.443105209612228,0.148948177789495,0.566255290307003,0.140761807853914,0.595181714294112,0.156457618904218,0.382385675077817,0.16997617022331
3.07317589467295,0.400102650506369,15.1291251926457,3.40723792300153,-0.515938550681438,0.114976127286977,1,0.0585330314612367,0.328905054369341,0.650265383124769,0.142253673788902,0.71162770309784,0.134324842844013,0.789800275572877,0.130414256032219,0.642347402360688,0.1433439193809,0.695563426154438,0.152300172754602
2.56823989699904,0.397077311986308,15.7357789632519,4.00735912552047,-0.619059739390435,0.0864923730268035,1,-0.0242252401756741,0.279164951559682,0.600555216990528,0.150222046881342,0.873494759968876,0.140223666861801,0.317836202409675,0.185673818717964,0.670494065489238,0.131750546923937,0.699911839905243,0.16754381836483
2.93004128228138,0.362343902379778,11.6977246190961,2.41658704231499,-0.657588133691024,0.0705062968507193,1,-0.309405670418854,0.248890463436705,0.828862050663502,0.111557142335134,0.621780432953265,0.133322146981625,0.670822418043094,0.145546973493815,0.627548121134742,0.132130954637395,0.600488319098561,0.150738908095824
2.86904265423876,0.424471143379151,16.0379082518685,3.84460303414133,-0.67428384590313,0.0728745293120993,1,-0.651702845619231,0.295357805052913,0.935282280786531,0.127370992446235,0.719835597536602,0.164314565162916,0.542431359717926,0.164498197949603,0.973143533478047,0.151255563199773,0.560690008356781,0.177963931823794
3.02823906236709,0.405946981430148,14.3356940432182,3.32189409670708,-0.480107844572146,0.111542791427604,1,0.508087620190674,0.301371464482883,0.55738345542404,0.142334757614779,0.728478915203891,0.12106711904042,0.486763697586546,0.14013641611672,0.707369037493981,0.166697117589108,0.870989181931237,0.144340150061964
3.42741882263164,0.427119365836603,13.4233418210207,3.13526040746097,-0.536538174429966,0.108507585477644,1,0.158141582428436,0.273444856994529,0.461323639522723,0.163215759638308,0.689214943680891,0.141109813925084,0.791570253773216,0.132927396049285,0.745327063158561,0.132351409557226,0.665814130996362,0.164123066682521
2.73745974765727,0.388005898421276,13.6926276009372,3.24249644352217,-0.649713240108588,0.077985634981083,1,-0.0559039210136704,0.324120343915316,0.629958882625125,0.132995859927347,0.599601532726823,0.142048552601654,0.688995667932953,0.134669979591396,0.843030413033949,0.126174493145169,0.656565529199823,0.146859198852665
3.37054180934958,0.454459233693706,15.5336840023352,3.89583004272345,-0.72916136834633,0.067771318512697,1,0.325920970040579,0.365942589362895,0.841858712655908,0.134549942244294,0.61874303681725,0.148886098840984,0.73051776401569,0.156938092527806,0.88153105127001,0.154444442544348,0.656512985415789,0.156833988944631
2.61887177626818,0.384155078658021,16.22603191059,3.59758194053878,-0.613993973670685,0.0704739955225227,1,-0.327953909496188,0.314158712432235,0.836803174740265,0.122372599162131,0.656119644639857,0.143825775972756,0.744286957770134,0.126351062341197,0.628624120427868,0.143354560961992,0.642983668811801,0.148380587797434
3.86939027398243,0.549681516060074,23.215094912208,6.00201147249514,-0.695411755970493,0.0771594604963143,1,0.223825262634086,0.300019569354308,0.679066125029667,0.166518019252715,0.983284954481187,0.168275045108717,1.03748959044745,0.145231840563715,0.692802402134584,0.152529323195171,0.875759171639222,0.136511880239509
3.57811566553408,0.587234726754172,23.8607057595514,7.01072720333627,-0.726503968374591,0.0800155773978517,1,0.291849637216796,0.396799387205537,0.621100014896899,0.174428534568434,0.745396446147367,0.17724005251177,0.773745969433051,0.183987523497107,0.798451200617015,0.177535543490481,0.924465052641649,0.171670022455639
3.25377461732281,0.424814311299366,15.0708256813187,3.64756977828078,-0.584545709178628,0.0900055512580396,1,0.412503467616801,0.364329316714486,0.767192757871227,0.145735310839828,0.833547269460347,0.12346105792913,0.352185142499632,0.181324994209066,0.929722507312123,0.136941587090305,0.587929378845284,0.185832622030853
3.07436476702629,0.387936204024688,12.1667471351454,2.82678187460379,-0.622656510246841,0.07301724165854,1,-0.129048253533993,0.29788437194565,0.670796637303822,0.141127311713054,0.688536835045736,0.119439679635229,0.93440069848232,0.110098232069047,0.574772952606893,0.151118393123403,0.533816694399915,0.160011012954159
2.72803226525931,0.386667509259776,14.9808868666098,3.43809755840859,-0.663341146396881,0.0677654410105912,1,-0.583116668960568,0.327207632186252,0.945315262765931,0.114881076448998,0.818368478155991,0.139120580339302,0.715119218691661,0.140211036713913,0.797206493515539,0.137973011237071,0.598250978818562,0.168786606830474
2.83411008643172,0.44999353862786,21.3662354284741,5.19975451686175,-0.65551287287118,0.0817594233434651,1,0.654688822958588,0.329034558099736,0.666334995662925,0.15010034880523,0.568673354165591,0.141179802719579,0.778448647517962,0.174344737598927,0.709953833110476,0.16643534911104,0.856887025017256,0.163198842302534
3.43167106163077,0.448720633426819,19.9759234409437,4.43212586391245,-0.548895506756853,0.101905127526046,1,-0.29667061017211,0.301648479450219,0.828712018921895,0.115051406238464,0.659152399156849,0.174992454413643,0.813973901534039,0.15468444770229,0.754564230212457,0.150853793029487,0.77653082130397,0.150805466611924
3.16326776153722,0.416341988557886,14.4958478824506,3.19022008287172,-0.419089042008871,0.122034424474608,1,-0.180987926332504,0.231125726248011,0.623515012787622,0.127316724981199,0.812024906048571,0.138666137854866,0.725924428119521,0.140000363734187,0.614539457278597,0.145272302438343,0.505066397395379,0.166573625119323
2.96618990876487,0.415123670280288,18.2532322607262,4.06164379479814,-0.585965533399109,0.0837395456968261,1,0.0581779920967457,0.314700013677115,0.645602164626527,0.134450935589775,0.729889347988025,0.126806358870596,0.765198842799662,0.132819809805532,0.746412014178822,0.142055362264456,0.813240221433339,0.134979354523935
3.13265172412001,0.422370138174233,15.8726589752901,3.83087458611744,-0.573461050291428,0.104172722365448,1,0.100057154415755,0.376707753853392,0.633214765091684,0.153406035287312,0.633053250214961,0.155655073720001,0.546862274844713,0.145004597100306,0.605708537225545,0.151497697917487,0.597483807310721,0.15498963480689
2.15668832669896,0.323789670688066,11.2822202274049,2.29303889888252,-0.58205928858629,0.074121635482334,1,-0.878894581433573,0.303515927164233,0.699829068286339,0.104980270078582,0.805391546583735,0.111222410618127,0.630721261372501,0.135213316575445,0.476277610110874,0.155191285900883,0.784401804707252,0.128710989001617
2.85674527797457,0.447739057732541,18.6381014357956,4.63240053471373,-0.574828634941916,0.0861083071288981,1,-0.1895758775507,0.37470609486023,0.765398873895951,0.135870337928757,0.81455607755524,0.133713345863137,0.817423474071137,0.155361050850447,0.809693886333879,0.155190860396764,0.944761284266576,0.148893747980782
3.30567354498192,0.51263046861289,19.8411340150895,5.33382583564422,-0.496374748341969,0.142392372832564,1,0.344330142954463,0.26869411359904,0.711760534088048,0.137253308917292,0.585001239555895,0.158444920021779,0.732176967926868,0.173047523910149,0.952777366855274,0.150290343262887,0.427746772239216,0.213011681050515
2.95596575051381,0.397973986966992,15.3059226922316,3.37522055978657,-0.630963935527464,0.0638313551732783,1,-0.339449635128381,0.319188640236086,0.759387627444705,0.11665498824415,0.916278057523303,0.113751283810919,0.45445362805779,0.169451920903022,0.717163987403318,0.153159010386865,0.836679638636702,0.144364042624106
2.74030275390437,0.378174026578789,13.6109958841419,3.14145192205983,-0.612058395943737,0.0885677131111777,1,-0.206914380244953,0.351565995010322,0.570026614858121,0.137335098490599,0.597987550039118,0.138199091435071,0.803514528519957,0.14296813051309,0.672301602482241,0.15274344401436,0.804806137530848,0.148346949679235
2.47668171650802,0.377623688543929,14.8882319801886,3.65643555431763,-0.546153887541389,0.100436414988622,1,-0.0599979315483314,0.29136900030384,0.718536539725321,0.148982169508742,0.392464794084162,0.157667825425779,0.576468829756626,0.151564900707914,0.620775625259467,0.139778512845716,0.508545926550616,0.168745945830659
3.15232778329115,0.523790649398067,23.5093755672534,6.41649563530048,-0.60233959273143,0.0945961215435766,1,-0.871522405553213,0.337708313178569,0.852225335524814,0.146182116738744,0.963494027232573,0.147665479124542,0.563483449131942,0.208697617483821,0.514030198789304,0.205589069158238,0.680204140593737,0.171374903773846
2.57748968225284,0.465410129551619,21.8638499959889,5.55745086952253,-0.659421189876644,0.0741286341237175,1,-0.433402219285651,0.303316989005126,0.889806522195775,0.131178400163573,0.779642499457986,0.130893900265163,0.775587067902864,0.15492092734567,0.420058591712143,0.199959280657845,0.826390393466919,0.16699723630649
2.4870290405638,0.34230231736865,12.4631080272515,2.85590020876643,-0.283070419540471,0.165178234633419,1,0.112477132838106,0.2585758052024,0.546008130786717,0.140966521250854,0.608376810084889,0.129337971702323,0.536330278072629,0.137771554983591,0.514857556204943,0.164460822282791,0.80101060238965,0.129223956124361
2.69493732229207,0.407493955647256,17.0296011658034,3.81970205005051,-0.79780260323409,0.0459000966907648,1,-0.0824887029345921,0.340601962723411,0.757459790861484,0.151505761266114,0.972652701173021,0.128645213302744,0.662583489259643,0.143101940963899,0.89538457382448,0.130872113597483,0.791812533360957,0.15562223217369
2.97114972452885,0.44205600388383,16.6240329568227,4.24970028897715,-0.564264444919333,0.103961361187783,1,0.278164415191929,0.295126232761823,0.780700501883817,0.139265438913349,0.667814773555333,0.152811249384395,0.729467132680297,0.142089072715912,0.725158289475187,0.175307351961068,0.843148837468694,0.14175879344518
2.93750913548459,0.351712930967894,10.0732226717217,2.29156282608286,-0.657404087546555,0.0623819934620464,1,0.225702409906625,0.258264544746759,0.787704809182187,0.115007513390519,0.486680725782832,0.154001619542504,0.787987630730974,0.146613029310131,0.448482794745781,0.162939195556455,0.716636231708847,0.158901443330765
3.1744093422989,0.415440131150389,16.2196466431128,3.6542679067141,-0.583704063365637,0.0905337164635218,1,-0.194639326162128,0.358429219882379,0.654674838239356,0.155166541308023,0.732765800086482,0.118710421465759,0.588089085981717,0.144874091310207,0.665339483163943,0.143346738610398,0.668113665626338,0.142305479777228
3.17825053406474,0.425199665090534,16.871071720615,3.98357241157299,-0.633742282902901,0.0761999276369821,1,0.25330869337506,0.32447847595822,0.664851144263236,0.140967336088287,0.855902573774648,0.12024965408601,0.900510185968934,0.147062147292113,0.692537897014594,0.145554650770748,0.837352994028781,0.169388933266439
3.04960070241595,0.370048801041792,12.3250180769873,2.81889730551382,-0.554898184826847,0.0820189248599251,1,-0.211423241049354,0.315112163133942,0.792102662340494,0.149809976970632,0.63210022935523,0.16324261286109,0.448143357215902,0.150016378669399,0.720802519812235,0.118446389689609,0.509762850010558,0.122017264015348
2.78962307747525,0.42721583607734,19.5157504974442,4.35587490670383,-0.719208841437674,0.0583658898568436,1,0.0173912156858269,0.301275777475293,0.560247374941399,0.166242249001783,0.998325568683804,0.0970844064393854,0.557689946721816,0.158423611954823,0.692654751185311,0.147690806598599,0.788856439204243,0.144096441962987
2.770618375722,0.489636013814575,23.5073823279211,6.53065183190411,-0.64733752539135,0.0965812338858984,1,0.0392611492403452,0.329214346429751,0.823303523742671,0.148310705857877,0.645275333027043,0.147268758093739,0.843588551726603,0.158738985957276,0.528768986539196,0.162285619089876,0.697920155507925,0.207731557430682
2.8582410904849,0.4845477061396,19.9999404591809,5.29695076875268,-0.496293467483623,0.112148440086066,1,0.268333299693074,0.352058774096351,0.627080329397143,0.123392438294073,0.647733573631135,0.153998247774852,0.879813958176267,0.164446184777933,0.496767331716676,0.189828706805039,0.405069257697229,0.218597416268689
2.66537605803641,0.36774897401339,14.5956458279901,3.12437555683249,-0.527329183352126,0.0830492895883241,1,0.0800722385612142,0.369605573661216,0.732975418295068,0.127394283384085,0.860366270412172,0.12996812560497,0.67837352276995,0.147738157790435,0.616292071141405,0.141363083918438,0.588026992763731,0.155714169006027
2.58971996959055,0.389248438042373,14.1968647295743,3.36234953093406,-0.592020722474934,0.0836575030327006,1,-0.549503787617054,0.295135909305657,1.00098686272787,0.0984253660190474,0.49620905781654,0.121811708490032,0.575022541613738,0.160255856782064,0.614338628554998,0.173605027767017,0.604639292926285,0.182057131273601
2.65447306003887,0.345185025317044,11.0222063760887,2.48597301516722,-0.40862676457806,0.152655153757529,1,0.491198379952174,0.257218243355385,0.473919104665669,0.154961292723999,0.658799159998699,0.131702779489244,0.695620548195743,0.133694911975369,0.592455836341752,0.142539870275197,0.714988909858744,0.151416456387066
2.44012001494146,0.373174226669183,14.5243174449633,3.53832004390277,-0.555840698242287,0.086284023398037,1,0.341443946369398,0.320567983095886,0.631132114175471,0.16089060390121,0.56414394811209,0.144811280835238,0.586151578685683,0.116770472085165,0.781329388168346,0.136272006163307,0.271187377212514,0.173185655138115
2.5389734972889,0.380318871732199,14.3603386746103,3.57146926310676,-0.260769696139584,0.162642263741969,1,0.0944624489782551,0.283163877055267,0.660735035336114,0.135360031709462,0.641278894160778,0.153045435927058,0.332247461479963,0.181716619760918,0.758040029452572,0.127142190435881,0.450224084267435,0.167516280064901
2.90564381752447,0.380971256915269,13.4160277710425,2.92768550439725,-0.637855723848333,0.076738289793982,1,-0.293466049268547,0.322582207166814,0.786206546714547,0.13091606676997,0.789254908455287,0.120514460429727,0.720370942902687,0.134421962460541,0.565766942659312,0.141975496642109,0.777617907565197,0.146525008231018
3.53025847489063,0.460976578738027,14.9118726499471,3.58433443256315,-0.615163767401411,0.0894817200878128,1,-0.137190972605007,0.368442299140956,0.905307219483741,0.154028999557386,0.880180079159648,0.133843059752839,0.570812162223431,0.156423534901311,0.527882997105567,0.164181964192361,0.83979756529178,0.13337225130659
2.43895629847641,0.367868966285459,11.7498092510874,2.91697112630806,-0.522155255501071,0.125612339319529,1,0.100958413651581,0.303779142404417,0.622259490381709,0.1442292332542,0.824535250844076,0.144568177832218,0.572705914136808,0.16487372753313,0.733614439429789,0.147676252368953,0.750234767681891,0.146666320196949
3.03542701361015,0.51599891213724,24.500443585218,6.95720962354717,-0.544352821765167,0.137118679067508,1,0.0940761314213831,0.373142516486933,0.870866196805019,0.135409462662871,0.720617782579103,0.1669126549443,0.60176115749721,0.176072838113584,0.961739240063961,0.181844468903404,0.995061686185116,0.185746667172666
2.66841734982211,0.425675515130012,15.0123746326991,3.89380078115621,-0.636934697565916,0.0887144027888453,1,-0.210420674866105,0.300320174965447,0.862695596095788,0.132363621243667,0.588171688155562,0.172954728541307,0.381360397684893,0.17741717790689,0.746976279660707,0.163896075843336,0.407320765663261,0.183577226847491
2.31541797685437,0.373983551840326,16.3097860302882,3.78761194319449,-0.737849667736205,0.0554294784924584,1,0.0412258834783126,0.354659177611283,0.716460197344073,0.14210590925618,0.695398569330281,0.125384042995718,0.933284704065973,0.135610141659913,0.918998291810633,0.138971682280641,0.644575032631974,0.167543628146448
3.44503115350059,0.439571456118847,17.0310104652524,4.04611193952018,-0.609164801935995,0.089562246575524,1,-0.243874315424814,0.343210360697482,0.887304547202243,0.137781993002036,0.80429341691007,0.138152316365479,0.732622628242694,0.137526215549928,0.74581878743256,0.148948266052039,0.979665616296958,0.141548184946897
3.31713643726294,0.482364845215391,21.4103398012592,5.24071522609074,-0.694021849444534,0.0604714209994083,1,0.543634488137092,0.417152952056595,0.847592967310597,0.166064306963207,0.513395572419527,0.173768078340077,0.852939522939354,0.121290100578032,0.734249087040503,0.160540695842018,0.709485686366615,0.189216779326084
2.71512708381363,0.482236529821046,28.1733639598623,6.77779973494459,-0.731971417010119,0.0562181966255894,1,0.219118265703009,0.300426488339419,0.81435560904478,0.133615137244122,0.68893671779198,0.149232424640767,0.97853853510835,0.143150734401596,0.848200075192254,0.142566213941789,1.08519559771997,0.145183623170947
2.31919819667294,0.370014639315561,15.9636879009852,3.73242883356672,-0.684788075604034,0.0606282950267769,1,-0.272337246162025,0.378048002616423,0.777446433220258,0.155882482970301,0.769726452114532,0.139766561395545,0.651973511799549,0.138613650097276,0.883912869161627,0.0971447246118993,0.867050376644624,0.163666425090673
3.7071087603156,0.538158898148111,21.8299642660528,5.6641594602297,-0.668251297850674,0.083835531215975,1,0.435844592519208,0.309967095459453,0.667779438642909,0.157390200789086,0.861772670440657,0.129397792238521,0.691017348718221,0.191114151524359,0.988139517933711,0.153328634464848,0.777878687226127,0.166307107312382
3.06623121418778,0.466205174922403,18.1752968130509,4.71438816540719,-0.459550932927979,0.131173424461358,1,0.0552280286703586,0.343626684867396,0.747600721316418,0.149612964749732,0.541806206761599,0.156254709961619,0.916767250620876,0.130112821714812,0.483813723573833,0.177386432704774,0.545530245885475,0.197270564085268
3.18881115349734,0.390448692622794,15.9324935604817,3.65031014119079,-0.624121223057397,0.0637455302138398,1,0.169707416337667,0.267315477301659,0.726960005293266,0.145842564970792,0.704510894102051,0.134191974184293,0.836291816028596,0.139154965130336,0.687293700789031,0.14232323302041,0.766085277213049,0.141470234285909
2.94651508531366,0.475462987679671,18.2694401850383,4.97490661502613,-0.669874276506061,0.0792238176280282,1,0.0302804541029553,0.254954457588798,0.770303756333177,0.138249886534018,0.648060231547611,0.158692058968799,0.873253940650344,0.159178274202291,0.851883450774095,0.168842821503623,0.771411434364341,0.171099807402836
2.27310296657271,0.364998594551886,11.9195703226835,2.80829145231596,-0.446863731399487,0.113663553005178,1,-0.44939669267203,0.292507520773183,0.705486810362323,0.128120234275966,0.545688796223398,0.151545449467935,0.333754539280046,0.157788717576728,0.591938007240385,0.150661404414423,0.652702850967295,0.141615617375898
3.45455547331383,0.422997388716146,15.6403074840013,3.46828673485467,-0.671068035723538,0.0688589777377466,1,-0.201284726451756,0.351827066232541,0.803729994668587,0.138389485581596,0.784240738671625,0.145970391888384,0.504105513818043,0.157255974684978,0.802367691112116,0.130340406322944,0.845876200986599,0.132285131027741
3.68121239702125,0.457431415775174,19.3900704657775,4.2268723579263,-0.701135427826971,0.0580066688536971,1,-0.145383419081434,0.415999158446571,0.812166778475037,0.143646861004925,0.763891493183185,0.135055385752124,0.80479920908436,0.134625068335376,0.892389038298939,0.144471867259949,0.943763163647757,0.146618289079912
3.47153575661543,0.519031069390534,27.1053380513715,6.80663724602624,-0.767226126052864,0.0523468906720261,1,0.422862597751439,0.354423380744311,0.964064243335539,0.151570496136689,0.965167200869201,0.143229998037052,0.845065147509992,0.163959627365304,0.930546186210962,0.157820793056227,1.01025974700988,0.157364664290713
3.41052081529388,0.473763828053308,16.3010433259653,4.10516277860032,-0.519916587696439,0.114881074972058,1,-0.277800407329078,0.336228330155424,0.464195579021034,0.170777765728847,0.507255190399321,0.150613600777028,0.57507882019161,0.161269739913358,0.521128901105857,0.163885792526939,0.636977813412645,0.14897813571885
2.10014818332953,0.339300777077794,14.052521349239,3.09076403275387,-0.629244043710213,0.0703616515398298,1,-0.632595750068881,0.31883398184247,0.773285997857286,0.135863906687363,0.761786243512891,0.132066418230406,0.611653935546981,0.111038372531409,0.570026930471422,0.155394945331343,0.624912196634192,0.146198858140302
3.11332910235468,0.457847680079444,18.7365664031105,4.62254452131717,-0.655064565091389,0.0717940669910573,1,-0.200575718409384,0.32779022454155,0.871188080581888,0.132586559135267,0.6120151909555,0.154281974401124,0.80682965589297,0.144771817753779,0.69169829371359,0.135921039070893,0.666092814854814,0.164600819203797
2.16756118872903,0.309440096869293,9.73766333928489,2.11871686021316,-0.587544576194835,0.0798438765655959,1,-0.507757485719387,0.345250824804829,0.635377666498346,0.154770031442145,0.590773916230216,0.117844778031067,0.633138188643798,0.116947452791222,0.543478322034967,0.134949101258832,0.775875135244056,0.128390348475988
3.08099307588271,0.390815786868629,16.1207518877259,3.52744253287892,-0.624851186859755,0.0757769901788404,1,0.701425238678601,0.2937592788509,0.726717585954969,0.139897712584069,0.654611157879727,0.132071465794304,0.941372511045118,0.118368753982844,0.790562329506529,0.150611728281385,0.598210218858234,0.163598420327625
3.26042034981122,0.480558107335299,17.5687955290398,4.69165343296432,-0.560365860049709,0.112738243925882,1,-0.104476866452264,0.351792312894516,0.872567367210497,0.14565490511834,0.840079338084037,0.143246003603336,0.674059723299422,0.185186725704252,0.893092983407148,0.176127640461584,0.483638467118077,0.205056702117836
3.39984666385487,0.455839081513848,21.2642178905636,4.62626969918673,-0.575205915852975,0.0874182955116328,1,0.0666239479784814,0.296446343589939,0.675340215162881,0.137847096365117,0.692424035584774,0.129711069669916,1.01061215482273,0.113161289765886,0.724136618682882,0.137442196830783,0.803991183088824,0.168421608826409
2.66488319922563,0.388062837105109,16.1446657445971,3.8206745011246,-0.376497502083791,0.163190600829242,1,-0.165735917111582,0.231983648832749,0.427192133699543,0.164040534777919,0.747066738474645,0.134147102514072,0.513943447143306,0.166600369288691,0.516048775013033,0.152509932947945,0.717758800019011,0.12942062833007
2.90686257588833,0.424617270900115,16.7400899837769,4.17140300044914,-0.452062005536823,0.141092797605843,1,0.582343442065466,0.320007746390516,0.523518030364464,0.172718675034827,0.632213227433922,0.15380765477635,0.843652335933488,0.140074994164025,0.418047493700399,0.172965066898385,0.561857532129342,0.160614047429605
2.79043121097377,0.411600634492373,16.2374371237684,3.85034598288134,-0.463839189297873,0.119109921834259,1,-0.159915726974574,0.205567612079531,0.752140597455661,0.120185892481949,0.671973674606623,0.14682304878017,0.642732484754155,0.150086487780467,0.530460701066635,0.171662112784625,0.678513811801272,0.17103506993989
3.12642264491651,0.45692169501108,14.3389754932968,3.80136651900427,-0.687010265559463,0.0759239406716924,1,0.15257741364396,0.333953111471871,0.88524021917866,0.142059438852261,0.713971301301091,0.1573574902568,0.553273247610947,0.161343346502063,0.701792162045637,0.163646460898067,0.72177396189927,0.203976443129057
2.93033785896265,0.427607989561525,15.3340689093638,3.94054916695288,-0.628202203597353,0.0936702987419274,1,0.0388592691765995,0.297835740118968,0.701422615114925,0.145905152367735,0.525211752010137,0.157784555170627,0.620351980831883,0.151946920401894,0.612223298606764,0.155034826674979,0.652283196599927,0.164761706507607
3.03886361294046,0.464785603889828,18.2320920333163,4.52900362353542,-0.678774454661109,0.0738020582618738,1,-0.194147935683853,0.318862064730174,0.776305094776084,0.144566182895428,0.705726012587278,0.138096544621049,0.768749770556497,0.146458138944232,0.764383066407084,0.161986236790422,0.590505840015119,0.182224241540762
2.30028715846792,0.388384637721846,15.4205701968591,3.8892393880406,-0.44888705181841,0.132484192613081,1,0.126131708198894,0.236469792826415,0.431480855370539,0.137346584053996,0.587721943099133,0.150885733355515,0.668115478210082,0.150550273416666,0.916641801893606,0.132523991875516,0.283852109325655,0.19171342297151
2.55142458674528,0.355484809616905,13.5096964124248,2.88018717740408,-0.597352159367777,0.0673581820423594,1,-0.470909143622462,0.36281602238107,0.657488880785857,0.146228356272179,0.673228002999453,0.118194389443203,0.753696580377393,0.125844748513978,0.509142211931861,0.138521547692986,0.660051452719338,0.153746606556377
3.14808278482545,0.446293020901623,19.6376915003518,4.38207513654348,-0.595410732886735,0.0954017024957891,1,0.785128288943471,0.345149285029127,0.652706892998926,0.143068869705653,0.820637746485543,0.126513009987962,0.674731383059644,0.154827770685866,0.895910999948988,0.147733549026949,0.968074258095109,0.141328880307599
3.31932414770577,0.429920594534347,16.718069023948,3.80007156533587,-0.568132829012207,0.088566047656972,1,0.267023049524999,0.396608745377965,0.588596703934138,0.163178506068616,0.661495741147892,0.132120788144409,0.747366010478743,0.126926968686176,0.734663076636593,0.144435735811844,0.680179276207323,0.131974963304419
2.56943467514515,0.4227008927464,15.928701489719,3.98507665415824,-0.571532387757881,0.087939302356104,1,-0.268095608539953,0.284957507687615,0.824338568008421,0.144581974695953,0.566332484035382,0.143537054141768,0.586037106616427,0.170525926077456,0.798261697672421,0.137264921391609,0.809957439825297,0.161876404904552
2.92656272107479,0.413547461847205,15.8244022199892,3.63735385504023,-0.610131276704244,0.0942283372636425,1,0.016618404659916,0.279543562453299,0.68223437942829,0.162806165790034,0.778167334280741,0.142520149294836,0.575458425601625,0.14349576008265,0.548018813471084,0.155094293408938,0.710787924679884,0.145259879456893
2.81137046105558,0.473813449439371,21.5096957954536,5.45781339719551,-0.634059822513418,0.0978513369573555,1,0.453378201740668,0.359293334443071,0.592122730980009,0.161417103347485,0.624761455557605,0.168964944107222,0.585947765982182,0.155064183161445,0.820397374053812,0.158271529816234,0.502106674124296,0.184897839165912
2.70314001538465,0.437612530033475,13.7481162509872,3.56957484736745,-0.599817522699002,0.0894993642216598,1,-0.183605276374102,0.265407479996186,0.674025766869198,0.131547097232364,0.626451106289296,0.15402057851504,0.705458938582309,0.151324129428114,0.852356186335163,0.163887296001056,0.458735312188806,0.213603370920765
1.97565611163231,0.365109490302536,15.4656834971508,3.54871751484009,-0.632124186829441,0.0865322019828015,1,-0.377155253175714,0.273343553960476,0.654867915232948,0.144181522789678,0.82680263582351,0.134937542363901,0.736252758675862,0.134538903162685,0.886928038541758,0.134069787027213,0.59089573768134,0.166903137923778
2.89370465837127,0.423802827933381,15.5976490568427,3.9041711393733,-0.693850315997861,0.0671578960371003,1,0.139642519618491,0.375936407764466,0.78927172686313,0.134845492796455,0.836085173939696,0.129431885318076,0.60187628392993,0.161232809547313,0.842985064175043,0.141106857659329,0.970609582580893,0.14837384965687
3.48454426894016,0.394230356171897,15.9303820992532,2.99522706979975,-0.756766391889755,0.0426427133195993,1,-0.167136254249871,0.34547885040604,1.00823028956085,0.121956185713515,1.00030038544863,0.101971436980528,0.558590299986338,0.126296099875036,1.0317958710822,0.136011960938287,0.909571389969287,0.126046799100162
3.53951822820712,0.514122259160372,22.7718601891734,5.827751094084,-0.660581638489038,0.0702282333629064,1,-0.309683602144919,0.423852683166172,0.818465104414356,0.166448167040945,0.89223736880547,0.144389851644374,0.791432859380559,0.144011731126467,0.784299630832844,0.140523920979774,0.917644010107242,0.143249979424244
2.83211467077093,0.360179623867505,11.9821728328098,2.58486915865308,-0.419523127392017,0.148430980613148,1,0.279768815125568,0.269826163009282,0.61815063251751,0.130381639665804,0.723735901710111,0.128379444944977,0.526443684016863,0.132320687261784,0.696771000654265,0.138862998081937,0.374404397208748,0.172657480317726
2.94250166547777,0.395810145270115,15.2114847263166,3.47312845656952,-0.671366928201068,0.0700685315067249,1,0.140332911448835,0.264336132924476,0.560318660393554,0.144229983380725,0.601307189796667,0.130951987862557,0.734275200022543,0.135776403995825,0.550808602972841,0.134416524509375,0.696992542702931,0.15519892353212
2.20968946534396,0.334418751932496,13.5473406941447,2.91756441533379,-0.470803442892577,0.109810672102943,1,0.0561045660863019,0.291729244708905,0.599379135061034,0.143627481117484,0.636249902035894,0.129951238197655,0.459562531386012,0.141324473659242,0.703785888168478,0.127074762814969,0.918746991879607,0.141452346302214
2.98354735639535,0.463949200110876,16.9988328138729,4.41835226128764,-0.632243947739015,0.0930647374561195,1,-0.20573686030586,0.340649778712679,0.545534611902543,0.14453606770189,0.808989861947587,0.15672101941392,0.653188451097035,0.153714686513053,0.685585052157074,0.175076959691171,0.623706754872209,0.160709232103807
3.49437144255245,0.509293773667245,22.6177277624466,5.84375657388893,-0.691365323362229,0.0779452799571463,1,0.272675465870755,0.327282138908465,0.73941142571749,0.150500651897894,0.709753221306849,0.16106389432429,0.91157800582552,0.151556744718671,0.561629631044363,0.163154600580249,0.812586903059867,0.179903849837198
3.1759605143115,0.395363842869821,14.7341193910901,3.17494028329739,-0.680939211146373,0.0587751099347319,1,-0.235892050101434,0.318287547698004,0.761707926504858,0.102603101069432,0.562651751720572,0.113844764344166,0.572540715567652,0.136542412424034,0.715796140768411,0.149133127079408,0.758442443088878,0.156515629732697
3.20885445397777,0.436510544229305,16.4985840665592,4.16140351336274,-0.487076835360859,0.107834141591221,1,0.586595222933358,0.281936401783086,0.469768465221136,0.167069013210722,0.496123938947322,0.168630113230717,0.729218046276951,0.133817069986538,0.660015369381371,0.155556095862934,0.756430327920602,0.142026120134941
2.95542718588353,0.496847429615022,23.0672945175774,5.96254659564621,-0.668994096858021,0.0666248850858371,1,-0.549999197650894,0.375271248157644,0.858928419509943,0.137062294780977,0.822835635596128,0.1402186615857,0.792644795321429,0.161519712015905,0.535756022523375,0.180913148951073,0.738889585868027,0.173430402619623
2.91163686186337,0.393482607969967,13.5903585837906,3.15738458555031,-0.542423996840748,0.105020290887175,1,0.287587038330605,0.357095589964665,0.592448577536942,0.146488267988579,0.899622406085522,0.132743341109431,0.600379395993852,0.157044048699307,0.79351110220843,0.132576921310301,0.888296520304616,0.147902351646285
3.20784139672573,0.454636766940417,17.3876576402539,4.18081828803093,-0.638171358141769,0.0796642702546746,1,-0.0533800738388945,0.317690876865647,0.823015494452903,0.121301402487876,0.594148520264612,0.137101600759927,0.722449193767991,0.155628351313898,0.44229401787513,0.169765875739055,0.429520958361716,0.206486541415798
3.54030732708396,0.479713807247608,16.3342483890273,4.17125231809707,-0.600974465975943,0.100000338159221,1,-0.00854844619603717,0.3034100142405,0.739981106600066,0.147024858492789,0.695467169634459,0.144192565807709,0.799124320219882,0.152045278097332,0.793247501152964,0.16325039815051,0.650312221332104,0.181027601221102
3.21975466880714,0.449952658856647,16.1965013127212,4.01848025238861,-0.61058261909266,0.0757864705371495,1,-0.0287557702170394,0.325906888454498,0.734340989856015,0.140091677988115,0.728900503326947,0.122467638955278,0.812927277959538,0.128507387853634,0.575682438645451,0.176283167931141,0.952019383157011,0.141630239192879
2.41773117192646,0.400864288768757,19.2596414532475,4.49766739553325,-0.63516515176541,0.0768576285915164,1,-0.204445679698722,0.26568061250421,0.797986058216376,0.120058835294582,0.585285279148104,0.146445549253414,0.766297138446725,0.155428008387119,0.803592660113574,0.140253952277563,0.818371752417093,0.165974073590245
2.47875376335681,0.356998594679717,12.038851859497,2.54426482729482,-0.629367279870062,0.0827553374030778,1,-0.234260637359765,0.328715829893785,0.840797595319324,0.111071593297511,0.547132204808493,0.140219010353395,0.443268718528951,0.160413260163504,0.640417531172378,0.160972406584005,0.688873913085984,0.137355381078624
2.00663964988465,0.373988186605956,15.3703336053109,3.8292912661493,-0.515613582931799,0.120962221510423,1,-0.232690799982131,0.312002378693748,0.377352970942585,0.164469602731778,0.741286579388508,0.144864834719058,0.390707373551764,0.169884825248884,0.427340119705357,0.17480404316311,0.836936242537815,0.140544519563037
3.31075990967132,0.479560307450804,19.8745411771496,4.91971102259471,-0.713599110904787,0.0688578554478203,1,0.129873164847022,0.345829879853939,0.78720888242808,0.140233666691729,0.838199862003391,0.143946593987208,0.568438664847027,0.190238278121855,0.775622640326184,0.134680138582941,1.0617493389508,0.136606565870992
2.59532145020681,0.338619814473026,12.1223841826912,2.56385210524038,-0.61507215956643,0.0662862156704297,1,-0.265835958156079,0.349673717202054,0.74622178454598,0.121288591757949,0.819086492596138,0.123714749759791,0.66177465149663,0.126515784667442,0.826874033183504,0.123108173532132,0.650295644944182,0.164125659449392
