"beta","beta_sd","omega","omega_sd","rho","rho_sd","conv_code","tau1","tau1_sd","tau2","tau2_sd","tau3","tau3_sd","tau4","tau4_sd","tau5","tau5_sd","tau6","tau6_sd"
1.15061944797267,0.160614807322085,0.898097107295175,0.224690770048441,0.216103167280821,0.328272873145782,1,-0.627361787613824,0.309516231659212,0.919715115170605,0.120528703541173,0.624337582808516,0.139841132254915,0.718983500704585,0.140128173158918,0.341367210296721,0.208590755782276,0.928582708954898,0.161160462507645
1.03974586215766,0.181794638900252,1.09974510144804,0.35089089754299,0.419736669388602,0.394591100882625,1,0.17930601194763,0.364333877575281,0.605161271446675,0.144331416045023,0.532558469516638,0.146347055916808,0.642954525056236,0.15278816261817,0.841540039006591,0.193781183599502,0.442538636917049,0.260035615335081
0.996964803011541,0.151134302986882,0.996919470000288,0.267333101402272,0.687039533268774,0.207845924392315,1,0.345578012803306,0.340691158692479,0.683035669630454,0.131675133970304,0.475352099993756,0.154600387760751,0.878150665851429,0.17882474195954,0.486532056258961,0.202901068997901,0.672397289595319,0.182114100026975
1.12616056860559,0.161314472521365,0.988991296668352,0.261565353731071,0.317903044763117,0.285141698787763,1,-0.0502136236791374,0.322417314703408,0.723995585680102,0.128153021557964,0.804526823853741,0.132019780222689,0.714052576283524,0.187208537565104,0.501335377839478,0.21231409614214,0.638327264012193,0.212518564867217
1.31318503069995,0.183727061182168,1.30135234947693,0.351154202821418,0.107328293725736,0.348862640396596,1,-0.0321874441051098,0.334661035709858,0.789017432025654,0.138782620958587,0.63980652977496,0.168380446769852,0.881030635774209,0.177574070350777,0.75612921875884,0.160971013935724,0.943991654916285,0.252408419672286
1.1114671925612,0.201989507662873,1.83513394095471,0.553820052087088,-0.115114830584088,0.281523255832011,1,-0.731014377086596,0.388346140403857,0.953217280675925,0.167381340556323,1.03211786265483,0.15998318667965,0.910857649366566,0.17795304507926,0.956536689745349,0.244752792392092,0.825634975255464,0.28003966050637
1.06119582558206,0.138490718832762,0.538985508941505,0.183281421011431,0.80588518794309,0.0586561299923298,1,-0.255101095467721,0.344154297454105,0.80898159624897,0.113630720362719,0.568654532034791,0.113882931527453,0.692032830365312,0.147191669487214,0.410407659605503,0.220378685033575,0.317158705058732,0.230025998872895
1.01430545735475,0.154444351587095,1.0048076927887,0.287603257120126,0.426431944843974,0.402307727598293,1,-0.150653325531292,0.344473825043873,0.663126189533158,0.138708683866114,0.391703264151493,0.164663122254064,0.865777697137697,0.124405496221285,0.311551852327054,0.241726631672359,0.846237998190643,0.200476966520613
1.13348814337823,0.180084532999581,0.931550030669586,0.284190377295933,0.0245246038472064,0.256981222269121,1,-0.213830902303473,0.319121366246903,0.660287809898635,0.135375186301687,0.877804855032053,0.158542110981374,0.365722807306208,0.202436405826991,1.01766103248378,0.164499646261221,0.474753464015523,0.35473969676312
1.2745718782559,0.176398224311622,0.840245752048382,0.244850001540843,0.163725828432981,0.370280645266942,1,0.245298808985949,0.301878069562997,0.631838729284348,0.148954993820768,0.770872901615449,0.153189401697372,0.567831835868745,0.170799347465998,0.918523290844803,0.206449416187493,0.31745480835411,0.234506510800107
1.14545289934645,0.138638967797232,0.6701626517488,0.176758066086399,0.640767575178726,0.192673210020749,1,0.0863874476319055,0.370260286683808,0.644130406177164,0.135908621172025,0.754496312307679,0.120381910568731,0.789646273487495,0.140148782451442,0.481722136753463,0.222550697001885,0.555618238712773,0.298259684903369
1.09184039906992,0.161090940349992,0.900682113919076,0.283512409760766,0.11034611522451,0.350432623580288,1,-0.372829279391816,0.313432546537373,0.678356451540283,0.123165126290083,0.701467825884143,0.151684686423224,0.769544178322578,0.15812333605612,0.354855196983931,0.252920776887897,0.271387541089631,0.262730607946478
1.1784775332446,0.18114652631527,0.856849886671005,0.241744586619913,0.428703143299651,0.329608886935893,1,0.17552153534491,0.341376863756615,0.688864973083085,0.143276576442815,0.555643638564538,0.152498283713025,0.841711133500915,0.152557493387662,0.420739587918388,0.202859719197556,0.438395090932908,0.176591435281682
1.01575583750104,0.162073093973868,0.858393846466078,0.262594956699292,0.48975364210502,0.339832668629515,1,-0.130814778139695,0.309785579688534,0.670800832997028,0.130733480587333,0.579625981103604,0.150396407387724,0.291638249115847,0.188188961394652,0.561285608282562,0.187067163327966,0.721421875194073,0.192398851573757
0.853577362544078,0.134219136468432,0.879262681415456,0.222182606608401,0.361620624304593,0.264500034862112,1,0.0090889008944187,0.306145711908393,0.590286763966461,0.111094265380992,0.56390746474172,0.14286582418825,0.487187657322951,0.177310999992196,0.828538959302511,0.157318331078313,0.6550612750147,0.217404947361693
1.24928007075813,0.169155061985698,1.06701221690034,0.288792470064478,0.502570662309326,0.297423054024642,1,0.658825928172751,0.364828488653318,0.782419856927911,0.149627799981591,0.578928851814862,0.147494216465054,0.735300735933641,0.171092846218258,0.882499099637859,0.154627648481218,0.846342397296547,0.266191681842125
1.06835268684864,0.139579025171323,0.807057553696195,0.201266443976504,0.539777551046954,0.213950898234697,1,-0.214356205345832,0.328014092724919,0.695982355720711,0.116861820272859,0.55192607809532,0.131859014864719,0.709828644769863,0.146932817302991,0.559640084462558,0.189298778064327,0.415344870279368,0.227991674558127
1.23099696717129,0.182468855388086,1.29334917478756,0.361022625018768,-0.0822668865374437,0.32405274248439,1,-0.190270365348183,0.366327700294093,0.715083124406062,0.166013145822571,0.738733888800793,0.120795130072876,0.686135040686128,0.170653510124263,1.19663255129329,0.202475029985955,1.14867582679654,0.202936781677335
1.31445274892073,0.176188360880554,1.12078228858905,0.291878682122713,0.168375484369701,0.364183903804301,1,0.290724211774486,0.316884080762987,0.67977869148878,0.143901025018535,0.853090931021331,0.127201389195145,0.643860603515082,0.189489018347938,0.948284397590659,0.183168185335897,0.68219828191294,0.206245526897893
1.29385477040738,0.217345369311457,1.31774888763069,0.420427182141503,-0.201334578878897,0.274146377870522,1,0.295408461014721,0.302893593659367,0.896377731190674,0.145147341800664,0.654417313570015,0.180064573346981,0.651764682425386,0.206648508753735,1.0979963520722,0.219787310847601,0.732562183143789,0.342296181230226
1.17510097440694,0.172629677910742,1.14000798440658,0.303999907848667,0.207183838930224,0.360785867898609,1,0.0491023489337267,0.363359544099521,0.807415792118191,0.130796905870597,0.468794128951263,0.155609112952919,0.902021234279011,0.187944710757729,0.688067886542358,0.200339534941711,0.936695575038132,0.205930638048008
1.16436514259428,0.133952920925132,0.652719568202528,0.158558267538796,0.618883021031998,0.21278855165716,1,0.296467583318057,0.30115974556903,0.722534471815516,0.117505583572752,0.411990882063513,0.135598378283043,0.804521206704897,0.114603383047679,0.771774741922436,0.149235734285936,0.60867079299794,0.215341201632158
1.36635914225844,0.221132128869603,1.72053124793411,0.523429717394706,0.137595778907347,0.432378680412241,1,0.0164091341534826,0.329801046557604,0.844763366849924,0.133421739730319,0.877740214956288,0.196664545412088,1.06322570761858,0.161893730167707,0.74248289485702,0.183430667624601,0.974436708573225,0.265240673656693
1.25335222903826,0.190501165131461,1.32138976321501,0.376080939224658,0.259771814796547,0.43392251028058,1,0.163606880816516,0.350322549595273,0.759940613466663,0.159767890092254,0.941179090019807,0.137129736319334,0.533879475713848,0.194444971139076,0.885721857178544,0.199008150805455,0.692984486768341,0.212042678198561
1.21771465527598,0.200448103909592,1.39136055293631,0.390114424210198,0.00428073580324777,0.337722851430287,1,0.146250759005773,0.368099538094267,0.699754993197632,0.155447002745696,0.901989954565476,0.120607947348122,0.82803130931336,0.158375379971739,0.856462563709668,0.188978597829625,0.648125053530475,0.215802160701092
1.09827770610742,0.165287313658046,0.875318506177814,0.286644625153425,0.295520457087524,0.449668292424229,1,0.0408886582906204,0.364816812865014,0.723143078645422,0.138554320645731,0.707392771418323,0.143890015328006,0.530466666038697,0.170784145707151,0.815510716187034,0.263072764562111,0.790975458136485,0.237058276629141
0.930779465143481,0.181279782744807,1.21277836464491,0.385052071018872,0.064958673179648,0.330925027064672,1,-0.0875221458032623,0.320211324354447,0.726190992446707,0.145026432174907,0.765443426217531,0.176905782767121,0.544877003621609,0.16634007669877,0.704545248073956,0.263818792817681,0.419797907485445,0.237972110553803
1.33586149238765,0.246091801291779,1.65290687682896,0.520148898154815,-0.180292152258435,0.313285072246666,1,0.158626778130927,0.506007467859748,0.878534416988484,0.171374260139872,0.861003053932681,0.188748399817704,0.957225302233562,0.181099804502843,0.915522050484077,0.22964216713218,1.06173775458396,0.20098482996755
1.26310804914652,0.174601435929058,0.901440337862331,0.269710689124581,0.445319470525711,0.514531072345254,1,0.266638474658444,0.356738827623533,0.609034269916146,0.140178902515961,0.663413967104186,0.14142847886534,0.659897383805807,0.154036006659536,0.831962293216652,0.173679479480318,0.606941318406375,0.237957495684652
1.01347934439494,0.155266654388748,1.10235864086701,0.317069435347783,0.325042798110643,0.414346853152356,1,-0.514502738755941,0.346308683198198,0.808054386646065,0.125695076826343,0.653931415336289,0.145152616914996,0.75540771698156,0.173633321555829,0.687171796892856,0.207481965366548,0.656141845027696,0.270097081637747
0.902529760654422,0.14033150387597,0.842322459907453,0.221783590633865,0.641238100435125,0.235307931255011,1,-0.58277354675033,0.326273910366558,0.903218444388186,0.117684716354431,0.617911913885593,0.135401868357342,0.392384134571567,0.149183679983504,0.748713126043817,0.179983847271935,0.555923832564241,0.293113078918248
1.46684297388619,0.202090146124825,1.19738296476103,0.383588579232294,0.379343111846489,0.454947900285884,1,0.773858795014376,0.367881862835319,0.545096482888888,0.158671173305338,0.942676899818494,0.138275896224963,0.808765879944593,0.198805624657645,1.00381694382631,0.213881505164471,0.657443412957427,0.208637977964685
0.945863878847475,0.174017420113098,0.922485772800493,0.307874986575407,0.0875299500932898,0.381882156642762,1,-0.461551928488594,0.469031308662129,0.765274185136451,0.148158163363291,0.525890805653309,0.216126922593891,0.670563067548094,0.180818578210151,0.622503751968769,0.216440362325945,0.858365691598028,0.25714393487218
1.01261062073917,0.124319868507698,0.611310796111748,0.180615733312381,0.722581521438999,0.146195878957316,1,0.0402575172131963,0.37445901140705,0.698100446277029,0.121148013318836,0.472329007534684,0.121106192552918,0.555976993514977,0.175272629065005,0.383066626722641,0.226376232697537,0.646332233728425,0.214658393061394
0.91713817617184,0.169984947980286,1.20544148123625,0.350337417142522,0.425066015971524,0.430643792339685,1,-0.3124339098799,0.348590852180031,0.618588763537701,0.146453015679423,0.827315321197065,0.115836975832023,0.733100445267169,0.177392110149163,0.229564008273702,0.300429862155912,0.780881575515491,0.187297205866139
1.17040324014379,0.168005035542916,1.15470415372932,0.322591741739894,0.662975728640264,0.248628080921083,1,-0.392765368224057,0.370277152634425,0.955357961747657,0.112671603917422,0.65107299751356,0.141195765942018,0.838612553170281,0.194539704685757,0.92552415470701,0.194329009189603,0.847111514188351,0.203675379348024
1.05886541626613,0.174256040443545,0.774400045759283,0.254024600364428,0.290491142040521,0.441403005969863,1,-0.0566615562583593,0.356276219193998,0.664312906054286,0.156650100372414,0.688947554344303,0.170169753815399,0.446991711909648,0.144723518688874,0.564895060241262,0.212840692503232,0.469085267179804,0.329056824124853
1.09075710442719,0.161222400969637,0.846725446940037,0.245575843659134,0.594832579497567,0.228865300951193,1,-0.124971871876992,0.351074448244904,0.623569313254925,0.144415699108468,0.698714668903952,0.147977301624997,0.665972033927943,0.13913664787975,0.721160054778702,0.183643346664831,0.71241864223655,0.182612007292951
1.33612245355601,0.21618048404548,1.43435593266784,0.421407483775067,-0.294347931311296,0.222106076905543,1,-0.294999029741822,0.265874921926962,0.870381902342505,0.163455800522025,0.823713091401879,0.202706853042716,0.795116293639345,0.161267380613762,0.73175270234511,0.186796582297605,0.814347937712828,0.238125132657734
1.32129868756855,0.209789148252961,1.32631692121803,0.377930212522218,-0.0899430858287267,0.288835520274824,1,0.256024531781852,0.30488144145736,0.734394394551473,0.162957226691761,0.770733138140539,0.151707336359292,0.83088169392113,0.170625995001167,0.748875314987169,0.225680735896114,0.761480023427961,0.212430121100697
0.981834924188445,0.116406937757376,0.728593727122144,0.171771988615989,0.686572559363285,0.153405529180804,1,-0.181244089101055,0.329097131349055,0.785150953180531,0.127424721592734,0.569323492566072,0.114351103552818,0.546415556240992,0.163610308714441,0.481315717245086,0.175388605004365,0.597470477928044,0.184841922316944
0.903719703941151,0.16087234746295,0.955745162057124,0.276753966297385,0.307233379560073,0.477046368259224,1,-0.422439586645527,0.433684985776141,0.9170892853343,0.166504596279982,0.607401874648227,0.158538726325247,0.47912611949383,0.196947259192741,0.497734301586654,0.21888226673595,0.785653562123043,0.200210835144288
0.96017540105465,0.164773736440559,1.13564189016056,0.317042723779749,0.184899549957684,0.336649036610172,1,-0.624517476228421,0.308954019185818,0.720277415938222,0.144871275574807,0.887008151739553,0.128846953534312,0.496309863124019,0.173462419087097,0.802746987806484,0.231593264810423,0.685341709389811,0.203874248164826
1.07700358362874,0.172741111127266,1.38554160544441,0.406419586140251,0.31513648836095,0.428940914161862,1,-0.0577612032661158,0.312997478161939,0.836195187953532,0.122033196375623,0.866564805577748,0.177997412450864,0.830353019800993,0.168508645900219,0.810321506418895,0.18420867949805,0.838923931243403,0.229607710972525
1.11874173550378,0.160507849493233,1.13021758435563,0.282858762912367,0.477658042477325,0.308054168080685,1,-0.607822296818478,0.379250927295412,0.947554840775551,0.119500435889318,0.760245713954778,0.14495116246593,0.739176300402342,0.152919061190864,0.795010534232215,0.209419516521451,0.631448320150787,0.186024458329
1.13483652058251,0.197759344584351,1.07971244176544,0.365668955089945,0.163890816726833,0.431731740796343,1,0.58175624406541,0.36713571017958,0.613575276959689,0.191606946501869,0.909653680988194,0.177379999694125,0.671374507689211,0.202659143653172,0.895834054618001,0.17592702241203,0.710193649340436,0.296089954717282
1.08335168257005,0.179020675779066,1.12246461138201,0.345715412211992,0.250773234821477,0.438203956384002,1,-0.0317263518173864,0.348800307426212,0.691553889423597,0.145384285882299,0.791943146851609,0.149762977729483,0.610449546080469,0.166971511341174,0.761507253136778,0.251314259233277,0.895585948425053,0.222567289202851
1.1637704934571,0.158288902161386,0.996987345344395,0.273751941938329,0.562675145959815,0.353092029578662,1,0.498988565756161,0.35538573983875,0.495182888644764,0.132426573034203,0.652900599258262,0.16365300689754,0.664402940440283,0.136311341901236,0.453136350652954,0.193529033629978,0.568833059610474,0.215833705152567
1.22770194199698,0.152358997109676,0.967787546854341,0.235557520882974,0.532092021427862,0.376177612998375,1,-0.297503037528658,0.372203753674307,0.925450081045,0.151230152443234,0.833315961567822,0.111281792820354,0.835328467210284,0.145028425972118,0.561544600221941,0.189323383261175,0.647052015654628,0.179002900368103
1.14601384796029,0.188962028043051,1.16383507962502,0.301258883342825,-0.0782368162409964,0.286590026116789,1,-0.947762778526611,0.415344560061803,0.970436834615877,0.145541458991568,0.690776168193093,0.158543790807382,0.945446234085525,0.131050916108248,0.67554465583811,0.204483767282341,0.974270050457457,0.20250961425958
1.15956435750369,0.168285159634109,0.891361542713307,0.249777007690506,0.510613401338336,0.3178782310822,1,0.48924214288012,0.326320173771374,0.741322472803449,0.123991446110172,0.619300900553148,0.1528136825272,0.683887490485408,0.171383879617454,0.867205745443579,0.184796558205404,0.697304769219913,0.197910422146824
1.2305889310568,0.165751692817774,1.16297244472356,0.346139842998439,-0.185396471499071,0.202798614396657,1,0.285910755275319,0.400313006117468,0.65839991073063,0.183631771938836,0.594008679841277,0.170442397750615,0.854870695455127,0.170248228158397,0.791501734082356,0.2081918097633,0.808154058295358,0.203037455445104
0.953420488837412,0.134637327210954,0.928401495790862,0.251677236799178,0.660304126232469,0.269639253505938,1,0.27228143389346,0.352378846878947,0.51026530861198,0.186735645918709,0.81647131494448,0.142027897997009,0.658358008403149,0.148771527355304,0.669666987463952,0.163993917106657,0.713087546541491,0.190412416698895
1.191556431884,0.254330924482494,1.38382732486138,0.478057577925294,-0.165142143769769,0.332451307822335,1,-0.216200012983289,0.370238063085547,0.921100375911827,0.162496175215601,0.686939808723515,0.197980641103054,0.751439753115141,0.20298518583434,0.843630833407398,0.200215768996333,0.982228423008374,0.313352058902859
1.16355345899564,0.154236506560677,1.05097873055456,0.282755242534111,-0.0815447700142908,0.251215538212271,1,-0.0748438876234311,0.257526350235748,0.568457969018898,0.14778562716825,0.754782743298323,0.152769920224794,0.565622317567195,0.140541413555096,0.863441193199534,0.183015170633186,0.97980902713287,0.201880363189303
1.13038169695009,0.199491573367798,1.22615530998508,0.336343441488484,-0.117992234953655,0.271954308903376,1,0.0627960453061432,0.373187854883099,0.637457246008135,0.160187073133676,0.776294717807999,0.150486793327208,0.719774336515205,0.165057971863661,0.963780924975833,0.17609189557835,0.154248639221145,0.331088214654064
1.12016841884133,0.122621455290077,0.863163249637377,0.217165915883645,0.589149059572816,0.35580203473026,1,-0.382990449416336,0.327548987212262,0.964069140077173,0.114844462642575,0.64907474519129,0.133693752050741,0.636361222855565,0.139238237009259,0.384281503273578,0.191400187489689,0.885995204969135,0.189385439379004
0.93477330062226,0.171385068208789,1.13971407024341,0.365674135589149,0.301162709236223,0.449976841403737,1,-0.023844318240544,0.393312051576192,0.562405782749723,0.164017606920505,0.880636883390234,0.162471052904405,0.766701643745071,0.184979858193355,0.671846861775507,0.206557345551985,0.947092233024926,0.318622492901767
1.33265907096219,0.207496693324724,1.4606033364667,0.436094571406676,-0.204485507914896,0.196176633773318,1,0.589952373442654,0.397086314276437,0.785181933864319,0.166994244498082,0.732848423763778,0.172772796815445,0.725778420087398,0.173472847379278,0.920600595564651,0.214234823535654,1.18199514762321,0.174913599252253
1.33352378791506,0.203138238604317,1.2448350011477,0.37102693091574,0.129958368693643,0.364331803010923,1,0.144726212436975,0.321794310451076,0.893630072053051,0.128811802972194,0.568863792687546,0.154737437180136,0.961658672612969,0.151653184492614,0.491543454595811,0.216399843701209,0.885706433984623,0.184493099163851
1.07122305855934,0.1306747865587,0.944862899066287,0.21405619087002,0.693545354085978,0.147945216648899,1,-0.370686386048371,0.341221288174283,0.821285180243615,0.109031657292288,0.436868202096471,0.121315440760744,0.580276734474459,0.128692627604173,0.614547259714498,0.188463301780593,0.497964231201873,0.170099008845514
1.2483424018577,0.228021563532338,1.22057222200737,0.364504654671296,-0.0659073849676899,0.28300101576485,1,-0.33235121046177,0.293986515063236,0.868773200397742,0.170368820845158,0.670251625470089,0.155643270723293,0.794103438368512,0.158697923311214,0.850851928287427,0.197678921899509,1.03369115231876,0.196734209523337
1.11313507691795,0.135348870449482,0.810454606855738,0.220579797364875,0.668023226486947,0.212640125923135,1,-0.200231190114927,0.336967613044292,0.774219511568927,0.158736446687256,0.748975817787042,0.128692971986241,0.720060438106485,0.142833282110077,0.671737444854023,0.161759394034639,0.583240942573823,0.200157410158904
1.03857895051441,0.149782191442218,1.08147633335756,0.310429831404137,0.426703571501314,0.293389862552252,1,-0.117442143823074,0.319449006501052,0.633859465705756,0.126977053351527,0.654444793161059,0.148530698129876,0.600321615917637,0.153194444863569,0.669028664368942,0.170643153377797,0.752102538681984,0.207513592092917
1.24683644552344,0.150038652613434,0.631398287735162,0.180399631638998,0.771770622508476,0.132220897513474,1,0.444931102123688,0.376201282497354,0.603397816526234,0.125968385698283,0.707610833353524,0.155018847329158,0.419905934017061,0.173978270527464,0.730786051955626,0.169967130922437,0.448971688317233,0.214765507539496
1.33992029153684,0.18552403952718,1.17046947246657,0.367626348057363,0.242716468114368,0.471244620936697,1,-0.287449818464872,0.420772063573205,1.04974370919496,0.152061592123951,0.769617561142849,0.191644202176036,0.707146223092573,0.159738341488332,0.864499507621048,0.183561929952108,0.791867935675809,0.219182874207444
1.05952538322062,0.165961048151207,0.957456203740914,0.263664974513107,0.331962269577074,0.390420555703617,1,0.255711139993559,0.380775220836993,0.631517804119221,0.139178469261943,0.790667125160724,0.146732403797816,0.700927896345263,0.141123739952583,0.851633213695019,0.221465198286704,0.872010383122659,0.200666944272815
1.00692132466061,0.137539740782063,0.597016068963322,0.148849186719112,0.727889296050034,0.148664498995419,1,0.123674615794733,0.348287891245942,0.708896331393028,0.124149259116535,0.489408792944185,0.123890903902562,0.686950320850139,0.129954625867826,0.429430573585696,0.17993826032413,0.48615896316101,0.217198396405545
1.09924864797154,0.156514759345928,0.994987380592783,0.281178438834321,0.221214050835555,0.34685926789859,1,0.252701511036684,0.344657001814615,0.587127035046837,0.129307104688922,0.81292860616644,0.13520748886224,0.594764131869428,0.17381617284536,0.727388200291034,0.216710157897288,0.882979974090321,0.19379950062043
1.09934952480697,0.14087636329622,0.843957187680711,0.230705689992196,0.353008023957015,0.373473078021902,1,-0.028998367944892,0.314821284696887,0.835937927141297,0.121347376318958,0.523822866636204,0.158281986111449,0.588740248409545,0.158562145028338,0.841552889000506,0.185004382062241,0.669812079281459,0.189265637377738
1.24360493773758,0.152737447076928,0.823141120834523,0.229518708111086,0.0711811557602737,0.316790892445762,1,-0.0110843922672035,0.366521071785197,0.714400779498233,0.160390921847694,0.592044051772654,0.124084073291401,0.703315963656853,0.167129906259085,0.782780674115737,0.181878010142575,0.736670250169356,0.202080311589768
1.0912941805825,0.122839423084537,0.801266435955191,0.191187398799472,0.71673701553163,0.141864619013938,1,-0.0337284603326675,0.33234064701013,0.849327493804721,0.129957145833283,0.603450903159279,0.114457372815263,0.501322714213504,0.127224189653335,0.842632769688764,0.227037658661542,0.458360220750906,0.218452982011732
1.14503125823751,0.176495978248407,0.916650246621826,0.272707820337893,0.207003774797228,0.403690605519965,1,0.0355834727945621,0.30175850064829,0.756547813787771,0.1463309642276,0.487189193655276,0.158528675765562,0.621119096086128,0.174409628498055,1.03780417019699,0.160790235768284,0.765655044183856,0.214584023892246
1.10855551310001,0.18385142665449,1.47070480108847,0.388478596800885,0.417076224153031,0.416085194655383,1,-0.713445718634136,0.347078581262646,0.811053909357594,0.128141205689043,0.786302869551384,0.14713297267477,1.01613266087291,0.150434939875104,0.666567794875228,0.212935345839128,0.851978906430353,0.282679124053855
1.11286388039083,0.197422633275372,1.06903863122413,0.325141764727755,0.118453193795237,0.385036416697139,1,-0.58386594676868,0.339008165985267,0.868777177802713,0.139492774256249,0.75773626186802,0.131012065255595,1.04717042471059,0.165243939364972,0.769837632157872,0.285154953391826,0.39695259216035,0.274484918599178
1.33533705481363,0.162512410081754,1.20517651006958,0.330891123309306,0.538553802226995,0.279158721051753,1,0.0985779357437418,0.321712652074766,0.686943235187514,0.136606895480618,0.903320855957707,0.142309997403963,0.840241405729807,0.172554763228103,0.873695646646925,0.128629688292075,0.673315090249581,0.239541110343941
1.27103020033418,0.169396849772307,1.41117763971286,0.350454400148209,0.431341546021419,0.312684980412761,1,-0.346955570963499,0.30377829436552,0.760537449341278,0.135290482490638,0.953151759567617,0.136203624736737,0.475766011767608,0.174824872989223,0.555697113214806,0.184327096954467,0.812440296231931,0.209855107544705
1.03611954821394,0.181742166831401,1.01740268340533,0.350148253097331,0.259590869573607,0.47167732822976,1,-0.0429042617118076,0.314821783510401,0.733753882994917,0.144422183424103,0.896408689632108,0.150105540946595,0.664120721802371,0.186597047560025,0.545724191368503,0.204425361045595,0.707717702484302,0.232487299166988
1.170898949295,0.171817995931204,1.16456691675284,0.363148197738698,0.430958640843536,0.402765032998452,1,0.0658319201262188,0.34873535493356,0.699372361936712,0.138552833895557,0.862187168870469,0.140909536413183,0.707829428317263,0.163837698847603,0.735425836182725,0.210328616280834,0.864522049892476,0.222726387144913
1.20237096531103,0.154668395929488,1.15049686328218,0.263726777875779,0.676636795395864,0.157265249606578,1,0.356991500111036,0.385359487269042,0.711563571068809,0.1466869992668,0.750155103277972,0.135270337872818,0.777943389384771,0.160619727468517,0.817621888221465,0.175260654059555,0.356832920176631,0.224539228807791
1.05106923191896,0.169919540025525,0.985933643361435,0.278354283781623,0.239819624133625,0.36177689163886,1,0.00120850889415525,0.372252923251566,0.457881729890168,0.142876227995646,0.705876882028436,0.129164794238622,0.521364411128203,0.169234937564953,0.630240666780975,0.175377963043969,0.581000075151024,0.320131659854294
1.11548340748437,0.146902098632244,1.02077258834542,0.261891915550167,0.620108015251711,0.241357115783891,1,0.307191948175571,0.342726116121063,0.597532813310548,0.156583050737694,0.666647082167152,0.129485015140861,0.676406359250146,0.147849839919613,0.783470944704725,0.194279422683803,0.698351302690578,0.345338721766273
1.85651821488865,0.32838191998035,2.65025627950272,0.870810985191064,-0.191351754891838,0.343935860896802,1,0.887029203035637,0.564377039066318,0.958170811582592,0.203845508235221,0.957422544348505,0.163196746001017,1.0376104862686,0.160973745507846,1.03400195615314,0.217900868109753,0.93950619673565,0.277408877060438
1.15719328047959,0.188226497157288,1.06654728496266,0.326411841223327,0.279301942595416,0.447005137059811,1,0.201381790555318,0.381456324798494,0.689960684318761,0.137369739126367,0.649770325652105,0.163095614510686,0.595425592611318,0.201296649821815,0.92765068613403,0.219601419263422,0.676344703028673,0.251435254798802
1.04377613215977,0.148469971421696,0.865889244339754,0.252533570515371,0.339732956022725,0.38428352181008,1,0.105975427264403,0.316176197502464,0.500288855818206,0.146121051219461,0.568504831174296,0.137291255050918,0.602804401169171,0.193501816847745,0.643942476258996,0.20855222777631,0.483132461713648,0.198855331877035
1.03749412460112,0.149752759736143,0.813665330227331,0.244598597461859,0.559166647451368,0.29699429383594,1,0.141252195674537,0.325397534635515,0.565881247554691,0.112606637771617,0.568724813360927,0.194030752465862,0.765644662767688,0.151244217832095,0.786599417680827,0.191421099489215,0.417900024951941,0.319016740223227
1.03443806320048,0.162323924430848,0.720856640955251,0.19334448754325,0.327914444903132,0.362535882512597,1,-0.107690134662341,0.322784807047242,0.789079321549803,0.116047733769171,0.705815034018371,0.141946403066157,0.4841560355467,0.173185965664086,0.672670480952228,0.172088762022607,0.555073242921502,0.231914378210838
1.0842877974164,0.165447971861834,1.168444639723,0.320515195501946,0.269689874664569,0.482291773487377,1,-0.0392584319878867,0.380379269652858,0.736805759221649,0.148390472492069,0.807401298853701,0.172558660569491,0.555153397408803,0.190517980567473,0.682390695514079,0.181735296898301,0.898109171780975,0.196857237598786
1.28285041144687,0.174362874297072,1.12836365007454,0.309328375222295,0.267749109120505,0.368809945191948,1,0.205048525036578,0.307176927267686,0.701127517200936,0.128988835010527,0.618829952714612,0.143405408549291,0.871991727527676,0.16174775583379,0.678980959633301,0.159888546161381,0.723467360314832,0.220519394109726
1.16891255684,0.175303992740368,1.11570569477958,0.320570700270803,-0.0104180993336417,0.352340208810166,1,-0.186503514398863,0.309944236560763,0.771062335769301,0.149015389758977,0.857195941641422,0.171369661028647,0.713955919235252,0.181393038681134,0.935369311924534,0.19010205380141,0.706876707293639,0.224403573661106
1.19641761230411,0.160831512663996,1.15299286280196,0.33747225290564,0.119106645027625,0.45783656059327,1,-0.0221032647572711,0.291558683917466,0.705503981460341,0.136480843719587,0.83888429768192,0.154234184578314,0.613606770620766,0.190629658328745,0.791821134401392,0.167250897500744,0.873730904571232,0.211945614163728
0.954766847126303,0.148394485174911,0.794671497300638,0.255265199746328,0.309215266790873,0.472909193257704,1,0.00912780421800144,0.325508727179651,0.638847951570764,0.146436495814256,0.574792846112934,0.190036628005516,0.494657810509111,0.189678608164328,0.600941101603646,0.191314963366042,0.749184007054445,0.223479175259072
0.976304374536847,0.118771912557443,0.695125184224485,0.172913313003894,0.613371481506569,0.258634503743192,1,-0.133069282753519,0.359825051850176,0.62593435096714,0.130541878324529,0.545185869585853,0.127377021704821,0.708613913975363,0.144733735015245,0.470690000438785,0.162680043920402,0.87635221387354,0.186189328750641
1.22988146032632,0.170876993237264,0.750650033259828,0.239837508448228,0.585888359085358,0.318311865680712,1,0.663961383716195,0.38900201591061,0.587646111615641,0.128565560779627,0.63400001052465,0.13212379041748,0.63706139329715,0.139184037617138,0.719268398142589,0.179754420862313,0.754512827701216,0.183941424123942
0.937205704372267,0.139864057070818,0.85558704746941,0.219042901443754,0.434967091135516,0.315929222668821,1,-0.0192994470697397,0.277213045593124,0.665066053906689,0.120160875681076,0.738180105503897,0.162189309174983,0.570942054586815,0.152993998559396,0.536199342464195,0.19210985459474,0.422341435257748,0.211643749755858
0.945287512762496,0.167330387251736,0.95792791175973,0.283360898135277,0.103657795726659,0.365364200190591,1,-0.381066747052633,0.334858014110192,0.730313580234669,0.143084525844246,0.408819744343913,0.190230861409681,0.58290016512095,0.180248935924604,0.736009295851352,0.18116367752859,0.602285211946676,0.24000652277249
1.12828950574835,0.198393858915348,1.61001835710894,0.469368236800855,-0.288237079456769,0.253854795247175,1,-0.691736675440679,0.351843124855648,1.0381507840398,0.15244263623677,0.796295477775809,0.16868238312778,1.12144854661536,0.145808587601051,1.0342940571261,0.181184867433837,1.09952138261753,0.352250796432506
1.33580242216312,0.182564448410671,1.55361417077869,0.430158117253588,0.506395632835472,0.371285913967589,1,0.191249633134456,0.372354193392734,0.794665940214122,0.158873982438045,0.910923709028571,0.140100144285933,0.770451987218612,0.158930381707789,0.747825448082515,0.182402287100075,0.485360150696703,0.218313967829451
1.32413577850413,0.202309465770339,1.17884827083982,0.354418618325083,-0.00572505692512055,0.253781194011594,1,0.241401290263787,0.319671053642604,0.672156049789569,0.156305311276905,0.761472921811731,0.162442411400947,0.999185556039114,0.18319575756098,0.782612076915258,0.192370697732257,0.904532622721719,0.186315642993388
1.32773581746346,0.17098417162722,1.39541903243048,0.329726209119584,0.305240852738923,0.402220664689174,1,0.103390733334483,0.430454567940045,0.751681579182186,0.15214535308509,0.765255440898343,0.125847344268007,0.851826393886158,0.18576721857107,0.998618878065959,0.141857522698041,0.830454131079959,0.173939338488196
1.24884964191958,0.145474298067655,1.13494149374722,0.270916685057259,0.535371882532479,0.368431071222204,1,0.0739681427261756,0.324724974398882,0.776588293274489,0.138430947706107,0.808178868199038,0.149480021595402,0.634719824877317,0.154980921353804,0.951019491696263,0.154915563571883,0.727060069873527,0.189677747312258
1.278589190391,0.18222176220807,0.932344717375462,0.282388502869394,0.348706912295806,0.4367924832279,1,0.481505139931707,0.318904732679157,0.656817859382808,0.152323609550822,0.864627938352167,0.120485603354163,0.518087285241434,0.175818344805461,0.671888004004637,0.16716640341892,0.921161155375937,0.178089078558411
1.12688455066857,0.146561457840628,0.99386442619778,0.24444178397677,0.639310663782414,0.225924122534858,1,0.0673442036897384,0.384022105444144,0.919446135058663,0.13647483078191,0.478150282891991,0.138984004564321,0.764991058895782,0.167482090682973,0.637419131375375,0.178384683820871,0.616042874933709,0.166622312173988
1.17203251281444,0.144029778698287,0.922897003823869,0.216536555555076,0.482061036910873,0.302478977044954,1,0.180382482864106,0.33847700962635,0.666678645137485,0.141600121945514,0.767922850480413,0.126810067231045,0.645269301511873,0.157082474802848,0.624711740527079,0.221008692879105,0.614735549965302,0.16675216725403
0.917660992890666,0.144093948856197,0.986148759569636,0.264879008997677,0.571644584122704,0.261972824098811,1,0.154906576631137,0.367235897315252,0.399940731639196,0.159804645616438,0.772363941069322,0.144380272465896,0.446441730059867,0.181309035779724,0.91938043153144,0.135348925854831,0.84798897779691,0.262396498258587
1.0013947296592,0.169824621125885,0.981578845495951,0.298951553104485,0.798196789984644,0.122676592518792,1,-0.0488227929551816,0.376546197913633,0.367156809256875,0.177273609395112,0.910768226460237,0.110320800299308,0.641732078988321,0.154691992726286,0.678018352189302,0.197343830091184,0.781814038734185,0.263807162882984
1.15186387293527,0.173651811301157,1.27770186354501,0.313731547270538,0.764388306034956,0.151410687093344,1,0.28523263907581,0.389999627283684,0.831908033196993,0.126571182159557,0.962123017489326,0.127724873096288,0.744122245275429,0.154037355613997,0.313150233054387,0.217834197562403,0.147832263692013,0.26557213371123
1.09975898233503,0.131987534322973,0.939567092586829,0.206078101582314,0.525261132610687,0.25751117546716,1,0.196047414721839,0.269182001125679,0.588026839842574,0.121268322542829,0.587273884976809,0.12539827700183,0.657719084904749,0.150503125368587,0.505411613596754,0.155143860595215,0.485650766770972,0.179984688425405
1.03645036958473,0.144122651675818,0.826007475408424,0.267888338359752,0.505680463184199,0.333258714356502,1,0.165668176529319,0.327067602527906,0.700395510865505,0.115227368638282,0.470224864460542,0.158825271246391,0.585942108246913,0.165471018377962,0.354734189796293,0.171885231115984,0.734208047500353,0.261981988633139
1.05084243494059,0.182935400181898,1.00198178845533,0.303102750756401,0.157258009574931,0.374638556393061,1,0.0616202567339164,0.378592917061185,0.792855021699039,0.153924801861944,0.649990457886837,0.186040032739397,0.73386200384741,0.193633306839885,0.874031492888167,0.178280213277085,0.33348605674752,0.263230424784738
0.985466472010998,0.150401041410087,0.764620843580593,0.225312161952307,0.0958584380762838,0.320399894977775,1,0.100140454057155,0.361950001167777,0.723274829140382,0.136541669467359,0.540042702892463,0.154272805888363,0.675743586485864,0.139568916281216,0.537757517967791,0.222539018264009,0.691058386761791,0.223989217410985
1.01703958067595,0.138238763192677,0.925528839342821,0.221347271759546,0.170087866699425,0.305410563204762,1,0.299638972779408,0.295826110291536,0.634567571612047,0.127996374854238,0.533327536902201,0.15100199069102,0.646543224242222,0.155536768290419,0.596076383514796,0.190481631485329,1.09664531102369,0.166979298311872
1.35301590592515,0.212835520312875,1.05160400080215,0.285706647795719,-0.063587727506234,0.218893376861369,1,0.29101646912395,0.387085535441533,0.905585944211229,0.152471980606685,0.680330779333014,0.172977886039536,0.629972157140972,0.169945215345653,0.715169087793942,0.19003322185504,1.09670515530132,0.20583182940084
1.07002581493592,0.17906006502355,1.06141475263173,0.319036421678504,0.217711621683224,0.373627188942301,1,-0.305130473245682,0.356055590185837,0.763554085994354,0.121711265652181,0.751889229717988,0.168408564554914,0.676586745750355,0.175878839311535,0.403655253512237,0.248040250986205,0.760845386236334,0.20862693532978
1.23310214934097,0.166497380023114,1.32162796130296,0.399843576386952,0.373374526937662,0.413015051743895,1,-0.021017298144895,0.35327191171555,0.777215680685967,0.13539506494328,0.824606086848595,0.133020957356094,0.442190711283826,0.210294727466528,0.745562950876276,0.20169532642103,0.643391365193749,0.254931765987429
0.865798488544063,0.127372090976862,0.784428522666301,0.183282041695693,0.58866238469025,0.207188703326211,1,-0.146076600256014,0.278573484386972,0.596553072396208,0.125576792440877,0.569649199751049,0.125660221144832,0.762953288919816,0.143704947290183,0.352769731696318,0.205258807247962,0.588093984823911,0.239091002653114
1.0943110538736,0.126890968382425,0.882415660358098,0.20803841766203,0.606111033002912,0.206360461281818,1,0.194146909767498,0.273049648158614,0.681774910037419,0.122855987494191,0.579964227821437,0.119669524710452,0.686473864775944,0.137347396023533,0.742351706111834,0.189904782028849,0.478001649708211,0.236578426204528
1.10244275521268,0.177003056143254,1.06967752938645,0.303976305878679,0.249092090536342,0.357561313466046,1,-0.220062764024765,0.344608589506314,0.884941950366422,0.106911847137038,0.619638131704479,0.183511275004001,0.775377835854173,0.191032492428499,0.515812923894155,0.214664001918597,0.627790453059557,0.201055151937248
1.01887759681749,0.158189927421473,0.951630118611032,0.27149555814765,0.344501808979283,0.409923420663382,1,-0.526087267331141,0.465025522892791,0.669478946366947,0.160547856118753,0.625521109679673,0.142503654008179,0.895293560165266,0.124543119848719,0.670116619589519,0.182626738199452,0.637260305667681,0.201462150979093
1.09467424719685,0.235258403789139,1.90147228500985,0.650950224110184,0.0241512947069965,0.393367109695757,1,0.248568171894736,0.355888019526045,0.745143271897957,0.216573792883983,0.826171154311941,0.192393587576792,0.83751046495513,0.230242299883014,0.470547132647708,0.272290277813051,0.698072099885027,0.285436178966437
1.31921560213106,0.147263461469927,1.07151897973646,0.265971739218068,0.524650370584575,0.32932582277323,1,0.242434654651558,0.29805353507377,0.722780447010518,0.118633841498064,0.659677914444921,0.144838835383622,0.842268874802573,0.133900814977089,0.609448367225214,0.186678101168744,0.864683464849227,0.228295594441239
0.93699038668126,0.117902088285738,0.771252836072846,0.185443172725461,0.394390588982767,0.323014758634003,1,-0.223451388436529,0.28820835877428,0.729312592525315,0.109255288131355,0.702192185304175,0.118960394419437,0.622657559273784,0.145806212647181,0.716154193887617,0.205289309158474,0.351098394126002,0.212982109707499
1.13630025251755,0.131112351699218,0.884954808093898,0.218888569694055,0.427691516413864,0.304623406172703,1,0.155898826484105,0.308370517885286,0.504979048240557,0.129507254803789,0.804218664760401,0.144351150896408,0.67751013123253,0.16395949452039,0.74057906809629,0.146512729615768,0.734221743543468,0.239984427370302
1.09672799114353,0.15344598123919,1.32453530929294,0.385960566863957,0.503239562167722,0.335015894700882,1,-0.0887667728506224,0.339750609890905,0.581604081427617,0.143928969639071,0.75902458845206,0.152564698151243,0.653010996187557,0.141830058782643,0.965448366225142,0.171951821005192,0.956692423484757,0.21737801911229
1.19459380841381,0.131969479676624,0.769288067824628,0.184056161589185,0.619528780543522,0.264432163892695,1,0.377220188846077,0.287894762343258,0.555629601738795,0.134026317338196,0.697278615803043,0.110475169895391,0.854165029861396,0.138603007051117,0.623693111414971,0.196116111188228,0.740959000262515,0.22539134537807
1.00740084076677,0.138535374206472,0.943567917548555,0.233904182358982,0.205180802478661,0.330640412968572,1,-0.0410792323389964,0.313498911699449,0.725953589018481,0.142898175061997,0.687540652027005,0.150278388332306,0.60266215896995,0.169954767727634,0.588806450525918,0.164626865491832,0.810391905295005,0.183491656898724
0.915164990534019,0.125431884337587,0.647276342346547,0.160230050249515,0.727415562718724,0.170342619885194,1,-0.370876691315309,0.323827548567128,0.776255329236104,0.113957496345105,0.573137289349383,0.123405678681358,0.731494714868254,0.148610862079205,0.680300679005908,0.131452262667936,0.373246028195929,0.253321616023657
1.02888501570343,0.157831613038278,1.19469273731741,0.296683405225323,0.186112259699715,0.356422777164056,1,-0.353574035346834,0.294350666839539,0.572377541150769,0.135351298638301,0.806329117415067,0.136007964254723,1.02024695368712,0.159856589200411,0.659375701637435,0.199374535470969,0.517074444553663,0.271425452749559
1.27524619828298,0.196681250858704,1.47938026573468,0.438311319519539,0.102726448836935,0.374284705018544,1,-0.0960499545077866,0.400066520742638,0.746894253635567,0.164101533403921,0.848152541391389,0.13227608640986,0.909934531495357,0.190454855017941,0.882496530166793,0.217255877859175,0.85592784803225,0.237435855328401
1.39028507340235,0.183111901723735,1.57862285648827,0.395973830409902,0.149717912277337,0.322199869036783,1,0.287987830976143,0.310814152695718,0.954421644267094,0.114010103487203,0.762047152833062,0.135931027650401,0.997269385180554,0.164698724337639,0.688233184717344,0.22405099235261,0.712272032176687,0.286610556783991
1.11815761762511,0.11920712274347,0.905234711193132,0.210068369327163,0.66092212021679,0.199322663653649,1,0.119411558958486,0.332879327040208,0.736370197011263,0.131685760926938,0.793346089846298,0.108361223545605,0.860154543016921,0.148913372076493,0.637609202372885,0.289430195389257,0.775434548001029,0.249420140359119
0.854036501481573,0.147737153691239,0.725859659352598,0.22843375594327,0.612211487421612,0.30225762577472,1,-0.399635772305278,0.386058430624966,0.557131402675006,0.165741137000244,0.642139213026327,0.11970287355831,0.63959403052116,0.162535388770039,0.681637893257828,0.183135096817088,0.298077047930589,0.261874430343802
1.15195706541276,0.232630986586779,1.54976728537301,0.540682868088131,-0.150273023573611,0.330370376672296,1,-0.366709012966894,0.462734979895014,1.02905094555564,0.172008179849717,0.703618112608662,0.224139517415175,0.943451553700457,0.18366374679816,0.687320569721922,0.227707262532909,1.01818383186008,0.232262486832272
1.00845145809867,0.143312047237032,0.77184642811473,0.218046989563449,0.416471617769056,0.352694649245731,1,-0.149808948628645,0.369870024382455,0.734082155987835,0.133944141814089,0.713798119104176,0.145494789626594,0.684271870753523,0.131263436452747,0.724875358661306,0.192620508341979,0.280743582176525,0.301220726194718
1.17143339172187,0.205224493308422,1.32930135443332,0.411919559772887,-0.122114971062459,0.299687320261649,1,-0.201555608327545,0.275681003513508,0.945461168052969,0.147750861378206,0.777867872667428,0.174590801605994,0.809826055254652,0.177582905296219,0.946881294931459,0.193408518358365,0.944473346978553,0.225097259532699
1.34809150192919,0.194629847826215,1.34568550529813,0.326530824366571,0.269512659226877,0.461508176985582,1,0.379351259044461,0.381156358524926,0.78700525606398,0.148645894822586,0.916477615802708,0.130997449291796,0.852437115609817,0.176033319294634,0.469053749108576,0.228508876767355,0.599126858141375,0.267933032159022
0.867609003228405,0.159314181613811,0.861853335655938,0.267770153469987,0.474105599359669,0.347570600318374,1,-0.636949511653239,0.336728672677996,0.813740611494766,0.108910176799075,0.694672169098865,0.151160584059744,0.629999494045637,0.224461292906676,0.744086286545511,0.207736598137126,0.357547576838421,0.26581091157002
0.971636963442238,0.133654935604723,0.78989658589898,0.202382929470102,0.531682348624026,0.254224963902019,1,-0.679465749225017,0.358629212454594,0.784447787469775,0.113500016140768,0.642926175075996,0.132990381760267,0.582046938670735,0.145380275593021,0.610244630023002,0.189081107959459,0.360447309284337,0.238614097241967
1.04030892634253,0.180536913164417,0.776744956239456,0.256075403648412,0.0748632148907655,0.424528553854142,1,0.0261885773324492,0.37497920492049,0.89340473294528,0.145408467473602,0.350682114107918,0.176905123572443,0.666363996234222,0.183517937840455,0.539037913251125,0.217930769206803,0.531344790424417,0.248240350117071
1.25051714416169,0.168078194741035,1.17621811002985,0.330201151492045,-0.168615244607856,0.287117695768322,1,-0.564485475682548,0.325683271973489,0.927849166576728,0.144515707852925,0.815697798252144,0.161047937871065,0.883196243179298,0.149347205381281,1.00170809874033,0.210911098741557,0.833967902200667,0.252531640879194
1.11204528150773,0.171818469456844,1.01772473909167,0.286978751116559,-0.0587309326591892,0.316251374193222,1,0.0959463694435823,0.338653172137488,0.681490702426177,0.146522518413072,0.625247870174959,0.157782683934842,0.745456893936763,0.172293758785118,0.810861324553521,0.173937004212141,0.541809609522967,0.24927284453664
0.996151801512232,0.108288356424605,0.543626700604956,0.136496764476628,0.595239890295812,0.186892629428582,1,-0.146939687345736,0.279845047700587,0.668179327077968,0.0998690688676787,0.429888195178583,0.119266039582128,0.592630678068963,0.140312403506339,0.356035047357889,0.172074771773228,0.41387588396016,0.190556271672097
1.04368306677288,0.17750977701843,0.8769293266662,0.28562853934324,0.199972831684311,0.328063274513296,1,-0.331744111460582,0.335821868406353,0.775540673343982,0.180197034224979,0.576867077629256,0.152511436060571,0.480394974967274,0.196481260111931,0.556175534498987,0.193399298704285,0.845482114449623,0.213270574808311
1.32288486454854,0.175380805846351,1.65401003165172,0.471637925817984,0.347024818066444,0.397497885483024,1,0.425993841058646,0.382409427748278,0.681455605291505,0.160563875387793,0.826888479543359,0.144032838063022,1.04325668964328,0.168747126395431,0.923954977895356,0.214762766413087,0.935279898475354,0.20532397720576
1.01269252854419,0.163640113412329,1.06911444292148,0.342081274695928,0.305839542305384,0.441025524695038,1,0.200504051166839,0.325495172897977,0.621000538302848,0.139391698564083,0.758731119122007,0.173023367129265,0.603107781616865,0.218165288100097,0.932240072936906,0.239456723130983,0.440535956287593,0.254413265033554
1.30961775731895,0.186120613410993,1.28259764621913,0.401047684437859,0.386349570462374,0.495065877956053,1,-0.014143505511954,0.4006618216085,0.845259655540125,0.114019807052588,0.977726170876865,0.174271058921102,0.70331520455218,0.171449584188236,0.695261435700499,0.227022615652289,0.652846826474312,0.279675517535266
1.03980258835027,0.193431025491948,1.33804654313194,0.377833870656297,0.0818718058226233,0.351133420893873,1,-0.0145577892916473,0.483225256832518,0.764471789236506,0.174043967392442,0.761682834081962,0.159597421730132,0.665200404339111,0.204797109585547,0.720750374412712,0.189597329314948,0.903662975429361,0.242750851670273
1.16953885387113,0.145661718201963,0.868178849087189,0.240812595663367,0.665010606766706,0.167640999891075,1,0.260544909292628,0.329146387900775,0.66936493055724,0.129983151240496,0.764622079436857,0.129387762625204,0.651008417543941,0.132413721944204,0.567562636831118,0.224820679243236,0.699766258211231,0.228784737506003
1.1454237660361,0.130218148146545,0.904547812230993,0.194965572663752,0.384974842236561,0.254239563456824,1,0.322062363998811,0.299885496397082,0.640518998912171,0.134659388521754,0.535227329515992,0.134555744970829,0.655742473102137,0.114012564188822,0.684124376695523,0.17686449073467,0.729805814823582,0.196971481477534
1.20791247450999,0.167828600540279,1.34605818856184,0.329859188078465,-0.0284478039848772,0.292454777370163,1,0.139735266977713,0.337321494463336,0.64069585142046,0.177332158589772,0.581479327673736,0.139487224480933,0.845674552643278,0.154664755858732,0.783877558722605,0.167807365725476,1.01129372846228,0.237857391718334
1.14618030976365,0.170701492257552,0.821060384072674,0.248766054235418,0.412727575465836,0.4779984921495,1,-0.355596502161005,0.456562053925618,0.859309575538978,0.155177352425609,0.861511576409583,0.145642868160113,0.498429415187781,0.211416738635932,0.819238994534695,0.160352318519154,0.436048884689698,0.27874455940073
1.16681142384737,0.158282426978312,0.854754621713066,0.234653504729689,0.735536300733646,0.151962019430287,1,0.101459702814891,0.395334321050833,0.657064425857483,0.175920220536657,0.762610378513362,0.122815832509038,0.877047856200111,0.147303622665878,0.865654678772079,0.161275216524638,0.561258220350435,0.195577124858612
1.12485919685263,0.182806848069321,0.930745368328426,0.28477156686921,0.0531527159870137,0.340581999214039,1,0.1013437486662,0.357281755972843,0.656050087143807,0.170187565576996,0.584425755496327,0.18085360058597,0.487363884692757,0.161259485854655,0.994213357452851,0.180117909016584,0.444957446329808,0.26054294447385
1.21250153960059,0.195767272706966,1.05053509316419,0.324490637613977,-0.0837579488820524,0.307113707818532,1,0.115479076909995,0.362910446167221,0.65818783296938,0.170132755785513,0.895587768032922,0.159865295058569,0.646224452600182,0.192751175979196,0.655408018376645,0.222779066416843,0.82866577364045,0.195949710339066
1.01919852900288,0.166222796158131,1.13853557815219,0.300065014988971,-0.167368345417204,0.252393659529765,1,-0.194539130817393,0.275067110904202,0.643268697156264,0.15013662440288,0.831848628850834,0.163261190451545,0.69715272086427,0.183340879272573,1.0436628346798,0.166552271480311,0.765348930551438,0.25315912726532
1.1563072984366,0.152478459273609,1.10175271021955,0.296630878518473,0.642660185932122,0.281335213057352,1,0.296001231472488,0.338568579771997,0.509079667698166,0.134130389524156,0.866231611687294,0.130325162978021,0.832642962701659,0.157027034774568,0.901600983796914,0.191795282060065,0.31140875970745,0.215401859352854
0.901917656565694,0.158230524358121,0.937056916440353,0.255821412858174,0.236021160930918,0.353788297402014,1,0.126854668023611,0.318384785359897,0.797996702614834,0.120554466010902,0.539165232656183,0.155906740244612,0.656682719864069,0.166775794768688,0.727550949984652,0.201085277590553,0.471489591863018,0.268291898309589
1.1337980870635,0.168631631838931,0.814093526631824,0.223837002384526,0.459298160928326,0.424148942646824,1,0.265779898688367,0.378239173986097,0.529242768026883,0.132095951468993,0.741297582294721,0.135047615825328,0.630095857115414,0.14404714542355,0.37844843917671,0.184352646307093,0.788655758829197,0.202847595458364
1.10028674833539,0.134564937496008,0.914065114612115,0.238386930786203,0.412998216165507,0.320512325722038,1,0.13099208772861,0.286487856284562,0.528090599680513,0.151805905233716,0.7931444099531,0.135433289988919,0.818450228199516,0.153329075439243,0.394628342392481,0.216886627032348,0.902934697929651,0.190687815315212
1.03389971985633,0.133243295660281,0.666855478467742,0.18403296320777,0.829303723736078,0.0828477173482852,1,-0.163760415069871,0.378822881478091,0.702726952469061,0.134300366177054,0.879213379441036,0.158692752150543,0.400413040116671,0.170788667212928,0.542218306606463,0.180346724543033,0.552362068387343,0.194365236686089
0.948844322824254,0.162031789896744,1.01491248511597,0.28241398853825,0.067166242824055,0.280318794906371,1,-0.229263304699806,0.359262311469213,0.712976709474189,0.155112219274196,0.624011836539528,0.15437713614611,0.752409511893147,0.170460956771135,0.684876693844166,0.205052009031693,0.61198978316737,0.277232449082867
0.875068525747669,0.129504804455724,0.547555320116033,0.159768099873147,0.8089091810672,0.102575648920189,1,-0.214464015900178,0.328300689913853,0.709511163435833,0.140681820681716,0.731772651307937,0.128617523191637,0.350826316747294,0.178579899808574,0.5853537726752,0.177881226706392,0.0419671259459084,0.280711117826658
0.913888815442828,0.11400410152897,0.610085842330176,0.171295866095569,0.415585968926748,0.273338723171484,1,-0.154705237156514,0.298154746979964,0.787971188578341,0.104560113446575,0.654923271609955,0.119832515009349,0.494450499143926,0.19416435157651,0.109502819217388,0.230701007638383,0.812085930818363,0.230675810078272
1.17531580162408,0.145515584148504,1.05652987275065,0.255297635790773,0.383648717340816,0.40168927211588,1,0.088480616242545,0.345471351054098,0.788687019717429,0.124700894965961,0.740152922565437,0.125279357250184,0.670214746454121,0.153192763668039,0.932972916686121,0.171232047065447,0.573261100817798,0.26395050632935
1.25790760651766,0.187633189713233,1.43646127473639,0.407744578188371,0.243201373229705,0.45143584933607,1,0.00162801732415758,0.33426122386656,0.746858504116806,0.173219873779637,1.04306929936379,0.145500826270872,0.418010210211646,0.177784395378279,1.0079994302877,0.16196332715475,0.907470246510179,0.297737513814672
1.04287347234716,0.139061509149535,0.565720179628459,0.152877119370262,0.31751364427497,0.351038744506476,1,0.377190205913205,0.301746526488866,0.544943186241039,0.147814745266603,0.33636430509317,0.190050490640695,0.505937738226771,0.159509246186142,0.822354216602369,0.145408784318945,0.507088999985835,0.218269130840542
0.969473378729097,0.191699347757762,1.62917606075454,0.478647517852848,0.350018626900765,0.43677367350134,1,-0.647461798822753,0.334837815286554,0.897734993197272,0.137109437508165,0.583240269172846,0.17152469734449,0.717514864559434,0.193018633718495,0.921378968066078,0.192601844027595,0.370786413802816,0.313668390717014
1.32179861127964,0.144225484160929,1.28333441173139,0.317197979476223,0.210878706801072,0.288124379744104,1,0.541821367721275,0.271582680612915,0.821354679895128,0.129095255432985,0.791512022614252,0.104735149853678,0.539945801101664,0.173174726064227,0.501074607395407,0.234082487618126,0.809820089519376,0.250326017107057
0.85960584931138,0.152995828360161,0.96534537329652,0.273381556468316,0.359417187599056,0.364336276265846,1,-0.455958986836384,0.28798348638063,0.750777053341613,0.124953514440418,0.734776637464737,0.142207125673121,0.665893279843506,0.188789972189701,0.560194672817649,0.265527146756623,0.779964356532318,0.304886307433346
1.03511092183449,0.131997249498456,0.521833281349302,0.146749240871211,0.57261299710713,0.235764402232606,1,0.188067107543506,0.284211022413922,0.655128441406889,0.138137863457857,0.568523810917541,0.113204156403396,0.608444284133337,0.194393830930835,0.45414124876976,0.181293428839326,0.26537901460487,0.259119440781264
1.1759239106703,0.179353818717806,1.31355165569946,0.407290191526679,0.415384157060396,0.449989401998376,1,0.5649644561324,0.35475463234635,0.742381734680292,0.137110398895776,0.860147615251325,0.149575509169888,0.912916803706081,0.171558983432245,0.777998821601678,0.222829705235303,0.552480651960744,0.242932484307339
1.09682266659103,0.177530506691511,1.32926939168468,0.397021971270972,-0.0818648588866778,0.260599159546343,1,0.260365103670483,0.283083968280926,0.690861959110106,0.142796554012058,0.554575184861756,0.173490306047248,0.886274193390146,0.165056796157563,0.924403731774572,0.208521513326973,0.84537275051191,0.224309897312872
0.879785596494022,0.117096522780175,0.829830129314305,0.180442546837173,0.571431849103375,0.205427345826869,1,-0.50356958308705,0.31475669810155,0.881669513776505,0.117749045426451,0.825339535987042,0.124957990758468,0.513222577062683,0.142566142502057,0.629600658933742,0.200705169661323,0.686622735885332,0.191473273571658
1.21245490094069,0.150967901852386,0.95328903641228,0.234124121705539,0.757342508005591,0.128682085748867,1,0.41956170864545,0.318523590611539,0.730593148797724,0.112274235565492,0.809791200508484,0.138746083166737,0.787822250430124,0.175113379933066,0.607698638625378,0.220905110494727,0.673832783162202,0.238297624115369
1.12303995627845,0.173326244111881,1.17959348080992,0.286626864751697,0.507502355308644,0.415658275086292,1,-0.172683372895703,0.371056807437332,0.91888228255792,0.134179420501912,0.741698892105165,0.166135010025974,0.70690861882526,0.169876022559549,0.661904080665119,0.171855726956268,0.315463903255265,0.19834375775224
1.19430516637685,0.176885849917277,1.11452809607603,0.351769104009085,0.0236241902512823,0.368024658975247,1,-0.114460795166893,0.342999918936073,0.848363976254744,0.164532914619524,0.643682042247387,0.158006452221632,0.592147501235589,0.229398126994265,0.879683324894198,0.179993580471529,0.661359141854746,0.229805830904047
1.52269265759785,0.191974701270682,1.5274695302064,0.416770466289424,0.191136288316655,0.364606970318309,1,0.465775232972772,0.318484202736495,0.672625620315156,0.123629314415424,0.858090862505418,0.126125157142048,1.07112001078781,0.153770415223833,1.34933144558187,0.154980205580856,0.506467822636359,0.327533929568161
1.27757101984132,0.172552148602055,1.39491028156062,0.338877488521067,0.690925248914813,0.213306790569002,1,0.0389973136724919,0.367991075465086,0.785059357517439,0.118745223066562,0.795319991924427,0.163779318208139,0.877202951727696,0.157051594965498,0.641869191409876,0.18927578779411,0.961846882655102,0.184507275470311
0.978746729745802,0.153867465699326,0.89060950218726,0.233514574234693,0.221325063810827,0.277204210237575,1,-0.460597521425009,0.343613565038906,0.726392051363617,0.150733464969348,0.505987006063137,0.147392690714162,0.616397657824499,0.15249165832902,0.413223632436051,0.204764119908329,0.739922762434119,0.245034838842903
1.23334781610282,0.198412679652092,1.30849122784074,0.318682233392028,0.0903881441284512,0.364296994987193,1,-0.0167311740943792,0.323930641095243,0.880932854554317,0.123992787135703,0.84420935685198,0.170964557855782,0.673026930258877,0.149499219844129,0.839752953180831,0.169606172153479,0.901858529819369,0.183347205974436
0.989425134788596,0.130125809130808,0.724085307339568,0.183012032424733,0.70305623272179,0.203469724786889,1,0.0641658640515205,0.394396344274576,0.616555034154623,0.148626278637971,0.524028817058395,0.139902576575381,0.551077606294195,0.164337731213924,0.536104338572004,0.192331047133059,0.869881978759454,0.154722416313499
1.23397058768305,0.167458951324521,1.08307571077841,0.270344311608236,0.634821756266068,0.174870232610846,1,-0.319033873274494,0.421598458514853,0.764352577586199,0.139736985725718,0.974541693606517,0.139904439695287,0.60048154408409,0.166644930308944,0.726535682045676,0.152390080324001,0.71033730353391,0.151788233347508
1.07281462333772,0.143962309970095,1.04499090957325,0.299349832351202,0.22832430357201,0.366451391132819,1,0.33027142993866,0.285424089216255,0.632197295737013,0.128233828168331,0.659617064083639,0.133011943715264,0.8387231144671,0.17708131890522,0.599936061794024,0.213085201103984,0.971931341277697,0.228312498516104
1.020909517657,0.134007584826369,0.821317873685305,0.204599184041488,0.465093537049163,0.288937962471122,1,0.126857857451921,0.36380974862396,0.690866361572804,0.121033915344755,0.495209092457784,0.128310503991036,0.534532697641846,0.173637297565171,0.516418960995363,0.176636322231706,0.783528731591232,0.17177227015206
0.89811590954549,0.117653072065614,0.724337947097137,0.169317948281735,0.651515333392936,0.167554495816137,1,-0.457040508393217,0.294027268800257,0.757820811910815,0.108384623959091,0.68657246770251,0.115754139853258,0.643150398547295,0.143862460809051,0.647049527412438,0.233944311185328,0.727015866888125,0.192855101671177
1.00646389203162,0.146022692030322,0.763140326990804,0.222454473982734,0.739199138934679,0.235924042475575,1,0.625976651557107,0.389803516532564,0.374399262768588,0.193401183612232,0.608212135093167,0.124874884768863,0.719836681058614,0.155873713969247,0.412313868146033,0.200321004504822,0.727000725219597,0.229863916370475
1.15194819054994,0.171460515524618,1.36504414149998,0.341650437697652,0.243418609898089,0.318618633692389,1,-0.25137368216545,0.388746793629223,0.70332929941941,0.15990401166519,0.731681538701035,0.142226735261133,0.716076118377816,0.159892981411391,0.497047107020533,0.18045286375807,0.726964127475913,0.169111423138855
1.60200909110168,0.215166450598443,1.43754275295071,0.388581260799514,-0.137821961536856,0.253397107202626,1,0.576415056727789,0.42626044098872,0.726050699676046,0.162994709996796,0.968775451656917,0.147292941643824,0.807448471057442,0.158612549992805,0.941636345735951,0.197614214381267,0.989642528444519,0.194877312868769
1.16073255142334,0.142747494588809,0.780543714678828,0.202946729578282,0.744673261345541,0.155621777424299,1,-0.0835394149960225,0.384648804890188,0.939473718249532,0.166865668402326,0.706989653881039,0.110341900931436,0.456295838742494,0.180498987990056,0.67122419072767,0.143001243230577,0.496271906688025,0.247698537716168
1.38461329596775,0.218672652355174,1.37158435850274,0.426211125408355,0.379953608913359,0.372808059730814,1,0.403872328521826,0.359415042954795,0.631952391910458,0.14238066250831,0.690143171724425,0.161428307605452,0.763185801694685,0.197774272302071,0.917728807161347,0.200626803243484,0.497069090013478,0.283001726083728
1.38364310029988,0.229229214341397,1.36249486535371,0.469173320782764,-0.152875363123782,0.305302666148598,1,0.338747320704099,0.298825746059859,0.551857293811338,0.180895763836144,1.07473743123705,0.168260588047428,0.751088671142891,0.194263415519026,0.967949974289684,0.20109842823232,0.484342739298932,0.262974349819996
1.07452213108221,0.138788238559483,0.743851597044989,0.210709799313698,0.40175876936022,0.316321290593502,1,0.0462582255203237,0.323432986605606,0.677982557424828,0.12068600372989,0.416358711524368,0.192146594970688,0.637481313494247,0.173276312681584,0.715531352571427,0.161683221783363,0.608588015655872,0.236398813860131
1.140004820902,0.168121059300365,0.931639014670499,0.31398556580628,-0.0412240765477286,0.311112481943452,1,0.379331291818112,0.282014801573201,0.704238878732994,0.155537332480875,0.746137839602518,0.167792810442502,0.583888224513341,0.233601991735394,0.729707229027633,0.268286525192545,0.875322150485865,0.284527355002171
1.10813000141659,0.181885224247386,1.0130139623353,0.292132395334646,-0.327286634429359,0.224687584886942,1,0.1691517404767,0.317987322790098,0.633649764191393,0.160700150112351,0.643008553406831,0.175865554281729,0.749899990675455,0.148239447903132,0.946066718741525,0.188325040233105,1.06783367451062,0.206289219537164
1.16093159474055,0.173565603124484,1.34504731152463,0.415446519631602,-0.237885988546153,0.222100996073578,1,-0.374745976128796,0.405413413797948,0.884556831665535,0.172763043649383,0.956032116861131,0.149407308124514,0.872842963232277,0.193265045251287,0.656751356658107,0.232390097112919,0.815267661633974,0.215069965948371
1.01379499677577,0.138702516082229,0.837272981287297,0.196573635925592,0.0896253780106026,0.313191470325403,1,-0.237092835369769,0.271686407907259,0.651119833306441,0.113900920974544,0.672181348883635,0.157256348921376,0.595335729942753,0.157460542098595,0.762456852072511,0.183808922939535,0.386832126499311,0.20905086626787
1.45905963273094,0.245346327906807,1.48113359625852,0.508572962497236,-0.0718877556307125,0.282767263368722,1,0.321384320255052,0.317835938425232,0.791964240542186,0.176368796027284,0.75955176990249,0.170177236169077,0.797563734247154,0.165240245960206,0.680704887365567,0.21806701364951,0.86978472536512,0.268463062376706
1.33218815229609,0.189413032388565,1.1866197130941,0.334230832421167,-0.139468457340807,0.247625248238451,1,-0.0644842459665948,0.391496776961113,0.898769308145224,0.144332540434901,0.6444262584096,0.14978584219738,0.821294256041561,0.174522006268189,0.845588436924055,0.212474513612252,0.758784284092714,0.228317791449216
1.18704999238361,0.158831378227204,1.06766515900717,0.273554356136218,0.549349848824734,0.272714040133658,1,-0.0442361575812538,0.333543494193114,0.881762097334647,0.102747801674507,0.742521055733577,0.115980006936128,0.55771330332716,0.168494038970384,1.02669405276104,0.158907009512972,0.575370082798547,0.32288195260661
1.02414760556664,0.155652353267294,0.935550386109443,0.270784393038988,0.314483810678201,0.310539726377465,1,0.337081246167516,0.31209428174783,0.635631371973004,0.170253410404409,0.572395884367913,0.178332981832908,0.884624234564204,0.151120904499448,0.7759082477839,0.216228411628205,0.354000830255023,0.265918717494388
1.38690940243251,0.196815495512429,1.07700439222063,0.296400741899201,0.812842234742153,0.134128283306998,1,-0.260663237844397,0.520818306932209,1.02630263909349,0.191847593014336,0.904639699678547,0.105242808634784,0.881682892644671,0.146760369970127,0.928323500842763,0.232037902957171,0.943028940942652,0.219913820709919
1.10873962094891,0.168237899801728,1.04480254587984,0.298258702582134,-0.0747103532378878,0.279404997889877,1,0.171251758498788,0.317835785132369,0.75888546133997,0.144808145730618,0.835162579406899,0.152112146577283,0.812843581897942,0.178574754732317,0.650811266971684,0.189698249555461,0.653178852631029,0.211024044297516
1.18222516646835,0.138589458012887,0.721143189671915,0.19469726197534,0.500442182117268,0.319358623092268,1,0.369555806785046,0.340907687199146,0.660711173279193,0.151981717631075,0.551375829223846,0.139099319728047,0.681741275659168,0.11898976802982,0.599993276509676,0.2197108947725,0.502575793284909,0.24840581341304
1.23855715641236,0.166515834947131,1.10519828824493,0.256734724638983,0.527478700930339,0.291294126009085,1,-0.0701376407490826,0.350630515829715,0.756643583136769,0.137431228574682,0.749381457609725,0.126027034408646,0.765647522239856,0.159421573668539,0.653668155076132,0.156999578051478,0.7689698890933,0.214725735901812
1.03676010751765,0.154405996399009,0.879964779997963,0.237008073136189,0.359789706103923,0.356450062996656,1,-0.147571512905635,0.349594711872636,0.909592588306216,0.116555604530971,0.806729186386104,0.125843754073768,0.414894646818903,0.210160469726794,0.641541107181677,0.16832964288665,0.485006785839028,0.264993725306125
0.971343643704899,0.119882306528863,0.749630806742451,0.18728234051639,0.729895174705595,0.190561286872541,1,0.538573546376749,0.322659123932394,0.645345637826628,0.144362607509358,0.612698646232428,0.125143466662135,0.621908617344242,0.144269530600979,0.435867210976428,0.149680438115545,0.720648293806979,0.275544068186526
1.27789964687413,0.178889461992075,1.23102485498534,0.366191918021887,-0.198777014291232,0.220279715523024,1,-0.486183054294398,0.349672451627863,1.01244721330524,0.144224135906549,0.580098400580909,0.173349940037442,0.891541772009977,0.163681282598368,0.940187496855688,0.159290982200884,0.616557319524496,0.255441216392406
1.1419514962176,0.150480034435817,0.959295544219533,0.264668190628853,0.524320157714561,0.251310987689667,1,0.277982123687618,0.291153044368984,0.676330118873151,0.157277635265234,0.62420319515522,0.158858237913085,0.678027194507483,0.13559023692789,0.749116392443226,0.167730074896994,0.674766547094374,0.161923409506875
1.37601966258118,0.181107431351907,1.11866630541829,0.276344544997455,0.0565763314363709,0.323455036979098,1,0.134666827347939,0.274849828752695,0.753581023482012,0.130056350223572,0.916728855308708,0.135201842531256,0.693681612115959,0.157483723623946,0.902033737965177,0.141806565667353,0.259753718669038,0.283699100837949
1.174878757751,0.146603041601468,1.00230089156006,0.25306191402322,0.0672352506158575,0.2928164292353,1,-0.143690097038116,0.324926751233133,0.89759049240244,0.131641822791503,0.744974819620015,0.141549648235398,0.640605516290799,0.161121202272249,0.651093018304524,0.174846129973704,0.617036792429634,0.224056621732263
1.27610498999611,0.173551689110589,1.27966042308282,0.343753156438678,0.424632129843402,0.345259115787143,1,0.171883934926534,0.345724023262598,0.730132991453274,0.135242244716527,0.721867576008123,0.146292813862851,0.697218166191702,0.166348592507801,0.546864321712867,0.171143601739208,0.69271206055318,0.177961693760556
1.12361225316647,0.17609715321881,1.10071070338632,0.347323895390203,0.162911013846706,0.421615646463811,1,0.293493640602626,0.399762996692229,0.647314695174168,0.173840913704903,0.702601464658389,0.168688260955007,0.52424870293702,0.205447886306778,0.694287894167723,0.234662208746675,0.825486861779407,0.262319037153588
1.33651844597701,0.169980771251195,0.811018465162436,0.214200134209716,0.52137678757237,0.379984974154832,1,0.0489828834923432,0.366349910038522,0.895085009648144,0.127484098376654,0.681704554752232,0.139108604444993,0.489197251768288,0.175558931937726,0.695998808044518,0.155906787089104,0.819258765451313,0.183756004557314
1.18000496382671,0.175585701949883,1.06242273359956,0.308058018392861,0.418500851480415,0.368266958095467,1,0.298497538516774,0.287943937740308,0.785085860728271,0.10279166771017,0.522121194432524,0.184258998506503,0.780826995024669,0.177204523436567,0.73855012400559,0.162623838878548,0.885843978844789,0.238507094151546
1.15899351314606,0.148339804206523,0.998283871148905,0.292770985905435,0.274685653427798,0.367635823739045,1,0.169042224906009,0.356309487342754,0.796453983315369,0.137668334633782,0.874697209699428,0.149233392064278,0.654928819033704,0.182733172935627,0.730730358730509,0.177270552787333,0.873516603277015,0.226903127762661
1.19398228056294,0.181845821950567,0.989495748767333,0.271630488854607,0.345516611909188,0.389227698141922,1,0.485958042855364,0.39560108276556,0.587327198579658,0.171573315189591,0.747950886652791,0.171219358205616,0.625122688629603,0.145744556262235,0.701889310373315,0.151333419264194,0.94512107167412,0.190275905681044
1.21268189150606,0.215186475687677,1.35685454242029,0.428714147916839,-0.191751737543222,0.252564322402744,1,-0.298882909022139,0.300575553751929,0.879623886612936,0.146351680604049,0.77481610318774,0.173901984689147,1.01732585564842,0.187845509440583,0.657084326507407,0.226076754942115,0.843596391060893,0.263133104428976
0.975336715467891,0.128009043041478,0.742613367072727,0.181750730289519,0.769530187544318,0.12954806468176,1,-0.230544987166526,0.378124763401546,0.710430492158977,0.154538465250857,0.789607789189264,0.0939879642416437,0.338306890990496,0.141911311773175,0.221247443339843,0.203408243394479,0.769695232455016,0.164097624449385
1.30465435138862,0.195627887540957,1.29332083748552,0.397328334180208,0.056363574728094,0.353367320329108,1,0.280272146782333,0.305642943501105,0.760855695108881,0.133433158734417,0.818409783952338,0.168034128588946,0.729079123210071,0.184650805912263,0.609224941956349,0.217913759313958,1.04540037338758,0.205230527179538
1.2449684662679,0.174322230529514,1.09208744154011,0.294579116678039,-0.0211069540693055,0.333623637746447,1,0.0046132166250726,0.353344970070471,0.765502504966698,0.152713918049338,0.703083210086003,0.163445103467015,0.727792192420882,0.146973917750618,0.797808454205382,0.162651798495477,0.681107482915787,0.19143623788895
1.1925545394905,0.162440360536273,1.07621477381621,0.31454871124394,0.307691991237968,0.372259715831355,1,0.213859046179654,0.310466418401674,0.529058691785361,0.128657835891042,0.871750575281468,0.114871282474902,0.826673413410038,0.142522768157466,0.735484873626411,0.208837919447903,0.889389112393143,0.212373812108118
1.25849600055604,0.169803802243436,0.983496771761283,0.292725112569682,0.353485397020839,0.408137408931252,1,0.15111676812206,0.356521212245293,0.76180342959112,0.140990462398282,0.873661763665966,0.125670502198159,0.51759489739249,0.194836974062201,0.745553254580334,0.222680995941538,0.882963070843614,0.239067751198271
0.791086565940708,0.155132985335654,1.02693910025642,0.293765065158052,0.482969527851747,0.330355040458778,1,-0.490733784872073,0.384419464878451,0.716328599085584,0.174496363455363,0.659577287445948,0.122045148611928,0.670028761228447,0.180517828212495,0.424318683409096,0.211567368764622,0.761262362656407,0.229217777021657
1.04144565688448,0.17518699396184,0.99715213685901,0.296256981998754,0.0991996315695209,0.35440025323544,1,-0.168636065082681,0.32638262996474,0.749517046206508,0.133038335119209,0.732987269791572,0.15884055397828,0.944484221575469,0.174004739057489,0.815204441097899,0.235181076959907,0.686644405123797,0.25834394289816
0.970720931283486,0.165813252770538,1.26829495514512,0.346360384780196,0.373235910658287,0.472043940367984,1,-0.227199291781295,0.350955802219547,0.742640963430467,0.121204666113208,0.728148876657803,0.148987919739487,0.742568238497651,0.155849012390748,0.767003291115133,0.179994445365147,0.733936321780513,0.274866647009373
0.920935740376011,0.183036581980314,1.1870719515049,0.398147345250028,-0.0922798230499545,0.325104483127995,1,-0.0681636832811241,0.347589994609227,0.622445905869889,0.176657455290622,0.826472933471603,0.181930472354546,0.739466781470637,0.19054354547829,0.841812699946622,0.271904787791378,0.560080090804968,0.372097525210521
0.971419770351854,0.13221280020596,0.621438349345738,0.172035575247798,0.764384699027413,0.130565447506761,1,-0.310830665625185,0.38089252462064,0.707754781521317,0.139357119032516,0.760556407677668,0.135601051863179,0.701798947198861,0.111414156034133,0.408627940626339,0.261632898642149,0.58013713978886,0.237379124476487
1.17333196019883,0.17186877738223,0.981117916516692,0.240957851572097,0.800740157040257,0.0979250676971226,1,-0.406917777078666,0.454332774433046,0.968923562214848,0.166188019080917,0.695754007010612,0.143286671272114,0.75858306458459,0.125163713879744,0.594029059977416,0.194451103644156,0.694946570091955,0.141901461099051
1.21893177326674,0.150691755403068,0.970341882146772,0.269942750581684,0.46594419727116,0.362064286368589,1,0.511178987451618,0.297791892167836,0.845691509292209,0.115402493757756,0.532385441395038,0.142647544972964,0.672157825413727,0.166898891728977,0.693393921986132,0.172280680442045,0.704947809335409,0.220292817500165
0.896317006922822,0.130645905476251,0.710960128886738,0.173993537866557,0.537668175573283,0.277499074067497,1,-0.147413126693222,0.392314548631183,0.719338351366648,0.141648980121012,0.510740020932905,0.110385224983189,0.749900049865337,0.156910796847011,0.395646122103777,0.225997766428304,0.386125577919638,0.250769594434231
1.24637196877296,0.176732224326701,0.845200091370548,0.244185553480336,0.193874843807455,0.354912926479683,1,0.117627570106906,0.269115744117303,0.628698748821464,0.174720411829876,0.671620963974121,0.143811098682518,0.634011996768919,0.154751688083451,0.61937932829637,0.190685316922388,0.782486134762314,0.198838331957169
1.12565407663302,0.166112198968852,1.17094461511407,0.322747778135453,0.174229745484396,0.365928922109202,1,-0.501964731534477,0.324709201304912,0.627120400576908,0.155420052246915,0.775957894805714,0.154937480620242,0.672516113810827,0.177437375157557,0.657065514864228,0.187371602429496,0.982372382333626,0.168400218982674
1.49237378184039,0.217829079244118,1.65151549669136,0.439579881882032,0.112099628179268,0.347487042872387,1,0.0605799366278329,0.40977824699884,0.883295708149957,0.164435143159292,0.720270256940675,0.17299364034508,0.891158014956135,0.13291441554955,1.01274999111906,0.143059555721711,0.828762115951797,0.226818635805687
0.898506725402186,0.124040691408643,0.926590014011208,0.214321883390762,0.632343468437036,0.168232089342724,1,-0.40307325837264,0.307262315285898,0.797881320241542,0.130990799489227,0.702835537928369,0.106091921366518,0.460204464193093,0.181269921449415,0.662566202591577,0.151895437864902,0.760394944357262,0.176503488052103
1.36714716435097,0.211554254355826,1.38853442684952,0.397739057104657,0.0591193539692754,0.413768657435686,1,0.220345598913461,0.428883245770082,0.693468815078108,0.152092929727477,0.792911595898672,0.14035062150288,0.874065475970713,0.197461395035596,0.580196630866532,0.205140357008527,0.687972033866255,0.231536553224279
1.67385116638222,0.279596423404173,1.22954866967182,0.445341008416657,-0.137628064305449,0.323104364201066,1,-0.027262242088042,0.318038347387716,1.02964717998513,0.164225500858194,0.837835867440347,0.179312414805713,0.849182693127011,0.219518071231163,0.847624314560255,0.192045907332092,0.81281158080824,0.239512643949804
0.952074332941398,0.155579485737199,0.974434198890104,0.240791514475009,0.384615756988245,0.345227950857621,1,-0.558582526767318,0.354978595139805,0.753131754325562,0.119252591663668,0.734793652497137,0.135780645443983,0.828995897670673,0.162351879944538,0.520616643098745,0.190087781253037,0.723158960619495,0.209509279893981
1.01227747556806,0.18798868923176,1.02392110266582,0.345617799320401,0.0425787801360915,0.348296921397749,1,0.146519623849784,0.287267976387616,0.636781465221877,0.137354194457477,0.864670011281385,0.165429351685786,0.795332025924228,0.202915336490709,0.965338121002966,0.182117357573795,0.77874142737651,0.268455219417991
1.08952951409608,0.195356213840249,1.05423956984165,0.344121068777463,-0.0666822221816872,0.301494292571452,1,-0.486868614059256,0.304654672400896,0.753703021234182,0.155519381252261,0.708269379438865,0.183176436582666,0.738167907941097,0.165022611454631,0.719358115689932,0.192123024630788,0.742503570041457,0.23592313400503
1.00544747843236,0.120041581604279,0.628703188982402,0.15418850323204,0.599997652143451,0.211569529973061,1,0.631589848165852,0.334557732932343,0.59420714895465,0.125152163177604,0.574239225151896,0.126788387220898,0.618782432299772,0.165792824941179,0.365318942184137,0.171929928051988,0.654358679058305,0.168300328631337
1.00613656096108,0.159261827582117,1.01318265644792,0.276777410522234,0.31060661825762,0.340719326984763,1,0.0989523928783462,0.279234158510705,0.710462032257385,0.118467884829589,0.817665040137113,0.127996260592099,0.705141963898202,0.184032883180571,0.436139028409274,0.219043604492329,0.900332321503251,0.234235143517656
0.973378199307212,0.152190423623137,1.16383825276393,0.290724625612897,0.190085498016902,0.394465409821254,1,-0.0378170379874607,0.371968141973641,0.830207159432382,0.132419523857059,0.699500053025546,0.162787327999564,0.847690205184817,0.186795373541285,0.760523883902101,0.19090671522688,0.772366168421568,0.192653307602009
1.06037295501274,0.163777614694721,1.21164594491555,0.418196516417063,0.0931900002345667,0.357900934655971,1,0.164570451460799,0.303033625458031,0.783149695229167,0.147033681312367,0.852227931070618,0.174801075081216,0.430406232124442,0.192374116471234,0.591285126756057,0.216675048063031,0.847844278828678,0.24573835494521
1.08554738428634,0.162755905675158,0.814664650408878,0.233254266676796,0.235723896996099,0.439438599838846,1,0.0243345443503888,0.349185383153897,0.751928880954731,0.138951140476816,0.548963103032294,0.167533093189092,0.550620141481905,0.148563081669447,0.72344822129485,0.234871563125451,0.773880370927698,0.209154498922866
0.91894873325878,0.181551607434128,1.30544568669085,0.409206578611572,0.0325283655008239,0.337706359830774,1,0.294204280994992,0.318609287158361,0.50466908907116,0.203163229247368,0.56614575417163,0.202491911754695,0.77095426844074,0.161315053190457,0.672533517630376,0.221197395887693,0.911001135878502,0.189673598965129
0.938373170176411,0.136891861512776,0.877373731992427,0.255313225099133,0.737853652371678,0.172671232382942,1,0.232130717884241,0.332045496744259,0.594611210741816,0.155908986895582,0.76833000878081,0.138511351369335,0.53492308108135,0.145600274889921,0.748109398232008,0.208425685450434,-0.0104833650163926,0.282672940269425
1.07707106222653,0.144875707164011,0.635056601175582,0.15760280447805,0.702309426928399,0.187721451217488,1,0.200773058891888,0.392424994691276,0.599570729528068,0.146156446301842,0.590902233405278,0.152201401380758,0.766681177627557,0.139712030837065,0.545670425122547,0.18167681673473,0.459675069432894,0.207131419985176
1.36652058567163,0.165098987177962,1.01881785734316,0.282965557737224,0.475808390908567,0.374298802585622,1,0.619385421651006,0.317646204916475,0.717759671545468,0.146498645294881,0.747717573576043,0.136596191676121,0.623709290789769,0.151720312599199,0.834537605625881,0.195933796440313,0.682450841489566,0.204826848452464
0.956337835233715,0.138421503397408,0.780579491565326,0.184153383760241,0.473605007390719,0.27043238642546,1,-0.368762384934445,0.339250100755388,0.836465845724821,0.144447725901933,0.606626344617574,0.143870617345436,0.579931006075409,0.152668144856613,0.763947719537694,0.144432772232124,0.890550816994937,0.193474729239415
1.45012742105516,0.19852186708656,1.13406712792334,0.331559541326445,0.251702460349441,0.377433300650587,1,0.994578305120917,0.380770987706917,0.690894906861913,0.15133779879075,0.710354975453188,0.163981219937043,1.04830482787763,0.14023763862141,0.787041380457039,0.197445727084608,0.656674549830823,0.228891479246206
1.42513790550567,0.265512729873382,2.48241375412568,0.783435250640663,-0.17082687244915,0.330550076224694,1,0.228598169399942,0.309233569311357,0.939039787656503,0.171420411463143,1.00632589383357,0.208888382786193,0.820189246368685,0.196692232912474,1.0239520602008,0.196609395102599,0.943777561418612,0.232583397037297
1.22806960826046,0.210695896642506,1.33225537149606,0.419178202377149,-0.164336367806893,0.300563221622636,1,0.0972474552100775,0.35472186343406,0.796267809889397,0.18575695368524,0.789255674814,0.169037422609124,0.711505826449768,0.197283109569284,0.870965145899282,0.19692795422797,0.855883616347822,0.205200791006243
1.11098278325838,0.164379472277651,1.1842529829248,0.306134799278086,0.460958014268038,0.380034381441518,1,0.0383644518869515,0.377276829281063,0.733212125768931,0.123996205743113,0.878467458174821,0.127601738719241,0.633394528338366,0.161631899788542,0.906777274343338,0.160127969748456,0.250994108447,0.286460834780258
1.07676033995711,0.150637738346114,0.865435788823357,0.222453859083204,0.584404898548872,0.298743593158401,1,0.0911635527665892,0.341194564002842,0.633924449638126,0.121502792379516,0.583502736885336,0.153882687262311,0.414035736533318,0.157302299308407,0.791745305452461,0.156805976239074,0.699328056235308,0.226773671224387
1.15458355147225,0.187583923895982,1.20068775651385,0.366890261488159,0.0205329063122683,0.323874878107573,1,0.185584399210322,0.382696143772048,0.850095854175856,0.146741482322981,0.582931335443463,0.189329216456609,0.689668611866073,0.187538906217489,0.553625369174544,0.189005241019197,0.933706797040529,0.260816202790294
1.12373902414161,0.124404244545768,0.897520706847557,0.203552992289003,0.51369435747421,0.325720763780793,1,-0.28355016603185,0.306754071682992,0.797481546237089,0.118896417500164,0.372249601656331,0.179530129430572,0.93280910797298,0.117120912274071,0.715312929633521,0.175168321456525,0.493616505479931,0.205880361775496
0.986403225029034,0.142481386397071,1.34722286971085,0.329608981361931,0.487383319537231,0.384562347143346,1,-0.220866917515692,0.388213904082854,0.701777669092207,0.128678594427257,0.801207430267226,0.138223518846061,0.692531867208435,0.18455023174602,0.551236524520624,0.199445845001374,0.624746761885392,0.191679534732391
1.24547824978602,0.137360284000588,0.71825196357799,0.169017812970935,0.406501860468741,0.342992625609145,1,0.542659956998403,0.328418586666451,0.631488549106205,0.13781263909622,0.823814977143086,0.131815807770626,0.534022499868484,0.141726589981886,0.798881046762102,0.144571948792252,0.44633876552058,0.186344347736048
1.26398360160484,0.188924158017696,1.08373940449291,0.309351838199908,0.0791120699783796,0.371616611313089,1,0.454378094232569,0.309383315230966,0.828891467201979,0.152780879937797,0.642861640029627,0.15968522242735,0.657670389449552,0.174150085814557,0.667131472800703,0.193316497410754,0.57200895124761,0.248388846333671
1.03538770954057,0.116238850771538,0.643317468169865,0.173258614256503,0.450947801270531,0.329972239364292,1,0.331920983240168,0.256445697445895,0.503905117320689,0.127137963663952,0.871410889763254,0.116259787828442,0.438171395859652,0.17029189548926,0.584036785049931,0.227214857734933,0.571184801675102,0.227430223048121
1.1848528988263,0.188338013659233,0.873277549946525,0.265501183796301,0.313458593735366,0.459848749276411,1,0.248683718533872,0.405041803629157,0.456394981807623,0.181838968941252,0.814071502330326,0.143175990262146,0.771706217058483,0.211396273810081,0.893107801153722,0.179195970208037,0.471832578224189,0.247844719988259
1.00684599151101,0.131056768639486,0.863419181055975,0.191266830125994,0.120446409692578,0.285738343622691,1,-0.201048753210876,0.322543236022386,0.696489831462346,0.116791428094873,0.714135172566182,0.131485471886472,0.66655390920233,0.159486215864573,0.689454386388998,0.214317606895126,0.353378448327696,0.197393078937023
1.02503883058207,0.181432269576342,1.69233840697268,0.505063548449967,-0.0859688026507683,0.310648678731207,1,-0.740137774960817,0.389995969144883,0.844822716923524,0.143948747321017,0.947966352632961,0.162442233956488,0.949393490779495,0.173038947174532,0.712267743499477,0.203702342114259,0.881172437119395,0.348081609903754
1.34151389948541,0.189081460812064,1.02871620030753,0.306056846679392,0.498941429881791,0.410054952007898,1,-0.0930225049902261,0.409030448535551,0.774002031878333,0.13822166618639,0.831506096510682,0.153941585802258,0.846694875485813,0.162306367565394,0.762411386712394,0.188057160601642,0.926112496758993,0.266517338805707
0.91825619663313,0.123374468097872,0.849384655875632,0.21749262625541,0.638494626016188,0.232295566920403,1,-0.196141208383173,0.320840597340655,0.82082644678083,0.116986741771191,0.671232776687507,0.156987138608583,0.411226264735155,0.153808058208017,0.574525309661258,0.171668728666058,0.49539110570729,0.202045494523543
0.919912538791701,0.143039262424666,0.872823185185661,0.241111295330384,0.389037599332199,0.482515499450947,1,-0.0892545967453223,0.416753039625956,0.770966427939385,0.144821261093049,0.424519116041945,0.163852832913251,0.562049063598915,0.176043072180637,0.546924011112921,0.159806145048354,0.566954445472175,0.186630437048631
1.42036678787436,0.188518439768291,1.05975540166862,0.285669473309355,0.241411144493507,0.416993199773579,1,0.574344140424607,0.36966153770658,0.890936066031403,0.1266671843784,0.675046931820903,0.153397601708605,0.885029196649973,0.169185542919087,0.536150902298942,0.190075986057195,0.918043228415665,0.167130152968697
1.06364504608688,0.138044132531379,0.72394818529339,0.190003848047799,0.559417275742384,0.261268344421338,1,0.315473809387716,0.29730919238401,0.564237596848676,0.163781190604087,0.663628837282062,0.114908660893615,0.34059284394755,0.15114905512626,0.69328697220895,0.15783505625262,0.305240799162872,0.227579576162101
1.09272316158338,0.153048412081096,0.996732438755881,0.27387457805933,0.755658705243322,0.170667285684583,1,-0.149554549746157,0.388616905820764,0.929243379012355,0.132524415334762,0.743870107204025,0.117976876319791,0.575561385724881,0.162194429402012,0.607494848273172,0.201080356023764,1.07498952110844,0.184313502485386
0.942781024362772,0.150558601754694,1.14231828321415,0.310290151183956,0.0657565958424948,0.349946020122958,1,-0.275885315270119,0.312699079797545,0.664827102684099,0.141544056423194,0.702971762830717,0.135775254135847,0.50831392927471,0.178450655107706,0.823453412877146,0.161388181866587,0.66429198882966,0.241734683253675
1.15078948245069,0.160770788955024,0.762614032623313,0.235735469684449,0.683636929649981,0.177733370367686,1,0.0581123802462362,0.30442474794501,0.641150647850424,0.151142692578051,0.846601849155741,0.16182341107538,0.659767163096134,0.153639290412503,0.76022343371185,0.174796859337406,0.386218277239801,0.284374861634014
1.07459863841091,0.199221311122383,1.27017400320056,0.399904064251963,-0.0209558778377845,0.442697367948378,1,-0.0465591187617266,0.395190482573225,0.71945032783458,0.167879547503547,1.00573020341072,0.163201769254031,0.646522678608936,0.191769151021739,0.965772728601916,0.22764125542729,0.751765251429258,0.262949934546364
1.1652561677903,0.160657250405025,1.09682901354015,0.280741101729227,-0.222920569119771,0.220508874527522,1,-0.156411885411332,0.391441357030259,0.890336580537266,0.167031582808932,0.581171814652863,0.129067231400955,0.666744236622395,0.177043485713661,0.844910260877719,0.198171532318879,0.963035959008425,0.200105236743278
1.11717236833285,0.173099307087567,1.00541043258598,0.2842412536134,-0.0710664698539248,0.261253705242055,1,0.0314074743284961,0.31678419636985,0.684257736131085,0.153501566604618,0.690352902964442,0.156920956149053,0.703303971897198,0.205369970710513,0.489826578595388,0.191257944891836,0.650545521516151,0.183269821376307
1.08340304005579,0.191571484472699,1.53399486014695,0.408109916674171,0.0701852849443771,0.392547980096773,1,-0.323721708491682,0.377356782333948,0.78400122952461,0.139224209992561,0.861359492268946,0.13020865870206,0.664138497305706,0.183580119926775,0.947876393732048,0.183651839437175,0.598044750469991,0.247509264231288
0.982280666924304,0.136233158823363,0.734209959289587,0.184227981753878,0.571910245586066,0.261143871552022,1,0.247640995905665,0.34330651873646,0.618995724047478,0.1164919537832,0.462612680204978,0.132649066609375,0.735345893956566,0.134657316979118,0.683539249822721,0.162546387463687,0.321045187353909,0.30682019701564
1.03391374790741,0.138442474587113,0.709137003466591,0.182551854129971,0.449301395777877,0.316422912674923,1,0.124105888377377,0.27520356241724,0.424967262099319,0.117581160290282,0.546592865784382,0.133268318782148,0.673070012806137,0.136440127779302,0.604549611037962,0.206196403403628,0.584998424965825,0.188630373733659
0.993954339831055,0.155385034342979,1.01355876283716,0.286276296893005,0.479454025022196,0.338577351698637,1,-0.216550066186224,0.313862656848315,0.722643758996591,0.125394915306391,0.572880598534958,0.160924950561935,0.581020633283072,0.160181954835844,0.648431819372151,0.194728718029073,0.584166173816226,0.227584868992386
1.11819403777001,0.15311563218336,0.966123619146642,0.283579149608178,0.313734055331486,0.416371724901773,1,0.0459952963429755,0.307642611465161,0.74324452802577,0.134097291967004,0.787205103870545,0.161222487240519,0.563103893596766,0.171032323248976,0.720221235921419,0.234632260675943,0.672773867097078,0.252179245309404
1.04116234076505,0.134695474019623,0.937002205713445,0.242833164394764,0.505761623045936,0.31825824885492,1,0.0788750787008858,0.329515014049396,0.627227700912726,0.121019563510781,0.614808631528324,0.144821062628259,0.72516322706629,0.172238209534548,0.729308611376079,0.218907479200966,0.459717880591385,0.219495042801722
1.02414246545969,0.136236695031181,0.859288742612734,0.246116449848812,0.588938580290531,0.337172785400943,1,-0.0392640279247595,0.409279394266779,0.828434629007714,0.169467030107212,0.60071670634167,0.138254310310071,0.595188389256991,0.183133402559918,0.792725075734171,0.185197351154928,0.623066569078008,0.210715997318581
0.932593145204019,0.156142058866225,1.06530237874986,0.285454815071805,0.11804144656497,0.28890399556897,1,-0.218114811070476,0.338589222746045,0.566442600804747,0.142667424326914,0.705462587361778,0.124473516533462,0.560025587092898,0.22181020968832,0.921876048609046,0.20101439072371,0.575504372920966,0.213379301747253
1.31957440141502,0.20360022428407,1.5632311873819,0.459881128501201,-0.110656832628166,0.282312430971107,1,-0.0359511754139523,0.334913321312681,0.852155105564198,0.180249949976409,0.874620633658721,0.148841684333883,0.707608469045127,0.184981911499785,0.57904505056958,0.240854414033286,1.01809505752578,0.222440110358152
1.16358658085823,0.161571252660181,0.859529848641391,0.238620223418941,0.255960216907805,0.371032269978785,1,0.0796678801003645,0.306350835078442,0.689274814213442,0.14501559167189,0.775253762732278,0.140743136575547,0.509640220688499,0.178996382253562,0.841157715685477,0.141573897712136,0.614342829885025,0.200188459464947
1.10381042022137,0.152501347393885,0.929293503866046,0.245468132303141,0.437549199905561,0.328123280228867,1,0.0272736328505164,0.31333459442493,0.726356494996526,0.114550737966737,0.623961272709846,0.152238942952442,0.687848647064218,0.171220044209103,0.754799985825284,0.16446064317307,0.728795803280374,0.264898667247702
1.1317433571937,0.161966552377862,1.25456244163054,0.328219516274605,0.191986342625801,0.42430131752894,1,-0.167941806157281,0.42281539765639,0.774134515198179,0.159799493791972,0.812968286657854,0.154202783839883,0.515426305209276,0.173020907363373,0.844697144924557,0.177822874131253,0.732334974901424,0.199296904430461
1.02480889080304,0.147501861032432,1.03262922986898,0.251679824895308,0.745723406490584,0.135854133260072,1,-0.160946926208674,0.392308138285732,0.796729048893205,0.168386848776885,0.650879448694611,0.141795258441339,0.617337577152825,0.160446999528373,0.51402208272625,0.187135247844705,0.793734689539784,0.147102954237447
1.12898845724826,0.13827236790628,0.805929153708269,0.210371619415619,0.662873231122529,0.285606925101687,1,0.216092327327682,0.37622342158247,0.670319570760954,0.154726425975687,0.759303415889497,0.106259202542902,0.395746329259186,0.173315628236901,0.778045940380224,0.162491627481682,0.878099347961469,0.17698325312034
1.27161467172612,0.152880855739829,0.879913064895484,0.218545386732227,0.591036235356003,0.221879613337911,1,0.536255839379481,0.354011402930889,0.732359924864148,0.140027601408604,0.611941905770392,0.137331975614588,0.708502057597346,0.14690237567777,0.252697078063452,0.234526960627394,0.758225145013279,0.229669559809769
0.867403644219745,0.127779348696636,0.77646712473876,0.212175713583225,0.370506287187348,0.313272438460761,1,-0.403287595291995,0.313684566334151,0.727272174034794,0.106501940108887,0.437675396485306,0.145216335849867,0.765369661794164,0.152783312914956,0.727975732702526,0.213081369826959,0.348535542216194,0.241499616100481
1.2718835446846,0.206153277161972,1.24797302853362,0.369535101197197,0.0138875641421257,0.371428873703572,1,0.311343160293387,0.329494657081346,0.767913935333286,0.146205872861196,0.612991712552568,0.178280498824712,0.919346808382787,0.163010386336948,0.596703431509206,0.204851207225199,1.22278496202446,0.203380099035083
1.12832323541205,0.158687757267385,1.05444760962698,0.287338412587048,-0.255394690533966,0.204571905165416,1,0.241343214492126,0.270878276773152,0.622916215124788,0.155120592294475,0.597842180927573,0.158047741888631,0.797354874893096,0.16491988433818,0.977217017401766,0.211211947127361,0.732248793499953,0.229290732119131
1.0677377812203,0.148807127344551,1.06891117017402,0.291191016143346,0.603719895372059,0.424154142408593,1,0.288934841528762,0.326574549415899,0.554509742776946,0.116420330920472,0.785213280237869,0.140298767291716,0.679413588564698,0.165866349254675,0.827157051223034,0.148879251654333,0.951306078520618,0.176771943109155
1.30796616676477,0.20340047968939,1.3683891507899,0.411837973232808,-0.160853151679798,0.274907712891408,1,0.393604624509753,0.297622852488922,0.8555765967299,0.153138565379228,0.835051567434901,0.140537567415911,0.701398677068688,0.233759031619374,0.986386320448723,0.21757440054122,0.973010405867773,0.236669279647353
1.23996042391191,0.177754819518151,0.944982410674898,0.27908929743141,0.122992451186686,0.328616833345104,1,0.135628044805544,0.281806773059936,0.607869236313772,0.168295588219493,0.815183387605097,0.164675551880777,0.80520857025771,0.176535231045488,0.547173001786581,0.217431807352328,0.683267654291221,0.229852725108363
1.28218832219315,0.151647045606455,1.25450431850366,0.314262758044737,0.69060385793736,0.217354637652649,1,0.089758471691537,0.335275682428051,0.974436324832239,0.158370837303069,0.665723620243365,0.149692606282584,0.925854979532828,0.169732984976781,0.751894581788627,0.207410951686075,0.787890602798614,0.171974915282486
1.23849725612379,0.229639662137114,1.3151363453643,0.418394689907461,0.232918624273679,0.467276566863853,1,-0.156691925867612,0.339684772569187,0.850841740305349,0.142226158129374,0.867388616938713,0.16734007316158,0.848430695518025,0.170919522525543,0.726078224073633,0.225135496359081,0.901092768737749,0.203761664453968
1.21938609125388,0.156761013301269,0.687934534003187,0.198690549344307,0.433956925845241,0.397295443127821,1,-0.0685264199370008,0.331989335143129,0.860370170351884,0.116307288133468,0.680284405909322,0.148950981055189,0.623876780299132,0.149581705128279,0.511354207496054,0.174150713290304,0.957810052690873,0.175171800896887
0.980611748280133,0.138219888020747,0.692776719602877,0.186839479934549,0.400284674585419,0.384212266631851,1,-0.0966439995838997,0.364755505714477,0.486590575073055,0.159006055183286,0.760839239948348,0.119580858544872,0.279779318452102,0.194270737344239,0.727115269831613,0.153643351424831,0.485560808299267,0.227188896998029
0.989017466844594,0.179915534811707,1.34374720520638,0.385653920762317,0.0830706094259092,0.285101453852113,1,-0.256328811615494,0.347280763563176,0.784390155359552,0.151071695115494,0.791342500764618,0.216463944356152,0.757957433520823,0.17090432336824,0.834863306895448,0.20440098878275,0.654087631478654,0.268508392675944
0.991954147369099,0.150694824172508,1.01648499360845,0.252222259145811,0.0838502890584678,0.300913032087348,1,-0.139157417757057,0.323452974106288,0.752509460821443,0.117009770523623,0.543842223928777,0.134968669381716,0.854935814458307,0.14809808324291,0.79297730196449,0.185473853496532,0.392114078469453,0.216195777457267
1.50808212644504,0.220461356214647,1.10349843470514,0.332726203021676,0.390556789016179,0.42933344022761,1,0.595037040794559,0.390532544156987,0.603160810085064,0.152966449020517,0.769093081661407,0.129148658426426,0.846537319028164,0.175418455125862,0.936665257707842,0.227471595466763,0.657376778100606,0.214164988475063
1.29337157107003,0.189107058648127,1.11356805043269,0.326569644287125,0.0869389540265284,0.37913227482922,1,0.0662150765216834,0.323382325911404,0.812802361545315,0.165956103298604,0.777299766196377,0.148127536497817,0.885389388131899,0.166326487064162,0.633343914623377,0.196909553432197,1.01178107105809,0.253166672890785
1.16364388786582,0.170015980347011,1.12333145163506,0.309811702929487,0.382462944316477,0.331944693031426,1,0.507419285671145,0.362872666871487,0.634044737678826,0.140180857915012,0.690008969060178,0.15441912901669,0.726264825083669,0.148300357011868,0.737757616577282,0.182404305408148,0.51251990696028,0.223978443986144
0.976627443548854,0.156083970958185,0.906254989086936,0.273196979829292,0.282435941805751,0.326254432958318,1,-0.47770720314789,0.280972322712287,0.768904573048008,0.123735008688441,0.639251137961926,0.149253348570843,0.816698175060992,0.164747189701584,0.298244742712296,0.282400052263035,0.500527078914787,0.226226655034869
1.11207121935823,0.152089531362917,0.819104042804119,0.238548288507117,0.553466864977332,0.341138765394459,1,-0.0444997135574896,0.337775574804452,0.59902497324388,0.140006430790568,0.754706157769813,0.133526558262581,0.622636933052443,0.144022825189276,0.903341267266036,0.180180755885773,0.719823937559154,0.184402548400492
0.941301480297905,0.131521714775033,0.628550340014979,0.174291086429639,0.337330956051335,0.29941618179039,1,0.175733879614913,0.320686433666807,0.588701808654892,0.125801226436637,0.332279717954667,0.148566341865857,0.563911683129521,0.155919313435067,0.431747376138748,0.201793159082544,0.590531691389993,0.179283468569842
0.910486967299057,0.13382299413828,0.558109305709564,0.155772344042401,0.239614219779813,0.281407664026573,1,-0.485625725931417,0.323277186261656,0.693054184046214,0.120838938700178,0.545229438501149,0.15223969418926,0.52576665181186,0.170539114424044,0.527377893037045,0.170976118487781,0.400068145733325,0.193758623932694
0.929757197548123,0.136999152829025,1.09249675614213,0.288188200780167,0.308639338229821,0.387466173084551,1,-0.474256555833354,0.286743270213613,0.961112343032908,0.10186818736508,0.632829524691883,0.157775329501251,0.742163145881445,0.150438043191641,0.581405600545697,0.232697724915305,0.796504035657259,0.295463483958107
1.05934778755053,0.151337252215951,1.18942705252389,0.328473162411301,0.264664097640102,0.432275007893894,1,0.358326528281618,0.304018965283114,0.639368358911973,0.173864468985455,0.610285108270737,0.1540460415488,0.853775029704422,0.190017355190837,0.667213157669705,0.184857901827219,0.559610203339375,0.228720742068663
1.33411964213474,0.231648484799315,1.20702734731036,0.379675975873096,-0.0495229214698092,0.32256290788706,1,-0.197781842947444,0.383804419021587,0.743314132571211,0.203097023965017,0.905205695372263,0.175750741746449,0.918041443809414,0.185545969487064,0.661024710487988,0.21171619451377,0.991429481180493,0.191232868310765
1.20868261619479,0.178677027523922,1.02775625634537,0.26248998430114,0.143484490458202,0.302015699239118,1,-0.190501630083411,0.361833122980983,0.579983762273209,0.155421508014775,0.852928454762841,0.120037209908257,0.744536934530358,0.17673303788721,0.715646773283134,0.208560677582599,0.58753415334393,0.200389118778516
1.15925490211138,0.167477900262225,0.78167436102032,0.226576604190441,0.263815009959796,0.312086325196444,1,0.145783924402466,0.295354113073165,0.596263536744331,0.150931888902131,0.736525959199849,0.123303547035787,0.636433404863548,0.144046616032134,0.557830644460309,0.180531832430534,0.654530849626143,0.199503364074361
1.16354378291247,0.158234146592986,1.13304803708968,0.28500644069756,0.469256245397865,0.399650754249334,1,-0.0913554732821062,0.367611755248164,0.666944630197507,0.157234653554663,0.710636031525902,0.124128196522685,0.848770590121069,0.153030899559101,0.725918936286038,0.158065767875968,0.649109902002339,0.202308645822587
1.25959437434164,0.156758673065869,0.979982254920817,0.230262528033765,0.697686190827345,0.148059525049474,1,0.187188483186361,0.327389237028782,0.840747289935118,0.141448031084974,0.634940990333722,0.125232687036736,0.815419577944178,0.167302485953354,0.910222682813716,0.167859072690624,0.27516386492961,0.217307945306144
1.21468232011198,0.13999349388564,0.880847334154496,0.235234784290457,0.642031332464564,0.21563449276539,1,0.124066403881702,0.328120583252938,0.739712370158153,0.128179740046694,0.569510537896329,0.14313313580537,0.900104175962185,0.138021594899621,0.385858593279217,0.200043368375152,0.54508414568386,0.215344162468364
1.03515436135103,0.145856174366652,0.590119048987919,0.162754863956698,0.368084517944687,0.380212058534959,1,-0.208881262727935,0.331625601600865,0.513604825474825,0.169670641115549,0.635500568056125,0.116467695967445,0.522874708431893,0.135185818856531,0.667296112135886,0.220334432359078,0.652926028903136,0.202432922850272
1.118435148372,0.130954077031044,0.787559124077371,0.210288871416564,0.298800772432714,0.308925384148403,1,-0.0576855451075105,0.288724520715269,0.605763055529653,0.128926767999919,0.64885135990869,0.131959364354584,0.673420411120467,0.178859742368491,0.776756115326037,0.174721632582768,0.697096691755148,0.232390814173881
1.35251880655134,0.179694836425917,1.40957830781018,0.309787599292007,-0.0123662307108642,0.280783859829211,1,0.0715919741309121,0.355933956258641,0.803694071518682,0.143411444112646,0.767834327593078,0.159555078659152,0.771228738409822,0.142434660411302,0.774579802351627,0.137830779897525,0.555901212305356,0.225659886683546
1.01648988613713,0.144978570504919,0.724852336729278,0.195900727836449,0.423436575740808,0.376171471889757,1,-0.267890292897621,0.305722790927143,0.585939311540557,0.139847568947104,0.866350966596742,0.108220954241305,0.535829743130645,0.168453574896834,0.857246501370921,0.161653177333672,0.527745075527933,0.280838439220072
1.22094747665773,0.19275231558933,1.39924970168992,0.373064092268616,0.523615279984402,0.324641972431746,1,0.269402463265804,0.370881701295373,0.637477624402714,0.184080493958812,0.785537832177544,0.129047012328227,0.833597893465985,0.13936982203583,0.961815663592383,0.133765694319374,0.638127832007981,0.228722035824919
1.49709622822869,0.216935615116455,1.33630643829798,0.376732544159003,-0.0523497366818179,0.327637136432213,1,0.409215173789855,0.34395666481949,0.759230067757634,0.145337717261614,0.972625121186633,0.139798832927312,0.741345478553963,0.174276821412906,0.702786334233634,0.205284875761532,0.804386316195951,0.183463833180591
1.10882638511119,0.138257678489443,0.76442035428362,0.223852532217631,0.752096492957306,0.119050148314445,1,0.218575229700199,0.310594622523044,0.54189366214198,0.1514884745506,0.561614176297139,0.150164223682013,0.901075458360308,0.150557923084125,0.476755481333393,0.1801836453106,0.578330545380479,0.18826113076913
1.14906856798726,0.145564300311062,0.805324765312066,0.229115407047885,0.526030493385102,0.325070413618743,1,0.293362923580725,0.298317075159841,0.63768241457512,0.148361076245957,0.760733484972135,0.118963099594742,0.491172626153249,0.165097298502059,0.621754712676259,0.20114671359381,0.484358338270891,0.221108092736479
1.29031600959967,0.169986688004563,0.902790532146227,0.248875148118989,0.376455231884052,0.351338915734579,1,0.804782034235253,0.293858041481193,0.423438690922792,0.168958279242302,0.749342180897962,0.136543132184599,0.700099281692775,0.150819446567914,0.871732423503548,0.156357454987638,0.704826214591756,0.222676036418282
0.949465970243366,0.177336054240774,0.955552024511635,0.329142302151826,0.257011693508647,0.454844703548441,1,0.138416143699946,0.302738235084452,0.551814621371234,0.147820580380449,0.623587609166669,0.208783925746616,0.652571102508579,0.207205050290027,0.347150111633342,0.226834982275181,0.800711874656014,0.201153014723871
1.08487634479025,0.172974434202334,1.17051532089732,0.340544281824923,0.0961715712322249,0.332072830449451,1,-0.242367139777383,0.37697379563847,0.841316890056335,0.147940114443402,0.799382054677741,0.134673548431852,0.825424881802154,0.194895683908668,0.729904341214892,0.242950713809419,0.477842840138079,0.203778860056656
1.05814121534144,0.157662556979468,0.858437257364302,0.270506464189188,0.579713922432862,0.367427470707697,1,0.133357667121383,0.349436307146937,0.488710211676675,0.147536737072198,0.547426972361083,0.142620553225619,0.604351086307752,0.164159557660845,0.773366583478775,0.220288137445656,0.380048630339598,0.254946448068619
1.18888233486774,0.161429763805777,0.998106776472934,0.289859463075951,0.414369870604867,0.326512610819345,1,0.112442016439535,0.291714329309698,0.677698441568714,0.115146399390983,0.711869362040741,0.109884549733898,0.614493723552912,0.196949414411563,0.682457534112768,0.251332523205434,0.812608907656406,0.2146260325764
1.16533576565942,0.174344458205656,1.32879837305632,0.370051790715176,0.197799882987736,0.37471496518216,1,0.0684356354183541,0.297788983885677,0.746652709910418,0.139120903384586,0.784617362338115,0.134954835503245,0.723829315808912,0.182465315790032,0.556331075368079,0.220693318813878,0.654250698063367,0.214647218080194
0.975885760682599,0.154585861231042,1.18119169504736,0.314747810501521,0.146507508498901,0.310236932575173,1,-0.30821332080009,0.364691798723305,0.737351724306196,0.144170718546133,0.494874060150348,0.177460345935334,0.770363803112469,0.147139502017212,0.666812505579272,0.185621952783532,0.552515117600422,0.318254513012336
1.23585081272281,0.202572025138926,0.931841905629881,0.263405428569772,0.00909633769046363,0.263490884850396,1,-0.106914252584615,0.424570710802684,0.68700987640617,0.146582944563489,0.577659223905219,0.166764599846378,0.755713661011012,0.146975678607665,0.567932731127519,0.183061149583909,0.60369930135799,0.207866000306082
1.21688489889265,0.204091272975437,1.40460887296669,0.432964145714531,-0.198809954943444,0.267681506696224,1,0.00557782801537093,0.374366051804076,0.88369263861297,0.14035371448309,0.793992249362187,0.176741599658534,0.739295431377884,0.179433122285936,0.741150932996669,0.218902057953803,0.744460982802454,0.207925897747531
1.11423192507773,0.138123608940334,0.805418670515108,0.202516118298388,0.673857766811086,0.170061891907512,1,-0.288856826152307,0.346619355318403,0.789263466566502,0.174270828929955,0.693737975411584,0.11210450569772,0.697448974364118,0.149090405459267,0.35322303638352,0.16468347633576,0.821614108899764,0.196759179053052
1.0714749035755,0.193589973474989,1.21979493026143,0.372729746743279,-0.035343634903845,0.386845921210814,1,-0.264065348897599,0.385708564754027,0.813702538906654,0.170378951191612,0.69146607469081,0.163892208535515,0.730145137933621,0.19132726297208,0.760654182422087,0.196999404693816,1.04541125239029,0.251861838670904
1.26940520142671,0.17710747283217,0.984897002838757,0.295170094666462,0.10196148882916,0.318248193059026,1,0.0132305725688986,0.305077130917446,0.874982818842369,0.166999216364437,0.670312378656752,0.16610580280502,0.93370309613279,0.176436234158393,0.893496599979854,0.19439410898694,0.831542609103853,0.189154718225605
1.30013877896025,0.170888318497559,1.2054496606469,0.332092237286397,0.0861077661245755,0.339285753739656,1,0.477812894256354,0.32463798967846,0.736156689814924,0.128851696510938,0.860613794381761,0.153807744168731,0.643010819658072,0.162613027817366,0.947256632866978,0.200050111129352,0.659921529422029,0.244567115129608
1.22063359081205,0.182829600648265,1.20577126965467,0.359480964066375,0.350784256469219,0.455842954136101,1,0.552513627128979,0.308568630057687,0.547378695350377,0.131601326484933,0.847682366749298,0.170188934242088,0.623260887511494,0.177553988911218,0.626240801890948,0.218798651470061,0.971976053497754,0.238096364465576
1.11811319407882,0.179804907999952,1.02244742104344,0.334330496507854,-0.0827569445637567,0.238363700597164,1,-0.0854599421924707,0.257442127558989,0.840065510010604,0.13262599738771,0.753937003697431,0.158161541831495,0.827774123438059,0.181930608775238,0.872100150823327,0.210623434886523,0.891221795056017,0.35501063830763
1.20279091149457,0.148023879368238,1.07639482658531,0.28555817102727,0.528031045136421,0.298911399075027,1,0.204793884644002,0.302718768892395,0.635765916224539,0.120209454026228,0.759570878912642,0.141350314974651,0.750263054484329,0.180206783416869,0.882592992657829,0.177428578830728,0.652333024499808,0.25342539249829
1.28240877210793,0.173020478511645,1.37356881549576,0.368989804223387,0.399353234473283,0.294053036016468,1,-0.22545619176461,0.298478438427813,0.829960953524925,0.119618264919854,0.932289743828706,0.117980383436577,0.878495465522018,0.1903200169788,0.523523300836939,0.266022541038582,0.854900400172644,0.203504228471443
1.4393902310309,0.209373537527338,1.24131533685346,0.379063750439269,0.37987074993748,0.496142436735474,1,0.543050503425331,0.384225660880453,0.927558783039731,0.147373466106049,0.957246016641565,0.16135541823963,0.768360689294843,0.164952667773738,0.940546021268282,0.198172951178442,0.568347114740097,0.220073898599979
1.36115572988859,0.198666252479403,1.09727945772253,0.307862398031315,-0.145404992716377,0.230607555417176,1,0.0336146151711815,0.355721694993394,0.806764410716254,0.174336140789308,0.796695194201253,0.13767028899624,1.01221630438717,0.14158841605014,0.684031562588362,0.260201237388997,0.488584177902598,0.283290533245475
0.998469822687991,0.18021710474657,1.12448791694171,0.332932121180961,0.273702535356283,0.418626330157143,1,-0.0705042843673606,0.336107712457011,0.724356052811532,0.133362142493741,0.608585686550801,0.15937954084356,0.62296183044687,0.177925779714879,0.604373762732234,0.173738265300648,0.980300441664769,0.234092064151543
0.989986130925438,0.152947968407432,0.852586154735061,0.247421475188368,0.216562029185264,0.31393130090447,1,-0.247218594332913,0.330039611640218,0.773865817735496,0.12284809629566,0.617107042683593,0.138124110600621,0.791058421618977,0.163191021250132,0.605318838173801,0.183342911135626,0.572681643054453,0.237950534981418
0.823925101756576,0.123784035624345,0.706220116916692,0.164955383194838,0.592833358047434,0.239142493011172,1,-0.130031180869459,0.311461122097296,0.527997071115502,0.120192025656775,0.628993962906601,0.123464980085549,0.64075542249687,0.172661849215055,0.53756500642245,0.17608933989527,0.422203921603969,0.187965139133502
1.26311690360541,0.186111130017663,1.33356310172202,0.35079657607719,-0.233116289477126,0.22792714579598,1,0.110870422268967,0.307263719588433,0.895529215594639,0.128269070895557,0.679633620447315,0.145430554524341,1.08015504030056,0.158698279154299,0.867021225244081,0.202937961407912,0.762981456630978,0.238498327293657
1.17190239211888,0.170509911214862,1.04483177313492,0.264454500764457,0.351361929863998,0.4299832296543,1,0.0288205156831079,0.348462342654443,0.929790241705652,0.107249331097253,0.553578142738042,0.197531151099371,0.633315288653888,0.182805556356065,0.804171125284074,0.173527188315354,0.880948794163379,0.188442622546498
1.0825340583504,0.167214996561834,0.967738635768404,0.285122936396149,0.058537311425662,0.266816213343904,1,0.43197181880526,0.291407403408486,0.590262097334302,0.163409082136094,0.735964713443492,0.147358312617564,0.783452246162178,0.169006197169582,0.670474783989457,0.185213171556059,0.983195135488162,0.19328695193347
1.1014416041159,0.126712629517883,0.613886482976488,0.186382375289596,0.776513294526366,0.103987929002596,1,0.0733116880557906,0.372191884113463,0.667362122924623,0.125469772626081,0.773208125027423,0.120232757841959,0.502058784576372,0.167192617184907,0.608643114118413,0.204600845803137,0.708510452552721,0.228432619756558
1.08610361702531,0.201263875284223,1.17563082005677,0.422848676483139,-0.136942906099352,0.29103471164912,1,0.317933316284551,0.319396022221369,0.741917668463022,0.165252111990492,0.632693126402717,0.207571900942794,0.962817626540562,0.16802493949248,0.782761262550729,0.260469745223407,0.904753786894724,0.256487109897687
1.18253624274061,0.149703531162585,1.00925088039083,0.246132835043142,0.57061293853711,0.324019907112347,1,0.124580914289712,0.373122950692101,0.705755851016597,0.147576259881298,0.796227338412924,0.119720826752284,0.713179269370947,0.130124231492986,0.636473426577748,0.209809949514963,0.637155763474709,0.199860462713237
1.07716147579727,0.147336282951835,0.85691526770228,0.237087189526511,0.629588947843568,0.225026442930731,1,0.133408036318285,0.358651772910904,0.652216223558426,0.144462863634192,0.656982303104559,0.158734106553267,0.774618068851471,0.153199027065317,0.81429000326572,0.1407821498126,-0.0922774332218603,0.358292283430718
1.05832127546995,0.140940148179043,1.10435284380641,0.29466794600203,0.5737183527949,0.265271297276131,1,0.213803014243707,0.267372570243961,0.70471777963445,0.132892036538323,0.585689219249082,0.159236707443527,0.553217734203445,0.155270943461457,0.475256380606929,0.195509050384412,0.682683174663706,0.16834474650155
0.988960885475153,0.172626066586707,1.25610877066753,0.40117937828396,0.167808546683522,0.296302224769461,1,-0.41063822016603,0.309630383041947,0.765277080656148,0.133361611910508,0.678278656644903,0.150503479948527,0.857827452198671,0.164977863990298,0.729354743289153,0.218790406909015,0.51409904263558,0.239318292596706
1.22638710137342,0.173647943159539,1.09790938834188,0.320764954287373,0.538759869633092,0.260413795904629,1,0.183563018131312,0.333036470806154,0.638386667635295,0.128224242977233,0.824822053444762,0.142885114316135,0.547075254796497,0.160311142574902,0.335165484385296,0.225057539920535,0.837821303674342,0.171045514701867
1.21077505897646,0.187007733159746,1.29938629885417,0.385727199768963,0.284893650114765,0.359830361705576,1,0.0182179466250105,0.279061684391568,0.706164975879531,0.146220787359738,0.877989792125086,0.150138304392131,0.944406376346319,0.178945173901016,0.729755576706539,0.218184475439942,0.728369470652686,0.214823345738774
1.13845182672141,0.137545605780058,0.699341084525796,0.184436870851638,0.731757580240458,0.143563910102546,1,0.499985152475543,0.326527006010541,0.685026530328035,0.123656887613202,0.604614752463424,0.113692841809366,0.625103893078813,0.210668942006888,0.655958819319868,0.198117530259029,0.416812768900761,0.224083341931863
1.02762024787421,0.167290888306819,1.35257919989294,0.378234124786772,-0.0431033005463964,0.285801991711934,1,-0.0355806906409231,0.344208848375135,0.670966456166786,0.151893825943129,0.696740159526131,0.16347686423415,0.951994559473551,0.183214132685709,0.721552578087312,0.213093062664263,0.684305751962985,0.176305209130844
1.17082827895478,0.17949165737755,1.32909513816222,0.393755281267043,0.00541183122889246,0.320394540508091,1,0.055415384814696,0.353037779233977,0.713378497944859,0.16674461022187,0.699665503273636,0.169840646390921,0.837352371824764,0.207255455138413,0.65705277552653,0.215883728195705,1.16415689343029,0.196159792313731
1.23141292245201,0.197622409012169,1.45860508852924,0.436128594447129,-0.181880487555044,0.225436992208523,1,0.00643144300428374,0.285396985532821,0.820845239466917,0.157771033332959,0.868976390265057,0.151564903551179,0.774110610442128,0.158382400937461,0.854456440304557,0.178686374576883,1.00417488300239,0.205671619106971
1.46051792310953,0.190623127026105,0.966012495588267,0.293201564036755,0.802174962662,0.123330764445183,1,0.67781614624781,0.420064951925523,0.759105379571093,0.155500474864279,0.731393768273799,0.152484092325392,0.73484248861167,0.171813498288513,0.734198352986442,0.197398241163653,0.794215644935164,0.24372949929544
1.09641145988503,0.220492508197889,1.39362347554626,0.449201402248163,0.0269617392199368,0.397720195394385,1,0.247848973022951,0.354127709288367,0.473913636371403,0.165177448918297,0.969496699019548,0.16640374863427,0.733782141453608,0.1939200385004,0.872071457508719,0.224108373004524,0.691735445187722,0.273713483039874
1.16312904898993,0.173237710368937,1.1721807889206,0.337234811977066,0.0485901198612916,0.339177785487157,1,-0.0033219382401785,0.328188456449486,0.638674218075318,0.15066798496569,0.952960240279647,0.143121942392079,0.75433767424274,0.188537432532171,1.04325751433864,0.209803456558133,0.95627321904648,0.242802552147241
0.976997240785971,0.149060458739895,0.930068671018105,0.284521906124161,0.392720380749044,0.390647573541076,1,0.602217942523286,0.333820807214595,0.626300601960387,0.132632902725894,0.557462415212348,0.208324043437499,0.759319608717309,0.184466769443492,0.713043246569124,0.140377917792158,0.236405042361172,0.241679357248336
1.0905064408447,0.18780262117234,1.06419671606522,0.301266978292842,0.017490033938356,0.382111204350021,1,-0.1721471176584,0.306883369782453,0.729644491801133,0.139323217065165,0.652427453453166,0.173898123388505,0.792300018154813,0.175331528646062,0.551600430794551,0.229601714075975,0.638943492947802,0.245288682260699
0.991528964547728,0.132478272233882,0.990624874831763,0.241610693601815,0.566203381824081,0.189727612984164,1,-0.725872227291231,0.323787309243495,0.875931093271332,0.107237247882,0.634010565960629,0.131837399117488,0.596671429070815,0.162648582123116,0.602749757575765,0.202342028157157,0.601440856152023,0.225725895678027
1.01805974642744,0.145492062675015,1.13850375461291,0.26319379396159,0.77739928012639,0.123829748428149,1,-0.427868852628049,0.344806410743272,0.804393655622145,0.12726093393845,0.857961973522194,0.12637404830099,0.500469031392174,0.177765316380853,0.811669887697601,0.134793892259304,0.665956118408348,0.149153191378112
1.2145862040779,0.169169764062245,1.07935805568857,0.299926850922623,0.298816253279831,0.494694727465879,1,0.171678111930505,0.31018224762226,0.787901803657906,0.133686032224242,0.562467204772,0.157641917910741,0.79384989302439,0.181093470178028,0.715093153085192,0.188249719034656,0.775764853673601,0.197151574500039
1.22924456215511,0.183002660148039,1.30210868868864,0.367711118894449,0.208616135298491,0.384485838040239,1,0.181328103726828,0.343239503923227,0.919514592102649,0.120229434465114,0.502542074129972,0.15520543926878,0.919470721226301,0.14811515339847,0.767700494306018,0.226688641022491,0.873396016322763,0.208917891920155
1.30572109665859,0.183374220176932,1.00376567360448,0.264826958043551,0.43183930400553,0.392531084977512,1,0.496613562842182,0.440992706668589,0.773320641120994,0.160130663248976,0.512294523122258,0.14951218006124,0.56913065366969,0.145677750249502,0.801018350021316,0.145370737259634,1.00839385569467,0.183027542476575
1.10924047346867,0.177946025530011,1.05159401359276,0.35328827053533,0.0139042840327102,0.311674502929155,1,0.142910380755107,0.327906421065597,0.511490318501487,0.177327600536631,0.69100555470533,0.165250818431498,0.653153623604105,0.169025512427294,0.744275346029147,0.240801387903424,0.70139670980091,0.222898541930136
1.36222192205058,0.203437403190379,1.17779906045403,0.349224310720753,-0.235295832125769,0.268491935599225,1,0.494581189602783,0.342171510415847,0.69249706625688,0.14685632090616,0.844690058249,0.179748628366163,0.814520472205415,0.158585586014175,0.891495389407265,0.180937510580708,0.71936991216697,0.250053908539789
1.05755891625366,0.151572536082162,1.11933322132156,0.261088504983635,0.494964667613074,0.307410449824884,1,-0.120818562941778,0.297386685564171,0.683034610250947,0.129106780120255,0.706626941698767,0.148534988226679,0.767159262631776,0.161767940725759,0.552508145570244,0.158367572580609,0.947611548650765,0.221325062371611
1.07013807855089,0.142886136635259,0.736639218578335,0.182013197520004,0.603313586409277,0.18189128882158,1,-0.193133341064337,0.334938614253507,0.769672670567615,0.109481448087705,0.572279882682541,0.135587598910349,0.543945689138667,0.139348369388361,0.718889983239326,0.143090915079241,0.339214284846416,0.213260145884287
1.1141099279679,0.126403987342164,0.686093511152121,0.161672271089113,0.836193597728936,0.0885329829271403,1,-0.235458119688344,0.414571847271754,0.694720911365541,0.140953492854306,0.697252434823199,0.129679444864187,0.756343479260283,0.113997481987706,0.150120546703885,0.145268976774398,0.83021692957167,0.13518216676485
1.11441889361249,0.151611817826515,0.65245568208585,0.165307999122887,0.404962654475563,0.296869120468867,1,0.245186290911532,0.301763474119952,0.540648062604991,0.15938450472916,0.787977613037358,0.113134466726277,0.493936813921406,0.17306827043613,0.601009129999414,0.159304311906991,0.461641099267935,0.2458607793977
1.10378295124723,0.164062207358672,1.15231730204071,0.293261834207135,0.228970075299315,0.329185517330735,1,-0.0705567627175793,0.320520244988003,0.714043540341576,0.169599425359535,0.840172394323393,0.119282511310642,0.79160557052282,0.145021527695525,0.82409162746282,0.159990351959479,0.584762619116584,0.250186500680415
1.24038648963886,0.179882724007469,0.926173244450573,0.296905365611818,0.317661028858088,0.376968411851964,1,0.393444519513679,0.285978110000858,0.736347857043187,0.153370284929362,0.56930396792614,0.156606326397604,0.648137134463741,0.213290820628919,0.723392466492685,0.221238688138091,0.601492235356243,0.221415598679264
1.34524686958282,0.225888641508363,1.13379651207283,0.359130406807477,0.313051254611367,0.381494970964248,1,0.876654584162612,0.41950730647506,0.433293613204511,0.165593000158222,0.804742546249196,0.149001192546621,0.532940351289426,0.215753707058139,0.845112411569353,0.201797850989394,0.96041052441062,0.197309930092674
1.03873911170546,0.149903035859537,0.960277204049662,0.30185437916088,0.412845453280492,0.405783285411263,1,-0.0150678789069918,0.297594950843566,0.677521564671709,0.11117914012939,0.792281530824471,0.141080126746209,0.704264475078595,0.220996888855123,0.739950631975525,0.247969208778228,0.586515204018848,0.250036846742472
1.20426681946785,0.225302482646901,1.8290433602064,0.523714192435007,0.0800933728202702,0.38214996438212,1,-0.226692547675628,0.366355179332535,0.75578151030853,0.146828322874719,0.774608976165977,0.160745167961869,1.05828307038921,0.170955001136654,0.369515251151565,0.269445124618431,0.998631867255963,0.265354466346449
1.02731377366876,0.142133676660943,0.835621102231424,0.215102146518554,0.264736093148779,0.379661696598189,1,-0.23714726356811,0.324003353200906,0.86247872094666,0.121422491459198,0.667988706499949,0.148150666904527,0.62934572796519,0.188533745680075,0.649463124537654,0.217595858674211,0.476526275709915,0.201177638435654
1.00483581655001,0.174064090483026,1.27847060445284,0.414899399962125,-0.037284888331004,0.338045105591594,1,0.227147012460919,0.347648294723808,0.49616777564072,0.168369860435457,0.993821715760743,0.147920096779013,0.627929338668893,0.197857675332249,0.717542213967671,0.204165406252277,0.724940659191391,0.290213887447199
0.887165098628216,0.134933680515403,0.630025318018893,0.173727809294245,0.631220329394586,0.231931158115597,1,-0.54376140762643,0.36440105132116,0.719884239785466,0.105870023949201,0.735053813900718,0.149216293264941,0.552236547272216,0.141300748140244,0.564446275360017,0.146149743092591,0.828852115820078,0.182303937821835
1.37654982099964,0.184580161890242,1.48257963598307,0.391664147432093,0.178270318410559,0.414068345148303,1,0.021899625203879,0.404712155712388,0.664529943584291,0.163296127394175,0.995199131177284,0.127298951873444,0.845725416053464,0.156134150827609,0.438538113536758,0.264866995658499,1.15753515005381,0.158045330219137
1.09168850796623,0.144662893366348,1.06300441396601,0.287563420728926,0.504139570665026,0.336686962660237,1,-0.663626102281949,0.326502061693246,0.786397542511813,0.109372498235853,0.831888095593283,0.132998029885187,0.933237742544304,0.136728837066396,0.412891800463594,0.189625162104577,0.708418684953765,0.191527606823668
1.14965923271651,0.131899513551098,0.770952070581173,0.205396948195929,0.0637917158010174,0.330232638656882,1,0.333670679956307,0.278536558667388,0.667364458669469,0.136830098913441,0.770079384384096,0.145327707903425,0.762507194682798,0.159117449170197,0.660344377720838,0.183197813078311,0.467830461390142,0.277571567326611
0.944537472943423,0.144204242112783,0.997296007157018,0.267095425137724,0.415492967971133,0.366038721630018,1,-0.09991113335283,0.33384357139918,0.674723036324474,0.137987020791715,0.744252945470662,0.136793318300028,0.737672857627179,0.14297578845019,0.781039677802618,0.199308771949268,0.985139955971638,0.17659396296219
1.3283300998294,0.154955796741869,1.2462332249124,0.289715573028382,0.629584906096226,0.274123200146098,1,0.302230618126053,0.359701249205902,0.831932969182824,0.102491344420703,0.747989015927374,0.128813837737611,0.657519992876741,0.157764087097997,0.789865347019912,0.154391480686274,0.932338172368407,0.157828503627788
1.01409478327229,0.162062134598993,1.38129309368089,0.350490911754784,0.140022368588677,0.405421965133533,1,-0.302686125255268,0.321246110032226,0.922309131901745,0.12185662820853,0.459253769428307,0.16183568534299,1.00422094301263,0.153113781505542,0.829724964395223,0.190208080833968,0.803484031289402,0.202353201898924
1.2067902788931,0.159326196495314,1.08536965683693,0.283853225960103,0.156144208326969,0.333831768199896,1,0.154939975323071,0.240697821183443,0.772931825995322,0.123773076088328,0.884991864476518,0.14694389718456,0.492455951107227,0.166731442750658,0.779902496565863,0.182579319141146,0.815667705917824,0.226430319587511
1.34957268206187,0.214501666599599,1.64780637366641,0.515324708326338,0.142017779077747,0.412473358513413,1,0.196983565211865,0.313213937836886,0.833313170755875,0.126959108684208,1.02629421758284,0.179148460707021,0.725776001202737,0.193422750461012,0.788499424388184,0.241263417980222,0.70644582560446,0.290258982965422
1.19703509079882,0.179832915179393,1.20257964255342,0.299015921541752,0.703730580332142,0.223943593899974,1,0.57103670414512,0.362705320559202,0.468773597036992,0.166543747743395,0.880583745184638,0.108118504217073,0.465647283061525,0.17632346952338,0.692880311351995,0.162591066161993,0.489316048621953,0.244589084476866
1.35769646523965,0.186683440152605,1.39304057927366,0.415553674244874,0.279371767629105,0.375464642546093,1,0.183989393170051,0.363339751468925,0.654607320648662,0.14601348417266,0.891656208883136,0.119648107260432,0.863834402085607,0.168724733467955,0.746950275685507,0.25505032457159,0.890576922580574,0.274289616856016
0.786734899517953,0.124534633674854,0.477959334232907,0.145022565483524,0.631951035260649,0.197891137473505,1,0.0911547588213922,0.321635083223415,0.543835226027352,0.127423702521974,0.523026632098891,0.109489355323862,0.660177692134271,0.166049620199625,0.0933252631832139,0.224030886785256,0.792578238114844,0.264484569299531
1.41662515975169,0.200578148677492,1.36536458009094,0.33875054414229,-0.145080026986609,0.279587760997018,1,-0.244594307448799,0.26734485486856,0.974375919115976,0.151761557720869,0.643126829682977,0.161326679494527,0.607319768762313,0.18306477288718,0.822405783508808,0.154170543381854,1.00065249553013,0.16939586975798
1.0601066772696,0.153433997500807,0.858657223588633,0.247868659062625,0.463137334035083,0.349620849394176,1,-0.136007900065684,0.362151013948448,0.885568397210002,0.130405928387931,0.671811370257306,0.147179728998883,0.623836925925978,0.173673399998046,0.797304064990549,0.171692030803714,0.589045839442036,0.29472231102723
1.15466534400103,0.160872529984347,0.844457474531117,0.288777037828782,0.512661925158871,0.303235846930605,1,-0.100320323067065,0.335156566583331,0.699556418200332,0.139114498082197,0.721699857220046,0.161933265166381,0.67020395534937,0.162598479614866,1.02300333929199,0.178385278985721,0.705878335217225,0.288876301939467
1.10887963523006,0.149258403513976,1.10696261959685,0.300341938825621,0.492320954388327,0.337784865445592,1,-0.414839425449539,0.32697769613241,0.665386535091081,0.133268979644177,0.681750099813865,0.152436223793011,0.702255084950351,0.14244293916759,0.977249011542585,0.187783438401618,0.864930745295354,0.244290677301452
1.19966235552232,0.228216356793557,1.46457465494447,0.462110046759675,0.23262012604722,0.367240906471853,1,-0.122191068777612,0.403858752253729,0.83616316534823,0.169798359165389,0.871914192157951,0.17980594756278,0.896067754496895,0.180081691074547,0.724834095209224,0.194860687195657,0.658446160094105,0.228203863959843
1.12455530100924,0.207765822108731,1.40625621439406,0.435178650594613,0.169112703845897,0.476359851460557,1,-0.360933957148127,0.41685342481678,0.690348255049445,0.140855096969797,0.867413160181569,0.180431009186433,0.868728215813064,0.163913748353654,1.00383710425544,0.180127602788319,0.947977023144263,0.255739239872703
1.03010420878517,0.177248986327583,1.19717231013912,0.350854218699151,0.0586493560398287,0.365400426864358,1,-0.219899025941015,0.382371084123721,0.758484480909296,0.166474208421334,0.783295998345446,0.163915620283673,1.01087058238807,0.165945475223121,0.747920576685892,0.216908366951779,0.550704195955208,0.27246265947378
0.873363108074888,0.124989542086435,0.579536470448336,0.169102600708187,0.649882549995412,0.204254037020644,1,0.276377074635161,0.320635456803392,0.509522507839376,0.142400927091494,0.489147635273929,0.107720718048252,0.425735294140352,0.171813172089543,0.41758078280384,0.208285834667715,0.462572270215023,0.204733470521505
1.06819565930416,0.170749306663794,0.837892402733939,0.280826867324182,0.132222420264624,0.376600816419067,1,0.302406671748254,0.326767829266284,0.555869353690165,0.173654469490282,0.7187472785768,0.154891550840852,0.599232952822153,0.15962862511661,0.864277663641211,0.220598546630899,0.581526538161715,0.289609404506505
1.13609092211287,0.156080837205324,0.951875009750025,0.237245040949963,0.384385750947105,0.418052861921899,1,-0.348193317044687,0.347559680554523,0.833554977825095,0.127554827705248,0.640725055613568,0.125456173387065,0.673153205435619,0.15666023728767,0.666457149120827,0.178579984202245,0.72750655335404,0.209236954079261
1.50907454631402,0.28262800221038,1.72898202829723,0.620336568539829,-0.0178475790074243,0.42786639841438,1,0.169842206218272,0.316639841835208,0.883122041975369,0.182792301619755,0.956423584036282,0.151363270408476,1.11926036845912,0.226473555689796,0.645236545200887,0.228224523964218,0.805866809051105,0.204725910319083
1.08052711382727,0.144943501425051,1.1643115243197,0.313181425705847,0.35863844615659,0.379798900894411,1,-0.433936796120202,0.324306196707807,0.881932617745318,0.132131080342033,0.66694165835514,0.129507478285318,0.694812776014027,0.1706943196424,0.715365411584047,0.206112798162619,0.904738189675312,0.274579384541088
1.12363700675346,0.142825836745705,0.894347534912032,0.241454128306368,0.72176222081133,0.157163508953698,1,0.0122091682242306,0.326622448028209,0.593120108520181,0.103705309113566,0.879765492049671,0.131073837294337,0.334397987563935,0.193112248533894,0.798900195680631,0.125522728819301,0.549402486933148,0.20012278105192
1.12389532995088,0.174824822662222,0.808280982645888,0.248810507158377,0.383565714232119,0.375277510265075,1,0.279505220275051,0.382035528724629,0.541550716929427,0.169524775087837,0.62251369957121,0.133792635392552,0.727908437970615,0.200724201228162,0.762649576417167,0.176876472163017,0.312992856253267,0.261129426523533
1.09692770084844,0.143270731682371,0.85497261432172,0.25062871319957,0.608245764525053,0.239833654046967,1,0.136734779698171,0.309303613107853,0.694891109287718,0.112258789718436,0.474163730582797,0.158674719500237,0.782904309682849,0.152397758421402,0.753923697484458,0.190141769040431,0.347813440794338,0.241670029773571
1.0989829271593,0.141663312654103,0.864474678459186,0.209454744834775,0.651721767491013,0.200758122980726,1,-0.0623606283855396,0.316996127815667,0.482672145106228,0.142371870209443,0.687556865372625,0.128324646448708,0.635721539039998,0.128474470348144,0.959107018946133,0.129697957360419,0.524786726291311,0.292101972016718
1.13646667470696,0.172076874762711,1.08010669650144,0.341725791128115,0.32528607491256,0.348250577985316,1,-0.310039474368658,0.392278373217515,0.750977597322091,0.171672175705888,0.964851096934451,0.14197603861337,0.635982497560733,0.175270023333336,0.817754188866106,0.188617308222388,0.543766278156081,0.21672331573575
1.19578824317314,0.199254061678886,1.33258366161251,0.377518704728662,-0.284260874218213,0.207146421102171,1,0.291226604688874,0.431393688666829,0.728171865902827,0.172607020624527,0.98038021510079,0.148440915758151,0.742366175570106,0.165751959183079,0.796260589178797,0.235314569945625,0.824725823612006,0.214776980897885
1.08799811192386,0.164054289418835,1.27027995059396,0.345825397210679,0.769931582844763,0.150091956591575,1,-0.535798992305801,0.42970511853544,0.829366219577106,0.130275671766143,0.95635815364351,0.153420657815077,0.684130433207187,0.133626342037613,0.97083700040939,0.157784301138424,0.810456303797127,0.264274878040358
1.11382812613748,0.135708167824229,0.854801004504945,0.221138803279071,0.767401433883496,0.134829672582865,1,0.307872908059984,0.311661590246662,0.614451677543289,0.109861146383353,0.684388019203193,0.159171345181754,0.726116407559557,0.131534408384463,0.763872542117112,0.170373425771961,0.822875186264157,0.186959450002756
1.20695324166694,0.1811158449114,1.36546788646212,0.409726771106142,0.358795424027468,0.450004009485643,1,0.471818941917984,0.377695881202365,0.631875068688194,0.172122685669578,0.893729272566885,0.166720607745993,0.51153160161257,0.17334573976408,0.726543519519137,0.235175500454942,0.82787077841643,0.194189232537921
1.30658746307873,0.201075822056315,1.58089282899564,0.444660141200098,0.0860511830759366,0.429511339221164,1,0.379753051830615,0.353216175710985,0.759445967838652,0.14364003373376,0.871722113063619,0.159826275302338,0.932187316100534,0.187361164514301,0.980967342200421,0.173002392225441,0.847003117306325,0.218621030022144
1.31586895900145,0.215225774701197,1.51275624523912,0.516796236862915,-0.0299998480300177,0.409927623255409,1,0.0201862661310696,0.286305557772958,0.796028267414221,0.155339198518935,0.792630870461465,0.186442889590688,0.762783950449225,0.186673711906287,0.872398983424314,0.247865233363792,1.30722576230711,0.234693360760774
1.14116494534689,0.184858268237837,1.20191287018991,0.362359298847156,0.0517278680373853,0.307079905439763,1,-0.650825193608,0.329589358708862,0.972058719034572,0.128268641293564,0.769200610470526,0.148929401964549,0.868954800247049,0.252593564043804,0.625268913847679,0.173172705257651,0.75081960074177,0.209839334608305
0.856108522890328,0.117299476078226,0.623643253816865,0.182560240871462,0.499947670425033,0.273910846566811,1,0.0266339112990161,0.312344338567179,0.553742461403666,0.121178726426983,0.433843006314772,0.137026131169268,0.812293016085753,0.162074311373129,0.414359760707741,0.251178455615967,0.551037532100691,0.270081953360165
1.25394859868436,0.168602257749944,1.12783689255692,0.300975296150071,0.251682549401534,0.425512525910382,1,0.105960150879984,0.298902269424299,0.768620226804817,0.139260385014631,0.767299939671719,0.131219165024044,0.907833744126951,0.175229391101427,0.828100331984381,0.215468901643564,1.03423490941533,0.186678452094448
1.0584993305172,0.155098839214594,0.867174207247307,0.25394527496883,0.214654450172319,0.405425149969307,1,0.0927614202712301,0.268902540105838,0.521945663072213,0.137802362868875,0.738438905667961,0.15520825732724,0.479002781856834,0.174442357848187,0.698649872586452,0.161573769192981,0.626213734936756,0.228276488197128
1.0773946560918,0.168072538227655,0.934221170083946,0.262400019200956,-0.0340975316345747,0.324009809965109,1,-0.47984057895657,0.358972298823358,0.65195384029988,0.164019096351226,0.677445327070109,0.164393667043556,0.777307644049413,0.172151410751924,0.694543241487491,0.176685343944028,0.601417722339361,0.209710572087292
1.02641209588303,0.166670463325326,1.88632154330107,0.518329539210336,0.0847461220436011,0.358434403940922,1,-0.321228975049841,0.338796987672784,0.971777483029521,0.138270994539201,0.852825881030465,0.1448979464499,0.6084438910788,0.215531448426241,0.856152024898098,0.209804323882581,0.453519616820926,0.233022433459694
1.05924132202873,0.161406823956309,0.964555830566179,0.299423006236416,0.34579308140645,0.336009980621769,1,-0.072003737151613,0.292759041561143,0.624375462829813,0.160068464566715,0.695278571674209,0.13374240560034,0.451856214134076,0.201379138745307,0.802449474701749,0.165288795709261,0.561580303846419,0.171712236380118
0.992111965695329,0.162875423766858,1.20032553935811,0.336657567288188,-0.0714880449837846,0.274465010591811,1,-0.262745233026812,0.281481425259323,0.836279575351198,0.127228789766721,0.659018624049686,0.146750595039504,0.773842637725741,0.186819722570725,0.856545637510721,0.17075775329691,0.771736217455308,0.210259188048533
1.34337092859985,0.15886187245602,1.17757303414021,0.257783711686169,0.482805638900867,0.31491104511131,1,0.194800430036818,0.362017490923609,0.558994042185868,0.17448764099101,0.747749688888932,0.134717790700735,0.655867342429543,0.124803630187551,0.947167969590717,0.148640480881003,0.630207614264335,0.214665580555524
1.24152005583529,0.180807081150767,1.01187437676828,0.262688247900721,0.09451992370573,0.300422348305575,1,-0.17600524339015,0.323145000398334,0.606502093007687,0.152654186629958,0.801412783315815,0.149873356825027,1.00586453157801,0.173781217268064,0.665298175524732,0.171683999438673,0.946587193011529,0.188278905392674
1.15055619620719,0.175654463507409,1.07304353040824,0.320087779497574,0.150921654997846,0.431936002191457,1,0.425148319515688,0.344985496827266,0.687149605925866,0.128247351006911,0.637442457034786,0.17916267743884,0.917899404599748,0.189873923831726,0.739051740895839,0.196619595704637,0.461441964841606,0.26119120214741
1.12594515057307,0.208610838814828,1.5887928609306,0.483866242582474,-0.1189606211585,0.30120796503693,1,-0.554565372334332,0.338063867854447,0.983992217150607,0.148108032370996,0.805570940686624,0.176078458786477,0.813127372139754,0.20806387595252,0.837525474991405,0.22316478106946,0.850566992757091,0.251437652371368
1.10905274463297,0.182248895302655,1.27238607190278,0.394873904674849,0.269583983309806,0.386394270431768,1,-0.458407969580785,0.314782938960314,0.829089065203898,0.127407268336342,0.79853493720137,0.157175379798353,0.718174906616603,0.187797328450298,0.591280327470183,0.19556390191666,0.669871614359271,0.249575275151705
1.13055630121678,0.16818501468632,0.947330094322867,0.267871655357656,-0.00935375567799046,0.284953689316025,1,0.319889285906762,0.293740974193635,0.704481165894405,0.133484121239585,0.657924232384909,0.133881411929499,0.844179921069863,0.193554577318021,0.531085830283076,0.214355083138229,0.583721223216846,0.276150449561386
1.24263775063744,0.174481686676626,1.01563039493056,0.261333445799345,0.794728050859302,0.109100395675695,1,0.145865672782852,0.397578598637032,0.878133939811765,0.156199112205853,0.734616358033938,0.136882777290303,0.719778220659563,0.146265115804264,0.948996944497532,0.180696405685533,0.551778128968971,0.233081740328369
0.973988351428531,0.154991910074072,0.936823422725322,0.285780193837219,0.440556574446045,0.348496530577153,1,-0.242356275581684,0.412939979310737,0.605201780443199,0.152034349079329,0.654910334167509,0.145160645334495,0.69207650797548,0.157148809957019,0.524941581947847,0.178562416725091,0.703835471796245,0.255273569647866
1.05820839018914,0.14821690060766,1.19394198960525,0.324345092175993,0.207304465792985,0.323071239447412,1,-0.103381306431452,0.362060641770812,0.860941060595124,0.148593195874507,0.833197123153465,0.149975756274192,0.460795193670512,0.209344496314387,0.607464711133787,0.206811073106521,0.562008399526896,0.266355217077319
1.05963203119401,0.14742034333688,0.742276299612752,0.22031388452459,0.500297419173415,0.378474280092765,1,0.0757296027995624,0.381213835855385,0.662792364925298,0.155800400428659,0.799830089167189,0.13894586454893,0.805864616623201,0.129807143007639,0.495592535531923,0.214320194723209,0.506577841218161,0.272699068455471
1.05919770351722,0.128009379804155,0.920418133091636,0.231785969316953,0.317635304558421,0.372280237463087,1,0.0654084971324016,0.302897926320816,0.789589598316341,0.131131862900447,0.648068378573374,0.15050960507997,0.379555000973058,0.173474752391871,0.594312682111371,0.161423852646222,0.778115378655663,0.215761883512462
1.03778271785754,0.127142737649743,0.635114867583708,0.152044109640617,0.676609449320076,0.166906779239058,1,-0.199208193314152,0.347198800643346,0.684953606428211,0.121146663590181,0.552111253120721,0.109402050235567,0.683909380348387,0.117978244105976,0.601499837182049,0.194590416748111,0.70208374880691,0.13198721964247
1.08496842837202,0.165521907599099,1.1635379245965,0.329698372635599,0.261380195319793,0.366101840104761,1,-0.0588527338980243,0.323105224412515,0.57462119108556,0.145337211657796,0.873728185426957,0.133720423486745,0.638863986453266,0.169335349511632,0.330527712147309,0.256279234795179,0.442553712310973,0.286119916652692
1.07943071236993,0.174330579727524,0.947724623556624,0.302733163275095,-0.0161686340799135,0.327461890658602,1,0.0145952961846423,0.400877418786099,0.578746833358559,0.166744164058638,0.793040591265199,0.168641353998676,0.961004946616807,0.216192179265814,0.618767906068561,0.199926309939022,0.516768824589889,0.238532211668475
1.07904760404516,0.1593335309908,1.03343120695413,0.280123024621245,0.127828717201345,0.326498929893729,1,-0.0548797692114207,0.372254819614015,0.83022171630189,0.125071826177882,0.503747512005682,0.15129985107196,0.958238152170887,0.175200440554801,0.434184787330936,0.24178092884735,0.829363866536757,0.229271566479479
0.939502222945496,0.116058397612145,0.6184755602533,0.139283960316515,0.555606446529937,0.189288397953573,1,-0.170392618688783,0.279620842213892,0.688415131327649,0.119688741580392,0.59217680126414,0.112710311088429,0.401105028799902,0.14664117653215,0.820632981199793,0.160936546188215,0.309233241602473,0.271833825039175
0.942210651103259,0.14742041771042,0.978125846975706,0.267554741266026,0.376432703169642,0.326592742211397,1,-0.138834091081245,0.292928257043827,0.606067253676885,0.160119588744879,0.747459060914488,0.140739827336983,0.650281713310897,0.15682987668054,0.985611317052981,0.181098945440711,0.50769871632366,0.277876366819485
1.28321975831855,0.198455386765393,1.3102153998728,0.405810846683818,0.366521750984946,0.336442665611044,1,0.100278025445727,0.381542437414496,0.840657667942104,0.125348119454002,0.655494381958793,0.166293419180993,0.82768245573455,0.188727440480834,0.743448182387096,0.201257099648098,0.756596082924759,0.242896906507474
1.13151564813129,0.169761039706694,1.31734813091932,0.372834800034011,0.465712623054625,0.344138547204813,1,-0.387049833053421,0.371673053720755,0.890767641273558,0.12182575786536,0.764058143586478,0.153209924808713,0.730872194615134,0.148592534268901,0.923542065839059,0.168959756090455,0.849231732185632,0.258442098427437
1.13070040535946,0.204507749035108,2.35304552457528,0.77509724790213,-0.10591994701576,0.299926412319267,1,-0.210738971069556,0.456811059224835,0.853501206551321,0.19272686971016,0.88583537571908,0.191359103608073,1.13521759598701,0.191100446027684,1.07758765114868,0.224270006196836,0.831722332754073,0.236624874165738
1.07183378598074,0.149071895863955,1.04098968170605,0.274149703681222,0.505092917242721,0.413776973005635,1,-0.144472819499046,0.355120713131116,0.428969991257232,0.173518837546556,0.763267777721203,0.145696738494655,0.871215083847251,0.132264326220602,0.586867013550019,0.172733778622094,0.790992425679414,0.190591568192951
1.20443847042151,0.198312377712346,1.36893905680221,0.435257854048575,-0.0122008062729716,0.356247007442254,1,0.243339046768158,0.324825562042905,0.551126513505292,0.19944573608092,0.823816521700358,0.148675230878859,0.931671383269681,0.219112796789137,0.698697712477018,0.267753600661326,0.450759832075585,0.303420622894724
1.4210805852086,0.241931338583838,1.74190080221472,0.558060384756637,-0.147481704873461,0.298363402255239,1,-0.24301424593738,0.428851164127148,0.770995151006542,0.168757771736489,1.05547830193785,0.174755722775091,0.964539416434897,0.175912679267059,0.95755696077053,0.194646775136916,0.547083023360236,0.340294134190922
0.848681965695345,0.135689461971822,0.878739290705353,0.250159534600433,0.112610375713666,0.363459624846212,1,-0.416910964474273,0.378804204186225,0.632771841750741,0.168268636176163,0.774955868017856,0.131170839581005,0.655404909012364,0.174967723234567,0.384981023270079,0.21809547006658,0.893927326073199,0.182132037628074
1.19404138585719,0.202415461010153,1.34493631739314,0.453800257116461,0.385981146710144,0.51233898723825,1,0.0842794515963855,0.333684596926135,0.754320231527543,0.163977241340246,0.539102238571631,0.162296529215959,0.501519205037704,0.190256271624033,0.885984685653241,0.21282907625028,1.06587655102071,0.235556759332484
1.04311760628639,0.158379579741308,0.904655576606714,0.26049138083359,0.303888583610201,0.448387639175447,1,0.0279929573531509,0.337929087396255,0.732004648277334,0.11866874249239,0.474284940182457,0.149791865021931,0.766878872306404,0.127531482305827,0.637493344286156,0.189218982308625,0.593290623209747,0.224435729268396
1.23385105121666,0.175417976123834,1.19709978078958,0.302555184176877,0.528622820109182,0.367591586637715,1,-0.00025173811531608,0.363668138583049,0.543377675664388,0.16343303396233,0.793178546348912,0.129190714682611,0.742773753228887,0.181494748486366,0.61471794746508,0.191717583266439,0.78785458674226,0.213488526015405
1.03956853046815,0.158759656957278,0.872979541308266,0.259246832643168,0.730132657542349,0.203722525613687,1,-0.332333300893326,0.379827469726535,0.701489342914173,0.127428002416316,0.73056533755642,0.143106852889204,0.901907086059314,0.151415353634517,0.633106457087256,0.214482594916076,0.77885623890644,0.157818610175724
1.00081292387672,0.190990494400099,1.04178139226567,0.330599408901469,0.0749432204148521,0.370069435923398,1,-0.160902852449807,0.3085311045332,0.66715183272848,0.149118371122133,0.770004084026454,0.159572100050836,0.776987029764614,0.200904754109543,0.650093574272679,0.199546948907988,0.495378672830088,0.306063241397799
1.02624509856595,0.140131283353109,0.892844193377418,0.227877572435391,0.50265372482477,0.342789498854128,1,-0.0398986030254569,0.302104720750802,0.327978484282936,0.154007873692287,0.763928269447727,0.122465198827114,0.655922966049334,0.1542944026057,0.642126021214563,0.163416739673844,0.529681283799115,0.170173322798813
0.952614679828599,0.123475399121399,0.488494469488596,0.130010132850838,0.599757017749532,0.237532115345469,1,-0.489406211049113,0.328905876750484,0.82923872977707,0.106226760113986,0.514389210988862,0.108376438908678,0.69700472325686,0.138652216311874,0.45133559679632,0.177635128735789,0.643294024272911,0.178094565360199
0.995382485130606,0.154016465167879,0.896469802738485,0.272539526958273,0.584774188220983,0.243133152499554,1,-0.00435498906982808,0.296672747713767,0.559496449745161,0.143405569451334,0.743575530823575,0.129409638402828,0.726658073195489,0.150596840299284,0.643465907114782,0.184573522790225,0.612781126187193,0.328582229837899
1.11351606299851,0.146092764843866,0.982756020329607,0.247275095487597,0.794632856722559,0.100684962042814,1,0.360537082286021,0.354716833395697,0.842176243580008,0.103106931875365,0.490494930992862,0.130721167797963,0.801708929060445,0.193186489893488,0.817087726804181,0.158661240233904,0.700379688208836,0.19635068262752
1.41139975842445,0.202321827154321,1.46402206280776,0.366479394368318,0.0935835465682568,0.301402018806854,1,-0.0992240361747912,0.331426230594146,0.850489653110631,0.148067975756241,0.668327672922819,0.153805198369415,0.721847684445532,0.19069868229186,1.05653963693635,0.158226892223194,0.586575653240996,0.243982215904252
0.913264106060606,0.163717700254813,1.18513316365303,0.320157927231509,0.329370834062526,0.375629253439957,1,-0.705119123625956,0.332431735096572,0.872126150980525,0.109879158232628,0.735103440792753,0.132663353716538,0.516426817718278,0.219925172638447,0.407430078084982,0.180339106504966,1.07241439088324,0.18332847569939
1.20477154512907,0.169248698186212,0.980013960904583,0.263368596225888,0.504374243397923,0.349629309821323,1,0.531132500087104,0.343295689120158,0.384736329487953,0.171496869310922,0.825690454604541,0.125397054709802,0.617873543528851,0.1621911478116,0.832647949643123,0.136079666703829,0.698966778991005,0.2233130923742
1.16289033781717,0.169317937746527,0.973619089222904,0.277903910380429,0.535010425698432,0.399582707457972,1,-0.197922420152406,0.400776706781876,0.79593087007522,0.147331250516524,0.526375682521712,0.144132390576074,0.818380305857418,0.132012053256651,0.851911725654366,0.149956597865819,0.627307728838748,0.206090538667604
0.985104949977005,0.150040571695544,0.901234221091023,0.23211501508513,0.493647569413854,0.397692386605492,1,-0.134572770235286,0.391824329960208,0.821817796799598,0.114073103348035,0.512085128452566,0.154508003153758,0.579118302110128,0.162501976590443,0.522616395424278,0.178167423926489,0.61484797633333,0.162893208663442
1.0732680827194,0.146988922826287,0.66918881061211,0.180342094758262,0.491016029817119,0.318781590804392,1,-0.273742781802152,0.373921629341808,0.735390487917934,0.14262277609867,0.753992664731143,0.162919634436006,0.524280507118608,0.17143593409281,0.565511918708384,0.15052786858382,0.324612927174926,0.247225129232767
1.09749171097304,0.175251258857775,1.42056670830046,0.412540417957222,0.215050326552205,0.339738131673564,1,0.176216233944114,0.364726846990063,0.694802782307623,0.129161742479154,0.584552682458501,0.151261910887139,0.605717996150713,0.205443406787008,0.949073898608707,0.193559064379145,0.908975572461673,0.24095002196466
1.29833658211333,0.180904605827009,1.46919662969804,0.382925421057531,0.544292171909771,0.296055612423544,1,-0.188553966754833,0.317243489930043,0.756535709160528,0.129447269157182,0.989713555526281,0.119029213754746,0.838568836701977,0.146243003704578,1.01428779315748,0.160845728345305,0.575716393041552,0.228358234094232
1.11716652118379,0.172899357787217,0.921227632896282,0.242187326547877,-0.181720128706581,0.23374977216013,1,0.166955971373584,0.308242129044458,0.817055895397544,0.134483491972037,0.678699943462642,0.143797786309853,0.757296226983604,0.168137098640296,0.821968143464279,0.197822129363155,0.914366976075218,0.211658656923949
0.858872335350756,0.177130033406897,1.33404307944029,0.335822823061815,0.407067059768477,0.495986413077252,1,-0.83848074487355,0.378543085661268,0.682784025194883,0.132515005302026,0.558485171554313,0.12068701431894,0.838405647301698,0.158227246652331,0.382898132401833,0.198963954031209,0.524071357539076,0.210514165422788
0.990593069665776,0.131747938351849,0.801297321956028,0.208441273881485,0.104010412653591,0.276483685024107,1,0.0983673001916139,0.231673392751028,0.48184480671217,0.134302009441545,0.64909630269009,0.115292173173906,0.770012734229641,0.161797446081006,0.302857717058163,0.224712844850395,0.541435994287706,0.223040602638878
1.46166778390802,0.290330668124414,2.01825662804497,0.767612269470266,-0.330665630063158,0.322692342893211,1,-0.151712586828621,0.412859170935463,0.868395588802859,0.220886979281399,1.21074805791612,0.189224755283345,0.9059691124841,0.230023764362117,0.959941673767042,0.255840581699959,1.06746362005349,0.276318268056013
0.990791517189254,0.138296026866763,0.915960703445665,0.236258162985896,0.726624377847812,0.166081128141261,1,-0.268046985824456,0.33414453157295,0.719937387765623,0.143963651079475,0.513272859198272,0.130649272703239,0.702599184859848,0.188710857987907,0.646590756575129,0.177732037179594,1.02687407928571,0.138945023807828
1.08138741751439,0.156226090877786,0.683384226781008,0.189263204703928,0.284278099395621,0.423566999655041,1,-0.116898322164282,0.372286710714735,0.688708480524776,0.153468484981199,0.592058409406074,0.146333556121384,0.769430847555588,0.147480982301805,0.302772985050811,0.198267210293719,0.398978157429395,0.189874685004936
1.27979206020064,0.228174291258762,1.49017349910114,0.490882072360366,-0.0766540921523942,0.300106462830276,1,-0.163778847884348,0.384706898778791,0.963158269060839,0.178840701253962,0.720933097023617,0.160871587289482,0.885501719505542,0.183709828465855,0.812085431510328,0.229975034246899,0.773336749342875,0.287225511512305
1.31418789246519,0.184629388587959,1.19507480302105,0.388407817084446,0.43758367665541,0.448769357451471,1,0.556088905071947,0.390158426363437,0.54949296809712,0.172415919085485,0.824875758526536,0.127501140849987,0.789313620336263,0.194876642584162,0.821825191941429,0.230237118845987,0.76772467914085,0.244230598629103
1.21101057916972,0.187254066888697,1.14053383905494,0.343218626599026,0.0311464832901317,0.398123703015909,1,0.00996244557725876,0.273316402513822,0.600722930949523,0.155579345392347,0.802377905243192,0.15616101355463,0.916043873989948,0.181941018053119,0.436594209254681,0.245387619656253,0.920574312169652,0.200498272625101
1.15430600061605,0.170909916054786,1.15004817741038,0.342010795330569,0.390052413575389,0.410162473460119,1,0.21033964359547,0.373183164769066,0.731180195952026,0.137660171477523,0.782954448294948,0.141656381235827,0.649557541613382,0.200185475609235,0.61206351077425,0.218545963977104,0.7272425841175,0.225191079970121
1.11040643059719,0.187159686214687,1.00052331877488,0.354182147464933,0.246680758326881,0.389021205559862,1,0.243499094663473,0.344487500744718,0.499684096115237,0.162310608550291,0.98172711541393,0.163674511298863,0.335879188410496,0.255619983927478,0.890295166128445,0.196026798810622,0.816906706760792,0.240797684020174
1.28714939513525,0.206369140895482,1.48522807563646,0.438100887623537,-0.00454959315053094,0.36351318769574,1,0.0475191318198455,0.338516523627141,0.917035869476382,0.143772393281532,0.732630018799847,0.197412245234488,0.734473342081977,0.197677344592216,0.867187061475176,0.185885250664772,0.744737166764624,0.199559725188039
1.32193774904317,0.137340685391467,0.630875301164356,0.169154391343121,0.384916910262933,0.311136289908104,1,0.611409422010762,0.252269484527662,0.391783533768522,0.130996326513173,0.816112736348156,0.113775329968392,0.589497237930737,0.134942518715076,0.643088885399327,0.188194656742374,0.696971954265303,0.209211580558573
1.03103563529591,0.152208510199643,0.630054645520898,0.190527259815585,0.305641513892146,0.400458508266727,1,0.202439795871771,0.278160961404972,0.746508883414421,0.135342137002006,0.656780877827818,0.186001750784145,0.55439082673291,0.166480866217579,0.560984650238461,0.194098131329382,0.389838474871573,0.327835094973997
1.00825482769395,0.168230160150346,1.05471933582002,0.320322064366561,0.173721360877386,0.363487398424711,1,-0.0570944913456954,0.346563842485008,0.619384463836729,0.143263305850876,0.695813414068414,0.157283403218188,0.761236199320621,0.171003066652054,0.848601724661309,0.205245058108776,0.778383434738669,0.235777285780902
0.992666342851768,0.139836642843114,0.786261510283011,0.225490737184277,0.367565061736944,0.386567220776841,1,0.140915116373926,0.359515751422592,0.547965463271901,0.148289400740575,0.776995216945775,0.145165191891665,0.565408114154673,0.206804137732281,0.530877052943679,0.210862572036314,0.520944548377742,0.189817121786908
0.913367382278807,0.115953111144399,0.536771107181074,0.133454038680967,0.787674775833568,0.101782319976867,1,-0.225321992425493,0.367929969606562,0.635178571695015,0.137905900148337,0.579775726946016,0.139986471873952,0.55681213995159,0.120079615273178,0.542049955501074,0.131299491758601,0.442138200799032,0.170987817713537
1.08349306737274,0.172502864451663,1.06679107390057,0.272007377344853,0.00274977989464133,0.31491193172912,1,0.136754879657356,0.354183334382913,0.811239481894981,0.139245749591102,0.549702367523461,0.152576463162265,0.6532417046308,0.175612122640425,0.798194006127921,0.206137673779622,0.733795160671744,0.162768285706811
1.07725408183253,0.14951553486347,1.11004717950174,0.253692198022414,0.644289121837338,0.176713085000414,1,-0.230790812353624,0.355341811809675,0.939587064622043,0.131476894997793,0.611842768291689,0.113101197705515,0.664837621903965,0.145407318705378,0.631474535626639,0.1992904580839,0.796834076214076,0.142765265377581
1.07045669424645,0.157555486515788,0.934717037902821,0.227025402811059,0.434299906686674,0.364621296864733,1,-0.823892834145814,0.382416467691327,0.805918959920744,0.133560368912315,0.672527329746635,0.119708184239259,0.61172784026611,0.146572328430272,0.679482669325193,0.180188522683263,0.379094122358542,0.255649342234565
1.13663629175547,0.204875228001296,1.04791413787649,0.357287125219535,-0.0412935088441167,0.293890064846783,1,0.215544482931294,0.30515804391466,0.650744332239685,0.184158673305492,0.945081352063686,0.185173631010522,0.607051119532104,0.243451152341836,0.883307573809705,0.192419488303822,0.624448943782319,0.252106524612375
1.25444855933303,0.180580637547252,1.50006091150224,0.3941146182097,0.173080318432799,0.350010156318821,1,-1.04558807027143,0.404321485372757,1.11856162670915,0.140016161703427,0.6304173304715,0.168771576028992,0.938082256068202,0.153627439101513,0.816618609018097,0.18629331506332,0.876240291348922,0.195466157440388
1.22878385437816,0.15607292866621,0.782357927549939,0.213176560804471,0.777410564852697,0.112535109596024,1,0.424348622925467,0.374021805669781,0.750333041465669,0.122844056632742,0.850040098350125,0.14610482405445,0.696292697870535,0.133670586400777,0.904019652638332,0.161200847947339,0.387855821106483,0.290246839151676
1.11121540706323,0.186668585888146,1.03673348944051,0.333381465875859,0.254871189624723,0.432693363803839,1,-0.0190357980136244,0.335717399439436,0.732046305364061,0.186258550734958,0.788913903523899,0.160415278165099,0.65590494112012,0.178017251614733,0.758786365093596,0.178693029497761,0.533427398115235,0.347560560511563
0.964782531235818,0.15839258817419,1.10272058489524,0.370456693306274,-0.0862711589791192,0.303303353401237,1,-0.257984925659565,0.278416742218175,0.653244821921047,0.129234266934623,0.818847852110616,0.179092296479204,0.574716768085859,0.220197753805572,0.657726707372811,0.225365262340535,0.831184590110183,0.201746113703625
1.37069394081677,0.167701471013016,1.19402116501993,0.317165281013847,0.474760863069376,0.414025265400128,1,0.47379576320499,0.352728422912278,0.701898433378709,0.142601132186332,0.813908291527604,0.140745484015548,0.939105669126401,0.178807281136409,0.973903925495032,0.227996008511506,0.793921225910483,0.25001508444869
0.977764392794264,0.138297387605781,0.894542389665041,0.230687482183095,0.293805862192124,0.305822700164892,1,-0.364983382622924,0.304674839242993,0.827809908934177,0.130566061694253,0.464429906630527,0.14535631565939,0.737142327079743,0.155504186394407,0.946571381606622,0.2234742815194,0.660732688495563,0.328377565330428
1.29999462490292,0.187877623572687,1.34229686903639,0.3834459064393,-0.0940309190595736,0.32429456852099,1,0.175193816558124,0.271558348349088,0.604414465696861,0.145122169949111,0.963554924528528,0.138336208524317,0.745134053384863,0.20300243433585,0.914606628946558,0.195769179358413,0.499082959391029,0.247016009927427
1.01853965844214,0.147485718973153,0.83591880033656,0.209408455138715,0.45069174632843,0.250857072219997,1,-0.121700727112845,0.2966757651736,0.590016540647707,0.126210389151426,0.720996561795293,0.124032087648421,0.841479063856627,0.166061003972356,0.300065903485779,0.227264635812142,0.786504391836566,0.18053295897729
1.09867982826753,0.162280942937586,1.16852938268961,0.320664046340028,0.0872441539731766,0.275177109862677,1,-0.331556567832141,0.305409281652508,0.736815123332469,0.121256330141854,0.773641292655837,0.166419250913958,0.712293003021492,0.164483524131061,0.721219116281321,0.191601946549514,0.869808012836886,0.236015306515306
0.969430165841471,0.137769315244276,0.752652116424231,0.213178039456451,0.0267496329918537,0.289976897706172,1,-0.279044821672028,0.309514455866056,0.653702821786343,0.17944702094653,0.701171455405028,0.154425988645743,0.758322992832694,0.133265372634386,0.74245982336802,0.1837802779182,0.658745345545423,0.244821898223671
1.06859576285162,0.143894291561729,0.705736713161653,0.16680367664727,0.492508811880568,0.269069582969092,1,-0.726854445387267,0.39276772026358,0.671644451345209,0.140059123812003,0.800464076313187,0.113097898301099,0.68638654355582,0.152391954704942,0.573913989681062,0.147873271653809,0.620774010616838,0.185500647590547
