"beta","beta_sd","omega","omega_sd","rho","rho_sd","conv_code","tau1","tau1_sd","tau2","tau2_sd","tau3","tau3_sd","tau4","tau4_sd","tau5","tau5_sd","tau6","tau6_sd"
1.05998101323581,0.165253605339465,16.7759884470853,2.42402668556615,0.145412522057817,0.206917428937325,1,-0.031962545917247,0.195341450898591,0.637648465028595,0.0915691652339806,0.72876744604805,0.0878657404024709,0.899726472791229,0.0993296349034908,0.694882601899395,0.106856715245753,0.818567549455671,0.0998746902790004
0.719750737174563,0.148018757798845,14.2613011388265,1.90818271840147,0.57555978127282,0.176604219767388,1,-0.0935997207401556,0.174159892501079,0.713180916338666,0.0682989337344129,0.686842637223008,0.0886725871386044,0.50618035533862,0.0960054989349116,0.723029899817114,0.0917802755368686,0.71184085787007,0.115229849665812
1.08566042265082,0.158155317886178,15.4521425161764,2.2948112655311,0.215765877675801,0.249789827084466,1,-0.112496011466896,0.173256535962876,0.740742277615556,0.0839626140999191,0.668367604602891,0.0850489926102178,0.699445545288784,0.0994154418589358,0.844331158907535,0.0975925727057872,0.633701326707655,0.118725877139172
1.19150798637094,0.175030345925452,18.9089175389804,2.61241940929786,0.440273748895846,0.270820508110821,1,-0.0303882301775811,0.184964357466177,0.753993025898081,0.0819287501277544,0.836548603544288,0.0973090427031718,0.706489022099396,0.0941263233090158,0.698480536698693,0.10359543782385,0.794417517745379,0.095342405130576
1.09834973040166,0.167768658138323,16.8759334902718,2.47267816939317,0.21515960231373,0.2333453913807,1,0.0757908244810165,0.175304481086463,0.769816241178407,0.0845478276112034,0.714723860669539,0.092784006407896,0.723296330592729,0.0907832225040252,0.739590486538834,0.107680553117693,0.705154116055528,0.113882811400702
1.01758305264258,0.160963773520674,15.8561694059924,2.18635762813809,0.540983100106212,0.161715863758692,1,0.206476641700061,0.185819115715095,0.652317287709469,0.077533260992889,0.643792610418523,0.103406120752824,0.711900681376781,0.0843308269532661,0.660480632859642,0.0971074108626896,0.641011295847532,0.125450069171376
0.893074187229866,0.155130431867292,14.7964373545946,2.32681047484774,0.104083113353066,0.194600975786374,1,0.00149991081936482,0.168565916578832,0.541097987130242,0.0907223690573077,0.708043277240391,0.0940435439826265,0.540294109988992,0.11358451248567,0.816005977930493,0.0953993606221273,0.797576770578523,0.114832914895871
1.07970116855436,0.197950319083743,21.995750136725,4.02479820435616,0.0420589679086714,0.250482798848661,1,-0.17374882232575,0.180718568497216,0.836417000759748,0.102675474276392,0.595989498426343,0.103130204321236,0.751735250406698,0.124536271920588,0.728072397135628,0.114583239669114,0.866251178256465,0.128486359860873
0.854213988985849,0.149103791492583,14.3822329742011,2.14033818032775,0.258141301704617,0.238455461647057,1,-0.0822551318665991,0.16924636529498,0.677631139182535,0.0858700018307771,0.644312346593976,0.0811352151029422,0.515562990838368,0.0993743531572552,0.57226316897874,0.107195437584871,0.592480331122955,0.118077487134478
0.927048502097907,0.148137814991532,13.4108182815371,1.7027819098317,0.617439810049257,0.209540491464866,1,-0.000202556180830762,0.181564413569106,0.550665368529485,0.0787800437865158,0.62448544861926,0.0876011885722922,0.633296587429402,0.0845792239578976,0.699724884468978,0.0895179783811738,0.553759268016284,0.109155334516579
0.972609260381117,0.140396302036941,11.4045304905134,1.60626282127802,0.379355564279855,0.239711290436726,1,-0.130937272951306,0.158224656839414,0.700107878363795,0.0712237703753673,0.681680738863509,0.0742129576489997,0.596063572583377,0.0916938536977572,0.739698781399554,0.0982964376309993,0.723575791642948,0.117719030275388
1.24979780606369,0.179869149917709,18.0006538411101,2.74390380076703,0.230172803290102,0.271625639932823,1,0.276711984026537,0.175836240631339,0.675407562245102,0.0847908436779751,0.812126861316475,0.0944477781623352,0.509965702942792,0.11626155057958,0.734337302307444,0.109407247217228,0.801766627125053,0.10896001461652
1.06656806456827,0.160963979434604,15.7889610795483,2.21296149241524,0.309738989406445,0.226372524279473,1,0.0306196124276562,0.162947958998234,0.795717682532796,0.0793604907128665,0.700221399632004,0.0915816080488548,0.68234155607171,0.0915254715372717,0.821117209458612,0.0954318152014362,0.490404814181249,0.113476846830303
0.844112037502083,0.17401166024803,17.9112443140671,3.0574590333817,0.0414808793648842,0.224908064533832,1,-0.290038156799027,0.222912843544366,0.723959959171546,0.0999416420480101,0.771163139127478,0.108905251942874,0.830185489080007,0.107356213550821,0.607440241048751,0.107144071459292,0.757497829692884,0.126320844441525
1.05129766878529,0.164707367423343,17.4459108325523,2.70147048932488,0.198721630401116,0.258409023540531,1,-0.148483448038651,0.183607243055499,0.756638884185844,0.0868472361807922,0.79889670241495,0.0969171486971336,0.770605390797742,0.0926971908521312,0.489441059792814,0.119728277543981,0.619511372847384,0.119858218235466
1.09313987439583,0.155360525847742,14.4195222937843,2.00792080849272,0.276698884497451,0.236868386238715,1,-0.0712833868566816,0.154191367704812,0.72864192861046,0.0782735873810166,0.817861225166886,0.0945209631469113,0.507715061017207,0.100337465040798,0.749712427881093,0.0977977536051162,0.51922310794151,0.116506866417768
1.15535628507073,0.168148797498183,16.1377503037367,2.44943528279167,0.230739035090061,0.23097993280153,1,0.0385539901207521,0.173661151622135,0.620451853184057,0.0826299686925895,0.723100903024154,0.0917324572178555,0.799080131836615,0.0908169408627612,0.687526160770944,0.102593359779064,0.817593931110516,0.123473982573338
0.975390095573544,0.149047805055895,13.9570691812395,1.8614750799977,0.229479921817969,0.243018909181683,1,0.0497086822585179,0.172305694144766,0.606633202950659,0.0819061141677488,0.67364116984973,0.0764284024229863,0.782754198847638,0.0924318992860145,0.744325319669377,0.0949819767403918,0.729376338997242,0.091826457390462
1.11109536633423,0.1663193018921,17.3805440038553,2.3352868447977,0.546005856433581,0.254128361832838,1,0.135826356284858,0.192752676204573,0.751684621534699,0.0819092727075744,0.718756808159584,0.0921014835115049,0.619962432095894,0.0882535273421497,0.694326831269771,0.0824239448693782,0.693400419144137,0.105534976624322
1.05566632623502,0.161413398347093,16.2200191221558,2.45003097600801,0.362193356871936,0.281478908243575,1,-0.212652532632302,0.199859724220599,0.769907132190385,0.0918346675057253,0.684998491028327,0.0886022342034123,0.697381491311369,0.101173119737708,0.717072850478744,0.104560215108953,0.542816073373126,0.118938698287195
1.04659932228137,0.171192372240494,18.0869729672923,2.25920865093508,0.735624375560834,0.103667690048178,1,-0.166073222075009,0.203514880906316,0.794677600751384,0.085088026467685,0.867066532105341,0.0764059743932632,0.680361910534425,0.080427803614899,0.57577765758176,0.0964767807575793,0.914737275723099,0.106082838088161
0.977536089037022,0.173979859128129,17.4375842468995,2.56149776074969,0.229119355862206,0.220743146902302,1,0.109543555167219,0.194897019443823,0.815827214244782,0.0829963448926762,0.672104277999578,0.0926896890137496,0.685794116662637,0.10153422360741,0.748722935432472,0.114673475428169,0.751286336657723,0.0958539177762606
0.851071769672088,0.16607198981963,18.1878402204974,2.13094244279624,0.502434863861945,0.121881892475723,1,-0.0683117392061854,0.183134337956221,0.765066598737543,0.0710698663723003,0.74438661012455,0.0863805387740185,0.692155413498169,0.0982484735415669,0.707963468125009,0.0875171933595367,0.656662028594356,0.110695321960238
1.00354817433376,0.184560259047567,19.3067706007356,2.98838958370457,0.0439095303119877,0.179676549824361,1,0.171330930396207,0.191432053831313,0.636463945601278,0.0972101460327094,0.835614014074999,0.0901763889068742,0.698719949073919,0.0987497206930332,0.659689925367867,0.1124103769786,0.744765517079599,0.126951802933408
1.14228693769943,0.149357644428272,12.5419801031291,1.83343661822675,0.210285600785911,0.19745936621094,1,0.331035349065468,0.191882307864641,0.682732105540857,0.0932886509804465,0.594003093367419,0.104681982385008,0.702276164350347,0.0970582302931322,0.754733192044307,0.0931844522990637,0.768247847830929,0.0987203017724511
1.44713787943584,0.192355757313513,18.3726405159809,2.98952839172649,-0.0500149201850774,0.192031237645714,1,-0.0297868821041542,0.161129599821153,0.947615294804335,0.0897481284475062,0.857041693917364,0.102261699182486,0.743644853919444,0.101762666995174,0.784234920334638,0.111404709440985,0.93699349260498,0.110831065176384
1.08483008684827,0.178502841415012,18.0761332969184,3.05314878166236,0.0331301607994469,0.21602562970081,1,0.414211873820319,0.17992469220406,0.785186263895749,0.10211396880072,0.701420919333351,0.0989932491748937,0.715166048284384,0.110246630810118,0.772921208450647,0.10334633774676,0.537031116047303,0.136552437305697
0.951397936605662,0.169351546305648,18.2728360703017,2.49863085973899,0.305708448127939,0.204612942241679,1,-0.0920771735180809,0.193968125502208,0.746363381255521,0.0789414602383573,0.767293969051477,0.0842988142118969,0.850022872564213,0.0944952561390337,0.678978918799297,0.100029961955007,0.722729326985692,0.106863574617207
1.03680192823612,0.160764322877318,14.6247956898079,2.40052655956773,0.225047738005483,0.228951083867403,1,0.194890267891105,0.165688657981665,0.678431131324875,0.0797392641656098,0.734602221388188,0.10293833291677,0.770686618216996,0.106712491826963,0.739871340608193,0.103918853841996,0.756068588399562,0.128285120518208
0.870113683939389,0.162044861760745,16.0775674888665,2.35642984765125,0.41618166951004,0.266294499647859,1,0.157369009166766,0.184862500079791,0.667751362983193,0.0839092554185272,0.746070512230179,0.0734210891217722,0.729164288337065,0.108255998235352,0.735215157711502,0.116302658233015,0.598716693957975,0.123492458526754
0.992997063248274,0.16135632964442,14.9907330426607,2.16926636719177,0.37137079802892,0.240677743639289,1,-0.108346498316526,0.170791898494884,0.700918506006018,0.0849626790687805,0.703388915471144,0.0819172119745688,0.582226713117964,0.10339656525171,0.726740013989329,0.0969572068385464,0.693574279772328,0.111513899786416
1.03829784846231,0.160927427913226,14.9711377616602,2.1110350802149,0.591485203991635,0.153455700032528,1,0.0208383826930164,0.18722652875322,0.630239941651535,0.0873747187783578,0.585792758392224,0.0960869938660786,0.645735607989219,0.0901313057956895,0.777827885803751,0.0964968558671217,0.47535697800808,0.112330789879748
1.08445422854628,0.162360660056791,17.272645854961,2.29625570156933,0.429943444278401,0.231504051552051,1,0.0590715293469198,0.175069540945088,0.672833044790004,0.0851460063830183,0.754411134591016,0.0849681382782293,0.848533810387951,0.0966887512546147,0.714787512896466,0.0935579478439918,0.735846503764597,0.103822283962489
1.18420155577869,0.161948097805135,15.1986614484915,2.17379429338739,0.168200418417209,0.184770633606674,1,-0.0382228519906894,0.178315560467003,0.649859849556623,0.0844417408280301,0.69669170733834,0.0940146377551365,0.553129416741217,0.0956260630516901,0.716030366940587,0.0892367942094963,0.681829836612631,0.116157520150938
1.04757306252009,0.159604559729232,14.724132209137,2.11172037825692,0.140942384546689,0.18281330272149,1,-0.0955626010357637,0.150919452435453,0.634045790826224,0.0816973320867369,0.827704359325672,0.0846827520163986,0.617204477354005,0.10008422230625,0.558981004574679,0.111617861203703,0.790106573143976,0.101452067997318
1.2700308152203,0.165517990368686,14.5628303039835,2.02924321508761,0.430367959180777,0.251859971430376,1,-0.0937245257521973,0.182868104281478,0.699330670580822,0.0831158354285205,0.679167233432837,0.0841268194896915,0.721367518990809,0.0863193157409295,0.776777337401993,0.102112716364909,0.559641581345219,0.114055248917182
0.815531296292826,0.161152803073911,17.1692507284259,2.29292113640628,0.22481711645101,0.237000029947453,1,-0.270290716463861,0.179927838473338,0.692493922520907,0.0918856343668428,0.667096103517129,0.0827684971020772,0.724953054073559,0.0937551557734838,0.569951366065551,0.105021279275598,0.773502210549613,0.101516323022385
1.07525819724105,0.165617849021588,16.636859592217,2.4963709505811,0.253029605006666,0.231097108483733,1,0.128739706023575,0.160120609028393,0.698403481146704,0.081710703783567,0.748517807010577,0.093793350846489,0.771934435923918,0.0988834643251775,0.807909564481056,0.0942578901785133,0.642537730140136,0.129540403278233
1.05003912434859,0.170349357538368,17.5668737583402,2.5508434999006,0.366849220959129,0.270070769574778,1,-0.0535202072966799,0.176720906152484,0.729429383135684,0.0867191772623652,0.731516403901566,0.0871838500502493,0.642853902958857,0.0974998354047454,0.730631225999737,0.105784778736289,0.743074672287163,0.116406699740327
0.936178821031396,0.158705364828584,15.3149390262574,2.03407030526507,0.380614123859434,0.22310933037407,1,-0.23385896112074,0.190955500299325,0.76980531674696,0.0747008957054139,0.66115389501599,0.0809371691737382,0.565756980568963,0.103416843002449,0.720870338260539,0.093127139133673,0.682876467674371,0.107718799943968
0.905009872425146,0.160224510137251,16.1653006105813,1.9599279637443,0.467977301650719,0.219717807699111,1,0.101205175586362,0.170087413932423,0.618945915958631,0.0767534261836316,0.661849099251899,0.0838252818228177,0.737493623654946,0.0901247186086548,0.701689104909336,0.0924349965401467,0.549520552393615,0.109789729615739
0.893905672877309,0.146005787597005,12.6868459653571,1.62587386876743,0.54277059889893,0.207597176389058,1,0.203309053882446,0.183988038560231,0.516413047659849,0.076489963552105,0.674537801710562,0.0744395857946122,0.757023315641809,0.096941022769932,0.670475581334969,0.0946912816931278,0.582478644207975,0.0958257443961142
1.32660697923682,0.179770777719921,17.5868194916254,2.95045138914087,0.100531207861136,0.231987550501515,1,0.105255320076164,0.17572807585425,0.698008796692967,0.100389772071663,0.828409180681952,0.0844347046377219,0.775196444922016,0.107968740339591,0.630108638808775,0.128462862009396,0.796371944815274,0.121279460030405
1.11143459129407,0.16320576525096,15.433407280921,2.43320786937644,0.202711770887779,0.249245736193849,1,0.0623117300076373,0.178968647514465,0.742149608729398,0.0888478305532254,0.617690621671356,0.099189911823856,0.733750675724676,0.094890675136822,0.595638235215188,0.118754173238916,0.781577824175491,0.112229817061134
1.0540687622956,0.163412919809839,15.1022591186355,2.33056933381368,0.173406438273305,0.2385017569524,1,-0.180512881106315,0.166412694265784,0.722321573539985,0.0882229448502181,0.73121561844037,0.0900931432735999,0.712391346431343,0.0993855805621281,0.710916731846383,0.101613289835851,0.668113826545595,0.119502575229424
1.37448330338789,0.176143846426989,17.9104065974729,2.38828106040855,0.432779190582026,0.267344189603883,1,0.297081014000134,0.195868428245562,0.69203265416736,0.0786541337456345,0.764575111301603,0.0922304175044028,0.751025974360643,0.0835648834853219,0.8000238594477,0.0922003258049055,0.723725308632245,0.102013541745024
1.00641714572321,0.161597351918053,15.7693562207091,2.23856538612779,0.384780010796222,0.275747595262546,1,-0.0437029008822301,0.19199752326915,0.603508734518847,0.0857516028947023,0.688768195023481,0.100551520379952,0.711340585320108,0.0949925337700021,0.63113639562357,0.0978656140051143,0.79888110848707,0.100222380757784
0.795689422127039,0.151750876845241,15.0580726552264,2.04795559093224,0.637657545557791,0.169850688198645,1,-0.231327763271466,0.193815080889192,0.733624420408851,0.080486820794218,0.760468226205103,0.0876294487782924,0.405739470700595,0.107821269821464,0.656576908075369,0.101709179155762,0.630048968630942,0.10319583357602
0.983049301840783,0.171634972838872,16.6028994476079,2.5830974800102,0.22465392798152,0.250248491533931,1,0.266003728298115,0.198230255271371,0.779472651151237,0.0921897580006089,0.575341478988889,0.0982919769885531,0.661124128659813,0.0901670627589793,0.630536214858644,0.109129030989123,0.735229850628315,0.107273473092001
1.00303259755975,0.171884555266686,17.8614392222525,2.75917737932525,0.18371996074368,0.241804340957662,1,-0.0731069225455113,0.177765359480148,0.742738707489199,0.0892714318636899,0.732546846301291,0.0893717958701207,0.796343912503224,0.104874935894995,0.673868624807729,0.10908093338806,0.756965709027925,0.11243593497354
1.12821260393879,0.180749312222642,20.5961092538527,2.87337426727311,0.357081838072422,0.214266679385158,1,-0.074893246223393,0.193794005841627,0.710114129627896,0.0804781192351496,0.784436660556712,0.0848048192014496,0.813702305785518,0.100960875562554,0.835253357349326,0.100976174571084,0.917804873205044,0.103081862072719
1.26829601796592,0.170026969816395,18.5582512264099,2.45439199556519,0.465580066049711,0.159681823797607,1,0.237487594840819,0.18457834806201,0.687713373641084,0.0798417800189784,0.695144563620851,0.0917166884840749,0.784080812083581,0.0787067828391541,0.814456494005852,0.1001694585103,0.57470855985032,0.115137537280622
0.804232734319617,0.174776598204816,18.9900143616018,2.73024984799734,0.283259104930029,0.270909569277862,1,-0.112452690901699,0.193658605551675,0.72489555832331,0.0868780569234607,0.702032637722982,0.0887359983009275,0.634178585114569,0.101672357260982,0.728164808214567,0.102108974748553,0.699060570491974,0.111021390546745
1.15767644181814,0.165413063075652,16.867996890709,2.23462822754188,0.254665453103972,0.164104664334796,1,-0.0579722650784774,0.175272986897476,0.70895996989895,0.0715631886251984,0.79876172503906,0.0926834603815019,0.793727711183183,0.0884671700826071,0.795419656746631,0.0964090917994135,0.755072317478394,0.095384034189636
0.873268740695457,0.178022962801794,18.6118392463529,2.97614248308969,0.069420574418231,0.196692747798179,1,-0.18856738680693,0.183105416789411,0.820052181485845,0.0935010521566595,0.646450066891922,0.0971294096352399,0.717818424966773,0.0985797309146411,0.728163579877064,0.106966418416248,0.658475679610952,0.114481436494515
1.2294761602653,0.150623330423048,14.4950941171907,1.79547453312252,0.636310283677045,0.163672576520153,1,-0.00265756737315251,0.163678503798269,0.637849744436996,0.0745190356161608,0.780220411887018,0.0823297447093408,0.669629284780509,0.0939349842085904,0.715919892870351,0.0791056986645309,0.703654037798661,0.105088901419335
0.868478853054006,0.172714824028285,16.4837906161508,2.57764469752411,0.148392130614273,0.219558040757702,1,0.22781687750398,0.215816153126003,0.672830095032145,0.103745801390175,0.708072528995535,0.0924195360205789,0.649051446932584,0.0990233093778445,0.768229786354632,0.100198778119386,0.761972565874347,0.115621213375248
0.967502695539969,0.159129171736517,15.7439005364537,2.13843409449818,0.481994823247981,0.228151037748348,1,-0.136897261768986,0.165277516597401,0.596292019243437,0.0755284548942702,0.644239918087533,0.0836528113614229,0.560830539135704,0.0854987697852858,0.690082636597657,0.0969012126922672,0.563567259767611,0.114740933977306
1.33965786007254,0.181545321136709,19.0473819764225,2.8801872684388,0.495529656790986,0.254762455966512,1,0.113199040704915,0.20248691872954,0.774074778795753,0.089416535447156,0.708061564597786,0.10235225650004,0.800247919473489,0.0853314863053758,0.85993101038654,0.0974662343739062,0.792185000977119,0.108551026884992
0.885668399157306,0.149510585297127,14.2840376685578,1.69297601573898,0.703971438929337,0.126527550688795,1,0.169425132118913,0.17409891417046,0.714123682494092,0.0715553038084295,0.646822636081226,0.0756100395427726,0.669930504041708,0.0954042430207338,0.758978200054003,0.0885079618650724,0.692778401890084,0.0840486857542022
0.837273385613218,0.157938027203917,14.8881166207426,1.90894856591769,0.720887725194649,0.111541206283738,1,0.37604906926787,0.201120268382198,0.710418071786902,0.0801278160455404,0.672784869262682,0.0878641041498627,0.610925892044483,0.0948844858505153,0.75399008984607,0.0847783340154567,0.772242156648931,0.116288524454643
0.986930503905633,0.156498313827575,13.5977546578632,1.97727116556009,0.118548524790535,0.210411128441387,1,-0.19304483242606,0.186409074925267,0.738068725196947,0.0819615675608639,0.742964940287743,0.0923222902995043,0.642809612908992,0.0946251213926618,0.611019191187359,0.11374534807464,0.605878735155522,0.110477647312081
1.03813245076453,0.160433975855902,16.3441441206873,2.17868472631467,0.353202493698215,0.248772693349487,1,0.0529610578126007,0.176922440328473,0.676721886211107,0.0767591461774785,0.796528529689774,0.0824530303936739,0.823497074445856,0.08878224660551,0.819571802819469,0.105974405507531,0.67357917497326,0.107719172606431
0.909355395068781,0.157756070422649,15.2242120082624,2.22340844970908,0.314992095917685,0.26162068303263,1,-0.160878360163236,0.178653190137797,0.716077161404427,0.0868350500774772,0.784460439967247,0.0891319658609304,0.737380196478165,0.0917665280291483,0.641743779285193,0.0999669088761061,0.756441289122613,0.0995604198355831
0.952804818805446,0.143967781580578,12.5247347887037,1.59396540637895,0.589010352507129,0.206308563746157,1,-0.0571104472631334,0.17839451301325,0.772260191158253,0.0757251645706007,0.6651906873447,0.0863116724225985,0.595370653550543,0.0930590948517563,0.670382785027147,0.0861248076198086,0.61219199974596,0.104140213167792
0.959289955707043,0.150133645177668,12.9607874098057,2.01765844554795,0.292929305507617,0.259722467483854,1,0.1664342589113,0.190610120749298,0.602635732515631,0.09355720868275,0.602518336344313,0.0975508863913063,0.696414578022029,0.0968907330876113,0.686393017347284,0.101545711990159,0.832822577471755,0.10377182590905
1.18156058280591,0.212189870935684,26.9291227054352,4.56739513802682,-0.01116108057754,0.208752691871321,1,0.17835631305052,0.200907717056872,0.78294289218638,0.087460491837279,1.00082038874581,0.089659204067614,0.754099651654414,0.112937162552989,0.804727197852988,0.1112079632951,0.820611377253704,0.135936542205791
1.1296039842746,0.166987033872001,16.6830883563572,2.28091723561331,0.486612559776606,0.24517278365331,1,0.329762374067464,0.176219117775648,0.550485460169863,0.0769555526254608,0.859664667250903,0.0824257025301987,0.4645070059862,0.100980644148011,0.711204030903593,0.0967549544690309,0.557964035514541,0.118697231784471
1.29534594736059,0.169898570503305,15.8006684575701,2.40786709762501,0.225271778900317,0.277563331131488,1,0.18007755552581,0.178574393374021,0.689961239768445,0.0934887901453256,0.630528068135857,0.0867394699389034,0.738238217104622,0.0951078544861098,0.649616735047308,0.113568405641526,0.703050172834666,0.1060894198817
0.788288030078212,0.15355867263586,14.4202284131481,2.00245544851005,0.38809340113276,0.244718278733157,1,-0.15245353601935,0.212989310245003,0.68133351348411,0.0933589894141977,0.639007537672396,0.0887399273602068,0.490135905616323,0.101537644964951,0.615151013937153,0.104577455224272,0.660177691669984,0.109240046216265
1.1362044296879,0.175122166683774,17.1127464494164,2.83534625679358,-0.0125021609553133,0.189520614474649,1,0.0320500866336326,0.188251955579453,0.802204473151986,0.0938771626328781,0.579203720181147,0.101194751976494,0.792772824208135,0.0980090948663712,0.911216040445719,0.120538523640205,0.770778030510866,0.124016584160416
1.3139057412462,0.178726716954397,16.2127521925314,2.60532965804012,0.241935854101868,0.269018146245319,1,0.0918177642296102,0.163668066216738,0.723600007305689,0.0853015970564931,0.65578565299953,0.0997526948457073,0.70772578521207,0.10064340703109,0.739705420612983,0.100235074991435,0.631312625929156,0.118116723325071
0.92088629985018,0.139478326474135,11.2930037438995,1.3628112671447,0.56249939925708,0.206946087213566,1,0.137790725366799,0.186273538764788,0.674908551454749,0.0792673670416172,0.746701497224706,0.0740444278905567,0.478043479753405,0.0859773858464116,0.494122752789794,0.0978454160227921,0.6282867771138,0.0945054664332356
0.97460145178664,0.157151680320264,15.0195440941324,1.95045995255866,0.667857073176059,0.139228515469081,1,-0.197823154356936,0.187421570041065,0.732202327256147,0.0799085044127146,0.732655071981206,0.0865104052119906,0.713868310715204,0.0957919587976278,0.446193603686396,0.116800909054028,0.81131041361986,0.0906588613617271
1.02517341582696,0.173036738571515,18.9108783723632,2.51858208148928,0.538487228003069,0.193248682789487,1,0.334288942219955,0.186285825602193,0.644033070419666,0.0800731434019746,0.696508835533038,0.0972136315122961,0.766685217111998,0.0875570746113076,0.690218410822395,0.0947652161401336,0.824932156899449,0.0914349322686712
1.03857006916147,0.197684235675932,22.0215997044369,3.95647439135059,0.0906172481510094,0.212042519957057,1,0.00351643612667226,0.209382012934247,0.782870148138694,0.104618823272417,0.80537677418771,0.098802125125113,0.806130254743409,0.121296012671644,0.662447711656241,0.12019946710566,0.855797968056746,0.132548746892328
1.08614656932858,0.181152725333062,18.8802386311922,3.05242737843167,0.310566109871993,0.275759704422714,1,0.187444621814046,0.183957859378167,0.623226823189544,0.0952640895609182,0.860451997767154,0.0991778324124108,0.619041517362097,0.106011655337589,0.763379299890532,0.115631612727107,0.608261612348336,0.130365586830985
0.88691955962411,0.157910849719775,14.1092570768444,2.09895799673922,0.184302066493706,0.217633640254159,1,-0.0433696504567673,0.163952654531928,0.842074661449626,0.0809765100106383,0.542755741016062,0.0928317755374733,0.656184182715945,0.10248221755203,0.500102337673571,0.113478907803646,0.740118625015124,0.120306380075942
0.928930197557356,0.153179069355422,14.0603642670739,1.94028901272934,0.430134677121177,0.261037246683963,1,-0.250246711000074,0.173168432137401,0.644688029858416,0.0795205361354168,0.665038746680998,0.0890925003361076,0.615316538424539,0.094979588113059,0.491570131996689,0.115028477180314,0.807135010879858,0.0975766350146251
1.10126002727739,0.181443897950092,19.8251588944593,3.04320419184271,0.111147408905246,0.204652761212015,1,-0.293706795828721,0.180640096205772,0.768853369180501,0.0926412840732035,0.846705207854044,0.096148877667967,0.672539786067829,0.107305315283265,0.847889240643073,0.116977333821532,0.799558591149975,0.105312666938615
0.958152379904266,0.15836028215981,16.6561711877885,2.30339756241598,0.381585715643026,0.219571131203852,1,0.349771960558656,0.170787907277483,0.582603688087411,0.0907417721045024,0.613664855347356,0.0908734271498431,0.764189885943509,0.0971136501856967,0.794557642823074,0.103848864194415,0.791684493629903,0.0972468805318542
1.14972222371771,0.182610610286156,19.9666694350111,3.06369005888294,0.176982428452982,0.242520497561293,1,0.200001023588105,0.169874103614566,0.753660926283248,0.0863880210896981,0.839217433199924,0.107742398385193,0.742844035560985,0.0975178744830276,0.872577298427383,0.0964851395089534,0.714114698327727,0.116347404782828
0.894018887986684,0.172109686094771,19.2065813968873,2.66243247265273,0.450637131773544,0.244165269119183,1,-0.497170167884454,0.195494665049431,0.901735945165357,0.0771097877836205,0.516826917903862,0.0976133789416735,0.765371330605376,0.0902496290080963,0.732822707976911,0.106063770784801,0.583810035759411,0.121696706355827
0.831816707544229,0.167377405613074,17.6711072176935,2.31061337278184,0.489249952855177,0.269694587779528,1,0.162716264792012,0.178054292100597,0.710725376296337,0.0799392873901498,0.674917692905878,0.090376440485573,0.762143506484101,0.0919448880558325,0.758311272156728,0.0903133804069276,0.824229608360393,0.0930251489793383
1.16515762863196,0.163543631155082,17.12233690757,2.37882673557272,0.404739615852527,0.245257466161623,1,-0.0819989888577804,0.175071834088521,0.767285387611346,0.0757017130502887,0.662933308344628,0.0799889527801718,0.735739130892178,0.084827141296401,0.800416472670638,0.0974669020755007,0.682252057179196,0.103018877477437
1.00284507629528,0.160989871816208,14.8747343685236,2.09005488278993,0.405114948989497,0.258690102328495,1,-0.0484752387498878,0.178936962973589,0.616783163870349,0.0905984696133598,0.656344739693871,0.0865423892086771,0.673070490838946,0.0705265254659534,0.664212663106815,0.109014654624348,0.721977965062761,0.105928078781785
1.31604426984875,0.198639641193303,21.6476305885075,3.6300188703429,-0.150885594476294,0.183319539721246,1,0.190738051735313,0.165730268216963,0.780435283825177,0.0888794560049806,0.925558218251153,0.0925997197124543,0.693706178776131,0.126822279683379,0.70596463975013,0.124214000021119,0.852097066078282,0.114263061605966
0.80549428787433,0.158980336855846,15.9340609840443,2.317614472014,0.31953775301187,0.267795423494319,1,-0.1327907677545,0.195150708542891,0.616408613092461,0.083873060951952,0.74890760504469,0.0870714495519939,0.669645650097521,0.0907192353236785,0.601139272268601,0.0972678474284128,0.526186858718809,0.114502755213017
1.02000121975646,0.169116056337175,17.0335425976359,2.28976060124262,0.553203759507442,0.156169390184321,1,0.106950504316148,0.176288703691081,0.6476329230683,0.0832660972398981,0.602647722429741,0.074371597505129,0.709294855563209,0.0987799697262429,0.837380746088325,0.0877666060448127,0.712478202734553,0.120055514521408
0.858377978916454,0.14997617019368,13.4988447169623,1.90780102953635,0.424993893545812,0.238867897102164,1,-0.109349915724698,0.165787141807319,0.590367909804222,0.0814390598690598,0.60660479060055,0.0904488277103115,0.463418337236839,0.108813823101694,0.593797388176314,0.0975874756834882,0.67086439289381,0.106121074565524
1.08483080778477,0.204104589319544,23.7338574475416,4.18802909086385,-0.0623129627689878,0.182010390213115,1,-0.0830256070979559,0.207725345803811,0.724748226023327,0.110362092306195,0.806451990713037,0.0968001007855157,0.790514675298805,0.114740982373883,0.886726099015765,0.0964301582346052,0.930480233762822,0.10857676217806
0.645944172201819,0.156493249468316,15.6965856955151,2.02535631959978,0.649689268421438,0.140463505399419,1,-0.342064004563735,0.180713205946113,0.742210740821718,0.0697374536287947,0.704384605595668,0.0755711935336219,0.696007709336611,0.109848627847122,0.664189864864496,0.0950012918867451,0.715959863748699,0.108613185903185
0.999281340983834,0.172934418633156,16.9759887396153,2.68897370828226,0.162807713773846,0.249991464719673,1,0.257300103587949,0.186219692331884,0.540529175237299,0.101736641995333,0.726081870601573,0.0940603310428595,0.625565905473997,0.102898442846029,0.83149522931444,0.112723149817819,0.587374828165549,0.126299922060527
0.950145586747186,0.168900792079056,17.191026675547,2.58514101141882,0.166353262887308,0.236359451600007,1,0.126494564084552,0.166208682245612,0.720809327263878,0.0868876163961159,0.744817497107946,0.0989704279073529,0.716752637736787,0.087031047646912,0.758051654119206,0.09850564675275,0.664044338299942,0.114355515232562
1.25383343745585,0.181476809801279,18.3631563668559,2.87131497249809,0.100485145395596,0.228017941951484,1,0.0657440213661496,0.168161641311814,0.811712946568657,0.0833666874117845,0.81542471766148,0.0867167310942739,0.866536730472982,0.107211608686055,0.703053316532086,0.103691787851595,0.872375376532604,0.114472687745016
1.18265753082512,0.150877612324775,14.3829062988945,1.79152881927986,0.519567156039414,0.208063680516411,1,0.177469804972491,0.184004416017286,0.685598157893895,0.074608509082128,0.603632986784881,0.0855763884195436,0.692567876433218,0.0841125191533353,0.626461009364015,0.0886924116749967,0.660148294978334,0.105070500970686
0.926505658667113,0.193264927947077,22.8640125179902,3.77535150288627,0.0592601575706257,0.213639783448164,1,-0.34642244109953,0.14910966192025,0.8226849982222,0.0796714585464664,0.741300925454451,0.109741279101914,0.814960464633966,0.102904607403458,0.641110765003099,0.123436797029396,0.861810287766378,0.10563490642745
0.944457690505494,0.158167867949912,15.5337564968329,2.16218260671576,0.122833997779521,0.188443238920307,1,0.520003093124929,0.169067753860371,0.586086051751897,0.0893428290507037,0.716705231168241,0.0850905529110898,0.710113365629058,0.0993110010569394,0.825772091274869,0.100386827565257,0.820591468086812,0.103190477806291
0.923327539066824,0.1559614554182,15.0750797680622,2.16421497939942,0.165131199134775,0.210693253300628,1,0.0769561730028466,0.179790575037204,0.696703623325771,0.0858829627536398,0.636946424384669,0.0890133802685641,0.664515005816545,0.1036053203589,0.841819292259742,0.0940617232115097,0.823451116424052,0.115285523242439
1.16488248273644,0.15253255967558,13.497982319093,1.78557874707146,0.416110278846466,0.266743559425105,1,0.159483398313818,0.186843788540417,0.653564034934937,0.0761699674135894,0.644985829113411,0.0892259244933916,0.601921995073021,0.088194300385274,0.783175618807448,0.0979166209566691,0.507255493971524,0.11126308998691
0.876426149744497,0.164647293860465,16.2012914011275,2.40866916595438,0.354515991427904,0.23890935692265,1,-0.212066201105778,0.157164960837061,0.629529613188922,0.0948330566745354,0.818371990467776,0.0857950198897336,0.703932094412143,0.0886607045934938,0.61987664723186,0.122226504060943,0.75665621713693,0.111215564948678
0.84195832676429,0.146930146268055,13.823067015728,1.77366665334004,0.616284979545727,0.159397565550951,1,-0.184695633422439,0.180276841875059,0.698836042051063,0.0797604609051782,0.736412254968954,0.0866051904760526,0.575907677461691,0.0837463816580889,0.684638321255421,0.0979893334942003,0.353236463184096,0.125434186029764
1.24933823060858,0.162810049214538,16.29137732106,2.03682682255394,0.526399531307648,0.212713133222663,1,-0.126196850127733,0.179557279452435,0.796602507541026,0.069623864922397,0.706315400838342,0.0831543547025765,0.579256031032236,0.0965966963095541,0.816390433813207,0.0847894433353812,0.70584714277789,0.110801973179812
1.02982963847806,0.170271428588732,16.6540188777467,2.64926047983274,0.0912368632745038,0.217077437424011,1,0.0977670292832929,0.174689459293078,0.665048421823102,0.0854551090979682,0.652984252333344,0.102957522354189,0.748093598780238,0.102000985767874,0.511232741848032,0.110215686897587,0.689936338901275,0.112224197510879
0.868696865571036,0.14914988564343,14.2441078013332,1.93056319399356,0.61171410996409,0.155239602978404,1,0.0305430313463253,0.177192233804507,0.681184554423898,0.07539235372011,0.604617361277197,0.079364538061349,0.710647226976351,0.0974485472376041,0.805029206862323,0.110568270520282,0.481684988097856,0.131813849584988
0.993372404116764,0.181852153257842,19.7152751369369,3.22636374184736,0.146881224652117,0.24228204710632,1,-0.181964841942259,0.196675283897486,0.656791010844242,0.103000426051568,0.828487597550489,0.101977592307108,0.761616107839995,0.112500951052421,0.91483179331914,0.0996326600421287,0.716444010473889,0.114148764933724
0.993554146928738,0.158978599087496,13.9142278540871,2.10059604132055,0.293972892664382,0.250080525153185,1,-0.0863180555734327,0.180909305880515,0.634662162457097,0.0954068209484742,0.693666912705223,0.0931690597858798,0.694557006319912,0.0937574918146018,0.55943174208743,0.107236936123966,0.589151929855909,0.101900807633047
1.32934001448318,0.180132961180086,17.9166106465148,2.72735615016748,0.144146940205057,0.228768087027416,1,0.142373301134353,0.178611305282003,0.706726069200899,0.0893634713174578,0.754929174832945,0.0872439597057832,0.729867146965304,0.106076912379585,0.871453535761127,0.0995534285247643,0.829894858083854,0.110069947964366
1.09149482632198,0.180656771376355,17.8697573611977,3.172797702208,-0.0790960923846656,0.204229834964358,1,0.138035172758573,0.15846115070504,0.626299002603967,0.101842979306542,0.858344848413942,0.102387504681633,0.743669168445029,0.119052846081325,0.815492272635668,0.104920128190364,0.632068157591489,0.118004414838722
1.04783372532118,0.145220954983138,13.0081040472396,1.55318878081775,0.685224699569637,0.114510495623696,1,0.0362979047710828,0.164469520780138,0.713836917955746,0.0696833562744472,0.620568859018747,0.0768579964573128,0.708916188794408,0.0790910638201693,0.700352695311356,0.0856125547635832,0.631389296555881,0.0951721181369692
1.3422293428428,0.195521364658322,19.8748512604354,3.37529849209887,-0.0580051583715742,0.19060858781322,1,0.143709425393118,0.201903612012137,0.766215473079672,0.0960754407763954,0.820686488905345,0.0964439215225433,0.896275147796243,0.101626786906621,0.795820025320328,0.128469826294982,0.56880947086507,0.130405527850406
1.3002533139542,0.210034593878609,25.4231368880965,4.22393110691628,-0.20315553567462,0.164783735105905,1,0.252741108154167,0.151949326263247,0.705452413182203,0.10001534778106,0.919989725389966,0.0905730805376595,0.852147221052282,0.0985369147332001,0.940877226473171,0.104191719840687,0.890100956747718,0.128901628037426
0.783041443790934,0.155840163949221,15.142877747916,2.31732030922566,0.26257664052794,0.262118114178372,1,-0.339599971650757,0.19386098978329,0.818504945598017,0.0913666931512561,0.508788567343299,0.0984484985426493,0.771216434321778,0.089876593292981,0.689060608671915,0.089591978704151,0.572787984758702,0.107973506036392
1.01737743877278,0.164956723205542,15.8058537399726,2.55625272653557,0.019307540726343,0.191682824041996,1,-0.110218946312733,0.173901732492094,0.687356829178112,0.0892069605754593,0.813240215461482,0.0996306850396027,0.719360719856914,0.105435741833709,0.799859056149074,0.104726759547615,0.738323637272473,0.122911064491831
1.08264136119235,0.148282812029346,12.9084783613598,1.63057947909857,0.686513901660453,0.123451630659564,1,0.0998462689141865,0.186986503647562,0.679069170170681,0.0859362346781037,0.591825764017957,0.0783519486602276,0.643619000462066,0.0861220422581219,0.712377888975715,0.0995817101502587,0.671998431469529,0.10114261819351
0.915021576326414,0.170562091661855,17.1676708688718,2.42803247714943,0.76054373428052,0.0902153045222812,1,-0.0398990191569908,0.205661814044781,0.747092286324952,0.0976121152003085,0.74911721104694,0.0861099683681221,0.7446042052661,0.089872666871086,0.579030735150491,0.110699649135125,0.737373215298455,0.101955408239765
0.827554913176644,0.182584319152881,21.8351324731565,3.49217885422809,0.150650542465166,0.210201415515048,1,-0.0661635152870342,0.176030994451296,0.841823112260301,0.0896692592599452,0.730816759169272,0.0892643451048386,0.668353737354544,0.101699220757393,0.829173530636623,0.111753859767592,0.839959897465771,0.120035346475372
0.691928066616155,0.154564143893791,14.8353042936596,1.87036226849682,0.692213266649456,0.125639860160424,1,0.251089364361938,0.177876956809407,0.645635290724043,0.08477779153856,0.689914525109138,0.083127973488635,0.629630829028964,0.0967942089776449,0.460703396879035,0.0960665227451836,0.544809967311213,0.113655213619192
1.13057016817319,0.18793167475312,18.7575945727381,3.33522667422258,-0.0483102503408281,0.188671572559718,1,-0.19374426088008,0.180993201972894,0.709284824997419,0.0888107701552339,0.933040908986583,0.099340099784426,0.912559688054471,0.118195426464942,0.727535189754315,0.115278352110383,0.819400649156783,0.124781107867729
1.24144028748876,0.16748684854351,15.7467914934614,2.37305806359966,0.138420730967555,0.238848351911941,1,0.10828181085161,0.174552557779408,0.572283728785939,0.0948083322732156,0.768257426670101,0.0962784142304162,0.79950241912671,0.0877138298260433,0.669884608084044,0.102110521643758,0.637936585014001,0.11561670960083
0.913982940671884,0.172991563973992,19.1890613324752,2.71122297631549,0.423463217553516,0.229522567642865,1,0.0380515494889722,0.17128429469964,0.853855553455077,0.0803094410900279,0.798567598486195,0.0863536340135888,0.62369743745309,0.0981484573131519,0.816804807054989,0.0895613570051169,0.667129903778002,0.116003595997334
0.873527090432577,0.151464322619792,14.6482076320729,1.98895890672988,0.287263031197936,0.212314480755732,1,-0.0217039716071322,0.15568845691043,0.582701194829692,0.0806469860137245,0.781487904085976,0.0887463741974465,0.59383659578086,0.0954820063959999,0.586245606837125,0.0977840497573778,0.613310438098788,0.113172940567496
1.09904406172388,0.154231427136661,14.5464466287383,2.07211444904341,0.178873592478351,0.204203871866305,1,0.101393543779128,0.16083012524571,0.692166956523559,0.0899170195900148,0.617789801467084,0.098116340248535,0.772374869401178,0.0853383052778586,0.624965089636998,0.0966279114363228,0.659855716723303,0.101490915670071
0.847659714189341,0.163564055778646,16.5960494156476,2.60410089364668,0.0521254067669358,0.198571126990939,1,0.0900913795128308,0.176223119717616,0.59201219422137,0.106180901516038,0.829791711102823,0.0942233381492092,0.719263089782035,0.0958390138210796,0.825528922960768,0.110644612007881,0.620173608533741,0.122508063172255
0.847564880301538,0.148961855139336,13.9117000796588,1.92770776826061,0.22164737398668,0.222705952297591,1,-0.14936867717033,0.156670434527566,0.631266476791675,0.0832329312884157,0.6965740796322,0.0855267984547186,0.734688292120441,0.0888317630682419,0.631600576599946,0.0959627428024714,0.698106517944271,0.113281015945706
0.804130447796621,0.155608304735952,15.2834621742887,1.98459532133512,0.666481737339833,0.14279882569071,1,-0.118626103143753,0.195151071473882,0.696921947088387,0.0873368787066923,0.723335945585524,0.0718759292475795,0.600597243495824,0.0806219265713221,0.740356009218457,0.102117512873162,0.703492727491856,0.0976393234264649
1.2056514810171,0.152527044149343,13.681949197801,1.80404257441458,0.432053556710039,0.251545671387398,1,-0.138765937261982,0.1659596395978,0.741640192865953,0.0725161824127999,0.656885654293507,0.0870068413450969,0.827290549710814,0.08558827725531,0.506136605350862,0.101532900177522,0.694353440016683,0.0983874676561134
1.01424230820822,0.161501520320326,16.761672028375,2.12837025034408,0.52394920891361,0.223983973469974,1,-0.0355602064924938,0.169934280030595,0.836473671680042,0.0672665559478044,0.650773198433728,0.0858064111479508,0.723246786262261,0.0983052582448312,0.747952786519817,0.0927781484384445,0.781496899878826,0.0907044166825056
1.02160162604553,0.150444405519589,12.6371944046078,1.80786921068684,0.432964134500547,0.238742849892774,1,-0.00451938499195349,0.166969062941739,0.53863650469521,0.078913852433859,0.632668699596637,0.0848175887610575,0.547906505845509,0.096954408286149,0.651406244066962,0.104911101341985,0.595648075699093,0.105140869011011
0.933763483175113,0.155219349219428,13.5989382695634,2.26469339947652,0.116506153904563,0.189972343221893,1,0.213637870225152,0.17577076467148,0.59480129967635,0.100803601872995,0.652350052956224,0.104120753281752,0.60635858212441,0.117779039205751,0.641544658751518,0.112838250567033,0.702039606627609,0.110232796481842
0.799264369125599,0.190574023211666,22.9349639833603,3.85362633384089,-0.0413817562569115,0.194507763015168,1,-0.114778499955727,0.198499451659324,0.75879981486737,0.0919279016484672,0.741178825772258,0.0989073063354031,0.928546689368799,0.110267052100209,0.755994058418617,0.113875526996296,0.784825881369621,0.128205162238355
0.794362376266514,0.173106364232005,18.0560777658788,3.01766726471831,0.059520446743053,0.208217857241246,1,0.245165781581943,0.180373416665833,0.764031827008183,0.093020419773702,0.66522636334317,0.107977868180338,0.781647806173733,0.102506699688311,0.947776207349173,0.10387223956198,0.737731419973271,0.12439661698497
1.22708460486334,0.142392518571364,12.1020077681753,1.65383870705639,0.288422680666545,0.170712783648968,1,0.222140057383003,0.169842675950757,0.680653717392649,0.0809375626694574,0.639812098896562,0.0833610633029282,0.634816469322846,0.0953871021602599,0.765066392421404,0.0926094488490709,0.686079035291483,0.108485925342198
0.906346967602316,0.149853355226847,13.9161724156802,1.89858163995638,0.559680198926498,0.264077184026983,1,-0.0711227527505486,0.181880892679442,0.637516368762783,0.0885928608787351,0.530879211294587,0.0817865782576152,0.632760820226143,0.0879135943219607,0.786745649996064,0.0968603932996299,0.554000842567696,0.117928964241076
0.647468822765522,0.162768920625154,16.6916511308861,2.67618741854898,0.123475882535866,0.20811485014723,1,0.18240322183578,0.154865064204709,0.539495091085787,0.103082057216608,0.797630749767348,0.101304158100025,0.502732603284184,0.105817581907901,0.611367312563175,0.108121412893061,0.610068368880055,0.1261098865617
1.00870613531128,0.155901932923533,14.5757629590177,1.88825411735369,0.52695950373696,0.217658905693202,1,-0.079253779724734,0.180377016208824,0.731568488646571,0.0739202882399809,0.707133705034227,0.0775652823970161,0.703153226479192,0.0765164257596739,0.768382854257723,0.102496885648575,0.816430972966016,0.112742664705619
0.785741299334193,0.152867626132522,15.1740731347443,1.98063728167725,0.460962518743523,0.222938626403533,1,0.0131610111275002,0.199291137877917,0.582771304862294,0.0991293342506208,0.661233146903053,0.0762186001178823,0.619881289296076,0.0770008520871917,0.769860895255528,0.0898814376184698,0.443823063948988,0.12000051563814
0.752920104703832,0.165583896228354,17.4341715782814,2.3531245123342,0.50255472241242,0.233039110408266,1,-0.113098195624756,0.186320590490286,0.748461414116583,0.0833539523102733,0.685137159416562,0.0912793024497814,0.579517271762863,0.092179656210023,0.784939302242792,0.105320929053105,0.774350942625912,0.109614276492995
1.16299345625866,0.172265341233426,16.7560249626755,2.51112704006745,0.0864930160389452,0.194205380221026,1,0.0847529650381036,0.167897819258419,0.719895964249072,0.09203873988471,0.745623501800968,0.0918848481597306,0.77662205851485,0.0885811177641119,0.656600397164421,0.111237059359329,0.752958718822796,0.125896460003146
1.13575456957526,0.166460883959811,16.7764201964539,2.39586775336165,0.444851921099859,0.244995488367647,1,0.219470008974662,0.177413704351682,0.604923172786445,0.0796989119325658,0.648176393150843,0.105211378075903,0.846625581032522,0.0981103069408047,0.917036805378173,0.0912178847188621,0.716571947388976,0.117520770074641
1.02471751033332,0.162321569039566,15.7435196664665,2.28863577032991,0.337153035292923,0.225018024463282,1,-0.0503490958329042,0.174900492748959,0.698530400385626,0.0822905925238737,0.755892949396398,0.08245192050249,0.654021786886086,0.109180685707443,0.685442417558452,0.095813127060798,0.615291126265279,0.114075042168765
1.01841607474463,0.153204401005816,14.1184378292305,1.96990717749568,0.414579287137933,0.234745229665242,1,0.164305809073826,0.155004160406256,0.668289724183436,0.0796164699310514,0.730179760296954,0.083584354976294,0.711869539548415,0.0875264001673311,0.534921445957194,0.104564669776723,0.648884761171912,0.104598660292565
1.08252129791557,0.150752419534953,13.4913486222257,2.07906051175101,0.191605088021661,0.236039765082035,1,0.0988421751697495,0.18957617568887,0.606250431318286,0.100774684304482,0.683921797792204,0.0899133147061599,0.660006673541861,0.100949508613527,0.641830124575361,0.0957386234170173,0.714133751838734,0.101087836404435
1.10531011116437,0.172260233534402,17.5897217840879,2.69972994728846,0.300014302457901,0.264138123881791,1,0.0149346010986225,0.168839310885958,0.737417883595212,0.0846706256116823,0.66243317040317,0.0933768001773048,0.808092390775132,0.0973838894284909,0.715710293488509,0.0987927114065248,0.682697218112011,0.117777968729584
1.10935201001276,0.173834961052737,17.9336463035842,2.7360202932726,0.148494692360147,0.219545025952929,1,-0.0524797682757067,0.188093243547584,0.73814874053977,0.088658288307351,0.623032970222329,0.0867599018601489,0.735913486112565,0.104335924766356,0.882531577405839,0.0887108042438824,0.808760589890471,0.114062167347814
0.926262570783878,0.139698717914791,12.834448655156,1.56799607522769,0.63509628199796,0.104255937593108,1,-0.0387660676824268,0.170474268864796,0.72121452486591,0.0816293643673807,0.564231921514647,0.0788941738069827,0.69789768876444,0.0697527181184051,0.549456426650273,0.0984648124481544,0.585384109604285,0.10832258734533
1.15155384975828,0.159530246156601,15.3724024124511,2.15308350903303,0.325922670558484,0.237878502166867,1,0.01795612365414,0.170965457252678,0.665789892926709,0.0839678753197028,0.493514900287332,0.0972848629337116,0.709830027152134,0.0867359190202769,0.720485259767771,0.101732881246966,0.653517238745073,0.10998518723761
1.0306796238325,0.158892910496176,15.7408162675243,2.14646143208325,0.408665949126273,0.217572982691287,1,-0.0263222766744317,0.175419649442043,0.883620548742058,0.0688323057746669,0.64036562374142,0.10499737394837,0.717900104476903,0.0909991509589731,0.874768718659463,0.0868838808446297,0.725215005435115,0.107405332661136
1.05030668653463,0.165446694420353,17.5529700668713,2.45555140983979,0.230357693703996,0.222517931213861,1,-0.119443320757657,0.164757112579628,0.784748214401657,0.0861086325715224,0.704954865323354,0.0788783165269454,0.666084698369833,0.0996218597679926,0.794303859952529,0.0922243455159432,0.609901638838109,0.115256642790072
1.26938801794339,0.19479985769315,20.7406423024557,3.30956435938968,0.0968916419473046,0.228721529088745,1,-0.043918624951675,0.211244647916008,0.874610162382944,0.0872334248350313,0.747242710849246,0.106905398141056,0.724163012250568,0.10658154356639,0.853486419188902,0.105251726013782,0.747290661572454,0.117515962782099
0.906560502536843,0.156001528787641,14.7636479233044,2.22588023830177,0.145434464297798,0.197638724797215,1,-0.102631649894114,0.165237710017619,0.687505559515134,0.0840471598473464,0.722764963061002,0.0932504486647211,0.841979702822988,0.0902159057245375,0.792543117589845,0.103204368664615,0.624922095575629,0.115843786321188
1.07716317213458,0.189376605936711,21.2612970925286,3.35161660511107,0.0849457104940513,0.21599860071656,1,-0.00691259343463867,0.182365579937802,0.790064497166331,0.0918917407334101,0.872767968066414,0.0870835196277049,0.754476083533912,0.100347729710279,0.574946526576857,0.116855476833809,0.801589226984772,0.12118253411778
1.00743359294875,0.170621676785821,17.4721498057318,2.5913834221732,0.225756076353024,0.268222778928085,1,0.10923182197709,0.191535398412422,0.666098378963657,0.0902481874620847,0.852447548845212,0.0950024292621675,0.649637915701268,0.0977936916707528,0.701751026688126,0.106693283909432,0.714310557872943,0.11044025990058
1.20178375191109,0.193965000220938,20.1362216493855,3.24666744944133,0.0724580412123334,0.205380356419143,1,0.119919017717626,0.198279982802944,0.733671383967516,0.103718112811083,0.821594003951927,0.0986824252345483,0.771729911665421,0.089737916341603,0.739946656879242,0.114842184981571,0.698138961344586,0.11079250828573
0.949044161392629,0.150959552617916,14.599620270881,1.84641115978419,0.567729623044778,0.168062714239667,1,-0.0205740466862577,0.168583570392718,0.625501218658823,0.0793959672144038,0.745232435686339,0.0853802178784833,0.680207317855506,0.0840560306457153,0.568601474103689,0.0987429367517575,0.724560539595803,0.0975417346355906
0.830496739774981,0.154071324646889,15.0779458911581,2.03575162313952,0.404822349242188,0.253483978131742,1,-0.061038982579086,0.165738335494418,0.670096210429099,0.0689431484898472,0.622354607258627,0.0794399297220233,0.612913629753001,0.102771000331647,0.660640627689561,0.107108520378692,0.668064702377153,0.113574796058259
0.964041953858213,0.157266519073883,15.0810965287406,2.21185997575948,0.238382739363124,0.27693983542062,1,0.0153563129736879,0.153698968526694,0.550745706123967,0.0860201623343091,0.624238334036335,0.0913759974486853,0.702537713556837,0.0991929955565829,0.640073187853187,0.104129874864606,0.735967666583398,0.109242122283081
1.11367237513479,0.166319053655813,16.4393300690065,2.04642301233414,0.639425983960655,0.157110425946141,1,-0.045692461766204,0.181335890436242,0.605798033623209,0.0784813617718926,0.712571245297051,0.0780468433011748,0.696258479286019,0.0849804624628279,0.66662546110498,0.0993444595194655,0.74764075399063,0.107090185066762
1.00352846984775,0.130210431884518,10.5033607966405,1.29732289452617,0.454216061434942,0.224914870201736,1,-0.150022595928964,0.168857131395911,0.661268509294095,0.0735856754796583,0.686621550488217,0.0802857980023461,0.677337322220156,0.0885358087486761,0.503537613008133,0.108028422726684,0.666923994785027,0.0988100577125409
0.876978832612963,0.164642055491897,15.189967550577,2.36127528485141,0.36958842365719,0.292303359894978,1,0.297215277161172,0.197426942308789,0.749569616396434,0.09570043731897,0.512570136958543,0.0983094718060003,0.791231455688702,0.108354882220239,0.540008708972215,0.109169107467699,0.777893276665671,0.106490901417484
1.29391815529596,0.156935008218829,15.5563101329709,2.06777559876567,0.341559124359829,0.209813303202033,1,-0.0121664804466874,0.154588877519189,0.603112425738202,0.0771179984928686,0.887629191436726,0.0717847970073162,0.711938643039385,0.103185948828422,0.452518261088538,0.106809773335163,0.807607341230463,0.104761800711594
0.781792890595054,0.182362214381686,20.20442501837,3.24739067857322,0.292058605943479,0.292811092711571,1,-0.153863539807509,0.201024332294968,0.630629370318482,0.0997004769766871,0.794555405804594,0.0910206581518771,0.775590468256333,0.108847837477848,0.646081717222842,0.11229874756529,0.91482285304323,0.120748309759918
0.918895353655766,0.150175564927138,14.0802665355396,1.80165794729874,0.467984893611618,0.184182627782905,1,0.200144607001216,0.158329073170204,0.695934414082339,0.0689836824458838,0.676625671500546,0.0770333376400215,0.61274547700018,0.0883452658108223,0.718808339876573,0.0995251902236414,0.749687160166593,0.100511223349026
0.87603381949731,0.161337916121772,16.3105956437548,2.43031206034213,0.131936165105058,0.218911446203854,1,0.103262008395096,0.170174609883018,0.664931345426666,0.0887359732138196,0.686069545077236,0.0990450387559156,0.661712886462529,0.102064520741569,0.556726871976514,0.100764627071486,0.636631973691381,0.131486973005229
1.23021563276855,0.173196699563183,16.4366430078807,2.70363434163435,0.039806930663426,0.206953483380562,1,-0.16282512817894,0.182053600834343,0.736976876674478,0.0917232701826912,0.526967923660929,0.10003326771354,0.752871489497921,0.105110677896785,0.635150291561952,0.100290593789775,0.66203534030798,0.121179857005466
0.825732739213452,0.169887861865805,18.0179850817215,2.6533970917956,0.177478209504696,0.252435232891555,1,0.114937230450859,0.18585174162689,0.631747500246015,0.0931019216495773,0.761579457883569,0.100580746854569,0.686832941975011,0.0897075259884143,0.709509586769687,0.0998582500383296,0.745031685134969,0.110829617428148
1.0044861856977,0.170930026439365,15.7688881894701,2.32195162606303,0.30994820943614,0.238745496961771,1,-0.0271070155488703,0.176853076847471,0.792765373843808,0.0779306316843237,0.721871567096595,0.0945528319923735,0.733674572722654,0.0993356381884298,0.662431676004568,0.0969898410024539,0.653965815049836,0.11591984287285
1.0680010269558,0.180119392554369,18.8959625721532,2.90626588356214,0.155315759534412,0.207722533674587,1,-0.0620125909469185,0.208216424674338,0.830895779856923,0.0894812322755586,0.759744583012414,0.0976452852869155,0.830870104074798,0.108496798571043,0.717595864851656,0.105325186224273,0.73684749379592,0.106127373671812
1.25590376271866,0.182276780632475,18.3496123287122,2.84625514411523,0.278225599322705,0.250925399741088,1,0.349257676404102,0.188726410066609,0.652200336994846,0.0986595338681006,0.726468379238678,0.0930832892097472,0.646224122070328,0.103296233692131,0.838681333833383,0.104502485635092,0.754999455784989,0.110545470735641
1.10650054851332,0.172290104356228,16.8670994950918,2.61513310923033,0.193637807108042,0.241212945023002,1,0.225692988561182,0.205311709597498,0.679953294935816,0.0928189909113125,0.774981963762494,0.094177811356296,0.677191746219746,0.107612542747818,0.716390503142037,0.115797621976726,0.743626080238238,0.134789580381103
1.14176660846936,0.170174549740842,18.9147896624608,2.33078623647062,0.662111547776843,0.131262121817456,1,-0.137284887255631,0.191037088784571,0.839309408984732,0.0804938225968897,0.654991949793981,0.0947014752813804,0.795789681221686,0.0953851963147301,0.721889809251739,0.0792589346721091,0.899748021197002,0.0782535207548305
1.10024462018066,0.168270312504524,15.4692793910577,2.27764526806051,0.359279572846165,0.258678447624785,1,0.107993922932928,0.208477839428099,0.749785611604716,0.0867827543146616,0.669570989318421,0.0942730610939045,0.73053827104576,0.0893116388396509,0.670275295851307,0.105518075758548,0.756797219057032,0.120976171589612
1.07666529666495,0.158712028138495,15.6242665521867,2.2642801222151,0.409010812283753,0.280082566175854,1,0.260482580081229,0.178661846519348,0.592466139489703,0.0887903922474611,0.633398889853364,0.0931436019724748,0.738401620748136,0.0975960237366095,0.592353249194093,0.108939510556897,0.756880760508929,0.105821903398579
0.890826662016455,0.147867784418619,14.6114965941457,1.88024139283266,0.42936147757136,0.165709137157455,1,0.0232403602761886,0.163729732686753,0.70993834618133,0.0731810814505891,0.55283870598269,0.085406735717478,0.671965082088147,0.0849517455436141,0.61848880101507,0.111932462634333,0.626827169954032,0.10008626887999
0.898876868230924,0.157181651803902,14.9141067307621,2.13289511869051,0.140809965690504,0.182222146645573,1,0.0900596625655129,0.150984076491101,0.581464837635642,0.0910418643622881,0.708016779103712,0.0868602719172015,0.756374680476102,0.0904826122954852,0.761795601649953,0.10331824084168,0.529704849821433,0.127399591887631
1.05216268532224,0.169605159092476,17.6758935098627,2.44821051018092,0.327962046787218,0.260480572227971,1,-0.0647917889205231,0.170798207540043,0.699432027318036,0.0823069738387305,0.820725740112658,0.0863445875155031,0.662043495644835,0.0997276533412721,0.578821214926437,0.107117121992618,0.911125052978433,0.102963881610754
1.37118136489964,0.17959828676137,17.722126909477,2.55748486049204,0.44350021066588,0.266124579422691,1,0.0847446497384396,0.185089405732742,0.679967488378331,0.084690271102493,0.729971125764402,0.0934278225732678,0.663331727141301,0.0966245265015436,0.765515889208392,0.107573321606321,0.690892029075133,0.106896210574786
0.973809207792458,0.162528471804966,15.2015717692457,2.08522699454984,0.176191404659475,0.203057001191368,1,-0.0408763115447458,0.172289837486831,0.661984806778359,0.0779054724139893,0.710762895171138,0.0873039420884383,0.715097094679895,0.0918559084699069,0.725835091024837,0.100532215376785,0.714162110098658,0.108600414438995
1.15922814676889,0.175349898064929,16.8246912207431,2.67814028938216,0.00996935779538896,0.182263670071824,1,-0.0512182616541038,0.152119471021496,0.698720644072812,0.0923676802891275,0.818323900671541,0.092095495915297,0.697209849415582,0.111939970695064,0.741115009991409,0.10523597085597,0.861940335279148,0.109221000285025
1.14406925513107,0.165009154984973,15.6229208878738,2.37536065926885,0.20645340903445,0.238928187292691,1,0.162009386322762,0.157654542223551,0.796335834483901,0.0818336770557931,0.537252828640588,0.09982327681943,0.694862029498251,0.0900221672287629,0.656892137619797,0.115921689426152,0.742403710474233,0.114232719330652
1.17221519238246,0.160133591533561,15.678130524658,2.14930535779865,0.348367131492484,0.260501765977027,1,-0.311997273985701,0.172880970538236,0.837780465016039,0.0739469854867292,0.664231000798221,0.086159776473444,0.721004547638922,0.0932345892530992,0.697939554962803,0.098833400612385,0.725041039603579,0.110207589650251
1.0101714499458,0.151432727523482,12.6332347283133,1.96266801880166,0.128823243061092,0.208521939374181,1,0.166893602779106,0.179100820904937,0.511436717346501,0.105877826966676,0.668729786517652,0.0898364541188089,0.599062144828033,0.101127342748201,0.546811775613729,0.11155032379505,0.678176175184576,0.109310504704985
0.906404038503136,0.150692363499089,13.2366265843007,2.05164128580697,0.221379166721461,0.223910256520141,1,0.00220317841816068,0.167171795222745,0.746458069724962,0.0808032103871961,0.578879474389804,0.102331424453894,0.75821483308016,0.0941519374789388,0.639769703078655,0.11534392439474,0.678983157625739,0.132283310346865
0.801779498643847,0.145789718574418,13.4730217988276,1.71567629647501,0.619474218724367,0.228637491320309,1,-0.140396878448122,0.177603725331817,0.780129518539988,0.0782056046148391,0.637554273609618,0.080091588627048,0.599084844542764,0.0962487493725647,0.675458166669973,0.0879971001121469,0.498549223710873,0.110511546009586
0.901292292436452,0.167409739863733,16.5300932408749,2.65675673884573,-0.0850328066258744,0.161933103548566,1,-0.310079681372075,0.15828271163551,0.780836960099205,0.0855935902619875,0.694186182975556,0.0957299076445414,0.731454022205031,0.107177454454943,0.753399167099267,0.120173990403747,0.608696416497095,0.127692399925197
1.0702709323303,0.166086815557206,16.7180394972484,2.56379215829011,0.143483008958775,0.196718727957815,1,0.12686013963214,0.14348769439062,0.647085489197597,0.0866345758487065,0.623208984036893,0.0864305501254933,0.733196740907289,0.113913622380931,0.812921629881472,0.104503102612948,0.61829441756883,0.113312457126407
1.15463296459957,0.151286543673627,14.4644291718244,1.78399845626056,0.453479849575055,0.186290990106451,1,0.169776471333403,0.152568424207297,0.688614469870763,0.0773298649712695,0.669845570949495,0.0830140372979966,0.797896250909142,0.0844320149044688,0.727144438858251,0.0957984351371479,0.829819249042295,0.105789189925104
0.800978680659484,0.164113278935064,16.4572490284922,2.48913358503044,0.365725601760747,0.247822894143588,1,0.186488632887591,0.176219792027211,0.661001466358699,0.0863654687970963,0.60155925580256,0.0835721893090862,0.713534882323268,0.106252944906925,0.627940147376826,0.106111146102164,0.59711601851057,0.13178229052063
1.07484680656912,0.189243948439128,21.7587984848639,3.12316253923508,0.064226252122605,0.217916254530323,1,-0.0926306160362942,0.199324364276038,0.902492180238177,0.0874149576553269,0.746899468503514,0.0894134731600664,0.773277702409459,0.104127002432232,0.743074260637702,0.0974768176559722,0.823536331196854,0.0978860318545493
0.803787330729527,0.174773788920817,19.0128090819392,3.19901945978415,0.0532859386550331,0.234578782540679,1,0.0479173821217986,0.169912883463376,0.699869931300189,0.0933144444114504,0.742459374159655,0.0981976969519275,0.722509207644633,0.113453564004732,0.708982748280923,0.11028861765677,0.59266710732422,0.120676446887429
0.874327837639694,0.149920220391565,14.6109813658541,1.69985232173167,0.624716804985996,0.158338943313747,1,-0.311822531960588,0.178589470726582,0.680514429661481,0.0670900044530415,0.742578524165765,0.0859249762535369,0.643613490849897,0.0930739245195844,0.715477348016196,0.0860939398324152,0.605049417058485,0.110714526877481
0.857846680146744,0.169547717568579,16.5660430063798,2.59613173026178,0.20254524963802,0.21925632572193,1,-0.0726681314121542,0.180903347988512,0.596269380989191,0.0968414784713756,0.709541005741065,0.0960956238257052,0.749830706600706,0.0978933992114912,0.65323445971304,0.112725942044884,0.528183575986482,0.123649059066303
1.15648490327887,0.17197481684348,17.7515919855281,2.43642651592566,0.70104347871963,0.117707831295025,1,0.0566010495631276,0.187608886061315,0.647507061609237,0.0827473727961875,0.663704345860752,0.0842115279455605,0.671369457606408,0.104487285100967,0.557923968512638,0.113928738755364,0.646610293159799,0.127281937150555
0.909626949712896,0.168624945333675,16.9596093017843,2.65837931436079,0.307297600486311,0.254745313766324,1,-0.110837385462861,0.174090732919929,0.593867461671118,0.0821458266280033,0.795948357318655,0.102306682075997,0.651936279510233,0.10758341831229,0.785806291317916,0.110390921408418,0.70143409263297,0.105939894286161
1.34590087099027,0.161632766671501,15.6147290941033,2.05084268609581,0.503540091531417,0.210540190011751,1,0.457717961679294,0.179251755107682,0.433164742536477,0.0871713766851419,0.61059386644871,0.0853149751720691,0.833248745686047,0.0862188998820503,0.618893626178085,0.106747410697056,0.693060241512694,0.10056788142031
1.08134029502856,0.150027192969515,13.0682584145872,1.87598088701543,0.26554600943181,0.23199963394846,1,-0.0594815069020125,0.169962277416907,0.684066444165017,0.0848528154475302,0.478845046532793,0.0925838457261628,0.705397484898067,0.0880215640197272,0.581745354360714,0.108901034507625,0.801431677820277,0.102161760016636
1.11980672400342,0.166165738745657,16.7465718452699,2.35081886396497,0.0451289711656058,0.163464847996143,1,0.282942193373575,0.191330398659676,0.653463213328052,0.0890482432017383,0.768402450448075,0.0811531223227176,0.790298311460607,0.0965910522101844,0.724353964660921,0.0957262851424716,0.563237761993548,0.119118312032574
0.81926416994891,0.169915105978258,16.0689429052807,2.62942444292214,0.283977175948896,0.263702799061884,1,0.0224854954587027,0.180907868710786,0.68297389431525,0.090933599418578,0.753700276427196,0.101774104755942,0.72163045264398,0.113526219979113,0.706768605862803,0.0978308545153635,0.641221039186639,0.124981338445335
0.98488600291695,0.150058053912886,13.6140423930825,1.87140036681691,0.484351039508157,0.23529180116358,1,-0.280397542273856,0.17926768466412,0.727505322512433,0.0800955046625011,0.69516242112708,0.0936478210087606,0.517344196862464,0.0939951643748913,0.701928835190828,0.084611781419262,0.564524547015998,0.10090207568807
0.788966942252181,0.155309502679763,15.9756634319721,2.27463126876541,0.0779284644793794,0.203723895719279,1,-0.411411649312041,0.175666837576584,0.733785633227181,0.0827192103221164,0.772369330973591,0.0966982273737658,0.597861370125741,0.0991123521653445,0.745357725618806,0.10489556153966,0.527185521401143,0.109644091639975
0.85157168222938,0.143792670484955,12.4958425296758,1.63448485216715,0.400697389868774,0.199220382511825,1,-0.00606464576864208,0.173910867701537,0.586902980535757,0.0791476035221124,0.647317815067636,0.0843677120767143,0.680765774692744,0.0906524913094643,0.652272480336803,0.0901849120055965,0.582695163788279,0.0961851671297804
0.909783871453995,0.152873074136456,14.1987259382931,2.01081380186345,0.300802838612548,0.243726520393817,1,0.157325530341634,0.179494129619426,0.65845519243063,0.0819466711635828,0.774803950370274,0.0901493685260834,0.641876848939703,0.0975891656231496,0.651584246983424,0.111958584564161,0.800586685866333,0.0973041379225667
0.760460235820434,0.16358883159827,16.4918297383509,2.62244367815533,-0.00337206652170341,0.178031435724288,1,-0.208215100157209,0.157426079940599,0.754882381164345,0.0823351896076232,0.727283494602609,0.100217396988148,0.629088834032149,0.106618274558036,0.601610551483826,0.120225086295167,0.580435385815366,0.12724926403476
1.0859854327259,0.172106749009235,16.443820918176,2.65312337918788,0.0425441435334168,0.197121835124467,1,0.124028808426609,0.202265354794114,0.690247391968899,0.0857666242386777,0.721584430294536,0.0979000976039466,0.770707051245465,0.100540675402691,0.792674336151188,0.106060307708117,0.638737440304672,0.129744595407296
0.989406877443217,0.159203843917432,15.5831862596164,2.0884043517787,0.309339532003962,0.219940709417499,1,-0.0388091156049608,0.181744219925431,0.743809337361679,0.0778326908473625,0.590415044094216,0.0921022866068904,0.585210269749399,0.0917370282951834,0.763669361733788,0.0975256853624724,0.783673841419805,0.112244633365112
0.772668846377597,0.166559246150843,17.3127934728872,2.57959533226669,0.298726867592065,0.267005132529784,1,0.113810468200625,0.185101431228913,0.711989511612811,0.0827839268638389,0.694531469996556,0.0929002942585606,0.640610713263857,0.10021723903372,0.711348479932656,0.0969740448179502,0.727472342498114,0.114498365185948
0.815089650633985,0.1513326259707,14.3020688899112,1.79040397557734,0.567189337632427,0.246218833338227,1,0.0112703285198591,0.182133349203492,0.656083310651492,0.0792721209520893,0.606912341976111,0.0830691851074653,0.808876178354969,0.082482942072992,0.530456612576294,0.100561237409363,0.694259474210839,0.1082176315823
1.15850634378908,0.164613021099615,15.4946386671391,2.20239223702405,0.245656283155114,0.22959682957145,1,0.202100502259375,0.178244519759215,0.608748185963195,0.0913419310200872,0.647690947111956,0.0941970454953142,0.665368727833979,0.0993480512322843,0.657548030459335,0.0930665781565399,0.954852962786569,0.0928028363950788
1.10010957522452,0.173111648359556,17.5521140607191,2.62393729277416,0.164212964796386,0.2280955030158,1,-0.0863805978130622,0.16988901905529,0.785750704549131,0.0897138270819554,0.721117217478691,0.0844657298978682,0.641578639217979,0.0955425814959416,0.823304508578453,0.10063120649287,0.7309210382811,0.113719828246255
0.92534873227723,0.155742001685258,14.6887552035473,1.86528224656282,0.746418800422116,0.100384576441819,1,-0.138988266880784,0.203838187642863,0.723951233354659,0.0768944537083983,0.714792493690354,0.0827539797442695,0.768050322408609,0.0795215900077329,0.626708322869011,0.0983516215117974,0.608647929581333,0.102045177462788
0.834493890066477,0.169193140195375,17.8880398741193,2.9030571092692,0.135957141957017,0.236989809926661,1,0.177544651851117,0.152646812884667,0.627259311703862,0.094628370042765,0.707255038889151,0.0899271474381365,0.775187798788217,0.097281163764787,0.890144774463692,0.110912413441923,0.603929731747682,0.140238657911202
0.933296591504941,0.164565656510659,15.9840094567209,2.71370662637213,-0.00258939442400081,0.213607498205542,1,0.0696628461093692,0.195382795059015,0.738293015854242,0.0947612127121435,0.721389972234561,0.0963115942696781,0.786903598483266,0.098864470046881,0.662564385260679,0.11906505942202,0.724007783729447,0.126627103335557
0.950254913968512,0.177160088370609,18.2842544449889,3.04880406795371,0.0484984962481947,0.207934020598948,1,0.0461989568435934,0.172475749530385,0.753165192109867,0.0940871276257696,0.748732390559718,0.096493753358874,0.542638821727063,0.115508563642345,0.783570394177198,0.103764150072909,0.745043793672591,0.124500836778054
1.08089828135621,0.167661914267743,14.922641444976,2.31097197821065,0.163726136416344,0.208594102074847,1,-0.153683156218635,0.162959665267026,0.727519361945362,0.0799786110997883,0.626952271073618,0.0944575441088682,0.717842848455206,0.0991408634542723,0.568578085082803,0.110755764286797,0.703008314108826,0.11666835671333
0.996208680029467,0.137514328547112,12.2030474950941,1.49954875434395,0.273618994059781,0.168140476097437,1,-0.0405585792997651,0.144178973983202,0.561657361133784,0.0784040636795577,0.678948285532146,0.0755394881507804,0.626670428600923,0.0853226856767468,0.61877922766408,0.0960335986149083,0.655190269265778,0.100490930701769
1.21213393756553,0.169861768267963,16.6965717983106,2.34109895987223,0.00752564907452143,0.178053341303408,1,-0.356991771507018,0.177477853190248,0.837401577864812,0.0786967195852024,0.851774350974836,0.0816615376924707,0.688238600050842,0.100877673133362,0.84131172942287,0.0977562261845978,0.744290223072868,0.10859612865477
0.935133091428514,0.164301393989103,15.2647479438274,2.45426409725533,0.20743626809844,0.26000047180497,1,0.107122007090656,0.183019038060621,0.725138497040256,0.0909220803064566,0.650160841475957,0.100781097643599,0.519018987921489,0.117975079405895,0.615188807504263,0.104694575523769,0.780804155893197,0.109269218792336
1.12029643065061,0.15872831935211,15.718094046594,2.05914729651131,0.395785889396588,0.232573218153033,1,-0.139609491583838,0.171707028078758,0.665273019064837,0.0793442432493037,0.70992609659478,0.0774932388700245,0.589561941493962,0.091266032625469,0.65612869804959,0.099659332847343,0.602089454781045,0.116906460614136
1.17630357955678,0.1738543093941,16.591008751238,2.61856350534937,0.0379999311228712,0.196215879104391,1,-0.0705583867683036,0.170015518372259,0.82940553723313,0.0789369870059939,0.749649482046791,0.0975687944619235,0.800852309324992,0.115205656972223,0.641138448813803,0.110883417108139,0.781844333709992,0.123983084958855
0.729290848446345,0.173628715001001,19.8725680261388,2.69880760759254,0.423458441195173,0.252921154769684,1,-0.108183345230058,0.174592837522765,0.745306929537971,0.0767783268540075,0.823018940562818,0.0943516426989656,0.650127018197641,0.0963155462104203,0.771366263492692,0.104620799542312,0.742052863782736,0.0952340935344435
0.582040523959615,0.168596586190358,17.1323273883054,2.65891958107943,0.193087355312851,0.240000044143076,1,-0.212796045664772,0.187866282616118,0.786955360485177,0.0831249089062531,0.728661161131024,0.10527722811508,0.753717098576451,0.093999112745255,0.748382529496474,0.115213383679596,0.769197746585909,0.11584643498356
0.920173464254173,0.148286952093436,13.1130506006558,1.80341067148564,0.547086977758604,0.174447756116326,1,0.317153774431642,0.166503124591281,0.611664436403222,0.0955349203834744,0.601945973081867,0.0874206319713727,0.683233950850815,0.0876466978938131,0.491772577324112,0.110699247558006,0.651095497163616,0.0954996665271496
1.04937233494875,0.172922070079305,18.2025656154552,2.88525733017171,0.0162546983411172,0.193472363418782,1,-0.00665147233928876,0.186250517098321,0.679667321284557,0.0952800717518222,0.607430628819416,0.0981745802820243,0.766355185282132,0.1003786896011,0.694378115918192,0.110691807367324,0.740909251710259,0.121312394276482
0.871561893857904,0.157299830988266,15.3474622383901,2.15865068748363,0.503437919409697,0.290692649126303,1,0.0170200268345042,0.169273692586888,0.673488397499245,0.079435722436914,0.620620568585633,0.0901936888893901,0.538435693943605,0.102959297743709,0.528966821458541,0.102135243615028,0.585743448330335,0.107034301826398
0.713482544953804,0.145583829502693,14.1168053426462,1.7758826527924,0.493299564652171,0.205223262970662,1,0.0938915405814931,0.162970913839579,0.629890571890334,0.0706642513756371,0.693644074227123,0.0761970129648109,0.457721580870179,0.101810852585787,0.611436370474887,0.103091149470391,0.609741770779581,0.113545586188794
0.978045283761334,0.175254498107604,17.7942356806268,2.97331963477696,0.276340983216293,0.317470160420464,1,0.0660697211028609,0.186881049150941,0.768208676880498,0.0897759623145564,0.699175144288473,0.107258735942049,0.660694584960247,0.103170582081809,0.636404840365151,0.124455401977684,0.817777400127693,0.108936279549905
1.41293268127943,0.195206455533883,20.3460414277348,3.24134146860839,0.198229289101733,0.23002355935778,1,-0.0336838026810832,0.205945634038275,0.73187914585121,0.0937671187923812,0.798850037101735,0.0996146773197914,0.892794193181968,0.0897910162449113,0.792996984925095,0.102874059074888,0.828201397850412,0.116783924589688
1.38594272003445,0.197698282640253,18.9567622360374,3.3366562457804,-0.0636875111517753,0.197051937004604,1,0.0258809662626336,0.171366271254218,0.692468107255842,0.0946425432974239,0.883573393982294,0.10718695739644,0.878960092768681,0.112398958509769,0.624131709410461,0.12581550515077,0.859364468294326,0.114862944120092
0.930619775183402,0.162408003924548,15.6448074893841,2.31408154485825,0.303442952832699,0.252072758537262,1,-0.0624732458231408,0.169558404418064,0.687292082992083,0.0891686170329464,0.708481130955993,0.0948418637299175,0.567645406664672,0.0953967258427052,0.809891569505815,0.0971607315114139,0.636031774867851,0.116234856702755
1.04394429608686,0.170346933237229,15.6469335435179,2.61939157221089,-0.0503530522162953,0.180088656870696,1,-0.403982921908546,0.186321025806369,0.791545384959763,0.0867819107367994,0.712237555244906,0.10347096039942,0.660497532706333,0.110554840792372,0.713390383418348,0.112611691787676,0.680087922543645,0.121729203545676
0.999614357052833,0.16401367285699,14.5451855044749,2.15742328142037,0.313672726173462,0.218012484985995,1,0.196568444381705,0.190922387119321,0.621980548039905,0.0921425280433082,0.759513615938053,0.0916249287531522,0.730517692939956,0.090549852935876,0.614074271798611,0.110902801451634,0.544087302251121,0.106700508624485
0.793661247373129,0.151546098012458,14.7823514746015,1.91964730047966,0.385897879469309,0.212635442845393,1,-0.132455950513373,0.167875882167837,0.684683106105775,0.0782563133002657,0.729721867686973,0.0826869953695597,0.645590103914047,0.0948790785347829,0.612875259343698,0.107274116695423,0.708859750317296,0.100025357802223
0.956166749772153,0.151231733132741,14.7132586591575,1.88715265170286,0.430557827237763,0.213533040002827,1,0.061644416188094,0.161761573708443,0.570198494652146,0.0804228667198412,0.633455480535497,0.0792963538208635,0.698438257291984,0.0882180177942025,0.584841098277055,0.0945028103094473,0.752888927737146,0.10748871631145
1.18350595798268,0.166022408482955,16.4272190356594,2.33795270597989,0.260461067645592,0.227703964035368,1,0.0250395394402765,0.183429082418508,0.704582983007323,0.0806852337509356,0.621196577463112,0.0834765391254907,0.867875642969644,0.0847215529286102,0.609560845248754,0.109943039316046,0.695994985750917,0.111320664514688
0.959885345811792,0.160329003372776,15.6682213316359,2.17611307524191,0.16779759251081,0.204495383207305,1,0.152689567775117,0.166554206177461,0.624843554969458,0.086372521582217,0.68949945703023,0.0817027574050296,0.768775994974291,0.0886290948195765,0.648791469202823,0.0971445779615329,0.792755950583246,0.103263115126913
1.21072336464889,0.184210783068797,18.2352699371412,2.75561301153994,0.251478262264484,0.236252791367115,1,-0.191984761772181,0.200511425945925,0.80820150880707,0.0880256979061795,0.615944124200182,0.0927917879003192,0.788918491281864,0.0956739012289307,0.822211912489609,0.104198888586399,0.787522843680515,0.108497547360642
0.989858649785767,0.171004318053353,17.2849521840057,2.89071024539956,0.098606398950406,0.231590538148863,1,-0.048201448745071,0.174371848222911,0.630849131152214,0.0922431807716242,0.719250472450099,0.0960328636393395,0.772223658150976,0.106300657752482,0.647210983122032,0.115030634354578,0.761363912249101,0.119774017217171
0.980977758778354,0.175567550195487,19.534162209739,2.86873110613583,0.308820346791794,0.248007877969518,1,-0.0815143842983072,0.18282665326598,0.80850226015682,0.0863209809542285,0.702317645043071,0.0921339332757289,0.840020757833907,0.102250253686241,0.570211366007946,0.11094742197836,0.875222891346177,0.102885964539259
1.1042118631468,0.173272931134692,18.8069974901842,2.47704713384406,0.710354717403105,0.128677152510137,1,0.352969730481535,0.188001672283479,0.540797168676028,0.088390085422104,0.70111624340753,0.0888486058648236,0.774116702728346,0.0868410852438615,0.609654277615168,0.100687662962531,0.779697041590908,0.0954950270941123
1.10396274015489,0.169341309261965,17.4536335151986,2.41658781479592,0.269847137232506,0.201798449673328,1,0.428411290289199,0.16459611148443,0.67367828421802,0.0779292913608172,0.634085488606638,0.0917758197600051,0.669254929497149,0.0977568575310873,0.722450370488002,0.0977467427899907,0.595332852609782,0.10220809620172
1.13724693106864,0.154377930187827,15.0945015513379,1.954916336162,0.348766364699644,0.221474893638342,1,-0.0181314710941727,0.175616471863172,0.768919260727931,0.0768583272546377,0.65321630928102,0.0827466020183261,0.654731234291312,0.0973130655517142,0.608212253671944,0.102498744015181,0.753543406884167,0.0997761581924196
1.01782817619243,0.147008524322784,13.5787919835934,1.81075084569232,0.364838379226601,0.194325266127453,1,0.0619974316685923,0.162378529459897,0.647461397484799,0.0754928859595685,0.645464812493587,0.0827630793189381,0.729553064070737,0.0820221599702962,0.715787864535756,0.0978405067648352,0.538781421425777,0.110543632330901
0.856757281994565,0.153581080090691,14.417142902913,2.3047106607172,0.263556437749196,0.256416891483945,1,0.279551806398451,0.161599501601167,0.733155010545371,0.0858527223925947,0.692201121628654,0.0910014299974013,0.722985763610703,0.115501487863666,0.668871858216091,0.108502745868535,0.674756924653541,0.117347026781693
1.14177192385099,0.191233642434558,17.75062785361,3.20903036568341,-0.0412699886101182,0.194226498571826,1,0.0559564801882601,0.188023831067699,0.83955725716103,0.0964612488421423,0.864086692364441,0.101345650993071,0.668228752432278,0.110044927072613,0.852897665235618,0.11055023268469,0.745297307265124,0.124050474418961
1.11849692324697,0.174272564001076,18.2497960074505,2.5186470441764,0.425440204521183,0.255870280645798,1,-0.11361312658324,0.191976915864525,0.761555286148243,0.0883217473111235,0.731863805116278,0.0846523596040369,0.663689328567652,0.0965037524478779,0.768266669172075,0.0984684407588558,0.646454289275576,0.103591840270368
0.857230403748181,0.150888654469387,14.2065986784336,2.0204620610699,0.399257948846922,0.285233807353804,1,0.0594177099261299,0.193260787506443,0.661042144586561,0.0828696389481023,0.566323985778301,0.0929396916384843,0.641420814000668,0.0899306263334073,0.532593093006598,0.111853527450189,0.640593083545649,0.103174466543838
1.27897840758541,0.184545305026533,19.9305665354449,3.02863197879003,0.14821657541635,0.213085670710538,1,0.0869124639794301,0.198936559011994,0.793873364939566,0.087565138892509,0.78959246347767,0.0917761311924697,0.68430026914112,0.0936880590368581,0.791606198860288,0.0910229385154631,0.89563906999606,0.116183288240311
0.766397562197275,0.181646545899818,21.0214937205242,3.25161357893923,0.360355298431991,0.288281900171467,1,-0.0271136098524188,0.202244238672271,0.671578155285165,0.0908348629559003,0.775271702472677,0.0908135245042346,0.765901744030592,0.10435695606672,0.643833356132569,0.110122274206814,0.680826448866369,0.122232090599367
1.18130718677058,0.18262614730638,19.6148486708065,2.68803990705443,0.453876012595035,0.269437524854835,1,0.0195504732077939,0.180502273834434,0.773609597034881,0.0744717724765907,0.806471777531092,0.0850959922365402,0.874003058280708,0.0843889977404524,0.587996426365153,0.113024252860609,0.617853411507972,0.114054243980978
0.970102609658153,0.173935704227452,18.3574078073839,3.10637699208162,-0.0395240946729246,0.179698562204107,1,-0.0696311276361403,0.165163461921409,0.677242238408824,0.0946057537115181,0.696133316291232,0.115976072963963,0.763704217695661,0.112074724500866,0.861427653708494,0.111457368541746,0.693183221891188,0.126067789728363
0.885016984175934,0.154276347550391,15.4970072345261,1.91435877713135,0.463426488196562,0.202548608334531,1,-0.199079991603104,0.167187900934248,0.715292586181469,0.0747043624275545,0.636756172643743,0.0871392117939792,0.678129937127839,0.081670276171761,0.567572390522269,0.106329610501392,0.677429930132039,0.0922876581989136
1.26791265304915,0.18035500158534,17.4194089372603,2.75104070087729,0.0650219108193292,0.222414521652011,1,0.0118048303923727,0.178665929307425,0.595458622044298,0.0921746781042911,0.756925921682309,0.0971402119489821,0.73514494851856,0.103425402163097,0.709698411536576,0.104507708017162,0.788528184038855,0.11088263333609
0.998742608020532,0.158597272411381,14.4807694939032,2.13539774923501,0.356949842382502,0.247264800902248,1,-0.0476603370392582,0.180734511310187,0.688154019089156,0.0870397399843427,0.52349396873996,0.0992001084925379,0.649063973322811,0.093467002166528,0.60532013495534,0.105521929958772,0.667088581509887,0.104942455713398
0.82363841345627,0.156708549165288,14.9916774175018,2.25370694343368,0.307555210869233,0.24103803672252,1,0.139430109121282,0.195027865930912,0.653224278433199,0.0804028032583044,0.691845967876579,0.0859283108845809,0.648997871274837,0.107952535279994,0.513982853581896,0.118475414128469,0.677160557362215,0.115037905087929
0.88096390368642,0.170723732514135,17.444070583734,2.71667380611225,0.216437425068114,0.24859833617146,1,0.054267545017618,0.174123524185169,0.736346362184974,0.0847302449453348,0.763227186402357,0.0983038926217708,0.805466516780402,0.100180378744961,0.680761775733299,0.118275158027579,0.624993868737834,0.118419486078633
1.04965941028712,0.167280538264816,17.0560378305577,2.4994392865234,0.123286695839487,0.213274451070957,1,0.0735153341366028,0.203194361547059,0.822542585552263,0.0879450809620605,0.667210036359711,0.0966711215149856,0.636440574073106,0.0933393278260569,0.776647629845875,0.0975527051116175,0.613247461355756,0.11474090074469
1.27524502167458,0.183830179260129,19.557197907641,3.13632845422059,-0.00796943239844477,0.196550252304857,1,-0.122050881635671,0.157703313181516,0.772591576444231,0.0901166021562065,0.879599640283428,0.0869730634554779,0.724513942396858,0.106298081362416,0.870235563405782,0.10249684576211,0.716974784194266,0.13216318509984
0.812988151876834,0.170567785030874,19.7776231618956,2.6336701893566,0.433415721184886,0.258254130925318,1,0.017289558210632,0.179274311929367,0.855326999029962,0.0723268463988015,0.658485420679971,0.0905508034352145,0.864317305068701,0.094109751367258,0.78176733559838,0.100648054790808,0.842913728232166,0.0896073882446561
1.00608911688915,0.153950461575821,15.5802852372193,2.19490593389536,0.385146630627159,0.289962535532147,1,0.115387616474161,0.195899525026248,0.511203671784945,0.0956572743633558,0.679867237931051,0.0915959476781375,0.658769833052081,0.0939538205845217,0.564381173582103,0.0941379874019163,0.802120895599451,0.114043572229504
1.04911322369773,0.174623989378085,17.2369425705533,2.79576519186234,0.147659931408521,0.224370492719067,1,-0.133634961623495,0.172815147444751,0.675891523062995,0.0936493844925034,0.724736854562857,0.0996391653770223,0.677018340726419,0.105034019157682,0.741594784806102,0.112900606676779,0.692824286418925,0.11422760684127
0.801180148994843,0.187257531881522,21.5971407595822,3.48572490939806,0.18621477762767,0.235582664934149,1,-0.165545672584706,0.177777112990291,0.75835403044698,0.0853505050795971,0.748696960946172,0.0902415075562392,0.7470232946799,0.101223034598755,0.85642978957002,0.12195657863885,0.797521873016052,0.136524151889801
1.00989821158948,0.174419417144192,17.6821535253469,2.71161258461012,0.348855010940177,0.251623541982751,1,-0.0498069843167858,0.192499825679684,0.745860555561938,0.0830790330789301,0.734417908774605,0.0928895136117511,0.639786522047317,0.104939376930962,0.6298041730834,0.0994392590310449,0.667660169397455,0.116321621365921
1.20240456574514,0.165457321006396,15.5279669978726,2.30170642696223,0.353417539264393,0.265060873039544,1,0.141729452764566,0.196094781824021,0.516371791727482,0.0888280812216571,0.777625308523132,0.0865509947786067,0.761306785551705,0.100252535330397,0.58075189085245,0.106339149534874,0.749908498566238,0.112288858505684
1.09911663050648,0.168425107054504,15.2189973165244,2.45507802347101,0.210534527479503,0.244980318816581,1,0.0200762279775743,0.182251743878136,0.707397585361557,0.0908993145544682,0.753431491689397,0.0922099445066919,0.628134940810169,0.099435870033746,0.68823616110086,0.117741080227951,0.907659180227579,0.105146326154426
1.01179206896767,0.152665908445018,13.9559939835873,1.78004821185412,0.358298213629766,0.230805448966313,1,-0.146823747416587,0.202244026047631,0.730393494943673,0.0859277299764522,0.659555763156667,0.0771436494673827,0.693672676798605,0.0748463979276399,0.645914714571347,0.096069041372831,0.71560324678612,0.1020545641436
1.0711877696018,0.163913266266057,17.7283262304201,2.33876408711286,0.396104530095108,0.236754756724239,1,0.179445118328911,0.165098422990624,0.558063435855644,0.0931465311593048,0.751043774323599,0.0852826073683492,0.773897177069612,0.0937509089372918,0.851001442300049,0.0908239756192192,0.770138864803196,0.100436181907383
1.07785791582528,0.167243485519636,15.6848876404993,2.58443415323326,-0.0222699941451796,0.190449745646747,1,-0.150268172576212,0.178844898446334,0.799459173958609,0.0984981172408734,0.606381761486187,0.101737467364469,0.893054467314576,0.0947949518932598,0.620199096950846,0.115656231748622,0.66075690657577,0.118022514652329
1.08134699838368,0.167400070132038,15.9490003828378,2.31444719422536,0.136460301955598,0.228911570455015,1,-0.104592391951705,0.183575423326342,0.632397833237245,0.0885261602299058,0.770226875292441,0.0916745397752347,0.680579040240434,0.097508656750743,0.721016059537696,0.113744302793946,0.794900505572308,0.109136325035785
1.08761164059983,0.168795983372972,19.1930826316069,2.42359413315996,0.478900398704977,0.195377628782399,1,0.233421303874353,0.161453157768701,0.602180084429411,0.0807782426179205,0.798376133170749,0.0817825679958763,0.866808148308027,0.0806173850100487,0.616606831188465,0.0989819690037567,0.802646778173067,0.0999835552529043
0.97760994430167,0.16962752769748,17.7171633828625,2.39922989235276,0.342470058901103,0.205906871277065,1,-0.180790198756771,0.17497770136008,0.739269609015064,0.0797277697412462,0.790798419622001,0.0781615377241012,0.763478189405008,0.107614456668469,0.716335778879461,0.102746216850368,0.677581986368229,0.114254560922058
0.856667791332278,0.162785036687835,16.4289288550714,2.30868583812654,0.448852203467304,0.24671746552803,1,-0.165592916928165,0.175761020407208,0.74861556476545,0.0811207918904633,0.64419803294589,0.0903518882417965,0.687543551457997,0.0934845396407758,0.66104902576105,0.105464669027506,0.613179234849841,0.105826919571978
1.05960301541784,0.180417898007636,18.7628195100144,2.84794012190175,0.0890216406484251,0.18089642988044,1,0.1344640242708,0.175536088215347,0.699012776882247,0.0979618811904872,0.793150804258503,0.0933726175112041,0.762104544910138,0.0935532117965655,0.630692930115806,0.107674100453934,0.7913212860807,0.12359262150867
1.13725420905044,0.153813841970239,14.7738498858656,1.85276246293809,0.600752236528439,0.177327502314974,1,0.100980582548959,0.172062472676572,0.542242297837861,0.0854891207135569,0.763545095073941,0.0826200582493643,0.578100195888352,0.0916812020688643,0.708567483660809,0.0797695567423615,0.670219617544659,0.0976156498761803
1.21277838069232,0.191501930446906,20.5322993811852,3.58983435822465,0.026736870515508,0.221098634497194,1,0.21315702952107,0.172074283920056,0.802690873925745,0.100763170847421,0.770927136351248,0.0967217396662796,0.701861179830741,0.112531927962295,0.827943238320403,0.115159545461994,0.813226473408794,0.119293119034422
1.12586875099171,0.150646509483461,14.1520821223414,1.69278325914032,0.641149885176863,0.135079055640536,1,0.00950928197763137,0.191716678919931,0.744427166068179,0.0679788326196636,0.575334181660261,0.0806520892322293,0.7161803481107,0.0883270303953681,0.746732156536511,0.0920155098692493,0.660049365488503,0.10127019460273
1.20165046011807,0.155421711623195,15.1205648572559,1.92233494819618,0.548774018684136,0.180196444846913,1,0.0388393679211643,0.197960375736259,0.659665527701212,0.082308156330838,0.558050679239878,0.0912485216516321,0.838784069321176,0.074811225852099,0.631249530259021,0.0844586132239082,0.683261243433424,0.0999795387206447
0.834141900306559,0.133354533171542,10.4648304184099,1.34661687365566,0.539659091297511,0.221610616933783,1,0.362056895716294,0.188135033360059,0.496100645458282,0.0797179021313881,0.5294602115217,0.0866590717328176,0.57059514946577,0.0876900297294598,0.603967709857541,0.0892755415619345,0.685286528009423,0.0958183935166334
1.01425919185361,0.18251420121878,17.7792653644906,3.06262673947426,0.131700811699234,0.252285050551152,1,-0.104042441691223,0.204186986662416,0.726376116665635,0.0929467946241452,0.777103455687638,0.101700778127433,0.680276815126242,0.112206022636946,0.759315089360088,0.102035791651928,0.574841876801979,0.131790509739624
0.769548523930562,0.162506140339211,16.6689052382589,2.39249990574405,0.353321666609579,0.297086320423042,1,0.115225728925049,0.187017252521879,0.626122186319872,0.0938208318868776,0.769107924738195,0.0848683640933971,0.621324156052523,0.095433590262165,0.812684904816309,0.0963339454501862,0.436441281685359,0.129122130228035
0.936872933410749,0.177197615695912,19.1985593282632,2.70403533980642,0.471388276460426,0.261078429071491,1,0.0237308554217336,0.201948892188237,0.736770838991981,0.0858232923556201,0.742589253962406,0.0900760558885074,0.829734283393723,0.0933502309449225,0.709733032130475,0.0940561968101655,0.743083945124666,0.104260733505611
0.7582201024615,0.162570665275632,17.0819572105539,2.53696868502389,0.129054596933994,0.193528319689074,1,0.141329310702834,0.1732206662866,0.533550955171457,0.0993111512718901,0.63300732685282,0.0952801309767315,0.745978055940054,0.0906886099888228,0.673589041454603,0.108554756406811,0.666593983335324,0.111017954473307
1.42572378067378,0.193581530135343,19.179637453551,3.20885186998689,0.0856636189692526,0.237695894274502,1,0.154057131734841,0.169231650689012,0.677344153604704,0.103526323844875,0.865214106074566,0.0944166287822971,0.683665500136674,0.0993003449802531,0.834964857496667,0.110111041111836,0.857421774307432,0.116232015597572
1.01240672292643,0.183269676658927,19.269967030499,3.40656603468745,-0.110078044826881,0.180511252770423,1,0.373813085475338,0.190096781009104,0.734559823380762,0.0998695895968097,0.693860997536575,0.113245397589907,0.738791266599551,0.116131604968642,0.727479625486069,0.127768619827982,0.724353175450946,0.132156492450303
1.06818229306486,0.179238530951645,18.4721786220467,2.97992906974858,0.026405384860637,0.226258961170745,1,-0.0481428268192453,0.199758664678141,0.725903333724708,0.093582021455295,0.779901949639819,0.109402511878728,0.801288465044482,0.100991262860669,0.713829545810225,0.111950498043726,0.904080739262751,0.114525696181694
0.889964336955508,0.152796840036745,14.2142268395907,1.82958206580206,0.472138548654969,0.204110858157114,1,-0.0381178879461506,0.184059261980517,0.623495329604048,0.0806340436124351,0.791193470521403,0.0713480192506358,0.673410177780303,0.0938319205988377,0.684094890764147,0.0967483188526853,0.640506703906076,0.105729918164849
0.825962658394126,0.169198033303709,18.0765744738868,2.76964412313361,0.102083338888423,0.229371727556138,1,-0.167034155115141,0.177710268025906,0.751982255929767,0.083436906341321,0.842551097852427,0.0927690635365635,0.757645269765919,0.0965898077420048,0.777748370825828,0.105390646236675,0.712491802678175,0.114210403081644
0.93754362202123,0.161575879205307,16.0694019290646,2.61723104674059,0.0651847873383021,0.207616041485338,1,0.198972696290986,0.175033684058226,0.636536100995741,0.0932084926597288,0.726353088578515,0.102262502401321,0.781382961402291,0.0976863881729459,0.899863435694718,0.112029410059009,0.476662754104279,0.128467442980196
0.959157756961193,0.151931472572707,15.1081689258273,1.80685154021909,0.502241943283662,0.182136316398484,1,0.185928381330354,0.178275476828651,0.597226556099733,0.0778619015604062,0.603389068827514,0.0872781627487955,0.653929962246603,0.0912577283902943,0.73554684831158,0.0941386644331536,0.638320947394294,0.0923876680065623
0.93678241235235,0.17728836495532,18.1213614910248,3.05715309587509,-0.0203786460211005,0.175136299417885,1,-0.0716938454950345,0.19047831165357,0.777784427846836,0.0944472737724921,0.735466452845613,0.0961161268989964,0.671131420768567,0.108354402724955,0.770374673695226,0.112126583651315,0.714718489537037,0.115204407747247
0.886075452761776,0.157125624626634,15.3991882016384,2.00404131485196,0.569296252195284,0.244995376312001,1,0.0356255840441399,0.179575950842906,0.711080192383113,0.0770960366330577,0.630593872190927,0.0860715913316297,0.71138883338899,0.0844121560547846,0.661697121874931,0.10126120723767,0.666733282143806,0.108360737400815
0.979198727260298,0.146745974530463,14.0208916556598,1.77896771052216,0.412206422062673,0.207387521054839,1,0.188976346126974,0.18165462322649,0.683514062429856,0.0764155215406355,0.608878719004258,0.0806298444743574,0.643178964061518,0.0991331178076518,0.616621100364479,0.101849997900103,0.595447145300767,0.112178539562214
1.0490881768154,0.152122989643229,14.0520916632519,2.00041949236759,0.323069638182964,0.262224430294717,1,-0.234633831188935,0.193345349830151,0.776768916533212,0.0806612985792319,0.672502413015148,0.0987202556049752,0.769770068594693,0.0853237196682463,0.622960731965024,0.0951686346633382,0.736838042601768,0.102456317038948
0.698104589000216,0.161942048260173,16.167357163746,2.48094252592626,0.0793288662390766,0.231185594823739,1,-0.118497499432449,0.172713600240062,0.705124914584664,0.0872913269918832,0.703049057576461,0.0954188279351044,0.698440336368109,0.101374103572583,0.696489851603403,0.111685732476121,0.604662397246046,0.117568950249804
1.114188723634,0.173855849886498,18.4800170969821,2.67396814288762,0.268987167601599,0.206570735848735,1,-0.262114753700631,0.18265021603423,0.79109448713029,0.0769482499392901,0.672301044136795,0.100204094143627,0.709262275161131,0.0939388200449849,0.744049958452036,0.102113494467035,0.655646682042609,0.112842316561458
1.0307664906085,0.172254388133436,17.3227913381895,2.53224106806921,0.346511563595026,0.275183205656597,1,-0.0128248028296313,0.188614267415976,0.701809189691604,0.0835156662244983,0.82404890296699,0.0901266730586438,0.666282805792818,0.10178585237182,0.736537046251487,0.0985665199496163,0.884635343692117,0.107341569374646
1.11079881752545,0.180547066694758,19.5310366968286,2.89641292643799,0.0460184721481151,0.190876709157106,1,0.110072965193589,0.204468868413797,0.748834669503185,0.0887188145842926,0.747461058512132,0.0917760576148627,0.750243794598943,0.0975894515956058,0.77742832091923,0.0933110743273014,0.807020555011367,0.107535351023851
1.00880322636343,0.156122201207459,14.3244134434039,2.16473662556976,0.300939471946598,0.255745204877826,1,0.0181455645099043,0.194175413981421,0.688361714306898,0.0937299593755008,0.698882010938951,0.0902576411093391,0.67492390074053,0.0892568627013726,0.641922559396356,0.103665389927913,0.671178962179244,0.116564281373689
0.813907704871401,0.139677135874436,12.3856514946596,1.45880504744632,0.713196667143928,0.11369362369999,1,-0.194117725797223,0.186147201015142,0.570314678429609,0.0675481537713793,0.56677870244339,0.0741911471750023,0.721036649598204,0.0683324416568687,0.529003373918876,0.0989011834137923,0.66684850724189,0.110797839713338
0.956729788540319,0.148444566591274,14.410346518521,1.80472317227717,0.533438259424076,0.204547600075456,1,0.0782589514692673,0.171287125573357,0.628956995070304,0.076603429663551,0.648946050983084,0.0783114162371639,0.647353269228686,0.0913487252696353,0.620002177177641,0.0987798964746307,0.595745275356088,0.105360384051084
1.2159626417915,0.172195605883179,17.6623046185164,2.42117792811416,0.372502748637562,0.247202725144628,1,-0.0696129446786403,0.1806952010189,0.839100281400581,0.079924373834316,0.681864879148099,0.0823542225076534,0.679093035596045,0.0930369195069127,0.634514718947367,0.104734883898475,0.834390290868211,0.103069839071725
0.943478033933184,0.167931056636546,17.0865284701473,2.61823663341552,0.229799866653122,0.240925180761859,1,-0.0751443571323649,0.189988469750945,0.711231501170718,0.0889279955598851,0.577993042757939,0.106644721819833,0.754066462553668,0.0857641915263385,0.551792347151703,0.112600687584015,0.655408963352061,0.109915836119421
0.723610050624559,0.152365872400949,14.8544497947561,1.92647067475754,0.511881335581919,0.231976992142407,1,-0.0238493200204658,0.183131664159533,0.71724677685571,0.0748929875425126,0.711856072720799,0.082618267694103,0.568218701308916,0.0998431617260991,0.643824714286868,0.103929290315115,0.463421147271408,0.107028112735145
1.10489593206306,0.160787312162387,15.4488159386979,2.13758580578497,0.424678897188973,0.232137245866619,1,-0.302125854988183,0.177364526699597,0.73881106322331,0.0806621503072981,0.685004092212872,0.0867350388466828,0.605368427232328,0.0882970530593148,0.625060932807755,0.103126123491042,0.741950236113371,0.100768616431389
0.817373145186255,0.154472677395528,15.5126032856846,2.08952762390346,0.584385586867645,0.1658962348583,1,0.0252967917050719,0.176110277694416,0.707267239747083,0.0823001087756087,0.641347124369243,0.0832308771946356,0.545140076340223,0.0876296942717907,0.817768330851174,0.10241483941388,0.61728349660808,0.103639700482692
0.890818220860151,0.150712479910597,14.6069802585083,1.84596336979255,0.615610875677015,0.183340806395558,1,0.179782416879134,0.187844283409896,0.560400149678601,0.089574262140513,0.748102987644112,0.0892057257115222,0.666669979024978,0.077132344724537,0.54759433249105,0.0972662191383559,0.533515548257428,0.1136350041525
1.14536793983866,0.143093321183436,13.5783263265849,1.62710769841039,0.413892091194635,0.148823897130123,1,-0.123002464499566,0.176021521477444,0.793766804071334,0.0697108084720703,0.58273793408552,0.0806324079572125,0.723958070530701,0.0778124299865146,0.596365397907841,0.097182863640832,0.659571141579717,0.0993900401390432
0.89137985555755,0.165738497740559,16.0399270843323,2.34855439138682,0.234171754245648,0.233899700228821,1,0.0316845003889849,0.206171676947288,0.757977150860894,0.0812511753026011,0.508118816419341,0.103054459147207,0.742542892396314,0.0972058150290308,0.630470912840745,0.112036457991453,0.792754559606895,0.100205644115985
1.27071286750194,0.164081860630802,15.2620607726598,2.18661145505378,0.433627903557193,0.249620921308682,1,0.45789358249349,0.1954497594066,0.644719823235222,0.0902170163141022,0.59039954118198,0.100232323036312,0.786952644864838,0.0894896335090857,0.705627324099868,0.104906058397874,0.797054713405502,0.0948808105559949
0.852533164696248,0.160399763317659,15.817809371987,2.3584448527318,0.231677032545853,0.238959993434945,1,-0.179949508817407,0.199605060547894,0.748823379147279,0.0851573200928093,0.717092213912582,0.0915558615518402,0.593226854805432,0.103629089819738,0.713579883199202,0.0997276562342016,0.665159972501066,0.105137315539852
1.19265530671654,0.163851715931862,15.9908897144628,2.16409874677188,0.507242845332241,0.232876350879662,1,0.127710436169299,0.180153518708372,0.708731381545816,0.0791106418566841,0.683895998848434,0.0905405173793974,0.775204527552547,0.0898775891706162,0.570476265333245,0.0934618214602481,0.613346443091477,0.115244214331219
0.832245445628965,0.151176560065779,13.7198171283972,1.81863599995546,0.483486052873492,0.253186646427628,1,-0.0280831147752386,0.196198628942704,0.570938706919685,0.0812379198061755,0.671395206024551,0.0835331687291499,0.52762598168415,0.093913814563956,0.595350894877681,0.0989168868682767,0.648091330804686,0.104993333190852
1.02048184532654,0.159528218253254,15.6868130596734,2.28640955910306,0.332112567309319,0.245497435897867,1,-0.190203917150048,0.18101261851214,0.891498137051453,0.0802213652537866,0.66378704256957,0.0807129088430173,0.769284048723583,0.100503636884931,0.743522728582955,0.105551959103596,0.590599302737997,0.10627186147025
0.938881863350068,0.180200086915826,20.8396948086107,3.30011672186303,-0.162848135101737,0.164700685170575,1,-0.0784956202231766,0.160661320559382,0.770391965794175,0.095909034385508,0.626339734443799,0.102299003409023,0.935692928100629,0.10142681692753,0.779796165660031,0.100967180759623,0.903831879643985,0.101529377549266
1.09974220979856,0.187334821742144,22.1627709305314,3.18120244082485,-0.0483860464173531,0.171625851388908,1,-0.057556646934996,0.186608794008027,0.87879105536331,0.0926231100526738,0.697343481706014,0.100037703390271,0.798987539906403,0.0917387990373234,0.947266269536484,0.0961866399157778,0.685170880452724,0.106064696000158
0.980642709973846,0.164251624035471,17.0085189836088,2.55972277083548,0.143115686389577,0.224828569957531,1,-0.0318263807078786,0.182218728100499,0.689972596097084,0.0901181059281523,0.703593790138568,0.0915735253777686,0.747904031707863,0.0936514284774167,0.828580095505526,0.0999944946790517,0.471174716510107,0.132444013843062
1.15020632902982,0.176412645565932,17.6809396660084,2.7029660004737,0.257062079512774,0.26396362236644,1,-0.112968954280961,0.204096644295232,0.865049247333229,0.0859547748898873,0.450296100917987,0.103736129666739,0.76581961124956,0.0995355622348104,0.613484027209007,0.104301520921632,0.819863621546201,0.103617847381825
0.871804959893768,0.155357233454084,16.2553291563611,2.12860555013041,0.369039680266211,0.202099746792703,1,-0.224688621335902,0.19030878301785,0.695747857524758,0.0798736432053618,0.608667393521152,0.0798815794916666,0.773457796904334,0.0847405384026417,0.758677896876391,0.0870428514879355,0.584405464615962,0.0966492796577493
1.14234062642043,0.177242733656092,18.1211743397582,2.89846129575653,0.288208584363888,0.270859070438304,1,0.241227710090807,0.189338851159047,0.768276339126854,0.0916473572983959,0.524232329653505,0.108326991519304,0.818190437414214,0.0972094502520927,0.68764638414103,0.11251567698882,0.700338537038516,0.106204229898326
1.07796821507836,0.176262495217086,18.394382134277,2.63893451764474,0.481387534185336,0.213096851282632,1,0.0037672245644759,0.171773803410871,0.715364434440173,0.0820450550865397,0.78585484594181,0.0749267781465648,0.650575025349575,0.108779362283907,0.712547239716437,0.0978448093193227,0.752762496289917,0.108378556350312
0.872822813242331,0.152683495820485,15.2165222595512,2.29710091072026,0.303438297438609,0.219990670627815,1,-0.112213605877651,0.204712572777162,0.737833075659969,0.0942835391617598,0.481692585567237,0.0948021239283395,0.716420136989284,0.0892442015367359,0.708177042451328,0.106433150680292,0.74168600042184,0.114988627821483
1.0116187470594,0.152052668471401,14.9131526427752,2.03932204809845,0.143265775643847,0.198222679670096,1,-0.311099499353514,0.156812245911479,0.751122241792181,0.073745618598084,0.613705982520079,0.0864629334788959,0.667525804577152,0.0969928304802945,0.854359722033357,0.101856861028304,0.524163908770227,0.110633173292826
0.920743191810758,0.163381380087059,17.0507620285483,2.25503872882471,0.548965252652313,0.201784591949615,1,-0.0785762328844656,0.183666073445218,0.660260962189246,0.0703582533664577,0.671023952547691,0.0919548682037276,0.516189979844207,0.0970155178360526,0.644062240817354,0.104801174144755,0.731413364568466,0.100616671884304
1.17393594711167,0.177189356423015,18.2907707337129,2.80067097610452,0.14656508621286,0.203307733212063,1,0.0241112655658388,0.166757502095988,0.69639105048256,0.0868508891271693,0.679700836125523,0.0947094538508168,0.700693418267648,0.102431562231523,0.832932729342788,0.0989236058347259,0.694753228657587,0.120610831160154
0.845975461726315,0.160402592726155,15.5350053422973,2.45221940739264,0.154281038694523,0.243210253028927,1,-0.245880380377898,0.170863481774127,0.711145133228869,0.0887544887269174,0.659461104645131,0.0944399308836344,0.72355605481125,0.10929688349618,0.699634181242529,0.108574180279544,0.7311447189871,0.123439905116221
1.10408901192161,0.167527346146,15.9043421555103,2.45442647239308,0.095315469525702,0.194075183490094,1,0.093362555016666,0.1803451727769,0.617581784554975,0.091538112054856,0.665152403138904,0.090618192540637,0.634167384541526,0.0950897310100546,0.638271160181498,0.110401065212829,0.77973573757096,0.109972108615144
0.622856801642694,0.150399811245528,15.0117168041922,1.8858490936924,0.538036462759972,0.167529822640982,1,-0.272391369620184,0.164352611327415,0.654211079646565,0.0759709370596861,0.517887812279108,0.09263665745966,0.737822807029679,0.0809911053773307,0.792285527985404,0.0813902586016668,0.483375433552312,0.105091312725177
0.923899559197841,0.161184899861204,16.2713821671215,2.04365786985789,0.625889840516653,0.123707476713028,1,-0.163370337974471,0.194699586094897,0.876908777619666,0.085111184494404,0.58642619704786,0.0783067725280186,0.699821198597025,0.0839844836395673,0.648977210840055,0.0945948765244395,0.566930585668548,0.0995985831060783
0.964643467268932,0.155087581369865,15.0182919351885,2.23214637176119,0.355943922274802,0.281394561077927,1,0.209227952093136,0.193177898666884,0.591942083678824,0.0856490178169753,0.552709638399778,0.106908481723207,0.801568733832614,0.0926605367188446,0.737334365963761,0.101429649157309,0.801385694889086,0.0924312478485868
0.833324442887566,0.174390509509271,18.9718829505645,3.00550705890062,0.0408832836970302,0.217165171942388,1,-0.151669781493091,0.185104927146399,0.722825584560323,0.0898891831261044,0.770840174307409,0.0895600394023104,0.695297093005434,0.110166365316238,0.870810670603533,0.103707769879326,0.807093586698292,0.119976510694544
1.09956285964336,0.15701492354908,14.8591879304825,1.92675092433566,0.563330342860688,0.17331998261328,1,-0.101450629780143,0.193080216976196,0.653539011031116,0.0821373340100356,0.737736699795873,0.0794647841811072,0.612956761505613,0.0964431801882962,0.723912450796752,0.0883444502350493,0.456948303831254,0.114918928201343
1.09681204734009,0.156462535635435,14.3012557015015,2.16766798905418,0.386877229792323,0.249301540711962,1,0.136607723932214,0.178707535121556,0.635285447950942,0.0950466131715021,0.693220321467516,0.0915349898003378,0.647593357500042,0.102692091541002,0.578799136934659,0.0986649042433296,0.766799111094343,0.111682315844861
1.00152155676499,0.165234581537556,17.4337334395446,2.66834077520279,0.231593754953266,0.215394492596697,1,0.0168207432945427,0.177131233804613,0.665767039830347,0.0805692793905008,0.650500441976685,0.0934901611715092,0.575063260431843,0.121492289267906,0.928638617206995,0.100615721253912,0.681319017830561,0.122675569979044
1.08439377479248,0.162211442815527,15.3214497297158,2.19431261671947,0.140697151138942,0.213808690557194,1,-0.0837464518025752,0.153218723213467,0.689740938404309,0.0811994072711673,0.752076034100451,0.0826378514270328,0.624883493503191,0.104741148141052,0.601763610218245,0.116012608888119,0.787125054457872,0.107699362279299
0.877973187951684,0.155139884508,15.243433052718,2.15885271014265,0.392541562495499,0.210320184903983,1,-0.14095685166749,0.178266882042191,0.624048046540966,0.0805551988703721,0.676684781849791,0.0936972751915538,0.723012712700623,0.089584927789046,0.789515517896599,0.0842068959248712,0.411668132715949,0.131865982880083
0.986151469244905,0.17109219975072,16.8287379518678,2.52145701543747,0.347601676038048,0.268524680719281,1,0.0684989260247991,0.214995590821469,0.738073918053964,0.0900215753542754,0.672387184291074,0.101936447606608,0.731115138218345,0.0937261223295444,0.739672474636436,0.107308891175338,0.554369226636713,0.108925275078956
1.48792037733727,0.173813579728709,17.4505393651724,2.40112989940927,0.37003712206039,0.276117234579253,1,0.179097234928663,0.200947361700506,0.695713269707926,0.0845479020974339,0.642339338668834,0.0968525969419425,0.86640559317279,0.0761153565913352,0.792659785058762,0.101318289634696,0.664286978898295,0.111719539474475
1.3237615535351,0.203734494387207,22.1566034055459,3.70128532024248,-0.0356249662997995,0.194728683920057,1,0.179098688487242,0.171380967713257,0.840008512729365,0.0950539531961514,0.896788763653815,0.0935969508897459,0.614238322737343,0.101014486788009,0.821091529467069,0.101980489274408,0.799251428768918,0.12703851858164
1.06476570530444,0.1765805012428,19.214555628664,2.96063012323125,0.155636747469162,0.214238933069759,1,-0.16559580742652,0.186026854740714,0.80740496621224,0.0942402399290429,0.903225422238538,0.0871726227022114,0.811880251084987,0.103089751461963,0.720720771490905,0.110100303321202,0.94974958859165,0.0984432357092431
1.01686440104941,0.154691580057189,14.5050398978763,2.12136225502807,0.305327076434256,0.231433078165421,1,0.222287504981672,0.185902600903737,0.627846197139202,0.0895399824616078,0.602042082729265,0.102584183170712,0.651469472295212,0.100860179428545,0.60717129098059,0.0945750844103566,0.534140369085326,0.106384697002498
1.16839076361977,0.16994058768877,17.9292154855225,2.34069415358473,0.421139091696694,0.243174218126961,1,0.0580801015406786,0.182407135981438,0.641514649579014,0.0747248965548091,0.708994031446389,0.0859748012533653,0.728502821575392,0.0960979819921593,0.77291602565008,0.101458524796468,0.803539795799985,0.097402625095238
0.932592004431135,0.16057427273303,14.5751499061935,2.08912121663763,0.300507019684482,0.24738043348238,1,-0.41758868266083,0.179689719982555,0.636497511368296,0.0839497976242579,0.813212988144698,0.085047126844938,0.622350586991652,0.096860329428813,0.590746241703171,0.112958345156411,0.692643346769062,0.114806072408417
1.02618366818325,0.157149709483312,15.7780010960815,2.19805762013924,0.25958972909995,0.21238684458815,1,-0.348047845431776,0.160824852395992,0.798006906063446,0.0744814092568034,0.663499370262721,0.0843561718786463,0.778497397752466,0.0991066948482382,0.686014274671968,0.0987611203284973,0.601252627069652,0.11799538754234
0.964828099580525,0.162162947320699,15.8561616310524,2.32645888004406,0.476284655973459,0.206987118911541,1,-0.212152281391138,0.189314783633593,0.678396696936596,0.0867615061200323,0.701848347923868,0.0911975218012484,0.541160035572139,0.0938488672300095,0.77524416286292,0.110295157312853,0.623164370549085,0.116167201174021
1.07094392429409,0.170806566529483,17.323096419447,2.41791903449131,0.410825141465594,0.27848020885581,1,-0.306668895765021,0.194857475626296,0.791274918563271,0.0792456073129306,0.613856816307357,0.087605204398536,0.764533088828457,0.0881343900909462,0.580555070961512,0.108960477810015,0.531999091049052,0.119616304889481
0.856688415981717,0.16361106376386,16.6775711757264,2.59373573135343,0.0490408178002105,0.193629709642785,1,0.0284838836901859,0.167472654330193,0.608242429323291,0.0940762362616718,0.605497560754815,0.0992330321919489,0.675461178295337,0.0969959559531873,0.607619310068938,0.121512607139086,0.538159944767915,0.122197623247819
1.06693896258172,0.17056332687121,17.7111988177851,2.60186543781491,0.169658606786558,0.228126911611714,1,0.0118630640526324,0.16941937463908,0.775109393993804,0.0800950394707785,0.611308385312611,0.09575519643147,0.704634875334251,0.0991478179514321,0.70708092107595,0.107975790363925,0.692496770906805,0.119228566122208
0.764554949264631,0.155805322473473,15.5206567229667,2.20632783277663,0.34929775523168,0.250906444916938,1,-0.163351067744323,0.155320639343618,0.746022040845614,0.0845162447658773,0.7200396281045,0.0773150054139825,0.554396599797348,0.102697817411269,0.7299220793163,0.116352138256456,0.750846838220825,0.112579867036959
0.802259518492377,0.146555213441492,12.8940992701868,1.92377425336541,0.131753412865657,0.21117189260602,1,0.0536774671378226,0.170838702023865,0.683199308776809,0.0768792047172903,0.582434333137182,0.099885489903409,0.565082861246474,0.102882112656251,0.789515981849408,0.100952616979057,0.405119895623027,0.12029344925805
0.731577687318495,0.149519168305603,14.3156194871158,2.13031310597738,0.258951321490114,0.268376005485624,1,-0.119884450859606,0.178248984502309,0.600005075591212,0.0843934112176384,0.688561009546632,0.0930724577513899,0.627415753808495,0.110997231971424,0.59604281615565,0.114111197208415,0.666036331203729,0.113072737230913
0.891268835060624,0.156986627237613,15.858122157594,2.27157310790243,0.297795496880967,0.234329163111316,1,-0.251869381117517,0.187469333593951,0.745204697265195,0.0820128644401848,0.646748418423026,0.0959376055966576,0.745243441070763,0.08790545048622,0.720218521359424,0.0946271838267168,0.737689938059819,0.101708886435275
0.723506543051752,0.146249877721169,13.6032792085857,1.86988881403547,0.446930187636454,0.193947755050375,1,0.259599097890535,0.189810181815865,0.56601386472941,0.0854490892833241,0.639240114877408,0.0953870345987487,0.590580901853848,0.0893364021163607,0.431557101585792,0.109506599108214,0.746927366175884,0.106113274163742
0.898643977325525,0.166164176978667,16.4946166585198,2.45018477484438,0.307874678733567,0.298359770031118,1,-0.130367419042694,0.17987526384536,0.683500576177858,0.0857451324506307,0.703479901679076,0.0778944754991661,0.684865134653529,0.101689930714601,0.590311107409251,0.121430453153158,0.730193424985271,0.116241178530904
1.27909053808605,0.172282275666394,17.3183928601335,2.28974164078999,0.484461131655596,0.207698241429057,1,0.0260739580219593,0.166787436526903,0.804622970103212,0.0767220667545091,0.656981182577396,0.0747417949378985,0.719740195702484,0.102791030876176,0.537549448737259,0.105545303441612,0.879351118826098,0.105287358305588
1.10143845087135,0.166926956905949,15.3678517440477,2.24889887712311,0.0185665115935464,0.20702051748833,1,-0.127731299047493,0.184027932553704,0.747212114683781,0.0843351496045404,0.676104623908061,0.0903305171530535,0.805530905658944,0.0964515925393123,0.767682512004824,0.0986411899777529,0.858229248366584,0.106134866117436
1.26683639203308,0.163070418797362,15.0084879276438,2.05065894929462,0.444877069612899,0.258401954546381,1,0.17639612658377,0.190773839126429,0.532887242854064,0.0931807445939362,0.757530212217499,0.0774885713558055,0.701885281092394,0.0761998567351777,0.685636990077993,0.105503701416011,0.508970978521287,0.12446566580825
1.02558339421138,0.175289651407575,18.0448963856052,2.64267250889043,0.352595106623839,0.241291030086867,1,0.0490089182041246,0.193143541741511,0.673294614165255,0.0889982428852461,0.685886315709443,0.0878642561362523,0.877739655386328,0.110627098771984,0.678503223996735,0.109924776386327,0.856646475572593,0.0979936264704405
1.13076578115931,0.162074720987659,15.9228692052377,2.04943980512847,0.511634792208881,0.224094647650826,1,0.262221477079819,0.17120959165636,0.663870913611131,0.0812446179400938,0.636849070359191,0.0807021714764765,0.665357736552458,0.0842905390094131,0.875810946679335,0.0944995297794131,0.378947004897222,0.129353929979466
1.18796574775076,0.148362118224405,13.4720058545639,1.77149546950454,0.384337913938213,0.225021365609843,1,0.00950991087793306,0.168000440649443,0.664665124066242,0.0783484132133943,0.727397019072487,0.086166382701837,0.691396403664412,0.0894844607289884,0.830683803791973,0.094129149422654,0.501695380520533,0.124051080792841
1.03257963654588,0.188747390934635,21.4529926845343,3.44015766926612,0.250979552010076,0.270493082082716,1,-0.184050274201858,0.207076361154183,0.787854971126384,0.0856429972593147,0.886724929048329,0.0911266836543884,0.512243320606362,0.115544044288543,0.799683447609258,0.120098709304903,0.921870719944853,0.10519729526854
0.65628271875688,0.172441547529828,18.3832177991271,2.71823052103394,0.320423193749808,0.254843372404573,1,0.126631413066424,0.199424603776002,0.666207970791362,0.0834607285809661,0.632825574377556,0.0928374204298062,0.694807360748724,0.106688170328796,0.663241859607882,0.105125412432078,0.685083997968753,0.106633000429367
1.03908021414032,0.165228910992234,17.6085578317251,2.20953504079537,0.366097875050028,0.167918531301241,1,0.0390699647797313,0.166190173830299,0.79074157226657,0.0749796273345669,0.608951840923066,0.0886767348306102,0.79942325651269,0.079048028103454,0.759536919792705,0.0849146055422919,0.724465252716103,0.102884736580121
0.764236167991708,0.170457276599267,18.4220421485688,2.69194096139172,0.332783958369944,0.23955618946195,1,0.239994628682455,0.183198413165065,0.525182928675808,0.100781046211957,0.778647609343786,0.0866122162405009,0.782719634018187,0.0869274157786341,0.595729451317895,0.110688384656227,0.598744038670974,0.114681380743834
0.998825907811371,0.16628694509951,15.3720229726706,2.45559471262493,0.187966259256572,0.265978022563818,1,-0.328953832312258,0.203252980050606,0.83658349910367,0.092884707952716,0.662699634919238,0.0927320886832853,0.743582699204953,0.102847204799149,0.662030083955264,0.11284921735798,0.628657892469965,0.10764235634715
0.918193880465507,0.173159499287242,18.0980427999071,2.74260249011223,0.116075579297993,0.20863051471833,1,-0.0415374044265755,0.165896993286097,0.549674969462177,0.0913325810106117,0.694427168502481,0.0894174407049984,0.653297169261584,0.103830320919452,0.729072157468609,0.10236603695882,0.693430393402822,0.124922701264242
0.906968675697357,0.168863099630923,17.1155322450626,2.62182941451811,-0.0587252677115817,0.174983946126397,1,0.0999147813990302,0.173900139133091,0.692256943095959,0.0912646660428896,0.610456311769672,0.102959621314175,0.728546082354748,0.104262931508052,0.793884934775874,0.0963975768245508,0.694112022706987,0.125361979639067
1.14538694433155,0.170538982290599,17.5875552589913,2.4715385163136,0.228817404866637,0.243324801129239,1,0.139976516704115,0.174450235868549,0.708549652573575,0.0767919290685684,0.711115063623787,0.0954570069725872,0.707035907340881,0.0979417504467425,0.87036965884808,0.0942763307580556,0.580362215306009,0.112082410569251
1.01019140904499,0.157041925227343,15.7316034036609,2.11856256240444,0.296103908099829,0.215967061166624,1,0.0945143400113637,0.167622188364823,0.656351756326572,0.0836534589126156,0.634412165965096,0.0801256956747928,0.706108444543858,0.103836876750578,0.712757955153811,0.0942909639112726,0.597429885168558,0.111149352896853
1.1706288946164,0.176965772629452,17.3640946255344,2.6803971150201,0.17864752246296,0.255287460937242,1,-0.0571478211068246,0.177958196077993,0.750037669052063,0.0883727277692878,0.56111145456921,0.102135166298296,0.762327846421925,0.099713882914509,0.76855077407491,0.107918706813714,0.809789828704841,0.114866937826781
0.759105283444343,0.156504034052535,15.003012026413,1.8756307195363,0.4892860518319,0.233986744146658,1,0.0315436154227503,0.169008206741232,0.704544865233777,0.0712331689093883,0.564647788399103,0.0830436490828481,0.591139713399594,0.095686201636496,0.69934694639179,0.10303059492739,0.659078588344909,0.105819405096948
1.05143902035208,0.210330957972663,24.8177429330382,4.43244720377871,-0.234511342887617,0.148751351623778,1,0.130231791886064,0.217872088301815,0.836963837943677,0.101083770953459,0.870035406128712,0.106141530437784,0.876425510155211,0.0988876668989359,0.881449884444151,0.117309693355725,0.816418008671975,0.12418402569683
0.79849495269589,0.157095849770503,15.433650289144,2.20486796384968,0.329933180175838,0.230460828604201,1,-0.106177186364103,0.187696996887637,0.749490074585667,0.0841228781915751,0.63819228095239,0.09644195994679,0.703453689989987,0.0874421521264371,0.66182694307332,0.103204040184501,0.720293231659869,0.107611721051858
0.930503108279736,0.178666862963934,18.0199331334104,3.09319866906319,0.16941761180012,0.26333510441913,1,-0.0232209561813088,0.170174028590809,0.719529851771159,0.0930647890058121,0.727576321625648,0.0949773728579764,0.76462484390535,0.109374471022031,0.649562198820521,0.118655758275177,0.770177697604295,0.12355660094776
1.34178287365655,0.175082284597403,19.2311412377238,2.71680668025298,0.159046208962346,0.213854140303094,1,0.108879264912008,0.190375203630945,0.820894552892075,0.0896522676974925,0.811336703868222,0.0848148554359981,0.734484762334967,0.100061669314963,0.806180431903532,0.104026419568154,0.942119153042976,0.102138857700822
0.93969185987548,0.140750468435644,12.5288747099297,1.55441802038245,0.512062513774772,0.177113778459802,1,0.188642120905017,0.174148096558457,0.62912850474735,0.0832030674243261,0.510753911709899,0.0825412398125879,0.576592700921423,0.0873872544847765,0.663781076482736,0.104795563415968,0.740710753129402,0.0995388485760097
0.900596923254074,0.178998222352723,19.0218334186311,2.71773326738246,0.552359468342579,0.256907143694219,1,-0.216183055122871,0.196920821282273,0.810233033250682,0.0771124229347233,0.759454048793192,0.0899009004431792,0.720673000591827,0.0989652717671827,0.762909043700768,0.106051744193988,0.763098415123071,0.120918673532243
1.17345168060891,0.182646473943846,20.3600919972428,2.92483309311032,0.317161265416401,0.260702002514383,1,0.248498625769965,0.180676190612686,0.686139592851414,0.0808884139561156,0.821491467951404,0.0792648537468077,0.831360815319663,0.104113939993008,0.706062271602824,0.117402672874098,0.699646807336902,0.114609693190151
0.85607096799197,0.161457800589723,16.7782791095377,2.4169608325005,0.288891501088584,0.234999217170738,1,0.18357630954361,0.159516968872238,0.673240522052232,0.0778788419758199,0.721379643679786,0.08460160154217,0.648800862653638,0.0934971549094905,0.699730876388263,0.102386404208255,0.873559772062064,0.108649610000282
1.07694405114125,0.143294971951399,11.9044833390525,1.73433476419593,0.405210786569196,0.263994053433141,1,0.259552009011584,0.168746666340691,0.503333224310886,0.0860211958826514,0.673499767808695,0.0896918514842205,0.731510663996465,0.0927630090902053,0.731557987158201,0.0982907656042424,0.423574008728524,0.123137028850305
0.788160384786949,0.15802440813557,15.9562181993315,2.12332867655624,0.478318898861515,0.238956808081979,1,-0.167681944291428,0.171190489250921,0.761031777087071,0.0842966555632571,0.870145839828992,0.0763221976310652,0.655808388506976,0.0996768815194529,0.772735630858277,0.0968516672375662,0.742116561526146,0.0957289404789586
0.904061669438183,0.164336397140106,16.6495983034344,2.5669353746317,0.171813800428566,0.247154918507072,1,0.028048417031995,0.176407765454766,0.734226332482757,0.0958144613695635,0.725206888705696,0.0934730568575226,0.617430105317815,0.103394624572245,0.795096173655929,0.105400385925978,0.701409869157987,0.116410154495421
0.953926686260005,0.172126339390564,18.2853495056686,2.36275946220071,0.460517881511314,0.16207784418045,1,0.0253636589045914,0.170775011083874,0.637072539245129,0.0720305179713679,0.713732481080119,0.0826038494891224,0.595568671349698,0.100650487978836,0.822166038500511,0.0903104190290561,0.719647131496973,0.109748931959984
1.1940612864887,0.181155702237599,19.9981560003514,2.991077324622,0.306364551810811,0.280300569179638,1,0.145877345129157,0.1761485725836,0.700204432470486,0.0961184026711296,0.885992426011841,0.0907875632226062,0.823902087976626,0.0935829027512688,0.77458848206279,0.103636717069772,0.83481275522265,0.115980432241163
1.06985124235304,0.171211013426199,18.0386411317547,2.467167453774,0.790447696120654,0.07257235776007,1,-0.0218166030454086,0.197652305770012,0.771597495891699,0.0801226510286544,0.703956310941961,0.0908278514035436,0.810929136309783,0.0965160861654585,0.855368124375058,0.0910970763387559,0.78433083628982,0.118622756508703
0.810694095099653,0.153014920121832,14.7796699916241,1.89487821252059,0.398225914620619,0.222946566121685,1,-0.00376548345473047,0.182778487931139,0.679908568246207,0.0805279157934148,0.581466386144067,0.0852262949066417,0.670604510233796,0.0935872556396903,0.726858633696076,0.100488074951935,0.713702764642015,0.101373035068612
1.10766217260674,0.165989925795593,16.3860492940069,2.34684344632423,0.203812181424662,0.234782714411793,1,-0.0886940394087992,0.18188726643654,0.788859005005699,0.0857970620563414,0.714369502858674,0.101280355579958,0.61591800199863,0.0942353288120893,0.578748806035363,0.0998541479780161,0.833946841739361,0.0895288178090371
0.870958144681129,0.157062630890573,15.4521766012819,2.19561402382225,0.304769459089846,0.236923982633891,1,-0.0532336536335184,0.194314957067734,0.710626068720766,0.0850583119277802,0.654841527764922,0.0824325420261348,0.655043831529273,0.0891585427934187,0.689160773022874,0.0956245967402728,0.666096430903895,0.1186416258106
0.831143073407013,0.170219491967706,17.0524339156427,2.79989452940707,0.17399109811262,0.261656209704151,1,-0.00650834585441391,0.182025173802395,0.673271177766059,0.089147093405115,0.669879055566052,0.096004913694251,0.540451338264519,0.114467435272563,0.696415755028878,0.105711570411058,0.493743829762137,0.142628308825349
0.724408544050153,0.161779239293183,16.2471077185761,2.5340939505598,-0.0338117665452722,0.166556139394067,1,-0.0409049131112863,0.163327041554173,0.696765237095582,0.0869674175664585,0.73545881887696,0.0921077631443795,0.644153400997343,0.0989432906417652,0.763904939319731,0.103847470043916,0.623697788563243,0.128151057986418
0.984324483485592,0.155792836565706,14.9126882403595,2.04170808637902,0.492360720590726,0.267585400820749,1,-0.00379419720417551,0.200407158567102,0.673021876013197,0.0801463392617262,0.636914131458591,0.0813059004946226,0.647674887334389,0.0881070467013567,0.672452944818608,0.10817288184666,0.570284235436975,0.115677594558241
0.798920037403199,0.151563748983421,14.5519003645649,1.88409141932345,0.535064548745828,0.249753878300092,1,-0.146410156862316,0.179201961021731,0.682673127309884,0.0843462990990757,0.598853722183784,0.0836710309147971,0.570217462869016,0.0931214493839525,0.704071981928553,0.0891050407522274,0.599440202877849,0.120655359971855
0.902143316261555,0.152356881192032,14.4340975396853,1.82928780545552,0.518170394642475,0.216377820023686,1,0.019271821112521,0.199503989622045,0.625879977649869,0.0798750675023962,0.6597530067254,0.0859110972472587,0.66995454349217,0.0970982165474448,0.546069946757598,0.103271850014138,0.662678280858457,0.105565193461768
1.04148429806352,0.1596264861522,16.0962684092312,2.10191073228181,0.508201754080891,0.153373659248377,1,0.0108673633304848,0.185028683700746,0.714587428254065,0.0762019649065872,0.732336220930086,0.0789720636718044,0.618877211338172,0.10369525954135,0.667801020896056,0.0983323627334438,0.709800231066648,0.0977547838474905
1.20901111336604,0.165346793331452,14.7789934212373,2.23546439862719,0.155449239926402,0.236493673148408,1,0.129090941178705,0.169164833263601,0.787037374646986,0.0826748559237027,0.721814402681941,0.0913232786259391,0.466977509171084,0.101528830424491,0.674384121311812,0.114642982219489,0.676208849777166,0.114898083534753
0.576817592630382,0.180519348341897,21.2852246034641,3.1061344956881,0.391786032654245,0.254097215999043,1,-0.0499313690236769,0.197458431996777,0.744563837404297,0.0939376672568083,0.777148467760765,0.0896664059887675,0.804719768467041,0.0883123633331409,0.728839897193446,0.112175825377914,0.569427352228751,0.109504620186687
1.001013263776,0.14763877259041,13.5716489409843,1.6572402489209,0.541519291724605,0.174482064489273,1,0.261820249173869,0.185507989498203,0.715491849802703,0.0800494489292752,0.573999866523152,0.0885208629354803,0.669711254002462,0.0792075353051617,0.648257856881754,0.0926306464540921,0.587415993320595,0.0992180345744345
0.916573670388817,0.154858183719327,14.7142681117574,2.09919143827063,0.413020662294544,0.233497078369864,1,0.10014677250889,0.185472978978634,0.661372506623756,0.0753234219606154,0.692185436058001,0.0876348166023319,0.713552455609525,0.0948462866468872,0.728346623052001,0.0993726313161638,0.701149896549964,0.109319191440579
1.13252091988111,0.150019467990576,13.2157050707989,1.65500671766121,0.660001764742059,0.125664803027959,1,-0.1442029747958,0.172511646079067,0.793918149355567,0.0827255631272495,0.583538310207081,0.0936854525957735,0.718547250378824,0.0867488064502136,0.673324992899429,0.0857093065382373,0.515044360321554,0.10322617976697
0.890089715307393,0.171151256982722,18.3117879444091,2.66453707245777,0.415449119668278,0.289085520387294,1,-0.4999727693134,0.194819097152139,0.700501442962559,0.0887324767882416,0.776714895439267,0.0864744469384019,0.617347252174467,0.0955564919080241,0.810156541885268,0.0953718749450963,0.645161860301524,0.104335652619275
0.974224302915389,0.161275439037924,15.4886431348274,2.24217429225918,-0.0286654828983029,0.203430296968737,1,0.0485946987017032,0.16763349992695,0.806116526770591,0.0806653901823521,0.744226370222355,0.0886203013162803,0.757369497405453,0.10298335357148,0.872343995902495,0.0941378516414353,0.628116280052593,0.113111932063742
1.43317596311582,0.185729546948334,18.5872532019453,2.9261278816589,0.137590955657793,0.210685285022849,1,0.0750677442651885,0.1740536225899,0.779107499082106,0.0902763681424612,0.833909373921588,0.103958172179239,0.750095651227122,0.104266348930455,0.667426273203763,0.106206874068417,0.801108546278747,0.10474603324325
0.813739400816666,0.156365087402987,15.1794306964539,1.95577551745769,0.772080400059264,0.0803783217885116,1,-0.0898448358873515,0.213947583512018,0.645196330679893,0.0867320144251132,0.819903716732455,0.0806736095803175,0.75736692917794,0.0833862511035104,0.497740244883753,0.099038794379541,0.692936445993109,0.0889357099904447
1.11646504122047,0.164373558079869,16.0042946352059,2.4924145838839,0.292113030425641,0.288308687770199,1,0.27467785451537,0.178224231135328,0.533698780715439,0.092110429282192,0.747028919372567,0.0891535223491,0.621244054155714,0.094168408001069,0.757536403610305,0.105862909634512,0.648382350070903,0.110408876389688
0.960351864141306,0.175978083460913,19.5252639450334,2.4007913161718,0.651112697538493,0.181034691191797,1,0.0427104663647253,0.200463864206322,0.719801514469644,0.0840953932086545,0.76008438853975,0.0798655889756803,0.624886098270781,0.101792500965825,0.705460391078789,0.0975377596380765,0.746362834738606,0.103152991662099
0.947894379880477,0.159632804950261,15.3658276582156,2.36711317347923,0.160294024243432,0.218740724677968,1,-0.501929367707788,0.204928060735866,0.755287292829376,0.0869221952087648,0.735844745897705,0.0998562217228423,0.658721155323478,0.0998942916458448,0.781376696087004,0.103963802063886,0.497265392839707,0.122788858843809
1.1188363047796,0.157793009094586,16.0381484953733,2.12222702713865,0.373846318031674,0.208171763696182,1,-0.0511589020442699,0.177912060883623,0.679549364788819,0.0820217867133118,0.637532364690405,0.100409473782537,0.713671697336417,0.0788958463333488,0.702091353490675,0.0878641621619222,0.601746235205426,0.104951052252479
0.772204896342501,0.146254498994784,14.3269324933631,1.95102330636208,0.351182252725452,0.227591876087537,1,0.042258123804136,0.165698825942767,0.536340042206894,0.0821274164177,0.751484256909666,0.0732947882872869,0.602203390776192,0.102177784299292,0.607280697008011,0.0977974106800822,0.75058993316837,0.107473471376276
1.15600122939445,0.169630575482553,17.3682763430982,2.44233836037572,0.334199032702991,0.292722592444787,1,-0.232037779513825,0.205024602379137,0.918848520987951,0.0825217014133361,0.639548878609562,0.0840041649943172,0.778269166242826,0.0911807030875394,0.5535041767721,0.109285896089302,0.786147561601077,0.113945935255117
0.872889254085772,0.139726263493656,12.2503996300394,1.64436563446551,0.404756238712861,0.274950442537449,1,-0.0314645850691726,0.175861837495067,0.614107434363981,0.0835273294693136,0.681147642851751,0.0817877140882784,0.505819140188897,0.0948155501242914,0.630186754673714,0.097661986310352,0.624980851603329,0.0878236506339124
1.15956990248065,0.172602489230132,17.3948502559936,2.43954281341125,0.392173921564097,0.257351002492978,1,0.148547997305687,0.17593446453774,0.732133349634183,0.0832911110534325,0.706476202112159,0.0885107718215575,0.795401370806666,0.0832066900304447,0.675033900727267,0.10427236301662,0.879537909495632,0.093230801119178
1.11688490884062,0.153490445569181,14.8359171878102,1.80133602406877,0.547020014966769,0.181763435628724,1,-0.446669124148134,0.193691415598882,0.790146990250594,0.0739946838547562,0.790943754112287,0.0707401145148297,0.553147220063012,0.0957719325708384,0.581923174040757,0.107111217865218,0.724362572292358,0.101315608112411
0.757328182538602,0.160459312340256,16.3597859807649,2.62945518100673,0.0391179872337532,0.203652842488179,1,0.0413722899793123,0.152969796835155,0.789278390122199,0.0888686813395373,0.610065254473067,0.101428672911798,0.653208571431936,0.106532262805433,0.71012919634136,0.0996392789857565,0.56790148605893,0.113923386984894
0.993218125672216,0.169739784349709,17.9512702385168,2.58143333147635,0.119445191384284,0.209613908712499,1,0.110311755381845,0.17971951932969,0.703695347584817,0.0858404491236323,0.739399761266737,0.0864199125491282,0.715553979621448,0.101225664577574,0.715401127735159,0.104892908744104,0.757809631222275,0.107917823473055
1.31765286042399,0.168852400889431,15.4781917098635,2.45188600980855,0.0824012483400101,0.231482932308847,1,0.339048367668885,0.177945418344727,0.771168904486785,0.0810429028827273,0.809876867558138,0.0963551923269711,0.737192244386823,0.100760793288381,0.623799641010497,0.110901624223254,0.820518137513029,0.118598347429613
1.09365381876536,0.153327403273085,14.5487259102809,1.72978653889135,0.497048859430889,0.170522806325802,1,-0.175662062491636,0.201170519199104,0.753909937718659,0.0763631407457583,0.600477785200304,0.0823382297261711,0.683418604793116,0.0988120202775701,0.717018676540188,0.0906293586892391,0.758066814797215,0.0942271686734482
0.930648818274788,0.162304146720286,15.0231738717873,2.2395594648919,0.24138121312437,0.260754280121831,1,-0.387072912169675,0.178177263258669,0.800424121945996,0.0709344876721935,0.620579687306137,0.0977778151758429,0.77742575804725,0.0960180926447682,0.621936229129539,0.107724137688238,0.667417868420322,0.124216153098958
0.897524925806636,0.173116296155213,18.8074470163561,2.50659244723392,0.625725604585951,0.187758385778103,1,0.0848342568734013,0.201954418808997,0.678737973709623,0.0753861374465507,0.676119136408589,0.0915306574408549,0.785613725783323,0.0977277721411611,0.671548543402418,0.102717520879857,0.710263211651764,0.119406774792118
1.06999060347308,0.178056913119004,19.2274558935656,2.80712928891122,0.105169489819277,0.176205502937255,1,0.120600463886019,0.170983883817216,0.701186323760451,0.0897763608700384,0.703664583329,0.0948712338920405,0.771047835014053,0.103502257072685,0.766302443136506,0.100809376615128,0.909720332834181,0.100409888571557
0.731950507218054,0.16186596385672,15.9755183486195,2.55008867107494,0.209987617829088,0.253988664271163,1,0.0156893085984012,0.169418897081499,0.572629364532417,0.0860973944216194,0.686006703600114,0.0969371782390589,0.649677806215153,0.108281824743169,0.719992711545897,0.103906919305142,0.551480853497285,0.135240702007369
1.07171352226734,0.185385188944521,21.4321525999218,2.89762410327664,0.571714537890779,0.239310664682361,1,0.192685987750491,0.20048129061573,0.635251067800901,0.0851171544595292,0.789987039626991,0.0817225655800402,0.908744853744148,0.0944340639443697,0.784410027278698,0.10142284471769,0.828661122241636,0.0936762330160784
0.985757869199535,0.178738175808379,19.9514258772145,2.55069897614002,0.69076099109537,0.108628382909493,1,0.000907823501401837,0.190115527272243,0.695481989719791,0.0872674630623615,0.691750924051147,0.0795187382039668,0.722950896896191,0.0843157664508692,0.670343670764205,0.0999181828444995,0.671921838107438,0.104440333876713
0.870877560486996,0.156998206391032,14.5543349196952,2.19200489034758,0.0256114715760762,0.186030995385038,1,-0.0525354329223317,0.204655867503093,0.681733499143107,0.0979724278078117,0.819607498455057,0.0860206261429137,0.5790786594129,0.103991547743884,0.727954181105729,0.107593950235799,0.740825838913411,0.0975350432816351
1.01832226610346,0.166414907591163,16.5388227082185,2.50011653114482,0.252357873160218,0.234910422642243,1,0.00164856681978685,0.181948237819564,0.782632113081022,0.0815946360288768,0.787829749734968,0.0858056042331667,0.680282680344902,0.111540544031049,0.72869623698075,0.106331320506562,0.68331690870988,0.113618836625396
0.983815440610506,0.167617789619482,17.8220877988835,2.50844910619289,0.410071053625954,0.249097680094072,1,-0.0377959540704931,0.187671543735266,0.833706482604396,0.0707387571705967,0.680667734903449,0.0984281340532069,0.656557078465081,0.0974882193994952,0.76424304117089,0.102979885929247,0.726243663651736,0.107555154901419
0.858799507145869,0.168239333981517,17.73340543159,2.56756067689568,0.357748801753624,0.300344781227189,1,0.13976335033195,0.197365606759985,0.729127821250773,0.0933998517218141,0.617024849123993,0.0878115933123183,0.699076590484062,0.0883734905471891,0.678512645585619,0.101453618080594,0.843736040722915,0.114089099980029
1.35600490485923,0.164581762400515,14.4448896648481,2.14743933927514,0.263582124001253,0.262580999713777,1,-0.00941270328179329,0.19122022248881,0.603798148049045,0.0908675180005628,0.753177067597122,0.0889209659196012,0.709373439709601,0.0906880980143938,0.672983038215875,0.101598623158038,0.65021686890298,0.101529930803991
1.03638232482928,0.14095803515947,11.8246278697203,1.36910373519732,0.689902073911541,0.110385712991042,1,-0.185056671704809,0.193917947017277,0.666007122575305,0.0847681542080595,0.623172165629361,0.0761845476764304,0.614086069131628,0.0785651414873448,0.66496439892792,0.0789680731786367,0.561280814852871,0.0938846507371142
1.01351115092613,0.152697946906234,14.335038805851,1.92857015961542,0.359561171063809,0.248399045785084,1,0.098605759330794,0.175093512901418,0.670513280849586,0.0773513472117127,0.596082726660933,0.0821836352629113,0.72659113545789,0.091107433776608,0.48089845804551,0.103051424412202,0.716209988081348,0.100620321162288
1.17349207535956,0.159588380146397,14.014112120717,2.18780349458724,0.250686146455931,0.246926959969047,1,0.240941675509732,0.188113913310776,0.649207549192273,0.0950644939835985,0.65458802600502,0.0950232466170737,0.721919847323713,0.101320048353824,0.581952350027782,0.102248229490273,0.688733969563113,0.114374386965937
0.844716143426127,0.148901231790194,14.0640883441523,1.78551292610704,0.454159313739747,0.244190281247038,1,-0.0899918068328056,0.164783023725308,0.693385327746502,0.0799784776438255,0.637838129090287,0.0815297933342906,0.723318819135575,0.0949136670517096,0.626316654813237,0.102298245149726,0.696959121604902,0.105822165530896
0.972231227608524,0.167351558755567,17.6161110101288,2.5435765359662,0.268958866563946,0.208365763116015,1,-0.339945761734871,0.177719339136428,0.72637321682833,0.0829105785768205,0.656998483854618,0.0910645478358526,0.823670821028913,0.0949857083263881,0.673793545528503,0.112999405255983,0.750691208508605,0.108639207169079
0.911058511804382,0.164637990738127,17.0395761675933,2.40345054109136,0.397521318905011,0.235522601628624,1,-0.109017197341059,0.178260460900739,0.620790113494282,0.0811213476691912,0.782289710400855,0.102407308126578,0.70702413283989,0.0975293509638335,0.799999598425914,0.0932299257392357,0.738489757848457,0.109249401750039
0.994919554629343,0.152761866171466,14.1203424462478,1.85444131098785,0.597641007555889,0.181622960184305,1,-0.226360520963415,0.190637479258831,0.638360937646362,0.0829314281469635,0.647927492380105,0.0797494677939027,0.668382379343085,0.0879638613180651,0.634334348099215,0.0945086918377639,0.632599322050863,0.092651200246888
1.04779026962429,0.1714416149584,17.5586144775621,2.49315126763822,0.224461156639961,0.23711484612377,1,-0.155059886900608,0.170380364273098,0.675818229704621,0.0865312857977071,0.728418553688391,0.0848078289795526,0.708853686645407,0.0948530767890279,0.771459522456064,0.101102147924828,0.751732143284894,0.107881004514419
0.861942998618464,0.171881053364675,17.5396701543934,2.72428295931938,0.210043966207242,0.248734308512393,1,-0.214610224819144,0.185498494848658,0.746294163834808,0.0894793302408755,0.7257641653504,0.0955007446401968,0.781805754631326,0.0886072347762983,0.489536322834206,0.128851969731361,0.68981688977799,0.12039738529212
0.902654409501931,0.166582317447934,16.9002389963761,2.61619720118717,0.130113596964181,0.235062820161217,1,0.00318280486614869,0.197358458467104,0.728644373603691,0.0944842047665489,0.604597297133935,0.089651095884118,0.732106079093487,0.114887728199948,0.77215263129213,0.100828039192627,0.949494327972176,0.102650263518703
0.768090743577246,0.184063970362501,21.8661058816252,2.94722302551,0.600518538474781,0.183825681766385,1,-0.138179962919183,0.186067024448689,0.647827029321268,0.0900272903809884,0.879259659043323,0.0778398687675916,0.749421239183195,0.092154787642994,0.742132446381498,0.0870729289814219,0.663650943081855,0.112906286819233
0.81971363597783,0.151848515613639,14.0608218439773,2.02892104474461,0.30724829048535,0.255210207579066,1,0.0382764832037727,0.167672390397419,0.706968943565552,0.0916473976069726,0.621259068332399,0.0919741101075371,0.769147718127089,0.0885921379655535,0.778148757044969,0.101898991190106,0.768818375445487,0.106010797554459
1.29272850774587,0.165595798150795,16.5421481144382,2.19038737309133,0.433169985342477,0.198025467226234,1,0.0355325473174408,0.184344095638614,0.685740925232542,0.0942153159189626,0.704032146236579,0.0910849069338798,0.678435620277143,0.0892535717971277,0.654921663317586,0.0958800670897896,0.70110969501376,0.0974129226990763
1.11689319498285,0.165825245575512,15.5533025703261,2.19328591293061,0.475440115840696,0.284845450819721,1,-0.0866790246411581,0.182448388217708,0.617593389995293,0.0923588273252795,0.685525215572393,0.0867992269494335,0.737005173072128,0.0823278399816615,0.762496739192338,0.0905711492804001,0.712732410316825,0.107000294191839
1.04279638148211,0.168126793213504,17.5362569919661,2.68015583611217,0.107787400084737,0.229928065991518,1,-0.355490493449331,0.168956052692172,0.852033271383018,0.0767463804147571,0.700204547080425,0.0889591337232841,0.644814223130162,0.0962870232810197,0.900077009510038,0.0998464791653314,0.640766767123467,0.120783826465215
0.779143965099399,0.146608409204148,13.4084226242488,1.70437867354519,0.539016559003205,0.265275073113647,1,0.0813797058561419,0.178916646926532,0.666777797045038,0.0783998219849302,0.704042082577547,0.0796428500707684,0.644688397847615,0.0830501220921112,0.540789282920711,0.102503756585109,0.309655573617204,0.114275661990194
0.884733491566973,0.177746616989149,18.8761538133954,2.92223242781672,0.253871409406301,0.282307893986476,1,-0.0127556225492872,0.189442933300192,0.674603471581517,0.0908972851190363,0.653460832236199,0.0983381428028342,0.705816690969378,0.10633049674619,0.596730848473804,0.109248652645073,0.685076893464406,0.117553672618174
0.915046936029242,0.153357244364246,15.2930915014305,2.03840387538647,0.424553096643519,0.175872298073679,1,0.38629632334125,0.176546769373544,0.538953244184751,0.0845409178145848,0.748899564165346,0.0770018179459769,0.677828724092587,0.0941143541831476,0.723148631250107,0.0968265737739842,0.634673050817099,0.105463864200268
0.871765675619323,0.167802383001011,16.4679112305841,2.68005445607619,0.283123286337515,0.278522316275059,1,0.0247579278418589,0.185646901097227,0.660377387081321,0.0914610174760715,0.640281009309991,0.0942471571325085,0.576386644444148,0.112897362542784,0.751096166878804,0.119275448489754,0.59207972105962,0.125350007447689
0.999262113298765,0.15611372760936,15.4603366646133,1.81105856161923,0.634501028644985,0.145479704448571,1,-0.201868825466262,0.181457952633176,0.805228073092911,0.0772215322149998,0.533417682434869,0.0797867327799857,0.783609695292371,0.0734315496777464,0.733068361582265,0.0818572436720043,0.70948556751207,0.0941593442108703
1.06957809852003,0.180712768566136,19.9093719571599,2.86108354784366,-0.0356838722108999,0.165325133329342,1,-0.0833520450829555,0.194836073798887,0.894232226572284,0.0892494395996792,0.801043327494686,0.0882386147739072,0.712336372658158,0.110955769862171,0.825086001897767,0.093357628511335,0.716288771171484,0.108463221883854
0.965307926683244,0.16053576392203,15.5450817519511,2.35709516656558,0.184193817830484,0.202888477115352,1,0.211029908069389,0.174455118230804,0.546436989209107,0.0941251085231101,0.699403294258534,0.0983938608592436,0.591442002763624,0.102414528844997,0.813051666117547,0.105279096942077,0.61795954583052,0.113889352091124
0.962027803524281,0.158645301251956,15.2655427027607,1.95573350922174,0.459541588695895,0.224704395022668,1,-0.203881762093309,0.166999075537232,0.701940349264275,0.0748966130871882,0.702175278249762,0.0806593958077361,0.622677022127647,0.0992186527757115,0.57796272854276,0.098423668545147,0.61400677136347,0.104516821992972
1.0447676114883,0.174745797406365,17.0760969565378,2.74543302302392,0.213173840048172,0.267290080300497,1,-0.0539520586347253,0.213829992982165,0.66926976523232,0.098113845210194,0.788706703043998,0.09722250706613,0.768978873912036,0.095491363367854,0.749600469129033,0.111200833738518,0.725731735627806,0.12415918384891
1.19409639608634,0.1661305135162,16.3834106392449,2.2165969264954,0.476307861660268,0.221968626744651,1,-0.0929442909976467,0.185331712108231,0.695415631359979,0.0811313438875175,0.643527179326752,0.0920194095339673,0.727346840990083,0.0879016396972227,0.770926817232332,0.10041330167737,0.688572727687921,0.108929714440791
1.06613455538449,0.16920279094944,16.5731805492608,2.4842797820424,0.196215718226254,0.225154834483433,1,0.208861425618542,0.171108584854168,0.655660232927638,0.0869468295657852,0.671840801744834,0.0906524510625305,0.564430644844267,0.103845331265296,0.632884159644103,0.117814005136644,0.675439562066181,0.11478783170756
1.02024419763867,0.146111136107389,12.4356516611243,1.73846394767559,0.409024716451749,0.232290548631574,1,-0.0430292498815684,0.175517365737795,0.702528828731036,0.086247573946184,0.710048935003924,0.0824347879264494,0.62760762397944,0.0934140574297749,0.624272943142967,0.0914113147842188,0.746866598887413,0.10951154617649
1.05620487145858,0.158866913303695,14.9398645988482,2.19048064105852,0.0370055423753051,0.185685500267525,1,-0.0963053848975139,0.167551608489181,0.719225165577201,0.0824073343795218,0.730008362433456,0.0919173587113618,0.604823387490686,0.104085266459553,0.629400786787066,0.109115426617087,0.806350046732076,0.102230567150499
1.0210567592475,0.189595289439471,20.5360717393748,3.12190448599381,-0.0635497088000797,0.167219979966291,1,-0.0517242482752757,0.178123953778363,0.798847604884066,0.0831377196193742,0.845454335447307,0.0963030528804355,0.858079480193028,0.0963367348024862,0.655349973988648,0.112997093524131,0.958678001918536,0.110048620285294
1.12613218947847,0.162106097595141,16.3880017999224,2.19352717415407,0.448510951048839,0.171150381843542,1,-0.189906082773069,0.184730920276362,0.891835199448243,0.0822864999280819,0.601428766522481,0.0836996557532316,0.637417228863544,0.0890056313750239,0.659200012067337,0.088772390695852,0.742817697428021,0.111991668288748
0.716780646152717,0.158523369051778,15.5146491510759,2.2541322046558,0.251377573800394,0.259093005172827,1,0.00814971762598502,0.187775822575996,0.637316869059579,0.0914062584407042,0.582774099477762,0.0909494793935888,0.634390189503449,0.101050256333535,0.54702852477031,0.107950478475445,0.571876578981487,0.108085384663836
0.945786894842121,0.169361051447113,17.7784561337738,2.51592606088081,0.388328466849131,0.232911533041431,1,0.125838631873798,0.175542835379655,0.823092021507903,0.0798842378877554,0.682731277608561,0.0872279753947215,0.631619270980554,0.0926401780539951,0.691196385079796,0.112808208839482,0.66249622863037,0.105570552208424
1.24890393300467,0.169601503367707,17.7427473478889,2.55602666273757,0.272313438982555,0.214620825815389,1,-0.0903036075587352,0.15531198123331,0.616478504961346,0.0811814536155461,0.735884384035946,0.0963718190910775,0.66540533239456,0.0890828126886725,0.709439507357704,0.0988115791760177,0.781651822909557,0.103593674324218
1.09812941241896,0.173835257930156,18.216541268101,2.34152344269051,0.561722971534874,0.229153669462293,1,0.14257590065375,0.21102030744039,0.692253563261256,0.0901345539657129,0.82224998193755,0.0883142800566358,0.852831237040543,0.0739813300470401,0.715385571183349,0.100794919433907,0.784140629628566,0.104492939662829
1.00149142469077,0.176052505809351,19.0316414647188,2.61653443836109,0.551357196488749,0.161219579016272,1,-0.0850635465693902,0.191877550683559,0.809159371699936,0.0768491460599555,0.699343116625343,0.0938134264619103,0.838032156594241,0.0869394007251896,0.883999888408162,0.103057619626678,0.801588386902383,0.112784427957303
0.859585828787475,0.160853422529288,16.6121899384407,2.24634150865733,0.37772195033845,0.212123510609529,1,0.014631176673196,0.182585174704066,0.657209687755545,0.0862780162636484,0.769827863854346,0.080083783624664,0.7219682504232,0.0896293450184513,0.633042692396087,0.0993863212073467,0.660902621545618,0.117851949891372
1.11029712949255,0.167241278947071,15.5317046963857,2.56418086010511,0.19914426947019,0.259684179365085,1,0.343165708264006,0.165226338453689,0.586045519339707,0.0975654805427738,0.721622191905703,0.100283764950477,0.61713286494486,0.107306577633582,0.605041135970995,0.110327748183202,0.735401780999918,0.11036691589975
0.909832660510345,0.175117466056095,18.6991839312373,2.84018745330763,0.211742523961827,0.246349692772281,1,0.125473260576119,0.171466666770772,0.860878471906095,0.082123278013017,0.749691400631893,0.0977607324144621,0.705563441811378,0.105329401539939,0.828023017269369,0.105016788223288,0.765281842701278,0.111669215742881
1.15372083068847,0.18024813102782,18.2440505024481,2.8779471649877,0.165852305828406,0.229899735717854,1,-0.200019444556522,0.163630001207271,0.659444662465849,0.0946272719829004,0.722704071846284,0.101143538165512,0.857575490346868,0.0999667873452117,0.733344800337883,0.114960584024767,0.856897038557732,0.112236372480822
0.88025723884631,0.154741986285989,15.309920673425,1.93450095320964,0.527944290073792,0.248885593802449,1,-0.0420757254006728,0.184535049159244,0.48266257000113,0.0796596974224289,0.685489281640099,0.0796555474650512,0.655510346374742,0.0954639893864508,0.60751311906168,0.0959051585264552,0.613661925419404,0.0903812560421966
1.02708959978681,0.144966615586653,11.7180381248432,1.58086701154371,0.497475122743615,0.25908367530208,1,0.127547127424972,0.17973875452756,0.577884740952322,0.0793194337256648,0.630131075113755,0.0785761357646309,0.659186768373369,0.0878068079916318,0.647927321772342,0.0979422536736356,0.422463362698978,0.0992835934885956
1.315483703994,0.160506086230657,14.8834256082808,2.0565601719004,0.414968380528679,0.252659634644573,1,-0.0853273305459974,0.172765702538981,0.706186604538743,0.0856992403496125,0.55069455064551,0.0922541318688854,0.788763567862888,0.0784876654106679,0.723034793579857,0.106192748232674,0.75853574605009,0.102887559282968
1.08253059402627,0.177780711288416,18.4082271421873,2.78768894153361,0.295973556554713,0.263066397576015,1,0.027539846420727,0.180506716730764,0.656729437660161,0.088941563682939,0.784037955335923,0.10605070795188,0.736386040138549,0.102675805511758,0.780704388028577,0.101705405187834,0.760560138639691,0.109209319030938
1.20759153678373,0.160679532508461,15.9599496453338,2.18311685390068,0.488343685179792,0.260721153523077,1,0.251545908848523,0.180641822290195,0.518980935716485,0.104614853904697,0.852426577289531,0.0774876849256978,0.450512872389492,0.0983105467675862,0.722653309382949,0.0874828386822564,0.707016882364286,0.108586662002231
1.11378864530988,0.140121764097424,12.6197510707119,1.643892381597,0.36126189676023,0.269535381356409,1,0.0315796896254579,0.172728035657354,0.611921753107334,0.0836076830851025,0.739903070331752,0.0788515618249931,0.666980434022077,0.0902184221756279,0.769112846752704,0.0865757236221542,0.688881209285294,0.102846948143022
1.17614473335247,0.184321368331688,19.8208037220617,3.2544108199304,0.12329168628586,0.26811196310782,1,-0.0325257266172296,0.187782172247799,0.757581368526699,0.0925342514283449,0.840622339018233,0.0994179624099973,0.761789703601646,0.10853701015003,0.73726359377487,0.107530750875489,0.883685021628504,0.127355902775685
0.924169702056011,0.156257249793346,15.5347905925764,1.95321194696302,0.586171716013726,0.165894354146551,1,-0.080903747025829,0.186471403641398,0.539481200020834,0.0984656694695109,0.629268754443513,0.0784800440455438,0.554488678820702,0.0966913781785089,0.585134484416068,0.0905729807236484,0.638507598031829,0.0970209523718262
1.28374310331689,0.167075661783199,15.188753569814,2.27936279997635,0.109581937005981,0.220250796410617,1,0.316026408952666,0.170944169303206,0.703898708970205,0.0836742403989853,0.631669906195686,0.0952561238162358,0.827680293474725,0.0964843829053985,0.863548901030441,0.108614614044676,0.598300075969894,0.120765518828291
1.05357071056802,0.163213728676371,16.3935559902915,2.34645250403305,0.446913704906554,0.260274690485368,1,-0.155983605870873,0.185941023496352,0.804117016608512,0.0853112808693621,0.632943145651141,0.0968552778724118,0.784812968481356,0.0799387272275759,0.549156942190018,0.0990164067077964,0.69092287063925,0.110300292872254
0.925191895408115,0.161710294302896,16.3241129348638,2.13578718934647,0.434143642109858,0.200101051057129,1,-0.0927514741718928,0.165731940077105,0.661199086627874,0.0766170745835377,0.754990180205735,0.0815948649055547,0.705396131112941,0.0923694946893416,0.664385580605564,0.103314462606475,0.66717140837792,0.106065692846675
0.869786238473196,0.151882866927078,14.3907607414925,1.82482945880157,0.363635501581561,0.202570769218629,1,-0.0801709679965585,0.185674561232231,0.764684046439959,0.0688813759544244,0.707638719919598,0.088286448772288,0.676952888458465,0.0851184250116393,0.560771993898097,0.0984350741743545,0.643235507113185,0.0972824923959945
1.109985803641,0.171922429505525,17.7798447625354,2.53453657124683,0.408984825868812,0.211834470275309,1,-0.227589399302427,0.164216132421445,0.902633217362661,0.0713172969133418,0.694425374827293,0.106497399957897,0.571439491245718,0.102839620246821,0.810073510094035,0.101323017675489,0.591283947977649,0.10827949651649
1.17271809522343,0.158662050373035,12.8711122599437,1.98101089365396,0.080868211870391,0.218721702358924,1,0.31701044698768,0.177225934799406,0.518736846870551,0.100834621239615,0.65699768007369,0.092329344414941,0.684009648568442,0.10359173659473,0.651213628298671,0.11128364410197,0.603103170891289,0.0975341813632252
1.16100306156793,0.149214939907639,14.5376454337846,1.85944813914528,0.315410740563939,0.181040246956725,1,-0.0188110186472701,0.179534689521115,0.793468621755446,0.0725431775015128,0.649413003777647,0.0911705672614184,0.539059322961674,0.0926599920634653,0.817688930519611,0.0881391889277132,0.625066705877781,0.103768732732025
0.750750302793693,0.151671740755794,14.1423677166534,1.79080928379799,0.603915315625679,0.130713606861233,1,0.135975443470936,0.177280256550895,0.560953317801501,0.0809041240923478,0.71816453322567,0.0795679863994997,0.565278811087753,0.0946896685648873,0.665203204639774,0.104431605203837,0.561271004988546,0.114321223018737
1.15735328482038,0.154499456428155,13.4248068703578,1.87133328686488,0.331233620770286,0.275268862755967,1,-0.189277779362418,0.185075518130811,0.80327753498456,0.0845170812514253,0.677926759434376,0.0908582025483437,0.582049299458977,0.0918091529904689,0.701064952489892,0.0904632229801747,0.675040895953722,0.112468247755964
1.14810544247484,0.17084912822417,17.0950834434164,2.57723041646475,0.390065001715544,0.240165013267865,1,0.116832808084919,0.182901230022613,0.704081811670905,0.0784300416148869,0.825405323816519,0.0993502161546322,0.599912433643466,0.106719156607138,0.690056204474417,0.118172806694513,0.657573946049292,0.121690031952392
0.935327862984067,0.157047159166042,16.224724283764,2.18596444707542,0.527696679776628,0.196860882021215,1,0.18624460492355,0.169078374016823,0.54761305917364,0.0800585899799663,0.756856940455898,0.0738591335449256,0.600508156874506,0.0856825758608386,0.624964709098043,0.1032541439239,0.88468670361087,0.112285280040184
0.75281016787969,0.166717133079743,17.5385416376977,2.61799293662499,0.275241227295888,0.203652823659208,1,-0.171444910088698,0.154591471879319,0.757923881779409,0.0791577221047057,0.636855755228908,0.113118747725066,0.619951151433306,0.103425196312644,0.80192446316575,0.0997230148038149,0.74584414177206,0.115750029842763
0.834723666135881,0.158878559515131,15.6269419528925,2.3108530072729,0.276826108439234,0.235563019560412,1,-0.525550906286597,0.173309769530255,0.794515401174515,0.0838594725413929,0.544110175177191,0.0907972750611503,0.61715668969814,0.100389050036932,0.757044573361514,0.10473334108589,0.718538221224525,0.111459448922399
0.889866481536738,0.165354834234707,17.2671084694155,2.31996930451439,0.450513601266117,0.2201975361757,1,0.148843858817083,0.183825529257028,0.703517147073404,0.0737134172541194,0.789750397019967,0.0899925740156379,0.730362429428631,0.0960847768035766,0.785097856954924,0.100639585944164,0.667522173955457,0.111710479356437
1.17067370896324,0.160574751273924,15.2888020512056,2.19106277803659,0.341787380147701,0.225812125133797,1,-0.102752737551632,0.159032305047354,0.715274087752287,0.0760068951308296,0.745066249513255,0.0858816900339792,0.748960960156693,0.0971333387571088,0.904430815433128,0.0924971208000984,0.7265436760093,0.0973440861640901
0.828166674764568,0.179514737427294,20.0014118669205,3.31367998306965,0.0504220284721592,0.219820203753018,1,-0.043468206462311,0.166025013822786,0.749060210266649,0.100403558168303,0.608979128843652,0.095837316797725,0.794543451352653,0.0949812358479101,0.710018900571607,0.120290706029405,0.867618562789638,0.111623526896794
1.15011642804656,0.150838053968741,14.5138998646153,1.71050321636954,0.461972994600872,0.182178440894468,1,-0.226537923356951,0.186897292209256,0.67991538970099,0.0721427802478346,0.66185351979937,0.0764806832216921,0.693003650842755,0.0787480851955179,0.720287483768515,0.0837424032995984,0.433608078036942,0.108858818937042
1.0401469824523,0.150768771204171,13.6771327118888,1.92428421056889,0.311761291138244,0.242007647331901,1,0.0698065121947807,0.176412312129506,0.697351253506657,0.0884808760729278,0.665709930595418,0.078698841137965,0.793294129513774,0.0957038272042303,0.597035972703433,0.102941031285949,0.593186934271574,0.111912748590308
0.657626526366537,0.154384029584424,15.0375021779477,2.10383750888803,0.406024479772622,0.280525606627368,1,-0.132418238365454,0.210255403304833,0.721694191620488,0.082522277243074,0.7024408442347,0.071913645176632,0.434552173312351,0.117666179384716,0.63392996324794,0.112542766153297,0.671994646831513,0.103048976872844
1.14381245458595,0.205871681049402,23.3797240027072,4.39129343360179,-0.133386179981756,0.190618693564837,1,-0.392818252982592,0.181498321457921,0.803794342007618,0.110869222199215,0.893886713553311,0.0966332213659479,0.705642216978179,0.116386295209454,0.824827567413473,0.120152161232617,0.842276533454652,0.119775721928658
1.14736310911188,0.15145647008621,14.435937213242,1.82006679875154,0.392714861424247,0.21073052586716,1,0.104511271668912,0.182426366524591,0.528318201883913,0.0862928120136145,0.683038979143359,0.0828572900436811,0.694011428862485,0.0940130466763418,0.705189331057621,0.081998779516326,0.585883643368656,0.110973394534684
1.20145500199879,0.158061147908934,14.2677661740543,1.91387249502912,0.509857562420779,0.238302936690913,1,0.0923128177034017,0.185548346831372,0.583772796573233,0.0905159368235382,0.715091364941546,0.0788677626194445,0.779790968998584,0.0903503531256875,0.768056294260215,0.0925834883126338,0.79976914200335,0.0938557486777084
1.07427063536303,0.178673843264515,19.6447072074269,2.71688926973642,0.295042800931642,0.242855901449112,1,0.0923723727122424,0.197827412496241,0.792921776112492,0.086069368445341,0.645111712775177,0.0878204171665704,0.836430524005298,0.0967913265138022,0.826325822083505,0.0903835517976272,0.688316607109436,0.111486335970459
0.78633632423078,0.160691234896124,16.2528059726318,2.21708044084016,0.301449257421658,0.250402375368863,1,-0.0771419217729731,0.169842124420052,0.755440624060446,0.0811333741341255,0.69837669038266,0.0729257368220435,0.708628531309647,0.0947025907416692,0.636711561437464,0.103004612902194,0.656102207471603,0.105927310376987
1.03852787582437,0.144370955014182,13.2046035892283,1.61574844388714,0.373107810362599,0.184035761170614,1,-0.367547606400605,0.171374216778505,0.785687611539827,0.0678023706521676,0.562176794694302,0.0859504853791696,0.697737553878983,0.0859007166976374,0.66464645946552,0.0907994799507538,0.569051386676521,0.10246531392161
1.03034586668656,0.174506673585832,18.3697077221491,2.80642769267059,0.246838007099863,0.253628629123567,1,0.0250722023672328,0.175991641326772,0.803820577292978,0.0848238120067188,0.748208846856082,0.0997899464345506,0.772304296256542,0.102534619265669,0.612135350489052,0.110086699210963,0.591971525732311,0.115053536964769
0.947183671161087,0.149683253511648,13.7008490295822,1.97977564768529,0.204470770878135,0.212505884393491,1,0.190066808419378,0.159936248691409,0.579275394116979,0.0876029962452706,0.676922766214417,0.0933437746457297,0.733680669139321,0.0967282409788095,0.50352242138891,0.104361798761242,0.66841196264471,0.117410138658575
0.702070513459054,0.174036085968918,20.2963019439769,2.97962092167639,0.0982396600914195,0.203645440786636,1,0.308634124076981,0.177728866092873,0.647690393383982,0.0887043651105438,0.691979140492251,0.0992859941234395,0.82833803689173,0.103668586628564,0.745085929446867,0.0991598426338559,0.753844918650883,0.102316631962412
1.12180942324781,0.151164521175382,13.9398204319379,1.6845772016348,0.754534687709616,0.107705509441395,1,0.123181693890384,0.192183467266562,0.582298322954264,0.0860160583751927,0.783540830685173,0.0729113737925878,0.558911455296058,0.0870735202013759,0.574238653967414,0.0985710333431777,0.902678336128399,0.093495795490586
0.997965231511136,0.166921839128018,16.0851138902705,2.48712647277187,0.235231193273336,0.250008087913165,1,-0.277545477866058,0.16581097074971,0.658046098727976,0.0847337556121804,0.710199291618144,0.0925470892918913,0.806457704483671,0.104953087145738,0.579959458087078,0.115246578281127,0.732273206878216,0.108833854673156
0.975524698336144,0.155774782911489,14.3762111173968,1.99473082670743,0.356617694782025,0.228377642493771,1,-0.00579125378309467,0.169304540071857,0.731360302267318,0.080161336285128,0.652164132508432,0.0950084832059439,0.698212464750636,0.0925508001078407,0.802513852851309,0.0979972250071234,0.5864213621868,0.113984944130431
0.577373563767481,0.16145874936401,16.6588695252244,2.35231002867235,0.422521216241241,0.272725461453092,1,-0.050061652005132,0.189318318991155,0.598911784378326,0.0818388256227647,0.620434141008959,0.0891970573019067,0.670755759568447,0.106644388550187,0.587992305133333,0.104906674569007,0.56164678351976,0.114805906738429
1.22381200722838,0.175598552865877,17.4595019145215,2.36654076335471,0.40146142459432,0.252463121854326,1,-0.316234995690014,0.187346295608044,0.785299363522008,0.0831737029324686,0.770517048270056,0.085281770356011,0.664414482718924,0.105793068567291,0.746874245801354,0.095223314029477,0.808537298840025,0.0947918002170646
1.00867834194177,0.147087263420079,13.2395741753375,1.73967635376352,0.338425598838824,0.214696668437108,1,-0.138674969692279,0.173214759194047,0.638570154348197,0.0760608763543279,0.612174967731534,0.0792690284014372,0.566069156233186,0.0845430235345669,0.530446553505927,0.102144778663867,0.682391722661251,0.0999880928686998
1.0444135818986,0.167597560560695,17.9933130489182,2.45912719652687,0.488759854017124,0.238066714249527,1,-0.231755786808611,0.202740738108746,0.746011816240472,0.0893667459742744,0.732332912669813,0.0892189895805365,0.737728897095939,0.091495569164171,0.632777182010985,0.114130111992931,0.55262310824226,0.110773109371008
0.786957363308905,0.172589082880245,18.1963459352431,2.70472239548146,0.189006924369878,0.225821209460578,1,-0.0826249950478194,0.188047786533533,0.727458909485013,0.0862991497846097,0.640428388293086,0.102715998883769,0.803955372621728,0.0922045555601618,0.683498745740412,0.104665919587181,0.844164912649312,0.0953001495640349
1.01463411984745,0.154983068911261,15.2750280764314,2.03375678849102,0.494488351245111,0.228263374610044,1,0.00438408037832671,0.19614393171377,0.845286656790523,0.080339624295229,0.462873376590516,0.0998840845062106,0.664049893004326,0.0948231241525004,0.766845550033274,0.100131707426617,0.815758520766931,0.093826016683098
NA,NA,NA,NA,NA,NA,99,NA,NA,NA,NA,NA,NA,NA,NA,NA,NA,NA,NA
0.996504144377218,0.162225062749092,16.7641632901604,2.10267209855967,0.566468113982333,0.179556104584765,1,0.218885504725302,0.174107033193351,0.643772003250967,0.0713381277754625,0.65133544229916,0.0822808676558982,0.609483736329122,0.0993349015156396,0.708137602036254,0.0999990467575018,0.730395880498757,0.103567821057092
1.20024078986446,0.171171852894277,18.2384283104914,2.5019486492615,0.458486362779615,0.28589028641698,1,0.230689994904412,0.190568434432117,0.684583462041731,0.084621075110164,0.743573404170873,0.0880620969838378,0.846900406136163,0.0849560272293211,0.653030973398494,0.104483491069353,0.91242372445582,0.112370789871586
0.801815634601853,0.160662789623076,16.2155350819659,2.40012592009222,0.171334425354398,0.234556222257213,1,0.0708893330701698,0.178261653436493,0.669016080605052,0.0929338917681397,0.713098339431649,0.0922370377285036,0.696040416933985,0.0928290957626608,0.661330678045706,0.101246954533279,0.739794100735968,0.098707751928098
1.23083145832738,0.195106402040538,21.446350319704,3.42969044334604,0.0710115212589034,0.189983065128276,1,-0.0372445929822106,0.181275220312761,0.728416700695967,0.0909856242402083,0.767191043742583,0.094986903558888,0.718032163865403,0.112649535742011,0.933704626266202,0.104356070273765,0.783417222951699,0.107896159868447
1.02942186446882,0.162290730439374,16.1736907082285,2.35368915658965,0.475722595626967,0.269807845825049,1,0.238506240403957,0.177885148579903,0.651493169132582,0.0885190380368293,0.684495024054308,0.0886939132944368,0.5490207424751,0.101611879664306,0.661862302655423,0.10386642754261,0.631043105982,0.100598673805799
0.96504741624863,0.151287366713797,13.2793024765452,1.8023202253799,0.396845326090508,0.261005881033582,1,0.0475510291051413,0.19053070677064,0.64085428250169,0.0846206027643739,0.639896503381269,0.0791052779929447,0.643375177188252,0.0943785664004168,0.682776788917662,0.0952196533652955,0.738101128598728,0.107543610482333
0.985896532366393,0.150392695979927,13.8428494578079,1.84233679501101,0.3264771234279,0.252560603536972,1,-0.0949921725335122,0.164985375928824,0.686895982314074,0.0766359234975217,0.662890791864962,0.088534845650861,0.600097945483401,0.0943196357649481,0.730533909450991,0.0969582516097421,0.523143756163345,0.104258385050459
0.969285687011469,0.170047018931622,16.4766829738628,2.53812470184471,0.15009148141924,0.206730741670849,1,-0.00995554593906785,0.178750594782794,0.653778813871764,0.0915767891013655,0.785352266740945,0.0802768007073268,0.66908016230493,0.0980427748265193,0.721221099704376,0.107324331862302,0.579945804285973,0.126772428398686
0.983112060853186,0.154747420930182,14.6529096297878,2.08674119600946,0.287926499889218,0.236759381652997,1,0.0308290244444515,0.184690141096501,0.6617190171292,0.0860491652520421,0.687429781250391,0.0920599143444558,0.54446192764304,0.0923930709806886,0.561116643825804,0.105969605284907,0.89188330494907,0.10474600995668
0.742371766845761,0.159295425168671,16.159605141124,2.05677123584682,0.552866859399799,0.141370850822967,1,0.0125358385737775,0.191120017166673,0.545986667877939,0.0843666789758982,0.721962706030982,0.0856263764005596,0.756057042308848,0.0930264219106303,0.615118762316558,0.104838599051318,0.689087100509832,0.102592205616071
0.943425775201876,0.161540196024755,16.2277776414795,2.02521245310875,0.539785128576493,0.154472718090049,1,0.123903784360736,0.179908155886575,0.720452482589188,0.0824188624076742,0.682301694496008,0.0763076741560957,0.551762991691773,0.0919488018225193,0.714058351043307,0.100666691085863,0.677119737207398,0.101166238095763
1.1536596191707,0.179464543774162,17.8022046864956,2.88247226103557,0.0846760437675218,0.223239314541484,1,0.0720509351750481,0.17226056460646,0.704559255520406,0.0865448001045278,0.789295084273988,0.0991933720724654,0.75686564062899,0.102048945692876,0.732744229484352,0.110325226075528,0.794331871954646,0.108468431005341
0.905922395907667,0.192521873969013,24.4705176350773,3.51213035151609,0.102315889281908,0.191032947475443,1,-0.0985635426984213,0.154460860380565,0.71679350376268,0.0824747623970238,0.886013794663896,0.0933900291651865,0.850819761257253,0.0969595240150628,0.647762114996551,0.112349315268262,0.898333562430241,0.111341111095805
1.27830421413034,0.175701434854498,18.0070662361353,2.51837287949755,0.398736753159502,0.290370466494645,1,0.196416260326054,0.192359679750357,0.780054726558515,0.0853185242756743,0.63594330012789,0.0829318625769892,0.649664159426582,0.100772077933629,0.760129056014691,0.0995995323536322,0.70902281945543,0.107378394884054
0.858694227885989,0.163510095333449,15.7819551607353,2.3188768514964,0.170313870871182,0.248119432974871,1,-0.0829204268790245,0.162771884505323,0.770674815394758,0.0839319377047147,0.629389328243942,0.0882166251560267,0.712603824628386,0.0933382043939314,0.789646010855078,0.0880129084913038,0.528692663823019,0.113488293528278
1.26401572442099,0.168649464774977,16.3123654529565,2.21719931573835,0.415550216666893,0.290300912371224,1,0.0905527664590988,0.182972057058841,0.757077690959674,0.0773973327558314,0.671777183428444,0.0879221149799422,0.726378887054949,0.0852791008231831,0.649276763306532,0.100396027167278,0.663768808060652,0.111359312841734
1.06028839903985,0.166092672757758,16.8763637375593,2.27249136933505,0.543545571257052,0.21138366229224,1,0.0233725638558087,0.186537823578948,0.686809685821855,0.0743003115931128,0.675612518106577,0.0871455351586886,0.838841229023019,0.0914409966184247,0.538031460077029,0.096423268175983,0.616514331873213,0.11376252526431
1.34284753327555,0.168535611097014,14.7280483576128,2.19624421728393,0.331832210853379,0.254107089679422,1,0.000788000566493006,0.200713777687767,0.720681243220601,0.0923377374803166,0.60964886706054,0.0887822590676507,0.766183111899223,0.105495489492437,0.56939446847453,0.106137827923024,0.611305879952487,0.115659549880811
0.557721276213077,0.170137441842359,18.972046936387,2.84554595320346,0.305350481868787,0.236981376270278,1,-0.11502036994375,0.16611835556795,0.652092916910276,0.0943046878361462,0.697246326247052,0.0882813848809697,0.749610896721654,0.0961185466184395,0.522203059258071,0.122300350097909,0.747284791969148,0.112622604302615
0.940382928866692,0.151531990094486,14.416239362292,1.75969773326977,0.522644734205889,0.228104273440788,1,-0.0229159619703221,0.16380816532736,0.552309262393261,0.0783566714870432,0.604577449642016,0.0818190088536066,0.72951360482955,0.0746030160082873,0.410267638234837,0.110729810303014,0.693399661815306,0.0984212845958442
0.920626672215888,0.166117527510206,16.7383169471023,2.32118258013628,0.448736721397571,0.27543145809596,1,0.000476703178079594,0.172115420958936,0.732407867819897,0.0718698804947667,0.718718461335928,0.0991459393727862,0.658026449987339,0.0996531142668704,0.476738632874526,0.115563607676859,0.635035537689328,0.109799551165834
1.19949649701742,0.158238394911424,15.3682105139319,2.02378838291694,0.350088267119905,0.212270592341533,1,-0.127508358069709,0.156269874759579,0.643541844696656,0.0883186132675495,0.724130689024799,0.0735358905760987,0.757780030879315,0.0907022042167272,0.817640812561222,0.0883173081670992,0.46630180487449,0.113809475192486
0.980058835628614,0.152393329181135,14.297688190668,1.7840510685684,0.59500524128861,0.139564535498178,1,0.0624170544696734,0.176294979393175,0.66990254087384,0.0753507424184127,0.729394654129585,0.0770934338884207,0.658253123639414,0.0870053414792666,0.71758336345634,0.0834764826122801,0.641652431373357,0.111255526471908
1.10805811449393,0.159935552686911,14.383196895275,1.86973903214381,0.730584727482476,0.104279980588863,1,0.379937733343405,0.20797393717638,0.546381679855299,0.0891445968291995,0.786069777740948,0.0771547378147795,0.49278343288173,0.10780530283485,0.648492128106752,0.0907722065065866,0.70582017680832,0.105978612945506
1.04272876595429,0.158462445472323,14.9792907838813,2.22945069212204,0.318820591196839,0.250967052124487,1,0.067076928542067,0.168015078012066,0.69977516276085,0.0808901495834574,0.683601472400801,0.106047534186984,0.753955456128852,0.0904301230390891,0.621230155141619,0.110882621861272,0.620325414586288,0.110799788495323
1.1806912961321,0.148707180592883,12.543741650415,1.76624742195446,0.458174115213513,0.222743844590522,1,0.201964195777458,0.184386147883122,0.571384921075426,0.0878554213605595,0.710095225972807,0.081684964262974,0.702435487880025,0.0959230408537445,0.560733033843816,0.109398518952019,0.577601005502905,0.113785118065554
0.803388515850906,0.165937532408532,17.0283441929522,2.41679120357045,0.333642652616594,0.273580020088367,1,0.0110854017121752,0.194896256003829,0.614806721698462,0.0880130847258312,0.825197458960017,0.0910305595348357,0.743151464386485,0.0907252919860626,0.633786649361629,0.110154800664513,0.658516008708659,0.108275886340243
0.995193436950603,0.159645830401551,14.6759725943997,2.25413783006515,-0.0277028898097304,0.182276861952122,1,-0.333709571631036,0.166497347106484,0.804494598948283,0.0815008472930056,0.668858338418818,0.0923384070182719,0.629893532710308,0.103386709185778,0.813489857378487,0.100006577870754,0.692447704008638,0.122646197496611
1.32079350938967,0.175307635655568,16.9472058580858,2.47221205961541,0.44676185543915,0.261103829044656,1,0.159781256227815,0.183050219722815,0.659169737514067,0.0881826901922709,0.737776438188666,0.0951063557279178,0.823951193716051,0.0944233787766296,0.788375232227034,0.101549134639238,0.714716676839268,0.116805011399777
1.17386831928419,0.153171106889698,14.0387264562601,1.85444494760801,0.546259803316896,0.198003085135416,1,-0.0247662793754748,0.192545933972161,0.672957692159754,0.0958412193725347,0.725126152474018,0.0786451858657045,0.731911952797463,0.0910393286852778,0.545635694111304,0.0932818514363954,0.708276322775269,0.107289980525025
0.904940062740778,0.161759913541668,16.7539690703918,2.3761014410505,0.355749058903125,0.235625608883313,1,-0.282958814484694,0.192609462522747,0.755007517854694,0.0867182452295917,0.730996248937021,0.0908054062610491,0.745821892310918,0.0969722213023545,0.740734460036086,0.0973470167889281,0.817172753949748,0.0916375047138874
1.07043271875062,0.167954977878592,17.0075123953633,2.34784340567824,0.677542104935386,0.152399468932281,1,-0.33527748671084,0.224685368396734,0.89301902656517,0.0784519541022743,0.781153294905973,0.0939783192774347,0.641111666062533,0.0957864768784889,0.659555260565076,0.0960015207496711,0.792510320513154,0.117999064006767
0.902917742126133,0.164059405385342,16.9585247107991,2.22010874269959,0.589247159589755,0.163682538113211,1,0.094749145776382,0.205435539042856,0.678606768548532,0.0936423936044272,0.73853535383194,0.0774681819958655,0.839201824736653,0.101196127766017,0.730552627306599,0.0833631975871559,0.560257485619858,0.100786516346921
1.04677532083009,0.168359724457246,16.3572534717796,2.56563909799356,0.314247163139765,0.255861214215994,1,0.206791303931337,0.185931345276449,0.710543819161121,0.0898413684133678,0.596665158646264,0.0976757574082876,0.728958577106308,0.0947489345358789,0.709238994461918,0.11231626737139,0.701549114380141,0.11983551043931
1.18658636559637,0.178107469183071,16.1770635820563,2.55992703025695,0.0391252585439611,0.196706312282485,1,-0.285866392675258,0.164822301166164,0.626341124385562,0.0928591452590969,0.789442086359932,0.0927427468757429,0.724464329086049,0.100261412937876,0.702166430515536,0.103192435001552,0.68981888023153,0.116022686064298
1.01161375357933,0.15161718999051,14.3103922672245,1.9394379172525,0.350643177726595,0.235372810752523,1,-0.235797883788603,0.178561147857422,0.699754530076189,0.0852927645493685,0.696688630933471,0.0740468139580313,0.58617162595025,0.100281044984027,0.742485806155908,0.0998227288518758,0.638543218141062,0.115173478144524
1.18119639044308,0.158513621907729,14.3012463618709,2.14032437197932,0.119352411709977,0.207077888065974,1,0.125422118605785,0.160397763208122,0.698445485239023,0.0819159013051985,0.628501181671809,0.0960141821974021,0.680184452757811,0.101542405601199,0.775734854411153,0.0877650381233908,0.66932090949489,0.113897541173616
1.00819027897488,0.179205191626421,18.8911184104057,2.79621530069334,0.309297963087928,0.238934791466239,1,-0.156411748851416,0.166757844677623,0.598585007566833,0.0902160115112819,0.872791629026535,0.0847519823758474,0.832126038987568,0.0945746201886065,0.75170370101112,0.109951841983566,0.494202535564608,0.13170225074365
0.953796772733704,0.190373241772279,22.0536477651095,3.51527714110628,0.0435897140572882,0.230136024549362,1,-0.14729989434036,0.170880330114957,0.748718598661812,0.0906666254752421,0.721187181429081,0.0928716451178934,0.921821206614653,0.105991665431139,0.63463902415044,0.121145199091745,0.864492324613351,0.104436610190389
0.92458705346591,0.17002901181838,17.1651189368964,2.62643250163559,0.2085857235182,0.258241154278666,1,-0.411777159065612,0.206660396831067,0.760945971524514,0.0808463110544709,0.670589101705264,0.0961689900385703,0.720461459888079,0.106357574704017,0.675972838905211,0.107674950772823,0.523937288620471,0.119723436709576
0.913284509336724,0.152968396143526,15.3163596299289,2.07488722638192,0.431927614216469,0.23423564208857,1,-0.197503895729234,0.184291637050244,0.759401525734975,0.077332534288301,0.621065337020216,0.0923868257951949,0.802987661993931,0.0902976317927915,0.490224711851051,0.0957041910860072,0.714390312842617,0.103242688037316
1.14468215079315,0.156552711536094,15.1843288069842,2.01360116020359,0.51784522085927,0.183589317198883,1,0.0884160191388366,0.210735263879384,0.683927645060268,0.0789361886376401,0.702757283454514,0.0788555503910849,0.761105093406745,0.0815499783352111,0.673465929624674,0.12099796339986,0.585779579043573,0.117197082273189
0.873008280075413,0.147037773101812,13.6019030393289,1.84810322399521,0.375985654965622,0.227892032457305,1,0.0980982598326508,0.177530996291181,0.696534694693068,0.0764276447026392,0.57493484552199,0.0909513248345026,0.895722501846634,0.084621492938147,0.664532772582895,0.108491943484199,0.647876510223171,0.100986364162507
0.789564365872806,0.15341197933812,14.3380198916078,2.08051910188891,0.436617561711314,0.284423917266846,1,0.0410520018380431,0.213699029477368,0.548479576614266,0.0989318982823306,0.689018154392808,0.078794661173054,0.647927432680639,0.0971800423677796,0.639919180327327,0.107522983364167,0.531385746662062,0.105733287158736
0.861726673354244,0.159550504449888,15.3674572218237,2.35574206068854,0.227273866522066,0.247300073275674,1,0.00332620468447129,0.168930690659186,0.754958235870602,0.0815499142413444,0.640313390361883,0.091051498798215,0.593811254225566,0.114713717946722,0.715256927606034,0.104578499557328,0.692446113153118,0.107433213746363
0.992739236818197,0.158014629682126,15.2936688374146,2.05129013720721,0.229833171861767,0.20732266254064,1,-0.0443221801606301,0.202203242659735,0.811950402042777,0.088880958590745,0.573856848496383,0.102707891910797,0.672450354998758,0.0884840766628649,0.753665152379948,0.0954080289851774,0.801963583166852,0.0884807508051968
1.01829097925035,0.168727072068604,17.4149690776221,2.48845706804513,0.372158500406932,0.25768689632223,1,0.139228412201815,0.16351919230859,0.631356567795959,0.0805835828946195,0.714080379385499,0.0877377003303329,0.716873547875716,0.0955977661911932,0.633408385833929,0.1034512096084,0.82329339431981,0.103262024006973
0.957663447629415,0.166233794740899,15.6779826066179,2.44149828806105,0.320575462975598,0.280970446718115,1,0.0768272010274376,0.192859396804251,0.590863998437841,0.0944568588047856,0.665434956266286,0.0990385752827723,0.676270731106844,0.0977340270313823,0.719479475817219,0.100559231163803,0.845989823099555,0.102228734046725
1.05809477641235,0.153930873201015,14.6350657354398,2.06516750771487,0.281214447433438,0.249250317350536,1,0.0434412805776431,0.176373015289172,0.688423626060942,0.0843863484773853,0.630585635009149,0.100334728700139,0.676606464395441,0.0864341749841039,0.675175733605581,0.09383344049593,0.703560033313026,0.100605188668778
0.999478779844197,0.153127752412049,14.6088128622068,1.85551715608716,0.531864579802074,0.14570530428663,1,0.0540809815952296,0.168289538988739,0.683108662015273,0.0788232187241828,0.82324128791382,0.0767649641327632,0.682814372554743,0.0803341424453773,0.740826243256265,0.0959080382129513,0.754221005483271,0.108147907345005
1.25949993463024,0.193227242931686,19.2163712966536,3.11505033340665,0.0195006026921732,0.193933889815859,1,0.0793703939691122,0.176757213070987,0.728021442036847,0.0892732803577564,0.74433244190342,0.0942099750033887,0.757711465937744,0.108290630554595,0.874679841216872,0.109955767391136,0.784663859033616,0.112745431302185
0.947665967272431,0.166375298659166,16.0860759856108,2.6072953546978,0.173044611376101,0.267005989538522,1,0.099647604540168,0.172579273686363,0.676202799443134,0.084228372515158,0.732503212086674,0.101645463178753,0.713827362597753,0.102349094986939,0.72920345841798,0.107291569004337,0.637202433209943,0.129216888574008
1.03080491766442,0.169561459967481,18.3082350424636,2.52636139042244,0.430232733928625,0.241817079364707,1,0.223655385970756,0.174916724638129,0.767044521354887,0.081325039995319,0.735462590951359,0.0871487372388601,0.708048550630978,0.094227059171012,0.711598977890099,0.0958006910322276,0.888510122764649,0.110092116456147
0.867872163235774,0.166967136366036,18.6120610146115,2.66331607030921,0.296809864350873,0.221677294435508,1,-0.253640272087133,0.18050739339051,0.829272003909714,0.083124157540284,0.666720705493213,0.0872187430488474,0.733805485305302,0.0959701332860096,0.645164186909413,0.0990149019776415,0.799611183262184,0.0986882495277117
0.977791635587596,0.151994240277955,14.8868162251308,2.11333076630178,0.531073901337559,0.21809093642103,1,0.186808899792698,0.176466135782036,0.720817854884156,0.0832625456089168,0.674059625171963,0.0962487002756379,0.529793576768872,0.0909363251285601,0.672344612799187,0.11366713887191,0.531647162981859,0.10837981378283
1.20538346327177,0.176332013154964,17.1685366483887,2.8505509770348,0.119993393805748,0.247655829618258,1,0.149583531241812,0.1688432414052,0.684260836112686,0.0939883665373817,0.810342373835783,0.103097977509715,0.701312734154427,0.11665218198163,0.736408420137809,0.102766682749064,0.710374862774601,0.111369839464772
0.921468378251537,0.176872474720019,17.9556174814661,2.7480982772444,0.218214412956541,0.254789029844661,1,0.185390977765182,0.202608438561955,0.66880338421788,0.0854054729086365,0.718869000903316,0.0941406297573622,0.781612266138343,0.112045894431795,0.641690885844424,0.118999293454074,0.570737055303386,0.130675704707609
1.16388213419952,0.176874780941171,17.5935184747373,2.87215093734223,0.171643538327473,0.23209040677697,1,0.0677840877066438,0.19613063681075,0.780289783998147,0.0905520093080305,0.820367920725681,0.103462902337754,0.697221194554098,0.0990208360257518,0.733645731048697,0.107674006523092,0.754714811634379,0.108508658533037
0.790950554913628,0.160773590918903,16.053759042264,2.4916720508091,0.205639312476391,0.193511358659665,1,-0.128161611148924,0.145734369869746,0.639003487002342,0.0821898912598792,0.679688754038354,0.0938711763071624,0.586373257359536,0.103730402392779,0.675887211722774,0.110786486452501,0.696299244098379,0.107857195306684
1.04987226698124,0.155133102185742,15.1985425122625,1.99710299002327,0.573613424259519,0.157969315452055,1,0.0675104914603725,0.177681641228913,0.591642873662932,0.084318720950394,0.717738170039316,0.0917052276128245,0.737622702420881,0.0886747219151259,0.671902262198288,0.0924262287130602,0.70007789619171,0.0978837242666749
0.923269792842663,0.173508988457378,18.4895556984343,2.84080812985657,0.142578475522137,0.261252529033296,1,0.220891021191808,0.176964392540222,0.646371705330414,0.0896525788975801,0.696547968061149,0.0921492674873368,0.662500629210262,0.108913040138222,0.924527709856179,0.0984301482491548,0.762566038210203,0.118395422118964
1.37661229524351,0.15447515322889,12.6522533322678,1.68734117996473,0.425465305705912,0.258807266698971,1,0.13197009793641,0.185431592440542,0.763615621240856,0.0801920200623051,0.817839747845471,0.084594559390802,0.624599017819448,0.0897630983422029,0.729964611457823,0.0915806832947157,0.510425629278892,0.102783119874329
0.808256281531451,0.150555213278159,15.01059252246,1.91168092409201,0.633241208510981,0.115184210460454,1,-0.0623902092417945,0.18154536980854,0.612327616373086,0.0794331843276131,0.673409839915266,0.0911752418511404,0.456877124755928,0.102109893979758,0.695475364937564,0.0999191549502333,0.605552136405209,0.0904090741575426
0.890869634487004,0.149653537141707,14.2081352275838,1.92804531007168,0.290219911189661,0.229142826428767,1,-0.0618619345362335,0.183666889854986,0.566212105716475,0.0860309190349378,0.694043290364603,0.0923681410456591,0.67874766127966,0.0783454067650584,0.891283562407502,0.0940183190596151,0.644869066229891,0.113776493875518
1.09048341658289,0.171205694185661,17.2452654642044,2.83873064252907,-0.0159478589914583,0.18596098325419,1,0.29890317193613,0.166232306730539,0.632903669337638,0.0864892898453967,0.80696325049482,0.100147674810231,0.793444162888167,0.112776061123621,0.566911293926882,0.110978664256287,0.815743753443654,0.112558018374435
1.16279064988085,0.171390493668933,16.3836808578714,2.43597380360961,0.184189588581319,0.204033158407334,1,-0.225103300549514,0.175142364508317,0.762209204664613,0.0842977307923729,0.783458432495104,0.0961654872422846,0.683551083610619,0.0956839918093746,0.610258580682908,0.113646823340305,0.831455868048121,0.105149436659998
1.33181200166125,0.204732144456602,23.614624310655,4.14281247234346,-0.032308002163018,0.214543197171612,1,0.20644137357969,0.175713508774565,0.728649852234823,0.09627325736366,0.882070604777649,0.103517255825439,0.753711734329759,0.12738975936995,0.955740258555692,0.102791842828336,0.880779969076122,0.119772290591515
0.936511365058682,0.152501660529015,14.3020805171896,1.91305554294039,0.410282525715332,0.207933530876585,1,0.241926295660449,0.18945115883463,0.599067121331164,0.0875882437013876,0.661334530619865,0.0855223235263743,0.723979445937026,0.0914279290562378,0.830749681444082,0.0958654215856622,0.737401742882095,0.102491864723896
1.11144544397199,0.158965729108699,16.3424099627232,2.06819617986201,0.297115443880103,0.175229364852934,1,-0.139154409331291,0.157822822198226,0.722818794828586,0.0792677481526634,0.697979976317239,0.0793736501119891,0.793146761986175,0.085042150150756,0.438201742309901,0.104501598618232,0.877090822139629,0.093186790708862
0.923774729370559,0.158397746209824,15.0994582758296,2.15260568874945,0.23952701183824,0.232108247199596,1,-0.175632963881041,0.19314451461404,0.774314206039099,0.0816479969825227,0.70636206469226,0.0833456306288446,0.651920240117612,0.0969341749736854,0.698344505652205,0.0946746193405336,0.644793863621598,0.109341830022522
1.04570808513531,0.150395935354177,14.0685086680882,1.7888874759889,0.52404857289807,0.23125233608781,1,0.0167261384524292,0.184953039564084,0.579974849869093,0.0941559689455167,0.685896456039733,0.071611305752084,0.765453625006732,0.0830542608346733,0.653504118432463,0.0931691504375659,0.623363535715699,0.10993026936687
1.05604064909531,0.164188993738658,17.1675037816382,2.03453243537907,0.681995066667953,0.137800259441637,1,0.158028726141665,0.216106274492257,0.761451101825544,0.0911204735114989,0.758444632947597,0.0819252224406074,0.905745981340858,0.0712082564100639,0.629970244086427,0.0895035860382241,0.869852579512691,0.0885585094105228
1.21357245681698,0.184277503108604,17.6232657459775,2.9067457310117,0.0858259481630958,0.223033184339038,1,0.0817957474153108,0.185801406230978,0.669940742849659,0.0859308328293851,0.85276474629457,0.0899496267460816,0.729602575323866,0.11439616169616,0.724635621203013,0.109473721305645,0.744794721743726,0.122436434558811
0.748723224048464,0.166908075895585,18.1189251010788,2.77030231318243,0.241794195095957,0.270915252323154,1,-0.156656756123584,0.207305236626881,0.776656644717865,0.0838751617591095,0.670952667207184,0.0952681312529526,0.793086302989916,0.0998098939427031,0.518677099246415,0.117594970352539,0.575940859083868,0.115508061109548
0.963627615119961,0.149763301905195,13.3420206888843,1.83965607277308,0.370404274171096,0.230535557341606,1,-0.248256952530108,0.169638827861918,0.645898165075811,0.0786738667171665,0.711248576046888,0.0879967876626436,0.708512142492413,0.0934457866314419,0.663983724766822,0.103684523850253,0.48186732872711,0.111703939572616
1.28203737116705,0.182032073070294,18.2666161991672,2.9735447392327,0.167252820651527,0.224731150477846,1,0.156050295924738,0.195088803768985,0.6960357716283,0.0970921936865157,0.706133128569957,0.108357036252973,0.929734571583643,0.0929566584765663,0.919759173961833,0.103557812799665,0.724648508484427,0.110956712743244
0.884178539653505,0.174473979492322,17.3931824353018,2.78035636141403,0.174929811504511,0.265295497702637,1,-0.0294663630531202,0.179796504503724,0.825090958326508,0.0893761451693,0.687229102797241,0.0977372813401214,0.789069972659705,0.092232516935313,0.707852552438455,0.107557678676053,0.563252974285038,0.124684406817906
0.884834482721458,0.146328220365501,13.7308709210445,1.94401601980545,0.338949199516106,0.254548033925439,1,0.372658708229425,0.190280317071131,0.635081472253151,0.0882443253696275,0.555787003700205,0.0948117205896699,0.661212865427866,0.095238043166358,0.618115699264802,0.0992705439873406,0.763963503209736,0.110531499480583
1.1688324100897,0.151687052462106,14.2679476609075,1.72229568673053,0.632496106349463,0.1293011410777,1,-0.0259066575052652,0.171391393677827,0.719994738918261,0.0681205121489869,0.615216885344064,0.0826423413724145,0.691679758252241,0.0915277756185377,0.689805539779297,0.0950140042962907,0.780294670324955,0.100448398202007
0.893838546833536,0.172060147300743,18.0086706268734,2.85311697732569,0.145060185707418,0.221727751250118,1,0.0292335641327102,0.168373755988897,0.71592410929057,0.0897135311117152,0.74679500246461,0.0990435995871829,0.819333997845281,0.101457189145342,0.709500008453738,0.11874065262351,0.690851159674308,0.114920538152938
1.21722388987449,0.163868244249416,16.8697234102238,2.04541205817323,0.673642866536009,0.130396740387443,1,0.297009360482692,0.189417969049023,0.769836798579719,0.0755686977758524,0.739864752288465,0.0799145089730313,0.793118146336215,0.0904129588891951,0.810793864305279,0.0786840420228364,0.827205526774349,0.0914573965896369
1.24746540972533,0.188414820949803,19.3817091681319,3.34981886720213,0.138989258208064,0.257301507395358,1,0.0743512405853747,0.191604543259714,0.736348394760223,0.0971584264596844,0.8472910424649,0.109597710067225,0.742178796660012,0.101098661605402,0.897592225472717,0.0996885185741571,0.761579200874528,0.118531038255805
1.14038212144767,0.165274605421622,16.8942291713751,2.41485781031452,0.0185651835387082,0.16908673631249,1,0.300928284723274,0.179484151945031,0.746363787287134,0.0907739927191044,0.778819119703069,0.0778712310194867,0.677006674413609,0.102304937625143,0.738640556646117,0.0975180748008558,0.903026104497623,0.106292419288313
0.925952884773739,0.169105550602062,16.9611558499517,2.56680074830464,-0.15172415991601,0.155712442859827,1,0.0148259305255961,0.176133819161101,0.846863410844097,0.0873110887434324,0.827822758682119,0.0947416919801164,0.642020280924053,0.121368622325941,0.819490269321103,0.102970224437926,0.747142906483695,0.107891282884596
1.16724928585744,0.178756808880189,17.0205767121301,2.90022237587054,-0.139460517342312,0.168896472136588,1,-0.0531783612915526,0.203529519393658,0.817484278775468,0.0957077153233188,0.787211661772782,0.0990937017103806,0.731364328720763,0.119999536162367,0.812995447779899,0.1018109937293,0.696239268845822,0.128416555227862
1.08479168177841,0.147674599486054,13.4561066281489,1.79194807728833,0.467272148683666,0.273502950656364,1,-0.190937023165074,0.177532699509428,0.639103537522183,0.0805056313042149,0.735652575291807,0.076662303557379,0.706900722232828,0.0811070883449555,0.617042256789167,0.0939620645893266,0.653627932691888,0.111210492768056
1.14052361045984,0.168506532948935,16.0845370948819,2.49991232932844,0.214525654725336,0.251963875608996,1,0.217838674164099,0.171440668467269,0.652154472723923,0.0819512798392515,0.65451383786591,0.0957628699002612,0.687757458374063,0.101855809794439,0.626386381274528,0.120800554430975,0.585287950059608,0.116132913498221
1.24999276970872,0.163955341632326,15.9374382120764,2.00043428978898,0.664687047505762,0.134395730080879,1,0.31684388625505,0.197978173859101,0.648685939327906,0.0813191270094107,0.580756504495613,0.0977100808627944,0.664108506973636,0.0770766477201496,0.860612419707297,0.084022377897119,0.586954985435442,0.101437227747287
1.14426639041321,0.156209572094498,13.4123255396017,1.85446179115485,0.66369129491222,0.147320107079494,1,0.230680075369187,0.200870029757752,0.694485125254124,0.0772588247869917,0.628806797254998,0.103424731572907,0.638636183112353,0.0986683184546367,0.63087348313924,0.107048834806728,0.645607744223108,0.0984223663583513
1.23444362789012,0.187312789896528,20.7799486778924,3.13574673843938,0.112942217238538,0.222580605729121,1,-0.118401086586695,0.203498279464527,0.779709124499362,0.0874116651494427,0.764338712164213,0.0930658356158657,0.745867321861705,0.105547692964935,0.715793705069049,0.104943942605947,0.80579258864298,0.111980809897333
1.22617973227913,0.174938828540374,17.537254847505,2.82090872365577,0.301161663883331,0.26186907785076,1,0.402136876776133,0.182158862718235,0.607360582019,0.0843410395054079,0.615539696754195,0.0981053852231749,0.809862126350593,0.0992762366724535,0.641796512296138,0.117810740085037,0.770306122768639,0.105647241564858
0.990255126652594,0.176996615046778,18.4060461564921,3.00002377311461,0.152099017314798,0.220623890574167,1,-0.130072887115295,0.204523720218751,0.837722981930004,0.0888939492050951,0.750291071780986,0.0991090224823709,0.705510838124884,0.104258014538034,0.814265280871396,0.106012899001545,0.872626129778523,0.100845007125463
1.01655698871142,0.168281648780698,16.9103224959862,2.32768990742838,0.439164530240012,0.234434195624175,1,-0.0130669900672555,0.172211511306099,0.723428931068993,0.0765873472423794,0.750651218537129,0.0986987013841692,0.763438384689422,0.0843949592451489,0.745940419443265,0.0881465706270133,0.616400184692914,0.108645706330754
0.914893733989594,0.144390706773566,12.2246971515222,1.56282082782786,0.5710958935671,0.17264657775705,1,-0.063425340421961,0.171448471675993,0.605905955846248,0.0777191447137723,0.579862433767292,0.0816326046508741,0.699029783066891,0.0821375851352512,0.470132444183771,0.0970737564605832,0.716098172397369,0.09111124475587
1.15866901726508,0.17366226580109,17.4915879337203,2.42024531057875,0.296651100992905,0.230130779290401,1,0.0105320350231791,0.184268828984415,0.838661094604034,0.0765062513375433,0.687083217367802,0.095667069965223,0.641820793939251,0.092043113750462,0.694446564374957,0.101660736668128,0.775388819844076,0.106945475417477
1.04718013716292,0.167050647210971,15.8189031105269,2.59121114130312,0.132194880878975,0.248553604021632,1,-0.0927854468054399,0.162674094364599,0.743765121297244,0.0877076107487795,0.610240618752119,0.104380733859546,0.776699495597324,0.10197219422019,0.677522993992588,0.111593594977531,0.63283125218799,0.112545924181364
1.31144187499789,0.181983845450686,20.893853912106,2.79028321090742,0.460393820372828,0.168916342691964,1,-0.00264081218967652,0.157803788917001,0.82015186925092,0.064574867330682,0.750268904873059,0.0940871046190302,0.66592668458059,0.0963980164925662,0.638999834237046,0.097803222304041,0.807385731126221,0.0867159010521981
0.758441361634336,0.189304001574168,21.8399104389316,3.42829362264881,0.0219338084944412,0.209206154495289,1,-0.152666811343312,0.178590587600381,0.78710475750175,0.0918834378040177,0.854238709477719,0.106667896721653,0.758787629721898,0.10336737813442,0.881182250321455,0.0991118951189536,0.755748053034829,0.114229991895705
1.11228762713,0.154711410079637,14.1361286528812,1.82179544851397,0.682041695464271,0.156660187679462,1,0.400354428439324,0.181699920157068,0.595517062374472,0.0882962806223906,0.698012377354714,0.0846752470490353,0.557584260422055,0.0960457530924128,0.553558285645313,0.0950858775738529,0.707278631060731,0.105518250397745
0.749456910794185,0.146277235192497,13.2773948826418,1.70777444958811,0.540686463867556,0.203172238685491,1,-0.188006599515018,0.176191305349615,0.675179281852144,0.0799006660911129,0.485275250462591,0.0795993565207838,0.765297968145048,0.086720328457371,0.473933779921458,0.106716725427224,0.77187843219055,0.104668009018344
1.23663994642882,0.15082599243709,13.213454780174,1.87711986743087,0.354115416167714,0.289193111888571,1,0.280038020514923,0.176912429463598,0.549852801869736,0.0882125140003032,0.738983731355835,0.0875838152354217,0.601584657501722,0.0853132049157386,0.680769866976739,0.102617216166625,0.694501911832661,0.108970020281015
0.862668871034265,0.160187440382246,16.4615449363374,2.26915529512714,0.45461736738489,0.250090465556035,1,0.0648952230146342,0.181416724970551,0.668032446752219,0.0918503716391044,0.767645344447497,0.0863092209408969,0.531347777297712,0.0896927614836755,0.79164740045844,0.0897483323751692,0.645242512733132,0.10867617148428
1.21810757533302,0.171795985434331,17.3479930315368,2.55698302910299,0.175515046244602,0.204327935738917,1,0.257299502815138,0.189536527737511,0.631857508180189,0.0928003247089086,0.719423091784152,0.0964654710989558,0.62679751585261,0.0978394122621351,0.704056834121466,0.0996283223048537,0.519038713718423,0.12094691103347
1.04333069389088,0.159439647862054,14.7690044694907,2.18060397434071,0.133244707054273,0.201661438276727,1,0.0313584471031646,0.143734008914465,0.605355666815762,0.0846507156822238,0.757263927928686,0.0917362696517614,0.614030710522516,0.0976546308723343,0.600533267935779,0.107795004749306,0.670514099292187,0.1130795432361
0.939704220610285,0.163257811679727,16.7284734720502,2.41186258191843,0.0455804657732113,0.222009725089346,1,-0.189474527010106,0.156736527790979,0.776497496012748,0.0819779595421117,0.796047825416406,0.087420934567755,0.692100846252873,0.106770885792963,0.786728863416405,0.10575949675779,0.870976929408454,0.113807988035982
1.00650849832059,0.170089887090443,18.1739198389298,2.53268011517404,0.223624277674571,0.207203819194552,1,-0.19092983795469,0.164145322908223,0.835259957373264,0.0749354765041353,0.735267389211055,0.093169197692342,0.633280738299373,0.10067720356489,0.68401584817219,0.0978171385353578,0.808329712734216,0.104576206586771
0.971599601484699,0.168572510360846,17.1430244685497,2.63050759738535,0.28122333737753,0.262592424125503,1,0.297977217301073,0.172935142942957,0.64242308123848,0.0903442828121658,0.698379090354392,0.0983672882298327,0.575472221030088,0.109960724904251,0.833566522888122,0.108653702743578,0.817801230738784,0.108984616052678
0.823351426523969,0.159339031388174,16.6081442436074,2.15369406572488,0.515710998213509,0.25419503392105,1,0.166728451492127,0.188696754026438,0.713447522125782,0.0815969761152733,0.641212956085506,0.0825278664950768,0.600367741276145,0.102462358793505,0.753873227465321,0.102251451499126,0.648059032664325,0.112337948748323
0.887448982213977,0.151176597322124,13.8857508123769,1.90912368149904,0.497724338484102,0.223145083540717,1,0.0422251998079317,0.171947624387129,0.656911721114312,0.0836828070140875,0.687862901859491,0.0866852806857351,0.709806180645783,0.0902048296406377,0.646316473750219,0.0993220402983991,0.574944090812998,0.0992427662204517
0.85759755372643,0.148381045843945,14.2084021816146,1.81773267873265,0.577626403487964,0.182460133063682,1,-0.234751716600788,0.185198886138915,0.675985669830213,0.0809364101239089,0.647688244012411,0.0848005174665985,0.624685027125835,0.0886706883876895,0.605874834994696,0.0958896554463144,0.55200491942201,0.0906605362534345
1.01306129715554,0.162644236336563,15.1030460281065,2.49311628366033,0.0992875847295286,0.209945074659922,1,0.417631425335485,0.180144094389381,0.632895180445342,0.0998088558515491,0.681766643105401,0.108884292829651,0.683543045519986,0.104228363115853,0.862347082687431,0.101511351555446,0.686795828535298,0.108422675331726
0.990536639356883,0.153658965437847,14.0869533476512,2.11144749963088,0.115129704555041,0.220825232403788,1,0.120028666069859,0.187833229671704,0.664437294584732,0.099658249623681,0.672559292103065,0.0854792360293837,0.475719344638802,0.111513291967656,0.865691415391539,0.110948069851746,0.495992327769976,0.118407918108011
0.977261288623792,0.150774643036925,13.8273689022104,1.88148032696963,0.449837803365802,0.235075693718689,1,0.0480057474921921,0.171403396720169,0.56870148594775,0.0873856640003991,0.65013778314526,0.087123445055971,0.564757817107094,0.104255207260887,0.633045015730501,0.0940411985047219,0.682757998878197,0.0887823703308689
1.00400456926402,0.186453194025506,20.0508954613139,3.3525562410865,0.00509872255805353,0.225078978528695,1,0.234823717517458,0.184019873755244,0.601291506422772,0.102798366081311,0.853555542358736,0.0963721125417238,0.798698962557566,0.111542940981526,0.915493660427315,0.109592515790661,0.882683956551979,0.112874408311354
1.2193941294218,0.222774377469304,24.759388783675,4.99705519297865,-0.192182039310419,0.17904800501638,1,0.05631513378558,0.174128891018906,0.788449299940829,0.095398182418497,0.909222214410914,0.120988477629834,0.862622834174876,0.119354905825752,0.954196715004068,0.126782132483173,0.940920100487727,0.135206469026932
0.925372663572013,0.154980003798556,14.0226579623266,1.85151217450455,0.820782833663913,0.0625669859805089,1,0.0852917160576922,0.21666011099111,0.763287311532911,0.0732433307985374,0.697083469069883,0.0858010066596796,0.733683969916687,0.102763161553477,0.665488574533199,0.0898917671907225,0.687938730385577,0.103598596824589
0.991348027878912,0.154480904830052,14.6674424579814,1.99912554159408,0.41835216808392,0.25626761323238,1,0.0383393169813239,0.184714574548082,0.672703086217469,0.0793547662282604,0.787150554277424,0.089506113946021,0.556924371207178,0.0813063756254765,0.680964625909228,0.102567181739429,0.605947490056255,0.103405966614509
0.972893022803939,0.178439097216755,19.5276022199646,2.88681558280465,0.200297509054247,0.223242412927829,1,-0.126446579281241,0.180599673815388,0.751104054339919,0.0907973918408,0.715477177684201,0.0885594606152096,0.687714317705157,0.0903782734089397,0.631992899928696,0.106233556171501,0.840951246794175,0.102028707377882
0.660745197589601,0.149231749116773,14.1833704841039,1.87577781964231,0.369844028298718,0.224656506135144,1,0.253446801888163,0.150873331946555,0.633870440108155,0.0742642585907424,0.544037744416015,0.100710381459033,0.601272006109474,0.101618799766188,0.606255260956131,0.103014501342981,0.631057033614837,0.0963807419501835
1.05502434517551,0.151673207497748,13.5681424586628,1.8503817034409,0.352116923606909,0.227107614117377,1,0.195810392280899,0.157846124612449,0.654522435497489,0.0761207954269729,0.617355031018867,0.0847908949932976,0.644495699074306,0.0870222651748203,0.72647279835152,0.0968882625359195,0.370171127190855,0.125533901149256
0.835486496402024,0.156637144162662,15.3921631143733,2.26901498018871,0.134629086538094,0.192682335049664,1,0.00809760032935596,0.181516168531925,0.631247392399945,0.0845415122489684,0.598696172039279,0.099428593035023,0.843229738602978,0.096070136164964,0.91712356677083,0.100230478668521,0.743465920083043,0.104565530762731
1.09015845815812,0.170167104291127,17.8857677420909,2.55685963891087,0.3748970283755,0.199192158643841,1,0.262923242775485,0.178697740299101,0.551645785236111,0.0866882586948064,0.835349000047253,0.0900354622557472,0.63460064177208,0.10732692965679,0.737877236887306,0.0969572864892755,0.993323853869476,0.0993424071830561
1.19204464378973,0.180157690188634,18.2160852528807,2.89675365754939,0.0324666945390783,0.195840573700563,1,0.189576699877079,0.160145071639278,0.626373784270418,0.100139191994441,0.891883858211908,0.0871828846201243,0.80237534615155,0.100082712149387,0.786589546375354,0.117178646986524,0.768940119501852,0.11572606796482
1.01706838397135,0.172529037896699,18.6115257321478,2.85785695260662,0.111245510802788,0.204442565867527,1,-0.13874640207122,0.161141912209701,0.74138013378976,0.0857925836145007,0.680637926982866,0.0922662017264784,0.712773626441393,0.1135383422656,0.704224447837049,0.105108869160551,0.68801503814996,0.133369502939028
1.14132615494639,0.220916886268292,25.5278970132448,5.13303382688729,-0.211153564439065,0.187016957680147,1,0.104709329315237,0.211126641922725,0.890064841018688,0.109435516809594,0.812926305657051,0.121875308921744,0.853274682799807,0.120352377934512,0.86275281858156,0.121595224781939,0.810721055710393,0.132877473215657
1.0173021035093,0.157894848051757,15.9888823272794,2.08249782030063,0.50836318286915,0.16839099775335,1,-0.0781683107977101,0.159630171521319,0.710757480697838,0.0720681895746532,0.630093093515197,0.085115164279218,0.753117939792179,0.0861639524578295,0.572109575698009,0.11381173946195,0.757896299864002,0.0950712414659151
1.1882521798827,0.169582454017857,16.2678039470616,2.43799193944765,0.126284919533125,0.243238358604177,1,-0.113065006177548,0.177583082778787,0.772276130348584,0.0865835862579617,0.854253799373192,0.0883959368917152,0.713630534466742,0.100245528348382,0.797707246721707,0.0958994918953066,0.661655201729443,0.116072348832543
0.933436444253842,0.166511525021962,17.2998071058759,2.58135118465139,0.441086582026288,0.273917629845745,1,-0.0858286230374951,0.186102234351925,0.671508351286637,0.0987661235522618,0.794864956345231,0.0934049073098905,0.561738548727482,0.102594542283508,0.884273650055419,0.0875628342851142,0.746524827832624,0.103885854844771
0.880926296605998,0.152415559351888,14.8790264254184,1.9198316245049,0.614135142148629,0.154169973344911,1,0.0693200551418268,0.164596814136368,0.790420725431827,0.075008919571267,0.665523335280807,0.085900170205182,0.705453739794824,0.0931294873748851,0.719906963587286,0.0889932366853702,0.511070349817243,0.114140172609025
1.24672333007722,0.161865209884143,13.5927917277879,1.89220889365756,0.404507363711144,0.266253629941505,1,-0.232420039491125,0.187494703054654,0.743169929813525,0.0788516469106137,0.640677650526675,0.0889934479053283,0.636345596842534,0.08920434900291,0.60761385811676,0.0986735193028243,0.625369814712742,0.106617301740871
0.986850869140475,0.164392654244324,17.9070355068034,2.21901200719876,0.38542567046341,0.187240485285482,1,-0.0670183854218783,0.173447214523265,0.613382627074403,0.078661126460026,0.710200117649129,0.0796944560172504,0.682214597352468,0.105735842007624,0.629670554038516,0.0914204494862351,0.70360234481006,0.0909971084555853
0.816397529648779,0.167186018959713,18.1820941818614,2.54960783996903,0.432226815875995,0.267024259230306,1,-0.186578740904184,0.212816955508919,0.767238600335727,0.0862429963074357,0.625558922028725,0.0886716357737189,0.681917002666627,0.098251802872253,0.743108609780966,0.0979172632684119,0.682306506503251,0.116927983163843
1.12006474949806,0.145709743234235,12.6739009258881,1.56295058144776,0.632494101492631,0.183643456028031,1,0.29268047046932,0.181643291878835,0.728222936570202,0.0696509488974586,0.437074294663381,0.0879439026663344,0.782015644003493,0.0837444830263399,0.650541665027881,0.0948900942048095,0.662616226278575,0.0974452162326921
0.94605361456323,0.149395197217062,13.5223505156963,1.98807404972002,0.323892680431078,0.228296324190884,1,0.107279222248661,0.177364063727599,0.682632624303829,0.0824129614965032,0.529707953280364,0.106825160329355,0.528925804477904,0.101915773956566,0.545517428121597,0.0985996991147871,0.798406378036794,0.0889068586556471
0.862891536414262,0.149344950924235,13.5329378837781,1.82436916347058,0.479267010004796,0.231704361514357,1,0.0766576784628053,0.169639173980944,0.663897151804312,0.0844197368298868,0.623176660125785,0.0846915177761023,0.640119500276697,0.0985667702456712,0.643096867941334,0.0988447373705222,0.47992082881522,0.115851651372015
1.13515333241819,0.165984266859332,16.2700466277385,2.38523485996647,0.235728016682374,0.244838781053963,1,-0.0797774650503988,0.180899761078248,0.74302694608349,0.0809590532498083,0.599092270576052,0.106423275891162,0.662623196927773,0.0941805849540627,0.728493833686425,0.0898884228036025,0.730695685235425,0.106422320072472
1.10664839875524,0.159818713163447,14.9918744115804,2.21291697726226,0.323444407576527,0.293377335328511,1,-0.0989344285223471,0.217854754558241,0.709460333524628,0.0978332862342218,0.791196650283263,0.0888636582255878,0.61127524288518,0.103014055789314,0.584684690363175,0.104643390127174,0.766132251325595,0.110030301140665
0.964114605341644,0.162787068157831,16.5438388106206,2.14843626799372,0.529566605796889,0.235468981158712,1,-0.0448984941204275,0.200531887226487,0.689674681913005,0.0860422395622996,0.719680815687251,0.0773795499662927,0.598028234427719,0.0923084115571252,0.574585899144778,0.0950231528524067,0.737305650110864,0.0993729088060949
1.54849806016311,0.200351319939072,20.7867412428919,3.23985002239795,0.0205313813513227,0.207835741300227,1,-0.390292567225754,0.19080462203973,0.935024356475605,0.0835102724966959,0.848576890897456,0.104801791471497,0.853315256124056,0.104201950508125,0.782072002133441,0.110804848419825,0.891134435532251,0.107202254258136
1.02591369792008,0.1489750872253,13.3217055260487,1.75590322860299,0.690800020994038,0.108988132266218,1,0.127159983279798,0.201074546758707,0.564028023766078,0.117327752005204,0.685396499680252,0.0706151971144739,0.502465595516414,0.0972930793337127,0.61095410150052,0.0966672899731369,0.585973393056633,0.108168292707464
1.24287809067491,0.185143183301667,19.8520429429087,3.07311375463884,0.113793519501207,0.252833242201228,1,0.178877854574705,0.212942464526954,0.698912093774666,0.0963166900383186,0.894219113771784,0.0955041478088072,0.833555805960735,0.10182016425979,0.86944394504588,0.104099582641272,0.810304067100025,0.119801387696158
0.917358807397977,0.161012920417648,16.2267880699562,2.4551191901766,0.296719556129578,0.296523655631472,1,-0.00160331152104716,0.177652799140493,0.698890201655856,0.0871572250468584,0.62757780299728,0.102065200542059,0.5743499228648,0.103780309942577,0.703638300155893,0.103912683882175,0.775897393679973,0.105692395720724
1.09902327036552,0.155465171759314,14.0256992375808,2.03627548637726,0.316305634324885,0.242727508580402,1,-0.108565045175438,0.170765267465293,0.804175786654069,0.0765533584530929,0.512629910885405,0.106704220916189,0.67479882325368,0.0890721701659964,0.579803156425323,0.0992220936264411,0.676278433849108,0.117319117855157
0.967381644318529,0.173103429814643,18.7613215442554,2.75632383109596,0.115365804905618,0.229892768093889,1,-0.0175453445533814,0.174703081289342,0.778954493257207,0.0828718527740722,0.740686421474387,0.0884728884663591,0.965104090579437,0.0963144558689979,0.687868341355765,0.110796012944473,0.807634230763235,0.114528217199408
0.860637686367872,0.163251481117009,15.9726093274471,2.42493955879205,0.242064324277436,0.224707559712705,1,-0.132977329802358,0.193447161130794,0.738014844210591,0.0812872482825486,0.591494915245793,0.0889957018987697,0.824192083878128,0.0949535750452017,0.625514966897211,0.12002789278956,0.509010048977336,0.123574220629175
1.48367467131574,0.18671430644461,18.8762851813975,2.79096052229317,0.321296593761196,0.280534704884952,1,0.0404550717388065,0.17838801906608,0.909017683979473,0.0786875104100092,0.68897214369655,0.0886571896170977,0.838831708674876,0.0945712577977113,0.757431681149358,0.102928776394153,0.706807952396977,0.11792521147694
1.17303031209038,0.172751082668032,18.5433216960309,2.45252085031737,0.530313186265326,0.233212234649399,1,0.254253709252365,0.182148485387636,0.719915128750789,0.0890203332513018,0.81337291804864,0.0842250441858498,0.67689583153385,0.0881785112945533,0.70507208513025,0.102146303540137,0.822610109276642,0.0968211722884949
1.11348732243501,0.171831414246204,16.8945560760048,2.48115445497268,0.361315483519943,0.262666887897881,1,-0.169796611363584,0.168724781975108,0.69810261801021,0.0780523246696173,0.691286414341149,0.0897612349565324,0.675687787543116,0.093583249355196,0.670281404137406,0.118890928474651,0.625262806371798,0.128389473630553
0.910281782789937,0.164373647292137,16.0591945186678,2.67609182102549,0.0940992713636995,0.236945739998329,1,0.0206160255367053,0.16392521319254,0.710266939571482,0.0896391679213213,0.619156628251804,0.110949694678215,0.609406260721573,0.11133729310027,0.764160609357035,0.107604860725533,0.698405701310314,0.116639215238549
0.931770535346179,0.156249446319372,14.874807226711,2.07397946222457,0.153827764774636,0.212606667291475,1,0.0727549087632691,0.176272962952054,0.678242018749403,0.0825303840695232,0.658976525858274,0.0789531774492715,0.635800249512188,0.0947672938282878,0.65942496439716,0.103588508581412,0.60035674022044,0.112851465430545
0.876581741700583,0.14835834706756,13.8200980529671,1.96283791546424,0.292175106192685,0.228920075778615,1,-0.00970623377455308,0.144799678997133,0.708046221968248,0.0749362093097235,0.528946580084235,0.095229741206089,0.750007443866194,0.0926345681566421,0.529615356562889,0.105876494165187,0.658941391028766,0.108847524153445
1.00355973481274,0.152912095764755,14.0203215074713,1.94425733385178,0.416551605875399,0.208298386274762,1,-0.0507439777703919,0.173586612187627,0.58669930820334,0.0864509860724231,0.69082352571662,0.0814316112742846,0.697995879529405,0.0882481443373494,0.674312839134993,0.108763519705171,0.66199514794536,0.116099224059372
0.991791867764853,0.189294546463932,19.6627360946748,3.46893288894788,0.0178362740978085,0.203759553313818,1,-0.252989579153317,0.194533488060521,0.971893984162087,0.0838249454236607,0.807829361444123,0.1076054665495,0.676820559883538,0.113960942095665,0.901538274496801,0.110117688115046,0.717957801166661,0.118794439445785
0.609176747572601,0.160799668145088,16.3661295887228,2.75517702216694,0.146921454466407,0.262098124822433,1,-0.297894983891666,0.169470725277564,0.706714341636301,0.0954195158339248,0.690508088609182,0.0954752228991078,0.695852581782764,0.115907439662852,0.669382600821331,0.12322445230118,0.789214271415438,0.123087219235409
0.973119404443981,0.178618887229823,19.3146520536003,2.86803449726193,0.218992285493303,0.238950024373539,1,-0.267241672912397,0.193248985492901,0.897527682044433,0.0818198596160941,0.630074690238427,0.0905652593217525,0.825450968137681,0.0962896550546694,0.655854618624724,0.105474971196415,0.828266608542906,0.112265404921455
0.972171622970091,0.158381740135251,15.6234534421893,2.02804856537387,0.732533525527999,0.0981923020656181,1,-0.0200245394933411,0.196362208542992,0.755345164576554,0.0811306474134003,0.678385544460841,0.0731915642642313,0.736368024348224,0.0818939412445325,0.565182991723151,0.0961856120580068,0.778716338716432,0.0915637869437045
0.725807446754336,0.146809465483545,13.9715266793257,1.89427926860267,0.253248663412627,0.222355242754859,1,0.0171630509777183,0.144790091525355,0.713867618966569,0.0734798564487181,0.648126316846929,0.0969805362859122,0.721744969446989,0.0974172917332467,0.579565343328319,0.101257865576608,0.682182904293227,0.0983789210172877
0.99275882267705,0.17722918276134,18.6385557261416,2.92466762923979,0.255826008246083,0.28582442721941,1,-0.0517755518814162,0.223636744190472,0.713972190439244,0.0999355083035052,0.748001805748849,0.0977004415257195,0.766514039906493,0.103726463234561,0.647405809347461,0.104323308911922,0.864213757259283,0.107799498444268
1.14335701727092,0.186965923262313,21.7016596599927,3.19347431874675,0.214102127861181,0.232721019640355,1,-0.0786922295683835,0.168623007491592,0.753431639525907,0.0907394774980571,0.84721759310626,0.0904311570349912,0.787261495763136,0.0948469417525884,0.650593131744223,0.102234808406525,0.983174215809615,0.110490727423327
1.00270203764773,0.158883816521676,15.8019227744827,2.24531423987155,0.514088820629714,0.225925131070092,1,0.0438472189595946,0.175262977030537,0.668512404745045,0.0821921071117463,0.849521003740225,0.100203680578853,0.675410725151751,0.0885157417228836,0.737346507806998,0.100615343333519,0.605941107432517,0.118851043666246
0.968237804328449,0.176291041442388,18.1252164328392,3.18616229616054,0.0136779771497449,0.227666533110339,1,0.185937709543383,0.147268269796346,0.721322802814518,0.0933328857335015,0.54798881441245,0.108363758481818,0.754389366062369,0.108262580494853,0.882356176513409,0.113034203784917,0.878559002272414,0.117253056468522
1.10706848311916,0.163114545970564,15.0275684324508,2.39638557947962,0.0693722054752683,0.215909449304916,1,0.0769030356622431,0.176930501087958,0.776233311140691,0.0867174661911295,0.59054740375297,0.114756878065635,0.837378096373623,0.0940315080269168,0.788235002570896,0.110888814134093,0.6723099134878,0.11807880380467
1.09765355956671,0.159900935998699,13.2907363022531,2.16201913177083,-0.0345859608063948,0.197356106844455,1,0.0741947108578344,0.169548601817688,0.59726278561171,0.100625068754271,0.860117941178986,0.0905376007412869,0.67129340281402,0.10010973671839,0.494798920487281,0.121762929186966,0.85314707463982,0.114608751419249
1.00677954061512,0.168391974520343,17.9981237283586,2.43889163549556,0.421303365724009,0.185674855630725,1,-0.0118576065452668,0.190089532445171,0.746164100030806,0.0838831350505699,0.763117220002993,0.0926300586977732,0.625106207165582,0.0979209343362444,0.668781556266854,0.105976172482168,0.787056802810871,0.0855642948266033
1.19446405126811,0.17810255068248,17.09046666251,2.77673221720281,0.166542871694949,0.236734706949873,1,-0.0346591898659639,0.188340116321255,0.691962723285608,0.0901132505699207,0.799360478721602,0.0947107886914283,0.735641319154424,0.110939991178908,0.75425904714558,0.101896715682721,0.790536866666672,0.114277356898436
1.18393508485192,0.178029231269837,20.010697288713,2.75340037815656,0.420667985333222,0.245751607469562,1,-0.0277129373789622,0.207532031897618,0.67708376672227,0.0961513461429305,0.695433713503231,0.0839726498277393,0.719003016497885,0.0936893601979955,0.72373919516761,0.0967211445524681,0.582204955578294,0.117155900874621
1.0473884287488,0.174471498002541,18.6407734520941,3.02316799555692,0.036898004716848,0.198667373267158,1,0.057734651010093,0.188257415727852,0.60957595880004,0.10251111010916,0.802064819490568,0.0996113782274966,0.795367550963992,0.0957534556365265,0.814671286345524,0.0995129238646498,0.88876427884361,0.114517836655705
1.22438711046223,0.169708027106483,17.2637920997165,2.53666269468433,0.288944593215475,0.237993438483934,1,0.450437663188252,0.1674128205867,0.503245343746901,0.0898546357177698,0.650427452955863,0.0898669286765194,0.696606328304239,0.095022064912335,0.926814518576918,0.100297852770442,0.673213319078676,0.120004664846099
1.08804361752675,0.154961623514261,15.213124204441,1.98610155386486,0.322841556633666,0.225835230054777,1,-0.00593008956798893,0.17642304076858,0.720751045705835,0.0816855509671886,0.606346046009102,0.0812388154988025,0.80239168304654,0.0876199877114554,0.634769396746618,0.0976714585333379,0.741391402533961,0.106238328840404
0.792441144476417,0.177871574548515,19.4084725678483,3.283968153934,0.0865941155303598,0.229432425801822,1,-0.131417546418252,0.213964383709288,0.826940904364675,0.0951592819013849,0.695725804675167,0.101145616862208,0.637973039133654,0.116931541662456,0.828070840689392,0.106683915638983,0.526766241953138,0.124944736721571
0.907368157628601,0.147555152507771,13.1077560364173,1.72031158186375,0.555680319708571,0.195710085037804,1,0.0248716381270044,0.176839881468157,0.590746163004026,0.0829949278956124,0.635912718362058,0.0893475136358163,0.482019720609547,0.0942929125366605,0.736920026873369,0.0903238480982556,0.553741664116282,0.122336856462899
1.25434451292436,0.17301169675034,15.7862247613219,2.48601388100094,-0.0358629364639208,0.193154003739891,1,0.0947216148479103,0.198246384742818,0.807290078991134,0.0852519164845,0.675716238754579,0.110651819019967,0.737592648564664,0.10025880899745,0.641525363325384,0.103233615911821,0.840342441642149,0.103691543079462
0.917311289905051,0.152637850767548,14.7902490418595,1.94121645664741,0.466529818231589,0.192258728829289,1,-0.0404270795058291,0.154384800592486,0.712324124363782,0.0761935214274983,0.67987090233761,0.0815777161377073,0.658108794272831,0.0910187832368349,0.58188898722502,0.0971901366007428,0.606096951989635,0.107467389594433
0.943312012456785,0.186235673591236,19.2014493096968,3.32683772213622,-0.008689997152706,0.210637506138898,1,-0.0391087385475373,0.200539001227549,0.877651250491308,0.0968227121811157,0.795991602704669,0.10157883527627,0.799795549592397,0.105036622002038,0.785185800228373,0.115536175776236,1.0210873333116,0.111952922043052
0.894943945043682,0.163850212699924,17.6728661566771,2.47077750468541,0.668807389631826,0.134492501202118,1,-0.195533434402034,0.206579031292533,0.842364867959692,0.0802642320279392,0.565013072209691,0.086688728107358,0.738629176517173,0.0936149637422449,0.605598804285271,0.0978897213723999,0.512994234411494,0.128992324255515
1.18151544048334,0.150362245221717,14.3379482279476,1.7359937714374,0.569151511809926,0.152377378829146,1,0.198753502145224,0.168711288403412,0.743889067658886,0.0817287596520154,0.596766945984219,0.0869281603953056,0.691298428575862,0.089218534626647,0.64626516961505,0.09393605431476,0.655296789328059,0.0934508702740033
1.07504537323203,0.180640579538945,18.7194673825251,2.91816914382437,0.291980427381576,0.268242284586181,1,0.217960284742722,0.177600736949989,0.668626485801461,0.0872934666141112,0.731225327853287,0.0916598765018586,0.762629993786701,0.099529312112854,0.842063983581285,0.100524599387574,0.771660234210462,0.131072867036412
0.876724559458113,0.151667507168397,14.8903741458858,1.85332666005767,0.489134629975606,0.247767201567872,1,-0.0111899920072114,0.166372363943007,0.592782172623622,0.0755035440020829,0.597372417326423,0.0817256886519578,0.60195596147302,0.0901963588655153,0.569524004532926,0.0845403107365617,0.627398781583651,0.104904983805156
1.00208689003031,0.175924754337439,19.0527046469432,3.09942830349435,-0.0223187476228984,0.197898788015753,1,0.119107263332583,0.148780456874654,0.666314482891996,0.0985523774011102,0.825756992401712,0.0918317568255289,0.628277643383716,0.110397028478781,0.705193045327921,0.111254166554638,0.724986002068505,0.110471178099511
1.12795989572947,0.168934745974089,17.6165020668743,2.48800577693467,0.502402663373682,0.231788171899281,1,0.0773796493735361,0.184417657253856,0.72706386094584,0.0798899105240617,0.660442995949795,0.0823882463077417,0.690965871695838,0.0938876238314336,0.797250084527665,0.0930731875176689,0.717427435150351,0.123832996376628
0.962407865220998,0.158109487180716,15.5483239618357,2.08861483859437,0.562695239374488,0.226228455293519,1,-0.244126747057428,0.175582315986164,0.772066235100869,0.0772525128884475,0.707185848966866,0.0835386739889242,0.477063720582522,0.0932638173703954,0.753426814152284,0.0997386228126447,0.606133601536288,0.118597564163557
1.05195255444127,0.145093682700916,13.1244717897322,1.80945096444453,0.272517782408281,0.217788976198073,1,0.156697479510448,0.17018160628903,0.572427285532624,0.0855561091938852,0.68216697220034,0.0783820245824475,0.662606884260541,0.0846142776908764,0.673295822352007,0.0964482714198654,0.690459011133024,0.110649730168934
1.16758733150413,0.154667823650471,14.4044353877305,1.86594775680162,0.248401132481658,0.17879724848132,1,0.16255573713417,0.164454469073229,0.561783495020271,0.0758061280913393,0.757145526658536,0.0786740236065981,0.802125578498017,0.0960856406382939,0.532283934257193,0.111115422494979,0.755296477708587,0.0972409639686175
1.09477011153855,0.162825148601036,16.5500491466569,2.13286007132846,0.74828196909633,0.0936047771265381,1,0.150754521030251,0.204865677858359,0.824888095645851,0.0741504025300083,0.663178371725013,0.083628849624939,0.825530544924095,0.0870509551538589,0.799304836233053,0.088023480406816,0.705956831673237,0.115151798872529
1.42541286497194,0.174463132685992,17.086031779719,2.45451948233904,0.124611253747574,0.173060739009763,1,-0.106934590482577,0.17441657405871,0.77815463596709,0.0780377045747969,0.760086744243293,0.0953277688292824,0.631571594088504,0.103713688745073,0.6014962518426,0.106988103637605,0.571508042215615,0.105368158576079
0.954026159411954,0.175946327759185,19.6549894815661,3.07174524355242,-0.028105547886535,0.172253794675372,1,0.0488631498490023,0.225974206006015,0.811864429706026,0.0923261853573062,0.794432908743728,0.0947040304548758,0.675987289484518,0.115175511288248,0.888454071038136,0.0973476196003254,0.697524580396337,0.1209618582229
0.95212270193967,0.173302935425638,18.1892497716265,2.94720748422181,0.198702683951371,0.246206143568894,1,-0.0424237405227468,0.196694611080842,0.729805473191612,0.0871058693929111,0.750285603836021,0.0988372027181392,0.706205573313015,0.105558455011565,0.800609041509318,0.104302060824709,0.618038379078444,0.112791976352068
0.98625660388105,0.152862433481971,14.4926914697898,1.85507193537578,0.468247851843041,0.224408074064015,1,-0.122667937063812,0.178546939468781,0.610406276531286,0.0806602886600759,0.764372808542409,0.0793378006660309,0.502871791656211,0.0893173475546459,0.61595887233052,0.105663670589711,0.777532656756793,0.0963191403073169
0.913204853213788,0.168776794428105,17.5173617559964,2.66191755006634,0.28699819030917,0.255163535022539,1,-0.233010229393904,0.187533150815724,0.792525046748172,0.0932119064256674,0.706520081956579,0.0860241434935419,0.782517535605662,0.0999392644582143,0.796260464733833,0.100695964472315,0.727029531062214,0.116410469697385
0.87324320941876,0.168044450451544,17.6385708762898,2.73499812080882,-0.00650361338576213,0.17789064165619,1,0.0850557531086065,0.196347014984828,0.78853076473651,0.0906954056466604,0.600961803705897,0.103503307362301,0.594230335824046,0.108200333934846,0.739426761067642,0.102881342582851,0.737307157001618,0.0990661357853206
1.15398747398846,0.147253536141706,13.4581733358228,1.5624181953522,0.652904810443366,0.163715724956434,1,0.132932620552487,0.194340949051872,0.593050493858319,0.0809981519140289,0.650403902385486,0.0757278463925715,0.736340772200416,0.077605279611963,0.785174969695633,0.0864136328497291,0.637358501215238,0.098433436890755
0.744283287356113,0.184235858092919,22.069545357349,3.81063622213761,0.202783970443195,0.278566676217531,1,-0.252656212318614,0.168988829407456,0.828717527621413,0.0924860281534963,0.707212445877833,0.0983056037377011,0.7793905748366,0.116687929524489,0.677457676548583,0.122619379071795,0.806438815444943,0.112833593360328
0.798045451381219,0.153927391142565,15.2364343339201,2.10040793227254,0.359404383183397,0.240018141122985,1,-0.208539129956154,0.189674484574462,0.633280235945042,0.0789732854951799,0.712498652274048,0.0790684773944348,0.721746432953668,0.0998187545610856,0.627844007564641,0.106806744578582,0.761296514550894,0.121880688206727
0.867950341733573,0.144066113451151,12.5943816372627,1.57105984753583,0.651326753202897,0.155394553207454,1,0.0335295676497053,0.19287044194416,0.643034028927244,0.0867150502597307,0.640147795919319,0.07960565177872,0.578611324063242,0.0855080750966545,0.496543292261862,0.0937864865575401,0.542785214310976,0.0968544674834774
1.10471277051684,0.164541817701642,17.5955619052872,2.47868275948855,0.096992447919258,0.158476877705576,1,0.0348516736068473,0.143501767965489,0.66954608442318,0.0810443713363519,0.562948516451881,0.0928704263643474,0.864147351285347,0.100401809052968,0.773222337638149,0.108053737639022,0.624567695721493,0.109315120677135
1.12990935014255,0.175713948506221,17.2744179493251,2.72829095100116,0.191894599359427,0.231803519222895,1,0.0874236544666858,0.192338087637098,0.755779705425591,0.0978218490379953,0.752045727713605,0.0915048710311023,0.600561844200078,0.110863521662405,0.81620642619169,0.10640195425926,0.734734146495782,0.12301202695859
0.862733412890015,0.158433091915406,15.3656376987479,2.35858737741026,0.338977967111624,0.261641785849161,1,-0.0497490278154319,0.179000520144891,0.723676707604981,0.080601260397772,0.542028932323992,0.0898403067278696,0.533667312927352,0.107669386346398,0.658365799808857,0.103603991865903,0.826400250221884,0.115441242785817
1.07776763337942,0.177679145680996,19.0553712516393,2.80225274654086,0.134375642100878,0.223341020449578,1,-0.11772444548473,0.181990715223889,0.914279577123989,0.0857821555383755,0.813657708388278,0.0977764493275048,0.653465867792269,0.0950046737601354,0.788948236246849,0.0839504195771,0.804352271074597,0.104011050697229
0.957500925796767,0.175791318638963,19.2551966213238,2.56297667469239,0.408976697091379,0.246602146498484,1,0.129052227186033,0.195478531070224,0.733205282585384,0.0806283348654672,0.772018130734426,0.0884942940991422,0.751605771029121,0.0892567349617941,0.770991910775485,0.102219927061997,0.729243503351494,0.104618776978852
0.967189551310034,0.163099021274301,15.2176213054054,2.27920934145885,0.307111039073748,0.272460474767985,1,-0.367402274715076,0.190679377662294,0.799796162446066,0.0760163859177003,0.641022626860354,0.0997517389214808,0.801954531725957,0.0954921809766085,0.674501961228391,0.0944431719439673,0.380887701006478,0.135679136335756
1.005378133977,0.155862454796132,14.015419531653,2.04379385041678,0.00382473041185221,0.188809956532879,1,-0.142675096757406,0.174897574480966,0.841267001816273,0.0861494344126956,0.813909163630829,0.0898445088509761,0.619578585141777,0.102672841389806,0.770738902190802,0.0963295309227637,0.806058355543765,0.106407228251346
0.514929926521405,0.160752169626519,16.2160282954651,2.1681839096308,0.397109403592388,0.253374457290343,1,-0.0560497686636048,0.169499675609083,0.698261346549251,0.0805462744773015,0.56654933220772,0.0937566449272677,0.751947281648945,0.0927446829521754,0.572488790960378,0.115499823668769,0.658734417983837,0.103216483759031
0.805146458296685,0.15091948781226,15.0998247270906,1.88682787618761,0.596450739015757,0.173474439746596,1,-0.119054537548012,0.165782364858304,0.682024907837543,0.0806606847894248,0.67118908907767,0.0845382997254086,0.647599798681196,0.0850470106901049,0.607671828858397,0.0903791887537129,0.790523052595687,0.0866521757509777
1.09243794121803,0.168952311251908,16.1711924625273,2.58181803696369,0.186445609634809,0.23188286582193,1,-0.00609199342842419,0.178549950148679,0.724765286991256,0.0804724127911595,0.754786024239869,0.107706376275646,0.678665632896535,0.107579261431342,0.661070641825924,0.105514605243234,0.746825861403566,0.111105046533929
1.10527613694691,0.158074457254809,14.9162040373927,1.9482850038041,0.506393863969356,0.242211155686299,1,0.208896949121244,0.169604937227295,0.621953084594312,0.077142798369114,0.585477163147601,0.0909304877252031,0.632019251495057,0.0935974453175439,0.70750735448408,0.0867937662144188,0.738608892500925,0.11698625847432
1.29074040303881,0.185107968831509,19.4525161946684,2.98960504751158,-0.0500223848829891,0.185472624077431,1,-0.148608565994451,0.213452252543627,0.840425298484707,0.087396613411789,0.788836715533589,0.0973417213435927,0.744246367496863,0.0980645733593454,0.901540031304485,0.0969974721333934,0.814321976052589,0.102045336638301
0.848388928628393,0.161736505907676,16.6398012161993,2.13953977296673,0.630760531264584,0.140133652975115,1,0.362608324492732,0.202827417206034,0.582620440969194,0.0929792207487812,0.630751096926583,0.0728288902878903,0.765953906173111,0.0936368100733671,0.69328260392902,0.0873583345391954,0.606008063470439,0.103163200166495
1.13174196580654,0.150095757464628,14.3177232883257,1.76008983509424,0.473406280500146,0.211474884434698,1,-0.0728229865687067,0.164110164279317,0.724030325823559,0.0738292052284957,0.705202586935281,0.0745665532365042,0.644015934758482,0.083119824351033,0.537000490805412,0.0877994628122663,0.736745410862358,0.088440189661462
1.0934928233124,0.168063867842459,18.0336083344154,2.4967584595614,0.479792610723228,0.247430012127208,1,-0.0492132888392034,0.210955340556999,0.783016676465137,0.0885981455889008,0.69863854790368,0.093752298199425,0.848688016395299,0.0850243461643666,0.793362946319182,0.0927620362069216,0.619032115011401,0.103751164040084
0.833282125466578,0.154180177815636,14.5541078098478,2.18045860207379,0.172755497865068,0.233697363083701,1,-0.0844298794110455,0.174491254181001,0.755938612887317,0.0828020821486961,0.664819295805978,0.0927398061172322,0.582574132965958,0.104643690529555,0.736018764635871,0.0959133878096747,0.596193123476977,0.122385154848512
1.01173392447979,0.143240842696108,12.4798900790117,1.63297257132962,0.541610328251484,0.176005610858454,1,0.0537799042354274,0.173042826988565,0.625764758396413,0.0722608859418693,0.539732194795864,0.0995756981599967,0.681954928480917,0.0911235407063364,0.690687847594155,0.0915360059203983,0.668000547143695,0.106359095366276
1.17174674870239,0.187050065126256,19.1922548310991,3.38841298908838,-0.0606654457336739,0.193237273955563,1,0.131832705057025,0.183035059658855,0.675632189027736,0.100609145007022,0.69985768789296,0.114453766656219,0.826752483100638,0.105445616863234,0.864677134242301,0.111489871574658,0.860822990614685,0.123363741066293
1.07501228901733,0.158347564134869,13.9102021002822,1.972562811259,0.278961511440586,0.228873801718908,1,-0.359452539244095,0.173712001151014,0.709771220812176,0.0813489579925188,0.766207678611449,0.0801462799324292,0.661913406819991,0.0918310401486838,0.589784534998318,0.101462683079422,0.635667886281421,0.10103666686862
1.1182272729561,0.157433114599019,14.4715390897672,2.04772710327078,0.507143434621363,0.309219113918177,1,0.367113997401129,0.190378423006568,0.631016580451199,0.0840966267607832,0.631429360916597,0.0928355145227459,0.703730213282019,0.10117343207301,0.534555088920091,0.105291726712439,0.84282856982682,0.100528439103216
1.09922989789458,0.178402528059259,20.4092500344442,2.70319033688457,0.57853370639995,0.173444695108391,1,-0.325128214367736,0.171556885995254,0.668937243766564,0.0833943892168917,0.831378922880235,0.0792137094569725,0.762447534689288,0.0917882615984896,0.78564587184058,0.0986889791322204,0.799442706310441,0.102081090949118
1.05601433321891,0.183653400626958,19.3670784319836,2.98772523855411,0.458923096338173,0.3172641994677,1,0.129544800874757,0.188835676075797,0.623773467977659,0.0918939312291424,0.667321077031928,0.0898173345827398,0.735678698846652,0.0953251321631701,0.785668985676082,0.108041383039476,0.761000827399413,0.122475203594173
0.89802930688705,0.153864357706394,15.8716871703826,2.27816069251898,0.278521793191607,0.225115046140825,1,0.0484921783694951,0.164383822200799,0.562928304004313,0.091174423760882,0.639417588260096,0.094070582748978,0.837499971671818,0.0822547177411422,0.654397231786726,0.109361499438822,0.65453829722597,0.109849193927604
0.99051851398588,0.156001495759663,13.9443475187991,2.04554147935097,0.321407517556305,0.267895083588082,1,-0.232665047040484,0.19056897627017,0.755448959275691,0.0825559750524051,0.593257130269143,0.0948924757511631,0.707224703817486,0.0949618653673446,0.714039559987218,0.109000253647323,0.608975631877362,0.113502033104753
0.960710079338309,0.161926080683359,15.8059028504531,2.31990397067583,0.332351487493523,0.213378061785195,1,0.0454871070959445,0.187931621771109,0.727788816863418,0.0910606425953014,0.699151597688103,0.0896397095595787,0.683417790385706,0.0917715420194644,0.72622164627367,0.0880260878549322,0.608203345687095,0.116649245171594
0.980328394378658,0.171679223768267,18.1792926867488,2.4678267334276,0.718138424557538,0.118593582591861,1,0.234147875173517,0.205105526676396,0.76483582730278,0.0885640894724261,0.736439537832374,0.0870380268406062,0.819604386587851,0.09036140616531,0.722705564193383,0.0994385680654493,0.711550858264851,0.110338752265703
0.600792942834262,0.166988320771318,17.1201756849676,2.81429341904014,-0.00750092071943046,0.216512717506696,1,-0.396477111994641,0.192864543822768,0.784542693255212,0.0947342449930713,0.72687033073651,0.10197056902645,0.774682484959512,0.102718810550294,0.67111034650891,0.117490297082742,0.716491494750075,0.119246922233424
0.969342847808413,0.164261846753231,16.1654978487804,2.12738999535328,0.536955749333798,0.184137988453843,1,-0.0679628591267091,0.164216269456729,0.63007894347884,0.075056715467121,0.657864744464348,0.0884209834557122,0.610345089528677,0.0980297234918503,0.740663278216949,0.100021891699657,0.618436996046381,0.121078308598559
0.823566060025051,0.168736210242937,16.9638791119673,2.93837241415652,0.0930277400198942,0.214941174829911,1,0.196459627606837,0.170424665315183,0.595035363003873,0.0935467747311187,0.685142303722357,0.109730935037089,0.84960529818458,0.108695428026072,0.824185656268327,0.106198121862039,0.503950510410739,0.131176642590124
1.20891049414877,0.16745881388591,16.5340698595176,2.14126492397958,0.472345827170906,0.203371250034382,1,0.0951856455005878,0.163603002399679,0.706606743183703,0.0677840334975907,0.795425983831546,0.080631155433419,0.834958839350627,0.0835970886260635,0.728399523807548,0.0978501253309507,0.778758553332862,0.0984804990174243
1.11565014845051,0.18299845513673,18.5771617069449,3.01513441682852,0.00294651419900166,0.206982835432277,1,0.174661975633664,0.191114206574803,0.598236723773032,0.0973003947279681,0.703398384939729,0.0873980698843361,0.76078495407174,0.106989469938345,0.782030154188235,0.10809585149964,0.558943688390025,0.119396506227841
0.904357867425702,0.151744605595582,14.2935153840079,2.03227074303632,0.160409358504508,0.196963413035541,1,-0.0874278588987439,0.157271182120977,0.660618480947853,0.0862649706883393,0.633185080371898,0.0840282582447158,0.803079608802889,0.0864521541221163,0.671643268857982,0.10705750396111,0.486057515861374,0.121073000746886
1.13349851971367,0.179441107296237,18.5101102592014,2.91035619270019,0.111995581399548,0.218439248971859,1,0.0610222825136011,0.185525061634229,0.765087795998938,0.092619434305628,0.78169229747471,0.0949891104824348,0.731248741670694,0.0984853250554078,0.744917252473004,0.10220654967973,0.674723898661706,0.119797281280793
1.08912028241203,0.169356161842214,16.6445596044555,2.62289054996559,0.215642403285912,0.238608176055655,1,0.130869026043359,0.215746435406089,0.860132837619638,0.0936653720221974,0.668219559421789,0.0949435557283582,0.771993571501055,0.0978182797741716,0.717841284733098,0.098958370498525,0.635026560460805,0.121011327373954
0.607399047107255,0.167883773555863,18.4685892160037,2.59903543760328,0.260061897229702,0.234621724533317,1,-0.189946428483677,0.169742098550666,0.739506798823882,0.0842214516201892,0.771933191305215,0.0868264972456555,0.623564633484734,0.105823947443126,0.538931897002617,0.101055314919674,0.740700787739396,0.107459534263511
0.883228280808073,0.163064193053659,16.3320596190147,2.48256238158979,0.194675154976792,0.239749949597818,1,0.176667568547668,0.166456193401133,0.725319237252693,0.0890573453020269,0.714705420323774,0.0875474039475824,0.587026720640412,0.10328272134127,0.836213522385162,0.0954288288212843,0.77088518083154,0.123742728465161
1.0932597887633,0.186958604257528,20.4227742158892,3.37716333205893,-0.0803841245894697,0.19191360430912,1,0.0993509794192604,0.180240519332874,0.844801072149059,0.102719953095935,0.661138074442908,0.103141829983597,0.842346513066929,0.102232112401936,0.841476265067444,0.0998588153082317,0.790834209020945,0.120532734339984
1.0479038831305,0.168409781274104,18.4972159270419,2.37433917523023,0.549833166636058,0.215248296149077,1,-0.444234179210598,0.19930153114544,0.827060235363648,0.080032871082666,0.722946936963725,0.0831498479236249,0.74560344246991,0.101361440939264,0.770555339905059,0.0918673951455833,0.646124679602176,0.0951486505453167
0.953185551497088,0.158209479906185,15.2282574758323,2.40726011162798,0.194583536600306,0.232360847194295,1,-0.000532522619340065,0.157201500981374,0.730444532135632,0.0824903577511806,0.774676436932416,0.0949625020832423,0.741490710934919,0.100439555580072,0.754691542797073,0.10437894763954,0.721390111048028,0.11222335381622
1.21570931091398,0.153176413154066,14.5662893003826,1.77929562913048,0.593526506546586,0.148967920728206,1,-0.010779054709219,0.18917784358126,0.701238253974138,0.0766028783398315,0.734528789890723,0.064286990418612,0.759975551667812,0.0985684069823889,0.622695917384413,0.101662711111764,0.792900111956968,0.0957454179901942
1.20745706241622,0.170262224640976,16.7911616927751,2.51790027310001,0.236228233586296,0.249045409186725,1,0.0203683429439146,0.15007180867953,0.659103778268,0.086911436530798,0.81980320915585,0.0912369107410212,0.562912125775551,0.0980101500533373,0.84455101939619,0.105163507134595,0.703907414932943,0.118537324752966
1.22211808299958,0.181145066120707,19.3783255216532,2.99863582692021,0.312489647072601,0.270723364292336,1,0.194036001516988,0.201518641563267,0.740139283259327,0.101749920972711,0.740865025498746,0.0977947294540762,0.652064698147344,0.10487304825984,0.807361398147741,0.107211301697172,0.812904750458222,0.122781987150174
1.01859616916186,0.164798606880063,16.5097090590401,2.59726031405398,0.000436989479844951,0.209369380571589,1,-0.0315077437880039,0.16844209612696,0.61921878975416,0.0867067646923754,0.59779611673951,0.101026532795207,0.809804541889101,0.0971395576792129,0.758190126045387,0.0991074462914674,0.55042929930711,0.131457819805473
1.17312791835447,0.191632010327046,20.9584252367369,3.34236039980687,0.213799040127588,0.258598238253938,1,-0.343935727154157,0.188166108510326,0.815984750604631,0.0941462698576085,0.795849897842644,0.0890014070577451,0.736279598852485,0.0941932184895759,0.840214465670468,0.1029572224276,0.664906021083729,0.122251686153918
1.00571422647721,0.167422035461662,17.0275709150616,2.46405356365798,0.615836215441822,0.169462089182922,1,0.212065832572297,0.192842581254767,0.771337832630541,0.0821853315838594,0.764657258142554,0.0947043534801346,0.674852786550422,0.0971300086121097,0.52481321975137,0.114312071692611,0.631791935032103,0.0996636941052463
0.934987172652502,0.164669165943994,17.1491885684977,2.14619859612633,0.608055060284312,0.195993227700664,1,-0.240191610282479,0.202738612111402,0.876187243597964,0.0857880076992255,0.705512794809301,0.0817967253233435,0.629839515207524,0.0826854577899315,0.755904976127903,0.0834299953391235,0.64497644824509,0.100743128603165
1.06294466503492,0.159827854757043,15.7568966128388,2.06269621798041,0.52849761935182,0.230578163857688,1,0.375201180998505,0.217483382779972,0.657505910406673,0.0934721778603086,0.663298780511264,0.0931384287875674,0.613313772837016,0.0825378920247642,0.740097814787373,0.098495516135025,0.64250708188665,0.105404636232194
0.910357385384449,0.162240248881283,16.3772123025983,2.33478311532603,0.221531051241775,0.185845011424789,1,-0.345998092368094,0.17256690189445,0.794831892505229,0.0857604295516134,0.677481673050126,0.0918415263871283,0.797893402765227,0.0909228256731393,0.702603248016697,0.113876919604967,0.691156016464531,0.110209796319472
1.01886483467365,0.177292899211411,19.8328071088104,2.85720218029778,0.124569884607691,0.237484587785127,1,0.183776297816827,0.170971241344127,0.749748712769315,0.0846441949397788,0.847258359112207,0.0835640407756042,0.780483386944861,0.099493423032818,0.692889993395589,0.120993389336861,0.872149031512589,0.109166527105677
1.10344912767701,0.158748553389968,14.0487993920812,1.86519305267314,0.585537327434344,0.186838305988643,1,0.109843962159627,0.194121928940917,0.690411129539583,0.0789656714166415,0.713831921517356,0.0887644429341747,0.705288467956176,0.0900191278898945,0.733443973831241,0.0868686808570959,0.534296083560428,0.10486284421521
0.800825415773263,0.174989603553013,19.3516685704286,2.74319665527339,0.273276980392223,0.207126752166196,1,-0.120627859704249,0.170049671404222,0.835082093095511,0.0767791929255873,0.757401826925602,0.0923912703602714,0.66176027302474,0.0994435054512565,0.857638489663825,0.10167021885979,0.819362803703287,0.104697234458602
1.64770790334602,0.222998763669463,21.9799448631261,4.02563884300305,-0.065719169958678,0.198027824427496,1,0.0465862792367492,0.193685640939047,0.763109586450801,0.102556237987456,0.858317193453068,0.108448238521902,0.792004793056523,0.116677897661743,0.758505073604813,0.121547693570129,0.747107276367903,0.136624908811247
0.953457443475481,0.150308550383266,14.3796833764457,1.94619041539343,0.383228222741437,0.231393094635933,1,-0.0242417165500357,0.166821003282701,0.599632917330926,0.0743668693479307,0.831361649459017,0.0823342734434767,0.552506540860006,0.0886727925024878,0.737579777148913,0.0874274747750325,0.59800029258566,0.131733127163809
1.0168973337565,0.156003362966624,14.9410647721911,2.14868214927471,0.199618033962719,0.228650725927788,1,-0.0602266717559976,0.184252186663161,0.789340731539985,0.077348590595489,0.595211975207584,0.09910560568798,0.731063745032205,0.109489189900544,0.713731128243912,0.10000181748716,0.513386163091854,0.106622883801609
1.085729434984,0.17775930391318,17.1925068196138,2.68713505316078,0.277447029049758,0.262384644540233,1,-0.148031676533375,0.184491268533127,0.712963464984527,0.0917534548330045,0.768328088704573,0.0993851255343564,0.773745482194543,0.10598025471038,0.713920747644374,0.103949102415531,0.635633660669726,0.104949917166754
1.16586891174451,0.162641523096437,16.180646466654,2.23364449925797,0.399783175205656,0.216361194629351,1,0.280964450326086,0.182149524297318,0.739167564319676,0.0902704977067289,0.661246501242392,0.0796040134709077,0.748769725027156,0.0800128236920346,0.771707398154766,0.110323105469771,0.70451758314669,0.105138030966791
0.989265175175458,0.169474113381413,17.5457681831368,2.62484929880519,0.166439214162825,0.238088718546953,1,-0.0144744269959462,0.186645946964701,0.700715706998247,0.0902491234520635,0.772786694255155,0.0826077171721419,0.740123022554183,0.0992643808817195,0.813102493721347,0.102784332908484,0.771510211950545,0.106548131037402
1.10573504914467,0.161743812640809,16.0383897966682,2.06775218197083,0.532564081612837,0.199848934162143,1,0.190800156840072,0.177843007314464,0.599217121435587,0.0802787546516291,0.766033148478297,0.0754164549875162,0.82843955943668,0.0789955258423889,0.565121878761835,0.0991298860895227,0.954857905484852,0.115004306957726
1.08381192583614,0.169094498097394,17.8362173661357,2.3555130921407,0.492107817278217,0.238908673461769,1,-0.0379885887749104,0.167507862371141,0.746004741388815,0.0737013055190075,0.623010892113665,0.0903542812667838,0.523627519726587,0.0999943164541723,0.613532131618025,0.0931758802038641,0.665821950150526,0.112059437621429
1.01555154314948,0.165523965901939,17.6124580874877,2.43654332594226,0.257044137445473,0.246582932543491,1,0.0724950234570556,0.18346818826191,0.689842791391808,0.0869511125435464,0.750457463390577,0.0826264563733491,0.762212293144583,0.0850301643266805,0.568920357606885,0.118764164268144,0.789212404169078,0.112170185612205
1.17664783598573,0.16486048742916,15.5798083147811,2.11507515932586,0.578780653002216,0.233815003706521,1,0.157351343527532,0.195333992782737,0.603625329196574,0.0991054468763411,0.699258120809169,0.0802040017293819,0.612499382250823,0.092826959302668,0.68821020231975,0.103650102345193,0.631977905577903,0.0944463794930525
1.14292062386952,0.174392805773858,18.2749099224213,2.63222830018529,0.264287136091269,0.247888368101723,1,0.201207216169914,0.187741126429396,0.665532420613097,0.0879035132560337,0.746553762747698,0.0964324872166676,0.661504303663976,0.0989443142310619,0.771515950062065,0.109246518182659,0.755473415442041,0.107187725839473
0.963919497691629,0.159527277932305,15.2074021424918,2.3442613039216,0.148202392640761,0.218362859696339,1,-0.0485070788609094,0.165996266796055,0.695926998317221,0.0930811624724609,0.825771855559421,0.0831650032557677,0.639446677469656,0.107130508792418,0.70855179899663,0.094297018674627,0.646100296328035,0.119611272756944
1.02414423413251,0.165320628925526,16.3250321343925,2.36928118367067,0.339451428096255,0.200480740799547,1,-0.182776360563963,0.157130819074405,0.633190612057372,0.083966045241204,0.683720341662115,0.0959556790089022,0.734822823273363,0.0946397859945863,0.59938024425655,0.104419177683373,0.712234685704976,0.10234473500999
1.17391253765858,0.1630663841059,16.454122537953,1.9923625078479,0.474388703606177,0.183780226768537,1,-0.0302643272562893,0.197664297899429,0.740334430029617,0.0805076327894285,0.601503263639095,0.084418615261721,0.752173294962028,0.0715645118068457,0.725043832872053,0.0907759963362153,0.720785865422255,0.0972979242231686
0.956175518602232,0.155447708240604,15.4209500943791,1.99768538060481,0.321510930752865,0.208949816505013,1,-0.146789202514403,0.15723381926055,0.723403502643002,0.0830370574425925,0.753953231760648,0.076146355217127,0.67247235391034,0.0853279540128017,0.749446979529342,0.097937421022077,0.821208444790133,0.100060515183259
0.941689757181897,0.160424514750988,15.8343008500992,2.37038924693418,0.334807178850185,0.252776395951892,1,-0.231028275887073,0.179171281767678,0.841348675476162,0.0863113625367964,0.729413378223222,0.0950996325608795,0.703993528189107,0.0966310972045386,0.804290766467816,0.0997241377172402,0.567146703770421,0.124446347721768
0.866672354759997,0.148906362045599,13.7711308337008,1.64480807403882,0.725091974397837,0.105433132806882,1,-0.337640776515634,0.184874479303996,0.713966891868386,0.0734132281702549,0.750783614213748,0.0729272942554715,0.658549053768544,0.0870325490518001,0.72512642021037,0.0879388619412457,0.51816785357899,0.108997996556155
1.26432792160551,0.160159419415383,14.8988300451879,2.08455186072887,0.263342473283854,0.207111282335097,1,-0.122651260714205,0.162815162208815,0.763319487698081,0.0817593191105577,0.670594820947215,0.0889409631613378,0.746113949494092,0.0934308155876738,0.818460391547478,0.101952448302829,0.517746866340556,0.102409395602268
1.12513522593455,0.183919331390401,19.3904353199473,3.04229138822501,0.153198785789723,0.24673137105085,1,-0.160544799201792,0.177719588625803,0.753858666539955,0.0915610404336551,0.766846227267585,0.0909121258800748,0.815681023249815,0.102310485860975,0.682281919141958,0.11474448230062,0.705736987253599,0.120321807164602
1.12942378282578,0.151045826543095,13.8594498433202,1.68424078174124,0.500888864354533,0.232368720968042,1,-0.0253919953897605,0.183286677253404,0.717937540157489,0.0794409917812942,0.627126544409438,0.0871000643602633,0.657326142447468,0.0923690794772734,0.743086058592025,0.0938369140966247,0.687410744238624,0.0943311184287701
0.758219927691336,0.1680436779893,17.6973368983231,2.49726472079247,0.388669555176346,0.262265653168892,1,-0.266480019679191,0.184428332205608,0.776507866060756,0.0801839631890068,0.83415978199034,0.0783423794463605,0.757188136775131,0.0923782884140789,0.612024411211913,0.0977660783465167,0.773687331716178,0.108747013949949
0.937737349896451,0.164608656679974,18.4960438702663,2.34843173587115,0.55259414289455,0.1503233345079,1,0.00701757789720931,0.167816565374428,0.762625806325005,0.0787608384000859,0.756734041888866,0.0823391587865043,0.747633428462308,0.100577815267667,0.803574829578694,0.100413050774548,0.904252308271552,0.0864048512808568
0.677855048984899,0.151329168395973,14.4267147415839,1.83195326937029,0.646988477623532,0.14865611326116,1,0.0292776963188263,0.192327982233704,0.636481082146782,0.0745718957174661,0.713880457037629,0.0814068699732009,0.554359255179232,0.0957443702491296,0.799388171437565,0.0977214761890313,0.736887635815884,0.113393105310485
1.08261188879722,0.155700559693096,13.4429181065953,1.78193095622367,0.552059433026511,0.225396145849474,1,-0.372866629532969,0.182980538609408,0.61282896523262,0.0803779307914278,0.71709771155602,0.0790521400899269,0.610282110530805,0.0994565830688399,0.548900195621554,0.100144271556104,0.628268675748303,0.103291190797343
0.950658573978865,0.166642593417586,15.5427340480529,2.46560591931976,0.171669369479432,0.241902984134882,1,0.144382862457593,0.175597422116764,0.591508033848632,0.091515111924746,0.618079966668073,0.101840817874519,0.657534907252219,0.109492229218561,0.772338092279574,0.100536175017054,0.833198845097725,0.111319105325204
0.99762908787796,0.15081201792098,13.6518600588308,1.89633404764305,0.370665302542126,0.237604638809841,1,-0.191997976975739,0.19624616532887,0.661633194313044,0.095080561425612,0.666556117840628,0.0806030118089158,0.588380488891488,0.088966852920392,0.714192857450238,0.0977416040986397,0.700062811514121,0.0975984756307634
1.33224545443782,0.16858691732873,15.210218051077,2.30062773638298,0.0779061766972935,0.200598082289872,1,-0.0202508390507826,0.172283359722109,0.59477511533001,0.0852660593967467,0.880434520533798,0.0857396709139916,0.644058696795344,0.109243838397685,0.82654668160994,0.104898379137199,0.940786094356731,0.107024778496019
0.884701372125324,0.148846801245866,14.8295931890187,1.87844996768274,0.262058653046583,0.175442181523897,1,0.125680516018352,0.182933522993101,0.649146012872219,0.0859566798845196,0.732201336738284,0.0755330562603936,0.780623076976664,0.0904867341894402,0.757102264534596,0.0919849327808764,0.754079702360228,0.105952590227342
0.787587681216632,0.15633154524466,15.3903309912806,1.96023708696561,0.70943932561216,0.0900581349079787,1,-0.247418137992052,0.197292964271921,0.671163256887731,0.0839644649848341,0.772508655785552,0.0831301514731451,0.660488782859536,0.0794302779331667,0.775576967363627,0.0890502838025582,0.641978539060545,0.10626731084705
0.957263562555935,0.161332127517213,16.9217479290172,2.07089704086093,0.502976857773572,0.176436231821768,1,0.209022464721216,0.178979137653326,0.70271073903544,0.0727889337864934,0.784953341880984,0.0758100505411429,0.633355881550005,0.0902524052936875,0.617704562459621,0.0859787147544084,0.649858246054112,0.106511560200131
0.986284259515745,0.151100174411112,13.5060027551807,1.9748717585106,0.330819014278154,0.234796896217968,1,-0.390378375814124,0.179803093354625,0.661648613471141,0.0875039749927164,0.725788753639741,0.0838833985553993,0.578536408082515,0.103957874935891,0.596068453337161,0.112314144394756,0.541469628804169,0.11499232591934
1.24717278057222,0.168420853857227,15.8476844906765,2.37056164456137,0.264917788180052,0.239399290243666,1,0.261082911416992,0.195057100457326,0.668829405003725,0.0881093583456557,0.723191439113701,0.095088730529738,0.699366684831583,0.0958796941439078,0.689028042405811,0.10768804317716,0.952366586712923,0.106148997198607
1.08360736380303,0.179495804941015,18.2172441391261,2.72555692746782,0.189056287089682,0.225337319353654,1,-0.153802285856202,0.195095564779349,0.764404862869467,0.0908311258270853,0.703696256530769,0.0917899049793013,0.841725133393417,0.0910550239988667,0.695126839355444,0.0965154552700376,0.819910791657846,0.106983355887466
0.64611541544521,0.162454763598451,16.7319160922569,2.5261570808567,0.275066371177931,0.243769216689433,1,-0.300774714357526,0.178492075139648,0.743093449039804,0.0774277660588285,0.68069445231109,0.0980779801501476,0.637940096458011,0.106169698534933,0.814957704325208,0.0955904947230666,0.66678990461809,0.118156347376661
1.03179513260263,0.173178119809569,16.5539704136409,2.5491583808085,0.119967686399092,0.200436871621474,1,0.173601924338596,0.17148432927422,0.702093153710541,0.0884277406182537,0.712190006419568,0.0994686404340834,0.727804208196,0.0977970394954412,0.67854232973579,0.115712906676298,0.814620446923645,0.10039348291088
1.0951045143027,0.155908868152732,15.9744802287808,2.08783033287552,0.345328621501517,0.222902712789719,1,0.135249671056783,0.176745569316632,0.683116913805896,0.0775503087080733,0.717422302548599,0.0740860040189145,0.742311975285332,0.0938828979417022,0.768943709777848,0.0951500511327626,0.631193802754082,0.102509231771985
0.831200299143492,0.171020488118286,17.9621873428515,2.49961789253812,0.654269369548507,0.141672220442692,1,0.0209288128662162,0.203536629029116,0.727892257182396,0.0800838522988551,0.701950500129,0.0860407682578627,0.648563318586127,0.109496936048583,0.771911928939997,0.0934046643681538,0.581692505572825,0.117816599677546
1.10166466122417,0.17900310004993,19.0686363608317,2.93572841535037,0.234625770352772,0.263946200180982,1,0.041641703916693,0.17612444741552,0.784240367873261,0.0878137061329387,0.652253934536196,0.100459224795263,0.730883884374566,0.0965899545970142,0.790592641837504,0.111740765384276,0.853492307905516,0.122007961035373
1.05197578561483,0.181043805455971,18.7719643766198,2.89255835778819,0.0664978904473902,0.219278441347075,1,0.00263083027968371,0.174421290775712,0.713442948059019,0.0870993121184629,0.798989585944797,0.100462266112229,0.717392035024718,0.101524135122688,0.762831600708812,0.100551946171909,0.860855073171601,0.113145348665062
0.992452580789863,0.172418671947011,17.8581191325574,2.71015901338588,0.136747868868306,0.221737105009184,1,-0.096492616907537,0.169799604263988,0.811916461935968,0.0875011828500468,0.773927579788547,0.0863456032102354,0.611804159060332,0.101278244646049,0.82659295670127,0.109460877205248,0.460514788301772,0.126947560555249
1.0684797094702,0.165356485792054,17.1326236804562,2.24244081305494,0.562691789818345,0.204935902245787,1,0.155707521360533,0.181050397431265,0.661046985450831,0.0830378013519873,0.776308579625747,0.0741217363787385,0.779141349164507,0.0900979382188212,0.507852077899589,0.128797730053873,0.833384272913684,0.109103025897096
1.08597327130741,0.173677810481337,17.4783973023269,2.67615416122461,0.117014650667418,0.213944389124369,1,0.0606545403286178,0.196573289063429,0.643634151800208,0.0971601007650684,0.777469420287426,0.089839059977728,0.625140059015074,0.0999718106500028,0.800850822244706,0.092849456750876,0.703658658006572,0.108978232752047
1.02425652756721,0.16130456345741,16.7824495803322,2.23728686941077,0.450327053655421,0.212822363386391,1,0.139114976998198,0.165168962416389,0.568525396808574,0.0826675390611075,0.74298915943595,0.0809401935947103,0.674645211641632,0.0970291964718916,0.840099082677258,0.0919604857331376,0.733641270523893,0.0973460875157087
0.652523852401109,0.184492249897153,21.6651071157529,3.46764733563696,0.353242298027323,0.305713387892093,1,0.149178274263588,0.18590058093662,0.762123306196087,0.0866682801611864,0.775962973465312,0.0937517160925006,0.841735523616961,0.102631732985808,0.684593795123371,0.127002118301653,0.810342693417136,0.13069723303517
1.37374731963731,0.179970082579024,17.7746057104452,2.61940099975606,0.151578805979111,0.223379128764463,1,0.10888324229261,0.165162883811081,0.745247215299712,0.0837665999368679,0.799535290412599,0.0981068027724773,0.664424425403308,0.0987240047028694,0.813463838442639,0.100095430050814,0.741000634279881,0.106592153600556
0.876265775125808,0.157031779604536,14.3960395076922,2.24697787447089,0.279535414401832,0.224239077865132,1,-0.00611349852231861,0.176049721759396,0.665744173493127,0.0931161915421728,0.700576024394585,0.0863441096508738,0.652834042213202,0.104773205931444,0.727292241760038,0.1048844067109,0.624936162023094,0.115295412649338
1.03968468605463,0.190358565460804,19.5981868506392,3.21127302688832,0.0568779193694462,0.238635323457572,1,0.192886902560302,0.202945818123279,0.718807803072453,0.0933722438140894,0.689349618075024,0.100721571107486,0.936772762281019,0.0992199971200664,0.769779411578613,0.102720068039745,0.591376012462866,0.125487358713052
1.04125807549334,0.166541270775055,15.7083802614876,2.33616951572196,0.299594612540392,0.254829236789049,1,0.0571375423753619,0.17264856004462,0.758132613247194,0.0801115992209364,0.687513431968685,0.0891315265897822,0.77813559072421,0.0919322170914549,0.642014282199201,0.112824729991765,0.687947787440299,0.11590882095097
0.871841631755348,0.163506002652479,16.9631718544316,2.50077131915201,0.229034669397266,0.23130316113053,1,-0.164641692662098,0.167352458451403,0.769276109209923,0.0822488713084585,0.72529317281107,0.094042890272444,0.81960596466507,0.090287710144192,0.747696619110752,0.100840771363969,0.566491698957307,0.124528962670284
1.04266682635641,0.185329171386997,19.5368692746723,2.81906036291282,0.750928847682678,0.109790370059377,1,0.149788624587882,0.217250147100829,0.70443063343655,0.0927588722989264,0.658392794059348,0.101397653237835,0.764853211686769,0.0963154431177383,0.75762401402371,0.0998409210670749,0.763969509404949,0.110360900263162
0.656607849113031,0.166346108665107,18.7127131675061,2.68880684424479,0.387768444713944,0.291492263970278,1,-0.383169820850726,0.166189100395153,0.763145447266452,0.081044183954758,0.567166783418184,0.100951412906641,0.660365416251026,0.0913816704219663,0.653501059750718,0.102385535030768,0.739704197616646,0.117694936459059
1.30139459523144,0.170490516392241,16.5423145007521,2.48069802610661,0.373233894651234,0.233641256525115,1,0.353193883986065,0.187925029598236,0.633673022742418,0.0886676169491582,0.746010800140559,0.0897092191265917,0.658764408883378,0.0959873587770605,0.772984765177761,0.0975107884329248,0.566929226362082,0.146170121084032
1.09852470717214,0.18936637173561,21.7080912555933,3.48895948974453,0.133875813915331,0.245167388930356,1,-0.580969787045194,0.215394869404389,0.899772207289186,0.0909526022787185,0.672432837387203,0.099529828308342,0.636964394867785,0.10587543744884,0.834552877198013,0.0952873754937484,0.960822225096286,0.120459808389848
1.11807553492027,0.174673647558881,18.4327031359185,2.68520210364704,0.31765040516442,0.250384182868586,1,-0.140004424398638,0.160368275765333,0.798390646414831,0.0784312344656471,0.670440025582417,0.087639437747567,0.672603271957572,0.0998290232099452,0.646608742264048,0.0958063078171579,0.680550009399969,0.127133161380058
0.879317345244412,0.158386667303123,14.9393211197806,2.23539696489512,0.0669841253308724,0.176413679853149,1,-0.183892207935899,0.153955317551618,0.626198072370447,0.0866597075848409,0.773490288291408,0.0908449261108634,0.738672855557394,0.0952853391975748,0.592411888134878,0.108578109310433,0.840822160314253,0.114547693214685
0.784481542183704,0.144334131176949,13.1873429315897,1.80135740359629,0.281020502250345,0.228003609881976,1,-0.263263737616961,0.175532391917035,0.680229442661475,0.0798241236727284,0.672089810718057,0.0918563833967144,0.664146042350851,0.0942503971318424,0.63780570437466,0.0894824727245489,0.595506600527795,0.110718486747065
1.10473188357527,0.14513992890115,12.5264813509902,1.61945500148316,0.362233634942427,0.255686963588072,1,0.267908361333926,0.175068785540986,0.598706851683795,0.0829638247868551,0.615725738378747,0.0774297967926229,0.749971533322836,0.0765042250368406,0.756946111588079,0.0864046042062271,0.409015913552156,0.121375850559078
0.982358160340041,0.143973452135494,12.4662385615623,1.85045154328295,0.287099467435351,0.258106574637644,1,0.0989507011084345,0.158460451420318,0.65492970672193,0.0809943336562622,0.573779818849651,0.0928373151773349,0.769228948864361,0.101199663546205,0.57259451344331,0.107122218915664,0.543569922534215,0.106961314360831
0.889210351878827,0.132113041406633,10.6332485403959,1.36280488931178,0.489075762762497,0.227332498589902,1,0.0662627837421887,0.177044391864393,0.659203872267556,0.0708663914011716,0.579631999651629,0.089020985489849,0.504088290426096,0.0926874696805998,0.531777160696567,0.0940386725779826,0.543082888217461,0.117204712667621
1.01807700303692,0.192033008615706,21.4044499664593,3.53888024107987,0.124332376971521,0.264540660497243,1,0.040156767201614,0.184238419002477,0.749224248767113,0.0910493929008708,0.773002523520651,0.0972256304784946,0.836710633282583,0.111879872028974,0.773193456383663,0.112020862017254,0.692788851410904,0.120836119685178
1.17355872689663,0.175598800382849,16.5992714210633,2.64963847598962,0.220265984512845,0.290833138241475,1,-0.082985530391626,0.178543202890724,0.602744440039764,0.0956422865719369,0.664364881735056,0.0960579916800485,0.681277580070487,0.0996878240776451,0.748188484613238,0.10462331310184,0.712351649963288,0.111458094893279
1.0639645236687,0.18069333132977,18.6175854537572,3.14137004742242,0.040088808247518,0.205727805515929,1,-0.0753158761461573,0.181517949770701,0.792554834031951,0.0949969106637567,0.880268639438523,0.102547204599396,0.547858546830359,0.115127961368888,0.696701067483303,0.12457215895195,0.806156777733083,0.12225924838027
0.966066203561229,0.174857901678275,18.8452855950492,2.70185700485652,0.373968671963807,0.242612578689444,1,-0.125606343321945,0.197237327114673,0.751896404129213,0.0933597396378696,0.701901918714005,0.0869797088162566,0.740377225696813,0.0954049295295356,0.705281899463471,0.102186808194826,0.900206686244546,0.104370413433142
0.977112532765605,0.182804550467552,19.8034748068313,3.24948178548724,0.198641620567298,0.255651973074707,1,-0.30308440793492,0.204969616228702,0.768186993514586,0.0976872561914313,0.679707210390494,0.100608419996294,0.711280031821643,0.111609057350974,0.846443519896513,0.10088720236156,0.718578035738919,0.114979000914347
1.17401580530426,0.179466458343717,18.1606507164971,2.76980933798739,0.366599376988247,0.263593828483018,1,0.278710630106323,0.194473731672955,0.578545640653715,0.0981255967945407,0.739516836103039,0.0835025334577211,0.761460547724644,0.101329238451853,0.676034500623389,0.101439216294772,0.843489176125512,0.109462605410075
0.862759577854318,0.194481624997335,22.2045839509037,3.80279009165922,-0.0132730290374732,0.222839528797952,1,-0.137183683190768,0.182136379701832,0.773135773531807,0.0983723645328694,0.592997375041251,0.0968882004604774,0.89252895937446,0.110295431006681,0.779904222412242,0.125350393256915,0.629185349525539,0.133356169730372
0.980605740577624,0.153582177277729,15.2448852861472,2.01511582406258,0.416197881396218,0.256392187548174,1,0.233895792168097,0.181999320089675,0.731598487037426,0.0746357596915,0.5620044488166,0.0874779322483872,0.590467972469709,0.0885403825816345,0.734357352589865,0.0998204585233021,0.766774882410872,0.107560693451229
1.00722156445767,0.15871420589255,15.3288418516016,2.08753980974356,0.505027566804893,0.246027208558555,1,0.0867852417997485,0.192569665344845,0.804352442271858,0.0769178633993721,0.541610178627931,0.0843053700937376,0.608165967342394,0.0961575548485827,0.773578276301355,0.0919145068734591,0.641933709281478,0.122307380043596
0.885938770090038,0.155902512139089,14.3545371516335,2.03085919048518,0.345996708366157,0.250552634692086,1,0.0334443404446423,0.188957198738172,0.608612558083551,0.0876360484938261,0.601950805264077,0.0937661703091027,0.675748535568156,0.102768463753582,0.740773746198822,0.0936906814510033,0.699404405574359,0.10237442982452
1.15440577362754,0.165660840487231,16.4414079515693,2.60456121012056,0.19842433912084,0.242773323781476,1,-0.106066889386481,0.188599100602636,0.715214733230356,0.0915570880558988,0.702948025157376,0.101100602908829,0.78527802174848,0.0923385081950172,0.688978805389762,0.10961776626975,0.70261922712561,0.114980149464578
0.960636704251983,0.158289782434877,15.8539284846066,2.13999959102359,0.615231290847231,0.171479802353654,1,0.158811240086917,0.204929066552199,0.604244660111682,0.0907498437359446,0.584879084901507,0.0993743965152882,0.574506047318353,0.0955055860319836,0.581486664477762,0.0941160490864913,0.544979695880159,0.10641825799396
0.951323643554633,0.185891209637686,19.3762562952166,3.2872818550715,0.0672987740095272,0.198120131997996,1,-0.0306407776926312,0.188454785728035,0.742767604644731,0.0893152438117718,0.743891610335694,0.116097226152233,0.790965686560544,0.107878333933762,0.76891448234487,0.103097667430533,0.632135163393584,0.116884001913228
1.2511651095889,0.173278271757896,15.766542259455,2.58506499797128,0.201824553606321,0.261356763430628,1,0.0498209076715457,0.179991132765112,0.731408443550992,0.0936026067005347,0.722240550188493,0.0952485567570012,0.636992796072062,0.0959621676331466,0.771345531154013,0.115054692307098,0.870764855188905,0.115410564350441
1.07927172130681,0.160565141526897,14.7512599379294,2.08438733265084,0.337539459545771,0.254010676484287,1,0.21001753640264,0.174470537532902,0.614981508401249,0.0888775333387348,0.687250696799167,0.078572575802496,0.810121151004529,0.0957956344630204,0.581483708613753,0.110077922749694,0.691192249739129,0.0991043332862102
0.798944969894727,0.170702341461054,17.8560451791273,2.78143543941415,0.0871063424076075,0.224346638044582,1,-0.476502201730911,0.224113366416095,0.904800198498416,0.0945447144109992,0.697587005326892,0.0943508083217929,0.833283794868799,0.0860479244519372,0.680237041008726,0.101928917945325,0.659838201713982,0.116520387726618
0.855823594684414,0.163781441792802,17.1179334823888,2.32654808565992,0.507430503403195,0.212728549062837,1,0.0865399380698617,0.171497450490577,0.666101689484433,0.0837757981204913,0.74424142202135,0.0888405455030561,0.568109389958662,0.0905445175996544,0.624753961625343,0.111657512534935,0.799503232309826,0.109586432787076
0.973621473405264,0.163678795206382,16.3048202943183,2.46286255310867,0.195525441576646,0.244168058939049,1,-0.194550640157371,0.205528286011165,0.733427919111397,0.0912260423232311,0.728579342587265,0.087293428134496,0.696834084618404,0.0880971484307459,0.761606188898388,0.0986330901605374,0.772741344336353,0.108875557532461
0.89023848210314,0.163180765571158,15.3374248107046,2.47821546653887,0.0142994047270008,0.215436233891509,1,-0.234749079096352,0.18151199143311,0.739499941695435,0.086228229347656,0.643718832954434,0.0970224179617933,0.692012366408336,0.110336189429227,0.73828165713059,0.112495878798425,0.407614561222314,0.130798881202562
0.889378618504593,0.168570691290801,17.6863578426678,2.49761217244233,0.249608261660967,0.221061862007522,1,-0.100867337776799,0.183098999335467,0.830831559001517,0.0801568913620267,0.639801693729928,0.0983963166200563,0.695617218874281,0.0911809999372524,0.590081630774284,0.105668235582451,0.923035211867938,0.103317285192958
1.1775899436879,0.166118237187772,16.1679783736896,2.47076395432354,0.109223244209421,0.241775951669474,1,0.122632027610314,0.175582355756193,0.74178274526205,0.0912815288088965,0.799267169769692,0.0842914603484775,0.7457760390638,0.0932653174112982,0.787909782469319,0.105402508105689,0.686162241688428,0.123618852621279
0.661912905934485,0.17342367851112,18.7563258760728,2.78583558900392,0.197932633955667,0.227906155889234,1,-0.12606507793713,0.179448117914469,0.82753895718521,0.087752154665173,0.652634119260971,0.0961581989486565,0.760080096811873,0.0969356117224059,0.7964787068927,0.104305948960272,0.885847303187423,0.113964149459272
0.964229500417972,0.171015529810642,18.5469248291775,3.035618457769,0.240727629845461,0.222882137487988,1,0.0151562980325233,0.173108804292613,0.743947152193741,0.0884300835851565,0.594480966199818,0.110323208914071,0.822420505255566,0.106415461551045,0.600663560714802,0.106638519144342,0.681676602198687,0.114960864216424
0.861872178027923,0.168165130719156,17.9504505475446,2.55775384527936,0.396511774493995,0.287907304803116,1,-0.195951853580422,0.180999559990689,0.848216836683899,0.079657125570167,0.652351073671269,0.0896416525873565,0.659666569986498,0.102679138489066,0.845216861586505,0.101785486844983,0.732702083761489,0.118307372709665
0.957737760754892,0.14848243166866,13.7280507581286,1.74230682033634,0.548915086053775,0.1800831153951,1,-0.0181431733484337,0.185580007768259,0.675052376691389,0.0782442310581677,0.674620193281248,0.0710460443620238,0.585689744010616,0.0944766703783741,0.583764857844026,0.0969897703186601,0.686676531610607,0.118949349551656
1.05812616159637,0.165327397154868,16.8621969917827,2.14709460472484,0.747997729091582,0.103101725588703,1,0.0265294750073832,0.204046297556169,0.797643340062939,0.0880442222315358,0.693508873337552,0.0746792436623266,0.826728871572381,0.0820616185864039,0.621219167957739,0.111229453511592,0.588544031710614,0.108457335495853
1.10546484480167,0.162255790977958,15.5000170900203,2.35497466956107,0.0241306600454353,0.178249161367711,1,0.0873808317191755,0.177755926517233,0.56489271770528,0.0993992097275671,0.682069801945003,0.0851741578474073,0.767871116125434,0.109819694244534,0.617898724129927,0.101860747397808,0.599792845032353,0.123686672137971
1.53671532249339,0.18508309115918,17.0052909006625,2.69028065050167,0.25054361663369,0.242668630536223,1,0.131792235909904,0.161981467573082,0.76085745857,0.079601923360348,0.687506390460462,0.0991546358930474,0.78416773867085,0.101907852159486,0.719764636428894,0.112854083523798,0.629863936433077,0.102564097164466
0.930608886473335,0.158104285892652,15.7690430807035,2.34818424127905,0.202251755100826,0.205260836085568,1,-0.154100267023359,0.182053344735524,0.830329185625528,0.0869091088579742,0.756448887250993,0.0917386869118868,0.69550486134297,0.0942986939305542,0.780875180643777,0.102829369606932,0.576208676564065,0.123689875590333
0.912768028337224,0.151480150616482,14.5779593671295,1.97119569102547,0.393562252433327,0.257979074327422,1,0.117980050758479,0.160981686896874,0.666108898083171,0.0725430872868295,0.570897974722206,0.0903858776125273,0.799922545734494,0.0794165100766854,0.697974848411507,0.110747313927169,0.623960209578063,0.117548686262584
0.754854502964012,0.175481556939204,17.7792441841,2.76816184079266,0.100699084179606,0.223051133172146,1,0.0978977534489101,0.191584456812137,0.67422850566032,0.0906116684022926,0.828284511252635,0.0965684492170128,0.758909697161744,0.104937671193215,0.678642366514881,0.123814671429911,0.761448821510773,0.102674041058732
1.01781146850079,0.166291387279812,16.0667299815557,2.40293681382202,0.0655714104744862,0.195049232432995,1,-0.216204403297217,0.171296501548564,0.756947850033288,0.0781696718725191,0.746577662206028,0.0876308145738,0.640779518648752,0.113286481217667,0.698317767612176,0.100116069800143,0.606362898441518,0.116444803270387
1.217357497524,0.193441346289969,20.2414807348013,3.55190075109709,-0.102127944753109,0.20073138922639,1,0.249922713048804,0.189291464822945,0.673771291865274,0.105866424172887,0.830280942673284,0.0997878242388073,0.797247461599795,0.11378416313597,0.869294664657369,0.106479751518039,0.643281486833202,0.133463584700116
1.17064780927072,0.176573702955994,17.0487920198774,2.72926391109042,0.0652960372467764,0.211625704812003,1,0.0129183630623652,0.195951368349069,0.761551507642733,0.0926060477622937,0.586331985391331,0.0986368999131953,0.720363371175858,0.102374640112439,0.563805952084182,0.1232970624081,0.608998178960905,0.126291300779151
1.06733930451156,0.164522280557295,14.9477667051157,2.30692101897052,0.263145676663737,0.281908834236519,1,0.26573117797078,0.198020045872874,0.534219899988508,0.087946048134204,0.730520206073979,0.107266796024121,0.799498141071171,0.0964806331712871,0.552591717025541,0.106038889195583,0.695184568553253,0.116357059466869
1.18225268934835,0.149225275958637,12.696301002475,1.75266549301041,0.371290768119332,0.251737190060707,1,0.129630201572051,0.164296744996662,0.57885962886875,0.0828172442041199,0.640171074413666,0.0859246251840149,0.627604137670844,0.0853403341491735,0.811672782468465,0.08993570058897,0.603311820177116,0.0938842447322078
1.11779180128686,0.173368975537001,16.726397578805,2.5873135636295,0.343936796526823,0.247564597004221,1,0.0948827370365705,0.183772557126131,0.736266385810341,0.084690544181082,0.682251421298786,0.0890010996845613,0.688152320642247,0.101631210788921,0.731806002218811,0.10038480694057,0.757184860867504,0.102871937641986
0.632870697516842,0.165475460808295,17.2738931506819,2.59843966998951,0.179071014042056,0.217542003316939,1,-0.331278698894299,0.17311787330206,0.753788729078384,0.0756140446023814,0.772038579910657,0.0905884793072274,0.830819338044856,0.0937030483636438,0.749507514671337,0.101823033001018,0.744857286287124,0.129479432380011
1.05350783996238,0.16260770881274,17.2633819412347,2.521355521599,0.377978179132609,0.249999968156563,1,0.18152073434187,0.161279046492692,0.602729590391793,0.0851274058481513,0.720260493927656,0.0861928227153168,0.660245436994422,0.0901881332329862,0.743667270432199,0.101630127221655,0.818972757721403,0.101492632670918
1.19741069111391,0.164618214794997,16.064004796571,2.18779194566842,0.460003872971578,0.197644059241017,1,-0.33126390049976,0.184683368869959,0.847920505254573,0.0842515322923556,0.715573102833991,0.0878431527931656,0.754327637068265,0.0944056686776137,0.621038079839251,0.107182499809646,0.721948077854934,0.0977634483429682
1.03744149914555,0.184401013115333,19.9518440818237,3.20308286654846,-0.142035402672696,0.1689599283677,1,-0.127667579334708,0.173114306232623,0.733305821436412,0.090598766100717,0.980236542915202,0.0935363251252743,0.743201983890125,0.102457882210151,0.738628015996697,0.111862595548423,0.785413848353688,0.115758215449967
1.25510732191516,0.185446470186496,22.1062302762442,3.16411990717731,0.401380331506727,0.242050907720565,1,0.030639717345937,0.204376514051659,0.78080738124142,0.0969843404292892,0.850601667210182,0.0782713647316966,0.857722421604679,0.106242156642732,0.753012683053506,0.108310981856603,0.892803437270379,0.105885555254713
0.966653097507747,0.166678943745316,16.7249066046614,2.37901801275491,0.184077199873051,0.223654899969369,1,-0.105841823743559,0.168300894315759,0.842739658435064,0.0700035378416589,0.590390457570681,0.0981534128363015,0.740316436017604,0.0930620778796405,0.767079015972623,0.109395996557869,0.615327531947336,0.122949123999599
1.10492005777476,0.165465731427279,14.7180414332612,2.30074033319262,0.337836815289637,0.23033078407773,1,0.256346358235824,0.173084047560695,0.628194670478754,0.0896961368455408,0.669971033351572,0.0892816459760437,0.616969684984306,0.101676146037395,0.692196381466179,0.102850672028607,0.549005260054959,0.114813997142953
0.715071254448947,0.160228048287649,16.1584140626831,2.08265157537513,0.580442595394427,0.224309462780201,1,-0.150185744437336,0.198426688255659,0.604170164282994,0.0890104691489889,0.791813946735272,0.081186251315868,0.591464942850034,0.104922124101945,0.682443863506202,0.10492559096974,0.52254101474588,0.12078511225052
1.08852572994763,0.14985158310089,13.722212179009,1.88270827732219,0.504234539921818,0.239810584021191,1,0.119425744769428,0.185230856316113,0.675236810002862,0.0834991544136289,0.511727370553603,0.0941381339398979,0.78600150642127,0.0879420180608558,0.638557178314406,0.0996367298549103,0.755679496604449,0.112634481628924
1.02843807423517,0.16976785271338,18.44165594732,2.40357994697162,0.649936254846229,0.134225964493793,1,-0.242511893751034,0.178151436351353,0.715062859718761,0.0824170972148478,0.646613114220938,0.0824977557715299,0.742411353283337,0.098953144354938,0.704183725676247,0.101190743016409,0.667638226371058,0.104470306957491
1.16898341934554,0.160827257373808,15.8310507827689,2.17056506885359,0.417367141017891,0.296103514471049,1,-0.0675955957849978,0.206931108089914,0.726247791235753,0.0839556522643369,0.667833272782319,0.0874494642930115,0.629339739393564,0.0950955505626472,0.623889813123091,0.092422102268082,0.825285375785337,0.103012314645072
0.941539759499117,0.179267427152767,17.6428226659968,3.13972158545634,0.0617367724495555,0.209494542474118,1,-0.0862443898828898,0.155716254613633,0.79997038048163,0.105203372772109,0.791338198358076,0.0950627958967867,0.71749060776228,0.112602472349942,0.88702491620567,0.111003133456912,0.730624429337856,0.119254231255748
1.21990558894182,0.155619794939044,14.1952854644478,1.84495790992562,0.486081690874641,0.185534837887701,1,0.2766941826291,0.16932879442548,0.663278501152794,0.0725366850299116,0.63727784306123,0.0913409408444241,0.646326108444229,0.0878345519962677,0.659454194528876,0.0895674855075459,0.621891383613456,0.110249658837837
1.12962251589725,0.159992273808732,15.7504668819409,2.26312600860504,0.235852096461972,0.264024166130017,1,-0.0553514327113289,0.169515060316274,0.792316282120082,0.0761725208586477,0.695399125334549,0.0851637226577835,0.698718767689281,0.100692320571822,0.770708006122269,0.109020711605969,0.744671785560369,0.104745673047936
1.13136901302025,0.147230435951463,13.2142585133039,1.63270123881814,0.573023324611588,0.193334808252512,1,0.0876011466064025,0.174940251880046,0.608225584281993,0.0787939560986754,0.604244680776543,0.0904005623619129,0.47726789333297,0.108626732137311,0.712972159999852,0.0928385092533409,0.688240270914309,0.095113625310245
0.768975083491568,0.187849603750394,22.3798768159735,3.0710338892345,0.626123137337499,0.12744381189998,1,0.216650710114046,0.190890510782204,0.753845912677989,0.0835691623364976,0.829797219068752,0.0933273242564131,0.82672459509418,0.0863728619409468,0.667054099957116,0.100183858404798,0.816450935291593,0.0915329715256556
1.1312900965335,0.182976287080602,18.5236713343433,3.00912411366797,0.300713231978808,0.270347531352674,1,-0.0432025558667347,0.202829740043852,0.768827132820492,0.0893869581769192,0.711464515671794,0.0935640180380569,0.69627765405614,0.104039398103362,0.829609940483568,0.108056344098409,0.571468294869563,0.115917047323
1.05123227569974,0.169623022526411,18.3729058985584,2.43457619519637,0.466712073808337,0.207148178534952,1,-0.0641757330411939,0.206698421735898,0.761822454147143,0.0866530232165804,0.834944472035798,0.0772310541645531,0.663357988949815,0.102530898795015,0.73096170391789,0.106557700907173,0.772441084366567,0.0960943418500898
0.885027367014336,0.146947473634525,14.0107734664607,2.05150338976004,0.322326827152304,0.237815149436339,1,-0.118267151119274,0.176917225601366,0.712938275348989,0.0804480609264782,0.727670209759736,0.0854807435378337,0.692718038168198,0.0900606388659218,0.70157819253741,0.0982828102781734,0.442884005421241,0.114926941813778
0.668002097483486,0.143711680240078,13.1575457821118,1.65894972793296,0.486319609028664,0.184455630920402,1,0.316270463625831,0.174289177885401,0.64421180127554,0.0717935283662024,0.457911477412882,0.0877874459638305,0.638350419162283,0.0952573833201606,0.587154486213606,0.0910419920544659,0.722504033539029,0.104291048890972
0.876215908074974,0.148410940121008,13.48143170002,1.70817360755186,0.609538889373594,0.191588962204935,1,-0.143222668295063,0.184244534118915,0.77246940283109,0.0832566057909306,0.700958268802618,0.0838578352289455,0.546918044587055,0.0897814235378925,0.601280864739144,0.10107862244197,0.422467335593076,0.12304879843945
0.893855665896321,0.144922561325819,12.8317795320594,1.87540665626447,0.461142719290346,0.289523509263493,1,0.41896453286612,0.172033350813362,0.627014509466332,0.0837549700287427,0.574140464391858,0.0956801455130379,0.679491497732269,0.104173445540002,0.674268311559144,0.100637553837359,0.677040522774546,0.0992612305255676
0.961549450857143,0.158208137825118,14.9512913601425,2.27718997211138,0.201118778898663,0.210063868239454,1,-0.00994014527221391,0.192378365746843,0.706588608004236,0.0924789457932069,0.656763754050723,0.100909050890625,0.624628683860281,0.0986516544024175,0.757441897226605,0.106191196099951,0.636825991985228,0.105298737938035
0.997417353860174,0.168163105617631,17.2714401812402,2.50459189545046,0.316869305237314,0.267075066068551,1,0.131556825537272,0.161506866854896,0.7059048216374,0.0827643680138084,0.75352132778341,0.0879325412679565,0.70828784205704,0.0921082374937926,0.77167075035507,0.0995962912118624,0.627609569454994,0.113217550381534
1.25155512108991,0.177852898052923,18.3674470004122,2.49818773045413,0.739339231473565,0.108382324121569,1,0.18336635593437,0.19333358807698,0.653806378783545,0.0793073005953557,0.712812223603118,0.0824998620664115,0.617409695999897,0.0917222052167156,0.5099407065094,0.106518173692174,0.605144761521847,0.12043723423501
1.21276784003855,0.16304905540205,15.8774650565805,2.24130366489442,0.27124285863715,0.216861775293459,1,-0.0750665844673399,0.190382775072988,0.685308191008733,0.0915913064258906,0.66062049630063,0.0827447775992014,0.64108470261681,0.0950442731290704,0.674514335207116,0.0973518424010213,0.682797557098999,0.106646874795504
1.11313023970316,0.184342873898226,21.0092603663292,3.20123669131745,0.0113329035547094,0.178588735542755,1,-0.196017151882731,0.184190148623092,0.865404234007942,0.0888485848329586,0.760579168005698,0.0920295947193228,0.723148959449598,0.115002377055224,0.730759573582698,0.100930213184525,0.883199733395114,0.107340258170676
0.956310009842624,0.146609118829876,13.9585219647737,1.82797208498425,0.422628968387,0.271269045693024,1,-0.0201421631059635,0.176328872402355,0.692257475268552,0.0845322280695124,0.558806618009857,0.0818739737660234,0.738250207978999,0.0866104436342761,0.641551171912438,0.0982119429233754,0.6462739102154,0.0959452744396361
0.966217678133848,0.171886949493638,18.0088558098782,2.98025153662935,0.252281694842297,0.250469064228685,1,-0.0221540062763073,0.17554174912987,0.572693749736829,0.0909228408486928,0.776478432824233,0.0986930700645157,0.542383683998612,0.10708861836483,0.731715991395283,0.105129739204779,0.804248053867033,0.120821645782361
0.912632888971371,0.150601131911437,14.0444550537974,1.85422108562066,0.442611993958776,0.199592969258886,1,-0.0594549209239289,0.180078102312248,0.551401267986004,0.074717629450401,0.738010561662458,0.0891867168510741,0.617363399536329,0.0951236193606183,0.521293611521727,0.101260329025302,0.578775800036823,0.120099982635788
1.23993321829534,0.164780162203603,16.2503897033057,2.25574097731352,0.464663591415266,0.231198903037964,1,0.39433407003728,0.172544910657862,0.664607741345248,0.0801915666160438,0.632935257564562,0.0904494274153145,0.59742898357227,0.0925343180803796,0.654916176605527,0.091400050432831,0.839958543123086,0.105248528222836
0.943571245346758,0.160766687625968,17.3454717396715,2.38564908802253,0.0231691875873548,0.160205143028305,1,-0.00964966754194868,0.17894456866504,0.745243872895683,0.0818463375970991,0.708276671613028,0.0800106686106473,0.822514624730308,0.0970807444016543,0.682023752871316,0.100511252459864,0.731836212548146,0.1098633336369
0.952611905448988,0.147677352207966,12.9343531211094,1.75521497874097,0.449792379035888,0.266217051106784,1,0.139943837744717,0.165291645193413,0.573662521654302,0.0920208969967244,0.545701807227306,0.0887081930764051,0.583426373190241,0.0889467362556596,0.828546374734049,0.0906387142404389,0.396637883314194,0.112168752061315
1.08214879883405,0.19005147427553,20.2524823516968,3.67040856068578,-0.180791189498768,0.17525135154804,1,0.162628971201581,0.207866815422248,0.760963003139603,0.0993552465247176,0.844892603658626,0.0994619526133755,0.798792203157228,0.120680646934831,0.768281844057166,0.121478006112366,0.859520089614551,0.1393723551437
0.832881793967192,0.154907046965613,15.1086090430806,2.06605673849596,0.386470995766284,0.209614938221078,1,-0.125883640061774,0.165431787091231,0.679176586806953,0.0871166016204868,0.641950348532647,0.0930636529737816,0.71398776912039,0.0907368947687432,0.6552615425009,0.0914213985425371,0.694623911378134,0.0982715378281774
1.15491723023763,0.163848530677231,15.5650667495484,2.15621258155842,0.229842169161412,0.223105782824471,1,0.003401722492306,0.200035124835406,0.597940730246583,0.104702508997855,0.78878664327592,0.0771166472217602,0.753889468593861,0.0834131887092113,0.700010234215867,0.106039827197579,0.718689345039633,0.101659904820928
0.812061257039445,0.156084417905278,15.2229284157691,2.51412607452956,0.211036890232566,0.236148084212764,1,-0.0218248787037731,0.177115558340329,0.592110720114389,0.0985319600313018,0.547268112615377,0.109386812204472,0.740804035560193,0.101406356933943,0.559536689232337,0.106590371808068,0.682127128425176,0.113106961892321
1.06343543042223,0.157670664500569,14.5475061360633,1.96155288596136,0.300455239759079,0.266386552144049,1,0.0867659645167461,0.178810665340456,0.706971741251353,0.0813622965706547,0.733227082806884,0.0941856456541257,0.679112542387159,0.0924471027768129,0.747492566588033,0.0905716963922402,0.716934542372061,0.101587094843018
0.958268996917554,0.153408529889162,13.9926616498712,1.90559419725806,0.338855733555224,0.247903716425386,1,-0.205902196647739,0.201853680925938,0.748011831069157,0.0852030592987355,0.507264751254832,0.0972970363044313,0.65030572867549,0.0960032752804214,0.76317350939209,0.0966707424170347,0.746577231739176,0.0987625836380564
0.973945513682937,0.173962296454285,16.2533409775898,2.65313381571002,0.13437400060124,0.23861687723903,1,0.11603475132103,0.184374797308713,0.812722433607271,0.0934343792133169,0.676251742668463,0.0891100628708297,0.833910258738608,0.107927239729475,0.742964884649239,0.112831641642054,0.62699136442806,0.119248217111687
0.797021608452598,0.16997586234117,17.8289982165312,2.31819633881333,0.650759467216965,0.161312357570841,1,-0.0655864780021991,0.221291931214237,0.813915137294411,0.091441535181333,0.670618227931101,0.0778243413993566,0.641912633370601,0.0913576870344954,0.477621784461581,0.100380978948172,0.782820759926122,0.110287820925475
1.01713202535326,0.16177009881191,15.3593490068439,2.4287304332989,0.104746380799135,0.191638404569282,1,0.0907320018037859,0.176483977111604,0.55985226983759,0.0924253888731978,0.866231042452462,0.091254657208302,0.765115706145879,0.102656754371139,0.694821528655962,0.120992938320398,0.737494053393162,0.117614556142394
0.956907855154515,0.149471299193591,13.5049371146426,1.85423815666407,0.425141524904408,0.247955781373073,1,-0.231927910499121,0.171904861902557,0.640436084849933,0.0792695637230489,0.686980132640294,0.0806159143700668,0.578441354043667,0.0992654871429612,0.696445458399384,0.102481240308549,0.622776633343474,0.106316827832744
1.32371212576559,0.206777408089278,24.4581209923044,4.41369548807409,-0.247574475007972,0.153883616094714,1,0.0551863604544434,0.198756811229863,0.800944622406229,0.10857957425264,0.871294249808621,0.106439118606391,0.84289659134278,0.117417629445404,0.909764417699078,0.119256204329627,0.928401027001074,0.0988683310500762
1.03877682019542,0.148257843408444,13.7941804864959,1.6486775352143,0.692668654884784,0.124046805327643,1,0.173949168387907,0.177525651831358,0.754978005216471,0.077980127136471,0.746534053196126,0.0832945534407369,0.588318528300182,0.0911459110536307,0.569904987000678,0.0884757453555007,0.66854587608593,0.0860612677140821
1.02969257064881,0.143084311549966,12.5861330231441,1.5983379490942,0.639541091643277,0.196122184286993,1,0.203009712364397,0.183210852776329,0.720283378333203,0.0749950978073267,0.41672526065656,0.0878386336977855,0.567837496403153,0.0896482081310095,0.708677356229756,0.0987598394501984,0.441522175994773,0.122110208350599
1.10781538510644,0.170604044530342,16.1350642289233,2.40529778100923,0.200364160253406,0.234292249025551,1,0.302816367581543,0.192456491150335,0.673813273424334,0.0955171283656028,0.706549625538347,0.095769763047462,0.687869790723928,0.0961813667123605,0.680235534695698,0.108644891731331,0.848606594597534,0.100682720611402
1.00531109433082,0.142065243096489,12.3573159054664,1.64664734633574,0.319769370081299,0.220968296842185,1,0.00466888175593851,0.161082186867598,0.557140474060272,0.0841084198234033,0.593225773515291,0.0843946056989554,0.726675787959087,0.0810364943992852,0.533827311178663,0.108644252592872,0.481176925488166,0.119422457486948
1.20761422455597,0.173747213273186,17.2074589724325,2.59773662378512,0.0594415424295616,0.198395180987908,1,0.239507684879846,0.175602634870755,0.557723604774471,0.0937141740680235,0.774581034197683,0.0860532959215096,0.758368317909451,0.102069130005192,0.694359988349294,0.103511920985579,0.76396614555242,0.107553740011222
1.04166079244471,0.155244133038633,15.2369596089062,1.93976586814287,0.534597655364229,0.169579190073254,1,-0.157004540490715,0.166145677217405,0.695898316102495,0.0779168381779331,0.630589451448473,0.0839678628089502,0.790603594833388,0.0965694678710149,0.724586976083797,0.0861341131032837,0.832139802135706,0.0858911458068369
1.20298686733521,0.191959289966505,19.8035002222622,3.47030470607355,0.283483906077728,0.283672949735486,1,0.124809032061285,0.203881430769018,0.671556781094612,0.110928858087646,0.755034571768039,0.101041550126349,0.858906648897608,0.0944416824820321,0.801069318031035,0.103711758911732,0.805444353647098,0.121145658360313
0.77269501032448,0.146354103381759,13.5862734682961,1.86473937466452,0.507381584658026,0.188013191440082,1,-0.0852621458478002,0.171418855191374,0.623837190064921,0.0836804834636632,0.488443686401922,0.104235239666564,0.69655574654424,0.0941766848984514,0.550064356364735,0.0973937379492453,0.613157407977776,0.0994152634822685
0.915401185449829,0.190882682868924,23.7238570088607,3.48320660373373,0.296926901614869,0.257688821809836,1,0.0819158858351504,0.178470563925655,0.686586059333302,0.0851530362881422,0.786929460927039,0.0953329039844775,0.758664894926346,0.0992021905085767,0.746799463848226,0.106237507833473,0.757831494558632,0.114313245022876
0.868859129286138,0.149455747656845,14.3599449906571,1.80729649913837,0.605935819150309,0.166098001529991,1,-0.00118612485801271,0.167327169106623,0.696098324109581,0.0800676551333615,0.758813019536648,0.0901614217356826,0.57035652148797,0.0845729437393999,0.624243933705746,0.0947874575556719,0.733872797935978,0.0891627115486391
0.969442729648505,0.166808324817699,16.7069426734296,2.48394474430023,0.276029425999815,0.248942276559563,1,0.20968443923414,0.190305952408578,0.70026412002893,0.0910188924697648,0.652494762684003,0.090998485559675,0.640257540766121,0.102750085678582,0.648373802796162,0.11470476850984,0.560239045976754,0.129520051095746
1.09512278275847,0.164691184270628,14.9588610426864,2.33926005808707,0.283998545998002,0.252330823265416,1,0.0647369227648118,0.178758319710373,0.550256047400229,0.0852264238876087,0.78542946330274,0.090525896992187,0.601508001043475,0.0994536669310968,0.798022604368644,0.115271734811452,0.660958769675255,0.121868452773005
1.12740089416298,0.166629886711227,16.8368159869558,2.31501419214664,0.493116617183283,0.22489090474084,1,0.392388889621749,0.17106961239756,0.615818324654591,0.0806538020714681,0.633011641329298,0.0850353730900228,0.682513106705043,0.0912175044098961,0.728297844832771,0.0968605632566736,0.712647531520478,0.119189853096831
0.900608369198599,0.163357696068168,16.8458807196646,2.23701745969889,0.590076943995989,0.20500055307678,1,0.200341401250957,0.184710825314509,0.456312105011076,0.0996030040398696,0.756216297727109,0.080530264599102,0.73187330460099,0.0812880347745003,0.591004607836283,0.113299121377057,0.792552685860859,0.0944920400943852
0.977141303771619,0.165975970687583,16.9164856970974,2.57079995242704,0.231814733945868,0.285573204958117,1,-0.144899923887381,0.183388296394166,0.691725459741075,0.0812217732008602,0.768487417983827,0.0893837655707279,0.729637987045247,0.105245061139641,0.559412378852976,0.107038692129292,0.587133317487096,0.115531380534523
0.731405701975841,0.161189868549933,17.1081161015626,2.42923707233859,0.261355219932156,0.255104724138798,1,0.194644797007447,0.148217593163918,0.512357405509553,0.0809647188073163,0.656862235393644,0.0891551858185142,0.742495801524545,0.0908576222202263,0.609051000517999,0.103073537341159,0.771574200048185,0.107335490784285
1.00028205923605,0.165299926623157,15.960403347274,2.5434049855276,0.209607939957952,0.262694699348177,1,-0.371246277835337,0.185712659405156,0.88102653419201,0.0823388206512944,0.717052811280547,0.0907710840363842,0.697687584983729,0.10146392444896,0.684141514828027,0.113710240310884,0.613540684685976,0.135140515568423
1.02672576382988,0.192971223417079,20.9923874215308,3.5143715256191,0.293631355295207,0.279493287129312,1,0.117795464378044,0.182796203225735,0.754457846928221,0.0895829902280612,0.787682893445623,0.105349542160102,0.895635225736313,0.102207881072332,0.704389648713911,0.119050680669438,0.74019777306443,0.117121406707214
0.981738206992777,0.164421512539579,15.9133020081104,2.48247566968545,0.23865624955995,0.240931656935105,1,0.0246161882561572,0.180628701919716,0.675071456129379,0.0907072390665833,0.570189927233383,0.0974083034234783,0.524042586713254,0.103590749087383,0.745138345757519,0.0991184178737153,0.64845193320045,0.126205667217716
1.03507083977695,0.156175339808922,15.873387914924,2.03240830943927,0.316538135145205,0.189119904355425,1,-0.220504853725802,0.168432881350551,0.656181261916224,0.0719304227587836,0.726859235592353,0.0818848352817121,0.616073313537041,0.0866151406788942,0.576480063322999,0.0949870955946229,0.650777056175061,0.109853174581311
0.903574148789829,0.168156465472301,17.8610309683849,2.66967642812561,0.0975244884558427,0.18298400990126,1,-0.40035004013971,0.160602009260215,0.729153917692574,0.0880728235322404,0.777927616288531,0.0870532055214749,0.764530099552133,0.0950794570340439,0.727118055639016,0.104179679782143,0.695565813165946,0.108436872641946
0.848681623405992,0.178490940152015,18.6075392930379,2.89087752766398,0.247628743862846,0.233838088748746,1,-0.0317590056912574,0.189687972005093,0.685910975546119,0.0897786320192595,0.677362800775768,0.0930008181975975,0.779902061332873,0.0914710790708339,0.677061500957203,0.111442528655524,0.798440746132466,0.113095532640463
0.94723808571884,0.156250896161592,15.2765766490151,1.97858190852345,0.546136501145417,0.182409088509255,1,-0.153467343997415,0.181767339041651,0.739821681705592,0.0797805634628614,0.615535357065248,0.104184736942913,0.67893222230691,0.0773340755523611,0.670923485024709,0.0876933308358368,0.67350643909045,0.0920057705184199
1.1249436010958,0.149459783274819,13.0767262334381,1.79699633360707,0.468732445971286,0.209430181513962,1,-0.139635966645716,0.164214122221558,0.731774415591017,0.0726587733026269,0.582838563742687,0.0818576121812101,0.694135541116624,0.0884800075584414,0.674380058893692,0.0968435512488514,0.607464457743249,0.118035267231178
1.16342101719771,0.169163121159618,15.6043056482844,2.39674153738621,0.270441432987331,0.243483300912881,1,0.00381113410621934,0.193933505252963,0.728869584659686,0.0937567987909273,0.704213661672626,0.0853029603806161,0.845079383449714,0.10496650858875,0.653864636449057,0.0963809914571635,0.763264731611469,0.100158277954239
0.943642634766859,0.146150638229534,13.4789985100504,1.68718852962834,0.551677754303568,0.169591616615222,1,-0.181312479929835,0.179700986752224,0.702244555759153,0.0787513465172033,0.681035355452062,0.0744203760014685,0.736687771361997,0.0812438147248608,0.707129682783193,0.0950009921374352,0.51837761990996,0.10691675087481
0.958449088896123,0.156762416928881,14.4371884475218,1.77764678982314,0.690100150237137,0.108778614537699,1,0.00503438571991989,0.212514841946007,0.631814980750086,0.084841445902983,0.646386739192604,0.083988918688315,0.608503184453565,0.0842951771936743,0.65120233555684,0.0899584216468014,0.754627364273791,0.0922665159375568
1.28281195899984,0.159113231038664,15.6747372441168,2.2058521972623,0.493221817386991,0.231348935081384,1,0.06697713591261,0.186473377365842,0.609627460440184,0.0863884860463062,0.791115179662719,0.0761775973638356,0.647039426294951,0.0856831919898804,0.707800233001131,0.0969536208974825,0.654502730033309,0.104517864796385
1.02072971786862,0.17144590720487,17.8100690576488,2.68638204661242,0.355477640640739,0.283017357714173,1,0.193783288677054,0.206882963312803,0.702140774988117,0.0965905947184575,0.716876248198278,0.0957166914685408,0.6060426534134,0.0967362829757632,0.755239383466512,0.101707993562837,0.670011871507777,0.104004556026116
1.05708954874932,0.182362432162774,20.1820320906866,3.29093610396751,0.0957349747396277,0.240448966902986,1,-0.0398241786946369,0.194873152068184,0.703227746977087,0.0975334903642919,0.822861498455651,0.0927818301395547,0.819733299291668,0.0937592757677624,0.644427066506129,0.116818721221601,0.699178696525837,0.130139539174346
1.02407647907972,0.143044007672989,12.4691040308922,1.68553623866973,0.247421887617842,0.198559067912154,1,-0.0757642043908776,0.168359220725749,0.685604322465312,0.0914590563579261,0.570346515509779,0.0814312772489432,0.722117552359254,0.0819307181932048,0.535017710521049,0.101251952159198,0.49757031732806,0.107587149755142
1.2320617686593,0.185895965129519,19.4169227031811,2.93482863719168,0.319346874110425,0.264993601311626,1,0.217887997025629,0.177466889610783,0.642552803073714,0.0914692732256246,0.724080811089478,0.0928251167583104,0.829840467467012,0.0965823341896203,0.756760283408153,0.1184430404931,0.788096619769048,0.11910334454355
0.941840846006639,0.159884191055767,15.9939210163603,2.15334202083471,0.440581346549427,0.18551096672717,1,0.186218853501773,0.184490388178236,0.575728148315221,0.0827311245259925,0.614715314208048,0.0855027139416752,0.671328178073361,0.0954894488189124,0.730494106727684,0.100981308207706,0.778047249169445,0.099650396737686
0.903923311129318,0.153229018447829,15.1303708196556,2.12080249098092,0.179403304209529,0.210439214984186,1,0.0193014230452453,0.165830326471271,0.636512177407537,0.0834231125151217,0.667333911670057,0.0941918876243664,0.758663951105625,0.0938747684670151,0.74633054981428,0.0952435209360243,0.829167600691185,0.105461374906
0.827878857765295,0.162799143607685,15.6224032790045,2.26734962284556,0.391993132412331,0.254226132668691,1,0.0681898126549799,0.187630857263407,0.628107137340669,0.0849279535346208,0.657464221878034,0.0930588603527252,0.713297539894489,0.0903934169610278,0.724940405990086,0.105153939071806,0.658050834771791,0.119421761733518
0.842417100495277,0.155258690973945,14.9231562870638,1.9179879919487,0.546492129252957,0.191863523259211,1,0.233329823433763,0.178330799309547,0.584338093454523,0.0870394353148039,0.607170613926324,0.0779471167867899,0.542529865882133,0.0869309360633472,0.564508692157185,0.0919715656072119,0.698435856545738,0.099007039856837
1.10817340378725,0.179860353493986,18.637978310556,2.97234166552851,0.0471187540291936,0.209907037370712,1,-0.0711152972810042,0.194013416759133,0.756704422125192,0.0930507980236233,0.794486681928432,0.092124537171487,0.751710910655353,0.0952893747070087,0.744113495807338,0.10892505617828,0.876022406163144,0.108347860923642
0.597079800788116,0.153900860840183,14.9338993909573,1.94365138350021,0.608999261283542,0.177405608389967,1,-0.256984968243923,0.19197276166262,0.764430424001072,0.0892698609849286,0.787811507157564,0.0850277523916949,0.636363317978185,0.0824066412985678,0.496741132626796,0.0999149126473744,0.67979139426144,0.0940139235368396
1.29375118854158,0.180805721592407,18.2441593191757,2.72045506992239,0.097187401041741,0.218323941088937,1,0.0366262096155141,0.20730325825946,0.816599474049328,0.0913045642112969,0.665572283468479,0.0865941886373166,0.801772375053155,0.0876536205616355,0.758069840554626,0.103239087526506,0.84849631025005,0.104805963188227
0.88443377098364,0.190528776461922,21.5481447450381,3.26946762536436,0.407464609955167,0.297426803260991,1,0.159256769235245,0.204866841422554,0.686101193136995,0.0880154331545648,0.824691598717185,0.0990428827198613,0.841884615560066,0.0911550106440622,0.597460900303329,0.124400767472722,0.857761027377433,0.10290390394568
1.37823612215553,0.172256912924095,16.2229217835067,2.17950706389245,0.527078792827927,0.283108085588808,1,0.13065102962536,0.183590052994997,0.608149713074925,0.0893718509801035,0.773731575252629,0.0813368150850624,0.859269750540915,0.0855790917295315,0.696281937634778,0.104383864586875,0.747887671146114,0.0976433258086175
1.25627995276957,0.185600462431881,19.5712217922995,3.38080202471362,-0.0240235783634461,0.192756312370156,1,0.301279844940409,0.182247116090119,0.680153773840667,0.0956293841507124,0.828561347734096,0.109136772588011,0.698479543127647,0.104380857931755,0.848085958922248,0.118832067039654,0.779260833252526,0.125545180748524
1.009014539501,0.16608581036033,16.6096722505135,2.39489167294277,0.297416838355381,0.259990439563716,1,0.00424680508646231,0.184501684178406,0.551477620220176,0.0885023814273233,0.600208063349555,0.089308754431408,0.701824210188485,0.0997831948181717,0.627717756315651,0.116188270537571,0.64114972904831,0.100843523816233
1.04075871828826,0.153731234826497,13.0378220594597,2.00926450722132,0.0620554095395136,0.195873899364576,1,-0.000515471267516208,0.179520257210355,0.66071810761294,0.0866135036847633,0.696371097977725,0.0955889579237275,0.649510848328351,0.110815179972357,0.712787329027595,0.100404946781794,0.688953886690214,0.102172020449613
0.57675664966793,0.171576744127223,18.6411785038298,2.75584557601263,0.405621580548766,0.281477657084036,1,-0.0910737953714588,0.231996661932751,0.812236138456907,0.0792729663471847,0.712907879829704,0.0872545501122228,0.841596325847921,0.106545856800903,0.532652245673595,0.127689482771977,0.831843465237956,0.111015061206752
0.851699113010031,0.174104349275869,19.9902833733751,2.58728018706564,0.351250357475437,0.209977697135618,1,0.0760119200147583,0.155652592383668,0.746959721187666,0.0828093472302974,0.60332746685188,0.0935340353155398,0.741937808068134,0.0987737052278862,0.64689978279753,0.0953747474491967,0.863815597581991,0.0994094867821751
1.05334245843714,0.169442261259543,17.9220558342553,2.27727367973073,0.686747281692852,0.145272810228549,1,0.0641522268306945,0.195039632112684,0.761772049100034,0.0814552231989503,0.768426116141232,0.0823336518472191,0.676315842876548,0.103509480481068,0.738500230431856,0.101611607449225,0.78904337163468,0.090684773961667
0.858426584627399,0.156918718472857,14.6453862582547,2.23761595042624,0.138626912860331,0.200586711179958,1,-0.0575553186326637,0.1829398545717,0.749092284270009,0.0903698964951849,0.596877704057496,0.105709127892237,0.696877513393441,0.0879288447142681,0.553856943691938,0.1276839989404,0.558622192443514,0.122133840509707
1.49112815853362,0.186418443438749,16.418484654705,2.76881265539845,0.0334315146315566,0.222207898844147,1,0.336440400220726,0.189365684625525,0.810179901204251,0.0958079081139785,0.646658108708251,0.110376576807388,0.701735710697043,0.109065312522506,0.853951186726633,0.0995490495806086,0.701639034316793,0.114790409606124
0.800983312109322,0.154243072373702,14.563339673834,2.28810510912006,0.142478247785532,0.222782810482357,1,-0.1450704392692,0.186332769542208,0.664500204209303,0.0980590828779771,0.776808492708267,0.0852493072351319,0.696647163644772,0.0993977032137778,0.426243058845815,0.113372592960396,0.696666600511186,0.116469217658905
1.30057190939178,0.191513649709687,19.632025585737,3.34339584666231,0.0914268323055917,0.240325438888335,1,0.31139954539873,0.204415796227382,0.710031190839205,0.0995166906407028,0.716697718241893,0.0946417365530466,0.829224814498365,0.106921068406797,0.698076146570108,0.121808801330144,0.800118114101433,0.128068180441631
0.825075836760533,0.184748719643653,19.6103552155722,3.1119109573281,0.333672612975084,0.313871869625797,1,-0.0194724674452562,0.183951438203985,0.717002045959894,0.0856156600062186,0.809827648680609,0.095632305887255,0.70114084365177,0.0972156681452717,0.759682174613947,0.102851482822811,0.817177643954927,0.107346831428127
1.27429439687009,0.180064620289,17.6966095381726,2.83775006460552,0.12043462479068,0.249863944787649,1,-0.0953672797675185,0.187425028797265,0.883841537585557,0.08598206208157,0.797943268316837,0.0987373337984981,0.69700629194899,0.100161800870305,0.769037352392334,0.109962596884313,0.876523678661747,0.114353845539782
1.02028309473854,0.172294148267639,16.8887853534157,2.47873002743629,0.369831051593996,0.264191031707283,1,-0.0652605755166817,0.183569888644904,0.687495250558292,0.0947149561844538,0.66968587543394,0.0914112860541391,0.86392863508688,0.0911058864039523,0.720739471104444,0.110075482238894,0.625014716595368,0.120121678505673
1.14304355769717,0.146846548383777,13.617262909997,1.61828340207533,0.564054966080989,0.188880588992763,1,0.0520038697211673,0.182130960344565,0.742721258410491,0.0847256406387099,0.724444318817584,0.0801528084946647,0.648832108078616,0.0911649439542697,0.642989000632313,0.0887940662636155,0.761134528384324,0.0860709503352819
0.776191946221799,0.156022814904102,16.1535702318106,2.08145324233028,0.611062533735339,0.168499110528588,1,-0.266007116287315,0.182085646842038,0.677382350323516,0.0763324748355098,0.699859470646519,0.084979205707514,0.643423537159053,0.0928087352556422,0.742881889751889,0.0945507869977368,0.838764668304595,0.0902068997201159
1.05514885935167,0.181037678088021,19.2747360119516,2.96093152624339,-0.063715248934121,0.172673345656297,1,-0.0461531452375762,0.215039177321566,0.730463358709761,0.0959722085666219,0.790711225103995,0.0945912599890881,0.811655439700824,0.0936439039524663,0.675869109002927,0.127924719570065,0.582201164661662,0.120770449476617
0.874886922667147,0.180312452220085,17.8970464270564,3.1471459503278,-0.0739993317553048,0.176057907234055,1,0.0994303740390845,0.187680737558541,0.843947231255642,0.0970847616132051,0.667308483536953,0.109854685874966,0.834181965239498,0.114645268187809,0.651769822740936,0.123392970759134,0.452128726048044,0.144233668650012
0.872882068721855,0.157609813124414,15.2276585806614,2.05467409774658,0.436528463649964,0.236264572765701,1,0.21127616420431,0.184682546360794,0.651543122676439,0.0789985669147476,0.736430663405887,0.0925327585760304,0.697061867400312,0.107856519544296,0.514999602986898,0.102325895227419,0.657059321190745,0.110544312828618
0.885587425143303,0.15539848177519,14.0628475428979,1.73829756126953,0.636556402788898,0.12405562754213,1,-0.000101139150303343,0.201229344787278,0.642900670632868,0.0821207209094307,0.654896239187354,0.0798919277521104,0.628560009210377,0.0816534596960612,0.766494781553245,0.0851291834965751,0.410706933030258,0.12748423539556
1.18095901292672,0.162509875334581,16.1727236477043,2.25350204662108,0.285641836638056,0.197752164390904,1,-0.0265790932996758,0.161702943421253,0.728089661331898,0.0753847494229561,0.725721145963855,0.0873412323718637,0.815989601346723,0.083300092939867,0.654869660534169,0.100828913889329,0.594299049100059,0.126042287926782
1.17519008926987,0.201895742094297,22.8554953410646,3.97968807708373,-0.148515452886091,0.166772047770762,1,-0.174540835470862,0.189112309567996,0.910666842593108,0.0898933026301409,0.832672908472569,0.103548857364893,0.736064367166416,0.109205132860201,0.940911290381684,0.109560367799235,0.821195479341702,0.134084179010394
1.08639631021929,0.175770053001812,18.8564591337117,2.47245529582502,0.431598836259961,0.24433511709029,1,0.070777923892169,0.161953090703941,0.66322363173679,0.0759905870242913,0.902741962613593,0.0803285815622917,0.804599493684706,0.0863234408360786,0.841333577251355,0.107704918196112,0.816404270912488,0.108093844858527
1.09670827919375,0.151936723873733,14.3397295433724,1.80304631655661,0.458251655213755,0.208593974484242,1,-0.115453141002108,0.1719731680175,0.666433506163095,0.0793534696069992,0.578301439462519,0.087398082321571,0.775608858196046,0.0778911266166767,0.733456045382448,0.0907486543183738,0.655053060007534,0.111259512354536
1.34131777282025,0.155995580532807,14.3300403743133,1.92605097831024,0.35743699304421,0.250348879538128,1,0.0178902245748631,0.18047028293416,0.647990975136345,0.0788441846993107,0.686964876015511,0.0818225417886024,0.515471345095477,0.0941755852354446,0.597596910403832,0.097745014317638,0.745628291950819,0.109921072485217
0.953766065788794,0.172315154746019,18.8525971301466,2.57253718055357,0.373964565444047,0.264231005640863,1,-0.138847442167821,0.194241627480322,0.751598364293478,0.0910737196693859,0.737553992274386,0.0796412533195027,0.752420976254607,0.0946598845946996,0.545695396697779,0.113212439000845,0.639881492669449,0.101418077671643
1.03592155980667,0.180623029087934,18.9336956255956,3.22414591857044,-0.0523188824385393,0.165418250925054,1,0.118732976996379,0.175061683506687,0.718793571054319,0.0953683466977635,0.757319839941322,0.100295139552216,0.903865671678358,0.0977385469024657,0.838491608277263,0.11739274219344,0.629499770170053,0.132859966090312
1.03314724930774,0.164627167766617,16.2883523966741,2.43293074655725,0.204557288496764,0.251503443941259,1,0.0333843168272916,0.155102979519852,0.596784452222606,0.081001638593021,0.72908345865225,0.0940919593284052,0.697903303442152,0.0917008884725616,0.736118457520949,0.100835413789059,0.682561257232381,0.131834879490695
1.02691095372164,0.147653387646561,12.6651646238552,1.78321509595785,0.358879066262873,0.216553579135276,1,0.0143718134783254,0.165548090248227,0.612215633971917,0.0765026569200057,0.618366506795149,0.0858905775293017,0.769819503673678,0.0905311866091083,0.629282828764167,0.102595405466528,0.669684835111096,0.121592784582273
0.871268702797263,0.154206589760829,14.8388690795642,1.97137574790136,0.504654769766875,0.247075020076995,1,-0.0904904205429153,0.170577335044285,0.553205477896107,0.0831355611036277,0.679240405540063,0.0839039869019372,0.749412145833272,0.086734384585919,0.716374072518966,0.107422102035708,0.670240526784053,0.0996184661396902
1.15935505033032,0.164194673178414,15.8153311394529,2.33536218047883,0.311231557417154,0.286603764831128,1,0.188456630399014,0.161809110449647,0.63184011214221,0.0778757714342873,0.736021394871368,0.0820317061337658,0.80946056631613,0.0993298633564139,0.643200205689884,0.108621881301012,0.602800947936939,0.134880460313194
1.03496881417942,0.17188340845085,18.0615357523017,2.58971731411251,0.513243465216263,0.239374266930335,1,0.0249342412816738,0.194505275154408,0.697962008725832,0.0830583981772388,0.675602337567461,0.089108138351493,0.59117133416051,0.0908857890849565,0.699398948428883,0.0941309086514474,0.587899488395505,0.105914423947652
0.878059421256181,0.157404055624349,15.3200206081304,2.31981774768203,0.302534900589153,0.247106688772843,1,0.133900084173661,0.172953144567571,0.655839876564672,0.0813753759578988,0.652822229446325,0.0988645417396322,0.589315688705242,0.0990965072892898,0.709049748368443,0.111101932304312,0.571606340233941,0.12183188852171
1.0239083130875,0.160588750222906,15.3337937345858,2.33145561524208,0.250787612443164,0.231856954757103,1,-0.092206244943273,0.163077142328199,0.760850399367421,0.080262111986899,0.693093965078267,0.107569560532935,0.61292642066559,0.0978011698906581,0.562609241186851,0.11826775174432,0.830898959392048,0.104401248257988
1.45944808621537,0.20884700152238,23.6428926437051,3.90087188198843,-0.209577108300178,0.130905934815484,1,0.0715706994497419,0.175821474892547,0.914642156754458,0.0928785168081955,0.797147160778191,0.102377341666954,0.841018529384974,0.114246671905004,0.980651322346493,0.112224765300152,0.982205696876788,0.122317336057049
1.07602121028438,0.163139933252981,16.3167871624675,2.11135797798504,0.416209744942364,0.232255012230566,1,-0.0362994399800162,0.172876717554323,0.698802611780157,0.0740756158833278,0.743582143326812,0.0835079434150385,0.745486498566336,0.0932468306240802,0.693218841520217,0.107921356139747,0.758196904399852,0.104946814030154
0.895482492560414,0.163663007098329,16.6651397235265,2.53185908440731,0.272496735934239,0.255985443913523,1,-0.383073087263833,0.182346472662685,0.690217396907509,0.0951553631428866,0.779395713059064,0.0948825315294395,0.741067491047626,0.106477041682588,0.682371124288671,0.106311382230126,0.724906212187659,0.116841680552218
0.998459622298342,0.192662803554817,21.9557655487074,2.96084725525612,0.781636631506771,0.0787961212197845,1,0.292418489525028,0.221047432003676,0.710708176182761,0.0795185876362081,0.689160029853917,0.0762414949588354,0.924325250744877,0.0960814958212605,0.729708592682618,0.098182791610213,0.684829903011648,0.0969646757227123
1.22324122530869,0.169843308328263,16.7164220257875,2.25668069945548,0.57903719273422,0.168354167563635,1,0.0259171013828168,0.185468722171046,0.898485584284715,0.0727403091029754,0.706893638511568,0.0854131711520097,0.750060959178206,0.0813304442744653,0.726151130490725,0.0969453019538573,0.810076940456329,0.103011532673274
1.00521562681234,0.195353600552305,21.9279291652341,4.03836932466971,-0.14852074287805,0.181549814687595,1,0.142382850838784,0.172280558090042,0.771390073301207,0.0905182869317023,0.830704319414465,0.115907889900464,0.80398102510106,0.104354454493557,0.809307500615041,0.121690581563298,0.921284572637603,0.127552512296519
1.25009571392122,0.191590138319153,19.3031006306762,3.33288846458194,-0.0479433612314798,0.218917616003946,1,-0.122406128134177,0.207854534118097,0.829823419414306,0.0944312223033403,0.890761882164768,0.111028097329608,0.749725259001326,0.110427124989753,0.883295622972929,0.102204111463643,0.800161146887756,0.109967593962007
0.989802436569229,0.195457672366889,22.4005837472846,4.05036767259467,-0.100245766108049,0.204656531307308,1,0.0624160246696316,0.169854590502594,0.854506507754682,0.10561745498699,0.804741859994917,0.109128925263222,0.871362946805779,0.107086349084614,0.855823425402088,0.118898314693526,0.862631919661915,0.125482295879337
0.884401711262737,0.158400841768981,15.222646989952,1.96033804565494,0.561808090119158,0.257974500131324,1,0.0600596601173671,0.190467441746359,0.735842878918379,0.0864038424692656,0.674344183358181,0.0787118476423583,0.572933420357451,0.08989416973381,0.757291516930243,0.0881713913996378,0.664768772974166,0.103283869274537
1.37463256906264,0.184311364661474,17.4239091390494,2.9904158203297,-0.0400097380836455,0.192948407199699,1,-0.0916108224911533,0.177271780281866,0.804248974104668,0.0926944746606351,0.778445523576426,0.107944862935807,0.720235122515544,0.0968542975105629,0.679904699605855,0.11680221250925,0.712676354562331,0.117253388835742
0.800037745391862,0.148304247078768,13.6007726025161,1.77188564521204,0.701454811156168,0.135559081043581,1,-0.00337318870959244,0.190653219812094,0.739662987360457,0.0786234016653426,0.789318840762911,0.0809139596404389,0.539320640324052,0.10065287513972,0.813671874678308,0.0825460927443023,0.719705572211059,0.103862199117879
0.995659847688948,0.164821644347691,15.2687848148063,2.40281766686215,0.0871144817837507,0.194702173089672,1,-0.233653545137576,0.176926446524188,0.71263373791446,0.0899866088469706,0.563147587851677,0.0945690320002009,0.769501652811558,0.0952185540312847,0.61602541375398,0.107779346027402,0.69160353292616,0.112576090227953
0.815328622966203,0.179304198416603,20.258462656888,3.26614043129501,-0.0317492962480882,0.187123673769496,1,-0.0760273367713012,0.189627441728797,0.874881583744773,0.0886240389746472,0.79352964493115,0.0982969038434631,0.833948135089995,0.102208072496991,0.841565734496394,0.116210545579636,0.714731536037397,0.120707001790727
1.0279476399881,0.161875509247419,15.5597017371359,2.35980329667818,0.268824613477248,0.250849454439169,1,0.0993178221606797,0.176892008095799,0.656430151095121,0.0859154155119383,0.748526777118534,0.0868224277523096,0.760649732093219,0.100413368503996,0.572122308614457,0.101031286667998,0.686420677859934,0.109195373516712
0.586896036884887,0.1674122623084,17.6717571700005,2.70630170048623,0.234903628357904,0.275195183908872,1,-0.0122490428073521,0.20181222542749,0.722121138155261,0.0995481502386185,0.603329795065701,0.102377733137072,0.709187775472257,0.100264725183913,0.677235116309976,0.106717076866131,0.726903194292452,0.0974930349554344
0.785659006395847,0.156920754235568,15.5020268162293,2.05767587665724,0.515398311820198,0.206934844364105,1,0.0285345249704425,0.181652921222734,0.59147739841695,0.0849072570998767,0.50557563200605,0.0935791172861455,0.596974850820759,0.080500539736806,0.794942375016316,0.0991572546006314,0.41908440382982,0.113441615245776
0.809410622837139,0.149440657602991,13.6642947575806,2.07415755183846,0.264885265603113,0.248822893903346,1,0.0355403437571343,0.173023212606824,0.580044306264115,0.0831513320897276,0.661559099271921,0.0944884103385264,0.649284941500985,0.0985633500431179,0.582991994297523,0.106860251797554,0.580111543172252,0.111842371712114
1.01350909197149,0.186831259124121,21.1795488576623,3.58444386915733,-0.0668550056367824,0.175689473987897,1,-0.116054922580673,0.168896821052488,0.85021941266463,0.0899614178731437,0.68105576863916,0.111857561692911,0.837024059550806,0.112519587840524,0.787779689924254,0.112094685604588,0.648181957470259,0.119160625951554
1.11699395887239,0.196248963089659,20.9371879398479,3.9392382669538,0.0352524449991383,0.209571570558957,1,0.186240634987342,0.177226434717637,0.771043230836786,0.101021915829174,0.686865567259356,0.103922793797842,0.747212526453474,0.117581421477698,0.762270340931147,0.120365829356227,0.754546991101802,0.128628094601588
1.22561016200378,0.187004314676832,20.1757019273468,3.30942130416253,0.187783602383179,0.250967943760364,1,-0.0167513271324028,0.205421957388677,0.7530871551367,0.0998029797465383,0.74523750942604,0.097349868085653,0.753147497191502,0.109589723614807,0.767207648048636,0.112841348357884,0.961071071986495,0.113112309335107
1.00062025073813,0.157576687591834,14.0204248125531,2.12536070787189,0.255321102368691,0.240515285074841,1,0.072854801754478,0.179395649653212,0.659032587488581,0.0899629399558152,0.588696431489975,0.0959442404865604,0.779050310807518,0.0925158399618403,0.719154601754663,0.103350728559145,0.54190668998538,0.118880193575465
1.11158437231448,0.164189718795045,16.012143717553,2.40340863661729,0.162606916713275,0.22181416156031,1,0.0421620139831363,0.172922069392971,0.683728405075641,0.0901116547390456,0.640121143629292,0.100801249007671,0.733140901583822,0.0984127700473746,0.656901510039085,0.11061021141342,0.694289845928574,0.105433161673453
1.02552069365093,0.166814266100317,17.2779562035688,2.64909044884737,0.205879444276133,0.246120295177657,1,0.14351148997671,0.186659845604959,0.706964899609629,0.0879982039679391,0.666036345203085,0.0959725719719606,0.777400569481313,0.0981671417302757,0.805317864626376,0.0898871454939862,0.605802084431213,0.118105827564204
0.918322062307331,0.186537858558128,20.7649684753606,3.60798647981233,-0.0272418829615854,0.190269980111063,1,-0.0299333777861242,0.164310889500728,0.607739747419369,0.111025079420623,0.833079158679479,0.0962634595177151,0.634652653273701,0.116925388008585,0.866893799019934,0.123216997134417,0.869952626268784,0.107145447955788
1.09658859995178,0.166693252346777,15.3119858351542,2.37579293550759,0.237892066594476,0.233003274777353,1,-0.118025787278801,0.172075265940168,0.73827438000551,0.0903208371003238,0.755907354529863,0.0910605716289822,0.812263109741988,0.10700800063953,0.552910667060568,0.105263333187921,0.822856068769203,0.115684686152645
0.98561690998708,0.161155402022859,16.0423063187295,2.34291359177833,0.325645339626485,0.223969123694111,1,0.265879714361691,0.169351810356287,0.636973133272973,0.0806066707445144,0.715647194612746,0.105260079309787,0.675935779369934,0.098583905482577,0.828590410702712,0.103136951212742,0.693866989577016,0.108160290079009
0.934710562337322,0.166600635609097,16.5798885649452,2.31459759229177,0.362289110392954,0.245119176031399,1,-0.138933962665812,0.189929047332148,0.815011469697747,0.06927761011777,0.644398539806666,0.0868239625642087,0.681025331424439,0.106109831161244,0.677003723623556,0.0985021175536983,0.765786360781363,0.110105467327298
0.715065390929061,0.15821315272419,16.1350989912351,2.19713893379125,0.601655792517039,0.214529255182104,1,-0.0690504886239327,0.196412256036197,0.766201567000003,0.0863008861850359,0.642661760900079,0.085234168102118,0.700704217964708,0.0979591278581474,0.544811657274963,0.109951840164614,0.750636541601663,0.109595587759981
1.01828180345718,0.166045847064785,17.5433212556735,2.23898785380323,0.454044537182945,0.197298593189776,1,0.18962507481351,0.169886608529782,0.687934083153104,0.0769799094013907,0.72553411808651,0.0815215852501158,0.693825070419334,0.097737966198796,0.685306215646335,0.0950702965602922,0.64999741721151,0.0959460191775879
0.984548177023064,0.18023263032628,20.2388938042425,2.80974081496426,0.45630327015683,0.199887207113114,1,-0.393709454096597,0.184559177798416,0.88483539997679,0.0800369252080296,0.54678162994874,0.0929195902459606,0.769692782217937,0.094813332637487,0.72442912652746,0.0956617991000212,0.791735067101758,0.109960640521611
1.06798754151512,0.17052911509338,16.5746041380851,2.54782608235965,0.275621571045653,0.259687973881809,1,-0.129417906972539,0.167256614043774,0.575288436413318,0.0934280266067326,0.609492206526301,0.0930835985637943,0.670556018734577,0.0961816483780032,0.828470069831727,0.0965056366474691,0.569582606211871,0.131775298006639
0.703469285561165,0.146486992532409,13.4449401438744,1.80115783551096,0.609551297954705,0.170513156909823,1,0.0628308585175907,0.175607524687329,0.671976596682959,0.0775307838643356,0.719460826101564,0.0769213045332757,0.488995985893915,0.113712074160416,0.600109831444048,0.0880423587073926,0.652890845416272,0.11352004374995
0.900850745515085,0.148267459314298,14.3724966128199,1.75839424519591,0.609737780676538,0.17757867148302,1,0.0245582532303671,0.170735731946312,0.698698072059414,0.0807064569464182,0.760263843517501,0.0789706744961558,0.65323744299114,0.0873254567980344,0.767096669019623,0.080237939580148,0.628299829641502,0.0943982013946432
1.12116798591383,0.173695069158572,17.8631580280644,2.50063823537243,0.269393717082523,0.24860911820732,1,-0.304318322871739,0.187621641919,0.856375103327981,0.0743573905416878,0.822469258839574,0.088172336244989,0.698779694430719,0.0939718105516469,0.820385119828285,0.0966283836868434,0.684121907076988,0.113462483212993
0.959074492714058,0.145534035489998,13.3462350544354,1.62118457590317,0.601845486438633,0.171054211662426,1,-0.090062038111215,0.172748875674193,0.669363168865876,0.0696454233096691,0.626654798783431,0.0842357388745645,0.682573563314886,0.0817447506874342,0.672779900816011,0.0921350345606328,0.660917040982585,0.0871195089213187
0.91912954279982,0.152472551222953,13.6387244350314,1.75898155782924,0.511195207817189,0.250704098399045,1,0.140618708318329,0.192792150014481,0.67654894435484,0.0771998057291201,0.686002428785826,0.0844543065735704,0.767237055248942,0.0858778207709891,0.637096895737517,0.0898385787939441,0.660486350291941,0.0994417951873703
1.01434260330533,0.157980286929881,15.1940774601554,2.22122303663853,0.264788829574728,0.240006104301767,1,-0.161998520561163,0.171734945852809,0.689620761252639,0.0828477359395073,0.628363042444819,0.0957504629583701,0.694496540503206,0.09863345602413,0.549888405617602,0.107949184637205,0.851445358779153,0.0991651816814377
1.01692979981617,0.164735395515941,17.5416174523909,2.27391226596943,0.351332857176021,0.267998170048316,1,0.00494511314254328,0.185140264666331,0.744515355368319,0.079149380159837,0.544259195757459,0.0905917400961395,0.748952823561885,0.0972807922387504,0.606911192449943,0.100241082577035,0.676904157003031,0.107174583099369
0.883377284030742,0.178290966530705,19.1378264073086,3.03442095897684,0.380839977522336,0.290231458689354,1,0.0228252329992986,0.180521150180229,0.783146854286844,0.0819585338377328,0.542319662571847,0.106624193347078,0.816641074184556,0.10536586153422,0.624562390742701,0.109413137935996,0.701499801293443,0.119631204775274
1.40340220309332,0.182080610557394,17.968962252411,2.79025932040973,-0.00423274405762111,0.188791277781726,1,0.308024243581662,0.193956628644874,0.722317871102381,0.0916137975421226,0.785246085489951,0.0923497389359171,0.857786519443732,0.105482974847873,0.695240455878074,0.112443970876538,0.746976516361756,0.105431956952169
0.989383190121902,0.146546879394382,13.0497482143347,1.76708084005654,0.50948299645437,0.247696531519167,1,0.229476301012953,0.17269751444053,0.609217411282322,0.0759022648566762,0.650299836859598,0.0830824560233892,0.685044422860818,0.100852384317381,0.61920993943066,0.100499749810673,0.772529871907328,0.0982556181017156
0.982842366038361,0.157362442694735,14.8325387590765,2.146922978518,0.29955842486455,0.260378682917115,1,0.352190398102503,0.167323379640034,0.715584644416373,0.0825616199453469,0.685155154731988,0.0870304912892103,0.769783377007011,0.0976874488367834,0.627750912355938,0.10504067745775,0.596716984541835,0.115784363062989
1.20270727130104,0.163778834602757,16.4462039986152,2.18057055042747,0.532363649316873,0.160555331907269,1,0.157670867801339,0.204850547527487,0.602504340475567,0.0937974435686173,0.700603270248741,0.0995552489875601,0.523660889182434,0.093925129914222,0.726758028985468,0.0822956499821473,0.620510425412873,0.100429815488314
1.12740209081615,0.179750686582662,18.7332193809162,2.75343192164735,0.466219560494546,0.250484347833875,1,-0.128383732903309,0.184474737075079,0.743186882502294,0.0808301317665298,0.716336626737324,0.100568648978824,0.77656813869746,0.0892129268658864,0.810174629384084,0.100499456121764,0.708607733283671,0.113721546959338
1.19214031431557,0.17071010430374,17.1010484923579,2.55939746214373,0.248780814295815,0.206459963080766,1,0.117548463427338,0.186182781993581,0.748066319410855,0.0814011258170582,0.69944744769048,0.090519104997975,0.677296977221281,0.105685212170095,0.829820371318813,0.0973004940880914,0.679625957086917,0.115725688194178
1.2969067234839,0.163833051534625,14.4961326232148,2.08480968594218,0.105240284176048,0.211892333582932,1,-0.0201323262141087,0.160805891319616,0.654634172800254,0.0857165753135367,0.657493522346256,0.0895233080139305,0.794412859023151,0.0963702390415785,0.822111308767638,0.0968020091009812,0.653080096843808,0.119294522376823
1.07310476129847,0.157774886903856,14.8743509763672,2.23545292281591,0.239636656983291,0.206136228446104,1,0.191803774089737,0.15552208427163,0.709242481551213,0.0761944391997038,0.729682047557675,0.085590938752905,0.64349039754205,0.10656864229819,0.69796816802681,0.105770164702,0.830312332011756,0.114712135011436
1.15848494290717,0.179627474614016,20.9792543475376,3.11806947125457,0.260325352295647,0.236452302958792,1,0.196314729056134,0.171705462321003,0.754342025980159,0.0817085565434004,0.713533796756773,0.0899007494035265,0.76784505068637,0.0948491575176538,0.628498112316064,0.105514789863557,0.72819956809622,0.115923258585642
1.02996572093177,0.13574605202273,11.7884502370695,1.37028940701886,0.514677214820461,0.148731665981552,1,-0.00543157969016579,0.167978407982461,0.557615177431337,0.077961749057859,0.667077376316779,0.0731937738523428,0.794219488186438,0.0860269343491687,0.77733559683173,0.0973925009079119,0.548693908838454,0.103103547397126
0.857180895201626,0.155605155017989,14.839675071204,2.16174190251459,-0.0493961568191403,0.169434472033708,1,-0.187389717332591,0.156190914991871,0.638143010626347,0.080247663305428,0.694704427055928,0.0900647503715394,0.756985903987873,0.10489651706391,0.711008674333728,0.1062400106003,0.72521991894811,0.108856913071089
0.894771716657507,0.160462050884702,17.5398524770855,2.42506094513836,0.343825011576407,0.199087068535267,1,0.0316592947868629,0.191985260596547,0.747019365657199,0.0839693206530347,0.620783858009837,0.0868208693043541,0.770001140422147,0.0897436081609623,0.875918665441841,0.0920955102617678,0.62161825014253,0.108172556825644
0.881805838537221,0.150764979861846,14.611154352194,1.94052849672589,0.503209320230288,0.221314861060231,1,0.086334897601325,0.167594504829457,0.746957938218008,0.0767566940225943,0.539829746716176,0.0967664588034687,0.532970424413064,0.098954776106932,0.629790819559401,0.097317284663058,0.634476910581863,0.101983300023198
0.854724175852843,0.200350456658781,24.0376101701749,4.12842744454304,-0.00189886410010665,0.203303773379079,1,-0.0532223333781037,0.194862614488692,0.837006274722726,0.103141085229501,0.580146229888239,0.118654671463695,0.930440787082616,0.103134371754045,0.642100277872665,0.117790498698911,0.818964471053334,0.110318840022616
0.956005753873853,0.157724072995519,16.3794790156669,2.35791563369522,0.153948008015379,0.204336004747074,1,-0.0890106162349776,0.177917349266909,0.578689915021241,0.088509661025357,0.613738121244749,0.0873888576601328,0.640229887092072,0.0973105674309447,0.656896062998749,0.104851489078528,0.591166989839864,0.11512017775397
1.16857725191756,0.169475479503957,18.2694602748406,2.43460513157794,0.476763457126787,0.24602342490395,1,0.309287014737209,0.175522427761993,0.589695355326753,0.0873373609950559,0.815270170480369,0.0800223546240222,0.748189746430172,0.0990672120489266,0.705958879771765,0.0852823411078603,0.783477315925712,0.114647465570452
0.920642661544958,0.170476700959979,18.0096648388324,2.42278314851219,0.704491773524678,0.100021803011901,1,0.0595118537306185,0.213124827165268,0.76161924170825,0.0926684969651742,0.674723997342571,0.0923982219829624,0.738948139696167,0.0972022345938234,0.774632058128652,0.0767410794456459,0.694700217151617,0.112897587705837
1.11945402527401,0.158926192122031,13.957106754611,2.14883722331495,0.295001570447676,0.285917865666598,1,-0.0776675362722105,0.170769319870036,0.668614767892426,0.0881601858622274,0.551417250150226,0.0954609877662064,0.599413957858885,0.0893991409718037,0.631761411270173,0.106003632217227,0.774275630442577,0.10557228797443
0.729184985561983,0.14886124099206,14.1181911974026,1.97132223626026,0.355298688840948,0.227155650586735,1,0.0942574911696719,0.189278539834685,0.644346850746165,0.0842830636558511,0.511427511264762,0.0985459731535842,0.599509907309735,0.0906008042635225,0.616015060084975,0.106049834030243,0.594235673322087,0.105126504720523
1.07726743445996,0.154973768846376,14.6455736591099,1.93781851281631,0.372164290299862,0.185721892737539,1,-0.232453643817181,0.164666495160823,0.745668599477013,0.0747419059299791,0.623334419065162,0.0839315288895209,0.562795678026589,0.0905070666667645,0.847981425752351,0.0918929313141989,0.626658742895917,0.0968282123949799
1.09818022197415,0.154482048288149,14.0085106911421,1.71468764853033,0.627504817621795,0.141169960721232,1,0.0906819638289099,0.187714130447749,0.667289449523707,0.0799219350278855,0.69759030767803,0.0833616400929154,0.752492959668783,0.0823075193741267,0.788362961500415,0.0773753818286422,0.41554755508515,0.105945415039269
1.2423901585932,0.168802684034727,15.5767082226723,2.33980838232523,0.30852619045315,0.265097742973983,1,0.113109275567972,0.166680944568473,0.72561724716475,0.0864347934559444,0.602044919029218,0.0910073969519874,0.717103863073112,0.105379663699359,0.6576502235198,0.104092522684139,0.59307290989494,0.109557207691868
1.07470541045975,0.164561360657144,16.1627039193534,2.44730889905117,0.154569091480717,0.22357480249424,1,0.131951848630519,0.173304607980356,0.686026013282903,0.0920734397806023,0.808392385627722,0.0888156134678029,0.676644419848575,0.0952974898650632,0.721443230689963,0.109717544006696,0.716491277536073,0.108376283097928
0.996165761373228,0.196608757380085,22.4881911010857,4.06511075901491,0.101902092134605,0.260904843302817,1,-0.196571198283041,0.18593558686703,0.815303495419763,0.0958487410174663,0.796916735937313,0.108088512599186,0.707752063416613,0.111204646607608,0.749707191952255,0.117368562578784,0.820669523748237,0.123646828253155
0.909376246080602,0.166707159220876,17.762802432561,2.34132327274689,0.624519039406028,0.201074050899446,1,0.151460706513782,0.191929584522848,0.809159513194502,0.0705288527894393,0.676405804533302,0.0832671121213394,0.671466394412983,0.0895641240396016,0.683756799482575,0.103041040289574,0.817110357266931,0.101861093012732
0.700043758432202,0.147719733728862,13.6514878245966,1.84234507432965,0.34403852941725,0.231997381958036,1,0.0405758076384712,0.159525963289354,0.631792152163908,0.0777741391311784,0.70825630177423,0.0775873741355171,0.609045293182581,0.09326827867646,0.58174888660936,0.10877979879324,0.688175199886005,0.110875466391347
0.860793451540535,0.155424749308355,14.6761478520199,2.08837350598261,0.080306276797171,0.215550980560318,1,-0.381344797660081,0.170917494819175,0.746566344927974,0.0811949277676165,0.750320430069522,0.0873757715208058,0.688488538686074,0.0946313292570945,0.714100338767141,0.110640602308738,0.800939308527869,0.104710391504366
0.876019583094709,0.149725797854546,13.922233486133,1.67578289330584,0.538763192467572,0.188736335013281,1,0.0816182194395336,0.179685043392861,0.675268684998604,0.0748866725047236,0.676940509627528,0.0887773329060641,0.720482328689949,0.0839416177604463,0.664496535382786,0.0861859011729656,0.68000934473852,0.0907843269545519
0.919837913953248,0.154719176719919,15.5446253675602,2.06843554210065,0.403815635554104,0.215305949431695,1,-0.0509918676695445,0.149944549133065,0.650230770656823,0.0803799654902665,0.625240609165664,0.0852673760001025,0.814094140238823,0.0881441342072148,0.74230004782131,0.0977769668430882,0.689080527877771,0.100129436290567
1.01488812259568,0.156084763927735,14.7128846854187,2.04525101435882,0.489576386845406,0.218343579935639,1,0.0494327746617611,0.179272234659056,0.648690355446722,0.0888404129734058,0.730942292866696,0.0845117804076364,0.632219383726115,0.0816287730330971,0.528339564889491,0.0939881054415362,0.655719984276412,0.10132999093293
1.02126771140498,0.16382498014396,16.5496168577351,2.47624395385547,0.245784160950397,0.257923618489383,1,0.0772914302286605,0.17640672860281,0.708389557035454,0.0866008778014319,0.614197388046962,0.0975107711569475,0.759787975516892,0.0900668684993782,0.652925531971339,0.105955034545647,0.366901569464094,0.130424605118627
0.841430385715634,0.167201035832743,16.59941231609,2.67240401311076,0.270018534950033,0.304289194149517,1,0.0363268154530909,0.188723483716208,0.584377854481324,0.0943566911560676,0.700317245850957,0.102090108033612,0.672995290874324,0.105786421315999,0.634222222754624,0.104873739074923,0.749793021209375,0.125517653316897
1.04297363877491,0.163091500552728,15.0418216755079,2.29206477168597,0.195859910036312,0.252091135731902,1,0.333597932085039,0.172173499806202,0.73537489762396,0.0866874501360086,0.674210210003123,0.0962846400997732,0.714575397076234,0.104531478998229,0.700246018459918,0.104046082274241,0.696984839427068,0.106973337397228
1.02043200489519,0.148776574706467,13.374138376671,1.88449076611114,0.277222826779846,0.225754006386443,1,0.153571437891229,0.178244554531704,0.635210612537641,0.088427130815899,0.749651647156378,0.0882913274528135,0.628980885599551,0.0869246927376582,0.662287488589329,0.0984420834250001,0.590827767361159,0.111863188881233
1.05277232582569,0.149762131048569,14.0370627881957,1.76938474944863,0.467009839692121,0.247537006325926,1,-0.0903265691440123,0.169634617725386,0.697918489181904,0.0697273647741758,0.768349083777467,0.0844644122388933,0.576657968156051,0.0827688850070291,0.836570537710211,0.0896952868715915,0.610780395276701,0.113259918118674
0.925439478388126,0.153406348066086,13.6092006631362,2.07711870770933,0.229227451980381,0.212751138131155,1,-0.000243674546936481,0.177761593105973,0.691079338008236,0.0860933226834485,0.65170451662263,0.0940772798850855,0.688323730523545,0.0932101698249412,0.423689145388613,0.119241744539669,0.548117398076839,0.116279152676528
1.13691155238744,0.16107702585164,15.1526024264283,2.13741357336564,0.481600181349761,0.268129212947161,1,0.0337486254766569,0.196348899691422,0.700321825943976,0.0812276450361242,0.674124462469088,0.0891887229943263,0.745352574667622,0.0924274274365037,0.587625913884509,0.0973307788439435,0.762090319376383,0.100504753204964
1.16962089322381,0.179804887867425,19.0849911730044,2.76553845850208,0.404549718085638,0.253122890554965,1,-0.214769737719981,0.173055385647517,0.824791269429756,0.0755587760991949,0.639085895748038,0.0896533260915016,0.763689877113536,0.10166245986051,0.701952089486271,0.110232528973404,0.756764230316151,0.129779532887021
0.870933874534792,0.160178112943371,16.0827686325885,2.29854376597561,0.3438980508803,0.237926472770548,1,0.0184791396007864,0.180307954742304,0.663432051596338,0.0863142421496001,0.761544796916504,0.0934994400402468,0.565838930359617,0.0942481558722189,0.653817814280963,0.113027228418871,0.564940264740699,0.10861808494299
0.984138431851616,0.175881835771178,17.6444849373939,2.96498343953954,0.0116374375026453,0.209072766324077,1,-0.0574314321203673,0.187970906981033,0.738594504995377,0.0902734666750199,0.72915895805012,0.114651689815296,0.797944328355953,0.113111916953821,0.602221344406478,0.111591660233432,0.847181775382455,0.11703841558942
1.30899210301722,0.1854672645214,19.1391841703963,3.26178055386953,-0.139561767951168,0.170673714319192,1,-0.12581100191245,0.172392879186793,0.61201261056753,0.108237772454058,0.905011060044147,0.0931885340111309,0.625142078149672,0.109164980530243,0.847325983281434,0.10157986788139,0.782271454137991,0.123313048778668
1.13873561639329,0.181052964016512,18.2124495562244,3.10454407807161,-0.0494557776729222,0.211997518917463,1,0.00805990545262276,0.168375416609226,0.836327827307613,0.088786827644777,0.680144895411338,0.111128337015635,0.784972768667887,0.11378547587102,0.711015214203264,0.115059419572293,0.7328587749704,0.118495890538167
1.19305282812816,0.163889317889234,15.651115062663,2.17120245275505,0.321513917955131,0.253169138046765,1,0.113093924199923,0.154590893520275,0.697126461113818,0.0730327726652611,0.711154980465801,0.0828825790242718,0.732050964405066,0.0892841344361963,0.76263464593901,0.10212959002056,0.693601554371106,0.103858125424679
1.02830048158675,0.167268051012284,16.4219646129151,2.41609492179205,0.337088484344027,0.283138509662174,1,0.146717509594606,0.180345560924624,0.589554998426706,0.080086062810966,0.758756563833286,0.0840627175351587,0.84451061456503,0.110261282015546,0.747649811723885,0.0996151494914443,0.606707665815859,0.122450708289346
1.22412212925521,0.195017900922246,21.2862811465223,3.50415513512803,0.0539374538598897,0.23637208920928,1,0.0316142095607272,0.173171310471445,0.859115028544892,0.0876634546048077,0.893371892016969,0.0957659137013586,0.888318074035129,0.113210420179474,0.658696570728577,0.125089938772379,0.945884558373592,0.113564437333388
0.797616239717971,0.1568453055356,15.8835339533161,2.05361686436103,0.505875404664473,0.257440938448264,1,0.109637713841232,0.172420295387043,0.681113972951799,0.0823720674871954,0.719463596301331,0.0817263816164711,0.638683897242509,0.0997515704556616,0.677856385933674,0.0978185368089045,0.744877146029584,0.097735494585226
1.37091930529361,0.200010779517039,20.3550641828157,3.31523371290803,0.125882493331223,0.267134284674442,1,0.147802660990611,0.178346395062417,0.757074166266528,0.0973756572935537,0.92951866933281,0.0997408779281945,0.695340605887321,0.103470045755884,0.798417540900389,0.105881847070241,0.666292851180401,0.11402760203617
1.035922146468,0.14898088160208,14.176741302326,1.85704329449235,0.426508515170137,0.205089473448867,1,-0.0958477186068324,0.169109110536776,0.71802537360842,0.0732840886077383,0.63885854365711,0.076568666994002,0.627123505168191,0.0839437154741837,0.625461803529486,0.0955779944788475,0.672240205378943,0.102907060412718
0.784044353268134,0.16167039621755,16.0645360768694,2.30327435088054,0.334055191977475,0.252584481905206,1,-0.22158519482327,0.167542845460486,0.73300707870236,0.0755739938862593,0.633702008854144,0.0926560871373631,0.759041552622284,0.0859506329971773,0.671165774241368,0.105970286948479,0.636630605572183,0.107950902373566
0.872198260018862,0.152489633972958,14.7720555931024,1.86919879152505,0.643212357775503,0.135936115125927,1,-0.0680816078212251,0.179388027362778,0.600607793729161,0.0823359952112858,0.738835924414543,0.0816361741347901,0.542835724774831,0.0870283845191394,0.62786920990117,0.0896576778058275,0.696894588864836,0.10076390913464
0.919777978170025,0.165869202400731,17.7540542390146,2.32974590355053,0.692517061702902,0.108073829770147,1,-0.199185397774627,0.197576459581149,0.809624060378043,0.0941572466791947,0.704923302928844,0.0736591307425995,0.790777630435026,0.0839067854225504,0.810439280600233,0.0939272008385594,0.602309093387405,0.112456406295793
0.848112330174161,0.170977583160822,19.0990614409114,2.58653684493094,0.431573510242206,0.242286044895725,1,-0.0960870489451641,0.187298157462886,0.756726713907973,0.0840972167041912,0.752320950676761,0.0982142536262251,0.619910187664886,0.0989643054766844,0.822847447002886,0.0971435027940244,0.797892448569961,0.108919991076507
1.09865701684256,0.191515499055301,22.3672619479011,3.65238016750535,-0.0615036293054054,0.18309948115246,1,0.0609940188789083,0.176960791798653,0.824934802898832,0.0878626508183292,0.843915846178955,0.0962509583398008,0.777178453897092,0.111579366204471,0.919947344553883,0.112114955581568,0.734423446131252,0.122385017701069
1.18399685200021,0.177369121024577,19.0931269953986,2.53742250765465,0.372758011516583,0.252620651740488,1,0.149063290435015,0.197409926791445,0.82892311325272,0.0855632352949524,0.782428765094948,0.0772643002960818,0.713142653809726,0.0962439907837998,0.712750159465528,0.11484332219652,0.766001704165274,0.118561944151798
1.0484099455613,0.172076443817443,17.5226666209289,2.67763909911011,0.0987692353867222,0.193355957791875,1,0.26383206154815,0.171717182322402,0.674169720458346,0.0853372132080713,0.797109123680148,0.0992408819891149,0.768596272501237,0.102705395754543,0.705384595121212,0.108728488188195,0.769214411776578,0.116376389545027
0.8935577744627,0.139172102785394,11.4665089915936,1.52039262522037,0.451206522814311,0.247112878644182,1,0.214725925635398,0.184849379588223,0.502988922547232,0.0803955277632153,0.630329510061775,0.0839483654491972,0.64200109886578,0.0894254847326852,0.54169114626113,0.101598775344605,0.594542174986739,0.107043304077807
0.950125140335975,0.182857128053126,20.9058039805864,3.20906120124954,0.332305800830841,0.287826540398132,1,-0.253535796563212,0.193152714298542,0.830284636912132,0.0923874804071334,0.869504755290807,0.0937828821724853,0.896454899200055,0.0950070368937792,0.774814364331791,0.104785039190185,0.835612974899065,0.102674083708418
1.249695095504,0.192164834404618,19.5427143749919,3.26870821754098,0.0285568825663993,0.21083017619636,1,0.231909295695541,0.179130560630467,0.756330425481069,0.092968432638107,0.766852362635787,0.0942098219596287,0.715102068000227,0.10384592707101,0.788571570163033,0.11115169886643,0.628379852133577,0.12953283616408
1.02938684061362,0.178127843666923,18.6304295937735,2.92723466647365,0.0847206716909147,0.231575958950068,1,-0.163098918937691,0.176390595600131,0.8252106849517,0.0819905773972961,0.789892823680396,0.0837782622793803,0.660109668448384,0.110727861515078,0.771837400939058,0.115473211271855,0.731731777485778,0.120155682671188
0.958696144924764,0.157006747601165,13.8200907940833,2.25380784134005,0.285761394747631,0.264905402585235,1,-0.0829217107492372,0.18125784419423,0.820612106288711,0.0848619929817553,0.662689333417048,0.100120257521647,0.721888839141338,0.094366419726402,0.402946658923724,0.12804529667374,0.536612407572647,0.134665151242148
0.727860665200721,0.161683209532947,16.8386121718615,2.34774212697364,0.205995605904288,0.201213908748712,1,-0.293419923757405,0.16906445159076,0.731217515612661,0.0818767596341136,0.71149854537028,0.0824256521975264,0.699697250327331,0.0935877098078514,0.619556865597199,0.104887218381028,0.739399020851746,0.101994930049346
0.713634184993716,0.163367685671169,17.2073375402167,2.47070243414961,0.378802729682288,0.243126921729082,1,-0.0858861125397263,0.178132301319233,0.764227711731697,0.0849966938968554,0.501793562605417,0.104407934244749,0.755029805160767,0.0896243875034924,0.567910700139514,0.102202369068046,0.66919225877712,0.112083854536027
0.934808085818256,0.181790340059495,19.2924799719298,3.24318127052325,0.147893981958514,0.264002200269473,1,-0.105266956018775,0.197701202614333,0.760249434915154,0.0993045707175674,0.744601429769804,0.106173116229676,0.726390669390693,0.106399636102248,0.772317118394095,0.10492197483893,0.824651166533457,0.125026115921212
1.04685933703347,0.159965944084734,14.4549948905848,2.2234879397987,0.386149096169042,0.26452658867028,1,0.15551208701687,0.194002697452823,0.684904334112119,0.0874671493989888,0.52018999033581,0.103562891787702,0.727945331405968,0.0977874751872467,0.603119828582245,0.108079843918012,0.590079749882331,0.112140201906842
1.13565738614272,0.15162758355281,13.4011303168364,1.86958413741245,0.453935152842119,0.262125212015235,1,-0.0335590390352487,0.171329209131649,0.618786405358773,0.0757252052244577,0.748019892610844,0.0883821298557548,0.572172589655348,0.0989541663868919,0.696852503176248,0.0994517230797707,0.680394805848677,0.110026158214335
0.995985082903447,0.149331909701272,13.1411338534483,1.93086282649136,0.464367793873383,0.2481413087222,1,0.327324420609563,0.174696284422066,0.586811065052676,0.0968020277264103,0.515670713054648,0.0867415769525142,0.534364676148648,0.0869279528744972,0.518308715817315,0.107994199177268,0.474932629945496,0.110334258194598
0.83674110895146,0.192147385753378,23.4979522651937,4.1139326260744,0.0168055036360327,0.226429321396357,1,0.143953249764254,0.186013348993313,0.652602313389447,0.100101834274285,0.680886247800835,0.11054380597631,0.765248402196149,0.105909676471099,0.893636524687291,0.110328114100042,0.848035280558863,0.132112466205128
1.14962804696184,0.179087862786037,18.227882777922,2.68777692839679,0.113583212394941,0.203998559983225,1,0.115638836555387,0.223986195553407,0.686105784411861,0.0951577032146523,0.660255491095613,0.0926778264653773,0.892278449518944,0.0876031790101673,0.943156861843913,0.0903029645242972,0.822589682046547,0.112717388679308
0.799968718826512,0.156872806822737,15.2774338054502,2.14758858399397,0.450250035281884,0.264652082800919,1,-0.0226661766669274,0.174080766989582,0.6446271995211,0.0862837426288413,0.683983410357971,0.0843779521896792,0.605524731767321,0.097826820994911,0.758578906589017,0.106743084691711,0.684278738992763,0.0996208747843317
1.08801930061732,0.173002188533034,17.9535824973255,2.82660649328424,0.185490180053171,0.257293911021589,1,0.158774395982528,0.162262025789948,0.725169593811526,0.0924525123663979,0.732362357979388,0.0964993750471965,0.63990374751689,0.104300999027663,0.651085415804542,0.105508225074758,0.707546944468145,0.117461919397803
1.06255773886789,0.178513032439373,18.6373873339819,2.92241149379323,0.214112779903146,0.224930636207847,1,0.180004810419552,0.186945552360809,0.683471610761345,0.0915054248444745,0.831855418778748,0.0923961365934747,0.546881557721792,0.112235779312057,0.830871929794102,0.0943593782310038,0.841636259277252,0.106383600666037
1.04312388219247,0.164055487542563,14.6928010303709,2.21299837428271,0.332759205666629,0.222422140205528,1,0.156511024456184,0.200282990596833,0.588560276651758,0.0929563448778447,0.807698096055305,0.0771990361778324,0.692472913331056,0.0956419178880834,0.587603023061309,0.112226582321984,0.747067802483692,0.118235475163147
0.825040285263898,0.137755113680753,11.9660187771851,1.71222510406065,0.374437880721265,0.231030224104145,1,-0.0453764988561787,0.189662574173776,0.52738000259198,0.0906199388508276,0.696110187720829,0.0854688804981363,0.645530620087437,0.0906628877120551,0.585806075915506,0.0986547304304803,0.608734122460725,0.101962871317253
1.46439853132978,0.196111302628046,18.6802062904145,3.11319219616048,-0.0745790126253756,0.198503538116857,1,-0.0476417856292355,0.184296308631093,0.665249410261704,0.0942459819478232,0.830234883869412,0.0959860657087764,0.781273515317268,0.109766921978272,0.798469518930302,0.108481543039566,0.706729779532535,0.123325650347529
0.959828434459919,0.152614586874852,13.7136355818177,1.77778062641316,0.482061345104925,0.213391470232943,1,0.149669294291618,0.182006047946458,0.57540085251601,0.0837357599599004,0.686193873258322,0.0808360434320115,0.717229875484264,0.0892994729039227,0.611264832235934,0.0892947762671277,0.696077345414837,0.0955790141721013
1.40618210947882,0.161943531166505,15.1170524164665,1.91369607800245,0.488812827899046,0.19438786675177,1,0.0354691993270215,0.152731253183761,0.605716610758472,0.0738184840179123,0.804051630029137,0.0780126173015484,0.795292000866353,0.0886892111021711,0.708611495533897,0.0971123002129359,0.696115849472823,0.104608787946496
1.28716695321144,0.185756716516516,19.2891286134467,3.21179789388993,0.0659213111928344,0.221919018172134,1,0.301564903544577,0.174153465225723,0.673930570730478,0.0958972137340345,0.795329786654182,0.0980938668084105,0.854790080204159,0.0999518217853764,0.79196266438657,0.117311152395029,0.696113274878713,0.133497593596448
0.865838665373373,0.159625505602886,14.667753959772,2.11324658851294,0.396303990383915,0.256148536290631,1,-0.153664699397647,0.178344588768515,0.676505826971195,0.0786554345190433,0.503564733470064,0.0976221594775348,0.577471579486459,0.105482882705355,0.709465029974731,0.103296127835171,0.783303672635087,0.107183815610037
1.00747184620137,0.144761325474906,12.7320254915744,1.6894102406274,0.454303784276584,0.254102883502714,1,-0.178552922611672,0.193144350377404,0.603968222553303,0.0791591513144256,0.709812395082826,0.0770654404961526,0.664600278610577,0.088580159622026,0.656610740027858,0.0959082890242318,0.530573667717299,0.112589350156925
1.43195148649971,0.188503333547781,19.1113705538269,3.05234806769125,0.0999688051216916,0.22033726559222,1,0.110279651267191,0.186352394279199,0.869043592822908,0.0822932602568078,0.730315108679268,0.100845966247507,0.649818946165283,0.101178163980431,0.723038717800402,0.109996896518948,0.777858587658062,0.120998201403314
1.13148169758923,0.155976321424129,14.0834473072228,2.05929885884151,0.0638234383030331,0.208373755764757,1,0.16481087929593,0.161971685337646,0.623993665175421,0.083303706770315,0.800015299317404,0.094242017389536,0.679840805510263,0.0893059804298172,0.683669052067894,0.113546221141527,0.656217950304924,0.110691886620598
1.00784555228915,0.182158760166816,19.3388532205205,2.84222863754675,0.808656329763682,0.0577856785949206,1,0.0642534465561812,0.214868993005144,0.760714297692963,0.0885710135406851,0.809144728970983,0.0963375509268623,0.79571243484161,0.0954687414229005,0.657451314958593,0.109512057512864,0.807444630100816,0.105876638452556
1.40901286058687,0.184166724157805,16.5113133074467,2.70312650885033,0.100608868556839,0.214215420133358,1,0.382276471410986,0.174083050306704,0.728437846864201,0.0921581785324224,0.679182823535468,0.097599562165839,0.822616687079798,0.108819696287047,0.736891358873538,0.103407235105372,0.841406440312232,0.10594023120605
1.06908170720092,0.182339361884777,20.6155761911036,3.18284971182977,0.0309001284096847,0.212090227805115,1,0.241113213410824,0.173477944292989,0.64492508712568,0.090334334402368,0.82842689292077,0.0984519979045509,0.94824966643273,0.0970064108031335,0.795059423594304,0.0997084867853704,0.740328408910805,0.117781908308642
1.30652468024215,0.18767835537112,19.2544759603938,2.96927811518854,0.423173959818891,0.267000920799049,1,0.00779208942515348,0.213495094003811,0.693183793585071,0.0983002383040151,0.663135310440646,0.111365089306499,0.740676735578698,0.0935046571013034,0.822731276349291,0.0890231204036932,0.770383574495012,0.106888572427546
0.931414606702883,0.167467863398457,17.4142361264322,2.48878116412308,0.422857239603869,0.256852973758462,1,0.0948253409470729,0.173006887362946,0.545019876138033,0.081794410666462,0.717074607778723,0.0931879334112701,0.617064520826051,0.112883071710999,0.642740976039313,0.093214930926047,0.665314115768299,0.102257662903804
0.997143888003352,0.173434079472127,17.5577483721526,2.64634173433312,0.343199235862812,0.235802137883356,1,0.19428684661113,0.172868864918355,0.748382365373431,0.0879795272973996,0.77931364350324,0.088340098776985,0.711198621793608,0.0982496010672636,0.657951695410957,0.102389139101968,0.632762122936326,0.11708385757059
1.15555694143386,0.167522027137856,15.8288006916803,2.34207537312754,0.201509802939395,0.217875571659064,1,-0.0929999421754057,0.172429786326474,0.728708399384107,0.088745637413269,0.74925037327051,0.0952304233678438,0.493731841788033,0.104562246060783,0.763174798577647,0.0949529496370887,0.651002715101445,0.114136552543335
1.0720498495937,0.149672304681415,12.7452751026789,1.66941607607424,0.48319483089795,0.241870063363014,1,-0.0213172396563134,0.18665440309079,0.729191057885422,0.0807398803680598,0.627945738452892,0.0826207268684904,0.510745094840106,0.0884769120277452,0.631893302104632,0.108075821266346,0.609640786929202,0.0993793010892731
0.921427270388018,0.156299289014547,15.5522432266185,2.06036375586017,0.49012095350686,0.200811939709094,1,0.113407840042188,0.166176869262271,0.631411025020242,0.0857764435086462,0.674148969524034,0.0916308164151801,0.731135547315134,0.0737936409807185,0.672432445001647,0.096846081697257,0.609465472371437,0.100142544595922
0.831176290225606,0.175740833799337,17.7943618477045,3.06669854785869,0.19866550982173,0.259540273552733,1,-0.0154639439949664,0.21274427561824,0.724519473987482,0.101991942301117,0.584475427158948,0.104579182428265,0.692688795097113,0.0994671649027869,0.755357396664691,0.109365621242287,0.704405689247693,0.125198198962898
1.07454921605296,0.189537425317062,22.0072450151712,3.62569736505032,0.269782321672408,0.257563745690013,1,-0.156124898663151,0.199230206930109,0.768941778378403,0.081245113153311,0.744679952665788,0.0939433481582052,0.750816385108171,0.103003151284803,0.839664217733828,0.116065484011309,0.68313225071825,0.133663689200891
1.35391319777018,0.19604828547957,20.4101297518002,3.38374984322793,0.0776372513910819,0.249068667635852,1,0.0438927362509573,0.200300903974382,0.850445158882854,0.0906068225664643,0.726507562366869,0.105261699743138,0.674252902610953,0.133555424449016,0.789191266757486,0.101184875650794,0.716855720393455,0.11232473412804
1.0201832848647,0.161029273542962,14.8703257798549,2.05042162025537,0.807530456511592,0.0697049268690795,1,0.23898964636361,0.212638309223445,0.668389395312574,0.0979658054265053,0.651960918377423,0.0856878594976176,0.64601017996389,0.0905493574279459,0.711503800416582,0.0941499604324679,0.600991854829558,0.102742771416411
1.14480221635376,0.172795931195046,18.6511758588131,2.70315294984405,0.27203078286941,0.223698512310741,1,0.269606326619611,0.189706690822772,0.666062044458951,0.086558646521031,0.629598235600645,0.0994586781840692,0.604370240648442,0.0997046791612317,0.880698344214007,0.103143226430936,0.787013660418282,0.105688908230337
0.994790440979582,0.173186968397565,16.8337319849606,2.73090098594689,0.201400738594126,0.231906328709082,1,-0.210820103977309,0.173624916319841,0.74051716115221,0.0833347469640678,0.646298566761801,0.103156462340036,0.840000102107387,0.0956094200343511,0.670045990741362,0.119992437521971,0.606203632961986,0.11774004514506
0.933114492827645,0.142981182192139,12.5874259450895,1.59401438446447,0.507725328092664,0.236652232251548,1,-0.276335930558059,0.17737375016226,0.616950908092207,0.0821880198258373,0.487592356765956,0.0871646107871902,0.654028677258007,0.081102316436989,0.588223518239381,0.101957888292253,0.379518732960005,0.11348365277276
1.08929936752914,0.192541356203583,21.9530336157395,3.39838920593102,0.236417099580611,0.253431189757174,1,0.239029387113341,0.184939709903681,0.659896724915483,0.0828840538895866,0.846451263898357,0.0953712472517947,0.68124212698783,0.108728362815523,0.775350439470013,0.106317718802672,0.872099375327157,0.114679848546118
1.15810855679771,0.165496577824672,16.3595204132847,2.25095166757896,0.251605919942221,0.233896696408528,1,0.133517658777442,0.166902868158613,0.645148435008516,0.0795098193587206,0.846199671991201,0.095379926348494,0.623065121399699,0.0982224420426765,0.705574749657789,0.103075614330636,0.947589748124991,0.0915277671196131
0.757601699190012,0.15800897177486,16.1021489421307,2.61580877820905,0.192004355889001,0.246864078053673,1,-0.178313198400333,0.17804746833175,0.812786515717933,0.0965035932285952,0.673615566716166,0.100899616340188,0.857395958013738,0.0972229666358591,0.67964913329187,0.102722940674006,0.555281571306701,0.125179501961174
0.901187575466756,0.16847253412907,17.8158382598998,2.28281753785326,0.571095051594089,0.178892333821428,1,-0.00631095507954227,0.195279808590179,0.699155348458616,0.0796519196363537,0.733670547676492,0.0823599304056306,0.728083223571326,0.0803856094489641,0.673389003858979,0.100680684402072,0.562884903430345,0.112795541332469
1.23901152712316,0.182520866679935,18.0755467266049,2.83280827025856,0.248419523205525,0.273907551044077,1,0.0569446091181523,0.195394209913142,0.767191013976195,0.0937535447923261,0.694342509964327,0.111109250905179,0.679493652565107,0.107112252981915,0.654623009113826,0.108835689439669,0.744099981755691,0.105318914575738
0.799814000172333,0.152017008011927,14.4461593337904,1.95937399507102,0.512650145019063,0.195243090079437,1,-0.0843476317862886,0.186163581405128,0.720318259865057,0.0782594272721592,0.586156228637643,0.0982626459834729,0.682306176861617,0.0966099935215319,0.614314617836132,0.0954718865227502,0.626605719945115,0.102115620692399
0.89300094323935,0.142902211424409,12.4316470504681,1.72344976708952,0.325952538192951,0.22765118045174,1,-0.0844133758292896,0.172500365386429,0.625830520014972,0.0811079569356209,0.636741302838562,0.10008217834961,0.635948244554151,0.0838965095514198,0.620580151506792,0.103243723359933,0.716364903573492,0.0973358636723646
1.00507332773472,0.177154324987764,18.6632204080108,2.82738525536143,0.462600009342029,0.30371929464695,1,-0.0639274341179081,0.192358568212951,0.620260153341338,0.0954865533689774,0.745963553521034,0.0976735370619629,0.749123641345402,0.104168586433426,0.729462894330308,0.0981843025439573,0.621778078069715,0.113806776221556
0.686151874555047,0.159621175795052,16.0838327592895,2.44502157068066,0.271025906329611,0.243392217622686,1,-0.0847215759912966,0.194967865760802,0.621698411639453,0.0909884590676509,0.681989562420603,0.0837089034127179,0.587395265293412,0.0980228992847911,0.662157984929185,0.10149033048485,0.622374460796691,0.110771820998123
1.14263384939208,0.16679039964319,15.1056272699775,2.29293428280246,0.160437576147084,0.22407195964446,1,0.0942601650358571,0.186876479425344,0.743524285682424,0.0860522297291641,0.78060971358594,0.0977258694405221,0.749317695277728,0.093888865359064,0.732664302139262,0.105280686366899,0.732707321002197,0.109517475056673
0.939919528474085,0.143094634479141,12.4589700948161,1.51894535422772,0.635181701714454,0.165446677806666,1,0.0373731126711062,0.181962443962448,0.668538718883852,0.0753717040997181,0.545758405869981,0.0826848940621043,0.737348163551687,0.0809628118703293,0.611042633730845,0.0824520182947544,0.600227239886379,0.0955108894683808
1.25042940733269,0.17452386127927,18.4695011947518,2.42464394822147,0.408507403808468,0.231035212088128,1,0.0539903240246236,0.177009961897857,0.778279918794072,0.0798504112641165,0.876845527943383,0.0747105803882902,0.786400951006199,0.0899026126118188,0.88045018063405,0.0966234687250268,0.887658800241216,0.102821331432314
0.993561304601308,0.169002942493411,16.9916225248574,2.54096909416094,0.222029422420829,0.249427997725149,1,0.13414271761287,0.158492424126975,0.537921167896368,0.0878123846402512,0.759055333940942,0.0869652128480815,0.658149535943685,0.0968540048276616,0.736951042291959,0.0994082929049034,0.766577261523074,0.104297188420181
0.969721980838469,0.164168207638551,17.3019486393857,2.63816391433494,0.202213134735253,0.242228125852882,1,-0.516579709061753,0.179982640428096,0.75152399879213,0.0845413517681554,0.799133355993812,0.0881515434736352,0.764174270505294,0.0935636916463267,0.681658769958066,0.110017928484729,0.704741995960617,0.11826100487264
1.18442763419165,0.153996942178555,14.4073870562095,1.81027309020712,0.629624589844623,0.175626505198791,1,0.425112088532937,0.176554825448714,0.685950221926817,0.0757903029834181,0.681431097810481,0.0776497091569878,0.7814688787785,0.0870219787309233,0.644519454259618,0.0982183230628755,0.410862400843668,0.0988612944217303
0.954255656557881,0.164394926094596,16.6802309352155,2.22497641240567,0.42173329868902,0.233390031692165,1,0.167091682842911,0.19102650768103,0.631837809803837,0.0872981777803459,0.680226914251689,0.0835809693964925,0.687641931835586,0.0891894291752105,0.605211100765029,0.108947388855494,0.7420104679696,0.111985721685951
1.08993981404948,0.151907656416832,15.1138647635062,2.01680861771453,0.46786738489616,0.232365470056703,1,0.216658352493546,0.187709797994025,0.612464630510461,0.0847746130592692,0.697129185665797,0.0861347848586175,0.730059886493593,0.0866152902438763,0.871773338278096,0.0828618581531798,0.601808978583344,0.10606449834071
0.984611550285941,0.170244119881177,16.588581153137,2.67097829549862,0.147004789302948,0.253147753612756,1,-0.0659538255504077,0.183000000917648,0.71200455431833,0.0843443648167245,0.743538700578079,0.0931175490591402,0.710721219958227,0.111667995959451,0.765300588615032,0.113019864113934,0.852107984390234,0.110672645812558
1.08391914980681,0.172279586868245,16.8931328222873,2.71131875251966,-0.0043800369986378,0.201856369724612,1,0.000320896212631669,0.17994147338834,0.797113587677442,0.0834412690026616,0.785791114836879,0.0986641232411082,0.861481265407432,0.107835109274175,0.707715566700831,0.109371978097087,0.806545679725824,0.111497358134753
0.929822303376895,0.148456163445563,13.9149488455311,1.83631435833746,0.5617044641817,0.241391445740041,1,0.0017900521935306,0.179768433749199,0.649299179765651,0.0803533579057746,0.547229701575658,0.0880466828385391,0.627441542320171,0.0901170644470863,0.547792627217954,0.103327899039032,0.610455491323197,0.108631810594205
1.37031507735403,0.171636593249243,17.7716774371869,2.33146133694692,0.556666196351013,0.183222165931206,1,0.306895107630969,0.186551150996781,0.621818010837333,0.0856735104948495,0.725863792157236,0.0909514289672971,0.689647003151409,0.0877163045033339,0.61772273650023,0.100001871080373,0.719781147247979,0.0926727192099892
0.95153415308415,0.152884279590949,13.7056348849421,1.62232988978761,0.604888077958691,0.210759359488391,1,-0.0509217315092856,0.183723966242004,0.711652058083695,0.07089409647273,0.707817453988714,0.0749243188743628,0.585596247087161,0.0827290367610661,0.616972437687188,0.0894709520950409,0.611364498276918,0.0961387875995925
1.05862637134129,0.166701642502158,16.9282390367664,2.23136865315193,0.681702819932594,0.1533002762628,1,0.232564167010632,0.194232416218949,0.707553422632622,0.0786322641366517,0.816326221421323,0.0764000596692669,0.740675309637514,0.0844984115449113,0.779241237259343,0.104734633828375,0.735280429978398,0.103504735543199
1.0297449485182,0.171937526673251,19.0212872355865,2.54916963299865,0.424034695788308,0.213061153908504,1,-0.0809276183199605,0.168880784183816,0.720995293716389,0.0822627214056613,0.72732086914602,0.0860765594742401,0.772396380233405,0.0863894436390297,0.538608715022824,0.102792417524736,0.636569294460533,0.123260930000748
1.10694801660402,0.177971001035261,17.8558756371886,2.82331257654288,0.0642617353720857,0.225405356048464,1,0.0302729692208102,0.176367258383265,0.835502144698397,0.0838634464505038,0.678986581425686,0.096856710230339,0.789232999821587,0.0994639108658827,0.796136675332599,0.108587522452134,0.891878458460259,0.101623515714893
1.10480749818627,0.153549365230468,13.3645028087948,1.92942942976502,0.509857200937467,0.219375187782099,1,0.381559660853487,0.169558064615072,0.490567322201433,0.0872249119179378,0.608862377345459,0.0983371539955189,0.709695679863025,0.086833607574244,0.401917937787092,0.111717385106674,0.555645265289698,0.108313290961016
1.03284363593569,0.178014295146631,18.0534366780163,3.07699188517226,-0.0375984394202126,0.195774373725854,1,0.290793749027883,0.174945849437405,0.716347641216588,0.093239466391832,0.777084677560052,0.098550403652221,0.719119922510144,0.112779410951156,0.62815377047398,0.116415576594898,0.884437878377372,0.110096084754244
0.987357572929377,0.180428822307078,20.2380557604076,3.23917755884306,0.0864909579915286,0.223100413489443,1,-0.173084109430803,0.220297551452452,0.779563686828149,0.102810234373993,0.855601448813379,0.0886154238423038,0.731782497618325,0.108769089150198,0.873945208558782,0.118066047889654,0.75202373117607,0.116329496022595
1.22788942676308,0.19113919352622,19.1338992297191,3.28271013832518,0.0528383315975337,0.258535960756671,1,0.191165612851728,0.202658562745609,0.672261907640459,0.0980110104120676,0.731320026061937,0.104988215210057,0.805611597975051,0.106556858376577,0.961037622770237,0.103696859585248,0.708170087131186,0.125993128400795
1.09551361024648,0.138842685305311,11.6258361912939,1.49882221308799,0.368851391524954,0.215897322438974,1,0.0104104107416647,0.153067581110218,0.539395918559629,0.0810660892484668,0.655338864894664,0.0813318143325927,0.510285484143959,0.0900747673239473,0.643275638644027,0.0874345663340627,0.486398889052059,0.108124677215144
1.24186429342302,0.191387732727429,19.3706394222211,3.23783605153174,-0.0810928684297143,0.189977752405233,1,-0.00727391061405855,0.180309112861087,0.716048269299849,0.0916967839864607,0.770300790010426,0.0945446102376355,0.881228330751845,0.114479533760889,0.879913075526426,0.121070318813566,0.89927607442675,0.10840919674464
0.946154753205931,0.149538202973334,14.4038925327965,1.91816974976017,0.577203472553748,0.18157396423618,1,-0.13302789968076,0.171628574651982,0.659558111027334,0.072757958656193,0.78175101291586,0.0985702733778468,0.696039475817885,0.0820850823326207,0.546314299133086,0.10135563904119,0.757352902474719,0.085757361945087
0.943360421994551,0.15728348387618,15.3822694188596,2.04775763502444,0.468662553239692,0.2772128383311,1,0.0515392163586406,0.1788144340142,0.573642985783359,0.082332432385962,0.805200617675666,0.0791235783451113,0.651455411186892,0.0956327058561495,0.768325643031704,0.089583017270913,0.792476207115789,0.0984042689525085
1.06148329535337,0.158887651563684,15.7280020554079,2.32752192116429,0.257730651501193,0.223483435688369,1,-0.126106639024416,0.159584281316492,0.844354829744708,0.0803997861347451,0.553043927098382,0.0958499682841188,0.679220859966312,0.10583728109084,0.740386736910138,0.0968902248248207,0.780068031127472,0.107798733062511
1.24373681445458,0.180109549681684,20.0193287388055,3.08303489964194,0.237834693430295,0.284070667950852,1,-0.0874065764831986,0.193731671846343,0.907237584610855,0.0875200313175231,0.680273668197449,0.0985340251062146,0.703765829698887,0.102874781491426,0.733626027231215,0.110905159041918,0.792356173823672,0.109770587803423
0.955281210787854,0.154570963641557,14.0446559843149,1.92165217394645,0.364985041308374,0.275500911117702,1,-0.0339120151258281,0.181161293187949,0.573652513606547,0.0864081658263724,0.705429985460983,0.086872201527621,0.631306625605034,0.0937573426814685,0.684576099045658,0.100013360888516,0.696371857700967,0.107512188453819
0.952734435691694,0.149500481805181,12.9248396810742,1.85374595783954,0.0414817873215559,0.182821795260997,1,-0.129718518180304,0.169914202339371,0.589243557013424,0.08665764433144,0.72162168620855,0.0826477388471292,0.602719741658106,0.109715914398669,0.732829924954608,0.101764073373183,0.541806050641178,0.118773266530872
0.761719977857456,0.151497380574237,14.6150886848038,2.01433540975488,0.466054092230994,0.232354571913209,1,0.212141010500845,0.162583830365436,0.678087006429985,0.0773506357256239,0.604724558005425,0.0899600979876332,0.46336755614579,0.103865879182852,0.593744023855503,0.113373209923292,0.687080739806825,0.115326452987672
1.01349086426159,0.165368305242285,17.2852256433457,2.5460245116914,0.4523909856732,0.244218978262523,1,0.124145986331923,0.183305102869562,0.65139003570818,0.0772351200014889,0.706727322679643,0.0971666803735315,0.72272299820307,0.107941606761834,0.674614942128488,0.104451891293201,0.611687880626565,0.121066105502916
1.03910984732073,0.155308196434302,14.7811777960303,1.93233453818449,0.600135155185286,0.212590574093755,1,-0.207866481864057,0.22205297700524,0.812153185399819,0.0901871271060808,0.623555603617642,0.0921998400747556,0.429635449033453,0.0953651574972395,0.611210686420226,0.0925283249088828,0.708002012041819,0.094358843771781
0.951630609542188,0.155993036328423,14.9565020459245,1.79103600755883,0.659693021908473,0.144349700399623,1,0.171253205512564,0.188958149598475,0.605562424356228,0.0840533765015533,0.710173728558742,0.0689781329254072,0.6968953624592,0.0872249753321666,0.672956344559474,0.0828442596391164,0.766503811411998,0.0983629057684286
1.13597362543928,0.159876225818907,15.7835217997375,2.12569013851874,0.49291722344776,0.216422381679178,1,0.00186160617419253,0.193725513598587,0.694696033068704,0.0879086171737399,0.743532011219807,0.0898520830259113,0.716995871338777,0.0870689772305038,0.694245937779382,0.0893587016585098,0.553922172058227,0.0952478854433752
1.05858884076082,0.135951386424279,11.3140890465367,1.36909804044949,0.453986563017555,0.212634273340206,1,0.196965595106264,0.164746027463159,0.460096506008822,0.0800535644432457,0.64138535373848,0.0803189934510905,0.709637267154885,0.0797648708960581,0.545476624773304,0.0954442626419872,0.562542001823236,0.0998052436874813
0.805778729959555,0.144917677915806,12.9158039522092,1.90692241306406,0.377904379340134,0.26913985864211,1,-0.1642308192015,0.177585513976582,0.593983149389027,0.0794126553263448,0.697850188745838,0.0972091439122897,0.610839205256748,0.0981832998095344,0.64988649869611,0.0922012742554024,0.61838962061099,0.101532085598607
1.2743828004891,0.193787590055603,19.1839596076296,3.07088874681685,-0.173384124444356,0.161775261055496,1,0.348221161783981,0.221145292057082,0.756759357205739,0.10045529832802,0.857506179699591,0.0989976183065763,0.786882697781922,0.0981345938939314,0.777771022667008,0.115732901089994,0.957477158316648,0.0968931917377504
1.07183536003883,0.174805647580941,17.4371712877322,2.76145093257949,0.283288149462305,0.298281036033008,1,-0.143127077647211,0.199272573570927,0.72848424736004,0.0826244624120546,0.503404817580787,0.108007523596975,0.751006150579468,0.097506877380585,0.769461172782087,0.110541543211349,0.69099274461259,0.117245288841095
0.932658523419655,0.14335764452297,12.5089539633922,1.72663461842641,0.486714509394465,0.220372282778918,1,-0.0114765057468391,0.172749818560743,0.688612178521585,0.0775078565510895,0.489972521986624,0.0911409294940108,0.636472583117238,0.0894343700208012,0.584814915587634,0.104277974532755,0.554811243175007,0.123119427795469
1.0381282868019,0.153290192429973,13.8921587924177,1.83882858712601,0.525083155587534,0.214363369917228,1,0.299149489176168,0.175023339885708,0.643987812649496,0.0813613394688053,0.641946974514175,0.0891453353914877,0.629256627517341,0.0922396436920065,0.701105406504664,0.0959476635792009,0.523930228127935,0.1215540329315
0.927659302688861,0.152039969762436,14.4239652457522,1.9621629675363,0.47191423396884,0.259014760428568,1,0.127798769481679,0.179802985381733,0.733310906312276,0.0779868807961999,0.501411943595582,0.0853168598087719,0.666493227039379,0.0855171525864969,0.60782883464016,0.0991283477054164,0.851620562449455,0.116304804229004
1.04250730705753,0.150801214011431,13.2333667333845,1.68540944500476,0.601281335878752,0.229488979782014,1,0.0856776772048605,0.194534134276565,0.637440169526266,0.0875091227254887,0.767932343648518,0.0808932064192393,0.613004677880602,0.0882552449399544,0.681148549121421,0.0859654396952374,0.602041704931539,0.110582723557218
1.4676416214737,0.213269444324004,22.4125643198499,4.0758407682352,-0.00894202641671611,0.222360470696887,1,-0.0967317026826062,0.200463659041237,0.840786691104425,0.0981779767551891,1.0178371681996,0.113456410082671,0.89161731202887,0.120487262717666,0.853589395222974,0.11656295978634,0.745088223224034,0.124809422974575
0.870455630709089,0.151565408739027,14.4930295646348,2.04748233507335,0.345441078937792,0.253951956705191,1,-0.263009689268274,0.185092131259599,0.737901740380968,0.0823894076014739,0.72027187643009,0.0790653554506916,0.871265229110935,0.0882879989369773,0.906056024243267,0.091098772527701,0.677929058103056,0.127283489431594
1.05542636971239,0.164693229122857,16.9186668627197,2.3830381517959,0.258751069546276,0.254700834096991,1,-0.047065738522191,0.151556385039182,0.706777390055384,0.0756225157221568,0.862587358419257,0.0895883243112338,0.613060785603904,0.100208768243261,0.885809949739215,0.0976569027803795,0.536039278966839,0.129348482216547
1.06758879888682,0.183002639050573,17.7678992309673,3.19485433771419,0.201635369777297,0.274116626112362,1,0.203400812000938,0.217532509175834,0.716718514465722,0.104631031720689,0.697256791855397,0.101623872470984,0.795753833321183,0.0985133251436934,0.716687191675264,0.130421856785445,0.796448668206845,0.137771435149868
1.36594208660141,0.193574550184636,21.6814508618752,3.2646510695381,0.256389475095664,0.225439399063651,1,0.0354243235124849,0.167105194394115,0.789122936165548,0.0822595328219469,0.862615843931071,0.0970771315495951,0.837890721156762,0.0843628309324664,0.789707989679866,0.106376867273633,0.740774341152633,0.11115117653272
1.14279170556236,0.183815932330331,18.4541367043826,2.89738706836286,0.140115750955217,0.22945310504681,1,0.14148962387107,0.190835637650847,0.658594538382381,0.0945529445033314,0.778724728311135,0.0846162341416178,0.682966454478651,0.103582814784724,0.706481154380665,0.110573460117094,0.726970436795917,0.121343423987399
1.06469268400061,0.166331901124294,15.6961553989084,2.30081517541303,0.202079394589372,0.239290116747702,1,-0.172575948411905,0.182721198263244,0.784078660286686,0.0784592815192395,0.635640167065161,0.0866443594648804,0.769863846250687,0.0921940723403447,0.77318912992563,0.105074819784017,0.654185747048502,0.112442290485297
0.684470407210954,0.147067577292045,14.0329867535435,1.94271305852418,0.317087682365428,0.263583235286953,1,-0.118914009569461,0.16889917996797,0.697459168463931,0.0780705563769484,0.600736034829839,0.0847179108861247,0.679553856442388,0.0851280193437561,0.73670213526733,0.104064900590896,0.610842509512486,0.112771679348511
1.07774173892438,0.157636224379563,15.6326285796216,2.0980630592924,0.167669913950347,0.167896829341323,1,0.319493361876844,0.157803055824907,0.455553747224266,0.0850133551328747,0.813891769984617,0.0824814543692431,0.666697168525788,0.0947676728063628,0.695480431282124,0.111161979628927,0.680527198421446,0.117151650167264
0.90737892409662,0.167045507174047,18.1713276860109,2.68624913232709,0.259709769623036,0.214490240479806,1,-0.0496475039232419,0.179753468692932,0.721994609115266,0.0839373061566321,0.727659889262642,0.101508886564834,0.721185841160496,0.104038329425692,0.765174356779152,0.0949844722421822,0.585581915353541,0.123582740041515
1.12012439624128,0.169959131163951,16.7169488097309,2.66985409668011,0.0361347413951152,0.189597888283351,1,0.0939085181899752,0.185353806769411,0.799201594835283,0.0889378894295527,0.666238435352456,0.0998185122748847,0.638881505203789,0.104447846467171,0.798492668158648,0.108023877365219,0.541421680574153,0.123738282135916
1.20324611679441,0.181667567279809,19.9291595198301,2.76553796591393,0.402764727205401,0.267280230802731,1,0.228079262731262,0.197375316068991,0.695282514409318,0.0890433887707839,0.727194079192862,0.100159324937425,0.645270198691718,0.0930879599200302,0.658560160070146,0.098306116147608,0.843488234461942,0.0990275784866967
0.671271024347001,0.161785691859656,16.0738040409657,2.41125724298286,0.262177499177669,0.263294737868102,1,0.0384461799854397,0.166257061414172,0.717307163072126,0.0753958282478626,0.736621831000732,0.0861470509367163,0.702820581952942,0.119519943298027,0.672538094216887,0.126082829624453,0.545378000546401,0.131394107333959
1.08697479136807,0.185402119536477,19.6729366069113,2.89639566019232,0.381991011529667,0.272013725817693,1,0.0447065179891374,0.174369001292729,0.601545639574773,0.084429672618755,0.736329253599961,0.0951869481059895,0.794318522635278,0.0999415448090644,0.639560409536646,0.109798212125149,0.7120112644391,0.109602198603209
0.876632431688993,0.161157690707867,14.9362849692882,2.14998798533139,0.15284089950419,0.228245102166202,1,-0.198744611238113,0.181067328842341,0.691819601796445,0.0824724481304697,0.768833817918293,0.0885514885037171,0.584245764504956,0.10093551721909,0.726742665648746,0.0896491856696497,0.844637756075409,0.112530234781889
1.02488629570534,0.154604608227534,14.6275786165007,1.99236050341644,0.430463437382091,0.23898612645902,1,0.275405986305088,0.185479415981716,0.523026955593783,0.0875703783775146,0.656928089759976,0.0844856183257614,0.557898381335927,0.106859002630893,0.772460091229739,0.0865968246843559,0.582879118498534,0.108763304898613
1.27570880457606,0.146353485413743,13.3030303312831,1.65628697909854,0.551015751227053,0.192132942770383,1,0.094386684662635,0.160679283008972,0.685786578167709,0.0735399765185049,0.575530583342538,0.0851517210481544,0.641579654934085,0.0960887375240892,0.707348124220445,0.100737728010638,0.414082103714927,0.103332488912595
1.08583362467389,0.152090702986252,13.8456357531592,1.81603182935147,0.511247817301815,0.213184263873993,1,0.239324156395425,0.179071665175557,0.637543998850524,0.0718019428695407,0.700084730435382,0.0894463796244198,0.485599183056667,0.110179845069958,0.760698395722829,0.0910133560306676,0.749890208369811,0.0957274294584595
0.910208027465728,0.158137377323988,14.4166946750933,2.28617387804428,0.155612235918871,0.220996252582531,1,0.17587888250661,0.169068489536275,0.706392642060167,0.0898424142166507,0.656077966572023,0.099959993708702,0.717739101708056,0.105299919435639,0.547202188109091,0.122567037938253,0.643281228279456,0.105349284432553
0.905210659400222,0.147226227635242,13.6408455557616,1.76574041762067,0.516627634624407,0.168391293402251,1,-0.154839754480656,0.178751977455671,0.652392582109647,0.0764627343002998,0.406480737406819,0.0968356150114289,0.684012563632481,0.0800523738917824,0.712696961680395,0.0789081014143311,0.388629033417948,0.126678734803258
1.03629289743495,0.176076522231568,18.0868131177874,3.12927227196634,0.0126760699636816,0.193458234909423,1,-0.12433217294437,0.170261286216187,0.838861596538925,0.093204536564826,0.575460502249728,0.114106744326489,0.749463690759449,0.122406322811299,0.733546872516386,0.10890629288852,0.520404080574331,0.128371020684867
1.21408061908525,0.14340843353315,12.7267542639903,1.56334319755425,0.632342708746333,0.124464196225191,1,0.0905535653795769,0.170478116001014,0.661073406573204,0.0713241841568941,0.58271629321182,0.0837718167327564,0.695902833055756,0.0836734831878603,0.580842530287928,0.0978961094606528,0.475603976520387,0.105580104664721
1.13391768004749,0.195111023902322,21.937923240954,3.63954234557909,0.0834457757420913,0.229230742077395,1,-0.164136316531104,0.206720093912205,0.946524115664053,0.0880942065572819,0.850596209958425,0.101509859992476,0.850603954793466,0.11748406268198,0.737197483043797,0.108590843601035,0.929135127921806,0.123640030551057
1.19308066555094,0.171613610154292,16.0581307079104,2.45869424705267,0.151098877314543,0.21716331425234,1,-0.0323495556399748,0.154928790959995,0.716216996181747,0.0779493804647766,0.655800637149705,0.0999087943392442,0.613211699489719,0.109221674556843,0.747693745790543,0.108673117295019,0.804312173057182,0.11808989810795
1.26123877826714,0.175283169197679,17.9408687013277,2.71274411714007,0.350728934478863,0.259109577542664,1,-0.0605619311883513,0.1956934776759,0.728064014258545,0.0885051000059321,0.576529617346751,0.0890426746773036,0.844955293344307,0.0907954068519208,0.596331615322359,0.115074058837794,0.685340620506978,0.11347571671748
0.822557765272306,0.166777922433467,17.9436753699701,2.33322011148035,0.600134205766855,0.198988538403232,1,-0.070623505843304,0.182546795645518,0.775304172149669,0.0812594117497936,0.591433565463843,0.0900043478348014,0.818882388398212,0.0864412979539659,0.589912774852374,0.105374043012954,0.724828274881666,0.10692301758928
1.18007983020839,0.16803238245133,15.8666279849915,2.54014122644165,0.123469611039056,0.257232264948366,1,-0.0886227356927793,0.180368782920913,0.750890462316757,0.0948140117810639,0.726205184041969,0.100974738377126,0.765239658069624,0.0961342308104498,0.64495552038478,0.110270419485173,0.830498959379633,0.108048168571339
1.10914601743618,0.183141085893584,19.6855953041922,3.29745286829369,0.0272074581067541,0.206378562258415,1,-0.3726032467497,0.191827151196164,0.903288707068411,0.0947716596450593,0.773172373104896,0.100996386442579,0.621134026580871,0.10750545604172,0.791310368846908,0.101791939827603,0.631775935168833,0.122885079134254
1.01158045705196,0.149953548605492,12.8933722706272,1.72902098412627,0.474837956201885,0.281497282341101,1,0.235305923813696,0.180902992646606,0.596118395477325,0.0759509649762089,0.64574188278905,0.0883816070313385,0.592589188311505,0.0874727906389993,0.573876890040218,0.100182892606349,0.690398163696519,0.0999188097342192
0.832731240832669,0.167811128249274,16.7477130465141,2.60566020891734,0.368263308837063,0.269661841900062,1,-0.137990080510434,0.200674712985341,0.772761148652241,0.0834360107166309,0.567598171364659,0.0909438376859632,0.728358343142101,0.0917037771670224,0.544431516716586,0.110390639660684,0.709331313316901,0.115712567056141
1.22252344270714,0.163593710117112,15.938215654995,2.12310660293254,0.47281797715905,0.21986466296491,1,0.3608818471205,0.188046277407323,0.537178497277379,0.0787198856797665,0.588869760790512,0.0839371243881478,0.685729829442123,0.100972104404596,0.607711555617278,0.101377769912927,0.616881341649803,0.106415081525276
1.08860246551475,0.164956551264255,16.2881390956942,2.23359659801526,0.239492318320969,0.221463718274184,1,-0.0174540764768186,0.175480816808264,0.79671051650155,0.0772582192646439,0.603626833668604,0.0946980199043235,0.814653070356006,0.0859703232558618,0.827188109725901,0.0942654347769599,0.719586855826928,0.117434835997477
0.834562551889253,0.17340505721461,18.2521203306426,2.87755653854277,0.355511624891372,0.289747508997917,1,-0.0694061639814713,0.186951373058002,0.646094446414065,0.0925239604024667,0.755254921134311,0.0992345108242513,0.857794105928621,0.101851598911052,0.690342023406747,0.102216379657494,0.780587841140164,0.119822649668734
0.965038804161823,0.166948934591837,16.4205814103568,2.77564497323703,0.0167869543993359,0.209688142202504,1,-0.0472654985441456,0.186543833769977,0.726853331438062,0.0965024005580119,0.662103232822821,0.104269872263647,0.821085337107946,0.107443516784748,0.71328900374248,0.127841171389503,0.742375316059608,0.112212479414221
0.944085097145506,0.159587643616915,15.3099184944184,2.0561991344056,0.496857239590217,0.266011031454138,1,-0.183043189498801,0.220304532851902,0.784200476377862,0.0807548505425958,0.661354035808755,0.0957628961664658,0.629531318824761,0.0889988841392945,0.534438975272247,0.0925742054796727,0.678859706385338,0.0973842495319545
1.08398371287794,0.153298287940675,13.7465284292242,1.82585564668712,0.727697561708611,0.0935633350380172,1,0.0554454018299043,0.19929145365343,0.611600986210482,0.0850544722410502,0.691634124546804,0.0883784304854343,0.453482162246192,0.101284097851515,0.629458496304134,0.104742378920022,0.657092955233876,0.0981892162384803
1.25367261933658,0.166532692465052,15.4510292546022,2.11829229213555,0.372245075448263,0.26495810045422,1,0.21181611794419,0.187899333482158,0.631550962899138,0.0825155590323348,0.670485244929263,0.0906459073859798,0.549826518510224,0.0950685193896021,0.694588758980346,0.097453230086611,0.826235033698836,0.103769110357207
1.00421577091441,0.165754780116662,15.3118810681955,2.0649141101307,0.734919298805863,0.115749272671331,1,0.181617727816219,0.217718457173144,0.61364365133038,0.0831870928685288,0.582773283987955,0.0826712801040875,0.728838930752815,0.0888753015347644,0.53268162431984,0.0977811631803712,0.726078226275751,0.100520738678317
1.12953899436895,0.161385017939616,16.5090412302126,2.13897723583056,0.313446597667414,0.203974835754038,1,0.28081810740374,0.178539243586333,0.72199734310334,0.0923650440100642,0.659052192344677,0.0847322200929267,0.706677760314695,0.0978226838893852,0.811006295066657,0.0829402923610675,0.656348156624753,0.092649370016908
1.11675032129068,0.190727279429995,19.1110346757766,3.52486425371072,0.0633706571706839,0.245755691255017,1,-0.277523976398146,0.171700421665368,0.86678897814858,0.0975715808792933,0.776481917952508,0.102744471592305,0.652257271345051,0.11780350246299,0.632323239016842,0.114241365763598,0.83397753170269,0.13343802082422
1.07021151902156,0.180452741413094,20.2130496361231,3.06072501409296,0.192553010568297,0.255538478621869,1,-0.211544325205812,0.193061869111497,0.750028773515797,0.0917355002321386,0.707761527155465,0.0911685852387932,0.821505300468306,0.0883014807821621,0.752598819593172,0.100272073052403,0.741719931523783,0.132588559449078
1.30445929211208,0.163366317925388,14.6843152234084,2.05636283844511,0.240983571908868,0.192514360787683,1,-0.0893385843085403,0.176687075339521,0.718931391403017,0.0776579423846986,0.635284050567613,0.0904643096991379,0.726845808471131,0.0865178839393703,0.707535022313086,0.109822353113537,0.677696917357296,0.103253299450249
0.993213391705278,0.153262243501313,15.5447982487951,1.92779209217119,0.555254864269423,0.194143682767111,1,0.0319613428521404,0.189519104655278,0.707649529402263,0.0820601984853692,0.617880206639569,0.0771374122209626,0.654860810869453,0.0823994092557951,0.641254659631918,0.0980244833159739,0.727603127421083,0.0959501692862809
1.21543271074539,0.176876726391961,17.4081822259261,2.55899543727212,0.118185379117582,0.207161268464598,1,0.102984155403563,0.174202257761166,0.714776845359727,0.0833924146282333,0.594547360428885,0.0985829632009737,0.687788414698065,0.0912183556069077,0.770941253422028,0.0982184703439566,0.825891036084523,0.110395279966392
1.2605094230003,0.151080412707129,14.6826455982937,1.83812556777927,0.242198469487186,0.188134415698346,1,0.0256984234294596,0.191039120915252,0.755551021158056,0.0757761571580804,0.677038324969855,0.0874871182428262,0.64236073866347,0.0872520434753887,0.632893665814058,0.0941528522464087,0.819910714492232,0.100284633843785
0.661860771602351,0.16813003074777,17.2047612275504,2.7035643297271,0.280775115723884,0.247747356319876,1,-0.275644820627175,0.184504369075984,0.6495458068391,0.0956933445844082,0.700593886750071,0.0869852426018755,0.716632963091655,0.112643251482526,0.790484978578919,0.0975148934274639,0.607226561337592,0.117803346169041
1.01473206022104,0.159788158175502,14.9651985488901,2.20047346195291,0.254473779300667,0.259089860524072,1,-0.143648983289658,0.176654882609792,0.698402483278298,0.0816599427000229,0.771550787828775,0.0881794900703085,0.739172437629518,0.0915491665037881,0.527093235331901,0.109620113107033,0.589936041837143,0.120599896000759
0.792525062010694,0.155513280106471,14.9626568021442,1.94582429170262,0.592793567922805,0.159741174858814,1,-0.0815646373858559,0.187978697980281,0.658922200564226,0.0800637051963594,0.584211658961318,0.0975383279207957,0.739019706459952,0.0843012606717257,0.498598632826937,0.0995256458781382,0.521947804572993,0.0925443528424651
0.884448789481434,0.162159613264194,16.0403794811024,2.23540844353013,0.468397581408517,0.261258391326623,1,-0.180378906451598,0.190811560760416,0.693813995039964,0.0878268079595656,0.681306161160611,0.0926326427258496,0.610178692215496,0.0986441027003736,0.593239383641373,0.0985011230661076,0.714456192088445,0.104582134408434
0.955317589115593,0.151549856316109,14.0370668057324,1.8599458240711,0.507004806606632,0.178101114828297,1,-0.341797866599079,0.178536529748356,0.738195347684923,0.0738106015566997,0.595974341646005,0.0951744411877005,0.576370123163408,0.0879306492085944,0.682558089670868,0.096273060605663,0.556798177602403,0.109400255642364
1.32991890530064,0.190469190635405,20.0953395594402,3.15275407311231,0.168879243457916,0.264080098004669,1,0.110029865284608,0.189453263787023,0.829662469475939,0.0865802324081557,0.716016329022508,0.0985612359950406,0.843874486905862,0.102099463009448,0.730697855287411,0.113719320420394,0.821930950360461,0.114344896695395
1.06543797963363,0.157939636550638,15.0670845762012,1.88111645936338,0.631961651956769,0.098373094765119,1,0.065480574108647,0.186145812879756,0.777610826480374,0.0617253272321758,0.711477080314878,0.0856287280878028,0.650354462861563,0.0975141825196611,0.605388797665639,0.0903269664369039,0.615124451390332,0.104118454905207
1.15731305633153,0.17223309440878,17.0804652665283,2.60645594378278,0.241500854887662,0.216104409034393,1,0.0639345734169741,0.192179128060752,0.784917716614017,0.101899567816981,0.649361290675259,0.0902031856340408,0.724612849269699,0.0936628456338014,0.866133449890821,0.0986011737851158,0.633812985963054,0.127010981536531
1.13453642563366,0.194271838410188,20.972244388088,3.29849047567636,-0.0889773686088646,0.145128748800342,1,-0.130188081874984,0.175380037232125,0.707461574481075,0.0977103433430241,0.972413263304689,0.0883265085420258,0.826950270156902,0.099546202482085,0.781927212273127,0.102649418954608,0.6887998671846,0.121875405998005
0.955038707551787,0.14883045944011,14.3749820871699,1.9701146007605,0.506750615576038,0.242975957021784,1,0.266233210356052,0.165669765917744,0.591275722559139,0.0834855425382058,0.653619933882666,0.0847450010242221,0.701739308159241,0.0868638767349231,0.650072949648294,0.102698672678228,0.636444040793922,0.106235856980224
0.893159305418651,0.149765674021755,12.57790384804,1.97746149734813,0.144757609477088,0.229634068386959,1,0.0313451659469057,0.169747636358028,0.63296201424627,0.0852726051700796,0.707073218263084,0.0966604409805677,0.552060966355737,0.106535624847794,0.767763902066286,0.100508962156796,0.641905104523371,0.101744018870499
1.43219703347709,0.15771301308036,14.969364975394,1.82291873812141,0.574444432666044,0.156282153431417,1,0.24124054543575,0.187006047221678,0.690405211427915,0.07830061092397,0.747771772333464,0.0720594859927578,0.776642344607538,0.0914744985319844,0.619667920822416,0.100858472386351,0.515082058334532,0.110479845126109
0.788046428571691,0.18290105542302,22.0443220923131,3.58243327535098,0.0170372715899664,0.222699476429405,1,-0.262914183210482,0.193323226295091,0.842609852904964,0.0910645866759387,0.695065250168218,0.0962339893796379,0.700827900403116,0.10872588131113,0.769900006518993,0.107308002133423,0.755390887234981,0.121099407217473
1.11338565547559,0.15368229225108,13.9027039400614,1.93443318755358,0.383161756796581,0.288885064717677,1,-0.102946909612104,0.176993571386674,0.656137577591111,0.0748983511202913,0.768969152568785,0.0854382901539293,0.59923201741426,0.106358801585335,0.508924968719812,0.102658528209012,0.759762834156444,0.110956526040466
1.2443918673587,0.180764838468352,18.4654552737254,2.77621612068212,-0.0901142625383834,0.155413418928234,1,0.0630116951512663,0.162600913327595,0.747940422911455,0.0871967373665086,0.748985903254853,0.102553109969487,0.849353877267666,0.0938253104163009,0.961989248168716,0.0967393638045823,0.736708154022112,0.106306354707489
0.955625147459511,0.16163946813238,15.8329611334203,2.44679410823017,0.215521679417792,0.23471151132749,1,0.148474815056319,0.174014529148131,0.685205014005529,0.0964422476195049,0.733516134829117,0.0867244577044594,0.783821172544733,0.0921663750454208,0.67794308056457,0.102760515795797,0.661454800083804,0.115462462334395
0.902262841430834,0.156210276354935,14.9347095620168,1.9550672447376,0.663169300508389,0.142371730104999,1,0.0745492395126975,0.188218862283676,0.687040386001024,0.0789433544976854,0.670788663693232,0.0805886991790619,0.694943792901468,0.0979807597056932,0.748294072400926,0.0875885769239314,0.558781126712406,0.128056612167644
1.14843975475308,0.162453703435133,15.6601051044358,2.24928475300021,0.182585266557521,0.228943883536008,1,0.132777360618219,0.179006117812589,0.695274541247347,0.0804105456840142,0.619921120205713,0.0929160986781818,0.790018752121832,0.0911459223703788,0.655322691856361,0.102076308821699,0.803236011553487,0.106232079228798
0.976182112412001,0.157292158501905,14.5401336238774,2.27395264837694,0.269869036717489,0.255864720195956,1,0.00860219552861061,0.166312193649381,0.748250188894621,0.0844122770334635,0.680699649804324,0.0974753733942599,0.517787231065425,0.104755160408797,0.662507813765983,0.10538379017995,0.699219115493858,0.107090204775039
1.00818111111638,0.191044782808858,21.5268266963026,2.93130547642919,0.656556256902804,0.171569132853943,1,0.229952359181594,0.234451233710964,0.74452636705347,0.0777255294460042,0.855600481812103,0.0854786289889912,0.744723369352375,0.0955912034028105,0.899179700855152,0.101626036344433,0.771988560660521,0.109025254704057
0.931024752122596,0.179973402223759,19.0000722744014,2.8734411590484,0.513868950902842,0.231515549517296,1,0.00252289411511117,0.22852981206489,0.805141683871414,0.0823513136272313,0.577023987166554,0.112276513571685,0.768792617175402,0.0875169943233187,0.756576184115746,0.106153709806399,0.659359754738849,0.123000270164673
1.01243657677807,0.162301330098581,15.0461902946188,2.24959142961087,0.297390415261351,0.236533699158529,1,-0.0935950372671028,0.176036922740014,0.67646165801782,0.0853458690663506,0.664291431346335,0.0964912502436087,0.826913423647693,0.0925674283320946,0.73801268424026,0.105546023510174,0.703071975256959,0.127879244558009
1.23556067528564,0.175772743342232,17.9315416738568,2.52930727675725,0.412192432079339,0.252674196725642,1,0.102532085052935,0.182182920466455,0.70575669415119,0.0752286681005594,0.76496692994586,0.0832915102130454,0.8035749657388,0.0932905207714327,0.712206500524324,0.107942308337917,0.75051744862424,0.0978151275749503
1.10987048841665,0.177565809186871,17.708855388237,2.8997366283017,0.39425274367965,0.319535250529662,1,0.0983171103537566,0.182109680542271,0.685012698645691,0.101678802960385,0.793579124378267,0.095064608800281,0.709249928310933,0.116662397768105,0.68025431696218,0.0983611468842786,0.792493139887108,0.111820033162961
0.991626771168046,0.160511694691152,15.1850620507561,2.42219220502518,0.187154321773169,0.258330167129915,1,0.11026169663173,0.188173008318437,0.669297952244326,0.0905082190785957,0.61245484953829,0.100922762962726,0.595559400386113,0.0991082505555356,0.814268392998235,0.105639523840811,0.827541116079736,0.116818934783751
0.950165753047738,0.162036665882508,15.8371504674234,2.31215536172827,0.317715524038211,0.240910329549518,1,-0.0979083347605461,0.183335108101338,0.674806702364139,0.0804544562924123,0.537317980697599,0.110822380083902,0.769606495454127,0.0911136944143763,0.658834907931642,0.100821235933208,0.608565910080806,0.106218532700103
1.1578272261956,0.165106306740944,16.6133111279892,2.09874368573384,0.654704943559744,0.159928995053815,1,-0.0237376975007423,0.201508180871842,0.732219057205528,0.0874549080971156,0.716376707431424,0.0813162570132199,0.69366029329602,0.086342128362585,0.566551870163226,0.109591918227774,0.783257700650231,0.0940130699105084
1.33828093664856,0.174373592916241,18.6114701506014,2.51729690477967,0.417438887717392,0.259659461148615,1,0.32758315930527,0.176808933889391,0.72030993993108,0.0873417685898408,0.748667391930867,0.0842959390936956,0.732293798801468,0.0914155418669595,0.550153542511568,0.10724105848017,0.780037291302245,0.0946753628349326
0.895406013832916,0.177941740095103,17.8084808645355,2.98000591759137,0.0956394481793117,0.251119349581406,1,-0.0998772140642609,0.172636435682397,0.577219953729663,0.0952665675828988,0.80255032799747,0.0963879959353657,0.807066460337278,0.10313187078691,0.725638714718957,0.116625757515653,0.701317229515153,0.127727652200915
0.945215025005367,0.168908811548992,18.0717645751685,2.56084430872218,0.386553821112498,0.18981431281864,1,0.0754133596014955,0.17830400868238,0.752844154131056,0.0833831173938131,0.716270461210271,0.0794884211555315,0.85929504328576,0.0949611197436603,0.726474789314797,0.100238191736304,0.778847527610464,0.104805191593841
1.19521410056708,0.17394931591292,17.5796308166514,2.73077146801493,0.110435204570602,0.229163995325296,1,-0.0437292530327082,0.201976824339679,0.704508418880161,0.0999498444250848,0.843723631083562,0.0953097395666613,0.635682437774697,0.107950654547168,0.639669446245497,0.109160475774766,0.739073304942273,0.12429187463652
0.898766105777778,0.159175237220651,16.6815733857107,2.18987791589073,0.417955584113521,0.196300358398723,1,0.260620831541632,0.189802834672005,0.653441544010905,0.0801609762065191,0.669143786584171,0.0804086996264613,0.591572275349771,0.0994833651367773,0.691541141826744,0.0972950504947797,0.797254600760144,0.105338796577016
1.00310966011688,0.158766240111384,14.5824382540393,2.02525311881338,0.299653541555861,0.182161601422934,1,0.143513385182193,0.180940035187246,0.723121797386077,0.0892897341101507,0.705048996567261,0.0801960270721114,0.715459611138096,0.0930339161507087,0.621086233830275,0.105520726815758,0.684412381565331,0.109697966712787
1.19776565704543,0.18015856624335,17.513752163742,2.62988920062426,0.266627732735939,0.271796806226297,1,-0.0755524691456671,0.196700976790364,0.797127596901548,0.0792815534395819,0.715216747874576,0.101991493519536,0.714739147959021,0.0945009688699722,0.818417176006608,0.0960248381250612,0.750823605369098,0.11282194670606
1.06906905290619,0.165277295316413,16.5014185677724,2.14142081747123,0.538620953368024,0.250028467808412,1,-0.373281344721081,0.18778822115803,0.786868516141275,0.0769501219146503,0.79652696138561,0.0871107252989132,0.731214890085285,0.0859178643983135,0.619603503537756,0.101005137797777,0.617506317847015,0.103677208410971
0.868585177264637,0.159610280915613,16.0852719570122,2.36239298640049,0.311895006534889,0.235384135286267,1,-0.0546847421426784,0.180307380888052,0.735954022156684,0.0842748689641361,0.639090640625247,0.0916819687711892,0.791823358420803,0.101946777272504,0.658588716382112,0.102903713608061,0.826557806585252,0.106203796174485
0.889999679064661,0.144386419357088,12.5526447476197,1.63319784224214,0.540091014983311,0.205782552893372,1,-0.145496725776266,0.160518991990927,0.743071855203365,0.0684438251403314,0.669204883575659,0.0886453787009662,0.536751986467267,0.0951835241278594,0.731064389275428,0.0882449879569121,0.526332153667604,0.10853224583433
1.08424036847263,0.168554600770173,16.3840985740065,2.43721433674323,0.0439152116147204,0.187554928288899,1,0.0106280711722052,0.170820667276253,0.717718665749467,0.0940993996540536,0.701402230421283,0.0928585571914272,0.617771436281869,0.10197267152018,0.812369519278641,0.0975896064259935,0.696254270935964,0.106869529826522
0.916604267862875,0.158539025511953,15.4640377464867,2.15968625158014,0.282342206169148,0.270822451649612,1,0.272364875719181,0.188246489886095,0.669941973483565,0.0785268219748389,0.724445622799636,0.0863305157206538,0.596188481340744,0.114482331383578,0.739373925010989,0.0911384815333534,0.671635024345467,0.101382986641314
1.2233348190725,0.192521817870739,21.074544020492,3.30169382673769,0.171317405656713,0.246098800888732,1,0.124514261833048,0.193656011595535,0.743606822704143,0.0868004495527565,0.730656131918401,0.106666261588997,0.631693907588732,0.103935694093634,0.815883009002863,0.103267276218626,0.797602381403442,0.112795602547464
0.999542667383178,0.158586644591686,14.9515667848015,2.31299898759987,0.264168099450434,0.240854097593527,1,0.0373604559907798,0.169667116865988,0.715334784910527,0.0894924320229885,0.638917962307139,0.0926432115489093,0.724034367319989,0.101040391705543,0.680279257707793,0.100583257654403,0.590423769250763,0.134144291923996
0.827439654168555,0.14837364915162,13.0433072892965,1.7717544696747,0.49794648034838,0.255789693612904,1,0.00983553458305019,0.181518277671377,0.691908169443869,0.0791133540416545,0.580115685751032,0.0857180464465056,0.645081010040631,0.0926262503222579,0.578561545362488,0.102500245201931,0.607383586106894,0.104078528762556
0.84079796323488,0.174357408179408,18.9666113510987,2.75709279841196,0.232640922026967,0.215478249646713,1,-0.342336802800457,0.179812682454937,0.724600924407923,0.0852093406982552,0.80031269148197,0.0849875233643825,0.718657566805514,0.0926301621564319,0.610928016942887,0.116260823185823,0.817028780966078,0.105958707217826
1.17765340830917,0.159253465432466,15.1505402769084,2.06762286942299,0.310008767497743,0.246751702533245,1,-0.0398967684626629,0.171142165520671,0.699144811598827,0.0839750032473901,0.683646708282892,0.0879474195017584,0.727691736706553,0.0974836716252826,0.839750941061365,0.0991036392432824,0.824511519995332,0.0974198358020386
1.04385901195566,0.154987806556527,13.8342924177061,1.96606207593009,0.368265553982298,0.273331412794301,1,0.462157908913586,0.184038414225937,0.470661702082834,0.0949647849385444,0.749925447143287,0.0879041207265734,0.759890223123539,0.089590274440264,0.679598746495622,0.102134571950128,0.900542491732376,0.105016239562699
0.778106187275788,0.163001907702587,16.7882111969346,2.4785403010685,0.313380520584144,0.266607287159644,1,0.153286499706162,0.182391490818809,0.575810251087358,0.0835452216470753,0.7321251246948,0.0899420141425302,0.693831369847194,0.108183811328636,0.739901240621494,0.110853753809731,0.71680360006881,0.113994757463753
0.931937744622556,0.149587044875513,13.670959242476,1.74928128276037,0.56142383991561,0.206604926684687,1,-0.158231549245018,0.175383360220941,0.646537367368102,0.0776100579472545,0.719637702534859,0.0805161897913217,0.600742620601191,0.080920196583431,0.582770819057273,0.100675113294717,0.796843091561044,0.0957136390908656
0.947507410863224,0.161708203317445,16.055834568122,2.32382654501878,0.403126214292576,0.231461542855708,1,0.301398962917017,0.190858143185133,0.575899530410887,0.0914482166914571,0.806275697484695,0.0860023776086474,0.438892055852704,0.10892246522951,0.925134712955822,0.0957555575331675,0.768472264140672,0.109690394496382
1.10322939226706,0.156093989325941,13.6821183134498,1.89334195747337,0.263011918688168,0.232660732521876,1,-0.0928538023863124,0.163209193141043,0.676518532854714,0.0843473222249167,0.720845200500184,0.0792436115725563,0.666352903800599,0.0905717663731874,0.742323654499614,0.103845976885932,0.727417547617615,0.109270096664451
1.05921334868674,0.169161697179346,16.8299803933244,2.55917443974176,0.155465015890692,0.222995051091993,1,-0.0261005828114969,0.16604259900058,0.791902761819611,0.0886607667788134,0.746194186512834,0.0911352120067624,0.554851210784086,0.114509846089314,0.905564666448912,0.0969161458510405,0.722948225805842,0.116690209318003
1.1263765935761,0.159570208241685,13.9898393358806,2.2231531741614,0.19896332174206,0.270967960014191,1,0.0353288215942433,0.17859830749056,0.808246303188294,0.0817740327073661,0.645082472610807,0.0958818953475963,0.607196064368632,0.10315365515798,0.677225770144012,0.105966542537058,0.679612754030884,0.124017826162048
1.21824979797242,0.172534375860831,16.8283243123647,2.45215535906049,0.28772128170555,0.227592628382267,1,-0.38156166285116,0.185864504102902,0.789820178148995,0.0891196917815818,0.662932596359812,0.0955508149403384,0.694811347674869,0.0908670114453401,0.612940297192209,0.0948796056478134,0.775787723965471,0.11184200913355
1.20937310001884,0.174613072015339,17.5599012905622,2.52248101405092,0.240643975923353,0.216678300936418,1,0.0258121949764263,0.174544123849543,0.658566529106664,0.0982890814566691,0.722999639940059,0.099022205591853,0.706368857914954,0.0848526798438605,0.653383810532186,0.0963221731454364,0.865378378226631,0.102378253701143
0.992075485006549,0.17493028455632,19.3887569072374,2.83299819664614,0.354036795453207,0.277796554859397,1,0.0994805633233163,0.189856283358463,0.78632822561794,0.0827151053241325,0.660235309564122,0.0955454212581435,0.660156820034884,0.107767857768805,0.745614034339001,0.10094587132584,0.822591255338472,0.101330263744802
1.068883863971,0.171703510347737,18.6560874009734,2.77128206722668,0.206008090270163,0.228837431589039,1,-0.151333445132607,0.171376081224182,0.723370053555482,0.0814619623668077,0.807556920592396,0.0879031430961519,0.753250747519552,0.0916511778427136,0.651312814106884,0.104886473007742,0.901325218632743,0.10132668051209
0.934832409938027,0.147157685068256,13.5749574410038,1.92316214319731,0.431193135442456,0.252667509017284,1,0.121050351835102,0.151923940093402,0.533611098013791,0.0842074761919694,0.723599579729876,0.0818412964811165,0.585414490020399,0.0984399481376235,0.571419480717458,0.109495989267632,0.442448105871192,0.125751433800231
0.923822526191868,0.161879745734257,17.2489218608688,2.3349413436012,0.496350921765728,0.21262895786072,1,0.104565322566037,0.187071116022891,0.786722555701774,0.0745478458818957,0.633577505368521,0.102763128730663,0.692987362965293,0.102835182805315,0.690531805761242,0.0961092791992602,0.645596300888471,0.105808098959675
1.22808712797941,0.153721236043985,14.369529893209,1.79134901097181,0.619812825561972,0.167406052631624,1,-0.061750072372801,0.174769519494364,0.59162694552364,0.0820254289124601,0.684679265150058,0.08409110242516,0.673516012894297,0.0897786725730463,0.64714558006228,0.0926101027805996,0.756971659693271,0.090936892244522
0.778176618292765,0.153652468262063,15.079095604805,1.96886366703731,0.586681859583819,0.145078971554955,1,-0.0657221801866846,0.186089162990738,0.693504238812702,0.0820566141832502,0.715504718038853,0.0854573567903966,0.696481586093854,0.0873810678707611,0.63456474786274,0.0839358612877955,0.703437475373327,0.100330394951395
1.09488051901464,0.166335846233014,16.983238857499,2.35530071018006,0.254277740452671,0.227438224175037,1,-0.312589863166263,0.171842403798553,0.849449405403416,0.0732085315918954,0.785793298652868,0.0828865101809236,0.627641170177371,0.0937827628873886,0.713148668762189,0.100091624409546,0.775637490474135,0.107107517870935
0.900065305777947,0.149160759285634,13.874574826139,1.89197844733733,0.331346836049295,0.222742341955597,1,-0.229362959626972,0.172132089336688,0.62097055141727,0.0869426246653899,0.696568748685058,0.0873999573808694,0.560362268573296,0.0983983691633921,0.767161889700081,0.0957454264379733,0.697216043018818,0.112850218223383
1.03702799313266,0.165774469065391,16.9052608044792,2.5093868101656,0.432758102298436,0.267933836439587,1,0.120728980225576,0.175419048914765,0.740033278602786,0.0809530418166143,0.683543680011014,0.097035065409241,0.81863533140841,0.087176242151154,0.610279491791733,0.107286572554949,0.614348674377808,0.121961920360227
1.04286686082582,0.17835486550005,18.8183052664847,3.10692109216615,0.293690335364532,0.316350558232457,1,-0.0374958379939139,0.194359717755669,0.798639949539254,0.100343183960854,0.72402614320843,0.106282381516125,0.734878325422608,0.103084212941573,0.816659292779821,0.10692237822975,0.696110261983676,0.10475171304256
1.07441386670663,0.149345871654483,13.809371178084,1.80192490368322,0.352840422745953,0.225687404909008,1,0.0573820063368163,0.18084993921945,0.691476062925545,0.0772074382702913,0.705043310727016,0.0855927856017712,0.706773285775325,0.0891837692095165,0.564881653028532,0.0953026665764646,0.696736713396558,0.102933630490444
1.05110004212606,0.150126192991561,13.5145549959289,1.91432556376483,0.122311590300438,0.186621107741579,1,-0.0188360707236392,0.168559594697498,0.702437894653762,0.0768933036395514,0.816317086560541,0.0912672226502492,0.53293747166925,0.100428059891298,0.741348301946232,0.098564310173905,0.661335981390288,0.106108380732521
1.21884154697121,0.175999709965087,16.5867803105006,2.66036733358329,0.142116026111591,0.237494754799849,1,-0.177639826689584,0.184918338542549,0.778360553219101,0.0895435057155026,0.840077404184618,0.0996822490905389,0.776556170373358,0.11722722775672,0.825128140633152,0.097736089114321,0.786610062451218,0.111636561398434
0.7556382056804,0.152250808315319,14.6282848366954,1.99721559154901,0.245236037815952,0.243704051729466,1,0.145021928024572,0.17160779801243,0.684715507595738,0.0793602257347242,0.681890080032103,0.0964537004642928,0.684509557381824,0.0922399232069864,0.712512822857553,0.0949857171858607,0.724219489611805,0.110492440298733
1.14833099385537,0.171349298096189,16.8603570487663,2.62366944063031,0.0724407161872966,0.211244123571776,1,-0.0104789589997883,0.158250920843078,0.666296606574228,0.0954312766228659,0.805450787601292,0.0836607534990869,0.769857274644401,0.105060633008739,0.585410964775889,0.114260348935206,0.801051914972346,0.123120462098107
0.976266655529257,0.181017910769256,17.9311140874477,2.99442482745018,0.152774869188813,0.244556452209623,1,0.0882992326601708,0.209800814121744,0.686415213172912,0.0883573771148026,0.842176502239489,0.104114518071055,0.652751007646893,0.105324435595872,0.729208425513479,0.113562152183702,0.796895409045798,0.124715346709088
0.703410999975482,0.161850302583277,17.4061540553208,2.48768362119685,0.282319903687802,0.242671293880243,1,-0.319439201280661,0.188527436091161,0.688240815111913,0.084259667616239,0.732857459422801,0.0864792777946927,0.764662243015502,0.0928214024748059,0.48643982199191,0.118383543512758,0.629448339915988,0.108343316290729
0.922179411346675,0.168158139165776,15.4600881826976,2.65505615336709,-0.013084606178966,0.210419555964501,1,0.0264131666883925,0.188103320878828,0.746469603286036,0.0921113118039615,0.612248931653755,0.111853323408584,0.706996023859221,0.105112388712646,0.843390939188621,0.111471779771612,0.675526136139048,0.117088222424015
0.840500065138042,0.184588161593201,21.2482001170818,3.35659734174088,0.147578780210177,0.251305054180067,1,-0.223525334321294,0.169834486053071,0.758509328087221,0.0843631161746997,0.735265315404081,0.0965978901306648,0.802616277603699,0.105566750732113,0.545839627296474,0.113876429694804,0.871910441727804,0.121823259693331
0.92084512846081,0.167766917171029,17.6616807776463,2.5005592071494,0.51552132027423,0.150696967361147,1,-0.0847545021889709,0.184911230601,0.718437977055623,0.0773296992575928,0.443568583759552,0.120347948915775,0.747836713579561,0.100822840217702,0.644024655089797,0.0907351884720068,0.626531193860258,0.112470129860129
0.999524792990262,0.146065913497549,12.0047886155757,1.78654124535868,0.233161842901282,0.237673224098344,1,0.239775012420846,0.168492036782397,0.537801383749507,0.0826054475659063,0.688058969396784,0.0917470854037569,0.540756050890216,0.10807611502098,0.579054462707517,0.112889504611825,0.559008456586513,0.116202494553316
0.940709192964919,0.16224265011528,17.2633710064232,2.50301888413384,0.452863204364212,0.214320360528299,1,0.318581315301117,0.179060320582479,0.594283641192621,0.0902620673358047,0.725407539855228,0.0964916617121429,0.629084545529659,0.0948196289849889,0.735459944609935,0.0817431426169315,0.805113871379251,0.107881667116466
0.917753983601071,0.162125104120675,15.131181516903,2.20883731641598,0.280103791652867,0.254281422601844,1,-0.138480613425984,0.171506584533935,0.67802146055099,0.0831336382200517,0.648222504557591,0.0835732484574221,0.62416920306795,0.0996415397888964,0.637337803432759,0.106809107847091,0.729794633719327,0.108053523550294
1.06989902418415,0.165642184032261,16.0201117326746,2.34759944066023,0.381629743067939,0.244724617009367,1,-0.0149161527877717,0.163795161822094,0.747404751737393,0.0839772995708324,0.607072803528912,0.0887105218588909,0.764553100293931,0.0929153923870352,0.59101764055033,0.112962154641611,0.734651844080137,0.109136799956822
0.785549682755037,0.166264844924385,17.6251499517058,2.45852004211302,0.477204673203474,0.256519681456516,1,0.0441119514995433,0.180314845409382,0.709022242781865,0.0883662080577356,0.650256085305828,0.0888655797751548,0.790555662044509,0.101758075524212,0.692948449915266,0.100366572587479,0.849739828114368,0.0948071998915011
0.872363022895239,0.138400856928254,12.12483672459,1.71676269435625,0.411418081429688,0.197367623948537,1,0.0541592639878421,0.174410237855875,0.555832559011652,0.0823945637234031,0.441777027860589,0.0894064995569512,0.471861735053458,0.103486035350884,0.54076924029837,0.0919437083991502,0.653088828959626,0.112774724541226
0.848319801247883,0.142558050199927,12.2954302562621,1.74381222367388,0.223068795678958,0.23631576687206,1,0.0749904332657688,0.173028925996585,0.559420092538544,0.0856330669199848,0.610999338762725,0.0849281203956609,0.621180740811696,0.101321583462751,0.590613514595311,0.104847818427552,0.683298007693195,0.112697034584499
1.05272634089807,0.169621142457277,17.7950095580677,2.6910137409429,0.16224630845934,0.219380513806662,1,-0.158675841702808,0.17406842817759,0.709960809003755,0.0947556196034502,0.698040807813129,0.0939668920899651,0.855558276977995,0.093957713206634,0.736930767561228,0.0992575143932713,0.76639186281488,0.10218624380588
1.18614483599118,0.180301039457857,19.9727232118313,3.10132121121885,0.11121664176096,0.214749093523061,1,0.0493080788737742,0.176230594838125,0.706108002752972,0.0878260715997368,0.838708209534313,0.0973382194602049,0.849743232976979,0.0899318812806848,0.556536535778221,0.110511211811657,0.711263686945037,0.110866927126804
1.04423943691321,0.165015356778458,16.8791598102871,2.44653847014218,0.34523454503025,0.226038794555431,1,-0.118155866913841,0.184287087778161,0.8293989293001,0.0849177200698799,0.721981941943295,0.0971291337455456,0.777427464391245,0.0926533458541134,0.785071956028311,0.0970073991678512,0.616126359082111,0.114125778200873
0.78435991158908,0.154450224361505,14.8880692343528,2.27461732103043,-0.0134173826762758,0.165923659151761,1,-0.285125656799938,0.172612764051594,0.777830437269843,0.0840803090626512,0.678366352285422,0.0922858788636291,0.660293760624459,0.107285020117416,0.754145092535427,0.102526344760994,0.632933673894964,0.122631358155361
0.921541469194792,0.185809232964952,21.815983639297,3.31591039512079,0.350308494892858,0.332762105427839,1,-0.140311957121292,0.232485094514336,0.803650073291716,0.0926260407491065,0.741950239519995,0.0858557630929819,0.774270939150631,0.106798678521748,0.962935396828644,0.096611413089557,0.68948743000821,0.122660882856411
0.987807133952141,0.167787482728661,16.3696274264591,2.6049648122423,0.152939603218583,0.223751766344015,1,-0.18782793537514,0.145033370187481,0.826180875523651,0.0818527031097227,0.716924649171155,0.0950918927841741,0.538051833672732,0.11059737371998,0.840139960788609,0.105238433353249,0.722019954771951,0.120500354136878
0.962838044126799,0.170286024080847,17.5551972606371,2.44951476431645,0.347749484923777,0.295749338609456,1,0.000370835846909882,0.185560808552725,0.775095821788918,0.0795109037480174,0.706509583639073,0.0853984129524366,0.829304970561905,0.085978589992742,0.776992153679197,0.0990651555140775,0.629523223416458,0.1082568650105
1.07499118328401,0.170084794201169,15.4201460218954,2.52201516267632,0.092541351556185,0.208593747039949,1,-0.0628454723594662,0.185064910969061,0.740423072664144,0.0844157114422472,0.646841660186158,0.100856387917102,0.753154143386862,0.0994912845311943,0.684304657880166,0.104538349807776,0.618594404372438,0.124192456569427
1.20267609232644,0.16926677861484,15.5331691013711,2.22356986021143,0.587693675752278,0.19798773983762,1,0.272501004676885,0.208821862512435,0.528603842369049,0.0891538813272237,0.581491779261054,0.0886161015069925,0.808785073178411,0.0842150963467821,0.633774317257629,0.106911832788355,0.613928634355557,0.121292209899157
0.996048597828615,0.156082355615683,15.3159366985477,1.94134419131256,0.533564564255994,0.191867800507417,1,-0.0539002058314939,0.163465513781088,0.72744036987284,0.0772792089466671,0.815215362511194,0.0858088255530972,0.662937699926367,0.100638902969235,0.728571932161142,0.0840685847843287,0.458703880656555,0.106409219522034
1.47202278288574,0.182164356996354,17.9746255866827,2.40513872546814,0.606886080309163,0.208622133641926,1,0.52401392248472,0.226138162723538,0.729394856386852,0.0975112540380537,0.591225469689438,0.100030881092438,0.576931537271826,0.0839101893357827,0.912262391853941,0.0952057836599943,0.84166731817178,0.0935684506239633
1.19135581730167,0.201900342397514,22.1996729984435,3.89352676646737,-0.048537800812563,0.187364373112394,1,0.313192753980038,0.188777086056653,0.722692649258502,0.0981742517755152,0.826327494881348,0.109058260403474,1.04960284685173,0.106269429654118,0.824630130444175,0.115053016086776,0.789666722071707,0.124695362559843
1.18144673142568,0.154809068136713,15.0459815942831,1.90797204434888,0.554351329675997,0.178853933887019,1,0.26615324676985,0.187818896342089,0.660415588722832,0.0729362973115061,0.674948175521446,0.0775748470856577,0.607507013460712,0.0939672845310713,0.725044797466954,0.0868987257363874,0.711328778636402,0.104416159864147
0.754203640066348,0.16257544643865,16.9291645577818,2.58215686883557,0.20090606312339,0.215090504683174,1,-0.356972156622039,0.182122752395919,0.729855575086115,0.0916806521978206,0.819666824659221,0.0969484352421544,0.63945709511755,0.0994653450036339,0.690793513381012,0.103036652637931,0.648428467503119,0.112005079787812
1.17317632620501,0.154893988461923,15.0646312464809,2.10798222656647,0.398918585805675,0.245074513561849,1,0.05513169870439,0.172346143025204,0.765466091710808,0.0697133788957406,0.681046359581468,0.083759213832606,0.64637979158989,0.108205859219419,0.779313127757724,0.10004506278098,0.649737053312624,0.12411788814885
1.05177909475645,0.170000413349571,17.8984989463585,2.43231825356716,0.363130209890492,0.235181943555193,1,-0.038550857017545,0.1774973784351,0.743789162223515,0.0807309336343376,0.837862615356879,0.0840544499055434,0.739545952518169,0.0880910908569417,0.672549297898415,0.108113263028407,0.906421855602885,0.0887330091546605
0.882128179501797,0.160773212738902,15.6522507433539,2.22421072570571,0.327078800176393,0.277364720723605,1,-0.184551007030731,0.16524506084286,0.697261606705273,0.0832498671775958,0.585355688590281,0.0888106565020495,0.672238142082808,0.0877540446677354,0.649682876902552,0.102508240583394,0.764311796702641,0.105453791187305
0.924662070895823,0.153956387489319,14.8912921942484,1.84779997938721,0.747378551115338,0.0997099593593408,1,-0.0634334599857597,0.187377411480981,0.793157684460783,0.0837206509778565,0.719535352961255,0.0814900130868852,0.647591710377675,0.0910269866042824,0.729045319175629,0.0825809688840452,0.569796959564541,0.104500632530742
0.825596423917572,0.153632955067882,15.4160546376275,2.13058395191181,0.263952917790218,0.199621110879693,1,-0.0847180470361922,0.163674597217085,0.719969643091005,0.0755110121079901,0.653490436669411,0.091800070345117,0.654006740874557,0.0912486046151349,0.664290807803428,0.105442297908898,0.773289868812853,0.105326229626393
1.0955678594245,0.162750740786722,17.0072788210543,2.15811415868694,0.464811687628935,0.205418422145027,1,0.209240356017042,0.165725173951884,0.692184543611689,0.0852045039416144,0.705729593144087,0.0800839334627711,0.704736016903994,0.0928164330831034,0.828549430157452,0.0928437714189878,0.713314236909197,0.114923537746726
1.06169859726397,0.156520269960566,15.0835936570896,2.03855041540198,0.551823030106594,0.191551104979689,1,0.0213797771609743,0.178549087052569,0.587095295920625,0.0808132906426163,0.778890972996551,0.070277668720544,0.611217440155317,0.111953736589991,0.683760971311844,0.107920503605556,0.583085645724089,0.109504169274939
0.80113855508522,0.188421914394146,22.0320814669843,3.65851204020738,-0.248185261548738,0.150938642480962,1,-0.132819999726048,0.193130839632017,0.819145117261228,0.0901265125986609,0.791413343397002,0.106681711317966,0.953223316172307,0.0999290131521315,0.813413177164084,0.114505212269979,0.735007283361994,0.12189985807553
0.926226752432699,0.17060040004919,17.4462385447568,2.90876598457837,0.194577817842639,0.247523220729023,1,0.186348282230499,0.174576760514364,0.710935326539713,0.0902630265931753,0.759531159776739,0.10187734154745,0.660333179684289,0.0981378116964752,0.82839186538633,0.123538203755309,0.756277042853632,0.113800322719504
0.976207455769219,0.169402623270005,17.703663743549,2.51712295847661,0.380504675152834,0.270948261098798,1,0.128253553286474,0.203951027847816,0.62637629248619,0.0916269535206642,0.663135404773761,0.0910610303186616,0.69939396367069,0.0933367548172876,0.746622544980545,0.0997704998980608,0.742173539746456,0.11504477034619
0.942680414726689,0.148556572871575,13.5108233293942,1.82306861936264,0.261724207519426,0.209867730547254,1,-0.445442295794862,0.172248988400712,0.690649210236919,0.0798857827258951,0.69671767818308,0.0788858838775525,0.629368668226541,0.0996782201671268,0.676742274267066,0.10779943701501,0.562078920588123,0.109361732977969
1.19892392279375,0.17593186300218,16.4255621944888,2.54520853957958,0.332519942360774,0.299294408958405,1,0.350581366872921,0.190759579738817,0.633911739516017,0.0836744357816496,0.673113290946603,0.0883671872191691,0.578367814662834,0.102683765992912,0.598328458634279,0.117193968330953,0.719385006106118,0.113790015411323
0.794366340385677,0.159666211258252,14.9721121433587,2.2086887818706,0.239608891364933,0.202635540362827,1,-0.0795780648495402,0.170251478060248,0.728635853276694,0.0838582490139218,0.769213315902794,0.0949662243064115,0.717398902812724,0.0982541195097912,0.708640528431051,0.101683158054799,0.641151793510262,0.112189291220893
1.4609091569731,0.172819622802073,17.8954291011191,2.45872119705817,0.279204380800168,0.189082146956766,1,0.14366150908207,0.172997961988246,0.728613640337486,0.087534981937092,0.718823334674263,0.0776446666426549,0.771770161080821,0.0891236262345718,0.701547456812821,0.102844737432287,0.735020755388413,0.107927462247602
0.944760714535173,0.197130387363706,22.0229698117445,3.85631706019255,0.059985623054455,0.244674706191739,1,-0.135140431350467,0.230353804481882,0.726400119614233,0.0966702555586635,0.914296873277801,0.105116030511936,0.672476063558332,0.111330511252665,0.908013123060718,0.104162216530219,0.814150898598169,0.12300100794136
1.34545359777483,0.168210934340459,15.7632066432468,2.36506276468783,0.146364957582477,0.218406879313671,1,0.0658755946928135,0.162189957515978,0.692031202648627,0.0856802737733146,0.66133307449997,0.0874653431349513,0.704081646450992,0.0982504904759866,0.702224914392789,0.105830253091578,0.669052996906686,0.102307780446517
0.642835471364316,0.154603670777757,15.6092901771079,1.89853191202488,0.502744462677364,0.233280058454557,1,-0.0581084384176761,0.161938077978096,0.714828947898914,0.0758668351479196,0.586751650126764,0.0829072841785011,0.715750798067682,0.0831147312587624,0.661947026207791,0.100635825087556,0.654288896878756,0.115138650939642
0.99571094761078,0.160086931131799,15.0406913179808,2.30004633651895,0.273113060480083,0.219346407116433,1,-0.100688179643569,0.179790983392788,0.64853197453563,0.086393628644513,0.708519381527793,0.0945105792334192,0.778428117941764,0.0928094725162214,0.579283138647929,0.110815561115172,0.707520485316192,0.111883732771682
0.917476373576393,0.157505009752565,16.0064054242147,2.11821187659546,0.370597992055667,0.194399606210684,1,-0.101680754092908,0.173264994351087,0.669033030792884,0.0787639263273958,0.724973433564495,0.0816537643504603,0.587287213179668,0.111999592838447,0.620462788332756,0.0945517534291048,0.563860448216369,0.112035760283553
1.09289208305875,0.176343028094071,17.7648844307608,2.8239947639501,0.0561088804222606,0.21389055678852,1,-0.226556847659951,0.156188161646101,0.712865703128542,0.0886639571360689,0.840385737732901,0.090827193837785,0.846190152692366,0.105927013106624,0.653572443554103,0.124075201745793,0.929350261730251,0.111685297673241
0.782340616303116,0.145089976809241,12.9340290121927,2.01245969431602,0.0841067289871691,0.213426177542565,1,-0.165564687848894,0.167151895126854,0.800154183923246,0.088227715309485,0.666388046654251,0.104430003172278,0.683738444199249,0.102165263139911,0.763230140192733,0.103006937239332,0.616571602860302,0.118694701107552
0.975427041732442,0.178492193879576,17.8779900714615,2.82828356395275,0.320684157438899,0.225359947090387,1,0.0499140329803288,0.183608206965388,0.685080691326116,0.0818452142189762,0.774319262391385,0.101409194237824,0.749239170888956,0.109413149085688,0.740867749807998,0.100501778527263,0.743682322962591,0.125111750591485
1.16290919500046,0.170452857396676,16.6578671845322,2.47405497898814,0.469069054079167,0.318333598943007,1,0.154316087957678,0.190931497032322,0.754831417904045,0.0843373267009947,0.720850364748006,0.0798474773225755,0.712838787991891,0.0994544163505776,0.825937552389144,0.100141828855216,0.674041042154812,0.12558803265363
1.26078823732133,0.16812120574671,15.9514743684685,2.34365768741817,0.353808098132896,0.253950080268718,1,-0.13765853150197,0.181472539820097,0.785819383654695,0.0772344132799086,0.721143959033225,0.0957833873657765,0.771136465168218,0.0992154429869859,0.736848850008059,0.113559767825008,0.764919197263635,0.102049141223732
1.08586792791062,0.171784540604874,17.8642987567417,2.53675828213987,0.215163191164146,0.20426367083681,1,-0.176399935237978,0.172204875442116,0.713801321764821,0.0840026738701217,0.787897620327116,0.0917781146766965,0.69462975140577,0.102131053966465,0.550089494853543,0.104894705807737,0.780779228252644,0.118003511083605
1.29338952683255,0.193781136924549,19.5332201146053,3.39543227661304,-0.0831450164891213,0.166882254735923,1,-0.0822553529407384,0.170227929606787,0.719539574750495,0.0924732051766116,0.972023311111381,0.0989819122168364,0.940508862148127,0.102636404749829,0.629085081393758,0.127256230557445,0.935786473027116,0.116755999139021
0.891111634731161,0.167408220711125,17.3140897197597,2.74640140377845,0.286501588942006,0.232698718103836,1,-0.0513834591802771,0.194193792694133,0.51900776068663,0.0942628788419799,0.67846255733423,0.101407502174843,0.586441353107941,0.100588940920968,0.614772060909197,0.105778955719271,0.554923304386974,0.118188622770244
1.21307362515426,0.159446731760291,16.2969677617945,2.12821340598677,0.539218152056444,0.198293017357422,1,0.245296726296485,0.174496160709485,0.704007231284987,0.0786657115669527,0.719273292344283,0.0823324731276572,0.812053181276437,0.0900291686684591,0.71358849134448,0.0952462435793417,0.630772750470163,0.100022877205281
1.0722485322816,0.156526449262496,15.165790275236,1.92856837710379,0.65368763634576,0.135288150867742,1,-0.0898365124998965,0.195557668978512,0.756803323016406,0.0761410350739632,0.728404691919403,0.0861289760236827,0.476985206218613,0.0877360652913044,0.549978886808072,0.0977208866550745,0.813950525236098,0.0996228587186836
0.900301092732253,0.151948983420417,14.3674438608609,2.14481574081048,0.158522599326378,0.232553108531084,1,-0.091052063012335,0.168263704679874,0.747547904857112,0.0822252153350367,0.681722702163445,0.093158835013166,0.570300321048324,0.108653760002639,0.486367971475793,0.112712654543343,0.722558232463625,0.0975169566148264
1.19371043878956,0.15298376718912,14.701638677808,1.91721005118748,0.541261955241196,0.239815860010902,1,0.128419439574096,0.176744637389625,0.599452169971184,0.088766268274655,0.789421485746626,0.0807903299075488,0.601906644550705,0.0893894175812307,0.75093164165093,0.080671644472761,0.650138998445948,0.0940811419202586
1.07548909733952,0.169935255167524,17.4348609765112,2.64817340954066,0.124782293086716,0.195614895575348,1,0.012098925498396,0.176855929399814,0.706048872648142,0.0829994122474353,0.654550592011563,0.0956565035982631,0.787769638148773,0.0925103769793673,0.710577065582871,0.10719930457553,0.827461881702328,0.108585434385586
0.78125618340899,0.159321148933731,15.5454127148982,2.22325137697854,0.36068873251593,0.240525158238005,1,-0.0157861769755032,0.173048756815105,0.664462377361677,0.0855938171053063,0.500201038582781,0.102282598760068,0.57418269649314,0.0997488698833038,0.674497348351325,0.0951131560139212,0.611303781278458,0.114465370822921
1.09462360268623,0.155262284143937,14.0384790464113,1.84583988794943,0.570451244354743,0.217632633949457,1,0.216547304227654,0.189270824418973,0.696092335956059,0.085683939209818,0.589844427728881,0.0914563163388298,0.754638527759298,0.0900052508338134,0.746393776517116,0.0857247500901624,0.679793487552764,0.106263335976439
0.884060438953233,0.156233869000083,13.9114532745569,2.04333371779942,0.538824345597914,0.238797068781218,1,0.138318138268781,0.181976420753217,0.698585586366576,0.0871085500219423,0.582046208217067,0.0898082649725174,0.622490248237362,0.0905767794434806,0.721630043540759,0.113803368257248,0.723692867471378,0.103416692586732
1.19434326128776,0.16400285407707,14.7850678364398,2.14053764175112,0.117611293427885,0.194181175755469,1,0.0183715115439779,0.167271184211739,0.735785197823759,0.0888058657002686,0.638544954920193,0.0954734503538968,0.759652730414677,0.0903768052403266,0.737566759154785,0.0878894428807718,0.777466711448557,0.105400302483066
1.195186228364,0.15720470485661,13.8989545623415,2.05740385827252,0.160171621796349,0.213394367702594,1,0.0760912583135867,0.172788364029118,0.672984037050461,0.0910675911558793,0.743047087502111,0.0879364731541156,0.570176632042408,0.106610722063804,0.823227986912698,0.10163117867703,0.489729476051294,0.13367859421491
1.01244910795364,0.1717116003739,17.0392612351511,2.54327132833712,0.286698103111607,0.276009878296844,1,0.149819801428258,0.18152461264684,0.739026403002484,0.0843000316113279,0.700265460289599,0.0943597889350062,0.745602484308533,0.0941810879849559,0.730696072097197,0.104006027068304,0.744958810335032,0.110744900373499
1.03310242448723,0.15299992074957,15.5313079568021,2.06211188030411,0.409307531969393,0.173922955974271,1,-0.0887528589967602,0.161070199917935,0.58757431387007,0.0819537269555232,0.671916437423737,0.0904738354009567,0.775405809689721,0.0872921377204605,0.74784340866302,0.0854986089378031,0.607170923266307,0.105162147316116
0.927271086409138,0.155952369008158,15.3700907798959,1.98521015512803,0.550167514829264,0.169969858222641,1,-0.213674202672709,0.162263244904876,0.768547911552458,0.0714407607282378,0.656214839557963,0.0795140690016145,0.684520317791916,0.0870083783934452,0.81211695973897,0.0939407086079726,0.656024148130388,0.0938256577362916
1.25583156947368,0.178312278406679,20.7103838223646,3.11564481350687,0.288341337164364,0.210324273800871,1,0.188400394149521,0.210665674132288,0.870169090918864,0.0903325930565545,0.77491857889004,0.0777170269145403,0.574259638806189,0.114328987978081,0.820409354706554,0.0998704920877667,0.676868930500627,0.110741807724143
1.08061155360172,0.174843402621549,17.9581055857652,2.86374577002782,0.243715024077367,0.267147110185924,1,0.0809163463832318,0.176919359491092,0.830243969588175,0.0832026457240053,0.585107272065122,0.105857853168687,0.65593874872976,0.111632980219474,0.72021389402993,0.109554955964498,0.602373122698796,0.11334618766551
1.36678320041365,0.188172374324561,19.4827458686842,3.07191251010713,0.244127091696059,0.259045139001423,1,0.219789627429482,0.19936839184099,0.777186612206638,0.0864961489581571,0.684034504213991,0.0980643816463628,0.722194555310913,0.110380145811025,0.793041721835687,0.0999223587464835,0.819824435969252,0.111114915456203
1.16732008484923,0.191904211715619,20.5503068588422,3.17798516492028,0.165985014303653,0.231715838627779,1,0.0308600625240144,0.19736856060432,0.808320790386262,0.0884350998391988,0.846776405307907,0.084650357134439,0.752114731412537,0.115358021587263,0.764749895203333,0.109030622999213,0.855254162521138,0.101624111675733
0.95644510667029,0.18683845394311,20.6393211435901,3.52524582257591,0.104775179830171,0.220740126900813,1,-0.184255572866247,0.197191185044774,0.884354688758447,0.0854943991270967,0.835388683934115,0.108325482421403,0.723137095193823,0.105026057920322,0.793587530909683,0.122512957214,0.696564901734019,0.129124945213878
0.859415854828682,0.176907380934419,20.3715613064709,2.66846807167612,0.524732453317112,0.177973461426897,1,-0.0977487246519471,0.187333807505441,0.612721663288275,0.085193831494288,0.875538786274446,0.091529992289807,0.769265218418574,0.0990204076334131,0.661091557418291,0.0947659823140333,0.817978535080421,0.0971839970256238
0.903035823588898,0.158763614546754,15.8775214584419,2.1989066476137,0.291075686016614,0.245292734317555,1,-0.0160172674551197,0.189439414368559,0.724486588416569,0.0885655669383409,0.7519922006463,0.0848931730134916,0.576914861767517,0.094557469983523,0.650069307007661,0.102065738310225,0.774334338433586,0.103906102239643
0.994599096154815,0.171062332838902,17.1771316987485,2.61205538740826,0.195489356680139,0.258149849992725,1,0.186552961866892,0.198924794284263,0.580461298331076,0.0941470870141657,0.717296818037302,0.089417203002584,0.684079210860094,0.0989994292375423,0.665570650209325,0.103649680436346,0.649750262780914,0.107509267514912
1.06525199143636,0.153773776146887,15.4772536360205,1.85735926072784,0.651895335301156,0.143966370671603,1,0.0824034430141018,0.172881482007284,0.677338359571875,0.0759565280447172,0.661170472240004,0.0721365050160816,0.583604174651349,0.0971579328624444,0.643211306849704,0.0955141311125727,0.761947698045251,0.083482808272535
0.779585917912118,0.172186371427816,19.4237664200349,2.54205026071573,0.19252386384177,0.18248101742827,1,-0.192444689275569,0.180194192196756,0.843414988503341,0.0742704415813162,0.685613713056351,0.0799790062983108,0.803683374134426,0.0975491641038822,0.838038437759353,0.0962185266302341,0.79439958912482,0.123327679465667
1.08230215607781,0.214533785441225,27.0135258640599,5.08302806880136,-0.164076098826672,0.180014763424205,1,-0.0469081917525903,0.173398168205015,1.00522601719328,0.0917164375989551,0.767462121501098,0.122018911356759,0.830134521969121,0.106049434068537,1.01562620752075,0.116862601379686,0.948528211481166,0.125087667774372
0.860495037898011,0.18252251430268,19.0729646695266,3.1296723059304,-0.113059656596125,0.18674437288516,1,-0.0183914502940279,0.196585912743053,0.770484648713983,0.0938031038866929,0.758337282526964,0.0945832564332922,0.830871983533244,0.103389052389774,0.755126148262499,0.116677620804282,0.525266536475071,0.132036608447377
1.25700393989216,0.180355555544838,19.0417246044417,3.02768613165385,0.0276405723429337,0.213409139424943,1,-0.146690455394904,0.158644816484214,0.704722878215157,0.0866546164508045,0.75991107716433,0.111808759840158,0.600145609611505,0.11503875251338,0.759297745369526,0.10238813830371,0.755798100679224,0.11270845375174
1.22015587498073,0.177142153940835,18.6069125344103,2.65693747770135,0.0806415543271365,0.168133565911682,1,-0.231232733812787,0.177575355486937,0.888112121376372,0.0759930707533823,0.710904200428848,0.0830299798657236,0.859988188145427,0.100948068984807,0.720682645908182,0.0962665631873178,0.798694507082685,0.112852720543066
0.898559947632453,0.156328680614519,14.9111393357834,2.02807036950382,0.399524680157313,0.22972995075153,1,-0.0671309361893078,0.171745817047716,0.696405846511463,0.0839008983524198,0.74499363235417,0.0833813578584597,0.658374232698494,0.0889270437115993,0.612048871001973,0.100009078848914,0.558627180598655,0.113144241865871
0.864910219284683,0.166899869760706,17.2356799996189,2.64889541204741,0.3422343175872,0.27988074032989,1,-0.0807957783440437,0.191725102151095,0.739844346048769,0.0920298496335058,0.712258771929172,0.0953644375718306,0.671077619138594,0.107146010492485,0.748021294112796,0.105555927879943,0.716205203135078,0.114630717179605
0.935255243679282,0.158713541209199,14.6121791076177,2.17049071061814,0.2727000267897,0.248720847736192,1,0.228615755156865,0.179665078367717,0.597280316506132,0.088393795178426,0.759318503985624,0.0863125880940776,0.530364041962204,0.0982699685558356,0.738504176861049,0.106007493849765,0.554595368999529,0.119321775164039
1.02387408460904,0.151389897239881,15.6168313490245,1.90391161964296,0.472592800679034,0.208869097439103,1,0.240871784998799,0.174993606741631,0.633141481040178,0.0787062098900902,0.729646680727046,0.0794420630758549,0.646710514098031,0.0842004002560989,0.498795562687055,0.094277859914171,0.641732653758445,0.0998515767600491
1.2037815015821,0.189075749792768,18.8853039190782,3.32792538556304,-0.0960976371995005,0.182177496596698,1,0.30162044516062,0.200486795471069,0.646065314147273,0.104030436651943,0.641902019082885,0.111071858441045,0.872339778406506,0.109444665090723,0.71120952604221,0.112665110505917,0.888900149026084,0.101975614966303
1.07515312100716,0.149284190190702,13.8805292528953,1.74939241064053,0.589328971717447,0.192441528718195,1,-0.153422892604201,0.18595484723261,0.743696131013203,0.0863269979540265,0.726509566169166,0.0731903884025267,0.617014148459522,0.0863480092239714,0.65817723766972,0.100025034885141,0.623762287047581,0.108644781340819
1.21902734800798,0.208343430148873,22.700162733616,4.13166278486342,0.0369576916786101,0.223365806637648,1,-0.011952086569682,0.198824468621079,0.792632762774436,0.106569350391549,0.829107538517857,0.101365359825783,0.817255537539985,0.114542566282304,1.06994197235831,0.113062098790907,0.865469000778039,0.122289376035749
1.23115823594334,0.171706646687097,17.8151756151253,2.48086314609849,0.18896047007132,0.212883457375596,1,-0.0283895896856975,0.180792329368725,0.835851368248735,0.07985696593549,0.721827255111918,0.0879487801394002,0.828560706407256,0.0989661247574579,0.700238165379735,0.0955663829859848,0.662934349516277,0.101083406025376
0.936029800195205,0.151610833539739,15.6573842598263,2.26446620084922,0.310205888939335,0.225153512843663,1,0.23195393409807,0.179223321918298,0.64632363135852,0.0865434629127082,0.676304486250441,0.103164145465429,0.679266967650108,0.0946241507884141,0.78963465385345,0.0966415179723127,0.743015036643836,0.0952322126139091
1.14588781649593,0.171668566752988,18.1357602639603,2.8585717753256,0.173337667539637,0.229536077856192,1,-0.0316221875041932,0.183184455830879,0.714039204011732,0.0821222704496275,0.666706474942098,0.0967138048427926,0.745860509962873,0.104297707416074,0.795336784158067,0.106727607086182,0.661114782483014,0.108659054783339
1.03744890507373,0.161324534776029,16.2700298453986,2.14563111832846,0.582412425331522,0.145005479114983,1,0.0392869159081893,0.162411108819395,0.801594358654178,0.0782493124001799,0.65143107167565,0.0971287267876268,0.584958163415581,0.0885709713200777,0.731557737567546,0.0900241826940199,0.587506671459946,0.103242705418073
0.839725268235923,0.159877563324245,16.0831410951472,2.29108307869994,0.216731811239977,0.189348218122579,1,-0.104899187681913,0.161730391457781,0.693319174876391,0.0816676999268162,0.69619864854328,0.0970981352024094,0.771682632727921,0.0925786017731983,0.740987263353244,0.103628878062369,0.544185272556007,0.114082128159214
0.967367792681375,0.147574044138027,13.3321261445324,1.69978793054417,0.390097728358673,0.211862051872667,1,0.00761499484486516,0.167216840281732,0.560792296089246,0.085709563135049,0.647074359870643,0.0816328481314696,0.675846444715617,0.0927016648262089,0.667791920969018,0.0878197479074835,0.69536829663036,0.0981594858618617
0.864006869280539,0.157497703331872,15.3232596161338,2.18149116124713,0.458750953781176,0.228791260593583,1,-0.0456213811348545,0.173425386161446,0.761053727343521,0.0759988037206278,0.732565888396514,0.085868786333079,0.506944960895936,0.10770642766305,0.656045825406033,0.0954678825193758,0.776548695636972,0.107336628973777
0.993697019451327,0.174870087160653,16.775214944982,2.74194585286191,0.120239593160691,0.227065695615731,1,-0.105787014492316,0.182972534031418,0.748829200997389,0.090446648675859,0.6616281899385,0.106066523598681,0.803159275491866,0.0979794815652799,0.779540237495305,0.111337139548393,0.835353066145162,0.122341496832548
0.98438326166629,0.165938038239247,17.0071377094711,2.21494163683028,0.574939068040845,0.189347453676654,1,-0.311950557197279,0.194578154399675,0.817674924054842,0.0828083099918452,0.721763786591968,0.0919203349266452,0.648261964712755,0.0876003043047562,0.619456360681864,0.0933876677608933,0.675440675511974,0.0949054945925322
1.28289360411087,0.1629968737276,16.3183261775454,2.06551551856747,0.533212855310078,0.172066906116648,1,0.246999363857726,0.178947705907487,0.682221267050674,0.0834966201806242,0.849194157305952,0.0778106165565931,0.783018280212729,0.0884036018893497,0.803968859674147,0.0964221141350397,0.698346738157224,0.0950047989911444
0.941581169942692,0.164680117584115,17.1101839048142,2.38585260069466,0.355925001106998,0.276237662486064,1,-0.145995680950147,0.187994876284823,0.743787350347401,0.0707044337971769,0.69346157768954,0.099034487387043,0.789292811990968,0.0972466009969361,0.726115272025744,0.101897787309119,0.686324919971984,0.102076371664743
0.998190010281993,0.158823009641574,15.2004210132666,2.17479086990753,0.264686935525967,0.231817424930077,1,-0.192183448775622,0.164918927156547,0.721865514258846,0.081606321108821,0.585244267260689,0.0897230850175499,0.648749070832201,0.0988160356767274,0.73080601780764,0.108239567701994,0.647724410469961,0.107977593562461
0.626970366779821,0.178651850316775,20.5274661707665,3.34299063633807,0.10238374195326,0.218975950556647,1,-0.285533924454858,0.193263082616286,0.865159265120573,0.0858103211044085,0.605312727758516,0.10615086805206,0.710223620175472,0.106209777906154,0.709307683100387,0.113720671880446,0.537414915807567,0.140826949765915
0.769670973315529,0.15397833754602,15.3161517084827,2.28276751550977,0.421983170771734,0.251770290811661,1,-0.207167008830766,0.185208633566644,0.629011007644441,0.0838147670482669,0.671820397133897,0.090523673059067,0.5412051050931,0.0966126129202319,0.648613834987108,0.0940940773767164,0.419343734452733,0.12291574956175
1.05613719562814,0.173543252489405,18.5765780820432,2.46964149526854,0.555552473319825,0.205016380824973,1,0.0649912893340954,0.186610471136349,0.717332194496663,0.082853039243552,0.560981668754964,0.0995847193848119,0.757720544715387,0.0857333135482154,0.599730031344832,0.0964947726768824,0.804079763891869,0.0972219708824758
1.21363997061456,0.167257398391573,14.7419372421872,2.29851864853752,0.30340449198176,0.269137351248462,1,0.104394576510611,0.180884061325082,0.617129063510048,0.0859420168607501,0.826248220764023,0.0861534463262397,0.5187569258031,0.0996180618801696,0.742767007649921,0.111410190735983,0.754856972110593,0.113147073957271
0.941375116227512,0.162517904586203,17.2288716680981,2.58105291249153,0.22898616054514,0.230056250348836,1,0.166990726233289,0.164753106986287,0.764111541020291,0.0769940250051315,0.700521511627192,0.0892810521400035,0.667874842292938,0.0919099109199644,0.580075937272615,0.10981647077797,0.738210226012614,0.113868470454238
0.927328218663161,0.157130977752607,16.3284646934526,2.2311035629195,0.594013483036124,0.181784645129946,1,-0.205237668473381,0.175810692593694,0.681095433903691,0.0756242760941288,0.623457549726387,0.088083589204172,0.63845919491289,0.10620674794356,0.699326110802059,0.105869309323679,0.49900561941694,0.119101700865748
0.710210221354054,0.155103077256872,15.5728644669741,2.06177354665165,0.256832942268432,0.234137506017691,1,-0.219750857640591,0.189784888366111,0.788710778278254,0.0804506472892259,0.623545874238373,0.0920694780770642,0.772401120043067,0.0865481574163775,0.722674189685688,0.0939804507420907,0.599909211612661,0.107442145069047
1.21102485590009,0.166923774039459,15.4180297461447,2.26429519018754,0.346931563179476,0.284754231177942,1,0.171485094226408,0.188377294544731,0.708106163037632,0.084654815910759,0.641867208792564,0.096767309929091,0.606767596823814,0.0982391167664016,0.718913335615053,0.0952926094494268,0.796544034055387,0.104371421689527
0.989616577435054,0.158991128214996,16.1549909553065,2.36846426634655,0.500701356460449,0.236311551394076,1,0.332761484430974,0.185435846954421,0.75140058507157,0.0765239062849963,0.610064384759942,0.100061903916057,0.750314394330838,0.0946694211686925,0.6502044029256,0.105281852866455,0.844274410754192,0.0921397264967877
0.798808271617136,0.160467509242106,15.6555008193832,2.33993804102877,0.185735522973177,0.237436566111735,1,-0.153347051311682,0.186776778999028,0.651041685136452,0.0852104868019286,0.615752587105728,0.0897217983233163,0.708176765516601,0.0967680695498578,0.723974647891796,0.111847433152013,0.667106484405279,0.110821383651174
0.863928590242522,0.162574693926896,16.6933111184974,2.17495189503256,0.640401213416193,0.141674388267944,1,-0.192587861154888,0.188086133645395,0.852293868152638,0.081371903801876,0.766236583557179,0.081842455735177,0.723004187682241,0.085990111843789,0.507985304874745,0.113533303049985,0.765883094643204,0.0859107692317868
1.07755669000595,0.143827488033801,11.8486800103282,1.75334273168088,0.281197182175345,0.25693267792207,1,0.132497110983203,0.155125328728971,0.570444343309532,0.0933457458865708,0.529262592303101,0.098357371401931,0.625119666801004,0.0926836498662718,0.651894287195393,0.0965478921681406,0.65570318752763,0.107093400511769
0.89964792426088,0.148590887070738,12.9316484829117,1.8548405462654,0.177518418483053,0.216719555569112,1,0.150164477548142,0.185983130579452,0.68215404453865,0.0891488612169884,0.717851241591583,0.0914331238918044,0.60303693375615,0.0910154913198679,0.806053357360284,0.0962954488896493,0.485167107329147,0.116616714270299
0.924929732590711,0.167266202901122,16.2545738624507,2.71464141481525,-0.129837475064074,0.158482077964203,1,-0.147464644226449,0.206525604734584,0.683609903670169,0.106960945618732,0.805235877387291,0.0967921768077902,0.741235837098323,0.104682613272174,0.8266061017828,0.106840300644527,0.673804338595017,0.134174215894558
0.908063615466473,0.17393267999897,18.6952885238963,3.11306037817211,-0.113421080215238,0.174472088635993,1,-0.0534361280693747,0.197043050214352,0.735081607412475,0.0967806772666688,0.857767597722134,0.0973169379493015,0.787145128134976,0.106730949846555,0.732310349346905,0.102790051848395,0.813523269473234,0.126146749937727
1.11143998973788,0.174649460142185,18.7056865750558,2.4764510534093,0.611632468264512,0.203488732979691,1,-0.366342050874101,0.209780312765275,0.82664294009127,0.0906118899134569,0.828144526225208,0.0806777561445532,0.679711568407543,0.0937097754854581,0.728133930955307,0.0973605840297195,0.729575949529172,0.104144486266688
1.09775351374432,0.152473546963677,13.2293730713371,1.90420915236838,0.29602380795101,0.24917860857353,1,0.233611101973376,0.191085237649771,0.748701813343176,0.0833279589445614,0.544345139191827,0.0941280733686244,0.697837301473773,0.0930177417021108,0.577043917685889,0.102731868112488,0.702931905802043,0.115289044287036
0.94059868028966,0.160241137173005,14.8472788079196,2.21493643053528,0.291070044869024,0.206050724815412,1,-0.107453665292519,0.19271541094779,0.7247500377159,0.0855657390582945,0.618435738223367,0.0974321672335337,0.623216516361114,0.105652227480456,0.744222379083124,0.0991907856183707,0.645116159231898,0.108441783353311
0.91545087698205,0.146303919679922,13.2867730978992,1.52478651054669,0.632307250176112,0.123951459574436,1,-0.581225161033935,0.183402705008083,0.74574381463692,0.0719888679649405,0.750881548737701,0.0786107431241391,0.647745986865934,0.0802623176321081,0.59597974262546,0.094351561818357,0.615029960637885,0.0949660478458479
1.02012162877731,0.183113831668963,20.0399982600184,3.22817913465785,0.0342825586975354,0.204976854846428,1,-0.0526308327534107,0.170610606317001,0.798204331066016,0.0840419571375752,0.842885763660247,0.0905392885695216,0.852589537022519,0.0963880367979806,0.78324765831192,0.119662510802799,0.78203994890826,0.128402921792465
0.978423322527618,0.173350172210129,18.2741584691077,2.57981573455266,0.248319389317111,0.226693429193652,1,-0.40184936852927,0.178913037824684,0.810170911468371,0.0755903370095735,0.743813323839923,0.0884114877670198,0.669529616482347,0.102825050163715,0.61096280147723,0.108917158199334,0.698372728826292,0.102759308517723
1.25748543183931,0.165722446581644,16.227242857093,2.10562829942879,0.671309865618353,0.16239952068802,1,0.214167482377038,0.178665297054233,0.670730869468329,0.0730199119707422,0.741478382905631,0.0835314948280789,0.703543051178561,0.0921741724363097,0.690697698910615,0.0981625495420625,0.861429582569486,0.109135654859119
1.3096054555421,0.172453489790021,17.3678355120812,2.2784457132693,0.389661521152225,0.277726084436224,1,0.194851531961999,0.179735707237502,0.761374310048464,0.0757430505664016,0.782547570707443,0.0834661943933185,0.614205760365007,0.0886614721215329,0.744901325522783,0.0875577078379659,0.68418234574229,0.101947406849947
0.989693195605297,0.155210951564365,14.9566022439233,1.83300539298412,0.582566190844,0.20637222793177,1,-0.191196505397769,0.191016795166025,0.752784777475929,0.0806389974171375,0.598672921725092,0.0756352206649601,0.643953050202556,0.0880483244567166,0.651412298656242,0.0910747332388171,0.661329120411041,0.101183734957086
0.928189512346715,0.161543224473584,15.6115190916036,2.31552462409568,0.2416350779751,0.197700804838335,1,0.0324157101577236,0.17318521907604,0.612270262028301,0.0797642129673976,0.681521533549274,0.0976465812619185,0.578194946995283,0.10713892138473,0.770044228129547,0.0962585317965291,0.485343782736423,0.125236024894138
1.24804788345332,0.171297532879322,16.5001299785909,2.41459633260111,0.221739647628087,0.230176588431006,1,-0.0490336485614076,0.204870981691433,0.759504700192745,0.0936072109348806,0.720147451223505,0.0858229174718575,0.842043738772675,0.0931185964807319,0.594016318402291,0.0997157060647496,0.686795256495707,0.103441924940443
1.19338354053294,0.168310055918876,16.2101163724608,2.36300131543204,0.217875904877939,0.244483734233117,1,0.0442877663200742,0.170668161009817,0.751456396425216,0.0849297578339475,0.750756946634803,0.0906272336745656,0.711968493333834,0.0950499743608171,0.748705074315293,0.103296901770255,0.811133120686551,0.112009452268709
0.98512513423636,0.146824686306129,12.9257468859375,1.76231776731263,0.396202177942274,0.270879186014394,1,-0.281936506544296,0.182325025908865,0.687926427695244,0.0807393039122066,0.728536131779493,0.0845627281191897,0.747649544367208,0.0862139111478264,0.626038062933411,0.0992389750170601,0.621953571443572,0.120371362581136
1.21063454929593,0.17949277855741,18.6825157644352,2.87851281460485,0.097384264977862,0.219480162913021,1,0.502795326348163,0.160489885233786,0.740893437713291,0.0888511001968491,0.794462499398048,0.107908365882351,0.651852992985366,0.104139940757936,0.893943357406486,0.110982411298009,0.65246934309771,0.11455614685217
0.867270759279807,0.153098341019742,15.0514296047582,1.82939229251264,0.595646323410975,0.191477175194233,1,-0.111210639778383,0.178497353726113,0.618499568576697,0.0879222774102303,0.84922400891988,0.0702743346544393,0.741297831362678,0.0871282668776747,0.712769802173607,0.102018274387049,0.566036121345724,0.109632433273522
0.85022881962491,0.154691342744583,15.4085879486666,2.25393127725591,0.133046632158452,0.195358498760371,1,0.0248504173809009,0.16065537755107,0.628222278573352,0.0931030272491329,0.737444761312647,0.0810554027077525,0.716026603275473,0.0995818202357195,0.804683702190388,0.0940026122591417,0.48062938058325,0.121236549701404
1.24158342077116,0.168489294248595,16.9884199488926,2.28179470703469,0.760656008521105,0.0905132151180627,1,0.375492588586013,0.195664546293204,0.538625543743325,0.0909636538293487,0.714390940805815,0.0924190812983335,0.73622918224306,0.0830054359519709,0.567561018020503,0.10408385705987,0.785026592809882,0.107938044795746
0.66965150774328,0.155928248552185,15.2459449323829,2.16936122272617,0.50967344056177,0.233729951935373,1,0.00112686668922146,0.198097895107358,0.579061482785486,0.0961464935288857,0.695224739746913,0.0855377269739602,0.621927990774175,0.0924438962052291,0.603196762824904,0.106824878544147,0.524094940500245,0.128971420690649
1.24223099967068,0.169879490858748,18.0705902939408,2.34435985043649,0.551100650288755,0.164126931600002,1,-0.0589295128900494,0.206847301766813,0.824792097551455,0.0912120009652232,0.678365047458571,0.0799912710286969,0.680358754002336,0.093473539552309,0.982886923461359,0.0934399483230136,0.543039048798674,0.114057111111613
1.10072709043416,0.182456345211149,19.698153390151,3.14989516859918,0.276263051471723,0.275585459064966,1,0.189876665456226,0.165859085299755,0.70469307284068,0.0930334293039503,0.682384819734141,0.107704358603307,0.80392427944891,0.0992786721979675,0.671058725088267,0.112339291892299,0.657502200633214,0.132042287957311
0.948211704814494,0.176152024070441,18.229567011658,2.86096866518068,0.244585147200862,0.25843139292319,1,-0.203790280873647,0.190969994033405,0.614050528177404,0.0960869528765751,0.667640188761418,0.09889353572687,0.770351952424469,0.1073437584749,0.498138780353617,0.114361430461585,0.840769881880787,0.10371143464231
1.10652661131348,0.165074482223523,15.7386357185499,2.46976108302738,0.260078341542036,0.264064189305195,1,-0.0301637874855968,0.171592585635461,0.798037932116444,0.0801113485817644,0.682643280727154,0.0923391953536599,0.721179747018465,0.100529082659862,0.848234036104132,0.112461241291842,0.473490766141631,0.126557251591364
1.06994587822058,0.162656713047317,16.8861668375589,2.4469413412695,-0.0285485163296508,0.154436875973551,1,-0.168633841442816,0.152321340230271,0.763687272324272,0.0843833161663253,0.802248131877619,0.0947159948972136,0.833259446531002,0.0967935897830932,0.700017417964524,0.106096572668205,1.00081471625509,0.112087772929377
1.14905907136496,0.176865515229978,17.9690414005121,2.74851667425842,0.0618612528439521,0.199860009911156,1,0.217694571052792,0.1747447293564,0.801925629164425,0.083771710632256,0.677161488465429,0.116615348529979,0.797559975035433,0.0995835217363771,0.780129600176839,0.105130475301929,0.574571776931505,0.114521920233385
0.800781983618352,0.166214533503487,17.0742447310836,2.4940588715428,0.399878572585833,0.265273052436788,1,0.0985806266793991,0.176277665310541,0.676677996681424,0.0894666078000523,0.7706439971348,0.0765631939358151,0.605626881409568,0.109712095671175,0.516140845943481,0.102749744619969,0.492693974974457,0.124417724571359
0.885595093033649,0.154573379095328,15.0525414685432,2.09362864656188,0.373875605251928,0.278034052248288,1,-0.0394283309423322,0.181481446697053,0.72026339714924,0.0818086294487178,0.69884674282961,0.0845752051449062,0.631005611289952,0.100508969697322,0.75467660588581,0.0942018110344273,0.525563213066755,0.11665878194805
1.02188936826134,0.175889181966574,17.9168771837722,2.47695972601312,0.493032189042754,0.30509164516582,1,0.0987020489310792,0.190185438397646,0.774701935324449,0.0747116060099444,0.620869661572932,0.0843951999340039,0.713835247619197,0.0943041966986979,0.722460706109268,0.100300066672938,0.61680658854188,0.123102507095918
1.02950144632055,0.148532607707913,12.9383784718268,1.74816773227645,0.330108128149453,0.258321132568219,1,-0.0677201845186843,0.170469011136388,0.664792682480944,0.0832471015759564,0.685747602982315,0.0773563728951882,0.79598818629871,0.0856738574728505,0.620297129409491,0.106240577016508,0.716265383431672,0.100250440977627
1.14799557546477,0.15773183537347,13.0901392772532,2.03348196440608,0.236012529497606,0.225647108724497,1,-0.161169118449487,0.17452463244691,0.690788428402618,0.0850965482417567,0.603684383562214,0.0900851524104147,0.723322955956722,0.098433772369866,0.577382702719362,0.112988080828542,0.729255302177447,0.117171136845553
0.89866078296658,0.157434096021595,15.4774036058123,2.21990531095433,0.250771493107536,0.199425547838132,1,-0.229552533314906,0.155039484369274,0.701912277451658,0.0758821969481065,0.66183750411961,0.0945416274819238,0.594872358845702,0.0999195859376588,0.731428674484164,0.111627844686787,0.665616939066982,0.107088114528174
1.11697325593566,0.15947061058327,15.4310818271066,2.13339497697583,0.488283008690298,0.221119634214781,1,0.290408417202461,0.166772712859087,0.727548043787964,0.0771851856933294,0.706811854782018,0.0826387291067229,0.688579969243054,0.0889399298329362,0.820169158605242,0.107235719157667,0.7107523944721,0.107943354042561
0.950766528013017,0.160356532374154,16.2087279374137,2.43488433287915,0.294834115533422,0.225637939208951,1,0.0084999966082563,0.168788210553938,0.675245493043667,0.0765852002875796,0.557210220859265,0.107565670597597,0.761775863359967,0.0915968314844244,0.746213637489901,0.10679713940498,0.759093589215455,0.101399627901399
1.21221069553054,0.184305023247989,17.8997898362607,3.02372151611363,0.153033981637212,0.284208693860001,1,0.161663465119698,0.168533792042938,0.603134870900732,0.10429794324747,0.882673908629214,0.093835376207108,0.57247036842567,0.114748902725921,0.511417052313767,0.124627681144392,0.730081607417698,0.121810770501199
1.20579235176385,0.161146177991698,15.1807691169123,1.99033561471608,0.564602189693884,0.230585221671236,1,0.332204268311412,0.187474269535333,0.65352632154951,0.0804023549074534,0.771766381112643,0.0800935650497979,0.589857206730847,0.10375977368589,0.715892141050433,0.102037066877702,0.732070605055638,0.0992470953681282
1.14437466229129,0.162804133867937,14.7409555767113,2.35695771744261,0.280661704488293,0.271055431094727,1,0.061448140127526,0.194036131504022,0.628319181570488,0.0950521322997972,0.593926922715038,0.0971089928888038,0.72274826863619,0.0909550754293728,0.558541084061316,0.118311791192586,0.84253164650966,0.107548250477773
1.28610728571061,0.163932509477532,15.4991544216248,2.25329411014705,0.172339584560348,0.223605538004826,1,0.168137222794696,0.158008904109089,0.65292194947183,0.0830327111516987,0.773744325892011,0.0982979515765873,0.816553665081246,0.0946054283043557,0.753399162422916,0.0979921547743471,0.660674615543649,0.106199940933462
0.757364268003679,0.175025274967023,19.9799448073604,2.42673715057842,0.678356228661622,0.12137298147122,1,-0.363556076223612,0.233956011864414,0.85083653183062,0.100379510880117,0.679291686578271,0.0777072052489076,0.764586607438648,0.0796794244698048,0.708144602514933,0.0730952761516184,0.72367837160199,0.0908215414540876
0.904356050757564,0.154022060720531,15.3715776878982,1.87618889695721,0.686813931495014,0.116737643102634,1,-0.255463463361685,0.181286034690563,0.746532984939711,0.0705893399780531,0.759995584908209,0.0787174637848764,0.637918608210374,0.0871774544788904,0.472772673685824,0.0997174879948205,0.669871933548131,0.0867471335023938
0.751255608397107,0.153772813995805,14.2794541742869,1.80774226435468,0.712082372875442,0.104944872915969,1,0.110905438065971,0.200979602914676,0.592548713346706,0.0769081142660661,0.517177945397812,0.088265029625882,0.54554221071782,0.102262277265626,0.661582025586148,0.0904430997130126,0.41532468334723,0.100640586771742
1.17452761301925,0.169400421136589,16.6207603829174,2.41739485439875,0.360306844778509,0.263192099163213,1,0.47457246503427,0.197991814921505,0.563985359880221,0.0870103733258287,0.57812607047669,0.0906374450496547,0.661057839310626,0.100466419591978,0.730966609145849,0.101401827622718,0.762697695861062,0.102861621986399
1.34651715639797,0.181874132530628,18.6461136209006,2.47672621561801,0.747517990393278,0.114749758121204,1,0.367370144146054,0.198810675027395,0.817879844201394,0.0749060807797852,0.77095969744988,0.0884066336236133,0.514831327308415,0.10275947370174,0.656286110253221,0.0928671945329431,0.865412380236884,0.0938695028346512
1.02681359099501,0.165810469768567,16.3932978296246,2.3971740606828,0.310352274126525,0.23451834340716,1,0.081842406524298,0.182816204991676,0.671344224155137,0.081121071949446,0.538972103477808,0.0912112326270461,0.609440801419533,0.103490923988873,0.705610364244435,0.112726030877289,0.7877392963834,0.126536978628637
0.881081689128178,0.157130990838817,13.7449208100813,2.06772342123394,0.324313385923109,0.244000943372786,1,-0.491652592292048,0.205392678766108,0.723022067075472,0.0919296804335185,0.544951368741565,0.0855623950143663,0.753291407636384,0.0936705340131386,0.839162573096015,0.102364388368606,0.37426290245822,0.131408468775832
0.928973351926663,0.142237333604512,13.3713985935644,1.66589683400975,0.437146610078233,0.208537902136995,1,-0.1063321073509,0.177133951865834,0.715118532625762,0.0719170181319003,0.667793836326568,0.0875990163274406,0.587124033040729,0.0921928563533849,0.664460687213901,0.0932182454197661,0.549944830970022,0.115751607049625
1.05620449551732,0.180570730516503,19.6163133876036,3.108321932191,0.00261159303807449,0.181509995072843,1,-0.195715992434355,0.164167061172429,0.669530648720794,0.0904234174747768,0.774265234160549,0.0935495408978809,0.928401178226473,0.100401937378122,0.843211333060949,0.115705672410364,0.610963054638353,0.120719705445432
1.09967331045968,0.159914645843242,14.8506898641721,2.14103872623823,0.1210524601756,0.202048110019672,1,-0.0487647143209491,0.181890267498448,0.668912204543078,0.088418266335308,0.639606115098737,0.0989731854079266,0.703279011941353,0.0952111623407564,0.637502886414381,0.0986315258368013,0.54517188987612,0.106916755572129
0.808346889407324,0.1762233509594,19.416617302303,2.69687016247073,0.250378394454458,0.214363588673951,1,-0.0824950658071209,0.182031552843939,0.753933788783215,0.0829793583078278,0.734302766172151,0.0915459374098738,0.780863843766929,0.0853371386553511,0.691166255400999,0.0978385847741272,0.796285504648887,0.121151099310593
0.497482914988696,0.17485098478233,19.2175310444919,3.26642194033397,0.0720239182385103,0.236597713455548,1,-0.0621351713023953,0.206230932878276,0.697939834413696,0.103134879252122,0.862396251531385,0.0979013775813388,0.749042693732335,0.118751745991862,0.729073945636868,0.116347921775505,0.681069547572721,0.120696875164347
1.06416978752501,0.157155490543608,14.970925829172,2.02546155477557,0.180231394253854,0.178016872866731,1,-0.254432910930679,0.170354709333673,0.85354032496146,0.084800611914235,0.629260874705524,0.0916806655503875,0.822419889582859,0.0798600876152197,0.84058379416105,0.0885288554380385,0.737848014541445,0.107943325180362
0.749066702970516,0.184897656366721,20.8594322270382,3.69079142239437,0.0702187582501117,0.269676812758694,1,0.135241553730893,0.179590777483484,0.907026749716322,0.0896867438698687,0.586788795300469,0.118810584760127,0.775497786987606,0.121918529118345,0.887341837286242,0.114640111497582,0.602462399238965,0.130790845640352
1.05774104162774,0.158490830309181,15.7660983950176,2.01880645151051,0.628090221267448,0.125001344488079,1,-0.0123326362710058,0.195417657359592,0.91609315536123,0.0846783571180072,0.677748102930257,0.0733901797169515,0.774078708600978,0.0987240374865209,0.764277409461071,0.0829496791548215,0.621852803234806,0.10714846637791
1.00838776333952,0.192868535380834,22.4440400039171,3.41417826316226,0.0777828187145554,0.206979077619762,1,-0.0976103205052139,0.211635568065276,0.90794653684448,0.0893775649268085,0.598444247076318,0.100135237757055,0.714924602481583,0.104015523004456,0.665196286645897,0.105968460643544,1.01829897631518,0.108171166046847
1.2739975010415,0.161130551491778,14.9721939955554,1.99693794144179,0.48633826433788,0.262343944696923,1,0.12206576210235,0.179755135101838,0.747940592382815,0.085162414786682,0.776900413794966,0.0739160875677872,0.678872053789662,0.0878405531218599,0.70404093629673,0.0933325875446011,0.576982106100361,0.108085966268511
1.09369643076443,0.16339483669911,16.2318737007248,2.36726535338748,0.0993507361607785,0.189810184223963,1,-0.00829645918829285,0.147326739192935,0.679357486998803,0.0807102567868305,0.720164399466419,0.0887306008048367,0.759149539749955,0.0991909404667002,0.73787377149184,0.0990031835541187,0.831107919073175,0.112602690689643
0.964604218965957,0.166955242635707,16.0287186178698,2.31313313862191,0.0553558277017946,0.210998368321508,1,0.0264106021246916,0.171429809895569,0.703898378817428,0.0839796343405148,0.804672859894754,0.0845333610833132,0.718473981812776,0.10208837487467,0.93607774985597,0.095552466731403,0.748132900548592,0.110302894396393
0.972761391055456,0.15718348673476,15.2389079470712,2.18807195205406,0.25562877322124,0.226852589479842,1,0.0113668220571807,0.192036269724179,0.667141416684293,0.0933964963004616,0.620198387013123,0.0961045682944968,0.622787926425633,0.0986753729673546,0.66203383221874,0.10894743571911,0.805271414699335,0.104562237537023
0.737471225713589,0.172452265908499,18.7195180612597,2.89145203884143,0.236053076034804,0.243263407893352,1,-0.125370894910825,0.153309474046019,0.677277096118616,0.0770675813724212,0.689670125849441,0.10947160514843,0.90731358188508,0.103491512509545,0.605193806635329,0.106011710848095,0.738668945216061,0.101408351106334
1.26308010426097,0.179786771998616,16.5299120881243,2.80142643091107,0.0543020574664897,0.228585158748824,1,0.185262621391029,0.186029850800783,0.669236772563311,0.100569768768583,0.820572036251081,0.101484113686652,0.653411572539796,0.107087036183715,0.956814421690745,0.100813053048099,0.749702836440283,0.119603779702526
0.994902692765423,0.160624363829896,16.3214464842982,2.04894124130219,0.730146557877826,0.11385781384876,1,0.229458594586438,0.196104407075374,0.789593714300502,0.0811284681062065,0.56871970681191,0.0844026232576935,0.673709218644413,0.100352034778313,0.790653331699228,0.0825101718325987,0.663302330228036,0.10561444439778
1.09783042142692,0.136130197212575,11.3064606051836,1.46149053763685,0.314938008119616,0.171017546360515,1,0.346933295080054,0.160945413735716,0.395003669989287,0.0875425097424558,0.70516106200325,0.0757282859594967,0.589004161754088,0.081118072077442,0.61160197453392,0.0915418074962266,0.585776303473443,0.106732056692645
0.890461633836058,0.160185347962826,15.9760258026597,2.20338401364792,0.33011937103718,0.241772338301076,1,0.0307899607411956,0.173851452586573,0.697051537216967,0.079917535091876,0.721979963384131,0.0865922642804219,0.752536503793673,0.0958737099658622,0.713262929311157,0.10482302715621,0.807854422216692,0.112233562506743
1.03736446920716,0.17342105476774,19.3677565753182,2.70508924348855,0.551768107282741,0.204200431436063,1,-0.10089092646601,0.181029336868068,0.716668425394447,0.0775050696261066,0.81800692085465,0.0848033976472498,0.609773550457847,0.113060815065905,0.880471157949089,0.0981984556103749,0.639387576874598,0.119704321777354
0.879477558691165,0.159107209974571,15.3843240167207,2.2983667475236,0.315061343829333,0.227329201251724,1,0.0529645895163362,0.179007776579679,0.744550145002908,0.0826168934413474,0.581281163876433,0.102316001305307,0.624787286277439,0.0986349978118234,0.743473958742944,0.0975055761498581,0.613126925812384,0.114015576901495
0.746350369871479,0.178673219580542,19.8867235692992,2.97832378264703,0.137317293826592,0.188026229531939,1,-0.152997075938376,0.182817673418391,0.65669315936072,0.087202198119397,0.82357932147317,0.0870822740234823,0.718881255835108,0.100607697556459,0.717282683239806,0.105235793351912,0.83079356080445,0.113526006448725
0.860687480328367,0.137599338161976,11.5002491923143,1.38470813468036,0.429288610809922,0.165136181755832,1,0.0297639155256069,0.203552986328214,0.624841706840444,0.0868581392912576,0.554777155825259,0.0751212230945785,0.773842081944288,0.0830757583798065,0.572464154785619,0.100207475759753,0.756886979654934,0.116135681351146
1.06007663956502,0.1589009855898,15.2731712206928,1.99003596220009,0.613674390739325,0.179271549667529,1,-0.143415046744202,0.189009618209099,0.616377642184711,0.0860903400546147,0.722397977847763,0.088273177117426,0.714928653712035,0.0852109145753602,0.69066203721098,0.0845499310082634,0.692897581717402,0.0998761538274378
1.1910671928243,0.191830064771568,20.3384044506132,3.24135221605833,0.211625637619604,0.274467368891209,1,0.151017934350982,0.18987499756501,0.751297428233729,0.0903520542765626,0.787201923313365,0.0992288121817775,0.804878998582234,0.118092508390208,0.589920113231155,0.112761849142618,0.94233756268814,0.102667264784615
1.00557925749593,0.155370168756171,15.0914906648386,2.29673115113267,0.227697969778824,0.226664026745994,1,0.157880446519031,0.187357720105203,0.63077716414434,0.0879398083746374,0.639539843646994,0.104484164466574,0.659956804873644,0.0995938923886164,0.727104810485229,0.105321526554122,0.780208785995104,0.11176409422047
1.03785845176727,0.164820708286309,16.8792420355886,2.37104661279339,0.414804742824937,0.230476032174785,1,0.00856258885244881,0.188126909240686,0.652260238491196,0.0910816775496658,0.552442022997079,0.0904633796680512,0.688179680150529,0.093302262170889,0.678035316545245,0.0987370549580985,0.611270389769332,0.108807007594838
0.912265574815025,0.161122628174126,15.4911425982795,2.46047071107327,0.0314079500491909,0.188374907001331,1,-0.159212304345601,0.161314093718895,0.645180267834293,0.0895580780543229,0.785742244728812,0.0860957444718451,0.693819889457462,0.0977670568914925,0.457556336891383,0.124443330666283,0.743501535227369,0.11677434711952
1.05080178456337,0.160176878831659,15.7487116127987,2.2318652761373,0.451187569987052,0.243514990971326,1,0.0245655063403313,0.183327212747578,0.694371063676095,0.0852792963927213,0.666986777172671,0.0855450840170861,0.713554214638834,0.103328404952583,0.676717589036061,0.107018362367846,0.533047668878411,0.115371098629388
0.99707262616014,0.164344739602353,16.2552721005496,2.47275024862967,0.355430285108341,0.239356880716507,1,-0.33193082592875,0.192902533819586,0.712018377540827,0.0880976258819593,0.760405338413402,0.0872919292961139,0.641918392539827,0.0945816973322306,0.726141570967205,0.101214862236622,0.605376577997593,0.116241508207059
1.040749917157,0.165427903717495,16.4813243383204,2.48114470863259,0.254533600463119,0.226534386721801,1,-0.0351981379831365,0.17523035574938,0.650888545679648,0.0847244595707099,0.581173087333274,0.102733185194038,0.768204427940563,0.0961296726975564,0.689772650050532,0.100885508358707,0.67908106837879,0.108862510894772
0.995351301718111,0.162108080632108,16.9079552511443,2.43041218768982,0.365665041643583,0.263862166707967,1,0.306202730972646,0.173489021059342,0.562584506237678,0.0906686521577751,0.722718426702486,0.0888965657905187,0.794012072520181,0.0871606596069415,0.703321950806643,0.0898799904721298,0.681890691378944,0.100929109775085
0.904127717443689,0.14935308579391,12.5785897435075,1.94448135856692,0.247007930403382,0.256271067603732,1,-0.145973750246601,0.172830523897719,0.627177577854725,0.0924449048356565,0.551226676959411,0.0907732824429801,0.752288085378861,0.0986148552380863,0.605558090374911,0.112924600686798,0.69899621533569,0.117030993394953
1.18058394576525,0.194976215135876,21.1904175947835,3.55313526470522,0.24480415311502,0.256955669909356,1,-0.0862772567044894,0.19018234030689,0.675969319137147,0.0878536742058029,0.920544177673647,0.096486469019642,0.773449741826972,0.104888167198848,0.872908214171494,0.110629989756446,0.866877666417729,0.118405523300152
0.713322227440614,0.152925352118263,14.7818501328982,1.93645339955534,0.59848023475378,0.177463577611709,1,-0.0804891962505198,0.176670824451918,0.692159237590898,0.0754387618442018,0.709174235503129,0.0784937388328875,0.631077643109235,0.0964412493625742,0.696487307686683,0.0966251363230427,0.663552243215696,0.106494746744271
1.32487485413004,0.154240980862677,13.8108223134745,1.76897239272722,0.561040860008825,0.177593390188304,1,-0.00299426307191732,0.174001907338629,0.735802274167819,0.0815625312224301,0.651661958465925,0.0746979513212736,0.543291274233883,0.0970362218374933,0.585445898783406,0.094552646711329,0.657709244245323,0.0908258093057188
0.935832552043852,0.158901402914047,16.310724324168,2.30094728932573,0.167525191590004,0.206069107271031,1,-0.105417217103221,0.175214374447855,0.798524854889331,0.0860906509484348,0.793406185363075,0.0745522929649972,0.676305395040812,0.100344995486587,0.739389593643016,0.0961915577633128,0.860877486415054,0.112436924181465
1.05079328328791,0.153543718265521,13.7011220518964,1.90075111396344,0.293194605608248,0.266938057835789,1,0.165143730623809,0.180578131497918,0.595195156018905,0.0850159746976921,0.759264565258236,0.0831212755915282,0.646488310056359,0.101360632464917,0.696135401542957,0.100988106979774,0.750580276783557,0.1228458677132
0.918098326173404,0.137803348334472,11.7675980983676,1.58637416172702,0.506851121131894,0.215981176270613,1,0.121622026385752,0.184093143238484,0.61121669547087,0.0927854854140301,0.655727765952973,0.0875649610276248,0.560028161006802,0.094110504141408,0.539703362302122,0.102809168071411,0.664448530306546,0.0891290922578776
0.812106255008914,0.167627890868115,17.6371210901009,2.78315569421367,0.165379097989914,0.221874508988323,1,0.0579030153147895,0.187045631799138,0.700916216558814,0.0875218256212335,0.822699451287731,0.093788575005388,0.699738573633193,0.103044319775241,0.672010407475791,0.101530585488983,0.817667976063665,0.104742020123373
1.10969770173637,0.169452089045245,16.0544003750329,2.56551364205477,0.0749370743551677,0.222574428686653,1,0.358730453456319,0.178817155974498,0.639077790592508,0.0975946148847526,0.58390557736833,0.100015943882859,0.831140630100743,0.104528927478718,0.792420915386007,0.105101223954811,0.744330409969182,0.124415244676123
1.11629224949554,0.183396922130843,19.278605690235,3.10908665505747,-0.0143446167530517,0.200717236340752,1,0.00605134833891913,0.181002480194406,0.696102651110021,0.0959631610726285,0.836505814584245,0.100755455916471,0.686655648104115,0.122669975781299,0.823461041714779,0.101713469621402,0.778766440932909,0.111450392744114
1.1340981892197,0.16426743590339,15.6331723540487,2.27826470929262,0.166922826385869,0.242055586356465,1,0.0887416667734275,0.166866939781224,0.714817485313368,0.0873576907394479,0.670872805116625,0.089655946385779,0.686303016002945,0.0983721076649277,0.610366521212877,0.108765433251001,0.872521012776161,0.0958081287924333
0.877426699353318,0.165654277627274,16.8821704552001,2.64963219293547,0.190201835928666,0.259735859379806,1,0.197760998815251,0.182904482728745,0.659062166504369,0.0876340823033485,0.660664453824965,0.108816663503714,0.730806538676493,0.100958312081414,0.697374705461105,0.105100580651776,0.572946217934081,0.1076199001166
1.12424934865864,0.162237756175523,14.9268874223036,1.97800303333195,0.452745659216797,0.28629460776603,1,0.0580366426332231,0.19188718943316,0.636868258535176,0.0829530153989491,0.634051363608253,0.0934085711256449,0.709347341476279,0.0908383428705196,0.737979817287673,0.102864941182099,0.735598714663495,0.102742842850528
0.727487584322442,0.174746299518633,17.9949016537098,2.63958388686534,0.457244844195829,0.307103571213279,1,-0.315695604283436,0.189396280742985,0.844016185469649,0.0820429897179301,0.611446376610686,0.0949086217469054,0.613171747005449,0.11128104394481,0.666139321495454,0.0988516199990171,0.715838253644502,0.114409724409662
0.911596380756163,0.165823572520459,16.9759353012399,2.60907146021699,0.271313013927478,0.247780816961555,1,0.051559550406355,0.170570315886674,0.733158303682116,0.0830117373132688,0.506787835250405,0.109407581980909,0.798171125423208,0.0979813469930119,0.752508355872365,0.103765967715551,0.795468256867278,0.10902760904957
1.24923762198217,0.169286619417095,16.3974174338783,2.20488597257786,0.282369045381788,0.230811152138466,1,0.0230771242869337,0.164951527418012,0.668719169258511,0.0775915657927694,0.743725117859369,0.0834267657028496,0.892105517467922,0.0766746677179514,0.585279980624429,0.112170628636268,0.748218833108563,0.105214796166096
0.813252778551414,0.153674781002288,14.6596156966524,2.00581588978503,0.491755359313951,0.230551281433132,1,-0.165513503436301,0.179729064638273,0.557878290452371,0.082929960250222,0.717877585978872,0.0873765069481217,0.701512693905927,0.0849206209052609,0.63238658216121,0.0889526078358109,0.694253404335038,0.0993359804950788
1.10325479948439,0.16460086899066,16.850602457877,2.16011502604453,0.45443771204414,0.236391222857201,1,-0.235848510983445,0.179758571674328,0.747389192567733,0.0845355056075216,0.727676830348647,0.072155354592524,0.784758107727646,0.0847089125684111,0.499659334341603,0.112470768336432,0.642331672971333,0.101643485123563
1.1465035817062,0.167564067780416,16.6341117196027,2.38575552614395,0.335705567736737,0.212540236792719,1,0.044050606711426,0.161248135872182,0.649590343293236,0.0830103118379823,0.750913965539265,0.0846772630517915,0.579326329261845,0.0914020970338547,0.575210924476817,0.103698279965758,0.692119987716396,0.0932318914239922
1.27982885933652,0.169991786853366,16.7711092455738,2.26869184537864,0.303880568875087,0.204254870659202,1,-0.115081484808073,0.184813555914508,0.767562550250031,0.0883532808876265,0.801940530623038,0.0848181936609309,0.850552840342735,0.0867582256815523,0.760676585304956,0.0920136534782376,0.873197950069446,0.100947189911601
0.682403844293962,0.175025859023453,19.3588041221769,3.11968321542632,0.13299016705372,0.21587973860649,1,-0.156150053693611,0.209640756534968,0.768330041456635,0.0862368914045468,0.744773051633973,0.0941536251620141,0.801983492024573,0.10671259829376,0.717238982183829,0.0980642048271365,0.735465537676816,0.130673637847515
1.01322318864203,0.160968091768075,14.8330689282544,2.27355635555067,0.00880612038681483,0.19369930493682,1,0.0135715592923832,0.191761199606482,0.873275945644659,0.0827048842203488,0.69150773479013,0.0941405193956337,0.77799909871527,0.101938231161777,0.72811196084296,0.108012150200145,0.698200029448626,0.115392173649918
0.841386274937747,0.156227438660977,14.7447440289083,2.09388209132398,0.299239673966692,0.244174086724631,1,-0.139086055750876,0.20786766221428,0.81952670564509,0.0791924530526192,0.492310518146887,0.0932865135664798,0.748773444469394,0.0869287676553281,0.721799851678659,0.100309193642305,0.620547760405612,0.109866287365414
1.00897609031003,0.149217532612944,14.7771079520136,2.01893480792257,0.307196744637906,0.211738021461817,1,-0.0415767263903385,0.166531857159319,0.696060225296162,0.076079831765444,0.824575665001705,0.0823851134818533,0.830651397098469,0.0892790014970219,0.669020496297244,0.100683309357023,0.72659712106686,0.109081600484406
1.22791953380254,0.185924021740455,17.4103667358929,2.83367036968555,0.180549620115707,0.239604479247426,1,0.00856165965845793,0.201930898944374,0.775766268412402,0.094137728212811,0.506026267720412,0.102717644383764,0.760303873159623,0.0962593988678867,0.584194601418699,0.114902643647552,0.761977345234636,0.114177000610648
0.967021500308185,0.161262354535585,16.5596478480055,2.11339935688514,0.714009751065437,0.0889346907974481,1,-0.0600919963135657,0.196975553451568,0.720562486477803,0.080313280941512,0.784887336941372,0.0838982725332144,0.695818351489114,0.0857720268170425,0.652472462802134,0.0855368883157125,0.61138585482537,0.106610272667252
0.884497547185613,0.157910866112234,15.5858766048738,2.14721212354414,0.206736849267407,0.202353446800094,1,-0.090978235683765,0.167638749992947,0.701155414374695,0.0764507356645189,0.786054072595088,0.0800132016469138,0.442666606449996,0.109569091513977,0.684524666056423,0.090032334079815,0.777930573314998,0.103505682615031
0.97973928846995,0.169922714930269,15.8204370207754,2.48691438785432,0.30807144158238,0.261654050244608,1,0.105100269050706,0.169436103136784,0.629311280057285,0.0850735353983387,0.71792568423898,0.0957517026751423,0.641633479837581,0.0997430793553146,0.440801026546413,0.134749781183921,0.691824144903911,0.125449174885039
1.01710031352816,0.186397973618529,19.7743106857279,3.20669250508725,0.0279387167405266,0.217155629299959,1,-0.187948615472462,0.194474405530163,0.664359735684317,0.101391681488162,0.765962688011322,0.0983087289818187,0.810568237865226,0.0960255813104305,0.68472875967597,0.114117534325172,0.671932077128372,0.12550631279708
0.895463569553761,0.150776794982072,13.9033829772451,2.01540033992009,0.405982794275363,0.267791380060962,1,0.0565864996547666,0.165957791910166,0.665167226018609,0.0790552970500906,0.714024508820209,0.0865644165201341,0.697279882310239,0.0996604424465366,0.702024974601093,0.0949372921660459,0.260332144592614,0.133172223983837
0.968896829895529,0.150213273159274,13.6783254672524,1.76811312342055,0.698666607443678,0.155247507875618,1,-0.0226596347995756,0.190152616757285,0.766992674339675,0.073165216989627,0.621806704914075,0.0838534431266936,0.586403563304964,0.0865755855133517,0.632183853590103,0.100828316691819,0.356915241598259,0.120030202800379
0.983547474264596,0.144778457442438,13.352594507671,1.85319390484745,0.383376128567878,0.25604299844564,1,0.0757610977299949,0.157164355797663,0.652312711336495,0.0778067117187557,0.632239751503868,0.0825263848920081,0.632450006272679,0.0963218073799623,0.526341630780683,0.105939977488233,0.788633070252875,0.0974703036591288
1.14228364422233,0.150365479283625,14.1987336516744,1.7975051042982,0.357502652664048,0.19793842790786,1,0.0315257231988398,0.170696741093968,0.660052887703503,0.0758144919523521,0.665540130643545,0.0769210191393443,0.648564560205832,0.0923661970673767,0.704502179802207,0.093756634206302,0.598919579434726,0.0969797729880268
0.781613953123153,0.159001454986662,15.5695712729767,2.44591926539636,0.0280003248641979,0.205795321298913,1,-0.0656518928550144,0.15812780633903,0.647655176097817,0.0918439054253547,0.670248506369024,0.100539567169048,0.651752357706178,0.0974898244832838,0.76763728245046,0.104963173105669,0.707015050306466,0.111816957726684
0.983756577530851,0.148478768588853,13.0817964601967,1.69958253793763,0.579389630217111,0.186741110004993,1,-0.070757427587603,0.185134384720797,0.749864642483467,0.0722011323629856,0.600225442977968,0.100279780281315,0.570498491782076,0.0844674878122448,0.817412940405097,0.0741507732727882,0.544969983909609,0.105412513816141
1.15491100229947,0.18093700758749,18.1587084890971,2.91234541487377,0.310334046947219,0.279482552694223,1,0.06554874804338,0.201980851626929,0.784393133180574,0.0941549617565031,0.672211325486666,0.103316739249119,0.83911012473199,0.0987224352025039,0.613592645921935,0.105927845999679,0.779346222223971,0.109295099000701
1.03583329421369,0.173353582967264,17.5508427434735,2.83830562875247,0.167267892149874,0.217901199932404,1,0.519290985377298,0.19734835867562,0.659869386700652,0.0988185807017707,0.729976904627192,0.086882495520272,0.881177908832191,0.0976577490140792,0.76167669703408,0.108567818007786,0.632786334851771,0.122840767933673
1.18523438819735,0.163802974083435,16.7344937662552,2.3556976691778,0.427020728010519,0.226236673346724,1,-0.0265563266676107,0.178949485456097,0.672992018646057,0.0822102387620588,0.70508004683743,0.0810358250058654,0.670664405139471,0.100240384120652,0.731931059463971,0.102324256232927,0.697864556194609,0.108270601006125
1.32279915886517,0.16271191437743,15.5142051088483,2.113413201688,0.295071891054892,0.24004650162352,1,-0.00351317338437595,0.185886292125049,0.688268296821288,0.0842091321942332,0.775838876054216,0.0892436225500289,0.736344953268665,0.0942137559520832,0.613132933076901,0.0994319521205599,0.773574146189791,0.0995611234765315
0.925166184828333,0.157679567629122,15.1118874220714,2.20510402633636,0.134912674729399,0.211118478856532,1,-0.224331327439162,0.167383166362453,0.693112958516982,0.0829686709506129,0.654701486005372,0.0910738290111577,0.699557073486137,0.087307807063344,0.78517239422688,0.103736232912061,0.726105559580581,0.108251179599347
1.02128889536429,0.15520427509631,14.7107526543536,2.00537131767294,0.485282377792544,0.224348810116992,1,0.163087825241085,0.187618085367944,0.672496973959268,0.0802957564064988,0.638006322834842,0.0902872455560672,0.648393590698216,0.0957065923346201,0.681459471765089,0.0953078276352521,0.645908906640439,0.102612548854496
0.943435974052425,0.13918906825911,10.8872833236691,1.31774110479775,0.631276884838335,0.135306205132397,1,-0.0122544388873908,0.171739384289501,0.650389280747083,0.0745309444146044,0.562640884062966,0.0806808488464352,0.62412982910404,0.0803162525060608,0.492482583369083,0.0896388147567953,0.747011504980374,0.104726593267099
1.04762653194997,0.164860713222755,15.0173339028586,2.28877249886674,0.350580553109009,0.299899778656306,1,-0.329870335856887,0.19147037862688,0.76863289188491,0.0785398770676687,0.676278914816943,0.0923909722930099,0.810279505741822,0.106336685986047,0.697563750238687,0.102200590535025,0.540396887623576,0.121953141580262
0.840717293621757,0.165035761807616,15.7315629947956,2.52702107690544,0.140285850604275,0.224521136764521,1,-0.180050208728136,0.187736309045757,0.719948494390082,0.0948731343008454,0.728839109190272,0.0971260874050547,0.755015074030357,0.103864816636111,0.736469596224073,0.102299502031015,0.629814860747565,0.116668870621574
0.921048935664516,0.156706301164421,15.1673487269664,2.12282223512,0.546681255681884,0.248547975859088,1,0.191577486013347,0.174782871857406,0.564911281147001,0.0896067084917335,0.686118672504658,0.083237135567537,0.523066936624789,0.0936810457773917,0.318452723074512,0.130862462724084,0.672888526787285,0.115520450829449
0.804528457410807,0.159085885212905,15.6316607032548,2.12785264471805,0.396937523924338,0.213408194886397,1,-0.119475844091194,0.163790709577029,0.59769614072417,0.0883521787315089,0.536015382584993,0.0942233016031599,0.747399792484812,0.0886810077800035,0.507575590122139,0.100113217921142,0.768356524937616,0.093093819555739
1.14121466550035,0.15526564885307,13.6016202508906,1.98802463321826,0.275569243093819,0.24642977235842,1,-0.0585590167032443,0.162741853426785,0.65127378758227,0.0852933436657762,0.686917048736529,0.085023549181693,0.591271062218794,0.0926600944396795,0.68918213110805,0.106924798370546,0.862425193396555,0.115402204371402
0.930272839781829,0.145593552615001,13.4015867062378,1.78332760203432,0.419840551036462,0.239123252929513,1,0.0764955723721065,0.169637462126182,0.655695457881074,0.0777921001023724,0.669651183140054,0.0861373611654078,0.74683201778826,0.0897302053957036,0.450757448846782,0.101959912154329,0.644601904126211,0.101078875774902
0.951889673578512,0.155742940832779,14.2113263760066,2.26016581520086,0.138872597196546,0.231072988258409,1,0.140035909524913,0.161018594362858,0.670842416589378,0.0820833572560025,0.66730731824243,0.0905082950377028,0.570710106855338,0.107012715890875,0.708377739113756,0.118347994912124,0.820912238472109,0.107072160619086
0.816716078633453,0.16283344780536,16.8755721456979,2.67225881498712,0.22567843453023,0.229441368041022,1,-0.18069942859729,0.153648092062221,0.688777845926411,0.0895247516964453,0.706924242433507,0.0968042450511507,0.741002203024179,0.105325604356336,0.556720409652288,0.111626968432807,0.806625710102191,0.114631209464864
1.11101340467127,0.154265835371683,14.1849622646245,1.76235511936744,0.712482016617741,0.115761654215126,1,0.000224002584873107,0.197320260444471,0.66023385206891,0.0855382603460898,0.772445799984988,0.0808751438006472,0.529166926818511,0.0910113792341469,0.807714310997957,0.0890463803192364,0.655525723330656,0.0971712076939901
0.905816820440987,0.152214085073221,14.2241550773168,2.07099456704333,0.37702930198056,0.227250120913513,1,-0.12350512320035,0.167632888294187,0.664053807395943,0.083897996833267,0.607614103320468,0.0873487389660187,0.705483273069575,0.0934457653112805,0.670134893005774,0.0980528442461184,0.562800348835332,0.113734687368987
0.94787136022203,0.157403532032997,16.0709991326715,2.08648082127125,0.297744991104625,0.245318389363014,1,-0.173655356243604,0.163352344368085,0.789584244024433,0.0745946941782197,0.688850178966035,0.0750367925124814,0.651245562105669,0.0902824956578646,0.65933102206641,0.101557490199267,0.654660334840313,0.105259081439921
1.08137058759722,0.144983229285608,12.7709216707541,1.6707151420376,0.549503383524051,0.206112377251397,1,-0.127690348835521,0.173012797094758,0.776402935394493,0.0808049077786406,0.695915107765692,0.084396923514521,0.532520893256037,0.0897751998357175,0.645256823011715,0.101831993326896,0.6111870427359,0.109143395753646
0.785295112017851,0.16875232012173,17.5298834108041,2.67472297796929,0.0526110819039433,0.207517562459409,1,-0.267558165086926,0.196465504421729,0.805015558672036,0.0824492765429697,0.74042075507402,0.101835686950232,0.62376592010774,0.100209014327866,0.757796876155434,0.0992175093496018,0.622331290371046,0.116431847143533
1.07090017493713,0.154759690365864,14.0055587618099,1.90111769580932,0.445953146126339,0.257882736062901,1,0.0598736000039343,0.174420442184138,0.655134431247565,0.0801182352538409,0.697996232779083,0.0940359075020748,0.706753417844642,0.0912995809352594,0.590613793363695,0.0972634632427609,0.608706604604096,0.111314346619739
1.14265674188648,0.169007328395442,15.8992197441715,2.5014403191929,0.210957665024869,0.251674254932843,1,-0.15751894210444,0.174940650260149,0.718778770975659,0.0916846131950184,0.58104614565795,0.104395879849637,0.737995143014473,0.0877240250971362,0.57764216613159,0.103984046652659,0.661496934908552,0.111618670775662
1.17366611046933,0.153200713042819,13.3681143834373,1.87610057478575,0.31315419210542,0.25981655972316,1,0.00738376394241742,0.180127811285549,0.711597399880965,0.0855891930497578,0.716174746433898,0.0848308411889228,0.680451797555357,0.0939379700955234,0.807776646219726,0.096794394213139,0.674129462090069,0.10712575642484
0.872367043193153,0.195613387651318,24.4983992241939,4.05050948044318,-0.0805823212771127,0.176710004270725,1,-0.222234265330968,0.166641757761171,0.849910082789489,0.0953857650850254,0.950807600815284,0.101209376240501,0.673032360897044,0.109944401528947,0.888305627312708,0.105254795746157,0.735521632216167,0.113690635799287
1.05867267470878,0.172676264113009,18.0141486913855,2.4030758644824,0.769903847028182,0.0925749272013844,1,-0.273520076866862,0.189984895538896,0.715401400729377,0.0855075253231762,0.778797281086307,0.0873888416203975,0.776613289001433,0.0793288106453552,0.661155369584476,0.0928671519372645,0.6433757288886,0.101467133076172
1.24559763280242,0.170432161515931,16.1529150790846,2.48761427328841,0.0708031685059939,0.203561349398357,1,0.118851907380968,0.172172257355705,0.634909392135927,0.0907370412907063,0.77748187722032,0.0952794608361327,0.752427301041307,0.0941397862031511,0.541754657115277,0.116839265610382,0.978745465178987,0.117201379117548
0.853717775450677,0.158139801716243,15.0903189216507,2.12083040176206,0.387182481379553,0.21963652138119,1,-0.172955901516341,0.185653395100013,0.711609755095726,0.0894214597204161,0.799572584122159,0.0818632982552009,0.592764414830024,0.0984563886424991,0.71781208596358,0.0989805330653465,0.593882641517974,0.109684456045267
0.797735976807427,0.161746385116991,15.88876728122,2.49913683574081,0.254984391697525,0.241041102229675,1,-0.0574754729805191,0.184621531460045,0.460643874203045,0.114552117970466,0.681654228453695,0.0945944347513653,0.768440199017181,0.0925517618063705,0.635086487095074,0.0998478886704948,0.447643823977385,0.125942536779448
1.16643544873908,0.158751452876879,15.9888063616179,2.35819261339168,0.210867063757745,0.236878035781438,1,0.111700267428383,0.187473430623046,0.625863498684694,0.0911370504325283,0.722745205508016,0.092756092004681,0.602223806393437,0.087414880087,0.727054502250722,0.0923101238199923,0.583495838404273,0.10553741223665
0.622886157242852,0.162956927722682,16.3112434200157,2.79003398552387,0.0123296914531276,0.20842532931016,1,-0.28722036213519,0.181894019227848,0.619416743386433,0.102977823045072,0.812642981704782,0.0999003053140306,0.526997574599385,0.11940474420975,0.753927089463741,0.106658042348885,0.572556822390463,0.116678569420155
1.07195706609208,0.15522595897531,14.5350663766973,2.09862411738497,0.310261791917568,0.281862085726009,1,0.0976254478404337,0.165870127304893,0.54890131625838,0.0858646416017315,0.670724050452696,0.0841386628360592,0.707826012074608,0.0948696597133813,0.585758689916219,0.106641767307255,0.691037204435168,0.11037755138915
0.93486023315461,0.161066339380095,16.4390314055279,2.1936913397822,0.69778050565716,0.103991771185798,1,-0.0748354893404451,0.171244192092467,0.710773008462784,0.0921465285909912,0.682980728287621,0.071218227229214,0.63319645852057,0.0933419663306688,0.590059028157761,0.105817980888204,0.656935091193718,0.10749439173112
0.936269384689207,0.160099093489234,16.2332112037747,2.02485715536816,0.636694370770487,0.16631478086139,1,-0.0507500508075591,0.190024475793208,0.693095823649004,0.083549784289055,0.880356191175863,0.0753914738268029,0.680626853400461,0.0895448152213292,0.673766126688608,0.0955842184198555,0.59016477492951,0.112632770663195
1.11966987477623,0.164237081564415,15.8512062072046,2.33059684976771,0.0558745730017753,0.19761369402991,1,0.145826377151506,0.181448279010759,0.68041448872982,0.0918395961748287,0.802508874170122,0.0963087946646665,0.702785569594735,0.0954319505794737,0.697062980252006,0.106102817736167,0.679897490670023,0.113857865241347
0.911028940514458,0.147298390617087,13.7979661636033,1.87912687519469,0.489311344462743,0.227098793579424,1,0.0211328520029821,0.183097766608915,0.747221327392895,0.0804924840751453,0.630534452924668,0.081283832222288,0.599261772329902,0.0946663101032951,0.623270271382418,0.0876771514820694,0.711286573944586,0.10555049500185
0.743475938145938,0.151177284916923,14.5870695802291,1.86826183922519,0.596754245625458,0.207619801359499,1,-0.213108272792725,0.189300273560129,0.858424680743328,0.0721111407191339,0.615779030910117,0.0817902423962086,0.59165747596444,0.0945458038492265,0.795132247098632,0.0883838469917616,0.558635277428903,0.113265034597756
1.52590715829932,0.201644067796592,20.4914965082004,3.23533836879508,0.0165483208994256,0.186243511473827,1,0.463052217146975,0.204972681876371,0.763645261792282,0.101253077210061,0.875350087654302,0.085800048596709,0.706787187203882,0.106251624741468,0.889088755097729,0.0984815938029416,0.827454632909366,0.116555356006065
0.941728704666799,0.167192106760122,16.7708070718379,2.65231904477189,0.12742469704887,0.228779765995904,1,-0.332231988761294,0.211354901419108,0.748031096816011,0.0958977698458569,0.743783064345941,0.0883359660225179,0.748137487608003,0.105520772666592,0.789591587178243,0.103823254401404,0.581970710266852,0.122849728135696
0.865416555300869,0.160207323829161,15.391442483956,2.30586699083688,0.376239755077212,0.24864879092237,1,0.12585879117279,0.172226703045349,0.736282761550151,0.0762320981495946,0.623806465459684,0.0827550398121722,0.660491627620252,0.106330086157055,0.690926169108978,0.106597718808897,0.775483600279723,0.117853131194491
1.2412166391827,0.181669174375111,17.0485252547,2.73298795712656,0.00999787677095581,0.205015861400409,1,0.33512577608001,0.191686274421649,0.769167687898218,0.0863599162483637,0.564631217151698,0.110342936663286,0.851782161666655,0.0969098176291557,0.742295265570388,0.113326012450756,0.79440507424019,0.112315922723963
1.15150067813207,0.173507533984692,18.901700614827,2.5304867800408,0.39700853786614,0.275228582794904,1,-0.39289154558953,0.190203462855641,0.786590464266703,0.0802786094483435,0.767053234745658,0.0799360986245493,0.480356065916486,0.107127794992643,0.852295640598326,0.0971728002536757,0.679887200825755,0.0986349574089339
0.941911849065036,0.156927511341622,14.6402173993454,2.03666621210513,0.371119584232962,0.265664079804111,1,-0.159290597752301,0.176389838276145,0.641794888301867,0.0858765635276581,0.724569642724465,0.0859322639412851,0.700628536247812,0.0926053505006034,0.557226348305113,0.0989743953341668,0.531515706753171,0.119311975700927
0.782297597041767,0.169719106608297,17.9339625014411,2.94061335216175,0.170066690379868,0.252697775133352,1,-0.0810870173345311,0.171101909926937,0.682626739848783,0.0891142684273438,0.719226091782094,0.101470871418815,0.648135667848241,0.101978476989696,0.614053111712967,0.118971466320426,0.765181284535819,0.120272066762516
1.09790641170328,0.166914168523486,16.6949744386684,2.2224282892336,0.755277498673451,0.11089083746624,1,0.102564110587508,0.199828945441359,0.666544562798231,0.0959600788750199,0.646751175247053,0.0803916483817143,0.663638174417735,0.0869372487150748,0.595827271958253,0.0988328966600286,0.708962861622355,0.0983152019303289
1.20216457137721,0.1611100082569,14.5797391219655,1.98058591176248,0.456076871668282,0.247112358877778,1,-0.0967220195283208,0.177613904530372,0.62205541147662,0.0813693827594077,0.664962439487133,0.0772660504247022,0.686073207823281,0.0805638099462397,0.613813030171037,0.10327816455656,0.725394386168824,0.102031780965683
0.994203009611219,0.152146248027026,14.387316827654,1.74428332681227,0.526545588035709,0.200693012885649,1,-0.0287144536349048,0.172728035978427,0.637895538591739,0.0796741602247917,0.590068070397163,0.0836071368793917,0.748234506193368,0.0788747123778134,0.641927176264638,0.0923034373877487,0.689087764395938,0.0971210868591172
1.00152414261914,0.155792628340409,14.768167358737,1.94978826614717,0.600769483934319,0.209354802529636,1,0.0548070340851788,0.188495767297461,0.687262716988866,0.0760645924144139,0.779650112468734,0.0812004619453154,0.674017650554602,0.0882201797654087,0.574047943797843,0.096425731326976,0.587683066990657,0.105210051602717
1.05123946712231,0.14485137676191,13.6919828492722,1.79254912572812,0.275852974429316,0.197429124405397,1,-0.0594721162876791,0.166624629074979,0.57065783832173,0.0753338176413863,0.925054814658599,0.0734082673033735,0.631265741105057,0.0941026143819118,0.619604948038219,0.0874414198471143,0.557567774698052,0.10835657368394
1.07997348287139,0.17525720764802,18.0668368198612,2.8467950994841,0.228469363887298,0.274604084025102,1,-0.14681249912454,0.222033368355344,0.743498979940049,0.0935649714552194,0.685844425916586,0.0787672810118612,0.683314883788314,0.11311038695927,0.664678333634862,0.11902072679183,0.865752012375386,0.110133718925884
0.946186793877938,0.164292631740944,16.5295687042143,2.44081157353361,0.333998471205538,0.270893474006663,1,-0.189605898468085,0.16977418571408,0.752566459565926,0.0864045965379483,0.74311705362335,0.0895952242852427,0.626854035009008,0.102333568576042,0.717271899601472,0.101875412700216,0.47282451474675,0.120708307802618
0.812888707725187,0.157565421488711,15.3011330437539,2.32244532218817,0.249748473851103,0.25530528985523,1,-0.159288138385498,0.179427068542673,0.737939661772969,0.0870961463866544,0.61599414768422,0.0865337855301761,0.710564853693572,0.101631720014115,0.687527029413629,0.108408251511826,0.731328776570875,0.124730732905702
1.0438674748671,0.161085480826016,15.2619799568292,2.35392026126129,0.324667906119182,0.230456625333695,1,-0.00933468718044709,0.168308840041568,0.498253652412689,0.0883915703286314,0.725415928833372,0.09747630031264,0.737622717593699,0.0949114681267264,0.662610033576918,0.104793967254892,0.725917198012139,0.1110850402492
1.18163549469785,0.147276474599454,12.8426789741855,1.63983284502375,0.409141409150523,0.222093812836098,1,0.0550360963970291,0.17188812165057,0.790940420365879,0.0758921337556971,0.553637107451111,0.0845788312789764,0.674749725816954,0.0955051492066296,0.574394539215203,0.0988249864647927,0.568300051193097,0.0936550423901349
0.687454770927841,0.165933106249204,16.533336186385,2.83306176392997,0.124638540685399,0.234829033586506,1,-0.158273630774368,0.182641481194326,0.769112560349091,0.0915309900640427,0.72297239829301,0.0976861809492967,0.907983346190163,0.10900725061171,0.835388192112921,0.121773602944881,0.79291638981238,0.124647404985109
0.915808197269826,0.146527023027806,13.9589632088924,1.80725454094856,0.51849517669839,0.219668605196787,1,0.2745428547088,0.188320859103275,0.596360574908971,0.0919612991948825,0.61659404932614,0.0905426957525865,0.57962097147218,0.0906265178830512,0.652771424210693,0.0912301087356057,0.801925194615983,0.108895645225907
1.10231751429407,0.168933864168538,15.4902431627581,2.51459387287875,0.165410351032116,0.259749370415545,1,-0.00980451745718256,0.164361201937206,0.557058334134175,0.0938810719950213,0.750327173754279,0.0984414115012136,0.600964656620974,0.102262570210557,0.693757048368084,0.105430830984061,0.724866902093433,0.11618240325096
0.71376916548972,0.146342083797473,13.6359680199964,1.68760145901168,0.593117139605782,0.170564147398678,1,0.0402057959108065,0.186866235118565,0.703475366414864,0.0861888887629817,0.549486275627668,0.0812225681199251,0.581296374373137,0.0851451184753861,0.610124364500118,0.1054117644729,0.623306602921712,0.0932192492944917
1.07394522035477,0.152864209970569,14.6718205922943,2.02982343613201,0.472796212454684,0.209171041730148,1,-0.042092774986708,0.183686469944523,0.685439436221455,0.0925208138471209,0.64276208434397,0.0873173160312572,0.584316568405342,0.0995101243398952,0.49902295839003,0.103862043001746,0.71972194057558,0.0985480886691296
1.03631009769693,0.157525804209732,15.8761361894663,2.04382487803153,0.522147534092313,0.203090657356596,1,0.327380609495435,0.164690694003853,0.636522364883483,0.0764114535393654,0.605739624294552,0.0845666395280671,0.814749902819048,0.0868136559768701,0.711534776701814,0.0955068498786519,0.891168652099998,0.104182945265214
1.05441124213895,0.167145472689251,15.7886032331987,2.57406875349446,0.0515037009594283,0.211494716366257,1,-0.164340450545255,0.17973696619147,0.747499175595942,0.0924810275244979,0.866716516659645,0.0906395980959978,0.804714756005034,0.0892595507824945,0.684190947240171,0.123755842007328,0.799872023263923,0.117256674198992
0.848848695931072,0.160722856096071,14.9343904915924,2.24146672195679,0.117689332192839,0.215411685175926,1,-0.122330176024532,0.173235873037389,0.771082870783668,0.085140460379722,0.662087595007263,0.0950233206906487,0.822337779177521,0.0860919517043339,0.728526130494245,0.11138546291105,0.734698824863832,0.105299071887651
0.793305312427913,0.159443674462669,16.5354493095087,2.18691716844393,0.556025915494008,0.209391172073514,1,0.265963204769892,0.189574714540858,0.71891480791886,0.0801410490295517,0.711178808653803,0.0804050372543423,0.748403037531891,0.0984843157660251,0.579631442060046,0.113510040733555,0.67402466782447,0.108754312027442
1.04774398160872,0.143107369463781,12.3675304631107,1.84648630565608,0.157265333011942,0.234683600572876,1,0.170591090551134,0.17177203887148,0.618894141301211,0.0932406511295433,0.72412437881858,0.0878253767420518,0.681021761947497,0.100716114465311,0.731158240026177,0.0981250325965054,0.659820559937717,0.108046893346112
0.811264617093008,0.175458593300004,19.0692089320781,3.05124062534033,0.098201488607661,0.238208747916729,1,-0.146839996885303,0.195617676417596,0.779518723820815,0.0927768669544071,0.694186077923495,0.0958189412811107,0.810944709434511,0.0975750664611968,0.693750077069125,0.10933979005686,0.855344950131082,0.111215083978766
0.85201094818346,0.163151030583098,16.2498152164799,2.28424846470371,0.261545318348076,0.227143179601666,1,-0.451777853880611,0.161611680551114,0.730359360361402,0.0819522178638656,0.592665851344057,0.0938754824126249,0.668837746120447,0.0921321700243234,0.581934357064612,0.106806202509526,0.532093728830139,0.108754224772702
0.866224225407645,0.139535270733653,11.3467302533314,1.53574727434723,0.288977090481547,0.225728369752902,1,-0.058374963257918,0.172577908377544,0.5888873255143,0.0874603525743799,0.637026314820769,0.0835064579679998,0.61192554112016,0.0967010421606432,0.704709254449251,0.0979392609093773,0.697185580165945,0.103092417831371
0.957686236503157,0.162967922931144,16.3432599848104,2.30893746260473,0.287732296610432,0.211345295118829,1,-0.0824579140604297,0.18024251561503,0.712401401406865,0.0835261276032437,0.726010261878818,0.0918351287054456,0.68999643388311,0.100774654052484,0.706019601336094,0.0970061018919501,0.856540747074998,0.0885144728201203
1.08934541802305,0.149404241670895,12.546217315739,1.7968280320174,0.236185786925927,0.224021474630373,1,-0.443895402811768,0.168348551482098,0.708580099685946,0.0747453582358609,0.772587544712346,0.0856116369843617,0.661214781529855,0.0888385456539245,0.592331323278953,0.110196760564843,0.656674450003015,0.104733090310036
0.993813392463532,0.173069979642969,18.9008581963065,2.68686496742382,0.372928951471853,0.26935355697366,1,0.274122611237621,0.183198927184929,0.642431556400653,0.0945307966418906,0.558841806590062,0.102650196361141,0.723208978302317,0.0948405029285958,0.727735056829009,0.103526492531375,0.713658244896463,0.0892432850262602
0.827243141211964,0.167678951785058,16.1308579849327,2.5562447243704,0.200848822121866,0.228808943015516,1,-0.0410183465739737,0.222130238571132,0.700346995613352,0.100360874942642,0.718725815761688,0.099851422041015,0.65008619216918,0.0908137308408291,0.759032515182307,0.106662289831782,0.763419713220372,0.120171175967189
0.892042789318125,0.154444228813905,15.1182151251153,2.07076672416013,0.400007197836084,0.270695795790099,1,0.00326693732543073,0.188839123467391,0.719069684953405,0.0783666545942757,0.687886709204628,0.0848665664816489,0.70134507918529,0.0961717924742136,0.754895994894161,0.0958995192956367,0.551552870512328,0.115228401905811
1.00305128380599,0.163504518329467,16.1506192888777,2.19639000400021,0.371496221300245,0.255751568670338,1,0.258498584062488,0.182657755991158,0.753141507735298,0.0837868514851304,0.704889269474934,0.0751135005185786,0.606449883271719,0.0817271214984946,0.829740230556633,0.0988905215561146,0.728037858908186,0.11425123771741
0.95466194849006,0.158750116730144,15.0141855851199,2.22956725347864,0.282101667893952,0.222562148451414,1,-0.205010597801484,0.178261483364582,0.798591376801794,0.0851289105218241,0.703971828101853,0.0867646894737117,0.592292349770057,0.0931042360271568,0.786902095650847,0.10496291052946,0.641990575767419,0.129517671757745
1.59255931882584,0.214401806508017,24.5888137604781,3.95401192069951,0.0774377311295305,0.214221096085339,1,0.159672133381761,0.179717793382941,0.917934137592928,0.0837166776989996,0.880542516174205,0.0986027904899541,0.881491210630852,0.108082894587479,0.862070073440802,0.104195398001902,0.899144919228788,0.120368570258976
1.0069534516702,0.161430306843057,15.7861745836587,2.60701392230192,0.0918825569194225,0.217554554299348,1,0.193234123150202,0.176888962825779,0.665319915316944,0.0953174685687862,0.628308103348919,0.106483412793478,0.834035786406358,0.0895575089900808,0.680233565379271,0.112233036065397,0.731075161167724,0.114083716510628
1.06485632798727,0.152928727128279,14.1307251569118,2.01297289870167,0.325276187143896,0.234533425902636,1,-0.0840901813280599,0.20098633077047,0.591290757570441,0.0899548725074927,0.715008545164931,0.0940184415100179,0.65657199238608,0.0944283334358119,0.682557987529091,0.100044111494309,0.5622178768162,0.116213769439977
1.16768658481996,0.173265626310877,17.2532702106465,2.54274516329945,0.254812608359141,0.262614551074129,1,0.137418578947683,0.186578478867861,0.6843979554469,0.0857074400759981,0.664587251311172,0.104351528440498,0.705410521649578,0.108206866552374,0.787578463143418,0.102015799961668,0.909721309709697,0.095923254327151
1.13103394741983,0.162167748935422,15.1635608501509,2.12893984741936,0.324144509350494,0.236999285564801,1,0.0174915161737044,0.190831758605811,0.714728550582219,0.0851952900969123,0.758132136445432,0.0796183666303667,0.602857702998046,0.104640971110448,0.687503711617108,0.102320190705526,0.740965667533283,0.0974777027323435
0.975708769423821,0.151838873235576,13.7942256663577,1.87543200933742,0.350884356019586,0.248243348390393,1,-0.148710929901114,0.167838930789748,0.763783780205203,0.0791698620927916,0.671370995234415,0.0993572281407856,0.665661065037373,0.0819844564649433,0.463779536009872,0.112998689659322,0.795655964564306,0.0947961420373298
1.14591219872104,0.167734586879617,16.5632497172668,2.24304309496778,0.36412020254299,0.260555156499317,1,-0.307414898524548,0.186385617603156,0.736249397991073,0.0923908366646556,0.721611831518064,0.0819994436085361,0.67088299911101,0.0905184691065456,0.65192073865838,0.105421018921841,0.811978158206379,0.0979196433904397
0.753043416032335,0.155501749960871,14.777336136228,2.19643069402335,0.31694441595852,0.252742132705799,1,-0.0970445804282901,0.184086727151827,0.612536115948338,0.0877089605252231,0.603143957143368,0.0979058753738343,0.662095853526399,0.0867180815154898,0.710411263547,0.102002722584921,0.452792884048729,0.12313400525276
0.828941107416493,0.165573909299412,17.4350759250784,2.46381609877544,0.231126888465712,0.232620050687332,1,0.163419038029971,0.197615602529377,0.784630563244992,0.0895909698809764,0.632916069797991,0.0833632563734931,0.688651155641471,0.0994667125678622,0.595536260973758,0.10654178568898,0.852193924809551,0.103549021413865
0.958316785616566,0.183792023630833,19.8506377922926,3.09717144408786,0.447709474411958,0.298117854741009,1,0.206984042613068,0.203938774385349,0.745256032782965,0.0855654175625801,0.722715869061941,0.0833582138237883,0.809515640571393,0.0998571066025678,0.720047353921428,0.0996802068641166,0.786378900938358,0.104230257844587
1.10007197479676,0.146370626290644,12.685771667203,1.63295466894977,0.343919524377972,0.224011681004009,1,0.0690084051464325,0.156613211928181,0.512003951022556,0.0786730100992721,0.697561795022777,0.0850613359858014,0.65209066055311,0.0930163587675979,0.653201912886327,0.0903071001781995,0.54761934251959,0.105482730550519
0.866993351783689,0.159806860412473,16.4688562910146,2.3093580340446,0.431554492329812,0.267459558192427,1,-0.149907180849728,0.184823511775669,0.776462145768536,0.0860898927978428,0.699521819199878,0.0903481846638103,0.645884144635534,0.10330298361361,0.635181555110731,0.101418792033276,0.657243639499365,0.118416702268416
1.25929904829042,0.174754058811015,18.5774472343174,2.6850004961671,0.534684261977114,0.264895079487022,1,0.187501651618015,0.180925818094341,0.710492380733161,0.0904235670058058,0.589173533250224,0.0963388746209343,0.587695785459166,0.0988255888419316,0.729682904364649,0.0975222132977331,0.720336920943406,0.113532658333539
1.06721330811523,0.157815998479969,15.6376201219015,2.16449165930877,0.227563621399786,0.209216898240861,1,0.0969658483455194,0.177160273655814,0.706606118517003,0.0813347760854447,0.63128184347698,0.0907900139753991,0.646135063615096,0.0935817384484997,0.800437748978242,0.0966362318754512,0.783836550101774,0.117090001107083
0.832511069269343,0.15653112043216,15.7572868232756,2.22811845009028,0.376002721098895,0.21506606501771,1,-0.377032591465664,0.181627334124733,0.651021781238435,0.0895042874565607,0.683917590303387,0.0832295465305853,0.690901951238397,0.101109674061633,0.708545432361472,0.0881700317468439,0.642015466908006,0.109486146774831
1.10458668182975,0.209713311194858,26.167476148235,4.42659878361804,-0.0849519510700988,0.199340776094718,1,0.277844518902197,0.231568514347239,0.841424549715537,0.104723422067491,0.809703340926038,0.112634238442945,0.875824064992461,0.103119893081552,0.863959965665469,0.11188653849065,0.960628897305469,0.104408687205255
0.992644597357639,0.166236883928319,17.1037592694456,2.41735011880402,0.535716623366327,0.180790957274936,1,0.0849636052126001,0.170676806530971,0.630222104239312,0.0816628015631807,0.759089667514779,0.072946112762129,0.664163156253865,0.0924658264928786,0.791589419339085,0.103173831428524,0.591055362130352,0.11678852683005
1.01089118346301,0.161411324629738,15.9800628729836,2.33358233808623,0.394972257601293,0.270514048683696,1,-0.0294235333725982,0.177793101164399,0.783492451422767,0.0747348935484647,0.594750273402665,0.0961438468832185,0.807335437604127,0.0968371333043788,0.453531526943633,0.119076489590341,0.794991767980147,0.113716664314845
0.884249094063105,0.156391530087482,15.8247133009012,2.15470551658112,0.395944296422129,0.209593868316705,1,-0.0494874588528455,0.173804936702602,0.563627322006303,0.0829718265984159,0.845211484696629,0.0815335729627028,0.543315715840144,0.100283237012936,0.554947287916332,0.103360730477865,0.795214758578572,0.102233991561022
0.89196109320918,0.154557983291892,14.5551262289389,2.07509588544076,0.154076815948376,0.241922313083222,1,0.0150992532391476,0.178231986737664,0.698872735139254,0.0882157236503064,0.701411671602936,0.087827031936867,0.648372815215819,0.103426402728247,0.795884976093071,0.0906266579189037,0.654153486199859,0.108046965831186
0.947779208045083,0.164943236068387,16.7707714043487,2.5909598640618,0.320741291228255,0.237854686209074,1,-0.0300212100050384,0.179455805377951,0.724629281015277,0.087090361140222,0.704153497285452,0.10404113965981,0.675484344780254,0.104438721888394,0.815851675418669,0.10129828093195,0.819673513625063,0.10583462118686
0.856819027131478,0.152729401888634,14.3428446436038,1.92294186450861,0.492781657991874,0.175602152821827,1,0.159065613507732,0.179676617564903,0.700908425187187,0.0819158951296913,0.604739658055839,0.0874028175095943,0.710785047174348,0.0909389708588085,0.602012671944311,0.099536154392211,0.79127656821488,0.098216519255828
0.845157333830165,0.153843657442411,14.3247986514493,1.90978234793074,0.56456566417301,0.235007878152966,1,0.311626514675881,0.202952988534706,0.490348339938671,0.0975789209952422,0.662682909816857,0.0777719223746057,0.519975390013761,0.100688640854592,0.527496629982032,0.105338179656764,0.647667061175428,0.0982672498926249
1.07247713226531,0.169994601726153,16.1937473849696,2.39693934316632,0.190681435041883,0.233075828332072,1,-0.0306461891645354,0.187539309704598,0.686193477983453,0.0882478352986703,0.738609390073393,0.0844821902627638,0.787747667119076,0.0938135524822086,0.754224175174535,0.101747008076585,0.782140877078023,0.109721276675779
0.995825832645315,0.148004890923507,12.4605423231776,1.78515998229256,0.241969187407466,0.23274055217416,1,0.202724897910801,0.184183340426309,0.521069797856376,0.0925266501641404,0.506955885585132,0.0939656068848743,0.690464458897121,0.0815294905300489,0.657282591082277,0.105329803410338,0.622655030252155,0.109179200355117
0.994783813241219,0.153554327518093,14.6788152148005,1.87953947448903,0.597211908267373,0.153289889549131,1,0.137196284794926,0.182764876490608,0.71201144767059,0.0757416523981731,0.623890441492476,0.0833533836741235,0.641150750721375,0.103206669705484,0.587730676143773,0.0928570510571745,0.733373932850489,0.101598989869451
0.718522701357253,0.166811702321216,17.8480789805105,2.52918294545119,0.360116256631352,0.236919919787695,1,-0.328312033188034,0.183258849031341,0.788071799533527,0.0858040524119571,0.663906602579049,0.09064745543285,0.843634154419075,0.0968269621983328,0.737438259403071,0.107204769810676,0.68405849445674,0.111457737589937
1.25405048295093,0.164226703066946,14.1165321839986,2.20990143938875,0.0890736051981751,0.204612401191342,1,0.205531549574658,0.167507001252504,0.68864909209415,0.0868807266103425,0.681677986576618,0.100592187408709,0.696301140839567,0.100404577244452,0.741344809755986,0.106673936932025,0.693503565463747,0.115303108965206
0.949804244895506,0.177940434927421,18.2695217553496,2.86624635571519,0.17742400675172,0.230135822201157,1,-0.23114309223221,0.216796301757429,0.79823139991333,0.0868567075390455,0.776423734274051,0.102326312160073,0.761364003180222,0.109807488021028,0.547933802652274,0.109855020047234,0.859016567323275,0.0981715837997625
0.907980239027504,0.147665363721489,13.5350969854539,1.66712338097811,0.53412678389578,0.224320903115817,1,0.255953751306269,0.201782805513329,0.623895053927347,0.0864420748201476,0.63212833050907,0.0836164494854984,0.576166775222386,0.0833769658801816,0.673678597288168,0.0883084899344575,0.582643256390777,0.0994594876749155
1.04643773805827,0.179418594307094,18.4211038468838,2.93927578618655,0.222101290047917,0.271800876627817,1,-0.0644459562681458,0.187966733049658,0.726401817930688,0.0917036066483675,0.799759438930062,0.0979653809191953,0.763022653645057,0.102499597658063,0.86645366495013,0.102437066270192,0.743647564706576,0.1181993921923
0.760753881994328,0.162786716883212,16.3458374886927,2.03477788814156,0.67278574779362,0.146505809429974,1,0.358015491580872,0.186488517002917,0.633351048327295,0.0751187654600136,0.785027197491649,0.0742902297232794,0.575172451831293,0.0961624933415122,0.56170311868999,0.0915972770716558,0.67875711152035,0.104553556617744
0.746975509281784,0.144867627167107,12.8014187636848,1.78175116861536,0.339775201971425,0.223618348513486,1,-0.309879236495617,0.174782814437528,0.717878682146034,0.0736816637385308,0.589861338926212,0.0856885275694978,0.501070090671813,0.102564357001725,0.54092633472338,0.103975868621651,0.454448573948278,0.116473291796985
0.822273972503331,0.151237369115763,14.7698224451132,1.99048439851672,0.386820100970707,0.21686915263869,1,0.291025838199433,0.17363704954365,0.474596095316327,0.0859507423534693,0.708215141383334,0.0920898769088805,0.70122872840221,0.0876678771591825,0.55720161887524,0.104998399837535,0.749120353345517,0.0993216885055638
1.06714230696254,0.185623776331079,20.6511841847698,3.04467182594462,0.160069632877254,0.194236901112614,1,-0.0496279237905949,0.191680764298704,0.813863813446821,0.0871588844524152,0.81625201275037,0.0855841882430848,0.809687959225638,0.102925913753975,0.748831840503281,0.104818258599884,0.948315863782402,0.106497419479761
1.21317992590026,0.143401007969286,12.6781345790073,1.51035932103745,0.620223245169307,0.156720403665905,1,0.0491573716807287,0.177183975807676,0.639573901706748,0.0868134888212381,0.554715314813996,0.0848209594825094,0.63608200783394,0.086179225789495,0.704860131844149,0.0865511310666102,0.606414820267808,0.11103381475109
1.07112653177094,0.189926765617127,19.5486585112396,3.35436523562352,-0.0369954738057903,0.184440936741858,1,-0.236840465033762,0.177023427347692,0.756974139690088,0.085719122304541,0.681262332759437,0.114100390885323,0.850945865324654,0.103772617602346,0.695166332504889,0.115561380465124,0.709293626848572,0.12191415031115
1.13804050865077,0.181190273963614,20.1539091629723,3.04289480659755,0.119406003728679,0.224191765079744,1,0.0753407245131022,0.159971470298894,0.719734148949815,0.0859292627789403,0.754603393718103,0.0983453188828062,0.660283340481591,0.101117073201534,0.974348641303103,0.0925606420716097,0.826745293398134,0.109687243469734
0.940475346095094,0.160319978255241,16.0622509421759,2.32249328116341,0.395221142718109,0.259722055494685,1,-0.179191964595361,0.212647821437578,0.778733439271596,0.0801899642645241,0.587980598906042,0.0923139640394967,0.605253097721524,0.0987588663196235,0.820353811105588,0.0956119299572824,0.546307902335858,0.11673957390051
1.17894012761294,0.177458447358529,17.9038185835789,2.72018467028221,0.296858679241151,0.225863839149421,1,-0.0394331554536546,0.17529080075302,0.643867457968022,0.0892236781486168,0.840278729351539,0.0855568322109676,0.697580880106056,0.100299852430482,0.717789744003834,0.100526081770642,0.599535044154163,0.118772930185596
0.790181367033796,0.154568385970084,14.5818834348537,2.1626254318879,0.219580893946671,0.255443664460266,1,-0.130338112185611,0.181287578920783,0.810426891329756,0.0926090242882688,0.756667164950206,0.085633864750554,0.667585913812617,0.101418896634424,0.809398973448203,0.0952997830218385,0.591525114621977,0.117355523870918
1.07277138193109,0.177368809523049,17.5358942380507,2.82786594248422,0.184739906722253,0.251706721048428,1,0.0660411848237614,0.163768903564293,0.701100236538161,0.10159489971621,0.792444765540762,0.0970972529271486,0.843032390289243,0.0966691597192505,0.711112118018579,0.107166729587801,0.75782226414004,0.110316054585682
0.930814753850118,0.15383949202851,14.5873284080388,2.24117261911544,0.16503353498732,0.197820917651936,1,0.0798398318006038,0.187852160288136,0.697436374703715,0.0968932411980444,0.710233223496141,0.0938156449541423,0.656497785259769,0.103700308798406,0.714210154688243,0.0920349292280364,0.612055919911549,0.104379656948647
1.04654212986659,0.17142146961363,16.4630741328545,2.61401894921479,0.167493252175758,0.251820360910711,1,0.196202416220345,0.179287282546132,0.710130960607995,0.097163572716192,0.614248346851023,0.0955198161242993,0.755362149380985,0.102807444263561,0.796900164022061,0.114908961898563,0.748437705338491,0.111839755231764
0.893311763520624,0.168739111801328,16.2027043959628,2.37653163621709,0.534667698503666,0.19472925632401,1,0.132977531832724,0.202574078832733,0.692002442134222,0.0946586741235211,0.614097766703226,0.0867307351610103,0.735446136997163,0.0924996461485562,0.823639156151018,0.105918112468251,0.562927806172669,0.118498521676223
0.800156454886566,0.162150485746841,16.6800443701931,2.51789003865178,0.184062013715065,0.215935604853851,1,-0.0774298245278499,0.180634693460173,0.644831765426819,0.0871274943817778,0.70540811163711,0.0945106064583695,0.824995819128472,0.097014893544825,0.675370964335563,0.108105653200993,0.750457552664219,0.102755307954974
1.15758900702566,0.16280567451162,15.3985275857933,2.09397653658569,0.345647156765329,0.28668486393307,1,-0.158990566351803,0.183138125308795,0.697969025939243,0.0848134948847126,0.651599296579287,0.0932407383985313,0.813567656699305,0.0780396496758415,0.759078357437289,0.0902047659691513,0.528693133438564,0.116339677508497
1.05460576855068,0.167977429843021,17.5766802320228,2.50651000502214,0.299912304122857,0.262972616092171,1,-0.0241506096168685,0.183784336751211,0.763166193138968,0.0804863226040889,0.748666257343504,0.0935963171228892,0.653117972930892,0.0991297652597209,0.597989826180801,0.104979195566214,0.636130023279699,0.109213199340722
1.2862644176345,0.208368026485206,22.40048272479,4.0382937044488,-0.148785759439707,0.186278780117008,1,-0.0155657653558538,0.191515946148643,0.835910343970771,0.101744628945663,0.765227426525516,0.105757794232064,0.787702830217787,0.109431209200223,0.897953122202005,0.108963924123108,0.9443050585394,0.130266680930636
0.652448724818746,0.151460312021324,14.8906783489401,1.84455152438829,0.600460291174348,0.167219843070933,1,-0.234274475973086,0.173645260237857,0.718529819730768,0.0770569614430636,0.59422469683563,0.0840049582412191,0.665327220581598,0.0809456529689757,0.556174848258695,0.102088985274607,0.535632884000707,0.107865168431803
1.29231971247395,0.186606710328881,19.887707473124,2.96551618458186,0.215932422723962,0.258205695991713,1,-0.156437134640362,0.199294825621095,0.684903508737969,0.0996670203983943,0.876009351023864,0.0897849516403139,0.816982472375857,0.0974004082819053,0.765590126637471,0.0903704399154676,0.839762506188491,0.105609369098624
0.818025769003815,0.159857592742953,14.982405860315,2.4314706638823,0.0317729220976926,0.188180834488522,1,-0.132900016510931,0.173059241956005,0.792049847160085,0.0855678061501696,0.626277678004359,0.101484297483845,0.64281488503575,0.10232922119915,0.688192090005825,0.108070678027755,0.625827786835356,0.13043281918227
1.03424359670883,0.157183792964756,15.9760327524404,2.17060626908546,0.420938908799842,0.178234399182119,1,-0.113070425363463,0.167326918872581,0.690760686957342,0.0797490242876338,0.793843817981766,0.0841171471430545,0.626004226518589,0.104061420799899,0.713155858476636,0.11050099364149,0.593937458236095,0.104468756918184
1.02172227764279,0.177733111371556,18.4243528127726,2.95523341673816,-0.0223276936205174,0.207291747492586,1,0.0315026538009702,0.164493555806929,0.678685552313623,0.0999717141412224,0.727424705195401,0.0977174744567191,0.807710334451101,0.101713579908959,0.743934343427483,0.0987657335307725,0.694502874033639,0.126021724625364
1.08224822590772,0.153337910442266,14.8416143207058,1.865422903387,0.555540100926304,0.177808272063586,1,0.31661881333999,0.188662958367763,0.67805555773442,0.0771427096404131,0.787594043017826,0.0781235983420387,0.587253115944755,0.0956723070024717,0.575619339486403,0.0915290366024574,0.706209607683031,0.0940855659376766
1.03839062090881,0.150103628663246,13.6302399814121,1.84699242604462,0.547786604953069,0.161735671741064,1,0.0805761148384393,0.174296889353792,0.722360928820519,0.0819150506584941,0.746131174600661,0.0857163024438704,0.676891670043502,0.0860015063461359,0.71039513245422,0.0927227065583293,0.625222247525084,0.113891256901629
1.120742980648,0.168680165394025,16.8533735890365,2.13898592367177,0.75004767792544,0.101667923020837,1,0.323865950871211,0.216488276928561,0.872596851962761,0.0801177883475634,0.745538306569241,0.078566128545478,0.736588834995424,0.0849173977739665,0.696656670138107,0.0976213807982154,0.457990353242441,0.109675750826903
1.11078589811162,0.164792211175766,15.8644642225671,2.43244205453639,0.0773529011512789,0.189945393239829,1,0.0927307379328892,0.163922370564532,0.672886779996633,0.0924168919458558,0.596865765675572,0.099262287069976,0.781134539798102,0.0979234932858744,0.743505916397802,0.107588618495627,0.735423778611886,0.122089294936197
1.12286617828817,0.18064611363044,18.4193524033417,2.90475628065839,0.309723124134051,0.269313874467417,1,-0.35941958661549,0.195423511269191,0.807481132552961,0.0907318134787112,0.706496084729558,0.094744544768037,0.861541951518947,0.0955163625363026,0.749021786640616,0.117972025746167,0.756434402063675,0.115365642209004
0.979573231408085,0.159113880754096,14.6975333476488,2.0238663955106,0.621029058831576,0.175606319596289,1,-0.0877696578187914,0.179435677824507,0.821296491978231,0.0728119533836928,0.68658540381453,0.0941697147981033,0.704001810926439,0.0960485381682513,0.494051836226983,0.10814361642634,0.85848649409789,0.098455699428916
0.996176482347813,0.154390287330103,14.2534911622458,1.90140129260736,0.489000059115422,0.237617482160485,1,-0.0100533577461327,0.166321339312373,0.719496763857103,0.0788348720018968,0.484029923693282,0.0843556041182597,0.67585676039384,0.0853485987368768,0.549171521163364,0.105773738076881,0.625644459908858,0.0941410948956121
1.0506112232459,0.193126949696248,20.4474708626009,3.49602269119912,0.00528054144085394,0.192472273459962,1,-0.134422424653677,0.163101415503608,0.627380175093137,0.0968823099421843,0.86317882658337,0.0924433592406913,0.639232063582353,0.11100276349943,0.779096382953273,0.120843128283086,0.891015598073612,0.113452142530363
1.04949793139898,0.154378385445698,13.4592317923956,2.00021180257197,0.330316716603614,0.2564886476502,1,-0.101514049295636,0.182248359728474,0.729119342542289,0.0796685798285702,0.599515438466688,0.0920713663483558,0.84214551858343,0.0928176970023702,0.551534610272132,0.113487537763279,0.680002723139721,0.112065882529131
1.11924994283022,0.178187230719736,18.9331783429057,2.91303525429468,0.0425368857418372,0.19699277176311,1,-0.0969905111945648,0.173780773030586,0.802502666647413,0.083682463325226,0.674444262437071,0.106769568463128,0.784368795427949,0.0992474974704299,0.649848338398546,0.111590005194271,0.944337497570456,0.108324562633229
0.813771373509826,0.157158685490937,15.6530630162202,2.09242817507045,0.482891690725646,0.253459624710483,1,0.013118142606568,0.180396624702997,0.604172004592846,0.0854666256665945,0.70966925715307,0.0772800591994637,0.639506654406881,0.0812345397444294,0.667275579651267,0.102341942962549,0.662833218721882,0.114723131427579
0.960313425918745,0.162323634561089,16.3829188519252,2.18281364453572,0.429420599803851,0.274250631972853,1,-0.0553523968431895,0.216159420014104,0.770121718485429,0.0889352443537846,0.663399372650777,0.0829114079907483,0.587434475452102,0.0961275994981479,0.723287812132857,0.0927190155595194,0.715580789517734,0.100353496573709
0.888289562848246,0.16333865914335,16.7911790947643,2.17142382631309,0.619629107815777,0.131648361286447,1,0.0816531738269127,0.188787600385186,0.728393484919007,0.0705961908637575,0.656019402868585,0.092743055789873,0.789532463517198,0.0875183910253193,0.653086298200349,0.105151831678076,0.695131724744694,0.101509790816333
1.12645327708726,0.151380584904397,13.8898312470291,1.97976647012259,0.401052664481067,0.243013049663409,1,-0.0585704176514621,0.181255579114435,0.724635702947103,0.0773288211940594,0.701345084457931,0.0854880472078016,0.573591444839972,0.103565278792266,0.72323244629233,0.100088710757572,0.72695214212444,0.101778745621936
0.969289031898361,0.179503586160081,20.0907076262494,3.25517317074491,0.0234323548423775,0.193642834654078,1,0.0491588618780342,0.178793205316372,0.834841086142684,0.0853191407390627,0.700635688013283,0.104917333737935,0.771524271648381,0.0944328034421016,0.908713388530558,0.107604301507075,0.731605003438203,0.116280951047243
0.962313439575073,0.175424392752332,19.0772794320396,2.97254394100079,0.275810226030328,0.239094669279125,1,0.289122875695594,0.170853888300486,0.592058313875245,0.0941580348132322,0.664579304076283,0.0959303019102548,0.675688969539055,0.0896279387801674,0.563007872129954,0.107623328488555,0.691677653057887,0.105959779897996
1.28773954116389,0.161680944884825,16.1516270350313,2.25240885504814,0.234058137291714,0.219909447260274,1,0.219074234778092,0.178352871062391,0.685675019013531,0.0764374458957327,0.752266435478662,0.0951002352589512,0.786191843689765,0.094179431214935,0.705259888810115,0.0926869115044522,0.786857964055615,0.0964301384226098
1.00294912702508,0.158296226857234,15.1792647588397,2.12959061068201,0.414552419279337,0.254575532470746,1,0.154793257267529,0.167746208697561,0.692269702945669,0.077158325036969,0.647276415123756,0.0889252995625168,0.612701147612046,0.101052995375743,0.660740006138278,0.113148149663063,0.78506645423447,0.104479807491133
0.625032544788498,0.152785636431562,15.1995656462305,2.12060303295555,0.354489657295351,0.278397287633183,1,-0.0814881277115307,0.186835555212592,0.681868721537348,0.0798602090907278,0.583525547486704,0.0904275178105884,0.65190470225552,0.0917502131416925,0.669923882959333,0.102560757356416,0.517382365251653,0.11684919360061
1.10525770090533,0.176246301593129,18.4851186579322,3.00739376363418,0.132945710187809,0.269576604520598,1,0.0849293736396158,0.21155955271329,0.708495145829675,0.0942678260854031,0.691013694048386,0.0976141766807902,0.685556749714616,0.104568885668686,0.712428813886238,0.113217400891422,0.642227227624332,0.133628117866577
1.09823090049153,0.187057929215303,19.8540671570455,3.2763383638341,-0.0618091475328789,0.190723259959861,1,-0.110224886002853,0.194935858666112,0.808872414197927,0.0908389617938766,0.869740107058575,0.11262118479797,0.598349874717941,0.110283580857168,0.886325132561487,0.0959387631638904,0.780332877462915,0.109090024545409
0.849262768104211,0.175586406751288,18.4775625566867,3.27717003946295,0.272639815896068,0.272129011113271,1,-0.102245025759948,0.177669603718561,0.770014868382325,0.0963125423329696,0.651954592430888,0.104696769096163,0.72950014880156,0.10823621188905,0.697991660697788,0.115533702083708,0.799810699074315,0.124591546735513
0.857499996691048,0.176216902000719,19.7711147202334,2.76287481775338,0.397382521857575,0.246466099376639,1,-0.197650724215026,0.18919378515704,0.70140560316682,0.0885730226707306,0.731412229286566,0.0877002523409251,0.69421520249296,0.0888064961853847,0.839673410618237,0.096604832997726,0.584755000669597,0.124350718813851
0.876736203487231,0.156139363043192,15.3468941434215,2.1027967619324,0.57844079910235,0.235682734005938,1,-0.100572629372132,0.185708496756462,0.665990311792145,0.0831021289107415,0.579029369092545,0.0875396183302661,0.768485142832511,0.088957074915271,0.398895571642139,0.11344002009606,0.68449196236514,0.115525775994312
1.06111447138842,0.176841145729088,18.6903769116415,3.05724784862815,-0.0477369942647196,0.196899011114389,1,-0.0802318516172524,0.179820228588946,0.819035036759733,0.0873927609085809,0.909564076075441,0.0949473456039423,0.832945454206505,0.104659143385233,0.706563493826644,0.121470296042149,0.786025065676164,0.117376025809501
0.854591242481717,0.191603342690815,22.6083979598905,3.91645011195666,-0.048292509064586,0.19223271960734,1,-0.27831330087957,0.190585810512795,0.8352204355255,0.0942241983087662,0.876335581253255,0.113788839695219,0.814914533156959,0.111189006934944,0.746178814146778,0.115149915419167,0.821691079240393,0.113741480936487
1.03916220328921,0.167802785477361,17.1245571365554,2.46329356345953,0.360569189027589,0.22889973043273,1,-0.0327470809882505,0.180248390028135,0.654500975583666,0.0844824047107818,0.695507001366284,0.0964286819666171,0.66298942959616,0.0884956290187798,0.787378160207468,0.092635207605428,0.418324028670834,0.118696581309463
1.06170036720385,0.166111729149418,16.0264081856508,2.50825626802888,0.157615333807921,0.224740962173581,1,0.0275887953206725,0.189443094357901,0.661731748613369,0.0940650564777591,0.578271353120498,0.101561478785361,0.525836642164271,0.106427999563223,0.546409804828951,0.116577246002103,0.73701259797096,0.104848484130184
1.08661534227147,0.156370870339669,15.5744942450949,2.0595251279295,0.245782682323704,0.209965996557355,1,-0.0404961729627991,0.164829835197141,0.636396410360143,0.0808631290149523,0.629468777566665,0.0880328834110652,0.847158170192009,0.0962717854161194,0.637912292877199,0.0985079906856299,0.70708276815555,0.107949861735252
1.09184962781786,0.162832817391499,16.2186972857236,2.23028668067435,0.436934073995593,0.190182745336288,1,0.0113457618234249,0.170642685268286,0.666185216971653,0.075092930855763,0.565765491873633,0.0918312430126501,0.591613163985705,0.114373273882683,0.78447905140445,0.0948336968657005,0.463539096257999,0.0995220872129888
0.751815099843505,0.148080125444572,13.5383926622124,1.72347527869585,0.582365031268626,0.192357108376094,1,-0.0878910250492924,0.175117874366953,0.669575574186002,0.0729225541634244,0.589877304148717,0.0901789667828685,0.520778058312155,0.0934800050582874,0.653705279299779,0.0987208626501818,0.588712890436374,0.09860603211159
1.06596369579114,0.158907974998712,16.1704410534719,1.94270437736736,0.47452071918546,0.18451145254845,1,-0.0580801583006682,0.192000689920999,0.647916076652553,0.08430882925143,0.718304000177869,0.0883229334550413,0.701089162408999,0.0811407685864913,0.618572310735429,0.0842779607064909,0.712052906159451,0.0918542963173755
1.21558272159239,0.162012886079568,16.9351713351277,2.13294421863243,0.539915800293294,0.185841342100994,1,0.118772860498449,0.194434482622982,0.643759525705161,0.0842507984937046,0.86546062942949,0.0819406133091044,0.856752754831832,0.0790565618595353,0.711635762801322,0.0948180624662617,0.835007610968413,0.0954249336289774
1.02978064146653,0.164453253229215,15.6673080224536,2.23867858806067,0.197822596730897,0.22679422762094,1,0.149577515196311,0.18339756256414,0.693111108162199,0.0819914682075158,0.530320518147175,0.0876513965727719,0.683525317871132,0.0938375550509041,0.582389809554664,0.111368760118737,0.788685869765226,0.104490309428316
1.06817517233266,0.156769812293987,15.0656007044748,2.26235659525773,0.127465662731569,0.206440755774937,1,-0.168753896184038,0.175085318439513,0.745594135008602,0.0886458446738185,0.795006947820063,0.0909517662947597,0.621711852384013,0.0966979190689436,0.67626169275275,0.100586272196461,0.705674691573816,0.114741855990087
1.23458570989537,0.20126723730317,21.1724817662026,3.65504449103662,0.110280841547771,0.234124296670472,1,-0.17441984630069,0.188616536775808,0.853326299818522,0.0968544199081372,0.785137569348775,0.109782117583646,0.796724913855222,0.0982010471520868,0.491545434338594,0.128401380827567,0.818846606348246,0.111213439315713
0.905853916961767,0.156875441115517,15.2524716349595,2.10205131999842,0.660168764671655,0.163170142611464,1,-0.0647793413779017,0.176939551027156,0.755229639435508,0.082694101230794,0.774545629894212,0.0895874054707422,0.789169394334268,0.0885696568900797,0.509588176575793,0.106896918991073,0.565391833549862,0.114439503439901
0.96958578995795,0.156813068547821,15.3544039229888,1.84661706481288,0.540943130491028,0.218480602347564,1,-0.0159386885237664,0.183696425364265,0.746069527958108,0.0775429519400805,0.77746967232754,0.0775045198326038,0.691323810818817,0.0851965594352275,0.571661986316476,0.0980341836337292,0.674417573544735,0.0955144089222209
1.07314278063906,0.164307792055359,16.244763747802,2.45973466695125,0.165804518100344,0.192913907544413,1,0.0346421906551635,0.18478718000269,0.747277618755391,0.0872656239615541,0.696629281639816,0.0954179753682182,0.788670786827483,0.0985088934716942,0.761498481411192,0.101034110359945,0.654198740213373,0.117837691962866
0.991440652347962,0.146705917444764,13.5832081562162,1.90041324099719,0.255350548736698,0.190653996816119,1,-0.196409158273494,0.163714459704275,0.689204279190743,0.080657194502721,0.736812612347943,0.0795577446577589,0.60867735468928,0.0927110428299359,0.681704894891308,0.104942587939796,0.511784088532697,0.120600743363598
0.883106399745088,0.143015457664266,13.4951540906868,1.68116857130415,0.305374793702878,0.178913305265308,1,0.279984586171775,0.197290969912611,0.689795948500179,0.0893976614474399,0.539574471108975,0.0865948545892868,0.641937025508304,0.0834392940348133,0.58469155273142,0.0920096641923132,0.6372676561012,0.100389862073446
1.31926303535117,0.168483831641193,16.9100529381874,2.38914633749616,0.321950361703601,0.259201363587604,1,-0.0184831049917074,0.175333519872893,0.824515303736781,0.092309861157692,0.612043337808329,0.0917446439808431,0.765687119633649,0.0919918040960773,0.755504054175532,0.0939744263944419,0.740169818017066,0.103949284926128
0.738200130491137,0.169567923143832,18.6534149189104,2.46876464719232,0.537099466567917,0.240957916964485,1,0.00225945062334518,0.170893340403075,0.655029428290203,0.0758760281393628,0.667962164637625,0.0891748153839803,0.735621102146142,0.0976684420730265,0.750815029771529,0.100130210153491,0.738161960370388,0.100014541344212
1.09484603904556,0.15313416131855,14.5982122187139,1.91064555505013,0.581025094538537,0.154870122133985,1,0.075700749161257,0.171147097116048,0.698231878268599,0.0693894454642722,0.677765560113967,0.0894264917027475,0.633670103622265,0.0964374508642398,0.763756583901656,0.0991457675920666,0.54832396851664,0.122268479263511
0.988647297987809,0.168947543443534,17.471938642067,2.70657990953827,0.214066917023666,0.246182931081303,1,-0.0798482429603303,0.173741174347342,0.667756085201785,0.0939808458600979,0.766342859885359,0.095717461702904,0.754644229427798,0.0917926655600097,0.644719355778924,0.110743352429275,0.576247483766459,0.125696578457738
1.1310975522627,0.151690792183257,14.1533646140267,1.8643415921432,0.485383084685114,0.224750407008976,1,0.124565546927011,0.176507797067049,0.527363125148561,0.0796544668496903,0.776905451863246,0.0772756908228489,0.664423099828577,0.0882398871754514,0.712909814282479,0.100790147779532,0.640686292718856,0.104435859834245
1.00288753554577,0.154431659480218,15.0719039326562,2.13650302886198,0.386608246513426,0.243182895116702,1,0.127404461412895,0.182769672273826,0.659041292366047,0.0809651074138156,0.685102757778324,0.0917588280141301,0.59228705044764,0.100127006585323,0.609273940209179,0.110880542898717,0.671317234952959,0.108274802580695
0.661745243854085,0.171984988114859,18.7210638608874,3.11877639342152,0.0320586494194149,0.217975397279493,1,-0.154670196401582,0.159799958294338,0.788857388228002,0.0920125326832206,0.682160068247605,0.0997347257887539,0.7125492555829,0.107296673497392,0.903254549315163,0.112874365259393,0.783716339056616,0.128602603490583
1.12828144201125,0.157745075470966,14.2407858679715,1.99324209091613,0.272804670746519,0.260776251267329,1,0.0567745821177895,0.198507578623361,0.585276054163835,0.0884908693951477,0.771563265878821,0.085538036483361,0.618637749845611,0.0916938816252271,0.556998396350439,0.0970271329102089,0.744131133911161,0.0964829204141025
0.953495934795242,0.172767964015237,18.1351065869714,2.89154178514706,0.1205286622589,0.218523177434533,1,0.136055111101925,0.162980918131239,0.656524126289924,0.0954503426438621,0.804397454916943,0.095858028559918,0.763315707121297,0.106223352597748,0.812303653989919,0.0988968348988771,0.795728254095914,0.110444687118153
1.05568020392231,0.148940226375894,12.4197530526146,1.71269641183545,0.398371826185245,0.232128570716207,1,0.0548009717639621,0.175272138576666,0.65869233316409,0.0761288500675581,0.702719680122697,0.0792011175101259,0.608019661721567,0.0900528178975773,0.707979142192663,0.0967058939917853,0.558240114751334,0.1188183743323
1.06211891914825,0.189205490661822,20.1431254645414,3.26318648607819,0.384206905816873,0.343928661908202,1,0.154838301037757,0.200266545143706,0.801400336747608,0.087108540117887,0.822863616360563,0.102952128303227,0.492268279725428,0.121626701402885,0.796900914248148,0.130368720483977,0.694053718303222,0.119408664123835
1.12258187352796,0.184227042483423,20.6095454113858,3.02519061918293,0.152694003920851,0.222362999100207,1,0.179061037103133,0.194670606720755,0.667313932458884,0.0935247314028959,0.770652187092967,0.0875979685070066,0.761400981799139,0.0899296911996673,0.718419295244698,0.093474264746455,0.801585980136713,0.106038869178623
0.910933756473627,0.200372129607776,22.7121950105724,4.14001259856337,-0.188021731975642,0.165125939387501,1,-0.0747908537286791,0.221227921067287,0.851094744189277,0.10324100141533,0.814058593710246,0.108384019264405,0.780643400207462,0.110001341608688,0.866590020033663,0.115315941573304,0.804963785150909,0.119962820216286
0.849218548195262,0.16009728677173,15.6210200397394,2.27257195340163,0.178789736776277,0.221160013324774,1,-0.089128835082943,0.173522743930968,0.800186207098719,0.084428115109768,0.704252815621225,0.0954464462788946,0.785560737518581,0.0947806502850895,0.72576582530579,0.113953160231326,0.681728163532094,0.10579086248465
0.874705348098679,0.154784209435419,14.2927316317276,2.04453690588889,0.242793728025512,0.225798197775665,1,0.0330310554015583,0.189000334959279,0.694411104364077,0.0805673529861808,0.6282136121242,0.100401497763536,0.538500074423083,0.0985655378607377,0.625945033624497,0.0940144149822318,0.646022229482218,0.111381737388445
0.818139640152086,0.169593740590513,18.2859811613338,2.72999560052127,0.148657354196524,0.219366964182996,1,0.0319696408622386,0.151054286188206,0.633727227579794,0.0823944109121876,0.697317799052673,0.0904253919078216,0.730063164092633,0.112344884033079,0.746664985664307,0.107314641748045,0.76292723843989,0.101652864072967
1.03517655106212,0.159166557001687,15.0951494405547,2.2139967939459,0.300748277169919,0.229800814536148,1,-0.186601679046417,0.16022706779325,0.678573518836772,0.076570230041145,0.675963830007789,0.0957564365233614,0.668284410819985,0.0998229289851649,0.591989239091026,0.104655101640469,0.636321063690787,0.109592907518897
1.32341178721585,0.168463311435855,15.3977462022324,2.33757754086546,0.154974583026218,0.238693229529735,1,-0.0630478877537045,0.16322899552872,0.777171822792742,0.0815678056596554,0.584594488242149,0.0945496051077824,0.77731249338858,0.0973353273975983,0.627368808649518,0.114849621224843,0.737483898417306,0.0975584521603078
1.00760990915185,0.151650413107637,14.813710185805,1.96857458513017,0.459649989801562,0.248448799530986,1,-0.0837188697170475,0.173922854313969,0.778808677639795,0.0785223964853468,0.665371529159326,0.0803765721806812,0.691561301652851,0.091973939174457,0.649792680138973,0.0973300664634196,0.787656751390809,0.104884487186847
1.0838136858562,0.173323531303852,16.6574071963599,2.53436878651954,0.349819889356109,0.301485954935724,1,0.0515377618379047,0.191669326774251,0.627589650289188,0.0981813474096035,0.736447723278585,0.0985791956150269,0.719560397009607,0.0973067962612228,0.767583825819297,0.0932019794866246,0.699000894461424,0.107247932751162
0.9896034207009,0.147083809818374,13.5814273206198,1.69487608832519,0.451655831515128,0.209452249696828,1,-0.0688564660659764,0.163509081981836,0.672188971382614,0.076570625225689,0.591347579445497,0.0881985346981615,0.741421065641055,0.0844005987130716,0.586856772278883,0.0994785814321439,0.646386539920974,0.113050936033266
1.01718448824684,0.17606502259012,18.1398878195884,2.84556274900408,0.252675216134622,0.268473361647497,1,-0.00888937341011056,0.173158755661235,0.763492772301812,0.0802450894916551,0.794236670302976,0.0975017240595368,0.646935875209461,0.102477429189687,0.772502569800676,0.0956425468216096,0.710558600660317,0.122935416557716
0.978397163917844,0.173267453736761,17.5748110680567,2.68338380681067,0.461770472224069,0.279704485258746,1,0.130689708475043,0.18014247306827,0.770464687237656,0.0848071793455961,0.674482887961532,0.09725729998704,0.441530212949266,0.116511385002878,0.751607367519705,0.106797502025405,0.754917032783377,0.103568301077505
1.33848755778617,0.176409837960918,18.3031506870512,2.61977909887293,0.190959908009033,0.230936610770421,1,0.377662022043981,0.190781919994509,0.754248505665998,0.0834235595843184,0.767045601730368,0.0886715324870547,0.955286058442614,0.0866215063336721,0.699329137885234,0.106071722618537,0.763653913670827,0.109145167002202
1.12226760328403,0.160968948387186,15.3661838692092,2.1072349969554,0.463959696832125,0.272468590631204,1,0.440863904963244,0.190342192403292,0.668054326844675,0.0897384340431842,0.787595872419271,0.0859503906887971,0.707705293643247,0.0989115586827655,0.725529343842977,0.0901155319793346,0.805170804019895,0.104864565652061
1.04231780435247,0.144977569108777,12.9703313297677,1.56627881235755,0.711703169275425,0.10706992491528,1,0.305767615911283,0.203731541077509,0.645263865780573,0.0852510707395031,0.636873900795333,0.0750138407725045,0.579279542263554,0.0843094725100684,0.578355597468599,0.0878350079187568,0.670744142966768,0.0952825822018106
1.01705306455564,0.143721775393333,11.7988018577254,1.60954209415635,0.389002331145987,0.218740518326877,1,0.118357506891072,0.176745211660125,0.63448747195926,0.0801050475864111,0.643356387657658,0.0929462041891205,0.635567845494054,0.104936020700804,0.618171404256576,0.100048380463284,0.725343504174505,0.091758856289741
0.905037200024973,0.146523160369517,12.6224924306282,1.7185045552676,0.352748161367535,0.248341934984014,1,-0.268109160096243,0.190297582791562,0.72062641850826,0.0852751308448601,0.635295993907418,0.0890334081194169,0.646943924496251,0.085031667198666,0.508638811883874,0.103504879947014,0.683709333776945,0.093009781184303
1.00927368167995,0.159104835452676,15.7041259458798,2.39086992566622,0.0144669447751661,0.185831160211017,1,-0.181152903240088,0.166635836581356,0.738437133369787,0.080199296536312,0.799695602687996,0.0886195898127392,0.646862655026509,0.11394464264231,0.689829410808896,0.11877910239633,0.693671842118765,0.106687581817943
1.4654717982133,0.182660999157915,18.7683189738408,2.67475668271328,0.262309256856031,0.224703192592431,1,0.209536799280692,0.168793945253042,0.748616227095421,0.0861717937240772,0.68788177812472,0.0991188570562935,0.844973314993993,0.0809868779702245,0.782738631685088,0.0991015081484987,0.712876210001824,0.124092867905295
1.02983323513905,0.15401233674834,14.4898607682095,1.98322284295409,0.465610135193449,0.21993583369854,1,0.245887180388739,0.171246918112926,0.760134219771921,0.0694652993755658,0.685532997125282,0.0997196678301529,0.661239828252962,0.0941107131741296,0.667019679130064,0.0934775738881138,0.522261611828282,0.112994393092904
1.12748642224294,0.170741637686408,17.5159479361213,2.44930351691283,0.371807594048307,0.208454872579238,1,-0.282159133400441,0.165296299143305,0.770303225103468,0.086349902598063,0.790907053382255,0.0851590990166098,0.659305486394782,0.0951966905681179,0.819571440195967,0.0952932993408836,0.725534874202711,0.103915364897504
0.941774538715923,0.16057790420219,16.7254056876461,2.39130196686288,0.318450498663546,0.220485045815322,1,0.110164374992836,0.169653079861926,0.657019743340611,0.0918606460842211,0.711196076141052,0.0863712762781811,0.677007209354719,0.0981780574528933,0.712584646709892,0.104841949662728,0.719184986463859,0.115515701188432
1.10762378645463,0.162692594547415,16.0702973301464,2.23803631093021,0.457837712680054,0.277103309825314,1,0.151738056626629,0.187028720337234,0.6333578611529,0.087655400325112,0.682187520745751,0.0915740947950426,0.735953643534938,0.0939003886280484,0.790555761367412,0.0911030947598726,0.657077889310868,0.106365850749192
0.793618846515577,0.1565178003828,15.0600083170878,2.09752951783206,0.272372242517846,0.233515077665831,1,-0.118415299437345,0.189630181527019,0.670206814165427,0.0763664227597674,0.691706914258392,0.0874929664330719,0.656949693766807,0.104545533533786,0.628739370089015,0.104792418219273,0.663244696882352,0.106381882595318
0.734921644313624,0.161029354826114,16.9283304389386,2.55915634034925,0.0927924224998724,0.209012913615209,1,-0.0634754557761434,0.162538815061162,0.698564240814878,0.094023102369243,0.604185062355364,0.102006937229398,0.799334296934178,0.0852339435603052,0.560051263298949,0.111882879405887,0.850347610222733,0.0974938700494482
1.08316205985167,0.172710299511202,17.0933281395764,2.65010789110177,0.164470227474575,0.235288640838172,1,-0.0729798884408258,0.164856436781668,0.692133700217059,0.0857142098289564,0.600179875334548,0.0939834895936133,0.858980144145721,0.103740496402848,0.804110112831094,0.105043429342799,0.59901322890997,0.121584567858973
0.88325224636881,0.180742259252773,19.0479769289612,3.37691818588159,-0.136429452011985,0.157043521072741,1,-0.151347684676498,0.173236720420737,0.8430559865104,0.092969089793812,0.805888277375227,0.117728111525684,0.75594501602827,0.122337944478557,0.776945745165665,0.112361549464845,0.682394738393503,0.126861925934358
1.2307389326241,0.182793830892568,19.290158918789,2.82662134824083,0.288125883622864,0.268596057711793,1,-0.461653957388247,0.178461642422811,0.650663454042141,0.095350963681089,0.729835096651227,0.0908624190282049,0.683033515957609,0.0904866636645353,0.763372669626537,0.0990797456281703,0.856776424097905,0.0953729083663422
0.902300936483691,0.153400066492311,14.8812912913581,1.96402800997283,0.50884738063718,0.203724806014316,1,0.0794744784737374,0.165089012775834,0.710164830189801,0.0872099332286778,0.523515986171812,0.0860802045266785,0.572400252640041,0.097119547671306,0.728281296444315,0.092427694972412,0.639711967873164,0.116993489249032
0.969211303916539,0.172116307674389,17.1063495507661,2.64658864310285,0.383323853081376,0.344729307087186,1,0.125853072527743,0.200540877336571,0.743014309895706,0.0822553615106976,0.599035846761461,0.0963587699388667,0.644684896705304,0.107724232144547,0.609061424650793,0.115462073319642,0.688990368304288,0.115933794611167
0.877046883151379,0.161851271563577,15.7120069733637,2.56038547747758,0.124900194968534,0.230091406575142,1,-0.131578855467825,0.172821246845658,0.592018365249363,0.0905839320451143,0.755284322787114,0.0968891330242368,0.559024598633749,0.118631787350505,0.718774222093611,0.115270669918548,0.588737474084722,0.124278876966687
1.21637570687866,0.14915874399078,13.6158198253772,1.65779577936106,0.523905237444309,0.184618674378958,1,0.461561947295366,0.166236993298497,0.673571653207918,0.0807270772321836,0.615711624582265,0.0845087320061295,0.687195939118705,0.0869936707205707,0.612011934562759,0.0874183823860324,0.657934101297108,0.0997365562701295
0.722056354292479,0.153150006710016,15.0864400818072,2.20599615160308,0.253389863206977,0.222167754620366,1,0.0689830232136167,0.161068803726043,0.593171235332756,0.0878023597399682,0.7562259719755,0.0803662399593117,0.716349049847159,0.090696360998687,0.595875761880071,0.115674472045915,0.618068166018958,0.12580153888318
1.12132107395082,0.164932798826544,17.4571121146429,2.43373593291437,0.296090626195776,0.251311641366402,1,0.21336861408926,0.166962173730719,0.682963674949177,0.0798057969683037,0.630534226980968,0.0858527998924442,0.652605253863051,0.111492208942174,0.60252190987644,0.100863960786685,0.648598393181206,0.111732666826722
0.873023165006422,0.167423969037299,17.7494301096277,2.42871506264792,0.426531890532689,0.229773292668933,1,-0.113968389537517,0.169047685259604,0.665280204549344,0.0821415725935671,0.632193039333242,0.0817881659265868,0.680718288061086,0.0915680514238986,0.638174336511762,0.101069611437121,0.75885959949346,0.108957419310943
1.13816180204614,0.146009810290811,12.6875744540539,1.85728632174308,0.378855379209572,0.267912580047552,1,0.151983984513189,0.178327630506395,0.532888970906865,0.0867329173548032,0.649339213964297,0.0805800605813219,0.588003596225624,0.0917730981283382,0.754600462964164,0.102061771549548,0.586501298741355,0.114235973476422
1.10699419387671,0.168648470347451,15.4123486288719,2.38351168345738,0.241175993081504,0.22776304793926,1,-0.287578902514855,0.179866935927345,0.667950980222716,0.0875747313091356,0.773102227406456,0.0904273367668131,0.782368411505065,0.0974729609148251,0.573094969791153,0.103216502741661,0.653676178694167,0.112408670346298
0.817149825122329,0.147626052770496,13.4991697310074,1.90331785850294,0.289645756160735,0.221392580875427,1,-0.195938070431442,0.170640567568832,0.599842032603471,0.0821716866095676,0.63480261634285,0.0927075084661701,0.712726698355114,0.0947037872462846,0.674213669950892,0.097845096631203,0.586869806563664,0.104407677848942
1.12079575999396,0.157982770092425,16.3195777261026,2.14819179107212,0.292823787402839,0.214882562344103,1,0.00696443848550445,0.176185494000074,0.700570435063563,0.0813707270420444,0.631172159098981,0.0851035477532012,0.75965116399524,0.0891897980319488,0.632446160325742,0.0903563084569114,0.749795935645167,0.101485995141646
0.862110859256901,0.168209917654828,16.9019644659166,2.35223998177089,0.724231407113978,0.135370597441981,1,-0.0155175602111269,0.216447897405925,0.748905161176435,0.088908322874712,0.641892137372979,0.0948983645916132,0.739394467754957,0.0985212698097309,0.773767225866047,0.0870818487190067,0.66129238950337,0.111201079823041
0.971692315963322,0.160184321334314,16.0389619796161,2.06163095293007,0.490106353622797,0.240385039664618,1,0.0342517402156456,0.194189036194904,0.762178847356026,0.0772221657978221,0.711847694158669,0.0847630777646346,0.540109286331574,0.104960364765334,0.74716956658918,0.0891507179898448,0.655134722168436,0.110430977221737
1.04386733354607,0.144917820834645,12.9459987694017,1.67266216749295,0.611210882457244,0.151218855640732,1,-0.231988873643013,0.18546813310501,0.745789418079803,0.0813588836844887,0.527680745843171,0.0815917762324289,0.742490393610107,0.100162940826713,0.655628593437104,0.0949892777441217,0.751221557483634,0.106691511799891
1.16593703930595,0.172696475775789,16.8532869715672,2.56136598193039,0.0675505018773162,0.192956251534681,1,-0.218672797976071,0.1896607658858,0.710369767181067,0.0874640812739684,0.70601606973462,0.089237546878732,0.799337062506616,0.10677234166994,0.592364575291896,0.111700154707788,0.805296727906601,0.103385225311118
1.04733057276049,0.167561017659808,17.198409639585,2.52853574395411,0.096818029298806,0.183350055715226,1,-0.182607605559259,0.160198644564375,0.810481204960342,0.0815809152248088,0.75185829240829,0.0929009024401341,0.699719773801064,0.101765671544265,0.740396149329078,0.104605530692504,0.636925395124521,0.104862485661915
1.08498851855227,0.168509113057538,18.1209984415811,2.72875284817059,0.274819906529614,0.237222050890164,1,-0.048649512615904,0.161503680201485,0.665272871114479,0.0817153518193443,0.767154956290716,0.0997580702058888,0.728006650714043,0.0948021845021326,0.809910116307813,0.0892805865657569,0.675926113716581,0.118813534398821
0.979829364086856,0.171135057461471,17.1871691701761,2.65097057255733,0.129622376321003,0.177997899745927,1,-0.115225889745832,0.183752690318796,0.737738560673135,0.0891512035822917,0.855067840687709,0.0825467957203689,0.582339105582082,0.10540093254114,0.633741775944471,0.101667233632321,0.718061669808188,0.113064541018658
0.830426161108845,0.179101635577359,19.5862397770696,3.39891204983797,0.0770427865104212,0.229349061926186,1,0.0673362124578934,0.170633815772057,0.712767038104828,0.0959917919159231,0.635639344635442,0.111582162348419,0.656004004956369,0.103858969282455,0.904231115159532,0.105478214056689,0.719847872763444,0.130647092220341
1.06869287443559,0.161733019835506,16.1019974312265,2.43150037146248,-0.00340674116348175,0.209856231055865,1,0.0207857916463966,0.154142811825357,0.786850111322265,0.0848655370103727,0.669511058632628,0.099090274022121,0.578200252620512,0.0974618691604556,0.814095442136799,0.10358460074177,0.777897215535497,0.108702449595329
1.05147683520744,0.179278565763995,19.8972995271013,2.82087105531088,0.343081718215457,0.312208271062497,1,-0.0737707743376691,0.199966865314647,0.761226296799764,0.0843702770369095,0.817713759087151,0.0866396097352817,0.895607787538905,0.0938570646244861,0.892162171019719,0.0993323112274452,0.713627821984645,0.11708711605817
1.24750274213164,0.175166697229484,17.2582544523746,2.51750361781959,0.264624408836103,0.253696289073114,1,0.186235441123276,0.165940847412674,0.54228315254348,0.0880951109149294,0.712212475068323,0.0866966129855855,0.779573923306151,0.11306143257207,0.725698762004393,0.10557384714235,0.681650451315125,0.111042755634982
0.977903076922905,0.189926323670711,21.7844934574127,3.47121829487687,0.218587582990179,0.250584900636139,1,-0.0243683892354123,0.187711158362131,0.71781075521248,0.0888808804697812,0.780280162544567,0.0943785624845274,0.655803632632076,0.100234086986707,0.806926547269869,0.11562585607296,0.711577936520025,0.116872407363599
0.853336539657508,0.175325650899077,20.1104191434805,2.65801862063799,0.552160395585351,0.231789998584797,1,0.080782622291838,0.187670946667261,0.849138904324911,0.0748900028578767,0.679585544635134,0.0889859389233958,0.655072097602319,0.0980845875424614,0.699763375046371,0.111796673527473,0.951960504993524,0.0978250260774711
1.31376471548589,0.203928849659654,23.8242817350531,3.70245022798297,0.307555275777949,0.307670266386692,1,0.0407343050163493,0.220567714106156,0.775706485592094,0.0910273181156568,0.882308824327369,0.0872280117322804,0.955102601445814,0.107610115437729,0.896499295973783,0.101032785724666,0.768074534122199,0.122104830336656
1.02909144193399,0.162188288888316,14.0571633302095,2.09749179803665,0.495219130976198,0.300407676926075,1,-0.0360044219383224,0.199147185786357,0.62016695937134,0.0868577907840134,0.670403260000116,0.0947781078466381,0.713587139732289,0.0932984744267878,0.642900877151681,0.108184907471192,0.519357743493371,0.112777997116217
1.22462486181859,0.168361361719846,15.6288681607954,2.41929996916922,0.0818367022924543,0.208671765569965,1,0.228392643869548,0.202480487011865,0.623877271780713,0.0994482166227879,0.67986424899108,0.0954577824343868,0.784403446029294,0.0927527381680223,0.704280223156673,0.102400228121383,0.73607064255952,0.103761023798944
0.686815916786192,0.138590224049185,11.7320926109801,1.7572907323507,0.320802477737118,0.232290728012323,1,-0.0200572983551694,0.156904929733061,0.586124359155314,0.0811368861759782,0.512945814014339,0.0973881069024753,0.623677765792961,0.0993067637591605,0.50455216002282,0.105503639642066,0.510780664714434,0.125203764495829
1.05561350077143,0.156593735256563,15.4613093111933,2.26593096662121,0.365256620733642,0.222871455787468,1,0.280877516084487,0.164917711390262,0.608590365384364,0.0846992439910775,0.683134882407852,0.0972772001303097,0.660742117400072,0.109728608949329,0.731814823885906,0.0981684209184488,0.708143680411217,0.117174591638199
1.16229565834842,0.148237854220039,13.3316386407112,1.91379466924067,0.227986257501264,0.220377963884826,1,-0.0200017314815203,0.177591868938564,0.674825657123023,0.0762263923732246,0.586681653969983,0.0942103108417534,0.743849132069074,0.105938597499795,0.710628632259206,0.108271090929224,0.688679870685066,0.10159091433774
0.982991773888766,0.166298973013343,17.248065861914,2.55527971953968,0.0928954598305693,0.204937664121073,1,0.156014410161135,0.167307391159116,0.715373517129971,0.0819059513756453,0.649600622021495,0.10117990429472,0.797840207447137,0.0952261367823799,0.721735817768721,0.0996065713197309,0.679607946208114,0.112630240530989
0.711857315608703,0.142974091973657,12.3279998398607,1.56177650490156,0.597006715736116,0.1672518894011,1,-0.0955155704367145,0.170419836201488,0.699120042688817,0.063053453708028,0.614224720044378,0.0935538289159757,0.617753506171345,0.0894930744100383,0.50846739441393,0.0959132577422241,0.720637527394734,0.0993638144488738
0.989378381244212,0.177051383429893,18.7221791783696,3.12862640719633,0.124758455734112,0.249759395149554,1,0.259521926671642,0.186807708161796,0.737182124290231,0.0962193809014839,0.791477122900094,0.102105955779323,0.757795190755619,0.109453832933603,0.769074439852778,0.118135975733513,0.822537340865665,0.120633508375883
0.858049076756014,0.149809373307504,13.6802011811532,1.99741699285766,0.428928215623081,0.285436098152653,1,-0.0131638464477381,0.185399611203173,0.689191001333888,0.0868303374431503,0.556211647021219,0.0901910305700989,0.671656673100003,0.0984757564861966,0.650971077251159,0.11478064776884,0.362207868504209,0.111456410400209
0.874654835508177,0.161364262065106,16.7866396483887,2.25000382349923,0.432842453387494,0.179896703484952,1,-0.299738273816935,0.161672221358548,0.657207782464961,0.0797248881697734,0.600212532792063,0.0734756745343344,0.788588694141641,0.0857614270031532,0.791728899764631,0.0983132953471066,0.73111164679157,0.0956921390391585
1.04959885211278,0.167836585337712,15.8275140625334,2.26979192116456,0.360087833421654,0.281772067268407,1,0.0558090236048817,0.194146235833265,0.692958638999505,0.0840116464034094,0.702828493782519,0.0906700653845969,0.630089274415757,0.0870298913548195,0.682643710586506,0.0970665470099477,0.690971516407944,0.107909422714779
0.954099882656298,0.158502525118864,15.5379257333909,2.13571260634062,0.17247072946219,0.190122720074287,1,-0.201926227955004,0.177801178194342,0.654050481583125,0.0897090308722594,0.716210296459733,0.0889697931051474,0.689715445204625,0.0886012837255815,0.663969615349338,0.109695531417259,0.630253969379563,0.100251986851947
0.846377326118622,0.146829697685152,14.0568194676902,1.94704695538888,0.277748912241323,0.224395372430786,1,-0.214318092372951,0.155810999323562,0.813989714315718,0.0743333100271645,0.75753383569546,0.0856477933464476,0.556631109769034,0.0966257305636249,0.711770138336345,0.0971217696943048,0.807128231549715,0.103202982347001
1.0127451930715,0.162644259410972,15.8398676276199,2.17161831119106,0.245394397470823,0.236390873202597,1,0.00070981895266117,0.172818955438758,0.70727368969987,0.0731178331557171,0.725187991508988,0.0863376337865807,0.711993416826793,0.0932516589467838,0.711835507011045,0.089758971303523,0.760469673161185,0.11669325197692
0.922070546506647,0.169116729482953,16.5802497637827,2.72637947634493,0.1123124103445,0.21664235627009,1,0.177333409729293,0.178256613983962,0.601710751896868,0.0921561688164116,0.753802351981111,0.10127018788714,0.667223287224729,0.109367210007877,0.806169914001868,0.103227448918661,0.760737252062817,0.108449493925912
1.01578428906858,0.162368930608911,15.1925386931166,2.1582997938886,0.3546215263806,0.241744020366088,1,0.00227570975178682,0.175952598846402,0.843805427104215,0.0768491271570545,0.612118014807503,0.0907197086259913,0.636656452188558,0.0931818551061556,0.585013565715528,0.114244039666643,0.749372756691347,0.109319455824877
0.92911819554301,0.152777250752321,14.4607776218647,1.92195561757601,0.388180548940877,0.250131405104987,1,-0.166987995296028,0.18439193009542,0.783070202907696,0.0804665226343409,0.571809751979324,0.0768917239769998,0.616894236586625,0.0887090552746195,0.694388885368154,0.0975763564099487,0.820957085451138,0.0926251336314958
1.00273891399243,0.167254205639066,17.0685473962273,2.27612260017781,0.684692162224582,0.124449320349402,1,0.121861806503529,0.201736576204778,0.737180307781915,0.0793545001532248,0.809338078362602,0.0886501944495115,0.590094817615097,0.0974552048654988,0.552598580260013,0.103810247671972,0.744282274772023,0.088571389125645
0.886272033381167,0.172328039555983,18.2789425189124,2.88816020595165,0.108924545692785,0.219844323849763,1,0.0431087708389503,0.179772150309642,0.712568524448995,0.0889348198400883,0.748275275074726,0.090654666482502,0.790539153861339,0.113247148863223,0.602381023669434,0.131665741159398,0.660037687923665,0.123812593408865
1.01539088736856,0.174393353846672,17.5090121124741,2.68979610925545,0.266128246490367,0.270319290388124,1,-0.0652708381905184,0.187541238054568,0.764270925563339,0.0862130399423587,0.689941754068194,0.0932275098446757,0.695243382619801,0.10296581870121,0.771743085951831,0.112176674705954,0.694315175993746,0.106111027562015
0.925965277987663,0.162466912824513,16.7120071464772,2.02632835369771,0.648585797221191,0.14495236816369,1,0.16419301742624,0.183240261311012,0.751527093106282,0.0753463250531843,0.640612201527871,0.0767687792182071,0.727483588070578,0.0879972261655699,0.822363082767792,0.0913409420324798,0.579451041199674,0.098521897568508
1.11299793676819,0.168931444326058,17.33453357585,2.38998770043196,0.520830774654231,0.23672645139092,1,0.273507751944394,0.189828401712576,0.542216137867523,0.0927596801177343,0.633086412122147,0.0879010736446816,0.641600079532457,0.104568114933194,0.638174389322096,0.103490239355267,0.661991222503207,0.105651241855053
0.934582006983103,0.18053354528266,18.7199700481325,2.94932431857487,0.0903915387441799,0.206949080368879,1,0.107171344305163,0.214287468170372,0.734770573438155,0.092788875505643,0.735955914270847,0.0987038841950625,0.838672554555179,0.0981446507442725,0.771747901795486,0.107467278284093,0.973832361535674,0.111981354216147
0.917232782367347,0.165422542078414,17.0659764274738,2.22711658322333,0.451894353742685,0.241358828331727,1,-0.190330473887035,0.171359227169178,0.790193405925552,0.0769720643392598,0.781384143665051,0.0834983135000708,0.836582760249152,0.0830474786620387,0.660273180024628,0.108165427256294,0.765719953933493,0.0929155729607241
1.06996398802071,0.168230031441171,17.3761164446389,2.46298616614651,0.19953865891779,0.203299726270034,1,0.0707275623788686,0.180474633045378,0.684819019034314,0.0835297975793812,0.712758512235597,0.0916105843681558,0.806304888879674,0.0893918082758955,0.815971970217749,0.100625950812513,0.564398159390149,0.115165166682504
0.977786246872336,0.166204570884529,16.0965843443194,2.33690246574177,0.141762738046886,0.203865512250169,1,-0.00814055758046902,0.184250202179742,0.760007188927966,0.0845645166987668,0.733307263918385,0.0881514578563067,0.707036964015477,0.106193279633879,0.744756683190005,0.10584406676137,0.784246671188336,0.11064344882636
0.735424646048301,0.151695810832343,14.4571538958638,2.04091989312366,0.432830656950102,0.304097412422864,1,-0.058243589042644,0.179593736649768,0.70960374579681,0.0773399267345457,0.65549835555851,0.0893508706537218,0.721929917760356,0.0904211536558938,0.750415725263496,0.1107672419019,0.566089493466527,0.138881308278377
0.917970738489045,0.148786212316657,14.4734325192615,2.04611988519426,0.246595858034288,0.209915510103314,1,0.0148998029757856,0.176517945232705,0.580064302763744,0.0848255367137868,0.741663908967668,0.088565754245981,0.752272825235792,0.101945567921081,0.653017628925719,0.109058647748436,0.840336567540799,0.0989772247991773
0.900113919109856,0.160855169866979,15.6193719060317,2.32941006236729,0.146144971679302,0.208927458619855,1,-0.0463061390529692,0.169179933014547,0.785593931316327,0.0772728518492807,0.613173391666727,0.0913215597792274,0.696182552932428,0.0952091348647897,0.676198301132375,0.099899291424746,0.645974894800057,0.113599908519836
0.93324274617791,0.151240986670628,14.4414443187961,1.87317838819735,0.605367784479583,0.140980283487171,1,-0.411094029788446,0.188604291784965,0.711610095153916,0.0775666563987795,0.829349176446389,0.0767285865636401,0.563951528535068,0.086257045822706,0.619193335798445,0.100835722133529,0.493012382580883,0.116835840507694
1.33433214192782,0.1715655592345,16.3300770598853,2.36646873761101,-0.0474667278816632,0.163516513114071,1,-0.114188806609392,0.153601569373812,0.773975099866192,0.0870584616221852,0.759884952599824,0.0933412103998952,0.876375592163603,0.0955948385983547,0.873944586395426,0.0955535706363041,0.633415222714401,0.113034298501502
1.21306422269442,0.152882758711845,14.5926545425888,1.96125920620943,0.445119452657164,0.242070666826927,1,0.0415448691895877,0.201388351270403,0.63377216085068,0.0890086698697104,0.710144095088919,0.0883499598133972,0.668305825993053,0.0890581970928346,0.620552318989222,0.0913692724705841,0.691866328929097,0.102143801938179
1.35092535651664,0.174311933139826,16.2201790734603,2.55622554716225,0.175391566304062,0.255639429354632,1,-0.102655622552644,0.164997635114693,0.776726110322339,0.0869984060498743,0.732575858287753,0.0950316640982243,0.681994114816805,0.105049927329339,0.750664130462947,0.106796834213397,0.792159967819341,0.106199017580573
0.945258323411885,0.15475221811797,14.2231054245907,2.0245082536686,0.0996295797427263,0.194292933866998,1,0.0736498782661442,0.147892772844178,0.845695596591475,0.0758420979763937,0.705351965023152,0.0923782984706403,0.648597805976758,0.105793602151305,0.703901942987462,0.099919173351963,0.70094809656547,0.0983722821675417
1.20002666631218,0.198551278691263,21.9197170960144,3.70567707609627,-0.0376236905510142,0.212877118108385,1,-0.310041779473083,0.163315710633649,0.733285805083053,0.0968805279436972,0.89996250883783,0.0995340146420588,0.764842191047624,0.108281339733787,0.808348944377167,0.114265757881637,0.854529669685866,0.123103828459306
0.473569803124349,0.166552774418727,18.0048223313264,2.89166711400557,0.158469714695545,0.256932576138968,1,-0.0915891439604217,0.185701991667087,0.832987884907939,0.0920576072886978,0.74794817919842,0.0987377338606754,0.813186223022084,0.107200917313473,0.64486971224237,0.109645147171319,0.706893208195786,0.122166204854625
1.04419890487865,0.156903118529434,14.7538498953773,2.29986742285318,0.166789858829087,0.214089185787631,1,-0.0951608789249725,0.164883288317452,0.628422516021028,0.092247033969145,0.72230840498272,0.0894622520115387,0.6173565933929,0.0988465034533412,0.636639230280239,0.102761108012843,0.521194529283927,0.119913845956301
1.10850998322618,0.147862548234457,13.2532860540962,1.84673906027367,0.402636230407128,0.240124018898637,1,0.181707599713431,0.168779805733288,0.666712674397291,0.0784403293020735,0.586184810802445,0.0953296446520474,0.610637956927468,0.0973744158328336,0.72897531239325,0.089498607049947,0.719507731263282,0.0983461981430395
1.0503653110423,0.150904131445635,13.8209717471747,1.79359001243792,0.438487874833179,0.192219462389143,1,0.00742844594930259,0.164719695658281,0.716328633585348,0.0741716233606961,0.702482510949166,0.0840616222824365,0.620456759947309,0.0987755723767596,0.665496957887677,0.103089608299386,0.457773768094838,0.110526915906719
1.07593629453028,0.158174726442635,15.0809863507769,1.92724143085062,0.669940496175372,0.181679852557269,1,0.125832534379825,0.19371319148967,0.554778748133419,0.0883780437934976,0.521199282137324,0.0861293404136771,0.752475265526722,0.0878922349512588,0.606425990055755,0.0990336656889256,0.630214452017878,0.0997929193061686
0.999409423688284,0.182482941780519,20.156005951416,3.04397699599107,0.510354413794596,0.267325489149232,1,0.0550561026717989,0.202876959532696,0.622347264538681,0.0937241607962831,0.742354457523605,0.0933497998570626,0.785945679857831,0.0838185147566746,0.831425191875926,0.0957176578045671,0.569556854321888,0.132349994554582
0.941861184535496,0.155028457906788,14.6026638601651,2.03187070105036,0.428294337562154,0.246112709625914,1,0.00449035256765416,0.185124705853925,0.688941057935523,0.0775714409847656,0.544207213040577,0.0921053261502775,0.721724372460832,0.0852276384284253,0.492142195056693,0.104971961652136,0.839191011377758,0.0995418314319344
1.33830845419435,0.182826356980958,18.8107689742671,2.89214636964416,0.322875956871081,0.291944220562597,1,-0.189614161656541,0.175023715249528,0.699632471199625,0.0798286366671704,0.825859053972676,0.111466794153697,0.87433645069464,0.091024678650182,0.799720646983327,0.109321534291335,0.641557673968163,0.122636685656454
1.18794006205688,0.177588857427585,17.494461204194,2.63004358129327,0.444122412359381,0.32192476745321,1,0.0790471230511513,0.18869686558382,0.629724496903231,0.103322635736629,0.751165533620074,0.0931540348004401,0.665521658638918,0.0922629048355044,0.683042218355212,0.102783222722878,0.614148671009539,0.129157340965726
1.042625912016,0.178913293079621,17.8138272902439,3.05295900711141,-0.0739351572458417,0.17180150448485,1,0.0306565168718776,0.173371368131743,0.712591468212581,0.0917426340070827,0.76717026130266,0.106179310164753,0.821698507343043,0.102605053243668,0.755176975534931,0.123005446615872,0.707887316782297,0.136983539137545
1.19873911880362,0.187503056097752,21.0207286035364,2.90956636957498,0.645385400633885,0.146669670263942,1,-0.0412902852646184,0.223256157324887,0.609795526405114,0.0978444625869439,0.78016622772485,0.0864478772617582,0.622561961283362,0.087289197906408,0.828156139223011,0.093290391020988,0.82114680231803,0.103298462462412
0.896978773383744,0.171889354272021,16.5783328710021,2.89782164672079,-0.0551553043492829,0.177148408357474,1,-0.0581686468775564,0.191970422780874,0.731010626225808,0.098578493989489,0.777797738609411,0.102202968537874,0.756497624978269,0.106425423353996,0.694992856686497,0.127464514892058,0.80693781864647,0.124261774041936
1.11272173532192,0.17473647030214,17.1646264952404,2.70754015233577,-0.0815915839850251,0.178332904337755,1,-0.172219957068777,0.187768424096952,0.74129143886522,0.0933970449630821,0.848744083927927,0.0987461640785726,0.851307241113345,0.0980866408256034,0.722140600331087,0.104285643076202,0.71579376404913,0.105663081567926
1.00252318949121,0.163544006595454,16.4585603489492,2.38266723418123,0.266006042593468,0.258115002807575,1,-0.0026889741443111,0.176730282891646,0.711738740864539,0.0902757313388984,0.696414820102962,0.0925447268049322,0.694432771155384,0.100217598333421,0.696716340538377,0.103393428599312,0.733372370119231,0.107889452670276
0.913157226853048,0.16645512212188,17.0972985067462,2.6721830616562,0.0905518191575219,0.240306218863622,1,-0.0231476428279696,0.190769601460449,0.675122595096447,0.0949046362811871,0.689937580040167,0.101151713231782,0.93717748502218,0.0982678832450561,0.641217666077127,0.119211203743674,0.703223000328215,0.10216761349744
0.909475136650489,0.161492482412406,16.0968745370853,2.55316607858847,0.221989301814954,0.240464376393935,1,0.0156646891921038,0.199582115397573,0.757470215043414,0.0864378219662808,0.756143753399358,0.0931394514329325,0.638988583734333,0.0990643982160781,0.923736383833535,0.112556762632108,0.475459225695824,0.1235625806398
1.05410167714844,0.149455844671387,13.5342437486125,1.8970792588308,0.280471843058315,0.245974008872658,1,-0.0821436962699645,0.168652924767346,0.707891276163585,0.0781120213908312,0.774479539417443,0.0956743018149099,0.527534266170355,0.10318410211603,0.725631630046622,0.104425989130793,0.615977916956176,0.109228549198212
1.10232050463888,0.143016842487267,11.4809988852062,1.37306094330025,0.710516553037609,0.122456943934787,1,-0.00458302543981194,0.182713650843041,0.660820834009676,0.0755831712041354,0.704814363327927,0.0742386279417897,0.601829933392181,0.0792452537910975,0.458193049696914,0.0999301302091922,0.652282687228355,0.0936338960063863
1.05060638986367,0.172857073714883,19.7593522304659,2.668451785857,0.488401218679522,0.222945857950002,1,-0.0518186299441354,0.172498959834199,0.71055360707415,0.0828768732831151,0.765203094837025,0.0881379265715413,0.668835456967137,0.0976481599674824,0.637677260948381,0.103269737439508,0.693696972213053,0.114095960624878
1.06382936472744,0.15397684870567,14.4645857229827,1.8120863395665,0.55698467398687,0.214201322648224,1,-0.139344537062747,0.17088852029751,0.767467943633697,0.0737089726184896,0.618980904326901,0.0781806776803806,0.590971709778126,0.0870232038664363,0.554726840820076,0.105244811563084,0.751272034720896,0.0991739223977937
1.03342804115953,0.157621954068447,15.3763998468554,2.21390263781626,0.271937859347819,0.223595987411812,1,-0.0341890854945906,0.154842674944957,0.713319300177755,0.0855575426922312,0.74450883678345,0.0931730988330046,0.722347472820691,0.0864678094672442,0.784310233061285,0.092272746120863,0.66378976993364,0.117464893973344
1.06577752386169,0.142605281624763,12.731045000755,1.59245115108166,0.360336954005347,0.205422454244037,1,-0.0488338646144204,0.167631426545497,0.705080860056731,0.076261369060252,0.672945997989885,0.0793011190079883,0.757468929069314,0.0881703317554356,0.550289706323502,0.0914571504290155,0.729595885697124,0.092331839209328
1.17797508993948,0.161031923560281,14.8956076626618,2.15045517470603,0.447324061016195,0.22673598942198,1,-0.0715196106948504,0.189979178866862,0.699249082969505,0.078887465852648,0.599759605220462,0.0934498713166325,0.609430058237759,0.0917420727757862,0.696821252867927,0.103078091299249,0.629972008672126,0.114761779197549
0.774560353747612,0.169391785716735,17.9343501469093,2.95880982296555,0.145578691923331,0.239749042137073,1,0.198010308445493,0.196236867818521,0.736690353724889,0.0961213578902153,0.660557871006515,0.0994659171573312,0.778527548858499,0.0898245126961471,0.595949224498025,0.110099659328392,0.724956198910273,0.120364635926384
1.03824849471394,0.163064696543644,15.6652094605637,2.06704989010953,0.463702916914002,0.240762098716951,1,-0.064508006969507,0.195228390466339,0.662918749757263,0.0767063412492981,0.749739141928803,0.0790916526952932,0.746590331886118,0.0844493108296463,0.606075040283283,0.100234582682655,0.625920794707162,0.113365793577373
1.0064334588685,0.164834380614713,17.0493017038678,2.29518557254636,0.508575646673939,0.250975868756687,1,0.155525442611784,0.186449764649313,0.574875010433027,0.0910129886458389,0.73462109243475,0.0839827446629251,0.700350564476217,0.105739676138464,0.646254407646729,0.0959039686135617,0.603863404464466,0.128863043036348
1.08210863388996,0.166685357447728,15.5841261336434,2.26114065705691,0.790846402224439,0.0826456117798026,1,0.20573431590384,0.211018421331698,0.676740475631595,0.0975160300873228,0.72927371720116,0.08240063623034,0.597803277813141,0.0926796669005413,0.519043969787635,0.107723017967991,0.711757990121752,0.112608114301801
0.959342721206047,0.161624907868093,14.5901464369456,2.09300621815708,0.402393596298453,0.26409549282262,1,-0.068539066466532,0.197975353110602,0.763749326683279,0.0730473899633824,0.607106956143302,0.0930232417255386,0.644272277391603,0.0981994996753097,0.649158624032015,0.0982400889836119,0.570166464694868,0.1084730512933
0.946258086401846,0.156603680273441,14.4658129021328,2.26700578393099,0.240394453935881,0.266787192192812,1,0.0967055608274942,0.169174056748842,0.673407950693333,0.0910037743439318,0.65356414132865,0.107178161723084,0.591922545692152,0.099591912527567,0.58224527758278,0.115667627645635,0.639374848018069,0.115513584852751
1.00634327254338,0.16867148514021,15.3888895188181,2.61527524000059,-0.0488459731516594,0.192181746778446,1,-0.181524508667869,0.181509136637148,0.788957435914386,0.0911848995420539,0.885651487387302,0.0915565502184728,0.696820297967764,0.108461325934418,0.793639133065973,0.108785122283772,0.716141159382006,0.124959544136744
0.8360723789426,0.180323422670104,20.9064988134096,3.47893868675158,0.143740697185503,0.242375950019844,1,0.191271091505201,0.186995756949694,0.607559194090828,0.0960668785475552,0.695144663580374,0.100904910475251,0.845917885910479,0.110417503459934,0.793157501781939,0.109967518960096,0.616100305076943,0.123815436373816
0.987488079474849,0.166351636937952,15.7333354715454,2.37992056530511,0.134346493702615,0.220370655323164,1,0.199878973297427,0.197355328634527,0.63034343989815,0.0895242710259585,0.782758433366656,0.103697315500916,0.612758856003067,0.100914450939835,0.841334736359189,0.0978021882384902,0.660311156994113,0.112961417133075
0.943829893409062,0.166667845699268,16.8206152239451,2.68662579978306,0.319686817194409,0.285722802262678,1,-0.137418213960437,0.198538760165002,0.790979394283386,0.0919030541728772,0.701113073210535,0.0855121251031027,0.657477381971385,0.115324124597087,0.812873551492133,0.108638033909764,0.708266012359552,0.129497737465757
1.03733523315142,0.152223071015624,14.071432377749,2.02102943522546,0.382742682739182,0.242427590735946,1,0.103709221595329,0.186980116833062,0.635450705238688,0.0847968727328249,0.752186117825292,0.0886608025310863,0.65725814378861,0.100822684916911,0.751854567420761,0.0937901852915984,0.657867724625763,0.105138568101457
0.839683945674468,0.152386279483976,14.3179699950418,1.9177067579559,0.470174876989805,0.268971451152259,1,-0.234782049631371,0.188211248230201,0.66036295062237,0.0887897438591981,0.786973173051314,0.0759057701440683,0.527991465265757,0.088466329580409,0.731819991666876,0.0905577265169565,0.674116637022753,0.110756226665632
0.64491152516079,0.161210971132968,16.2229135247239,2.29854176145394,0.363566555578837,0.255032287730346,1,-0.192245912906017,0.166049417237654,0.590071745332786,0.0897012539646534,0.695997376739054,0.0829171602899882,0.667761268163116,0.103080392695572,0.496044736654566,0.0961006284715899,0.631428432160291,0.104008185625433
1.09253662945041,0.16129694109421,15.5888999735518,2.13151481650903,0.55510493747699,0.207040105582033,1,-0.18252952785796,0.186987439183433,0.752427269355809,0.0725453437053383,0.680126840798416,0.0893082192086234,0.69450865820347,0.0850118244157297,0.593484477819854,0.115961933804274,0.699822748408297,0.113219606927923
0.950638408803777,0.158795722874117,15.9450868056937,2.1823376474183,0.401953767695932,0.235135787649899,1,-0.0612579838965866,0.163149499306746,0.778666713926229,0.0765741324066377,0.657561228985698,0.0907614889768168,0.570899057469872,0.103039575077534,0.591323268098069,0.112178469112926,0.623751073472125,0.105018997812889
1.24230324339922,0.177410515467671,17.9891971505201,2.86911620129845,0.00100024687898332,0.194459490311112,1,0.0258208477366851,0.178534089251825,0.864103185907937,0.0866274421615579,0.747630640875575,0.103482548278714,0.779124017762126,0.10211619537418,0.890176462355279,0.101187781105268,0.752305563339921,0.112206437876335
0.972791156323022,0.182802214649857,19.8957519494739,3.09278880197627,0.141843653391903,0.232414668556905,1,-0.0997134110649538,0.178901625745697,0.809553353896967,0.0843364057035743,0.786960987362646,0.0968253518793125,0.786871868135349,0.096387322842783,0.730154244418312,0.107487334513195,0.806471819500633,0.126820761025951
1.13600650959676,0.154376438017959,12.9244615551965,1.93073290543144,0.178851632905545,0.225907916001512,1,0.370374238815863,0.178050961933445,0.604525108192281,0.0873766486374076,0.724625764801662,0.0906173567449024,0.631927228568602,0.1058358119691,0.589969966017745,0.102677705151204,0.667141282354202,0.104722153298904
1.20655645008571,0.175177629484968,17.3571236958493,2.65146564760632,0.0126724917556345,0.1885711669973,1,-0.172669137481781,0.173842228378998,0.747145298808926,0.0812374447819251,0.801603568022122,0.0940450797125622,0.684674833678159,0.112556517627379,0.69251064860285,0.115275880197637,0.655990300991261,0.129071594864434
1.05121538109252,0.156664945241292,14.8479251581586,1.95140359820866,0.482470005370269,0.215249206954834,1,-0.0217899964654372,0.182193423413963,0.608220654358715,0.079347031376498,0.610356312535182,0.0872585605206291,0.673247650916716,0.0926082602950447,0.623056838318836,0.101458773706485,0.752243618360922,0.110773915122019
1.01601286622111,0.158869400532898,15.7980907457594,2.05592817570055,0.435420466169648,0.241250261801072,1,-0.166112785250349,0.190806329578852,0.712162542052026,0.0825452340793678,0.638957506112597,0.0880751662908567,0.603087890886983,0.085964125343052,0.767359347123875,0.077598955669027,0.621107280182498,0.107858366260134
0.887925743122211,0.153801088856677,13.6708090999339,2.19043762885971,0.0555715019561727,0.201072286241176,1,-0.0339992311931074,0.16808487616773,0.648642796709751,0.085930897161151,0.573677618905957,0.10132103753061,0.718010836930402,0.0975220687173489,0.667150375038984,0.109245921043871,0.536205643755892,0.123112955598237
0.958396802625203,0.153717508794196,15.3035404139127,1.97065546128835,0.480471325759008,0.226092727162456,1,-0.138622116430833,0.168050028249349,0.610747877205866,0.0813722461122452,0.626628024037285,0.0892031740625426,0.726291676996808,0.094877473103758,0.61155692800052,0.10052757269106,0.769018475178932,0.0843634913808437
0.827692512298774,0.156552011018569,15.4457100875179,2.04126117779199,0.247250776201716,0.259565512075676,1,0.117367446841629,0.16649373886641,0.62566589583265,0.0809064133900112,0.769318854074146,0.0880944815680193,0.559254623559423,0.100163526705472,0.656002170683069,0.0970818822857638,0.797342190664689,0.0981024548217515
1.10599765454106,0.163093713801778,15.3248680941918,2.29802761612992,0.177254198845927,0.214470841703775,1,0.128042607196206,0.183877545472391,0.713242246757044,0.0822588974613836,0.606964824324097,0.0971399637856169,0.676469445631747,0.100784359151976,0.799995633509106,0.0988033775700376,0.694305330501586,0.110724370268775
0.763089016717205,0.162212329714702,16.119904148066,2.41714852425309,0.299269323058123,0.251264790411889,1,-0.168462370279379,0.178444817340946,0.687291864697314,0.0884014915393058,0.769353159962278,0.0817542457904174,0.773844635757195,0.102168255751486,0.527501037717916,0.116612043691027,0.711263448443128,0.105950501592359
0.790454366501292,0.153766125854204,14.7840506296796,2.25403476689833,0.353803053174281,0.241516788888621,1,0.158673945283314,0.163134215139367,0.761415610419733,0.0817191569999981,0.710960573324018,0.101935900448159,0.597489761733387,0.108658532216618,0.661401290581713,0.113246673439825,0.645572233523158,0.10592922748229
0.820187081559974,0.168657241144483,18.4697331272366,2.88771705051512,0.0135869026860544,0.207139722343897,1,-0.0282378456923901,0.160317722732249,0.797869031556613,0.0928600260959372,0.687331598938417,0.095678122925408,0.701527997510542,0.101463142682469,0.782334960812482,0.107962059365879,0.870124123275694,0.103022977886032
1.08234673320074,0.155208410722742,15.0664438414378,1.86183824761925,0.538612780479277,0.188449029197514,1,0.208697763582476,0.196208638760524,0.67990372381773,0.0780968382256507,0.718193425576491,0.0872981981051305,0.771034751082494,0.0856798304364869,0.775576026456053,0.0857989097419846,0.62005902433506,0.105326558444355
1.18052648179992,0.169873439957768,16.8394928666957,2.6182980322073,0.186002906432778,0.243880593515457,1,-0.204032557564296,0.171327692408821,0.786708534975472,0.0778616286649465,0.737676663626565,0.0871007071851472,0.751580655929129,0.108357106145127,0.674011254124442,0.112930180280619,0.815251634627015,0.108614488684884
1.30438630607612,0.165337596432807,16.1241769965792,2.27839290601055,0.433042735970631,0.263365343405655,1,0.29016032599735,0.180638725856887,0.639003817399467,0.0842028904678649,0.704985779149638,0.0924844537946418,0.611120239085317,0.0986752803692051,0.788328707174726,0.0878708431832179,0.571264421420621,0.111173526770576
0.968525565215854,0.188408809891713,20.8363086642627,3.5754825629595,0.0375066844834286,0.236602210746748,1,-0.135850161461174,0.158072651984042,0.799431407179756,0.100130791587256,0.842302278224117,0.0977429518552398,0.739719170155476,0.105592941999649,0.851476069826066,0.118117237034992,0.786852040367994,0.118744703991531
0.959429500654594,0.151376902251984,14.6856470781209,1.91012547785955,0.36358563261662,0.212913476941401,1,-0.0519561106673251,0.164991617938605,0.728253842104199,0.072142114167744,0.666238824464874,0.0935089378854243,0.75454362715557,0.0826906288759638,0.724041721706156,0.0869376654741686,0.672169488673302,0.110626087705057
0.740646416942322,0.175610762087297,20.2250355141025,2.88692558325841,0.341897482618138,0.22405211558245,1,-0.010403201001139,0.206698197016152,0.631358944626836,0.0911794212336326,0.786421702208028,0.0850311499235599,0.719544685224263,0.0993506445142586,0.783961372448809,0.0955520288318062,0.74018943011597,0.104111919883185
1.06648010041982,0.161481095675965,15.7535658129931,2.19958396941991,0.503434382888192,0.205275797392622,1,-0.11693142223431,0.176808620364252,0.700769751935283,0.0799600242017329,0.750924814458267,0.0870202120859936,0.794520857741638,0.0833163293350972,0.520943746848667,0.108878217472707,0.820501084326911,0.0944190883182063
1.27140627602551,0.182666602584772,18.7366796026446,3.04580543236107,-0.0346666365766323,0.196476737503807,1,0.111828661514389,0.190511681071148,0.740900038087324,0.0912680695446396,0.795865683623209,0.104529522347329,0.742345063362361,0.109335121415169,0.786654175678805,0.0985440909028075,0.847221430590037,0.112900510657169
1.43214213431885,0.163482544163338,15.3521989773683,2.14622676929878,0.25535610954283,0.190888815278623,1,0.264628900454131,0.193564110791802,0.75813662991801,0.0826236923451761,0.699089414591083,0.0885090057105465,0.650939258151341,0.0948173202270227,0.823262331672118,0.0910144452882689,0.755246122947898,0.108369504418096
0.993291165895741,0.16393011881704,16.1910359149411,2.38631434565157,0.485096454108083,0.273683599560638,1,0.227544230835982,0.198868960205477,0.678329122501298,0.0822991981501561,0.549427274206281,0.103016006628733,0.746234366340407,0.103799543596326,0.840014155692471,0.103874273451372,0.661429599359248,0.100634410094929
1.05676777442353,0.168229806920942,15.2345016886932,2.47351592076972,0.0836452097496877,0.234503722732614,1,0.112742219628483,0.18274063532511,0.697423303114079,0.095560013349714,0.60129391369296,0.109286671571448,0.643204141555005,0.0969939584008954,0.784985210109135,0.104104273104049,0.65140887118951,0.122652336800704
0.903598586189736,0.186130040005068,20.4312525671832,3.53411876624635,0.249637525736452,0.273875690839717,1,0.229050853853809,0.190506579928602,0.729090160730403,0.104191437844127,0.647557581059253,0.0997173236851678,0.854898735172188,0.0962559681881482,0.722748185825905,0.113909789918506,0.805536506099583,0.11685346680019
1.09812559545545,0.165992962235472,16.3254128046051,2.28837399704723,0.438952522843991,0.252178755852445,1,0.0339821006187672,0.171635513046491,0.716883225625464,0.0843534236642038,0.644486775048318,0.0897522054995493,0.531627248468844,0.0936005827206179,0.772400875623973,0.104180685059102,0.73735167913518,0.130051036097085
1.12921053239494,0.157135179624838,14.6004711805819,2.06404596278978,0.5300478270398,0.236493111226514,1,-0.127349152228935,0.174433316510545,0.581511921951335,0.0869438641057508,0.709629522341279,0.0830593611211839,0.641257116660172,0.099101730622375,0.658338802688529,0.119401961429255,0.556481943185688,0.123618910248574
1.17659691669711,0.176183275375213,20.31967384254,2.97741364392419,0.332055272395858,0.204772206392793,1,0.0562652306219258,0.199758208038681,0.787833072213417,0.0903812480151028,0.75454636033707,0.0804758029706575,0.840989210531327,0.0971347911543862,0.857671197785166,0.0887567357110442,0.855095309423932,0.120914357513363
0.945590810196616,0.150249051450542,13.4470134894973,1.89149081236449,0.617213230074085,0.153420199789261,1,0.105984049356526,0.177632599036464,0.673119690279075,0.0677056650592687,0.635240422729943,0.0981240337768389,0.620463437481425,0.0919712453365993,0.650848152049623,0.113481687869429,0.544903210826939,0.122438618569355
1.02323187988179,0.183662555266916,19.4553519540963,3.03343235940697,-0.102858771084687,0.167538240815064,1,-0.474601338485365,0.196815179376185,0.777991155430218,0.0978242043643312,0.832872240887622,0.092502485081029,0.699413675726239,0.0992087463839001,0.820219489257359,0.108989421353172,0.877346379138948,0.101385758015672
1.11846564786638,0.190409956522139,19.783022516181,3.2519062753956,-0.0507475772723508,0.181585065073184,1,-0.119121553859263,0.205769281606712,0.761673886322012,0.0964226904344547,0.723127214315648,0.111788866671283,0.858425556389734,0.0987321590598083,0.742889281398466,0.0986382340706328,0.84903937091468,0.119066117824598
0.929089896554079,0.161184939310469,16.2086289366675,2.451557783644,0.0425735515087728,0.198534212563124,1,0.175658458418124,0.202939586180099,0.648124710881085,0.0948592035442559,0.680648120630016,0.0927908474983485,0.608576423716626,0.104263555565448,0.722941534562475,0.0995931050851519,0.739246125240903,0.106531413837725
0.890713521087531,0.176449329149458,18.8958862258187,3.15830011115978,0.0049656428339482,0.198827715971447,1,-0.124146141125681,0.170139807457128,0.841200850868094,0.0885313702305256,0.671281595789777,0.0992395364457944,0.78084450780389,0.0975908315340552,0.693718045119403,0.10860692672909,0.724882000866499,0.12704684829039
0.964775465461732,0.175510230275334,17.0251514918259,2.83868780569017,0.123328207288221,0.232183470045644,1,-0.326310877852789,0.181651904512603,0.689268085420866,0.0922333978529566,0.882760761436284,0.0942924214620121,0.783305624746587,0.109098647529368,0.520875613767606,0.123482258293564,0.907287572517522,0.105821395073582
1.03710936158967,0.136714064701736,11.5282308041026,1.55473070809795,0.163362702600903,0.190709573844791,1,0.262123775668569,0.179356983783604,0.71986239493902,0.0872248771298497,0.588082034738955,0.0828828848362855,0.677209783916458,0.0953060463725366,0.665413565271013,0.0951093748278523,0.700306803918398,0.10788989353066
1.00159614431266,0.20164593515792,22.1511780067801,4.10064295545386,-0.167371186348411,0.186630983821324,1,0.118033710100624,0.204163179007328,0.874572395597797,0.109349886900123,0.725172596479794,0.109172317613687,0.838330012421084,0.113003039706239,0.802636966925038,0.123176293357198,0.84068357684278,0.125602470292754
0.955168128326833,0.156300650494624,13.9205683887694,2.04236201311006,0.209090092058941,0.221709503921912,1,-0.131196814309278,0.170281821695758,0.713203684982322,0.0803463413699276,0.574226528664596,0.0901062497993024,0.700924169115229,0.0963206821191593,0.643909281043598,0.109849913038343,0.734135597599931,0.10855022352634
1.47540095052141,0.189662695762795,20.1532383507993,3.20641258806282,0.169862437523928,0.245619203300732,1,-0.274333941139896,0.17661780086448,0.739167874521665,0.0853118184191493,0.749624657633184,0.103556448509042,0.904157814300104,0.103574045970121,0.764083659047007,0.101568755951148,0.763738195736592,0.114943375075086
0.929453683498799,0.159317008801397,16.3239042673835,2.24922300683332,0.413839491714,0.248839044714749,1,0.0424221004652078,0.17123561977714,0.683035526977394,0.0799343420590135,0.601500306146042,0.0941151014192783,0.777895427844522,0.0898201509858476,0.555373175638244,0.112142163929709,0.689638471873665,0.0976432698652795
0.657736597717003,0.145972938658153,13.9379978130057,1.7917846331641,0.596342138623913,0.189748287341806,1,0.1403763414068,0.189256061250141,0.614688000491723,0.0861579419510546,0.517392238171147,0.0864578382243088,0.649407872782632,0.0828203872283887,0.7372113500404,0.0847743299368528,0.683536680160407,0.104185517253023
1.09444891155214,0.154514510235319,13.7888511556724,2.06495589728369,0.0888431443636472,0.196627165826923,1,-0.127964880771426,0.160601466713898,0.675596320319682,0.0749562035245649,0.799565052314117,0.0823108463460617,0.684278862514189,0.0952450531788116,0.697932208883886,0.0979546408567031,0.637942138448552,0.113580426065137
1.09807700481235,0.174174609129966,16.6382835985192,2.72412003885536,0.312881677582737,0.257723880976678,1,0.207320914152497,0.189219627683367,0.728640232530311,0.0885698025613136,0.634510387157132,0.0964729616185876,0.672999887623363,0.105722403459962,0.699270859385217,0.113942896621054,0.634112894622959,0.11392783568089
1.07225695728876,0.159325568185492,14.5719224546982,2.13084404816832,0.34211780204255,0.259324197166383,1,-0.0346443171468766,0.171597691261041,0.703097693232434,0.0745606421611895,0.759976477309783,0.0836542826047108,0.508659008525872,0.100964963804512,0.794571850849741,0.0971710054614167,0.764040682881372,0.108748697309726
1.0961447747881,0.138376653020168,12.2357594493644,1.4837971616678,0.47324372163267,0.183994508518496,1,0.0505850067605795,0.164072890946658,0.613380980439201,0.0733354190798558,0.601418010693656,0.0865633143169282,0.625795903649824,0.0905547337408738,0.54006114907631,0.0983271067596518,0.699326139878873,0.0927526474356392
1.01892031455006,0.158251128425541,15.8678927216944,2.15426058247288,0.409395634333941,0.281491667103939,1,-0.0430715413469688,0.182110760541139,0.590809681164045,0.0854540601455782,0.803804067419752,0.0783544512014477,0.620816329101326,0.096798430696926,0.570384844167099,0.109527829473443,0.724894716435984,0.102605190709517
0.971508831022896,0.154113141946802,15.3378302652999,2.18069312329615,0.264831381504947,0.194037019052949,1,-0.123695577524273,0.176257164823342,0.745480901023924,0.0813973965496897,0.524544823769876,0.0775653074982754,0.662900413309423,0.109580889484304,0.834191762833576,0.0922444883905265,0.750159969196334,0.122238302445647
0.672437406204932,0.156995947406965,15.8496656075439,1.97293976819953,0.625304574680312,0.160596902649205,1,-0.156314452953518,0.175756905486222,0.771852518057651,0.0809910908169072,0.621484769246779,0.0839414142354247,0.56340930921507,0.0994948963457551,0.714021002348966,0.0777174766479214,0.673370602839703,0.103100123012932
1.02158832064487,0.178815364730738,19.805989731632,2.88959018472422,-0.107072745372309,0.147100794866273,1,-0.268223765105821,0.203604727763974,0.873657199174349,0.08758945497962,0.626126611164719,0.0967993420469859,0.763825007153091,0.0974534858782528,0.758311228443168,0.0947418422498345,0.783550701290808,0.109076423546272
0.801420402575092,0.17014632786881,18.5952408806291,2.45780414102699,0.364472405812516,0.158836141613019,1,-0.0712918914922478,0.173898556368232,0.62415183742755,0.0823730620837678,0.746987654012165,0.0899422303855571,0.743786664139518,0.0914133544267837,0.765684811046375,0.0898633555014258,0.637169557578154,0.102213205558505
0.864566255326916,0.154715398652386,15.4876498067938,1.94047766253334,0.540958463973772,0.229989786540163,1,-0.354002466736024,0.184472665021886,0.778006664971665,0.0786957127816745,0.659965810042038,0.0761279056497045,0.777927941273494,0.0812970894069849,0.506833885146348,0.112577578482233,0.487202288525397,0.11600579377794
1.42038817262069,0.188352188736579,18.5487089446744,3.09568530140638,0.0803124301701511,0.260011325133584,1,0.357051547316111,0.161192775578496,0.893816515664438,0.091411557112238,0.586146715991401,0.102630221423707,0.676529026639533,0.101206639179425,0.764116302368332,0.121053153620907,0.762635613504486,0.120231882572449
1.16791162034523,0.170794272274384,15.7253100806522,2.28853959617801,0.309312014933946,0.261105227896484,1,0.380934978388875,0.176919010967193,0.727045694066479,0.0898385311208018,0.635570666300385,0.0861226875108241,0.670884084762988,0.0996299017989253,0.71964193414284,0.105724080593944,0.72491744034972,0.111065701987685
1.24924546263849,0.182035452116166,19.9313424270683,2.87360940765761,0.418295802931813,0.249796556033448,1,0.180876305781518,0.180337445400075,0.698091736908437,0.0850683501461763,0.833949605552475,0.0964806379320497,0.632453840971897,0.105064824319262,0.769291812928221,0.0964613845369247,0.696766884712603,0.10244787921577
1.0475086457602,0.160141580229565,15.986691155466,2.16656125764743,0.321335692997897,0.21261933615547,1,-0.0539533471649194,0.154168343456123,0.579785476426128,0.0876371003927875,0.694723996912894,0.0979703617957929,0.788337105350329,0.0790426407601928,0.717131368842612,0.096490561671901,0.505283432438716,0.110983379558507
1.05603522974514,0.174319712186218,18.1162286223832,2.64856334624121,0.146170253343604,0.20354837964495,1,0.0566211354057716,0.174125311927435,0.721264132806469,0.0839887868577079,0.704416677773384,0.0883142758053972,0.846548613650014,0.0897856795968313,0.712878354136892,0.100324380602927,0.682996877250231,0.128204116288191
1.00168884043883,0.157716928726843,15.7039410469574,2.13900703766496,0.40945018225786,0.290595817282059,1,-0.153862460845943,0.174386885599788,0.826254257672518,0.0827176904190016,0.677995000002035,0.102165289673989,0.765830707524219,0.0899029309770409,0.719461250398518,0.0993998115808689,0.706560141355145,0.102655557211543
1.2188793408959,0.172921753309648,17.822393489716,2.35616533629445,0.551932866356855,0.230507053111386,1,-0.00648536451662788,0.203508769864319,0.728945575156083,0.0802051060742821,0.730654816404719,0.0797126228797512,0.67969306312802,0.0984354215501448,0.782904120700589,0.0924524607643535,0.831236227052508,0.102294529016038
1.01027579158124,0.178298289085203,19.9583982567841,2.71931196294934,0.578678061403966,0.238467820829613,1,0.276097886103464,0.216702804330611,0.701684746860373,0.0968602497560194,0.717737471346464,0.0905659280300441,0.918162103063868,0.0731875662555819,0.691769319427473,0.101427104549501,0.755651406310284,0.1047577370093
1.13194555480717,0.161023868952126,14.8552022853837,2.12263752967673,0.298094747892921,0.2547520907394,1,-0.406912916681445,0.172698843572462,0.785393335797688,0.0713257152424499,0.64166539832655,0.0952225965845012,0.676564116678547,0.0988465349208811,0.601628895408319,0.110166203767592,0.701660328527034,0.103757942129498
1.15489485739362,0.152692005787937,13.5586561495294,2.00680834013759,0.270917944031634,0.258462877616153,1,0.0885798341752794,0.176452186434185,0.60986659519104,0.0934857842146695,0.650683512098238,0.0918590897237997,0.711919679241152,0.104371052593981,0.574069777578786,0.102763541558903,0.76578356872906,0.0991125252088208
1.10030254538198,0.175655451066352,17.8273296620222,2.71100159789932,0.165250394295804,0.225694741229123,1,0.0289407957654287,0.167506735546532,0.715287960672903,0.0820103515994822,0.824076574156052,0.0985776715408594,0.753677720405168,0.101239030353753,0.612166392413698,0.127020476727486,0.906467931327738,0.100963138086791
0.744707185489119,0.1618686720218,16.9149632992498,2.57759699907747,0.222043364055783,0.241628680281902,1,-0.167820487353679,0.162927182509862,0.683992681873862,0.0830279325687849,0.598310218188838,0.0943398438852078,0.733665924417547,0.0963076669511045,0.652327721567127,0.109974777049579,0.769193956696988,0.106346042556994
0.615219365610861,0.165755052957025,17.2571035473718,2.64064304469142,0.135358380934916,0.201563538124676,1,-0.0672747484152827,0.169920533707412,0.71004136963358,0.0901057240711151,0.703964637597226,0.0935550187240762,0.739818593011799,0.0923989414541587,0.797518364421722,0.108311593873278,0.673403927465642,0.125313519970817
1.04071745709379,0.167027158402464,16.4834794507169,2.51433768627442,0.307866571938957,0.227123190374602,1,-0.0787872908103567,0.182849549236007,0.725014537960427,0.0940866619135506,0.730377012786914,0.0789942052299013,0.682840578437694,0.103439069447216,0.681620050798347,0.110173011920464,0.751390439653759,0.113063290267199
1.07631548118213,0.186563766872224,19.367937218071,3.23077760121932,-0.0445753049973083,0.193526012148757,1,0.165908033802659,0.207056659765427,0.776259446726693,0.0943202321250581,0.731802835360211,0.103245906472266,0.654568841921425,0.099942009696948,0.859101771951045,0.109878860804583,0.525198107400151,0.125336517671239
0.975898192719264,0.155348569185639,14.7977074873256,1.98946470846438,0.3340150498445,0.233558573307963,1,-0.300666494329935,0.167820688401693,0.668580631149511,0.0692563691522867,0.788674284936194,0.0784346274048396,0.722338769623225,0.10553165476383,0.565852162550384,0.112962322674302,0.676777407966388,0.102380960529687
0.844782079342612,0.163387751894671,17.2861935882679,2.3308056196667,0.558079794917243,0.23329341139822,1,0.10363916114817,0.184818518598445,0.67090035746461,0.089215127249601,0.6929083022475,0.0827535918127661,0.76613810067591,0.0855924994734593,0.776096617040545,0.101178263770538,0.741625365520402,0.104441320560088
0.7340590483843,0.163259429028662,16.9778459847066,2.29120611045083,0.338591682360855,0.260793234380642,1,-0.16692012658111,0.182439740735259,0.702618281258202,0.0830318814411125,0.747791344631937,0.0808884045617713,0.781536704999868,0.0865718161045835,0.751388497516237,0.107577711626793,0.716880901944942,0.101593150095314
0.95688133450325,0.165292475238486,17.5737183926162,2.48020805110574,0.392920490502448,0.242280605155116,1,0.178110881480231,0.175166870350895,0.650410595601337,0.0906837435179895,0.746823632952735,0.0854580261138488,0.816041299685838,0.0955490169308316,0.824193855544086,0.0941675279891907,0.746019751092678,0.107451947037655
1.22703875915036,0.168626907041707,15.9179518876764,2.54226700190436,0.112691468341952,0.231873346314934,1,0.215910763213612,0.188594471181368,0.640283431317071,0.0963379526158239,0.515932478322687,0.112832958566733,0.686800183387531,0.0967922721285809,0.986555020025059,0.0893911096992866,0.565631043111818,0.122910063493731
1.00282009085489,0.168593357372437,17.8849517686858,2.34395471804026,0.290706383715417,0.202084236256506,1,0.161281054303169,0.191835001362084,0.714675961930614,0.0865407142909425,0.624759507062642,0.0855807624108709,0.74471668640699,0.095192627002904,0.802564848910694,0.0895124243323818,0.726162122908489,0.113104723789576
0.954142959306036,0.15443577866609,14.8897335743918,2.00020966168425,0.469104282063146,0.225044732997811,1,-0.00635304090050209,0.164999429397668,0.663123398735821,0.0774410290237243,0.588588392050484,0.0958528435425015,0.685095978195114,0.0841875186704144,0.484966636431077,0.10406853889466,0.743403929695557,0.101531306164782
1.08325103721716,0.169196136245219,18.6361946311744,2.77828277975465,0.257099314375416,0.277173276787047,1,-0.0578782251926125,0.184845520295243,0.725307058339364,0.085045749891186,0.747906744314847,0.085771254351239,0.7608510646888,0.0939210280534439,0.726338184543941,0.0990406279905361,0.784768517175211,0.113973292832349
0.72536241969595,0.155879465896349,15.0676789336761,2.03051271834877,0.386229272580173,0.235219458978347,1,0.140624828336245,0.189609892876028,0.542342646621829,0.0877378944308914,0.745004986983471,0.0814694110772659,0.65556336513918,0.0892962608765808,0.512458669456808,0.106426577627003,0.707456988811982,0.104627965993161
0.958879912750139,0.175856670883553,18.7627526144074,2.96070041946761,0.0595067061820811,0.216785768935049,1,0.236219385653096,0.190507568145625,0.758700997658705,0.0951930640870818,0.556271767385208,0.110938507895583,0.854073923136869,0.100239257614478,0.746580848344967,0.107038126863516,0.730426322845889,0.11312031816409
1.14013441047964,0.172440055007747,18.0588093070102,2.54038929102732,0.592584841682986,0.175340851843052,1,0.0615012319476388,0.186040371345933,0.656831236831967,0.0908010057197609,0.770637511181185,0.0827254588205694,0.739838473932711,0.100063919736334,0.586260772823132,0.114326101554277,0.657472864377258,0.10406565929684
1.07195279394425,0.161028439493468,14.7762909946079,2.06570010174783,0.408380558743548,0.225855000440519,1,-0.0752258818499531,0.189600345283769,0.602187529854963,0.0835669831775777,0.70414865701528,0.0783594051122076,0.666062523016979,0.0945142606585329,0.662682941266652,0.088930468186385,0.707689986794286,0.108909162371879
1.00012710176067,0.183507359135399,19.3575685181854,3.22638221299473,0.0272501808703328,0.207194495554871,1,0.137984009283329,0.188418361506608,0.756215388010831,0.0941685877298847,0.912867141615806,0.0965370571187185,0.856158887741287,0.108679859855989,0.660564153117323,0.11286403072796,0.879110045820875,0.120457464810351
1.06083467912032,0.174227822757435,20.2008107341665,2.81153455302986,0.36174385917868,0.211759472808113,1,-0.0242965139233224,0.19135407926529,0.714216134282833,0.0855450708193265,0.841017984677863,0.0802662532281835,0.63467742594974,0.103223121696628,0.795079084480363,0.0903548150085063,0.75759106234791,0.105779641704857
1.04292530787186,0.14751582806503,13.122704692178,1.7041924003841,0.505381477707686,0.253965043617278,1,-0.0414787415467099,0.183408461825072,0.728055368577571,0.075358982555785,0.590273308484351,0.0824683223144992,0.666251434598102,0.0728256069270723,0.623719488978253,0.100988799845737,0.498459148920066,0.122768494841231
1.04898990372384,0.153984602489193,13.936383951784,1.8059071054006,0.567785206491183,0.206743054660198,1,0.157266269944757,0.185143388087015,0.685357486669155,0.0844425383275585,0.709840093666025,0.0828485579108967,0.478588105290809,0.0921239956987785,0.729497959247163,0.0915396801092261,0.710782586406214,0.100679671436927
0.908886451159276,0.162969892662648,16.7917309726901,2.48684091960432,0.27010601959014,0.240412963852643,1,0.101061153595002,0.167404366494713,0.64049794217492,0.0866567315764814,0.74650827446508,0.103038122811936,0.705310890275912,0.0978055714172821,0.564221285164633,0.11057836074928,0.862650755891419,0.105857961100818
0.840780159421255,0.17652767234954,20.6649696866058,2.63026283817466,0.581696082031977,0.147567413950781,1,-0.103742516484382,0.179971173997083,0.812757712701694,0.0925076257393185,0.659081107641145,0.079994216936072,0.698073167610529,0.0908647267631341,0.723876602518949,0.0905645443775239,0.710619324885787,0.102455536256536
0.939026986173039,0.161607582779973,15.6249982277576,2.39366800418087,0.135062528698159,0.208253625980208,1,-0.120569902170653,0.189808348548218,0.784258320260592,0.0855189159317765,0.670293364429945,0.0989847634590432,0.814614391080072,0.0891917558072959,0.741635728780013,0.107473730689334,0.604237787411341,0.126266035127462
1.05310384225805,0.164777147357532,15.9076265923769,2.52968138640519,-0.00752710095743698,0.178883903339318,1,-0.0413930156756997,0.174638327778815,0.746961102615954,0.0929760024886813,0.728378064689065,0.101377216499192,0.803593087454705,0.0952308420024593,0.676648837991436,0.10733210976449,0.738084324171605,0.111257234361062
1.19731622738921,0.176568458176795,16.7998957602323,2.43632352929337,0.449532023718264,0.295313976610759,1,0.0518453260136268,0.197920637018948,0.654708816499617,0.086727078016319,0.614405883258242,0.0877390603410192,0.747739067862211,0.101492350224992,0.676371364873553,0.102938569237697,0.698066941458812,0.102596859273397
1.08012055660089,0.166876539604092,17.0376718092283,2.62258471652534,0.129656777571272,0.209046887761351,1,-0.141651026716046,0.159295229101015,0.706753689033962,0.0803354315723473,0.712520911182626,0.0923849571162195,0.764734028268449,0.102611973661894,0.69836215153245,0.100108103716494,0.720895711777173,0.122566974663855
0.977908565184383,0.17136440173052,17.2816628696692,2.80008657763169,0.00507342345048633,0.208584825444995,1,0.258693576517847,0.180054149702131,0.686882709456605,0.099929894500269,0.828217421378399,0.0928538191075358,0.795151713430453,0.107078099269897,0.7845526587286,0.109744080344826,0.909346859092974,0.115928078079076
1.29123858350797,0.177635507341757,17.0275702768036,2.72965232906007,0.0688762872963004,0.201018127100072,1,0.162407472140856,0.158184522511427,0.668797924632501,0.0837133012141082,0.735971908056749,0.109264547753074,0.68222476739193,0.107777999892495,0.632932910290359,0.125232402047241,0.788787375588156,0.119595860223321
1.49339559486854,0.169856364255737,16.0301521140121,2.10060712151608,0.505907969296954,0.268333925519397,1,0.0960430962733643,0.194066132923858,0.58021757677574,0.0874262675256722,0.779670633571127,0.0836752660038225,0.723338540862541,0.0850831431427746,0.660461444100256,0.0883059232573208,0.529305299323248,0.109816680548014
0.979775856601619,0.171837963254234,17.3216373584503,2.71470360301687,0.170645311615016,0.228115978247588,1,0.0678052120105412,0.182025610298949,0.795167913333058,0.0939460154358232,0.657491448251744,0.0928974372448872,0.710090766427016,0.095147737950933,0.786975652456911,0.0962730935367294,0.767622957112528,0.124102728005288
1.522379949062,0.210217475013152,21.4593705279128,3.68831725742455,-0.173263333080779,0.163966160499373,1,0.209213736340843,0.177176189673868,0.885677652841937,0.106290736921923,0.869864724584596,0.104841336544409,0.838326987444095,0.115650366391061,1.04646557608236,0.0968865663771563,0.792160651338109,0.117703567570568
0.989861504696193,0.161937390465305,15.3785334280386,2.18354461948869,0.38406839329646,0.212314946866391,1,-0.141872335853315,0.177505728983457,0.71991008458254,0.0879000862035633,0.779946537766003,0.0887961372875228,0.67444169894072,0.0969422300654665,0.715895891431214,0.0944204086175699,0.586516885755424,0.0997987635604336
1.16300483823809,0.172317025115456,18.8654546103146,2.67945159719952,0.0929199105603085,0.187565959498117,1,-0.105956621373194,0.164108993709737,0.78553333010955,0.0843754869479882,0.788644216179187,0.0987157600443376,0.743733701674578,0.0934319037484325,0.801081801253115,0.107783032805424,0.877476465449106,0.101414081568196
1.10931860161947,0.167196121345498,18.2984322068578,2.20250964793892,0.550717866187422,0.169282973798404,1,-0.0208646384059961,0.197465886982455,0.843957286246772,0.0744129535888723,0.695347720693795,0.0900034776287235,0.865542372746531,0.079523757215572,0.657037762290677,0.0991147994008979,0.707295398525783,0.10872097580964
1.08589712077864,0.162235113068064,15.4819502018408,2.33376554224562,0.0471543270853218,0.195423721374468,1,-0.291814935645035,0.170979083532708,0.795022939880825,0.0850292288100518,0.738147615901525,0.0909785600105586,0.802143782195512,0.0916762401617809,0.60967480121856,0.11189027871661,0.713508182003403,0.106451470513034
0.628927448484011,0.16249068445287,15.9229924111265,2.42596585624309,0.286156260422936,0.263294910932297,1,0.0344095862032679,0.187860481299521,0.538596269844595,0.100818588595999,0.824770310758759,0.0872961753898404,0.799111598340981,0.0942501033597556,0.532129760948775,0.115043888709948,0.855917698299947,0.107959849032857
0.894513253427902,0.167844872986503,16.9101700901096,2.7925127451944,0.0822236379045727,0.21391139975957,1,0.208813863915808,0.184949118453139,0.631319930563971,0.094766417104968,0.554650074400816,0.108621598021898,0.75339051884765,0.112438254558128,0.840283063949139,0.0999291909017831,0.605129686228756,0.127557833717743
1.10514269103264,0.171696514321879,17.1223450925504,2.76428851420517,0.391122159677214,0.284166848477096,1,0.195454734244108,0.178353219743143,0.501437278374559,0.101253016606685,0.742508847784275,0.088417655937706,0.58939949322499,0.109249959439639,0.466132325674826,0.120688680226438,0.750301728658432,0.115167242465209
1.05291806407634,0.155563228187578,15.6989972707281,2.09154908389509,0.580092022851393,0.162575710786464,1,-0.100910471706243,0.182522132241973,0.761924260975782,0.0735051859637768,0.651397840315325,0.0850235657104594,0.651711337827312,0.0976112276863054,0.566956668986981,0.100309405881299,0.741623152086406,0.100736707428762
1.12169502314327,0.153688687736079,13.928276273328,1.93640768738182,0.433992320506085,0.22929313758645,1,0.154200186326416,0.190522221289872,0.673483315745783,0.0966391047708403,0.634722591316678,0.0864615918264902,0.579932930445106,0.093671348996773,0.702245392634,0.0912543684532849,0.816184973858389,0.10031113626004
1.10984546880328,0.162824976486768,15.759038398543,2.33072348478315,0.348269278373284,0.226953678033289,1,0.171966591406932,0.171650977732551,0.538292446899278,0.0942123629176267,0.740806421735985,0.0869823781559688,0.768405701995342,0.0963491662890463,0.694619675301494,0.0929135202650885,0.43569593636055,0.133054951728482
0.943081100525002,0.16201943068877,16.3371525304341,2.19160395061979,0.421855012964027,0.255773243959107,1,0.108359995173732,0.17690004520782,0.704249166633989,0.0823903546892084,0.723604044865386,0.085678875982836,0.690196663627374,0.095017997560632,0.748482441135932,0.0879727097758324,0.82669392721257,0.096089105512825
0.881146411352734,0.162334019733403,16.9795326206797,2.28114720509969,0.489442110597873,0.176166838458688,1,-0.233669138121228,0.176829630270921,0.721654681532012,0.0782486435592509,0.733877400166887,0.0989235589831983,0.688107585393513,0.0913251497674328,0.814853761497092,0.0869394556219879,0.685103861095376,0.10848989489053
1.08208437855216,0.160883165333291,16.6456554842504,2.19854763920443,0.4211834859833,0.251520758316587,1,0.118803279471082,0.183106670759478,0.702812874275843,0.0823688362371483,0.744652422804486,0.091958277763414,0.685211045067645,0.0993602695524663,0.67274762388401,0.112897231382783,0.700308956151307,0.103299957623225
1.17118205230338,0.165509460660326,16.4820139353938,2.27679368639691,0.361922997645281,0.250392150680541,1,0.105126673185197,0.16639999254004,0.648812322891695,0.0799270625974045,0.680636735336501,0.0879725067821172,0.686652717854965,0.0934317281454657,0.7375674413517,0.112142129017279,0.716051739552148,0.103622026257597
0.79703406331982,0.146598485719977,13.5286186169951,1.81389026416426,0.472155487921255,0.240977356937453,1,-0.189606717273919,0.173280589383171,0.78778085751518,0.0770217824623597,0.706365341344033,0.0765297544333329,0.619641258038384,0.0992253602939227,0.599578692912908,0.106000676529653,0.53827304286405,0.111946517321239
1.16331843012381,0.187082769143648,17.3184466785668,2.66285788244745,0.212992092165201,0.227132075588658,1,-0.10547031706195,0.227702513566642,0.843218498360046,0.0911509846977069,0.624922601847338,0.0974769660643787,0.763337640262454,0.0996658166346283,0.814583306124495,0.107123357779753,0.77362561294509,0.128831055954458
1.29342166239196,0.180970131232196,18.1023991772535,2.86465538067813,0.26644663258538,0.301487400220202,1,-0.148938739184694,0.183832241359854,0.715638913804925,0.0935920495948032,0.893172653249805,0.0902696018135034,0.670845603205969,0.100158315906115,0.560244259798335,0.127875474906007,0.682903764097442,0.124030295995579
0.845568512073039,0.154805611256193,14.241612813593,2.06652507040647,0.18738782194262,0.218275097680621,1,0.0234364941298809,0.162642687799051,0.660639237356821,0.0806116667703989,0.692684534519425,0.0895716925048907,0.634587135471991,0.0952890277713996,0.618796409533698,0.110504824072787,0.559708477900078,0.121769319837608
0.84466202304727,0.181947051186504,20.3713030458761,3.2734212282955,0.0397735628107617,0.199886159306145,1,-0.155133038386154,0.179861079369722,0.896385101729687,0.0871070268914844,0.717695122840594,0.0987991450503277,0.73761185797952,0.102907961362672,0.666426949266216,0.121980222062322,0.832462653116032,0.119434633200191
1.03949463586013,0.167791945435484,17.213573584004,2.55251226176661,0.24430279937957,0.177406606838351,1,0.191742120007863,0.175221395324182,0.680308637247532,0.0850618285938645,0.816246412575168,0.0868189921075969,0.693527808469765,0.101018859665527,0.678302314362738,0.114152071721482,0.720706243479023,0.104198127161079
1.0090373382893,0.174121674578675,18.2076787191129,2.67039727504628,0.0356168260124584,0.190189970869658,1,-0.287175714314936,0.178157802200523,0.813051427424742,0.0846951551145187,0.749550862615075,0.0889531059810479,0.710077185439092,0.094447867473136,0.809614741995329,0.102708919160532,0.807467348130053,0.106175629304413
1.36792927563983,0.18622113143734,18.2630340894406,3.01930824117472,0.267052136109992,0.289039495195368,1,0.216625765352544,0.169554196432772,0.714245755162416,0.0916197114728201,0.736642277453459,0.0983790118147618,0.688411734820248,0.113040334370293,0.775677796088469,0.0990079528096756,0.771991944868863,0.107942298388395
1.04364153105954,0.148730306135552,14.2501082791314,1.68984486952688,0.505035670627592,0.200477885718344,1,0.0355189638020032,0.158874816642195,0.53300600337835,0.0810831366342508,0.668267044213879,0.0801409970454216,0.750572913844681,0.0766266563884875,0.64991838102677,0.0942458753148028,0.604256097085513,0.104120019536878
0.833381417088898,0.163201722421573,14.9962932246969,2.36170622242739,0.210053175839016,0.222667118835661,1,-0.060899185065756,0.197399565646557,0.622205603499776,0.0970813901698791,0.691051270462166,0.0944435571961489,0.77741039407853,0.0946650281492494,0.544544219963823,0.119896631097569,0.594126635768398,0.121152934390699
0.868817591814579,0.173509040170273,17.7414641837027,2.68804516978402,0.105355178627,0.190896507711553,1,-0.266026325506713,0.193476525339038,0.587324625947799,0.0922079055332932,0.844895810549822,0.0892530868371283,0.638740819716254,0.100812824946762,0.659205346142672,0.112534271634373,0.770375351587239,0.107675224161018
1.30615892454353,0.165109146669845,14.6995152846541,1.93299305940084,0.610272300373043,0.207011830328245,1,0.123557685631223,0.208763834215378,0.703776631059645,0.0845224182419694,0.669887186677496,0.0953176484678795,0.740252282396495,0.0887903885587803,0.699611982048005,0.0915932366155815,0.70402041518752,0.0946553332877375
0.788380651867966,0.158194456591719,14.7763483603104,2.00343101993108,0.218554685466372,0.233530875480463,1,-0.169453534280755,0.197225401242907,0.660154255125544,0.0912658320754488,0.674159721517609,0.0853282717405127,0.661633892822853,0.0931516396291169,0.722420748280466,0.10263085871953,0.734991933985911,0.095875701093727
1.03272816903729,0.170475342317887,17.016104804391,2.5370498024462,0.122988032753206,0.216733777103677,1,0.0504586910408173,0.162969304291099,0.749462555490524,0.0828177172106506,0.826752316151295,0.093619203645726,0.68068331556429,0.102228985233036,0.630533449383848,0.105409124840638,0.883146323592072,0.108802996713713
0.7258267903035,0.151653060215444,14.3771921825491,1.8663145073037,0.43568377514194,0.236292587304538,1,-0.0649030076129574,0.162812218081871,0.67391608548674,0.0772515084646987,0.527410552070056,0.0924667709454056,0.619365729747532,0.0874321703575183,0.559053701257571,0.0929417898339628,0.713919537004929,0.111343018153721
1.11125307368807,0.166527392873026,16.0094158094305,2.23856043217186,0.498258870393518,0.196971001982013,1,-0.144090732218071,0.169250042430871,0.727565632338813,0.0826999758737844,0.673737541640819,0.0834269498853073,0.521848166439305,0.103797263079332,0.698248845886384,0.0911507370057572,0.754002271372651,0.102966569146985
0.815975751555435,0.1521617851312,14.3950857647784,1.98751392263077,0.435830805830252,0.254809827326509,1,0.112426669199849,0.180626278956142,0.670392749706864,0.0823164114014681,0.533206751940302,0.0971051829655949,0.676059432591081,0.0884004535684498,0.482542562237155,0.105336855898154,0.798205075591267,0.0873270520226574
0.781023224250579,0.153584112620383,14.9213965409515,1.95443815437866,0.474746343103195,0.182319485057785,1,-0.284130003122745,0.173708237816653,0.763684668622938,0.0699663317700094,0.661891426821075,0.0784112391426337,0.610292422614478,0.0896002227813704,0.474455759053639,0.0992424683140028,0.574818744936631,0.105215840231837
1.05017913870191,0.184906767945652,19.7789600419129,3.16069350468454,-0.0302242620560326,0.19627732543091,1,0.0591794614475615,0.17941156947433,0.700695402852349,0.0872732254887021,0.61580293839296,0.103993365908437,0.866258892477592,0.0953741997197794,0.901702855742186,0.11065032012016,0.698475239297244,0.114523978355621
1.0017445068719,0.187860988064936,19.9017006838908,3.51886969735519,-0.133912457694186,0.20397877467524,1,-0.00651890526044822,0.17119713470229,0.806458890028148,0.101607736311843,0.786757119882065,0.103313547235492,0.829897388127949,0.102958921913089,0.83806545091089,0.113401023125643,0.828731731523964,0.126288184741648
1.45322068023725,0.195507393292241,19.7543296914144,3.03178387700654,0.189204762630127,0.21426488865951,1,-0.106306178379157,0.181516857955439,0.816683632185951,0.0990246183177031,0.732303924188298,0.0893400357453455,0.823834541224764,0.0865370522612339,0.688547797192573,0.119324782958994,0.929470253758091,0.108588797806403
NA,NA,NA,NA,NA,NA,99,NA,NA,NA,NA,NA,NA,NA,NA,NA,NA,NA,NA
0.812994924286399,0.153925490561751,15.0508539445386,1.94325333401625,0.516675830233687,0.179817420176574,1,0.0696478007932261,0.166839998889754,0.52198740026758,0.081487683777987,0.599748023199819,0.0768853225989787,0.669760275748731,0.0820061776295015,0.645974660956176,0.0954401888636084,0.536937822590468,0.114862525434988
1.01356920022565,0.157906771126838,14.6831190627679,2.14762871050485,0.121772879828963,0.209471549613384,1,0.0436325330711595,0.178814794500277,0.696928052327071,0.0945579516927724,0.73894240001693,0.0826927315179079,0.716860021429697,0.0930598871267369,0.61010882173957,0.107283618272445,0.7432658648335,0.0917702368893127
0.866720307204868,0.166633976839536,16.5087580620961,2.56084410977939,0.272104052523886,0.264433167011099,1,0.0597180179358049,0.177445817407888,0.694416208078183,0.0937423162020857,0.600220743986804,0.100758148006904,0.585275956657571,0.103681952889213,0.737851767478624,0.101748569855072,0.622867701297005,0.114787569531734
1.11969942715658,0.152456984076415,14.289819856364,1.84204367256791,0.573477991264752,0.193471750851015,1,0.354983536071745,0.17911358673743,0.712446381497021,0.0796075776231868,0.674151537290203,0.0786223912912138,0.643594899999903,0.0935239130673586,0.628249265500049,0.102051899884123,0.761105517258449,0.0960510200047681
0.966941045099264,0.166090707785555,16.3036715938111,2.48446355692067,0.273261928055057,0.259391474898024,1,0.148237533313542,0.200615107223605,0.686050920094087,0.0944858452614392,0.680441402256751,0.0920556304905833,0.619390669065973,0.106686821086541,0.607487231702847,0.102680020790929,0.774185374676322,0.0994669074317661
0.866415428090114,0.166428861505696,17.1189562447739,2.41723199782321,0.302098894674683,0.225986837089111,1,-0.125621631148053,0.202048757946847,0.778085264343834,0.0839885443356475,0.723464914267455,0.0848768998928603,0.796667993049064,0.0870436512397765,0.702386688440636,0.103833025794646,0.816187805404129,0.107701707598826
0.854987875025196,0.151506867072501,13.8907081987563,2.09290731951332,-0.0229486281817568,0.178951689306294,1,-0.0177359458646259,0.15618043165557,0.597009407042089,0.0939206749484194,0.746741927745934,0.0827456344157122,0.593313086227482,0.102700055060675,0.743880373974008,0.0980165473343458,0.498900229895843,0.120288943417893
0.971840740423699,0.150207784712444,14.9473696130571,2.08848816030352,0.391093334230368,0.211795053326383,1,-0.0679576836764661,0.166941209281521,0.58251694799362,0.0730349892265813,0.800049307570188,0.0869440508764007,0.661215953015764,0.0850648066744379,0.587742845066855,0.0931221990035128,0.686192303691001,0.109179433821148
0.779822052733727,0.161104909003362,16.7897629769118,1.95666172014913,0.579676401212634,0.170230520042635,1,-0.14936168844043,0.183968758674096,0.688734897686452,0.0750114184923299,0.777278145624665,0.0693667182744799,0.631423896322272,0.0832645296811473,0.671674185898446,0.0949740035898908,0.865152598542262,0.0886997830653806
1.22329648978102,0.174485477970732,18.2671434339035,2.28376788499222,0.785190023174272,0.0691561355290258,1,-0.124163183890249,0.208043903324065,0.815325117955285,0.0743751665505768,0.83147965681637,0.0851720548413166,0.668021615394769,0.0726572789521127,0.888964027197339,0.0887459563807389,0.782868843986879,0.103027549130298
0.938032963010364,0.155071732757854,16.3648712788586,2.40702427190383,0.137010474344538,0.153934267245797,1,-0.04788937575957,0.16959864681668,0.779868324404457,0.0794658617382406,0.641305440382147,0.0958209721280034,0.705506843594758,0.100128798721111,0.754359171195549,0.100356012005991,0.66961265225071,0.129459421425275
1.04773086521212,0.163120958392972,16.303131425595,2.2045370382829,0.529144734495185,0.211644091504864,1,0.0622371704628083,0.168311437045365,0.692551791671319,0.0850016034981924,0.610999224683942,0.0893536025278642,0.580207518667375,0.0970493346969047,0.645709507455942,0.104624327884834,0.52865333097529,0.114223888462232
0.656578495049418,0.175915756303281,19.1694943312091,2.85082115946004,0.421585531343218,0.232983024384286,1,-0.282402002924475,0.191853978580262,0.761199812606035,0.0843322830701136,0.608125411891247,0.107728809665004,0.735272165317522,0.102000560010223,0.695242383275313,0.0993296422090923,0.664256093620824,0.110074013803998
1.28876523984304,0.181780695945166,18.5097112514004,2.81899327437806,0.153943110955835,0.248732478998652,1,0.014286958207007,0.182271010568629,0.807754385725483,0.0864782412626209,0.742233564897449,0.10320176762709,0.808616601605512,0.0940417150556375,0.727438587207677,0.101592058729481,0.862734190113355,0.106524034644551
1.04110932877237,0.162385567533799,16.5811100869766,2.28338144080282,0.36055143679461,0.229909967010019,1,0.0857098077578744,0.175350343090549,0.699199824872512,0.0749107932591695,0.638689375418433,0.0840001051753166,0.772135879589255,0.0913878436185546,0.71868535099638,0.0942625386241439,0.604123663726962,0.11801520795199
0.87951149187143,0.163139646713955,16.9531765238322,2.48614006843643,0.202621160343941,0.26497161178068,1,-0.265920999344957,0.182918123549703,0.581341660298985,0.102504483554344,0.834594119088454,0.0923116782637775,0.793666716574076,0.0885289754217228,0.608057941957216,0.105270603568949,0.773801447567942,0.108381329609673
0.923992270162785,0.165285560671533,15.5384220073092,2.54975648701255,0.317642512524058,0.270546079319024,1,0.136059283196057,0.181587855284154,0.621312706249254,0.0842545160180678,0.79825309078718,0.0902184336530946,0.5760615150236,0.111998234844049,0.770540974891955,0.113752477030604,0.563964825278291,0.127794614563626
0.828569764721382,0.160160482642981,16.2663899759389,2.26053594344195,0.232076824092942,0.246827293182831,1,-0.20585501239797,0.170415229879235,0.793825564923241,0.0811439175785536,0.646861097637689,0.0889491135520338,0.687665602703091,0.10092728792878,0.680720964726028,0.106118228102776,0.66159787113274,0.107899402446726
1.20124638957836,0.167773828875579,14.9460663520599,2.27416721805591,-0.0176808826349731,0.19625296846349,1,-0.028638382936751,0.144066686771416,0.75318280691632,0.0901771467109529,0.840197753763093,0.0866829925077266,0.743854682838284,0.098802102375241,0.813176159151568,0.10861708893241,0.86509288792629,0.109463972047716
0.993172597394334,0.143800662060972,12.6832896424068,1.78183041431716,0.109697455581852,0.194729729611775,1,-0.304453401842047,0.165111608179768,0.711123707677878,0.0798734328738012,0.563965522879987,0.0930906442281903,0.619402186451936,0.0954268917155531,0.635780138098028,0.0958564917775952,0.681241265105871,0.0982851393635929
1.02414283313424,0.175834139742087,17.6468270650152,2.84205121005703,0.196809662140123,0.284453176846263,1,0.115629450194375,0.182483595361144,0.791001735356994,0.0847070723846734,0.800880878176525,0.0972449524798226,0.72983446387614,0.0964083671079591,0.756655327310194,0.110594663719086,0.746223907348731,0.124383836293619
0.973125588196607,0.165984601634252,16.6532558584955,2.71989479628563,-0.0403081186701994,0.176989858371665,1,-0.00400309426651532,0.180464935974132,0.64579992665493,0.101137433837555,0.697713358657983,0.0974660275252629,0.768463583405386,0.104485584156287,0.583370231306862,0.113420226598351,0.666893263988001,0.126725882279124
0.714717981400511,0.129799549013169,10.7246602820779,1.31667251741841,0.529999626081967,0.205868207251463,1,-0.0498628341294716,0.163586731358129,0.623915345590705,0.0767238486602102,0.552801414735321,0.0791460610260218,0.594837088706519,0.0945454462875773,0.523632055731494,0.102181714443189,0.530677794159722,0.104457629234011
1.01206255979353,0.153946003304269,14.4940340905613,1.91545303379605,0.482407389826914,0.187324541633132,1,-0.0729721396570704,0.178256532131872,0.542999144937585,0.0852019405493944,0.684965291322845,0.0903878094540867,0.702919313176868,0.0894298233090832,0.720445098078966,0.0912384265289415,0.63514866068813,0.104884680142138
0.878150116383767,0.178681803366054,19.947266684307,3.06553567518791,0.391938596123356,0.284703320526694,1,-0.252835671013425,0.192934450348511,0.826954717650728,0.0884813446668163,0.471064179462783,0.103642627467476,0.86955483887529,0.108850354753789,0.680357672598122,0.105156313359301,0.654271677090278,0.123764123719654
1.07638748195675,0.149002425840848,13.5417390397125,1.80420654416449,0.491062110061461,0.212525413876424,1,0.109627732222493,0.171216759666137,0.612381663685242,0.0857522078234222,0.616944290242262,0.0952824739914254,0.615162030991844,0.0809791195011128,0.644955232858715,0.0956174321857675,0.508242384598528,0.0974210442150813
1.25408236967841,0.178597315821404,18.0725471426875,2.63675772557268,0.405999515147011,0.278032640150718,1,0.088157690323562,0.196743731805215,0.683972484929186,0.0845882892599284,0.686098532613567,0.0976916802862624,0.780777446373085,0.103647191268499,0.640087148599882,0.0965964147690363,0.614313425596644,0.114528684251509
0.903029048114432,0.15631151789642,16.1376205435369,2.09296935271802,0.55478488418837,0.218043774600272,1,0.00482306572797606,0.191127152067832,0.716600989486484,0.0795698928465237,0.690973908487623,0.0757666190067023,0.664918715792919,0.110727347106052,0.562822504920501,0.1074713643727,0.772308825763825,0.106872490265365
1.16907843069468,0.168853931661138,16.4354926751597,2.44548811575547,0.342147844967089,0.262452262469638,1,0.0452380209139465,0.189062607710322,0.722906258535591,0.0850883917458929,0.653433796559174,0.0905072432986686,0.76679027708932,0.0931016256661629,0.755243751607775,0.101109711345206,0.729833164101637,0.105970704909093
1.00669368557137,0.165866388213083,17.1703484067292,2.42406588120989,0.290269156641088,0.241669008121236,1,-0.151598785032501,0.168735259979554,0.715207787698045,0.0840250765390519,0.589334609424203,0.103824757562334,0.535377160988193,0.111122779956009,0.846550123676466,0.0930736674424729,0.723748519858694,0.0993221869353955
1.07446384248149,0.162235674476407,15.295410824502,2.16893704117896,0.408886914007407,0.265993505415239,1,-0.0624595940666535,0.172244415766169,0.696400117681555,0.0850890159902635,0.681748154458632,0.0894251920116633,0.763124794587643,0.0884197783635362,0.827049302697367,0.0892004667675086,0.908972719027763,0.0972519494302572
1.21127699503963,0.172864568266406,16.614935827302,2.56201018885063,0.101819219563574,0.225104633257431,1,0.158011570576601,0.15744968836548,0.636676406801669,0.0886776223232395,0.715523428492217,0.0929378593705187,0.887759099775329,0.0949726890919821,0.622029832895962,0.108107074966107,0.715840787553121,0.110391771934363
1.0015285245087,0.181966376827996,19.9232226237487,3.18631420175745,0.222605056113714,0.25618343520797,1,0.0696139183271857,0.172567068345079,0.743292524629588,0.0896430123851457,0.671914615859821,0.0941425993469772,0.826703560131697,0.100050144561254,0.780100604825375,0.111020563614758,0.706116887830412,0.127255983870612
0.759318071074761,0.167618415510064,17.4913319818843,2.32272334845296,0.687668847665201,0.129229418025073,1,0.181096003695001,0.205070035355465,0.771894810228853,0.0869042397046824,0.608305377477851,0.0941453915572329,0.654722604362911,0.0913276686890606,0.771894467526462,0.0921758718572824,0.529933555307177,0.116018946986743
1.12643503833537,0.175852572269173,18.0117496945249,2.62295397549571,0.339318024882643,0.250525591884697,1,-0.10527145702947,0.176651163468424,0.798469615840396,0.0793843065027798,0.791140651337529,0.0928536328199646,0.746404028462804,0.0959176531361849,0.848978451391724,0.104275217275388,0.655334573911847,0.105090688312365
0.933982292473885,0.160754907672414,15.5388195415294,2.14869514959696,0.380827985386692,0.228303956526229,1,-0.24357224676359,0.173178256026662,0.673264507335086,0.0754710446906545,0.684239143916354,0.0751889992891387,0.606040486153913,0.102652995158123,0.745770199864387,0.106624305866309,0.575896350480269,0.123440900414243
1.24397368982198,0.156539589364466,14.8772117014009,1.93691395625699,0.387705116535453,0.195555022893212,1,0.0893269575712371,0.18499229722177,0.579952296356125,0.0885648725895031,0.765680048127849,0.0824183128893706,0.665217034132221,0.0784912874825702,0.707704031435092,0.0941845262437409,0.554468512407677,0.112592444286181
1.34618831627521,0.194714112425437,20.767708153543,3.29479253125097,-0.101753607333615,0.154456986815167,1,0.136152500102064,0.172592637214841,0.712931563699569,0.0951974663272632,0.862483534616849,0.112060187965615,0.822540817368105,0.094867970046927,0.861000840765799,0.10604233928788,0.80500687246036,0.105600191283123
1.10477781290834,0.165012974330979,16.4405609071705,2.4004131112119,0.272434564380587,0.245686363353971,1,-0.178730453044835,0.178885782207561,0.711267981116234,0.0894713465291215,0.70569487246937,0.0839247374176756,0.525914420283732,0.104533024023801,0.825890933876452,0.0936964025933757,0.601015309690314,0.120663922367305
0.970580742955926,0.155960430263726,14.6089686166262,2.14137564731536,0.21676827338789,0.219828317721982,1,-0.0348345188407183,0.16376537949238,0.736239969073709,0.0754041304468904,0.710307103807227,0.0948047185431634,0.613693003561311,0.105102669969311,0.576793749351371,0.109120081083789,0.766344849713107,0.110782063264383
0.935609703742573,0.178496298275371,18.6912786311081,3.25408600970805,0.0615926279056176,0.228225102907731,1,-0.0167077195867198,0.182266476214836,0.684721125234366,0.0977449168241545,0.870290547181114,0.106650902694144,0.863649675854474,0.115938381684216,0.661757585162485,0.109813163011922,0.734567555165029,0.12409345101758
0.944201396303278,0.171396890243396,17.3138260631528,2.65379518021089,0.334002196996254,0.277586262109057,1,-0.0652332438150982,0.191436947356353,0.730148490208955,0.076777253235157,0.647063609538001,0.0965249587944526,0.753393146777267,0.0999067878577867,0.762359362822287,0.109425483916272,0.848447770733033,0.116167238321764
1.17820353557035,0.168094604150564,15.7526397757137,2.47000041224727,0.340777284008055,0.296497675197081,1,0.15819609797027,0.174215287460424,0.656171701697371,0.0847916157991829,0.589813237909349,0.0949615792432627,0.712736005003748,0.09610843849318,0.628950279259786,0.108036789815224,0.532739939144192,0.110754268566963
0.916500657285481,0.137850276203549,11.260706155872,1.32382144147268,0.540696276110401,0.191895433260487,1,0.0110025261462096,0.183453675811095,0.625782505498367,0.0770924500619077,0.58416400719314,0.0756108579576757,0.531789971539691,0.0894442753716899,0.570517737835684,0.094966348684696,0.581102873692226,0.106051550372886
1.02195485070462,0.135792773855661,11.0007323896587,1.44663137814927,0.422797258166422,0.262576362202993,1,0.0598177635605418,0.170871421557067,0.529903944819783,0.0783940023856634,0.669150139844874,0.0862692544764339,0.580388562686593,0.0921507116278535,0.677351670934172,0.104512545537783,0.60051517875446,0.110328579712241
1.28491122161429,0.177383969897986,18.5462163395533,2.52623113811985,0.44422245973188,0.227777628589187,1,0.0140593583828967,0.181840830968643,0.637978875492245,0.0858347098252292,0.823822079249237,0.0858304978861052,0.671377145357995,0.0877844364426687,0.798157737351381,0.0988113546767699,0.572414454913418,0.11169622389116
0.895863149412598,0.168955499533654,18.5326623886598,2.74248014082879,-0.0552146369803169,0.174742736182755,1,0.0196666848412347,0.153890699556683,0.836446081537983,0.0811735443766843,0.631053814038751,0.100661141637435,0.796790879323872,0.107073967229299,0.813543461734802,0.0957577861175335,0.807687748595507,0.111898937938304
0.987454352111306,0.168389602428138,16.0726456379435,2.6995468695849,0.0892118614182486,0.219155293409147,1,-0.119816788278723,0.18823201208254,0.747226549298001,0.0937840548702884,0.68072975960845,0.0993366311986544,0.743358402197495,0.101493633353207,0.681489234745232,0.122203255570044,0.613896837227453,0.139760119137153
0.953115074146978,0.147048454831852,13.9107800150723,1.74700714666179,0.583896268805282,0.207369601803833,1,0.0960691160655022,0.182503249056838,0.589272759959979,0.081917658864227,0.63682744074917,0.0845336188232664,0.64209240425768,0.0943610927127601,0.569910799732809,0.108189061333383,0.59084536248945,0.11302750315067
0.655951301140558,0.162068959762574,16.0364029084394,2.40264738453141,0.201131255298926,0.250100698094013,1,-0.254307362067193,0.177316631524709,0.665965755869504,0.0837021311397959,0.618585686698774,0.101189354580217,0.656603926346506,0.0986696486980966,0.842863308817764,0.0916418780552603,0.568013645638295,0.113325838342156
0.962096132615851,0.151757220286359,13.3724175383634,1.85017081064766,0.474093439285894,0.231558898607522,1,0.0524301876108469,0.174097527664631,0.606657477718542,0.0822645830886663,0.58798447162681,0.0990762278642549,0.708240557200482,0.0935154885033845,0.603553367186994,0.0952550568366642,0.726549280338848,0.0998019499965417
0.841297576960982,0.155362307778826,14.8240404243903,2.18408668019073,0.177696776317694,0.202091648884515,1,-0.0316460418724477,0.156296445731676,0.568492831341683,0.0846962797357798,0.593715168722313,0.0974928787574039,0.647941487406322,0.104428100867812,0.681777170434149,0.0988380267215474,0.746788013966605,0.100548244318775
0.841005158535455,0.159644074136563,15.2464704356835,2.28999018151656,0.173724336426033,0.200257993069985,1,-0.311517886705364,0.17469186054316,0.810771768871546,0.0861932233392388,0.657014288129556,0.0988819257000124,0.724252486339605,0.0967672221012818,0.809150160796226,0.109864736307484,0.600147008318993,0.11755885227805
0.921029734830962,0.16884702401883,15.8435037042684,2.50866286060149,0.149634009694616,0.226741417302377,1,0.428051196285779,0.200149729225744,0.622757183815548,0.0977709046197368,0.75571504701048,0.0888123589625848,0.745122179363422,0.0978136945153918,0.589595412006322,0.116083302492838,0.718715998985641,0.117690793747143
0.967546217555201,0.168798794455336,18.3437081360299,2.74360606749181,0.441944666228934,0.334873168374384,1,0.16503878436792,0.199029180237546,0.693591930602411,0.0864993456808959,0.567475118078356,0.089289417021691,0.87315690705857,0.0932217527569276,0.743123089791183,0.102769693358821,0.775190506112299,0.11545136108542
0.946753167570974,0.146910099476302,13.073798161865,1.91000154206602,0.279655722053961,0.248639128423835,1,-0.112071450973147,0.178168544595009,0.716408360376734,0.0876018139568902,0.57365406175865,0.0908503799337933,0.643331435727756,0.0913650954322522,0.700712445976019,0.101731930609835,0.70246082608709,0.105623042956525
1.08653905373681,0.167281429739433,16.8223046346941,2.48256122379273,0.280029581852209,0.273314314683633,1,-0.182013427248664,0.174686541819222,0.748774498193699,0.0925353608021324,0.732505399663048,0.0968522007451291,0.798964352134014,0.0862911979495263,0.758406825430042,0.0953892307661349,0.605618504994576,0.114556011665638
1.18461028571356,0.185521684223538,19.7495508344324,3.03771758323717,0.141565243962716,0.208014231531138,1,0.0299741007127713,0.170723436812168,0.761422566792004,0.0840490735803832,0.805262871311466,0.0935821855597781,0.613375679519375,0.12208950730969,0.837049264938217,0.103794732493323,0.554775409108854,0.110518664881873
1.12744635524321,0.161955671432312,16.2524560245436,2.32469578219496,0.282329250762782,0.237821901523432,1,0.109722127571609,0.175959513697699,0.728363426008212,0.0836650341155222,0.583045038036582,0.0927178076060956,0.740444502164967,0.090047825581206,0.676740179266368,0.107759034694859,0.636078119300452,0.1147614889172
0.949345314408119,0.171771225497857,19.0669016961356,2.66024694486565,0.174133145695493,0.170964413314065,1,-0.106659846342116,0.178534784205293,0.73226296586717,0.0906452621300798,0.762137608234751,0.0850735140235518,0.809774537943504,0.0888834863510403,0.716071977478193,0.0937832563713014,0.826286270042407,0.105383527417067
0.99480728687871,0.162211340486535,17.2788320405081,2.41950236330374,0.187780209966279,0.196058184365541,1,0.069273222912685,0.157318709000134,0.619357103606005,0.0837949507431963,0.632668052727661,0.088622042275129,0.663584446138809,0.0950922689653705,0.657166928746733,0.102514757404931,0.66145033821654,0.107825559221389
1.03162250642519,0.16814686633552,16.9142692434564,2.58969053409515,0.361343193665749,0.286935705680698,1,0.183961935992709,0.17838056696034,0.590708125813998,0.0970206556739472,0.775967017567638,0.0825146165228583,0.785583172408549,0.0930774565242366,0.621212640908762,0.114864752267649,0.622893145903167,0.122397684295174
0.925687205246672,0.198284638175233,24.4412571725677,3.89471657114042,0.188239275648242,0.246377859316991,1,0.126059989152772,0.209624488128575,0.67646685679048,0.106198324081338,0.835709104089198,0.0933783503897158,0.587380988401842,0.10183467741752,0.719530504951955,0.102780241528403,0.950535026492129,0.118615265781128
0.717878953390029,0.163002949025883,16.8047071670476,2.15113584808586,0.56405337386095,0.227662101174313,1,-0.0437009538508995,0.204895702687306,0.632671313707551,0.076578283871541,0.62865907104663,0.0733898612651288,0.540611790263992,0.0860868966067776,0.642370283125283,0.101462322676059,0.691298232359093,0.110383164789712
1.12162739757411,0.169365865490795,16.5663516440671,2.75556056268627,0.0941532945398252,0.178892018610543,1,0.039180460641048,0.196000424509162,0.651922889690957,0.0962597356795222,0.668089387151727,0.101129985178773,0.646829310085954,0.103642389195246,0.795162768497696,0.109275922069931,0.711017943333623,0.108519626832919
0.72741895318231,0.156360724683611,15.0027652836543,1.96003664606174,0.794465523718742,0.0766632053161147,1,0.0997485904310435,0.19371437773253,0.700456722140315,0.0727387009113045,0.671399273832701,0.0805216596565654,0.65735721148044,0.0996564249041609,0.40219358686343,0.108827234178044,0.781584641382486,0.104245876722809
1.12041515931498,0.161640223949477,14.6546602994752,2.19059915623496,0.203260601112694,0.22517402406845,1,0.0511161300951646,0.177994825450714,0.695553404685167,0.0847706297584835,0.657493672852952,0.0914796759359929,0.579743596499638,0.113219733394502,0.686167461928452,0.0900960129563412,0.700363557432591,0.10466601047608
0.988485534419467,0.187963715876361,20.9415134017172,3.35024949796684,0.144094540408598,0.230768017961549,1,-0.0847260757097428,0.197344608018217,0.789326018167733,0.0848325347486824,0.758355036333153,0.0864570713276002,0.719388343487577,0.110019566910811,0.758086156598877,0.131104102003376,0.575199242547431,0.132105340327719
1.06689686008635,0.154886191314566,13.7978781944898,2.0751140697856,0.168710870618712,0.229957866613199,1,-0.177407749152598,0.166200215675881,0.616972643189775,0.0800370919118048,0.723607284943654,0.0855963247852684,0.639113406232745,0.101141750094318,0.642175641956012,0.117865750845164,0.671937610822276,0.121846496508814
0.848548588656405,0.156891077931679,15.7315387498037,2.30068271284542,0.30678679671854,0.241025999812785,1,-0.0929483295898195,0.170741990913659,0.762476152798645,0.0733260064336735,0.65216050531773,0.0928503913552125,0.631703322773329,0.0980341094470671,0.819009667920262,0.0976724197529077,0.658509414312253,0.124581389958304
1.03167797325399,0.163947175134532,16.5411058737761,2.4697652117885,0.180975792434885,0.230513876130077,1,-0.0701863226131176,0.167432040226341,0.686372642808313,0.0918887351499549,0.529172892661237,0.102807220642538,0.714922587753574,0.0927797317034399,0.620227348922235,0.112371924103047,0.86920980351247,0.103076333070894
1.03691169085899,0.160577043107931,15.6120880080944,2.03262609943682,0.485860991815268,0.237662464051632,1,-0.209343989788583,0.18667675927954,0.699992359023614,0.0793578616741344,0.770869141899354,0.0863673038835887,0.813501870848808,0.0875821028654413,0.797630565434048,0.0813834756470318,0.466165840023328,0.116513548760387
1.13777651470313,0.154626017319217,15.0180798523515,1.88629879348762,0.506510729292262,0.205787480547615,1,0.172310186198324,0.173350934900941,0.654155536242147,0.074981962427353,0.734692431662983,0.0916485592594108,0.734499343262653,0.0852162275997055,0.718410857230963,0.0899896533891238,0.624682345052076,0.102666931769475
0.868664916986427,0.136953233622868,12.2806146169752,1.53753044730052,0.496352754886879,0.187397877038713,1,-0.251574483662399,0.166768770010966,0.707141467178195,0.071410791881806,0.579197036216997,0.0866845075346837,0.490351876162762,0.0894748520175586,0.832078229087656,0.0904931376350824,0.573405800770684,0.101546850172292
1.09146233853383,0.156300182822735,13.5618000633939,1.89183011449275,0.422778328278771,0.259660130718347,1,0.18986655520078,0.175611411652511,0.667718703300843,0.0889967998482339,0.65980887224513,0.0889694313402753,0.639637255290844,0.0914715313143852,0.779738360271708,0.093328842573313,0.735775086590561,0.101240059811697
0.90070190477004,0.16220756668194,16.0941599047111,2.08499966350303,0.526143697682957,0.215262507350609,1,0.129032536899294,0.187150835064423,0.671144298436905,0.0680916174603737,0.722396880653043,0.0857229234496414,0.752093721479477,0.0898881272524905,0.769451099001167,0.0987819394722376,0.717887711208396,0.112476167351979
0.793335976244127,0.161977020181838,16.0281958031267,2.21267928774913,0.520938714002039,0.245522913951646,1,0.0233666983582659,0.207499432604759,0.735936053203352,0.0792692302329324,0.695012435985863,0.092965824777763,0.732403932610369,0.0940901224106974,0.549151497493483,0.111060513035636,0.87656078795199,0.100257232516602
0.826470920094021,0.156525890796192,15.5771334755239,2.27141495601375,0.306024499939544,0.22291898809762,1,0.0216144051545576,0.151459903700265,0.725703750515185,0.0780421720254773,0.570735298136657,0.0959773470972448,0.698105905816505,0.101784867618488,0.645545163964526,0.111427547878856,0.760203917261057,0.0991327660613944
1.11899857658896,0.180768981660476,18.7819200218407,2.97366260595209,0.0452615954771153,0.216323873999675,1,-0.0191486021913134,0.18318048888058,0.73735440692476,0.0967112896470483,0.77310663567816,0.108428185100909,0.892479525940376,0.0905256608211655,0.825577210175305,0.105030744355376,0.756480279276961,0.122051204419608
1.07672334344973,0.165056752372473,15.8604872819481,2.38287577931929,0.415191421350448,0.262674790309065,1,0.138052121987395,0.175508963059592,0.654805356549356,0.0832908279844726,0.662626822674436,0.100741395685322,0.716114521271654,0.0990604804128733,0.69070985478347,0.0944378519787051,0.5065622806267,0.108884084310824
0.851225573755262,0.160463162449698,15.9074201701734,2.2054613239069,0.519849251365182,0.272224595317123,1,0.139548896340257,0.186832144272942,0.577018734230261,0.0898498681007461,0.725295210108949,0.0829673789831868,0.56039162797025,0.121224638727047,0.868113945196186,0.0979778482873438,0.4630185238243,0.110881694763094
0.960378849960498,0.167108608248673,18.1794057198574,2.58853222991901,0.321813939867178,0.210691481412958,1,-0.0105302541661109,0.164618251664218,0.87352792666369,0.0820609301881197,0.543396523358108,0.0985846703242391,0.794607102361829,0.100644030947491,0.536955090028265,0.10905615434077,0.883384851494471,0.100332296670881
1.17365938692475,0.160877687693648,16.3198799373111,2.0209876598731,0.524867709943956,0.180862700798556,1,0.290780177678871,0.1879791682224,0.733585872362204,0.0731152246549147,0.612573592696533,0.0807379691400145,0.701403933015276,0.093785804358439,0.754480474616335,0.0837654108754222,0.661172678158953,0.10678296693921
1.18419621416029,0.16936160364486,17.5468451640211,2.26791800697178,0.592050907045417,0.116977874172536,1,0.0838149412287862,0.207960889055882,0.698588574697893,0.0821152862849361,0.803495285846497,0.0771594613809502,0.741238702573509,0.104965886674683,0.683954466929887,0.0992277821090082,0.781403665097867,0.0951404924720644
0.935802840613918,0.171622951166652,18.8524833576723,2.29778300388472,0.376896773098224,0.166400629325005,1,-0.0201631589875142,0.192484540226844,0.718300171848403,0.077282873826204,0.757186603031762,0.0789177826134317,0.908798535554541,0.0750974942128634,0.789333495525085,0.0925986301798663,0.712040107454956,0.112231279184791
1.07819937649105,0.14785943100813,11.9707411447893,1.60332877563456,0.566093018912526,0.210047415362477,1,0.0859236313949951,0.180490501617634,0.7168286328814,0.0713334451841536,0.651788212884688,0.0840259344263806,0.7245396988061,0.0911127947850844,0.661675783871686,0.103265365587342,0.457551541550863,0.116794501459421
1.3455163466355,0.16470036941035,14.8563207343828,2.06484825610988,0.26385067499162,0.210973083966478,1,0.168540590848932,0.163107958844842,0.597452876629606,0.0869725480375232,0.685208233576047,0.0835792266424532,0.655791146965201,0.0870663324386903,0.850450717760407,0.0833926694414616,0.607179362820221,0.100727962951664
0.825747705797845,0.159616928966299,15.838787504861,2.27120840657127,0.223010232828748,0.216374287583039,1,0.102115651662646,0.179304995703273,0.765324720398536,0.0807520264097168,0.667712034834264,0.0912753704935417,0.585430545230369,0.0891649325619523,0.796119263097725,0.101513771211159,0.791279294060914,0.104887286707872
1.25187806671409,0.163741435482558,15.9555901639095,2.2838974194434,0.397928695281,0.287407870816635,1,0.151113432362184,0.16682738603899,0.734718102206233,0.0734628114983468,0.668786188098623,0.0811204939252121,0.781247511949504,0.0922312034664977,0.847325700724252,0.0911736352326189,0.703387095411015,0.112411659995248
1.21681842135445,0.161309294877177,14.8326243270509,2.14593372291293,0.279767892669388,0.255856258254209,1,0.104344886194421,0.183921270894105,0.671718027987347,0.0819627971782485,0.645883015609694,0.091302457406361,0.654136142831539,0.0989494807543406,0.675460557517614,0.102187397566018,0.646858491910526,0.112557780658409
0.927432033297785,0.159476951069599,15.0071095381965,2.29165122331163,0.301389497854469,0.280413572736873,1,0.190767823495183,0.171032794451674,0.764174886436771,0.0784614094873287,0.626531638490329,0.0959492240661995,0.773650464713621,0.100248019965347,0.820932580560157,0.101434460722221,0.44637146214361,0.122759554008774
0.558540688285915,0.153646493176974,15.9133013307566,2.2804399908809,0.151439058351787,0.204283093156611,1,-0.0434999805629753,0.176265266323231,0.702978642047581,0.0954635504693202,0.829136110640058,0.076274818507264,0.694747355648538,0.0959731623182434,0.678046087013953,0.100303114582156,0.526968835825244,0.112876617630552
1.24268627393102,0.181816965521518,19.1973226165855,2.98559602815488,0.310826534556173,0.264917395206871,1,-0.0366976261584993,0.184938287002199,0.76212203838168,0.0897940622217583,0.799432176904267,0.0903448973003739,0.773593946029468,0.0990092673665416,0.752820763865644,0.105746987091656,0.782439335075614,0.121044107367281
0.704195570392874,0.157713768140602,16.4405730390812,2.10947618813203,0.64328721774864,0.170511362565674,1,0.119804050510319,0.191280616057564,0.794554952996908,0.07808023386249,0.627111983213135,0.0832016018082992,0.740202491362491,0.0899652678122761,0.670232053024484,0.100387095068199,0.824932061038231,0.0911049348958176
1.06529463659046,0.162766478620952,16.0265009333719,2.24024799538425,0.330040885138183,0.241347179725453,1,0.0910174096040455,0.170397867219574,0.782693961726397,0.0805581509356554,0.745469567251996,0.0887779264406458,0.616028593633383,0.107628881395865,0.760345788550857,0.0911089382202997,0.527346528834699,0.122602337087632
0.936413878546447,0.155007942994066,13.8299373435771,2.03351019284166,0.281204906722468,0.236544204940565,1,0.0661549465131615,0.181742859675451,0.644307060218146,0.0951972841312851,0.749815219836039,0.0833879486089711,0.725675693534536,0.0929092461666003,0.598050663227675,0.103558774309955,0.680033595309767,0.101393634011028
0.959354647494433,0.167625439678658,16.6068280847441,2.64021590389791,0.104699230965594,0.227440625379635,1,-0.00771891130907097,0.190033444192374,0.686725971822544,0.0969313235071765,0.744324151914619,0.0959425736919478,0.818247796284998,0.106158820333419,0.697604448640742,0.10698477151375,0.728902155153963,0.107491160139002
0.965130157087186,0.163895041898303,16.396135222135,2.16219947276376,0.669697498368888,0.12150555088039,1,0.156471657916274,0.174381327332621,0.625661416183819,0.0751272204724192,0.654553697604746,0.093389023714423,0.82170336913624,0.0821259877153425,0.575785055168049,0.0953466564252322,0.822520607152577,0.102867775669915
0.730638498119273,0.165853183647071,17.7487174266112,2.40322810548517,0.556150285419392,0.153283581774741,1,-0.225591639844452,0.171557245035661,0.762267644882639,0.0810966931703354,0.792325599579101,0.096114248084341,0.738631472905447,0.0870870104168223,0.672495823639153,0.0962121139921332,0.848939703874867,0.105438241164557
1.12657012612461,0.173975836532056,18.2246090429356,2.6491572751713,0.485938569181522,0.189079130725382,1,0.0992913092258874,0.174293867397027,0.630064607828448,0.0824619305900699,0.675221812764246,0.0858905379281909,0.806572961088247,0.100373095488466,0.74769373679025,0.106723735613448,0.60821915444103,0.116684358869076
1.05842041883431,0.174706068148606,19.369982304947,2.56937286609283,0.631393875487754,0.15624736452968,1,0.222312148180567,0.190162438579292,0.704043852985242,0.0990611481562402,0.651252976111074,0.0828855467841321,0.900205993934968,0.0844325857685154,0.709358733425464,0.0903096025629671,0.747870272308031,0.122200117413286
0.81309964949917,0.147533228538631,13.8926345575661,1.91996379962203,0.15755993911819,0.2046564267214,1,-0.0575298250602013,0.148528842919519,0.70650077346472,0.0765720915208446,0.656074515860395,0.0958815114400037,0.711514066220847,0.0900704640683033,0.617828531495679,0.107651518836277,0.505890124486736,0.116964570887787
0.93045108155496,0.164272421497069,16.5382512725528,2.36379243256165,0.42065283296225,0.243791063035299,1,0.148584274259687,0.185251034695879,0.657375586303334,0.0835278572756159,0.640559472540834,0.0874174066522101,0.595641316239131,0.101331863871896,0.560005933279705,0.0963658620136971,0.688232039057416,0.109575678944633
1.21090778680536,0.193217122993851,19.8579767398532,3.40600096471166,0.0011057520102491,0.191970709134794,1,-0.112224577492938,0.181215755414408,0.841481654620975,0.0883992725288345,0.835188444346187,0.100725594962599,0.718963821931393,0.103368070362506,0.895353244552408,0.11318640338892,0.804946224185761,0.118176738988266
1.18166778366331,0.16642255078963,16.7523243042557,2.4026533908353,0.103876159361104,0.210886678980829,1,-0.0936518637173363,0.19237709421872,0.772151138836572,0.0944873165159564,0.735437231597982,0.086922374113057,0.790171441530423,0.0894377033595694,0.819218427124343,0.0934214838382011,0.834600366442206,0.11044179960381
1.14601544189504,0.186211350657588,20.6953216573778,3.34630255030847,-0.148491560167131,0.168766609636981,1,0.284144021797305,0.208628645814876,0.813567798157063,0.105139050344377,0.654658210331824,0.100037427224058,0.795154759522629,0.106551354770358,0.889731483801305,0.116500960978325,0.945647581311493,0.10261149784524
1.17640124243798,0.172326110734729,15.8470837731818,2.37693065335001,0.299126991826196,0.287668943827145,1,0.247844405914006,0.205313575770073,0.692573026384614,0.0856685504132973,0.787283670199665,0.0995448963973339,0.628144656524859,0.100165349785675,0.795861218558915,0.0986537073755977,0.727404202454964,0.129622700565441
1.10168916595996,0.178516825297893,17.0249153473553,2.86456442635772,0.0186672691127205,0.218703970438435,1,0.00685811699365577,0.161857102187717,0.814304631343992,0.091083443831515,0.712701323201356,0.109675419725824,0.639368728741742,0.112996329522173,0.736572675149402,0.112425457349587,0.641293472723616,0.133798334814444
1.12277493384686,0.174380539720596,17.4404395720765,2.88193103404878,-0.08011004306165,0.178291733217138,1,-0.258841719006353,0.163104344487962,0.805803275799423,0.0953886257078046,0.830786305106209,0.110658909519617,0.748531492928372,0.112419208584201,0.835186645656749,0.10313139191342,0.745002792446505,0.117887108113339
1.19490569336453,0.181543651939619,17.6755979503133,2.8288275084269,-0.0973481631083912,0.152275981293775,1,-0.103100167050633,0.18530723207942,0.802934216985697,0.0890139992553161,0.609041951211184,0.10735983196608,0.840089116667589,0.0995074477771187,0.774016814433607,0.105490792961675,0.753240730380076,0.118918453761113
1.1084013502754,0.170020917258737,16.4475620896648,2.74379210343282,0.141996975044653,0.233690256878632,1,0.189507022898572,0.156345835042153,0.670171757162619,0.0902456441045866,0.591399828688666,0.106773435499168,0.728077729091621,0.106773921361905,0.653855116638155,0.117752785995782,0.6859625407917,0.119459554910834
1.20662664081264,0.178792572900251,19.2035325583594,2.96357851248214,0.135687112620495,0.231825454397854,1,0.179358148541039,0.17055602279746,0.669586676750993,0.0965243144871387,0.857558241737382,0.0844990255871002,0.794143784856778,0.117151167180183,0.582629164000018,0.113392851266476,0.662884461202779,0.111408530521707
0.829562738282875,0.164510851035331,16.8654601611799,2.30482827257124,0.403710356531389,0.239702901756332,1,-0.180126824072391,0.198826099941147,0.8091153018314,0.0876254917749854,0.701774254784479,0.0909139281924163,0.583272099510508,0.099332498899306,0.619434701146129,0.102557802399602,0.760098550059046,0.104300763889477
1.15988709361919,0.155291612024321,15.2480439127043,1.79342865537091,0.605999490330306,0.167903945884228,1,-0.0533722510893282,0.191752337114642,0.717303908951151,0.0770487436763217,0.804277854680493,0.0690535525057595,0.566586009027784,0.0887625276294239,0.680385934900963,0.0823465082706709,0.664259010322284,0.100876389271593
0.902897320375862,0.15811092124214,15.1581909389857,2.00621204620955,0.559017027159711,0.22140200291453,1,-0.151973691248993,0.190990880079865,0.710357730884887,0.0774114069905748,0.781119318017678,0.0857666667227743,0.56740712422657,0.096852606029925,0.81043739065386,0.0837326481051531,0.642609104966004,0.110111207613829
1.15310083357831,0.170106860286183,18.1043556536066,2.40280495052856,0.578616870428323,0.233432867577756,1,0.126445252534867,0.209449820260983,0.71050587828155,0.0911073915511601,0.756609840781627,0.0812261729181654,0.569460495990154,0.100283830222492,0.768104597323941,0.0957210539612441,0.65309782412684,0.106897185231124
0.850232771455355,0.157333104621128,16.1340866738333,2.07675118143639,0.36451365919516,0.199674284669749,1,0.0937561385154144,0.164991681795401,0.709209341293541,0.0770524907440369,0.715551142637843,0.0738821558620059,0.655453983910364,0.086716548620729,0.687694164082295,0.0953991098895494,0.73848855370739,0.0955482039230269
0.747673638970553,0.151779311969487,14.990371927688,1.91125207340157,0.541710426735662,0.180878394615813,1,-0.0624900227403509,0.190399401001476,0.570181095199172,0.0948722003500105,0.671515911444879,0.0814485805221206,0.864119997343316,0.0778447386746514,0.66469038111609,0.0998338810295793,0.591492734062243,0.0966062937026217
0.88201749352809,0.163407253692338,16.4172179851156,2.21154052892085,0.489745679238847,0.258073287054306,1,-0.13718574290173,0.167836172895505,0.598532176626169,0.0841055752036471,0.794296089479491,0.0783440517831276,0.558258430506503,0.103234396135074,0.583013408461038,0.0873017222197836,0.809090817113664,0.099059711007159
1.04929796105615,0.154619887820534,15.2670643854593,1.99120254969297,0.390291081629591,0.176346037718842,1,-0.308571445026668,0.178738934391148,0.718463309695141,0.0753176149580079,0.607809956344581,0.0776947915535982,0.681414336075032,0.0980290587982231,0.635722973467063,0.0991290674769439,0.580205866509579,0.120991873509396
0.946434990576169,0.173044873231841,16.5686426988202,2.48436901058163,0.188693806821228,0.20213448473455,1,-0.26832530349783,0.171210652732464,0.80667680187677,0.0752159703507436,0.608801060072055,0.0975720006753741,0.626930646094285,0.100497865456353,0.742982883089595,0.10825217283439,0.634947407164925,0.123219856805811
0.986416105431961,0.155917713027395,14.5655148375061,2.05587422243976,0.566662031244155,0.231210608678878,1,-0.271946477452276,0.210055357481112,0.728862264060483,0.0937356694767659,0.822298356688909,0.085258867363236,0.572255172052733,0.107659422498639,0.744861816523768,0.0972277042532399,0.644594612662706,0.0909045173783442
1.19655294959686,0.185916731921951,18.0735882267442,3.1159246863411,-0.0528272776115903,0.215482616543023,1,0.299374288268084,0.181024779461146,0.73548493631178,0.102751760227282,0.816822000988143,0.103551342698868,0.778643414976863,0.104115006506693,0.858047562475335,0.109895911927752,0.660645855042913,0.124524788162918
0.881654648139761,0.170437791655156,19.4314932682494,2.54434390984555,0.329269484616846,0.195136561133104,1,-0.236825481617303,0.163706444067409,0.639624846238577,0.0811688213958835,0.721598402181568,0.0807919783412794,0.612265019448667,0.108981349443744,0.88575262019755,0.0923161662533518,0.645187921979624,0.104628111887885
0.872854495925907,0.142855034992534,12.5148370799327,1.68897153075958,0.439802392062389,0.263352389128803,1,-0.0499210879372067,0.162992877502545,0.700637669679332,0.0751324241329339,0.634362643952289,0.0894160046999914,0.625482224108605,0.090739550419952,0.663485399837792,0.0938126928619214,0.483110083092863,0.108182482189665
1.1405933151085,0.176767023504434,17.7637694771184,2.98161461852619,0.0182194514682903,0.219596694131229,1,0.00519457723813961,0.205343567297109,0.71533702861058,0.0963189257877048,0.754396080491456,0.0930876509202081,0.836513067325937,0.104646748120151,0.723601120010684,0.113976311240768,0.787336528957394,0.116863460169463
0.858897132556432,0.166195999129134,17.556699716068,2.36615721878536,0.564628076309074,0.176885301239996,1,0.0361357444914742,0.190984905093962,0.432587949279009,0.0934717416250568,0.567100316222004,0.0914639312129968,0.622787230381529,0.0821784364107927,0.856010953933671,0.0920271453195088,0.620187445906104,0.112331840314298
0.962855766903671,0.138304389889505,11.7235256215086,1.54944296459698,0.607290232807257,0.17465364455114,1,0.231169775212069,0.172920654224927,0.571764441010125,0.0763258054329835,0.59363444489826,0.0856525095182245,0.568091438063427,0.0933669714989116,0.596526805835483,0.08973206413665,0.37698210614777,0.122790092030759
0.909472036204256,0.16118601909929,16.2780694827794,2.31048081572099,0.421623717774424,0.260210162213721,1,-0.15884886763475,0.181512619905946,0.72083125356766,0.0843619108299105,0.797883234987763,0.0838167187290417,0.722221299151493,0.0977230235284414,0.614834157995365,0.104921407934218,0.706967403993864,0.0968115103676721
1.38964818077935,0.197670759975277,22.0063927793314,3.54929268825173,0.0388057482577128,0.201136122390062,1,0.0288192003150096,0.171551940135897,0.845956197710001,0.0921725073513344,0.729417058339586,0.0977794328499732,0.722540253504547,0.0994894582885222,0.779436973678849,0.11094140457828,0.866167340302585,0.116966905856475
1.09549241278165,0.161726338373707,14.4812766003148,2.17085796770662,0.265131682712979,0.271230250991745,1,-0.0378077275452823,0.190572282214128,0.879985518466209,0.0906270842395958,0.69376099315088,0.094288091585566,0.681148545414161,0.0973540180072811,0.585685614553441,0.102489515981263,0.628881974697997,0.112084812070105
0.816924744386688,0.15900514491109,15.7766024804585,2.29008917118009,0.254999107260728,0.245205258110498,1,0.0407839218458007,0.19061368564016,0.686341091222608,0.0854069535126575,0.702755334837393,0.0923067788950756,0.644588196778574,0.0929486925082554,0.695423432455119,0.10015120822243,0.718407763367626,0.098850818052293
0.995165536152618,0.173437203661302,18.5990655030996,2.70545434654792,0.349632074865389,0.308436918050377,1,-0.00628044421271247,0.180177817846605,0.754911990199884,0.082072144048002,0.665600437682138,0.0898262537293407,0.982920732381803,0.0900525366117226,0.644193459873942,0.103115371597379,0.689156959326712,0.110714642663364
1.14901248394763,0.177410843380285,17.6148169574731,2.55950345200999,0.485020027960826,0.260583806488157,1,0.0916159919616496,0.19035655431759,0.710027337086158,0.0870291804005252,0.839776325060807,0.0876235554341769,0.672811955767588,0.0974514511319993,0.596275600625549,0.106058020557791,0.585545802059776,0.112452578688034
1.09279768526106,0.169237100059437,16.9339352530014,2.67571626596758,0.0249074283089488,0.18777000500815,1,-0.0492579882813942,0.192090556156526,0.790660112654106,0.0903960694624884,0.736072156611604,0.103441968145224,0.734376906171927,0.109192586213279,0.642160746370378,0.104554525826603,0.747977360326175,0.121962500574661
1.16738673280209,0.168765586945479,18.4500175162546,2.24583398394999,0.467215998765286,0.204398812105423,1,0.0535917127400386,0.17960417978058,0.68378353960485,0.0770347159325262,0.813068376423211,0.0815059986964829,0.671258924657101,0.098025562645213,0.855689254298349,0.100971723840339,0.753662605412616,0.0980071984265016
0.874608511259557,0.134565439843336,11.3276492745401,1.48011249706901,0.356810008044466,0.231942932154074,1,-0.198902572044261,0.166881739505759,0.56803801877257,0.0744236288112526,0.688727835667724,0.076052411564406,0.600290862886369,0.0850988745709965,0.625870870700003,0.105931463899092,0.342633154538225,0.111423388125678
0.921968960442771,0.165403030961174,16.7308427851797,2.62916767940271,0.193984070254034,0.218550757021607,1,-0.392285928336376,0.170692314556964,0.794452096178024,0.0856183061839722,0.834925552203155,0.0992421640834799,0.700867808429215,0.113265852331897,0.791536301380042,0.0936481386692611,0.510687804296413,0.132909717781689
0.916483846789797,0.152905556050992,14.4166009259649,1.83741472958564,0.501049639539269,0.203352606134429,1,0.0959787908368439,0.168572059785633,0.574852972618343,0.0889104539327893,0.723106239312186,0.0779641908326082,0.61594719821396,0.0827718848505949,0.594320997006705,0.0973684908440874,0.386193693549674,0.105785247709684
0.69826152774123,0.172134908105406,17.9056351255266,2.84153146234998,0.17192022892725,0.208329351602928,1,-0.236944768953303,0.164977526550657,0.781401398267958,0.0908947908093323,0.770985450856342,0.104106408942988,0.850265258427364,0.109239045385371,0.85835501145296,0.10359873993115,0.723053527553986,0.113447738538644
1.0795115207623,0.155718084740789,14.2915524186168,2.11161586412634,0.228259475131282,0.21260422828851,1,0.0843519467356022,0.183073965098732,0.667690515580523,0.084016525082941,0.654394802945562,0.0982418457781763,0.68793287855305,0.101591459839284,0.667772057325089,0.0958964885002262,0.667527372176673,0.1019770506562
0.829257821960907,0.164692471789104,17.4806182669221,2.31966953259422,0.557533527312683,0.172471426715296,1,0.0503466658469469,0.201725163246311,0.778478456589347,0.0750181779923806,0.784455493735721,0.0847915042053412,0.577816786595176,0.0991796267597065,0.605119996817311,0.110651096593104,0.758664437940028,0.116235885092619
0.962417022751598,0.177836736159777,20.695873213547,3.14294516719947,-0.075469783755615,0.182518719019678,1,-0.00512046046427829,0.178465856604678,0.774947783796372,0.0920925930924717,0.67676007549373,0.0980940456962695,0.943901656660203,0.0991664851703705,0.829821128824737,0.106828923504818,0.824049273672577,0.113786033808428
0.691104040947016,0.148080231847479,14.199691323992,1.90257250669092,0.500079379397202,0.240589052553165,1,-0.0867877964842262,0.184288492143458,0.604558158622568,0.0825275428203848,0.816033377090675,0.0711592099601134,0.596857667742341,0.0992598133800032,0.635447716013854,0.100265921160007,0.552877141411883,0.0998438322706447
1.17132804189654,0.176091023761423,16.4510543331113,2.63995377199835,0.219533030749376,0.241035473288391,1,0.227304496230078,0.208090115693937,0.635682855967352,0.096564203859093,0.646059345497587,0.0887674914927662,0.676017515717892,0.118264722957551,0.616251406848253,0.114803121234945,0.603536071833477,0.111180294820059
1.0351948374006,0.157741183345648,14.7827012885576,2.00834258018802,0.503920789132638,0.209633438879213,1,-0.129050474584209,0.176837801857683,0.763178176476148,0.0712885578365343,0.684744973922655,0.0923966567938122,0.806898891826782,0.0899361882070844,0.561221393555853,0.0958385939641963,0.579284937155616,0.099107818905623
1.05467114363797,0.202675226481998,23.209665954523,4.34936245249126,-0.00739173884543433,0.237112547676565,1,-0.0867698339854145,0.20095417449556,0.834763386428018,0.10395877617733,0.735721349556604,0.115523316691125,0.752551463065742,0.109938497998121,0.729725376764448,0.131731913217219,0.706312768485427,0.128342269328133
0.838364079939071,0.156575815102553,15.5737603141235,2.27952287124735,0.33561352094596,0.267660073136927,1,0.121607730026687,0.180474067010006,0.657014443971959,0.0837222540774984,0.592811332902443,0.0970105485509984,0.684263766943196,0.094486903567271,0.617698354651733,0.113001069868948,0.617262508019145,0.127083014539898
1.00634006799073,0.179988033211753,18.8524650283457,2.91570813264724,0.225656153946895,0.230689309771998,1,-0.0840205334045642,0.17086798929579,0.822778548457793,0.0827020874351443,0.703556554469832,0.0977879339993441,0.749842198631047,0.109583794793286,0.725689065556686,0.102238089485296,0.831751185950638,0.118027160879869
0.85870124765036,0.158717851889014,16.2166931171694,2.20167141193151,0.563229794130084,0.187482145995925,1,-0.0139430541271202,0.170467486109778,0.601254237008397,0.091950056985116,0.655078070628589,0.0832323470671343,0.602288967514826,0.0921328033005341,0.672727035972376,0.0873635344627874,0.678098749146533,0.103183113544887
0.969973520645303,0.158037978396994,15.6994530879612,2.29857526602152,0.220716443581929,0.224592268944168,1,-0.170899818138953,0.18914887994089,0.698063421418023,0.0884802148187324,0.631340308729088,0.101871535949245,0.689573253091665,0.0941248969862114,0.896655168183089,0.0815468169983883,0.571770995985049,0.117208698377122
0.820467233058307,0.181254776421512,20.0807583612323,3.35760888278485,-0.0175388550530364,0.187452725449062,1,-0.267255624745105,0.175990779886537,0.771913341190529,0.09630324827831,0.964047694411917,0.0921320195917086,0.655948717189804,0.105799494960764,0.833276503450746,0.110823927099037,0.760423714245665,0.125719162071252
1.09548418858798,0.160549332030813,14.3434183334188,2.12596420362051,0.318481926771913,0.260640477734015,1,-0.0288178232501934,0.217872358810793,0.773672495376166,0.0909537446817933,0.611127632766712,0.0966186626581314,0.590553808958815,0.099480428326507,0.750847520786635,0.0974526021458404,0.681115957836553,0.0983295131405967
1.16038704160339,0.165364661908322,15.4616751000325,2.29994070996695,-0.0565984341010035,0.179548444512513,1,-0.0822031826627065,0.153166004243675,0.743987142357701,0.0895385305553933,0.731842327812506,0.0937310768785625,0.760283802061289,0.0916030792249525,0.814123500556189,0.0947736676185068,0.795935391390702,0.104502088286977
1.04389530441261,0.144431852121773,13.5722776887815,1.81610364250965,0.433808124262711,0.243847460147715,1,0.0690440773460241,0.178050573743657,0.656788626719888,0.0765591190031718,0.62234353211667,0.0828113640277502,0.608840323889288,0.088356512728617,0.766016533026135,0.0982142067740716,0.747518389719653,0.113128537432004
0.891984005740681,0.148780986730237,13.0933761120549,2.0566228482534,0.158377222212776,0.202487459378264,1,0.0624202037281924,0.16873275441631,0.671876028365787,0.077162826022635,0.662777266284353,0.0961060169764554,0.525551766662191,0.114107591813585,0.65120218786363,0.11002914880076,0.736081865615307,0.119045059818841
1.33287657440703,0.158230966673528,15.2643176968055,1.87968020585117,0.557651036639253,0.222539769613354,1,0.537896679091336,0.175627125569995,0.707989649562507,0.0815816059921715,0.554847945859091,0.0920867193371651,0.685849952875152,0.0859237748118755,0.8005859517461,0.0894323887996089,0.693763368461572,0.0937207114030992
0.829296571212174,0.167357181941194,16.5752538161726,2.57090564419012,0.397371652833051,0.304030427561362,1,0.101889549398237,0.181465858749229,0.766391632777977,0.0898552475536288,0.659543123217304,0.0927233015132613,0.626727230515086,0.10619783540751,0.593299304772736,0.108022430862979,0.723822238263127,0.112717804963548
0.783905742608132,0.152885903927474,15.0370865191182,1.87766705965577,0.562719459181101,0.183011196046025,1,-0.184465428003583,0.179437032236017,0.688159371807012,0.0776475449146552,0.566380757576856,0.0829397987940784,0.838954635775623,0.0881678471231822,0.698165540982665,0.0893189689772897,0.475963845795508,0.117612652292588
1.29308865603749,0.168923877155254,16.7251668874513,2.35227426871204,0.298674845103354,0.236042755470963,1,0.239747545067428,0.156007331373517,0.706452254253931,0.0767260305777513,0.742634124578913,0.0901744925257214,0.695080833338879,0.0944640009497612,0.755937084492031,0.091501351538905,0.732018552541265,0.121918563740117
0.866470389021684,0.161052021885132,15.9095023931711,2.01485552774495,0.591022299008984,0.166636781522588,1,-0.0109234730330363,0.173921556585896,0.70242189262475,0.0799373698611149,0.693167127231537,0.0883736951782048,0.642767742539088,0.0901124153133561,0.693083493136978,0.0857335473658571,0.689242428322142,0.0999090122486658
1.09870985083812,0.167093410042803,16.2333682714413,2.36066365508814,0.487033588795993,0.257834716955404,1,0.0590042696582196,0.174005471811764,0.599856708594989,0.0826975295806745,0.776878501466224,0.0860772356461059,0.652424741749674,0.098277534144346,0.641079440483286,0.113637865854041,0.710167579689489,0.111711059640502
0.997751438606589,0.156008895809561,14.2895532138486,2.04601604478931,0.371956571153259,0.260333384122131,1,-0.126542729834067,0.188473283025805,0.760047417503124,0.0768791710341586,0.655965142562311,0.0857332576287441,0.561676758075419,0.108216065177016,0.828026973318647,0.0910086177112664,0.759038081724646,0.107049216925608
0.802021767199,0.161287307930579,16.5872068484493,2.3759936581422,0.267668843967521,0.304782227939616,1,0.0965266109692483,0.160247270836242,0.760084727976306,0.0768787090690538,0.731165233485374,0.0851775099034958,0.659406276581053,0.0991585308929061,0.718957467247133,0.106665228426332,0.61849410623489,0.122640054518033
1.02844909556126,0.159430581418187,16.4456951074383,2.15864651994425,0.387015376596503,0.191072862735115,1,-0.0552154507484899,0.175789806784221,0.737754319884474,0.0786067970978971,0.63742311588741,0.0903250162355868,0.724758091752591,0.0895044290808606,0.651180783509107,0.0966537149983188,0.605781842669487,0.105782176586473
1.2483174341381,0.190471269984493,21.393982849617,3.21056529351753,0.269815788844153,0.28602601148375,1,0.0151846098485794,0.1984933736697,0.828745861086385,0.0848708187421324,0.885858613732213,0.0862377468645958,0.746190292803572,0.0976156355599383,0.777969646657128,0.101005196596164,1.04924097418372,0.10945833956776
0.878514836592229,0.171462181491858,18.211770155289,2.83431423752452,0.145956532800595,0.205525388237348,1,0.00305612143169924,0.161634775120824,0.661597673915546,0.0908418652285058,0.752809815969544,0.0945294647323098,0.805967878014278,0.0965978733870221,0.711707384429926,0.107218393692625,0.745748205224726,0.106066142475382
1.16900814280022,0.170083528163403,16.0483619961321,2.35670846624989,0.299333388730886,0.273697760516907,1,-0.136154064619974,0.177084452371022,0.744661158512482,0.083999167226292,0.711190054881796,0.0904537328934027,0.661506389389841,0.101570896681054,0.843378000807771,0.095088448165091,0.801124070078217,0.114909559252967
1.02067054182684,0.156637781807398,14.1882444729191,2.08871760701357,0.162194272700562,0.223589487907502,1,0.0426092753380287,0.164681953798884,0.612185658676916,0.0897620592669028,0.620221320851022,0.0873367333661863,0.60566598587136,0.105086239125957,0.72877196715894,0.100584057947693,0.680616863119524,0.118255846173708
1.13848123611427,0.155667989011024,15.0018980180053,1.86883873143503,0.450058080367131,0.232848225417051,1,0.114295287006838,0.167760668124158,0.687177254613239,0.0691368066173766,0.663666702871769,0.0917722565107152,0.780484888698677,0.0930658578668758,0.641090230818431,0.094451305644751,0.713683154157514,0.0967058278526309
1.04188665380042,0.179607238369945,19.5784659898675,2.89353691985375,0.381799143876027,0.215449683126584,1,-0.0808530830942702,0.15487242326292,0.776207870831254,0.0724800831401827,0.810773660886907,0.092231937125621,0.750239826761975,0.105839447406142,0.785525334994218,0.108616959015913,0.692553842216712,0.107470272978461
1.09695833570969,0.176927656402342,18.0622760264144,2.9575639622308,0.106334260828917,0.203896290435366,1,-0.0381707825942849,0.201525940633563,0.754023687756138,0.0960668349472405,0.805944809956384,0.0892119672073595,0.710874635745444,0.0995245890215556,0.701868668009398,0.120937913575038,0.681443803200528,0.132538981176405
1.13983375861776,0.160136188035821,16.5665299443704,2.12450183132634,0.493429503552684,0.202481934998465,1,0.338741022909033,0.177420190871603,0.522285554240101,0.0801989693989674,0.633303145104394,0.070563871481603,0.711177485416899,0.0892833279341485,0.676364655381429,0.109775728579906,0.681124442567611,0.110451585387588
1.08416876314065,0.169804971691094,17.3393737333201,2.58370195305679,0.421597806090973,0.303563099092574,1,0.0252002208669361,0.216971171696408,0.668666331215601,0.0986686970184356,0.696850068046008,0.0887426672910569,0.795288908509688,0.0984482287503332,0.588638613989317,0.104315678911009,0.771979936836887,0.108880644044053
1.07397118019476,0.195364630796509,21.9111426671383,3.79718273600756,-0.117545270172147,0.174587425291355,1,-0.18027117082826,0.202067630950213,0.891948042495024,0.095715418169805,0.773440762065875,0.112226972041665,0.733165365291666,0.110391165211591,0.971317597661146,0.0977317669004299,0.731008873040437,0.130119888739506
1.00693427328429,0.155799494179294,15.4310044057097,2.01812942031702,0.632592669887194,0.167773221141767,1,0.198784985758886,0.191018352861973,0.69644135502186,0.089768485524216,0.694876913550733,0.0766455815866259,0.654179242009212,0.0996221940047765,0.675969458279754,0.103616772970646,0.622944665690435,0.107646807469718
1.14338463847884,0.173176105107522,17.650353813694,2.63566750236837,0.40615939422144,0.270439718397194,1,-0.0944829235167424,0.190003851588858,0.694862282072921,0.0759862147674444,0.684158499531097,0.0970148703681621,0.815604119426517,0.0998140866168366,0.751301659053681,0.103278104349056,0.630872735324323,0.107518066953441
1.07235008305579,0.1661071623302,16.5744108710601,2.36738296558004,0.318125727512109,0.224532327428897,1,0.256502973639695,0.162229597558826,0.602643078267021,0.0807194807630465,0.711461767901549,0.100517799419703,0.848873679825923,0.0940528322376302,0.721498973203361,0.0940353629228,0.583549099108503,0.110685629603026
0.823319372779694,0.192158667906909,21.401753812745,3.68265654953063,-0.0287481618547318,0.195939704231329,1,-0.0796357343009737,0.208657036222237,0.818845698178559,0.0894765462042482,0.765048142791435,0.107026212743458,0.85009479953244,0.119552959908195,0.661406259475336,0.116632627694409,0.81313663603286,0.120950250530835
0.698692862113325,0.169279726891126,17.8866853086638,2.60746958406635,0.400819184758626,0.284198477522427,1,-0.283405823590268,0.193434547563665,0.785123782903156,0.0846891711602588,0.771220844470601,0.0908343537983275,0.559392452353112,0.107312732382411,0.671618464313263,0.115336412708112,0.611883725298258,0.116889956793864
1.00917004092882,0.137722268485334,12.1105342678027,1.57987905614296,0.260740009551813,0.197490600516066,1,0.0791542152853262,0.155589768977096,0.623209889339645,0.0720819653485256,0.757791056697347,0.081829554617623,0.641548249949249,0.0964514273893855,0.592803919962962,0.0992778637960712,0.811420181457715,0.0923212218374411
1.06441742959774,0.147779451370401,12.9237282154594,1.69276482741604,0.53155584690315,0.149166932258349,1,0.0258823638599058,0.166400606449086,0.689831752645027,0.0706283754242357,0.707565935888463,0.0748354895832425,0.528861097705486,0.0941130288291219,0.720461666143685,0.10236570527987,0.608640609776624,0.121246461101277
1.14617517870935,0.156125265474186,14.244219201238,1.95487536027207,0.349293992944777,0.236724233793756,1,0.176346049466839,0.185305925790122,0.699867447200323,0.0724023468802256,0.708102333994039,0.0838117072172586,0.740343877927136,0.0943627821242239,0.674535562859488,0.106670869994814,0.644549962448576,0.1125863835413
0.945600515156666,0.15864892991399,15.8175374281994,2.25737137646473,0.395798590663784,0.263897660741496,1,0.0523411821906296,0.171507147145854,0.649410443031699,0.0816120395699402,0.815875118629897,0.0854990107994759,0.673291898592566,0.0888056002419902,0.600272065189245,0.101777295264369,0.53801124625662,0.132810976896124
1.21717952192567,0.175953311790504,18.1376120010298,2.88095031722774,0.238250827726556,0.243801095954879,1,0.066090300663957,0.184285801770357,0.641198411785932,0.0891299994723587,0.809377653199243,0.0912679081886202,0.754492126450716,0.105982216687151,0.5599551479738,0.109700813159487,0.673306868341317,0.114717572965823
0.836723515674151,0.148074766109325,13.9269758207702,1.86821690897355,0.415421304109874,0.239871737989053,1,-0.245230912022982,0.181710093219195,0.703741049872641,0.0874049954442282,0.589267620738567,0.0830584609729313,0.571658048167123,0.0874498109763446,0.761876357738845,0.0929964541543635,0.530295032603633,0.115153935524325
1.10692206247197,0.155716811313451,14.231073953587,1.88530852590597,0.519837324851594,0.16705248835261,1,0.0606311241839114,0.164396175103157,0.718351071848521,0.0735756679005291,0.614747561870872,0.0922124944030635,0.782853274653131,0.0733700220007908,0.647693238499859,0.107131537652017,0.607726691074033,0.118538980853653
1.05312990927365,0.165623905610449,16.5777724167895,2.45825870038844,0.284304810263851,0.253458870528077,1,-0.0981565856540077,0.172179721156889,0.675934222367378,0.0865198209541667,0.583512004086237,0.0993129683802598,0.704358297805284,0.0868581280407318,0.75523559000826,0.110456273409417,0.658553650794941,0.10333993277075
0.899906762142928,0.182952497717587,19.8952830072273,3.44798138713601,0.276550716536606,0.275450466220764,1,0.215598373803923,0.186963069687064,0.71707416954506,0.0938168197856723,0.75599013046866,0.104742496896722,0.712329680166024,0.097092448214848,0.831484434668058,0.115680975913246,0.665130377266378,0.145553293993961
1.12052383307208,0.166018452183291,16.5714061589289,2.49478573246978,0.166216909253282,0.238301404712712,1,0.00470709931612731,0.156264382888109,0.759732728663585,0.0837542174575218,0.674585573844378,0.0873014932628093,0.668657724303998,0.0946352099019456,0.848226095434155,0.103424298082544,0.742429389628776,0.118083291587566
1.0497789819976,0.158083311052441,16.2222736618298,2.17410195037753,0.465527072302241,0.171822852263382,1,0.102721959958994,0.168555640096969,0.702090011890589,0.0700896675532028,0.593359729777768,0.100085991338922,0.763630028259963,0.0956188135829061,0.630655559822507,0.094062338905867,0.719834378192958,0.101023283105364
0.843485679730611,0.16581499109856,16.5479843294458,2.56855586607072,0.169722068699558,0.244475682791486,1,-0.0361353479608941,0.178292529546251,0.78962319716762,0.0823558300827686,0.848612236482062,0.0968901850803931,0.504164226588729,0.117104187692651,0.727256749321137,0.112041659870431,0.750881900055871,0.104774925894543
1.36968968614069,0.175908671959673,16.7412469208719,2.52302372238655,0.48253072563145,0.23037829454756,1,0.180992920743854,0.187128709658244,0.713943104043031,0.0791234339340974,0.718922117815729,0.0921234048145862,0.764667334286286,0.0924347394373629,0.732615687482109,0.108185512356576,0.597665857489043,0.124392700455725
1.1074141554486,0.169808532812474,15.5192265071747,2.51559215461333,0.0167010390635122,0.210834184135335,1,0.0756769942071997,0.172022397241878,0.80037910436656,0.0917448092828542,0.517066813272323,0.106453009040999,0.892087755537932,0.0986503924309805,0.817295038517905,0.10980934398072,0.744905172905935,0.119961737941817
0.78402882374047,0.162880291995731,15.9686743839169,2.3363653474454,0.219464034384237,0.211782028812082,1,0.0887885281616167,0.181196683540794,0.648620918829529,0.0875755227333839,0.76366073482951,0.087937640890214,0.569444567404229,0.104931129227944,0.696481671706145,0.112947411289802,0.790740592472372,0.105772270145191
0.811651803929469,0.155715128128658,15.2322834452284,2.18427490274991,0.386850787087091,0.220999131080256,1,-0.00244892004493049,0.174017951482852,0.687099192662934,0.072071385029471,0.639784267372186,0.0990387752343699,0.811138809427111,0.0906240864012542,0.634996632167297,0.102637824432988,0.648306480811148,0.121890097094008
0.804481738778928,0.169524266023639,17.0824851163149,2.47410365137232,0.438263524373935,0.272134476299463,1,-0.239298186813327,0.183443355130811,0.658374840373415,0.07897177205763,0.689490597843255,0.0893013894852453,0.842193271021177,0.0957892753090362,0.482245487467416,0.118234422538,0.745771054618456,0.105052582775016
1.09537880504975,0.167340885642973,15.7781525173503,2.5138736663551,0.1532146661763,0.231508927601038,1,0.095655636266365,0.170759063588579,0.694224835493419,0.0833601295069498,0.799568066814949,0.105379429947766,0.671039626961124,0.10659739198242,0.700719210416096,0.113005241126189,0.654572513877745,0.113864760813117
1.28262344995377,0.170083240991373,16.4895961858623,2.28565211104036,0.180298853271017,0.199151942780492,1,-0.260816870007788,0.19658100405816,0.71622668143585,0.0828933602885071,0.646753479657109,0.0961277466058045,0.773042266262839,0.0913626561068263,0.796935122408466,0.0926175219884287,0.691958409285853,0.111344490046155
0.838184013947479,0.169076208336055,18.0460039387119,2.58633647940664,0.466725351787767,0.275439147303021,1,-0.187261248657015,0.213289385788205,0.833274540400091,0.0843515225075823,0.696269360216142,0.088056840434693,0.669259695909477,0.105389791110661,0.651483733679623,0.10776717789679,0.893774342145533,0.12809979971816
1.6925946609034,0.210004166001179,19.4436427513642,3.36674153309262,-0.0680989188985611,0.182907852343336,1,0.24123735580568,0.165916994317521,0.842001791788707,0.0960822228126614,0.8433505668468,0.0999257016047591,0.832180437373033,0.101793890868654,0.867306491503344,0.114670782538415,0.676563690821451,0.137232263529068
0.924769417759806,0.134073220965345,11.2380703517412,1.42297342773143,0.464576752944393,0.15424997815492,1,0.237522111832297,0.190614490070206,0.614169186560718,0.0745039598134983,0.593515477034174,0.0818555384159454,0.549745956084137,0.093122063863612,0.559680192016974,0.090257391367472,0.536737453690659,0.102340682044168
1.21315003111801,0.160324403878847,14.6009972689118,2.09806430293737,0.135408391978034,0.213399809434475,1,-0.0667613629709068,0.182334440763838,0.672459420998935,0.0843692982080553,0.680181502414926,0.0877373638939054,0.724462838908138,0.10892780263339,0.715886201114999,0.101965306284613,0.73874752406015,0.101396708082702
0.901403247104491,0.151272723746589,14.1308906268737,2.06977773534815,0.229756467347465,0.203491945896691,1,-0.135082575367518,0.186581487114523,0.741697822540419,0.0885237718626897,0.759792751254647,0.0857134312361112,0.619324517992268,0.0991617238556516,0.734557540994707,0.0931325306065711,0.489973493731482,0.119320469310933
1.00719901577235,0.16189389267919,15.887995135162,1.95902720500685,0.741793133038277,0.0884758640823441,1,0.00956194671665975,0.194931833917616,0.524834456271235,0.0872123332205208,0.696648468683186,0.0740917757764748,0.811331263031311,0.07892039599597,0.477707887151803,0.118981718189542,0.6321330834477,0.094741242933353
1.1216186952515,0.170019254664621,16.9274965546085,2.53154060277545,0.100681942273167,0.195094331461778,1,-0.0474955201927099,0.173208180898769,0.805060115068042,0.0870056272009986,0.718378341813968,0.0895235180747544,0.688523088910168,0.101685971804208,0.693160634043439,0.108794237810883,0.724782348069079,0.123673247343338
0.989579334260142,0.167871020457664,17.7810375363438,2.39661496235565,0.413558322165662,0.211313584150892,1,-0.165806443978729,0.167382084199361,0.696499569552715,0.0762701512106065,0.782304421071289,0.0896839763106898,0.816673929065155,0.0876080076782605,0.685561691108249,0.101664829137202,0.574830510418748,0.120784936643452
1.16388164771198,0.16987236006032,16.5729361676857,2.72362344449397,0.0815720939582382,0.215660521010019,1,0.0678344382283339,0.183090390913906,0.720525810260588,0.0961303981120504,0.661727480226267,0.090981999860662,0.637767397106796,0.0976803186695246,0.86166915380128,0.122532889154499,0.701055473897849,0.12426814597171
0.944636234590175,0.158304198847908,16.4747528454731,2.12532522055388,0.305421422615553,0.217167617962232,1,-0.132956469781927,0.184959678977853,0.737101304807878,0.0741614397465425,0.67323398496132,0.0721071625550335,0.575812892099606,0.0910131210430985,0.758101652175777,0.1015059963828,0.904943103813394,0.104541736067712
0.606426826117391,0.169469301548667,18.2176296130716,2.45641106845739,0.562859093680839,0.232303149183007,1,-0.325851075935096,0.191999851893371,0.818081599851647,0.0701829930101588,0.509326269519516,0.0854755192134949,0.722384025059676,0.0948885328269024,0.68615351871533,0.0996495204612852,0.563238441571386,0.11602961686747
0.894015743654063,0.170608709425406,17.4395030664202,2.803035829927,0.0916426517723715,0.229924418481738,1,-0.0911339262302026,0.188797250265742,0.666425000317231,0.0953577963206654,0.702492831678616,0.101256049710232,0.774791907370242,0.0990279278611255,0.705358971145291,0.100658981990703,0.798228194519367,0.110154806890553
0.730123072795251,0.141580417539419,12.1799980719468,1.59892379985976,0.359262831137541,0.181409590709108,1,-0.226041969235683,0.155256335490311,0.604885984009774,0.0781789275881316,0.599951573053008,0.0749413750526051,0.585407848929453,0.0932426663662362,0.768930227844814,0.0836647926632699,0.648774848525274,0.0952205190430644
0.856950083603432,0.167288761239711,17.6117858883326,2.52105494640202,0.484985530545272,0.222986096134311,1,-0.0376065338650066,0.179275313829911,0.636669360284437,0.0947965924810282,0.60748732922091,0.0907645103752606,0.711914576226196,0.0943347103950772,0.619163483775972,0.0931839499770554,0.721572695677868,0.114661011535906
1.20199015574876,0.182245449285863,19.0443710696475,2.92061881992791,0.0852450217657844,0.24124314593524,1,0.520780446342789,0.191453739567928,0.646371672921908,0.0959783171018294,0.81029613620875,0.0865666260226829,0.683831271813338,0.105379818603363,0.912190096468722,0.0998553871413527,0.713811282530408,0.114176090015715
0.991714397642668,0.152263314208666,13.5467604768999,1.75942484976581,0.492235776157138,0.242628202564134,1,-0.201234607967599,0.188976516970066,0.760777755631576,0.0787214927688984,0.588735010391895,0.0858641298316082,0.692643090040887,0.0850025540233827,0.551033834652759,0.0993647904459513,0.654620457862688,0.105994158020601
0.789955675094953,0.145557785464653,12.6785429184805,1.81012176997081,0.236586552208836,0.214110789903429,1,-0.0841356168401096,0.192853003899254,0.593431230534844,0.0812183723792071,0.700462196887233,0.0916966903816421,0.536085685772204,0.0965862162773565,0.659447600382797,0.108723427432324,0.639311404027924,0.115108047735682
0.798991282329881,0.15042281988727,14.3719847402889,1.79922135855229,0.536249643302116,0.183143867838644,1,0.0382430731240883,0.166279455252523,0.578024749429584,0.082707437670285,0.601163431776095,0.07676743426962,0.744242176587499,0.0859504788475773,0.658716055758105,0.0987610398115688,0.6907875211882,0.0960273979741919
1.06786152603688,0.170132125898891,17.5834760733345,2.76516740325228,0.101629029108029,0.203950564594859,1,0.0846208199535067,0.161845479723283,0.677076819117503,0.093370354362707,0.730952571560474,0.0928076170345458,0.765927190911071,0.0938427282060009,0.764890126506651,0.107250800894278,0.852514384520334,0.100748998476477
1.04739056274393,0.131649038128114,10.568991482731,1.34440078133387,0.629058131618602,0.146863133548317,1,0.282691753955128,0.169339878437519,0.549213883217422,0.0767231353458651,0.499843593871052,0.083412541434602,0.594287347037791,0.0865895783755024,0.522063525417995,0.0980848265121315,0.539474541482638,0.101609137074036
0.861689556448251,0.154440019982292,14.9119775617993,2.03923032901978,0.398461834578025,0.279966181325083,1,0.00833384833679486,0.182936873482814,0.702806665871783,0.0776121439353967,0.66753780751476,0.0862358176846876,0.675190929323582,0.103523546236477,0.689479072489792,0.111813386192108,0.750164114887243,0.104212814391715
1.02857062459187,0.188796806104561,19.8158716443819,3.14853082649647,0.175912293213692,0.250128043684693,1,-0.0283288795711249,0.199594260355977,0.732691916943238,0.0926052194127081,0.599316395698856,0.096128239504385,0.821945259017015,0.104392902218247,0.678222050081383,0.110285103025871,0.873960474501283,0.122018272794637
0.956327428112489,0.152347567677937,15.0839979317187,1.88781608285302,0.625426857523563,0.13055266013762,1,0.140312337171453,0.173898408171129,0.601962363144305,0.0796091989830939,0.606083965459293,0.0859860773479237,0.43109637438881,0.0916952693273349,0.808347197197322,0.0939488167810985,0.611673371093919,0.0965162892459094
0.984850043457029,0.146056563192631,12.7963783018142,1.67546517511159,0.656450585333927,0.170742278631478,1,0.072109169517947,0.178331775482006,0.623856100189163,0.0848488136380333,0.741514938452682,0.0870048348715814,0.638301143904623,0.0887518368060896,0.61559489800758,0.0857086232858083,0.567217244603566,0.123547285404264
0.943913926239721,0.155847484624816,15.4559776222206,2.25143523771917,0.243804874810258,0.198974498183795,1,-0.0901229365139242,0.173703759868587,0.661200154213268,0.0894840582966223,0.670992573865001,0.0983255828112235,0.708348006850928,0.0879344114724975,0.678589679661991,0.11378686384459,0.724052313168225,0.108354425007866
0.913061898058877,0.159402466364927,16.0050677259734,2.03644843543325,0.616023813374148,0.195117870366205,1,-0.0481753069145325,0.196416519982428,0.755429324972033,0.0801432983958754,0.618851161802441,0.0839008634354161,0.697241200450567,0.0855572849716515,0.852246712756715,0.0854331135895328,0.60211786996307,0.103834624138863
1.14318153882603,0.15840556308579,14.5006367585876,2.04325827843659,0.348943774006372,0.263453043123154,1,-0.122647188698076,0.179499368400796,0.626572837220631,0.0796937834563958,0.597558465054064,0.0924087983575224,0.65392327810892,0.0940310196692369,0.666061562777025,0.100408104663469,0.823786235204979,0.0993955620826703
1.25594895423588,0.176235304079508,17.7985281571733,2.67061274588627,0.120401833168697,0.225385184838599,1,0.0778269149845519,0.179128885468768,0.704022226664116,0.090468426350744,0.687407077313484,0.0948145248134798,0.762931613037728,0.10810940520039,0.786177385458835,0.0956695630051034,0.720170369943611,0.116622511231231
0.82370499758567,0.185234495719015,20.4616716107491,3.36308370680851,0.140589400753537,0.233871437027324,1,0.210115512095112,0.184628011285708,0.672408477136518,0.0991327964660303,0.848604663378337,0.0937628180758724,0.609075756646032,0.102010864323892,0.770617495488723,0.11142824486389,0.702282005046856,0.11454424156823
1.03876166956469,0.160312730737039,15.7602742921158,2.3980231058399,0.272929443853522,0.249246868333372,1,-0.122156312172269,0.178632804863702,0.67057740992115,0.0862008338409937,0.674202283535579,0.0911591957288113,0.52911795447379,0.106978961933638,0.646276041713639,0.109539564417804,0.712154814104916,0.115611723942322
1.07275903445801,0.152439800134187,14.7822534327783,1.98540598001976,0.289355402416588,0.244766985454962,1,0.21315939763881,0.148906107550587,0.751229636101551,0.0731514207585127,0.577963410146801,0.0947163231389742,0.631772889631068,0.0854345922336127,0.746958068367747,0.0942407406988608,0.656102681492416,0.121715505409987
1.19207436006007,0.151001077076745,14.4494580455141,1.88077507672166,0.469216433206816,0.225480782232867,1,0.0653117122360601,0.17849363594172,0.595187522255211,0.0835094753978362,0.662511471660735,0.0889366560563656,0.613617235803654,0.0831124589706815,0.537097929110843,0.10137274343405,0.645405878635312,0.1141251335072
1.13059780873927,0.158082321085632,15.1417930357566,2.00271023080293,0.421248609443877,0.254390382527507,1,-0.254759704824202,0.178958423061355,0.755390043713551,0.0761832536258166,0.775263927840131,0.0941328638415522,0.744700120795174,0.0813708467721315,0.619875891792776,0.0914151918676772,0.677318809400275,0.0977305373854621
0.861099682416207,0.159768676599963,16.8012108846733,2.24180646440994,0.530912845040337,0.248145978658732,1,0.191286205430099,0.185770074790212,0.761039569452189,0.0758748495430356,0.69489450985464,0.0965061382052541,0.628246677004784,0.088450347442659,0.78021119950649,0.088322879811941,0.496576734347297,0.122129284744906
0.968784502183174,0.169446444590035,16.5459980266938,2.68720992546393,0.158080517991295,0.243261271960758,1,-0.272096253967212,0.217237955735714,0.818831973962274,0.106491348013008,0.821770845678737,0.0908719362928939,0.701300736358995,0.104013307212506,0.566069849970785,0.112211353213206,0.734020345361639,0.106217502403826
0.842890678217503,0.150199211606336,14.7130569236808,1.87867523725753,0.54287711005886,0.210323820184715,1,-0.331098995227859,0.192336758992261,0.832669347525592,0.0834724423660433,0.592001210175775,0.0821650726033255,0.604613247382823,0.0899472548910143,0.622204351578544,0.104478835998992,0.754506583292212,0.0785400874350905
1.15147009913687,0.159558494939342,14.5487164266434,2.11511633844526,0.186310939542429,0.217272709247593,1,0.352000963529874,0.174983766618798,0.570317446070599,0.0851096657824781,0.758123830156027,0.0938472895807736,0.720560284549095,0.091653284110658,0.741495269700882,0.0929539277572149,0.62674411775119,0.107724145699226
1.10497084017447,0.176370826811474,17.9367980721601,2.74831456889535,0.00206080140601105,0.19915732253424,1,0.17455223064349,0.172902953960563,0.693828187456476,0.0928811627478849,0.689111040590096,0.0970147652028477,0.899150742844842,0.0885616866776935,0.691273360938659,0.109902204573419,0.753817046172539,0.0996239069568539
1.02191150374097,0.165130336784254,15.6982142043925,2.4941815220054,0.352083128695539,0.277578752050779,1,0.112337913130455,0.203667555281306,0.528332686205853,0.103755844375233,0.700303275884053,0.101348162069696,0.677340344210498,0.103450734782764,0.718932758235558,0.0941416876695681,0.716766342542453,0.108557142944551
0.933589789309592,0.156121372212703,15.2265388210301,1.94728611736689,0.415172205442554,0.194534281783767,1,-0.129338209754307,0.188067919019365,0.615339405047331,0.0809030246551426,0.788267584070936,0.0795797298550176,0.668210120451129,0.088405256504508,0.684936953256766,0.0931797302153157,0.552553104710383,0.125395504439458
0.979062381930889,0.161663555262163,15.6032862783224,1.98692287838674,0.560552576391367,0.214794340293097,1,0.0994496833878524,0.191619520009545,0.709147161035968,0.0904944682180325,0.937227811485811,0.0847622047523686,0.496101077384769,0.0961583311945862,0.642340597935946,0.0901606094169903,0.541443187016908,0.0995483024142275
1.07176338701884,0.183471364286258,19.436190374689,2.97976731112008,0.137186157934152,0.262732831709484,1,0.18860393060357,0.206126509057051,0.626062358804041,0.0938527787591336,0.768022064710344,0.0911524528458432,0.798729131208209,0.0998596573876302,0.738148083094627,0.111981651550013,0.84067534554644,0.118766355103682
0.761639832945424,0.172474265686578,17.866398327615,2.59624127248573,0.471312758563252,0.258289402468048,1,0.0573291823216011,0.178170626333422,0.833177676476566,0.0710244509493483,0.705237106224396,0.100482675952697,0.823210981605958,0.096053378675892,0.677919003453409,0.119159221224901,0.754350269596016,0.0959110756079234
0.93713515286016,0.157417336964717,15.2764742819415,2.10943053918438,0.371124161727496,0.260414170590251,1,-0.215191409820632,0.178676727843731,0.742382800879663,0.0768581644456324,0.690366071554463,0.0925483692381585,0.759838674542319,0.0829309436758627,0.54843876741647,0.120976882235068,0.636468339770101,0.111324292062068
0.794554680140608,0.167074108332135,18.0038825440972,2.69677387632885,0.281014823948541,0.231765706527572,1,-0.343637117758356,0.182650605798886,0.814775938887099,0.0845694782210049,0.678318143802313,0.0950985265630441,0.712130770318361,0.0939757890614843,0.714605564493787,0.107270817125225,0.66875841814141,0.133589487127203
1.07562720448065,0.180206192843073,20.1857534505958,3.13310330837799,0.156587779402221,0.242016036704222,1,0.0264231004308715,0.180144705482401,0.760458348168492,0.08684072710987,0.815040309559942,0.0929916037288391,0.742065360322634,0.0997353143361281,0.600830007086601,0.110373403265536,0.772688285119979,0.113948461383383
0.845653522935251,0.149087661946462,13.9961573284323,2.13987208964764,0.337765434122256,0.254869684114165,1,0.175626465964559,0.171271698798062,0.578913257016192,0.0901072901075378,0.6412844887857,0.0977590875016056,0.519035188131365,0.11166305509328,0.657120729282534,0.107975363393943,0.564331200208306,0.0986841568320353
1.13274459856463,0.176380342778908,19.7976368934291,2.70330660387071,0.555623768530443,0.228080360267894,1,-0.379738423663547,0.19914795770871,0.894761212088296,0.0804741445983768,0.782712700250079,0.08389155339228,0.631986452350053,0.116516238195963,0.691002653519574,0.105153918889066,0.908107627292726,0.0958857232095433
0.882306278269756,0.145797691821693,13.8641582417403,1.9615433269582,0.170021244672734,0.213342301728396,1,-0.0495626307800402,0.160753511738048,0.728237722481827,0.085463541754061,0.627559613592549,0.0887768713642625,0.697999597225371,0.108980928588103,0.742186182815631,0.101333318201309,0.637160836213407,0.107148908167974
1.224230802064,0.158915315372457,14.9890094925847,2.15994971020941,0.293186549045213,0.220187843111791,1,0.159420684806409,0.185189743971099,0.718886336627558,0.0863834973111051,0.561017355383056,0.0933047887682553,0.648086469279262,0.0937700329283524,0.79097964946489,0.0993517748748373,0.54736071014849,0.11986715967866
1.06377128779467,0.179300186745149,18.8087617866691,2.72714219213489,0.224344950196574,0.258598563095132,1,-0.178647535029249,0.186175451934323,0.8665543932685,0.0800631042213003,0.614513397642809,0.104609357531462,0.830642726760371,0.0968479510470839,0.81328999649638,0.0978712632202425,0.831758064518207,0.101975260712273
1.0668228241891,0.175687049835549,18.5334584500014,2.7388088684746,0.0431674040745334,0.193092311558871,1,-0.0876417619203332,0.154728147233159,0.770343499532463,0.0809462498230209,0.771615664413547,0.0937260662895963,0.79522007738377,0.0889812459337005,0.78454507349348,0.110995918453464,0.764432811029777,0.117881307567026
1.05815617862324,0.173698544162981,17.9227690350819,2.7224226685295,0.16009742181706,0.208752717242347,1,-0.111149310474981,0.215687232789039,0.834651128841022,0.0952451596138557,0.825321795999069,0.101451960208921,0.755152163353108,0.0912300351086375,0.673743416218801,0.101510308463102,0.812922337783206,0.113762670178055
0.947150070749731,0.165591481531839,16.4131756987508,2.55874316471535,-0.03250762184395,0.185683008920724,1,0.105134583728056,0.186379646621881,0.667813260400018,0.0959465480757444,1.03495394921041,0.0817431720293284,0.823319798458897,0.0995265553108094,0.707691211563526,0.121421958554576,0.756799177779677,0.109095352889071
1.18098840000428,0.180482701168775,18.9862599742128,2.9818659587648,0.0487125349477914,0.186292545186409,1,-0.0386835289863418,0.160571011138975,0.803939643473379,0.0851416415821944,0.865704233268289,0.0868023274777639,0.733209565823564,0.102166804457595,0.764428277870059,0.113238392313547,0.622983971159011,0.11500411083755
0.82220546532557,0.167573398977912,18.3467610689812,2.65765242035538,0.410923319811325,0.18324938813467,1,-0.247605212878029,0.169493973989823,0.777632791483549,0.0920568191226177,0.682666519775067,0.0865503717352103,0.806468634802706,0.0814905042850426,0.813215699151511,0.103356593631254,0.511283406989395,0.131154479080689
1.00808450804456,0.177748995823095,18.5582101308057,3.23106459916966,0.0575876247792965,0.233329068573359,1,-0.369698660854655,0.203534149436003,0.828982051607479,0.0879680785594081,0.608991729463501,0.108793392144913,0.837196846480072,0.115167732988725,0.82723363788011,0.121566393836573,0.900191019773344,0.118826386931188
1.02146970988368,0.166445041730036,16.2797916871263,2.40358589547987,0.0662172994159111,0.177925426242985,1,0.218010320168091,0.176681245334796,0.679845584828211,0.0809956129850953,0.619538959348893,0.100343393732519,0.7410735327016,0.104690844407653,0.720495968635012,0.0980920987314761,0.742038042879416,0.0958565623105054
1.06921182995772,0.17071810888732,19.0621686796677,2.55470984496324,0.32764133584374,0.225997942417558,1,-0.121321532252587,0.190350773490325,0.751751670559154,0.0820645504263053,0.691631663080885,0.0832164814589189,0.673465682521845,0.0970496530460163,0.689267546095893,0.106117622566891,0.691074535430698,0.110283546263398
0.911225063167757,0.146235040017381,12.8728062396315,1.80543875414888,0.204122853100059,0.204786031775967,1,-0.199142233276603,0.171910292435182,0.711418183918192,0.0810194906163062,0.607312487674773,0.0898363300891966,0.773021174448718,0.0918451191816449,0.587017532881733,0.0976485691944591,0.49690909677395,0.110866698045678
1.01276453622115,0.172701433810508,18.6440722386172,2.51821332517433,0.0578408391699296,0.187827878425151,1,0.0890975627966895,0.162768525670033,0.779311939325759,0.0802132357571219,0.59881221515262,0.0937611305361999,0.693534376967664,0.096286972465999,0.704489330623522,0.10272027508136,0.869465551344004,0.107848159795155
1.00542598266199,0.157117510406184,15.4352019002619,2.02903581036238,0.464075872629425,0.217492481386091,1,-0.000286637177076388,0.169214954915225,0.618067323027138,0.0761185176375877,0.621412405814847,0.0841256289925728,0.717081231122765,0.0862038611630869,0.697564756788618,0.0942218841410407,0.651717730763309,0.103631927267103
0.796547803318616,0.154098120904565,14.8002466984763,1.89743841917155,0.73181841590749,0.103353019460088,1,-0.0915496169333255,0.203883665219598,0.817531958301407,0.0878252071230775,0.68482880744062,0.0816273399224512,0.657559940418116,0.0893315923879666,0.593079391942073,0.0951969529512627,0.690080035236453,0.103471707985001
1.06828282855396,0.170595042271909,18.7535598220779,2.41077020244602,0.625262502707398,0.140857820230052,1,0.068497462071848,0.186121490987412,0.819272380406564,0.0791400604903642,0.713221478489002,0.0757884950116237,0.782134911783065,0.0974742198908692,0.826540158438112,0.0962068758065077,0.748993154687154,0.103043821105669
0.996625795423998,0.145241209659472,13.2787284641132,1.75601796758291,0.454367101534357,0.182455779940984,1,-0.254127639400561,0.18639601324317,0.729715808002824,0.0717564255972326,0.62569290354269,0.0752104160440922,0.527102681491494,0.0968332660675587,0.733804020398003,0.0854039671374895,0.639717834303229,0.117632470324034
0.87313453210912,0.143944206626982,12.600524560655,1.54633330539875,0.544821682411719,0.167068501719362,1,0.130988941690669,0.174437674411246,0.664259978313877,0.0722093906584203,0.70522418478913,0.0815170991773483,0.598547832100908,0.086678617262474,0.659705128512602,0.0897712391691145,0.756460738491984,0.0881289587301173
0.996589037872363,0.166228524564951,17.0269906509597,2.41273688831447,0.26505628048705,0.235745416758532,1,0.12899019014955,0.16977821678621,0.754098559505543,0.0856845478986928,0.642941227609904,0.0984700158792587,0.691083909131054,0.0932511374028949,0.748574682298259,0.101642113340264,0.759801408151149,0.102324868302452
0.919365242811291,0.17109013377818,17.9031419796649,2.86061318593135,0.168311593965674,0.24467409510113,1,-0.20809656381716,0.1780775814921,0.662848614346275,0.0878009554796068,0.762560344068296,0.0986000601439183,0.608650636108163,0.0986211287987543,0.50396649407936,0.122865411887378,0.659625142982067,0.125238605438667
1.00926639713904,0.146112574950979,13.4787915672022,1.74184061859793,0.535454037689333,0.175377123250698,1,-0.0440512276962945,0.184994840480876,0.593222746974336,0.0802778975618368,0.632593032033807,0.0812070228401154,0.691829515714466,0.0966529794264048,0.679781797524476,0.0874780907440097,0.577227667949556,0.111457996856304
0.947855071801666,0.158498778952034,15.0239104309258,2.29609926382031,0.245968979180354,0.246608379164244,1,-0.133072108461287,0.176772628843111,0.735740462088039,0.0791037239952962,0.707980417891427,0.102950854293619,0.603349155747052,0.104135368197693,0.600610647564086,0.113518042303589,0.789571561171422,0.104441197228969
0.980936004403833,0.161371797389325,15.0483834327263,2.0620062093737,0.40916348264316,0.242292934399404,1,0.0246943019582097,0.174414573362587,0.554753453520962,0.0916817495250349,0.749900259711272,0.0849152931706833,0.578143138461917,0.0978577248470827,0.658771030081987,0.0944637585004543,0.569634502692376,0.106893201634968
1.10335195713831,0.173074349773825,17.8775403350779,2.54477679912195,0.416730509547266,0.277519275885921,1,-0.0351740679348121,0.179912660554674,0.73031931183803,0.0846447216327001,0.597391557644519,0.0955407860586972,0.78893211571924,0.0889880263198928,0.775184338029922,0.104267354156793,0.618717365294211,0.109251466942898
0.860311416656555,0.156822779564707,16.037787585262,2.39520859402437,0.214211310079808,0.239739610966029,1,-0.0503220593130024,0.178775839720189,0.625879606520984,0.0927459080696775,0.673901649396862,0.0995914967094271,0.812510317952231,0.0919198279248909,0.683979155323955,0.104638669585811,0.571017092575877,0.104135789431223
1.00893174471692,0.178490883741741,20.4063440332454,3.0603249884309,0.11938989968018,0.239447863106402,1,0.0314864562323976,0.187298691982395,0.806200058016564,0.0893259673737806,0.792973898205213,0.0919220337078393,0.878992944160304,0.0932049640509991,0.800814230385411,0.0991185375168561,0.64508592694303,0.116117738760103
1.06020798114607,0.152664283288051,14.1462727863666,1.80971896632033,0.471975971606242,0.273940903383408,1,-0.0508409940228129,0.200053205856168,0.658799288893947,0.0877472976466122,0.691121990931624,0.0836517076752855,0.690911535828007,0.0820851121339618,0.682359583164918,0.0898618349486244,0.655755235337933,0.0967839016161221
0.822439143676254,0.186586560918575,21.2949485687083,3.22061441264081,0.421179856737198,0.287627011399425,1,0.109725311415856,0.191825091443377,0.759463767232941,0.0832527828857953,0.757718813996654,0.0887161633072469,0.741494847556603,0.108812881438063,0.893018552113322,0.108631583082836,0.6928118015276,0.120431150495519
0.955644276634406,0.16141381614216,15.0315107730196,2.35653548201867,0.347895232276214,0.285572138963939,1,0.109233671665462,0.18068530142538,0.617641272423848,0.0877030898796544,0.635173263536524,0.0971025843574903,0.624812624431757,0.0992214378567234,0.708366244816205,0.110471753239564,0.636482150715274,0.126953932708583
1.27931409646312,0.171873036180698,17.7393838170819,2.40798772438532,-0.0264252654070066,0.170252223299688,1,0.0234599199290403,0.18084905367844,0.736430956105957,0.0912103744610433,0.842403577565243,0.0866025852296703,0.720622312069819,0.093862088874753,0.80148966990948,0.0950890890899336,0.750073899043745,0.104806035350631
1.2176818508068,0.1541865670088,12.7418325488093,1.98521160599014,0.0789177719549939,0.206872602380977,1,-0.093719294604813,0.167705089097036,0.628371971812548,0.0863114983363998,0.732847577313637,0.0952867341343147,0.735762176949335,0.10279399498856,0.64785274537133,0.105986442646298,0.487231614151704,0.116887679908558
0.990407335607928,0.13973116947106,11.8642267928386,1.61997153599808,0.351152411023645,0.211126913237088,1,0.453777241053172,0.176064589954217,0.464129910384918,0.0917060100609134,0.591689843740618,0.093345840758842,0.621937226020569,0.0960969739997043,0.479998421769613,0.100294815684645,0.568479193315327,0.101768104041281
0.871120799083168,0.159603945670204,16.1204844848634,2.43557816564264,0.234928824082678,0.25617139055391,1,-0.127549702343108,0.168437888540943,0.778975833041816,0.0841691553237142,0.661817888924121,0.0935986003471994,0.672793581428162,0.100449472659015,0.630612827403305,0.117095834774453,0.687779473797657,0.114725030131625
0.960666061020213,0.156443045937861,15.731196618705,2.11802212126233,0.402314412245575,0.236922020541583,1,-0.362658711846607,0.176083868847851,0.791413611531219,0.0779672256931715,0.691178509767768,0.0896286231429652,0.530299521618998,0.106583018356002,0.676846794103055,0.0952114029741764,0.594469270262588,0.096025943357424
1.00851927832854,0.142684415828751,11.3667972114004,1.53180796444231,0.447621397177592,0.22141386822609,1,-0.0516150992699071,0.167108781849218,0.618590628388087,0.0833597450476653,0.684555407780138,0.080158178966929,0.678781529370884,0.0840841579204708,0.603081759870199,0.0965833335183754,0.63490633718253,0.110898378370164
1.10472482567026,0.161982214113926,15.5631528600484,2.32375432533704,0.225604581870775,0.233545167146763,1,0.0154974861939481,0.166563336820765,0.691306388707849,0.0921164804754603,0.822659627864755,0.0934652027779105,0.706385678056781,0.0945572482246282,0.674533792648684,0.0940148267671195,0.827703451688438,0.104277079525387
1.05411164495013,0.168470861526631,16.5446227272363,2.43796191086555,0.301074139575336,0.271848256005747,1,-0.207592208586895,0.210098749190119,0.712413860556143,0.0944390455731095,0.671498385546107,0.09405486221854,0.771247646459848,0.0927481263819811,0.821790919582336,0.101005618470633,0.779018614343235,0.107705464055928
0.77308502587103,0.136666789622041,11.6605512360665,1.45817523792944,0.619375701743656,0.121994364722642,1,-0.0586533276354551,0.16909321644502,0.581808320269889,0.0796617422132992,0.704483581307437,0.0744404406139582,0.593590024928086,0.0896034337874635,0.626856281117613,0.0987064412237551,0.677639047695055,0.10704668231199
1.09748362032618,0.17274344312477,18.0166010289271,2.63731991851328,0.206262654263849,0.19219133721348,1,-0.214999395182679,0.195080386055239,0.724962966321182,0.087675760309292,0.746523253127428,0.0939177210954708,0.660460393030074,0.0993740346770923,0.764610453321041,0.105348423498194,0.652705798222855,0.121911315233099
1.37426520621822,0.175138794496654,18.1540363014286,2.61215778982997,0.271784859166525,0.216024253938252,1,0.173157731481878,0.163120678063031,0.628203925799672,0.0882199053328561,0.763119169083438,0.0830292509808183,0.714492641944823,0.101676012315771,0.680942993970917,0.101808900337796,0.746184584307092,0.112513076284591
0.910830657507919,0.1578053431268,15.0183925297318,2.27421008549661,0.246193702234687,0.272614363801036,1,0.153242960911819,0.166977977573461,0.535542564617224,0.0926085509540295,0.715186242506323,0.0928668473753556,0.813341252874276,0.0917980912613068,0.575567629169292,0.119156973109967,0.8220407147605,0.0988727863145015
0.963137643093438,0.150346148609392,13.9834909263272,1.83459372681647,0.476232023724914,0.2355215744776,1,-0.0919519909209972,0.191354700011378,0.737647097862607,0.0773807289224402,0.700648007719993,0.0814968922759274,0.759829115432312,0.0864058467836629,0.65591564895009,0.103893305568002,0.728054458587387,0.103981237477751
0.991396060007838,0.177262751781275,18.7639328371899,2.96827894045109,0.184243107336371,0.238440808526185,1,-0.0539929947009447,0.176873535731639,0.833036374681842,0.082370745391563,0.847070048557346,0.0820331976017154,0.63746116579924,0.113316722945609,0.831718695134592,0.115477942310668,0.649144394040094,0.128380799438231
1.01093869199494,0.162689431689478,15.6440559054209,2.43739226831691,0.218382520506103,0.224262618115862,1,-0.0998415095078872,0.181317249223621,0.679631199758462,0.0851287124806807,0.70717299558707,0.108873573991548,0.695060366591348,0.100058637856305,0.712278119136752,0.0958354860342577,0.596660063407244,0.120431942867367
1.22120108296918,0.182765697776222,19.6000679285216,2.88406290865508,0.135615866043101,0.222126116843352,1,-0.2127429475454,0.174722751726125,0.715855425289826,0.085083682198997,0.777534282621464,0.0881859973081243,0.801533552258858,0.0879650870843804,0.666354620706846,0.113736712784022,0.751799843623058,0.121955361923719
1.16341731203562,0.169297248763862,15.3100285845503,2.39080078315911,0.361217520097609,0.282761007944569,1,0.21495607202066,0.183812058034182,0.647818299883532,0.086443376278826,0.718047486306506,0.090434807486672,0.683299319200215,0.104695189060883,0.680491650117195,0.114038150304494,0.720039074477255,0.108632600345416
1.17603964716169,0.155677162113167,14.7461574657312,1.97487971156916,0.195896625272425,0.208844386696704,1,0.188558160444853,0.172743250553524,0.587685049057821,0.0841004459120038,0.799361601677873,0.0862222815720722,0.694892393388195,0.0862468487871801,0.664031268546475,0.0952781838189974,0.753673048626832,0.102813451716792
0.964315628380745,0.156457204014862,14.9181237490107,2.29047109562088,0.294418399936527,0.245203940560688,1,0.25136896634693,0.187047385750288,0.570760214049841,0.0972877998054996,0.755633518710125,0.0954579755154128,0.616862769061373,0.10177951832529,0.604370262392204,0.103587876461179,0.796113944235752,0.10771655944701
0.79797280750271,0.137163446314765,11.9720877788759,1.58968528213973,0.371635170119647,0.203077321953172,1,-0.137652401974832,0.172748225794534,0.670928107955041,0.0753479645773312,0.552170900378788,0.0806865900221818,0.49705469493157,0.0953192579905481,0.748097629886686,0.0879316134203536,0.512232218935283,0.102161780711618
0.977940320932778,0.164777494135703,15.9010935147685,2.52175892068583,0.32085845216248,0.257896675172987,1,0.0133232875738471,0.18222038639429,0.689281061500789,0.0861909136848047,0.589792649832825,0.0995453170210218,0.751567735318774,0.106351148188653,0.827041453570633,0.112283596546041,0.715600442370393,0.10832371304194
0.690605730056422,0.165041348247905,16.4265253181933,2.43274300546895,0.100512376810989,0.204463827041629,1,-0.523699123684588,0.194908062794103,0.831715137650159,0.0847203573662805,0.731004390078775,0.0920282349363614,0.694898126843964,0.0992075557807055,0.579239637255695,0.10806430278962,0.750295157920047,0.112400870325323
0.945205979648428,0.152455295199564,14.0792988859475,2.19845847592152,0.242498183373947,0.241524129672355,1,0.0818082733058375,0.163560462126741,0.616445254266394,0.0934113755915659,0.725661182750509,0.0884846147417565,0.718490327540768,0.0945647861642299,0.653887570978433,0.134478735730108,0.546563781314026,0.130766558231571
1.22703601493923,0.166230844852172,16.1381085677256,2.35716269510311,0.0542779499813643,0.180153208723124,1,-0.20115631487224,0.15593680487442,0.757264161831284,0.0770104147160095,0.747273650235305,0.0941124713396801,0.727128056953447,0.0901948973773459,0.603562067510438,0.100886992575297,0.72607986348963,0.112571831812569
1.1526132373048,0.168277298609675,17.1259676941241,2.32085076906435,0.332401464306367,0.248698379876416,1,0.13559418512887,0.184358961521278,0.759276963592251,0.0793382688104016,0.68680845559295,0.097183367936345,0.75867426111274,0.08552103058761,0.753174886935389,0.0922597619122271,0.750214774929526,0.103358916925895
0.924794003003405,0.195384475338195,22.7577389644779,4.22648433642647,-0.116532912606265,0.186659366931899,1,0.110585046166905,0.178315839332517,0.762067859510478,0.104336396737006,0.775823067122036,0.120899661470958,0.892241436666751,0.111113940073709,0.84927593331046,0.124331707996674,0.687483156847936,0.127204621285798
1.15580206888824,0.164487216930492,15.1695455123669,2.1574650743787,0.40547962038558,0.235433354017734,1,0.00974748215435378,0.182850597864471,0.740904932716343,0.0862127032230432,0.718335350611041,0.0842080992735675,0.658761939011824,0.0901343207114273,0.9873018640789,0.091574515823723,0.502105270977145,0.122421124291081
1.03031109059011,0.168466459285759,16.5413588343859,2.477463224725,0.376998004440959,0.247566356986751,1,0.206017113948033,0.183176183996137,0.695487621227626,0.0944935002608574,0.561072851623906,0.106953880907865,0.613853126422064,0.0918522978245948,0.721734905248174,0.0943913976072205,0.76401028781858,0.102362324394675
1.27641249669888,0.175143400119931,17.3117810719611,2.86762530007425,0.0363952734392296,0.211920238678274,1,-0.180336024177374,0.18142425126447,0.847855239958688,0.0987319058132885,0.728913713521949,0.0925944997392899,0.720098924385424,0.102286275699149,0.776760695184208,0.121241946898072,0.657758610916013,0.135881132432573
1.04590716669253,0.15299469055868,14.5202743559993,2.0734822015298,0.436974674600643,0.236334712884721,1,0.353551791773676,0.190375645904409,0.609521636363907,0.0903605686318674,0.631745279661122,0.0833831372735252,0.698745798480822,0.0967701004593805,0.693888842333542,0.0975786275740114,0.697389053500667,0.125950836944751
1.30113281820509,0.168941174114022,17.3017282630562,2.42983749443842,0.473903789053809,0.273710906661589,1,-0.293850807022107,0.208801058834938,0.749315162375595,0.0769181156278731,0.778431695875539,0.0957615752453433,0.594593318237005,0.101581597302908,0.780921117335664,0.10658941090555,0.676574385873218,0.115825702707106
0.760035151973278,0.149392539201126,14.4174862988518,1.86261696140681,0.339402889487427,0.178535170798836,1,-0.248116387595198,0.169996692739712,0.688168551393747,0.0752820158659173,0.789825882953748,0.0798727952174551,0.530775765267311,0.0930323230647547,0.714061479068561,0.0957694523091827,0.611105404038137,0.108596051174929
1.35136526078859,0.186223710365841,18.8294464799038,2.84369245584085,0.273774492269433,0.274503927749402,1,0.0335960028296678,0.184445496576744,0.817986826455285,0.0936936468746668,0.782517050028469,0.0907724652872196,0.764082999852706,0.0965993240583946,0.827689524026172,0.10175500824305,0.944789823811421,0.106789795061034
0.785364667563179,0.153028405894771,14.4019863129389,1.92545724301798,0.560338834469342,0.23721951845142,1,-0.0154231990145928,0.1818145095823,0.725502680932781,0.0817883241168333,0.684875592856379,0.0856758040356687,0.671676142309903,0.0843436915679008,0.595992394670141,0.0981869431502192,0.463164161948113,0.11789240555305
1.11978895071248,0.152864347916218,14.1634935133574,1.79821326359478,0.614078607733598,0.149931539851737,1,0.0370546680333486,0.195627046146263,0.69751148764073,0.0667900018810528,0.609227485337544,0.0932344030198625,0.773190953834604,0.0895600827631929,0.639297093696904,0.0910296444713127,0.777657932099477,0.0922026259581358
1.15414965315495,0.159178860260379,15.3971815658307,2.08996460900604,0.414215030501978,0.245137061239623,1,-0.0925632754439696,0.191569281544935,0.625538090014598,0.0943306040859179,0.626100529050669,0.0919398945130407,0.674154035662669,0.0824029787409891,0.564345901362649,0.0982181866948968,0.693702596370103,0.0982825907064674
0.799522328866836,0.160589774550044,16.8563093870435,2.45610550823355,0.265272263692507,0.193851015697658,1,0.0210070116652898,0.169833423916272,0.661420153027558,0.0840709658468658,0.794109290049747,0.0773186331952859,0.721708802724567,0.0972398550555919,0.552186442405782,0.111127949868562,0.784524144875238,0.1119186397772
0.731223437158199,0.166539463010886,17.3110663884862,2.71579286239763,0.0771576811749143,0.246273632299413,1,0.0565956489578304,0.173857238286697,0.637638055755924,0.0908028896665917,0.652867673278634,0.0913384767170677,0.741837118107854,0.0987510025527038,0.563404003803211,0.110982236152593,0.781734517200257,0.111020257960955
1.07551727105636,0.168332556539761,16.6424289060318,2.40557354631985,0.197543173789497,0.226088661980237,1,-0.026818450931895,0.181108457414639,0.695169756419778,0.0781176731935985,0.784876009352562,0.0883965419316505,0.707188612168614,0.101493934806458,0.779063458227283,0.108214381357876,0.741643789694498,0.108394797637931
0.982229056208589,0.152073093531064,13.4938588918646,1.87526088073928,0.359199429226902,0.229908993725145,1,-0.153148927400451,0.172534265869006,0.652885342015838,0.082791050214387,0.642307303462015,0.0989229293429595,0.721333432740711,0.0894908254018905,0.669744997700598,0.0940614115376473,0.768645414727138,0.0956671540335367
0.882569606258612,0.170243892454021,18.5428052657901,2.50128240874055,0.5642793842271,0.191588685389281,1,-0.130162662426308,0.180963796077182,0.740323411071511,0.0830405519312482,0.750977365529289,0.0943025617115559,0.678555887627897,0.0879895793390325,0.606759236253814,0.110808418367495,0.665034868269484,0.123225875784887
0.894520182298524,0.198227350220562,21.6201190280317,3.99385177405954,-0.148163353720966,0.173628719167857,1,-0.0102499206303906,0.20177097903536,0.793191708291773,0.101890485953269,0.787450957817638,0.109292399150555,0.822444477298936,0.110339346825322,0.80526074563612,0.134918193287224,0.944648014548724,0.131394173035678
0.958654295714601,0.168222634502596,17.4909646879064,2.47799013663881,0.260317457957603,0.255051897340542,1,-0.0192796576698312,0.185783531637795,0.723629102913056,0.0804802216121829,0.641792981916157,0.0959434428958096,0.743268943035756,0.107194361192113,0.736631015782041,0.0943605595566242,0.75431655274347,0.103257989038348
0.824547159165772,0.156703359573678,15.1557068132011,1.97298700718835,0.624976307622413,0.156548124059366,1,0.0667895550032051,0.197676747485337,0.601289484718301,0.0804460919018524,0.652821133596545,0.0850919874981058,0.613000806507345,0.0911953926383082,0.622391546822574,0.101875688459584,0.556965070861151,0.122916341861469
1.032739973701,0.162029270750265,14.7205236189165,2.22556200129268,0.20746353796482,0.241444184114247,1,-0.0697297517048293,0.156384639568121,0.735102160764846,0.080426975628735,0.679423203558428,0.0878819894143835,0.790512614325326,0.106177019116203,0.662896264525587,0.11022566600118,0.562703521269218,0.124313229209522
1.20672370593077,0.164455608431581,14.1935697947966,2.15412913840314,0.252547889093066,0.245910231904275,1,-0.156413657741543,0.184010179969858,0.713876998572713,0.084783735254633,0.694782247506795,0.0857801164682338,0.720192577647385,0.0916116283176692,0.776169583419766,0.107622963778885,0.685252104892323,0.118279201294119
1.10948451186468,0.169272648886187,18.692313413763,2.19633281404047,0.597705304832743,0.121800164557584,1,-0.14374750540907,0.174056140965105,0.703015132996335,0.0797476319256442,0.591880257899733,0.0853266558041512,0.774152717166927,0.0831078388166091,0.720937115494632,0.0975282482187942,0.844935474489042,0.091755124730565
0.947374600502525,0.17519701026144,18.2517501104154,3.01193883460528,-0.0736800520003888,0.179040910436012,1,-0.303483552945255,0.219907055336962,0.904153584954526,0.0948564613401967,0.703511415261567,0.103020371546203,0.628715600321814,0.101030886547633,0.837557450284554,0.10395377293164,0.740656064435645,0.124187133200501
1.13644297895736,0.165973510627789,16.7882338822372,2.38533863622798,0.422473104321929,0.233423676237981,1,-0.0337485537072447,0.172305322068078,0.79266207954262,0.0798481721896107,0.666623084503492,0.104858066421967,0.828661790515082,0.0930981333616943,0.643636880038988,0.109310406117402,0.717529215286962,0.0885957430004709
1.25456421188723,0.171305437327926,16.9365568808984,2.32645885425688,0.521332683898988,0.253383875051456,1,-0.0109166247744154,0.187408615456069,0.677156655979573,0.091732743087902,0.663187173208326,0.0991482400338131,0.671009449121067,0.0934045167539371,0.614051476786387,0.0929080480037516,0.812257433339342,0.0978757387393381
1.02018224485847,0.163737006932607,16.3077285950724,2.29663623073373,0.25673450503056,0.219248938440498,1,-0.045851144743115,0.184917781658392,0.647177330596952,0.0924695985103404,0.690634062642384,0.0830333446397271,0.582854525123494,0.107060094267916,0.712023663573294,0.101150662416731,0.765983998748259,0.0866463320460693
1.03169816677589,0.155668678288097,15.2045795313027,1.95453384629068,0.567135945062449,0.202222587865448,1,-0.101727032352727,0.175164572764717,0.663895475747611,0.079002436301859,0.56330708069326,0.0926098165744614,0.735404250727303,0.0860597424070365,0.698368999353916,0.0912224396119505,0.649266489032057,0.102358610575412
1.3044079622693,0.185555681424567,18.3198238828223,2.8446373143347,0.268123466172488,0.257597873783158,1,-0.148432308941629,0.184216794169825,0.837709462059887,0.0819942958683098,0.617302034120925,0.0992265923341041,0.86584486863485,0.0909643043116967,0.765613038347712,0.103655363316302,0.861748533881659,0.117257040940129
0.833159964709065,0.170882148574658,18.3406600215088,2.62192276924191,0.405195619717617,0.257565370693963,1,0.0149065548802388,0.182669801845215,0.70906649232733,0.0829043018491167,0.765502639558805,0.0890986966608898,0.644150611253345,0.0938943593730755,0.872734547278417,0.101178827768635,0.550981494783841,0.126326657150718
0.981416366872684,0.183115449838764,19.9867048381252,3.07080363628064,0.34132656440574,0.305849430719465,1,0.118955971353355,0.222414339615477,0.857049355522168,0.106237746579342,0.720130557759385,0.0975766863764565,0.730862145208406,0.102647138796892,0.74049217887853,0.102693013317999,0.610868572713357,0.125949485716321
1.16545092033921,0.180661452792451,17.2777936810097,2.81034549454591,0.234673537289268,0.252348580192557,1,0.109767059051314,0.191359330382701,0.751769857001907,0.0970326597986837,0.658677693411728,0.102853410483353,0.759692658131939,0.107320611323389,0.841517076422984,0.101256147943931,0.814316247732997,0.105996633608428
1.00008267627158,0.154950827925233,15.4467103310569,2.04437281097488,0.326218217647209,0.206089764164943,1,0.0780016235968952,0.179549621887413,0.591554537832068,0.0868218391817504,0.749981508239834,0.0821500789432319,0.829315596100509,0.0888451091006352,0.436336810220031,0.120393875638282,0.812975380860257,0.099040825858595
0.906495691434478,0.148650404328309,14.599114545434,2.03248470537806,0.113440132527769,0.181907988590794,1,-0.0602414345366714,0.170446980956214,0.687446154998898,0.083590964848984,0.724691758387332,0.0884086952058087,0.821857537356988,0.0905232439249013,0.679712987140841,0.104123719664626,0.670255529564511,0.107160730180514
0.865478115661209,0.149546990898611,14.0593715225552,1.73490519807214,0.60372920079029,0.150379582567514,1,-0.253796242666345,0.188021120012531,0.599508471173384,0.0778527392450407,0.672087433089877,0.0784429693185797,0.71196337063953,0.0735313782258664,0.454640989535793,0.103475299757195,0.602324579479155,0.0919265889348923
0.999046202440714,0.162747788925372,16.6724876206301,2.174930131027,0.507758515318001,0.230552563823553,1,0.212030027158334,0.169135694989413,0.687965671655496,0.0732110810807703,0.763609601231126,0.0827606680636661,0.520155739417744,0.0937967157786594,0.669231698663652,0.100530591991673,0.686433529017675,0.102298246669796
1.17206109063191,0.191386428031222,19.5901992739552,3.21443742342549,-0.0375938577279681,0.190326671728638,1,-0.0701573950558368,0.193281239332058,0.837605311195791,0.0987375474610138,0.799777630119414,0.092895908303253,0.736626405649353,0.104030573646,0.888695983032094,0.10463315706083,0.801042320414407,0.12615247476628
0.808040706666474,0.148742880722984,13.7370542560066,1.9932941474642,0.332853519802705,0.248336729945201,1,-0.123674710508065,0.166037379026434,0.672029807160204,0.0777809688542716,0.679564199041349,0.0793422864663629,0.600262909388196,0.105854890279321,0.543940383038779,0.120410024212988,0.782880458942066,0.104593053867066
0.962695926943369,0.165099746634842,17.5301881258543,2.72172999827552,-0.116290010018759,0.168776649136042,1,-0.0184541967189636,0.172877785925679,0.862834564660415,0.0835552415311179,0.802538318705682,0.0877900129913849,0.828243110405568,0.102792055656479,0.760062046647811,0.120071628692538,0.636556984246578,0.127264077644694
0.994540934751751,0.16981165909811,16.9519316799314,2.75841293019664,0.170320097583746,0.235824171551754,1,0.00693389177264837,0.188356616419255,0.777054716611032,0.0827549639905407,0.68027151535312,0.102304102359981,0.765288954249784,0.11198216030299,0.708212886891949,0.115505466888404,0.708198170487285,0.114885179137647
0.803141031529283,0.154287356433858,14.7259232295773,2.10264064197338,0.266485507814305,0.237069668625737,1,-0.16508501918806,0.192281212010118,0.750447228804837,0.0789455490262188,0.548323584869583,0.0901053589714897,0.505121914298166,0.101836375807223,0.694653889702641,0.101458474614642,0.699508327102327,0.101425081474811
1.18251715006651,0.187044273834138,20.0275108194649,3.48845601791278,0.17925437683568,0.282836241777093,1,0.178377745334714,0.176717186631044,0.635428349099294,0.0893447223133259,0.858979055624311,0.120043787570754,0.679005956294814,0.116872543011031,0.776101867640751,0.111906245269798,0.848940479176592,0.12175491990351
0.86958424086535,0.175845025448289,18.0209365742688,2.82946092271327,0.118149114804989,0.240276426115214,1,0.0963060746045984,0.191262612072876,0.694940721868273,0.0914549543427424,0.756267986884677,0.0948108471290331,0.856184731294091,0.104702227441849,0.644941564012791,0.111593538834174,0.639619940898115,0.121605836126201
1.23483662147537,0.162619623215382,15.6794258276358,2.27472672595434,0.395751007167472,0.259838438800714,1,0.323249134384764,0.185200858693401,0.562491535604293,0.0864183513170195,0.527286529921164,0.0892802849551131,0.744411179492059,0.0883155736173782,0.780127767189266,0.0990849966339158,0.723352175392893,0.118790145860062
0.966837455548655,0.147169238801432,13.1540983800124,1.68119672720244,0.58093940688346,0.177200693628822,1,0.0159592299015483,0.20264014024932,0.70969439794449,0.0836873242129546,0.59776788542894,0.0905377389030321,0.532567727163935,0.0829109885362078,0.585348879708806,0.0887993203227982,0.649477689381098,0.0952452094483742
0.764934423070261,0.171481327003302,19.0451171860559,2.4704490668068,0.793836884685333,0.0793923900793983,1,-0.203057446683984,0.213750157401845,0.775267343011893,0.0778116725019384,0.763758172253041,0.0763230090026946,0.711194091929177,0.0824966296382963,0.623419185707128,0.106503048425673,0.599114024397062,0.120538582290696
0.959477310739664,0.16080471311402,15.5038457170299,2.18622480903383,0.142922200918333,0.200793250426763,1,0.0521749680524038,0.167556315850856,0.618686071720713,0.0851306510524652,0.758954456840985,0.0950494290468989,0.619762920775299,0.0956214286443025,0.737720232444237,0.0971786542702038,0.727994903067006,0.104667578985689
0.80106735789334,0.162978942039707,16.5528307676082,2.46450999509864,0.4329134664896,0.237431809829293,1,-0.11951566242062,0.183975449771923,0.770122664091074,0.0816050292097512,0.616851046742551,0.096258841172387,0.743819555871623,0.0957127597607101,0.625632712981835,0.115141151620663,0.692497781365027,0.123416173626025
0.768234312344003,0.15348024017992,14.587884163837,2.18114566252465,0.243664326119395,0.237335132673365,1,-0.098936658512203,0.161159393179052,0.666870457184209,0.0802727551498677,0.658341178418556,0.098049767403146,0.637111742433391,0.103844676450385,0.732595706372291,0.0953013669425819,0.718865678498877,0.110293794175054
0.933263197275499,0.176979675361375,19.0150509460451,2.86748844776747,0.0849684983792764,0.201200787523513,1,0.0189819978834085,0.185196823715436,0.766383194234187,0.094068795280885,0.71923710390309,0.0968339555482689,0.78270435234821,0.0963549971746399,0.882595818460065,0.0906304480627275,0.665998211536898,0.137737586692412
0.865453935864089,0.175545385356897,18.9838984690595,2.83176238123397,0.502985733216827,0.268356216751751,1,0.227395046208946,0.197152240021023,0.734445350073552,0.0820231297557812,0.743843823307684,0.0837869181800829,0.591273777646286,0.112522516266972,0.572511688261736,0.116970084106292,0.726274547716211,0.114298136370974
0.958839774674202,0.160840891227823,15.8019375827905,2.29596885119455,0.307643946822865,0.250347814425054,1,-0.135177646228919,0.185287278759063,0.758783626142529,0.0890688373020154,0.832212606708507,0.0890542733940405,0.663010048454737,0.0945260999780917,0.650967558072743,0.1049417560837,0.833419827154062,0.113449123829996
0.6836780376598,0.163034768375388,16.8685404336483,2.27628459372173,0.319339408463009,0.25004034577404,1,-0.122216479943444,0.210007474787702,0.728640314240903,0.0840248986211677,0.650400512555908,0.0952816548561396,0.973519900830935,0.0686268988557649,0.690551059191409,0.0959849765606122,0.870421829882777,0.102058549826642
0.988145085953415,0.174012882216978,17.5171382886818,2.98773015819837,0.108909373369878,0.22907279340798,1,0.105407776501461,0.181427700928529,0.739654502847835,0.0944510331910134,0.673613442831246,0.105593486743755,0.651741830323198,0.104113922965067,0.724569184231175,0.108093644384419,0.718263078039328,0.12438439688549
0.984528130865892,0.165948883040125,16.8244466983572,2.46200849794953,0.122791344814601,0.199992254870458,1,0.0517774910553059,0.158346255560606,0.715946918696679,0.0861835559314554,0.691762046201529,0.0889881420734688,0.644888276182294,0.100241709741863,0.682468680147745,0.105959251151085,0.800998633309606,0.105391109819328
0.930307833737689,0.177514867662593,18.3173044740041,3.11219871646521,-0.0115281857085419,0.188943933010905,1,-0.00170300582395323,0.192206579347209,0.808397526549023,0.101445160650796,0.854710033851397,0.104760540777375,0.758813816289882,0.116945843078818,0.845977417971561,0.103168933514947,0.784808268311344,0.10709399812342
1.04494875875552,0.186988652072312,20.0803228305822,3.23319754893468,-0.0118357898102326,0.187384266185445,1,-0.126156796137449,0.17362467883904,0.891279430093496,0.0878545811650048,0.763015582558423,0.10548203757879,0.791270438041878,0.0929240506496648,0.736788149854167,0.113625869900746,0.796166599169096,0.115551349547691
0.76725658176055,0.140976117145462,11.930377437292,1.62580550787718,0.397013835772747,0.245553292801804,1,-0.0243223483145345,0.161019755864162,0.623167562437767,0.0763168666642619,0.686570708110229,0.0872358714263207,0.610909212614167,0.097620224093465,0.646020098272929,0.0990278902595904,0.714352733105766,0.114719504472903
0.997862302734409,0.163851679866623,15.9923625271974,2.42726056319222,-0.0264603054579732,0.195463806585462,1,-0.0845661650019922,0.161662659610144,0.814795171652669,0.0834883436891167,0.629375117456266,0.0946318980000739,0.621543480412759,0.107623978255047,0.642086081529688,0.109327245784628,0.685033831211211,0.113525425212383
1.08911602682771,0.177442545284464,18.5415580543157,2.79522137130479,0.261770500009425,0.283145236155394,1,-0.0832061839110553,0.171325847986845,0.795513883668119,0.0848361421644261,0.820444542441984,0.0874460725677634,0.837347040329577,0.0975981544283247,0.629746662036147,0.108926872350581,0.707205649951351,0.113593034134489
0.821824939646017,0.143168758649391,12.6658113684949,1.6456306501284,0.628790110643986,0.152244824766708,1,0.0810027102021318,0.181783183447477,0.594878233694444,0.0873137629977419,0.623982021940933,0.0759056312629187,0.609161044299097,0.0965318603720181,0.529152435657773,0.0960684717424818,0.607763131703319,0.10911197747205
1.02206218920443,0.168243623743415,16.7968646029182,2.49536850183178,0.299536586186128,0.225969174672962,1,-0.164611010052464,0.18209627901032,0.734575945978903,0.0810668769013611,0.881949088578545,0.0864046094860322,0.688481006363059,0.103124224021705,0.68793767094906,0.0993027401760672,0.749447605880628,0.114403984823929
0.964095833607625,0.152870265728379,15.0488674966138,1.95314676012617,0.611696505766707,0.247993991620099,1,0.216123186653537,0.194096099378671,0.592671368554525,0.0876911197360262,0.647050121109692,0.0853513364015477,0.60145018618507,0.0964494014310917,0.612091623750096,0.0931606749843102,0.804273901027834,0.0995966745926354
1.38053325860204,0.189309278177399,18.728143184066,3.01977224118096,0.139649488984772,0.22280755494656,1,-0.253567933538236,0.185711258745529,0.838375319544344,0.0852188483189904,0.712719230985179,0.100829798212301,0.650367430076718,0.112408122876597,0.555232160798386,0.117555733629021,0.697131044494936,0.111296991387959
0.784716346938032,0.155730198744498,15.1235388126435,1.92184265920241,0.334517384008223,0.204911958524168,1,0.0071933731949888,0.155955681443426,0.662064931193532,0.0711109566330468,0.706043370464089,0.0927507056830352,0.522617874574685,0.10145885451039,0.79690757190346,0.100497462047534,0.583453670919157,0.100181044357454
1.28178461466596,0.172894884043547,17.5104630598208,2.59216353819203,0.31319503122795,0.244224122570684,1,0.052537297525369,0.167348558582718,0.608031322746907,0.0909120558807428,0.742366702840603,0.0778662907158247,0.730781701697875,0.0934846178507059,0.792374150166957,0.0963955143100675,0.845408937799568,0.103394147488107
1.03349433219301,0.169960303773224,17.2440573577355,2.63332551069795,0.141630447249585,0.230621307294773,1,0.117185327498644,0.160419359216506,0.653760717412776,0.085376369131239,0.667408615378778,0.105581093230607,0.788784754957579,0.0928468189741113,0.658328734421961,0.106902260773867,0.76210082016776,0.10667756171558
1.24997469798974,0.164659758495762,14.7900800456801,2.05259508452572,0.345321553192603,0.237145766480124,1,-0.0920731937609245,0.167299172318207,0.62005596471925,0.0824964644660158,0.774277734250303,0.0901462733012594,0.77210281112517,0.0942192617818753,0.691355195527419,0.101613593922352,0.718730998883991,0.111523761478989
0.813404894622244,0.148075775595595,13.573238083498,1.83414580597881,0.383996912650866,0.240071211185912,1,-0.236478457293787,0.174955785866623,0.640515598199501,0.0855293633885002,0.663304981807228,0.0795495006028524,0.564473791717587,0.0873769322426021,0.644422702181616,0.110129646446458,0.688644179107305,0.115599069361334
0.762185592681001,0.153864835057296,14.5159940326837,2.00054848118369,0.413144471914754,0.252185083072431,1,0.225065176612397,0.175896342052841,0.757765374221358,0.0836310441784395,0.534745860073704,0.0957635047946297,0.671412791525642,0.0967868386034557,0.469524409745698,0.108324064233332,0.717058303397363,0.0940267649275163
0.599377286922871,0.162885909422678,16.9036373660403,2.40233802653872,0.438305248439812,0.270456692802878,1,-0.189099739280305,0.195575636061238,0.682544718145819,0.0852193432025751,0.670226675160778,0.0834155861653055,0.521841573167434,0.106749620246865,0.861015367437937,0.0920173776313856,0.434834262938365,0.122710315492434
0.921343613025007,0.162409811477352,16.3021085647776,2.04169954189449,0.507346590818688,0.208287643658922,1,0.116273034551351,0.20486582183625,0.64905903906203,0.0771589522455568,0.659299552888184,0.093011880017302,0.63897104715937,0.09520708580595,0.704499924004678,0.0838771570409249,0.732406635699489,0.103748021273738
1.19700987228158,0.176363137438752,16.4040893532337,2.68789643251426,-0.0805035357931369,0.186455716584032,1,-0.233097010153321,0.161807569555495,0.795026980188593,0.0917081588582131,0.780365427983848,0.0978098315052691,0.798277056062426,0.0998543621768605,0.849039413144942,0.111621617750063,0.736172206765781,0.124351931564143
0.954144104598409,0.159044398851489,14.7507101807114,2.22172133308214,0.376870879703516,0.249578079296071,1,-0.224710948523547,0.185439654266276,0.741556423979512,0.0832512973291066,0.833795167990636,0.0910583190828788,0.590334688915391,0.105910341906266,0.711877452084603,0.0971946574505184,0.78237288548194,0.103432956004757
1.08414045932092,0.167076325027463,16.6377833649069,2.26937283780478,0.402573480820747,0.249361751023579,1,-0.0336491172837299,0.186538903423016,0.607500169221838,0.0881449830165572,0.813862538744269,0.0840865523203156,0.705161927693844,0.0843365592995085,0.752742674194495,0.0881107204186646,0.812623034142533,0.109405449139725
1.05174626077504,0.149601155261003,14.0316149267364,1.87148831924304,0.652804876465705,0.121114962491206,1,-0.139392770049851,0.190264385059385,0.64624711543562,0.0846243368000118,0.552281061132991,0.102877018756404,0.662284322708476,0.0853750620766332,0.613145452862782,0.107241024625381,0.863423429405557,0.0915946502523669
1.03076890035154,0.15649465458231,14.7265030789896,1.87609195979956,0.586444699816309,0.221264447816099,1,-0.158914486973901,0.202681291980341,0.629984568754022,0.082882796903292,0.695481401051885,0.0822216611841053,0.935781142449424,0.092763291367693,0.473538480395195,0.118771577430992,0.586283765603556,0.11233773176783
0.935050147215554,0.161979330875909,15.7079954126154,2.55537519316092,0.208339630877103,0.246181492691937,1,-0.0120433034527208,0.163411724052094,0.6727702895907,0.0894448632885912,0.694898608939896,0.0981032956375516,0.573133695376912,0.114957414638281,0.831210298756471,0.105590828894432,0.601581438286975,0.133011581492803
1.1166094941565,0.149070729864599,13.2024586586715,1.64743159452651,0.427743825843426,0.193132609973708,1,-0.00659170179430834,0.189692948935396,0.693277184913015,0.0785027761525973,0.740061318538721,0.0800588257937543,0.67349922166176,0.0841991207946379,0.498330579779603,0.0978831590863841,0.643537906066309,0.0965211312729074
0.942352933348401,0.186975361463375,21.9842164806932,3.83547215177711,-0.133455396122056,0.172928038793358,1,-0.234823967780445,0.187631719046296,0.878894929452865,0.0979728716926268,0.735356276107432,0.0941995856788151,0.802235814851537,0.103236338146837,0.690532412664323,0.113958569617449,0.844748772388907,0.13664712084031
0.910935295812644,0.175222461929336,19.7712976629793,2.99605202771574,-0.0445188648445649,0.149242479347714,1,-0.223640507860404,0.166575569519008,0.794874952342508,0.0867393870358932,0.822308421902381,0.0972138837628147,0.629857750615438,0.0999042133299859,0.782058111723056,0.0939550681621229,0.68603062462577,0.118023067847132
1.09502700651616,0.153805040613438,13.7120247232722,1.94173651856989,0.256661399619529,0.239178103444321,1,0.239806007761508,0.181729724958179,0.623350905350902,0.0921263709307628,0.769853168238082,0.0881248945375979,0.625780629838724,0.0943912477221321,0.634367336501405,0.103525706047099,0.810249779461261,0.0882057384889352
1.22086395412641,0.169169894478169,15.7135335812141,2.24688312103298,0.270232413077293,0.22864585198256,1,-0.252486987790532,0.19121854118648,0.840625649050777,0.0835882231978444,0.769915437871349,0.0909091940443045,0.755561905216574,0.0832503485654112,0.694717689280627,0.108986917451077,0.608325537677399,0.11415715142028
0.943236792509188,0.16619667251189,16.5028471886306,2.49952337846912,0.0294829972524246,0.181574411220433,1,-0.190932534192617,0.170502745996833,0.765609478219379,0.0841665886411231,0.765761648919016,0.0882999636867459,0.77159600989727,0.114499275003284,0.719749505631881,0.111299074210908,0.82966712439728,0.108714158365474
1.25002292485414,0.176855561602026,18.3075473773479,2.83419413578463,0.15970442660218,0.234539816607689,1,0.0557556889570381,0.172717316243128,0.738708835684711,0.0926113685691696,0.712217799693646,0.0907138235359958,0.682925429245292,0.101052146899019,0.63836847774916,0.108438170312086,0.825487564240136,0.112060318771088
1.12406825376302,0.154637636098345,15.3453520777524,2.06431375310378,0.420612355479654,0.229470008328192,1,0.082984747727495,0.166117930139319,0.801490892319518,0.0738953874723865,0.591167134860585,0.0869857074774484,0.732718144091121,0.0926602659775386,0.54602163319558,0.105589645428085,0.692045719861636,0.0941261801431634
1.35096898542621,0.181641063956597,18.269040110386,2.78505500423516,0.327471950169632,0.236149583164823,1,0.383710078865789,0.189384109060426,0.809231769412488,0.0936854306986356,0.69684525657456,0.0973978121132657,0.808347352747861,0.0931365944686365,0.732459290485841,0.104730950117669,0.763184194662513,0.102883401502578
0.882955321242409,0.164517187204925,16.9372642166746,2.15060397075047,0.647804678029332,0.167601169768983,1,0.00531305553442797,0.198358048632778,0.75444544531623,0.08298630068031,0.70430147019204,0.0704002195484962,0.54990779672116,0.0899937936170107,0.747440182458027,0.0842733181210591,0.655919432578312,0.13156303665966
1.02757182687371,0.173325167699294,18.642546753655,2.641266546662,0.167994111952243,0.225768008351344,1,0.196330238853589,0.161765703692246,0.761322009547402,0.0766564825814532,0.719411238616791,0.0923616419205961,0.758572812395935,0.0990310537585763,0.765906587516838,0.111087502731396,0.769848853111186,0.120872784206709
1.16094196253755,0.163807458668336,15.4912999877955,2.28205817942431,0.381656100754137,0.261206676531869,1,0.248934895782447,0.185368809586925,0.520795252990191,0.0900954919753686,0.755811696302248,0.0886095049063588,0.754557645181941,0.101952541686126,0.598234666220258,0.108374946383594,0.687167036400134,0.0991526181649471
1.19218788372596,0.180815248924015,17.092186277828,2.70852644682104,0.0189249058668856,0.217777159926551,1,-0.212884508802399,0.18545383292492,0.741571995710246,0.0876354173401922,0.861353303194345,0.0907805655973985,0.612117829924253,0.108736286892028,0.723006409632001,0.10660709969795,0.945499531251023,0.110658512931487
1.09729785718514,0.169546952768735,17.1251243803466,2.27876971922087,0.47013207371579,0.253075267149728,1,0.353918288292966,0.202590351200203,0.656269639858125,0.0871789995666162,0.736281840002305,0.0776662683735631,0.78746955132246,0.0913498656468677,0.645054643160877,0.100449199517852,0.757134010371866,0.108298259057382
0.84558514531701,0.15953234785426,15.6704757336696,2.17349814057876,0.411556337004143,0.251916803684161,1,-0.237931167000336,0.170549904513839,0.815181066746202,0.07485690414885,0.7773877550332,0.0793586850400939,0.660846823675322,0.093869816694907,0.644577373573296,0.0963127024203751,0.679040277568525,0.116338602067388
0.948686013147675,0.163705835976857,15.3181548353687,2.45595050736675,0.212391503799504,0.241883899253852,1,-0.0995383778841775,0.178077744363085,0.655932734897979,0.0846402616699866,0.667771614752022,0.102869424930432,0.611904973116982,0.107899046740129,0.617063125984255,0.108380893089041,0.439601591324012,0.115411208392646
0.943978889288525,0.153436692226532,14.7458418529156,1.87208618499718,0.676521856681898,0.1381131277608,1,0.173929793666635,0.199500050329638,0.656273741835024,0.0866144037224147,0.687404286457062,0.0800725032813492,0.617018634807435,0.090429132555916,0.760440297564966,0.0930150725759687,0.552241527640248,0.110365456631238
0.874405884524015,0.168803094986851,17.3556580358741,2.77750037168433,0.214730116928838,0.248482493652551,1,0.346722296554868,0.181591152941837,0.589632001803445,0.0917802497220434,0.648115140023161,0.0935113102088032,0.736336341613505,0.100394358141537,0.753224300524277,0.108836391515787,0.630788607557534,0.12798004512877
0.764128769655803,0.157186313322411,15.5166523017437,2.45351952488844,0.168861404232235,0.274453873212082,1,-0.0583025990064841,0.163245489860508,0.645232216454294,0.0865718356341713,0.755134697214339,0.087519169557487,0.684115346102376,0.110706038602197,0.644337345945669,0.116021303568681,0.59821515136123,0.130946091738754
0.845414352121917,0.1498610779171,13.7843086678368,1.91282268353056,0.314726796642702,0.235304697895107,1,-0.241624263399944,0.18015933235114,0.743144533758218,0.0761979717904569,0.683094702708156,0.0887553517308901,0.639782555965414,0.095547019980256,0.710912700070025,0.0974802008797672,0.571764447165223,0.126683455110496
1.31195602570553,0.193941190406766,20.3316653343843,3.30896432150497,0.291610106388885,0.251906999357569,1,0.146884088422367,0.191574297568992,0.771979975209942,0.0908869561780401,0.785983670014734,0.0911512535771277,0.705209477266595,0.106449050673231,0.632464341012544,0.111958956329458,0.796430518376625,0.122963305501087
1.13606830288981,0.160842804310796,15.4437091333571,2.18211114635366,0.273694522148565,0.233209169977724,1,0.12598600881881,0.162297911262404,0.719808333489241,0.073039395860753,0.616013593898272,0.0925013795785714,0.644319443578484,0.101463972887498,0.721845058397918,0.0960560210813861,0.658755145722103,0.109030469208734
0.843607625004547,0.145850705641736,13.2570579473353,1.62068205617372,0.709274813247023,0.117651409687992,1,-0.226228647113499,0.184324489052386,0.623677525060978,0.0817279167534016,0.580739274934121,0.0835362450562138,0.594486539409089,0.0920639046969167,0.611078082546719,0.0917920707886728,0.826717003410196,0.0836351934015881
0.875166493830053,0.178802639496217,20.0422984391626,3.16659273148286,0.253948412418848,0.323498755183448,1,-0.0292605331918758,0.20350143798547,0.819583216610792,0.0978889681656752,0.832858849897703,0.100254006760649,0.719835508558517,0.10308868585647,0.871755840442185,0.107012171996488,0.648149787262561,0.123020570002052
1.0125734274427,0.146740801612885,13.3473420902861,1.74933305069845,0.683948936995122,0.133004116190246,1,0.196985378454811,0.170762166731661,0.734735494231669,0.0693609589678397,0.564330631048381,0.088744524347639,0.666614316249027,0.0970469243464874,0.643956855955663,0.107983595650783,0.594314823416983,0.0970551523694324
1.07246721586061,0.182384209850206,20.0113733557997,3.04510606260342,0.343527402754093,0.2508702762997,1,-0.085215308647605,0.183747361855395,0.743669647510104,0.078441440141567,0.834605422406657,0.0969407020504954,0.784065762069976,0.0947068035657677,0.750155391345111,0.110648708802625,0.693630824911987,0.115759456288381
0.940110174227145,0.166450946801668,17.6856189978482,2.27598293745765,0.651306350191082,0.189896342349178,1,-0.273207539136993,0.191553837322298,0.775802042135433,0.0817706547686889,0.807085276834719,0.0807054296905555,0.723541953435229,0.0857713559255946,0.645005989042417,0.109423933769023,0.814099471359199,0.0972558500489345
NA,NA,NA,NA,NA,NA,99,NA,NA,NA,NA,NA,NA,NA,NA,NA,NA,NA,NA
1.24996593511769,0.158898253223925,15.4613464013362,2.08104450935009,0.20853404375672,0.203083849967647,1,0.0184672880479564,0.165244434543645,0.765724198569723,0.0783147695945942,0.678628782457356,0.0864570453982881,0.774782700677195,0.0861753589516585,0.631671961518881,0.0979730497781623,0.764303883081754,0.109578007850985
1.11784184813612,0.175888535759892,18.7164366340659,2.81864071464548,0.28612252825035,0.248397297550758,1,0.102681928096953,0.174401714450631,0.704266346064477,0.0902210059355325,0.770797857094007,0.0921468267536665,0.770439511289921,0.0945012583129118,0.844983794818034,0.100715831292354,0.51788144474074,0.124800497104509
1.08291555299825,0.156119308918003,14.7574815248425,1.9850540590364,0.46729929376394,0.252994842909193,1,0.106872370372929,0.178815735140402,0.673945934429738,0.0764269183077001,0.623825574164893,0.0855060823084788,0.573296159964147,0.0909858351466181,0.518917245837367,0.107608869829042,0.631861176210711,0.099289520506968
1.19596511056066,0.160003367187176,14.8870900308114,2.06703821299956,0.313213849749823,0.248014126226126,1,-0.122480311908657,0.187678043014256,0.795169832343869,0.0787486317308799,0.637076159057844,0.0945370743378606,0.624682126994526,0.0916463820918208,0.553590686796427,0.101551008417343,0.80959128078342,0.109155833954001
1.08699051445749,0.179086844318076,18.3327246691565,2.96168059929626,0.0261537322934411,0.195301980734707,1,0.131952016458058,0.167106068585241,0.753416293991315,0.0868064108946142,0.724524680891798,0.104876061178183,0.744759290026108,0.107711495156123,0.803772118766535,0.10746165044479,0.736901864103315,0.123478283403147
0.757095715495371,0.14883188597132,13.3423056084552,1.72211227802647,0.718442067633647,0.108741868753912,1,-0.0236412251244999,0.198977801965203,0.721439424181089,0.0839280536991448,0.624317436876911,0.0830094436255009,0.506618016274134,0.100556753364808,0.666587982884429,0.0748377583554015,0.411661463829039,0.121175573790912
1.4381112764921,0.165981249104886,16.9761967663571,2.11024962472472,0.404529470400868,0.213454445513104,1,0.0670604329586145,0.178582780496894,0.794222987685309,0.0780856980415036,0.673325441844249,0.0986344429046819,0.767917742359369,0.0899802829944528,0.837808596825532,0.087668679041566,0.833873940687082,0.101504002509963
1.28306157847715,0.175836881313546,17.8806456759299,2.63890065712554,0.161665478164503,0.182465884051971,1,-0.0580162484966255,0.16417644695447,0.727446442159223,0.0852293608333545,0.790075297193104,0.0929176926674023,0.742620755929744,0.0969408862302218,0.762148953979711,0.104055553996493,0.780002331753312,0.11003609510799
0.971279928756465,0.190585156670475,21.4724985426981,3.5451262897244,0.00989141914350331,0.192799813594794,1,-0.0601954990747542,0.185865453238132,0.822121232028607,0.0911498368464212,0.741922978052971,0.102688961001392,0.882885370749917,0.0915887105449575,0.656736926684704,0.127115022199946,0.925055202031049,0.112300441523739
0.754681554808002,0.162971531686783,16.1807989581223,2.37209992787374,0.351599189650295,0.30875391430515,1,-0.0114692337852926,0.189260083706313,0.693206614594479,0.0792618654220066,0.57532592144788,0.0930425805381767,0.553030806400041,0.106135953361403,0.639485953334037,0.102278285603946,0.65838841042926,0.114736096005399
1.33236135526068,0.150719276883827,13.8736118207832,1.69596851598654,0.447912713584691,0.223094883895418,1,0.0125360404187448,0.185470871017572,0.701244299575412,0.0796030263565312,0.876243953941078,0.070605909945985,0.696467845997917,0.0876593468738012,0.76349065469995,0.0825966097722996,0.814499981191255,0.0926633152351965
1.0427025841144,0.17252237622499,18.6452315192587,2.46982829992861,0.618359029587301,0.117579798107787,1,0.0798734611342004,0.203648627631986,0.704019254090382,0.0826872620525335,0.716864910121409,0.0896888600576158,0.739506511896667,0.105230715199887,0.649716645061426,0.0892260749887876,0.752907975165046,0.0959086383466596
1.20096882590727,0.164134044027724,16.9183329220748,2.36984916267836,0.433605382271185,0.269223441253697,1,0.27103185945084,0.187562055552932,0.809773672117428,0.0796064515346346,0.53275217411914,0.0963490200523232,0.725704763914562,0.0941074280444892,0.673730336126232,0.0962450558472649,0.553869718184269,0.124284854418478
1.19169354019722,0.160172853103516,14.4587170338764,2.09179004410795,0.101602731011075,0.187003437736539,1,0.156272823706423,0.162446411177796,0.694067566232274,0.0830037505520057,0.742105299380146,0.087414925794278,0.773126664058673,0.0944912959815316,0.626779910220463,0.106397497560371,0.647734511070362,0.110812011168055
1.39769784052703,0.161262018827734,14.9005540069104,2.02844723592533,0.427341320356329,0.230217578133487,1,0.266763613533884,0.185313143905823,0.600104868004785,0.0854667834352802,0.788919003608999,0.075718774979037,0.683599971788565,0.0931275802814978,0.691521999826478,0.0998376638877449,0.649661334846486,0.0998899381093312
1.12369955763,0.15448740380219,15.3093622625492,1.93583840142494,0.352202270910448,0.169856806664964,1,0.34636135208511,0.149929964106883,0.591855149856754,0.0803670678932745,0.72182331112991,0.0841164188579956,0.685511749919199,0.08705773753802,0.810525536135517,0.0863077169333211,0.728151679637597,0.098127763932022
0.841112281734783,0.164745212266209,18.1861547441106,2.55688846006809,0.378760895946347,0.20899745662533,1,-0.210470152757639,0.194009232276011,0.699321157798641,0.0876706119429379,0.775838298197842,0.0861674324328225,0.781917965177999,0.0890010171745969,0.660069088903891,0.0972166802278998,0.755488149497359,0.112491834974576
1.36530947988002,0.189244278928373,18.7624265355867,3.09221125336586,-0.0249437300002182,0.217046403088153,1,0.0405060677369485,0.16114395276531,0.757363156900237,0.0891568603485939,0.93078655053912,0.105035654650401,0.817826498894355,0.103636743606931,0.888778720871548,0.109844139313046,0.837593236558728,0.119840494058695
1.01836549462561,0.18302513429573,19.1149497477775,2.94615030958533,0.0856801679145611,0.192325529312955,1,-0.202205940199973,0.185566250714862,0.781552480288416,0.0929662038605961,0.700019449810026,0.100225475542364,0.676535990264947,0.0954871215760952,0.763729855903113,0.109660064250469,0.737592838104626,0.093252853010386
0.972914789362033,0.169288241055085,17.3601413598319,2.38409469706473,0.668767229645218,0.148213318933333,1,0.138398690632134,0.194167706627631,0.764640569503253,0.0750218825644074,0.79379553547886,0.0839806339695804,0.770599129634283,0.087051804169416,0.569255698520504,0.102068255760167,0.613516418466726,0.114971398201115
0.993679965894398,0.161906861146881,15.7814852097415,2.32422734587958,0.251852156130865,0.217855025356837,1,-0.174913269497855,0.169704588526696,0.666452249121362,0.0887988354348987,0.722256527376557,0.0914279467109355,0.631060584811431,0.0964536569347205,0.644623171866957,0.104321268522609,0.807618016966655,0.0947271254520028
1.13802701523029,0.172636254926214,17.9287342472659,2.58289734940887,0.117263254473669,0.23101242063555,1,0.145645881548733,0.173574911330069,0.765447897618822,0.0802126470166076,0.887582512220011,0.0856929879201166,0.804662986758392,0.0949200334362028,0.768297048269958,0.101479653882837,0.838165077508274,0.111691731773494
1.02106621030973,0.170167525720558,16.7576892087302,2.76315541520613,0.088965788027447,0.220084555717858,1,-0.0261168180597578,0.176397951634247,0.751152474775614,0.0892209415621917,0.863059800654878,0.0931355423409312,0.716484519656387,0.104810112734556,0.734038913487042,0.118921571099081,0.724238999180498,0.131598127940627
0.930573072948332,0.165092897637183,16.2241024728703,2.4094735685048,0.431551748406932,0.258154221466688,1,-0.0403282925430521,0.167657704436837,0.708903831895258,0.0800078568482173,0.851389111996958,0.0919534846229316,0.636932749896537,0.0916763457974797,0.681938400183454,0.0992815237364958,0.678970866684639,0.115795022942689
1.16947592271025,0.165455116984358,16.5227190454367,2.36935099543932,0.45992776339465,0.258050406142295,1,0.112911186904119,0.184453454623773,0.68673484732909,0.0836449362593289,0.769471048035979,0.0846903725038968,0.680350256832911,0.104050191181742,0.697347778499165,0.0996391695779252,0.620812122699425,0.110608411999547
0.876907273971259,0.177714485675638,18.992151788864,3.04510795556787,0.121969922828903,0.216053483509992,1,0.1077657274162,0.176260327556341,0.748990442673802,0.0914369989792324,0.575412143565776,0.0990490952473501,0.814780444228095,0.0958549577675634,0.560620840564604,0.114900073773557,0.686282302128549,0.12456535320349
1.18829295699097,0.159534701006812,16.2999649057288,2.04131999411472,0.658021200047355,0.140273348391431,1,0.120221285553846,0.181049774338475,0.74174810757808,0.0786232746972573,0.776956995248091,0.0693743552717047,0.752407692353727,0.0818634795492985,0.685998563720642,0.0961547874048311,0.62515058805746,0.108336552155677
0.932843330053348,0.163870485105739,17.3754982474721,2.41205653895722,0.324360552290053,0.229960202674442,1,-0.239261617531382,0.178221303807884,0.769487168537385,0.0778552616618702,0.649848060547046,0.0916944918825235,0.678826796914787,0.102254662315771,0.629909304954279,0.0994571246408945,0.720096496982022,0.110525697422147
0.911931079253973,0.157267857575655,14.4218326119447,2.30913885252143,0.0908251378441573,0.214737686655815,1,-0.0173606777715911,0.133966826901711,0.631909884478945,0.0979892102525445,0.62087641495022,0.101863845219804,0.620476104863009,0.114892912442048,0.718166390590664,0.105851297650987,0.567854357795288,0.108746132489181
0.86639359892974,0.14841411224694,13.2390592118887,1.87637202490621,0.341294018489806,0.247400608999868,1,-0.119976835787573,0.161644221106594,0.642597386102542,0.077129379980307,0.650517721600747,0.089429611905005,0.630081718483101,0.0896084374856697,0.707711203603789,0.102539672982688,0.641449989001344,0.115654208868822
1.08599464653127,0.175916184033778,18.3839755361189,2.81296691390005,0.223264450968806,0.242615251039775,1,0.111578389017232,0.180271057160385,0.707660353580236,0.0960350832583574,0.655438687191439,0.101398773989942,0.803314239586755,0.0956490549704421,0.770795404157664,0.0999975374784406,0.491795597970083,0.130599715594314
0.742564929630302,0.174956355420038,20.1185732962794,3.38925239253807,0.142866420134451,0.231741618232968,1,-0.213897015540733,0.176925414785302,0.837440623485335,0.0930828232795572,0.725061294750279,0.101840102184198,0.70586671133476,0.117923096874646,0.697663339484265,0.118146912837704,0.784687840799956,0.108387616163885
1.04173778303994,0.152563145833967,13.625663837185,1.90967525587794,0.399860183049793,0.237958245543111,1,0.0848552823278556,0.17568362901291,0.56715936020282,0.0896902720786656,0.597534917092181,0.0798737026652471,0.715886585027222,0.0874064331297632,0.603039245609872,0.103569774647153,0.601736366738458,0.100860853461227
0.95554880946356,0.179383137698626,20.9052313887493,2.92753374874115,0.494670863413058,0.322741271074663,1,0.110851090104445,0.202603991330809,0.776070997107909,0.0859854447196172,0.724058751586982,0.0887286903793288,0.775649530124601,0.0938280538590043,0.815370521002725,0.091973663135769,0.885426220328876,0.111527370684542
0.798794754713434,0.171911909170621,18.6620634544149,3.05188119737622,-0.00800860761096375,0.186536682015846,1,-0.162055669917717,0.174581647947229,0.624504156868598,0.0945471547332966,0.744382735902445,0.0919278854106605,0.686891957215831,0.105843252980748,0.827452581346739,0.109480281917589,0.490354557895573,0.135190840855001
0.653892783175563,0.149780550724743,14.4310836873819,1.80429976228356,0.411941036960489,0.191319410537206,1,0.00754884829472054,0.177152774022862,0.628262435709775,0.0798681920399765,0.736502884153324,0.0760625388328746,0.667090058068398,0.086741226844326,0.459707501564714,0.106930340163353,0.596977331951695,0.106048297369219
1.17204736812248,0.154332027015823,14.4727342999472,1.99970597747484,0.301304649766663,0.239097535686449,1,-0.0692051428086356,0.162235903124406,0.790660486250235,0.0764821953182849,0.735584057715025,0.0909813971905779,0.706928387829562,0.0924175550192783,0.674468500033075,0.104707966701719,0.583289840138077,0.112032470159722
0.876675766473751,0.176272464069393,18.5808985124623,2.86462334160634,0.131637209693823,0.203536759633927,1,-0.0347139484554275,0.175652330126272,0.57200097681406,0.0950079342800428,0.785866400527055,0.0953041056220016,0.54484486694866,0.109073587228514,0.646135307574828,0.112858698144719,0.565226088907174,0.115611999715919
1.08267028834174,0.176117876274283,17.967498562957,2.76403932444263,0.287810458402966,0.269348710536438,1,0.0311065666653419,0.21728382518758,0.67987735735294,0.0968943221984946,0.61128246546735,0.0915623492112856,0.703953921651877,0.0995696068293345,0.824714228085015,0.104711553469357,0.740471590659467,0.103171042549798
1.18369422416481,0.16536927404203,16.4287155236006,2.42351743579673,0.344958728519327,0.273413243409268,1,0.105165701529803,0.172924931117757,0.568977058511845,0.0883005278537505,0.903130466638958,0.0911374228788659,0.745754794745636,0.0903083785249067,0.890622037603758,0.111075436662171,0.624087510189411,0.124507483805703
1.1115000479565,0.153871066786439,14.6741677921034,1.9954764751472,0.44469753189754,0.253722276590928,1,0.112823642337427,0.166633876121131,0.725445705905391,0.065891154634862,0.631950225491789,0.0823787126903196,0.680025817766947,0.0945172986104665,0.715329249825582,0.0973891823830327,0.598954973675037,0.119523784675465
0.919499010302972,0.168530946046909,16.9902926645846,2.78363819619941,0.302756623805165,0.247981266445763,1,0.0989378244082659,0.202728366140634,0.737266892221244,0.0943233280678354,0.585106397439287,0.108782099074849,0.69606964364178,0.10506483467292,0.696945177941454,0.11717731081688,0.806209780932856,0.112122899196999
0.946363169667526,0.167404797619174,18.0404688248804,2.46451791436587,0.612806166196385,0.179147894557023,1,-0.241925203186748,0.218050228781899,0.839408485144685,0.0880279474073953,0.692896113338152,0.0888465744500597,0.765185651084397,0.0910870522601911,0.605997019199344,0.103369181118736,0.69695681615513,0.106805496048108
0.957626296876361,0.157474954112406,16.1197100586549,2.03952404684732,0.488965394446078,0.193140213216545,1,-0.151904287639559,0.158297532657778,0.790990282838002,0.0652948417507282,0.665043661877484,0.0758855717763243,0.696500484878621,0.0870447862562197,0.753138159930459,0.0969892496262854,0.634489886776647,0.11911527183082
0.927194438777347,0.184666028394859,19.5120685913437,3.09896199853497,0.260773356240366,0.239877717574947,1,-0.138203227327383,0.17471231460689,0.72843458515651,0.0909216302620613,0.746281787489127,0.102556466143953,0.708327487966716,0.10016776017052,0.612561537285996,0.121154383411102,0.779595671313459,0.111446270266439
0.972454327047953,0.15596105388459,13.9649732632726,2.02120778515645,0.394516231816959,0.283981746617797,1,0.116936773803488,0.176294207744005,0.647709787512805,0.0803862918695927,0.634402523556302,0.0902444726025962,0.604502967975536,0.102875402664582,0.702816812055055,0.104595962190795,0.62426861928362,0.106662632728158
0.852201032101446,0.181012642453178,21.3247425994722,3.17802834785375,0.0770913065735323,0.198415904878067,1,0.00765142471627881,0.14774971718407,0.693876593776236,0.0836369209723685,0.778194878207963,0.0884076465525928,0.810642082760722,0.093613261693655,0.70413874793814,0.119047729469228,1.19074745366152,0.121801328578235
0.578616143810334,0.152044415608868,14.8533216935209,1.91098671499931,0.533058799306013,0.194324969809595,1,0.132499887394437,0.181152160653241,0.589429706456067,0.0773642761130813,0.693237389711874,0.0841712044968483,0.636554962926695,0.0843368461740713,0.532970772396004,0.101691302635702,0.792808328490116,0.105793572333585
0.925825204517514,0.179934288953274,19.2842653474504,2.85522163489441,0.0636359166998813,0.207849099715265,1,0.117589445529721,0.170481075242243,0.684572502079896,0.0859634205422298,0.735306263058833,0.095727684508667,0.770201049069958,0.0904642540364892,0.735957771008873,0.113401974946626,0.691836330570741,0.10676989988
0.789843047086725,0.163971805010293,15.8239046332803,2.69707563038417,-0.0170477727049002,0.209804212600245,1,-0.322322370025249,0.173597839983703,0.696218824862183,0.093746064988415,0.695954532621038,0.107668160097731,0.671422817368731,0.105447546158765,0.68045400761266,0.112528428616005,0.717732529125714,0.12071059861707
0.964653401141873,0.15609999453735,15.1326799639281,2.24738843469754,0.179020058408988,0.214979693856351,1,-0.236280576493785,0.173002670549141,0.803507027156103,0.0844816001088554,0.620597380543797,0.0958491449397147,0.829037037917601,0.0967664477806658,0.652096403914816,0.0971496877826129,0.601592935776785,0.112100593049167
0.885626296979807,0.159836656963757,15.1851198735782,2.19427701565334,0.338760925395543,0.262877275326562,1,-0.0874004063817814,0.184909523960153,0.68802180015491,0.0792066102979431,0.714031977729241,0.0883640479365785,0.734200331015034,0.0883349900546688,0.706800440546608,0.117976486213146,0.709951343371268,0.102134631884416
0.906233577489585,0.175625910556546,19.2044888820309,3.08924852250044,-0.0457915689661319,0.173388886435218,1,0.074364097630282,0.169111409710615,0.70855696936966,0.0957806220067448,0.769786960823173,0.0895463808857433,0.744173009672807,0.106730690452732,0.723452517458836,0.110961449644155,0.787142607360823,0.112787025177512
1.07265190845678,0.178421252081905,17.9683581517287,2.7035015574373,0.215649184918005,0.212095913916141,1,-0.0565984131958465,0.179524943944063,0.677895564916863,0.0952247057341043,0.776656602147308,0.0892690967961205,0.726440120456513,0.0974676114588616,0.759122842971914,0.102960584490666,0.754905944237205,0.108796215775653
1.3793429379224,0.195005854390369,20.8570634743095,3.42221424884791,0.208635484923726,0.275292378693863,1,0.538005417907678,0.202269346937664,0.605066427074163,0.0972995588833884,0.68429135144635,0.105310794962535,0.706038278805361,0.113042986348271,0.923667518736509,0.0963621148137795,0.755684533232523,0.109285404576912
0.984793624720599,0.153002534511142,13.9111930543716,2.01230673587402,0.36398006934732,0.227840501300138,1,0.141308347772251,0.169824961098835,0.59281376667848,0.0807201721553561,0.714407837222138,0.0795120959804874,0.546780663490179,0.102657366438133,0.763839115417957,0.0963331064433714,0.799425357193607,0.104942942627796
0.884002092789396,0.161420187983115,16.2909634280002,2.15467947939884,0.22386521777504,0.217311602456536,1,-0.134338848805401,0.175421010599785,0.727767129285688,0.0777851125515061,0.774419931112156,0.0816876274758751,0.745648568205968,0.0906466729965797,0.618968067678994,0.106667091850272,0.778017251399099,0.11120004343744
0.993568470637643,0.172822207382666,19.3008094652766,2.42568369721682,0.64285733112011,0.150680423404544,1,0.104387242852628,0.191212219853487,0.72010043225648,0.0755383395630029,0.781828113099247,0.0860238712815734,0.748245905400958,0.084883593717996,0.747364015829142,0.0964853309143926,0.641574574144121,0.113574856241645
1.05674745613298,0.162203491478237,16.1796522837861,2.37021701370429,0.132564366416167,0.198923371942752,1,0.265308376770411,0.166102328055609,0.666344809920658,0.0986339922668983,0.844881657368407,0.0880275956865291,0.73674913355927,0.106213733513242,0.755923550822958,0.0923227782797272,0.785516938329342,0.0986858427584105
0.673776003287011,0.144712659343037,13.958986197647,1.58161644826117,0.583720991959266,0.145773788473826,1,-0.268494808191262,0.161936317092163,0.703154326409377,0.0698052297126306,0.745722888725392,0.0716240882934975,0.637673811559417,0.0836273583898931,0.594638916436351,0.0980767773881897,0.693075168710136,0.0869230097354503
0.986815011398322,0.17007606504504,16.5078940514403,2.5745249327113,0.23344981473371,0.281794018355462,1,-0.176086557949664,0.165965543108045,0.721844330440143,0.0846810819434932,0.758135905210438,0.0956736161133339,0.838147511476913,0.0992372943006126,0.652609600848852,0.105476881914013,0.727043854024087,0.113812614045867
0.927637373124233,0.154678092238384,15.1712663995165,2.06348439670921,0.599970295187153,0.186651447623986,1,0.0948992194673418,0.178711512600116,0.76462451707141,0.0815456834217603,0.614813669755629,0.0940912025766488,0.635778181259046,0.0941246235396612,0.563952691142171,0.0982977313864333,0.626400395253817,0.100588270875039
1.1172622781069,0.171460432850561,17.5561000950611,2.76497768068739,0.155600209067131,0.256870383766542,1,-0.0265406537391722,0.205161425781335,0.815212826873798,0.0938631992988109,0.748535722379955,0.0966724385983764,0.80066569262531,0.0985291043358527,0.838379488618157,0.0960059568271952,0.720706464398951,0.121590758932523
1.09023083753546,0.168892400572814,17.0900811288285,2.36508218626841,0.352403778158286,0.226917424758799,1,-0.0804205365142254,0.179784598146942,0.648697630727228,0.0830780138055849,0.668626144253716,0.0906343733239999,0.775415577807022,0.0914440445075391,0.768229273454144,0.100541133825496,0.731923511648169,0.0998900005531557
1.34175296596006,0.175956698576224,17.9666271117132,2.55968958855048,0.128159650385504,0.205450764486688,1,-0.186895294478227,0.172990579296286,0.778253776442373,0.078419765534743,0.78867847454051,0.0870152654088563,0.730014490906454,0.0929133194067237,0.83523422753547,0.0950043007852275,0.709031037837795,0.114730779556617
0.848819632706734,0.16786537586137,17.5353310072599,2.49965212298547,0.0408546720461589,0.183049845891272,1,0.174472360398826,0.181206974939845,0.650626152251658,0.0895390462793893,0.777883199393745,0.0940256740424193,0.670417575584008,0.0957716057161393,0.754185081277756,0.106383936426696,0.715774591887553,0.105932415495484
0.957087424746435,0.168955451010971,16.5729525309772,2.8802557398289,0.130328642196304,0.234451163487468,1,0.195852783911723,0.164834169388695,0.736555323157612,0.0915611055989339,0.706550385923524,0.0955313077013338,0.629990682359792,0.113499739956294,0.625109735974627,0.116290021651959,0.691231626969879,0.125088751796606
0.813191495715997,0.171763385429302,19.1065314652592,2.81225423148619,0.310358309095503,0.256719039805065,1,0.16143820671707,0.170800032819403,0.643310454855632,0.0823455652187417,0.759444128185237,0.0902947396587491,0.683227363779073,0.10161907196437,0.737768439492074,0.100850305039932,0.597654986035712,0.11882601869132
1.04994914277221,0.171372899827602,17.1019136899719,2.4496476213597,0.171648869288506,0.216325765617068,1,0.0835520814207382,0.168844222621908,0.568372405407973,0.0964694980679391,0.888583085670141,0.0798098018069686,0.721407856246854,0.0859353984558169,0.810243849770133,0.101737177685986,0.857861181437698,0.136669491132689
1.01095671321252,0.18520775446004,20.1919035975902,3.19952633564084,0.295126595042772,0.291581268893758,1,-0.0411322571382388,0.207559112597606,0.717985096199876,0.099030585943507,0.744950751299378,0.0908482833956931,0.640163329973958,0.106211548253971,0.925048005799166,0.109958102876582,0.743323186628218,0.127813588128384
0.923300009531755,0.18182579909319,18.5682441807088,3.32486383290931,-0.148185733405152,0.175516796137381,1,-0.0445870527440528,0.153096925392446,0.728911688100596,0.090766735827521,0.784168334167792,0.106772944596987,0.671338778183182,0.121515926893794,0.722003013310217,0.110939279044375,0.866497507075259,0.109216076099527
1.14860288834463,0.165821468017945,17.1749818362702,2.32953957199405,0.372048661420878,0.25441250945458,1,-0.16460894790596,0.177792354139776,0.851438655891565,0.0743120541347942,0.766380705625243,0.095183559320143,0.527033698890499,0.10347394032396,0.753597931641738,0.102246618677525,0.731107171895267,0.110387824920331
0.986040188890642,0.162495954660839,15.4391214214672,2.00405338739595,0.813028096714718,0.0790175132681749,1,0.0336469248829213,0.238167845876225,0.767977711983297,0.0833087149674018,0.750615675710551,0.0844129580324519,0.585203735757256,0.0951006337925886,0.697172669372688,0.0949587615451178,0.773054359001494,0.105480250928882
1.09140068939534,0.166590846889399,16.7811726081109,2.28488885996252,0.401832481342508,0.213722279262189,1,0.158099092328817,0.171147877800582,0.588723234865554,0.0872376908007478,0.698193859382378,0.0926268989543389,0.671844983164305,0.095713350522535,0.654833896721346,0.0943662101669523,0.724586399232035,0.100419814135889
0.916468079098552,0.148329956054693,12.470539588938,1.63812662188646,0.754872745500392,0.0784214493095027,1,-0.100057001130398,0.179069064669543,0.713690278464078,0.0780082656269336,0.567082417484639,0.0816966525404044,0.503534783250964,0.0826115502710319,0.562632543312068,0.104433267680962,0.463158570296206,0.123047248426949
0.917657177597943,0.159969371949144,17.165449073333,2.35092712926954,0.327245840946398,0.23357764237347,1,0.0993692277736887,0.169587713168259,0.831890180428836,0.0781531484657968,0.690850486390925,0.0908593565663788,0.871408895820458,0.0854960363677338,0.853785900721617,0.0996622734325572,0.637678917587093,0.105868082828878
0.741704908864046,0.16391879445943,15.2073729456041,2.33245617710777,0.290828515026962,0.258542181296441,1,0.00293396099529462,0.200511580235603,0.72482301543171,0.0865382442394603,0.699089421248482,0.0982649950053691,0.743513211565618,0.108434577072884,0.602306849440222,0.110364176867972,0.716234553624975,0.102729094323078
0.7895724565991,0.161690029914399,16.5255943951689,2.18548681974579,0.538053186833024,0.20475007348111,1,-0.124298775871902,0.185329893659078,0.649515019119833,0.092087676886839,0.753593520731713,0.0847149036904248,0.648675241043003,0.0939233805455224,0.824815862839411,0.0958673618664457,0.679664052348303,0.0977433858926429
0.936802894237483,0.162997403856841,17.1291823056816,2.60771275009362,0.208573245900446,0.255199831848853,1,0.32959626848863,0.166019695268241,0.61550987335316,0.0796825262615922,0.750884912908962,0.0999782591732633,0.771617853826993,0.101570007661465,0.649712925952371,0.109802576259159,0.778016974020301,0.113207132419148
1.1907592091661,0.197266182591662,22.44799732822,3.87187492559734,0.00496010608699391,0.204301039254,1,-0.271958626583771,0.183471939979252,0.88202705939148,0.0896552900380396,0.839751964025365,0.100112046604969,0.881221021629949,0.112089890602699,0.884028810417994,0.118958087374328,0.738529003942122,0.125923436840626
1.00742197381589,0.15499170274011,13.902207428181,1.96694911076812,0.0535612956122256,0.181654568484527,1,-0.0989918386606619,0.16465219569997,0.631643827222034,0.0792252508971179,0.648869634859041,0.0846560025691342,0.617672002527551,0.0946790482329295,0.70103360009443,0.0975085171931474,0.702192886805927,0.109483067999774
0.847229457929061,0.160484962629038,15.9182294864359,2.3308991858185,0.441912558729216,0.229416873226258,1,-0.047112143496427,0.202422013050065,0.710008489454269,0.0778322445537309,0.654959127001635,0.0852249647361872,0.636151931456873,0.10670750089357,0.837699244923125,0.105579190037187,0.70596113933754,0.115529088331601
0.975671115158846,0.156289904134408,15.0329518835393,1.93900507480941,0.612138968509305,0.170698708086123,1,0.00022108652866196,0.185351805067293,0.733123375556515,0.078100587404627,0.709579975199521,0.0845690164678027,0.648167664428877,0.0885745227325904,0.688240761615016,0.111394807117266,0.569406114671035,0.100131362959146
0.926906677238954,0.145289603405624,12.7388076237504,1.74748044728457,0.180010760708685,0.205745055782898,1,-0.243050593306883,0.158351928093914,0.722586739591438,0.075043669857049,0.626507318146156,0.0945872130622512,0.711336781899331,0.0871120411391314,0.62737537735205,0.106329067534845,0.723771378782089,0.111265781835654
0.933541456061243,0.174878381481121,18.4746196411127,3.12038240474775,-0.070700367334467,0.198839658983027,1,-0.0523551088853534,0.18157066761198,0.665055879041613,0.0959061901939215,0.579643358845965,0.102055288023153,0.870797724841168,0.108693274442982,0.816466567599361,0.110941577589175,0.685917323632321,0.126380184532337
1.21022776962398,0.172639247666032,16.7018677426972,2.57552278985995,0.2518104501197,0.286361876117163,1,0.357105935936249,0.18287549233583,0.726491782272485,0.0895895231200409,0.764793491384248,0.0957678031144613,0.5528667275829,0.113151336548117,0.81254728661532,0.104418635723798,0.750261148758793,0.110206427974
0.946901847907266,0.154222341243929,14.6122909232088,2.04276284927579,0.380397105777852,0.250993877749759,1,0.133115121326925,0.185014666955743,0.632821766688328,0.0792277721576555,0.752639425900901,0.0755810051075961,0.656085956483577,0.0999390566390931,0.653985058316398,0.106138865963916,0.706707038319963,0.10994298015476
1.12078877668985,0.170749327316247,17.0223834545648,2.56799029813611,0.131858254567028,0.217647316779408,1,0.146043206954946,0.19758505477068,0.709998205975865,0.0919661371452877,0.653023788570754,0.0912433142761736,0.739660595797316,0.0934470890431776,0.827607701529405,0.102528595422266,0.660313572485667,0.130452401278617
1.04212422811656,0.163830395924962,15.6474539232839,2.35352259291159,0.29458785134583,0.277510218855046,1,0.174590316484999,0.201504279252308,0.61114475384246,0.0893335138520125,0.744078905051264,0.0814605988911779,0.727705905161108,0.0969819335777643,0.582695328042139,0.104108406059705,0.807385541798142,0.108673810254202
1.19197848571331,0.165924754000287,15.6339270990098,2.26579175313534,0.249105080038143,0.236751783812923,1,0.191476273935949,0.162738369509822,0.682215319062115,0.089483248264652,0.636205147520053,0.0865025844235147,0.801021123620131,0.0897192028537341,0.63237507637227,0.0988546804938086,0.66096157783353,0.115192950415709
0.764977763333536,0.162446718211486,16.4477384207668,2.51227357897304,0.0192108036766429,0.197551417238125,1,-0.141349923304826,0.188789716207699,0.748478300973151,0.0889796411644466,0.717726937902201,0.0916005328748022,0.527009713893372,0.118069502116042,0.874782582920822,0.101874962260866,0.760142836641279,0.116118792400952
0.881325076031985,0.191210060899075,22.5076504961817,3.67440878549117,0.142928352118098,0.254534018582962,1,0.418791829557405,0.183372702113457,0.709633740390042,0.097635928278331,0.821248034802811,0.0996310329535564,0.798339877931901,0.100192607253121,0.715161437973863,0.123150727016238,0.634936631782895,0.125352449120046
1.02529518996972,0.171772213798192,17.0786611256717,2.79265095778351,0.330218044948384,0.300510765900103,1,-0.0157999776747063,0.186715730361314,0.674877480541233,0.0935417343653105,0.695898001588221,0.0960292989341372,0.784866849860306,0.0967885517904864,0.558683739927371,0.117985981431219,0.746365897549733,0.11037272484118
1.09641037275071,0.192664053722673,20.8409781996872,3.6148292904276,0.0409750265410778,0.218677222691399,1,0.0685229562616835,0.196781513022875,0.730785818222383,0.0971194973252954,0.708040886396987,0.108356096973159,0.825557260277964,0.105021439395947,0.894849328829272,0.108630715700108,0.774956646309178,0.11898503255047
0.724870631529393,0.15810283750492,15.841549564127,2.1080402965989,0.419301075378181,0.229380318890644,1,-0.240099300513761,0.158015011169181,0.719329472196455,0.0715234268923641,0.575445702802375,0.0989046518282896,0.56043183856869,0.101730128219422,0.682371531473417,0.0988341168955317,0.668567379454326,0.0935332278069851
1.06164459181714,0.160865783566513,15.991446920383,2.22722239847954,0.283691975655563,0.23592674595562,1,0.0703356767285424,0.188546858835834,0.556944730267995,0.0966066340098814,0.688570050694534,0.0843883051637525,0.750524387181783,0.094121934984718,0.579164159412134,0.100811267883919,0.62554002599553,0.0951726495675145
1.20626533465915,0.180708328785721,19.9385027315425,3.08434452214455,0.0309681602354607,0.211575992916987,1,-0.127502299098272,0.156016315904077,0.757026923717571,0.0880682052718664,0.929208728383582,0.0889473158862813,0.665330510877562,0.100415658568223,0.814637069385104,0.107904461431167,0.778786580508892,0.119129507773826
0.933052631912123,0.157114083842516,16.5942051325779,2.10471271331506,0.455551032099337,0.233093761576166,1,-0.181852852917329,0.170992246782013,0.775201806469978,0.0759516740061275,0.627679381272926,0.0769200103396292,0.839280089050204,0.0774526814003672,0.785373631778938,0.0987861337275322,0.767198094764282,0.106465586853281
0.974891068066056,0.162403913085667,16.7043372729868,2.28243208925279,0.31363405842489,0.234098183743799,1,0.0831267469328393,0.181586914426616,0.666555322195226,0.080931570688539,0.820699866096746,0.07717784320779,0.709451904756336,0.100717457547332,0.782935028315564,0.104426426745363,0.806438425657974,0.0997149196870303
0.93255041604214,0.14149340363266,12.6563533721047,1.57706962293415,0.627096110977065,0.135344175881687,1,0.22499673529791,0.186097687591555,0.620382460190858,0.0764772399505685,0.517581835457671,0.0762162652733912,0.595800501219996,0.0825218059037211,0.506218123665375,0.0957123027147152,0.594631354243596,0.112668756703229
0.764550031589525,0.149288174864151,14.0252594202385,1.79800183453843,0.518155775856382,0.195519319044568,1,-0.398020538358633,0.174770548937429,0.836228049584174,0.0740925219283834,0.580892814876272,0.0823872964979159,0.670245070528289,0.0836597891085068,0.670939334113436,0.112848963299075,0.763078121654107,0.100825236719145
1.13812534662665,0.175297660705165,18.1249311285526,2.66160339591559,0.294376480216191,0.270908165152842,1,-0.102347182904416,0.184702662734983,0.766324756845057,0.0820742181703184,0.695476656809874,0.102665209374356,0.579265012538752,0.105962118530368,0.820207326790971,0.0889968171422475,0.809024456592016,0.104643594951516
1.12857913819851,0.19278684653727,21.0073694477233,3.6475595561535,0.222427401723931,0.225547857447692,1,-0.0598615222411266,0.185989181981371,0.698805543356709,0.0917757920875191,0.847065447838947,0.0992205641035391,0.642908712453853,0.112582764648345,0.66634495758302,0.121579280480121,0.87990871028273,0.113891208476581
0.942260136277688,0.157900525838093,15.2050482907417,2.32399330641303,0.143418264667693,0.223191559898826,1,-0.423615595708763,0.158928875698748,0.760311547143661,0.0775152837966824,0.769298754956564,0.0940164600383258,0.832988318970443,0.117022383779213,0.577099455028628,0.129978293628176,0.718010321442951,0.117792904827339
1.11319963271552,0.186578442645587,22.1573043128562,3.2487948271897,0.302739321987117,0.243199715774664,1,0.232381722523226,0.200778032479164,0.61749836095341,0.0946872286334072,0.809547997164584,0.0801153293887868,0.705586504324754,0.109251632003857,0.885670218269859,0.107457392622256,0.775491123419092,0.111833168993626
0.798062593895113,0.155087229957908,15.0471890309013,2.3058366692444,0.326198192660612,0.242000396574523,1,-0.0369654703190982,0.195531431649672,0.608599816847359,0.0883107281939125,0.644553111566153,0.0945119786653544,0.59518828508601,0.0957352206819041,0.704349716377909,0.0960010156402215,0.590607650322419,0.122417764175946
1.07554893221939,0.171014200363425,17.3897382332351,2.32951876451331,0.620009795347677,0.155888613566277,1,0.129100611909061,0.195571066949268,0.581973126316103,0.0832141132334143,0.862704916395565,0.0877449437810635,0.773003923733812,0.0835499207408951,0.683005156587538,0.107767554322694,0.68226525779615,0.107177166438318
0.901067992655012,0.154131209070416,15.2033412148451,2.03062720249041,0.35513609298442,0.201000659429752,1,0.150789329563661,0.175794741065592,0.602870979395405,0.0816025176425256,0.655195013391513,0.0919914234153889,0.62697681563532,0.0846551012066827,0.667412541973353,0.0934881419869038,0.619003751739427,0.117266205295286
1.13495144829004,0.179980313373256,18.6870501803212,2.93382544341465,0.0383781315371984,0.201287389698183,1,-0.0252654029844686,0.192644629988389,0.79851348405432,0.0965161536718668,0.744769674159747,0.101939592286405,0.781526444853014,0.103317888784123,0.682776588694467,0.109163076433394,0.773265547595689,0.102573264858634
1.08790945010446,0.163619972610399,15.647119009827,2.36751240832698,0.23188793980472,0.224131684203838,1,0.0227489006624544,0.193986214781367,0.77904394715141,0.0973030823628816,0.646455680570901,0.0906592407994737,0.725531207577991,0.100086912331929,0.62784214748927,0.102082423047373,0.764378521442922,0.110557104309761
1.348762040417,0.177803320810145,18.7705927807279,2.49549452814982,0.752176024660105,0.107237808378269,1,0.277391920971629,0.212243870645556,0.64514702836036,0.0864919495025825,0.747595298758675,0.0881892196637092,0.837928055621149,0.0818738557899397,0.845364750569156,0.0964849283578673,0.793806969351792,0.0934642720541549
0.962515483917765,0.158328192630597,13.5758877181437,2.11287763411059,0.155130382416826,0.21438828805044,1,-0.0275503631434057,0.171926058996398,0.620329125436643,0.0841744040730571,0.705211387919645,0.099516148638344,0.640855413252398,0.0951010670398575,0.635533592243768,0.112702835327799,0.576998417943154,0.11879369448556
0.801717845197869,0.155274502890857,15.1413657484605,2.26530747891352,0.374125464385297,0.250845528073593,1,0.271465575666025,0.189444909698469,0.555009311100828,0.0849361665433001,0.715076373266611,0.0909249546166427,0.575235960383519,0.0980245176812908,0.653109421298677,0.0969430966509971,0.720574657383587,0.126787703875425
0.900849847837747,0.167489438649046,18.3239096209116,2.27217145377896,0.427631692994341,0.222458281891778,1,-0.0150355471737982,0.195457705284642,0.710639624351079,0.0896258997594799,0.66106809885739,0.0856593359979623,0.778199664776999,0.0869172261634993,0.71374917900493,0.0861929660026256,0.859607007134612,0.0808258467512849
1.27389433645141,0.192272536570856,21.6348453985495,3.34923175845658,0.201759592349457,0.207157283429708,1,-0.0537507988324524,0.193955220754726,0.84060507575674,0.0943462852556988,0.890622379863243,0.0955560882852699,0.840744943541187,0.106829341673872,0.901874380343158,0.0993365825503911,0.740437327038631,0.110453101502899
1.01938369115334,0.147492590389339,14.464692700846,1.85002019606465,0.509250244319903,0.20247072220424,1,0.265103007828968,0.188171022019119,0.546610597655856,0.0738435972559144,0.656637225391923,0.0885639120032808,0.518461732411323,0.0987661365851048,0.709339468490129,0.0899785688036818,0.734417716047745,0.0992789943426961
0.770995447807079,0.156670011970771,15.7428624163326,2.14223458998015,0.517084475527515,0.262947360033326,1,-0.125960389146018,0.214415011677143,0.718933134443875,0.0960919723919666,0.74940714810071,0.0814263404786447,0.693937580606111,0.090032680757515,0.634709305450083,0.0940920814915123,0.66731325530414,0.108941527896231
1.13613276997526,0.16798339265427,17.015700823752,2.38145275886614,0.384652642982481,0.239015147383576,1,0.344669369304997,0.175008155333262,0.679386827434273,0.0888104807837735,0.49052587871548,0.0895527455744955,0.879602229311653,0.082020899906701,0.632268387706674,0.104423297202582,0.897086832870897,0.106587295678957
1.08435741182276,0.154281946687763,14.0468068898852,1.80458505831645,0.589106609277579,0.179229458529453,1,0.0646602674853973,0.171062932628047,0.732639062815484,0.0745657142859044,0.710062488018122,0.0838751744041952,0.652763090171169,0.0950546832968169,0.691489142012182,0.100385461604397,0.430723515032221,0.104320228439189
1.10988532589238,0.183781130377023,18.0495345920989,3.23445634389708,0.119610218430796,0.247801685703865,1,0.050193073238123,0.167533457148746,0.805297377722421,0.0977038786882576,0.679672219764474,0.10506434384205,0.73573831466122,0.107003959120424,0.755949747241377,0.123374147859127,0.656290067824605,0.138594151704499
0.740814114094354,0.177973999754477,19.1658447393102,3.33895952658786,0.0196111174432791,0.207038896283433,1,-0.26675595147048,0.168182826246529,0.634923670313624,0.100185785256142,0.893428783715674,0.101902289133346,0.752367183649074,0.128430242115707,0.724197350894634,0.115208914868386,0.565306618873561,0.133909024225699
1.21312536808257,0.168489202040904,15.2977340190193,2.35433305328044,0.236711049648981,0.256249171479939,1,0.199696614272409,0.179977628470659,0.652142974374579,0.0947054783993204,0.698493398669501,0.0903053654365323,0.617364439962753,0.107193442286655,0.774531861684519,0.107217845015441,0.801977419460476,0.110409926691738
0.918900614576357,0.145454853773029,12.3177402896569,1.9044797263093,0.311958963332882,0.248380721488044,1,0.0782509744001101,0.163770442884695,0.538310561999535,0.0980746509339841,0.740579639666058,0.094586645114943,0.729375955109665,0.0990571881174344,0.648242458130086,0.0954415723221738,0.687823900780079,0.102212247552098
1.29505439594313,0.189400997758158,20.9602441144684,3.17096756788988,0.224759130171933,0.258087100702575,1,0.025252379357949,0.19288070606957,0.859485393003878,0.091585401309629,0.900327541259824,0.0927233387485476,0.721393021448799,0.0939111575522605,0.829191401047602,0.107601722076452,0.767968248071191,0.113519795985126
0.831867396766229,0.144474038625495,12.7898768540427,1.70643726951274,0.454671810962724,0.259122066306196,1,-0.164119527403103,0.170608930912776,0.711192601124038,0.0752909103425017,0.551390565525908,0.0930930466126688,0.723757722409012,0.0919148970327745,0.589461213178532,0.0932452717574655,0.748537222734582,0.110511892143372
1.18941473864314,0.17832161673202,19.7694744751012,2.82795073187298,0.405674029624198,0.262956484900877,1,0.084155377637445,0.208023474003505,0.694917600203732,0.100017912062774,0.760718384246808,0.0976890874391199,0.628430575945457,0.0951092732974745,0.736877137154923,0.0961195118511478,0.791441935889207,0.104295186122659
0.918356041724214,0.170722795524418,17.0028800143335,2.49954810468836,0.0632328053049759,0.204823268333567,1,-0.327571331888249,0.183568921599862,0.840902012644048,0.0770349554658929,0.608611156150562,0.101704198599317,0.642260815632048,0.105659041640307,0.796838285854198,0.0982300857013906,0.723581121843248,0.116164547003569
1.10204887565707,0.166526665417809,15.9934737178129,2.38268438766248,0.0434267693281597,0.206639936779284,1,-0.182334006474764,0.174056297740301,0.804728592558921,0.078684767949744,0.7394064848689,0.0945499614613779,0.661307903955021,0.0982913700827199,0.770225261925444,0.107691888888277,0.764587944006618,0.129194576942944
1.0221843620278,0.17187350324683,18.1286484101136,2.70524984649285,0.0861053175220018,0.206579060279684,1,0.0465944511100942,0.161593464067679,0.726217334306461,0.0793225659128133,0.746592744635182,0.0941970043395669,0.639837051947255,0.108231671881091,0.636595476934546,0.112156227798284,0.73133102782871,0.114347311115664
1.08424044214389,0.150933039168939,14.4186300530066,1.93477599063164,0.518885923188425,0.194706673637666,1,-0.0113413528944432,0.17916131577322,0.691801384361319,0.0738350004724173,0.69554072847684,0.0825468236605285,0.761053786559875,0.0825378330363483,0.540836737403198,0.0930494724730657,0.599807429127067,0.102475514914845
0.871911731866231,0.14986827412404,14.3537974244038,1.8294756933056,0.623493020003815,0.142094618247052,1,-0.0624427179106541,0.163694844934374,0.613790755213683,0.0750582055657749,0.824637978533892,0.0748928035416261,0.50417254809824,0.100018409667579,0.673889085468715,0.102761010933813,0.631058035905671,0.107520779376568
1.23416314323573,0.178673658939257,17.7136345659707,2.70499212660635,0.23232679271342,0.254960458709923,1,0.149758055359427,0.202354208635574,0.690321733953039,0.101042760234156,0.726532068134648,0.0938508969883703,0.781092199917566,0.0922575512882644,0.776846364237789,0.0950720044038658,0.716093124236379,0.117606795164254
1.04799549720898,0.177217087687418,17.8749696472876,3.11240365315302,-0.0370425067350061,0.20206141507496,1,-0.199046300407852,0.193587987039226,0.781466164253705,0.0978469869341449,0.721464043286544,0.110073215425156,0.699263864620817,0.101296771124279,0.778000826336749,0.119719359026168,0.818494763505961,0.116352179568866
1.19645488405314,0.159396673224108,13.8675792756099,2.04767181834362,0.245043441910501,0.195978946678653,1,-0.180838992665956,0.186040218355839,0.662901480873665,0.0777354795473903,0.723638898841555,0.0843392354294248,0.679161758159898,0.0947998260192154,0.692802643796548,0.115164489868277,0.625860005669756,0.118295684960535
1.35789880166318,0.19163607538616,19.4564047542889,3.23135291527742,0.0508096333986765,0.207502329256203,1,-0.046715734481468,0.154019853411964,0.776444838936839,0.0842877274368568,0.727759426668947,0.116203107119611,0.901791011135735,0.0987356219784733,0.776113661094421,0.120575177505338,0.779642413266073,0.111784192628615
1.2314234648066,0.171943184716512,17.3657330840796,2.61221264760963,0.193071929501625,0.240295443049491,1,-0.0497048819182518,0.183225559355649,0.808662364874088,0.0865268988682743,0.776420803073931,0.089976735474206,0.756064910484224,0.0984760787883163,0.830220220170286,0.0931939504618813,0.578758380044986,0.119475885831095
1.08804867656204,0.19924566183588,24.0504976645583,4.00491375481549,-0.0440457995693275,0.220362615400319,1,-0.524847769056827,0.184600673943831,0.948290070307369,0.0912448124593305,0.943656076983466,0.0952994147958302,0.698886728398184,0.109440901598734,0.817771149870809,0.116489792961784,0.713952214839674,0.114143685481401
1.05502536582113,0.159277954997792,14.5645906063149,2.04471959844852,0.433224661400344,0.250584528961266,1,-0.156317607944554,0.161821421808657,0.658721518178476,0.08458872103744,0.807421237744295,0.0839032481397616,0.511004828374117,0.0994889803219068,0.603382572067892,0.103365559718607,0.713120250596924,0.090459617017359
1.21134907011904,0.161028870856207,15.2624193878445,2.13096345590578,0.447014672922824,0.220273607612112,1,0.358594395454999,0.172340590366368,0.691300507591717,0.085462140255616,0.486800226865733,0.0974768791801497,0.66183346013389,0.103535942489618,0.752524819725772,0.101735983469436,0.521851409167877,0.099363722066072
1.14758198770734,0.196736866847533,21.1538814003088,3.66899039855118,0.154116784488951,0.270629928383752,1,-0.110596187370712,0.202706222771476,0.823275278301918,0.0927101669741471,0.830996651310859,0.0950824477771682,0.790869189281259,0.110020900040475,0.699983438648316,0.114563110262961,0.781601695753339,0.134134190925651
1.01565893890735,0.153900238318292,15.0741290912941,1.98059563111272,0.515833427378942,0.206922539939297,1,0.146413521150164,0.182016922474496,0.639717270099299,0.0829147447345357,0.607168250817433,0.0875308129799744,0.81962283327844,0.0813364491895147,0.583951337786222,0.093527462184362,0.734533493341838,0.103696391227265
0.835832240811836,0.157600129809669,15.1012087165573,2.16807143383247,0.386314691753366,0.277035377987262,1,-0.0417577155911576,0.201120927555211,0.717038334770639,0.0834226382424001,0.722006096911055,0.0897777077926382,0.530154198549529,0.102864822724463,0.669962528615977,0.102537471179103,0.789107182326485,0.113857904929417
0.956802307495925,0.160209529731604,15.6934684981384,2.13891815355653,0.497825841081658,0.153181803228748,1,0.330583900766764,0.197312154333419,0.573818226261608,0.0917759699056282,0.725569405110788,0.0800818773818914,0.765702165130705,0.0927832823778435,0.676505957326007,0.104915842528196,0.62087470284007,0.111673096155225
1.06465312228676,0.183143052132148,20.5206003573501,3.18458853076902,0.0578546931105721,0.205019779527143,1,0.0891742104760371,0.184782977166969,0.740714960773262,0.0879500918239684,0.870767497223227,0.0969840085517555,0.715351557488708,0.100492715251869,0.676853289996439,0.109337181661372,0.929559452449672,0.113175978542475
1.16786363627882,0.158081192759243,14.4314065132337,2.17546154816096,0.156243079762218,0.224392147171387,1,0.2958578549931,0.168938914150938,0.631709235825898,0.0954067687703811,0.710311124793733,0.0889004116911541,0.724579872190335,0.0886575364094543,0.742588466780369,0.107086832008243,0.833215573079281,0.110673929492158
0.830748773455608,0.150612612190088,13.1930277041275,1.95762891650816,0.285000403793357,0.226432557142637,1,0.0171502380354897,0.176448744078482,0.625808183630759,0.0840391527455176,0.75950025564152,0.0918987399441988,0.603479469567011,0.104759917934548,0.649097715707161,0.0974089841985818,0.663686431978043,0.114499341525338
0.948234587609124,0.155768945463081,14.3362533232574,1.97363552049337,0.753259179926589,0.0951332398622938,1,-0.0746722840401672,0.203896872689255,0.700006317252746,0.0852466782769589,0.748357370015717,0.0869859652242581,0.713393747710897,0.0927491018975375,0.590718265766031,0.110976775782378,0.717229173398968,0.0894822974965359
1.1224329421253,0.149655171447645,13.7203905552783,1.89328461103482,0.400008732766413,0.272226912336591,1,-0.0680530750268974,0.193242148094572,0.807784319717834,0.0909785827630285,0.700316537088053,0.093537578329512,0.69479777388953,0.0899781032413513,0.727617224713055,0.0967432113890965,0.65497177262361,0.100722915593495
1.30660200877671,0.156203010715271,14.6841667927946,1.79253305562952,0.578946049719181,0.190096683887015,1,0.0763904895311145,0.180408238166955,0.686636401989045,0.0735932341608653,0.704441030279566,0.0747044154457984,0.720416955066216,0.0825686290147571,0.644626689765187,0.0835827606757218,0.60643068784335,0.103644008346853
0.950165173465888,0.159536427580713,15.8502675017175,2.36008037201627,0.414124001814264,0.312935267748069,1,0.432617307097153,0.197836564614199,0.467950654516312,0.0977474968995413,0.69171289365654,0.09825138464218,0.717573758987695,0.0891916292849234,0.611711311251507,0.0969939028073616,0.521680768368786,0.110753065328782
0.8604421939116,0.166206403583423,16.6690096617546,2.45017721687892,0.342946589792665,0.300054725937934,1,0.113016115513202,0.188093729435043,0.625328249004129,0.0870612478891603,0.783325545405651,0.087514767494098,0.802056094374379,0.0967588787481407,0.648968329328884,0.0974730709815556,0.573354304603355,0.128964355200612
1.31583650480575,0.191208991510981,19.6778885225851,3.12393209688935,0.221035169361544,0.248972480123487,1,0.0166003433357208,0.178000478717109,0.676083986102733,0.082618885814715,0.872253081767788,0.0985280754363782,0.746325392823521,0.103284975932999,0.771565105469807,0.118308909268462,0.841859104185839,0.115944221353499
1.06795724811491,0.149750762833994,12.6436162523197,1.85204845986097,0.277796015899041,0.225098346323432,1,0.252831212513112,0.169266750274319,0.644264759305536,0.0842850769329522,0.651880360619163,0.0958678168633526,0.57857697847181,0.10351762824134,0.636099589309066,0.111697594945326,0.453194594833118,0.112650773015446
0.81028588353765,0.158720686960182,16.8109532379915,2.39478408043811,0.217935822634954,0.249817217651243,1,-0.0251048045899381,0.169686348545861,0.612517448175752,0.0874738443249841,0.684734297107466,0.0923608393574878,0.726722174234649,0.0897156856329876,0.634909768999106,0.100937123781332,0.743014449005908,0.114144954349599
0.855760384382991,0.163400540716647,17.0639008791488,2.22085394262743,0.45079733114017,0.201418786873464,1,0.11325195169841,0.190270413992355,0.761720734047163,0.0775605152422375,0.767582910235536,0.0756733057782114,0.639958747651747,0.0933567200929232,0.605566992718591,0.0936412399152852,0.786420277026903,0.112679884208143
0.989175816612605,0.166959604001088,18.1462744840993,2.45517186398589,0.541027809172583,0.19583985102976,1,0.0683098546116292,0.18876526124637,0.677370548592019,0.0962232381478386,0.758943557326708,0.077800413390006,0.821323137740223,0.0871282328574852,0.781390111229183,0.0846921318463407,0.621432467677788,0.102421116983171
1.17365784571748,0.17647503023841,18.8080062311517,2.40647980257087,0.688665407328468,0.122469720306928,1,0.233551143387459,0.186964057838014,0.741979870125607,0.0730168229232543,0.545019842685493,0.0900626277963539,0.76140968248836,0.0926426913292774,0.904062834496134,0.0927308176854406,0.719199802833319,0.116554776949735
0.940318197550338,0.160095294845175,15.5316134198544,2.25584010023224,0.362564843447177,0.266190741372374,1,0.0907602686834972,0.170285134163033,0.562976445847784,0.0956823819923958,0.64215760268946,0.10098924264571,0.741436833872685,0.0963136587461803,0.75514804118606,0.09753539600492,0.731760936813258,0.0945472308684299
1.27698979821824,0.172482271484,17.1019237572364,2.68466194603038,0.0821897895122587,0.220473397282428,1,0.153680785990357,0.174873339150745,0.694724799416155,0.0933020450816622,0.755051129119728,0.0965600520893175,0.769368273710712,0.0955029773032488,0.807852450422969,0.100851819177131,0.774378281445794,0.104679245175343
1.12080077789607,0.17492170279823,16.5888620891774,2.69384564787258,0.039730397721345,0.205959698531525,1,0.0408830554840671,0.166887426165397,0.644071055817058,0.0864111499299946,0.664433231961349,0.106757751812841,0.726900259987717,0.0979565549838209,0.683289889573484,0.114999712823634,0.635794342682912,0.128976692672223
1.10906964228242,0.161856377830963,15.4897390394768,2.25488770984971,0.284928924614626,0.261950765189434,1,0.306414433978155,0.197290132887793,0.691227303660227,0.0837457165625409,0.824396744258185,0.0901737734953904,0.51534731759411,0.105176623728117,0.656133767069135,0.107283986633276,0.806052417520545,0.10323324736824
1.04175120567807,0.18050597392604,19.5217772538506,3.07663317632579,0.132769355735654,0.233737172494744,1,0.0245055422744119,0.159299361076534,0.801023726057932,0.0865602178352607,0.754641864245305,0.0931970579077972,0.902220542565795,0.107994075106303,0.764241622972525,0.114932994735198,0.807443542806287,0.113914689262191
1.1183711296797,0.165411929354876,16.3150290771824,2.45194581205346,0.170958922339746,0.218449944637334,1,-0.0527521886472936,0.175588039293446,0.801509676407424,0.0829413422537534,0.793688138392575,0.0853304601145169,0.780326948451257,0.0988118559301254,0.540495395905417,0.115232647472992,0.88011056876967,0.112323851537658
1.01517291356451,0.165572592745034,17.2662048018959,2.47987462270459,0.31220098940704,0.23035649970166,1,0.0110345195303505,0.170559012096701,0.712899509256042,0.0841842058600078,0.724891775437471,0.0942947411097315,0.709478738467991,0.09733408374762,0.749803711300232,0.0995510030285643,0.714715163626418,0.105384592101959
0.791212582284214,0.15508295305292,15.2834338469664,2.25084182287087,0.229959983026629,0.236698501888438,1,0.183428901338993,0.160934653037142,0.632375892702219,0.0913006476553673,0.720267903727507,0.0793385752456543,0.673393110642762,0.104654073628309,0.626214898553356,0.107848409966684,0.54367201589384,0.118168743543434
0.880192502061545,0.17446778438832,19.36534842737,2.96704517303145,0.101566695901169,0.216826357974651,1,-0.113750960489674,0.152658772727155,0.769567988416933,0.0903443766674436,0.797885296325092,0.0891391683623167,0.568809681399065,0.128677922539456,0.746238293236565,0.106866998118514,0.694669746864812,0.123047913380538
0.82135226321784,0.149618503822128,14.2466049226828,2.12497303168111,0.180644891930755,0.227207577980406,1,0.0431769365782194,0.165346277509768,0.612568831168789,0.0872683715572705,0.693079586667819,0.082374876555186,0.652374666723335,0.0955511299665786,0.579212724325638,0.111768887464742,0.724969114596716,0.109783003960418
0.855303433199527,0.156869553255496,15.6888701829087,2.10957503036328,0.408393880146278,0.234271493397627,1,-0.217519435537476,0.18857214150494,0.609172310792118,0.0937338639206916,0.788487619545927,0.0805314645406348,0.574118842454128,0.101643101244368,0.656565964925205,0.109104940013444,0.599515692059092,0.10319239624524
0.6498041978404,0.159320715929856,15.6297964230016,2.48350379604948,0.217271914038949,0.262046886750007,1,-0.0796211166521803,0.173029980760519,0.665009986570505,0.0806170303545824,0.629307147160901,0.0924167850753483,0.819578786071867,0.113161346754615,0.633457127519508,0.122703015226438,0.701017838579324,0.134893882048939
0.862132374743189,0.175746692398687,18.0227729569909,2.86298351763895,0.250862393429581,0.248113366708533,1,0.154473532824094,0.198305628323194,0.659911499636561,0.0858063003821782,0.702887018816748,0.0968486666583743,0.615307411137709,0.116559350193558,0.807316910375709,0.0999043613079198,0.717574115980421,0.110146038014983
